100,[-0.9587,-0.0157, 0.0142, 0.3924],[0.4117,1.8411,1.0216,0.448 ,0.8547],[-0.9569,-0.015 , 0.0147, 0.4021],0.2918
101,[-0.9588,-0.0424, 0.0686, 0.398 ],[ 0.2892,-0.5043, 0.9294, 0.2386, 0.122 ],[-0.9569,-0.0477, 0.0733, 0.4089],0.2643
102,[-0.9587, 0.0258,-0.0685, 0.3925],[ 0.0789, 1.0585,-0.5269, 0.1889, 0.5836],[-0.9567, 0.0355,-0.0748, 0.4033],0.2693
110,[-0.956 , 0.0856, 0.0014, 0.3838],[-0.0162,-0.0282, 0.6936, 0.2089, 0.3608],[-0.9546, 0.0632, 0.0096, 0.3969],0.2926
112,[-0.9576, 0.0853,-0.103 , 0.3932],[ 1.313 , 1.0674,-0.2089, 0.5047, 1.0896],[-0.9557, 0.0856,-0.0996, 0.4038],0.2423
120,[-0.9579,-0.0651, 0.0392, 0.386 ],[ 0.2571, 0.3374,-0.1502, 0.0704,-0.1975],[-0.9563,-0.0536, 0.0211, 0.3907],0.2851
121,[-0.9589,-0.0987, 0.1127, 0.3935],[ 1.2788,-0.5506, 0.9837, 0.6674, 1.3276],[-0.957 ,-0.0972, 0.1065, 0.3993],0.2302
141,[-0.9596,-0.1742, 0.1635, 0.3827],[-0.1965, 0.132 , 0.2101,-0.0865, 0.601 ],[-0.9584,-0.1625, 0.144 , 0.3958],0.1835
200,[-0.9628,-0.0103, 0.0109, 0.2987],[0.5   ,2.3255,1.1877,6.7177,0.7263],[-0.9614,-0.0108, 0.0129, 0.3095],0.2732
201,[-0.9627,-0.037 , 0.0794, 0.288 ],[-1.0029,-2.0064, 1.1593,-0.944 ,-1.2376],[-0.961 ,-0.0494, 0.0917, 0.297 ],0.2407
202,[-0.9609, 0.0311,-0.0754, 0.3032],[-0.8328, 1.3874,-1.5548,-0.784 ,-1.1134],[-0.9592, 0.0431,-0.0858, 0.3128],0.2523
210,[-0.9624, 0.0706,-0.0358, 0.2844],[-0.8287,-1.5626, 1.0735,-1.2996,-1.0936],[-0.9613, 0.0559,-0.0184, 0.294 ],0.2638
212,[-0.9612, 0.1029,-0.1064, 0.287 ],[0.4975,2.6133,0.0222,1.9946,0.1306],[-0.9599, 0.0995,-0.0999, 0.2975],0.2214
214,[-0.9595, 0.147 ,-0.1798, 0.2784],[ 0.3033, 2.7349,-0.5937, 0.116 , 0.0854],[-0.9577, 0.1505,-0.181 , 0.29  ],0.1759
220,[-0.9606,-0.0691, 0.0377, 0.3021],[-1.6679, 0.9314,-1.649 ,-0.7489,-1.0232],[-0.9594,-0.0564, 0.0222, 0.3118],0.2699
221,[-0.9619,-0.0943, 0.1047, 0.2921],[ 0.8717, 0.5035,12.465 , 4.5854, 0.9324],[-0.9605,-0.0934, 0.1007, 0.3035],0.2216
223,[-0.9631,-0.1438, 0.1778, 0.295 ],[ 0.4313,-1.031 , 2.6049, 0.2345,-0.2396],[-0.9613,-0.1478, 0.1798, 0.3044],0.1655
232,[-0.9592, 0.1805,-0.1493, 0.2964],[-0.512 ,-0.3513, 0.8348,-0.1039,-0.7482],[-0.9586, 0.1653,-0.129 , 0.3067],0.1877
234,[-0.961 , 0.2016,-0.2141, 0.2799],[ 1.9033, 2.2534,-0.0226, 1.5132, 0.2564],[-0.9597, 0.1979,-0.2075, 0.2907],0.1394
236,[-0.9597, 0.244 ,-0.2832, 0.2764],[ 0.5285, 1.3771,-0.3626, 0.4408, 0.9424],[-0.9578, 0.2449,-0.2817, 0.2822],0.0966
241,[-0.9591,-0.1765, 0.1407, 0.2718],[-0.6024,-0.2005,-1.0461,-1.0158,-0.7573],[-0.9588,-0.1607, 0.1202, 0.2769],0.1927
243,[-0.9617,-0.1988, 0.2098, 0.2816],[ 0.4516,-0.4173, 2.2603, 2.4709, 0.2698],[-0.9604,-0.1947, 0.2028, 0.291 ],0.1405
300,[-0.9667, 0.0019, 0.0024, 0.1767],[ 0.3284,12.1686, 2.9091, 1.1627,-0.7953],[-0.9658,-0.0015, 0.0098, 0.1858],0.2572
301,[-0.9645,-0.0397, 0.0757, 0.1862],[-0.9871,-1.4784, 2.6244,-0.6137,-1.4719],[-0.9634,-0.0519, 0.0879, 0.1939],0.2328
302,[-0.9642, 0.0348,-0.0752, 0.1699],[-0.7772,-0.2563,-2.8535,-0.7715,-1.8876],[-0.9631, 0.0469,-0.0833, 0.1788],0.2372
304,[-0.9605, 0.0388,-0.1722, 0.1459],[-0.4849,-0.3648,-0.4581,-0.4002,-0.6416],[-0.958 , 0.0744,-0.1964, 0.1608],0.1994
310,[-0.9668, 0.0686,-0.0385, 0.1872],[-1.656 ,-2.5358,-0.2311,-1.8734,-2.9349],[-0.9661, 0.0537,-0.021 , 0.2008],0.246
312,[-0.9665, 0.1004,-0.105 , 0.1775],[ 0.5214, 1.6269, 0.4454, 7.4352,-0.4542],[-0.9656, 0.0979,-0.0994, 0.1913],0.2021
314,[-0.9636, 0.1477,-0.1832, 0.1779],[ 0.041 , 3.3475,-1.1462, 0.7247,-0.7803],[-0.9621, 0.1546,-0.1882, 0.1902],0.1569
320,[-0.965 ,-0.0772, 0.0305, 0.181 ],[-1.4691, 0.4078,-2.5856,-1.3008,-2.7573],[-0.9644,-0.0578, 0.0101, 0.1941],0.2524
321,[-0.9658,-0.0926, 0.1035, 0.1915],[ 1.3089e+00, 8.2942e-01, 2.9405e+00, 2.1330e+01,-6.2456e-03],[-0.9648,-0.093 , 0.1011, 0.2046],0.2061
322,[-0.9688,-0.0582,-0.0807, 0.1554],[-0.4097, 0.2916,-1.4362,-0.4767,-0.5124],[-0.9676,-0.0074,-0.1149, 0.1696],0.2238
323,[-0.9647,-0.1473, 0.1825, 0.1845],[-0.1326,-1.3409, 0.5962, 0.7573,-1.5434],[-0.9632,-0.1544, 0.188 , 0.1948],0.1533
332,[-0.9684, 0.1819,-0.1449, 0.1892],[-0.9001,-1.6409,-0.1071,-1.3256,-1.8614],[-0.9684, 0.161 ,-0.1191, 0.2019],0.1605
334,[-0.9662, 0.2038,-0.2169, 0.1771],[ 1.5933, 1.7471,-0.9938, 2.9361,-0.9966],[-0.9652, 0.2014,-0.211 , 0.1896],0.1195
336,[-0.9645, 0.2465,-0.2911, 0.1679],[ 0.8179, 3.5183,-0.6234, 1.1418,-0.2138],[-0.9626, 0.2517,-0.2941, 0.1807],0.075
341,[-0.9632,-0.1865, 0.1373, 0.1757],[-1.5383, 0.2828,-2.0665,-1.2733,-1.8399],[-0.9634,-0.1664, 0.1162, 0.1868],0.1761
343,[-0.9648,-0.2116, 0.2148, 0.1763],[ 4.4986, 0.1515, 5.8128, 1.6407,-0.2855],[-0.9641,-0.207 , 0.207 , 0.1879],0.1224
345,[-0.9638,-0.2613, 0.2878, 0.1552],[ 0.1642,-1.2781, 0.8328, 0.3559,-0.5786],[-0.9625,-0.2623, 0.2866, 0.1633],0.0738
354,[-0.9644, 0.2868,-0.2472, 0.1881],[-0.8389,-1.2023,-0.3392,-0.7813,-1.235 ],[-0.9653, 0.2683,-0.2215, 0.1901],0.0891
356,[-0.9618, 0.3184,-0.33  , 0.1778],[ 0.5038, 1.3618,-1.1027, 1.3423,-0.8153],[-0.9612, 0.3132,-0.3186, 0.1916],0.0447
361,[-0.9569,-0.3034, 0.1639, 0.1462],[-0.7356, 0.0638,-0.881 ,-0.3604,-0.9556],[-0.9598,-0.2695, 0.1457, 0.1592],0.1352
363,[-0.9615,-0.2938, 0.2366, 0.1635],[-1.7494,-1.0868,-2.2874,-1.821 ,-2.5985],[-0.9627,-0.2739, 0.2149, 0.1707],0.097
365,[-0.9589,-0.2967, 0.3054, 0.1457],[-0.1515,-1.0158, 2.6434, 1.7673,-0.8634],[-0.9583,-0.2927, 0.297 , 0.1585],0.0695
367,[-0.96  ,-0.3427, 0.3924, 0.1588],[-0.2193,-0.9599, 0.4719, 0.0275,-0.6446],[-0.9578,-0.3438, 0.3926, 0.173 ],0.0116
400,[-9.6973e-01,-4.5626e-04,-3.4028e-03, 6.6600e-02],[ 3.1405,17.1999, 2.2196, 1.564 , 0.1048],[-9.6936e-01,-3.9126e-06,-1.1216e-03, 7.8564e-02],0.2444
401,[-0.969 ,-0.0399, 0.0732, 0.0745],[-1.3056,-1.3968, 0.9654, 0.2646,-1.9616],[-0.9683,-0.0548, 0.0897, 0.0857],0.2132
402,[-0.9681, 0.0328,-0.0741, 0.0611],[ 0.5853,-0.013 ,-2.0618, 1.1789,-2.427 ],[-0.9675, 0.0482,-0.0859, 0.0729],0.22
403,[-0.9563,-0.0483, 0.1684, 0.0582],[ 0.0893,-0.1951, 0.0975,-0.0671, 0.1104],[-0.9538,-0.0846, 0.2171, 0.0445],0.2014
410,[-0.97  , 0.0677,-0.039 , 0.0633],[-1.6947,-1.3241,-0.1612,-1.2098,-2.361 ],[-0.9699, 0.0525,-0.0215, 0.0773],0.2315
412,[-0.9709, 0.098 ,-0.1058, 0.0625],[ 0.1345, 4.6578, 1.0965, 9.2432,-0.4346],[-0.9705, 0.0989,-0.1041, 0.077 ],0.1831
414,[-0.968 , 0.1449,-0.1858, 0.0657],[-0.8875, 2.2255,-0.5443, 1.0414,-0.8574],[-0.9668, 0.1572,-0.1956, 0.0783],0.1378
416,[-0.9683, 0.1542,-0.2812, 0.0161],[ 0.0016,-0.4649,-0.7104, 0.1239,-0.8991],[-0.9649, 0.1893,-0.3057, 0.031 ],0.0881
420,[-0.9669,-0.0787, 0.0258, 0.0592],[-2.0328, 2.6433,-1.7382,-0.251 ,-2.3961],[-0.9669,-0.0559, 0.0027, 0.0711],0.2442
421,[-0.9695,-0.1053, 0.1054, 0.0641],[ 0.6798, 0.4871,24.4462, 1.9821,-0.3647],[-0.9692,-0.1028, 0.0995, 0.0761],0.1877
422,[-0.9645,-0.0607,-0.0735, 0.0422],[-0.4347,-0.1279,-0.8979,-0.7729,-0.6975],[-0.9638,-0.0137,-0.1075, 0.0505],0.2376
423,[-0.9689,-0.1489, 0.1825, 0.0614],[-0.1868,-1.3521, 2.0487,-0.3376,-0.9894],[-0.968 ,-0.1591, 0.1893, 0.0718],0.1359
432,[-0.9665, 0.1837,-0.1442, 0.0607],[-1.4061,-1.4569, 0.1022,-0.8822,-1.8165],[-0.967 , 0.1662,-0.1249, 0.0743],0.1611
434,[-0.9721, 0.2052,-0.2181, 0.064 ],[ 0.399 , 3.2887,-0.0809, 2.1132,-1.6706],[-0.9715, 0.2064,-0.2166, 0.0765],0.0966
436,[-0.9636, 0.2465,-0.2992, 0.0519],[ 0.1787, 4.6634,-0.765 , 1.5646,-0.7141],[-0.9618, 0.2561,-0.3053, 0.0632],0.0712
440,[-0.9629,-0.1796, 0.0471, 0.0434],[-0.5581, 0.184 ,-0.7996,-0.5698,-0.8061],[-9.6426e-01,-1.3111e-01, 4.3543e-04, 5.7199e-02],0.2256
441,[-0.9648,-0.1913, 0.1369, 0.0569],[-2.1337,-1.2356,-3.3294,-1.9143,-3.679 ],[-0.9656,-0.1693, 0.1128, 0.0705],0.169
443,[-0.9674,-0.2193, 0.2187, 0.0618],[ 0.0302,-0.8114, 1.5426, 4.749 ,-0.8489],[-0.9672,-0.2162, 0.213 , 0.0757],0.107
445,[-0.9644,-0.2599, 0.2929, 0.0604],[ 0.7151,-1.2097, 1.6693, 0.1828,-0.8147],[-0.9632,-0.2657, 0.2969, 0.072 ],0.0666
454,[-0.966 , 0.2984,-0.2558, 0.0528],[-1.4562,-1.1205,-0.4503,-0.9081,-1.5976],[-0.9673, 0.2827,-0.235 , 0.0662],0.0723
456,[-0.9681, 0.3146,-0.325 , 0.05  ],[-0.3627, 0.949 ,-1.6826, 1.2956,-1.5139],[-0.9677, 0.3136,-0.32  , 0.0611],0.0267
458,[-0.9619, 0.3475,-0.4021, 0.0354],[ 0.7876, 7.3592,-0.6672, 0.6384,-0.9284],[-0.9598, 0.3528,-0.4044, 0.0496],-0.0017
463,[-0.9631,-0.2988, 0.2467, 0.0587],[-2.9057,-2.0751,-3.5244,-2.6715,-3.462 ],[-0.9645,-0.2823, 0.2295, 0.0705],0.0827
465,[-0.9646,-0.3176, 0.3215, 0.0528],[-0.8224,-1.3807, 0.3808, 1.1507,-1.9137],[-0.9645,-0.3147, 0.315 , 0.0664],0.0368
467,[-0.9599,-0.3489, 0.3916, 0.0682],[-0.1701,-0.8544, 1.3919, 1.2171,-0.5123],[-0.958 ,-0.3522, 0.3967, 0.0824],0.0059
485,[-0.968 ,-0.3955, 0.368 , 0.0308],[-3.2272,-2.9903,-3.4965,-2.8358,-3.7122],[-0.9691,-0.386 , 0.3558, 0.0425],-0.0184
487,[-0.9743,-0.418 , 0.4121, 0.021 ],[-0.3513,-1.5904, 0.5508, 0.238 ,-2.2441],[-0.9747,-0.4125, 0.4016, 0.0311],-0.0582
500,[-0.9709, 0.0024,-0.0042,-0.061 ],[ 1.5056, 1.9083, 3.1785,27.4758,-0.939 ],[-0.971 , 0.0039,-0.0064,-0.0458],0.2366
501,[-0.9687,-0.0417, 0.0701,-0.0642],[ 0.5143,-1.1923, 2.4187,-0.1211,-1.3448],[-0.9687,-0.0554, 0.0841,-0.0498],0.2139
502,[-0.9701, 0.0359,-0.0761,-0.0567],[ 0.0593, 3.4255,-1.5578,-0.5841,-1.5683],[-0.9699, 0.0554,-0.0955,-0.042 ],0.2052
510,[-0.9685, 0.0649,-0.0431,-0.0673],[-0.5017,-0.3681, 2.5629,-0.2564,-0.8341],[-0.9689, 0.0541,-0.0312,-0.0533],0.2328
512,[-0.9716, 0.0965,-0.1034,-0.0594],[-0.0299, 5.2635, 0.2417,10.5865,-0.5605],[-0.9717, 0.0992,-0.1031,-0.0443],0.1793
514,[-0.9703, 0.1418,-0.1881,-0.0499],[ 0.4733, 1.3054,-1.1852, 1.3571,-1.7294],[-0.9694, 0.1604,-0.2042,-0.037 ],0.1252
520,[-0.9689,-0.0814, 0.0305,-0.0536],[-0.8652, 1.2214,-2.1266,-0.7108,-2.1527],[-0.9694,-0.0584, 0.0085,-0.0396],0.2336
521,[-0.9704,-0.111 , 0.1062,-0.0619],[ 0.3789,-0.6624, 0.2947,21.9398,-1.1072],[-0.9707,-0.1087, 0.1021,-0.0468],0.1796
522,[-0.9698,-0.0627,-0.0749,-0.0361],[-0.2496, 0.1569,-0.3951,-0.186 ,-0.2867],[-0.9694,-0.0027,-0.1197,-0.0293],0.2134
523,[-0.9693,-0.1525, 0.1804,-0.0621],[-0.3695,-0.6445, 1.9668,-0.0602,-1.18  ],[-0.9689,-0.1645, 0.1912,-0.0472],0.1303
532,[-0.9697, 0.1831,-0.1473,-0.0443],[-0.55  ,-1.1517,-0.406 ,-0.4917,-1.2936],[-0.9707, 0.166 ,-0.1267,-0.0326],0.1485
534,[-0.9717, 0.2068,-0.2121,-0.0584],[ 0.9892, 0.5855,-1.1921, 2.6328,-1.6866],[-0.9718, 0.2094,-0.2116,-0.044 ],0.0966
536,[-0.9704, 0.2466,-0.305 ,-0.0418],[ 0.0998, 1.6544,-1.1901, 3.2977,-0.9685],[-0.9685, 0.264 ,-0.3209,-0.0279],0.0435
540,[-0.9666,-0.1843, 0.0405,-0.0571],[-0.2348, 0.001 ,-0.6711,-0.1863,-0.4645],[-0.9683,-0.1301,-0.0014,-0.0427],0.2115
541,[-0.9656,-0.1946, 0.1328,-0.064 ],[-1.9976, 0.6411,-2.3257,-1.5729,-2.7513],[-0.967 ,-0.1721, 0.1108,-0.0517],0.164
543,[-0.9672,-0.219 , 0.2151,-0.0633],[-0.2303,-2.2628, 0.6964, 0.7609,-2.4429],[-0.9676,-0.2176, 0.2099,-0.0494],0.1065
545,[-0.9643,-0.2621, 0.2915,-0.0669],[ 0.1057,-0.597 , 0.7238, 0.8376,-1.3053],[-0.9635,-0.2707, 0.2982,-0.0523],0.0634
554,[-0.9701, 0.2907,-0.2629,-0.0538],[-0.6916,-0.5883,-0.2561,-0.1498,-0.7936],[-0.9712, 0.2829,-0.2535,-0.047 ],0.0544
556,[-0.9649, 0.3252,-0.3349,-0.058 ],[-0.1524, 1.0125,-0.6264, 2.7402,-1.4514],[-0.9647, 0.3281,-0.3346,-0.0435],0.0229
558,[-0.9681, 0.3338,-0.4021,-0.0203],[ 2.3734, 2.6641,-0.9264, 3.2972,-1.0948],[-0.9657, 0.3448,-0.406 ,-0.0056],-0.0137
561,[-0.9663,-0.2915, 0.1607,-0.0386],[-0.6167, 0.2081,-0.4939,-0.073 ,-0.6464],[-0.9697,-0.2466, 0.1155,-0.0242],0.1246
563,[-0.9644,-0.2997, 0.2456,-0.0702],[-4.507 ,-3.8901,-4.3514,-4.0574,-5.2118],[-0.9664,-0.2852, 0.2284,-0.0572],0.0766
565,[-0.9636,-0.3169, 0.3207,-0.0689],[-2.5547,-4.1483,-2.4773,-2.1003,-4.4212],[-0.9638,-0.3186, 0.3186,-0.055 ],0.0358
567,[-0.9702,-0.3691, 0.3989,-0.0696],[-0.0754, 0.3138, 1.2079, 1.4162,-0.9763],[-0.9691,-0.3769, 0.4052,-0.0545],-0.0332
585,[-0.9604,-0.4117, 0.3738,-0.0151],[-4.416 ,-4.7413,-4.5956,-4.4228,-5.8039],[-0.9621,-0.4064, 0.3647,-0.001 ],-0.013
587,[-0.9729,-0.412 , 0.4214,-0.0378],[-1.8674,-2.795 ,-1.6814,-0.5386,-3.6236],[-0.9728,-0.4147, 0.4197,-0.026 ],-0.0614
600,[-0.9688, 0.0109,-0.004 ,-0.1871],[-0.3911, 0.4231, 3.6331, 8.1555,-2.8518],[-0.9695, 0.0084,-0.0027,-0.1718],0.2427
601,[-0.9678,-0.043 , 0.0698,-0.1906],[-0.0075,-0.5229, 4.76  , 0.1424,-1.2741],[-0.9683,-0.0562, 0.0819,-0.1753],0.2156
602,[-0.9689, 0.0405,-0.0702,-0.1765],[-0.6846, 1.5063,-1.2478,-0.4806,-1.8628],[-0.9693, 0.0579,-0.0904,-0.1614],0.2084
604,[-0.9648, 0.0412,-0.1758,-0.1903],[ 0.0401, 0.0131,-0.2833, 0.0117,-0.2158],[-0.9635, 0.0875,-0.2065,-0.1765],0.1711
610,[-0.9676, 0.0624,-0.047 ,-0.1893],[-0.4677,-0.3904, 1.8959, 0.9201,-1.3692],[-0.9684, 0.0555,-0.0388,-0.1748],0.2315
612,[-0.968 , 0.0939,-0.0946,-0.1877],[-1.3816, 4.3913,-0.794 , 4.1976,-2.488 ],[-0.9688, 0.0954,-0.0938,-0.1724],0.1944
614,[-0.9686, 0.1475,-0.184 ,-0.168 ],[ 0.2668, 0.5167,-0.9279, 1.7919,-1.1609],[-0.9684, 0.1641,-0.1964,-0.1544],0.1298
620,[-0.9702,-0.0747, 0.0362,-0.17  ],[-1.8573, 0.3689,-2.2889,-1.8897,-2.5101],[-0.9711,-0.0542, 0.0128,-0.155 ],0.229
621,[-0.9683,-0.1024, 0.11  ,-0.1837],[ 0.7393,-2.735 ,-0.1151, 1.3911,-3.7471],[-0.9689,-0.1067, 0.1112,-0.1683],0.1829
623,[-0.9648,-0.1503, 0.1831,-0.1919],[-0.4334,-0.9693, 0.7269, 1.5977,-1.1367],[-0.9648,-0.1652, 0.1965,-0.1771],0.1409
632,[-0.9666, 0.1777,-0.1531,-0.1739],[-1.3204,-0.8419,-0.776 ,-0.3006,-2.0579],[-0.9678, 0.1696,-0.1416,-0.1619],0.1504
634,[-0.9678, 0.2106,-0.2155,-0.1848],[ 1.0134, 0.0426,-1.9609, 0.7202,-2.0789],[-0.9683, 0.216 ,-0.2185,-0.1699],0.1014
636,[-0.9644, 0.2594,-0.2943,-0.1883],[ 0.7551, 0.0829,-0.203 , 2.8556,-0.5272],[-0.9637, 0.2731,-0.3072,-0.1724],0.058
641,[-0.9684,-0.1865, 0.1451,-0.1718],[-2.1866,-0.6494,-2.5583,-1.8934,-3.1797],[-0.97  ,-0.1709, 0.1266,-0.1577],0.1488
643,[-0.9647,-0.2168, 0.2204,-0.182 ],[-1.6437,-3.6673,-1.1814, 0.2898,-3.8017],[-0.9652,-0.2208, 0.2203,-0.1667],0.1083
645,[-0.9613,-0.2538, 0.2971,-0.1836],[ 0.3852,-0.5404, 2.0828, 0.8142,-1.3849],[-0.9604,-0.2684, 0.3097,-0.168 ],0.0685
654,[-0.9684, 0.3033,-0.2513,-0.1365],[-0.1688,-0.2333,-0.8546,-0.0735,-0.5587],[-0.9705, 0.292 ,-0.2404,-0.1285],0.0575
656,[-0.9639, 0.3055,-0.313 ,-0.1682],[-0.5659, 0.3232,-0.5045, 4.8915,-1.3029],[-0.964 , 0.3114,-0.3164,-0.1525],0.0384
658,[-0.9585, 0.3151,-0.4048,-0.1585],[ 0.4744, 3.3244, 1.0575, 1.2953,-0.8682],[-0.9547, 0.3319,-0.4314,-0.1421],0.0084
663,[-0.9623,-0.296 , 0.2573,-0.1595],[-3.0356,-2.5515,-2.6694,-2.0483,-4.1864],[-0.9642,-0.2879, 0.2416,-0.1455],0.0767
665,[-0.9618,-0.3146, 0.3212,-0.1802],[-2.7924,-4.5305,-2.967 ,-2.3879,-5.1543],[-0.9621,-0.3199, 0.3216,-0.1654],0.0383
667,[-0.9596,-0.3469, 0.4163,-0.191 ],[ 0.1969, 0.3745, 3.4888, 3.252 ,-0.7819],[-0.9571,-0.3607, 0.4275,-0.1822],-0.0072
687,[-0.9561,-0.3902, 0.4147,-0.2039],[ 0.6536,-1.2197, 0.6054, 1.034 ,-2.5223],[-0.9554,-0.3981, 0.4201,-0.1913],-0.0158
689,[-0.9628,-0.4109, 0.5135,-0.1921],[ 0.5291, 0.0413, 1.0543, 9.2893,-0.0523],[-0.9588,-0.4215, 0.5144,-0.1757],-0.0714
700,[-0.9642, 0.0163,-0.0041,-0.3067],[-13.0321,-13.0091,-13.0105,-12.6727,-14.9548],[-9.6551e-01, 1.1729e-02, 2.3476e-05,-2.9168e-01],0.2581
701,[-0.963 ,-0.0409, 0.0707,-0.3068],[-0.8476,-1.5082, 2.4866, 2.273 ,-1.6657],[-0.964 ,-0.0548, 0.0845,-0.2913],0.2305
702,[-0.9637, 0.0458,-0.0652,-0.2969],[-1.0716, 1.0247,-0.8881,-0.2394,-1.8878],[-0.9647, 0.0566,-0.0773,-0.2829],0.2299
710,[-0.9631, 0.0619,-0.0477,-0.3108],[-0.9195,-0.1033, 0.7876, 1.5059,-2.5364],[-0.9645, 0.0575,-0.0421,-0.2956],0.2438
712,[-0.9635, 0.0876,-0.0848,-0.3082],[-7.9443,-5.7165,-7.6836,-5.9254,-9.077 ],[-0.9648, 0.089 ,-0.0851,-0.2931],0.2139
714,[-0.9639, 0.1489,-0.1805,-0.3003],[ 0.9447,-0.0285,-0.6455, 3.1289,-0.7611],[-0.9643, 0.165 ,-0.1939,-0.2839],0.1435
720,[-0.9661,-0.0666, 0.0363,-0.3065],[-1.3833,-0.8415,-1.7779,-0.8813,-1.9401],[-0.9675,-0.0542, 0.0219,-0.2908],0.2393
721,[-0.9636,-0.0954, 0.1139,-0.3021],[ -7.8693, -8.9123, -7.4729, -7.9899,-10.3956],[-0.9645,-0.1053, 0.1217,-0.2868],0.1944
723,[-0.9613,-0.1463, 0.1847,-0.3069],[ 0.949 ,-0.2828, 0.9547, 4.3141,-1.1659],[-0.9615,-0.1639, 0.201 ,-0.2915],0.1499
732,[-0.977 , 0.1822,-0.1458,-0.2965],[-1.4578,-1.2934,-1.2324,-1.0092,-1.9954],[-0.979 , 0.1659,-0.1249,-0.2804],0.1228
734,[-0.9638, 0.2026,-0.2145,-0.2935],[-2.2028,-0.4253,-2.5872,-0.6033,-3.5787],[-0.9645, 0.2123,-0.2221,-0.2777],0.1132
736,[-0.9569, 0.2571,-0.2903,-0.3078],[ 0.9853, 1.2709, 0.0111, 2.7016,-0.5178],[-0.9565, 0.2716,-0.3057,-0.2917],0.0796
741,[-0.965 ,-0.1825, 0.1549,-0.2772],[-1.2247,-0.6631,-1.0576,-0.6034,-2.0052],[-0.9667,-0.1763, 0.1456,-0.2649],0.1499
743,[-0.9623,-0.2045, 0.2238,-0.2994],[-3.1039,-4.5486,-2.5352,-2.6496,-5.3477],[-0.9628,-0.2158, 0.2321,-0.2836],0.1127
745,[-0.9598,-0.25  , 0.2979,-0.2996],[ 8.6352e-03,-1.6132e-01, 1.5805e+00, 9.5336e+00,-8.3122e-01],[-0.9589,-0.2684, 0.315 ,-0.2835],0.0704
747,[-0.9583,-0.2728, 0.401 ,-0.3436],[-0.0851,-0.08  , 0.1206,-0.045 , 0.0206],[-0.9538,-0.3011, 0.4291,-0.3262],0.0245
756,[-0.9576, 0.2903,-0.3039,-0.2713],[ 0.549 , 0.0881,-1.0388, 4.6824,-1.5239],[-0.9578, 0.2996,-0.3118,-0.2544],0.0622
763,[-0.9695,-0.2846, 0.2641,-0.2681],[-0.5964,-1.1733,-1.5051, 0.1369,-2.2766],[-0.9711,-0.286 , 0.2612,-0.2522],0.0505
765,[-0.9597,-0.3012, 0.3281,-0.2827],[-0.969 ,-2.0455,-0.2029,-1.4404,-3.7765],[-0.9594,-0.3138, 0.3382,-0.2664],0.0414
767,[-0.9615,-0.3252, 0.4136,-0.2788],[ 0.9861,-0.0647, 1.0122,10.1459,-0.4435],[-0.958 ,-0.3464, 0.438 ,-0.2623],-0.0077
800,[-0.9601, 0.0219,-0.0072,-0.413 ],[-39.3962,-39.2275,-39.1573,-38.4822,-40.0367],[-0.9619, 0.0172,-0.003 ,-0.3972],0.271
801,[-0.9596,-0.039 , 0.0748,-0.4128],[-0.8669,-2.0632,-0.4824, 0.3109,-2.7858],[-0.961 ,-0.055 , 0.0911,-0.397 ],0.2387
802,[-0.9604, 0.0423,-0.0641,-0.4151],[-0.4505,-0.0524,-1.1226,-0.3304,-1.745 ],[-0.9619, 0.0555,-0.0833,-0.3979],0.2382
810,[-0.9599, 0.0613,-0.0476,-0.4144],[-4.9988,-4.6269,-5.0138,-4.5589,-6.2168],[-0.9617, 0.0585,-0.0445,-0.399 ],0.2529
812,[-0.9605, 0.0834,-0.079 ,-0.4134],[-24.3075,-23.8582,-24.5611,-23.5873,-25.2597],[-0.9622, 0.0852,-0.08  ,-0.3976],0.2266
814,[-0.9658, 0.1463,-0.1684,-0.3969],[ 0.2614, 1.0287, 0.472 , 2.4705,-0.9474],[-0.9666, 0.1629,-0.1878,-0.3793],0.1393
820,[-0.9627,-0.0643, 0.0445,-0.4264],[-0.9925,-0.2048,-0.9855,-0.381 ,-1.6906],[-0.9647,-0.0597, 0.0419,-0.4143],0.2426
821,[-0.96  ,-0.0922, 0.1202,-0.4138],[-10.4111,-10.8618,-11.1148, -9.2317,-12.2373],[-0.9612,-0.1065, 0.1334,-0.3977],0.2006
823,[-0.9596,-0.1435, 0.1875,-0.4127],[ 0.2465, 0.1954, 0.297 ,14.3498,-0.7299],[-0.96  ,-0.1648, 0.2096,-0.396 ],0.1508
834,[-0.9613, 0.194 ,-0.1979,-0.3963],[-1.6479,-1.83  ,-3.0879,-1.1038,-3.6425],[-0.9626, 0.2021,-0.2021,-0.3789],0.1308
843,[-0.9594,-0.1936, 0.2257,-0.4038],[ 0.2613,-1.8793,-0.5571, 0.4626,-3.2051],[-0.9598,-0.2108, 0.2421,-0.3864],0.1199
845,[-0.9594,-0.2287, 0.3125,-0.4046],[ 0.2901, 0.2549, 0.2174,16.4434,-0.5822],[-0.9572,-0.2583, 0.347 ,-0.3872],0.0664
865,[-0.9587,-0.2896, 0.3721,-0.3814],[ 0.3895, 0.0213, 0.1629, 0.8291,-2.3652],[-0.9558,-0.3145, 0.4051,-0.3639],0.0237
867,[-0.9561,-0.2831, 0.4136,-0.3968],[ 0.207 , 0.2642, 7.9031, 1.6622,-0.6943],[-0.9513,-0.3107, 0.4417,-0.3792],0.0218
900,[-0.9581, 0.0249,-0.0084,-0.5206],[-79.1947,-78.6484,-79.542 ,-78.8993,-79.9022],[-0.9603, 0.0196,-0.0033,-0.5035],0.273
901,[-0.9596,-0.034 , 0.0873,-0.5234],[ 0.0647, 1.6203,-0.2409,-0.0034,-2.4719],[-0.9612,-0.0587, 0.1137,-0.506 ],0.2275
910,[-0.9568, 0.065 ,-0.0422,-0.5101],[-24.5661,-24.244 ,-24.628 ,-25.0621,-25.2834],[-0.9592, 0.0585,-0.0332,-0.5005],0.267
912,[-0.9588, 0.0876,-0.0837,-0.527 ],[-80.0141,-79.7197,-80.1417,-80.0814,-80.3844],[-0.961 , 0.0912,-0.0873,-0.5097],0.2258
921,[-0.9577,-0.0803, 0.1208,-0.5086],[-14.2644,-13.969 ,-14.4734,-12.9593,-15.2319],[-0.959 ,-0.1001, 0.1419,-0.492 ],0.2073
1100,[-0.9384,-0.0325, 0.0256, 0.3885],[ 1.1406, 0.7376, 0.8398, 0.6837,35.9446],[-0.9367,-0.0307, 0.0259, 0.3827],0.3684
1101,[-0.9385,-0.0455, 0.0699, 0.3933],[ 0.1772,-0.4322, 8.9073,-0.2188, 1.8811],[-0.9366,-0.0486, 0.0707, 0.3954],0.3467
1102,[-0.9477, 0.0332,-0.0744, 0.4008],[-0.2711, 1.5886,-1.0916,-1.4657, 1.7498],[-0.9457, 0.0409,-0.0805, 0.3963],0.3084
1110,[-0.9326, 0.0804,-0.0252, 0.4093],[-0.3288,-0.6895, 1.626 ,-0.4384, 0.612 ],[-0.9311, 0.0679,-0.0087, 0.4021],0.3876
1112,[-0.9433, 0.1053,-0.1163, 0.4004],[ 1.0493, 4.7044,-0.2118, 0.1431, 4.0806],[-0.9415, 0.1042,-0.1123, 0.3952],0.2835
1114,[-0.9404, 0.1527,-0.1747, 0.3852],[ 1.8086, 3.3395,-0.9233,-0.6224, 0.5263],[-0.9385, 0.1516,-0.1692, 0.391 ],0.2488
1120,[-0.9355,-0.0671, 0.0354, 0.385 ],[ 0.3149, 5.5585,-0.3103,-0.1996, 7.4705],[-0.934 ,-0.0595, 0.0283, 0.3835],0.3713
1121,[-0.938 ,-0.0885, 0.0959, 0.3887],[ 1.0035, 0.7924, 2.3435, 0.478 ,31.1554],[-0.9363,-0.0866, 0.0894, 0.3843],0.3224
1123,[-0.9455,-0.146 , 0.1743, 0.4114],[ 0.1101,-0.6025, 2.8177, 0.0484, 0.4955],[-0.9434,-0.1462, 0.1712, 0.4199],0.2323
1132,[-0.9251, 0.1874,-0.1435, 0.3858],[0.4162,0.2145,0.3946,0.6878,0.8361],[-0.9247, 0.1758,-0.1202, 0.3815],0.3148
1134,[-0.9311, 0.1974,-0.2157, 0.3888],[ 1.585 , 2.7287, 0.0389,-0.1407, 3.9302],[-0.9294, 0.1946,-0.2072, 0.3875],0.2454
1141,[-0.9318,-0.1924, 0.1309, 0.3864],[ 1.0089, 3.8254,-0.395 , 0.4244, 0.8665],[-0.9315,-0.1775, 0.1107, 0.3849],0.2916
1143,[-0.9327,-0.1904, 0.1991, 0.3845],[ 0.8597,-0.0981, 2.1255, 0.3216, 5.0977],[-0.9312,-0.1861, 0.1882, 0.3828],0.2492
1200,[-0.9321,-0.02  , 0.0178, 0.3063],[  2.8371,185.5695,  2.0306,  0.6639,  2.2063],[-0.9308,-0.0197, 0.0204, 0.3026],0.3927
1201,[-0.9292,-0.0435, 0.0667, 0.3024],[ 0.599 ,-0.1671,56.5445, 0.107 , 0.9641],[-0.9278,-0.0466, 0.0676, 0.2983],0.3844
1202,[-0.93  , 0.0404,-0.0686, 0.28  ],[ 0.3694, 3.1634,-0.5794, 0.3931,25.4891],[-0.9286, 0.0447,-0.0706, 0.2739],0.3784
1210,[-0.9307, 0.0736,-0.0354, 0.2674],[-0.0322,-1.0507, 1.3466,-1.3903, 2.3655],[-0.9298, 0.0652,-0.0273, 0.2613],0.384
1212,[-0.9332, 0.1077,-0.1076, 0.2825],[ 1.9691, 1.6158, 0.5668, 1.0908,43.8704],[-0.9321, 0.1051,-0.1011, 0.2743],0.3246
1214,[-0.9403, 0.1467,-0.1853, 0.2901],[ 0.1321,22.3371,-0.9508, 0.7385, 1.0656],[-0.9385, 0.1499,-0.1846, 0.2935],0.2432
1220,[-0.9336,-0.0709, 0.0351, 0.3187],[ 0.7081,57.9498,-0.0977, 0.1298, 1.5831],[-0.9324,-0.063 , 0.0296, 0.319 ],0.3748
1221,[-0.9394,-0.0916, 0.0974, 0.3171],[  0.8898,  0.9506,161.0015,  1.0997,  0.8833],[-0.938 ,-0.0898, 0.0914, 0.322 ],0.3128
1223,[-0.942 ,-0.1397, 0.1799, 0.2879],[ 1.2519,-0.8263, 1.4479, 0.6273,13.926 ],[-0.9401,-0.1438, 0.1808, 0.2806],0.2414
1230,[-0.9426, 0.1926,-0.0442, 0.2698],[ 0.2661,-0.8709, 0.4275,-0.3726,-0.0804],[-0.9433, 0.1621,-0.0324, 0.2822],0.2858
1232,[-0.9307, 0.1891,-0.1322, 0.304 ],[ 0.8247,-0.1632, 4.8934, 0.5265, 1.7914],[-0.9306, 0.1767,-0.1215, 0.3086],0.29
1234,[-0.9365, 0.203 ,-0.2114, 0.2988],[ 1.3501,25.1574, 0.577 , 0.8915, 1.3287],[-0.9353, 0.1995,-0.2012, 0.3055],0.2247
1236,[-0.9323, 0.2468,-0.2958, 0.2688],[-1.5689e-02, 1.6804e+01,-5.4222e-01, 1.5657e+00, 4.3869e-01],[-0.9301, 0.2479,-0.2917, 0.2777],0.177
1240,[-0.9423,-0.1846, 0.0505, 0.2604],[-1.2703,-0.471 ,-2.2275,-1.6526,-1.4401],[-0.9429,-0.1551, 0.0308, 0.26  ],0.2916
1241,[-0.9384,-0.1924, 0.1313, 0.3006],[ 1.4474,12.9988, 0.0279, 0.6177, 1.2167],[-0.9384,-0.1771, 0.1169, 0.3059],0.2608
1243,[-0.9379,-0.2087, 0.2148, 0.3011],[ 1.4618, 0.3026,21.0484, 0.5048, 1.173 ],[-0.9367,-0.2046, 0.2053, 0.3097],0.215
1245,[-0.9327,-0.2252, 0.2838, 0.2831],[ 1.1778,-0.9439, 2.8936,-0.3455, 2.1866],[-0.9302,-0.2287, 0.2837, 0.2818],0.1891
1254,[-0.9232, 0.2872,-0.2502, 0.271 ],[0.4262,0.5051,0.299 ,0.2118,0.3613],[-0.9236, 0.2784,-0.2358, 0.2777],0.2127
1256,[-0.9236, 0.2971,-0.3288, 0.2748],[ 0.8415, 4.3154,-0.4723, 2.3351, 3.7284],[-0.922 , 0.2954,-0.3212, 0.2775],0.166
1263,[-0.9309,-0.3   , 0.2377, 0.2805],[ 0.5994, 1.5117,-0.3711, 4.188 , 1.146 ],[-0.932 ,-0.2865, 0.2206, 0.2888],0.1878
1265,[-0.9315,-0.3329, 0.3103, 0.2762],[ 0.796 ,-0.0896,12.1518, 2.0564, 1.2174],[-0.9317,-0.325 , 0.2973, 0.2878],0.1357
1300,[-0.9197, 0.0084,-0.0178, 0.1667],[ 3.348 ,28.1549,73.1308, 2.1232, 1.2505],[-0.9189, 0.0104,-0.0231, 0.1701],0.4338
1301,[-0.9252,-0.0455, 0.0645, 0.2011],[ 0.4828,-0.2691,21.2325, 0.3983,-0.1527],[-0.9242,-0.048 , 0.0642, 0.199 ],0.3981
1302,[-0.9185, 0.0419,-0.0685, 0.1681],[  1.0977,250.8546, -0.7685, -0.3039,  1.567 ],[-0.9175, 0.0453,-0.0696, 0.1731],0.4183
1304,[-0.9316, 0.0509,-0.1756, 0.1337],[-1.751 ,-1.6028,-2.8793,-2.5528,-2.3047],[-0.9293, 0.0713,-0.1886, 0.1217],0.3123
1310,[-0.9218, 0.069 ,-0.0374, 0.18  ],[ 4.6472e-01, 7.4699e-02, 8.1798e+01,-1.9770e-01, 7.7943e-01],[-0.9212, 0.0635,-0.0352, 0.1799],0.4153
1312,[-0.9236, 0.08  ,-0.0943, 0.1855],[  1.2336,324.7202,  0.9756,  1.5524,  1.9064],[-0.9227, 0.0809,-0.0915, 0.1888],0.3734
1314,[-0.9357, 0.1416,-0.1868, 0.1954],[ 1.3088,41.6969,-1.012 ,-0.074 , 1.6298],[-0.934 , 0.1471,-0.1887, 0.1981],0.2585
1320,[-0.9183,-0.0671, 0.0385, 0.1586],[-0.6034, 5.711 ,-0.6723, 0.1574, 7.9315],[-0.9178,-0.0619, 0.0343, 0.158 ],0.428
1321,[-0.9223,-0.0873, 0.0834, 0.1633],[ 3.0795, 0.4124, 3.8649,55.9514, 1.0976],[-0.9217,-0.0852, 0.0773, 0.1755],0.3804
1322,[-0.9307,-0.0683,-0.0664, 0.1641],[-3.3321,-2.2799,-3.9456,-3.5684,-3.2461],[-0.9299,-0.0436,-0.0813, 0.1537],0.3741
1323,[-0.9356,-0.1518, 0.1853, 0.196 ],[ 0.3963,-0.5021,16.2135, 0.1082,-0.1435],[-0.9342,-0.1553, 0.1853, 0.1962],0.2531
1330,[-0.9252, 0.186 ,-0.0452, 0.1785],[-1.3315,-1.3413,-0.398 ,-0.5872,-1.3642],[-0.9263, 0.1611,-0.0218, 0.1779],0.3609
1332,[-0.9257, 0.1855,-0.1392, 0.1706],[-0.3725,-0.6865, 1.198 ,-0.7894,-0.8017],[-0.926 , 0.176 ,-0.1283, 0.1741],0.3029
1334,[-0.9348, 0.2086,-0.2211, 0.1902],[ 2.8266,19.0586, 0.1189, 0.6593, 2.6648],[-0.934 , 0.2071,-0.2133, 0.1959],0.2203
1336,[-0.938 , 0.2509,-0.3004, 0.176 ],[ 2.7152,19.6404,-0.6496, 0.5093, 1.1818],[-0.936 , 0.2543,-0.2998, 0.1838],0.153
1340,[-0.9379,-0.1765, 0.0394, 0.1782],[-3.4241,-2.2248,-4.2875,-3.1457,-3.5445],[-0.9388,-0.1461, 0.0088, 0.1839],0.3167
1341,[-0.9373,-0.197 , 0.1279, 0.1799],[-3.1729,-2.3007,-4.1376,-2.8584,-3.7088],[-0.9379,-0.1806, 0.1088, 0.1881],0.2648
1343,[-0.9403,-0.219 , 0.2164, 0.1802],[ 0.7689, 0.2803,20.5397, 2.9088, 0.5833],[-0.9398,-0.2145, 0.2064, 0.1882],0.1997
1345,[-0.9386,-0.2498, 0.2872, 0.1806],[ 0.6649,-0.6891,11.4407, 0.2504, 0.3759],[-0.937 ,-0.2516, 0.2846, 0.1857],0.1581
1352,[-0.9154, 0.2947,-0.1457, 0.1636],[-0.6394,-1.2087, 0.6846,-0.464 ,-0.9098],[-0.9184, 0.2759,-0.1404, 0.1754],0.2807
1354,[-0.9261, 0.2996,-0.2482, 0.2009],[-0.871 ,-0.875 ,-0.5615, 0.559 ,-1.1145],[-0.9271, 0.2897,-0.2346, 0.209 ],0.196
1356,[-0.9299, 0.3077,-0.3288, 0.184 ],[ 1.1923,18.9673, 0.3706, 1.9171, 0.8061],[-0.9289, 0.3059,-0.3204, 0.1942],0.1414
1358,[-0.9337, 0.3586,-0.4053, 0.1627],[ 0.4277,13.3025,-0.6638, 0.514 , 0.6294],[-0.9317, 0.3584,-0.4017, 0.1718],0.072
1361,[-0.9353,-0.2922, 0.1449, 0.2009],[-3.2892,-1.8974,-3.3354,-2.8285,-3.3633],[-0.9382,-0.2644, 0.1178, 0.2149],0.2226
1363,[-0.9354,-0.3126, 0.2349, 0.1816],[ 0.4632, 0.3844,-1.3308, 1.0387,-1.7401],[-0.9373,-0.298 , 0.2187, 0.1927],0.1659
1365,[-0.9344,-0.3389, 0.3249, 0.1736],[ 2.144 ,-0.368 ,11.1011, 2.1074, 0.1789],[-0.9347,-0.3333, 0.3115, 0.1839],0.1152
1367,[-0.9308,-0.3553, 0.3964, 0.156 ],[ 0.4882,-0.9874, 3.4049, 1.0141, 0.1876],[-0.929 ,-0.3552, 0.394 , 0.1657],0.0843
1383,[-0.9268,-0.3928, 0.2601, 0.1455],[-1.8043,-1.0011,-2.95  ,-1.5852,-1.9579],[-0.9309,-0.3772, 0.2499, 0.158 ],0.1373
1385,[-0.9225,-0.4054, 0.3499, 0.1662],[-1.6272,-1.7423,-1.5858,-1.4129,-2.5354],[-0.9246,-0.3978, 0.3351, 0.1772],0.1055
1387,[-0.9184,-0.4192, 0.4024, 0.1389],[ 0.7975,-0.0935,13.1644, 1.2456, 0.3478],[-0.9192,-0.4155, 0.3903, 0.1526],0.0821
1400,[-0.9201, 0.0071,-0.0131, 0.0689],[  1.2141,  1.2724,211.5216,  0.8961,  0.9391],[-0.9198, 0.0086,-0.0175, 0.0754],0.4342
1401,[-0.9193,-0.039 , 0.0743, 0.032 ],[ 0.4511,-1.6801, 2.3907, 0.3671, 1.2346],[-0.9189,-0.0442, 0.0758, 0.0331],0.4186
1402,[-0.919 , 0.0446,-0.0666, 0.0726],[ 4.5158e-01, 2.5114e+02,-2.6127e-01,-7.9342e-02, 6.1585e-01],[-0.9185, 0.0478,-0.0681, 0.0783],0.4186
1410,[-0.9196, 0.0628,-0.0461, 0.0523],[ -0.3223, -0.4175,218.4796,  0.7845,  1.0288],[-0.9194, 0.0601,-0.0453, 0.0586],0.4248
1411,[-0.9274, 0.0692, 0.0673, 0.0074],[-1.2557,-1.8246,-0.9679,-1.2079,-1.2306],[-0.9274, 0.0456, 0.0782,-0.0082],0.3843
1412,[-0.9202, 0.0746,-0.0812, 0.0498],[  0.7727,318.2792,  1.3134,  1.3298,  0.9532],[-0.92  , 0.075 ,-0.0785, 0.0562],0.3975
1414,[-0.9262, 0.1422,-0.1841, 0.0458],[ 1.4613e+00, 4.7020e+01,-6.5548e-01,-1.6941e-02,-1.8924e-01],[-0.9252, 0.1483,-0.1866, 0.0505],0.2884
1420,[-0.9191,-0.0644, 0.0445, 0.0697],[ 1.1371,66.2805,-0.2856, 0.0984, 0.0763],[-0.9189,-0.0611, 0.0437, 0.0791],0.4249
1421,[-0.9183,-0.0782, 0.0855, 0.0557],[1.2945e+00,1.5550e-01,3.9796e+02,5.5596e+00,3.4066e-01],[-0.918 ,-0.0786, 0.0829, 0.0674],0.3987
1422,[-0.9273,-0.0759,-0.0623, 0.0808],[-3.2952,-2.11  ,-3.7968,-3.4645,-3.6281],[-0.9269,-0.0512,-0.0724, 0.0825],0.3833
1423,[-0.9211,-0.1422, 0.1802, 0.048 ],[ 0.0653,-0.3705,26.5046, 1.8753,-0.1715],[-0.9202,-0.1469, 0.1811, 0.0603],0.3054
1425,[-0.947 ,-0.1481, 0.2799, 0.0144],[-0.5972,-0.775 ,-0.2687,-0.4609,-0.9222],[-9.4365e-01,-1.7158e-01, 2.9235e-01, 5.3924e-04],0.1674
1430,[-0.9125, 0.1826,-0.0407, 0.0389],[-1.5425,-1.1968,-0.74  ,-1.0104,-0.696 ],[-0.9143, 0.1611,-0.0189, 0.0235],0.4036
1432,[-0.9251, 0.1792,-0.1449, 0.0722],[-0.689 ,-0.6326,-0.7132,-0.3506,-1.2325],[-0.9256, 0.172 ,-0.1327, 0.0788],0.3039
1434,[-0.9264, 0.196 ,-0.2097, 0.0569],[ 2.5773,35.79  , 0.4602, 3.895 , 0.2516],[-0.9259, 0.1964,-0.2043, 0.0671],0.256
1436,[-0.9389, 0.251 ,-0.3054, 0.0699],[ 0.1117,15.5004,-0.7511, 1.766 , 0.5197],[-0.9369, 0.2571,-0.308 , 0.0806],0.1444
1440,[-0.9351,-0.1822, 0.0408, 0.0692],[-3.0927,-2.7674,-4.1178,-3.3451,-3.4676],[-0.9366,-0.1535, 0.0193, 0.07  ],0.3192
1441,[-0.933 ,-0.1926, 0.1338, 0.061 ],[-5.4482,-5.8789,-6.4591,-5.8335,-5.6194],[-0.9339,-0.1795, 0.1168, 0.0691],0.277
1443,[-0.9321,-0.2153, 0.2102, 0.0567],[ 2.7745, 0.2651, 3.6156, 3.3939,-0.0907],[-0.9322,-0.2122, 0.2013, 0.0686],0.2287
1445,[-0.9411,-0.2529, 0.2972, 0.0526],[ 2.4283,-0.8667, 6.7626, 0.581 , 0.152 ],[-0.9395,-0.258 , 0.2993, 0.0607],0.1393
1454,[-0.9279, 0.2906,-0.2624, 0.0693],[-0.6336,-0.7633,-0.0916,-0.4397,-1.1841],[-0.9286, 0.2855,-0.2554, 0.0842],0.1845
1456,[-0.9354, 0.3074,-0.3309, 0.0719],[ 0.5146, 2.5161,-0.6022, 7.0587, 0.5518],[-0.9345, 0.3081,-0.3282, 0.086 ],0.1207
1458,[-0.9332, 0.3585,-0.4125, 0.0695],[ 0.3815,15.7814,-0.5692, 1.6233,-0.4122],[-0.931 , 0.3607,-0.4116, 0.0806],0.0669
1461,[-0.9289,-0.2876, 0.1452, 0.0656],[-2.6444,-1.949 ,-3.2649,-2.1749,-2.8556],[-0.9323,-0.2641, 0.1241, 0.0672],0.242
1463,[-0.9361,-0.3019, 0.2465, 0.0646],[-2.3074,-2.3945,-2.4856,-1.6123,-2.9321],[-0.9378,-0.2914, 0.2303, 0.0756],0.1622
1465,[-0.9357,-0.3316, 0.3228, 0.0525],[ 3.5323, 0.0137, 5.3197, 2.88  ,-0.0904],[-0.9361,-0.3283, 0.3125, 0.0654],0.1134
1467,[-0.9377,-0.3656, 0.4021, 0.0551],[ 2.138 ,-0.692 , 6.1462, 0.1051, 0.0753],[-0.9362,-0.3669, 0.4002, 0.067 ],0.0566
1478,[-0.9133, 0.4018,-0.473 , 0.008 ],[ 2.0858, 2.9613,-0.5733, 3.0621,-0.6956],[-0.9102, 0.4036,-0.4746, 0.0236],0.0462
1483,[-0.9161,-0.4021, 0.2392, 0.1238],[-1.8394,-0.9814,-2.4039,-1.7667,-1.9505],[-0.9215,-0.3852, 0.2225, 0.1381],0.1757
1485,[-0.9277,-0.4024, 0.3553, 0.0673],[-2.5563,-2.9996,-3.0065,-2.2497,-3.8926],[-0.9297,-0.3966, 0.3426, 0.081 ],0.0868
1487,[-0.924 ,-0.4169, 0.4232, 0.0503],[ 0.3822,-0.3676, 3.4417, 3.5109,-1.0125],[-0.9239,-0.4158, 0.4169, 0.0653],0.0561
1489,[-0.9182,-0.4614, 0.5054, 0.0085],[-0.9546,-1.4532, 5.2658, 1.9435,-1.4252],[-0.9165,-0.4615, 0.4995, 0.0169],0.017
1500,[-0.9212, 0.0052,-0.0032,-0.0616],[  0.7643,  2.8917,  3.5373,136.8792,  0.877 ],[-0.9215, 0.0049,-0.0028,-0.0478],0.4361
1501,[-0.9189,-0.0327, 0.078 ,-0.0562],[-5.5738,-7.7498,-4.4006,-5.9376,-5.925 ],[-0.9188,-0.0401, 0.0823,-0.0469],0.4168
1502,[-0.9203, 0.0334,-0.0771,-0.0492],[-18.2033,-16.3199,-18.581 ,-17.978 ,-17.9701],[-0.9202, 0.0406,-0.0816,-0.0413],0.4126
1503,[-0.9173,-0.0416, 0.1747,-0.0932],[-0.7547,-1.629 ,-0.6375,-0.9679,-0.6213],[-0.9158,-0.0607, 0.179 ,-0.0782],0.3719
1504,[-0.9221, 0.0517,-0.1826,-0.0624],[-1.6067,-1.6617,-1.8745,-1.2727,-1.3902],[-0.9205, 0.071 ,-0.186 ,-0.0479],0.3504
1510,[-0.9187, 0.0622,-0.0468,-0.0715],[ 1.4093,-0.5234,98.1271, 2.8957, 0.7537],[-0.9191, 0.06  ,-0.0464,-0.0646],0.4249
1511,[-0.9224, 0.0707, 0.0601,-0.0902],[-0.7758,-1.467 , 0.0395,-0.534 ,-1.0341],[-0.9227, 0.0492, 0.0697,-0.0764],0.4064
1512,[-0.9194, 0.075 ,-0.0816,-0.0638],[ 1.1184,99.4818, 0.5401, 6.1344, 0.795 ],[-0.9196, 0.0759,-0.08  ,-0.0558],0.399
1514,[-0.9228, 0.1406,-0.1835,-0.0561],[ 1.2345,42.8829,-0.8551, 5.2577, 0.475 ],[-0.9222, 0.1473,-0.1864,-0.0473],0.3005
1520,[-0.9183,-0.0658, 0.0426,-0.0662],[ -1.643 ,154.7149, -1.8677, -0.7116, -2.5414],[-0.9187,-0.0625, 0.0424,-0.0561],0.4264
1521,[-0.9189,-0.0752, 0.0846,-0.0575],[2.6622e+00,1.1296e-01,2.4367e+00,1.6803e+02,6.0345e-01],[-0.919 ,-0.0766, 0.084 ,-0.0435],0.3985
1522,[-0.9295,-0.0633,-0.0618,-0.0813],[-2.2785,-1.8328,-2.8212,-1.9341,-1.8959],[-0.9297,-0.0402,-0.0711,-0.0701],0.382
1523,[-0.9213,-0.1401, 0.1829,-0.0627],[ 1.3464,-0.5032,32.1281, 0.6605, 0.0386],[-0.9206,-0.1467, 0.1861,-0.0493],0.3056
1530,[-0.9213, 0.1803,-0.0411,-0.0451],[-0.2551,-0.7752,-0.0819,-0.4602,-0.3702],[-0.9233, 0.1539, 0.0018,-0.0303],0.3865
1532,[-0.9273, 0.1799,-0.146 ,-0.0568],[-1.0965,-1.0257,-1.3101,-0.222 ,-1.3253],[-0.9283, 0.1736,-0.1356,-0.0491],0.2913
1534,[-0.9295, 0.1908,-0.2146,-0.0497],[ 1.51  , 4.6171,-0.264 , 9.9525,-0.2391],[-0.929 , 0.1942,-0.214 ,-0.0368],0.2427
1536,[-0.9352, 0.2437,-0.3052,-0.0547],[ 0.6416, 9.4684,-0.6157, 1.4211, 0.5442],[-0.9334, 0.2527,-0.3113,-0.0435],0.1546
1540,[-0.9335,-0.1837, 0.0405,-0.0413],[-1.724 ,-1.4264,-2.2909,-1.5305,-1.9561],[-0.9355,-0.1533, 0.0068,-0.0362],0.3294
1541,[-0.9377,-0.1948, 0.1389,-0.0497],[-2.5156,-2.4408,-2.2164,-1.4578,-3.1782],[-0.9391,-0.1825, 0.1232,-0.0391],0.2538
1543,[-0.9348,-0.216 , 0.216 ,-0.0657],[ 0.1101,-0.083 , 2.0125,15.5349, 0.2585],[-0.9351,-0.2152, 0.2091,-0.0507],0.2144
1545,[-0.934 ,-0.2587, 0.2955,-0.0773],[ 2.0686,-0.5434, 4.8596, 1.5667, 0.0438],[-0.9331,-0.2643, 0.2968,-0.0649],0.1579
1554,[-0.9441, 0.2985,-0.2586,-0.0564],[ 0.2885,-0.4206,-0.3366, 0.696 ,-0.337 ],[-0.9459, 0.2906,-0.2405,-0.0477],0.1315
1556,[-0.9395, 0.3131,-0.3322,-0.057 ],[ 0.614 , 1.4088,-0.4996, 4.5546,-0.4425],[-0.9391, 0.3156,-0.33  ,-0.0426],0.1021
1558,[-0.9338, 0.3535,-0.4212,-0.0605],[-0.0855,10.0452,-0.1825, 0.3395,-0.6749],[-0.9313, 0.3593,-0.4225,-0.0474],0.0632
1561,[-0.9298,-0.287 , 0.1565,-0.0283],[-1.0776,-0.5352,-1.4861,-0.8261,-0.9675],[-0.9333,-0.2656, 0.1364,-0.0127],0.2317
1563,[-0.9402,-0.303 , 0.2457,-0.0647],[-1.1819,-1.7565,-0.9885,-0.0224,-1.9281],[-0.9424,-0.2931, 0.2284,-0.0523],0.1468
1565,[-0.9361,-0.3261, 0.3302,-0.0678],[ 0.4473,-0.3169, 2.5571, 9.1064, 0.0189],[-0.9363,-0.3267, 0.3243,-0.0529],0.1084
1567,[-0.935 ,-0.3687, 0.411 ,-0.0742],[ 0.0876,-0.373 , 9.1166, 0.3965,-0.1273],[-0.9334,-0.3728, 0.4117,-0.0622],0.0553
1576,[-0.9177, 0.3898,-0.3786,-0.0158],[ 0.0064, 0.556 , 0.0384, 0.2262,-0.5442],[-9.1858e-01, 3.8852e-01,-3.6796e-01,-4.6746e-04],0.1124
1578,[-0.9185, 0.3958,-0.4461,-0.0503],[ 0.3488, 1.5808,-0.6888, 3.1038,-0.4353],[-0.9166, 0.3982,-0.4455,-0.0367],0.0699
1585,[-0.9357,-0.4008, 0.3611,-0.0524],[-0.741 ,-1.4858,-1.2562,-0.7599,-2.221 ],[-0.9376,-0.3973, 0.3513,-0.0401],0.0605
1587,[-0.9272,-0.4107, 0.4379,-0.0664],[-0.75  ,-1.1179, 1.6687, 4.0272,-1.3882],[-0.9263,-0.4125, 0.435 ,-0.0512],0.0428
1589,[-0.9328,-0.4554, 0.5174,-0.0551],[ 1.156 ,-0.4344,10.52  , 0.8859,-0.6408],[-0.9302,-0.457 , 0.5165,-0.0435],-0.0226
1600,[-0.9207, 0.0134,-0.0055,-0.1772],[-54.4812,-54.7781,-54.8123,-53.5865,-55.342 ],[-0.9215, 0.012 ,-0.0036,-0.1681],0.4368
1601,[-0.9164,-0.0344, 0.0748,-0.1846],[-10.0145,-11.2097, -5.8825, -8.3918,-10.8406],[-0.9168,-0.0414, 0.0795,-0.1808],0.4199
1602,[-0.9192, 0.0344,-0.0745,-0.1777],[-11.7089,-10.1829,-12.8644,-11.3401,-12.7388],[-0.9197, 0.0417,-0.0795,-0.1733],0.4122
1603,[-0.916 ,-0.0434, 0.1744,-0.1978],[-1.1616,-2.0221,-0.6167,-0.9471,-1.4803],[-0.9148,-0.0635, 0.1848,-0.187 ],0.3662
1604,[-0.9247, 0.0481,-0.1775,-0.1899],[-0.5411,-0.4342,-0.9698,-0.3562,-0.6998],[-0.9233, 0.0707,-0.1939,-0.1818],0.3349
1610,[-0.9157, 0.0609,-0.047 ,-0.1695],[ 0.3981, 6.8042,12.6459, 2.1146,-0.7   ],[-0.9165, 0.0587,-0.0432,-0.1635],0.4337
1611,[-0.9176, 0.0601, 0.0605,-0.1779],[-1.2906,-1.3128, 0.4025,-0.9842,-1.0305],[-0.918 , 0.0365, 0.0998,-0.1767],0.4208
1612,[-0.9174, 0.0702,-0.0755,-0.172 ],[ 1.2043e+00, 6.1075e+00,-7.2757e-02, 4.0209e+01, 2.0115e-02],[-0.918 , 0.0715,-0.0754,-0.1612],0.4056
1614,[-0.9257, 0.1334,-0.1873,-0.1666],[-0.357 , 3.5995,-1.8279, 0.0241,-1.929 ],[-0.9252, 0.1434,-0.1942,-0.1561],0.2889
1620,[-0.917 ,-0.066 , 0.0415,-0.1776],[-2.0869, 6.1128,-4.299 , 7.235 ,-4.9158],[-0.9179,-0.062 , 0.0367,-0.1673],0.4339
1621,[-0.9172,-0.0777, 0.087 ,-0.185 ],[ 2.4677,-1.5661,47.116 ,47.6356,-0.9494],[-0.9179,-0.0794, 0.0849,-0.1733],0.4004
1622,[-0.9183,-0.0632,-0.0594,-0.1784],[-0.8347, 0.0872,-0.9039,-0.6593,-0.7723],[-0.9188,-0.0413,-0.0842,-0.1689],0.4221
1623,[-0.9268,-0.1376, 0.1862,-0.1856],[ 0.0763,-0.1071,15.9843, 1.845 ,-0.6251],[-0.9264,-0.147 , 0.1924,-0.1712],0.2839
1632,[-0.9192, 0.1786,-0.137 ,-0.1824],[-1.3787,-1.1342,-0.5983,-0.105 ,-1.4065],[-0.9208, 0.1727,-0.1272,-0.175 ],0.3245
1634,[-0.9347, 0.1999,-0.2167,-0.1782],[-0.0747, 2.5972,-0.4098, 3.8906,-0.9261],[-0.9349, 0.2045,-0.2182,-0.1639],0.2164
1636,[-0.9374, 0.2517,-0.2967,-0.1856],[ 2.3718, 0.0633,-0.7317, 1.8996,-0.374 ],[-0.9364, 0.261 ,-0.3049,-0.1741],0.1437
1640,[-0.9526,-0.1832, 0.0465,-0.156 ],[-0.1281, 0.2934,-0.7118,-0.2581,-0.346 ],[-0.9549,-0.1501, 0.0304,-0.1403],0.2473
1641,[-0.9365,-0.1875, 0.1437,-0.1772],[-1.9791,-1.5495,-1.1742,-0.9792,-1.7158],[-0.9382,-0.1794, 0.1313,-0.1672],0.2547
1643,[-0.9396,-0.2147, 0.2323,-0.1848],[ 0.9402, 0.7352,11.4633, 7.6021,-0.5148],[-0.9399,-0.2195, 0.232 ,-0.1703],0.1867
1645,[-0.9382,-0.2575, 0.2995,-0.1948],[ 0.1754,-0.7524, 4.1274,12.5703,-0.4538],[-0.9374,-0.2663, 0.305 ,-0.1788],0.1408
1654,[-0.9388, 0.2867,-0.2401,-0.1591],[-0.0432,-0.1275,-0.0752, 0.4425,-0.3216],[-0.9409, 0.2815,-0.2298,-0.1495],0.1579
1656,[-0.9403, 0.3104,-0.3347,-0.1858],[ 0.8924, 2.6565,-0.4753, 2.5648,-0.5138],[-0.9399, 0.3164,-0.3384,-0.1719],0.0951
1658,[-0.9318, 0.3555,-0.4365,-0.1738],[ 0.0922, 4.616 ,-0.5164, 0.6494,-0.663 ],[-0.9287, 0.3639,-0.4431,-0.1589],0.0558
1663,[-0.9459,-0.2946, 0.2603,-0.1625],[ 0.0887,-0.5148, 0.3145, 1.5893,-1.1463],[-0.9478,-0.29  , 0.2473,-0.1499],0.1228
1665,[-0.937 ,-0.3166, 0.3343,-0.1822],[ 0.6503,-0.238 ,16.0764, 3.7253,-1.057 ],[-0.937 ,-0.3211, 0.3326,-0.1674],0.105
1667,[-0.9354,-0.3595, 0.4144,-0.1817],[ 0.9045,-0.5698,11.1347, 1.488 ,-0.4249],[-0.9335,-0.3669, 0.4183,-0.1681],0.0546
1685,[-0.93  ,-0.4006, 0.3632,-0.1633],[-0.6629,-1.8157,-0.9021, 0.0484,-2.2911],[-0.932 ,-0.4   , 0.3564,-0.1479],0.0725
1687,[-0.9277,-0.4079, 0.4549,-0.1767],[-0.6135,-1.1568, 3.3426, 4.1717,-2.1293],[-0.926 ,-0.4127, 0.4561,-0.1618],0.034
1689,[-0.9389,-0.432 , 0.5107,-0.1683],[ 0.5151,-0.2409,30.73  , 2.1864,-0.3518],[-0.9356,-0.437 , 0.5122,-0.152 ],-0.0318
1700,[-0.9256, 0.0169,-0.0059,-0.2978],[-58.1746,-58.482 ,-58.687 ,-57.3098,-58.9753],[-0.9269, 0.0147,-0.0032,-0.2898],0.4161
1701,[-0.9205,-0.0366, 0.0767,-0.2943],[-11.1203,-12.6666,-10.9394,-10.1387,-12.39  ],[-0.9214,-0.0448, 0.0831,-0.2894],0.4036
1702,[-0.92  , 0.0402,-0.0701,-0.286 ],[-6.4623,-5.0353,-6.4806,-4.6887,-7.073 ],[-0.921 , 0.0465,-0.0753,-0.2815],0.4087
1704,[-0.9285, 0.0291,-0.1826,-0.2653],[-0.1679,-0.0286,-0.0649,-0.3851,-0.1476],[-0.9274, 0.0565,-0.1942,-0.2494],0.3242
1710,[-0.9222, 0.062 ,-0.0466,-0.3028],[-10.3613, -9.6718, -9.6714, -7.9724,-10.9893],[-0.9236, 0.0599,-0.044 ,-0.293 ],0.4086
1711,[-0.9215, 0.0556, 0.0719,-0.2764],[-0.0778,-0.5975, 0.185 ,-0.4699,-0.8046],[-0.9224, 0.0346, 0.0786,-0.2609],0.4115
1712,[-0.9249, 0.0709,-0.0738,-0.2992],[-24.9323,-24.9432,-25.869 ,-24.2422,-26.3342],[-0.9261, 0.0725,-0.0744,-0.2903],0.3773
1714,[-0.9338, 0.14  ,-0.1865,-0.2991],[ 0.2231, 2.6001,-1.0094, 0.0698,-1.1367],[-0.9339, 0.1515,-0.1946,-0.2884],0.2554
1720,[-0.919 ,-0.0659, 0.0419,-0.2723],[-7.468 ,-7.2951,-7.3959,-6.6878,-7.8204],[-0.9203,-0.0619, 0.036 ,-0.2661],0.4238
1721,[-0.9212,-0.0788, 0.0974,-0.2868],[-28.8932,-29.5484,-28.0486,-27.4603,-29.4098],[-0.9221,-0.0833, 0.0993,-0.2771],0.3766
1722,[-0.9234,-0.0628,-0.0615,-0.2725],[-0.07  ,-0.0665,-0.3226, 0.0803,-0.1928],[-0.9244,-0.0391,-0.0848,-0.2719],0.3975
1723,[-0.9394,-0.1397, 0.1918,-0.313 ],[-0.122 ,-0.4639, 8.5029, 4.8947,-0.9724],[-0.9394,-0.1538, 0.2036,-0.2984],0.2298
1725,[-0.9278,-0.1661, 0.2783,-0.3307],[-0.1508,-0.4939, 0.1084,-0.3534,-0.3073],[-0.9257,-0.1855, 0.2896,-0.3134],0.2248
1730,[-0.9124, 0.172 ,-0.0404,-0.2619],[ 0.1946,-0.2954, 0.2544,-0.2095,-0.2686],[-0.9152, 0.155 ,-0.0389,-0.2464],0.4013
1732,[-0.9212, 0.1845,-0.142 ,-0.2974],[-0.8588,-0.8844,-0.8175,-0.2407,-0.9655],[-0.9233, 0.1793,-0.1328,-0.289 ],0.3099
1734,[-0.9416, 0.2043,-0.2282,-0.3091],[ 0.246 , 1.0638,-0.4466, 2.8315,-0.7775],[-0.942 , 0.213 ,-0.2339,-0.2938],0.1811
1736,[-0.9371, 0.2486,-0.3066,-0.2936],[ 0.3853, 2.6154,-0.4604,-0.4444,-0.7515],[-0.9358, 0.2622,-0.3197,-0.2783],0.1419
1741,[-0.9279,-0.1845, 0.1483,-0.2984],[-0.0324,-0.0509, 0.0892, 0.0329,-0.8562],[-0.9299,-0.1798, 0.1411,-0.2835],0.2815
1743,[-0.9422,-0.204 , 0.2383,-0.3085],[ 0.2229,-0.5614, 6.2656, 8.3937,-1.0649],[-0.9423,-0.2148, 0.2462,-0.2924],0.1742
1745,[-0.9386,-0.2494, 0.3018,-0.3022],[ 0.1838,-0.7605, 0.7864,18.7763,-0.8869],[-0.9377,-0.2619, 0.3112,-0.2853],0.1391
1747,[-0.9388,-0.2751, 0.3912,-0.3195],[-0.1624, 0.0005, 0.295 ,-0.4888,-0.4499],[-0.9348,-0.2936, 0.4096,-0.3023],0.089
1756,[-0.9451, 0.2936,-0.3333,-0.2688],[-0.1796, 1.468 ,-0.4305, 4.3371,-0.444 ],[-0.9442, 0.3041,-0.3417,-0.2526],0.0871
1758,[-0.9452, 0.3061,-0.3982,-0.2623],[ 0.78  , 2.4806,-0.4028, 1.193 ,-0.8749],[-0.9414, 0.3224,-0.4261,-0.2469],0.05
1763,[-0.9499,-0.2786, 0.2664,-0.2564],[ 0.1703,-0.1565, 0.139 , 1.0425,-0.4049],[-0.9514,-0.2795, 0.2579,-0.2403],0.1114
1765,[-0.9376,-0.3075, 0.3435,-0.2926],[ 0.249 ,-0.7354, 2.2155, 8.4625,-0.9235],[-0.937 ,-0.3167, 0.3484,-0.2758],0.0999
1767,[-0.9322,-0.3474, 0.4216,-0.2986],[-0.2727,-0.7476,20.9002, 5.405 ,-0.7777],[-0.9297,-0.3582, 0.4277,-0.2826],0.0646
1787,[-0.9236,-0.4042, 0.4468,-0.2796],[ 0.7837,-0.4342, 6.6882, 7.1878,-1.5187],[-0.9223,-0.4104, 0.4473,-0.2641],0.0517
1800,[-0.9398, 0.0282,-0.0055,-0.4344],[-28.3007,-28.9635,-28.6327,-27.82  ,-29.9828],[-9.4168e-01, 2.2933e-02,-3.5346e-04,-4.1957e-01],0.3537
1801,[-0.9397,-0.0279, 0.085 ,-0.4371],[-7.0135,-8.2546,-7.0964,-6.0563,-8.4804],[-0.941 ,-0.0435, 0.099 ,-0.4228],0.3182
1802,[-0.9288, 0.0417,-0.0708,-0.4216],[-1.2572,-0.5479,-1.8481, 0.0486,-2.3099],[-0.9303, 0.0492,-0.0785,-0.407 ],0.3685
1803,[-0.9335,-0.042 , 0.1778,-0.4263],[ 0.0257,-0.1148, 0.0823, 0.009 ,-0.0541],[-0.9327,-0.0732, 0.2097,-0.4095],0.2886
1810,[-0.9313, 0.0649,-0.0447,-0.4417],[-5.389 ,-5.1277,-5.0475,-4.9388,-7.04  ],[-0.9333, 0.0622,-0.0423,-0.4275],0.3677
1811,[-0.933 , 0.0639, 0.0607,-0.4531],[ 0.1218, 0.088 , 0.217 , 0.1377,-0.0567],[-0.9346, 0.0347, 0.0943,-0.4357],0.3504
1812,[-0.9375, 0.0766,-0.0705,-0.4389],[-16.2271,-16.2179,-16.397 ,-15.2811,-17.3177],[-0.9393, 0.0775,-0.071 ,-0.4242],0.3231
1814,[-0.9381, 0.1493,-0.1862,-0.4136],[ 0.8249, 1.6186,-0.8303, 1.1748,-0.7596],[-0.9387, 0.1618,-0.1986,-0.3992],0.2316
1820,[-0.9244,-0.067 , 0.0424,-0.4272],[-1.1048, 0.8215,-0.8311, 0.1271,-1.361 ],[-0.9264,-0.0633, 0.0393,-0.4168],0.3971
1821,[-0.9379,-0.0881, 0.1219,-0.4271],[-2.5234,-3.2613,-1.8238,-1.3953,-4.7041],[-0.9391,-0.0992, 0.1308,-0.4122],0.2881
1823,[-0.9414,-0.1341, 0.1937,-0.4248],[ 1.4998,-0.5994, 9.6961, 4.3948,-1.2874],[-0.9416,-0.1518, 0.2092,-0.4087],0.22
1825,[-0.9373,-0.1419, 0.2964,-0.397 ],[-0.2179,-0.4047, 0.0101, 0.066 ,-0.4007],[-0.9343,-0.1717, 0.3134,-0.3817],0.1896
1832,[-0.9226, 0.1812,-0.1291,-0.4307],[-0.3813,-0.2358,-0.4705, 0.2544,-0.678 ],[-0.9255, 0.1745,-0.1153,-0.4238],0.3151
1834,[-0.9377, 0.1899,-0.2109,-0.4131],[ 0.3721, 1.5549,-0.8219, 5.6874,-1.3741],[-0.9386, 0.1992,-0.2187,-0.3984],0.2064
1841,[-0.9258,-0.1808, 0.1475,-0.426 ],[ 0.2675,-0.6237,-0.1158, 0.3064,-0.6443],[-0.9282,-0.1776, 0.1409,-0.4171],0.2887
1843,[-0.939 ,-0.1915, 0.2319,-0.4172],[ 0.8704,-0.0148, 0.4302,13.8724,-0.8839],[-0.9392,-0.2051, 0.2437,-0.4009],0.1901
1845,[-0.9377,-0.2414, 0.304 ,-0.4156],[ 0.1402,-0.6705, 2.286 ,12.2215,-1.2021],[-0.9367,-0.2576, 0.3187,-0.3981],0.1408
1865,[-0.9307,-0.2949, 0.3457,-0.4046],[ 0.5739, 0.477 , 1.3316, 6.432 ,-1.0569],[-0.9297,-0.3071, 0.3551,-0.3871],0.1226
1867,[-0.934 ,-0.3307, 0.4115,-0.4014],[ 1.0745,-0.0832, 0.6844,24.359 ,-0.9793],[-0.9313,-0.3453, 0.4223,-0.3839],0.07
1900,[-0.9333, 0.0331,-0.0031,-0.5622],[-63.7415,-63.6254,-63.1877,-63.699 ,-65.0829],[-0.9357, 0.0263, 0.0046,-0.5455],0.3791
1901,[-0.9347,-0.0155, 0.0895,-0.5559],[ 0.4358,-0.9219,34.1718, 0.7674,-1.4937],[-0.9364,-0.0339, 0.1039,-0.5395],0.3389
1902,[-0.9222, 0.042 ,-0.0711,-0.5999],[-9.2446,-8.4411,-9.0607,-8.524 ,-9.6169],[-0.9245, 0.0494,-0.0778,-0.5849],0.3953
1903,[-0.9372,-0.0503, 0.1673,-0.5729],[-0.707 ,-0.5582,-0.0357,-0.013 ,-0.7551],[-0.9376,-0.0788, 0.1857,-0.5568],0.277
1910,[-0.9231, 0.0685,-0.0426,-0.5978],[-24.1474,-23.2574,-22.1272,-19.6918,-25.3876],[-0.9258, 0.0652,-0.0393,-0.5824],0.3996
1911,[-0.9296, 0.0622, 0.0644,-0.5812],[-0.1642,-0.3088,-0.4244, 0.1627,-1.1137],[-0.9316, 0.032 , 0.1042,-0.5628],0.3603
1912,[-0.9251, 0.076 ,-0.0647,-0.5905],[-224.1821,-224.4628,-225.0986,-223.9967,-226.0545],[-0.9277, 0.0761,-0.064 ,-0.5758],0.3755
1914,[-0.9335, 0.1564,-0.1728,-0.5402],[ 0.5286, 5.3867,-0.1319, 0.6034,-1.0117],[-0.9352, 0.1651,-0.1798,-0.5222],0.251
1920,[-0.9273,-0.0627, 0.0485,-0.5529],[-8.0889,-8.0716,-7.9811,-7.7338,-8.6701],[-0.9298,-0.0614, 0.0466,-0.5403],0.3811
1921,[-0.9339,-0.0822, 0.1125,-0.5549],[-14.3547,-15.1426,-14.8396,-14.3641,-16.1619],[-0.9357,-0.0924, 0.1203,-0.5392],0.3087
1923,[-0.9343,-0.1242, 0.1921,-0.5408],[ 0.0987,-0.913 ,25.2813, 0.9689,-0.7426],[-0.9349,-0.1431, 0.2071,-0.5249],0.2489
1932,[-0.9166, 0.1734,-0.1431,-0.5826],[-5.0968,-3.7377,-5.3934,-4.0093,-5.3912],[-0.9196, 0.172 ,-0.1357,-0.5688],0.3285
1934,[-0.9293, 0.1827,-0.1798,-0.533 ],[-1.2062,-0.9657,-0.9117,11.6527,-1.5748],[-0.9314, 0.1873,-0.1793,-0.515 ],0.2556
1941,[-0.935 ,-0.1997, 0.1581,-0.5108],[-0.7711,-1.1251,-0.6662,-0.4624,-1.7994],[-0.9381,-0.1947, 0.1423,-0.4926],0.2427
1943,[-0.9273,-0.1895, 0.2261,-0.5359],[-0.5248,-1.9896, 0.8082, 1.7744,-3.1472],[-0.9281,-0.2017, 0.2346,-0.5195],0.2329
1945,[-0.9381,-0.2358, 0.3078,-0.5236],[ 0.5913, 0.6309,11.9072, 0.3706,-1.3869],[-0.937 ,-0.2554, 0.3262,-0.5062],0.1373
2000,[-0.9107,-0.0387,-0.0259, 0.5015],[-0.2724,-0.3681,-0.6223,-0.9151, 0.741 ],[-0.9086,-0.0309,-0.0227, 0.4884],0.4397
2100,[-0.9032,-0.0307, 0.0252, 0.3888],[-14.5541,-14.4924,-14.8056,-15.3716,-14.0544],[-0.9015,-0.0295, 0.0242, 0.3823],0.399
2101,[-0.8989,-0.0496, 0.0602, 0.3871],[-3.6114,-4.1884,-3.4423,-3.9431,-3.2435],[-0.8971,-0.0501, 0.0616, 0.3793],0.3623
2102,[-0.8936, 0.0232,-0.069 , 0.4069],[-2.4402,-1.7529,-2.6487,-2.8416,-1.5488],[-0.8917, 0.0274,-0.0685, 0.4009],0.3449
2110,[-0.8728, 0.0575,-0.0533, 0.3855],[-0.9103,-1.0215, 0.1478,-0.9609,-0.3858],[-0.8713, 0.0557,-0.0439, 0.3718],0.2615
2112,[-0.9087, 0.1506,-0.1104, 0.3808],[-0.4031, 0.0437,-1.4441,-0.9272, 0.1545],[-0.9079, 0.1412,-0.0866, 0.3793],0.3527
2120,[-0.9071,-0.0613, 0.045 , 0.3844],[-1.1706,-0.5998,-2.0019,-1.7898,-0.3104],[-0.9056,-0.059 , 0.0496, 0.3771],0.3997
2121,[-0.9067,-0.0826, 0.0904, 0.3823],[-3.6427,-3.687 ,-3.1546,-3.8747,-2.41  ],[-0.9051,-0.0817, 0.0861, 0.3755],0.3694
2143,[-0.909 ,-0.2078, 0.1997, 0.3801],[ 0.1744,-0.9504,-0.1196,-0.9145, 0.5995],[-0.9081,-0.2024, 0.1845, 0.3664],0.2769
2200,[-0.9018, 0.0032,-0.0039, 0.2799],[-96.9318,-96.7557,-96.7387,-97.6467,-96.4668],[-0.9006, 0.0032,-0.0035, 0.2744],0.3961
2201,[-0.904 ,-0.0432, 0.0686, 0.2876],[-18.8139,-19.9344,-18.3052,-19.3857,-17.8266],[-0.9026,-0.0457, 0.0697, 0.2812],0.3835
2202,[-0.9017, 0.0454,-0.0667, 0.2686],[-24.0702,-23.4455,-25.0562,-24.7636,-23.529 ],[-0.9004, 0.0473,-0.0674, 0.2658],0.3743
2210,[-0.9037, 0.0659,-0.0396, 0.2668],[-4.4886,-4.4437,-3.9254,-4.9076,-3.6222],[-0.9027, 0.0616,-0.0343, 0.2639],0.393
2212,[-0.8995, 0.0714,-0.0893, 0.2695],[-20.9853,-20.6002,-21.0905,-20.7897,-20.3655],[-0.8982, 0.0723,-0.0875, 0.2648],0.3444
2214,[-0.8867, 0.1412,-0.196 , 0.271 ],[-0.8477, 0.4359,-2.1838,-1.3124, 0.0802],[-0.8847, 0.1442,-0.1915, 0.2765],0.214
2220,[-0.9061,-0.0662, 0.0384, 0.2918],[-4.5064,-3.4869,-5.2529,-5.5369,-3.1724],[-0.905 ,-0.0617, 0.0342, 0.286 ],0.4023
2221,[-0.9035,-0.0728, 0.0813, 0.2883],[-16.7074,-17.7381,-16.4529,-17.937 ,-16.3556],[-0.9023,-0.0726, 0.0789, 0.2827],0.3653
2223,[-0.8852,-0.1141, 0.1838, 0.2698],[-1.6778,-3.0207,-0.7432,-2.06  ,-0.0746],[-0.8829,-0.1192, 0.1861, 0.2627],0.2222
2232,[-0.9066, 0.1893,-0.145 , 0.3058],[-0.9366,-1.2796, 0.1032,-1.0524, 1.021 ],[-0.9066, 0.18  ,-0.1234, 0.3031],0.3115
2234,[-0.9075, 0.2027,-0.215 , 0.2915],[ 0.7572, 3.1861,-0.6728,-0.4458, 2.4971],[-0.9064, 0.2004,-0.2032, 0.2825],0.2628
2236,[-0.9054, 0.2445,-0.2939, 0.3011],[ 0.3896, 2.4839,-1.6423,-0.3321, 4.8326],[-0.9032, 0.2452,-0.2862, 0.2911],0.1904
2241,[-0.9079,-0.1789, 0.1385, 0.3203],[-0.8716, 0.0731,-1.1979,-0.7744, 0.1499],[-0.9075,-0.1714, 0.1292, 0.309 ],0.3161
2243,[-0.908 ,-0.2043, 0.2001, 0.3349],[-0.1708,-0.9377, 1.9533,-0.3894, 0.9274],[-0.9071,-0.1997, 0.1856, 0.3306],0.2737
2245,[-0.9094,-0.235 , 0.2813, 0.2683],[-0.4363,-1.0165, 2.6038,-0.5406,-0.1617],[-0.9074,-0.2363, 0.2783, 0.2558],0.2129
2252,[-0.9083, 0.2912,-0.1336, 0.3079],[ 0.6977,-0.1552, 0.4125,-0.146 , 0.2115],[-0.9107, 0.2725,-0.1341, 0.3213],0.2776
2254,[-0.9047, 0.3158,-0.2353, 0.2706],[1.507 ,0.5728,0.2331,0.3633,2.289 ],[-0.9068, 0.3037,-0.2083, 0.2745],0.2125
2256,[-0.9074, 0.3286,-0.3118, 0.2711],[ 1.1868, 5.8317,-0.5247, 0.5049, 1.7207],[-0.9077, 0.3229,-0.2949, 0.2687],0.1649
2263,[-0.9097,-0.2974, 0.2238, 0.2618],[0.7683,0.9259,0.4936,0.8932,6.5898],[-0.9112,-0.2857, 0.2036, 0.2761],0.2391
2300,[-0.9051, 0.0199,-0.0228, 0.1716],[-130.7031,-130.3608,-130.6699,-132.5172,-130.6447],[-0.9044, 0.0202,-0.0233, 0.1643],0.4093
2301,[-0.9001,-0.0414, 0.0693, 0.1796],[-33.8017,-33.7225,-31.9939,-33.4539,-32.8157],[-0.8992,-0.0445, 0.0711, 0.1717],0.3689
2302,[-0.907 , 0.0433,-0.072 , 0.175 ],[-66.6649,-65.6878,-67.6295,-67.3456,-65.74  ],[-0.906 , 0.0466,-0.0732, 0.1704],0.3965
2303,[-0.8904,-0.0473, 0.1794, 0.2148],[-1.6041,-2.4859,-1.5025,-1.485 ,-1.8087],[-0.8875,-0.0605, 0.1877, 0.2187],0.2617
2304,[-0.902 , 0.052 ,-0.1723, 0.1788],[-2.541 ,-1.5054,-3.2748,-2.9302,-2.6958],[-0.8996, 0.0653,-0.177 , 0.1678],0.3115
2310,[-0.9046, 0.0658,-0.0415, 0.1676],[ -9.6285, -9.9792, -8.191 ,-10.6758, -8.7025],[-0.904 , 0.062 ,-0.0372, 0.1604],0.3972
2311,[-0.8884, 0.0807, 0.0588, 0.1838],[-1.7984,-2.6989,-1.1342,-1.6984,-1.6022],[-0.8878, 0.0661, 0.0554, 0.1979],0.3174
2312,[-0.9037, 0.0715,-0.0906, 0.1697],[-27.6463,-28.4934,-30.0174,-29.0318,-27.2043],[-0.9028, 0.0731,-0.0892, 0.161 ],0.3624
2314,[-0.8946, 0.1249,-0.1885, 0.1585],[-6.9617,-6.9805,-8.8159,-8.4107,-7.0312],[-0.8928, 0.1306,-0.1902, 0.1544],0.2506
2320,[-0.9075,-0.0657, 0.0396, 0.1706],[-4.611 ,-4.8812,-5.5006,-6.4744,-3.0127],[-0.907 ,-0.0614, 0.0345, 0.1641],0.4113
2321,[-0.9039,-0.0782, 0.0822, 0.1719],[-21.5386,-22.1284,-19.5651,-21.7306,-19.8081],[-0.9032,-0.0777, 0.0788, 0.1669],0.3674
2322,[-0.9086,-0.0679,-0.0734, 0.1835],[-2.838 ,-2.2716,-3.4887,-3.3586,-3.499 ],[-0.9078,-0.0498,-0.0739, 0.1696],0.4027
2323,[-0.8986,-0.1484, 0.1803, 0.1534],[-2.8623,-3.5116,-1.0937,-3.5932,-1.1241],[-0.8975,-0.1505, 0.1781, 0.1507],0.2646
2330,[-0.8977, 0.1702,-0.0458, 0.1319],[-1.9376,-2.1198,-0.9835,-1.8546,-1.223 ],[-0.8987, 0.1564,-0.0507, 0.1177],0.324
2332,[-0.9012, 0.1866,-0.1357, 0.1653],[ 0.0203,-1.557 ,-0.5196,-1.6878, 0.8025],[-0.9016, 0.1785,-0.1216, 0.1632],0.2935
2334,[-0.899 , 0.2048,-0.2056, 0.1634],[ 0.761 , 8.6242,-0.1594, 0.2513, 0.8466],[-0.8987, 0.2025,-0.194 , 0.1659],0.2377
2336,[-0.9049, 0.2704,-0.3087, 0.1939],[-0.1589,10.8461,-0.4933,-0.1567,-0.1743],[-0.9034, 0.2707,-0.3003, 0.1995],0.1722
2341,[-0.9014,-0.1828, 0.1424, 0.1637],[ 0.2357,-0.512 ,-0.841 ,-0.5274, 2.9174],[-0.9018,-0.1756, 0.1256, 0.1594],0.2933
2343,[-0.901 ,-0.1944, 0.2004, 0.1583],[ 1.1825,-0.3066, 9.04  , 0.0943, 1.7444],[-0.9005,-0.1929, 0.1911, 0.1637],0.2496
2354,[-0.9074, 0.2972,-0.2519, 0.2009],[0.2751,0.5842,0.6881,0.5292,5.2987],[-0.9085, 0.2894,-0.2354, 0.2063],0.2121
2356,[-0.9046, 0.3355,-0.3243, 0.1878],[ 0.6882,14.2737, 0.4156,-0.0193, 0.4969],[-0.9049, 0.3314,-0.3096, 0.199 ],0.1449
2358,[-0.9053, 0.3792,-0.3944, 0.1388],[ 3.1928, 4.8479,-2.0254,-0.3275,-0.1096],[-0.9048, 0.3774,-0.3834, 0.1537],0.0871
2361,[-0.9111,-0.2803, 0.1524, 0.1945],[-1.0081,-0.3485,-2.7039,-1.1663,-1.4797],[-0.9135,-0.2647, 0.1486, 0.1814],0.2853
2363,[-0.9031,-0.3355, 0.2373, 0.1951],[11.576 , 1.1422, 0.6166, 1.603 , 1.9925],[-0.9058,-0.3243, 0.2239, 0.2029],0.1918
2365,[-0.9011,-0.3479, 0.3033, 0.1746],[ 1.3887,-1.4579, 5.3054, 2.1144, 1.6383],[-0.9026,-0.3423, 0.2915, 0.1831],0.1412
2376,[-0.8852, 0.4006,-0.3557, 0.1648],[ 0.6977, 1.4877,-0.1349, 1.5745, 0.5938],[-0.887 , 0.3959,-0.3407, 0.1696],0.0488
2378,[-0.8873, 0.4037,-0.4234, 0.1643],[ 1.3198, 9.1292,-0.0838, 0.3084, 0.9197],[-0.8866, 0.4019,-0.4123, 0.1758],0.0131
2383,[-0.9008,-0.3945, 0.2602, 0.1403],[-0.6412, 0.4217,-1.6145,-0.5873,-0.9241],[-0.9058,-0.3808, 0.2275, 0.1552],0.1627
2385,[-0.8965,-0.4001, 0.3427, 0.146 ],[ 1.3827,-0.3968, 3.0948, 2.8427, 0.3053],[-0.8988,-0.3939, 0.3242, 0.1589],0.0908
2387,[-0.8838,-0.4048, 0.4109, 0.1376],[ 0.7796,-0.8609,19.5595, 1.3167, 1.6496],[-0.8838,-0.4029, 0.3981, 0.1469],0.0114
2400,[-0.9043, 0.0226,-0.0171, 0.063 ],[ 1.9014e+00, 1.2973e+00, 3.0771e+00,-2.2485e-01, 3.6356e+02],[-0.9041, 0.0216,-0.0148, 0.0487],0.4108
2401,[-0.8999,-0.0325, 0.0727, 0.0507],[-43.0144,-44.5973,-42.2388,-43.9624,-43.3286],[-0.8994,-0.0376, 0.0758, 0.0417],0.3706
2402,[-0.9051, 0.0425,-0.0711, 0.0703],[-0.6324, 9.4319,-4.0129,-3.2696, 4.5859],[-0.9047, 0.0461,-0.0724, 0.0597],0.3912
2403,[-0.8926,-0.0502, 0.1762, 0.0794],[-2.2577,-2.7942,-1.6315,-2.146 ,-2.1196],[-0.8906,-0.0629, 0.1742, 0.0939],0.278
2404,[-0.9044, 0.0482,-0.1762, 0.045 ],[-2.4583,-2.9776,-3.3271,-3.0885,-2.7404],[-0.9026, 0.0632,-0.1771, 0.0306],0.3247
2410,[-0.9015, 0.0661,-0.0405, 0.0508],[ 2.4509,-0.9155,12.3116,-1.866 ,12.4963],[-0.9015, 0.0623,-0.0353, 0.0389],0.3863
2411,[-0.8998, 0.0615, 0.0715, 0.0383],[-3.3272,-3.5344,-2.7208,-2.9098,-3.0433],[-0.8996, 0.0445, 0.079 , 0.0231],0.3667
2412,[-0.9012, 0.078 ,-0.0916, 0.0629],[ 0.502 ,71.5447, 0.2474, 1.2826, 0.9095],[-0.9008, 0.079 ,-0.0886, 0.0529],0.3516
2414,[-0.8959, 0.1358,-0.1838, 0.0512],[-10.2913, -9.211 ,-11.8964,-10.5683, -9.9338],[-0.8948, 0.1406,-0.1851, 0.0468],0.2557
2420,[-0.9069,-0.0668, 0.0439, 0.0578],[ 0.5235,51.7881,-1.0952,-0.9554, 0.3608],[-0.9069,-0.0636, 0.0429, 0.0471],0.4065
2421,[-0.9056,-0.0844, 0.0919, 0.0575],[  1.7756, -1.4653,  3.7922, -0.2918,119.295 ],[-0.9053,-0.0847, 0.0892, 0.0463],0.3679
2423,[-0.9034,-0.1429, 0.1839, 0.056 ],[ 1.2506,-2.255 , 2.0325,-1.1126, 0.827 ],[-0.9024,-0.1471, 0.1847, 0.0569],0.2817
2430,[-0.8979, 0.1732,-0.0466, 0.0649],[-2.1763,-2.7654,-1.2068,-2.4547,-2.2044],[-0.8993, 0.1577,-0.0374, 0.0501],0.3323
2432,[-0.9027, 0.1818,-0.141 , 0.0773],[1.327 ,0.0645,0.6688,0.0957,4.2667],[-0.9033, 0.1752,-0.1278, 0.0729],0.2987
2434,[-0.901 , 0.1979,-0.2134, 0.0576],[ 0.1262,33.2482, 0.818 , 1.2806, 0.5879],[-0.9005, 0.1982,-0.2066, 0.0634],0.2407
2436,[-0.9009, 0.2362,-0.2925, 0.0396],[ 1.3689,15.331 ,-1.2316, 0.1199, 0.1766],[-0.8992, 0.2405,-0.2909, 0.047 ],0.1768
2440,[-0.8998,-0.175 , 0.0453, 0.0349],[-2.7495,-2.513 ,-4.0438,-3.3856,-2.8667],[-0.9014,-0.1594, 0.0411, 0.0195],0.3387
2441,[-0.9009,-0.1873, 0.1313, 0.0597],[ 1.123 , 0.2923,-0.0314, 1.6154,13.8621],[-0.902 ,-0.1785, 0.111 , 0.0539],0.2996
2443,[-0.8995,-0.2009, 0.2105, 0.0548],[ 1.3699, 0.3462,39.6811, 0.2779, 0.3395],[-0.8992,-0.2006, 0.2025, 0.0604],0.2365
2445,[-0.9008,-0.2521, 0.2915, 0.039 ],[-0.6106,-1.4089, 7.5542, 0.9182,-0.3479],[-0.8996,-0.2547, 0.288 , 0.0481],0.1731
2454,[-0.9021, 0.3132,-0.2393, 0.0708],[1.0048,1.2503,0.6717,1.4378,1.1175],[-0.9046, 0.3045,-0.2196, 0.0816],0.1993
2456,[-0.9023, 0.2869,-0.3111, 0.069 ],[ 4.3376, 4.4768,-0.5234, 1.2348, 0.5089],[-0.9015, 0.2874,-0.3047, 0.0809],0.156
2458,[-0.9085, 0.3733,-0.4088, 0.104 ],[-0.4784, 0.818 ,-1.8865, 3.8659,-0.2985],[-0.9072, 0.373 ,-0.4007, 0.1167],0.0882
2461,[-0.9006,-0.2783, 0.1561, 0.1093],[-1.6625,-0.969 ,-3.0906,-1.9961,-1.8599],[-0.903 ,-0.2662, 0.1627, 0.1244],0.2378
2463,[-0.8978,-0.3143, 0.239 , 0.0429],[1.3339,0.8128,1.1796,3.7348,6.1911],[-0.9004,-0.3061, 0.221 , 0.0384],0.1839
2465,[-0.8961,-0.3277, 0.3165, 0.0365],[ 1.1904,-0.8449, 9.8466, 0.6127, 1.069 ],[-0.8968,-0.3255, 0.3035, 0.047 ],0.1254
2467,[-0.9085,-0.3827, 0.4002, 0.0112],[ 0.0148,-1.3077, 3.6822, 0.0167,-0.049 ],[-0.9081,-0.3829, 0.3919, 0.0178],0.0901
2476,[-0.9021, 0.3994,-0.3522, 0.1062],[ 0.5649, 1.2177,-0.1436, 1.3935, 0.0918],[-0.9042, 0.3944,-0.3344, 0.1115],0.1003
2478,[-0.8926, 0.4123,-0.4412, 0.0586],[ 0.2549, 5.8032,-0.3703, 2.2648, 0.0593],[-0.8916, 0.4119,-0.4338, 0.0725],0.0134
2483,[-0.9018,-0.4139, 0.2754, 0.1131],[-1.2306,-0.1727,-2.0954,-1.0045,-1.5352],[-0.9073,-0.4007, 0.243 , 0.1281],0.1494
2485,[-0.8986,-0.4149, 0.36  , 0.083 ],[ 0.5376,-0.6211, 2.0249, 3.1052,-0.3782],[-0.9012,-0.41  , 0.3409, 0.0963],0.0822
2487,[-0.8972,-0.4212, 0.4263, 0.0458],[ 0.9789,-0.0117,10.8205, 0.3988,-0.0894],[-0.8973,-0.4202, 0.4154, 0.0593],0.0325
2500,[-0.904 , 0.0227,-0.0042,-0.0558],[1.3951e+00,1.6367e+00,2.0336e+00,3.5246e-01,6.2797e+02],[-9.0433e-01, 1.9754e-02, 3.7074e-04,-7.1437e-02],0.4149
2501,[-0.9033,-0.0244, 0.0683,-0.0757],[ 0.726 ,-1.4077,72.8767,-0.6949, 0.558 ],[-0.9034,-0.0303, 0.0698,-0.0894],0.3942
2502,[-0.9036, 0.0399,-0.0708,-0.0555],[-1.0718,50.3555,-1.7773,-0.7221,-0.3572],[-0.9037, 0.0441,-0.0719,-0.0685],0.3881
2510,[-0.9026, 0.0637,-0.0472,-0.072 ],[-2.2244e-01, 8.0043e-01, 4.7875e+02, 6.8888e-02, 4.5280e-01],[-0.903 , 0.0619,-0.0478,-0.0777],0.388
2511,[-0.8895, 0.0683, 0.0728,-0.029 ],[-2.1519,-2.6178,-2.1428,-2.7558,-2.4313],[-0.8897, 0.0525, 0.0728,-0.044 ],0.3247
2512,[-0.9027, 0.0752,-0.0804,-0.0685],[5.3685e-01,5.2807e+02,3.4851e-01,4.2339e-01,4.9405e-01],[-0.903 , 0.0757,-0.0777,-0.0753],0.3674
2514,[-0.8954, 0.1426,-0.1836,-0.0536],[ 1.2246,17.1064,-1.146 ,-0.4228,-1.0002],[-0.8948, 0.1473,-0.1842,-0.0597],0.253
2520,[-0.9046,-0.0669, 0.0463,-0.0627],[-2.9231e-01, 8.4586e+01,-1.5450e-01,-7.6839e-02, 1.1960e+00],[-0.905 ,-0.0644, 0.046 ,-0.0696],0.3971
2521,[-0.9032,-0.0814, 0.0886,-0.0625],[1.5797e+00,8.2852e-02,1.9115e+02,8.7444e-01,9.7317e-01],[-0.9035,-0.0822, 0.0861,-0.0728],0.363
2522,[-0.8879,-0.0763,-0.0657,-0.02  ],[-2.2739,-2.1267,-3.2963,-2.5034,-2.6654],[-0.8882,-0.0609,-0.0636,-0.0333],0.3178
2523,[-0.9002,-0.1423, 0.1866,-0.0567],[-1.4175,-5.0809,-1.9096,-2.6634,-1.5782],[-0.8996,-0.1477, 0.1886,-0.0612],0.2688
2530,[-0.9009, 0.1782,-0.049 ,-0.0447],[-1.3394,-1.5094,-0.9302,-1.3363,-1.2215],[-0.9029, 0.1609,-0.0307,-0.0445],0.3488
2532,[-0.8966, 0.1765,-0.146 ,-0.0747],[-0.624 , 0.0191,-0.5849,-0.1369,-0.3615],[-0.8976, 0.1724,-0.1344,-0.0776],0.2754
2534,[-0.8956, 0.1887,-0.2134,-0.06  ],[ 3.3553,28.9375,-0.5565, 0.3832, 1.728 ],[-0.8953, 0.1911,-0.2094,-0.0625],0.2241
2536,[-0.9009, 0.2411,-0.2986,-0.0469],[ 3.2881,11.2709,-1.3748,-0.2695,-0.2249],[-0.8992, 0.2463,-0.299 ,-0.0394],0.171
2540,[-0.8963,-0.1759, 0.0362,-0.0635],[-1.975 ,-1.5281,-3.2942,-2.5446,-2.1701],[-0.8984,-0.1586, 0.0243,-0.072 ],0.3353
2541,[-0.9001,-0.1822, 0.1406,-0.0564],[ 4.4094,-0.4911, 0.1805, 0.6762, 2.7069],[-0.9013,-0.1762, 0.1251,-0.0543],0.2919
2543,[-0.8994,-0.197 , 0.2185,-0.0626],[ 0.393 , 0.2251,66.4125, 1.9668, 0.6308],[-0.8992,-0.1991, 0.2141,-0.0578],0.2318
2545,[-0.8974,-0.2396, 0.2903,-0.0554],[-0.2577,-1.3348,13.6206, 0.3111, 0.726 ],[-0.8961,-0.2442, 0.2899,-0.0447],0.1658
2554,[-0.9054, 0.2914,-0.2689,-0.019 ],[1.434 ,0.4669,0.6523,1.1011,0.5531],[-0.9064, 0.2888,-0.2611,-0.005 ],0.1925
2556,[-0.9016, 0.3038,-0.3176,-0.0754],[ 1.7836, 2.9217,-0.7177, 1.5987,-0.386 ],[-0.9015, 0.3048,-0.3106,-0.0675],0.1466
2563,[-0.9044,-0.3122, 0.2156,-0.0171],[0.9603,0.3101,0.4138,2.9796,1.2652],[-0.9078,-0.3015, 0.1953,-0.018 ],0.223
2565,[-0.8988,-0.3373, 0.3494,-0.0576],[ 1.1545,-0.39  ,12.04  , 1.6814, 0.0462],[-0.8988,-0.3379, 0.3407,-0.0457],0.1085
2567,[-0.892 ,-0.3626, 0.4067,-0.0811],[-2.7274e-03,-1.2422e+00, 3.7032e+00, 3.4689e-01, 3.9544e-01],[-0.8906,-0.3652, 0.4018,-0.0696],0.0456
2578,[-0.8921, 0.41  ,-0.4722,-0.072 ],[ 0.9459, 1.7755,-0.574 , 1.9509,-0.3501],[-0.8896, 0.4122,-0.4712,-0.0622],-0.0087
2585,[-0.9082,-0.4134, 0.3779,-0.0707],[ 0.4902,-0.3796, 0.4906, 0.9966,-0.5738],[-0.9098,-0.4125, 0.3765,-0.0641],0.0882
2587,[-0.8972,-0.4228, 0.4565,-0.056 ],[ 0.1937,-0.723 , 4.4593, 4.8535,-0.7987],[-0.8961,-0.424 , 0.4509,-0.0434],0.0117
2589,[-0.8881,-0.4424, 0.5027,-0.1131],[-0.8794,-1.5593, 3.199 ,-0.0283,-1.3858],[-0.8857,-0.4442, 0.4989,-0.1013],-0.0448
2600,[-0.9045, 0.0175,-0.0047,-0.1729],[  2.014 ,  1.6334,  2.6272,  1.9189,300.2112],[-0.9053, 0.0156,-0.0022,-0.1889],0.4192
2601,[-0.9054,-0.0356, 0.0701,-0.1716],[ 1.6750e-01,-2.1633e-01, 2.5264e+02, 4.5524e-02, 8.0274e-01],[-0.9059,-0.0408, 0.0727,-0.1842],0.3993
2602,[-0.9037, 0.043 ,-0.0658,-0.175 ],[-0.2123,28.8825,-0.3734,-0.3465, 0.7999],[-0.9043, 0.0465,-0.0672,-0.1875],0.3921
2610,[-0.9046, 0.0621,-0.0496,-0.1707],[5.7372e-01,2.0891e-01,2.6587e+02,4.7459e-01,1.1576e+00],[-0.9054, 0.061 ,-0.0502,-0.1743],0.3983
2612,[-0.9054, 0.0698,-0.072 ,-0.1673],[  1.695 ,300.1029,  0.7634,  2.0755,  9.3374],[-0.9061, 0.0703,-0.0699,-0.173 ],0.3873
2614,[-0.9018, 0.1468,-0.1834,-0.1592],[ 0.0571, 3.8861,-0.9144, 1.9075,-0.8331],[-0.9017, 0.1521,-0.1844,-0.1614],0.2766
2620,[-0.9029,-0.0666, 0.046 ,-0.1904],[ 8.4975e+00, 1.7297e+02, 1.4402e-01, 1.3414e+00,-2.7346e-01],[-0.9039,-0.0644, 0.0456,-0.1931],0.3921
2621,[-0.9041,-0.0779, 0.0873,-0.1874],[  1.0193,  0.541 ,447.4987,  0.9879,  2.2196],[-0.9049,-0.0794, 0.0848,-0.1922],0.3708
2623,[-0.8963,-0.1443, 0.1858,-0.1644],[ 1.2893,-2.0841,16.5225, 1.1392, 0.1638],[-0.8962,-0.15  , 0.1872,-0.1694],0.2551
2630,[-0.8871, 0.1702,-0.0344,-0.1858],[-0.6881,-0.7947, 0.5311,-0.7255,-0.6877],[-0.8896, 0.1535,-0.0121,-0.1905],0.3075
2632,[-0.8931, 0.1806,-0.1395,-0.1794],[-1.2602,-0.2185,-1.7319, 0.1726,-1.6795],[-0.8948, 0.1758,-0.1273,-0.1779],0.2658
2634,[-0.8926, 0.1908,-0.1999,-0.1718],[ 2.3069,13.9423,-0.0593, 1.6263, 1.935 ],[-0.8932, 0.1923,-0.1941,-0.1736],0.2223
2636,[-0.9078, 0.2518,-0.3012,-0.1515],[ 0.1604, 4.1563,-0.9949,-0.0218,-0.9742],[-0.9067, 0.2583,-0.305 ,-0.1513],0.1873
2640,[-0.879 ,-0.1684, 0.0475,-0.1518],[-0.7142,-0.0907,-1.2639,-0.5469,-0.9315],[-0.8814,-0.1556, 0.0352,-0.1643],0.2624
2641,[-0.8966,-0.1802, 0.1422,-0.1712],[ 0.1474,-0.4084, 0.5973, 1.2256, 0.3838],[-0.8981,-0.1758, 0.1317,-0.1681],0.2764
2643,[-0.8981,-0.1883, 0.216 ,-0.1602],[ 1.1192,-0.1463, 1.357 ,25.1012, 0.2459],[-0.898 ,-0.192 , 0.2142,-0.151 ],0.2307
2645,[-0.8931,-0.2446, 0.31  ,-0.1684],[ 0.5443,-1.8348, 2.1434, 1.6737,-1.1754],[-0.8914,-0.2516, 0.3135,-0.1651],0.1367
2654,[-0.8875, 0.299 ,-0.2203,-0.2046],[0.1464,1.1193,0.284 ,0.8163,0.1827],[-0.8907, 0.2934,-0.2119,-0.1919],0.1607
2656,[-0.8928, 0.3003,-0.3255,-0.167 ],[ 1.0902, 5.392 ,-0.5667, 0.5451,-0.5531],[-0.8925, 0.3036,-0.321 ,-0.1631],0.1148
2663,[-0.8839,-0.2967, 0.2319,-0.1847],[1.2652,0.2602,0.3812,1.0366,0.2789],[-0.8869,-0.2919, 0.2182,-0.1937],0.146
2665,[-0.8992,-0.3223, 0.3621,-0.1726],[ 0.2255,-0.6272, 1.036 , 5.863 , 0.1542],[-0.8982,-0.3267, 0.3603,-0.1588],0.1024
2667,[-0.8994,-0.3518, 0.4236,-0.1759],[ 0.0749,-1.2071, 5.2431, 1.0916,-0.6957],[-0.8968,-0.3572, 0.4253,-0.1623],0.055
2678,[-0.8994, 0.4027,-0.4727,-0.1368],[ 0.3825, 1.198 ,-0.5537, 1.3079,-0.7952],[-0.8964, 0.4062,-0.4756,-0.1205],0.0081
2687,[-0.9068,-0.4073, 0.4612,-0.1672],[-0.1057,-0.847 , 2.1255, 3.7787,-0.9634],[-0.9047,-0.4109, 0.461 ,-0.1514],0.0344
2689,[-0.8976,-0.4316, 0.5063,-0.1619],[ 0.7817,-0.9417,25.5249, 1.9573,-0.1773],[-0.8944,-0.4345, 0.5064,-0.1474],-0.0233
2700,[-0.9016, 0.0105,-0.0028,-0.295 ],[  1.4789,135.7285,  6.4778,  3.0522,  2.0281],[-0.9029, 0.0091, 0.0013,-0.3047],0.4106
2701,[-0.9022,-0.0367, 0.0737,-0.2924],[-0.3545,-1.1589,40.3539, 3.7084,-0.411 ],[-0.9032,-0.0426, 0.0775,-0.2998],0.3844
2702,[-0.9036, 0.0422,-0.0659,-0.2782],[ 0.0917, 2.8204,-0.5623, 3.7759,-0.6703],[-0.9047, 0.0461,-0.0672,-0.2813],0.3938
2710,[-0.8958, 0.0687,-0.0476,-0.3004],[ 2.4733, 0.7245,84.5658, 1.1282, 1.4572],[-0.8973, 0.0668,-0.0478,-0.2955],0.3616
2712,[-0.8936, 0.084 ,-0.0778,-0.3042],[ 1.0093,92.0817, 0.6499, 5.0176, 2.0662],[-0.895 , 0.0838,-0.0744,-0.3011],0.3333
2714,[-0.882 , 0.1562,-0.1767,-0.3298],[-0.4433, 2.1921,-0.9241, 0.7235,-0.7173],[-0.8828, 0.1602,-0.179 ,-0.3198],0.2061
2720,[-0.9031,-0.0654, 0.0457,-0.2732],[ 1.8641, 1.3587, 0.3517,10.2592, 0.6973],[-0.9044,-0.063 , 0.0422,-0.2657],0.396
2721,[-0.9039,-0.0732, 0.0878,-0.2812],[ 1.5873,-0.0614, 3.1396,57.4601, 0.689 ],[-0.905 ,-0.0758, 0.0869,-0.2732],0.372
2723,[-0.8967,-0.143 , 0.1833,-0.2998],[ 0.3727,-1.6056, 1.4881, 1.0592,-1.1617],[-0.897 ,-0.1496, 0.1862,-0.2915],0.2593
2730,[-0.8962, 0.1773,-0.0517,-0.2659],[-0.6049,-0.5152, 0.8563, 0.0621,-0.3246],[-0.8991, 0.1618,-0.0353,-0.251 ],0.3314
2732,[-0.8992, 0.1863,-0.1381,-0.307 ],[ 0.0621, 1.0221, 0.0291, 1.0346,-0.6366],[-0.9016, 0.1808,-0.1247,-0.2996],0.2909
2734,[-0.8852, 0.1921,-0.1935,-0.3085],[ 1.4006, 4.5239,-0.6766, 2.5411, 0.0436],[-0.8863, 0.1937,-0.1904,-0.2966],0.1989
2741,[-0.9008,-0.1869, 0.1517,-0.2812],[0.0481,0.4646,0.1963,1.6973,0.4037],[-0.9028,-0.183 , 0.1374,-0.2655],0.2885
2743,[-0.8943,-0.2017, 0.2133,-0.3185],[ 1.1586,-0.0188, 6.429 , 2.6942, 0.4679],[-0.8952,-0.2049, 0.2108,-0.3059],0.2164
2745,[-0.907 ,-0.2149, 0.3106,-0.2707],[ 0.0592,-1.2989, 1.7422,-0.4012,-1.0658],[-0.9046,-0.2272, 0.32  ,-0.2545],0.1879
2765,[-0.9083,-0.2991, 0.3751,-0.3229],[ 0.6541,-0.5654, 2.5833, 1.7576, 0.2456],[-0.9061,-0.3086, 0.3804,-0.3065],0.1253
2767,[-0.9035,-0.3384, 0.3956,-0.2806],[-0.5262,-1.2014, 0.6936, 2.3737,-0.6578],[-0.9019,-0.3451, 0.3963,-0.2675],0.0879
2800,[-0.8926, 0.0057, 0.0023,-0.4228],[ 2.3807, 0.9248, 3.4307,21.9385, 0.98  ],[-0.8944, 0.0045, 0.0041,-0.4109],0.3759
2801,[-0.8913,-0.0359, 0.0796,-0.4146],[-0.0815,-0.7193, 2.9678, 4.1678,-0.6687],[-0.8927,-0.0425, 0.0844,-0.4065],0.3375
2802,[-0.8989, 0.0359,-0.0709,-0.419 ],[-0.5002, 0.5262,-0.8273, 0.5321,-1.3238],[-0.9003, 0.0421,-0.077 ,-0.4073],0.3726
2810,[-0.8937, 0.077 ,-0.0445,-0.4313],[ 0.7156, 1.3851,86.4381, 3.4055, 1.6728],[-0.8958, 0.074 ,-0.0444,-0.4216],0.3539
2812,[-0.8844, 0.0993,-0.0915,-0.4369],[ 0.37  ,93.0858, 0.4218, 2.185 , 0.7523],[-0.8864, 0.0993,-0.088 ,-0.425 ],0.285
2814,[-0.8741, 0.1492,-0.1762,-0.4327],[ 1.0298, 1.3734,-0.7008, 0.5485,-0.4909],[-0.8752, 0.154 ,-0.1783,-0.422 ],0.1818
2820,[-0.8895,-0.0634, 0.0475,-0.4361],[ 0.8052,13.5278, 0.6734, 2.9922, 0.2212],[-0.8915,-0.0622, 0.0466,-0.4251],0.3398
2821,[-0.8932,-0.0926, 0.1081,-0.4329],[ 1.8711, 0.0622,39.109 , 2.7222, 0.4874],[-0.8948,-0.0959, 0.1079,-0.4195],0.3109
2823,[-0.8952,-0.1467, 0.1819,-0.4461],[-0.334 ,-0.122 , 2.8823, 2.2042,-0.4285],[-0.8961,-0.1534, 0.1846,-0.4302],0.2554
2830,[-0.8668, 0.1681,-0.0487,-0.3995],[-0.0234,-0.2698, 0.6481, 0.1395,-0.0688],[-0.8702, 0.1568,-0.0374,-0.3834],0.2196
2832,[-0.9016, 0.1802,-0.1411,-0.4347],[1.339 ,0.8698,0.1532,2.3515,0.2396],[-0.9043, 0.1767,-0.13  ,-0.4249],0.3008
2834,[-0.8864, 0.1935,-0.198 ,-0.4317],[ 1.8461, 6.7907,-0.2335, 1.4758, 0.3762],[-0.8879, 0.1964,-0.1965,-0.4205],0.201
2841,[-0.9051,-0.1758, 0.1402,-0.4252],[0.9103,0.4776,0.7061,0.8594,0.0503],[-0.9077,-0.1726, 0.1292,-0.4227],0.3166
2843,[-0.8947,-0.1885, 0.2046,-0.4283],[ 1.4543, 0.1173, 1.0193, 4.8488,-0.0195],[-0.8958,-0.193 , 0.2048,-0.4132],0.2282
2865,[-0.9099,-0.2902, 0.2996,-0.4744],[ 0.6838, 0.2277, 1.0708, 1.4076,-0.9613],[-0.9108,-0.2968, 0.3042,-0.4566],0.1831
2900,[-0.8865, 0.0093,-0.0086,-0.7304],[-24.5608,-24.0043,-24.048 ,-23.5147,-25.1071],[-0.8897, 0.0093,-0.0074,-0.7139],0.3575
2901,[-0.88  ,-0.0323, 0.0831,-0.6486],[ 0.3743,-1.2634, 7.678 , 0.8298,-1.1994],[-0.8824,-0.0397, 0.0875,-0.6356],0.2944
2902,[-0.8844, 0.0457,-0.0664,-0.7534],[-12.8785,-12.722 ,-13.0218,-12.3015,-13.5259],[-0.8875, 0.05  ,-0.0698,-0.7371],0.3185
2910,[-0.8949, 0.0773,-0.0461,-0.6894],[ 1.0986e-01, 1.0021e+00, 5.5806e+02, 2.5304e+00,-8.3540e-01],[-0.8982, 0.0749,-0.0464,-0.6763],0.3624
2912,[-0.8851, 0.0912,-0.083 ,-0.7048],[ -0.5336,383.8205, -1.0851,  6.5959, -1.0656],[-0.8882, 0.0918,-0.0798,-0.6897],0.2993
2914,[-0.8776, 0.1456,-0.1745,-0.6093],[ 0.5333, 7.4785,-1.4439, 0.9105, 0.5145],[-0.8793, 0.1516,-0.1764,-0.5948],0.1978
2920,[-0.8823,-0.0646, 0.0461,-0.6399],[-3.2722,-4.0949,-4.0306,-3.1677,-5.0943],[-0.8852,-0.0633, 0.0441,-0.6252],0.3143
2921,[-0.887 ,-0.0795, 0.0972,-0.6196],[ 0.967 , 0.0386, 3.4432,37.4015,-0.418 ],[-0.8893,-0.0839, 0.101 ,-0.6025],0.2966
2923,[-0.8949,-0.1415, 0.1799,-0.5736],[ 0.4046,-1.004 , 2.216 , 6.3136,-0.8163],[-0.8963,-0.1495, 0.184 ,-0.5565],0.2578
2932,[-0.889 , 0.1806,-0.136 ,-0.6713],[ 0.5626,-0.0908,-1.7692, 0.4868,-1.7974],[-0.8927, 0.1778,-0.1251,-0.6554],0.2586
2934,[-0.8861, 0.1856,-0.1919,-0.5822],[ 0.3159, 0.4724,-0.4817,17.5776,-0.3433],[-0.8881, 0.1898,-0.1921,-0.566 ],0.2065
2941,[-0.9096,-0.1684, 0.1646,-0.5098],[ 0.0943,-0.1436,-0.4805, 0.2089,-0.6386],[-0.9118,-0.1705, 0.1584,-0.4917],0.3201
2943,[-0.9006,-0.1944, 0.2256,-0.5803],[ 1.9774,-0.7319, 4.4701, 2.1881,-0.2246],[-0.9018,-0.2026, 0.2281,-0.5666],0.233
2945,[-0.9075,-0.2676, 0.2907,-0.5222],[-0.322 ,-1.1268, 0.0568, 0.4311,-1.035 ],[-0.9082,-0.2758, 0.2974,-0.507 ],0.1875
3200,[-0.8583, 0.004 , 0.0064, 0.2914],[-2.667 ,-2.1986,-2.3292,-3.8535,-1.9835],[-0.8571, 0.0029, 0.0087, 0.2827],0.2196
3212,[-0.8636, 0.1047,-0.1572, 0.3058],[-1.2878,-0.0219,-1.6826,-1.9429,-0.1547],[-0.8614, 0.1084,-0.1663, 0.3189],0.1579
3214,[-0.8535, 0.1223,-0.1991, 0.2911],[-1.0828,-0.638 ,-2.5246,-2.0364,-0.7642],[-0.8508, 0.1272,-0.2062, 0.2778],0.1033
3220,[-0.8578,-0.057 , 0.0395, 0.2532],[-1.8973e-01,-9.2606e-04,-1.0468e+00,-1.4418e+00,-4.6764e-01],[-0.8567,-0.0555, 0.0441, 0.2651],0.2081
3221,[-0.8649,-0.0722, 0.0766, 0.2567],[-1.2947,-2.5509,-0.7493,-1.9823,-0.3148],[-0.8638,-0.0716, 0.0713, 0.2424],0.217
3300,[-0.8599,-0.012 , 0.0151, 0.165 ],[-1.4259,-0.7999,-0.366 ,-2.6625,-0.55  ],[-0.8592,-0.0123, 0.0159, 0.1544],0.2277
3301,[-0.8646,-0.0321, 0.0768, 0.1612],[-1.9385,-2.0555, 0.8127,-2.3393,-0.1705],[-0.8637,-0.0362, 0.0803, 0.1521],0.2228
3302,[-0.8635, 0.0437,-0.0828, 0.1826],[-1.4587, 0.7304,-1.8415,-2.3339,-0.8581],[-0.8624, 0.0475,-0.0922, 0.1692],0.2131
3310,[-0.8662, 0.1102,-0.0282, 0.1408],[-1.3307,-1.8774,-0.5026,-2.1719,-0.3136],[-0.8663, 0.1003,-0.0037, 0.1282],0.2353
3312,[-0.8627, 0.0741,-0.0866, 0.1752],[-1.4198,-0.0781,-2.3337,-2.324 ,-0.0666],[-0.862 , 0.0745,-0.0836, 0.1618],0.2046
3314,[-0.8393, 0.1548,-0.2154, 0.2089],[-1.4286,-0.5439,-3.3039,-1.8358,-0.9417],[-0.8372, 0.1579,-0.2158, 0.2022],0.0506
3320,[-0.8607,-0.0682, 0.0385, 0.1872],[-0.6564, 1.1196,-1.0486,-1.1921,-0.1097],[-0.8601,-0.0652, 0.0371, 0.189 ],0.2191
3321,[-0.864 ,-0.0757, 0.0856, 0.2004],[-0.0686,-1.7318, 1.1004,-1.8305, 0.7078],[-0.8631,-0.0755, 0.0787, 0.1884],0.2101
3323,[-0.8593,-0.1283, 0.2052, 0.1953],[-1.7297,-2.7492,-0.7852,-1.9201,-0.4257],[-0.857 ,-0.1337, 0.2112, 0.1821],0.1179
3334,[-0.8548, 0.1847,-0.2251, 0.1597],[ 0.466 , 1.2659,-1.6331,-1.204 , 2.9428],[-0.8534, 0.1863,-0.221 , 0.1552],0.0842
3400,[-0.8611, 0.0053,-0.0047, 0.0635],[ 0.0853, 0.7637, 1.4798,-1.7606, 2.7877],[-0.8608, 0.0052,-0.0054, 0.051 ],0.2357
3401,[-0.8625,-0.0419, 0.0696, 0.0614],[-1.9128,-3.5694,-1.6501,-2.8238,-0.9565],[-0.862 ,-0.0444, 0.0713, 0.0484],0.2209
3402,[-0.8605, 0.0469,-0.0621, 0.0651],[-1.8209, 0.0532,-2.0873,-2.306 ,-0.6585],[-0.8602, 0.0481,-0.062 , 0.0521],0.2166
3410,[-0.8664, 0.0739, 0.0075, 0.1104],[-1.4819,-2.358 ,-0.2091,-2.4472,-1.072 ],[-0.866 , 0.0644, 0.0296, 0.1069],0.2322
3411,[-0.8657, 0.0619, 0.0826, 0.1197],[-1.1977,-1.7641,-0.7978,-1.3493,-1.3508],[-0.865 , 0.0492, 0.0776, 0.134 ],0.2274
3412,[-0.8613, 0.1074,-0.1047, 0.0491],[ 0.215 , 1.8224,-0.9878,-1.5029, 2.1726],[-0.8613, 0.1065,-0.0984, 0.0368],0.1842
3414,[-0.864 , 0.1557,-0.1904, 0.0845],[-0.2884, 1.798 ,-1.9393,-1.0457, 1.7015],[-0.863 , 0.1578,-0.1874, 0.0769],0.1364
3420,[-0.8607,-0.0669, 0.0478, 0.1006],[-1.3104,-0.1192,-1.922 ,-1.8518, 0.48  ],[-0.8604,-0.0654, 0.0524, 0.0858],0.2144
3421,[-0.8624,-0.095 , 0.1142, 0.05  ],[ 0.4339,-0.7728, 2.4431,-0.97  , 3.7196],[-0.8621,-0.0964, 0.1126, 0.0362],0.1853
3423,[-0.8576,-0.1411, 0.1925, 0.0456],[ 0.5013,-2.2606, 2.0385,-0.8068,-0.2638],[-0.8564,-0.1448, 0.1919, 0.0439],0.1193
3432,[-0.8597, 0.1755,-0.1359, 0.0504],[-0.5386,-0.6129,-0.7989,-0.9649, 0.2571],[-0.8605, 0.1707,-0.119 , 0.0375],0.1495
3434,[-0.8596, 0.1933,-0.2135, 0.0602],[ 0.2948, 4.8354,-0.8106,-0.478 , 2.2538],[-0.8591, 0.1939,-0.2061, 0.0509],0.1039
3436,[-0.8595, 0.2042,-0.2852, 0.0655],[ 0.6719, 2.6814,-2.0015,-0.898 , 1.1575],[-0.857 , 0.2092,-0.2873, 0.0561],0.0612
3443,[-0.861 ,-0.1849, 0.227 , 0.0201],[-0.5585,-0.9972, 4.6989,-0.2895, 2.0184],[-0.8601,-0.1877, 0.2239, 0.0085],0.1019
3465,[-0.865 ,-0.3788, 0.3507, 0.0109],[ 0.1613,-0.9963, 2.6841, 0.2119, 0.1442],[-0.8666,-0.3766, 0.3342, 0.0248],0.0048
3500,[-0.8616, 0.0124,-0.0164,-0.0632],[-0.994 , 0.4657,-0.1167,-2.6573, 0.7201],[-0.8619, 0.0128,-0.0165,-0.0769],0.2421
3501,[-0.8639,-0.0421, 0.0682,-0.0428],[-1.8904,-4.1465,-2.1616,-3.8348,-2.3932],[-0.8639,-0.0446, 0.0685,-0.0508],0.2288
3502,[-0.8606, 0.0487,-0.0604,-0.0623],[-2.2348,-1.0863,-3.6148,-3.118 ,-1.251 ],[-0.8609, 0.0498,-0.0591,-0.0711],0.2197
3510,[-0.8625, 0.0872,-0.0396,-0.0646],[-2.9784,-3.9847,-2.1695,-4.1618,-2.4938],[-0.8633, 0.0823,-0.0333,-0.0681],0.2255
3512,[-0.8622, 0.1317,-0.095 ,-0.0438],[ 0.4294, 1.3837,-1.5154,-1.6159, 0.9059],[-0.863 , 0.1277,-0.0849,-0.0548],0.1872
3514,[-0.8663, 0.1661,-0.2268,-0.0082],[-0.6307, 0.5982,-2.8286,-1.6931, 0.6681],[-0.8649, 0.1711,-0.2293,-0.0172],0.1208
3520,[-0.8615,-0.0762, 0.0483,-0.1054],[-2.2084,-1.1342,-2.8661,-3.0755,-2.2289],[-0.8622,-0.0739, 0.0481,-0.1201],0.2193
3521,[-0.8626,-0.0936, 0.0999,-0.0524],[-0.9257,-1.6105, 1.5292,-1.4365, 1.7394],[-0.8629,-0.094 , 0.0954,-0.0638],0.1956
3523,[-0.8638,-0.1557, 0.2028,-0.0388],[-1.8222,-2.5346,-0.3743,-0.6732, 0.1758],[-0.863 ,-0.1599, 0.2055,-0.0501],0.1283
3532,[-0.8595, 0.1993,-0.1313,-0.0828],[ 0.6894,-0.4115,-0.782 ,-0.5696, 0.9332],[-0.8615, 0.1926,-0.1129,-0.0949],0.147
3534,[-0.8569, 0.2094,-0.2245,-0.0615],[ 6.4765, 5.5423,-1.1256, 0.2732, 2.8233],[-0.8569, 0.2104,-0.2179,-0.0714],0.0864
3536,[-0.8523, 0.2176,-0.2867,-0.0329],[ 0.8228, 1.7902,-2.2585, 4.2872, 0.112 ],[-0.8504, 0.2221,-0.2864,-0.0302],0.0387
3541,[-0.862 ,-0.1912, 0.151 ,-0.0908],[-0.8755,-0.7249,-0.7629,-1.122 , 0.064 ],[-0.8635,-0.187 , 0.1341,-0.1013],0.1471
3543,[-0.8613,-0.2026, 0.2251,-0.0631],[ 2.0162,-0.4665, 8.9678, 0.1547, 1.2685],[-0.861 ,-0.2042, 0.2201,-0.0685],0.1
3565,[-0.8634,-0.3806, 0.3788,-0.0191],[ 1.4202,-0.7232, 1.8739, 0.2484,-0.4601],[-0.8639,-0.3801, 0.3655,-0.0037],-0.0154
3567,[-0.8646,-0.3783, 0.4096,-0.0642],[ 0.4239,-1.5588, 1.58  , 1.6312,-0.1427],[-0.8638,-0.3795, 0.4005,-0.0502],-0.029
3600,[-0.8625, 0.016 ,-0.0096,-0.1833],[-1.7003,-1.9107,-1.7212,-3.3035,-1.1511],[-0.8633, 0.0156,-0.0104,-0.1904],0.2485
3601,[-0.8629, 0.0016, 0.0595,-0.1653],[-2.9897,-3.146 ,-1.4479,-3.3567,-1.8098],[-0.8635,-0.0041, 0.0567,-0.1788],0.2475
3602,[-0.8654, 0.0401,-0.0627,-0.1456],[-2.983 ,-2.0575,-4.6646,-2.5506,-3.293 ],[-0.8659, 0.0425,-0.063 ,-0.1427],0.239
3610,[-0.8595, 0.0589,-0.0524,-0.2244],[-3.327 ,-4.0833,-2.4738,-3.7307,-2.8879],[-0.8605, 0.0586,-0.0522,-0.2205],0.2177
3612,[-0.8499, 0.0765,-0.0737,-0.2123],[-2.5418,-1.775 ,-3.5301,-2.9651,-1.9752],[-0.8509, 0.0765,-0.0716,-0.2102],0.1711
3620,[-0.8643,-0.0678, 0.052 ,-0.1628],[-2.2093,-1.1229,-2.6684,-2.9131,-1.8379],[-0.8651,-0.0669, 0.0544,-0.1721],0.23
3621,[-0.8653,-0.0987, 0.1058,-0.1798],[-0.1241,-1.9962, 0.6064,-1.7186,-0.1332],[-0.8659,-0.0996, 0.1029,-0.1781],0.2012
3623,[-0.8646,-0.125 , 0.1667,-0.2241],[-0.1685,-2.0759, 3.1271,-1.7619,-0.2369],[-0.8647,-0.1295, 0.1666,-0.2121],0.1608
3632,[-0.8616, 0.1923,-0.1349,-0.1549],[-0.2305,-0.1185,-0.2697,-0.8024, 0.404 ],[-0.8635, 0.1876,-0.1282,-0.157 ],0.1492
3634,[-0.8591, 0.2193,-0.2242,-0.176 ],[ 0.6254, 7.2217,-0.6499, 1.7194, 0.4642],[-0.8598, 0.22  ,-0.2157,-0.1782],0.0918
3641,[-0.8641,-0.1782, 0.1115,-0.1352],[ 0.0017,-0.1701,-0.0892,-0.2365, 0.7151],[-0.8662,-0.1711, 0.0904,-0.1515],0.1791
3643,[-0.8595,-0.2062, 0.2204,-0.1411],[ 1.3921,-1.0974, 3.0931, 2.4842,-0.2871],[-0.8597,-0.2078, 0.2168,-0.1377],0.0957
3700,[-0.8567, 0.0324,-0.0067,-0.319 ],[ 0.1897,-0.1608,-0.5718,-1.332 , 0.3198],[-0.8581, 0.03  ,-0.0051,-0.3147],0.2274
3701,[-0.86  ,-0.0281, 0.0771,-0.3296],[-1.6862,-2.5308, 0.3002,-1.6929,-2.1692],[-0.8611,-0.0335, 0.08  ,-0.328 ],0.2183
3702,[-0.8634, 0.0434,-0.058 ,-0.2799],[-2.2327,-1.4483,-2.9069,-2.6002,-2.7538],[-0.8645, 0.0447,-0.0531,-0.2636],0.2368
3710,[-0.8579, 0.0655,-0.0426,-0.3324],[-2.0139,-2.078 ,-1.881 ,-1.7365,-2.4298],[-0.8594, 0.0636,-0.0401,-0.323 ],0.2164
3712,[-0.8596, 0.0817,-0.0767,-0.3487],[-1.7571,-2.1176,-3.087 ,-2.5529,-2.0168],[-0.8611, 0.0817,-0.0744,-0.3407],0.2028
3714,[-0.8514, 0.1467,-0.1891,-0.3371],[-0.8558, 1.9181,-1.2464, 0.7167, 0.2207],[-0.8517, 0.1518,-0.193 ,-0.3287],0.1016
3721,[-0.8612,-0.0814, 0.1107,-0.3186],[ 1.1602,-1.6344, 1.5569, 0.087 , 0.692 ],[-0.8621,-0.085 , 0.1121,-0.3113],0.1902
3734,[-0.8568, 0.1769,-0.2057,-0.3039],[ 0.8449, 5.1321,-0.0971, 0.3879,-0.0302],[-0.8573, 0.1807,-0.2063,-0.3007],0.1031
3743,[-0.8651,-0.1907, 0.2228,-0.3296],[ 1.1729,-0.4715, 1.9455, 2.1109,-0.4646],[-0.8655,-0.1949, 0.2198,-0.3133],0.1172
3800,[-0.8505, 0.0271, 0.0019,-0.4401],[1.2935,0.9989,3.3922,1.7481,1.8732],[-0.8524, 0.0245, 0.0036,-0.4347],0.2114
3801,[-0.8573,-0.0258, 0.0776,-0.4495],[ 0.2528,-1.1003, 1.1792, 0.2363, 0.0775],[-0.8589,-0.0317, 0.0809,-0.4435],0.2105
3802,[-0.839 , 0.0428,-0.0737,-0.4754],[-1.6669,-0.1847,-1.7831,-1.5186,-0.768 ],[-0.8408, 0.0463,-0.0757,-0.4687],0.1478
3810,[-0.85  , 0.0735,-0.042 ,-0.4337],[-0.5307,-0.1694, 1.5719, 1.0238,-0.3245],[-0.8521, 0.0711,-0.039 ,-0.4262],0.1885
3812,[-0.8566, 0.0846,-0.085 ,-0.4486],[2.373 ,9.058 ,0.1458,0.9883,0.9072],[-0.8585, 0.0856,-0.084 ,-0.4337],0.1885
3814,[-0.8631, 0.1341,-0.1812,-0.4482],[ 0.2313, 0.7261,-0.8903, 1.0117,-0.0107],[-0.8638, 0.1404,-0.1836,-0.434 ],0.1471
3820,[-0.8497,-0.0636, 0.0497,-0.4533],[0.6526,3.7858,1.5943,0.2398,0.68  ],[-0.8518,-0.063 , 0.0494,-0.4482],0.1874
3821,[-0.8526,-0.0654, 0.0761,-0.456 ],[1.0037,0.2674,9.4359,0.595 ,0.8457],[-0.8545,-0.0674, 0.0769,-0.4543],0.1843
3823,[-0.8638,-0.1322, 0.1967,-0.4532],[-0.5297,-0.6449, 1.5139, 0.2085,-0.0561],[-0.864 ,-0.1404, 0.203 ,-0.4409],0.1401
3832,[-0.8558, 0.1951,-0.1041,-0.4512],[1.1755,0.3529,1.0642,1.0403,0.9029],[-0.8594, 0.1872,-0.0851,-0.4341],0.1532
3834,[-0.8489, 0.1905,-0.2067,-0.4439],[-0.1205, 5.6687,-0.0155, 0.6592, 0.0415],[-0.8503, 0.1941,-0.2046,-0.4612],0.0801
3843,[-0.8644,-0.1718, 0.2243,-0.388 ],[ 1.7509,-0.3253, 3.013 , 0.9703, 0.282 ],[-0.8645,-0.1782, 0.2261,-0.3712],0.118
3900,[-0.8436, 0.0069,-0.0129,-0.8338],[ 0.8965,30.3546, 0.9106,28.3482, 0.3441],[-0.8472, 0.0074,-0.0109,-0.8213],0.1929
3901,[-0.8553,-0.016 , 0.0801,-0.6648],[-0.9573,-2.4414, 4.146 ,-1.0755,-2.1165],[-0.8577,-0.0236, 0.0856,-0.6534],0.2076
3902,[-0.8341, 0.041 ,-0.0766,-0.9541],[-0.9439,20.0374,-2.4291,18.2062,-1.4559],[-0.8379, 0.0457,-0.0789,-0.9474],0.1365
3910,[-0.8408, 0.0693,-0.0481,-0.7938],[ 0.5833, 0.2911,59.0213, 1.2505, 1.2969],[-0.8443, 0.0688,-0.0499,-0.7794],0.16
3912,[-0.8473, 0.0773,-0.085 ,-0.8276],[ 9.1982e-01, 3.0722e+00,-6.6945e-01, 8.0818e+02, 2.4987e-01],[-0.8507, 0.0798,-0.0855,-0.8098],0.1642
3914,[-0.8462, 0.1397,-0.1767,-0.8162],[ 1.3754, 4.3481,-1.5454,-0.0899,-1.1746],[-0.8485, 0.1461,-0.1778,-0.8001],0.1006
3920,[-0.8441,-0.0668, 0.0487,-0.7325],[ 3.1175,16.2725, 0.3292, 1.6674,-0.1094],[-0.8474,-0.0663, 0.0495,-0.7215],0.1712
3921,[-0.8468,-0.0671, 0.0638,-0.726 ],[ 0.9949,-0.3826,14.0279, 2.0128, 0.8791],[-0.85  ,-0.068 , 0.0628,-0.716 ],0.1746
3923,[-0.8648,-0.1241, 0.1893,-0.5488],[-0.9077,-2.0953,-0.2604,-0.8695,-1.3059],[-0.8655,-0.1331, 0.197 ,-0.5417],0.15
3930,[-0.8398, 0.1773,-0.0552,-0.5888],[-0.8934,-0.9924,-0.1496,-0.6759,-0.43  ],[-0.8441, 0.1692,-0.0582,-0.571 ],0.1199
3932,[-0.8428, 0.1826,-0.1272,-0.688 ],[ 0.253 , 0.4284,-0.2212, 1.1237,-0.1561],[-0.8467, 0.1798,-0.1179,-0.6797],0.1046
3934,[-0.8433, 0.1997,-0.2023,-0.7297],[ 0.1407, 2.5884,-1.5243, 2.2885,-0.0895],[-0.846 , 0.2031,-0.199 ,-0.7139],0.0659
4332,[-0.8135, 0.1725,-0.1573, 0.1856],[-0.3341,-0.3067, 0.4384,-0.824 , 0.8805],[-0.8133, 0.1702,-0.1439, 0.1709],0.0056
4334,[-0.8169, 0.1739,-0.1963, 0.1602],[ 0.2625, 1.3043,-1.3228,-0.7184, 0.875 ],[-0.8159, 0.1741,-0.1891, 0.1608],-0.0027
4800,[-0.8027, 0.0352,-0.0164,-0.4759],[ 0.2801, 0.5516, 0.2683,-0.4832, 0.9289],[-0.8049, 0.0341,-0.0155,-0.4791],0.0564
4802,[-0.8043, 0.0394,-0.0853,-0.4777],[-0.4155, 0.0645,-0.9547,-1.1914,-0.288 ],[-0.8059, 0.0434,-0.0871,-0.4749],0.0409
4810,[-0.8082, 0.0627,-0.0432,-0.4725],[ 0.0728,-0.5361, 0.2963,-0.4402, 0.3737],[-0.8104, 0.0616,-0.0408,-0.467 ],0.0619
4812,[-0.8094, 0.0761,-0.0807,-0.4736],[ 0.1295, 0.8067,-0.3907, 0.1199, 0.7071],[-0.8114, 0.077 ,-0.0784,-0.4747],0.0485
4820,[-0.7914,-0.0612, 0.0382,-0.4597],[ 0.2078, 0.425 ,-0.3175,-0.1397, 0.9313],[-0.7936,-0.0601, 0.0387,-0.4768],0.0179
4832,[-0.7967, 0.2264,-0.137 ,-0.4871],[-0.0979, 0.2197, 0.8557, 0.5926, 0.0516],[-0.8011, 0.2216,-0.118 ,-0.5052],-0.0316
4900,[-0.7943, 0.0021,-0.0183,-0.9189],[  2.8194,  2.1123,386.2693,  1.2385,  1.8687],[-0.7983, 0.0041,-0.0255,-0.925 ],0.0406
4901,[-0.7899,-0.0417, 0.0652,-0.98  ],[-0.0093,-1.6516, 3.6427, 0.98  ,-0.163 ],[-0.794 ,-0.0442, 0.0636,-0.9774],0.0157
4902,[-0.8008, 0.0296,-0.0732,-0.9153],[ -0.7391,195.3552, -0.4952, -0.5316,  0.263 ],[-0.8045, 0.034 ,-0.0749,-0.9199],0.0433
4910,[-0.8038, 0.0645,-0.0453,-0.8366],[-1.4205,-1.82  , 0.0809,-0.2953,-1.3634],[-0.8077, 0.064 ,-0.0448,-0.8347],0.0521
4912,[-0.8032, 0.0682,-0.0784,-0.8428],[ 1.7817,67.1072,-0.3224,-0.2457, 1.4655],[-0.8068, 0.0702,-0.0773,-0.8407],0.0387
4914,[-0.8092, 0.1304,-0.1781,-0.7389],[-0.4755,-1.5657,-3.1274,-1.385 ,-2.5891],[-0.8111, 0.1361,-0.1798,-0.733 ],-0.0003
4920,[-0.7997,-0.0684, 0.039 ,-0.8285],[1.9562,6.168 ,1.061 ,2.0876,0.8075],[-0.8035,-0.0672, 0.039 ,-0.8227],0.0412
4921,[-0.8025,-0.0679, 0.0628,-0.8244],[1.2145,0.0261,8.6211,0.2615,0.0458],[-0.8062,-0.0685, 0.0608,-0.8151],0.0425
4922,[-0.7998,-0.0607,-0.0647,-0.988 ],[-1.101 , 0.1417,-1.3587,-1.5622,-1.2407],[-0.8041,-0.0516,-0.0611,-0.9688],0.0404
4932,[-0.8014, 0.186 ,-0.138 ,-0.8034],[ 0.1651, 0.7848,-0.4034, 0.1318, 0.3803],[-0.8057, 0.1852,-0.1344,-0.8035],-0.0141
4934,[-0.7987, 0.1958,-0.1867,-0.778 ],[ 0.3706, 4.8508,-1.742 , 2.2589, 0.0494],[-0.8019, 0.1979,-0.1826,-0.7634],-0.0398
5700,[-0.7336,-0.0323, 0.0353,-0.3629],[-0.229 , 0.5943, 0.2324,-0.756 , 0.6246],[-0.7352,-0.0328, 0.037 ,-0.3803],-0.1082
5720,[-0.7491,-0.0595, 0.0412,-0.3399],[-0.2767, 0.2291,-0.5213,-0.6943, 0.1453],[-0.7507,-0.0586, 0.0388,-0.3445],-0.0827
5721,[-0.7477,-0.0603, 0.0751,-0.3529],[ 0.0644,-0.5334, 1.1305,-0.1792, 0.3496],[-0.7491,-0.0614, 0.0739,-0.3522],-0.0943
5800,[-0.7436,-0.0139, 0.0124,-0.4655],[-0.4744,-0.5229,-0.025 ,-1.3695, 0.5544],[-0.7458,-0.0139, 0.0118,-0.4788],-0.0838
5801,[-0.7422,-0.0401, 0.0634,-0.4382],[-0.4741,-1.1856,-0.5145,-1.5922,-0.1651],[-0.744 ,-0.0417, 0.0629,-0.4428],-0.0979
5802,[-0.7525, 0.0495,-0.0629,-0.4889],[-0.4832,-0.724 ,-1.1641,-1.0932,-0.1066],[-0.7546, 0.0508,-0.065 ,-0.4922],-0.0779
5810,[-0.7614, 0.0603,-0.0535,-0.4784],[-0.072 ,-0.1459,-0.0548,-0.4851, 0.2858],[-0.7637, 0.0599,-0.0461,-0.4849],-0.0547
5812,[-0.7574, 0.0683,-0.0836,-0.4818],[ 0.041 , 0.8213,-0.5526,-0.3325, 1.5078],[-0.7593, 0.0697,-0.0822,-0.4861],-0.0762
5820,[-0.7554,-0.0613, 0.0471,-0.452 ],[-0.4415,-0.2715,-0.8681,-0.4889, 0.4352],[-0.7575,-0.0608, 0.0453,-0.4578],-0.0688
5821,[-0.7508,-0.0741, 0.0793,-0.4365],[-0.2602,-0.3672, 1.5818,-0.715 , 0.2839],[-0.7527,-0.0748, 0.0763,-0.4432],-0.0894
5900,[-0.7537, 0.0013,-0.0048,-0.8126],[2.4035e+00,1.6971e+00,7.4340e+02,6.0115e-01,1.9484e+00],[-0.7573, 0.0018,-0.0091,-0.8266],-0.0578
5901,[-0.7492,-0.0362, 0.0627,-0.7713],[-0.0684,-0.8475,40.5254,-0.1613, 1.7063],[-0.7525,-0.0384, 0.062 ,-0.7822],-0.0789
5902,[-0.7589, 0.0367,-0.0672,-0.8186],[-11.692 ,-10.4256,-12.4944,-12.6557,-11.4758],[-0.7623, 0.0394,-0.0689,-0.8263],-0.0599
5910,[-0.7575, 0.0665,-0.0406,-0.821 ],[-1.8542,-1.6861,-0.0521,-2.3984, 0.3854],[-0.7614, 0.0656,-0.0393,-0.8317],-0.0609
5912,[-0.7623, 0.0708,-0.0764,-0.8204],[-1.8959,-0.7127,-4.1141,-3.7493,-1.1657],[-0.7659, 0.0721,-0.0749,-0.8275],-0.0607
5914,[-0.748 , 0.1469,-0.1807,-0.9633],[-1.1387, 0.7892,-1.8042,-1.4483,-1.155 ],[-0.7509, 0.1513,-0.1828,-0.9636],-0.1341
5920,[-0.7607,-0.0667, 0.0392,-0.7652],[-0.8998,-0.8272,-1.8862,-2.1871,-0.2743],[-0.7643,-0.0654, 0.0351,-0.773 ],-0.0538
5921,[-0.7497,-0.0766, 0.081 ,-0.7628],[ 0.478 ,-0.6269,15.5941, 0.0428, 2.4966],[-0.7531,-0.0775, 0.0764,-0.7733],-0.0896
5922,[-0.7669,-0.0781,-0.057 ,-0.8227],[-0.977 ,-0.8821,-1.7448,-0.9295,-1.2551],[-0.7708,-0.07  ,-0.0524,-0.8394],-0.0449
5923,[-0.7451,-0.1421, 0.175 ,-0.867 ],[-1.1039,-2.3256, 2.304 , 1.4471,-0.3737],[-0.7477,-0.1458, 0.1736,-0.8563],-0.1367
5932,[-0.7573, 0.1804,-0.1394,-0.7677],[ 0.0531, 0.1371,-0.8899,-0.3084, 0.2053],[-0.7612, 0.1799,-0.1349,-0.7693],-0.1098
5934,[-0.7567, 0.1939,-0.2146,-0.7651],[ 0.2505, 2.8826,-0.8176, 0.3909, 0.7058],[-0.759 , 0.1973,-0.2122,-0.7541],-0.136
5941,[-0.7751,-0.1669, 0.1324,-0.7719],[ 0.2087,-0.1053, 0.056 ,-0.2716, 0.3944],[-0.7792,-0.1662, 0.1213,-0.7908],-0.0669
6600,[-0.6996,-0.0163, 0.0189,-0.2395],[-0.486 , 0.2422,-0.0263,-0.858 , 0.7059],[-0.7006,-0.0165, 0.0192,-0.2519],-0.1682
6601,[-0.6902,-0.0235, 0.0919,-0.2449],[-0.7046,-1.2733, 0.1963,-1.1773,-0.3811],[-0.6905,-0.0274, 0.1093,-0.2617],-0.1976
6700,[-6.9603e-01, 4.7420e-03,-3.5938e-04,-3.4810e-01],[-0.4465,-0.2154, 0.0723,-1.3669, 2.9221],[-0.6976, 0.0045, 0.0009,-0.3593],-0.1711
6701,[-0.6993,-0.0216, 0.0704,-0.3464],[-0.7463,-2.7364, 0.1193,-2.3292, 0.263 ],[-0.7006,-0.024 , 0.0684,-0.3503],-0.1742
6702,[-0.6951, 0.0272,-0.0705,-0.3458],[-0.9044,-0.0781,-1.6939,-2.3713,-0.0071],[-0.6963, 0.0293,-0.0688,-0.3521],-0.1821
6712,[-0.6951, 0.0669,-0.0858,-0.36  ],[-0.5977, 0.3515,-1.0769,-0.9943, 0.7126],[-0.6966, 0.0677,-0.0765,-0.3666],-0.1896
6721,[-0.6995,-0.0859, 0.1507,-0.3536],[ 0.1341,-0.9994, 0.9265,-1.0525, 0.2381],[-0.6999,-0.0893, 0.1523,-0.3559],-0.2009
6800,[-0.698 , 0.0055,-0.0007,-0.4505],[-33.5627,-34.0281,-33.6   ,-34.9525,-32.8831],[-7.0003e-01, 5.2273e-03,-5.3297e-05,-4.6200e-01],-0.1667
6801,[-0.6981,-0.0146, 0.0758,-0.4562],[ -8.7346, -9.7853, -7.9767,-10.2256, -8.1968],[-0.6997,-0.0177, 0.0753,-0.4671],-0.1758
6802,[-0.6979, 0.0266,-0.0725,-0.4535],[-7.5964,-6.7601,-8.5951,-9.1413,-6.4753],[-0.6996, 0.0291,-0.0727,-0.4639],-0.1774
6803,[-0.6945,-0.0335, 0.1717,-0.4958],[-1.0111,-1.3218,-0.6563,-0.9474,-0.6556],[-0.6949,-0.0397, 0.1583,-0.4957],-0.201
6810,[-0.7028, 0.0647,-0.0347,-0.47  ],[-0.556 ,-0.597 ,-0.1994,-1.6011, 0.4174],[-0.7051, 0.0633,-0.0285,-0.4838],-0.1671
6812,[-0.7021, 0.0684,-0.0941,-0.453 ],[-0.8069, 0.5204,-2.177 ,-2.0214,-0.0338],[-0.7039, 0.0699,-0.0892,-0.4625],-0.1801
6820,[-0.7267,-0.061 , 0.0475,-0.47  ],[-0.2422,-0.0971,-0.3516,-0.6874, 0.0479],[-0.7289,-0.0605, 0.0439,-0.4854],-0.1271
6821,[-0.7143,-0.0724, 0.1014,-0.4443],[-0.479 ,-1.4436, 1.008 ,-1.263 , 0.2539],[-0.7158,-0.0743, 0.1002,-0.4509],-0.163
6900,[-0.7143, 0.0077,-0.0021,-0.6259],[ 8.3789e-01, 1.0567e+00, 1.7786e+00,-2.1912e-01, 4.6717e+02],[-0.7171, 0.0074,-0.0018,-0.6441],-0.1374
6901,[-0.7113,-0.026 , 0.0702,-0.5976],[ 0.5952,-1.4967,27.2524,-1.7991, 0.1114],[-0.7138,-0.0285, 0.068 ,-0.6111],-0.1526
6902,[-0.7113, 0.0312,-0.0694,-0.6051],[-0.1914,40.4066,-0.7938,-0.8428, 3.0255],[-0.7137, 0.0335,-0.0681,-0.6201],-0.1534
6903,[-0.6943,-0.0317, 0.167 ,-0.5261],[-1.4174,-1.6872,-1.2568,-1.0699,-1.1941],[-0.695 ,-0.0378, 0.1531,-0.5424],-0.1997
6910,[-0.7138, 0.0681,-0.0333,-0.6843],[-0.9907,-1.5271, 0.5548,-1.3859,15.8309],[-0.7171, 0.0667,-0.0293,-0.7014],-0.1473
6911,[-0.7188, 0.0607, 0.064 ,-0.8619],[-2.1175,-2.7811,-1.0673,-1.9281,-2.3469],[-0.7227, 0.0543, 0.0584,-0.8819],-0.1403
6912,[-0.7121, 0.074 ,-0.0903,-0.6696],[-1.0526, 2.8217,-2.6428,-2.1681,13.7875],[-0.7149, 0.0754,-0.0866,-0.6873],-0.1623
6914,[-0.7128, 0.1251,-0.185 ,-0.7616],[-0.5741, 1.8902,-1.8943,-0.8133,-0.4411],[-0.7145, 0.1296,-0.1866,-0.7633],-0.1916
6920,[-0.7292,-0.061 , 0.0461,-0.6367],[-0.3016,-0.4673,-1.2183,-1.4775,-0.3145],[-0.7322,-0.0604, 0.0406,-0.6466],-0.1203
6921,[-0.7213,-0.0691, 0.0993,-0.6642],[-0.3909,-2.5407, 3.1441,-1.8412, 2.4784],[-0.7239,-0.0714, 0.0989,-0.6782],-0.1487
6923,[-0.726 ,-0.1082, 0.1716,-0.8933],[-0.0922,-2.3184, 0.3311,-0.1874,-0.9288],[-0.7284,-0.1133, 0.1722,-0.9124],-0.1636
6932,[-0.7139, 0.1799,-0.1466,-0.7978],[-0.3139,-0.1309,-0.0156,-0.2525, 0.1078],[-0.7179, 0.18  ,-0.142 ,-0.7927],-0.1871
6934,[-0.721 , 0.1711,-0.1878,-0.7453],[ 0.165 , 0.6414,-1.2281, 0.3747,-0.0965],[-0.7235, 0.1736,-0.1838,-0.7456],-0.1853
7402,[-0.6635,-0.0475,-0.1421, 0.0064],[-0.7406,-0.2452,-1.6343,-1.6391,-0.2785],[-0.6625,-0.0404,-0.1374,-0.0087],-0.2429
7422,[-0.6695,-0.1403,-0.1222, 0.0208],[-4.577 ,-4.0323,-6.6382,-5.626 ,-2.9083],[-0.6697,-0.1298,-0.1277, 0.0117],-0.2452
7424,[-0.6648,-0.0759,-0.1706, 0.0193],[-2.812 ,-2.0732,-3.2388,-2.7882,-2.6372],[-0.6633,-0.0664,-0.1735, 0.0058],-0.2507
7442,[-0.6662,-0.1834,-0.0921, 0.0191],[-2.9562,-2.6037,-4.4843,-3.6262,-1.7307],[-0.6676,-0.1724,-0.1012, 0.017 ],-0.2501
7500,[-0.6701,-0.002 ,-0.0292,-0.0975],[-0.87  ,-1.811 ,-1.2776,-1.8078, 0.3392],[-0.6705,-0.001 ,-0.0206,-0.1088],-0.21
7502,[-0.666 ,-0.0334,-0.1236,-0.1008],[-2.6817,-1.6788,-4.6253,-3.9758,-1.8687],[-0.6657,-0.0274,-0.1174,-0.1108],-0.2343
7504,[-0.6587,-0.0261,-0.1795,-0.0919],[-4.3288,-4.0713,-6.2643,-4.9099,-3.7373],[-0.6571,-0.0182,-0.1775,-0.1013],-0.2529
7522,[-0.671 ,-0.1277,-0.1265,-0.0736],[-3.9672,-2.3074,-8.0631,-6.5159,-1.7019],[-0.6714,-0.1174,-0.131 ,-0.0881],-0.2417
7524,[-0.6671,-0.0781,-0.1731,-0.0911],[-6.2302,-5.3722,-7.2005,-6.715 ,-5.9951],[-0.6659,-0.068 ,-0.1769,-0.1027],-0.2482
7542,[-0.6638,-0.197 ,-0.0795,-0.01  ],[-19.9121,-17.5861,-21.9049,-21.4664,-18.1008],[-0.6654,-0.1879,-0.0874,-0.0168],-0.2531
7600,[-0.6743, 0.0022,-0.0226,-0.2129],[-1.7339,-3.1274,-2.5305,-3.5369,-0.8003],[-0.6752, 0.0028,-0.0153,-0.2253],-0.2038
7601,[-6.7667e-01, 4.2861e-04, 6.5141e-02,-2.3088e-01],[-2.491 ,-2.3976,-1.0451,-2.485 ,-1.1483],[-0.6774,-0.0023, 0.0612,-0.237 ],-0.2068
7602,[-0.6702,-0.0341,-0.1251,-0.2124],[-22.1778,-21.0982,-24.5831,-23.9123,-21.0833],[-0.6703,-0.0277,-0.1193,-0.2255],-0.2284
7604,[-0.6642,-0.0278,-0.1786,-0.2135],[-15.9475,-14.7448,-17.6561,-16.5217,-15.9781],[-0.6631,-0.0195,-0.1774,-0.2217],-0.2457
7612,[-0.6478, 0.0567,-0.0999,-0.2362],[-0.7704, 0.603 ,-1.4978,-1.2717, 0.1387],[-0.6485, 0.0583,-0.0928,-0.2508],-0.2568
7622,[-0.6722,-0.0806,-0.1429,-0.167 ],[ -8.4285, -6.2249,-11.926 ,-10.8104, -6.576 ],[-0.6721,-0.0714,-0.1433,-0.182 ],-0.2358
7624,[-0.6695,-0.0711,-0.1738,-0.1886],[-7.2962,-6.6206,-9.1321,-8.0069,-6.4541],[-0.6686,-0.0611,-0.1769,-0.2018],-0.2436
7700,[-0.6785, 0.0029,-0.0194,-0.3318],[-16.9198,-17.3443,-17.5481,-18.6004,-16.1538],[-0.68  , 0.0033,-0.0113,-0.3449],-0.1966
7701,[-0.6832,-0.0082, 0.0749,-0.334 ],[-4.1242,-4.5736,-1.6413,-4.662 ,-3.1098],[-0.6843,-0.0112, 0.073 ,-0.3429],-0.1988
7702,[-0.6727,-0.0093,-0.105 ,-0.305 ],[-23.1754,-21.7439,-25.737 ,-25.6227,-22.3468],[-0.6734,-0.0047,-0.0961,-0.3189],-0.218
7704,[-0.6637,-0.0057,-0.1791,-0.295 ],[-15.9887,-14.1871,-17.0784,-15.9431,-15.0737],[-0.6629, 0.0018,-0.177 ,-0.3062],-0.2446
7710,[-0.664 , 0.0611,-0.0359,-0.3423],[-1.2846,-1.4923,-0.8064,-1.9742,-0.1889],[-0.6657, 0.0599,-0.0269,-0.3537],-0.2254
7712,[-0.6617, 0.0633,-0.109 ,-0.3295],[-0.9797, 0.2295,-2.1163,-2.1568, 0.6457],[-0.6627, 0.0651,-0.1   ,-0.3431],-0.2404
7714,[-0.6496, 0.0684,-0.1964,-0.3064],[-1.163 ,-0.1194,-2.9973,-1.8854,-0.3491],[-0.6487, 0.0734,-0.193 ,-0.3117],-0.2717
7800,[-0.6832, 0.0086,-0.0109,-0.4206],[-61.8234,-62.0833,-61.9154,-62.9769,-61.2237],[-0.685 , 0.0085,-0.005 ,-0.4335],-0.1897
7801,[-0.6854,-0.0055, 0.0777,-0.4329],[-7.9549,-9.1219,-6.5528,-9.0185,-7.7338],[-0.6869,-0.009 , 0.0781,-0.4449],-0.1958
7802,[-0.678 , 0.0209,-0.0857,-0.4174],[-29.2355,-27.7064,-30.1112,-30.3617,-28.7542],[-0.6794, 0.0237,-0.0789,-0.4298],-0.2085
7803,[-0.6877,-0.0328, 0.1777,-0.4872],[-0.9878,-1.5806,-0.3339,-1.0504,-1.0283],[-0.688 ,-0.0391, 0.1619,-0.5043],-0.2116
7804,[-0.6656, 0.0392,-0.1823,-0.415 ],[-1.8284,-1.4671,-3.7352,-3.0572,-1.4762],[-0.6652, 0.0454,-0.1807,-0.4291],-0.2462
7810,[-0.6719, 0.0631,-0.0301,-0.4533],[-2.3199,-2.8764,-2.2161,-3.6114,-1.6801],[-0.6741, 0.0617,-0.0241,-0.4617],-0.2144
7812,[-0.6688, 0.0703,-0.1128,-0.4487],[-2.7026,-1.7436,-3.8758,-3.8411,-1.47  ],[-0.6703, 0.0722,-0.1053,-0.4615],-0.2323
7814,[-0.6654, 0.0712,-0.188 ,-0.4556],[-2.5549,-1.1661,-4.0359,-3.22  ,-1.6591],[-0.6652, 0.0763,-0.1851,-0.463 ],-0.2512
7900,[-0.6848, 0.0298,-0.0052,-0.5242],[-13.8498,-13.9877,-13.7561,-14.0953,-13.4398],[-0.6871, 0.0286,-0.0008,-0.5347],-0.1895
7901,[-0.6854, 0.0109, 0.084 ,-0.5341],[-4.4052,-5.2068,-3.0931,-5.0263,-3.9616],[-0.6873, 0.0062, 0.0866,-0.5467],-0.1962
7902,[-0.6838, 0.0428,-0.0896,-0.523 ],[-5.5335,-4.8629,-6.0791,-6.2326,-5.2586],[-0.6857, 0.0452,-0.087 ,-0.5332],-0.204
7904,[-0.6769, 0.0506,-0.1718,-0.5051],[-0.7532,-0.6829,-0.777 ,-0.5486,-0.6267],[-0.6772, 0.0564,-0.1708,-0.5209],-0.2308
7910,[-0.6798, 0.0695,-0.0254,-0.5747],[-3.7819,-4.5114,-3.181 ,-4.4719,-3.2512],[-0.6826, 0.0676,-0.019 ,-0.5834],-0.2023
7912,[-0.6777, 0.0801,-0.1096,-0.5676],[-2.6126,-0.982 ,-4.1617,-3.7966,-1.7947],[-0.6799, 0.0817,-0.1018,-0.5796],-0.2202
7914,[-0.6681, 0.1025,-0.1905,-0.5783],[-0.836 , 3.2118,-2.3667,-1.4398,-0.7917],[-0.6687, 0.1069,-0.1879,-0.5907],-0.2514
7932,[-0.6796, 0.1765,-0.1543,-0.8443],[-0.4345, 0.6668,-0.385 ,-0.6643, 0.5449],[-0.6835, 0.1773,-0.1535,-0.8403],-0.2384
7934,[-0.6637, 0.1709,-0.1869,-0.8069],[ 0.9092, 0.4604,-1.749 ,-0.8005,-0.6012],[-0.6668, 0.1728,-0.1757,-0.8248],-0.2619
8614,[-0.6436, 0.0845,-0.2003,-0.2473],[-1.0523, 0.8005,-2.4581,-1.8301, 0.0567],[-0.6426, 0.0888,-0.1934,-0.2642],-0.2806
8712,[-0.6427, 0.1023,-0.148 ,-0.3374],[-1.3233,-0.0222,-2.2135,-2.3304,-0.4622],[-0.6436, 0.104 ,-0.1349,-0.3538],-0.2739
8714,[-0.6416, 0.0843,-0.1873,-0.3291],[-1.729 , 0.5576,-3.3689,-2.4642,-0.7123],[-0.6413, 0.0881,-0.1778,-0.3373],-0.2799
8812,[-0.6426, 0.0916,-0.1458,-0.4299],[-2.2088,-1.4247,-2.5772,-2.5537,-1.36  ],[-0.6438, 0.0936,-0.1315,-0.4437],-0.2719
8814,[-0.6424, 0.0721,-0.1935,-0.4248],[-1.747 , 0.559 ,-3.1545,-1.8439,-1.3217],[-0.6422, 0.0768,-0.185 ,-0.4313],-0.2785
