100,[-0.9595,-0.0055, 0.0116, 0.3894],[1.4674,0.711 ,0.6791,0.9278,2.1833],[-0.9577,-0.0066, 0.0105, 0.3971],0.285
101,[-0.96  ,-0.0393, 0.0736, 0.3994],[ 0.0962,-0.2419, 0.8555, 0.4314, 0.4349],[-0.958 ,-0.0466, 0.0794, 0.386 ],0.2577
102,[-0.9604, 0.0497,-0.0895, 0.3807],[-0.01  , 0.9783,-0.0032,-0.3647, 1.2652],[-0.9584, 0.0583,-0.0955, 0.3901],0.2451
110,[-0.9566, 0.0656,-0.0384, 0.3867],[ 0.1184,-0.2688, 0.5362, 0.3289, 0.4985],[-0.955 , 0.0579,-0.0383, 0.3986],0.2815
112,[-0.9584, 0.0777,-0.0938, 0.3869],[1.9521,1.289 ,0.5239,0.7488,1.1983],[-0.9565, 0.078 ,-0.0905, 0.3933],0.2461
121,[-0.9591,-0.0804, 0.0818, 0.3948],[1.3104,0.8679,0.7939,0.5219,1.8509],[-0.9574,-0.0773, 0.0784, 0.4044],0.2482
200,[-9.6079e-01, 2.6269e-03,-4.4455e-04, 2.8870e-01],[ 0.6074, 0.862 , 2.1381, 0.7337,-0.2395],[-0.9595, 0.0024,-0.0021, 0.2979],0.2813
201,[-0.9606,-0.0334, 0.0689, 0.2842],[-0.2767,-1.2861, 0.7852, 0.1816,-0.4629],[-0.9591,-0.0425, 0.0755, 0.2908],0.2574
202,[-0.9611, 0.0392,-0.0734, 0.2934],[-0.3753, 1.8163,-0.6202,-0.1548,-0.7995],[-0.9595, 0.0484,-0.0819, 0.3022],0.2507
210,[-0.9611, 0.0723,-0.0262, 0.2902],[-0.7187,-1.4691, 0.7034,-0.7553,-0.8339],[-0.96  , 0.0546,-0.0059, 0.3009],0.271
212,[-0.9615, 0.0949,-0.1019, 0.2869],[0.2494,3.4524,0.8788,2.5268,0.0781],[-0.9601, 0.0929,-0.0968, 0.2971],0.2244
214,[-0.9631, 0.1448,-0.1725, 0.2956],[ 0.3101, 0.41  ,-0.5016, 0.1597, 0.2626],[-0.9615, 0.147 ,-0.1716, 0.2989],0.1685
220,[-0.9617,-0.0676, 0.0376, 0.2801],[-0.4888, 0.0416,-1.1615,-0.661 ,-0.7329],[-0.9606,-0.0549, 0.0218, 0.2871],0.2655
221,[-0.9611,-0.0952, 0.1056, 0.2862],[0.8384,0.0869,2.5111,2.4938,0.2698],[-0.9597,-0.0946, 0.1035, 0.2969],0.2226
223,[-0.9595,-0.1498, 0.1812, 0.2731],[ 0.1635,-0.3675, 2.2036,-0.2677, 0.0473],[-0.9578,-0.1532, 0.1832, 0.2818],0.1734
232,[-0.9631, 0.1801,-0.1411, 0.2794],[-0.1506,-0.7325, 1.1033,-0.225 ,-0.4071],[-0.9628, 0.1609,-0.117 , 0.2908],0.1803
234,[-0.9627, 0.2039,-0.2067, 0.2751],[ 0.4278, 2.1753,-0.1724, 0.5657, 0.5331],[-0.9617, 0.1967,-0.1947, 0.283 ],0.1389
236,[-0.9704, 0.2605,-0.2812, 0.2649],[ 0.0537, 1.2239,-0.024 , 0.6607, 0.5084],[-0.969 , 0.2563,-0.2749, 0.2789],0.0621
241,[-0.9639,-0.1754, 0.1464, 0.2648],[ 0.0919, 0.3867,-0.7734,-0.2899,-0.4382],[-0.9634,-0.1606, 0.1307, 0.2777],0.1728
243,[-0.9599,-0.1963, 0.213 , 0.2844],[ 1.754 ,-0.0294, 0.6136, 2.3488, 0.1097],[-0.9585,-0.1942, 0.2106, 0.2946],0.1437
300,[-0.9622,-0.0037, 0.0037, 0.1759],[-0.6702,-1.484 ,-1.1507, 0.9105,-2.3338],[-0.9614,-0.0037, 0.0038, 0.1869],0.2741
301,[-0.9618,-0.0401, 0.0728, 0.176 ],[-1.5297,-2.1539,-0.148 ,-1.1492,-2.0958],[-0.9607,-0.0498, 0.0812, 0.1848],0.246
302,[-0.9621, 0.0366,-0.0735, 0.1775],[-2.3011,-1.1367,-2.6807,-2.1035,-2.4883],[-0.961 , 0.0479,-0.0838, 0.1875],0.2445
310,[-0.9626, 0.0746,-0.0318, 0.1832],[-2.1222,-2.405 ,-0.0583,-2.3634,-2.2187],[-0.962 , 0.0568,-0.0109, 0.1938],0.2624
312,[-0.9631, 0.0997,-0.1074, 0.1764],[-0.3523, 0.2806,-1.7587, 1.5082,-1.7524],[-0.9622, 0.0988,-0.103 , 0.1874],0.2125
314,[-0.9631, 0.1451,-0.1856, 0.1714],[-0.2355, 0.8865,-1.251 ,-0.2891,-0.9822],[-0.9616, 0.1535,-0.1919, 0.1802],0.1577
320,[-0.9628,-0.0719, 0.0321, 0.1671],[-2.1859,-0.677 ,-2.6357,-1.576 ,-2.1677],[-0.9622,-0.056 , 0.0157, 0.1777],0.2599
321,[-0.9628,-0.0912, 0.0994, 0.178 ],[ 1.2006,-0.616 , 1.5159, 2.7148,-0.3545],[-0.9619,-0.0909, 0.0969, 0.1899],0.2188
323,[-0.9624,-0.1457, 0.1825, 0.178 ],[-1.0231,-1.4302, 1.243 , 0.0503,-1.0222],[-0.9609,-0.153 , 0.1871, 0.1876],0.1618
332,[-0.9628, 0.186 ,-0.1333, 0.1763],[-1.6618,-1.9154, 0.1695,-0.9495,-1.6771],[-0.963 , 0.1644,-0.109 , 0.188 ],0.1811
334,[-0.9644, 0.2018,-0.2139, 0.1777],[ 0.5754, 1.1548,-1.2954, 2.0257,-0.7885],[-0.9635, 0.1994,-0.2076, 0.1888],0.1269
336,[-0.9699, 0.2527,-0.2931, 0.1755],[ 0.5024, 2.4002,-0.5217, 0.5239,-0.0597],[-0.9681, 0.2567,-0.2946, 0.1866],0.0578
340,[-0.9578,-0.195 , 0.0386, 0.2324],[-0.3338, 0.0854,-1.027 ,-0.5195,-0.5294],[-0.9587,-0.1502, 0.0095, 0.2453],0.2395
341,[-0.9643,-0.1859, 0.1437, 0.185 ],[-1.3056, 0.0124,-1.8678,-1.2183,-1.5616],[-0.9645,-0.1654, 0.1188, 0.1951],0.1721
343,[-0.9655,-0.2061, 0.2149, 0.1793],[ 0.6133,-1.3409, 0.8286, 0.8232,-1.0735],[-0.9647,-0.2026, 0.2084, 0.1904],0.1219
345,[-0.96  ,-0.2498, 0.2999, 0.1716],[ 0.4197,-0.6007, 1.396 , 0.1837,-0.707 ],[-0.9578,-0.256 , 0.3084, 0.1848],0.0815
354,[-0.9617, 0.2962,-0.2429, 0.168 ],[-0.8826,-1.2064,-0.2639,-0.7879,-1.1607],[-0.963 , 0.2759,-0.2152, 0.1794],0.0952
356,[-0.9671, 0.2998,-0.3124, 0.1665],[ 0.4315, 0.9638,-1.0509, 1.1194,-0.7171],[-0.9664, 0.2953,-0.3031, 0.1801],0.0439
363,[-0.9653,-0.2936, 0.2471, 0.1666],[-1.299 ,-0.3373,-1.4468,-0.8495,-1.3922],[-0.9662,-0.2754, 0.2292, 0.1746],0.0807
365,[-0.9593,-0.301 , 0.3145, 0.1692],[ 0.4198,-0.7795, 1.049 , 0.2362,-1.4564],[-0.9584,-0.298 , 0.311 , 0.1811],0.0614
400,[-0.9635,-0.007 , 0.0011, 0.061 ],[ 0.5226, 2.6019, 1.514 ,10.7665,-0.9024],[-0.9631,-0.0055, 0.0015, 0.0749],0.2675
401,[-0.9627,-0.0405, 0.0719, 0.0652],[-0.9681,-2.1087, 1.0948,-0.8797,-2.016 ],[-0.962 ,-0.0515, 0.0828, 0.0777],0.2398
402,[-0.9637, 0.0339,-0.0745, 0.0588],[-1.2432,-0.2276,-2.4947,-1.4635,-2.8486],[-0.963 , 0.0477,-0.0858, 0.0716],0.2363
404,[-0.9572, 0.0519,-0.1745, 0.0692],[-0.743 , 0.1648,-0.807 ,-0.3279,-0.5007],[-0.9551, 0.0834,-0.1966, 0.0838],0.2059
410,[-0.9637, 0.074 ,-0.0307, 0.0615],[-1.5079,-1.9065, 0.6483,-1.6795,-2.376 ],[-0.9636, 0.0562,-0.0116, 0.0725],0.2564
412,[-0.965 , 0.0985,-0.1102, 0.0639],[ 2.2163, 2.5122,-1.166 , 2.2933,-1.6683],[-0.9645, 0.1006,-0.1097, 0.0764],0.2009
414,[-0.9643, 0.1429,-0.1859, 0.067 ],[-0.6016,-0.2322,-1.4983, 1.6519,-1.3762],[-0.9631, 0.1547,-0.1952, 0.0796],0.1509
420,[-0.9625,-0.08  , 0.0254, 0.0558],[-2.1213,-0.4361,-2.3411,-1.1857,-2.5537],[-0.9625,-0.0596, 0.0057, 0.0675],0.2581
421,[-0.9639,-0.0969, 0.099 , 0.062 ],[ 0.262 , 0.219 , 3.3836, 5.5657,-0.2565],[-0.9635,-0.0958, 0.0956, 0.0748],0.2118
422,[-0.97  ,-0.0758,-0.0665, 0.0307],[-0.5171,-0.0463,-1.1836,-0.4173,-0.3797],[-0.9695,-0.0146,-0.1132, 0.0437],0.2134
423,[-0.9628,-0.1444, 0.1825, 0.0674],[-0.3994,-1.5582, 0.5534,-0.7406,-1.7144],[-0.9617,-0.1546, 0.1897, 0.0777],0.1576
432,[-0.9644, 0.187 ,-0.1386, 0.0665],[-1.3621,-1.8919,-0.6377,-0.9572,-1.9285],[-0.9651, 0.1672,-0.1165, 0.0779],0.1703
434,[-0.9668, 0.2069,-0.2209, 0.0623],[-0.5907, 0.6165,-1.6231, 1.2247,-1.5599],[-0.9662, 0.208 ,-0.2185, 0.0747],0.111
436,[-0.963 , 0.2519,-0.2964, 0.0603],[ 0.118 , 1.5453,-0.3414, 0.9345,-0.724 ],[-0.9614, 0.26  ,-0.3023, 0.0723],0.0718
440,[-0.9702,-0.1783, 0.0346, 0.0444],[-0.4809,-0.2321,-0.7756,-0.3227,-0.4344],[-0.9713,-0.1141,-0.0146, 0.0582],0.2004
441,[-0.9626,-0.1914, 0.1324, 0.0513],[-1.713 ,-0.7869,-2.5402,-1.2489,-2.5217],[-0.9635,-0.1693, 0.1086, 0.0625],0.1776
443,[-0.9642,-0.2206, 0.2137, 0.0529],[-0.9179,-1.5702, 0.1383, 0.8549,-1.8831],[-0.9642,-0.2157, 0.2057, 0.065 ],0.1192
445,[-0.9649,-0.2599, 0.2951, 0.0406],[-0.5001,-1.0194, 0.8876, 0.0952,-0.9984],[-0.9636,-0.2672, 0.3013, 0.0547],0.0631
454,[-0.9684, 0.2999,-0.2428, 0.0649],[-1.0578,-1.2103,-0.6856,-1.0758,-1.8496],[-0.9699, 0.2792,-0.2207, 0.0792],0.0718
456,[-0.969 , 0.3239,-0.3322, 0.0518],[-0.4546, 0.0179,-1.0585, 1.1423,-1.8106],[-0.9687, 0.3225,-0.326 , 0.0658],0.0183
458,[-0.9624, 0.3477,-0.4113, 0.0403],[ 0.3678, 4.0339,-0.4066, 0.9007,-0.7104],[-0.9598, 0.3543,-0.4177, 0.0538],-0.0078
461,[-0.9612,-0.2951, 0.1416, 0.0572],[-0.7709, 0.1267,-0.5762,-0.6262,-0.5488],[-0.965 ,-0.2407, 0.0693, 0.0712],0.1601
463,[-0.9636,-0.3045, 0.2433, 0.0497],[-2.2593,-1.6571,-2.2207,-1.8502,-2.7444],[-0.9655,-0.2849, 0.219 , 0.0623],0.0829
465,[-0.9661,-0.3154, 0.3187, 0.0503],[-1.1606,-1.8915,-0.5829,-0.0809,-2.3954],[-0.966 ,-0.3123, 0.3117, 0.0626],0.0352
485,[-0.9588,-0.401 , 0.3274, 0.0049],[-1.5851,-1.6211,-1.963 ,-1.6655,-2.5353],[-0.962 ,-0.3869, 0.3024, 0.0205],0.0196
500,[-0.9643,-0.0152, 0.0041,-0.0583],[ 1.1967, 3.0364, 0.8084,17.0226,-0.6307],[-0.9644,-0.0117, 0.0034,-0.0433],0.2618
501,[-0.9622,-0.0324, 0.0755,-0.0529],[-1.4376,-1.8028, 0.8173,-0.9583,-2.243 ],[-0.9619,-0.0482, 0.0911,-0.0385],0.238
502,[-0.9651, 0.0288,-0.0766,-0.0555],[-0.206 , 1.4124,-1.4167,-0.697 ,-1.814 ],[-0.9649, 0.0469,-0.0909,-0.0415],0.228
503,[-0.9556,-0.0478, 0.1796,-0.041 ],[-0.051 ,-0.3314, 0.0135,-0.2861, 0.0212],[-0.9537,-0.0822, 0.2027,-0.0278],0.2088
504,[-0.9568, 0.0478,-0.168 ,-0.0624],[-0.0363, 0.259 ,-0.8216,-0.0968,-0.3548],[-0.9553, 0.08  ,-0.1871,-0.0479],0.2101
510,[-0.9613, 0.0787,-0.0245,-0.0619],[-1.1463,-1.9576, 0.8706,-0.1344,-1.8362],[-0.9618, 0.0594,-0.0054,-0.0485],0.2604
511,[-0.9562, 0.0699, 0.0673,-0.0526],[ 0.1068,-0.0338, 0.0054,-0.3117,-0.0404],[-0.9559, 0.0252, 0.1165,-0.0372],0.2595
512,[-0.9654, 0.1019,-0.1091,-0.0558],[ 0.5565, 0.5272,-0.959 , 5.4252,-1.3901],[-0.9655, 0.1047,-0.1099,-0.0416],0.1959
514,[-0.9666, 0.1417,-0.1869,-0.05  ],[-0.2024, 1.3391,-1.0831, 0.7697,-1.2048],[-0.9658, 0.1583,-0.2007,-0.0369],0.139
520,[-0.9629,-0.0787, 0.025 ,-0.0661],[-0.488 , 4.1898,-1.0871, 0.028 ,-1.138 ],[-0.9634,-0.0585, 0.0059,-0.0535],0.2559
521,[-0.9642,-0.1058, 0.0984,-0.0627],[ 2.3378,-0.0495, 5.0224, 3.6248,-1.6425],[-0.9646,-0.102 , 0.0904,-0.0495],0.2078
522,[-0.9635,-0.0664,-0.06  ,-0.038 ],[-0.55  , 0.2141,-0.4603, 0.164 ,-0.4802],[-0.9634,-0.0234,-0.0888,-0.0242],0.2431
523,[-0.9636,-0.1393, 0.1861,-0.0652],[-1.0967,-1.6532,-0.175 , 0.3438,-1.8313],[-0.9628,-0.1547, 0.1989,-0.0527],0.1507
532,[-0.964 , 0.1826,-0.1436,-0.0527],[-1.1807,-1.3729, 0.0663,-0.8411,-1.071 ],[-0.965 , 0.1682,-0.1274,-0.0418],0.166
534,[-0.9668, 0.2091,-0.22  ,-0.0582],[ 0.3374, 1.6358,-0.8629, 1.9888,-2.0863],[-0.9667, 0.2126,-0.2205,-0.0438],0.1072
536,[-0.9672, 0.2577,-0.2976,-0.0581],[ 1.5989, 0.819 ,-0.6878, 0.6141,-0.8366],[-0.966 , 0.2709,-0.3092,-0.045 ],0.0524
541,[-0.9632,-0.1879, 0.1382,-0.0655],[-2.6613,-1.6892,-2.7221,-2.5205,-3.4734],[-0.9644,-0.1699, 0.1177,-0.0527],0.1706
543,[-0.9645,-0.2199, 0.2117,-0.0651],[-2.6679,-3.0437,-1.6663,-1.9097,-4.1028],[-0.965 ,-0.2173, 0.2058,-0.0525],0.1162
545,[-0.9653,-0.2631, 0.2904,-0.0528],[-0.7776,-0.3791, 0.3608, 0.3442,-0.9468],[-0.9645,-0.2716, 0.2982,-0.0377],0.0605
554,[-0.9639, 0.3002,-0.2482,-0.0594],[-0.4509,-0.9465,-0.4366,-0.311 ,-1.3413],[-0.9659, 0.286 ,-0.2298,-0.05  ],0.0771
556,[-0.9656, 0.3151,-0.3395,-0.0559],[ 0.3187, 0.2081,-1.4864, 1.807 ,-1.3362],[-0.9649, 0.3211,-0.3436,-0.0418],0.022
558,[-0.9593, 0.3383,-0.3958,-0.0573],[ 0.523 , 2.4647,-0.3398, 2.0994,-0.8634],[-0.9573, 0.3466,-0.3988,-0.0429],0.0092
561,[-0.9582,-0.2975, 0.155 ,-0.0068],[-0.2161, 0.114 ,-0.5009,-0.5036,-0.4554],[-0.9621,-0.2522, 0.0924, 0.0089],0.1558
563,[-0.964 ,-0.2958, 0.2488,-0.0574],[-2.9595,-2.5826,-2.937 ,-2.7248,-3.4872],[-0.9658,-0.283 , 0.232 ,-0.0454],0.0779
565,[-0.9673,-0.3174, 0.3179,-0.0629],[-2.4459,-3.4057,-2.0159,-1.8592,-3.8168],[-0.9676,-0.3183, 0.3146,-0.0486],0.0276
576,[-0.9614, 0.4098,-0.3321,-0.0465],[-0.6121,-0.6646,-0.7696,-0.2008,-1.0969],[-0.965 , 0.3958,-0.3069,-0.0306],0.0065
585,[-0.9583,-0.407 , 0.341 ,-0.0336],[-2.1257,-2.4104,-2.4876,-2.5464,-3.1864],[-0.9613,-0.3948, 0.3182,-0.0178],0.0116
600,[-0.964 ,-0.0149, 0.004 ,-0.1769],[-2.919 ,-1.7491,-3.1208,-1.0626,-4.2933],[-0.9647,-0.0116, 0.003 ,-0.1626],0.2608
601,[-0.962 ,-0.0391, 0.0701,-0.1827],[-0.9731,-1.3985, 0.4437,-0.0836,-1.8284],[-0.9625,-0.0524, 0.0838,-0.1684],0.2374
602,[-0.9633, 0.0314,-0.0787,-0.1831],[-0.2642, 1.3278,-1.3232, 0.393 ,-1.325 ],[-0.9636, 0.05  ,-0.0942,-0.1696],0.2301
610,[-0.9606, 0.0853,-0.0242,-0.1635],[-1.0643,-1.3761, 0.327 ,-0.457 ,-2.2277],[-0.9617, 0.0645,-0.0049,-0.1508],0.2584
612,[-0.9642, 0.1019,-0.1109,-0.1813],[-0.7846, 1.0775,-1.2067, 2.0125,-1.9471],[-0.9648, 0.1069,-0.1137,-0.166 ],0.1961
614,[-0.9633, 0.1439,-0.187 ,-0.1838],[ 0.2817, 2.2488, 0.3165, 0.5481,-1.393 ],[-0.963 , 0.1614,-0.202 ,-0.1702],0.1458
620,[-0.9622,-0.0747, 0.0312,-0.1732],[-1.1682, 3.0754,-0.8103,-0.2247,-1.2573],[-0.9632,-0.0585, 0.0149,-0.1593],0.2561
621,[-0.9627,-0.1059, 0.1007,-0.1837],[-1.6442,-1.2697, 3.0812, 1.5014,-3.3039],[-0.9635,-0.1045, 0.0954,-0.169 ],0.2084
623,[-0.9619,-0.1521, 0.18  ,-0.1872],[-0.8441,-0.7587, 0.8112, 0.3911,-1.6875],[-0.9619,-0.164 , 0.1903,-0.1727],0.1528
632,[-0.9626, 0.1858,-0.1349,-0.1704],[-0.6382,-0.5052,-0.2335,-0.5649,-1.3858],[-0.9642, 0.1698,-0.1161,-0.1568],0.1723
634,[-0.9652, 0.2042,-0.2199,-0.1793],[-0.2018,-0.1328,-0.436 , 2.4975,-1.7096],[-0.9654, 0.213 ,-0.2268,-0.164 ],0.1085
636,[-0.9637, 0.2474,-0.3003,-0.181 ],[ 1.5809, 1.4115,-0.0315, 0.8052,-0.9809],[-0.9624, 0.2649,-0.3157,-0.1659],0.0616
641,[-0.9634,-0.184 , 0.1444,-0.1756],[-2.9762,-2.1105,-2.7404,-2.5566,-3.9414],[-0.965 ,-0.1707, 0.1261,-0.1617],0.1654
643,[-0.963 ,-0.213 , 0.2102,-0.1828],[-4.3814,-5.4146,-4.2509,-3.3374,-6.1622],[-0.9638,-0.2149, 0.2085,-0.169 ],0.1198
645,[-0.9632,-0.2589, 0.2905,-0.1961],[ 0.3579,-0.4801, 1.9696, 0.142 ,-1.358 ],[-0.9627,-0.2717, 0.3019,-0.1806],0.0638
654,[-0.9729, 0.2938,-0.2677,-0.13  ],[-0.7247,-0.8517,-0.2494,-0.1705,-1.2203],[-0.9744, 0.2864,-0.2521,-0.1137],0.0445
656,[-0.961 , 0.3112,-0.3295,-0.1696],[ 0.1387, 0.7896,-0.3211, 2.0794,-1.3114],[-0.9607, 0.3186,-0.3339,-0.1555],0.0374
658,[-0.9586, 0.2933,-0.4   ,-0.1294],[ 1.1118, 2.9722,-0.3751, 2.0501,-0.4472],[-0.9541, 0.3125,-0.4296,-0.1131],0.0186
663,[-0.9636,-0.2978, 0.2547,-0.1717],[-1.6374,-2.2216,-1.6854,-1.5301,-2.9084],[-0.9657,-0.2877, 0.237 ,-0.1573],0.0741
665,[-0.9633,-0.3107, 0.3093,-0.1812],[-0.9502,-3.2151,-1.8619,-0.8299,-3.8826],[-0.964 ,-0.3149, 0.3092,-0.1665],0.0404
667,[-0.9576,-0.345 , 0.3996,-0.1462],[ 0.5892, 0.2111, 1.9894, 1.4741,-0.667 ],[-0.9556,-0.3556, 0.4082,-0.1355],0.0058
700,[-0.9621,-0.0123, 0.0047,-0.2988],[-5.901 ,-5.2261,-6.8086,-4.8931,-7.1579],[-0.9633,-0.0099, 0.0034,-0.284 ],0.2664
701,[-0.9615,-0.0442, 0.0687,-0.2959],[-0.8217,-0.9213,-0.2025, 0.5845,-1.8455],[-0.9624,-0.0559, 0.0811,-0.2815],0.2372
702,[-0.9612, 0.0343,-0.0762,-0.2969],[ 1.3202, 0.7084,-0.8025, 1.3257,-1.6167],[-0.962 , 0.0518,-0.0918,-0.2821],0.236
710,[-0.9635, 0.0761,-0.0334,-0.3014],[-1.0607,-1.1796,-0.1111,-0.3889,-1.5268],[-0.965 , 0.059 ,-0.0162,-0.2874],0.2461
711,[-0.957 , 0.0576, 0.069 ,-0.2981],[ 0.0527,-0.037 , 0.1338,-0.0454,-0.072 ],[-0.9575, 0.0096, 0.1307,-0.2818],0.254
712,[-0.9628, 0.1004,-0.1105,-0.2987],[-1.7343,-1.3056,-1.8458,-1.0887,-2.8338],[-0.9638, 0.1072,-0.1165,-0.2836],0.1981
714,[-0.9625, 0.1403,-0.1888,-0.2895],[-0.4114, 2.6637, 0.3933, 0.983 ,-1.303 ],[-0.9624, 0.161 ,-0.2075,-0.2735],0.1455
720,[-0.962 ,-0.0678, 0.0403,-0.299 ],[-1.4898,-0.148 ,-2.2577,-0.7389,-2.8544],[-0.9634,-0.0577, 0.0283,-0.2849],0.252
721,[-0.9611,-0.1044, 0.1059,-0.2974],[ -9.2131, -8.9406, -8.5456, -8.3259,-11.2133],[-0.9623,-0.1074, 0.1068,-0.2827],0.207
723,[-0.9597,-0.1517, 0.1785,-0.3011],[ 0.2829,-0.8893, 0.2466, 1.7574,-1.192 ],[-0.9602,-0.1651, 0.1908,-0.2867],0.1577
732,[-0.9621, 0.1754,-0.1296,-0.3303],[-1.2875,-0.6297,-0.4143,-0.9079,-1.3997],[-0.9643, 0.1631,-0.1141,-0.3135],0.1752
734,[-0.963 , 0.2074,-0.2101,-0.2919],[-1.4938,-0.0911,-0.5566, 0.7538,-2.4178],[-0.9639, 0.2146,-0.2171,-0.276 ],0.1159
736,[-0.9579, 0.2718,-0.2825,-0.2699],[ 0.2453, 1.4426, 1.2223, 1.3988,-0.6899],[-0.9582, 0.281 ,-0.2929,-0.2559],0.0762
741,[-0.9638,-0.1791, 0.151 ,-0.2864],[-2.4085,-2.2392,-2.2184,-1.8413,-3.2985],[-0.9655,-0.1714, 0.1373,-0.2725],0.1587
743,[-0.9609,-0.2037, 0.211 ,-0.2981],[-6.0679,-7.5409,-5.5092,-5.6541,-7.9515],[-0.9617,-0.211 , 0.2149,-0.2832],0.125
745,[-0.9585,-0.2576, 0.2869,-0.2735],[ 1.9204,-0.378 , 2.1322, 0.8278,-0.8652],[-0.9583,-0.2701, 0.2961,-0.2579],0.0791
756,[-0.9583, 0.291 ,-0.3051,-0.2576],[-0.1846, 0.3568, 0.2129, 1.9257,-1.7538],[-0.9583, 0.301 ,-0.3177,-0.2424],0.0578
765,[-0.96  ,-0.3286, 0.3415,-0.3056],[ 0.1368,-1.4478,-0.6463, 1.0988,-2.6534],[-0.9602,-0.339 , 0.3478,-0.2893],0.025
767,[-0.9565,-0.3593, 0.4067,-0.3134],[ 2.1234, 1.8009, 1.1116, 1.7514,-0.4129],[-0.9547,-0.3738, 0.4259,-0.2962],-0.0065
800,[-0.961 ,-0.0118, 0.0063,-0.4144],[-10.1084, -9.7113, -9.9635,-10.4921,-11.4338],[-0.9628,-0.0105, 0.0056,-0.3992],0.2674
801,[-0.9577,-0.0488, 0.0697,-0.4032],[-0.4856,-1.2538,-0.5934,-0.3686,-1.5135],[-0.9592,-0.0583, 0.0784,-0.3871],0.249
802,[-0.9604, 0.0338,-0.0753,-0.4052],[-0.5721, 0.4296,-0.8186, 1.0132,-0.9546],[-0.9617, 0.0511,-0.0906,-0.3948],0.2377
810,[-0.9611, 0.0729,-0.0399,-0.4063],[-0.9151,-0.7517,-0.2583,-0.6434,-1.4963],[-0.963 , 0.0635,-0.0327,-0.3894],0.2507
812,[-0.9596, 0.0963,-0.1007,-0.4076],[-2.9532,-2.754 ,-2.4518,-2.5114,-4.3113],[-0.9611, 0.1018,-0.1054,-0.3911],0.2137
814,[-0.9577, 0.1398,-0.1902,-0.4182],[ 0.3228, 1.3036,-0.1824, 1.4423,-1.0353],[-0.9578, 0.1623,-0.2177,-0.4005],0.1556
820,[-0.9597,-0.0656, 0.0425,-0.4097],[-1.7134,-1.056 ,-2.703 ,-2.2025,-3.3544],[-0.9616,-0.0578, 0.0313,-0.3929],0.2591
821,[-0.9593,-0.0988, 0.1064,-0.4152],[-15.4569,-15.7326,-15.0824,-14.2046,-16.7284],[-0.9608,-0.105 , 0.1101,-0.3992],0.2117
823,[-0.9586,-0.1536, 0.1771,-0.4105],[ 1.552 ,-0.0919, 1.24  , 0.8673,-1.0633],[-0.9596,-0.1673, 0.1891,-0.3942],0.1594
832,[-0.9595, 0.1883,-0.1368,-0.4119],[-0.4637,-0.6975,-0.5622, 0.3226,-1.2297],[-0.9622, 0.1751,-0.1171,-0.3947],0.1761
834,[-0.9591, 0.2021,-0.1871,-0.3962],[-0.9796,-1.4244,-2.2023, 0.2777,-2.5674],[-0.961 , 0.2038,-0.1834,-0.3788],0.1423
841,[-0.9653,-0.1705, 0.1559,-0.4009],[-2.6289,-2.9263,-2.4511,-2.2927,-3.3132],[-0.9673,-0.1694, 0.1467,-0.3838],0.15
843,[-0.9593,-0.1891, 0.2105,-0.4134],[ -8.9204, -9.3633, -8.4301, -7.853 ,-10.1367],[-0.9601,-0.2028, 0.2222,-0.3972],0.1302
845,[-0.9587,-0.254 , 0.2948,-0.4043],[ 1.1148, 0.4536, 0.561 , 6.4993,-0.6142],[-0.9582,-0.2737, 0.3164,-0.3877],0.0696
865,[-0.9592,-0.289 , 0.3206,-0.3869],[-1.2882,-0.5768,-0.8444, 1.7653,-2.4176],[-0.9589,-0.3058, 0.3369,-0.3693],0.0465
900,[-0.9574,-0.0064, 0.0135,-0.5108],[-44.0687,-44.2468,-43.9861,-43.3572,-44.0791],[-0.9596,-0.0077, 0.0103,-0.4939],0.2783
920,[-0.957 ,-0.0655, 0.051 ,-0.5168],[-2.2911,-2.8791,-2.0416,-1.9228,-3.2065],[-0.9594,-0.0606, 0.0389,-0.4986],0.2634
921,[-0.9574,-0.095 , 0.1135,-0.5136],[-31.9647,-33.0735,-32.6672,-32.5081,-33.5257],[-0.9592,-0.1064, 0.1238,-0.4956],0.2115
1100,[-0.9364,-0.0062, 0.0069, 0.3916],[ 1.449 , 1.1027, 1.0598, 0.4642,10.6811],[-0.9348,-0.0063, 0.0075, 0.3839],0.3742
1101,[-0.9478,-0.0502, 0.0691, 0.3985],[-0.1727,-1.0787, 0.7894,-0.8579, 0.2578],[-0.9459,-0.0526, 0.0705, 0.3979],0.3067
1102,[-0.9406, 0.0381,-0.0743, 0.3915],[ 0.3622, 3.9782,-0.5753,-0.1575, 0.4598],[-0.9387, 0.0434,-0.0763, 0.3956],0.3372
1110,[-0.9371, 0.069 ,-0.0306, 0.3887],[ 0.3785,-0.5363, 2.6899,-0.4506, 0.9534],[-0.9356, 0.0607,-0.0272, 0.3917],0.3637
1112,[-0.9415, 0.0899,-0.1005, 0.3879],[ 1.9759, 2.0572, 0.6696, 0.4854,10.7986],[-0.9398, 0.0886,-0.0945, 0.3827],0.3051
1114,[-0.9369, 0.139 ,-0.1771, 0.4021],[-0.3853, 4.4216,-0.4277,-0.0416, 2.4109],[-0.9346, 0.1411,-0.1763, 0.4087],0.2653
1120,[-0.9333,-0.0675, 0.0368, 0.3844],[ 0.903 , 3.5077,-0.9809,-0.0245, 2.5303],[-0.9318,-0.0602, 0.0297, 0.3845],0.3803
1121,[-0.9375,-0.1013, 0.1036, 0.3877],[ 1.036 , 1.0062, 3.5421, 0.4277,13.5174],[-0.9359,-0.0983, 0.096 , 0.3836],0.3161
1123,[-0.9399,-0.1506, 0.1714, 0.3927],[ 1.1237,-1.2726, 2.3005, 0.0101, 0.6162],[-0.938 ,-0.1494, 0.1669, 0.4053],0.2529
1132,[-0.9263, 0.2396,-0.1573, 0.3855],[ 0.2499,-0.1722, 1.7776, 0.4288, 1.5366],[-0.9271, 0.2213,-0.1244, 0.3718],0.2809
1141,[-0.9379,-0.183 , 0.1367, 0.4146],[ 0.5525, 4.1808,-0.2681, 0.1005, 2.4491],[-0.937 ,-0.1703, 0.1274, 0.4244],0.2645
1143,[-0.9385,-0.1991, 0.1991, 0.3963],[1.4935,0.3825,6.7395,0.535 ,1.967 ],[-0.9372,-0.1927, 0.1852, 0.405 ],0.2283
1200,[-0.9315,-0.0237, 0.022 , 0.2815],[  1.8544,  3.1748,  1.6848,  1.1935,103.1658],[-0.9303,-0.0233, 0.0227, 0.2734],0.3917
1201,[-0.9272,-0.0466, 0.0651, 0.2661],[ 5.8589e-01,-7.9482e-01, 4.2905e+01,-1.0850e-02, 1.6289e+00],[-0.9259,-0.0489, 0.0651, 0.2667],0.39
1202,[-0.9393, 0.0431,-0.0697, 0.2851],[ 0.6919,12.3393,-0.6589,-0.6369, 1.2302],[-0.9379, 0.0472,-0.0712, 0.2834],0.3418
1210,[-0.9338, 0.0778,-0.0283, 0.3123],[-0.1966,-0.8321, 9.7325,-0.5915, 1.2312],[-0.9327, 0.0674,-0.0209, 0.3133],0.3745
1211,[-0.9353, 0.0721, 0.0592, 0.2967],[-0.1319,-0.8876,-0.308 ,-0.7865,-0.4544],[-0.9341, 0.049 , 0.0653, 0.2833],0.3594
1212,[-0.9393, 0.0945,-0.1006, 0.3108],[ 1.2158,37.7839, 0.3439, 1.4167, 3.3082],[-0.9379, 0.0927,-0.0938, 0.3135],0.3116
1214,[-0.9479, 0.1477,-0.1835, 0.2894],[12.8228, 1.2953,-0.8291, 0.0153, 0.9794],[-0.9461, 0.1504,-0.1811, 0.2992],0.2163
1220,[-0.9278,-0.0673, 0.0358, 0.2945],[ 0.1915,37.8428,-0.2395,-0.1749, 0.4079],[-0.9266,-0.0611, 0.0329, 0.297 ],0.3977
1221,[-0.9321,-0.0836, 0.0917, 0.2906],[ 0.7509, 0.7698,92.3598, 0.9155, 2.2046],[-0.9308,-0.0826, 0.0863, 0.2952],0.3458
1223,[-0.9349,-0.1407, 0.1851, 0.2956],[ 5.5621,-0.9077, 4.6107, 0.6958, 1.3522],[-0.9329,-0.1446, 0.1856, 0.3018],0.265
1230,[-0.9314, 0.1881,-0.0434, 0.2702],[-0.2382,-1.3474, 0.1376,-0.803 ,-0.4265],[-0.9321, 0.1591,-0.0143, 0.2695],0.3429
1232,[-0.9341, 0.1902,-0.1356, 0.2688],[-0.0122,-0.8358, 1.3019, 0.0997, 0.0209],[-0.9341, 0.1769,-0.1181, 0.269 ],0.2776
1234,[-0.9324, 0.2194,-0.2207, 0.2694],[1.2494,1.4828,0.0655,0.9486,6.2201],[-0.9316, 0.2149,-0.2082, 0.2652],0.2262
1236,[-0.9257, 0.2542,-0.2991, 0.2731],[ 0.5609,12.7911,-0.6019,-0.3985, 2.604 ],[-0.9237, 0.2546,-0.2931, 0.2814],0.1944
1241,[-0.933 ,-0.1941, 0.1305, 0.3233],[ 0.3409, 6.2804, 0.0715,-0.0977, 2.0304],[-0.933 ,-0.1793, 0.1157, 0.3236],0.2815
1243,[-0.9388,-0.2083, 0.2193, 0.3087],[ 0.9828, 0.0145,12.9773, 1.7254, 3.6455],[-0.9375,-0.2049, 0.2106, 0.3136],0.2098
1245,[-0.9307,-0.2621, 0.2992, 0.2889],[ 0.1383,-1.2013, 3.7552, 1.5361, 1.0484],[-0.9288,-0.2615, 0.2953, 0.2967],0.1731
1254,[-0.9303, 0.2971,-0.2467, 0.2873],[-0.4085,-0.881 ,-0.9496,-0.4443,-0.0203],[-0.9312, 0.2844,-0.2257, 0.2958],0.1871
1256,[-0.9226, 0.3091,-0.3251, 0.2864],[ 1.2328, 9.1098,-0.3224, 0.4189, 1.8097],[-0.9216, 0.3052,-0.3139, 0.2987],0.1606
1263,[-0.9383,-0.3026, 0.2422, 0.2862],[0.8899,5.7723,0.7068,1.8297,2.359 ],[-0.9392,-0.2892, 0.2325, 0.2948],0.1567
1265,[-0.9408,-0.3134, 0.3002, 0.2719],[ 1.4521, 0.1496,12.6269, 0.2301, 1.1635],[-0.9407,-0.3061, 0.2878, 0.2823],0.1201
1300,[-0.9224,-0.0118, 0.0108, 0.1771],[  1.0829,131.3133,  1.9672,  1.0215,  1.718 ],[-0.9216,-0.012 , 0.0136, 0.1811],0.4284
1301,[-0.9225,-0.0433, 0.0669, 0.1968],[  1.1248, -0.5507,139.6862,  0.739 ,  0.6304],[-0.9215,-0.0465, 0.0681, 0.1976],0.4056
1302,[-0.9208, 0.0398,-0.0753, 0.1466],[8.1619e-01,1.1846e+02,3.3322e-02,7.2224e-02,5.5544e-01],[-0.9199, 0.0448,-0.0764, 0.1511],0.4111
1303,[-0.9482,-0.0521, 0.1737, 0.1791],[-0.9285,-1.839 ,-1.0191,-1.2715,-1.0612],[-0.9458,-0.077 , 0.189 , 0.1667],0.2453
1310,[-0.9228, 0.0708,-0.0388, 0.1451],[-0.4526,-1.3557, 4.4842,-1.9311, 3.7211],[-0.9224, 0.0646,-0.0344, 0.1424],0.411
1311,[-0.9361, 0.076 , 0.067 , 0.1774],[-1.9459,-2.7714,-2.1741,-2.0116,-1.8108],[-0.9353, 0.0486, 0.0791, 0.1677],0.3493
1312,[-0.9229, 0.0801,-0.0932, 0.147 ],[ 0.4775, 2.3675, 1.1541, 1.1358,88.5234],[-0.9222, 0.081 ,-0.091 , 0.1401],0.3778
1314,[-0.9351, 0.1447,-0.1861, 0.1596],[ 0.4321,19.8087,-0.6182,-0.1966, 0.5465],[-0.9337, 0.1501,-0.188 , 0.1609],0.2578
1320,[-0.9221,-0.0676, 0.0381, 0.1629],[7.8637e-01,1.0352e+02,1.7731e-01,3.0365e-01,9.7552e-02],[-0.9215,-0.0624, 0.037 , 0.1707],0.4136
1321,[-0.9279,-0.085 , 0.0896, 0.1739],[  2.3724,  0.9062,135.6288,  0.8809,  1.6005],[-0.9271,-0.0841, 0.0842, 0.1796],0.3602
1322,[-0.9435,-0.067 ,-0.0625, 0.1666],[-2.0599,-1.859 ,-2.9135,-2.8631,-2.3232],[-0.9426,-0.0393,-0.0784, 0.1789],0.322
1323,[-0.9338,-0.1448, 0.1901, 0.1693],[ 2.7177,-1.1087,20.4176,-0.0217, 3.7756],[-0.9323,-0.1501, 0.1908, 0.1772],0.2625
1330,[-0.9283, 0.1758,-0.0379, 0.1738],[-1.3209,-2.2855,-1.1737,-1.7509,-1.6008],[-0.9293, 0.1502,-0.014 , 0.1774],0.3558
1332,[-0.9297, 0.1872,-0.1357, 0.19  ],[-4.1962,-4.3568,-4.7898,-3.6811,-4.4168],[-0.9301, 0.1751,-0.117 , 0.1927],0.2934
1334,[-0.9328, 0.2088,-0.2148, 0.183 ],[ 1.1235,27.6327, 0.7789, 1.315 , 3.9742],[-0.9321, 0.2062,-0.2055, 0.191 ],0.2303
1336,[-0.9348, 0.2481,-0.2971, 0.1834],[ 0.7482,26.1852,-0.1939, 0.8727,-0.3402],[-0.9328, 0.2511,-0.2962, 0.1926],0.1656
1340,[-0.9384,-0.1812, 0.0391, 0.1462],[-2.6327,-2.3808,-3.4113,-2.6135,-2.5616],[-0.9395,-0.1509, 0.0142, 0.1471],0.3086
1341,[-0.9329,-0.1967, 0.1257, 0.1438],[-0.0577, 0.7373,-1.5243,-0.4685,-0.7839],[-0.9337,-0.1822, 0.1112, 0.1458],0.2795
1343,[-0.9319,-0.1967, 0.2231, 0.1549],[ 8.4680e-01,-2.4086e-03, 1.7344e+00, 6.7862e-01, 1.8704e+01],[-0.9309,-0.198 , 0.2184, 0.1477],0.2327
1345,[-0.9276,-0.2453, 0.3007, 0.1642],[ 0.3574,-0.7928,13.5205, 1.0613, 0.3412],[-0.9255,-0.2489, 0.2999, 0.1714],0.1855
1352,[-0.9297, 0.2832,-0.1542, 0.1496],[-1.1328,-1.4055,-0.044 ,-0.554 ,-0.8782],[-0.9325, 0.2599,-0.1318, 0.1496],0.2402
1354,[-0.9322, 0.3009,-0.2444, 0.1677],[-1.7943,-2.3962,-1.7114,-1.7114,-2.0578],[-0.9335, 0.2898,-0.2297, 0.1755],0.1773
1356,[-0.9314, 0.3121,-0.325 , 0.1727],[ 1.0014, 3.9322,-0.6192, 4.624 , 0.4235],[-0.9308, 0.3095,-0.3157, 0.1852],0.1357
1358,[-0.9328, 0.3476,-0.4005, 0.1661],[-0.0395,10.3237,-0.616 , 0.7348, 1.2066],[-0.9307, 0.3483,-0.395 , 0.1756],0.0834
1361,[-0.913 ,-0.2899, 0.1582, 0.1588],[-2.4182,-1.631 ,-2.7885,-2.1004,-1.7065],[-0.9162,-0.2704, 0.126 , 0.1448],0.2993
1363,[-0.9296,-0.2934, 0.2359, 0.1609],[ 0.4069,-0.155 ,-1.355 , 1.4918,-0.3282],[-0.9311,-0.2807, 0.2118, 0.1682],0.1974
1365,[-0.9329,-0.3075, 0.3195, 0.1764],[ 1.7615,-0.149 , 7.7965, 0.6345, 0.1552],[-0.9322,-0.3048, 0.3107, 0.1856],0.1373
1367,[-0.9399,-0.3523, 0.3898, 0.1294],[-0.0908,-0.8618, 1.6431, 1.3071, 0.0302],[-0.9384,-0.3522, 0.3848, 0.1401],0.0634
1385,[-0.9357,-0.4113, 0.3527, 0.1793],[-1.0346,-0.5962,-1.2562, 0.6936,-1.2264],[-0.9378,-0.4023, 0.3403, 0.1929],0.0635
1387,[-0.9158,-0.4465, 0.4208, 0.1562],[ 1.5964, 0.0693,10.6498, 1.9295, 0.3314],[-0.917 ,-0.4425, 0.4098, 0.17  ],0.0691
1400,[-0.9227,-0.0053, 0.0019, 0.0636],[  1.2865,  3.0411,426.6054,  1.4712,  1.0521],[-0.9224,-0.0041,-0.0023, 0.0694],0.429
1401,[-0.9206,-0.0403, 0.0722, 0.047 ],[ 1.3039e-01,-6.8688e-01, 4.1518e+01,-4.5388e-01, 6.1186e-03],[-0.9201,-0.0451, 0.0731, 0.0534],0.4093
1402,[-0.9219, 0.0392,-0.0708, 0.074 ],[ 3.2657e-01, 2.1505e+02,-5.2820e-01,-3.8895e-01,-3.1251e-02],[-0.9213, 0.0442,-0.074 , 0.0772],0.4093
1403,[-0.944 ,-0.0521, 0.1756, 0.0199],[-1.6601,-1.995 ,-0.5576,-1.1459,-1.5225],[-0.942 ,-0.0774, 0.1913, 0.0268],0.2584
1410,[-0.9202, 0.066 ,-0.0412, 0.0568],[ 1.3197e+00,-1.0122e-01, 1.5157e+02,-1.0558e-01, 5.8848e-02],[-0.9201, 0.0618,-0.0394, 0.0567],0.4204
1411,[-0.9327, 0.0699, 0.0717, 0.0519],[-1.8677,-2.368 ,-1.8018,-1.8741,-1.8552],[-0.9323, 0.0424, 0.0871, 0.0595],0.3576
1412,[-0.9207, 0.0803,-0.0893, 0.063 ],[  1.0794,594.8838,  1.5062,  1.8527,  0.8436],[-0.9204, 0.0809,-0.0863, 0.065 ],0.3878
1414,[-0.9269, 0.1429,-0.1849, 0.062 ],[ 0.7791,76.8904,-0.8821, 0.1926, 0.4723],[-0.9258, 0.1486,-0.187 , 0.0684],0.2872
1420,[-0.9226,-0.0676, 0.0415, 0.069 ],[ -0.2893,129.9382, -0.3009,  0.4327, -0.8348],[-0.9224,-0.063 , 0.0392, 0.0785],0.4111
1421,[-0.9208,-0.0791, 0.0867, 0.0559],[2.0903e-01,8.6658e-01,5.3720e+02,3.0639e+00,2.2741e+00],[-0.9205,-0.0795, 0.0838, 0.0664],0.3854
1422,[-0.9463,-0.0748,-0.0679, 0.0778],[-2.5017,-2.5071,-3.4278,-2.4018,-2.3251],[-0.9458,-0.0418,-0.0869, 0.0867],0.305
1423,[-0.9379,-0.1356, 0.1895, 0.0667],[ 0.042 ,-1.0228, 0.9554,31.7315, 1.5545],[-0.9366,-0.1445, 0.1952, 0.0793],0.247
1430,[-0.9345, 0.1793,-0.0425, 0.0527],[-1.3286,-1.8645,-0.7079,-1.5624,-1.1891],[-0.936 , 0.1508,-0.0188, 0.0619],0.3244
1432,[-0.9342, 0.1907,-0.1343, 0.0628],[-2.579 ,-2.9749,-2.4427,-2.4169,-2.9726],[-0.9351, 0.1785,-0.1199, 0.0713],0.2718
1434,[-0.9327, 0.2021,-0.2173, 0.0658],[ 1.7676, 5.7511,-0.076 ,22.1316, 1.2862],[-0.9322, 0.2026,-0.2131, 0.0789],0.228
1436,[-0.9363, 0.2508,-0.2978, 0.0655],[ 0.3984,17.0013,-0.4705, 0.3622, 0.0271],[-0.9346, 0.2557,-0.2994, 0.0752],0.1563
1440,[-0.9346,-0.1802, 0.0376, 0.0629],[-3.1978,-1.9118,-3.1442,-2.1734,-2.9884],[-0.9361,-0.1495, 0.0045, 0.0706],0.3285
1441,[-0.9323,-0.1903, 0.1348, 0.0569],[-1.1842,-2.201 ,-2.6058, 0.1472,-2.2143],[-0.9333,-0.178 , 0.1177, 0.0646],0.2783
1443,[-0.9338,-0.2149, 0.2141, 0.0618],[ 0.8318, 0.4564,23.6977, 1.1928, 0.8589],[-0.9337,-0.2125, 0.2045, 0.065 ],0.2225
1445,[-0.9309,-0.2413, 0.2974, 0.07  ],[ 0.5757,-0.955 ,15.678 , 1.3203, 0.3183],[-0.9291,-0.247 , 0.2993, 0.0747],0.1776
1452,[-0.9291, 0.2791,-0.1499, 0.0602],[-0.685 ,-0.966 ,-0.1759,-0.9432,-0.8657],[-0.932 , 0.2613,-0.1498, 0.0458],0.2319
1454,[-0.9316, 0.2971,-0.2463, 0.0592],[-1.5099,-1.8304,-1.4836,-1.3859,-2.0222],[-0.9331, 0.2884,-0.2348, 0.0693],0.1769
1456,[-0.9334, 0.3181,-0.3255, 0.0578],[ 1.4818, 2.9121,-0.589 , 3.3403,-0.572 ],[-0.9331, 0.317 ,-0.3187, 0.0701],0.1252
1458,[-0.9328, 0.3725,-0.421 , 0.0506],[ 1.1606,12.1498,-0.6508, 0.9056,-0.1641],[-0.9309, 0.3741,-0.4188, 0.0622],0.0577
1461,[-0.9281,-0.2981, 0.1495, 0.0768],[-2.8346,-1.8446,-2.9718,-2.2333,-2.3928],[-0.9316,-0.275 , 0.1327, 0.0856],0.2353
1463,[-0.9297,-0.2995, 0.2393, 0.0493],[-2.088 ,-1.8994,-1.725 ,-1.4119,-2.1645],[-0.9316,-0.2891, 0.2208, 0.057 ],0.1879
1465,[-0.929 ,-0.3184, 0.3201, 0.0475],[ 0.6556,-0.5898, 6.1595, 2.1328, 0.0373],[-0.9291,-0.3167, 0.3105, 0.0583],0.1409
1467,[-0.9418,-0.348 , 0.3992, 0.0744],[ 1.4422,-0.9459, 5.0109,-0.0619, 0.0791],[-0.9397,-0.3503, 0.3995, 0.0877],0.0504
1478,[-0.9289, 0.3903,-0.4201, 0.0533],[ 1.228 , 1.5724,-0.6296, 2.6269,-0.5992],[-0.9279, 0.3902,-0.4133, 0.0664],0.0586
1485,[-0.9357,-0.4056, 0.3662, 0.0575],[-0.8296,-1.6968,-1.1289,-0.9138,-1.9657],[-0.9373,-0.4004, 0.3571, 0.0705],0.0572
1487,[-0.9263,-0.4446, 0.4291, 0.0506],[ 1.1203,-0.0872, 2.5016, 6.3273,-0.2709],[-0.9271,-0.4424, 0.4224, 0.0657],0.0291
1500,[-0.9228,-0.0024, 0.0055,-0.0571],[ 3.3397,28.888 , 0.974 , 5.0749, 0.5803],[-0.9231,-0.0035, 0.0102,-0.0497],0.429
1501,[-0.9192,-0.0362, 0.0768,-0.0622],[ 3.6571e-03,-6.5596e-01, 1.1508e+01, 8.6387e-01,-2.6292e-01],[-0.9191,-0.0428, 0.0804,-0.0547],0.4147
1502,[-0.9257, 0.0318,-0.0773,-0.0599],[-12.0814,-10.8384,-13.8184,-11.679 ,-12.7579],[-0.9256, 0.0398,-0.0812,-0.0521],0.3919
1503,[-0.9501,-0.0449, 0.1748,-0.0271],[-0.5835,-1.4013,-0.8174,-1.0897,-0.7484],[-0.9483,-0.0752, 0.1934,-0.0131],0.2352
1504,[-0.9301, 0.0502,-0.1749,-0.0925],[-1.3013,-1.9131,-2.0795,-1.649 ,-1.2956],[-0.9286, 0.073 ,-0.1895,-0.0774],0.3141
1510,[-0.9185, 0.0635,-0.0442,-0.058 ],[ 2.6425e-02, 8.1739e-01, 4.2731e+00, 9.1603e+01,-4.2246e-01],[-0.9189, 0.06  ,-0.0404,-0.0467],0.4232
1511,[-0.9437, 0.0657, 0.0632,-0.048 ],[-1.7362,-1.6539,-0.7469,-1.7655,-1.5387],[-0.9436, 0.0326, 0.0964,-0.0321],0.313
1512,[-0.9209, 0.0717,-0.0793,-0.0524],[ 1.0302, 8.6471, 0.3709,67.3504, 0.5026],[-0.9209, 0.073 ,-0.08  ,-0.0396],0.3931
1514,[-0.9286, 0.1318,-0.1891,-0.0501],[ 0.3337, 4.0009,-0.7668, 0.4196,-1.1546],[-0.9276, 0.1414,-0.1952,-0.0371],0.2825
1520,[-0.9223,-0.0648, 0.0425,-0.073 ],[-0.292 ,72.5485, 0.6079, 1.6377,-1.1333],[-0.9227,-0.0613, 0.0413,-0.0614],0.4099
1521,[-0.921 ,-0.0752, 0.085 ,-0.0592],[7.9893e-01,1.2369e-01,1.6304e+00,1.4386e+02,6.5180e-01],[-0.9211,-0.0768, 0.0853,-0.0453],0.3877
1522,[-0.9347,-0.078 ,-0.0725,-0.0557],[-1.1838,-1.0392,-2.1577,-1.3544,-1.7668],[-0.9348,-0.0482,-0.0855,-0.0504],0.349
1523,[-0.9269,-0.1464, 0.1843,-0.0708],[ 3.6167,-1.4909, 5.2226, 1.536 , 0.0661],[-0.9264,-0.1536, 0.1886,-0.0588],0.2791
1530,[-0.9436, 0.1802,-0.0473,-0.0611],[-1.1382,-1.4965,-0.2582,-0.8334,-0.979 ],[-0.9456, 0.1466,-0.0101,-0.0567],0.2907
1532,[-0.9403, 0.1955,-0.1291,-0.0706],[-5.592 ,-5.7072,-5.2399,-5.2921,-5.5657],[-0.9419, 0.1814,-0.1129,-0.061 ],0.2478
1534,[-0.9352, 0.2193,-0.2139,-0.0657],[ 3.6217, 3.8496,-0.6334, 3.61  ,-0.3117],[-0.9357, 0.2181,-0.2078,-0.0525],0.2117
1536,[-0.9365, 0.2523,-0.3015,-0.0622],[-0.07  ,11.4385,-0.8755, 0.9013,-0.1036],[-0.9351, 0.2598,-0.3064,-0.0493],0.1493
1540,[-0.9404,-0.1767, 0.0384,-0.0351],[-1.5507,-0.9013,-1.8024,-1.4961,-1.8787],[-0.9422,-0.1412,-0.0146,-0.0202],0.3072
1541,[-0.9332,-0.187 , 0.138 ,-0.0616],[-3.6603,-4.5747,-3.0886,-3.5376,-4.7286],[-0.9345,-0.1767, 0.1218,-0.0503],0.2743
1543,[-0.936 ,-0.2176, 0.2147,-0.066 ],[ 1.7337,-0.1625, 5.3446,10.054 , 0.2225],[-0.9364,-0.2166, 0.2078,-0.0511],0.2092
1545,[-0.9359,-0.2581, 0.2958,-0.0749],[ 3.6971,-0.8361, 2.7005, 1.7169,-0.357 ],[-0.935 ,-0.264 , 0.2985,-0.0626],0.1524
1552,[-0.938 , 0.2839,-0.1534,-0.0207],[-0.4048,-0.7658,-0.0353, 0.0065,-0.4491],[-0.9414, 0.2595,-0.1299,-0.0072],0.208
1554,[-0.9306, 0.2983,-0.2442,-0.0708],[-1.0751,-1.6656,-1.8722,-0.5859,-2.104 ],[-0.9327, 0.2907,-0.2307,-0.0595],0.1786
1556,[-0.9311, 0.3174,-0.3225,-0.066 ],[ 1.9126, 3.2451,-0.428 , 2.9276,-1.2003],[-0.9312, 0.3184,-0.3185,-0.0516],0.1293
1558,[-0.9385, 0.3573,-0.4107,-0.058 ],[ 0.5452, 7.9494,-0.5686, 2.8296,-0.2129],[-0.9365, 0.3623,-0.4123,-0.0436],0.0512
1561,[-0.9283,-0.2892, 0.1602,-0.0424],[-1.1808,-0.9039,-1.3363,-1.0368,-1.5674],[-0.932 ,-0.2698, 0.1401,-0.0429],0.2331
1563,[-0.9366,-0.2938, 0.2537,-0.0496],[-1.687 ,-2.4147,-1.7078,-1.23  ,-2.3012],[-0.9383,-0.2871, 0.2396,-0.0408],0.1583
1565,[-0.9311,-0.313 , 0.3248,-0.067 ],[ 2.8613,-0.4688, 6.31  , 1.8328,-0.9501],[-0.931 ,-0.3143, 0.3198,-0.0545],0.1313
1567,[-0.9267,-0.3496, 0.4051,-0.0726],[ 1.8012,-0.7476, 2.98  , 3.5683, 0.0803],[-0.9247,-0.3544, 0.4053,-0.0586],0.0868
1576,[-0.9395, 0.4057,-0.3768,-0.052 ],[-0.8643,-0.8674,-1.0879, 0.1947,-1.5603],[-0.9412, 0.4031,-0.3646,-0.0374],0.0435
1578,[-0.9388, 0.4063,-0.4001,-0.0731],[-0.2603, 1.7836,-0.8922, 1.6598,-1.1964],[-0.9395, 0.4065,-0.3927,-0.059 ],0.0338
1585,[-0.9416,-0.4163, 0.363 ,-0.0566],[-1.1637,-1.4899,-0.8385,-0.2547,-2.1263],[-0.944 ,-0.4117, 0.3522,-0.0415],0.0365
1587,[-0.9302,-0.4271, 0.4245,-0.0676],[ 1.4495,-1.1611, 1.61  , 3.1644,-1.401 ],[-0.9306,-0.4276, 0.4181,-0.0522],0.0345
1589,[-0.9219,-0.4579, 0.5031,-0.0791],[ 0.6213,-0.5076, 8.9584, 2.4044,-0.7622],[-0.9201,-0.4596, 0.5028,-0.0648],0.0073
1600,[-0.9205,-0.0117, 0.0093,-0.1692],[ 0.403 , 1.8458, 2.4672,31.9308, 0.5232],[-0.9212,-0.0114, 0.0103,-0.1566],0.4344
1601,[-0.9152,-0.0375, 0.0753,-0.1728],[-0.1341,-0.4593, 4.6606, 3.5124,-1.0169],[-0.9156,-0.0439, 0.0788,-0.1688],0.4216
1602,[-0.9257, 0.0234,-0.0794,-0.1624],[-14.5045,-13.1642,-15.178 ,-13.8977,-14.979 ],[-0.9259, 0.0344,-0.0879,-0.1536],0.3879
1604,[-0.9311, 0.0449,-0.1803,-0.1822],[-0.8175, 0.7383,-1.3772,-1.0852,-1.2105],[-0.9296, 0.0718,-0.2019,-0.1765],0.3062
1610,[-0.9169, 0.0645,-0.0461,-0.1831],[ 3.8846e-02, 7.4823e-01, 4.5591e+01, 1.9506e+00,-4.6619e-01],[-0.9178, 0.0621,-0.0461,-0.1776],0.4282
1611,[-0.9416, 0.0689, 0.0649,-0.2105],[-0.5361,-0.4691,-0.4572,-0.0265,-0.6317],[-0.9424, 0.0377, 0.0811,-0.1955],0.3254
1612,[-0.9187, 0.0704,-0.0705,-0.1776],[ 0.7913,34.0068, 0.167 ,35.5391, 0.2234],[-0.9194, 0.0708,-0.069 ,-0.1686],0.406
1614,[-0.9357, 0.1307,-0.1907,-0.1779],[-0.3701, 0.6576,-1.8074, 0.7699,-1.5262],[-0.9351, 0.1437,-0.2004,-0.1658],0.2518
1616,[-0.9458, 0.1459,-0.296 ,-0.1565],[-0.3435,-0.5703,-0.8474, 0.2526,-0.6518],[-0.9423, 0.1742,-0.3098,-0.1422],0.1629
1620,[-0.9211,-0.0647, 0.0432,-0.1796],[-12.1578,-10.0882,-12.1201,-10.1306,-13.4433],[-0.922 ,-0.0609, 0.0382,-0.171 ],0.4164
1621,[-0.9191,-0.0841, 0.0877,-0.1944],[ 0.7096,-0.1448,38.0303, 4.6182,-0.3652],[-0.9199,-0.085 , 0.0854,-0.1889],0.3902
1622,[-0.9215,-0.0713,-0.0602,-0.1774],[-0.0518,-0.4154,-1.3969,-0.076 ,-1.3302],[-0.9222,-0.0481,-0.0788,-0.1614],0.4063
1623,[-0.9293,-0.1503, 0.1799,-0.1925],[ 1.0692,-0.9895, 3.0868,12.1359,-0.2756],[-0.9294,-0.1571, 0.184 ,-0.1773],0.2691
1625,[-0.9143,-0.1533, 0.2785,-0.2089],[-0.293 ,-0.5024, 0.1343,-0.2566,-0.5451],[-0.9116,-0.1699, 0.2864,-0.1923],0.2569
1630,[-0.9518, 0.1705,-0.0535,-0.1391],[-0.3277, 0.0013,-0.221 ,-0.2239,-0.1131],[-0.954 , 0.1428,-0.0403,-0.1545],0.2497
1632,[-0.9418, 0.1927,-0.1396,-0.1747],[-5.2885,-5.1863,-5.7985,-4.7997,-5.7414],[-0.9437, 0.1816,-0.1234,-0.1639],0.2367
1634,[-0.9315, 0.2312,-0.2183,-0.1926],[-1.3666,-0.3748,-2.9587,-0.3309,-2.4286],[-0.9326, 0.2304,-0.2119,-0.1781],0.2154
1636,[-0.9322, 0.2552,-0.298 ,-0.1945],[-0.1559, 6.5383,-0.6343, 1.6587,-0.434 ],[-0.9314, 0.2638,-0.3032,-0.1799],0.1614
1641,[-0.9333,-0.1848, 0.1447,-0.1691],[-4.7735,-5.5991,-4.6134,-4.4215,-5.7804],[-0.9349,-0.1771, 0.1295,-0.156 ],0.2699
1643,[-0.937 ,-0.2088, 0.2197,-0.1875],[ 0.0866,-2.2612, 2.0661, 2.4702,-1.8771],[-0.9374,-0.2124, 0.2187,-0.1721],0.2036
1645,[-0.934 ,-0.2547, 0.3011,-0.1894],[ 0.3636,-0.8393,12.7449, 0.525 ,-0.2997],[-0.933 ,-0.2636, 0.3071,-0.1754],0.1548
1654,[-0.9291, 0.2888,-0.2609,-0.1685],[-1.0518,-0.7052,-1.6726,-0.3231,-1.7725],[-0.9307, 0.2864,-0.2516,-0.1564],0.1779
1656,[-0.923 , 0.3092,-0.3137,-0.1898],[ 0.3658, 2.4402,-0.9888, 2.7008,-0.7781],[-0.9234, 0.3118,-0.3113,-0.1745],0.1604
1658,[-0.9331, 0.3421,-0.4026,-0.1763],[ 0.224 , 3.9982,-1.0216, 3.1742,-1.223 ],[-0.9311, 0.3502,-0.4062,-0.1606],0.0687
1663,[-0.9392,-0.2913, 0.2599,-0.1605],[-0.0816,-0.8671,-0.3686, 0.7476,-0.8133],[-0.9409,-0.2879, 0.2503,-0.1476],0.1446
1665,[-0.9353,-0.3038, 0.3274,-0.175 ],[ 0.1639,-1.0099, 2.6663, 5.2581,-0.2368],[-0.935 ,-0.3088, 0.3274,-0.1601],0.1184
1667,[-0.9345,-0.363 , 0.4093,-0.1855],[ 0.4614,-0.5811, 6.9359, 2.8115,-0.199 ],[-0.933 ,-0.3697, 0.4133,-0.1695],0.0568
1676,[-0.9398, 0.4135,-0.383 ,-0.2378],[-0.2336,-0.4201,-0.9328,-0.2256,-0.8277],[-0.9409, 0.417 ,-0.3961,-0.221 ],0.0227
1678,[-0.9442, 0.4236,-0.4   ,-0.1802],[ 1.2645, 1.5964,-0.4705, 1.7571,-1.5308],[-0.9455, 0.4258,-0.4003,-0.1641],0.0055
1685,[-0.9467,-0.4133, 0.3876,-0.1374],[-0.3953,-0.7927, 0.2069, 0.4218,-0.9456],[-0.9484,-0.4133, 0.378 ,-0.1211],0.0129
1687,[-0.9313,-0.4205, 0.439 ,-0.1827],[ 2.3306,-1.1416, 3.3337, 3.7514,-1.4232],[-0.9309,-0.4243, 0.4368,-0.1671],0.0276
1700,[-0.9305,-0.0092, 0.0117,-0.3075],[-15.0388,-14.6281,-15.4122,-14.7466,-16.4261],[-0.9318,-0.0097, 0.0121,-0.2949],0.3985
1701,[-0.9375,-0.0434, 0.0702,-0.3181],[-10.4285,-11.0885,-10.133 ,-10.0313,-11.0528],[-0.9386,-0.0508, 0.0776,-0.3057],0.3342
1702,[-0.9396, 0.0322,-0.078 ,-0.3011],[-3.2243,-2.6354,-4.0554,-3.271 ,-4.1334],[-0.9405, 0.0446,-0.0899,-0.2899],0.324
1704,[-0.9442, 0.0458,-0.1965,-0.2854],[-0.2055, 0.0836,-0.2137,-0.1457,-0.2002],[-0.9429, 0.0808,-0.2172,-0.3016],0.2423
1710,[-0.9204, 0.0662,-0.0417,-0.2755],[-1.4207,-2.6067,-1.4895, 0.0137,-3.0922],[-0.9217, 0.0623,-0.0379,-0.2681],0.4168
1712,[-0.9295, 0.0945,-0.097 ,-0.2938],[-4.5606,-5.3524,-6.2759,-4.4877,-6.9581],[-0.9307, 0.0966,-0.0968,-0.2837],0.3377
1714,[-0.9286, 0.1447,-0.1883,-0.3134],[-0.1225, 1.1442,-1.6497, 1.2198,-0.6722],[-0.9288, 0.1558,-0.1974,-0.3016],0.2697
1716,[-0.9285, 0.1505,-0.2932,-0.3522],[-0.2541,-0.0892,-0.188 ,-0.28  ,-0.074 ],[-0.9251, 0.1762,-0.3209,-0.3524],0.2138
1720,[-0.9212,-0.0647, 0.0451,-0.274 ],[-7.8916,-7.2805,-7.7588,-7.2912,-8.765 ],[-0.9225,-0.0615, 0.0404,-0.2682],0.4147
1721,[-0.9231,-0.0851, 0.0924,-0.2807],[-52.5018,-52.0814,-51.2314,-50.9633,-52.891 ],[-0.9242,-0.0877, 0.0929,-0.2739],0.3688
1723,[-0.9361,-0.1468, 0.1859,-0.3103],[-1.492 ,-2.5504,-0.2352, 0.7576,-2.6284],[-0.9363,-0.1578, 0.1953,-0.2972],0.2405
1730,[-0.9503, 0.1681,-0.0535,-0.3154],[ 0.0776, 0.1186,-0.1112,-0.0472,-0.1545],[-0.9531, 0.1327,-0.0025,-0.2982],0.2727
1732,[-0.936 , 0.1811,-0.1447,-0.2982],[-1.1218,-1.6143,-1.6131,-0.5458,-2.0148],[-0.9379, 0.1756,-0.1348,-0.2862],0.2561
1734,[-0.9263, 0.2164,-0.2246,-0.3132],[ 0.0262, 2.1522,-1.2717, 2.807 ,-1.0205],[-0.9271, 0.2207,-0.2261,-0.2968],0.2328
1736,[-0.9211, 0.2629,-0.2909,-0.3107],[ 0.1373, 9.0447,-0.7809, 1.8807,-0.8814],[-0.921 , 0.2701,-0.2961,-0.2948],0.1965
1741,[-0.9332,-0.176 , 0.1521,-0.3027],[-1.1489,-1.3026,-0.5699,-0.7594,-1.9377],[-0.935 ,-0.1731, 0.1431,-0.2916],0.2647
1743,[-0.9357,-0.196 , 0.2216,-0.3004],[ 0.459 ,-1.2401, 7.0986, 6.2469,-1.0702],[-0.936 ,-0.2041, 0.2265,-0.2848],0.2078
1745,[-0.935 ,-0.2465, 0.2975,-0.2956],[-0.0534,-0.5948, 1.3149, 6.5938,-0.8813],[-0.9341,-0.2581, 0.3062,-0.2791],0.1547
1747,[-0.9214,-0.2725, 0.3902,-0.3542],[-0.1415,-0.5205,-0.041 ,-0.033 ,-0.445 ],[-0.9177,-0.2875, 0.3977,-0.3368],0.1504
1754,[-0.9347, 0.2883,-0.2694,-0.3091],[-0.299 ,-0.2748,-0.4951, 0.9906,-0.5379],[-0.9363, 0.2904,-0.2697,-0.3033],0.1501
1756,[-0.9204, 0.2957,-0.3167,-0.2909],[ 0.7279, 0.3317,-0.8455, 2.7728,-1.0022],[-0.9204, 0.3016,-0.3202,-0.2753],0.1694
1758,[-0.9286, 0.3669,-0.3931,-0.3167],[ 1.2786, 1.8906,-0.2729, 3.1927,-1.0356],[-0.9281, 0.3743,-0.399 ,-0.2995],0.0756
1765,[-0.9412,-0.304 , 0.3336,-0.2946],[ 0.3759,-1.0004, 5.1339, 2.0007,-1.3323],[-0.9408,-0.313 , 0.3388,-0.2792],0.0943
1767,[-0.9339,-0.354 , 0.4098,-0.2985],[ 0.2152,-0.4156, 1.5513,14.5909,-0.6966],[-0.9321,-0.3639, 0.4169,-0.2817],0.06
1778,[-0.9362, 0.4011,-0.3944,-0.2887],[ 0.6374, 0.5786, 0.0626, 5.0047,-0.7093],[-0.9371, 0.4058,-0.3917,-0.2717],0.0398
1787,[-0.9329,-0.4091, 0.4429,-0.2904],[ 0.6291, 0.1816, 0.8325, 9.4767,-1.1223],[-0.9318,-0.4162, 0.4466,-0.2733],0.0244
1800,[-0.932 ,-0.009 , 0.0244,-0.4426],[-33.9369,-34.367 ,-33.7418,-33.3773,-35.3516],[-0.9338,-0.0125, 0.0267,-0.4275],0.3898
1801,[-0.9353,-0.0407, 0.0714,-0.4399],[-14.2767,-14.9746,-13.5548,-13.5372,-15.6952],[-0.9369,-0.0492, 0.0791,-0.4247],0.3416
1802,[-0.9406, 0.0348,-0.0793,-0.4126],[-0.6881,-0.0036,-1.3876,-0.1823,-1.8536],[-0.9419, 0.0481,-0.0938,-0.4021],0.315
1810,[-0.9272, 0.0679,-0.0359,-0.4375],[-1.9815,-2.2701,-1.3888,-0.6279,-2.705 ],[-0.9293, 0.0622,-0.029 ,-0.4234],0.3903
1812,[-0.9271, 0.1175,-0.1221,-0.4446],[-2.6767,-2.1542,-4.4444,-1.8718,-4.4223],[-0.9288, 0.121 ,-0.1242,-0.4289],0.3207
1814,[-0.9177, 0.1533,-0.1853,-0.455 ],[ 0.9159,14.8754,-0.1755, 2.8106,-0.7215],[-0.9187, 0.1617,-0.1906,-0.4387],0.3068
1820,[-0.9419,-0.0629, 0.0453,-0.4131],[-0.422 , 0.3059,-1.2262, 0.6674,-1.3543],[-0.9438,-0.0591, 0.0394,-0.4013],0.3259
1821,[-0.9397,-0.0841, 0.1092,-0.4253],[-40.1716,-40.6381,-40.2119,-39.6504,-41.0884],[-0.9411,-0.0926, 0.1162,-0.41  ],0.2887
1823,[-0.9376,-0.141 , 0.185 ,-0.4158],[-1.4791,-2.4511,-0.5197,-0.5035,-2.9264],[-0.9381,-0.1545, 0.1975,-0.4007],0.2366
1832,[-0.9276, 0.1804,-0.1524,-0.4118],[ 0.0401, 0.3582, 0.0547, 0.243 ,-0.5646],[-0.9298, 0.1783,-0.1468,-0.4007],0.2814
1834,[-0.9211, 0.1929,-0.2163,-0.4237],[-0.2759, 2.0617,-0.779 , 3.0111,-1.7425],[-0.922 , 0.2003,-0.2211,-0.4073],0.2637
1836,[-0.9179, 0.2465,-0.2935,-0.4138],[ 3.8802, 2.5701,-0.5343, 1.8675,-1.1401],[-0.9175, 0.2568,-0.2996,-0.3985],0.2067
1841,[-0.9373,-0.1711, 0.1636,-0.3864],[-0.011 ,-0.4586, 0.1107, 0.1996,-0.246 ],[-0.939 ,-0.1729, 0.1614,-0.3693],0.2409
1843,[-0.9391,-0.1887, 0.2228,-0.4095],[-0.8609,-1.4811, 0.978 , 1.2932,-2.0553],[-0.9396,-0.2007, 0.2329,-0.3933],0.195
1845,[-0.9401,-0.24  , 0.3027,-0.408 ],[ 2.2658,-0.7249, 3.2675, 2.6186,-0.7247],[-0.939 ,-0.2566, 0.3175,-0.391 ],0.135
1854,[-0.9141, 0.2789,-0.2746,-0.3818],[ 0.1469,-0.1211, 0.0173, 0.4043,-0.5464],[-0.9155, 0.2823,-0.2716,-0.3643],0.223
1856,[-0.9279, 0.3021,-0.3307,-0.4061],[ 2.0352, 0.3488,-0.3593, 1.4429,-1.7857],[-0.9278, 0.3116,-0.3387,-0.392 ],0.1333
1865,[-0.9436,-0.3013, 0.351 ,-0.4182],[ 0.1421,-0.304 , 1.3249,11.3207,-1.0173],[-0.9426,-0.3159, 0.3628,-0.4009],0.077
1867,[-0.9382,-0.3546, 0.3997,-0.3995],[ 0.4143,-0.0984,13.09  , 1.2244,-0.8518],[-0.9369,-0.3664, 0.4107,-0.3825],0.0494
1900,[-0.9212, 0.008 , 0.0194,-0.5696],[-111.9277,-111.0753,-111.0776,-111.0971,-112.7686],[-0.9237, 0.0026, 0.0239,-0.554 ],0.4411
1901,[-0.9282,-0.031 , 0.0741,-0.5517],[ 1.5659,-0.9116, 2.8373, 3.674 ,-1.847 ],[-0.9302,-0.0415, 0.0826,-0.536 ],0.3722
1902,[-0.9143, 0.028 ,-0.097 ,-0.5768],[-4.501 ,-4.2613,-5.0296,-4.2816,-5.2464],[-0.9161, 0.0415,-0.1077,-0.5658],0.4159
1910,[-0.9183, 0.0655,-0.0335,-0.6039],[-85.7255,-85.8116,-85.4731,-85.5228,-86.5501],[-0.9211, 0.0603,-0.0243,-0.5875],0.4299
1911,[-0.9158, 0.0697, 0.0609,-0.5901],[-0.255 ,-0.8576, 0.2914,-0.6932,-0.5551],[-0.9183, 0.049 , 0.0654,-0.5716],0.4298
1912,[-0.9176, 0.1072,-0.1204,-0.5636],[-113.8954,-113.984 ,-113.7482,-113.7665,-115.3737],[-0.9196, 0.1129,-0.1274,-0.5467],0.3583
1914,[-0.916 , 0.1453,-0.1836,-0.5295],[ 3.2879, 1.588 ,-0.0458,26.1784,-1.0036],[-0.9171, 0.1555,-0.1934,-0.5127],0.3145
1920,[-0.9195,-0.0631, 0.0458,-0.5342],[-5.1978,-4.8068,-5.5434,-4.9357,-5.7901],[-0.9219,-0.0616, 0.0446,-0.5233],0.4164
1921,[-0.9318,-0.0776, 0.1129,-0.5411],[ -0.6056, -0.9081,  0.9126,117.9966, -1.6339],[-0.9335,-0.088 , 0.121 ,-0.5245],0.3195
1923,[-0.938 ,-0.1369, 0.181 ,-0.5297],[-0.0804,30.1189, 3.0587, 1.3953,-0.6277],[-0.939 ,-0.1524, 0.1964,-0.5118],0.2357
1932,[-0.9149, 0.1789,-0.1604,-0.5193],[-2.0743,-2.0282,-2.8338,-1.4511,-2.5446],[-0.9172, 0.1808,-0.1641,-0.5131],0.318
1934,[-0.9212, 0.1817,-0.2143,-0.5238],[-1.0952,-2.6987,-4.0408,-2.0547,-4.7657],[-0.9222, 0.1919,-0.2233,-0.5065],0.2663
1936,[-0.9361, 0.2475,-0.2883,-0.5311],[ 0.5789,15.31  ,-0.7236, 0.2514,-0.3893],[-0.9363, 0.2618,-0.2988,-0.5136],0.149
1943,[-0.9453,-0.1894, 0.2359,-0.5369],[ 0.717 , 0.7095, 0.3511,24.9534,-0.7296],[-0.9456,-0.2083, 0.2572,-0.5195],0.1604
1945,[-0.9445,-0.2465, 0.3041,-0.5216],[ 9.7092e-03,-2.3700e-01, 1.7232e+01, 8.2748e-01,-6.9276e-01],[-0.9438,-0.2661, 0.3238,-0.5039],0.1123
2100,[-0.8928,-0.0068, 0.0072, 0.3913],[-2.9051,-3.0652,-2.5933,-3.2545,-2.187 ],[-0.8911,-0.0068, 0.0064, 0.3864],0.3648
2101,[-0.8827,-0.0297, 0.0629, 0.3943],[-0.9419,-1.2761,-0.4497,-1.6073,-0.9026],[-0.8808,-0.0323, 0.0624, 0.3908],0.301
2102,[-0.886 , 0.0351,-0.0751, 0.3887],[-1.1982,-0.0526,-1.6899,-1.3018, 0.101 ],[-0.884 , 0.0385,-0.0752, 0.3816],0.3085
2110,[-0.9098, 0.0635,-0.0224, 0.4023],[-0.8052,-0.8704, 0.5451,-0.9213,-0.0478],[-0.9081, 0.0574,-0.0194, 0.4112],0.4265
2143,[-0.9087,-0.1685, 0.1799, 0.379 ],[ 0.1166,-0.7373, 0.2803,-0.5865, 1.3775],[-0.9073,-0.1658, 0.1678, 0.3743],0.2993
2200,[-0.9016,-0.0341, 0.0314, 0.2714],[-66.8016,-66.7321,-66.4256,-67.2308,-66.0334],[-0.9004,-0.0333, 0.0302, 0.2668],0.3913
2201,[-0.9041,-0.0473, 0.0663, 0.2652],[-20.9411,-21.777 ,-20.2713,-21.5976,-20.1569],[-0.9028,-0.049 , 0.0667, 0.2625],0.3846
2202,[-0.8949, 0.0367,-0.0738, 0.2803],[-10.1342, -9.7413,-10.4055,-10.7455, -9.5763],[-0.8934, 0.0405,-0.0768, 0.276 ],0.3435
2203,[-0.8815,-0.0459, 0.1754, 0.3084],[-0.4645,-0.937 ,-0.4568,-0.5576,-0.7486],[-0.8788,-0.0565, 0.1699, 0.295 ],0.2377
2204,[-0.8864, 0.0543,-0.1867, 0.2808],[-1.0804,-0.6464,-1.4746,-1.2006,-0.6845],[-0.8827, 0.0682,-0.2157, 0.295 ],0.2282
2210,[-0.9044, 0.064 ,-0.0365, 0.304 ],[-3.4598,-3.6729,-2.9504,-4.077 ,-3.0132],[-0.9032, 0.0601,-0.0367, 0.3019],0.3951
2212,[-0.8964, 0.0716,-0.0922, 0.279 ],[-3.5442,-3.444 ,-4.7606,-4.254 ,-3.8023],[-0.895 , 0.0728,-0.0905, 0.2729],0.3299
2220,[-0.9055,-0.0652, 0.0405, 0.2772],[-4.9413,-3.9732,-5.8724,-5.2914,-4.1466],[-0.9044,-0.0612, 0.0371, 0.2718],0.3996
2221,[-0.9029,-0.0725, 0.0859, 0.2699],[-27.9064,-28.7603,-27.7993,-29.126 ,-27.8482],[-0.9017,-0.0729, 0.0833, 0.2656],0.3607
2223,[-0.8992,-0.1216, 0.188 , 0.2789],[-1.9007,-2.4282, 0.2747,-1.842 , 0.2513],[-0.897 ,-0.1265, 0.1863, 0.2716],0.2698
2232,[-0.9051, 0.1924,-0.1288, 0.2769],[-0.37  ,-0.6355, 0.6736,-0.7162, 1.08  ],[-0.9053, 0.1828,-0.119 , 0.2752],0.3067
2234,[-0.9011, 0.2399,-0.2521, 0.2758],[ 0.2439, 4.4174,-0.4029,-0.0908, 1.0141],[-0.9   , 0.2377,-0.2423, 0.2709],0.2034
2236,[-0.9034, 0.2601,-0.303 , 0.2883],[ 0.3026, 2.4234,-1.5711,-1.7293, 1.5896],[-0.9015, 0.26  ,-0.2948, 0.2835],0.1736
2241,[-0.901 ,-0.1976, 0.1302, 0.2775],[-0.8416, 0.1495,-1.0639,-1.2294, 0.8992],[-0.9012,-0.1881, 0.1238, 0.2779],0.2863
2243,[-0.8971,-0.2261, 0.2136, 0.2754],[-0.2079,-1.2596, 2.2149,-0.3372, 1.3085],[-0.8968,-0.2212, 0.1963, 0.2729],0.2212
2245,[-0.8903,-0.2699, 0.2989, 0.2983],[ 0.5437,-1.706 , 1.9106, 0.4381, 0.5176],[-0.8889,-0.2685, 0.2881, 0.2953],0.133
2254,[-0.9105, 0.2865,-0.2542, 0.3418],[0.4847,0.5474,0.2694,0.2385,3.0429],[-0.9105, 0.2789,-0.2435, 0.3398],0.2204
2256,[-0.9064, 0.3072,-0.3188, 0.2975],[ 1.179 , 5.93  ,-0.6849, 0.0942, 3.5244],[-0.9056, 0.3035,-0.3054, 0.2945],0.1618
2265,[-0.8813,-0.2787, 0.3202, 0.2646],[ 2.0936,-0.6077, 8.7527, 1.025 , 1.0553],[-0.8795,-0.2783, 0.3098, 0.2658],0.0895
2300,[-0.9049,-0.017 , 0.0173, 0.1769],[-139.8188,-139.4027,-139.5303,-140.2439,-138.9019],[-0.9042,-0.0169, 0.0174, 0.1697],0.4117
2301,[-0.9054,-0.0444, 0.0677, 0.1878],[-47.8995,-49.4402,-46.4584,-49.568 ,-47.629 ],[-0.9045,-0.0469, 0.0685, 0.1811],0.3918
2302,[-0.9049, 0.0409,-0.0736, 0.1553],[-33.6688,-33.3114,-34.5859,-34.4029,-33.2211],[-0.904 , 0.0447,-0.0755, 0.1525],0.3875
2304,[-0.8932, 0.0394,-0.1818, 0.2165],[-2.1746,-1.222 ,-2.3448,-2.1927,-2.3868],[-0.8905, 0.0532,-0.1799, 0.2038],0.2795
2310,[-0.9058, 0.0632,-0.0444, 0.1468],[-7.1333,-8.7393,-6.3064,-8.0745,-6.331 ],[-0.9053, 0.06  ,-0.0397, 0.144 ],0.4027
2312,[-0.9039, 0.0755,-0.0911, 0.1504],[-14.9154,-13.8631,-15.8457,-16.0719,-14.4219],[-0.9031, 0.0767,-0.0896, 0.1454],0.3623
2314,[-0.9002, 0.1441,-0.1818, 0.1478],[-1.4072,-0.3622,-3.5593,-3.1658,-0.4914],[-0.899 , 0.147 ,-0.1808, 0.1446],0.2707
2320,[-0.9059,-0.066 , 0.0417, 0.1519],[-3.2557,-0.4898,-3.8553,-3.8035, 0.3184],[-0.9054,-0.0622, 0.0372, 0.1462],0.4027
2321,[-0.9028,-0.0785, 0.0865, 0.1586],[-60.5874,-62.2077,-59.5311,-61.4747,-60.9216],[-0.9021,-0.0785, 0.0833, 0.1542],0.3598
2322,[-0.9038,-0.0651,-0.0607, 0.2187],[-2.2642,-1.7667,-2.6238,-2.7933,-2.0668],[-0.9028,-0.0475,-0.0789, 0.2045],0.379
2323,[-0.8921,-0.13  , 0.185 , 0.1618],[-5.6095,-6.6676,-5.2104,-6.3604,-5.4687],[-0.8905,-0.1346, 0.1859, 0.1577],0.242
2330,[-0.9095, 0.1717,-0.0545, 0.1668],[-2.1577,-2.5371,-1.2786,-2.4983,-2.2505],[-0.9105, 0.1516,-0.0155, 0.152 ],0.3935
2332,[-0.9019, 0.185 ,-0.1461, 0.1589],[ 0.2198,-1.4421,-0.472 ,-1.605 , 0.0495],[-0.9022, 0.1786,-0.1357, 0.1514],0.2897
2334,[-0.9012, 0.2031,-0.2171, 0.1531],[ 0.8865, 5.8907,-0.7409, 0.2954,18.3538],[-0.9005, 0.2025,-0.2087, 0.1476],0.2377
2336,[-0.898 , 0.2373,-0.2947, 0.1549],[ 2.4686, 5.7039,-1.4777,-0.668 , 1.7226],[-0.896 , 0.2402,-0.2909, 0.1564],0.1665
2340,[-0.887 ,-0.1801, 0.0339, 0.1792],[-1.8131,-1.4937,-2.6224,-2.3002,-2.0123],[-0.8882,-0.164 , 0.0267, 0.1649],0.2889
2341,[-0.8963,-0.192 , 0.1352, 0.1731],[ 0.331 , 0.864 ,-0.7435,-0.4643, 3.5775],[-0.8969,-0.1837, 0.1219, 0.1672],0.273
2343,[-0.8961,-0.2098, 0.2178, 0.1794],[ 1.9639,-0.1886, 9.3153,-0.0095, 1.3104],[-0.8954,-0.2082, 0.2074, 0.1781],0.2175
2345,[-0.9008,-0.2542, 0.3087, 0.1964],[ 0.0865,-1.6993, 7.0281, 0.2855, 0.9958],[-0.8986,-0.256 , 0.3035, 0.2029],0.1626
2354,[-0.899 , 0.3042,-0.2494, 0.1593],[2.1236,0.3523,0.4752,0.8961,4.6237],[-0.9007, 0.2963,-0.2292, 0.1568],0.1852
2356,[-0.897 , 0.3292,-0.3184, 0.1606],[ 4.063 , 4.8991,-1.1102, 1.7572, 3.5332],[-0.8974, 0.3258,-0.3045, 0.1658],0.1266
2361,[-0.9044,-0.2982, 0.1536, 0.1561],[-1.2245, 0.3536,-2.1118,-0.9429,-0.9425],[-0.9076,-0.2814, 0.1426, 0.156 ],0.2577
2363,[-0.9023,-0.316 , 0.2387, 0.1682],[2.5711,2.5678,0.8038,4.0515,7.6799],[-0.9047,-0.3054, 0.2131, 0.1676],0.2021
2365,[-0.899 ,-0.3218, 0.3187, 0.1638],[ 0.1813,-0.2403, 9.8822, 1.2158, 0.5049],[-0.8991,-0.319 , 0.3049, 0.1717],0.1344
2400,[-0.9037,-0.0133, 0.0073, 0.0642],[1.6152e+00,2.8761e+00,2.7516e+00,3.8150e-01,4.0683e+02],[-0.9035,-0.0123, 0.0052, 0.0502],0.41
2401,[-0.9028,-0.0446, 0.0673, 0.065 ],[-15.5677,-16.0872,-13.4104,-15.8955,-14.3345],[-0.9024,-0.0475, 0.0688, 0.0544],0.382
2402,[-0.9035, 0.0349,-0.0744, 0.0568],[-42.6085,-41.1507,-43.3655,-42.9161,-41.9888],[-0.903 , 0.0401,-0.0777, 0.0468],0.3841
2403,[-0.8972,-0.0531, 0.1792, 0.1144],[-2.5143,-2.625 ,-2.1892,-2.2365,-2.2112],[-0.8944,-0.0694, 0.2103, 0.0993],0.2739
2404,[-0.895 , 0.0487,-0.175 , 0.085 ],[-2.6944,-1.8732,-3.4143,-2.811 ,-2.9519],[-0.8928, 0.0628,-0.1827, 0.0793],0.2833
2410,[-0.9049, 0.0655,-0.0438, 0.0524],[-3.6979,-5.3489,23.5772,-5.2545,-0.8205],[-0.9048, 0.0624,-0.0417, 0.0453],0.3986
2411,[-0.9051, 0.0626, 0.0722, 0.0379],[-3.1329,-3.4842,-3.133 ,-3.2368,-2.8769],[-0.9046, 0.0435, 0.09  , 0.053 ],0.3835
2412,[-0.904 , 0.0794,-0.0906, 0.0607],[  0.7624,109.847 , -0.1953,  1.1054,  7.8158],[-0.9037, 0.0801,-0.0875, 0.0532],0.3643
2414,[-0.8979, 0.1398,-0.1861, 0.0648],[-0.5061, 0.7362,-4.6928,-3.538 ,-1.316 ],[-0.8967, 0.1443,-0.1867, 0.0622],0.2606
2420,[-0.9035,-0.0649, 0.0441, 0.0652],[ 0.3411,43.0212, 0.4736,-0.5512, 3.651 ],[-0.9034,-0.0621, 0.0436, 0.0574],0.3915
2421,[-0.9037,-0.0806, 0.0896, 0.0723],[  0.7416,  1.738 ,115.0872, -0.3851,  2.0955],[-0.9033,-0.081 , 0.0863, 0.0701],0.3623
2422,[-0.9092,-0.0592,-0.0589, 0.1233],[-2.5361,-2.708 ,-3.254 ,-3.1373,-3.152 ],[-0.9088,-0.0442,-0.0566, 0.1099],0.4178
2423,[-0.8896,-0.1345, 0.1837, 0.0582],[ -8.6703,-10.0421, -8.2494, -9.0228, -8.6568],[-0.8885,-0.1392, 0.1847, 0.0544],0.2334
2425,[-0.8747,-0.1531, 0.2951, 0.0902],[-1.6223,-1.9114,-1.1165,-1.1903,-1.0505],[-0.8706,-0.1635, 0.3003, 0.096 ],0.1135
2430,[-0.8982, 0.1838,-0.038 , 0.0501],[-2.4457,-3.3267,-1.7959,-3.0351,-2.6459],[-0.8999, 0.1654,-0.0257, 0.0459],0.3373
2432,[-0.8975, 0.1853,-0.1384, 0.0571],[-0.0113,-1.4548,-1.018 ,-1.3843, 3.772 ],[-0.8984, 0.1785,-0.1257, 0.0497],0.2791
2434,[-0.8984, 0.2021,-0.2179, 0.0724],[ 0.994 ,29.8255,-0.097 , 1.0108, 1.8043],[-0.8979, 0.2024,-0.2108, 0.0723],0.2273
2436,[-0.8969, 0.2431,-0.2965, 0.0651],[ 0.3571,13.6285,-0.7154, 0.0137,-0.711 ],[-0.8952, 0.2467,-0.2951, 0.0733],0.1595
2440,[-0.8998,-0.1766, 0.0362, 0.0699],[-2.6519,-1.9367,-2.8843,-2.7132,-2.1192],[-0.9013,-0.1597, 0.0324, 0.0546],0.3424
2441,[-0.9026,-0.1797, 0.1428, 0.0431],[ 0.8559, 1.5124, 0.9651, 1.6914,58.216 ],[-0.9034,-0.1736, 0.1285, 0.0391],0.2996
2443,[-0.8991,-0.201 , 0.2017, 0.0429],[4.0959e+00,1.1850e-02,3.5029e+01,9.0672e-01,8.2598e-01],[-0.899 ,-0.1996, 0.1927, 0.0514],0.2414
2445,[-0.9014,-0.2389, 0.29  , 0.0648],[-0.3545,-1.1372, 5.7688, 1.7384, 0.4578],[-0.8998,-0.2426, 0.2874, 0.0586],0.1799
2452,[-0.9028, 0.2826,-0.1447, 0.0651],[-0.9652,-1.6675, 0.2736,-0.8902,-0.8737],[-0.9065, 0.264 ,-0.1083, 0.0514],0.2782
2454,[-0.9009, 0.3044,-0.2372, 0.0844],[1.2543,1.052 ,0.0798,1.1672,0.6216],[-0.9031, 0.2959,-0.2166, 0.0833],0.1992
2456,[-0.8985, 0.3299,-0.3304, 0.0608],[ 2.1279, 9.3538,-0.3735, 0.9131,-0.0198],[-0.8986, 0.3284,-0.3206, 0.0733],0.1213
2458,[-0.8986, 0.3548,-0.3963, 0.0614],[-0.4373, 6.8236,-0.7285, 0.5015, 0.9353],[-0.897 , 0.3558,-0.3933, 0.0732],0.07
2463,[-0.9008,-0.3128, 0.2379, 0.0523],[1.2896,0.9575,1.5357,2.4332,2.8259],[-0.9032,-0.3045, 0.2217, 0.0534],0.1938
2465,[-0.898 ,-0.3334, 0.3283, 0.0442],[ 0.7468,-0.6424, 8.4122, 0.6234, 0.8169],[-0.8984,-0.3315, 0.3163, 0.0527],0.1213
2467,[-0.8978,-0.36  , 0.4128, 0.0509],[-0.132 ,-0.5737, 4.404 ,-0.7055, 0.3361],[-0.8958,-0.3614, 0.4077, 0.0595],0.0578
2476,[-0.8999, 0.3928,-0.3618, 0.0614],[ 0.6903, 0.6686,-0.2552, 1.4044, 0.1674],[-0.9015, 0.3894,-0.347 , 0.0739],0.0891
2478,[-0.8998, 0.3973,-0.4221, 0.0537],[ 0.5234, 4.4055,-0.722 , 0.8364, 0.0443],[-0.899 , 0.3972,-0.4149, 0.0565],0.0468
2485,[-0.8778,-0.4012, 0.3492, 0.0784],[0.4686,0.0966,1.7312,2.6238,0.0868],[-0.88  ,-0.3974, 0.3369, 0.0879],0.0302
2487,[-0.8724,-0.4106, 0.4163, 0.0296],[ 1.9736,-1.1899, 5.0735, 2.5928, 0.3298],[-0.8726,-0.41  , 0.4059, 0.0434],-0.0224
2500,[-0.9039,-0.0068, 0.0035,-0.0612],[1.6376e+00,5.2529e+02,2.1246e+00,2.0835e-01,3.0798e+00],[-0.9042,-0.0068, 0.0063,-0.073 ],0.415
2501,[-0.9035,-0.0389, 0.0714,-0.0727],[-4.5889,-6.1635,14.3486,-5.7238,-4.0917],[-0.9036,-0.0435, 0.0738,-0.083 ],0.387
2502,[-0.9022, 0.037 ,-0.0722,-0.0518],[ 1.1913,40.1593,-2.6834,-1.833 , 1.4551],[-0.9023, 0.0417,-0.0736,-0.0641],0.3823
2510,[-0.9037, 0.0645,-0.0469,-0.0633],[  0.4116, -0.4018,147.931 , -0.6695,  0.4465],[-0.9041, 0.0625,-0.0474,-0.0693],0.393
2511,[-0.9075, 0.0643, 0.0602,-0.0177],[-2.5186,-2.7869,-2.04  ,-2.3261,-1.722 ],[-0.9077, 0.048 , 0.0602,-0.0317],0.4093
2512,[-0.9021, 0.0751,-0.0837,-0.0649],[ 9.0586e-01, 2.0350e+02,-1.0033e-01, 1.3434e+00, 1.8207e+00],[-0.9023, 0.0761,-0.0817,-0.0725],0.3632
2514,[-0.8921, 0.1402,-0.1842,-0.0679],[ 1.431 , 1.3455,-3.4963,-0.4129,-0.1593],[-0.8915, 0.1452,-0.1856,-0.0722],0.2405
2516,[-0.9049, 0.1387,-0.3118,-0.1194],[-1.2545,-1.3698,-1.9221,-0.8863,-1.4355],[-0.9007, 0.1573,-0.3157,-0.1357],0.209
2520,[-0.9028,-0.0608, 0.0499,-0.0701],[  1.8042,228.1799,  0.5544,  0.4123,  2.1462],[-0.9032,-0.0597, 0.0504,-0.0755],0.3886
2521,[-0.9027,-0.065 , 0.0685,-0.0701],[  0.7262,  0.6276,418.7087,  0.8947,  0.8148],[-0.903 ,-0.0654, 0.067 ,-0.0762],0.3775
2523,[-0.8941,-0.1445, 0.1854,-0.0642],[-3.1513,-5.6025,-2.6758,-3.3821,-2.7468],[-0.8935,-0.1493, 0.1874,-0.0659],0.2456
2530,[-0.9052, 0.1743,-0.0398,-0.0129],[-2.1745,-2.6475,-0.9326,-1.6434,-1.7779],[-0.9069, 0.1561,-0.0267,-0.0126],0.365
2532,[-0.8963, 0.1797,-0.1424,-0.047 ],[-0.3833,-0.0734,-0.7359,-0.31  , 0.2301],[-0.8973, 0.1748,-0.1325,-0.0497],0.2736
2534,[-0.8931, 0.1908,-0.2124,-0.0577],[ 0.9288,15.3154,-0.3075, 4.4932, 1.1376],[-0.8929, 0.1928,-0.2083,-0.0539],0.2146
2536,[-0.8956, 0.2437,-0.3042,-0.0625],[-0.811 , 7.5058,-1.0335, 1.326 ,-0.9825],[-0.8938, 0.2491,-0.3063,-0.0567],0.1497
2540,[-0.8874,-0.1667, 0.0392,-0.0184],[-1.3175,-0.3411,-1.582 ,-1.5954,-1.3956],[-0.889 ,-0.1536, 0.0417,-0.0027],0.2901
2541,[-0.9036,-0.1773, 0.148 ,-0.0292],[1.1009,0.6965,9.5709,1.9864,1.6023],[-0.9044,-0.1727, 0.1362,-0.0224],0.3004
2543,[-0.9039,-0.1873, 0.2003,-0.066 ],[  1.3302, -0.9008,  2.0458,145.8902,  0.4347],[-0.9039,-0.1887, 0.197 ,-0.0514],0.262
2545,[-0.8968,-0.2499, 0.2947,-0.0542],[ 1.4933,-1.9664,-0.0781, 2.7055, 1.5116],[-0.8956,-0.254 , 0.2936,-0.0546],0.1577
2554,[-0.9063, 0.3029,-0.2652,-0.0333],[0.0975,1.45  ,0.3788,0.5877,0.0931],[-0.9081, 0.2984,-0.2492,-0.0285],0.1995
2556,[-0.9053, 0.3346,-0.3437,-0.0627],[ 2.1678, 2.0841,-0.9401, 4.5152, 0.5957],[-0.9053, 0.3354,-0.3386,-0.0492],0.13
2558,[-0.8961, 0.3406,-0.408 ,-0.0416],[ 0.3487, 2.6939,-1.4909, 3.4456, 0.919 ],[-0.8936, 0.3443,-0.408 ,-0.0387],0.0601
2563,[-0.9061,-0.3117, 0.251 ,-0.0401],[ 0.7613, 0.7897, 1.0858, 2.4808,-0.0211],[-0.9083,-0.3059, 0.2417,-0.034 ],0.2007
2565,[-0.902 ,-0.326 , 0.3448,-0.055 ],[ 0.2432,-0.5365,12.0302, 1.3873, 0.0307],[-0.9016,-0.3272, 0.338 ,-0.0435],0.1231
2567,[-0.9013,-0.3519, 0.4047,-0.0635],[ 0.9354,-1.1189, 4.8249, 0.1932,-0.6013],[-0.8994,-0.3552, 0.4026,-0.0526],0.0746
2576,[-0.8977, 0.4007,-0.3748,-0.0097],[ 0.636 , 1.2222,-0.16  , 0.8699,-0.5009],[-0.8991, 0.399 ,-0.3638,-0.0037],0.0698
2578,[-0.899 , 0.3994,-0.4197,-0.0573],[ 0.7464, 2.0941,-0.9421, 1.8263,-0.8678],[-0.8982, 0.4007,-0.4192,-0.0421],0.0411
2583,[-0.8924,-0.3924, 0.2714,-0.0254],[-0.7419,-0.4717,-1.3258,-0.5981,-0.7603],[-0.8975,-0.3827, 0.2446,-0.0104],0.1269
2585,[-0.8912,-0.4031, 0.344 ,-0.0608],[ 0.5567,-0.3315, 1.0105, 1.1509,-0.0248],[-0.8941,-0.3995, 0.3265,-0.0471],0.0741
2587,[-0.8849,-0.4032, 0.4375,-0.078 ],[-0.3113,-1.0157, 4.6131, 3.2927, 0.0372],[-0.8837,-0.4046, 0.4326,-0.0645],-0.0031
2600,[-0.9046, 0.0029, 0.0045,-0.1629],[  2.0969,164.2897,  9.0274,  0.1983,  1.8839],[-0.9054, 0.0011, 0.0105,-0.1696],0.4239
2601,[-0.9042,-0.0407, 0.0733,-0.1723],[  0.5945, -0.9158,175.5378,  0.4207, -0.1799],[-0.9047,-0.0456, 0.0752,-0.1794],0.3905
2602,[-0.9033, 0.0465,-0.0669,-0.1501],[ 0.1199,10.4572,-0.1599, 0.4672,-0.0188],[-0.9039, 0.0495,-0.0673,-0.1589],0.3887
2603,[-0.9026,-0.0548, 0.1798,-0.1545],[-0.8182,-1.142 ,-0.4833,-1.1831,-1.3079],[-0.9015,-0.0706, 0.181 ,-0.17  ],0.3151
2610,[-0.904 , 0.0663,-0.0466,-0.1753],[6.3082e-01,4.2524e-01,1.6300e+02,8.2284e-02,1.0074e+00],[-0.9049, 0.0642,-0.0468,-0.1793],0.3961
2612,[-0.9033, 0.0811,-0.0845,-0.1667],[ 2.2275e+00, 2.5734e+02,-7.3771e-02, 2.6591e+00, 3.3708e+00],[-0.9041, 0.0816,-0.0807,-0.1727],0.3681
2614,[-0.894 , 0.1445,-0.1819,-0.1477],[ 0.4091, 3.6232,-1.3361, 4.24  ,-0.5062],[-0.8938, 0.1494,-0.1828,-0.1464],0.2487
2616,[-0.905 , 0.1373,-0.3124,-0.1346],[-0.5369,-0.6612,-1.0751,-1.0481,-0.4622],[-0.9008, 0.1562,-0.3161,-0.1357],0.21
2620,[-0.9055,-0.0604, 0.0503,-0.1674],[ 0.9664,87.1648, 0.543 , 0.8274, 0.7776],[-0.9064,-0.0596, 0.0511,-0.1779],0.4026
2621,[-0.9055,-0.0711, 0.0834,-0.1885],[ 1.2453e+00,-2.2665e-02, 5.5072e+00, 1.5753e+00, 2.9143e+02],[-0.9063,-0.0735, 0.0848,-0.2015],0.3794
2623,[-0.9047,-0.1441, 0.1817,-0.1957],[ 0.7327,-0.539 ,83.391 ,-0.5067, 0.7081],[-0.9047,-0.1499, 0.1838,-0.1858],0.2895
2630,[-0.9067, 0.1738,-0.0509,-0.1503],[-0.6088,-1.6075,-0.0707,-0.646 ,-0.8613],[-0.9091, 0.1566,-0.0339,-0.1507],0.3762
2632,[-0.8954, 0.1808,-0.1412,-0.1758],[ 0.7846, 0.4066,-0.5029, 0.0679,-0.1727],[-0.897 , 0.1763,-0.1303,-0.1781],0.2727
2634,[-0.893 , 0.1971,-0.2098,-0.1757],[ 1.2463,17.3188,-0.2193, 2.8222, 1.1309],[-0.8934, 0.1991,-0.2055,-0.1746],0.2152
2636,[-0.9033, 0.2409,-0.306 ,-0.171 ],[-0.2264, 0.1865,-1.8951, 2.9125,-1.4291],[-0.9016, 0.2483,-0.3114,-0.1594],0.1726
2640,[-0.9103,-0.1668, 0.037 ,-0.1318],[-0.3226, 0.2187,-0.6736, 0.0828,-0.5087],[-0.9125,-0.1447,-0.0022,-0.1156],0.4123
2641,[-0.9004,-0.183 , 0.1422,-0.1855],[0.731 ,0.1325,2.66  ,6.5742,0.527 ],[-0.9021,-0.1776, 0.1265,-0.1768],0.2937
2643,[-0.9044,-0.1885, 0.2061,-0.1679],[ 0.7   , 0.2461,71.2981, 1.    ,-0.0786],[-0.9046,-0.1916, 0.2053,-0.1583],0.2593
2645,[-0.9021,-0.2518, 0.307 ,-0.1817],[ 0.3275,-1.7364, 1.6954, 1.7027,-1.1486],[-0.9009,-0.2585, 0.3093,-0.1722],0.1659
2656,[-0.9061, 0.3375,-0.3503,-0.1864],[ 3.2218, 1.8864,-0.8293, 3.0863, 0.1861],[-0.9062, 0.3404,-0.3476,-0.1734],0.1262
2658,[-0.9033, 0.3492,-0.4167,-0.1602],[ 0.4032, 2.3175,-1.169 , 1.6321,-0.6317],[-0.9008, 0.3547,-0.4217,-0.1475],0.0687
2663,[-0.9094,-0.2819, 0.272 ,-0.1409],[1.2665,0.5598,0.7918,0.8857,0.1764],[-0.9104,-0.2813, 0.2609,-0.1245],0.2104
2665,[-0.9066,-0.3109, 0.35  ,-0.1536],[ 1.2156,-0.9404, 1.7673, 4.3334, 0.9171],[-0.9056,-0.3153, 0.3489,-0.1412],0.1357
2667,[-0.8937,-0.3676, 0.4332,-0.1926],[ 0.7903,-0.9929, 1.6259, 0.6555,-1.2485],[-0.8912,-0.3724, 0.4357,-0.1809],0.0285
2678,[-0.903 , 0.3906,-0.4225,-0.1263],[ 0.1613, 3.191 ,-0.2398, 0.4396,-1.2252],[-0.9018, 0.3934,-0.4229,-0.1115],0.0526
2687,[-0.8778,-0.4018, 0.424 ,-0.1866],[-0.1041,-0.9033, 1.3658, 3.4404,-0.4338],[-0.8774,-0.4042, 0.4186,-0.1751],-0.0124
2700,[-0.9019, 0.0245,-0.0059,-0.315 ],[ 2.0217, 3.4636,61.5628, 1.3343, 2.4019],[-0.9033, 0.0223,-0.0061,-0.3044],0.4234
2701,[-0.9028,-0.0418, 0.08  ,-0.2754],[-2.1503,-3.7978,-1.7004,-1.2956,-2.0861],[-0.9037,-0.0478, 0.0827,-0.2738],0.3815
2702,[-0.8957, 0.0338,-0.0784,-0.3011],[-2.7977,-1.951 ,-3.8699,-2.6619,-3.295 ],[-0.8966, 0.0407,-0.0839,-0.2996],0.3544
2710,[-0.9014, 0.0675,-0.0414,-0.2904],[ 0.3601, 0.7999,20.691 , 5.8222, 0.357 ],[-0.9029, 0.0644,-0.0384,-0.2865],0.3906
2712,[-0.8987, 0.0918,-0.0945,-0.299 ],[ 1.8284,33.0305, 0.0365, 0.648 , 1.5427],[-0.8999, 0.0929,-0.0924,-0.294 ],0.3399
2714,[-0.9052, 0.1518,-0.1824,-0.3346],[ 0.5302, 1.4312,-1.8751, 0.1311,-0.0827],[-0.9058, 0.1579,-0.1854,-0.3261],0.289
2720,[-0.9058,-0.0652, 0.0486,-0.2657],[ 0.9077, 5.3496, 1.1845,10.5697,-0.2813],[-0.9071,-0.0635, 0.0483,-0.2666],0.4053
2721,[-0.9057,-0.0855, 0.0977,-0.2644],[ 1.1206e+00,-2.3585e-02, 7.4588e+00, 3.1775e+01, 1.7858e+00],[-0.9066,-0.0882, 0.0996,-0.2615],0.367
2723,[-0.9052,-0.1366, 0.1803,-0.2844],[ 0.6547,-0.6748,83.1976, 0.1875,-0.2978],[-0.9054,-0.144 , 0.1831,-0.289 ],0.2955
2725,[-0.895 ,-0.151 , 0.3145,-0.3138],[-0.3401,-0.4771,-0.2441,-0.5461,-0.2611],[-0.891 ,-0.17  , 0.3331,-0.3296],0.162
2732,[-0.8963, 0.1773,-0.1386,-0.2937],[0.4029,0.6332,0.276 ,0.9086,0.2951],[-0.8983, 0.1737,-0.1306,-0.2889],0.2784
2734,[-0.9041, 0.1929,-0.2149,-0.3117],[1.2931,3.9128,0.1055,5.9485,0.3646],[-0.9047, 0.1978,-0.2162,-0.2968],0.2516
2736,[-0.908 , 0.2544,-0.2993,-0.2993],[-0.1276, 1.1761,-1.0226,-0.0608,-0.8813],[-0.9074, 0.2621,-0.3027,-0.3007],0.1891
2738,[-0.8899, 0.2705,-0.4197,-0.3724],[-0.5042,-0.3192,-0.5898,-0.3866,-0.5147],[-0.8841, 0.2832,-0.4407,-0.3571],0.0452
2741,[-0.8955,-0.1729, 0.1484,-0.2787],[ 0.6996, 0.4081, 0.4928, 1.267 ,-0.0034],[-0.8972,-0.1705, 0.1372,-0.2735],0.2727
2743,[-0.9047,-0.1867, 0.2098,-0.3086],[ 0.3063,-0.6372, 1.4985,78.0964, 0.8471],[-0.9052,-0.1917, 0.2115,-0.2972],0.2586
2756,[-0.9071, 0.3186,-0.3515,-0.2992],[ 0.5864, 5.7597,-0.0694, 0.8201,-0.183 ],[-0.9065, 0.3247,-0.3554,-0.286 ],0.1311
2758,[-0.8775, 0.2944,-0.4608,-0.3429],[ 1.784 , 1.2409,-0.6172, 1.0314,-1.1374],[-0.8708, 0.3047,-0.4738,-0.3292],-0.0112
2765,[-0.9086,-0.2999, 0.3866,-0.3371],[ 0.2834, 0.0041, 2.2989, 1.2522,-0.4962],[-0.906 ,-0.31  , 0.3898,-0.3206],0.1198
2767,[-0.904 ,-0.3261, 0.4059,-0.2791],[-0.8373,-1.0002, 1.8363, 0.158 ,-0.8683],[-0.9013,-0.3342, 0.4116,-0.2633],0.0841
2787,[-0.8717,-0.3972, 0.4385,-0.2548],[-0.2032,-0.5837, 2.0581, 0.9725,-0.7216],[-0.8704,-0.4007, 0.4364,-0.2379],-0.0361
2800,[-0.8969, 0.033 ,-0.0015,-0.4299],[ 1.3633, 1.4523,76.3187, 4.7566, 0.7409],[-8.9886e-01, 2.9190e-02,-3.7531e-04,-4.1525e-01],0.4024
2801,[-0.8995,-0.0186, 0.0734,-0.4234],[-0.0085,-1.0572, 1.5736, 1.5209,-0.1696],[-0.901 ,-0.0269, 0.0784,-0.4112],0.3795
2802,[-0.8944, 0.0331,-0.0807,-0.4371],[ 0.0813,13.1167,-0.7029, 1.3424,-1.0263],[-0.8959, 0.0407,-0.0862,-0.4301],0.3499
2810,[-0.8869, 0.0633,-0.0388,-0.4497],[ 1.4154, 1.7844, 1.7839,33.0034, 1.1457],[-0.889 , 0.0603,-0.0317,-0.4327],0.3359
2811,[-0.8846, 0.0593, 0.0616,-0.4957],[-0.3399,-0.2128, 0.0701,-0.0042,-0.2441],[-0.8865, 0.0434, 0.0778,-0.4776],0.3124
2812,[-0.8893, 0.0815,-0.0857,-0.4467],[55.0899, 3.571 , 0.5625, 1.0461, 0.5851],[-0.891 , 0.0837,-0.0884,-0.4323],0.3091
2814,[-0.9068, 0.1441,-0.185 ,-0.447 ],[-0.083 , 5.5935,-0.4565, 2.4603,-0.8229],[-0.9076, 0.1525,-0.1897,-0.4318],0.2967
2820,[-0.8892,-0.0715, 0.0385,-0.4538],[-0.2407, 2.2977, 0.0399, 1.2287,-0.0571],[-0.8914,-0.0679, 0.0341,-0.4505],0.3423
2821,[-0.8955,-0.0686, 0.0736,-0.4302],[2.1525,0.0107,2.6078,1.9951,0.3613],[-0.8973,-0.0705, 0.0736,-0.419 ],0.3477
2823,[-0.8977,-0.13  , 0.2065,-0.4232],[ 0.1266,-0.3814, 0.5294, 0.6545,-0.7228],[-0.8974,-0.1422, 0.2176,-0.4118],0.2492
2832,[-0.9049, 0.1782,-0.1551,-0.4252],[0.5578,0.4592,0.3687,2.0034,0.2106],[-0.9071, 0.1776,-0.1512,-0.4122],0.3013
2834,[-0.9067, 0.1921,-0.2143,-0.4269],[ 0.2485, 6.9136,-0.0088, 1.3969, 0.4418],[-0.9077, 0.1981,-0.2153,-0.4136],0.2631
2836,[-0.9097, 0.2541,-0.3176,-0.4105],[-0.5909, 1.0687,-0.6847, 0.1235,-0.7183],[-0.9086, 0.265 ,-0.3269,-0.4009],0.1799
2838,[-0.8978, 0.2484,-0.4139,-0.3968],[-0.4215,-0.4572,-0.3338,-0.4214,-0.3965],[-0.8925, 0.2635,-0.4178,-0.3804],0.0877
2843,[-0.9009,-0.1766, 0.208 ,-0.3847],[ 1.9009,-0.5975, 1.1553, 4.9482, 0.614 ],[-0.9014,-0.1832, 0.2129,-0.3764],0.2479
2856,[-0.9073, 0.291 ,-0.3309,-0.4054],[ 0.6608, 2.1855,-0.7753, 1.9461,-0.2182],[-0.9068, 0.2994,-0.3385,-0.3883],0.1518
2900,[-0.9003, 0.0338, 0.0066,-0.6525],[ 2.2633e+00, 1.3099e-01, 6.8195e+02, 2.3645e+00,-1.7318e-01],[-0.9032, 0.0284, 0.0089,-0.6358],0.421
2901,[-0.9018,-0.0035, 0.0705,-0.6528],[-0.2759,-0.8007,47.8766, 2.3429,-0.5145],[-0.9043,-0.0141, 0.0749,-0.6374],0.3994
2902,[-0.8847, 0.0342,-0.0784,-0.7303],[-1.532 ,24.7312,-2.8216,-0.0851,-2.8318],[-0.8875, 0.0414,-0.0822,-0.7152],0.3159
2910,[-0.8836, 0.0665,-0.0397,-0.7202],[-0.0681, 0.1402, 0.5612,66.8301,-1.0821],[-0.8869, 0.0636,-0.0324,-0.7034],0.3259
2911,[-0.9009, 0.0632, 0.0654,-0.5823],[-0.8487,-1.3049,-0.2825,-0.7215,-1.2685],[-0.9033, 0.0444, 0.0761,-0.5637],0.3848
2912,[-0.8859, 0.0772,-0.0747,-0.7136],[ -4.3069,  8.2047, -7.7601,139.5795, -7.6491],[-0.8889, 0.079 ,-0.0767,-0.6971],0.3078
2914,[-0.9037, 0.1387,-0.1811,-0.558 ],[ 0.1761,10.5196,-1.1246, 0.6995,-0.4212],[-0.9048, 0.1483,-0.1893,-0.5406],0.2884
2920,[-0.8832,-0.0676, 0.035 ,-0.6591],[-1.7637,-0.6506,-1.0829, 0.341 ,-2.8095],[-0.8863,-0.0642, 0.0301,-0.6428],0.322
2921,[-0.8844,-0.0855, 0.0804,-0.6509],[ 0.2835,-0.4434, 2.6101, 3.5655,-0.0148],[-0.8873,-0.0865, 0.0776,-0.6362],0.2988
2932,[-0.8977, 0.1748,-0.155 ,-0.5718],[-0.9578,-1.4566,-1.5613,-0.4955,-1.9289],[-0.9003, 0.1761,-0.1565,-0.56  ],0.2737
2934,[-0.898 , 0.1818,-0.2023,-0.5547],[-0.2752, 3.6945,-0.8249, 3.4678,-0.536 ],[-0.8995, 0.1881,-0.2041,-0.5386],0.2422
3001,[-0.8308, 0.0053, 0.1076, 0.5062],[-0.0829,-0.99  , 0.1913,-0.6672,-0.5193],[-0.828 ,-0.0019, 0.1088, 0.4931],0.1098
3100,[-0.8602, 0.0049,-0.0278, 0.4028],[-0.8584,-0.6589,-0.8598,-1.5566,-0.1131],[-0.8584, 0.0069,-0.0302, 0.3969],0.2377
3101,[-0.8356, 0.0218, 0.1116, 0.4842],[-1.0026,-1.3438, 0.2347,-1.1701, 0.0554],[-0.8328, 0.0129, 0.1105, 0.4861],0.1184
3102,[-0.8547, 0.0248,-0.073 , 0.3989],[-0.5312,-0.3288,-0.9722,-0.9579,-0.7019],[-0.8526, 0.0289,-0.0838, 0.405 ],0.1891
3110,[-0.8535, 0.126 ,-0.0109, 0.4021],[-0.36  ,-0.9949, 0.3394,-0.9831, 0.1984],[-0.8526, 0.1138, 0.0195, 0.4138],0.1764
3111,[-0.849 , 0.0813, 0.0724, 0.4448],[-0.4856,-0.4468,-0.2282,-0.5803,-0.5014],[-0.847 , 0.0682, 0.0899, 0.4564],0.1537
3112,[-0.855 , 0.1511,-0.0784, 0.3751],[ 0.1527, 0.0418,-1.2972,-0.7803,-0.0486],[-0.8545, 0.1424,-0.0537, 0.386 ],0.1648
3200,[-0.8592, 0.0029,-0.0091, 0.3034],[-1.3045,-1.0878,-1.1516,-2.5212,-1.0011],[-0.8578, 0.0034,-0.0095, 0.2969],0.2286
3201,[-0.8613,-0.0474, 0.0626, 0.2926],[-1.669 ,-1.8048,-0.0809,-1.9528,-1.2742],[-0.86  ,-0.0482, 0.0613, 0.2819],0.216
3202,[-0.8577, 0.0454,-0.0662, 0.3177],[-0.6217, 0.4568,-1.5692,-1.7084,-0.6221],[-0.8562, 0.0466,-0.065 , 0.3065],0.2019
3210,[-0.864 , 0.0565,-0.049 , 0.2586],[-0.7559,-1.3649,-0.0375,-1.0743,-0.4371],[-0.863 , 0.0546,-0.0388, 0.2472],0.2331
3212,[-0.8607, 0.0919,-0.1171, 0.2985],[-0.6095, 0.2325,-1.3271,-1.129 , 1.0367],[-0.8593, 0.0928,-0.1128, 0.2905],0.1775
3221,[-0.858 ,-0.1174, 0.1469, 0.2989],[-0.8639,-0.954 , 0.2795,-1.1837, 0.4129],[-0.8563,-0.1186, 0.1467, 0.2972],0.1456
3223,[-0.864 ,-0.1208, 0.1675, 0.2507],[-1.6074,-2.1855, 0.1346,-1.65  ,-0.3539],[-0.8623,-0.1236, 0.1678, 0.2364],0.1545
3232,[-0.857 , 0.1719,-0.1477, 0.3322],[-0.2363,-0.5372,-0.0441,-0.4467, 0.9013],[-0.8563, 0.1673,-0.1304, 0.3453],0.1329
3234,[-0.8614, 0.1797,-0.197 , 0.2901],[ 0.1531, 1.2717,-1.1267,-0.7116,-0.184 ],[-0.8601, 0.1787,-0.1866, 0.2998],0.1194
3300,[-0.8579,-0.019 , 0.024 , 0.1827],[ 0.0771,-0.2899,-0.8619,-1.6073, 1.093 ],[-0.8572,-0.0194, 0.0249, 0.1731],0.2232
3301,[-0.8547,-0.0456, 0.0607, 0.1729],[-1.7737,-2.193 , 0.2873,-1.7182,-0.7982],[-0.8539,-0.0465, 0.0602, 0.1632],0.1962
3302,[-0.8643, 0.0442,-0.0972, 0.1489],[-1.3007,-0.2597,-1.8086,-2.5492,-0.9741],[-0.8633, 0.0486,-0.0972, 0.1357],0.2139
3312,[-0.8587, 0.0826,-0.1197, 0.1684],[-0.5681, 0.4142,-1.4753,-1.9718, 0.8384],[-0.8576, 0.0852,-0.1189, 0.1582],0.1727
3314,[-0.8621, 0.1229,-0.1865, 0.1665],[-1.0324, 0.33  ,-2.8149,-1.8557,-0.6007],[-0.8603, 0.1273,-0.1869, 0.1587],0.1393
3320,[-0.8664,-0.1195, 0.0464, 0.2329],[-1.2943,-0.3061,-1.0561,-1.569 , 0.1838],[-0.8663,-0.1108, 0.0272, 0.2185],0.2276
3321,[-0.8557,-0.1237, 0.1272, 0.1721],[-0.0138,-2.0435,-0.0062,-1.8091, 0.9417],[-0.855 ,-0.1233, 0.1247, 0.1636],0.1478
3323,[-0.8636,-0.138 , 0.1837, 0.1843],[-0.4195,-1.857 , 0.3558,-1.467 , 0.1467],[-0.862 ,-0.1411, 0.1868, 0.1743],0.1397
3334,[-0.8617, 0.1756,-0.2164, 0.1647],[ 0.57  , 1.6631,-1.458 ,-0.4379, 2.1756],[-0.8603, 0.1773,-0.2113, 0.164 ],0.1111
3341,[-0.8551,-0.1728, 0.1452, 0.151 ],[-0.247 , 0.0445,-0.9049,-0.9974, 1.1089],[-0.8553,-0.1689, 0.1299, 0.1391],0.1293
3343,[-0.8496,-0.1905, 0.2258, 0.1647],[ 0.5886,-1.9259, 1.2416,-0.9381, 0.993 ],[-0.8482,-0.1916, 0.2214, 0.1624],0.0685
3345,[-0.8405,-0.2129, 0.3219, 0.1923],[-1.8319,-2.7601, 0.8135,-0.3338, 0.3334],[-0.8366,-0.2176, 0.3247, 0.2009],-0.0077
3400,[-0.8611,-0.0202, 0.0144, 0.0557],[ 0.0617, 2.4697, 1.8123,-1.9802, 2.0552],[-0.8609,-0.0196, 0.0135, 0.0431],0.2385
3401,[-0.8574,-0.0506, 0.0693, 0.0769],[-1.7726,-2.5293,-0.638 ,-2.4681,-1.1123],[-0.8569,-0.0523, 0.0734, 0.0673],0.1996
3402,[-0.8651, 0.0511,-0.0831, 0.0654],[-1.3847,-0.4363,-2.9073,-1.8472,-1.076 ],[-0.8646, 0.054 ,-0.0854, 0.0524],0.221
3410,[-0.8631, 0.1075,-0.0431, 0.0211],[-1.4401,-2.1707,-0.4547,-2.1893,-0.4635],[-0.8638, 0.1014,-0.0393, 0.0066],0.2175
3412,[-0.8601, 0.093 ,-0.1108, 0.0563],[ 0.7974, 2.1588,-1.2253,-0.904 , 2.4009],[-0.8598, 0.0941,-0.108 , 0.0435],0.1803
3414,[-0.8586, 0.1332,-0.1891, 0.0627],[-1.0924,-0.0388,-2.9908,-1.7732, 0.2371],[-0.8573, 0.1376,-0.1916, 0.0486],0.1246
3420,[-0.8602,-0.0822, 0.0211, 0.0304],[-1.375 ,-0.1715,-1.5217,-2.4553,-1.6501],[-0.8605,-0.0762, 0.0144, 0.0313],0.2207
3421,[-0.859 ,-0.11  , 0.1079, 0.0614],[-0.0836,-1.2343,-0.0111,-1.609 , 2.4799],[-0.8589,-0.1093, 0.1031, 0.0484],0.1738
3423,[-0.8566,-0.1322, 0.1956, 0.0357],[-0.1064,-2.1179, 2.9846,-0.8937, 1.6082],[-0.8552,-0.1369, 0.196 , 0.0265],0.1168
3432,[-0.8594, 0.1803,-0.1416, 0.0707],[-0.6167,-0.4683,-0.2114,-1.3049, 0.592 ],[-0.86  , 0.176 ,-0.1299, 0.0706],0.1418
3434,[-0.8617, 0.2017,-0.2233, 0.0505],[ 2.5235, 2.6599,-1.121 ,-0.757 , 1.8218],[-0.8611, 0.2023,-0.2159, 0.0478],0.1027
3436,[-0.8616, 0.2776,-0.3129, 0.0028],[ 0.3407, 5.3482,-1.2126,-1.3801, 0.0317],[-0.8606, 0.2791,-0.3054, 0.0135],0.0378
3441,[-0.857 ,-0.1738, 0.1491, 0.0717],[-0.08  ,-0.3008, 0.0439,-0.8515, 0.966 ],[-0.8573,-0.1713, 0.1454, 0.067 ],0.1292
3443,[-0.8559,-0.1845, 0.2226, 0.0653],[ 1.6215,-0.8171, 6.5036,-0.2941, 0.2447],[-0.8548,-0.1866, 0.2206, 0.0648],0.0888
3445,[-0.8642,-0.1775, 0.3118, 0.1176],[ 0.2234,-1.4304, 5.506 ,-0.9714,-0.1913],[-0.8601,-0.1855, 0.3113, 0.131 ],0.0697
3456,[-0.8606, 0.2791,-0.3054, 0.0135],[ 0.9238, 3.7965,-0.812 ,-0.1054, 1.0843],[-0.8601, 0.2801,-0.2966,-0.0021],0.0392
3485,[-0.857 ,-0.3978, 0.3413, 0.0089],[ 0.9455,-0.4283, 2.0624, 2.538 , 0.6586],[-0.8598,-0.3946, 0.3228, 0.0121],-0.0144
3500,[-0.8627,-0.0107,-0.002 ,-0.0609],[-1.6936,-1.1682,-0.6948,-3.2044,-1.2201],[-0.863 ,-0.0094,-0.0034,-0.0711],0.2462
3501,[-0.8586,-0.0438, 0.0677,-0.0643],[-2.0441,-3.4602,-1.3619,-2.801 ,-1.2137],[-0.8588,-0.0461, 0.0689,-0.0776],0.2098
3502,[-0.8564, 0.025 ,-0.0623,-0.083 ],[-3.3459,-2.0961,-4.0574,-3.416 ,-1.9897],[-0.8566, 0.0285,-0.0635,-0.0979],0.2104
3510,[-0.8621, 0.075 ,-0.0247,-0.0705],[-2.7296,-3.8189,-1.7378,-4.029 ,-3.0111],[-0.8628, 0.0694,-0.0129,-0.0831],0.2308
3512,[-0.862 , 0.101 ,-0.1126,-0.0537],[-0.4056, 0.8807,-1.4438,-1.9012, 0.6659],[-0.8622, 0.1017,-0.1066,-0.0673],0.186
3514,[-0.8601, 0.1359,-0.1939,-0.0556],[-0.8939, 0.0065,-2.7079,-0.4285,-1.633 ],[-0.8592, 0.1409,-0.1955,-0.0668],0.1275
3520,[-0.8622,-0.0868, 0.0229,-0.0561],[-2.8058,-2.1937,-3.2737,-3.7313,-2.0844],[-0.8629,-0.0805, 0.0167,-0.0623],0.2278
3521,[-0.861 ,-0.1009, 0.0955,-0.0465],[-0.0512,-1.9472,-0.1817,-1.7492, 0.2997],[-0.8614,-0.1   , 0.0892,-0.0552],0.1907
3523,[-0.8403,-0.1431, 0.1945,-0.0413],[-1.0451,-2.2242, 1.2276,-0.8541, 0.0605],[-0.8394,-0.147 , 0.1966,-0.0479],0.0674
3532,[-0.8629, 0.1874,-0.1393,-0.0868],[ 0.014 ,-0.711 ,-0.2111,-0.9064, 0.6982],[-0.8644, 0.1826,-0.1253,-0.0911],0.1553
3534,[-0.8586, 0.1941,-0.2115,-0.0543],[ 0.5245, 4.6772,-1.1308,-0.5003, 3.1179],[-0.8586, 0.1952,-0.2037,-0.0621],0.1022
3536,[-0.8644, 0.2693,-0.3396,-0.0572],[ 4.3074, 3.1305,-1.3814, 0.2343,-0.7129],[-0.8622, 0.2735,-0.3382,-0.0552],0.0317
3538,[-0.8587, 0.2637,-0.3902,-0.1243],[-0.5845,-0.8807,-1.1244,-1.1455,-0.9077],[-0.8543, 0.2711,-0.3955,-0.1389],-0.0093
3541,[-0.8625,-0.1833, 0.1478,-0.048 ],[ 0.0642,-0.4866,-0.6776,-1.2145,-0.1079],[-0.8636,-0.1797, 0.1365,-0.055 ],0.1493
3543,[-0.8577,-0.1918, 0.2133,-0.0525],[ 1.0679,-0.9868, 4.0519, 1.0589, 3.4042],[-0.8575,-0.1932, 0.2076,-0.0565],0.0984
3554,[-0.861 , 0.2795,-0.2623,-0.0464],[ 0.9049, 0.5417,-0.3222, 0.4842, 0.2135],[-0.8621, 0.2778,-0.2481,-0.0503],0.0642
3556,[-0.86  , 0.2803,-0.2916,-0.0099],[ 0.7538, 4.6697,-0.4762, 0.1812, 0.7497],[-0.86  , 0.2806,-0.281 ,-0.0251],0.0449
3585,[-0.8558,-0.3991, 0.3527,-0.004 ],[ 1.2325,-0.247 , 0.8755, 1.4674, 0.4279],[-0.8581,-0.3964, 0.3354, 0.0072],-0.0236
3587,[-0.8558,-0.3989, 0.4396,-0.0588],[ 0.6754,-1.0269, 3.5685, 0.8576,-0.1457],[-0.8545,-0.4001, 0.4323,-0.0492],-0.0698
3600,[-0.8648,-0.0113, 0.0067,-0.1523],[-2.6067,-1.8985,-2.0488,-3.3677,-1.6047],[-0.8655,-0.0107, 0.0048,-0.1633],0.2571
3601,[-0.8641,-0.0266, 0.0834,-0.1616],[-2.6763,-4.1933,-2.5848,-3.2236,-3.7178],[-0.8644,-0.0324, 0.0861,-0.1684],0.2263
3602,[-0.859 , 0.037 ,-0.0673,-0.1848],[-2.8419,-2.6581,-3.7792,-3.3095,-2.2245],[-0.8596, 0.0402,-0.0686,-0.1968],0.2146
3610,[-0.8595, 0.0699,-0.0428,-0.1709],[-2.9907,-3.4249,-1.7508,-3.7036,-2.4608],[-0.8604, 0.0679,-0.0437,-0.1823],0.2174
3612,[-0.8623, 0.0956,-0.0971,-0.1751],[ 0.1663, 0.3686,-1.7175,-0.4205, 0.5778],[-0.8631, 0.0956,-0.0902,-0.1799],0.198
3614,[-0.8553, 0.1623,-0.198 ,-0.1383],[-1.0313, 0.0041,-2.0168,-0.6073,-0.9664],[-0.8552, 0.1654,-0.194 ,-0.1348],0.1065
3620,[-0.8603,-0.0636, 0.0299,-0.1496],[-3.3274,-2.3475,-3.9747,-3.7554,-3.199 ],[-0.8612,-0.0607, 0.0301,-0.1497],0.2273
3621,[-0.8608,-0.0713, 0.0937,-0.1763],[-1.4752,-2.7041,-0.31  ,-1.9257, 0.1208],[-0.8613,-0.0738, 0.0948,-0.1836],0.1984
3623,[-0.823 ,-0.1637, 0.213 ,-0.1333],[-0.6089,-1.5639, 4.5704,-0.5541,-0.7744],[-0.8222,-0.1675, 0.2168,-0.117 ],0.0065
3632,[-0.8614, 0.1836,-0.1438,-0.1436],[-0.2258, 0.2873,-0.0518,-0.0008, 0.1792],[-0.8629, 0.1804,-0.1376,-0.1351],0.1463
3634,[-0.8578, 0.1822,-0.1791,-0.1328],[ 2.0364, 3.8351,-0.7143, 1.1381, 0.2027],[-0.8587, 0.1817,-0.1682,-0.1371],0.1209
3638,[-0.8543, 0.2711,-0.3955,-0.1389],[-0.8508,-0.796 ,-1.1574,-0.8964,-0.5013],[-0.8498, 0.2782,-0.4014,-0.1527],-0.0247
3641,[-0.8635,-0.1857, 0.1248,-0.1419],[ 0.3529,-0.3467, 0.1188,-0.2343, 0.2614],[-0.8653,-0.1804, 0.1161,-0.153 ],0.1628
3643,[-0.8514,-0.2184, 0.2238,-0.1348],[ 0.0954,-0.6648, 4.0964, 0.7235, 1.1507],[-0.8519,-0.2188, 0.2144,-0.1185],0.0698
3658,[-0.8386, 0.2938,-0.4146,-0.1604],[-0.2106, 1.4657,-1.5545, 0.4294,-0.4371],[-0.8341, 0.2995,-0.4185,-0.1551],-0.0729
3700,[-0.8511, 0.0091,-0.0263,-0.3243],[-0.8591, 0.8111,-0.2802,-1.1112, 0.5196],[-0.8526, 0.0107,-0.0261,-0.327 ],0.2145
3702,[-0.8602, 0.0358,-0.0873,-0.3378],[-0.491 , 1.5308,-1.7251,-0.7918,-0.3977],[-0.8611, 0.0415,-0.0904,-0.3259],0.2116
3710,[-0.8497, 0.0743,-0.039 ,-0.3473],[-0.4765,-1.8417, 0.8236,-0.3022,-0.8762],[-0.8515, 0.0718,-0.0388,-0.3519],0.1869
3712,[-0.851 , 0.076 ,-0.0777,-0.327 ],[ 0.6643, 4.209 ,-0.1933,-0.052 , 2.0455],[-0.8525, 0.0766,-0.0752,-0.3265],0.1751
3720,[-0.8636,-0.0575, 0.0429,-0.351 ],[-1.3072,-0.7731,-1.8436,-1.2166,-0.5656],[-0.8652,-0.0567, 0.0433,-0.3445],0.2387
3758,[-0.8518, 0.3292,-0.4828,-0.3259],[-0.5337,-0.4073,-1.2294, 0.2599,-0.8481],[-0.8456, 0.3362,-0.4875,-0.3297],-0.0848
3759,[-0.8297, 0.3519,-0.5087,-0.3268],[-0.4253,-0.3327,-0.7185,-0.5488,-0.5973],[-0.8228, 0.357 ,-0.5195,-0.3107],-0.1467
3800,[-0.8528, 0.0219,-0.0242,-0.4469],[0.7552,1.9673,2.5503,1.762 ,1.0627],[-0.8547, 0.0226,-0.0267,-0.4428],0.2157
3802,[-0.8533, 0.0308,-0.0781,-0.455 ],[-0.6731, 2.2727,-1.2145,-0.1048, 0.3552],[-0.8549, 0.0362,-0.0818,-0.4486],0.1955
3810,[-0.8516, 0.067 ,-0.05  ,-0.4706],[1.3694,0.3815,7.7419,0.8193,1.2972],[-0.8538, 0.0663,-0.0503,-0.4693],0.1923
3812,[-0.8521, 0.0683,-0.0664,-0.4702],[ 1.5466,12.4925, 0.0367, 1.9997, 2.8438],[-0.8541, 0.0689,-0.0654,-0.4675],0.1874
3820,[-0.8526,-0.0636, 0.0483,-0.4585],[ 0.6469, 0.3541, 0.1399,-0.1473,-0.0995],[-0.8547,-0.0626, 0.0457,-0.4485],0.1989
3821,[-0.8408,-0.0651, 0.0575,-0.4656],[ 0.9714,-0.1159, 2.2967, 0.4511, 0.4963],[-0.8428,-0.0651, 0.0571,-0.4572],0.1541
3832,[-0.8418, 0.1886,-0.119 ,-0.4824],[0.6625,0.7888,0.8582,0.3806,0.8777],[-0.8455, 0.1836,-0.102 ,-0.5004],0.1038
3900,[-0.84  , 0.0289,-0.0253,-0.95  ],[ 0.6548, 3.0387, 5.2537,61.6396, 0.5477],[-0.8441, 0.0297,-0.0293,-0.9351],0.1754
3901,[-0.8378,-0.0328, 0.0869,-0.8894],[-1.55  ,-3.0115, 0.235 ,-0.4739,-2.3963],[-0.8411,-0.0392, 0.0907,-0.8749],0.1455
3902,[-0.8376, 0.0443,-0.0752,-0.8298],[-1.3778,12.3707,-2.7005, 0.7091,-2.286 ],[-0.8409, 0.0484,-0.0775,-0.8206],0.1465
3910,[-0.8459, 0.0678,-0.0505,-0.757 ],[  0.7017,  2.0878,357.0369,  3.645 ,  1.2156],[-0.8493, 0.0676,-0.052 ,-0.7558],0.1764
3912,[-0.8442, 0.0687,-0.0654,-0.7754],[1.0574e+00,6.2717e+02,4.1796e-01,2.4278e+00,5.0855e-01],[-0.8476, 0.0695,-0.0635,-0.7739],0.1659
3914,[-0.8637, 0.1332,-0.1754,-0.5797],[-0.2149,-0.1885,-1.7639,-0.9838,-0.1628],[-0.8651, 0.1396,-0.1767,-0.5687],0.154
3920,[-0.8442,-0.0693, 0.0406,-0.8293],[-0.7284, 2.9914,-0.6233,10.6617,-0.5889],[-0.848 ,-0.0675, 0.0372,-0.8138],0.1768
3921,[-0.8428,-0.0792, 0.0831,-0.8015],[ 0.4633,-0.2396,15.3656, 0.1697, 1.0155],[-0.8461,-0.081 , 0.0818,-0.788 ],0.1497
3923,[-0.8567,-0.1277, 0.1668,-0.6881],[-1.2825,-2.2822, 2.3877, 1.1215,-1.0667],[-0.8587,-0.1338, 0.1663,-0.6762],0.1397
3932,[-0.8364, 0.1806,-0.0999,-0.6724],[-1.0913,-0.7951,-0.8802, 0.1675,-1.5569],[-0.8407, 0.1751,-0.0857,-0.6617],0.0991
3934,[-0.8262, 0.1963,-0.1756,-0.5701],[ 0.1774, 2.9398,-1.3964, 0.4639,-0.2192],[-0.8291, 0.1966,-0.1674,-0.5524],0.0309
4245,[-0.7962,-0.2501, 0.3515, 0.2878],[-1.0127,-1.6905,-0.6708,-1.1371,-0.1178],[-0.792 ,-0.2523, 0.3528, 0.2909],-0.1234
4343,[-0.8185,-0.2266, 0.2518, 0.1296],[-0.2962,-1.6424, 0.5503,-0.8394, 0.1973],[-0.8175,-0.227 , 0.2459, 0.1291],-0.0323
4345,[-0.8167,-0.2374, 0.3401, 0.2301],[-0.3639,-2.2072, 0.3276,-0.3821, 0.2493],[-0.8127,-0.2405, 0.3426, 0.2443],-0.0765
4443,[-0.8162,-0.2273, 0.2392, 0.0934],[-0.4379,-1.0527, 0.6345,-0.2939, 0.9179],[-0.8155,-0.2275, 0.2404, 0.0954],-0.0355
4543,[-0.8213,-0.171 , 0.2196,-0.1018],[ 0.8316,-0.8959, 1.8631,-0.8683,-0.5256],[-0.8204,-0.1744, 0.2212,-0.0871],-0.0014
4759,[-0.7997, 0.3689,-0.5473,-0.2834],[-0.668 ,-0.5669,-0.7648,-0.861 ,-0.5816],[-0.7916, 0.3723,-0.5554,-0.278 ],-0.2105
4800,[-0.7983,-0.0082,-0.0076,-0.4854],[-0.0418,-0.0672, 1.3675,-0.4245, 1.3592],[-0.8005,-0.0068,-0.0121,-0.4862],0.0478
4802,[-0.797 , 0.0181,-0.0724,-0.4756],[-0.712 , 0.5033,-1.0119,-0.8086,-0.3675],[-0.7987, 0.0224,-0.0741,-0.4748],0.0306
4810,[-0.8083, 0.0736,-0.0496,-0.4653],[ 0.186 ,-0.4289, 0.7716,-0.1175, 0.5263],[-0.8106, 0.0725,-0.0494,-0.4621],0.0563
4812,[-0.8096, 0.0659,-0.0631,-0.4741],[ 0.1837, 0.8486,-0.1869,-0.3643, 1.5625],[-0.8117, 0.0664,-0.0634,-0.4764],0.057
4820,[-0.8039,-0.0833, 0.0339,-0.4792],[-0.0332, 0.2826,-0.1176,-0.3309, 0.0357],[-0.8064,-0.0804, 0.0328,-0.4821],0.0471
4900,[-0.7976, 0.0358,-0.0256,-0.8911],[  4.6642,  3.3935,142.818 ,  0.2436,  1.6018],[-0.8016, 0.0359,-0.0287,-0.8998],0.0457
4901,[-0.7996,-0.0089, 0.0743,-0.9298],[-2.9891,-4.1273,-2.0255,-2.7118,-2.6615],[-0.8032,-0.0147, 0.0765,-0.9234],0.0419
4902,[-0.7946, 0.0367,-0.0702,-0.7761],[-2.0799e-01, 3.4340e+02,-6.5229e-01,-2.9049e-01, 8.4234e-01],[-0.7977, 0.0399,-0.0709,-0.7792],0.0247
4910,[-0.8045, 0.0642,-0.0494,-0.778 ],[ 0.6127, 0.3367,29.7517, 0.6377, 0.2822],[-0.808 , 0.0642,-0.0508,-0.7742],0.0515
4911,[-0.7871, 0.0625, 0.0605,-0.9979],[-1.7512,-2.6865,-1.8684,-2.354 ,-2.0009],[-0.7915, 0.0539, 0.059 ,-1.0039],0.0076
4912,[-0.8045, 0.0649,-0.0679,-0.7856],[  0.8291,122.9575, -0.2083,  1.2423,  0.8392],[-0.8079, 0.0661,-0.0658,-0.7828],0.0462
4914,[-0.7878, 0.1447,-0.1811,-0.7946],[-0.6992, 0.6692,-1.7599,-0.5285, 0.297 ],[-0.79  , 0.1495,-0.1828,-0.7887],-0.0546
4920,[-0.7966,-0.0733, 0.036 ,-0.8321],[ 0.5657,11.0675,-0.2964,-0.1537,-0.0848],[-0.8006,-0.0717, 0.0366,-0.8396],0.0326
4921,[-0.8021,-0.0741, 0.0622,-0.8549],[-0.0729,-0.5101,13.1681,-0.0215, 0.8257],[-0.806 ,-0.0743, 0.0599,-0.8596],0.0406
4922,[-0.7803,-0.0563,-0.0654,-0.8759],[-0.7241,-0.7997,-1.2495,-0.4302,-1.0521],[-0.7842,-0.0483,-0.0607,-0.8959],-0.0098
4930,[-0.8007, 0.1667,-0.0444,-0.8395],[-1.6255,-1.5517,-1.2754,-1.5167,-1.8381],[-0.8059, 0.1606,-0.0525,-0.8214],0.0162
4932,[-0.7997, 0.1817,-0.1269,-0.7962],[-0.1824, 0.9001,-0.3722, 0.0743,-0.8179],[-0.8042, 0.1798,-0.1162,-0.7955],-0.011
4934,[-0.7987, 0.1832,-0.1887,-0.7802],[ 1.3378, 3.8061,-0.9675, 0.9454,-0.3504],[-0.8016, 0.186 ,-0.1846,-0.7635],-0.0384
5245,[-0.7776,-0.2593, 0.3548, 0.2764],[-0.4638,-1.2596,-0.5633,-0.3364,-0.9044],[-0.7735,-0.2612, 0.3609, 0.2644],-0.1613
5759,[-0.7571, 0.383 ,-0.5902,-0.2954],[-0.8896,-0.5887,-0.4859,-0.7339,-0.9939],[-0.7474, 0.385 ,-0.6015,-0.3111],-0.2809
5800,[-0.7493, 0.0271, 0.0068,-0.4736],[ 0.1885, 0.0059, 0.6509,-1.1827, 1.1889],[-0.7515, 0.0252, 0.0073,-0.4826],-0.0702
5801,[-0.7379,-0.0331, 0.0594,-0.4777],[-0.364 ,-1.1425, 0.2791,-0.8872,-0.0376],[-0.7399,-0.035 , 0.0612,-0.4947],-0.1044
5802,[-0.7525, 0.0298,-0.0661,-0.4833],[-0.7823,-0.4419,-0.8829,-0.873 , 0.0906],[-0.7544, 0.0328,-0.0754,-0.4864],-0.0793
5810,[-0.7495, 0.0633,-0.0299,-0.4488],[-0.0275,-0.7017, 0.0608,-0.8208, 0.6148],[-0.7517, 0.0613,-0.0223,-0.4523],-0.0777
5812,[-0.7526, 0.0639,-0.0799,-0.4688],[-0.2474, 0.0285,-1.1347,-1.2208, 0.4606],[-0.7545, 0.0655,-0.0824,-0.4735],-0.0849
5820,[-0.7617,-0.0699, 0.0311,-0.4755],[-0.4705,-0.3002,-0.5692,-0.458 , 0.3014],[-0.7641,-0.068 , 0.0294,-0.4822],-0.0535
5821,[-0.7472,-0.0853, 0.0701,-0.4745],[ 0.2433,-0.8751, 0.3717,-0.0871, 1.6202],[-0.7495,-0.0846, 0.0611,-0.4711],-0.0955
5900,[-0.7496,-0.0027,-0.0153,-0.7157],[ 5.5194e-01, 1.6838e+00, 2.2234e+02,-1.7233e-01, 2.8599e+00],[-0.7528,-0.0011,-0.0219,-0.7231],-0.0683
5901,[-0.7447,-0.035 , 0.0652,-0.712 ],[-0.129 ,-1.2888, 8.7828,-0.3503, 0.7681],[-0.7477,-0.0373, 0.0637,-0.7204],-0.0897
5902,[-0.7592, 0.0315,-0.0655,-0.739 ],[-2.7578e-02, 2.9716e+02,-4.6329e-01,-6.4853e-02, 1.7890e+00],[-0.7623, 0.0342,-0.0658,-0.7454],-0.0577
5910,[-0.7582, 0.063 ,-0.039 ,-0.8153],[-0.2692,-0.5601, 1.9548,-2.8335,56.5516],[-0.762 , 0.0619,-0.0343,-0.8269],-0.0581
5911,[-0.7538, 0.0594, 0.0655,-0.8912],[-1.8311,-2.206 ,-1.2571,-1.9336,-2.0866],[-0.7577, 0.0519, 0.0616,-0.8925],-0.0694
5912,[-0.7579, 0.0683,-0.0748,-0.8244],[-8.8523,10.7075,-9.4062,-9.6338,-4.0092],[-0.7614, 0.0696,-0.0734,-0.8324],-0.0693
5914,[-0.7513, 0.1383,-0.1807,-0.8651],[-0.8474, 0.6745,-1.7871,-0.6065,-0.0381],[-0.7538, 0.1428,-0.1814,-0.8669],-0.1261
5920,[-0.7625,-0.0707, 0.0373,-0.7275],[ 0.2815, 1.1584,-0.8863,-1.3195, 1.7833],[-0.766 ,-0.0691, 0.0334,-0.7377],-0.0506
5921,[-0.7497,-0.0844, 0.0872,-0.7284],[-0.1776,-1.1783,16.779 ,-0.4253, 2.1287],[-0.7529,-0.0852, 0.0822,-0.7357],-0.0929
5923,[-0.745 ,-0.1403, 0.1726,-0.762 ],[ 0.3833,-1.7679, 1.7618,-0.8141,-1.1927],[-0.7474,-0.1438, 0.1714,-0.761 ],-0.1365
5932,[-0.7596, 0.1821,-0.1292,-0.7844],[ 0.1969,-0.3709,-0.9016,-0.0095,-0.106 ],[-0.764 , 0.1806,-0.12  ,-0.7789],-0.1009
5934,[-0.7558, 0.1805,-0.1878,-0.8528],[-0.4477, 4.4361,-1.1699, 0.027 , 0.2844],[-0.759 , 0.1831,-0.1821,-0.8453],-0.1255
6600,[-0.689 , 0.0081,-0.025 ,-0.2344],[-0.004 ,-0.127 , 0.5757,-1.109 , 0.3229],[-0.69  , 0.0092,-0.0301,-0.2512],-0.1825
6601,[-0.6906,-0.0165, 0.0676,-0.2431],[-1.1416,-1.4789, 0.4004,-0.7457,-0.5099],[-0.6916,-0.0184, 0.0567,-0.2599],-0.186
6700,[-0.694 , 0.0051, 0.0039,-0.3519],[-0.0994,-0.4577, 0.3753,-1.3838, 4.9037],[-0.6956, 0.0046, 0.0057,-0.3639],-0.1739
6701,[-0.6943,-0.0186, 0.076 ,-0.3501],[-1.0123,-1.9137, 0.1695,-2.1186, 0.4972],[-0.6954,-0.0214, 0.0746,-0.3585],-0.1833
6702,[-0.6972, 0.0304,-0.0718,-0.3509],[-1.2601,-0.6608,-2.2391,-2.095 , 0.0793],[-0.6985, 0.0326,-0.0717,-0.3554],-0.1797
6710,[-0.7137, 0.0684,-0.0414,-0.3334],[-0.11  ,-0.5113, 0.1487,-0.7476, 0.6342],[-0.7154, 0.0674,-0.0401,-0.338 ],-0.1522
6712,[-0.7123, 0.0634,-0.0909,-0.3548],[-0.4771, 0.654 ,-0.9283,-1.4816, 0.3652],[-0.7135, 0.0651,-0.0901,-0.3621],-0.1637
6721,[-0.7068,-0.0708, 0.1193,-0.3606],[-0.622 ,-1.1218, 0.0789,-1.2743, 0.9872],[-0.7077,-0.0735, 0.1186,-0.3666],-0.1803
6759,[-0.7323, 0.3876,-0.619 ,-0.3338],[-0.5124,-0.7837,-0.9515,-0.9604,-0.7644],[-0.7214, 0.3889,-0.6312,-0.3476],-0.3145
6779,[-0.7214, 0.3889,-0.6312,-0.3476],[-1.131 ,-0.4952,-1.1616,-0.7978,-1.0236],[-0.7099, 0.3899,-0.6438,-0.3607],-0.3272
6800,[-0.6967, 0.0041, 0.0068,-0.4542],[-20.8004,-20.9614,-20.5855,-22.2437,-19.7345],[-0.6987, 0.0035, 0.0086,-0.4668],-0.1683
6801,[-0.6954,-0.0125, 0.0754,-0.459 ],[-3.3057,-4.9718,-2.3279,-5.1902,-2.8181],[-0.697 ,-0.0156, 0.0735,-0.4722],-0.1796
6802,[-0.6979, 0.0292,-0.0764,-0.4553],[-19.5272,-19.2787,-19.6097,-20.4712,-18.5095],[-0.6996, 0.0318,-0.0777,-0.4645],-0.1787
6803,[-0.6965,-0.027 , 0.1729,-0.4848],[-0.6399,-1.0088,-0.5546,-0.9263,-0.7133],[-0.6969,-0.0335, 0.1589,-0.5016],-0.197
6810,[-0.7046, 0.0657,-0.0313,-0.453 ],[-0.9674,-0.8681,-0.0867,-1.8016, 0.7297],[-0.7068, 0.0639,-0.022 ,-0.4624],-0.164
6812,[-0.7085, 0.0668,-0.0979,-0.4513],[-3.2938,-2.2206,-4.0627,-4.1574,-2.0684],[-0.7102, 0.0687,-0.0955,-0.46  ],-0.1708
6821,[-0.7128,-0.0745, 0.1073,-0.4541],[-0.3098,-1.3325, 0.5729,-1.3296, 0.3603],[-0.7144,-0.0766, 0.1063,-0.462 ],-0.1675
6900,[-7.1383e-01,-4.9481e-04, 1.7387e-04,-6.0132e-01],[  2.5774,  2.0757,261.8747, -0.7401,  3.4734],[-7.1650e-01,-2.7631e-04,-3.1517e-03,-6.1354e-01],-0.1379
6901,[-0.706 ,-0.0231, 0.0719,-0.5691],[-0.2552,-1.4721,45.7391,-1.7433, 0.7391],[-0.7082,-0.0257, 0.0678,-0.5823],-0.1617
6902,[-0.7137, 0.0375,-0.0708,-0.625 ],[ 0.8678,43.658 ,-0.5072,-1.1994,42.2443],[-0.7163, 0.0396,-0.0704,-0.6401],-0.1505
6903,[-0.6966,-0.032 , 0.1667,-0.5279],[-1.5617,-1.877 ,-1.1993,-1.3738,-1.2587],[-0.6973,-0.0382, 0.1535,-0.5451],-0.1964
6910,[-0.7168, 0.0665,-0.0346,-0.6698],[-2.3412,-2.7322, 5.7318,-3.5709, 3.9284],[-0.72  , 0.0652,-0.0314,-0.6832],-0.1424
6911,[-0.7033, 0.0651, 0.0653,-0.6561],[-1.7544,-2.1109,-0.6061,-1.6656,-0.8071],[-0.7062, 0.0589, 0.0609,-0.6607],-0.1691
6912,[-0.7167, 0.0715,-0.0937,-0.6633],[-5.5063, 1.2858,-7.6358,-7.3536,-0.1333],[-0.7194, 0.0732,-0.0904,-0.6773],-0.155
6914,[-0.7128, 0.1194,-0.181 ,-0.7097],[-0.4156, 3.0837,-2.7006,-0.6543, 0.3596],[-0.7143, 0.1238,-0.1817,-0.7164],-0.1898
6920,[-0.7282,-0.0671, 0.0521,-0.6267],[-0.5983,-0.3976,-0.5126,-0.9589,-0.0663],[-0.7311,-0.0669, 0.0518,-0.6381],-0.1259
6921,[-0.7213,-0.0722, 0.1078,-0.6449],[ 0.4759,-1.4738, 2.8959,-1.5549, 0.5695],[-0.7236,-0.0749, 0.1081,-0.6534],-0.1517
6923,[-0.7287,-0.1146, 0.1762,-0.6988],[-0.6277,-1.7741, 3.6378,-1.3894,-0.8854],[-0.7303,-0.1193, 0.1778,-0.7108],-0.1628
6932,[-0.7324, 0.1794,-0.1624,-0.8241],[ 0.1019,-0.4988,-0.4965,-1.0804, 0.0339],[-0.7363, 0.1802,-0.1533,-0.8428],-0.16
6934,[-0.7237, 0.1795,-0.2034,-0.6979],[-0.2441, 1.9999,-1.406 ,-0.5629, 1.6134],[-0.7259, 0.1823,-0.1979,-0.7055],-0.1861
7422,[-0.6696,-0.1409,-0.1202, 0.0226],[-3.9418,-3.6154,-6.8017,-5.7126,-2.5419],[-0.6698,-0.1305,-0.1255, 0.0136],-0.2448
7442,[-0.6663,-0.1825,-0.0927, 0.0188],[-3.3467,-2.6842,-4.9749,-3.8811,-1.9069],[-0.6677,-0.1715,-0.1016, 0.0181],-0.2499
7500,[-6.6766e-01,-8.2713e-05,-3.6999e-02,-1.0804e-01],[-0.6032,-1.4513,-0.7618,-1.8207, 0.5317],[-0.6681, 0.0013,-0.0323,-0.12  ],-0.2157
7502,[-0.6668,-0.035 ,-0.1227,-0.1022],[-2.9194,-1.9651,-4.8892,-4.1682,-1.8187],[-0.6664,-0.0289,-0.1161,-0.1122],-0.2332
7504,[-0.6598,-0.0275,-0.1789,-0.0976],[-4.4844,-4.1198,-6.1367,-5.2581,-3.6748],[-0.6583,-0.0196,-0.1767,-0.1018],-0.2512
7522,[-0.671 ,-0.1271,-0.1269,-0.0733],[-2.8525, 1.3604,-6.177 ,-4.6661, 0.7009],[-0.6713,-0.1168,-0.1314,-0.0878],-0.2417
7524,[-0.6671,-0.0762,-0.172 ,-0.1074],[-5.7475,-5.3782,-7.2273,-6.3589,-5.4984],[-0.666 ,-0.0662,-0.1751,-0.1162],-0.2475
7542,[-0.6638,-0.1971,-0.0795,-0.0105],[-20.1182,-17.971 ,-22.1097,-21.5201,-18.9396],[-0.6654,-0.1879,-0.0875,-0.0173],-0.2531
7600,[-0.6734, 0.0015,-0.0244,-0.2151],[-1.661 ,-2.816 ,-2.5392,-3.2903,-0.0771],[-0.6743, 0.0021,-0.016 ,-0.2279],-0.2052
7601,[-0.6766,-0.0041, 0.0633,-0.2117],[-1.5123,-2.2727,-0.3769,-1.7902,-0.9129],[-0.6774,-0.0063, 0.0528,-0.2275],-0.2054
7602,[-0.6701,-0.0339,-0.1257,-0.2112],[-19.3706,-17.7411,-21.6391,-20.6342,-18.027 ],[-0.6701,-0.0275,-0.1198,-0.2246],-0.2286
7604,[-0.6651,-0.0326,-0.1769,-0.2136],[-14.7403,-13.8068,-16.2611,-15.1358,-13.9557],[-0.6641,-0.0242,-0.1758,-0.2234],-0.2445
7612,[-0.6538, 0.0648,-0.1319,-0.2318],[-0.9005,-0.2297,-1.7374,-1.3774, 0.508 ],[-0.654 , 0.0673,-0.1241,-0.2389],-0.2554
7614,[-0.6576, 0.0571,-0.1731,-0.2293],[-0.823 ,-0.2693,-1.3317,-0.6428,-0.2131],[-0.657 , 0.0615,-0.1652,-0.2451],-0.2566
7622,[-0.6722,-0.0808,-0.1438,-0.167 ],[-12.709 ,-11.2678,-16.1898,-14.6351,-11.7676],[-0.672 ,-0.0716,-0.1444,-0.1818],-0.236
7624,[-0.6695,-0.07  ,-0.1732,-0.1883],[-6.3307,-5.4785,-8.5116,-7.0565,-5.8618],[-0.6686,-0.06  ,-0.176 ,-0.2009],-0.2434
7700,[-0.6783, 0.0033,-0.0178,-0.3313],[-14.6752,-15.002 ,-15.4381,-15.872 ,-13.109 ],[-0.6798, 0.0035,-0.0086,-0.345 ],-0.1968
7701,[-0.6832,-0.008 , 0.0721,-0.3408],[-2.7102,-3.9856,-1.1948,-3.4687,-2.1397],[-0.6844,-0.0109, 0.0706,-0.3515],-0.1982
7702,[-0.6723,-0.0083,-0.1061,-0.3049],[-28.0645,-26.2165,-30.1813,-29.6402,-26.8585],[-0.673 ,-0.0037,-0.0972,-0.3186],-0.2187
7704,[-0.6632,-0.0033,-0.1801,-0.2974],[-14.3654,-13.734 ,-16.3284,-15.2878,-14.4205],[-0.6624, 0.0041,-0.1776,-0.308 ],-0.2454
7710,[-0.6665, 0.0668,-0.0302,-0.3425],[-1.0496,-1.3426,-0.7938,-2.1537,-0.441 ],[-0.6682, 0.0654,-0.0272,-0.3597],-0.2263
7712,[-0.6601, 0.0681,-0.1093,-0.3384],[-1.3147,-0.118 ,-2.2536,-2.1382, 0.0156],[-0.6612, 0.0697,-0.1   ,-0.3523],-0.2431
7714,[-0.66  , 0.0889,-0.1938,-0.3317],[-0.9991,-0.321 ,-2.9698,-2.0832,-0.4489],[-0.6595, 0.0932,-0.1879,-0.3358],-0.2609
7800,[-0.6831, 0.0092,-0.0077,-0.4209],[-56.79  ,-57.0441,-56.9689,-58.2214,-56.5784],[-6.8495e-01, 8.8500e-03,-5.3001e-04,-4.3384e-01],-0.19
7801,[-0.6854,-0.005 , 0.0744,-0.4326],[-5.6588,-6.6941,-4.6925,-6.8678,-5.2849],[-0.6869,-0.0083, 0.0727,-0.4458],-0.1946
7802,[-0.6773, 0.0222,-0.0856,-0.4174],[-36.8484,-36.0039,-37.8886,-37.6622,-35.9134],[-0.6787, 0.0249,-0.0782,-0.4296],-0.2096
7804,[-0.6648, 0.0366,-0.1793,-0.4143],[-2.431 ,-1.6533,-3.8684,-3.4119,-2.2725],[-0.6644, 0.0428,-0.1776,-0.4235],-0.2463
7810,[-0.6753, 0.0663,-0.0275,-0.4399],[-2.4035,-3.2601,-1.856 ,-3.6288,-1.8422],[-0.6775, 0.0644,-0.0166,-0.4504],-0.2093
7812,[-0.6703, 0.0723,-0.111 ,-0.449 ],[-4.2804,-3.3412,-5.3209,-5.5859,-3.4207],[-0.6719, 0.074 ,-0.1031,-0.4584],-0.23
7814,[-0.6624, 0.0735,-0.1913,-0.439 ],[-2.5989,-1.6608,-4.6481,-3.7419,-2.325 ],[-0.6621, 0.0786,-0.1874,-0.4425],-0.2556
7900,[-0.6849, 0.0303,-0.004 ,-0.5242],[ -9.6611, -9.7446, -9.3062,-10.4324, -9.3359],[-0.6872, 0.0289, 0.0024,-0.5364],-0.1902
7901,[-0.6859, 0.0104, 0.0786,-0.5295],[-2.6557,-3.7137,-1.6242,-3.6118,-2.7698],[-0.6878, 0.0062, 0.0761,-0.5439],-0.1939
7902,[-0.6842, 0.041 ,-0.0832,-0.5227],[-7.6865,-7.2793,-7.9776,-8.4423,-7.6593],[-0.6862, 0.0432,-0.0804,-0.5342],-0.2019
7904,[-0.6756, 0.0514,-0.1842,-0.5044],[-0.5496,-1.2607,-0.5342,-1.5868,-1.087 ],[-0.6753, 0.0581,-0.1961,-0.5215],-0.2375
7910,[-0.6792, 0.0718,-0.0236,-0.5751],[-3.7743,-4.4009,-2.5018,-4.5347,-3.1084],[-0.6821, 0.0697,-0.0167,-0.5868],-0.2041
7912,[-0.6775, 0.0781,-0.1077,-0.5655],[-5.4608,-4.4678,-6.6099,-6.645 ,-4.9076],[-0.6796, 0.0797,-0.1011,-0.5764],-0.2201
7914,[-0.6718, 0.0976,-0.188 ,-0.6025],[-0.5317, 5.5378,-2.0405,-1.4398,-0.0903],[-0.6726, 0.1023,-0.1864,-0.6158],-0.2459
8814,[-0.6439, 0.0884,-0.1861,-0.4053],[-1.8253, 0.0448,-3.3027,-2.4814,-1.1064],[-0.6439, 0.0923,-0.1778,-0.4195],-0.2776
