100,[-0.9591,-0.0039,-0.0045, 0.3913],[0.6552,1.3338,1.2871,0.4256,2.2703],[-0.9573,-0.001 ,-0.0083, 0.3972],0.2905
101,[-0.9575,-0.0373, 0.0697, 0.3908],[-0.3198,-0.1624, 0.9719, 0.6033, 0.459 ],[-0.9556,-0.0446, 0.0774, 0.3996],0.2688
102,[-0.9576, 0.0362,-0.0691, 0.3942],[-0.1049, 0.9545,-0.015 , 0.5083, 0.6273],[-0.9557, 0.0427,-0.0723, 0.404 ],0.2712
110,[-0.9576, 0.0617,-0.0453, 0.4009],[ 0.5426,-0.0046, 0.4838, 0.3339,-0.1158],[-0.9559, 0.0545,-0.0369, 0.4072],0.28
112,[-0.9592, 0.0784,-0.0801, 0.3931],[0.9868,2.407 ,0.5999,2.4285,1.5703],[-0.9574, 0.0752,-0.0751, 0.4041],0.2502
120,[-0.9585,-0.0703, 0.0418, 0.3826],[-0.1019, 0.363 , 0.3411, 0.3401, 0.0024],[-0.9569,-0.0578, 0.0232, 0.3899],0.28
121,[-0.9586,-0.0945, 0.1009, 0.3871],[0.727 ,0.2905,1.0177,1.3357,1.2777],[-0.9569,-0.0915, 0.0944, 0.3933],0.2379
200,[-9.6308e-01, 1.1951e-04,-4.6714e-04, 3.0038e-01],[0.7437,1.288 ,1.025 ,8.2404,1.3508],[-9.6168e-01, 4.8978e-04,-1.8590e-03, 3.1207e-01],0.2736
201,[-0.9632,-0.0359, 0.0761, 0.3017],[-0.0258,-0.756 , 2.0018,-0.2106,-0.6082],[-0.9615,-0.0468, 0.0847, 0.3117],0.2426
202,[-0.9625, 0.0443,-0.0691, 0.2986],[-0.257 , 3.027 ,-1.1481,-0.4674,-0.7234],[-0.9609, 0.0503,-0.0742, 0.3097],0.2477
210,[-0.963 , 0.0741,-0.0284, 0.2864],[-0.6682,-1.4021, 2.1192,-0.2805,-1.0524],[-0.9619, 0.0556,-0.0077, 0.2955],0.2633
212,[-0.9627, 0.0886,-0.0964, 0.2991],[ 5.5553, 2.5627,-0.1092, 2.8715, 0.2997],[-0.9613, 0.087 ,-0.092 , 0.309 ],0.2246
214,[-0.9592, 0.1427,-0.1823, 0.2787],[ 0.3252, 0.6782,-0.7089, 1.6647, 0.245 ],[-0.9574, 0.148 ,-0.1847, 0.2882],0.1764
220,[-0.962 ,-0.0698, 0.0353, 0.3016],[-0.8328, 1.1381,-1.3147,-0.9493,-0.8703],[-0.9608,-0.056 , 0.0199, 0.3124],0.2649
221,[-0.9633,-0.096 , 0.1023, 0.299 ],[ 1.146 , 1.0981,11.1404, 0.9883, 0.5207],[-0.9619,-0.0938, 0.0974, 0.3098],0.2175
223,[-0.9627,-0.1472, 0.1813, 0.2933],[ 0.4814,-0.1048, 1.83  , 0.3673, 0.1876],[-0.9609,-0.151 , 0.1814, 0.2987],0.1647
232,[-0.9613, 0.1909,-0.1246, 0.2966],[-0.1224,-0.5683, 1.3514,-0.0673, 0.3106],[-0.9613, 0.1647,-0.0956, 0.3101],0.192
234,[-0.9604, 0.2173,-0.2031, 0.2727],[ 1.0422, 2.2145,-0.3344, 3.5265,-0.0381],[-0.9599, 0.2052,-0.1835, 0.2854],0.1454
241,[-0.9588,-0.1849, 0.1411, 0.2809],[-0.2724, 1.3682,-1.0511,-0.2931,-0.3993],[-0.9585,-0.167 , 0.1207, 0.2864],0.1908
243,[-0.9616,-0.1942, 0.2023, 0.2771],[2.1275,0.9218,3.2514,1.4147,0.2593],[-0.9604,-0.1897, 0.196 , 0.2895],0.1451
245,[-0.963 ,-0.2542, 0.2809, 0.2691],[ 0.356 , 0.1979, 0.9312,-0.0938,-0.018 ],[-0.9614,-0.2521, 0.2763, 0.2831],0.0851
254,[-0.9586, 0.3021,-0.2448, 0.2687],[ 0.3789,-0.6453, 0.3516, 0.55  ,-0.0951],[-0.9595, 0.2824,-0.2249, 0.2798],0.0991
256,[-0.9557, 0.3028,-0.2976, 0.261 ],[ 1.4143, 2.1764,-0.0071, 1.3685, 0.0757],[-0.9555, 0.2932,-0.2784, 0.2753],0.085
300,[-0.9691, 0.0027,-0.0023, 0.1922],[ 1.182 , 0.8659, 2.3796, 3.5511,-0.2266],[-0.9682, 0.0029,-0.0043, 0.2043],0.2487
301,[-0.9695,-0.0352, 0.0726, 0.1903],[-0.9892,-1.7258, 0.7109, 0.1889,-1.4066],[-0.9683,-0.0485, 0.0827, 0.201 ],0.2184
302,[-0.967 , 0.0387,-0.0741, 0.191 ],[-0.7216, 0.0404,-2.3396,-0.4301,-1.5624],[-0.9658, 0.0508,-0.0865, 0.2019],0.2248
304,[-0.9556, 0.0488,-0.1667, 0.2382],[-0.1192,-0.0507,-1.0192,-0.5671,-0.7432],[-0.9525, 0.0809,-0.2116, 0.2238],0.2098
310,[-0.9687, 0.0727,-0.033 , 0.1938],[-0.8762,-1.5086, 1.5096,-0.9756,-1.4591],[-0.968 , 0.0518,-0.0074, 0.2042],0.2426
312,[-0.9691, 0.1019,-0.1033, 0.1827],[ 1.4338,13.1481, 0.2882, 3.1177,-0.2459],[-0.9683, 0.0973,-0.094 , 0.1939],0.1951
314,[-0.9671, 0.1442,-0.1824, 0.1739],[ 0.0251, 1.409 ,-1.3642, 2.0243,-0.3905],[-0.9656, 0.1519,-0.1868, 0.184 ],0.1471
320,[-0.9656,-0.0795, 0.0318, 0.1911],[-1.6357,-0.156 ,-2.4952,-1.27  ,-2.3882],[-0.965 ,-0.0603, 0.0127, 0.2034],0.2479
321,[-0.9679,-0.1055, 0.1051, 0.187 ],[ 1.7727, 2.039 , 2.9437, 5.8222,-0.7493],[-0.967 ,-0.1022, 0.1006, 0.2004],0.195
323,[-0.9678,-0.1459, 0.1873, 0.1798],[-0.3271,-1.1135, 1.2767,-0.2979,-0.7502],[-0.9663,-0.1554, 0.194 , 0.1904],0.1409
332,[-0.9676, 0.1825,-0.1409, 0.1883],[-0.705 ,-1.145 , 1.3284,-0.2915,-1.489 ],[-0.9676, 0.1607,-0.1142, 0.2011],0.1652
334,[-0.9675, 0.2096,-0.2115, 0.1744],[ 1.0197, 4.6342, 0.0476, 3.9322,-0.1002],[-0.967 , 0.203 ,-0.199 , 0.1872],0.1182
336,[-0.964 , 0.2544,-0.295 , 0.1643],[ 0.1685, 3.9793,-0.492 , 1.5503, 0.0291],[-0.9623, 0.2578,-0.2936, 0.1784],0.0734
340,[-0.9587,-0.1784, 0.0538, 0.2476],[-0.1832,-0.9089,-0.8948,-0.7262,-0.3944],[-0.9591,-0.1426, 0.0344, 0.2613],0.2332
341,[-0.964 ,-0.1895, 0.1375, 0.1801],[-1.079 , 1.7068,-1.2958, 0.5478,-1.2112],[-0.9642,-0.1686, 0.1162, 0.1923],0.1728
343,[-0.9638,-0.2112, 0.2113, 0.179 ],[1.3893,0.5981,3.2622,6.7893,0.066 ],[-0.9632,-0.2063, 0.2046, 0.1927],0.1263
345,[-0.9634,-0.239 , 0.2947, 0.1952],[ 0.0821,-0.7546, 1.4809, 0.2483,-0.5567],[-0.9611,-0.2455, 0.297 , 0.209 ],0.0803
354,[-0.9638, 0.2924,-0.2565, 0.1943],[-0.8514,-0.9909, 0.195 , 0.2368,-1.4295],[-0.9646, 0.2743,-0.2274, 0.2081],0.0867
356,[-0.9631, 0.302 ,-0.3143, 0.171 ],[ 0.4442, 2.0832,-0.5026, 3.4941,-0.3928],[-0.9624, 0.2975,-0.3043, 0.1852],0.0533
358,[-0.96  , 0.3798,-0.4068, 0.1357],[ 0.8003, 0.607 ,-0.6669, 1.5868,-0.5732],[-0.9588, 0.3778,-0.4016, 0.1407],-0.0082
363,[-0.9622,-0.2919, 0.2485, 0.1481],[-1.0169, 0.0067,-1.4431,-0.6333,-1.5757],[-0.9631,-0.2761, 0.2309, 0.1566],0.0886
365,[-0.9623,-0.3125, 0.3206, 0.158 ],[ 0.4924,-0.689 , 1.3509, 0.9366,-1.0937],[-0.9617,-0.3076, 0.3121, 0.1709],0.0481
378,[-0.9569, 0.3941,-0.4176, 0.1541],[ 0.6733, 1.7557,-0.4966, 2.7104,-0.7843],[-0.956 , 0.3905,-0.4074, 0.1683],-0.0089
400,[-0.9725,-0.0065,-0.0054, 0.0646],[0.8894,1.5401,0.8591,6.3586,0.0205],[-0.9722,-0.0017,-0.0079, 0.0787],0.2345
401,[-0.97  ,-0.0399, 0.0727, 0.0693],[-0.7285,-1.5491, 0.208 ,-0.2453,-0.9395],[-0.9693,-0.0553, 0.089 , 0.0819],0.2102
402,[-0.9699, 0.0383,-0.0721, 0.0551],[ 1.1666, 1.1927,-1.2619,-0.606 ,-1.085 ],[-0.9693, 0.0523,-0.0842, 0.0685],0.213
410,[-0.9706, 0.0692,-0.0398, 0.0749],[-0.9988,-0.9703, 1.7461,-0.4338,-0.5552],[-0.9704, 0.0518,-0.0185, 0.0885],0.2305
412,[-0.9726, 0.0985,-0.1132, 0.0674],[ 0.733 , 3.4489,-0.2394, 9.9191,-0.4677],[-0.9721, 0.1024,-0.1142, 0.0813],0.1728
414,[-0.9722, 0.1484,-0.185 , 0.0545],[ 0.5811, 2.2329,-1.4464, 1.2471,-0.5161],[-0.9712, 0.1608,-0.1951, 0.0676],0.123
420,[-0.9707,-0.071 , 0.0357, 0.0536],[-1.0695, 1.6818,-1.9213,-0.6888,-1.9085],[-0.9706,-0.054 , 0.0199, 0.0666],0.2289
421,[-0.9718,-0.1135, 0.1084, 0.0586],[ 0.6151, 0.577 , 3.4294, 4.8196,-0.8299],[-0.9715,-0.1097, 0.1046, 0.0725],0.1752
423,[-0.9709,-0.1537, 0.1823, 0.0648],[-0.1521,-1.1155, 1.0241,-0.0632,-0.6696],[-0.97  ,-0.1634, 0.191 , 0.0777],0.1271
432,[-0.974 , 0.1788,-0.1502, 0.0871],[-1.0048,-0.8858, 0.5296,-0.1338,-1.0144],[-0.9742, 0.1594,-0.1258, 0.101 ],0.1401
434,[-0.9738, 0.205 ,-0.218 , 0.0654],[ 0.0516, 1.3958,-0.4345, 7.7041,-0.7666],[-0.9733, 0.2053,-0.214 , 0.0798],0.0925
436,[-0.9692, 0.2556,-0.2965, 0.0589],[ 0.7901, 1.6332,-0.3279, 1.9472,-0.7603],[-0.9677, 0.264 ,-0.3023, 0.0712],0.0526
440,[-0.961 ,-0.1941, 0.0353, 0.0539],[-0.0803, 0.2271,-0.5356,-0.1803,-1.1494],[-0.9625,-0.1392,-0.0179, 0.0689],0.2287
441,[-0.9693,-0.188 , 0.144 , 0.0599],[-1.293 ,-0.9165,-2.3112,-1.689 ,-2.4015],[-0.9699,-0.1677, 0.122 , 0.0741],0.152
443,[-0.9676,-0.2149, 0.2151, 0.0655],[ 0.3655,-0.8775, 2.1629, 2.4307,-1.0971],[-0.9674,-0.2119, 0.2101, 0.0786],0.1091
445,[-0.9659,-0.2584, 0.2945, 0.0469],[-0.7478,-0.6806, 0.5321, 1.1003,-0.6831],[-0.9646,-0.2657, 0.299 , 0.0588],0.0619
454,[-0.9759, 0.2867,-0.2587, 0.0766],[-0.6118,-0.8977, 0.0451,-0.3065,-0.8768],[-0.9766, 0.2678,-0.2377, 0.0914],0.0514
456,[-0.9702, 0.307 ,-0.3289, 0.0618],[ 0.1324, 2.4078,-0.7206, 3.2446,-0.6986],[-0.9693, 0.308 ,-0.3265, 0.0761],0.022
458,[-0.9637, 0.3612,-0.4124, 0.0543],[ 0.4844, 3.4312, 0.2861, 2.8343,-0.5617],[-0.9616, 0.3654,-0.4148, 0.0682],-0.0152
461,[-0.9583,-0.3005, 0.1652, 0.0786],[-0.701 , 0.2303,-0.8527, 0.1025,-0.8261],[-0.962 ,-0.2569, 0.1035, 0.0633],0.1498
463,[-0.9623,-0.2973, 0.2495, 0.0667],[-1.7589,-0.7988,-2.597 ,-1.7717,-2.9807],[-0.9636,-0.2823, 0.2331, 0.0792],0.0838
465,[-0.9636,-0.3193, 0.3226, 0.054 ],[-0.7066,-1.4132, 0.4978, 1.5028,-1.882 ],[-0.9634,-0.3169, 0.3172, 0.0682],0.0378
467,[-0.9617,-0.3633, 0.4186, 0.0367],[ 0.1009,-0.7512, 1.0042, 0.5039,-0.3401],[-0.9594,-0.3681, 0.4225, 0.0482],-0.0142
478,[-0.9649, 0.3975,-0.4417, 0.0677],[ 0.3571, 1.4439,-0.8792, 2.4719,-1.3925],[-0.963 , 0.3984,-0.4402, 0.0817],-0.042
487,[-0.9577,-0.4097, 0.4522, 0.0288],[-1.1646,-2.0484,-0.6417, 0.0378,-2.4428],[-0.9559,-0.4111, 0.4522, 0.0438],-0.0355
500,[-0.973 ,-0.0113,-0.0093,-0.0565],[ 1.4742, 1.262 , 0.0222,12.0882,-0.6407],[-0.9732,-0.0012,-0.0168,-0.0414],0.2307
501,[-0.9698,-0.0384, 0.073 ,-0.0634],[-0.9659,-0.6288, 1.0677,-0.4398,-0.9121],[-0.9697,-0.0559, 0.0916,-0.0491],0.2073
502,[-0.9694, 0.0287,-0.0766,-0.0558],[-0.239 , 1.8796,-0.9906, 1.6129,-0.3943],[-0.9692, 0.0503,-0.0948,-0.0417],0.2104
503,[-0.9585,-0.0533, 0.1795,-0.1171],[-0.106 ,-0.2143, 0.2484,-0.1134, 0.0865],[-0.957 ,-0.0897, 0.2047,-0.1037],0.1933
504,[-0.9796, 0.0384,-0.1729,-0.0614],[ 0.0557,-0.2163,-0.4409,-0.031 , 0.0056],[-0.9776, 0.1155,-0.2353,-0.0469],0.105
510,[-0.9656, 0.0762,-0.0334,-0.0631],[ 0.0183,-0.6505, 0.6145,-0.1365,-0.4128],[-0.9661, 0.0572,-0.0119,-0.0495],0.2475
512,[-0.9735, 0.0939,-0.1173,-0.0545],[ 0.6877, 1.455 ,-0.0958, 9.0767,-0.5328],[-0.9733, 0.106 ,-0.1272,-0.0395],0.1628
514,[-0.9733, 0.1444,-0.1852,-0.0521],[-0.3528, 2.5109,-0.6943, 0.7618,-0.8342],[-0.9725, 0.1641,-0.2034,-0.0369],0.1149
520,[-0.9704,-0.0815, 0.0284,-0.0624],[ 0.1792, 5.2483,-0.2439, 0.2141,-0.938 ],[-0.9709,-0.0575, 0.0077,-0.0477],0.2276
521,[-0.9716,-0.1248, 0.1054,-0.0628],[ 1.0105, 0.1868, 1.6092,11.1391,-0.2863],[-0.9721,-0.1168, 0.0994,-0.0478],0.1727
522,[-0.9612,-0.073 ,-0.0594,-0.0635],[-0.1639, 0.2913,-0.5125,-0.0141,-0.0457],[-0.9614,-0.0312,-0.0849,-0.0483],0.2492
523,[-0.9685,-0.1468, 0.1877,-0.0679],[-0.4088,-1.1638, 0.2958,-0.367 ,-1.1934],[-0.9678,-0.1639, 0.2046,-0.0534],0.129
532,[-0.9667, 0.1847,-0.1437,-0.0368],[-0.0606,-0.2564, 0.1337,-0.0425,-0.6152],[-0.9676, 0.1684,-0.1243,-0.0249],0.1588
534,[-0.9762, 0.2085,-0.2302,-0.0488],[ 0.6977, 1.8618,-0.5861, 4.3776,-1.2295],[-0.9758, 0.2186,-0.2379,-0.0337],0.0716
536,[-0.9707, 0.2529,-0.3091,-0.0713],[ 0.2689, 0.8329,-0.3603, 3.083 ,-0.9165],[-0.969 , 0.2714,-0.3243,-0.0558],0.0382
541,[-0.9701,-0.1865, 0.1386,-0.0757],[-1.356 , 1.2286,-1.5032,-0.7285,-2.3718],[-0.9712,-0.1668, 0.1204,-0.0617],0.1485
543,[-0.97  ,-0.2173, 0.2064,-0.0716],[-0.973 ,-1.2527, 1.7982, 1.6603,-2.5329],[-0.9706,-0.2133, 0.1998,-0.0572],0.1029
545,[-0.9671,-0.2532, 0.3004,-0.0643],[ 0.0699,-1.2295, 0.7059, 0.4405,-0.9464],[-0.9657,-0.2667, 0.3119,-0.05  ],0.0536
556,[-0.9723, 0.3085,-0.3438,-0.0523],[ 0.8243, 0.674 ,-0.2947, 4.6169,-1.0485],[-0.9711, 0.3182,-0.3519,-0.0374],0.0043
558,[-0.9678, 0.3489,-0.4268,-0.0583],[ 0.7199, 1.4176, 0.1895, 4.4447,-0.7089],[-0.9649, 0.3615,-0.4356,-0.0427],-0.0295
561,[-0.9801,-0.2795, 0.1658,-0.0521],[-0.0227,-0.0718,-0.2539,-0.4094,-0.0468],[-0.9828,-0.2216, 0.1231,-0.0376],0.0914
563,[-0.9665,-0.2948, 0.2509,-0.0822],[-2.6351,-2.0254,-2.551 ,-2.1287,-3.807 ],[-0.9682,-0.2813, 0.2322,-0.0687],0.0712
565,[-0.964 ,-0.322 , 0.323 ,-0.0605],[-1.6911,-2.9229,-1.0851,-0.7804,-3.4024],[-0.9641,-0.323 , 0.3216,-0.0455],0.0318
567,[-0.9637,-0.3585, 0.4158,-0.0614],[ 0.5675,-0.2821, 1.5451, 0.7593,-0.9163],[-0.9616,-0.3676, 0.4214,-0.0499],-0.0187
578,[-0.9637, 0.3982,-0.4687,-0.0279],[ 0.7338, 1.5704,-0.3385, 2.937 ,-1.5204],[-0.9608, 0.4036,-0.4722,-0.0125],-0.0516
579,[-0.9594, 0.4042,-0.5081,-0.0364],[ 0.613 , 7.1547,-0.0291, 3.8214,-0.5289],[-0.9553, 0.4093,-0.5035,-0.0209],-0.0544
585,[-0.9571,-0.395 , 0.334 ,-0.0385],[-2.4094,-2.5777,-2.4578,-2.1781,-3.4875],[-0.96  ,-0.3846, 0.3108,-0.0227],0.0223
587,[-0.9608,-0.3972, 0.4515,-0.0167],[-1.7775,-2.918 ,-1.1757,-1.2772,-4.1488],[-0.9587,-0.4014, 0.452 ,-0.0021],-0.0379
600,[-0.9709,-0.0106,-0.0036,-0.1797],[ 0.0655, 1.1175,-0.8327, 1.0519,-2.056 ],[-0.9717,-0.004 ,-0.0078,-0.1654],0.2354
601,[-0.9693,-0.033 , 0.0815,-0.1903],[-1.4137,-1.5302, 0.557 ,-0.9106,-1.9662],[-0.9696,-0.057 , 0.1053,-0.1753],0.2019
602,[-0.969 , 0.0241,-0.0795,-0.174 ],[-0.0834, 0.3124,-0.9795, 3.5602,-0.8408],[-0.9692, 0.0502,-0.1014,-0.1588],0.2078
603,[-0.9691,-0.0489, 0.1815,-0.2055],[ 0.0383, 0.0687, 0.0524, 0.0616,-0.1058],[-0.9677,-0.1013, 0.2205,-0.1903],0.1467
610,[-0.9677, 0.0777,-0.0277,-0.1956],[-1.0166,-0.9583,-0.0586,-0.7348,-1.5608],[-0.9688, 0.0561,-0.0058,-0.1804],0.2353
612,[-0.9718, 0.0993,-0.1098,-0.1843],[-0.3772, 0.9458,-0.8949, 1.9378,-2.0391],[-0.9723, 0.1077,-0.117 ,-0.1688],0.169
614,[-0.9718, 0.1377,-0.1913,-0.1759],[-0.0332, 0.8053,-0.4667, 2.3638,-0.9235],[-0.9711, 0.1668,-0.2206,-0.1602],0.1115
616,[-0.9666, 0.1502,-0.2811,-0.164 ],[ 0.1132, 0.0872,-0.1696,-0.116 ,-0.3766],[-0.9638, 0.1894,-0.3045,-0.1475],0.0917
620,[-0.9703,-0.083 , 0.027 ,-0.181 ],[-0.5641, 2.6079,-1.7651, 0.4075,-1.5035],[-0.9713,-0.0563, 0.0021,-0.1662],0.2273
621,[-0.9713,-0.126 , 0.1058,-0.1783],[-1.6303,-1.5004,-0.6207, 1.0734,-2.8428],[-0.9722,-0.1192, 0.1004,-0.1633],0.1709
623,[-0.9667,-0.14  , 0.1953,-0.1964],[-0.6491,-1.3186, 0.3589,-0.9007,-1.988 ],[-0.9661,-0.1637, 0.2177,-0.1815],0.129
632,[-0.9643, 0.1857,-0.1296,-0.2127],[-0.0631,-0.5349, 0.5734,-0.2392,-1.032 ],[-0.9662, 0.1695,-0.1146,-0.1983],0.1665
634,[-0.9719, 0.1961,-0.2159,-0.1708],[ 0.5115, 1.0932,-0.9732, 2.4044,-1.3348],[-0.9719, 0.2104,-0.2301,-0.1556],0.089
636,[-0.9702, 0.2349,-0.3055,-0.1544],[ 1.577 , 0.7846,-0.5173, 3.4137,-0.8667],[-0.9682, 0.2621,-0.3308,-0.1386],0.0415
641,[-0.9676,-0.1897, 0.1393,-0.1783],[-0.6036, 2.5088,-0.9399,-0.6317,-2.1926],[-0.9693,-0.1719, 0.1221,-0.163 ],0.1521
643,[-0.966 ,-0.2293, 0.2112,-0.1897],[-0.5083,-1.5881, 1.7787, 8.3189,-2.3355],[-0.9672,-0.226 , 0.2034,-0.1738],0.1069
645,[-0.9625,-0.2452, 0.3024,-0.1963],[-0.1737,-0.5893, 0.5479, 1.2799,-1.4843],[-0.961 ,-0.2639, 0.3197,-0.1809],0.0645
647,[-0.9587,-0.2632, 0.4221,-0.2462],[ 0.0678,-0.0618, 0.1313,-0.1235,-0.1506],[-0.9534,-0.291 , 0.4351,-0.2293],0.0271
656,[-0.976 , 0.2915,-0.3458,-0.1396],[-0.0331, 1.2413,-0.573 , 4.1706,-1.1929],[-0.9742, 0.3124,-0.3655,-0.1234],-0.0065
658,[-0.9634, 0.3139,-0.4061,-0.1416],[ 0.2619, 7.2026,-0.1473, 1.0132,-0.4536],[-0.9602, 0.3315,-0.4172,-0.1258],0.0006
663,[-0.9634,-0.2929, 0.2521,-0.1913],[-3.1251,-3.5559,-2.923 ,-2.5682,-4.3054],[-0.9654,-0.2845, 0.238 ,-0.1776],0.0758
665,[-0.9624,-0.3178, 0.3097,-0.1821],[-3.6863,-5.2822,-2.6806,-2.9762,-5.7985],[-0.9632,-0.32  , 0.3074,-0.1669],0.0409
667,[-0.9578,-0.3116, 0.3964,-0.1825],[ 0.9955, 0.5008, 5.2955, 0.519 ,-0.5417],[-0.9548,-0.3276, 0.4076,-0.1673],0.0196
685,[-0.9599,-0.3957, 0.3656,-0.1626],[-2.0684,-3.0769,-2.0445,-2.2413,-3.532 ],[-0.9617,-0.3948, 0.3549,-0.1468],-0.0038
700,[-0.9666,-0.0041, 0.0072,-0.3078],[-2.8877,-2.5655,-3.3884,-1.7797,-4.4452],[-0.9679,-0.0055, 0.0088,-0.2929],0.2491
701,[-0.9654,-0.0303, 0.083 ,-0.3085],[-1.1424,-1.3833,-0.2818,-0.6865,-2.4214],[-0.9661,-0.0546, 0.1077,-0.2933],0.2139
702,[-0.9678, 0.0284,-0.0779,-0.2823],[ 0.4412, 1.3692,-0.958 ,-0.1324,-1.4417],[-0.9685, 0.0531,-0.1007,-0.2672],0.2089
704,[-0.9576, 0.0382,-0.1718,-0.2518],[-0.1441, 0.0249,-0.2387, 0.0184,-0.0356],[-0.9566, 0.0776,-0.1952,-0.2357],0.2032
710,[-0.9649, 0.0918,-0.0257,-0.301 ],[-1.408 ,-2.0868,-1.1842,-1.7709,-2.7747],[-0.9666, 0.0641, 0.0052,-0.286 ],0.239
711,[-0.9632, 0.0641, 0.0573,-0.3087],[ 0.0692,-0.0461, 0.08  , 0.0839,-0.1174],[-0.9641, 0.0153, 0.1055,-0.2923],0.2372
712,[-0.9654, 0.1187,-0.0958,-0.3   ],[-2.6243,-2.5178,-2.6367,-1.7121,-3.7842],[-0.967 , 0.1133,-0.0901,-0.2843],0.195
714,[-0.9612, 0.1319,-0.2018,-0.2735],[-0.1034, 1.5301,-0.4586, 1.0778,-0.8507],[-0.9605, 0.1578,-0.226 ,-0.2622],0.1455
720,[-0.9667,-0.0777, 0.0356,-0.2983],[-0.4634, 0.1512,-1.3596, 0.2669,-2.6386],[-0.9682,-0.0589, 0.0144,-0.2828],0.2371
721,[-0.9655,-0.115 , 0.1116,-0.3101],[-4.8766,-5.8493,-4.8301,-4.0252,-7.333 ],[-0.9667,-0.1168, 0.1114,-0.2946],0.1861
723,[-0.9622,-0.145 , 0.1881,-0.3199],[-0.5122,-1.5239,-0.2786, 0.791 ,-1.9996],[-0.9624,-0.1651, 0.2074,-0.304 ],0.1442
732,[-0.9626, 0.1896,-0.1319,-0.321 ],[-1.5812,-1.5511,-0.7839,-0.9005,-2.7802],[-0.965 , 0.1744,-0.1168,-0.305 ],0.1674
734,[-0.9591, 0.2349,-0.198 ,-0.3166],[-1.9659,-0.8881,-0.8688, 0.9827,-2.2919],[-0.9613, 0.2288,-0.1859,-0.2997],0.1307
741,[-0.9649,-0.1847, 0.15  ,-0.2932],[-1.9904,-1.0299,-2.0616,-1.1129,-3.3645],[-0.9668,-0.1754, 0.1377,-0.2772],0.1529
743,[-0.9621,-0.2199, 0.2138,-0.3048],[-1.5175,-3.9145, 0.8553, 2.5004,-4.2578],[-0.9634,-0.2234, 0.2132,-0.2882],0.1155
745,[-0.9594,-0.2486, 0.2968,-0.3043],[ 1.523 ,-0.0065, 1.1488, 5.3205,-1.3051],[-0.9586,-0.2669, 0.3137,-0.2877],0.0724
763,[-0.9614,-0.29  , 0.2589,-0.2809],[-3.9377,-4.3356,-4.0856,-3.7933,-5.1933],[-0.9634,-0.2877, 0.2508,-0.2653],0.0754
765,[-0.9607,-0.31  , 0.3055,-0.292 ],[-2.7293,-5.4228,-3.5535,-3.3758,-6.4163],[-0.9617,-0.3161, 0.3067,-0.2756],0.0468
767,[-0.9583,-0.3336, 0.4222,-0.294 ],[ 0.3418, 1.8069, 1.2908, 9.6891,-0.6421],[-0.9547,-0.3525, 0.4444,-0.2772],-0.0055
800,[-0.9609, 0.011 , 0.0054,-0.4214],[-10.8032, -9.5808,-10.1015,-10.0486,-11.7366],[-0.9627, 0.0044, 0.0126,-0.4051],0.2684
801,[-0.9597,-0.0384, 0.0788,-0.4301],[-1.1972,-1.5036,-0.3107,-0.2656,-2.5926],[-0.9611,-0.0561, 0.0967,-0.4136],0.2357
802,[-0.9634, 0.0535,-0.058 ,-0.3933],[-0.7338,-0.6755,-0.6135, 0.4592,-1.1538],[-0.965 , 0.0574,-0.06  ,-0.3777],0.2352
810,[-0.961 , 0.0674,-0.0371,-0.4309],[-2.0203,-1.7414,-1.5747,-0.8186,-3.0908],[-0.963 , 0.0575,-0.0257,-0.4143],0.251
812,[-0.9612, 0.0984,-0.0831,-0.4213],[-7.4405,-6.7055,-7.4297,-6.8523,-8.2913],[-0.9631, 0.0963,-0.0797,-0.4055],0.2192
820,[-0.9614,-0.0645, 0.04  ,-0.4108],[-1.2956,-0.0284,-1.1869,-0.7802,-2.0909],[-0.9633,-0.057 , 0.032 ,-0.3945],0.2525
821,[-0.9604,-0.1037, 0.1183,-0.4195],[ -9.7209,-10.0939, -9.3748, -8.9844,-11.0309],[-0.9619,-0.113 , 0.1255,-0.4032],0.1988
823,[-0.9594,-0.1469, 0.185 ,-0.4129],[ 0.1132,-0.3025, 3.6503, 1.4158,-1.4712],[-0.96  ,-0.1655, 0.2025,-0.396 ],0.1534
832,[-0.9585, 0.1877,-0.1407,-0.3978],[-1.7174,-1.4053,-1.902 ,-0.7532,-3.0808],[-0.9611, 0.1779,-0.1281,-0.3815],0.1745
834,[-0.9586, 0.2224,-0.1834,-0.4006],[-3.6877,-2.9282,-4.2059,-3.1569,-4.6448],[-0.9612, 0.2165,-0.1712,-0.3836],0.1417
841,[-0.9603,-0.1805, 0.1622,-0.3848],[-1.3134,-1.9969,-1.4201,-1.719 ,-2.6369],[-0.9624,-0.1776, 0.151 ,-0.3674],0.1615
843,[-0.9588,-0.2024, 0.213 ,-0.4038],[-5.414 ,-6.6003,-6.1858,-4.6436,-7.2102],[-0.96  ,-0.2123, 0.2185,-0.387 ],0.1284
845,[-0.9588,-0.2288, 0.3   ,-0.3998],[ 0.257 , 0.2294, 1.5957, 9.6005,-0.6623],[-0.9575,-0.2544, 0.323 ,-0.3861],0.0768
863,[-0.958 ,-0.2908, 0.2682,-0.3927],[-2.2653,-2.7214,-1.6564,-2.1494,-3.1544],[-0.9598,-0.2958, 0.2736,-0.3757],0.0733
865,[-0.9581,-0.3088, 0.3022,-0.3987],[-2.7356,-3.8586,-3.5947,-1.7182,-5.3672],[-0.9596,-0.3167, 0.3022,-0.3813],0.054
900,[-0.9576, 0.0035, 0.0136,-0.5127],[-46.9394,-46.6369,-45.9705,-45.9226,-47.3934],[-0.9598,-0.0035, 0.0214,-0.4961],0.2853
901,[-0.9568,-0.0411, 0.0868,-0.5332],[-2.872 ,-3.5018,-3.5849,-0.8807,-4.3127],[-0.9586,-0.0589, 0.0996,-0.5168],0.2426
910,[-0.9579, 0.0751,-0.0459,-0.5238],[-8.207 ,-8.3968,-8.4665,-7.7195,-9.1776],[-0.9603, 0.0698,-0.0459,-0.5056],0.2534
921,[-0.9578,-0.0879, 0.1086,-0.5178],[-36.4001,-35.9848,-35.8667,-35.3068,-37.168 ],[-0.9596,-0.0996, 0.1178,-0.5005],0.215
923,[-0.9605,-0.1286, 0.1944,-0.5323],[ 0.7223,15.482 , 2.341 , 1.6364,-1.0572],[-0.9605,-0.1615, 0.2341,-0.5144],0.1406
943,[-0.9604,-0.1785, 0.2546,-0.5057],[-5.6227,-5.0182,-4.6677,-4.2741,-6.089 ],[-0.9593,-0.213 , 0.2968,-0.4892],0.0988
945,[-0.9574,-0.2474, 0.3396,-0.5073],[ 1.3919, 1.6995,-0.1039,34.0613,-0.4441],[-0.9547,-0.2793, 0.3805,-0.4891],0.0511
1000,[-0.9253,-0.0466, 0.0455, 0.5056],[ 1.2076, 0.2467, 1.7437,-0.3756, 2.0161],[-0.9231,-0.0458, 0.0491, 0.5005],0.4174
1010,[-0.9286, 0.0632,-0.043 , 0.5025],[ 1.0044,-0.1935, 1.7795,-0.4475, 0.3063],[-0.9266, 0.0569,-0.0287, 0.4894],0.4056
1012,[-0.9303, 0.0775,-0.0825, 0.507 ],[0.7945,0.7977,0.864 ,0.3429,4.0478],[-0.9281, 0.0751,-0.0754, 0.5037],0.3695
1100,[-0.9442, 0.0076,-0.011 , 0.4052],[ 1.0936, 3.8563, 3.3768, 0.0761,18.7018],[-0.9425, 0.0081,-0.0112, 0.3964],0.3458
1101,[-0.9473,-0.0443, 0.068 , 0.4038],[-0.1966,-1.2977, 3.444 ,-0.3273, 0.6248],[-0.9453,-0.0476, 0.0688, 0.4059],0.3118
1102,[-0.9469, 0.045 ,-0.0675, 0.4002],[-0.2063, 4.7545,-0.6011,-0.2054, 3.122 ],[-0.945 , 0.0483,-0.0689, 0.3983],0.313
1110,[-0.9443, 0.0648,-0.0389, 0.4348],[-0.0082,-0.4423, 5.3494,-0.5746, 0.8106],[-0.9425, 0.0571,-0.0312, 0.4411],0.3339
1112,[-0.9472, 0.0731,-0.0826, 0.4163],[ 1.1447,20.1968, 0.5939, 0.4007, 1.4301],[-0.9453, 0.0719,-0.0781, 0.4209],0.2975
1114,[-0.9431, 0.1489,-0.1794, 0.3842],[ 0.2941, 1.806 ,-0.6986,-0.0901, 5.4824],[-0.9411, 0.1494,-0.1752, 0.3809],0.2373
1120,[-0.9427,-0.0729, 0.0315, 0.3857],[ 1.152 , 1.4877,-0.8462,-0.2355, 4.263 ],[-0.9413,-0.0621, 0.0199, 0.3832],0.3418
1121,[-0.9437,-0.0953, 0.1011, 0.389 ],[ 0.9346, 0.8473, 1.4558, 0.5532,16.8001],[-0.942 ,-0.0929, 0.0948, 0.3844],0.2943
1123,[-0.9361,-0.1474, 0.1749, 0.3908],[ 0.4805,-0.493 , 2.8462,-0.2417, 2.6133],[-0.9342,-0.1474, 0.1705, 0.3905],0.2668
1141,[-0.9342,-0.1799, 0.1322, 0.3798],[ 0.8337, 4.18  ,-0.3699, 0.4573, 2.8411],[-0.9336,-0.1678, 0.1227, 0.3817],0.2818
1143,[-0.9301,-0.2049, 0.2119, 0.385 ],[0.6477,0.2955,1.429 ,0.6583,8.3816],[-0.9287,-0.2006, 0.2031, 0.3824],0.246
1145,[-0.919 ,-0.2668, 0.2913, 0.3803],[-0.009 ,-0.6936, 1.1237, 0.3212, 0.9743],[-0.9173,-0.2635, 0.2813, 0.3912],0.2214
1200,[-0.9384,-0.0111, 0.0033, 0.3046],[ 2.6892, 3.036 , 1.8995, 0.7168,51.4329],[-0.9371,-0.0097, 0.0034, 0.2933],0.3717
1201,[-0.9402,-0.0383, 0.0707, 0.2946],[ 0.4912,-1.0473, 2.8637,-1.3052, 0.6946],[-0.9388,-0.0438, 0.0736, 0.286 ],0.3385
1202,[-0.9418, 0.0356,-0.0739, 0.3051],[ 0.5708,23.4951,-0.2299,-0.807 , 0.6341],[-0.9402, 0.0422,-0.0775, 0.2982],0.3318
1210,[-0.9356, 0.0812,-0.0222, 0.2803],[-0.2093,-1.189 , 4.0713,-0.5016, 0.3855],[-0.9348, 0.0689,-0.0137, 0.2812],0.3673
1212,[-0.9416, 0.0925,-0.1062, 0.2947],[ 2.2994, 1.8101, 0.5707, 0.7842,19.1357],[-0.9403, 0.093 ,-0.1039, 0.2848],0.2973
1214,[-0.9397, 0.1415,-0.1874, 0.2945],[ 0.0602,21.6805,-0.495 ,-0.1869, 1.5306],[-0.9377, 0.1462,-0.1888, 0.2963],0.2452
1220,[-0.9337,-0.0764, 0.0271, 0.3027],[-0.167 ,45.5783,-0.3326,-0.3685, 3.6798],[-0.9327,-0.0661, 0.02  , 0.3049],0.3759
1221,[-0.9408,-0.1073, 0.1017, 0.3127],[ 3.8622, 1.534 ,69.0006, 1.6005, 2.0142],[-0.9396,-0.1029, 0.0929, 0.3146],0.3006
1223,[-0.9395,-0.1458, 0.1837, 0.305 ],[ 1.1593,-0.3614,15.5518,-0.1758, 0.286 ],[-0.9376,-0.1485, 0.1833, 0.3091],0.2467
1230,[-0.9459, 0.1721,-0.0164, 0.2582],[-0.4763,-1.3197,-0.0699,-0.7162,-0.8154],[-0.9463, 0.1293, 0.0439, 0.2439],0.2832
1232,[-0.9322, 0.1999,-0.1216, 0.2766],[ 0.4849, 0.0124, 4.7657,-0.0832, 1.2123],[-0.9326, 0.184 ,-0.1106, 0.2777],0.2836
1234,[-0.9326, 0.2114,-0.2178, 0.2844],[ 0.9668, 5.2867,-0.3721, 1.235 , 5.2498],[-0.9316, 0.2079,-0.208 , 0.2786],0.2298
1236,[-0.9336, 0.2535,-0.2926, 0.2809],[ 1.4049, 9.9153,-0.6723, 1.2655, 1.1271],[-0.9317, 0.2535,-0.2881, 0.2848],0.1727
1240,[-0.9401,-0.1757, 0.0327, 0.2656],[-1.6964,-0.7321,-1.634 ,-1.3459,-1.1054],[-0.9407,-0.1463, 0.0156, 0.2513],0.3103
1241,[-0.9385,-0.1919, 0.1296, 0.2972],[ 0.9062,17.2871, 0.5891, 0.0561, 2.5143],[-0.9384,-0.1772, 0.1191, 0.3043],0.2601
1243,[-0.9411,-0.2115, 0.2143, 0.3107],[ 0.9212, 0.7322,28.7411, 0.6752, 1.3426],[-0.94  ,-0.2066, 0.2048, 0.3179],0.2031
1245,[-0.9407,-0.2577, 0.3023, 0.3033],[-0.2879,-0.5639, 5.7311, 0.1549, 1.3936],[-0.9385,-0.258 , 0.2992, 0.3149],0.1433
1252,[-0.9261, 0.2796,-0.158 , 0.3066],[ 0.0925,-0.6396, 1.0721,-0.3475,-0.483 ],[-0.9283, 0.2557,-0.116 , 0.3207],0.264
1254,[-0.9303, 0.301 ,-0.2314, 0.2792],[ 0.5251,-0.0248,-0.867 , 0.4263, 0.8762],[-0.9317, 0.2857,-0.2069, 0.2845],0.1952
1256,[-0.927 , 0.3327,-0.3213, 0.2723],[ 1.3064,13.9117,-0.2299, 1.1158, 2.0462],[-0.9271, 0.326 ,-0.3041, 0.2792],0.1465
1258,[-0.9159, 0.3785,-0.3907, 0.2545],[ 0.4808, 3.7432,-1.073 , 0.6312,-0.0588],[-0.9154, 0.3746,-0.3771, 0.2634],0.1237
1261,[-0.9367,-0.2926, 0.1538, 0.2666],[-1.1603,-0.032 ,-2.1703,-1.2156,-0.9517],[-0.9392,-0.266 , 0.1335, 0.2805],0.2112
1263,[-0.9351,-0.3019, 0.2332, 0.2861],[ 1.3113,10.6186, 0.3411, 0.9048, 0.4551],[-0.9362,-0.2875, 0.2206, 0.2971],0.1734
1265,[-0.9302,-0.3267, 0.3248, 0.2936],[1.1755,0.0784,7.672 ,1.7003,2.4989],[-0.9298,-0.3204, 0.3104, 0.3032],0.1379
1267,[-0.9281,-0.3639, 0.3916, 0.259 ],[-0.1111,-1.0809, 0.5671,-0.5118,-0.6135],[-0.9268,-0.3607, 0.3832, 0.2709],0.0938
1300,[-0.92  ,-0.0264, 0.0298, 0.1505],[  1.113 ,  1.727 ,  1.4799,  1.3464,309.7188],[-0.9194,-0.0269, 0.0316, 0.1437],0.43
1301,[-0.9184,-0.0459, 0.0663, 0.1438],[ 0.2457,-0.5223,81.229 , 0.911 , 0.5572],[-0.9176,-0.0484, 0.0666, 0.147 ],0.4181
1302,[-0.9282, 0.041 ,-0.0701, 0.1728],[ 0.3804,15.7972,-0.8165, 0.7572, 1.0492],[-0.9273, 0.0456,-0.0717, 0.1685],0.3802
1310,[-0.9283, 0.0757,-0.03  , 0.1745],[-6.3046,-7.1923,-5.2725,-6.2066,-7.098 ],[-0.9278, 0.0662,-0.0199, 0.1738],0.3928
1311,[-0.94  , 0.0685, 0.0683, 0.2181],[-2.369 ,-2.342 ,-1.831 ,-2.5879,-1.8735],[-0.9389, 0.0409, 0.082 , 0.2326],0.3361
1312,[-0.9307, 0.0956,-0.0987, 0.1781],[ 0.746 ,10.3007,-0.2051, 3.4724, 4.5094],[-0.93  , 0.0942,-0.0923, 0.1748],0.3402
1314,[-0.9383, 0.1429,-0.1869, 0.1884],[ 1.11  ,17.3763,-0.7241, 0.7843, 0.4438],[-0.9367, 0.1486,-0.1889, 0.1864],0.2478
1320,[-0.9215,-0.0693, 0.037 , 0.182 ],[ 0.9891,89.1944,-0.8738, 0.4276, 0.8952],[-0.9209,-0.0636, 0.035 , 0.1875],0.4164
1321,[-0.9228,-0.0821, 0.0932, 0.1697],[  1.0132,  1.1738,167.9465,  0.5577,  0.7665],[-0.9219,-0.0823, 0.0897, 0.1759],0.3762
1322,[-0.9371,-0.0611,-0.0645, 0.1693],[-2.4418,-1.5055,-2.9426,-2.1202,-2.1843],[-0.9362,-0.0361,-0.0828, 0.1694],0.3482
1323,[-0.9301,-0.1472, 0.1816, 0.1785],[ 0.0815,-0.4114,15.6678,-0.2311, 1.3111],[-0.9288,-0.1505, 0.181 , 0.1835],0.2767
1330,[-0.9233, 0.1767,-0.0484, 0.2344],[-1.8828,-3.2078,-1.3691,-2.2879,-2.0225],[-0.9241, 0.1511,-0.0043, 0.22  ],0.3837
1332,[-0.9304, 0.1889,-0.1348, 0.1933],[-2.6493,-3.4952,-2.4094,-2.7264,-3.342 ],[-0.9307, 0.1769,-0.1199, 0.1978],0.289
1334,[-0.9327, 0.209 ,-0.2154, 0.1801],[ 0.4756,10.8007, 0.1498, 3.3462, 3.0302],[-0.9321, 0.2066,-0.206 , 0.1849],0.2299
1336,[-0.9362, 0.249 ,-0.298 , 0.1817],[ 0.2285,17.7311,-0.2712, 0.3297, 0.3412],[-0.9342, 0.252 ,-0.2973, 0.1916],0.1611
1340,[-0.9437,-0.1965, 0.0361, 0.1951],[-2.4574,-2.1987,-3.1069,-2.621 ,-1.89  ],[-0.9448,-0.1622, 0.0184, 0.2084],0.2847
1341,[-0.9364,-0.2044, 0.1241, 0.1927],[ 0.9198,10.1069, 0.0657, 0.0399, 0.1224],[-0.9372,-0.1875, 0.1116, 0.203 ],0.2638
1343,[-0.9389,-0.2255, 0.211 , 0.1819],[ 1.1444, 0.887 ,24.014 , 1.5798, 0.4166],[-0.9387,-0.2191, 0.1984, 0.1933],0.2055
1345,[-0.9403,-0.2562, 0.305 , 0.1916],[ 3.9268,-0.9361, 2.3933, 4.9593, 1.6809],[-0.9382,-0.2585, 0.3035, 0.2032],0.1414
1352,[-0.9332, 0.2871,-0.1592, 0.2211],[-1.0067,-1.6551, 0.1419,-1.8776,-0.9592],[-0.9353, 0.2668,-0.157 , 0.2349],0.2139
1354,[-0.9296, 0.3045,-0.2424, 0.1995],[-1.3075,-2.0733,-1.7749,-1.0426,-2.1758],[-0.9311, 0.2919,-0.2216, 0.2068],0.1877
1356,[-0.93  , 0.331 ,-0.3331, 0.1841],[2.3212,6.7371,0.1294,1.1361,0.3532],[-0.9297, 0.3267,-0.32  , 0.195 ],0.13
1358,[-0.9337, 0.3686,-0.4055, 0.1757],[ 1.4926, 9.0461,-0.6578, 0.4581,-0.2269],[-0.9322, 0.3673,-0.3995, 0.186 ],0.0683
1361,[-0.932 ,-0.2889, 0.1475, 0.1828],[-2.6323,-1.5814,-2.919 ,-1.9572,-2.6414],[-0.9349,-0.2622, 0.1156, 0.1965],0.2368
1363,[-0.9332,-0.3082, 0.2313, 0.1676],[0.1841,1.5256,0.0426,6.6803,0.3176],[-0.9352,-0.293 , 0.2074, 0.1802],0.1799
1365,[-0.9333,-0.3432, 0.3257, 0.17  ],[ 0.9085, 0.1291,11.3056, 3.5798, 0.2224],[-0.9339,-0.3371, 0.3104, 0.1806],0.117
1367,[-0.9356,-0.3738, 0.4093, 0.1719],[ 0.3467,-0.9382, 1.9055, 0.1199,-0.136 ],[-0.934 ,-0.3724, 0.4045, 0.1837],0.0579
1376,[-0.9254, 0.3935,-0.3804, 0.1933],[-1.5759,-1.0939,-1.4097,-0.9117,-1.9211],[-0.926 , 0.3882,-0.3642, 0.2053],0.0924
1378,[-0.9282, 0.4022,-0.4361, 0.1675],[ 2.4666,12.5644,-0.2687, 2.3957, 0.6363],[-0.9269, 0.4   ,-0.4278, 0.1808],0.0522
1385,[-0.9237,-0.402 , 0.3492, 0.167 ],[-0.233 ,-0.9152,-0.6367, 0.6126,-1.4753],[-0.9257,-0.3942, 0.3327, 0.181 ],0.1049
1387,[-0.9286,-0.4005, 0.4099, 0.1497],[ 1.1436,-0.0125, 7.4137, 5.1433, 0.3386],[-0.9282,-0.3976, 0.4007, 0.162 ],0.062
1400,[-0.9186,-0.0217, 0.0242, 0.0671],[1.2276e-01,7.0334e+02,1.6725e+00,1.0557e+00,1.9697e+00],[-0.9182,-0.0225, 0.0277, 0.0713],0.4373
1401,[-0.9179,-0.0442, 0.067 , 0.0703],[  0.4258, -0.6457,331.569 ,  0.8251,  0.4852],[-0.9174,-0.0475, 0.0683, 0.0721],0.4214
1402,[-0.9168, 0.0355,-0.0689, 0.0493],[ 8.7242e-01, 9.5743e+01,-3.2638e-01, 8.0703e-01, 6.2207e-02],[-0.9163, 0.0402,-0.0704, 0.0603],0.4248
1410,[-0.9184, 0.0654,-0.0399, 0.0429],[-19.594 ,-19.2651,-17.8076,-19.3782,-19.1449],[-0.9184, 0.061 ,-0.0357, 0.0474],0.431
1411,[-0.9225, 0.0565, 0.0585, 0.0307],[-1.8628,-2.8732,-1.7654,-2.2947,-2.1609],[-0.9223, 0.0386, 0.0625, 0.043 ],0.418
1412,[-0.9187, 0.0781,-0.0835, 0.0437],[-2.7409, 0.9094,-4.385 ,-1.7152, 0.6461],[-0.9185, 0.0782,-0.0801, 0.0464],0.3968
1414,[-0.9394, 0.1465,-0.186 , 0.0568],[ 0.4554, 9.1601,-0.4435, 4.2888,-0.2295],[-0.9383, 0.1531,-0.189 , 0.0663],0.2388
1420,[-0.9187,-0.0612, 0.048 , 0.0491],[ 3.9480e-02, 2.1424e+02,-3.4031e-02, 7.4499e-01, 6.3102e-01],[-0.9185,-0.059 , 0.0473, 0.0577],0.4282
1421,[-0.9196,-0.0707, 0.0789, 0.0508],[  3.7162,  0.549 ,261.6679,  1.3682,  0.4877],[-0.9193,-0.0714, 0.0768, 0.0582],0.4019
1422,[-0.9355,-0.059 ,-0.0713, 0.0715],[-2.0094,-1.3957,-2.2458,-1.94  ,-1.7693],[-0.935 ,-0.0334,-0.0885, 0.0586],0.3519
1423,[-0.924 ,-0.144 , 0.1814, 0.05  ],[-0.0439,-1.081 , 1.9684,31.7386, 1.1037],[-0.9231,-0.1488, 0.1826, 0.0631],0.2959
1430,[-0.9113, 0.1824,-0.0185, 0.0804],[-1.9775,-2.868 ,-0.6194,-1.7839,-1.9141],[-0.913 , 0.1604,-0.0141, 0.066 ],0.401
1432,[-0.9255, 0.184 ,-0.1398, 0.0839],[-3.2176,-3.4829,-2.7789,-3.3444,-3.2374],[-0.9261, 0.1751,-0.1264, 0.0871],0.3046
1434,[-0.9345, 0.2046,-0.2223, 0.0678],[ 0.7409, 4.737 ,-0.3064, 5.8042, 0.8832],[-0.9339, 0.2058,-0.2183, 0.0799],0.2189
1436,[-0.9345, 0.2487,-0.3025, 0.0658],[ 1.7479,11.0115,-0.3832, 0.8191, 1.3193],[-0.9327, 0.2543,-0.3044, 0.0739],0.1622
1440,[-0.9254,-0.1836, 0.0375, 0.0636],[-1.4176,-1.8036,-2.4266,-2.5688,-2.3022],[-0.9269,-0.158 , 0.0172, 0.0723],0.3593
1441,[-0.9313,-0.1933, 0.1337, 0.0676],[ 0.7018, 0.1997,-0.9163, 4.598 ,-0.6885],[-0.9322,-0.1809, 0.1167, 0.0785],0.2831
1443,[-0.9312,-0.2082, 0.2111, 0.0578],[ 0.8726, 0.7344,25.6795, 2.0004, 0.5436],[-0.931 ,-0.2067, 0.2036, 0.0701],0.2346
1445,[-0.935 ,-0.2545, 0.3011, 0.0481],[ 0.9755,-0.5869, 1.4277, 3.6941, 1.4362],[-0.9334,-0.2591, 0.3019, 0.0599],0.156
1454,[-0.9364, 0.2955,-0.2579, 0.0817],[-1.229 ,-0.9489,-0.115 ,-0.163 ,-1.2381],[-0.9374, 0.2873,-0.2485, 0.0942],0.1574
1456,[-0.934 , 0.3155,-0.3408, 0.0661],[ 0.991 , 3.6858,-0.1151, 4.8504, 0.5112],[-0.9331, 0.3159,-0.3361, 0.0797],0.1174
1458,[-0.9332, 0.3648,-0.4151, 0.0609],[ 1.6417,13.1289,-0.9871, 1.7082, 0.9764],[-0.9312, 0.3667,-0.4133, 0.0725],0.064
1461,[-0.927 ,-0.2852, 0.1625, 0.0949],[-2.1471,-1.4017,-2.5095,-2.0967,-1.3361],[-0.93  ,-0.2648, 0.1384, 0.1089],0.243
1463,[-0.9323,-0.3098, 0.2455, 0.0827],[ 0.4989,-0.0766,-0.2198, 0.8356,-1.4762],[-0.9342,-0.2985, 0.2284, 0.0953],0.172
1465,[-0.9342,-0.3353, 0.3286, 0.0576],[ 1.0204, 0.2067,15.1793, 1.7416, 0.1823],[-0.9345,-0.3324, 0.319 , 0.0703],0.1135
1467,[-0.9316,-0.3713, 0.4107, 0.0548],[ 8.5652e-01,-2.5902e-01, 9.9176e+00, 2.7941e-01, 4.3824e-03],[-0.9301,-0.3724, 0.4071, 0.0677],0.0675
1476,[-0.9278, 0.3965,-0.369 , 0.0189],[-0.741 ,-0.7956,-0.2266,-0.1563,-0.9921],[-0.9291, 0.3934,-0.3588, 0.0262],0.0829
1478,[-0.9367, 0.405 ,-0.4599, 0.0705],[ 0.7249, 2.0656,-0.6297, 5.5731,-0.267 ],[-0.9344, 0.4055,-0.4571, 0.0852],0.0179
1483,[-0.9272,-0.4182, 0.2563, 0.0789],[-2.363 ,-0.5747,-2.2665,-0.9796,-2.2207],[-0.9327,-0.4015, 0.2466, 0.0928],0.1203
1485,[-0.921 ,-0.4007, 0.3468, 0.0545],[-1.7164,-0.8924,-0.6404,-0.0655,-2.3989],[-0.9233,-0.3949, 0.3321, 0.0684],0.1111
1487,[-0.9264,-0.4009, 0.4253, 0.0534],[ 0.9841,-0.1934, 1.5152, 9.821 ,-0.263 ],[-0.9255,-0.4006, 0.4198, 0.0683],0.0574
1500,[-0.9184,-0.0166, 0.0103,-0.0546],[  1.3454,  1.3778,  2.1126,168.9395,  1.1221],[-0.9186,-0.0156, 0.0091,-0.0421],0.4418
1501,[-0.9183,-0.0403, 0.0712,-0.0371],[-14.7383,-15.8978,-12.8899,-14.975 ,-14.4699],[-0.9183,-0.0453, 0.0737,-0.0344],0.4184
1502,[-0.9153, 0.0288,-0.073 ,-0.0592],[-16.5992,-15.9023,-18.0371,-16.5238,-16.7323],[-0.9152, 0.0356,-0.0763,-0.0515],0.4288
1503,[-0.9272,-0.0474, 0.1714,-0.0752],[-0.8864,-1.6631,-0.7001,-0.9032,-0.8861],[-0.9256,-0.0691, 0.1872,-0.0678],0.3303
1504,[-0.9264, 0.0467,-0.1712,-0.0941],[-1.1696, 0.2944,-1.576 ,-1.2644,-1.2649],[-0.9247, 0.0703,-0.1946,-0.0855],0.3148
1510,[-0.9188, 0.0649,-0.0411,-0.0602],[-21.2278,-21.7531,-19.9747,-20.3508,-21.1129],[-0.9192, 0.061 ,-0.0372,-0.0555],0.43
1511,[-0.9133, 0.0769, 0.0569,-0.0031],[-0.5591,-1.5112,-0.5278,-0.9808,-0.9681],[-0.9131, 0.0532, 0.0963, 0.0126],0.4138
1512,[-0.9171, 0.078 ,-0.0857,-0.0645],[-11.952 , -9.1089,-12.9596, -8.2343,-11.4267],[-0.9172, 0.0789,-0.0831,-0.0562],0.4034
1514,[-0.9282, 0.137 ,-0.1851,-0.0597],[ 0.8404,17.1252,-0.4099, 0.3347,-0.86  ],[-0.9274, 0.1457,-0.1903,-0.0491],0.2785
1520,[-0.9187,-0.0633, 0.0454,-0.0692],[  0.4269,124.6038, -0.1769,  2.5634,  0.2282],[-0.9191,-0.0607, 0.0449,-0.0628],0.4266
1521,[-0.9188,-0.0729, 0.0786,-0.0612],[ 1.6941, 0.1033,32.9722,30.6755, 0.3695],[-0.919 ,-0.0736, 0.0767,-0.0558],0.4035
1522,[-0.9144,-0.0676,-0.0685,-0.0779],[-1.7388,-0.482 ,-1.7033,-0.8353,-1.3537],[-0.9145,-0.0462,-0.0836,-0.0723],0.4255
1523,[-0.9242,-0.1391, 0.1827,-0.0571],[ 3.6028,-1.0826, 1.598 ,28.4636,-0.4036],[-0.9235,-0.1461, 0.1864,-0.0432],0.2958
1525,[-0.9366,-0.1523, 0.2978,-0.0338],[-0.3583,-0.325 , 0.0312,-0.3551,-0.3799],[-0.9319,-0.1767, 0.3364,-0.018 ],0.1852
1532,[-0.9238, 0.1792,-0.1452,-0.0654],[-1.749 ,-1.9577,-2.4341,-1.4302,-2.7223],[-0.9248, 0.1734,-0.136 ,-0.0577],0.305
1534,[-0.9296, 0.198 ,-0.22  ,-0.0542],[ 2.023 , 2.224 ,-0.6695, 2.1266,-0.4943],[-0.9292, 0.2017,-0.2207,-0.0426],0.2364
1536,[-0.9355, 0.2447,-0.3089,-0.0565],[ 0.5236, 7.4253,-0.451 , 0.4888,-0.396 ],[-0.9335, 0.254 ,-0.3148,-0.0455],0.1535
1540,[-0.916 ,-0.1705, 0.0234,-0.1021],[-0.8367,-0.605 ,-1.1948,-1.0376,-0.7157],[-0.918 ,-0.1502, 0.0211,-0.0867],0.4031
1541,[-0.9383,-0.1859, 0.1374,-0.0768],[-0.5533,-1.1114,-0.733 ,-0.1862,-1.5036],[-0.9396,-0.1752, 0.1222,-0.0661],0.2555
1543,[-0.932 ,-0.2113, 0.2158,-0.065 ],[ 0.7782, 0.0402, 2.3717,14.1701, 0.4932],[-0.9322,-0.2117, 0.2108,-0.05  ],0.2258
1545,[-0.9381,-0.249 , 0.3014,-0.0639],[ 1.0607,-0.9113, 6.2831, 0.4505, 0.0433],[-0.9366,-0.2572, 0.3064,-0.051 ],0.1474
1554,[-0.9459, 0.3026,-0.2446,-0.0641],[ 0.0833,-0.4121,-0.1851, 0.6312,-0.1831],[-0.948 , 0.293 ,-0.233 ,-0.0489],0.1266
1556,[-0.9374, 0.3134,-0.3436,-0.0537],[ 0.7322, 2.4216,-0.1799, 3.2107,-0.475 ],[-0.9365, 0.3172,-0.3443,-0.0396],0.102
1558,[-0.9425, 0.3537,-0.4191,-0.0447],[ 0.488 , 6.6585,-0.5883, 1.9085,-0.5656],[-0.94  , 0.3598,-0.423 ,-0.0311],0.0394
1563,[-0.9389,-0.2898, 0.2634,-0.0634],[ 0.2091, 0.1196, 0.3633, 0.5924,-0.476 ],[-0.9399,-0.2864, 0.2592,-0.0504],0.1451
1565,[-0.9364,-0.3314, 0.339 ,-0.0638],[ 1.0466,-0.3837, 1.4935,14.1636,-0.5507],[-0.9363,-0.3328, 0.3377,-0.0481],0.099
1567,[-0.9335,-0.3651, 0.4176,-0.0657],[ 0.0349,-0.1616, 5.8382, 8.2559,-0.3803],[-0.9315,-0.3697, 0.4194,-0.0508],0.0581
1576,[-0.9254, 0.4012,-0.3889,-0.0111],[-0.1708,-0.0463,-0.4282, 0.2975,-0.6745],[-0.9261, 0.4001,-0.3824, 0.0046],0.0775
1578,[-0.931 , 0.398 ,-0.4191,-0.0556],[ 0.7052, 2.1007,-0.2747, 3.2522,-0.9089],[-0.9302, 0.3998,-0.4192,-0.0405],0.0497
1579,[-0.9534, 0.4115,-0.5013,-0.0134],[-0.0394,19.7042,-0.1124, 2.0048,-0.7079],[-9.4982e-01, 4.1488e-01,-4.9759e-01, 9.0226e-04],-0.0419
1585,[-0.9366,-0.3953, 0.3709,-0.0488],[-0.1693,-1.1268,-0.3063, 0.8178,-1.3906],[-0.9379,-0.3934, 0.3627,-0.0348],0.0571
1587,[-0.9272,-0.401 , 0.4306,-0.0569],[ 0.006 ,-0.4798, 4.9194, 4.3387,-1.2044],[-0.9262,-0.4028, 0.427 ,-0.0415],0.0529
1600,[-0.9175,-0.0078, 0.0032,-0.1692],[-34.6797,-34.1459,-35.2009,-34.4578,-36.0926],[-0.9183,-0.0071, 0.0025,-0.1616],0.447
1601,[-0.9168,-0.0372, 0.0724,-0.1768],[-12.4727,-13.5898,-11.4445,-10.7568,-12.7296],[-0.9173,-0.0435, 0.0767,-0.1744],0.4202
1602,[-0.9137, 0.0362,-0.0728,-0.1725],[-3.5754,-2.4666,-6.2083,-2.2502,-5.3643],[-0.9142, 0.0423,-0.0766,-0.1698],0.4269
1603,[-0.9307,-0.0388, 0.1782,-0.1899],[-0.4437,-0.7135, 0.0477,-0.2503,-0.2336],[-0.9295,-0.0659, 0.1954,-0.1948],0.3093
1604,[-0.9257, 0.0405,-0.1753,-0.1457],[-0.2541,-0.126 ,-0.764 ,-0.2842,-0.4537],[-0.9244, 0.0641,-0.1852,-0.1297],0.3285
1610,[-0.9177, 0.065 ,-0.0417,-0.1719],[-20.9552,-21.1951,-19.8637,-20.0602,-21.7928],[-0.9185, 0.0611,-0.0364,-0.1648],0.4313
1612,[-0.916 , 0.0761,-0.0869,-0.1746],[-22.5696,-20.6754,-24.0244,-20.2519,-23.4617],[-0.9166, 0.078 ,-0.0855,-0.1657],0.405
1614,[-0.9236, 0.1368,-0.1839,-0.1688],[ 0.25  , 3.0901,-0.4568, 1.8003,-0.7176],[-0.9233, 0.146 ,-0.1903,-0.1588],0.2953
1616,[-0.9427, 0.15  ,-0.2796,-0.1348],[-0.1646,-0.1626,-0.4718, 0.0071,-0.2334],[-0.9399, 0.1741,-0.2916,-0.1494],0.1794
1620,[-0.9155,-0.0653, 0.0437,-0.1609],[ 0.3562, 1.6506,-0.8702,70.3707,-0.8527],[-0.9163,-0.0618, 0.0395,-0.1504],0.4339
1621,[-0.9171,-0.0756, 0.078 ,-0.168 ],[ 0.4762, 0.6054, 5.0834,63.3341,-0.276 ],[-0.9178,-0.0762, 0.0761,-0.1567],0.4042
1622,[-0.9222,-0.0593,-0.0657,-0.1726],[-0.6991, 0.4855,-1.5231,-0.6506,-0.0796],[-0.9225,-0.0342,-0.0985,-0.1561],0.4034
1623,[-0.9282,-0.1414, 0.1867,-0.187 ],[ 1.1003,-1.5351, 3.5314, 1.8134,-0.6829],[-0.9279,-0.1507, 0.1934,-0.174 ],0.2764
1632,[-0.9317, 0.1844,-0.1448,-0.1744],[-0.5876,-1.3323,-1.3382,-1.0709,-1.4509],[-0.9332, 0.1768,-0.1328,-0.1652],0.2731
1634,[-0.9267, 0.2047,-0.2097,-0.1831],[ 1.0963, 0.4889,-1.1703, 3.1176,-0.6545],[-0.9272, 0.2069,-0.2085,-0.1696],0.2462
1636,[-0.9403, 0.2301,-0.3055,-0.1611],[ 0.2652, 2.2676,-0.6512, 1.5292,-0.3218],[-0.9382, 0.2445,-0.3187,-0.1467],0.1428
1640,[-0.948 ,-0.167 , 0.0536,-0.2305],[-0.3875, 0.1807,-0.5223, 0.1046, 0.2086],[-0.9504,-0.1417, 0.0398,-0.2152],0.2639
1641,[-0.9434,-0.1817, 0.1464,-0.184 ],[-1.8292,-2.4822,-1.4965,-1.3047,-2.4356],[-0.945 ,-0.1739, 0.1322,-0.1717],0.2317
1643,[-0.9395,-0.2122, 0.215 ,-0.1957],[ 0.2931, 0.4123,20.2453, 2.9155, 0.0706],[-0.9402,-0.2138, 0.2111,-0.1818],0.1971
1645,[-0.9349,-0.257 , 0.3044,-0.1919],[ 0.495 ,-0.2668,11.2083, 1.4471,-0.2987],[-0.9338,-0.2663, 0.3104,-0.1791],0.15
1654,[-0.9397, 0.2911,-0.2623,-0.1965],[ 0.1686, 0.2268,-0.378 , 0.5206, 0.018 ],[-0.9414, 0.289 ,-0.2546,-0.1851],0.1397
1656,[-0.9355, 0.3227,-0.3272,-0.1838],[ 0.4315, 1.3694, 0.0666, 4.2684,-0.5153],[-0.9358, 0.3262,-0.3288,-0.168 ],0.1081
1658,[-0.9238, 0.3875,-0.3901,-0.1701],[ 0.1446, 3.4519,-0.6309, 1.97  ,-0.7099],[-0.9239, 0.3903,-0.3929,-0.1536],0.0835
1663,[-0.9483,-0.2916, 0.2629,-0.1929],[ 0.0656,-0.0579, 1.9853, 2.139 ,-0.4992],[-0.9499,-0.2891, 0.2553,-0.1789],0.1134
1665,[-0.9386,-0.3184, 0.3384,-0.1898],[ 0.4425,-0.5452, 1.4144,17.6046,-0.6251],[-0.9384,-0.3234, 0.3395,-0.1736],0.0963
1667,[-0.9318,-0.3518, 0.4127,-0.1784],[ 2.6716, 0.182 ,17.3489, 1.8585,-0.5432],[-0.9296,-0.3595, 0.4168,-0.164 ],0.0683
1678,[-0.9239, 0.3916,-0.3942,-0.1454],[ 0.0197, 0.7676, 0.1168, 4.7861,-0.6178],[-0.924 , 0.394 ,-0.3967,-0.1291],0.0796
1685,[-0.938 ,-0.391 , 0.3654,-0.1498],[ 0.0657,-0.7159,-0.3468, 1.1276,-1.3636],[-0.9395,-0.3911, 0.3605,-0.1336],0.0539
1687,[-0.9266,-0.4026, 0.4551,-0.1716],[ 0.0218,-0.4565, 0.9682,10.2199,-1.7564],[-0.9247,-0.4073, 0.4554,-0.1566],0.0402
1689,[-0.9169,-0.4326, 0.5046,-0.1503],[ 1.595 , 0.2064,29.4468, 2.2037,-0.1335],[-0.9138,-0.436 , 0.5074,-0.1347],0.0214
1700,[-0.9236, 0.0044, 0.0031,-0.2886],[-22.1458,-22.5881,-22.2246,-21.3266,-23.3547],[-0.9249, 0.0027, 0.0051,-0.2815],0.4253
1701,[-0.9225,-0.0377, 0.0779,-0.2971],[-4.4443,-4.8823,-3.0381,-3.2239,-4.8571],[-0.9234,-0.0463, 0.0849,-0.2899],0.3956
1702,[-0.9161, 0.0406,-0.0734,-0.2722],[-4.1305,-3.8159,-5.0389,-3.829 ,-5.1113],[-0.9171, 0.0469,-0.0784,-0.2702],0.4211
1710,[-0.9213, 0.0674,-0.0399,-0.2846],[-7.4161,-7.2716,-7.2498,-6.5961,-7.8494],[-0.9227, 0.0625,-0.0333,-0.2773],0.4154
1711,[-0.9432, 0.0634, 0.059 ,-0.2914],[ 0.0335,-0.1687, 0.5928, 0.0865,-0.0881],[-0.9443, 0.0348, 0.0744,-0.2758],0.3192
1712,[-0.9191, 0.0845,-0.0919,-0.284 ],[-22.3626,-21.5749,-23.2411,-21.175 ,-22.871 ],[-0.9202, 0.0866,-0.0914,-0.2772],0.3865
1714,[-0.9221, 0.147 ,-0.1792,-0.2933],[-0.0893, 2.6954,-0.7332, 1.7042,-0.4928],[-0.9225, 0.1547,-0.1852,-0.2788],0.2976
1720,[-0.9233,-0.0666, 0.0436,-0.2804],[-1.7889,-1.3709,-1.8113,-0.8748,-2.129 ],[-0.9246,-0.0618, 0.0366,-0.2686],0.4027
1721,[-0.9281,-0.1012, 0.117 ,-0.3046],[-10.3891,-11.7656,-10.1159, -9.8415,-11.4909],[-0.9291,-0.1054, 0.118 ,-0.2915],0.3302
1723,[-0.9344,-0.1465, 0.1867,-0.3194],[ 0.7767,-0.1958,15.0473, 2.0431,-0.3147],[-0.9347,-0.157 , 0.1936,-0.3041],0.2503
1730,[-0.9244, 0.1691,-0.0528,-0.3657],[ 0.1368,-0.1423, 0.1344, 0.1877,-0.0284],[-0.9275, 0.1525,-0.0512,-0.3526],0.3462
1732,[-0.9416, 0.193 ,-0.1341,-0.3213],[-1.045 ,-1.0673, 0.0426,-0.8564,-2.0485],[-0.9442, 0.1822,-0.1212,-0.3097],0.236
1734,[-0.9316, 0.2221,-0.2124,-0.3161],[ 0.4362, 3.8372,-0.0464, 3.9331,-1.0834],[-0.933 , 0.2231,-0.209 ,-0.3013],0.2183
1736,[-0.9333, 0.2709,-0.284 ,-0.3091],[ 0.8529, 1.556 ,-0.0646, 0.9768,-0.6015],[-0.9337, 0.2774,-0.2893,-0.2937],0.1547
1741,[-0.9441,-0.1767, 0.1563,-0.2977],[-0.8626,-1.2407, 0.0701, 0.469 ,-1.7975],[-0.9457,-0.1749, 0.1513,-0.2823],0.2202
1743,[-0.9436,-0.2094, 0.2179,-0.3159],[ 0.7384,-0.0758, 2.1249,40.8069,-0.4153],[-0.9445,-0.2148, 0.2191,-0.2991],0.1783
1745,[-0.9404,-0.2516, 0.3025,-0.315 ],[ 0.5614, 0.0924,21.6092, 0.3938,-0.622 ],[-0.9396,-0.2644, 0.3119,-0.2988],0.1318
1754,[-0.9313, 0.2867,-0.2458,-0.3462],[ 0.4796, 0.1668, 0.1532, 0.4047,-0.5095],[-0.9338, 0.2849,-0.2407,-0.3345],0.173
1756,[-0.9273, 0.3146,-0.3148,-0.3052],[ 0.0601, 1.0538, 0.5809, 4.8624,-1.1629],[-0.928 , 0.3193,-0.3183,-0.2888],0.1402
1763,[-0.95  ,-0.2877, 0.2654,-0.2817],[ 1.4007,-0.2667, 2.0127, 0.8252,-0.5516],[-0.9518,-0.2882, 0.2605,-0.2673],0.106
1765,[-0.9443,-0.3016, 0.3216,-0.2966],[ 0.6097, 0.4883, 1.2982,19.501 ,-1.0248],[-0.9444,-0.3092, 0.3239,-0.2801],0.0916
1767,[-0.9342,-0.3381, 0.413 ,-0.2812],[ 0.36  ,-0.0783,21.1042, 0.9468,-0.6165],[-0.9316,-0.3492, 0.4207,-0.2657],0.0681
1787,[-0.9223,-0.4176, 0.4964,-0.3496],[-0.0902, 0.3609, 1.193 ,16.1396,-0.8405],[-0.919 ,-0.4252, 0.502 ,-0.3322],0.0272
1789,[-0.9157,-0.432 , 0.5076,-0.3149],[ 0.4702, 0.5828, 1.3044,35.8972, 0.464 ],[-0.9124,-0.4379, 0.5131,-0.2977],0.0163
1800,[-0.9351, 0.0161, 0.014 ,-0.4449],[-1.8311,-1.564 ,-1.3174,-0.2895,-3.6701],[-0.937 , 0.009 , 0.0214,-0.4293],0.3745
1801,[-0.9319,-0.0311, 0.0842,-0.4451],[-0.0836,-1.3152, 2.3446, 2.6634,-1.8377],[-0.9332,-0.0445, 0.0957,-0.4292],0.3518
1802,[-0.9263, 0.0389,-0.069 ,-0.4489],[-0.4091, 0.5954,-0.8965, 0.3123,-1.1526],[-0.928 , 0.0464,-0.0775,-0.4317],0.3782
1803,[-0.9439,-0.0295, 0.1686,-0.3961],[ 0.0076,-0.5449,-0.0126, 0.1967,-0.0173],[-0.9435,-0.0631, 0.1873,-0.3793],0.2606
1810,[-0.9333, 0.0724,-0.032 ,-0.4475],[-1.0857,-1.3293,-0.6351,-0.2624,-2.1435],[-0.9355, 0.0641,-0.0225,-0.4328],0.3629
1811,[-0.9415, 0.0654, 0.0666,-0.4674],[-0.1325,-0.1817, 0.2221, 0.2144,-0.0595],[-0.9434, 0.035 , 0.0821,-0.451 ],0.3192
1812,[-0.9301, 0.11  ,-0.0942,-0.4407],[-2.2138,-2.2178,-3.0601,-1.1483,-4.0761],[-0.9321, 0.1089,-0.0915,-0.4254],0.329
1814,[-0.919 , 0.1556,-0.1755,-0.4378],[ 0.654 , 3.3993,-0.1624, 1.0808,-0.2866],[-0.9202, 0.1622,-0.18  ,-0.4249],0.3082
1820,[-0.9296,-0.0687, 0.0409,-0.4216],[-0.6576, 0.3201,-0.9435, 1.171 ,-0.5953],[-0.9316,-0.0635, 0.0329,-0.4079],0.3767
1821,[-0.9355,-0.1005, 0.1309,-0.4431],[ 0.6009, 0.2498, 1.8959,25.7403,-0.2498],[-0.9367,-0.1102, 0.1385,-0.4258],0.2888
1823,[-0.9402,-0.1461, 0.1841,-0.4384],[ 0.6337, 0.0964, 1.6851,37.2003,-0.4327],[-0.9409,-0.159 , 0.1945,-0.4208],0.226
1832,[-0.9431, 0.1908,-0.1491,-0.4203],[ 0.6514, 0.7029,-0.2121, 0.1716,-1.9656],[-0.9457, 0.1852,-0.1392,-0.4042],0.2214
1834,[-0.934 , 0.22  ,-0.2055,-0.4405],[-0.0618, 6.5875,-0.4129, 8.3628,-0.9508],[-0.9359, 0.222 ,-0.204 ,-0.4237],0.2108
1836,[-0.9331, 0.2693,-0.2845,-0.3997],[ 0.3149, 1.8456, 0.2611, 0.1803,-0.6035],[-0.9337, 0.2774,-0.2902,-0.3825],0.154
1841,[-0.9411,-0.1804, 0.1591,-0.3964],[ 0.2703, 0.144 ,-0.0377, 0.7009,-0.5938],[-0.9432,-0.1795, 0.1547,-0.3791],0.2264
1843,[-0.9444,-0.1998, 0.2223,-0.426 ],[ 0.2348, 0.0834, 0.5675,51.376 ,-1.0166],[-0.9452,-0.2101, 0.2283,-0.4083],0.1736
1845,[-0.9443,-0.252 , 0.2903,-0.4049],[ 1.0218,-0.1883, 0.8563,16.2396,-0.5591],[-0.9442,-0.2656, 0.3012,-0.3873],0.1214
1854,[-0.9261, 0.2839,-0.2599,-0.4137],[ 0.4559, 0.0125,-0.3895, 2.2353,-0.7854],[-0.9283, 0.2855,-0.2561,-0.3963],0.1844
1856,[-0.9158, 0.3022,-0.302 ,-0.4353],[ 0.9215, 0.1123,-0.0578, 6.8048,-1.0804],[-0.9169, 0.308 ,-0.3078,-0.4202],0.1846
1863,[-0.9536,-0.281 , 0.2664,-0.4394],[ 0.6809, 0.1506,-0.0298, 0.5482,-0.594 ],[-0.9557,-0.2859, 0.2626,-0.4216],0.0939
1865,[-0.9453,-0.2897, 0.3106,-0.398 ],[-0.0815, 0.5997, 0.9515, 7.4668,-0.841 ],[-0.9457,-0.3002, 0.3167,-0.3805],0.0952
1867,[-0.9425,-0.3482, 0.4556,-0.4368],[ 0.5635, 0.0474,19.2694, 2.6559,-0.4391],[-0.9385,-0.3655, 0.4683,-0.4206],0.0198
1887,[-0.9291,-0.3991, 0.485 ,-0.3827],[ 0.6689,-0.0257, 1.5036, 6.3645,-0.7225],[-0.9257,-0.409 , 0.4908,-0.367 ],0.023
1900,[-0.9262, 0.0234, 0.0208,-0.6349],[-85.7197,-86.175 ,-86.2492,-85.3855,-87.7677],[-0.9289, 0.0139, 0.0306,-0.6175],0.4104
1901,[-0.9264,-0.0278, 0.0817,-0.6088],[ 8.9072e-01, 5.5847e-02, 5.9133e+01, 2.4334e-03,-1.2220e+00],[-0.9285,-0.0405, 0.0907,-0.5925],0.3761
1910,[-0.9231, 0.073 ,-0.0298,-0.6437],[-21.7726,-22.7376,-21.1509,-21.2539,-24.2856],[-0.9262, 0.0657,-0.0215,-0.6258],0.4056
1911,[-0.9414, 0.0657, 0.0596,-0.5139],[-0.3383,-0.7212, 0.0109,-0.6855,-0.8324],[-0.9435, 0.0368, 0.0742,-0.4974],0.3215
1912,[-0.9228, 0.1147,-0.0888,-0.612 ],[-129.5595,-130.3128,-130.2689,-129.4299,-130.6391],[-0.9257, 0.1126,-0.0846,-0.5946],0.357
1914,[-0.9202, 0.1553,-0.18  ,-0.5508],[-1.8656,-1.1228,-2.9689,-1.4891,-2.279 ],[-0.9216, 0.1643,-0.1897,-0.535 ],0.2973
1920,[-0.9246,-0.0637, 0.0457,-0.5534],[-13.0008,-12.9792,-12.6536,-12.2646,-13.3492],[-0.9272,-0.0616, 0.0433,-0.541 ],0.3946
1921,[-0.9334,-0.086 , 0.1226,-0.5639],[-7.3012,-8.2865,-7.2534,-7.2703,-9.9067],[-0.9351,-0.0977, 0.1326,-0.547 ],0.3034
1923,[-0.9395,-0.1431, 0.1812,-0.5316],[ 1.2131,-0.4885,66.5858, 0.535 ,-0.8107],[-0.9406,-0.1572, 0.1933,-0.5144],0.228
1932,[-0.9224, 0.1813,-0.1494,-0.6098],[ 0.7566, 0.5102,-1.627 ,13.5029,-1.9271],[-0.9255, 0.1805,-0.1454,-0.5913],0.297
1934,[-0.9238, 0.2103,-0.1917,-0.5743],[-1.9473, 2.2925,-2.6194,58.3167,-2.2916],[-0.9263, 0.2133,-0.1938,-0.5559],0.2548
1941,[-0.9156,-0.17  , 0.153 ,-0.5262],[-0.7716,-1.3887,-0.7452, 0.5078,-1.774 ],[-0.9181,-0.1701, 0.145 ,-0.5082],0.3317
1943,[-0.9383,-0.1871, 0.2146,-0.5279],[-0.2112, 1.2465,-0.2879,26.3733,-0.8973],[-0.9394,-0.1994, 0.2239,-0.5108],0.2003
2100,[-0.906 ,-0.0293, 0.0328, 0.3944],[-2.1902,-2.8061,-2.3658,-3.2807,-1.8283],[-0.9043,-0.029 , 0.0306, 0.3811],0.4014
2102,[-0.9049, 0.0542,-0.057 , 0.4025],[-0.7929,-0.2546,-1.5689,-1.3079,-0.1445],[-0.9032, 0.0535,-0.0559, 0.3896],0.3884
2110,[-0.9094, 0.0564,-0.0514, 0.434 ],[-0.472 ,-0.9491, 0.2919,-1.2067,-0.0184],[-0.9076, 0.0552,-0.0548, 0.4218],0.408
2200,[-0.8999,-0.0229, 0.0127, 0.2804],[-25.9935,-25.9809,-25.9895,-26.4555,-25.5969],[-0.8987,-0.0214, 0.0118, 0.274 ],0.3891
2201,[-0.8974,-0.0458, 0.0659, 0.2684],[-6.8999,-7.6289,-6.4471,-7.5148,-6.7748],[-0.8961,-0.0476, 0.0679, 0.2623],0.3559
2202,[-0.8964, 0.0298,-0.0674, 0.2803],[-6.1105,-5.6412,-7.1688,-6.3883,-5.749 ],[-0.895 , 0.0338,-0.0688, 0.2741],0.3562
2210,[-0.9046, 0.0687,-0.0303, 0.2629],[-2.8518,-3.4321,-2.1548,-3.9493,-2.6874],[-0.9036, 0.0629,-0.0267, 0.2615],0.4001
2212,[-0.9029, 0.1006,-0.0868, 0.2686],[-2.6322,-2.1365,-3.1603,-3.2752,-1.9066],[-0.902 , 0.097 ,-0.0774, 0.2628],0.353
2214,[-0.9057, 0.1506,-0.2019, 0.2763],[ 1.2234, 3.2464,-1.3974,-1.9475, 0.1654],[-0.9037, 0.1537,-0.1978, 0.2693],0.2769
2220,[-0.9042,-0.064 , 0.0381, 0.2741],[-4.3511,-4.2544,-5.1556,-4.9038,-3.5961],[-0.9032,-0.0599, 0.0346, 0.2727],0.395
2221,[-0.8988,-0.0816, 0.0871, 0.2709],[-7.7711,-9.2754,-8.2069,-9.0737,-7.7729],[-0.8976,-0.0809, 0.0833, 0.2672],0.3398
2223,[-0.9081,-0.1323, 0.1896, 0.3098],[-1.3114,-2.1135,-0.2127,-2.5556,-0.1498],[-0.9058,-0.1364, 0.1884, 0.3036],0.2977
2232,[-0.8977, 0.196 ,-0.1179, 0.3023],[-0.3882,-1.3781,-0.0212,-1.435 , 0.4854],[-0.898 , 0.1858,-0.1126, 0.2918],0.2792
2234,[-0.8975, 0.2455,-0.2042, 0.284 ],[ 0.0954, 1.928 ,-1.0867,-0.4626, 0.2071],[-0.8978, 0.238 ,-0.1871, 0.2874],0.221
2241,[-0.901 ,-0.2011, 0.1283, 0.2606],[-0.7325, 0.0505,-1.0879,-1.041 ,-0.2135],[-0.9016,-0.1889, 0.1006, 0.247 ],0.2977
2243,[-0.9011,-0.2147, 0.2193, 0.295 ],[ 0.1468,-1.1412, 2.5318,-0.9671, 2.5486],[-0.9002,-0.2117, 0.2063, 0.2841],0.2333
2245,[-0.903 ,-0.2629, 0.302 , 0.2861],[ 0.2922,-1.0709, 3.1357, 0.149 , 0.1621],[-0.9011,-0.2622, 0.2927, 0.2961],0.1722
2254,[-0.892 , 0.2902,-0.2478, 0.2815],[2.1016,1.4192,1.5746,0.1361,3.9933],[-0.8928, 0.2827,-0.2261, 0.288 ],0.1658
2256,[-0.9033, 0.3398,-0.3162, 0.2653],[ 1.2829, 5.1045,-0.6074, 0.9119, 6.4181],[-0.9039, 0.3339,-0.2976, 0.269 ],0.1453
2263,[-0.8976,-0.2895, 0.239 , 0.2695],[1.5006,2.5755,1.5757,0.8899,7.0654],[-0.8986,-0.281 , 0.2187, 0.27  ],0.1899
2265,[-0.8914,-0.2933, 0.2836, 0.261 ],[ 1.1974,-0.4004, 4.9495, 0.2008, 3.1744],[-0.8912,-0.289 , 0.2697, 0.2698],0.1383
2276,[-0.9088, 0.3926,-0.3746, 0.2632],[ 1.0867, 2.7896,-0.2408, 2.3225, 1.5204],[-0.9095, 0.387 ,-0.3568, 0.2717],0.1095
2278,[-0.9085, 0.3973,-0.3906, 0.2542],[ 1.3508,16.2609,-0.4267, 0.6071, 0.9288],[-0.9088, 0.3926,-0.3746, 0.2632],0.0961
2300,[-0.9065,-0.0337, 0.0302, 0.1559],[-84.7516,-84.2439,-84.6185,-85.3454,-83.1891],[-0.9059,-0.033 , 0.0294, 0.1487],0.4137
2301,[-0.908 ,-0.0468, 0.0705, 0.1498],[-31.1985,-31.9278,-29.7338,-31.5488,-29.8175],[-0.9072,-0.0495, 0.0712, 0.1479],0.4011
2302,[-0.9044, 0.0427,-0.0692, 0.1539],[-21.7229,-21.2608,-22.9242,-22.3757,-21.2231],[-0.9036, 0.0457,-0.07  , 0.1516],0.3879
2304,[-0.8977, 0.0459,-0.1742, 0.1924],[-2.3968,-1.9028,-2.9185,-2.2656,-1.9203],[-0.8952, 0.0588,-0.1722, 0.2061],0.2991
2310,[-0.9056, 0.0669,-0.038 , 0.1491],[-10.8205,-12.0228,-10.6566,-12.037 ,-10.1485],[-0.9052, 0.0621,-0.0306, 0.1453],0.4041
2312,[-0.9051, 0.0758,-0.0849, 0.1475],[-7.4626,-7.8478,-9.2147,-9.4018,-5.805 ],[-0.9044, 0.0759,-0.0807, 0.1446],0.3722
2314,[-0.8972, 0.1331,-0.1834, 0.1598],[-0.6091, 0.1739,-1.9935,-1.6762,-0.3661],[-0.8957, 0.1372,-0.1823, 0.157 ],0.2609
2320,[-0.906 ,-0.0654, 0.0409, 0.177 ],[-18.3992,-16.93  ,-18.1339,-18.3134,-17.3615],[-0.9054,-0.0614, 0.0362, 0.1712],0.4039
2321,[-0.9057,-0.0758, 0.0943, 0.1667],[-44.7898,-46.5663,-43.7137,-45.4523,-43.424 ],[-0.9048,-0.0773, 0.0925, 0.1609],0.3676
2323,[-0.902 ,-0.1451, 0.1863, 0.1634],[-2.0572,-4.1042, 0.1873,-2.6968,-0.7939],[-0.9007,-0.1482, 0.1843, 0.1593],0.2746
2332,[-0.8967, 0.1956,-0.1382, 0.1693],[-1.167 ,-2.1498,-0.5854,-1.6217,-0.9067],[-0.8974, 0.1873,-0.1244, 0.1626],0.2722
2334,[-0.8984, 0.207 ,-0.2106, 0.1667],[ 1.5479, 4.2258,-0.4886, 0.1295, 7.6521],[-0.8979, 0.2048,-0.1985, 0.1595],0.2326
2336,[-0.9049, 0.2538,-0.2974, 0.2146],[ 0.188 , 8.153 ,-1.2347, 0.1525, 0.2682],[-0.9031, 0.2547,-0.2906, 0.2246],0.1834
2340,[-0.9003,-0.1755, 0.0482, 0.2476],[-2.8802,-2.5364,-3.4266,-3.0135,-2.6966],[-0.9009,-0.1607, 0.0523, 0.234 ],0.3304
2341,[-0.9002,-0.1905, 0.1419, 0.1572],[-0.178 , 0.0327,-1.0922,-1.1778, 1.5439],[-0.9007,-0.1831, 0.1291, 0.1477],0.2842
2343,[-0.8977,-0.2067, 0.2121, 0.1521],[ 3.0977,-0.9152, 4.726 ,-0.1497,12.431 ],[-0.8972,-0.2052, 0.2031, 0.1452],0.2271
2345,[-0.892 ,-0.2499, 0.2948, 0.1714],[ 2.5276,-1.5653, 2.2123,-0.0704, 0.9727],[-0.8902,-0.2513, 0.2906, 0.1829],0.1425
2354,[-0.8979, 0.2945,-0.2389, 0.1764],[0.8599,1.7433,0.2743,0.9556,3.089 ],[-0.8993, 0.2868,-0.2212, 0.1756],0.1891
2356,[-0.8965, 0.3206,-0.3288, 0.179 ],[ 1.7941,10.6294,-0.1811, 0.0283, 0.7528],[-0.8961, 0.3181,-0.3163, 0.1903],0.1211
2361,[-0.904 ,-0.3044, 0.1579, 0.171 ],[-1.6412,-0.3608,-2.1985,-1.4908,-1.4916],[-0.9073,-0.2877, 0.1487, 0.1565],0.2507
2363,[-0.8983,-0.3215, 0.2388, 0.1891],[ 1.7976, 0.9622, 1.1495, 0.7358,20.7581],[-0.9007,-0.3111, 0.2169, 0.1839],0.1841
2365,[-0.8985,-0.3372, 0.3286, 0.1759],[ 0.0213,-0.7064,10.5569, 0.4151, 0.674 ],[-0.8987,-0.3338, 0.3149, 0.1862],0.1218
2378,[-0.9101, 0.3998,-0.4147, 0.1995],[19.4523, 2.6384,-0.6851, 0.9585, 0.3988],[-0.9096, 0.3969,-0.4018, 0.2109],0.083
2385,[-0.8909,-0.3925, 0.3521, 0.1365],[1.0825,0.2484,0.9719,9.7003,1.1295],[-0.8925,-0.3882, 0.3414, 0.1511],0.0669
2387,[-0.9019,-0.3914, 0.4003, 0.1459],[ 1.7303e+00,-6.1390e-01, 1.3634e+01, 2.8202e+00, 3.4510e-03],[-0.9017,-0.3893, 0.389 , 0.1582],0.0702
2400,[-0.9076,-0.0294, 0.0247, 0.0607],[  3.8401, 12.9421,  4.3015, -0.36  ,314.6975],[-0.9074,-0.0286, 0.0235, 0.0471],0.4236
2401,[-0.9083,-0.0439, 0.0688, 0.0619],[ -0.5848, -0.739 ,100.6295, -0.3865,  0.5495],[-0.9079,-0.047 , 0.0693, 0.0522],0.4065
2402,[-0.9068, 0.0381,-0.0713, 0.06  ],[-12.9007,-11.7409,-14.1854,-13.7375,-11.5238],[-0.9064, 0.0424,-0.0734, 0.0554],0.4
2403,[-0.8981,-0.0514, 0.1673, 0.1233],[-2.006 ,-2.7122,-1.9481,-1.9091,-1.6389],[-0.8961,-0.064 , 0.1698, 0.1091],0.3012
2404,[-0.897 , 0.0483,-0.1725, 0.0577],[-3.0161,-1.9538,-3.3955,-2.7699,-2.537 ],[-0.8952, 0.0618,-0.1719, 0.0444],0.2977
2410,[-0.9051, 0.0669,-0.0377, 0.0655],[-13.9867,-14.5847,-12.9475,-14.3492,-13.1141],[-0.9051, 0.0623,-0.0309, 0.0586],0.4035
2411,[-0.9024, 0.0631, 0.0584, 0.0482],[-3.868 ,-3.8817,-3.5212,-3.9542,-3.2159],[-0.902 , 0.0449, 0.0842, 0.0413],0.3753
2412,[-0.9061, 0.0804,-0.0918, 0.0644],[ 0.8068,30.493 , 0.7667, 0.5246, 5.2399],[-0.9058, 0.0811,-0.0879, 0.0621],0.3722
2414,[-0.9024, 0.1434,-0.1852, 0.0408],[-0.4789, 2.0248,-3.5109,-1.8011, 0.065 ],[-0.9015, 0.1477,-0.186 , 0.0421],0.2772
2420,[-0.9043,-0.0667, 0.0407, 0.0565],[-4.6199,-5.5502,-6.5244,-6.7342,-4.7352],[-0.9043,-0.0628, 0.0359, 0.0449],0.3983
2421,[-0.9044,-0.0796, 0.0961, 0.0596],[ 0.6864, 0.4243, 5.9613, 0.094 ,82.9997],[-0.9041,-0.0812, 0.0944, 0.0461],0.3616
2423,[-0.9012,-0.142 , 0.1842, 0.0519],[-0.7564,-4.3833, 0.5394,-2.4297,-1.2963],[-0.9002,-0.1463, 0.1847, 0.0501],0.2736
2430,[-0.8968, 0.1796,-0.0469, 0.0537],[-2.0677,-2.9184,-1.7077,-2.6654,-2.2154],[-0.8984, 0.1648,-0.0493, 0.0383],0.3201
2432,[-0.8968, 0.1872,-0.1319, 0.0604],[-0.4395,-1.6413,-1.07  ,-1.8546, 2.0333],[-0.8978, 0.1793,-0.1168, 0.053 ],0.2804
2434,[-0.895 , 0.1967,-0.2158, 0.0561],[ 1.1172, 8.4031,-0.7829, 0.1237, 2.0395],[-0.8945, 0.1974,-0.2094, 0.0586],0.2182
2436,[-0.8843, 0.2301,-0.2899, 0.0526],[ 3.8343, 5.472 ,-1.2668,-0.0251, 0.2203],[-0.8824, 0.234 ,-0.2886, 0.06  ],0.1269
2440,[-0.8923,-0.1809, 0.0404, 0.0835],[-3.0591,-2.6121,-3.7884,-3.3651,-3.1941],[-0.8939,-0.1641, 0.0282, 0.0685],0.3119
2441,[-0.8988,-0.1835, 0.1381, 0.0712],[ 0.4945,-0.1788,-0.1435, 0.9335,12.1619],[-0.8997,-0.1763, 0.1214, 0.0617],0.2872
2443,[-0.8981,-0.1946, 0.2096, 0.0637],[ 0.5556,-0.5218,44.6725, 1.5521, 0.9259],[-0.8976,-0.1949, 0.2027, 0.0674],0.2334
2445,[-0.8937,-0.2393, 0.2951, 0.0645],[ 0.8452,-1.6767, 4.2406, 2.4146, 1.4197],[-0.8919,-0.243 , 0.2942, 0.0749],0.1509
2454,[-0.9072, 0.2793,-0.2071, 0.1209],[1.5817,1.3702,1.1066,1.2452,1.4852],[-0.9085, 0.2722,-0.2152, 0.1082],0.2302
2456,[-0.9012, 0.3195,-0.3556, 0.0791],[ 0.2539, 7.9823,-0.3986,-0.0612, 0.7617],[-0.8999, 0.3202,-0.3491, 0.092 ],0.1163
2458,[-0.8958, 0.3306,-0.3906, 0.0527],[-0.1845, 1.8652,-1.7552, 2.2089,-0.0293],[-0.8935, 0.3329,-0.3887, 0.0658],0.0729
2463,[-0.904 ,-0.3195, 0.2375, 0.059 ],[ 1.5145, 1.1741, 1.0378,10.2089, 0.7829],[-0.9067,-0.3101, 0.22  , 0.068 ],0.2036
2465,[-0.9027,-0.3507, 0.3333, 0.0529],[ 0.303 ,-0.3866, 3.1894, 6.3119, 0.3216],[-0.9035,-0.3479, 0.3209, 0.0666],0.1276
2467,[-0.8959,-0.3662, 0.4254, 0.0455],[ 1.3938,-0.858 , 4.3399, 0.329 , 0.3068],[-0.8936,-0.3678, 0.4223, 0.0524],0.0426
2485,[-0.8998,-0.4095, 0.3565, 0.0514],[0.941 ,0.6062,1.465 ,7.7871,0.3428],[-0.9022,-0.4051, 0.3408, 0.0644],0.0874
2487,[-0.895 ,-0.4061, 0.4256, 0.0537],[ 0.9811,-0.5869,13.9248, 2.541 , 0.4086],[-0.8944,-0.4056, 0.4166, 0.0651],0.0311
2500,[-0.9075,-0.0244, 0.0118,-0.0527],[  2.7869,  3.4719,  4.1019,  1.1934,385.3074],[-0.9078,-0.0222, 0.0077,-0.0683],0.4289
2501,[-0.9071,-0.0422, 0.0676,-0.051 ],[ 3.4991e-01,-1.0777e+00, 1.3785e+02,-8.0761e-01,-1.0830e-01],[-0.9072,-0.0456, 0.068 ,-0.0637],0.4048
2502,[-0.9067, 0.0255,-0.0681,-0.0765],[-1.8825,48.9299,-2.165 ,-1.4101,-1.1916],[-0.9069, 0.0315,-0.0697,-0.0899],0.4092
2510,[-0.9046, 0.064 ,-0.0461,-0.0665],[ 3.9183, 0.8552,36.38  ,-0.5929,-0.1694],[-0.905 , 0.0618,-0.0459,-0.0719],0.3978
2511,[-0.8993, 0.0589, 0.0588,-0.0224],[-2.1121,-2.4935,-2.1285,-2.1918,-1.9469],[-0.8995, 0.0448, 0.0576,-0.0365],0.3757
2512,[-0.9051, 0.0762,-0.0872,-0.0634],[ 0.7521,98.9471, 0.2694, 1.2489, 0.4297],[-0.9053, 0.0775,-0.0848,-0.0705],0.3735
2514,[-0.9021, 0.1378,-0.189 ,-0.0519],[ 0.8826, 0.8946,-3.5004,-1.9926,-1.6018],[-0.9013, 0.1441,-0.1918,-0.048 ],0.2757
2520,[-0.9049,-0.0688, 0.0445,-0.0752],[ 7.3999e-01, 1.4857e+02,-2.1637e-03, 1.6005e+00, 1.0847e+00],[-0.9055,-0.0658, 0.0441,-0.0851],0.3988
2521,[-0.9056,-0.0835, 0.0944,-0.0646],[4.8975e-01,4.4158e-01,4.9769e+02,2.5609e+00,1.8961e-01],[-0.9058,-0.0848, 0.0915,-0.0746],0.3688
2522,[-0.8965,-0.0841,-0.0812,-0.0187],[-1.9182,-1.747 ,-2.4217,-2.6563,-2.035 ],[-0.8966,-0.0642,-0.0843,-0.0324],0.3421
2523,[-0.8976,-0.1415, 0.1843,-0.0599],[ 0.0639,-2.6559,12.9428, 0.608 , 0.2567],[-0.897 ,-0.1467, 0.1862,-0.0641],0.2603
2530,[-0.8868, 0.1854,-0.0418,-0.0606],[-1.4951,-1.3951, 0.0544,-0.9543,-1.4172],[-0.8892, 0.169 ,-0.0265,-0.0758],0.2909
2532,[-0.8965, 0.1827,-0.1402,-0.0653],[-0.1111, 0.6646,-1.1617,-0.2883, 0.6303],[-0.8978, 0.177 ,-0.1267,-0.0678],0.2772
2534,[-0.8985, 0.1975,-0.2134,-0.0572],[ 2.2112,22.0736, 0.0302, 0.286 ,-0.1626],[-0.8985, 0.1989,-0.2079,-0.0558],0.2322
2536,[-0.8931, 0.2435,-0.2977,-0.0621],[-0.1166, 6.2606,-1.5201, 2.3873,-0.6314],[-0.8917, 0.2483,-0.2973,-0.0525],0.1466
2541,[-0.8969,-0.1753, 0.138 ,-0.0595],[ 0.5129,-0.4334, 1.3512, 0.3056, 1.9976],[-0.898 ,-0.1701, 0.1248,-0.0676],0.282
2543,[-0.8985,-0.1898, 0.2172,-0.067 ],[16.6726,-0.449 , 7.3001, 2.1434,-0.2089],[-0.8981,-0.1928, 0.2154,-0.0659],0.2301
2545,[-0.89  ,-0.2432, 0.3025,-0.0655],[-0.8421,-0.6338, 7.1076, 0.7384,-1.0205],[-0.8884,-0.2484, 0.3035,-0.0627],0.1332
2556,[-0.8995, 0.2957,-0.3675,-0.0136],[ 0.2176, 4.4177,-0.5592, 1.9177,-0.2749],[-8.9689e-01, 3.0048e-01,-3.6945e-01, 4.1380e-04],0.1065
2561,[-0.9078,-0.2868, 0.1442,-0.0407],[-0.5194, 0.8485,-1.459 ,-0.6751,-0.3856],[-0.9119,-0.2668, 0.1055,-0.0249],0.2992
2563,[-0.9   ,-0.313 , 0.2517,-0.0371],[0.618 ,0.3729,0.4185,2.593 ,0.0122],[-0.9025,-0.3063, 0.2327,-0.0254],0.1848
2565,[-0.9041,-0.3367, 0.3457,-0.0542],[ 0.7994,-0.3523, 8.5343, 0.708 , 0.8691],[-0.9041,-0.3372, 0.3374,-0.0416],0.1261
2567,[-0.9026,-0.3749, 0.4125,-0.0702],[ 0.0536,-1.3611, 1.3177, 1.4606,-0.7072],[-0.9013,-0.3773, 0.4105,-0.0566],0.065
2585,[-0.9025,-0.405 , 0.3748,-0.0244],[ 0.3804, 0.1791, 0.9727, 2.3632,-0.2765],[-0.904 ,-0.4034, 0.3681,-0.0154],0.08
2587,[-0.8988,-0.4175, 0.4385,-0.0536],[-0.1537,-0.4783, 8.4886, 1.4879,-0.9407],[-0.8983,-0.4184, 0.4316,-0.0409],0.028
2589,[-0.9009,-0.4481, 0.5082,-0.0919],[11.7206,-0.8587, 1.605 , 1.1628,-0.9105],[-0.8984,-0.4498, 0.5058,-0.0789],-0.0202
2600,[-0.906 ,-0.0134, 0.0057,-0.1694],[110.2066,  3.2634,  3.2082,  5.235 ,  1.172 ],[-0.9068,-0.0121, 0.0035,-0.1804],0.4263
2601,[-0.9059,-0.0401, 0.0694,-0.1655],[ 0.0727,-2.3726,27.0516,-1.4462,-2.0573],[-0.9064,-0.0446, 0.0712,-0.1749],0.4005
2602,[-0.9079, 0.0357,-0.0703,-0.1623],[-1.0464e-02, 5.8113e+01,-1.1874e+00, 1.6033e+00,-2.1713e-01],[-0.9084, 0.0411,-0.0729,-0.1744],0.4102
2610,[-0.9044, 0.065 ,-0.0476,-0.1817],[ 0.6424, 0.6915,67.3066, 0.5056, 0.3212],[-0.9053, 0.0632,-0.0476,-0.1813],0.3977
2611,[-0.9043, 0.0679, 0.0697,-0.2183],[-0.5509,-0.6088,-0.3325,-0.784 ,-0.9061],[-0.9052, 0.0498, 0.0711,-0.2023],0.3919
2612,[-0.9059, 0.0766,-0.088 ,-0.1763],[  1.2754,134.2932,  0.4341,  2.8377,  0.4407],[-0.9066, 0.0784,-0.0862,-0.182 ],0.378
2614,[-0.9002, 0.1414,-0.1877,-0.1726],[ 1.8701, 7.834 ,-1.1798, 0.2874,-0.4448],[-0.8999, 0.1479,-0.19  ,-0.1786],0.2695
2620,[-0.9069,-0.0671, 0.0461,-0.1645],[  0.348 ,182.9717,  0.2076,  0.824 ,  1.0004],[-0.9078,-0.0648, 0.0464,-0.1716],0.4086
2621,[-0.9064,-0.0817, 0.0832,-0.1642],[  2.5091,  1.0197,187.6132,  2.2341,  1.0488],[-0.9071,-0.0819, 0.0793,-0.1705],0.3819
2623,[-0.8993,-0.151 , 0.1822,-0.1532],[ 0.3677,-1.162 , 7.5502,-0.5   , 0.107 ],[-0.8993,-0.1555, 0.1828,-0.1585],0.2665
2632,[-0.8986, 0.1759,-0.1566,-0.1619],[ 0.783 , 0.5064,-0.0232, 0.9617,-0.0373],[-0.8997, 0.1738,-0.1478,-0.155 ],0.2763
2634,[-0.9013, 0.1915,-0.2156,-0.1751],[0.3081,2.352 ,0.0374,9.694 ,0.1739],[-0.9014, 0.195 ,-0.2139,-0.1645],0.2418
2636,[-0.8925, 0.2214,-0.2882,-0.1495],[-0.1103, 1.6053,-1.0088, 1.7713,-0.8059],[-0.8907, 0.2286,-0.2946,-0.1333],0.1526
2641,[-0.8987,-0.181 , 0.1389,-0.185 ],[ 0.0155,-0.3465, 0.6622, 9.609 , 0.0972],[-0.9004,-0.1755, 0.1236,-0.1754],0.2892
2643,[-0.8936,-0.1916, 0.201 ,-0.1734],[ 1.1829, 0.3052,34.7037, 1.2129, 0.2109],[-0.8942,-0.1932, 0.196 ,-0.179 ],0.2245
2645,[-0.9022,-0.2523, 0.3094,-0.1764],[ 0.4206,-1.2671, 3.1984, 0.6015,-0.0099],[-0.9008,-0.2592, 0.3133,-0.17  ],0.1636
2663,[-0.9069,-0.2957, 0.2696,-0.2105],[0.7192,0.6369,0.5366,1.3444,0.1244],[-0.9085,-0.2951, 0.2648,-0.2082],0.1953
2665,[-0.9005,-0.3165, 0.3562,-0.1784],[ 1.29  ,-0.4912, 4.5596, 0.8868,-0.1709],[-0.8995,-0.3211, 0.356 ,-0.1698],0.1108
2667,[-0.9074,-0.3708, 0.4248,-0.154 ],[ 1.3154,-0.8688, 1.4228, 0.3082,-0.8059],[-0.9055,-0.3752, 0.4258,-0.1412],0.0702
2687,[-0.9044,-0.4023, 0.4458,-0.1505],[-0.1945,-1.0937, 3.6382, 2.9175,-0.5807],[-0.9028,-0.4056, 0.4451,-0.1379],0.0393
2689,[-0.8931,-0.4626, 0.5201,-0.1904],[ 0.6518,-0.9699, 1.2069,15.8358,-0.493 ],[-0.8908,-0.4651, 0.5173,-0.1738],-0.0503
2700,[-0.8999, 0.0186,-0.0094,-0.299 ],[ 2.3628,13.611 , 4.2876, 3.4583, 1.4361],[-0.9012, 0.0172,-0.0057,-0.2939],0.404
2701,[-0.9015,-0.0363, 0.077 ,-0.3159],[-2.5314,-3.5371,-0.0314,-0.5561,-3.1448],[-0.9025,-0.0428, 0.0815,-0.3066],0.3794
2702,[-0.9045, 0.038 ,-0.07  ,-0.2695],[-0.6701, 0.0381,-1.9859, 1.0744,-1.3387],[-0.9055, 0.0432,-0.0728,-0.2695],0.3962
2710,[-0.8979, 0.0645,-0.0485,-0.3   ],[ 0.1892, 0.461 , 2.7787, 3.435 ,-0.0964],[-0.8993, 0.0629,-0.0468,-0.2884],0.3723
2712,[-0.9001, 0.0815,-0.0825,-0.3074],[ 0.6943,19.7818, 0.1694, 6.591 , 1.557 ],[-0.9014, 0.0823,-0.0808,-0.2974],0.3562
2714,[-0.9051, 0.1462,-0.176 ,-0.3163],[ 0.4062, 0.9689,-1.2629, 1.8169,-0.0518],[-0.9057, 0.152 ,-0.1796,-0.3036],0.2941
2720,[-0.9028,-0.0633, 0.0449,-0.2819],[ 0.6894, 1.6818,-0.2532, 2.8478,-0.8693],[-0.9042,-0.0612, 0.0425,-0.2766],0.3962
2721,[-0.9046,-0.0765, 0.1011,-0.2899],[ 0.8957,-0.0117, 4.4166, 5.7922, 0.5544],[-0.9054,-0.0809, 0.1029,-0.2798],0.364
2723,[-0.908 ,-0.1396, 0.1778,-0.3153],[-0.7062,-1.0822, 0.4018, 0.0322,-0.9877],[-0.9084,-0.1467, 0.1817,-0.3109],0.3065
2732,[-0.9037, 0.1856,-0.1474,-0.3218],[0.4353,1.0654,0.9882,0.8501,0.5128],[-0.9059, 0.1819,-0.1369,-0.3154],0.3015
2734,[-0.9047, 0.2094,-0.2277,-0.2983],[ 0.5671, 4.4915,-0.0673, 1.86  , 0.7724],[-0.9053, 0.214 ,-0.2287,-0.2842],0.2402
2741,[-0.9004,-0.2017, 0.1334,-0.2746],[0.4447,0.8101,0.1923,0.8276,0.3992],[-0.9031,-0.1944, 0.1218,-0.2707],0.2917
2743,[-0.9029,-0.2027, 0.2142,-0.2843],[ 1.1114, 0.1532, 2.9044, 3.497 ,-0.1142],[-0.9037,-0.206 , 0.2112,-0.2732],0.2462
2745,[-0.9081,-0.2443, 0.3238,-0.2649],[-0.4273,-1.4617, 0.0258, 1.0285,-0.9842],[-0.9061,-0.2546, 0.3311,-0.2496],0.1746
2763,[-0.9009,-0.3019, 0.2613,-0.2591],[0.2887,0.7455,0.1013,1.107 ,0.0377],[-0.903 ,-0.3009, 0.2607,-0.2433],0.1754
2765,[-0.8911,-0.3064, 0.3223,-0.2738],[ 0.3261,-0.1753, 1.8091, 1.9995,-0.2401],[-0.8914,-0.3095, 0.3168,-0.2722],0.1098
2789,[-0.9075,-0.4455, 0.5195,-0.2723],[ 1.8877,-0.4307,10.8822, 4.2832,-0.8597],[-0.9043,-0.4499, 0.5223,-0.2561],-0.0142
2800,[-0.891 , 0.0343, 0.005 ,-0.4402],[ 2.0097, 1.1455, 2.2658,15.5978, 0.7327],[-0.8929, 0.029 , 0.0101,-0.4232],0.3642
2801,[-0.9005,-0.017 , 0.0737,-0.4293],[ 0.591 , 0.3446,14.8691, 0.435 , 0.6549],[-0.902 ,-0.0256, 0.0775,-0.4142],0.3865
2802,[-0.8897, 0.0343,-0.0696,-0.4095],[-0.2069, 1.4337,-0.3004,-0.2334,-0.7575],[-0.8912, 0.0396,-0.0717,-0.399 ],0.3381
2810,[-0.8839, 0.0646,-0.0431,-0.4464],[ 1.1613, 0.5603,14.1792, 1.5396, 1.3022],[-0.886 , 0.0629,-0.0428,-0.4316],0.3176
2812,[-0.8898, 0.0776,-0.0777,-0.4354],[ 3.9882, 9.5001, 1.3143,11.6216, 1.0513],[-0.8915, 0.079 ,-0.0796,-0.4184],0.3169
2814,[-0.9078, 0.1448,-0.1867,-0.4366],[ 0.3553, 1.4883,-0.6709, 0.7144,-0.6472],[-0.9085, 0.1538,-0.1943,-0.4321],0.2972
2820,[-0.8953,-0.0697, 0.0471,-0.4294],[1.261 ,7.441 ,0.338 ,1.4743,0.4543],[-0.8973,-0.0676, 0.046 ,-0.4172],0.3622
2821,[-0.8995,-0.0806, 0.0956,-0.4305],[ 1.4979, 0.8969,25.4336, 2.9232, 0.8328],[-0.9011,-0.0842, 0.0971,-0.4186],0.347
2823,[-0.9042,-0.1434, 0.186 ,-0.487 ],[-0.2238,-0.4169, 0.6933, 1.4303, 0.3386],[-0.9051,-0.1524, 0.1922,-0.4877],0.2869
2832,[-0.8835, 0.1908,-0.1303,-0.4044],[0.6286,1.7564,1.4236,1.0822,0.1109],[-0.8865, 0.185 ,-0.1156,-0.3885],0.2369
2834,[-0.9009, 0.2269,-0.2219,-0.4454],[2.2786,3.7242,0.0513,3.0819,0.1974],[-0.9027, 0.2299,-0.221 ,-0.4304],0.2267
2836,[-0.91  , 0.277 ,-0.2796,-0.4644],[ 0.2468, 0.5461,-0.8728,-0.1624,-0.2253],[-0.9112, 0.2831,-0.2858,-0.4823],0.2002
2841,[-0.9038,-0.1749, 0.1584,-0.461 ],[ 0.8111, 0.5573, 0.5931, 1.2329,-0.2821],[-0.9058,-0.1764, 0.1628,-0.447 ],0.2909
2843,[-0.8977,-0.1825, 0.1976,-0.4469],[0.5145,0.0986,3.8451,0.94  ,0.6065],[-0.899 ,-0.1869, 0.1958,-0.4318],0.2455
2856,[-0.9088, 0.2863,-0.2828,-0.4092],[ 0.198 , 3.0073,-0.0273, 1.7814,-0.1809],[-0.9102, 0.2901,-0.2807,-0.3934],0.1959
2900,[-0.8961, 0.0304, 0.0141,-0.7129],[ 1.4042, 0.3475, 0.5236,68.0059,-0.1937],[-0.8992, 0.0232, 0.0241,-0.6938],0.3944
2901,[-0.9025,-0.0097, 0.0722,-0.6393],[-2.9385e-01,-4.2350e-01, 1.1095e+02, 3.3231e-01,-2.2992e-02],[-0.9049,-0.02  , 0.0768,-0.6221],0.402
2902,[-0.8767, 0.0466,-0.0679,-0.8653],[-5.9752,-5.18  ,-7.4191,-5.388 ,-6.4855],[-0.8802, 0.051 ,-0.0705,-0.8464],0.2879
2910,[-0.8883, 0.0728,-0.0336,-0.7136],[  1.3629, -0.3773,  5.5261,176.4571, -0.5185],[-0.8916, 0.068 ,-0.0249,-0.6953],0.3464
2912,[-0.882 , 0.0913,-0.0846,-0.7828],[  1.1604,  6.056 , -2.4237,324.4691, -1.9476],[-0.8854, 0.0924,-0.0817,-0.7643],0.2862
2914,[-0.8869, 0.1504,-0.1785,-0.7873],[ 2.6846, 1.5878,-0.4313,45.2375,-0.3021],[-0.8892, 0.1582,-0.1834,-0.7679],0.2274
2920,[-0.8832,-0.0679, 0.0465,-0.6627],[-3.9976,-4.4595,-4.3476,-4.0422,-4.8551],[-0.8862,-0.0666, 0.046 ,-0.6479],0.3162
2921,[-0.8897,-0.0822, 0.0915,-0.6625],[ 5.5276,-1.0117, 2.943 ,14.3487,-0.8369],[-0.8923,-0.0857, 0.0944,-0.6446],0.3112
2923,[-0.8994,-0.1454, 0.1806,-0.6206],[ 0.7238,-1.9679, 1.9996, 1.4241,-1.8108],[-0.9009,-0.1539, 0.1855,-0.6028],0.2724
2932,[-0.9008, 0.1744,-0.1497,-0.699 ],[-0.4446, 0.374 ,-1.0829,-0.142 ,-1.6704],[-0.9041, 0.175 ,-0.1447,-0.681 ],0.2944
2934,[-0.899 , 0.1953,-0.2012,-0.6779],[  1.8754,  2.9218, -1.2824,114.9475,  0.2472],[-0.9013, 0.2007,-0.2017,-0.6589],0.2446
2943,[-0.907 ,-0.1888, 0.21  ,-0.6136],[ 0.0971,-0.7134, 4.19  , 2.4497,-0.7077],[-0.9087,-0.1965, 0.2142,-0.5961],0.2678
3300,[-0.8651, 0.0399,-0.0322, 0.1597],[-0.0548, 0.2318, 0.2741,-0.8153, 2.1016],[-0.8644, 0.0392,-0.0332, 0.1451],0.2465
3301,[-0.8648,-0.0474, 0.0957, 0.185 ],[-0.2766,-1.6884, 0.9081,-2.1443,-0.1464],[-0.8636,-0.0515, 0.0977, 0.1715],0.2137
3321,[-0.8631,-0.0764, 0.1013, 0.1609],[ 0.5947,-1.201 , 1.2759,-1.0551, 2.7563],[-0.8621,-0.0782, 0.102 , 0.1483],0.1965
3334,[-0.8666, 0.231 ,-0.2201, 0.1343],[ 0.1865, 1.9988,-0.9037,-0.5442, 1.7414],[-0.8667, 0.2282,-0.2043, 0.1336],0.1139
3400,[-0.8637, 0.0068,-0.0069, 0.0539],[ 1.1648, 1.4594, 0.8547,-0.6573, 3.361 ],[-0.8635, 0.0067,-0.0063, 0.0389],0.2377
3414,[-0.865 , 0.1458,-0.2043, 0.0201],[-0.7957, 1.136 ,-2.3354,-0.9499, 0.9647],[-0.8638, 0.1505,-0.2049, 0.005 ],0.1347
3421,[-0.8601,-0.0884, 0.1043, 0.0614],[ 1.4458,-1.0099, 1.4691,-0.9389, 2.0701],[-0.8598,-0.0894, 0.1016, 0.0482],0.1844
3423,[-0.8653,-0.1665, 0.2395, 0.0924],[-0.1714,-2.2388, 1.7401,-1.6028,-0.407 ],[-0.8632,-0.1716, 0.2405, 0.0781],0.1111
3434,[-0.8639, 0.2461,-0.2362, 0.0617],[ 0.8371, 2.4972,-1.5601,-0.0059, 1.9751],[-0.8643, 0.244 ,-0.2214, 0.0534],0.094
3436,[-0.8647, 0.2457,-0.2874, 0.086 ],[-1.3923, 5.7866,-1.0254,-0.2105, 0.5459],[-0.8635, 0.2472,-0.2793, 0.0792],0.0678
3443,[-0.8608,-0.1833, 0.2215, 0.0304],[ 2.977 ,-1.1837, 1.8033,-0.9764, 1.8278],[-0.8599,-0.1855, 0.2163, 0.0205],0.1053
3454,[-0.8627, 0.2842,-0.2582, 0.0589],[ 1.7091, 1.4118,-0.0498,-0.1905, 2.1504],[-0.8638, 0.2812,-0.2426, 0.0509],0.0699
3456,[-0.8633, 0.2867,-0.3105, 0.0276],[ 1.4524, 4.4446,-0.4183, 0.0985, 0.7292],[-0.8627, 0.2873,-0.3024, 0.036 ],0.0413
3500,[-0.8631, 0.029 ,-0.0284,-0.0662],[-0.0202, 1.6889, 2.0912,-1.1639, 2.1504],[-0.8634, 0.0291,-0.0291,-0.0794],0.2401
3501,[-0.8662,-0.0519, 0.0577,-0.0246],[-0.4029,-1.9959, 0.6688,-1.5391,-0.8364],[-0.8663,-0.0524, 0.057 ,-0.04  ],0.239
3512,[-0.8649, 0.1612,-0.1128,-0.085 ],[ 0.3843, 2.6452,-0.9501,-0.8594, 2.8212],[-0.8662, 0.1556,-0.0939,-0.0693],0.1839
3514,[-0.8615, 0.1601,-0.2006,-0.0308],[-0.9579, 0.7425,-1.9155,-0.2443, 0.8763],[-0.8609, 0.1633,-0.1972,-0.0452],0.1237
3520,[-0.8615,-0.0768, 0.044 ,-0.0688],[-1.353 , 0.2939,-1.748 ,-2.0391,-0.1488],[-0.8621,-0.0738, 0.0419,-0.0839],0.2215
3521,[-0.859 ,-0.0879, 0.0822,-0.0508],[-0.6296,-1.2677, 1.0898,-0.6276, 2.1778],[-0.8594,-0.0871, 0.0773,-0.065 ],0.1934
3532,[-0.8632, 0.1705,-0.1522,-0.1117],[ 0.6642,-0.3693, 0.4959,-0.6336, 0.053 ],[-0.8642, 0.1683,-0.1388,-0.1094],0.1549
3534,[-0.8641, 0.1893,-0.1915,-0.0567],[ 5.6983e-03, 7.0354e+00,-1.2123e+00, 8.3575e-01, 1.6756e+00],[-0.8646, 0.1893,-0.184 ,-0.0702],0.1303
3543,[-0.8583,-0.1907, 0.1979,-0.0074],[ 0.7977,-0.9628, 7.704 ,-0.4138, 0.3899],[-0.8584,-0.1904, 0.1875,-0.0153],0.1099
3545,[-0.8613,-0.2234, 0.2809,-0.0977],[-0.3784,-1.2253, 3.55  ,-0.1016,-0.3697],[-0.8599,-0.2279, 0.2807,-0.1073],0.0647
3600,[-0.8654, 0.0395,-0.0412,-0.1371],[-0.0291, 0.8397, 0.495 ,-1.4056, 0.7686],[-0.8661, 0.0399,-0.0415,-0.1465],0.2491
3610,[-0.8653, 0.0608,-0.0523,-0.226 ],[-2.0871,-2.755 ,-1.3463,-2.4848,-1.8106],[-0.8663, 0.0602,-0.0503,-0.2281],0.2387
3612,[-0.863 , 0.0859,-0.1107,-0.2112],[ 1.0714, 1.1662,-1.8905,-0.6015, 0.86  ],[-0.8635, 0.0887,-0.1106,-0.2112],0.1942
3620,[-0.8636,-0.0705, 0.0409,-0.1637],[-1.168 ,-0.1155,-1.2068,-2.1923,-0.349 ],[-0.8646,-0.0675, 0.0363,-0.1791],0.2351
3621,[-0.8604,-0.0912, 0.0825,-0.1882],[-0.0159,-0.983 , 1.0412,-1.2001, 0.5911],[-0.8615,-0.0904, 0.0773,-0.2015],0.1994
3643,[-0.8588,-0.2447, 0.2375,-0.1676],[ 0.331 ,-0.1359, 2.2177, 0.7925, 1.0365],[-0.8599,-0.2443, 0.2266,-0.1751],0.0792
3700,[-0.8494, 0.0338,-0.001 ,-0.3369],[ 0.5605, 1.4268, 1.1858,-0.8182, 1.5985],[-8.5096e-01, 3.0938e-02, 3.9661e-04,-3.3820e-01],0.2038
3701,[-0.8583,-0.0164, 0.0725,-0.3357],[-1.5326,-2.044 ,-0.2395,-0.987 ,-0.9875],[-0.8594,-0.0224, 0.0769,-0.332 ],0.2176
3702,[-0.8578, 0.0228,-0.0964,-0.3233],[-0.3284,-0.4762,-2.2721,-1.796 ,-1.1776],[-0.8586, 0.0304,-0.1004,-0.3136],0.2026
3710,[-0.8554, 0.0634,-0.0431,-0.3387],[-0.9841,-1.2726,-0.4827,-1.3615,-1.0271],[-0.857 , 0.0618,-0.0404,-0.3347],0.2088
3712,[-0.8585, 0.0678,-0.0643,-0.3246],[ 0.2333, 3.1339,-0.4875, 0.4985, 0.922 ],[-0.8599, 0.0679,-0.063 ,-0.3133],0.2078
3720,[-0.8645,-0.0689, 0.0479,-0.3219],[-0.2026, 0.9344,-1.0159,-0.4747, 0.2165],[-0.8662,-0.0669, 0.0423,-0.3308],0.2385
3721,[-0.8647,-0.1003, 0.1151,-0.2995],[ 2.0208e-04, 3.8071e-01, 3.0436e+00,-9.1187e-02, 3.1963e-01],[-0.8658,-0.1023, 0.1118,-0.2859],0.1962
3723,[-0.8597,-0.1418, 0.1773,-0.3328],[-0.3343,-1.144 , 1.6631, 0.1592,-0.0849],[-0.8603,-0.1461, 0.1757,-0.3246],0.1366
3800,[-0.8537, 0.0321,-0.0029,-0.4338],[ 1.4014, 3.3217,10.8742, 1.3699, 1.5823],[-0.8557, 0.0296,-0.0021,-0.4369],0.2222
3801,[-0.8559,-0.0218, 0.0795,-0.4414],[ 0.1587,-0.83  , 6.1588, 0.2425,-0.3552],[-0.8574,-0.0281, 0.0826,-0.4335],0.2055
3810,[-0.8491, 0.0673,-0.044 ,-0.4638],[1.5732,0.3886,1.804 ,2.2595,0.9494],[-0.8513, 0.0657,-0.0419,-0.458 ],0.1869
3812,[-0.8486, 0.0704,-0.0638,-0.4623],[ 3.926 , 4.5825,-0.2757, 1.2635, 0.1654],[-0.8507, 0.0705,-0.0626,-0.4558],0.1759
3820,[-0.8453,-0.061 , 0.0418,-0.4669],[0.1329,1.0079,0.1914,1.128 ,0.668 ],[-0.8474,-0.0593, 0.0361,-0.4591],0.179
3821,[-0.8552,-0.0711, 0.0997,-0.4374],[1.9942,0.093 ,5.1141,1.8286,0.9688],[-0.8566,-0.0749, 0.1022,-0.4242],0.1791
3823,[-0.858 ,-0.127 , 0.1799,-0.3838],[-0.6079,-0.8406, 2.1885, 1.0658,-0.4103],[-0.8585,-0.1333, 0.1823,-0.3833],0.133
3830,[-0.864 , 0.174 ,-0.0412,-0.4224],[-0.3701, 0.0727,-0.0364,-0.2108, 0.21  ],[-0.8676, 0.1616,-0.0291,-0.4087],0.2118
3832,[-0.8546, 0.1942,-0.1236,-0.466 ],[0.1278,1.3619,1.2731,0.709 ,0.9951],[-0.858 , 0.1892,-0.1122,-0.452 ],0.1372
3834,[-0.8298, 0.2074,-0.1972,-0.4922],[-0.0939, 4.8639, 0.13  , 1.0244, 0.314 ],[-0.8322, 0.2085,-0.1893,-0.5103],0.0284
3900,[-8.4301e-01,-7.4290e-04,-1.5307e-02,-9.5421e-01],[ 1.4297,50.8119, 1.5638,49.9186, 0.5782],[-8.4716e-01, 8.6811e-04,-1.4669e-02,-9.4300e-01],0.1925
3901,[-0.8498,-0.0262, 0.0782,-0.7951],[-2.4857,-3.2469,-0.5704,-2.0117,-3.5478],[-0.8528,-0.0326, 0.0824,-0.7795],0.1893
3902,[-0.8343, 0.0422,-0.0744,-1.0538],[ -1.1989,  2.2022, -2.9957,207.5446, -2.4835],[-0.8386, 0.0468,-0.0772,-1.0413],0.139
3910,[-0.8467, 0.0715,-0.0497,-0.6341],[ 0.7882, 1.0588,71.9601, 0.655 , 0.1489],[-0.8496, 0.0707,-0.051 ,-0.6283],0.1766
3912,[-0.848 , 0.0743,-0.0824,-0.8351],[ 1.0254e+00, 5.0363e+02,-4.2899e-01, 4.6728e+00, 5.4021e-01],[-0.8514, 0.0767,-0.0816,-0.822 ],0.1694
3914,[-0.8306, 0.1493,-0.172 ,-0.7486],[ 1.0804,-0.1739,-2.5   , 0.0413,-1.3249],[-0.8331, 0.1538,-0.1701,-0.7304],0.0565
3920,[-0.8463,-0.0702, 0.0469,-0.7843],[1.6181,7.4691,0.4486,2.396 ,0.2962],[-0.8499,-0.0694, 0.0479,-0.7734],0.1793
3921,[-0.8461,-0.076 , 0.0761,-0.7769],[ 0.4316,-0.1053,12.1169, 1.4617, 1.1934],[-0.8494,-0.0772, 0.0738,-0.7652],0.1657
3932,[-0.8454, 0.1797,-0.1352,-0.7442],[ 0.1819, 0.2935,-0.3027, 1.1705, 0.3719],[-0.8494, 0.1781,-0.1263,-0.7321],0.1102
3934,[-0.8311, 0.1963,-0.183 ,-0.6931],[-0.3948, 2.7543,-1.7707, 2.7652, 0.3229],[-0.8341, 0.1979,-0.1776,-0.6825],0.0409
4700,[-0.7873, 0.0022,-0.0183,-0.3123],[ 0.0683, 1.5552, 0.3367,-0.0967, 1.3617],[-0.7886, 0.0034,-0.0193,-0.3153],0.0239
4712,[-0.8028, 0.0589,-0.0563,-0.3667],[ 1.0045, 1.0008,-0.9148,-0.5045, 1.0702],[-0.8046, 0.059 ,-0.054 ,-0.3841],0.0417
4800,[-0.7949, 0.0082,-0.0048,-0.4464],[0.2587,0.547 ,1.1828,0.2757,1.6356],[-0.797 , 0.008 ,-0.005 ,-0.4563],0.0363
4810,[-0.8063, 0.0647,-0.0429,-0.4665],[ 0.3116, 0.3834, 0.2925,-0.1769, 0.2066],[-0.8085, 0.0635,-0.0402,-0.4613],0.056
4812,[-0.81  , 0.0689,-0.067 ,-0.4707],[ 0.6303, 1.0828,-0.543 ,-0.3197, 1.5879],[-0.8121, 0.0694,-0.066 ,-0.4685],0.0563
4820,[-0.8004,-0.0613, 0.0386,-0.4744],[-0.1201, 0.1232,-0.2859,-0.2616, 0.0319],[-0.8027,-0.0597, 0.0315,-0.4745],0.0452
4834,[-0.8211, 0.208 ,-0.2142,-0.4855],[ 3.3747e-01, 1.0646e+00,-7.0767e-01,-1.1523e-03, 1.8359e+00],[-0.8229, 0.2102,-0.2069,-0.487 ],-0.002
4900,[-0.7939, 0.0024,-0.0216,-0.9425],[  2.0112,  2.447 ,  5.1946,  2.2927,427.2459],[-0.7981, 0.0046,-0.0287,-0.961 ],0.0411
4901,[-0.7933,-0.033 , 0.0752,-0.9271],[ 4.6135,-1.7199, 4.292 , 0.5039,-1.3097],[-0.797 ,-0.037 , 0.0757,-0.9242],0.0221
4902,[-0.8017, 0.0249,-0.0712,-0.9489],[ -0.3244,189.9606, -0.913 , -0.7136, -0.5224],[-0.8055, 0.0294,-0.0728,-0.957 ],0.0481
4910,[-0.8057, 0.0652,-0.0492,-0.7182],[ 0.8963,-0.1517,11.8406, 0.4309, 0.9205],[-0.8089, 0.065 ,-0.0506,-0.7078],0.0537
4912,[-0.8021, 0.0708,-0.0811,-0.7448],[ 2.2945,28.2603,-0.691 , 0.3073, 3.4115],[-0.8052, 0.0726,-0.0797,-0.7327],0.0329
4914,[-0.8071, 0.1373,-0.1838,-0.7562],[-1.0795, 0.0189,-2.5437,-0.9703,-0.4187],[-0.809 , 0.143 ,-0.1862,-0.7588],-0.0094
4920,[-0.797 ,-0.0678, 0.0289,-0.8238],[1.2757,4.1009,0.4396,1.6384,5.8368],[-0.8009,-0.0657, 0.0258,-0.8291],0.0365
4921,[-0.8013,-0.0705, 0.0796,-0.8228],[ 0.6912,-0.0732,11.3006, 0.7295, 1.0783],[-0.8047,-0.0722, 0.0776,-0.8201],0.0322
4922,[-0.78  ,-0.0707,-0.0614,-0.7271],[-1.4066,-0.5449,-1.658 ,-1.479 ,-0.9407],[-0.7834,-0.0625,-0.0558,-0.7446],-0.014
4932,[-0.7907, 0.1721,-0.1241,-0.7764],[-0.2045, 0.1493,-0.4776,-0.0591,-0.2992],[-0.7949, 0.1709,-0.1189,-0.7845],-0.0317
4934,[-0.8161, 0.1799,-0.2039,-0.6623],[ 0.409 , 4.0681,-1.1522, 0.5282, 0.5782],[-0.818 , 0.1839,-0.2018,-0.6529],-0.0042
5700,[-7.5908e-01,-3.9271e-03,-5.5187e-04,-3.5485e-01],[ 0.0819, 0.7149, 0.5502,-0.7449, 0.6428],[-0.7606,-0.0037, 0.0009,-0.3573],-0.0455
5701,[-0.7407,-0.0538, 0.0788,-0.3555],[ 0.0507,-1.3475, 0.4138,-0.8613,-0.5134],[-0.742 ,-0.0555, 0.0786,-0.3613],-0.1082
5702,[-0.75  , 0.0343,-0.0615,-0.362 ],[-0.4227,-0.1471,-0.7907,-0.7576,-0.2906],[-0.7514, 0.0364,-0.0673,-0.379 ],-0.0827
5720,[-0.7645,-0.0564, 0.0471,-0.3296],[-0.0815, 0.0058,-0.4701,-0.5991,-0.0553],[-0.766 ,-0.0561, 0.047 ,-0.3298],-0.0509
5800,[-0.748 ,-0.0074, 0.0091,-0.4471],[-0.5084,-0.158 , 0.4385,-1.0143, 0.5484],[-0.75  ,-0.0076, 0.0093,-0.4537],-0.0744
5801,[-0.7519,-0.0272, 0.0738,-0.4454],[-0.6747,-0.9094,-0.1895,-0.5843,-0.0709],[-0.7536,-0.0301, 0.0729,-0.4447],-0.0776
5802,[-0.7548, 0.0453,-0.0653,-0.4415],[-0.5871,-0.054 ,-1.0814,-1.2168,-0.1773],[-0.7566, 0.0469,-0.0647,-0.4465],-0.0726
5810,[-0.7769, 0.0616,-0.0518,-0.4686],[-0.5493,-0.3578, 0.455 ,-0.46  , 0.7796],[-0.779 , 0.061 ,-0.0446,-0.4685],-0.0214
5812,[-0.7667, 0.0598,-0.0649,-0.476 ],[-0.5478, 0.0458,-0.7491,-0.9184, 1.4223],[-0.7688, 0.0604,-0.0608,-0.4798],-0.0488
5820,[-0.7574,-0.0626, 0.0333,-0.4653],[-0.0311,-0.283 ,-0.4636,-0.3517,-0.1   ],[-0.7596,-0.061 , 0.0298,-0.4607],-0.0624
5821,[-0.7509,-0.0641, 0.0775,-0.4451],[ 0.2393,-0.9193, 0.8741,-0.1331, 1.1706],[-0.7527,-0.0653, 0.0765,-0.4538],-0.088
5900,[-0.754 ,-0.003 ,-0.0008,-0.8144],[ 1.9563e+00, 1.1892e+00, 7.6615e+02,-1.9202e-01, 3.1708e+00],[-0.7576,-0.0024,-0.0052,-0.8284],-0.0555
5901,[-0.7476,-0.0366, 0.0634,-0.7354],[ 0.0745,-0.918 ,52.5819,-0.121 , 1.6394],[-0.7507,-0.0387, 0.0624,-0.7455],-0.0833
5902,[-0.759 , 0.0361,-0.0685,-0.8301],[-12.6644,-10.9486,-12.6116,-13.0977,-12.3466],[-0.7625, 0.039 ,-0.0707,-0.8363],-0.0598
5910,[-0.7526, 0.0683,-0.0313,-0.7811],[ 0.8026,-1.6108, 1.382 ,-2.0075, 1.6817],[-0.7563, 0.0666,-0.0281,-0.7914],-0.0717
5911,[-0.7528, 0.0658, 0.0657,-0.888 ],[-1.9537,-2.3568,-1.4552,-2.4403,-2.0709],[-0.7568, 0.0577, 0.0666,-0.9074],-0.0753
5912,[-0.7658, 0.0647,-0.0748,-0.8216],[-2.0978,-1.8542,-2.7173,-2.6158,-1.3529],[-0.7692, 0.0664,-0.0746,-0.8227],-0.052
5920,[-0.7615,-0.0667, 0.0366,-0.7291],[-0.5594, 0.822 ,-1.2814,-1.1714, 0.9907],[-0.765 ,-0.0651, 0.0305,-0.7377],-0.0516
5921,[-0.7493,-0.0764, 0.0803,-0.7204],[ 4.1414e-01,-3.9907e-03, 2.1026e+01,-4.0080e-01, 4.9351e-01],[-0.7524,-0.0772, 0.0755,-0.7247],-0.0907
5932,[-0.7542, 0.1786,-0.1319,-0.7303],[-0.143 ,-0.0639,-0.6643,-0.3173,-0.0631],[-0.7581, 0.1779,-0.1303,-0.7356],-0.1141
6600,[-0.6898, 0.0074,-0.0087,-0.2388],[ 0.1487,-0.4401, 0.3251,-1.2979, 0.727 ],[-0.6909, 0.0074,-0.0061,-0.2554],-0.1821
6700,[-0.6952, 0.005 , 0.0013,-0.3513],[-0.283 ,-0.5556, 0.5742,-1.2931, 3.4897],[-0.6967, 0.0046, 0.0034,-0.3627],-0.172
6701,[-0.6949,-0.0159, 0.0742,-0.3482],[-1.2219,-2.3598,-0.0871,-2.0983, 0.0491],[-0.6961,-0.0187, 0.0724,-0.3551],-0.1815
6702,[-0.6947, 0.0267,-0.0697,-0.3484],[-0.8083, 0.1096,-1.5695,-1.3012, 0.9844],[-0.696 , 0.0288,-0.0685,-0.3549],-0.1826
6710,[-0.6973, 0.0609,-0.0259,-0.3543],[-0.0809, 0.0461, 0.3203,-0.7632, 0.481 ],[-0.6991, 0.0588,-0.0105,-0.3627],-0.1754
6712,[-0.7005, 0.0608,-0.0773,-0.3488],[-0.2566, 1.1246,-1.1224,-0.8376, 0.6553],[-0.702 , 0.0617,-0.0715,-0.361 ],-0.179
6721,[-0.7068,-0.0614, 0.091 ,-0.3686],[-0.3914,-1.304 , 0.1999,-0.9857, 0.8158],[-0.7081,-0.0633, 0.0917,-0.3754],-0.173
6800,[-0.6977, 0.0049, 0.0026,-0.4505],[-33.163 ,-33.2657,-33.0196,-34.4891,-32.2104],[-0.6997, 0.0045, 0.0041,-0.4621],-0.1671
6801,[-0.6975,-0.012 , 0.0757,-0.4581],[ -9.0131, -9.6384, -7.1316,-10.014 , -7.8793],[-0.6991,-0.0152, 0.0753,-0.4694],-0.1765
6802,[-0.6966, 0.0255,-0.0724,-0.454 ],[-6.8386,-5.516 ,-7.7665,-8.3135,-5.9702],[-0.6983, 0.0279,-0.0723,-0.4641],-0.1793
6810,[-0.7031, 0.063 ,-0.0385,-0.4568],[-0.5662,-0.6557,-0.3409,-1.2247, 0.3129],[-0.7053, 0.0618,-0.0315,-0.459 ],-0.1661
6812,[-0.7048, 0.0635,-0.1012,-0.4556],[-0.7056, 0.1226,-1.7307,-1.8715, 1.0853],[-0.7064, 0.0657,-0.0984,-0.4672],-0.1772
6820,[-0.7295,-0.0702, 0.039 ,-0.4274],[-0.1634,-0.1543,-0.2422,-0.4453,-0.0184],[-0.7317,-0.0683, 0.0281,-0.4449],-0.1203
6821,[-0.7105,-0.0686, 0.0957,-0.4351],[-0.0446,-1.6458,-0.297 ,-1.3354, 0.363 ],[-0.7121,-0.0704, 0.0953,-0.4424],-0.1678
6900,[-0.7147, 0.0043, 0.0019,-0.6256],[ 2.3399e-01, 5.4629e-02, 1.4869e+00,-5.0382e-02, 4.6633e+02],[-0.7175, 0.0039, 0.0021,-0.6439],-0.1364
6901,[-0.7108,-0.0249, 0.0705,-0.5872],[-1.0382e+00,-1.3441e+00, 3.2344e+01,-1.0568e+00, 1.4772e-02],[-0.7131,-0.0274, 0.0679,-0.6011],-0.1534
6902,[-0.7106, 0.0304,-0.0685,-0.6022],[ 0.0723,41.5556,-1.1974,-1.0864, 1.8347],[-0.7131, 0.0326,-0.0669,-0.6173],-0.1541
6910,[-0.7163, 0.0679,-0.0307,-0.6781],[ 3.3622,-2.4825, 1.4401,-2.2711, 7.6705],[-0.7196, 0.0662,-0.0247,-0.6919],-0.1425
6911,[-0.7223, 0.0569, 0.0601,-0.7911],[-2.5148,-2.6732,-1.4201,-2.4648,-2.288 ],[-0.7257, 0.0501, 0.0695,-0.8107],-0.1357
6912,[-0.7104, 0.0766,-0.0957,-0.6405],[-1.1644,21.7208,-1.8565,-1.698 , 2.349 ],[-0.713 , 0.078 ,-0.0898,-0.6522],-0.1666
6914,[-0.6937, 0.1083,-0.1733,-0.6699],[ 0.1116, 1.6396,-2.1248,-0.5348,-0.9524],[-0.6952, 0.1124,-0.1718,-0.6724],-0.2149
6920,[-0.7306,-0.069 , 0.0478,-0.661 ],[-0.7486, 0.0028,-0.5635,-0.6669, 0.1386],[-0.7338,-0.0683, 0.0442,-0.6682],-0.1197
6921,[-0.721 ,-0.0715, 0.105 ,-0.6642],[ 0.0409,-2.4384, 1.4691,-1.2272, 2.1248],[-0.7235,-0.074 , 0.1047,-0.6775],-0.1511
6923,[-0.7194,-0.1278, 0.1727,-0.694 ],[-0.5971,-1.4824, 6.6371,-0.9847, 0.007 ],[-0.7213,-0.1314, 0.1722,-0.6883],-0.1789
6932,[-0.7108, 0.1786,-0.1442,-0.7198],[ 0.0758,-0.228 ,-0.8591,-0.4501, 0.3448],[-0.7143, 0.1789,-0.1482,-0.7186],-0.1938
7422,[-0.6694,-0.1384,-0.1205, 0.0215],[-4.4287,-3.5889,-6.3014,-5.4534,-3.1009],[-0.6696,-0.1281,-0.1256, 0.0124],-0.2447
7442,[-0.6662,-0.1835,-0.0921, 0.018 ],[-2.9034,-2.5004,-4.6742,-3.496 ,-1.5082],[-0.6676,-0.1726,-0.1012, 0.0158],-0.2501
7500,[-6.6690e-01, 2.7811e-05,-3.6504e-02,-1.1074e-01],[-1.1789,-1.7711,-1.0201,-1.972 , 0.6541],[-0.6674, 0.0012,-0.0295,-0.1207],-0.216
7502,[-0.6661,-0.032 ,-0.1217,-0.0996],[-3.1703,-2.1317,-5.1053,-4.3925,-2.4052],[-0.6658,-0.0261,-0.1157,-0.1097],-0.2337
7504,[-0.6579,-0.0253,-0.1848,-0.0787],[-3.8593,-3.0326,-5.6816,-4.7707,-3.1783],[-0.6562,-0.0174,-0.1822,-0.0867],-0.254
7522,[-0.6711,-0.1285,-0.1263,-0.0748],[-3.9795,-2.7199,-8.51  ,-6.7844,-2.0179],[-0.6714,-0.1181,-0.1308,-0.0893],-0.2417
7524,[-0.6672,-0.0789,-0.1772,-0.0905],[-5.6308,-5.3985,-6.4324,-5.8286,-5.5148],[-0.6659,-0.0687,-0.1816,-0.0972],-0.249
7542,[-0.6638,-0.197 ,-0.0795,-0.0104],[-19.4482,-17.0909,-21.5628,-20.8635,-17.5635],[-0.6654,-0.1879,-0.0875,-0.0174],-0.2531
7600,[-0.6734, 0.0013,-0.0227,-0.2124],[-2.1719,-3.1684,-3.0146,-3.8455,-1.069 ],[-0.6744, 0.0019,-0.0146,-0.2247],-0.2049
7601,[-0.6768,-0.0034, 0.0627,-0.2352],[-1.6732,-2.5806,-0.2453,-1.9476,-1.0823],[-0.6776,-0.0058, 0.0573,-0.2477],-0.2057
7602,[-0.6704,-0.0352,-0.1261,-0.2135],[-21.7598,-20.4529,-24.0247,-23.3543,-20.8246],[-0.6705,-0.0287,-0.1204,-0.2268],-0.2284
7604,[-0.6644,-0.0294,-0.1773,-0.2117],[-16.019 ,-14.3216,-17.2821,-15.9861,-15.5464],[-0.6633,-0.0211,-0.1764,-0.2216],-0.2454
7612,[-0.6505, 0.0557,-0.1556,-0.2477],[-0.354 ,-0.2166,-1.6438,-1.4541, 0.3783],[-0.6505, 0.0594,-0.145 ,-0.2646],-0.2615
7622,[-0.6723,-0.0807,-0.1429,-0.1676],[ -7.1253, -5.2975,-11.0185, -9.7498, -5.6829],[-0.6721,-0.0714,-0.1434,-0.1827],-0.2357
7624,[-0.6695,-0.0704,-0.1735,-0.1889],[-7.1455,-6.5554,-9.0139,-7.6993,-6.8057],[-0.6686,-0.0604,-0.1763,-0.2013],-0.2435
7700,[-0.6786, 0.0029,-0.0193,-0.334 ],[-17.293 ,-17.7627,-17.8699,-18.997 ,-16.3361],[-0.6801, 0.0033,-0.0105,-0.3471],-0.1964
7701,[-0.6818,-0.0075, 0.0724,-0.3382],[-3.4777,-4.6229,-2.1867,-4.4306,-3.3217],[-0.6829,-0.0105, 0.0714,-0.349 ],-0.2006
7702,[-0.6728,-0.0101,-0.1049,-0.3051],[-21.0195,-19.1815,-23.385 ,-23.0928,-19.8858],[-0.6735,-0.0055,-0.0957,-0.3192],-0.2178
7704,[-0.6631,-0.0027,-0.1814,-0.2974],[-13.3738,-12.3645,-15.3176,-14.3035,-13.5858],[-0.6622, 0.0048,-0.1791,-0.3077],-0.2458
7710,[-0.6705, 0.062 ,-0.0268,-0.3378],[-1.0181,-1.6556,-0.7823,-2.0358, 0.1037],[-0.6723, 0.0606,-0.0243,-0.3507],-0.2159
7712,[-0.6598, 0.0664,-0.1105,-0.3228],[-1.0092, 0.1601,-2.4502,-2.1993, 0.2767],[-0.6608, 0.068 ,-0.0993,-0.3337],-0.2429
7714,[-0.648 , 0.0682,-0.1747,-0.3191],[-1.4848, 0.401 ,-2.4763,-1.326 ,-0.237 ],[-0.6478, 0.0722,-0.1648,-0.3101],-0.2689
7800,[-0.6832, 0.0082,-0.0107,-0.4198],[-61.8225,-62.1566,-62.227 ,-63.1273,-61.3125],[-0.6851, 0.0081,-0.0044,-0.432 ],-0.1896
7801,[-0.6852,-0.0043, 0.0758,-0.4314],[-7.4126,-8.5682,-6.8291,-7.9306,-7.3732],[-0.6867,-0.0077, 0.0751,-0.443 ],-0.1955
7802,[-0.6779, 0.0191,-0.0841,-0.415 ],[-27.7852,-26.2126,-29.0498,-28.9721,-27.3214],[-0.6794, 0.0218,-0.0767,-0.4271],-0.2079
7803,[-0.6808,-0.008 , 0.1674,-0.4341],[-0.9936,-1.3139,-0.6815,-1.2572,-0.6563],[-0.681 ,-0.0145, 0.1492,-0.4179],-0.2158
7804,[-0.664 , 0.036 ,-0.1857,-0.4075],[-2.0925,-0.9825,-3.3214,-2.6864,-1.8134],[-0.6635, 0.0424,-0.1829,-0.4187],-0.2482
7810,[-0.6741, 0.0635,-0.0354,-0.4532],[-2.4813,-3.0552,-2.3879,-3.2575,-1.4299],[-0.6763, 0.0625,-0.0336,-0.4614],-0.2119
7812,[-0.668 , 0.0674,-0.1086,-0.4565],[-2.2463,-1.9486,-3.983 ,-4.0284,-1.6038],[-0.6696, 0.0693,-0.1008,-0.4708],-0.2321
7814,[-0.6636, 0.0783,-0.2004,-0.4475],[-1.9569,-0.0884,-3.5137,-2.4487,-1.474 ],[-0.6632, 0.0837,-0.1975,-0.4553],-0.2564
7900,[-0.6851, 0.0278, 0.0017,-0.523 ],[-13.1801,-13.4504,-13.2955,-13.5924,-12.8578],[-0.6874, 0.0264, 0.0053,-0.5312],-0.1889
7901,[-0.6848, 0.0114, 0.0803,-0.5269],[-3.6461,-4.8363,-3.1055,-4.1802,-3.9886],[-0.6867, 0.0068, 0.0835,-0.5374],-0.1966
7902,[-0.6841, 0.0406,-0.0905,-0.5198],[-5.4557,-4.6849,-5.9791,-6.0604,-5.077 ],[-0.6859, 0.0433,-0.0899,-0.5295],-0.2039
7910,[-0.678 , 0.0679,-0.0298,-0.5617],[-2.8717,-3.9612,-2.1469,-3.9521,-1.8423],[-0.6808, 0.0664,-0.0259,-0.5749],-0.2053
7912,[-0.6791, 0.0768,-0.1099,-0.5646],[-2.1001,-1.3861,-4.4101,-3.9664,-1.4677],[-0.6812, 0.0786,-0.1041,-0.5777],-0.2183
7914,[-0.6739, 0.106 ,-0.2037,-0.5884],[-0.46  , 0.7723,-2.5913,-0.6642,-0.2985],[-0.6742, 0.111 ,-0.203 ,-0.5996],-0.2474
7932,[-0.6788, 0.1808,-0.143 ,-0.7495],[-0.5596, 0.0084,-1.1555,-0.4694,-0.4698],[-0.6829, 0.1801,-0.1274,-0.7468],-0.2355
7934,[-0.6641, 0.1747,-0.2017,-0.6818],[-0.8371, 1.5566,-1.6949,-0.5084,-0.4292],[-0.6663, 0.1769,-0.1919,-0.6984],-0.2653
