100,[-0.9584,-0.0159, 0.0138, 0.3915],[0.4117,1.8411,1.0216,0.448 ,0.8547],[-0.9566,-0.015 , 0.014 , 0.4003],0.2937
101,[-0.9595,-0.0464, 0.0687, 0.3924],[ 0.2892,-0.5043, 0.9294, 0.2386, 0.122 ],[-0.9576,-0.0503, 0.0708, 0.4023],0.2615
102,[-0.9602, 0.0341,-0.0724, 0.3832],[ 0.0789, 1.0585,-0.5269, 0.1889, 0.5836],[-0.9582, 0.0446,-0.0873, 0.391 ],0.2548
112,[-0.9581, 0.0657,-0.1018, 0.3978],[ 1.313 , 1.0674,-0.2089, 0.5047, 1.0896],[-0.956 , 0.0709,-0.1008, 0.4064],0.2468
120,[-0.9586,-0.0676, 0.0378, 0.3877],[ 0.2571, 0.3374,-0.1502, 0.0704,-0.1975],[-0.9571,-0.0553, 0.0209, 0.3867],0.2817
121,[-0.9577,-0.0935, 0.097 , 0.3879],[ 1.2788,-0.5506, 0.9837, 0.6674, 1.3276],[-0.956 ,-0.0894, 0.0881, 0.3943],0.2443
141,[-0.9596,-0.1742, 0.1635, 0.3827],[-0.1965, 0.132 , 0.2101,-0.0865, 0.601 ],[-0.9584,-0.1625, 0.144 , 0.3958],0.1835
200,[-0.9623,-0.0116, 0.0141, 0.296 ],[0.5   ,2.3255,1.1877,6.7177,0.7263],[-0.961 ,-0.0127, 0.0168, 0.3071],0.2742
201,[-0.9623,-0.0358, 0.0806, 0.2876],[-1.0029,-2.0064, 1.1593,-0.944 ,-1.2376],[-0.9606,-0.0489, 0.0937, 0.2968],0.2416
202,[-0.9605, 0.0305,-0.0794, 0.2992],[-0.8328, 1.3874,-1.5548,-0.784 ,-1.1134],[-0.9588, 0.0434,-0.0888, 0.3078],0.2523
210,[-0.9621, 0.0675,-0.0357, 0.2806],[-0.8287,-1.5626, 1.0735,-1.2996,-1.0936],[-0.961 , 0.054 ,-0.0199, 0.289 ],0.2659
212,[-0.9609, 0.1014,-0.1087, 0.2857],[0.4975,2.6133,0.0222,1.9946,0.1306],[-0.9596, 0.0992,-0.1037, 0.2971],0.2211
214,[-0.9597, 0.1497,-0.1852, 0.2794],[ 0.3033, 2.7349,-0.5937, 0.116 , 0.0854],[-0.9579, 0.1536,-0.1862, 0.292 ],0.1718
220,[-0.9598,-0.0673, 0.04  , 0.3033],[-1.6679, 0.9314,-1.649 ,-0.7489,-1.0232],[-0.9586,-0.0557, 0.0249, 0.3123],0.2728
221,[-0.9615,-0.093 , 0.1041, 0.2917],[ 0.8717, 0.5035,12.465 , 4.5854, 0.9324],[-0.9601,-0.0924, 0.1006, 0.3033],0.2235
223,[-0.9631,-0.1412, 0.1812, 0.2926],[ 0.4313,-1.031 , 2.6049, 0.2345,-0.2396],[-0.9612,-0.1463, 0.1826, 0.3015],0.1656
232,[-0.9568, 0.1923,-0.1528, 0.3275],[-0.512 ,-0.3513, 0.8348,-0.1039,-0.7482],[-0.9564, 0.1759,-0.1339, 0.3371],0.1892
234,[-0.9592, 0.2085,-0.2179, 0.2824],[ 1.9033, 2.2534,-0.0226, 1.5132, 0.2564],[-0.9579, 0.2047,-0.2138, 0.2957],0.1398
241,[-0.9583,-0.1771, 0.1504, 0.2662],[-0.6024,-0.2005,-1.0461,-1.0158,-0.7573],[-0.9579,-0.1628, 0.1268, 0.2718],0.1922
243,[-0.9622,-0.2063, 0.2196, 0.2817],[ 0.4516,-0.4173, 2.2603, 2.4709, 0.2698],[-0.9609,-0.2022, 0.2115, 0.2896],0.1328
300,[-0.9661, 0.0018, 0.0038, 0.1741],[ 0.3284,12.1686, 2.9091, 1.1627,-0.7953],[-0.9653,-0.0021, 0.0118, 0.1835],0.2591
301,[-0.9639,-0.0401, 0.0759, 0.1835],[-0.9871,-1.4784, 2.6244,-0.6137,-1.4719],[-0.9627,-0.0519, 0.0878, 0.1916],0.2351
302,[-0.9644, 0.0343,-0.0742, 0.1695],[-0.7772,-0.2563,-2.8535,-0.7715,-1.8876],[-0.9634, 0.0462,-0.0819, 0.1784],0.2371
310,[-0.9662, 0.0679,-0.0394, 0.1825],[-1.656 ,-2.5358,-0.2311,-1.8734,-2.9349],[-0.9655, 0.0542,-0.0233, 0.1964],0.2478
312,[-0.9657, 0.0982,-0.1022, 0.1757],[ 0.5214, 1.6269, 0.4454, 7.4352,-0.4542],[-0.9648, 0.0957,-0.0964, 0.1895],0.2068
314,[-0.9623, 0.1473,-0.1814, 0.178 ],[ 0.041 , 3.3475,-1.1462, 0.7247,-0.7803],[-0.9609, 0.1537,-0.1859, 0.1892],0.1619
320,[-0.9647,-0.0756, 0.0308, 0.1771],[-1.4691, 0.4078,-2.5856,-1.3008,-2.7573],[-0.9641,-0.0566, 0.0098, 0.1904],0.2537
321,[-0.965 ,-0.0892, 0.1025, 0.1917],[ 1.3089e+00, 8.2942e-01, 2.9405e+00, 2.1330e+01,-6.2456e-03],[-0.964 ,-0.0905, 0.1008, 0.2048],0.2103
323,[-0.9633,-0.1468, 0.1823, 0.1859],[-0.1326,-1.3409, 0.5962, 0.7573,-1.5434],[-0.9618,-0.1538, 0.1879, 0.1972],0.1584
332,[-0.9681, 0.1814,-0.1479, 0.1923],[-0.9001,-1.6409,-0.1071,-1.3256,-1.8614],[-0.968 , 0.1623,-0.1253, 0.2049],0.1591
334,[-0.9652, 0.2026,-0.2145, 0.173 ],[ 1.5933, 1.7471,-0.9938, 2.9361,-0.9966],[-0.9643, 0.2001,-0.2085, 0.1859],0.1237
336,[-0.963 , 0.2583,-0.2876, 0.1763],[ 0.8179, 3.5183,-0.6234, 1.1418,-0.2138],[-0.9616, 0.2591,-0.2857, 0.189 ],0.0782
341,[-0.963 ,-0.1832, 0.1394, 0.1724],[-1.5383, 0.2828,-2.0665,-1.2733,-1.8399],[-0.9632,-0.1648, 0.1191, 0.1829],0.1766
343,[-0.9641,-0.2111, 0.2142, 0.1747],[ 4.4986, 0.1515, 5.8128, 1.6407,-0.2855],[-0.9635,-0.2064, 0.2055, 0.1868],0.1252
345,[-0.9599,-0.2592, 0.2926, 0.148 ],[ 0.1642,-1.2781, 0.8328, 0.3559,-0.5786],[-0.9585,-0.2614, 0.291 , 0.1588],0.084
354,[-0.9591, 0.2811,-0.2713, 0.2447],[-0.8389,-1.2023,-0.3392,-0.7813,-1.235 ],[-0.9588, 0.2705,-0.2523, 0.2584],0.0948
356,[-0.9624, 0.3043,-0.3203, 0.1808],[ 0.5038, 1.3618,-1.1027, 1.3423,-0.8153],[-0.9615, 0.3006,-0.3119, 0.1951],0.0515
363,[-0.9585,-0.3119, 0.2236, 0.1851],[-1.7494,-1.0868,-2.2874,-1.821 ,-2.5985],[-0.9609,-0.2834, 0.1827, 0.1852],0.1114
365,[-0.9558,-0.2779, 0.3098, 0.1411],[-0.1515,-1.0158, 2.6434, 1.7673,-0.8634],[-0.9544,-0.2797, 0.3104, 0.1529],0.0806
400,[-9.6882e-01,-2.2191e-04,-2.8396e-03, 6.6283e-02],[ 3.1405,17.1999, 2.2196, 1.564 , 0.1048],[-9.6846e-01,-3.6773e-05,-3.3853e-04, 7.8335e-02],0.2481
401,[-0.968 ,-0.0403, 0.0729, 0.0783],[-1.3056,-1.3968, 0.9654, 0.2646,-1.9616],[-0.9673,-0.0542, 0.0884, 0.0895],0.2175
402,[-0.9674, 0.0335,-0.0721, 0.061 ],[ 0.5853,-0.013 ,-2.0618, 1.1789,-2.427 ],[-0.9668, 0.0473,-0.0826, 0.0728],0.2241
410,[-0.9698, 0.0665,-0.0398, 0.0619],[-1.6947,-1.3241,-0.1612,-1.2098,-2.361 ],[-0.9696, 0.0528,-0.0243, 0.0761],0.2321
412,[-0.9699, 0.0956,-0.1025, 0.0614],[ 0.1345, 4.6578, 1.0965, 9.2432,-0.4346],[-0.9695, 0.0961,-0.1004, 0.076 ],0.1888
414,[-0.967 , 0.1452,-0.1862, 0.066 ],[-0.8875, 2.2255,-0.5443, 1.0414,-0.8574],[-0.9658, 0.1568,-0.1954, 0.0789],0.1413
420,[-0.9661,-0.0776, 0.0264, 0.0584],[-2.0328, 2.6433,-1.7382,-0.251 ,-2.3961],[-0.966 ,-0.0565, 0.0053, 0.0705],0.2471
421,[-0.9687,-0.1031, 0.1036, 0.0647],[ 0.6798, 0.4871,24.4462, 1.9821,-0.3647],[-0.9684,-0.1008, 0.0978, 0.0767],0.1919
422,[-0.9639,-0.0568,-0.0654, 0.0031],[-0.4347,-0.1279,-0.8979,-0.7729,-0.6975],[-0.9636,-0.0153,-0.0943, 0.0174],0.2435
423,[-0.9683,-0.1501, 0.1823, 0.0536],[-0.1868,-1.3521, 2.0487,-0.3376,-0.9894],[-0.9674,-0.1597, 0.1889, 0.0652],0.1375
432,[-0.9634, 0.184 ,-0.1459, 0.0629],[-1.4061,-1.4569, 0.1022,-0.8822,-1.8165],[-0.9639, 0.1684,-0.1279, 0.0763],0.1692
434,[-0.9707, 0.2012,-0.2144, 0.0641],[ 0.399 , 3.2887,-0.0809, 2.1132,-1.6706],[-0.9701, 0.2025,-0.213 , 0.0776],0.1036
436,[-0.9641, 0.2504,-0.3026, 0.049 ],[ 0.1787, 4.6634,-0.765 , 1.5646,-0.7141],[-0.9624, 0.2601,-0.3078, 0.0618],0.0669
441,[-0.9638,-0.1887, 0.1348, 0.0596],[-2.1337,-1.2356,-3.3294,-1.9143,-3.679 ],[-0.9646,-0.1676, 0.111 , 0.0731],0.1737
443,[-0.9674,-0.2148, 0.2159, 0.0591],[ 0.0302,-0.8114, 1.5426, 4.749 ,-0.8489],[-0.9672,-0.2123, 0.2099, 0.0735],0.1096
445,[-0.9634,-0.2638, 0.2903, 0.0576],[ 0.7151,-1.2097, 1.6693, 0.1828,-0.8147],[-0.9624,-0.2676, 0.2925, 0.0696],0.0698
454,[-0.9668, 0.2939,-0.2557, 0.0636],[-1.4562,-1.1205,-0.4503,-0.9081,-1.5976],[-0.968 , 0.278 ,-0.2302, 0.0709],0.0737
456,[-0.9681, 0.2949,-0.3069, 0.0541],[-0.3627, 0.949 ,-1.6826, 1.2956,-1.5139],[-0.9677, 0.2944,-0.3021, 0.0658],0.0411
463,[-0.961 ,-0.2949, 0.2385, 0.0486],[-2.9057,-2.0751,-3.5244,-2.6715,-3.462 ],[-0.9626,-0.2786, 0.2223, 0.0625],0.0926
465,[-0.9673,-0.3176, 0.3125, 0.0539],[-0.8224,-1.3807, 0.3808, 1.1507,-1.9137],[-0.9675,-0.3116, 0.3021, 0.0681],0.0361
500,[-0.9697, 0.0033,-0.0048,-0.0608],[ 1.5056, 1.9083, 3.1785,27.4758,-0.939 ],[-0.9699, 0.0045,-0.0066,-0.0455],0.241
501,[-0.9688,-0.042 , 0.0695,-0.0661],[ 0.5143,-1.1923, 2.4187,-0.1211,-1.3448],[-0.9687,-0.0554, 0.083 ,-0.0513],0.2143
502,[-0.9688, 0.0382,-0.0741,-0.0577],[ 0.0593, 3.4255,-1.5578,-0.5841,-1.5683],[-0.9687, 0.055 ,-0.0913,-0.0426],0.2112
510,[-0.9669, 0.0646,-0.0431,-0.0677],[-0.5017,-0.3681, 2.5629,-0.2564,-0.8341],[-0.9672, 0.0549,-0.0326,-0.0537],0.238
512,[-0.9707, 0.0949,-0.1014,-0.0588],[-0.0299, 5.2635, 0.2417,10.5865,-0.5605],[-0.9708, 0.0973,-0.1008,-0.0437],0.184
514,[-0.9684, 0.1439,-0.1853,-0.0525],[ 0.4733, 1.3054,-1.1852, 1.3571,-1.7294],[-0.9676, 0.1598,-0.1995,-0.0396],0.1329
520,[-0.9683,-0.0791, 0.0325,-0.0516],[-0.8652, 1.2214,-2.1266,-0.7108,-2.1527],[-0.9688,-0.0587, 0.0129,-0.0371],0.2356
521,[-0.9698,-0.1101, 0.1048,-0.0629],[ 0.3789,-0.6624, 0.2947,21.9398,-1.1072],[-0.9701,-0.1076, 0.1001,-0.0477],0.1826
522,[-0.9559,-0.0584,-0.0733,-0.0472],[-0.2496, 0.1569,-0.3951,-0.186 ,-0.2867],[-0.9558,-0.0209,-0.0973,-0.0614],0.2692
523,[-0.9688,-0.1519, 0.1796,-0.0612],[-0.3695,-0.6445, 1.9668,-0.0602,-1.18  ],[-0.9684,-0.1638, 0.1904,-0.0458],0.1325
532,[-0.9676, 0.1854,-0.1435,-0.0421],[-0.55  ,-1.1517,-0.406 ,-0.4917,-1.2936],[-0.9687, 0.1677,-0.1222,-0.0305],0.1559
534,[-0.9695, 0.2018,-0.2075,-0.0566],[ 0.9892, 0.5855,-1.1921, 2.6328,-1.6866],[-0.9695, 0.2044,-0.2068,-0.0419],0.1071
536,[-0.9666, 0.2388,-0.3032,-0.0316],[ 0.0998, 1.6544,-1.1901, 3.2977,-0.9685],[-0.9647, 0.2547,-0.315 ,-0.0159],0.0599
540,[-0.9641,-0.1871, 0.0393,-0.0761],[-0.2348, 0.001 ,-0.6711,-0.1863,-0.4645],[-0.9661,-0.1377, 0.0067,-0.0611],0.2189
541,[-0.9645,-0.1916, 0.1319,-0.0656],[-1.9976, 0.6411,-2.3257,-1.5729,-2.7513],[-0.9658,-0.1706, 0.1113,-0.053 ],0.1684
543,[-0.9664,-0.2179, 0.216 ,-0.0623],[-0.2303,-2.2628, 0.6964, 0.7609,-2.4429],[-0.9667,-0.2172, 0.2113,-0.0485],0.1088
545,[-0.9589,-0.2615, 0.2869,-0.0568],[ 0.1057,-0.597 , 0.7238, 0.8376,-1.3053],[-0.9583,-0.2675, 0.2897,-0.044 ],0.0828
554,[-0.9732, 0.2911,-0.2581,-0.0717],[-0.6916,-0.5883,-0.2561,-0.1498,-0.7936],[-0.9745, 0.2827,-0.2493,-0.0561],0.0472
556,[-0.9673, 0.3126,-0.3198,-0.054 ],[-0.1524, 1.0125,-0.6264, 2.7402,-1.4514],[-0.9672, 0.3149,-0.3189,-0.0383],0.0275
563,[-0.9628,-0.2959, 0.2459,-0.0653],[-4.507 ,-3.8901,-4.3514,-4.0574,-5.2118],[-0.9646,-0.2822, 0.2286,-0.0505],0.0826
565,[-0.9617,-0.3245, 0.3223,-0.0744],[-2.5547,-4.1483,-2.4773,-2.1003,-4.4212],[-0.9621,-0.3244, 0.316 ,-0.0596],0.0393
600,[-0.9679, 0.0111,-0.0047,-0.1865],[-0.3911, 0.4231, 3.6331, 8.1555,-2.8518],[-0.9686, 0.0089,-0.0036,-0.1712],0.2464
601,[-0.9675,-0.0434, 0.0688,-0.1911],[-0.0075,-0.5229, 4.76  , 0.1424,-1.2741],[-0.9681,-0.0556, 0.0797,-0.1758],0.2175
602,[-0.9685, 0.0407,-0.0693,-0.1773],[-0.6846, 1.5063,-1.2478,-0.4806,-1.8628],[-0.9689, 0.0571,-0.0889,-0.1625],0.2105
604,[-0.9648, 0.0412,-0.1758,-0.1903],[ 0.0401, 0.0131,-0.2833, 0.0117,-0.2158],[-0.9635, 0.0875,-0.2065,-0.1765],0.1711
610,[-0.9666, 0.0626,-0.0474,-0.1865],[-0.4677,-0.3904, 1.8959, 0.9201,-1.3692],[-0.9675, 0.0559,-0.0394,-0.1715],0.2347
612,[-0.9672, 0.0931,-0.094 ,-0.1879],[-1.3816, 4.3913,-0.794 , 4.1976,-2.488 ],[-0.9679, 0.0945,-0.093 ,-0.1726],0.1979
614,[-0.9664, 0.1496,-0.184 ,-0.156 ],[ 0.2668, 0.5167,-0.9279, 1.7919,-1.1609],[-0.9662, 0.1635,-0.1944,-0.1419],0.1378
620,[-0.9685,-0.0748, 0.0354,-0.1752],[-1.8573, 0.3689,-2.2889,-1.8897,-2.5101],[-0.9695,-0.0552, 0.0124,-0.1607],0.2351
621,[-0.9674,-0.1017, 0.1087,-0.1828],[ 0.7393,-2.735 ,-0.1151, 1.3911,-3.7471],[-0.9681,-0.1056, 0.1095,-0.1675],0.1868
623,[-0.9637,-0.1506, 0.1837,-0.1928],[-0.4334,-0.9693, 0.7269, 1.5977,-1.1367],[-0.9636,-0.1646, 0.1961,-0.1779],0.1447
632,[-0.9681, 0.1828,-0.1557,-0.1547],[-1.3204,-0.8419,-0.776 ,-0.3006,-2.0579],[-0.9693, 0.1745,-0.1458,-0.139 ],0.142
634,[-0.9639, 0.2157,-0.2242,-0.182 ],[ 1.0134, 0.0426,-1.9609, 0.7202,-2.0789],[-0.9643, 0.2217,-0.2267,-0.1669],0.1083
636,[-0.9657, 0.265 ,-0.288 ,-0.1813],[ 0.7551, 0.0829,-0.203 , 2.8556,-0.5272],[-0.9655, 0.2754,-0.2952,-0.1651],0.0569
641,[-0.9673,-0.1844, 0.146 ,-0.1708],[-2.1866,-0.6494,-2.5583,-1.8934,-3.1797],[-0.9688,-0.1705, 0.129 ,-0.1567],0.152
643,[-0.9629,-0.2205, 0.2207,-0.1802],[-1.6437,-3.6673,-1.1814, 0.2898,-3.8017],[-0.9636,-0.2229, 0.2183,-0.1647],0.1132
645,[-0.9599,-0.2521, 0.2948,-0.1783],[ 0.3852,-0.5404, 2.0828, 0.8142,-1.3849],[-0.959 ,-0.2658, 0.3064,-0.1631],0.0748
656,[-0.9622, 0.3027,-0.3032,-0.1722],[-0.5659, 0.3232,-0.5045, 4.8915,-1.3029],[-0.9627, 0.3066,-0.3032,-0.1557],0.049
663,[-0.9607,-0.294 , 0.257 ,-0.1556],[-3.0356,-2.5515,-2.6694,-2.0483,-4.1864],[-0.9626,-0.2865, 0.2411,-0.1412],0.082
665,[-0.9606,-0.3148, 0.3216,-0.1809],[-2.7924,-4.5305,-2.967 ,-2.3879,-5.1543],[-0.9609,-0.3202, 0.3216,-0.1671],0.0414
700,[-0.9634, 0.0159,-0.0037,-0.305 ],[-13.0321,-13.0091,-13.0105,-12.6727,-14.9548],[-9.6466e-01, 1.1472e-02, 1.4124e-04,-2.8991e-01],0.2614
701,[-0.9619,-0.0423, 0.0702,-0.3049],[-0.8476,-1.5082, 2.4866, 2.273 ,-1.6657],[-0.9629,-0.0548, 0.0822,-0.2895],0.2353
702,[-0.9624, 0.0454,-0.0648,-0.2946],[-1.0716, 1.0247,-0.8881,-0.2394,-1.8878],[-0.9634, 0.056 ,-0.0776,-0.2799],0.2349
710,[-0.9623, 0.0617,-0.0474,-0.313 ],[-0.9195,-0.1033, 0.7876, 1.5059,-2.5364],[-0.9637, 0.0576,-0.0425,-0.2977],0.2466
712,[-0.9635, 0.0863,-0.0837,-0.307 ],[-7.9443,-5.7165,-7.6836,-5.9254,-9.077 ],[-0.9648, 0.0878,-0.084 ,-0.2919],0.2149
714,[-0.9667, 0.1514,-0.1836,-0.2919],[ 0.9447,-0.0285,-0.6455, 3.1289,-0.7611],[-0.9669, 0.1704,-0.205 ,-0.276 ],0.1284
720,[-0.9651,-0.064 , 0.0424,-0.3103],[-1.3833,-0.8415,-1.7779,-0.8813,-1.9401],[-0.9665,-0.0566, 0.0337,-0.2948],0.2406
721,[-0.9627,-0.0928, 0.1105,-0.2983],[ -7.8693, -8.9123, -7.4729, -7.9899,-10.3956],[-0.9636,-0.1019, 0.1174,-0.2825],0.2004
723,[-0.9601,-0.1441, 0.1853,-0.3073],[ 0.949 ,-0.2828, 0.9547, 4.3141,-1.1659],[-0.9602,-0.1618, 0.2017,-0.2911],0.1545
734,[-0.96  , 0.2009,-0.2172,-0.282 ],[-2.2028,-0.4253,-2.5872,-0.6033,-3.5787],[-0.9605, 0.2108,-0.2246,-0.2659],0.1249
736,[-0.9573, 0.2695,-0.2803,-0.2925],[ 0.9853, 1.2709, 0.0111, 2.7016,-0.5178],[-0.9577, 0.2788,-0.2886,-0.2769],0.0802
741,[-0.9626,-0.1799, 0.1483,-0.2877],[-1.2247,-0.6631,-1.0576,-0.6034,-2.0052],[-0.9644,-0.1722, 0.1353,-0.2714],0.1631
743,[-0.9618,-0.2057, 0.2236,-0.2938],[-3.1039,-4.5486,-2.5352,-2.6496,-5.3477],[-0.9624,-0.2164, 0.2306,-0.2782],0.1145
745,[-0.9601,-0.2509, 0.2986,-0.2941],[ 8.6352e-03,-1.6132e-01, 1.5805e+00, 9.5336e+00,-8.3122e-01],[-0.9591,-0.2692, 0.3179,-0.2774],0.0682
747,[-0.9583,-0.2728, 0.401 ,-0.3436],[-0.0851,-0.08  , 0.1206,-0.045 , 0.0206],[-0.9538,-0.3011, 0.4291,-0.3262],0.0245
756,[-0.9579, 0.2831,-0.292 ,-0.2684],[ 0.549 , 0.0881,-1.0388, 4.6824,-1.5239],[-0.9584, 0.2912,-0.2981,-0.2514],0.0694
763,[-0.9627,-0.279 , 0.2559,-0.2716],[-0.5964,-1.1733,-1.5051, 0.1369,-2.2766],[-0.9645,-0.2775, 0.245 ,-0.2546],0.0784
765,[-0.9581,-0.305 , 0.3381,-0.2897],[-0.969 ,-2.0455,-0.2029,-1.4404,-3.7765],[-0.9575,-0.3181, 0.3488,-0.2739],0.0405
767,[-0.9561,-0.3064, 0.4182,-0.2645],[ 0.9861,-0.0647, 1.0122,10.1459,-0.4435],[-0.9524,-0.3261, 0.426 ,-0.2483],0.0188
800,[-0.9597, 0.0234,-0.0085,-0.4087],[-39.3962,-39.2275,-39.1573,-38.4822,-40.0367],[-0.9614, 0.0187,-0.0043,-0.3929],0.2724
801,[-0.9594,-0.0376, 0.0736,-0.4042],[-0.8669,-2.0632,-0.4824, 0.3109,-2.7858],[-0.9607,-0.0535, 0.0901,-0.3879],0.2407
802,[-0.9584, 0.0471,-0.0617,-0.403 ],[-0.4505,-0.0524,-1.1226,-0.3304,-1.745 ],[-0.9599, 0.0567,-0.0764,-0.3858],0.2476
810,[-0.9598, 0.0611,-0.0472,-0.4135],[-4.9988,-4.6269,-5.0138,-4.5589,-6.2168],[-0.9617, 0.0581,-0.0439,-0.3983],0.2533
812,[-0.96  , 0.0804,-0.0766,-0.41  ],[-24.3075,-23.8582,-24.5611,-23.5873,-25.2597],[-0.9617, 0.0822,-0.0775,-0.3947],0.2307
820,[-0.9637,-0.0621, 0.0501,-0.4261],[-0.9925,-0.2048,-0.9855,-0.381 ,-1.6906],[-0.9656,-0.0606, 0.0504,-0.4157],0.2357
821,[-0.9597,-0.0889, 0.1176,-0.4129],[-10.4111,-10.8618,-11.1148, -9.2317,-12.2373],[-0.961 ,-0.1031, 0.1304,-0.3964],0.2039
823,[-0.9606,-0.144 , 0.1883,-0.3986],[ 0.2465, 0.1954, 0.297 ,14.3498,-0.7299],[-0.9608,-0.166 , 0.2121,-0.3816],0.1467
843,[-0.9586,-0.1904, 0.2232,-0.3983],[ 0.2613,-1.8793,-0.5571, 0.4626,-3.2051],[-0.959 ,-0.2075, 0.2398,-0.3808],0.1246
845,[-0.9596,-0.213 , 0.2885,-0.3829],[ 0.2901, 0.2549, 0.2174,16.4434,-0.5822],[-0.9578,-0.2424, 0.3243,-0.3659],0.0804
900,[-0.9586, 0.0264,-0.0118,-0.5193],[-79.1947,-78.6484,-79.542 ,-78.8993,-79.9022],[-0.9609, 0.0218,-0.0068,-0.5024],0.277
901,[-0.9575,-0.0318, 0.0609,-0.5038],[ 0.0647, 1.6203,-0.2409,-0.0034,-2.4719],[-0.9595,-0.0438, 0.0703,-0.4857],0.2571
910,[-0.9576, 0.0624,-0.0312,-0.5089],[-24.5661,-24.244 ,-24.628 ,-25.0621,-25.2834],[-0.96  , 0.0509,-0.0137,-0.5079],0.2747
912,[-0.9559, 0.0749,-0.0682,-0.5146],[-80.0141,-79.7197,-80.1417,-80.0814,-80.3844],[-0.9582, 0.0753,-0.066 ,-0.4972],0.251
921,[-0.9562,-0.083 , 0.0646,-0.5077],[-14.2644,-13.969 ,-14.4734,-12.9593,-15.2319],[-0.9585,-0.0785, 0.0552,-0.4895],0.2528
1100,[-0.938 ,-0.0359, 0.0301, 0.3876],[ 1.1406, 0.7376, 0.8398, 0.6837,35.9446],[-0.9363,-0.0342, 0.0306, 0.3818],0.3679
1101,[-0.9369,-0.0458, 0.0675, 0.3912],[ 0.1772,-0.4322, 8.9073,-0.2188, 1.8811],[-0.9351,-0.0483, 0.0679, 0.394 ],0.3546
1102,[-0.9494, 0.0397,-0.0815, 0.3979],[-0.2711, 1.5886,-1.0916,-1.4657, 1.7498],[-0.9473, 0.0482,-0.0911, 0.3926],0.2946
1110,[-0.9461, 0.0718,-0.0542, 0.3796],[-0.3288,-0.6895, 1.626 ,-0.4384, 0.612 ],[-0.9447, 0.0642,-0.0393, 0.3673],0.3198
1112,[-0.9459, 0.0945,-0.1124, 0.3962],[ 1.0493, 4.7044,-0.2118, 0.1431, 4.0806],[-0.9441, 0.0951,-0.1104, 0.3904],0.2778
1114,[-0.9419, 0.1531,-0.1695, 0.3812],[ 1.8086, 3.3395,-0.9233,-0.6224, 0.5263],[-0.9401, 0.1514,-0.1654, 0.3893],0.2445
1120,[-0.9362,-0.0657, 0.0367, 0.385 ],[ 0.3149, 5.5585,-0.3103,-0.1996, 7.4705],[-0.9347,-0.0585, 0.0302, 0.3829],0.3681
1121,[-0.9378,-0.0876, 0.0929, 0.3875],[ 1.0035, 0.7924, 2.3435, 0.478 ,31.1554],[-0.9361,-0.0853, 0.0858, 0.3835],0.3253
1123,[-0.9434,-0.1439, 0.1732, 0.4208],[ 0.1101,-0.6025, 2.8177, 0.0484, 0.4955],[-0.9412,-0.1444, 0.1705, 0.4276],0.2414
1132,[-0.9441, 0.1684,-0.1565, 0.3843],[0.4162,0.2145,0.3946,0.6878,0.8361],[-0.943 , 0.1602,-0.1414, 0.3706],0.2403
1134,[-0.9406, 0.1956,-0.2082, 0.3813],[ 1.585 , 2.7287, 0.0389,-0.1407, 3.9302],[-0.939 , 0.1917,-0.2009, 0.3826],0.2145
1141,[-0.9359,-0.167 , 0.1552, 0.383 ],[ 1.0089, 3.8254,-0.395 , 0.4244, 0.8665],[-0.9349,-0.1593, 0.1373, 0.3692],0.2732
1143,[-0.9277,-0.1916, 0.2018, 0.3837],[ 0.8597,-0.0981, 2.1255, 0.3216, 5.0977],[-0.9262,-0.1878, 0.1912, 0.383 ],0.2621
1200,[-0.9321,-0.0227, 0.0209, 0.3059],[  2.8371,185.5695,  2.0306,  0.6639,  2.2063],[-0.9307,-0.0224, 0.0233, 0.3019],0.392
1201,[-0.9292,-0.0446, 0.0657, 0.3007],[ 0.599 ,-0.1671,56.5445, 0.107 , 0.9641],[-0.9277,-0.0473, 0.0663, 0.2965],0.3853
1202,[-0.9281, 0.0413,-0.0663, 0.2707],[ 0.3694, 3.1634,-0.5794, 0.3931,25.4891],[-0.9267, 0.0449,-0.0675, 0.2659],0.3872
1210,[-0.9298, 0.0725,-0.0365, 0.2655],[-0.0322,-1.0507, 1.3466,-1.3903, 2.3655],[-0.9289, 0.0648,-0.0295, 0.2597],0.3882
1212,[-0.9317, 0.1071,-0.1066, 0.2792],[ 1.9691, 1.6158, 0.5668, 1.0908,43.8704],[-0.9306, 0.1043,-0.0993, 0.2716],0.3318
1214,[-0.9388, 0.1492,-0.1843, 0.2864],[ 0.1321,22.3371,-0.9508, 0.7385, 1.0656],[-0.9371, 0.1517,-0.1826, 0.2902],0.2485
1220,[-0.9334,-0.0692, 0.0362, 0.3206],[ 0.7081,57.9498,-0.0977, 0.1298, 1.5831],[-0.9322,-0.0619, 0.031 , 0.3201],0.376
1221,[-0.9404,-0.0903, 0.097 , 0.3184],[  0.8898,  0.9506,161.0015,  1.0997,  0.8833],[-0.939 ,-0.0887, 0.0914, 0.324 ],0.3096
1223,[-0.9424,-0.1371, 0.1814, 0.2823],[ 1.2519,-0.8263, 1.4479, 0.6273,13.926 ],[-0.9405,-0.142 , 0.1823, 0.2759],0.2398
1232,[-0.9301, 0.1896,-0.1341, 0.302 ],[ 0.8247,-0.1632, 4.8934, 0.5265, 1.7914],[-0.93  , 0.1775,-0.1227, 0.3063],0.2912
1234,[-0.9376, 0.1989,-0.2079, 0.296 ],[ 1.3501,25.1574, 0.577 , 0.8915, 1.3287],[-0.9365, 0.1956,-0.1982, 0.3027],0.2235
1236,[-0.9309, 0.2524,-0.2817, 0.2589],[-1.5689e-02, 1.6804e+01,-5.4222e-01, 1.5657e+00, 4.3869e-01],[-0.9294, 0.2513,-0.2734, 0.2672],0.1885
1241,[-0.9373,-0.1914, 0.1332, 0.2989],[ 1.4474,12.9988, 0.0279, 0.6177, 1.2167],[-0.9372,-0.1768, 0.118 , 0.3046],0.266
1243,[-0.9372,-0.2024, 0.2194, 0.3026],[ 1.4618, 0.3026,21.0484, 0.5048, 1.173 ],[-0.9358,-0.2001, 0.2119, 0.3116],0.2175
1245,[-0.9391,-0.2401, 0.2885, 0.2723],[ 1.1778,-0.9439, 2.8936,-0.3455, 2.1866],[-0.9369,-0.2422, 0.2878, 0.2719],0.1609
1254,[-0.919 , 0.2884,-0.2483, 0.2661],[0.4262,0.5051,0.299 ,0.2118,0.3613],[-0.9195, 0.2801,-0.237 , 0.2766],0.2236
1256,[-0.9193, 0.3008,-0.2862, 0.251 ],[ 0.8415, 4.3154,-0.4723, 2.3351, 3.7284],[-0.9194, 0.2946,-0.269 , 0.2604],0.2045
1263,[-0.9379,-0.2915, 0.1891, 0.253 ],[ 0.5994, 1.5117,-0.3711, 4.188 , 1.146 ],[-0.9395,-0.2734, 0.1856, 0.2661],0.1834
1300,[-0.9194, 0.0084,-0.0179, 0.1655],[ 3.348 ,28.1549,73.1308, 2.1232, 1.2505],[-0.9186, 0.0104,-0.0232, 0.169 ],0.4344
1301,[-0.9243,-0.0466, 0.0635, 0.1991],[ 0.4828,-0.2691,21.2325, 0.3983,-0.1527],[-0.9234,-0.0488, 0.063 , 0.1976],0.4012
1302,[-0.9183, 0.0419,-0.0683, 0.1671],[  1.0977,250.8546, -0.7685, -0.3039,  1.567 ],[-0.9173, 0.0454,-0.0695, 0.1721],0.4188
1304,[-0.9316, 0.0509,-0.1756, 0.1337],[-1.751 ,-1.6028,-2.8793,-2.5528,-2.3047],[-0.9293, 0.0713,-0.1886, 0.1217],0.3123
1310,[-0.9212, 0.0684,-0.0379, 0.1783],[ 4.6472e-01, 7.4699e-02, 8.1798e+01,-1.9770e-01, 7.7943e-01],[-0.9206, 0.0631,-0.0359, 0.1781],0.4176
1312,[-0.9235, 0.0792,-0.0936, 0.1847],[  1.2336,324.7202,  0.9756,  1.5524,  1.9064],[-0.9226, 0.0801,-0.0909, 0.1883],0.3744
1314,[-0.9369, 0.1411,-0.1846, 0.1989],[ 1.3088,41.6969,-1.012 ,-0.074 , 1.6298],[-0.9353, 0.1464,-0.1862, 0.2031],0.2555
1320,[-0.9179,-0.0668, 0.039 , 0.1572],[-0.6034, 5.711 ,-0.6723, 0.1574, 7.9315],[-0.9174,-0.0618, 0.035 , 0.1568],0.4294
1321,[-0.9219,-0.0857, 0.0815, 0.1613],[ 3.0795, 0.4124, 3.8649,55.9514, 1.0976],[-0.9212,-0.0836, 0.0753, 0.1736],0.3837
1322,[-0.931 ,-0.0713,-0.0653, 0.1667],[-3.3321,-2.2799,-3.9456,-3.5684,-3.2461],[-0.9302,-0.0458,-0.0819, 0.1578],0.3715
1323,[-0.9364,-0.1523, 0.1878, 0.1886],[ 0.3963,-0.5021,16.2135, 0.1082,-0.1435],[-0.9349,-0.1563, 0.1883, 0.1925],0.2489
1330,[-0.9237, 0.1889,-0.0496, 0.1269],[-1.3315,-1.3413,-0.398 ,-0.5872,-1.3642],[-0.9252, 0.1616,-0.0054, 0.1119],0.3733
1332,[-0.9253, 0.1827,-0.1402, 0.1695],[-0.3725,-0.6865, 1.198 ,-0.7894,-0.8017],[-0.9255, 0.1739,-0.1301, 0.1743],0.306
1334,[-0.9352, 0.2032,-0.2188, 0.1865],[ 2.8266,19.0586, 0.1189, 0.6593, 2.6648],[-0.9342, 0.2024,-0.2118, 0.1931],0.2223
1336,[-0.9369, 0.2524,-0.2963, 0.1765],[ 2.7152,19.6404,-0.6496, 0.5093, 1.1818],[-0.9351, 0.2551,-0.2951, 0.1828],0.1583
1340,[-0.9458,-0.169 , 0.0287, 0.1793],[-3.4241,-2.2248,-4.2875,-3.1457,-3.5445],[-9.4650e-01,-1.3497e-01, 1.8544e-04, 1.8344e-01],0.2941
1341,[-0.9374,-0.1957, 0.1283, 0.1771],[-3.1729,-2.3007,-4.1376,-2.8584,-3.7088],[-0.938 ,-0.1795, 0.109 , 0.1845],0.2647
1343,[-0.9379,-0.2167, 0.2147, 0.1734],[ 0.7689, 0.2803,20.5397, 2.9088, 0.5833],[-0.9374,-0.2125, 0.2051, 0.1814],0.2098
1345,[-0.9366,-0.2451, 0.286 , 0.2145],[ 0.6649,-0.6891,11.4407, 0.2504, 0.3759],[-0.9349,-0.2471, 0.282 , 0.2156],0.1687
1354,[-0.9223, 0.294 ,-0.249 , 0.2122],[-0.871 ,-0.875 ,-0.5615, 0.559 ,-1.1145],[-0.9232, 0.2849,-0.2328, 0.2202],0.2119
1356,[-0.9297, 0.3037,-0.3258, 0.1805],[ 1.1923,18.9673, 0.3706, 1.9171, 0.8061],[-0.9287, 0.3023,-0.3181, 0.1914],0.1446
1361,[-0.94  ,-0.2855, 0.1633, 0.2   ],[-3.2892,-1.8974,-3.3354,-2.8285,-3.3633],[-0.9424,-0.2605, 0.1376, 0.2131],0.2003
1363,[-0.9345,-0.309 , 0.229 , 0.1727],[ 0.4632, 0.3844,-1.3308, 1.0387,-1.7401],[-0.9364,-0.2944, 0.2123, 0.1849],0.1732
1365,[-0.9346,-0.3357, 0.3158, 0.1641],[ 2.144 ,-0.368 ,11.1011, 2.1074, 0.1789],[-0.9352,-0.3299, 0.3022, 0.1755],0.1196
1383,[-0.9127,-0.3942, 0.2614, 0.1561],[-1.8043,-1.0011,-2.95  ,-1.5852,-1.9579],[-0.9176,-0.3784, 0.2267, 0.1703],0.1904
1385,[-0.9166,-0.3988, 0.3241, 0.1393],[-1.6272,-1.7423,-1.5858,-1.4129,-2.5354],[-0.9194,-0.3904, 0.3077, 0.1467],0.1384
1400,[-0.9197, 0.0075,-0.0136, 0.069 ],[  1.2141,  1.2724,211.5216,  0.8961,  0.9391],[-0.9194, 0.009 ,-0.0179, 0.0756],0.4356
1401,[-0.9188,-0.039 , 0.0745, 0.0315],[ 0.4511,-1.6801, 2.3907, 0.3671, 1.2346],[-0.9184,-0.0443, 0.076 , 0.0327],0.4199
1402,[-0.9186, 0.0448,-0.0663, 0.0729],[ 4.5158e-01, 2.5114e+02,-2.6127e-01,-7.9342e-02, 6.1585e-01],[-0.9181, 0.0479,-0.0678, 0.0788],0.4203
1410,[-0.9192, 0.0624,-0.0466, 0.0517],[ -0.3223, -0.4175,218.4796,  0.7845,  1.0288],[-0.9191, 0.0598,-0.0459, 0.0582],0.4262
1412,[-0.9198, 0.0737,-0.0801, 0.0495],[  0.7727,318.2792,  1.3134,  1.3298,  0.9532],[-0.9195, 0.074 ,-0.0775, 0.0561],0.4004
1414,[-0.9251, 0.1425,-0.1842, 0.045 ],[ 1.4613e+00, 4.7020e+01,-6.5548e-01,-1.6941e-02,-1.8924e-01],[-0.9241, 0.1485,-0.1867, 0.0503],0.2915
1420,[-0.9188,-0.064 , 0.0449, 0.0695],[ 1.1371,66.2805,-0.2856, 0.0984, 0.0763],[-0.9186,-0.0609, 0.0443, 0.0789],0.426
1421,[-0.9181,-0.0776, 0.0847, 0.0555],[1.2945e+00,1.5550e-01,3.9796e+02,5.5596e+00,3.4066e-01],[-0.9178,-0.078 , 0.0822, 0.0671],0.4
1422,[-0.9241,-0.0741,-0.0613, 0.0915],[-3.2952,-2.11  ,-3.7968,-3.4645,-3.6281],[-0.9238,-0.0524,-0.0679, 0.0917],0.4025
1423,[-0.9217,-0.1421, 0.1806, 0.0464],[ 0.0653,-0.3705,26.5046, 1.8753,-0.1715],[-0.9208,-0.1469, 0.1817, 0.0591],0.3037
1430,[-0.9131, 0.1761,-0.0395, 0.0329],[-1.5425,-1.1968,-0.74  ,-1.0104,-0.696 ],[-0.9147, 0.1581,-0.0395, 0.0175],0.3974
1432,[-0.925 , 0.1803,-0.1455, 0.0752],[-0.689 ,-0.6326,-0.7132,-0.3506,-1.2325],[-0.9255, 0.173 ,-0.133 , 0.0819],0.3041
1434,[-0.9276, 0.1956,-0.2094, 0.0569],[ 2.5773,35.79  , 0.4602, 3.895 , 0.2516],[-0.9272, 0.196 ,-0.2041, 0.0669],0.2521
1436,[-0.9359, 0.2503,-0.3038, 0.0841],[ 0.1117,15.5004,-0.7511, 1.766 , 0.5197],[-0.934 , 0.2558,-0.3055, 0.0925],0.1561
1440,[-0.9345,-0.177 , 0.0412, 0.0695],[-3.0927,-2.7674,-4.1178,-3.3451,-3.4676],[-0.9359,-0.1488, 0.018 , 0.0735],0.3236
1441,[-0.9324,-0.1913, 0.1359, 0.0606],[-5.4482,-5.8789,-6.4591,-5.8335,-5.6194],[-0.9333,-0.1789, 0.1193, 0.0685],0.2787
1443,[-0.9307,-0.2126, 0.2089, 0.0558],[ 2.7745, 0.2651, 3.6156, 3.3939,-0.0907],[-0.9307,-0.2099, 0.2003, 0.068 ],0.2352
1445,[-0.945 ,-0.2579, 0.2904, 0.0435],[ 2.4283,-0.8667, 6.7626, 0.581 , 0.152 ],[-0.9439,-0.2618, 0.291 , 0.0539],0.1288
1454,[-0.9166, 0.295 ,-0.2445, 0.0402],[-0.6336,-0.7633,-0.0916,-0.4397,-1.1841],[-0.9182, 0.2877,-0.2305, 0.0549],0.2305
1456,[-0.9327, 0.3033,-0.3444, 0.0739],[ 0.5146, 2.5161,-0.6022, 7.0587, 0.5518],[-0.9311, 0.3056,-0.3419, 0.088 ],0.1256
1458,[-0.9225, 0.358 ,-0.3926, 0.0525],[ 0.3815,15.7814,-0.5692, 1.6233,-0.4122],[-0.9211, 0.3592,-0.3918, 0.0627],0.1076
1461,[-0.9258,-0.2867, 0.1454, 0.0906],[-2.6444,-1.949 ,-3.2649,-2.1749,-2.8556],[-0.929 ,-0.2647, 0.1266, 0.087 ],0.2523
1463,[-0.934 ,-0.3002, 0.2463, 0.0661],[-2.3074,-2.3945,-2.4856,-1.6123,-2.9321],[-0.9356,-0.2903, 0.2313, 0.0762],0.1696
1465,[-0.9345,-0.3271, 0.3187, 0.0489],[ 3.5323, 0.0137, 5.3197, 2.88  ,-0.0904],[-0.9349,-0.324 , 0.308 , 0.062 ],0.1215
1467,[-0.9364,-0.3626, 0.3964, 0.0431],[ 2.138 ,-0.692 , 6.1462, 0.1051, 0.0753],[-0.9351,-0.3639, 0.3943, 0.0553],0.0642
1485,[-0.9285,-0.4016, 0.3472, 0.0946],[-2.5563,-2.9996,-3.0065,-2.2497,-3.8926],[-0.9306,-0.3948, 0.3348, 0.1096],0.0902
1487,[-0.929 ,-0.3998, 0.4032, 0.0437],[ 0.3822,-0.3676, 3.4417, 3.5109,-1.0125],[-0.9288,-0.3987, 0.4   , 0.0589],0.0623
1500,[-0.921 , 0.0053,-0.0031,-0.0619],[  0.7643,  2.8917,  3.5373,136.8792,  0.877 ],[-0.9212, 0.0049,-0.0027,-0.048 ],0.4373
1501,[-0.9187,-0.0327, 0.0776,-0.056 ],[-5.5738,-7.7498,-4.4006,-5.9376,-5.925 ],[-0.9186,-0.04  , 0.0818,-0.0469],0.4178
1502,[-0.9201, 0.0335,-0.0765,-0.0489],[-18.2033,-16.3199,-18.581 ,-17.978 ,-17.9701],[-0.9199, 0.0405,-0.0809,-0.041 ],0.4139
1503,[-0.9198,-0.0444, 0.1735,-0.0959],[-0.7547,-1.629 ,-0.6375,-0.9679,-0.6213],[-0.9184,-0.0633, 0.1768,-0.0812],0.3675
1504,[-0.9199, 0.0492,-0.1801,-0.0448],[-1.6067,-1.6617,-1.8745,-1.2727,-1.3902],[-0.9182, 0.0678,-0.1828,-0.0303],0.3631
1510,[-0.9183, 0.0619,-0.047 ,-0.0712],[ 1.4093,-0.5234,98.1271, 2.8957, 0.7537],[-0.9187, 0.0598,-0.0466,-0.0639],0.4267
1511,[-0.9218, 0.0633, 0.0611,-0.0982],[-0.7758,-1.467 , 0.0395,-0.534 ,-1.0341],[-0.9222, 0.0438, 0.0648,-0.0838],0.415
1512,[-0.919 , 0.0742,-0.0807,-0.0639],[ 1.1184,99.4818, 0.5401, 6.1344, 0.795 ],[-0.9192, 0.0751,-0.0791,-0.0555],0.4015
1514,[-0.9223, 0.1411,-0.1825,-0.054 ],[ 1.2345,42.8829,-0.8551, 5.2577, 0.475 ],[-0.9217, 0.1475,-0.185 ,-0.0445],0.3028
1520,[-0.9181,-0.0657, 0.0427,-0.0658],[ -1.643 ,154.7149, -1.8677, -0.7116, -2.5414],[-0.9185,-0.0624, 0.0426,-0.0557],0.427
1521,[-0.9186,-0.0748, 0.0842,-0.0576],[2.6622e+00,1.1296e-01,2.4367e+00,1.6803e+02,6.0345e-01],[-0.9187,-0.0762, 0.0835,-0.0437],0.3997
1522,[-0.925 ,-0.0618,-0.0606,-0.0653],[-2.2785,-1.8328,-2.8212,-1.9341,-1.8959],[-0.9252,-0.0409,-0.0688,-0.0571],0.4021
1523,[-0.9212,-0.1404, 0.1823,-0.0613],[ 1.3464,-0.5032,32.1281, 0.6605, 0.0386],[-0.9206,-0.1468, 0.1852,-0.0478],0.3059
1532,[-0.9238, 0.1804,-0.1412,-0.0661],[-1.0965,-1.0257,-1.3101,-0.222 ,-1.3253],[-0.9249, 0.1728,-0.1285,-0.057 ],0.3073
1534,[-0.9297, 0.1905,-0.215 ,-0.049 ],[ 1.51  , 4.6171,-0.264 , 9.9525,-0.2391],[-0.9293, 0.1941,-0.2147,-0.0356],0.2413
1536,[-0.9373, 0.2452,-0.3099,-0.0488],[ 0.6416, 9.4684,-0.6157, 1.4211, 0.5442],[-0.9352, 0.255 ,-0.3179,-0.0368],0.1436
1540,[-0.9252,-0.1801, 0.0374,-0.0358],[-1.724 ,-1.4264,-2.2909,-1.5305,-1.9561],[-0.9271,-0.1513,-0.0077,-0.0306],0.3658
1541,[-0.9387,-0.1949, 0.1402,-0.0486],[-2.5156,-2.4408,-2.2164,-1.4578,-3.1782],[-0.94  ,-0.1827, 0.1242,-0.0372],0.2498
1543,[-0.9346,-0.2158, 0.2158,-0.0664],[ 0.1101,-0.083 , 2.0125,15.5349, 0.2585],[-0.9349,-0.2149, 0.2087,-0.0515],0.2156
1545,[-0.9356,-0.2568, 0.2926,-0.0793],[ 2.0686,-0.5434, 4.8596, 1.5667, 0.0438],[-0.9347,-0.2624, 0.2941,-0.0659],0.1541
1554,[-0.9123, 0.3098,-0.2539,-0.1085],[ 0.2885,-0.4206,-0.3366, 0.696 ,-0.337 ],[-0.915 , 0.3039,-0.2352,-0.1238],0.2252
1556,[-0.9314, 0.2987,-0.3449,-0.0558],[ 0.614 , 1.4088,-0.4996, 4.5546,-0.4425],[-0.9298, 0.3045,-0.3494,-0.0405],0.1249
1558,[-0.9343, 0.3385,-0.397 ,-0.0333],[-0.0855,10.0452,-0.1825, 0.3395,-0.6749],[-0.9322, 0.3434,-0.3968,-0.0188],0.0797
1561,[-9.1448e-01,-2.8874e-01, 1.5895e-01,-4.6763e-04],[-1.0776,-0.5352,-1.4861,-0.8261,-0.9675],[-0.9176,-0.2747, 0.1632, 0.0152],0.2732
1563,[-0.9389,-0.297 , 0.2492,-0.0632],[-1.1819,-1.7565,-0.9885,-0.0224,-1.9281],[-0.9408,-0.289 , 0.2338,-0.0515],0.1516
1565,[-0.9339,-0.3218, 0.3302,-0.0681],[ 0.4473,-0.3169, 2.5571, 9.1064, 0.0189],[-0.934 ,-0.3229, 0.3246,-0.0529],0.1169
1567,[-0.9347,-0.3681, 0.401 ,-0.0737],[ 0.0876,-0.373 , 9.1166, 0.3965,-0.1273],[-0.9336,-0.3716, 0.4005,-0.0619],0.0604
1585,[-0.9272,-0.3957, 0.3808,-0.0255],[-0.741 ,-1.4858,-1.2562,-0.7599,-2.221 ],[-0.9277,-0.3951, 0.3833,-0.0102],0.0749
1587,[-0.9255,-0.4103, 0.4415,-0.0713],[-0.75  ,-1.1179, 1.6687, 4.0272,-1.3882],[-0.9244,-0.4123, 0.4386,-0.056 ],0.0456
1600,[-0.9205, 0.0137,-0.0057,-0.1765],[-54.4812,-54.7781,-54.8123,-53.5865,-55.342 ],[-0.9213, 0.0123,-0.0038,-0.1672],0.4376
1601,[-0.916 ,-0.0347, 0.0746,-0.1844],[-10.0145,-11.2097, -5.8825, -8.3918,-10.8406],[-0.9165,-0.0416, 0.0791,-0.1807],0.4211
1602,[-0.919 , 0.0345,-0.0742,-0.177 ],[-11.7089,-10.1829,-12.8644,-11.3401,-12.7388],[-0.9195, 0.0417,-0.0792,-0.1723],0.4132
1603,[-0.916 ,-0.0427, 0.1733,-0.2078],[-1.1616,-2.0221,-0.6167,-0.9471,-1.4803],[-0.9149,-0.063 , 0.1845,-0.1977],0.3658
1604,[-0.9271, 0.0484,-0.1794,-0.1878],[-0.5411,-0.4342,-0.9698,-0.3562,-0.6998],[-0.9256, 0.0723,-0.1995,-0.1717],0.322
1610,[-0.9156, 0.0609,-0.0472,-0.1688],[ 0.3981, 6.8042,12.6459, 2.1146,-0.7   ],[-0.9164, 0.0587,-0.0435,-0.1626],0.4341
1611,[-0.9176, 0.0601, 0.0605,-0.1779],[-1.2906,-1.3128, 0.4025,-0.9842,-1.0305],[-0.918 , 0.0365, 0.0998,-0.1767],0.4208
1612,[-0.9171, 0.0701,-0.075 ,-0.1714],[ 1.2043e+00, 6.1075e+00,-7.2757e-02, 4.0209e+01, 2.0115e-02],[-0.9178, 0.0713,-0.0747,-0.1606],0.4067
1614,[-0.9252, 0.1318,-0.1866,-0.1676],[-0.357 , 3.5995,-1.8279, 0.0241,-1.929 ],[-0.9247, 0.1419,-0.1934,-0.1565],0.292
1620,[-0.9169,-0.0658, 0.0416,-0.1771],[-2.0869, 6.1128,-4.299 , 7.235 ,-4.9158],[-0.9178,-0.062 , 0.0368,-0.1669],0.4343
1621,[-0.917 ,-0.0773, 0.0869,-0.1847],[ 2.4677,-1.5661,47.116 ,47.6356,-0.9494],[-0.9177,-0.0791, 0.0848,-0.173 ],0.4013
1622,[-0.9242,-0.0685,-0.0636,-0.2199],[-0.8347, 0.0872,-0.9039,-0.6593,-0.7723],[-0.9253,-0.0464,-0.0697,-0.2357],0.3973
1623,[-0.9273,-0.137 , 0.1863,-0.1853],[ 0.0763,-0.1071,15.9843, 1.845 ,-0.6251],[-0.927 ,-0.1466, 0.1929,-0.1708],0.2821
1632,[-0.9179, 0.1838,-0.1326,-0.1728],[-1.3787,-1.1342,-0.5983,-0.105 ,-1.4065],[-0.9196, 0.1761,-0.1207,-0.169 ],0.3309
1634,[-0.9347, 0.2039,-0.2182,-0.1782],[-0.0747, 2.5972,-0.4098, 3.8906,-0.9261],[-0.935 , 0.2079,-0.2188,-0.1631],0.2141
1636,[-0.9274, 0.2558,-0.3076,-0.1933],[ 2.3718, 0.0633,-0.7317, 1.8996,-0.374 ],[-0.9261, 0.2647,-0.3165,-0.1803],0.1679
1640,[-0.9526,-0.1832, 0.0465,-0.156 ],[-0.1281, 0.2934,-0.7118,-0.2581,-0.346 ],[-0.9549,-0.1501, 0.0304,-0.1403],0.2473
1641,[-0.9373,-0.1869, 0.1461,-0.1795],[-1.9791,-1.5495,-1.1742,-0.9792,-1.7158],[-0.9389,-0.1796, 0.1355,-0.1693],0.2504
1643,[-0.9397,-0.2152, 0.2326,-0.1848],[ 0.9402, 0.7352,11.4633, 7.6021,-0.5148],[-0.9399,-0.22  , 0.2324,-0.1702],0.1863
1645,[-0.9385,-0.2575, 0.3   ,-0.1947],[ 0.1754,-0.7524, 4.1274,12.5703,-0.4538],[-0.9376,-0.2665, 0.3057,-0.1785],0.1396
1654,[-0.9198, 0.2904,-0.201 ,-0.1367],[-0.0432,-0.1275,-0.0752, 0.4425,-0.3216],[-0.9233, 0.2778,-0.1738,-0.1312],0.2447
1656,[-0.9236, 0.2882,-0.3314,-0.1648],[ 0.8924, 2.6565,-0.4753, 2.5648,-0.5138],[-0.9223, 0.295 ,-0.3375,-0.1488],0.1496
1663,[-0.9459,-0.2914, 0.263 ,-0.1676],[ 0.0887,-0.5148, 0.3145, 1.5893,-1.1463],[-0.9476,-0.288 , 0.2513,-0.1548],0.1225
1665,[-0.9354,-0.3084, 0.33  ,-0.1786],[ 0.6503,-0.238 ,16.0764, 3.7253,-1.057 ],[-0.9352,-0.3131, 0.3289,-0.1637],0.1153
1667,[-0.9314,-0.3598, 0.4104,-0.1862],[ 0.9045,-0.5698,11.1347, 1.488 ,-0.4249],[-0.9297,-0.3665, 0.4128,-0.1727],0.0686
1687,[-0.9242,-0.4012, 0.4619,-0.1681],[-0.6135,-1.1568, 3.3426, 4.1717,-2.1293],[-0.9217,-0.4062, 0.4656,-0.1539],0.0392
1700,[-0.9257, 0.0179,-0.0064,-0.2982],[-58.1746,-58.482 ,-58.687 ,-57.3098,-58.9753],[-0.927 , 0.0155,-0.0037,-0.2899],0.4156
1701,[-0.9206,-0.0369, 0.0768,-0.2929],[-11.1203,-12.6666,-10.9394,-10.1387,-12.39  ],[-0.9215,-0.045 , 0.0831,-0.2878],0.4028
1702,[-0.9199, 0.0405,-0.0693,-0.2862],[-6.4623,-5.0353,-6.4806,-4.6887,-7.073 ],[-0.9209, 0.0465,-0.0741,-0.2819],0.4092
1710,[-0.9221, 0.0621,-0.0464,-0.3025],[-10.3613, -9.6718, -9.6714, -7.9724,-10.9893],[-0.9234, 0.06  ,-0.0438,-0.2924],0.4091
1712,[-0.9251, 0.0706,-0.0732,-0.2984],[-24.9323,-24.9432,-25.869 ,-24.2422,-26.3342],[-0.9263, 0.0721,-0.0736,-0.2889],0.377
1714,[-0.9306, 0.1376,-0.1877,-0.3003],[ 0.2231, 2.6001,-1.0094, 0.0698,-1.1367],[-0.9307, 0.1492,-0.1962,-0.2902],0.2678
1720,[-0.9192,-0.0664, 0.0418,-0.2731],[-7.468 ,-7.2951,-7.3959,-6.6878,-7.8204],[-0.9205,-0.0623, 0.0358,-0.2665],0.4229
1721,[-0.9211,-0.0788, 0.0969,-0.2858],[-28.8932,-29.5484,-28.0486,-27.4603,-29.4098],[-0.922 ,-0.0831, 0.0987,-0.2761],0.3771
1722,[-0.9234,-0.0628,-0.0615,-0.2725],[-0.07  ,-0.0665,-0.3226, 0.0803,-0.1928],[-0.9244,-0.0391,-0.0848,-0.2719],0.3975
1723,[-0.9395,-0.1398, 0.1913,-0.3139],[-0.122 ,-0.4639, 8.5029, 4.8947,-0.9724],[-0.9395,-0.1537, 0.2029,-0.2993],0.2294
1732,[-0.9154, 0.178 ,-0.1415,-0.3067],[-0.8588,-0.8844,-0.8175,-0.2407,-0.9655],[-0.9176, 0.1737,-0.1301,-0.3152],0.3369
1734,[-0.9374, 0.2056,-0.2294,-0.3068],[ 0.246 , 1.0638,-0.4466, 2.8315,-0.7775],[-0.9378, 0.2134,-0.2337,-0.2912],0.1954
1736,[-0.9187, 0.2361,-0.2934,-0.2716],[ 0.3853, 2.6154,-0.4604,-0.4444,-0.7515],[-0.9176, 0.2461,-0.3029,-0.259 ],0.2148
1741,[-0.9311,-0.1869, 0.1517,-0.3005],[-0.0324,-0.0509, 0.0892, 0.0329,-0.8562],[-0.933 ,-0.1822, 0.1434,-0.287 ],0.2694
1743,[-0.9416,-0.2035, 0.2367,-0.3058],[ 0.2229,-0.5614, 6.2656, 8.3937,-1.0649],[-0.9417,-0.2141, 0.2444,-0.2899],0.1774
1745,[-0.9372,-0.2488, 0.3005,-0.3002],[ 0.1838,-0.7605, 0.7864,18.7763,-0.8869],[-0.9363,-0.2609, 0.3096,-0.2835],0.1451
1765,[-0.9388,-0.2967, 0.3359,-0.2849],[ 0.249 ,-0.7354, 2.2155, 8.4625,-0.9235],[-0.9381,-0.3063, 0.3417,-0.2679],0.1041
1767,[-0.9353,-0.3357, 0.4222,-0.2808],[-0.2727,-0.7476,20.9002, 5.405 ,-0.7777],[-0.9323,-0.3479, 0.4291,-0.2649],0.0615
1800,[-0.9393, 0.0287,-0.0064,-0.4331],[-28.3007,-28.9635,-28.6327,-27.82  ,-29.9828],[-0.9411, 0.0237,-0.0016,-0.418 ],0.3558
1801,[-0.9395,-0.0275, 0.0849,-0.4359],[-7.0135,-8.2546,-7.0964,-6.0563,-8.4804],[-0.9408,-0.043 , 0.0985,-0.4211],0.3197
1802,[-0.9272, 0.0411,-0.0734,-0.4261],[-1.2572,-0.5479,-1.8481, 0.0486,-2.3099],[-0.9287, 0.0489,-0.081 ,-0.4115],0.3739
1803,[-0.9331,-0.0386, 0.1696,-0.4297],[ 0.0257,-0.1148, 0.0823, 0.009 ,-0.0541],[-0.9329,-0.0659, 0.1837,-0.4139],0.3025
1810,[-0.9301, 0.0651,-0.0443,-0.4407],[-5.389 ,-5.1277,-5.0475,-4.9388,-7.04  ],[-0.9322, 0.0623,-0.042 ,-0.4263],0.3728
1811,[-0.9299, 0.0638, 0.0595,-0.4884],[ 0.1218, 0.088 , 0.217 , 0.1377,-0.0567],[-0.9316, 0.0337, 0.1046,-0.4712],0.3592
1812,[-0.9367, 0.0759,-0.0694,-0.4381],[-16.2271,-16.2179,-16.397 ,-15.2811,-17.3177],[-0.9386, 0.0766,-0.0698,-0.4231],0.3269
1814,[-0.932 , 0.1456,-0.188 ,-0.4129],[ 0.8249, 1.6186,-0.8303, 1.1748,-0.7596],[-0.9325, 0.158 ,-0.2002,-0.399 ],0.2554
1820,[-0.9224,-0.0636, 0.0447,-0.4241],[-1.1048, 0.8215,-0.8311, 0.1271,-1.361 ],[-0.9244,-0.0613, 0.0431,-0.4157],0.4046
1821,[-0.937 ,-0.0878, 0.1204,-0.423 ],[-2.5234,-3.2613,-1.8238,-1.3953,-4.7041],[-0.9382,-0.0984, 0.1287,-0.4077],0.2927
1823,[-0.9404,-0.1343, 0.1929,-0.4234],[ 1.4998,-0.5994, 9.6961, 4.3948,-1.2874],[-0.9407,-0.1514, 0.2078,-0.4072],0.2242
1832,[-0.9199, 0.1775,-0.1243,-0.4364],[-0.3813,-0.2358,-0.4705, 0.2544,-0.678 ],[-0.9228, 0.1704,-0.1096,-0.432 ],0.3296
1834,[-0.933 , 0.1937,-0.2233,-0.4095],[ 0.3721, 1.5549,-0.8219, 5.6874,-1.3741],[-0.9337, 0.2038,-0.2308,-0.3962],0.2164
1841,[-0.9203,-0.1714, 0.1547,-0.4108],[ 0.2675,-0.6237,-0.1158, 0.3064,-0.6443],[-0.9224,-0.1711, 0.1474,-0.3935],0.3113
1843,[-0.9375,-0.191 , 0.2262,-0.4102],[ 0.8704,-0.0148, 0.4302,13.8724,-0.8839],[-0.9378,-0.2032, 0.2363,-0.3941],0.1989
1845,[-0.9384,-0.2312, 0.2983,-0.3971],[ 0.1402,-0.6705, 2.286 ,12.2215,-1.2021],[-0.9372,-0.2479, 0.313 ,-0.3798],0.146
1865,[-0.9303,-0.2788, 0.3444,-0.3762],[ 0.5739, 0.477 , 1.3316, 6.432 ,-1.0569],[-0.9287,-0.2921, 0.3566,-0.3587],0.1328
1900,[-0.9322, 0.0344,-0.0052,-0.5568],[-63.7415,-63.6254,-63.1877,-63.699 ,-65.0829],[-0.9346, 0.028 , 0.002 ,-0.5399],0.384
1901,[-0.9336,-0.0152, 0.0872,-0.5487],[ 0.4358,-0.9219,34.1718, 0.7674,-1.4937],[-0.9353,-0.0328, 0.101 ,-0.5322],0.3454
1902,[-0.9205, 0.0399,-0.0749,-0.5832],[-9.2446,-8.4411,-9.0607,-8.524 ,-9.6169],[-0.9226, 0.0481,-0.0829,-0.5686],0.4006
1910,[-0.9226, 0.0683,-0.043 ,-0.5919],[-24.1474,-23.2574,-22.1272,-19.6918,-25.3876],[-0.9253, 0.0652,-0.0399,-0.5764],0.4018
1912,[-0.9243, 0.0751,-0.0642,-0.5852],[-224.1821,-224.4628,-225.0986,-223.9967,-226.0545],[-0.9269, 0.0752,-0.0635,-0.5706],0.3795
1914,[-0.9262, 0.1538,-0.1773,-0.5077],[ 0.5286, 5.3867,-0.1319, 0.6034,-1.0117],[-0.9275, 0.163 ,-0.1879,-0.4904],0.2767
1920,[-0.9207,-0.0637, 0.0432,-0.5364],[-8.0889,-8.0716,-7.9811,-7.7338,-8.6701],[-0.9232,-0.0608, 0.0388,-0.5243],0.4148
1921,[-0.9305,-0.0851, 0.1099,-0.5545],[-14.3547,-15.1426,-14.8396,-14.3641,-16.1619],[-0.9324,-0.0938, 0.1165,-0.5387],0.3232
1923,[-0.9274,-0.1231, 0.1819,-0.5363],[ 0.0987,-0.913 ,25.2813, 0.9689,-0.7426],[-0.9282,-0.1387, 0.1943,-0.519 ],0.2803
1932,[-0.9166, 0.1765,-0.1492,-0.5378],[-5.0968,-3.7377,-5.3934,-4.0093,-5.3912],[-0.9195, 0.1752,-0.1407,-0.525 ],0.3249
1934,[-0.9146, 0.1951,-0.1728,-0.5566],[-1.2062,-0.9657,-0.9117,11.6527,-1.5748],[-0.9174, 0.1955,-0.1662,-0.5382],0.3117
1943,[-0.9187,-0.1897, 0.2109,-0.5353],[-0.5248,-1.9896, 0.8082, 1.7744,-3.1472],[-0.92  ,-0.1979, 0.2157,-0.5175],0.2736
2000,[-0.9107,-0.0387,-0.0259, 0.5015],[-0.2724,-0.3681,-0.6223,-0.9151, 0.741 ],[-0.9086,-0.0309,-0.0227, 0.4884],0.4397
2100,[-0.9053,-0.0312, 0.0124, 0.3977],[-14.5541,-14.4924,-14.8056,-15.3716,-14.0544],[-0.9035,-0.0283, 0.0093, 0.3883],0.408
2101,[-0.9057,-0.0528, 0.0567, 0.3873],[-3.6114,-4.1884,-3.4423,-3.9431,-3.2435],[-0.904 ,-0.0527, 0.0588, 0.3737],0.3914
2102,[-0.8988, 0.0014,-0.0573, 0.433 ],[-2.4402,-1.7529,-2.6487,-2.8416,-1.5488],[-0.8968, 0.0072,-0.0569, 0.4211],0.3801
2110,[-0.8728, 0.0575,-0.0533, 0.3855],[-0.9103,-1.0215, 0.1478,-0.9609,-0.3858],[-0.8713, 0.0557,-0.0439, 0.3718],0.2615
2120,[-0.9056,-0.0591, 0.0473, 0.3821],[-1.1706,-0.5998,-2.0019,-1.7898,-0.3104],[-0.904 ,-0.0574, 0.0524, 0.3761],0.3923
2121,[-0.9071,-0.0697, 0.0796, 0.3837],[-3.6427,-3.687 ,-3.1546,-3.8747,-2.41  ],[-0.9054,-0.0693, 0.0756, 0.3768],0.3815
2143,[-0.909 ,-0.2078, 0.1997, 0.3801],[ 0.1744,-0.9504,-0.1196,-0.9145, 0.5995],[-0.9081,-0.2024, 0.1845, 0.3664],0.2769
2200,[-0.9025, 0.0069,-0.0075, 0.2766],[-96.9318,-96.7557,-96.7387,-97.6467,-96.4668],[-0.9013, 0.0068,-0.007 , 0.2714],0.3984
2201,[-0.9048,-0.0436, 0.0674, 0.2847],[-18.8139,-19.9344,-18.3052,-19.3857,-17.8266],[-0.9035,-0.0459, 0.0681, 0.2775],0.388
2202,[-0.9014, 0.0453,-0.066 , 0.2682],[-24.0702,-23.4455,-25.0562,-24.7636,-23.529 ],[-0.9001, 0.0472,-0.0665, 0.2643],0.3737
2210,[-0.9051, 0.0669,-0.0409, 0.2652],[-4.4886,-4.4437,-3.9254,-4.9076,-3.6222],[-0.9042, 0.0626,-0.0356, 0.2622],0.3986
2212,[-0.9007, 0.0708,-0.0883, 0.2689],[-20.9853,-20.6002,-21.0905,-20.7897,-20.3655],[-0.8994, 0.0717,-0.0862, 0.2649],0.35
2214,[-0.9021, 0.1104,-0.2029, 0.2606],[-0.8477, 0.4359,-2.1838,-1.3124, 0.0802],[-0.8995, 0.1175,-0.1975, 0.2697],0.2785
2220,[-0.9064,-0.0646, 0.0405, 0.2888],[-4.5064,-3.4869,-5.2529,-5.5369,-3.1724],[-0.9053,-0.0606, 0.037 , 0.2836],0.4035
2221,[-0.9046,-0.0721, 0.0811, 0.2852],[-16.7074,-17.7381,-16.4529,-17.937 ,-16.3556],[-0.9033,-0.072 , 0.079 , 0.2792],0.3698
2223,[-0.9065,-0.1369, 0.1701, 0.2711],[-1.6778,-3.0207,-0.7432,-2.06  ,-0.0746],[-0.9049,-0.1395, 0.175 , 0.2571],0.2989
2232,[-0.9105, 0.1727,-0.1545, 0.3603],[-0.9366,-1.2796, 0.1032,-1.0524, 1.021 ],[-0.9097, 0.1662,-0.136 , 0.3645],0.3243
2241,[-0.9058,-0.181 , 0.133 , 0.3103],[-0.8716, 0.0731,-1.1979,-0.7744, 0.1499],[-0.9057,-0.1718, 0.1143, 0.2973],0.3158
2243,[-0.908 ,-0.2043, 0.2001, 0.3349],[-0.1708,-0.9377, 1.9533,-0.3894, 0.9274],[-0.9071,-0.1997, 0.1856, 0.3306],0.2737
2254,[-0.91  , 0.2999,-0.2582, 0.2606],[1.507 ,0.5728,0.2331,0.3633,2.289 ],[-0.9109, 0.2913,-0.2363, 0.261 ],0.2194
2256,[-0.9094, 0.3174,-0.311 , 0.2696],[ 1.1868, 5.8317,-0.5247, 0.5049, 1.7207],[-0.9093, 0.3124,-0.2949, 0.2722],0.175
2300,[-0.9056, 0.0199,-0.0233, 0.1702],[-130.7031,-130.3608,-130.6699,-132.5172,-130.6447],[-0.9049, 0.0203,-0.0239, 0.1629],0.4112
2301,[-0.9011,-0.042 , 0.0681, 0.1777],[-33.8017,-33.7225,-31.9939,-33.4539,-32.8157],[-0.9002,-0.0448, 0.0696, 0.1696],0.3737
2302,[-0.9071, 0.0434,-0.0718, 0.1739],[-66.6649,-65.6878,-67.6295,-67.3456,-65.74  ],[-0.9062, 0.0466,-0.0729, 0.1691],0.3974
2304,[-0.9004, 0.0516,-0.1755, 0.2018],[-2.541 ,-1.5054,-3.2748,-2.9302,-2.6958],[-0.8976, 0.0658,-0.1898, 0.2017],0.2973
2310,[-0.9051, 0.0657,-0.0417, 0.1658],[ -9.6285, -9.9792, -8.191 ,-10.6758, -8.7025],[-0.9046, 0.0619,-0.0376, 0.1583],0.3995
2312,[-0.904 , 0.071 ,-0.0901, 0.168 ],[-27.6463,-28.4934,-30.0174,-29.0318,-27.2043],[-0.9032, 0.0726,-0.0887, 0.1592],0.3644
2314,[-0.895 , 0.1314,-0.192 , 0.1495],[-6.9617,-6.9805,-8.8159,-8.4107,-7.0312],[-0.8933, 0.1367,-0.1933, 0.1466],0.2481
2320,[-0.9077,-0.0657, 0.04  , 0.1692],[-4.611 ,-4.8812,-5.5006,-6.4744,-3.0127],[-0.9072,-0.0615, 0.0352, 0.1629],0.412
2321,[-0.9047,-0.0771, 0.0803, 0.1711],[-21.5386,-22.1284,-19.5651,-21.7306,-19.8081],[-0.904 ,-0.0765, 0.077 , 0.1661],0.3721
2322,[-0.9086,-0.0679,-0.0734, 0.1835],[-2.838 ,-2.2716,-3.4887,-3.3586,-3.499 ],[-0.9078,-0.0498,-0.0739, 0.1696],0.4027
2323,[-0.9028,-0.1559, 0.1821, 0.1527],[-2.8623,-3.5116,-1.0937,-3.5932,-1.1241],[-0.9018,-0.1574, 0.1791, 0.1501],0.2768
2332,[-0.9017, 0.1841,-0.1373, 0.1724],[ 0.0203,-1.557 ,-0.5196,-1.6878, 0.8025],[-0.9021, 0.1763,-0.1221, 0.1724],0.2961
2334,[-0.898 , 0.1982,-0.206 , 0.1669],[ 0.761 , 8.6242,-0.1594, 0.2513, 0.8466],[-0.8974, 0.1966,-0.1959, 0.1707],0.2349
2341,[-0.9015,-0.1814, 0.1427, 0.1663],[ 0.2357,-0.512 ,-0.841 ,-0.5274, 2.9174],[-0.9018,-0.1742, 0.1243, 0.1615],0.2948
2343,[-0.9012,-0.1919, 0.2023, 0.1595],[ 1.1825,-0.3066, 9.04  , 0.0943, 1.7444],[-0.9005,-0.1909, 0.1941, 0.1653],0.2492
2354,[-0.9108, 0.2988,-0.2653, 0.2172],[0.2751,0.5842,0.6881,0.5292,5.2987],[-0.9117, 0.2913,-0.2438, 0.2281],0.2183
2356,[-0.9106, 0.3133,-0.3148, 0.199 ],[ 0.6882,14.2737, 0.4156,-0.0193, 0.4969],[-0.9104, 0.3097,-0.2998, 0.2108],0.1774
2363,[-0.9076,-0.3774, 0.2433, 0.1628],[11.576 , 1.1422, 0.6166, 1.603 , 1.9925],[-0.9123,-0.3615, 0.2085, 0.177 ],0.2034
2383,[-0.9033,-0.3898, 0.2737, 0.148 ],[-0.6412, 0.4217,-1.6145,-0.5873,-0.9241],[-0.9076,-0.3774, 0.2433, 0.1628],0.1628
2385,[-0.9039,-0.407 , 0.3032, 0.1334],[ 1.3827,-0.3968, 3.0948, 2.8427, 0.3053],[-0.9081,-0.3967, 0.2755, 0.1484],0.1396
2400,[-0.9047, 0.0228,-0.0176, 0.0631],[ 1.9014e+00, 1.2973e+00, 3.0771e+00,-2.2485e-01, 3.6356e+02],[-0.9045, 0.0218,-0.0153, 0.0488],0.4126
2401,[-0.9006,-0.0329, 0.0718, 0.0501],[-43.0144,-44.5973,-42.2388,-43.9624,-43.3286],[-0.9002,-0.0378, 0.0749, 0.0409],0.3743
2402,[-0.9054, 0.0426,-0.0709, 0.0705],[-0.6324, 9.4319,-4.0129,-3.2696, 4.5859],[-0.905 , 0.0462,-0.0721, 0.0599],0.3926
2410,[-0.9019, 0.0658,-0.0411, 0.0503],[ 2.4509,-0.9155,12.3116,-1.866 ,12.4963],[-0.9019, 0.0621,-0.0361, 0.0384],0.3881
2411,[-0.8995, 0.0566, 0.063 , 0.0182],[-3.3272,-3.5344,-2.7208,-2.9098,-3.0433],[-0.8994, 0.0423, 0.0615, 0.0026],0.3747
2412,[-0.9015, 0.0773,-0.0908, 0.0625],[ 0.502 ,71.5447, 0.2474, 1.2826, 0.9095],[-0.9012, 0.0783,-0.0878, 0.0525],0.3536
2414,[-0.8977, 0.1368,-0.1816, 0.052 ],[-10.2913, -9.211 ,-11.8964,-10.5683, -9.9338],[-0.8966, 0.1413,-0.1824, 0.0476],0.2635
2420,[-0.9072,-0.0663, 0.0442, 0.0575],[ 0.5235,51.7881,-1.0952,-0.9554, 0.3608],[-0.9072,-0.0633, 0.0433, 0.0467],0.408
2421,[-0.9062,-0.0841, 0.0911, 0.0572],[  1.7756, -1.4653,  3.7922, -0.2918,119.295 ],[-0.9059,-0.0844, 0.0883, 0.0461],0.3711
2423,[-0.9047,-0.1437, 0.1832, 0.0559],[ 1.2506,-2.255 , 2.0325,-1.1126, 0.827 ],[-0.9037,-0.1478, 0.1838, 0.058 ],0.2868
2430,[-0.9013, 0.1735,-0.0435, 0.045 ],[-2.1763,-2.7654,-1.2068,-2.4547,-2.2044],[-0.9028, 0.1585,-0.0467, 0.0296],0.342
2432,[-0.9038, 0.1806,-0.142 , 0.0783],[1.327 ,0.0645,0.6688,0.0957,4.2667],[-0.9044, 0.1742,-0.128 , 0.0749],0.3029
2434,[-0.9035, 0.196 ,-0.2089, 0.0557],[ 0.1262,33.2482, 0.818 , 1.2806, 0.5879],[-0.9031, 0.1961,-0.2018, 0.0622],0.2536
2436,[-0.8997, 0.2359,-0.2918, 0.0408],[ 1.3689,15.331 ,-1.2316, 0.1199, 0.1766],[-0.898 , 0.2401,-0.2898, 0.0449],0.1736
2440,[-0.9003,-0.1753, 0.0465, 0.0389],[-2.7495,-2.513 ,-4.0438,-3.3856,-2.8667],[-0.9019,-0.1594, 0.0396, 0.0235],0.3418
2441,[-0.9009,-0.1872, 0.1331, 0.0616],[ 1.123 , 0.2923,-0.0314, 1.6154,13.8621],[-0.902 ,-0.1786, 0.1126, 0.0549],0.2988
2443,[-0.9002,-0.2003, 0.2087, 0.0556],[ 1.3699, 0.3462,39.6811, 0.2779, 0.3395],[-0.9   ,-0.1998, 0.2004, 0.0618],0.2406
2445,[-0.8985,-0.2462, 0.2872, 0.0369],[-0.6106,-1.4089, 7.5542, 0.9182,-0.3479],[-0.8973,-0.249 , 0.2838, 0.0453],0.1701
2454,[-0.9081, 0.2877,-0.2375, 0.0187],[1.0048,1.2503,0.6717,1.4378,1.1175],[-0.9099, 0.2805,-0.2176, 0.0331],0.2303
2463,[-0.9041,-0.3176, 0.2514, 0.0289],[1.3339,0.8128,1.1796,3.7348,6.1911],[-0.9066,-0.3094, 0.2282, 0.0289],0.2
2465,[-0.9029,-0.3366, 0.3145, 0.0193],[ 1.1904,-0.8449, 9.8466, 0.6127, 1.069 ],[-0.9041,-0.3336, 0.2998, 0.0296],0.1455
2467,[-0.9085,-0.3827, 0.4002, 0.0112],[ 0.0148,-1.3077, 3.6822, 0.0167,-0.049 ],[-0.9081,-0.3829, 0.3919, 0.0178],0.0901
2485,[-0.9014,-0.4181, 0.3644, 0.0895],[ 0.5376,-0.6211, 2.0249, 3.1052,-0.3782],[-0.9039,-0.4132, 0.3454, 0.1028],0.086
2487,[-0.8986,-0.4271, 0.4243, 0.0389],[ 0.9789,-0.0117,10.8205, 0.3988,-0.0894],[-0.8991,-0.4259, 0.4125, 0.0526],0.0356
2500,[-0.9044, 0.0228,-0.0039,-0.0554],[1.3951e+00,1.6367e+00,2.0336e+00,3.5246e-01,6.2797e+02],[-9.0474e-01, 1.9839e-02, 7.6044e-04,-7.1080e-02],0.4167
2501,[-0.9037,-0.0244, 0.068 ,-0.0763],[ 0.726 ,-1.4077,72.8767,-0.6949, 0.558 ],[-0.9039,-0.0303, 0.0694,-0.0901],0.3965
2502,[-0.9042, 0.0397,-0.071 ,-0.0552],[-1.0718,50.3555,-1.7773,-0.7221,-0.3572],[-0.9043, 0.044 ,-0.0722,-0.0682],0.3906
2510,[-0.9029, 0.0634,-0.0475,-0.0719],[-2.2244e-01, 8.0043e-01, 4.7875e+02, 6.8888e-02, 4.5280e-01],[-0.9033, 0.0617,-0.0481,-0.0777],0.3893
2512,[-0.903 , 0.0745,-0.0797,-0.0688],[5.3685e-01,5.2807e+02,3.4851e-01,4.2339e-01,4.9405e-01],[-0.9033, 0.075 ,-0.0771,-0.0756],0.3694
2514,[-0.8951, 0.142 ,-0.183 ,-0.0563],[ 1.2246,17.1064,-1.146 ,-0.4228,-1.0002],[-0.8945, 0.1467,-0.1836,-0.0625],0.2523
2520,[-0.9054,-0.0666, 0.0467,-0.0619],[-2.9231e-01, 8.4586e+01,-1.5450e-01,-7.6839e-02, 1.1960e+00],[-0.9059,-0.0642, 0.0464,-0.0691],0.4005
2521,[-0.9038,-0.081 , 0.0877,-0.0621],[1.5797e+00,8.2852e-02,1.9115e+02,8.7444e-01,9.7317e-01],[-0.9041,-0.0816, 0.0852,-0.0726],0.3663
2523,[-0.9022,-0.1432, 0.1865,-0.0536],[-1.4175,-5.0809,-1.9096,-2.6634,-1.5782],[-0.9015,-0.1486, 0.1885,-0.0578],0.2758
2530,[-0.8999, 0.1862,-0.0458,-0.0852],[-1.3394,-1.5094,-0.9302,-1.3363,-1.2215],[-0.9022, 0.1651,-0.0056,-0.0691],0.3556
2532,[-0.8975, 0.1767,-0.1458,-0.0736],[-0.624 , 0.0191,-0.5849,-0.1369,-0.3615],[-0.8986, 0.1723,-0.1329,-0.0771],0.2795
2534,[-0.8965, 0.1871,-0.2104,-0.0621],[ 3.3553,28.9375,-0.5565, 0.3832, 1.728 ],[-0.8963, 0.1894,-0.2061,-0.0634],0.2297
2536,[-0.8991, 0.2372,-0.2923,-0.028 ],[ 3.2881,11.2709,-1.3748,-0.2695,-0.2249],[-0.8976, 0.242 ,-0.2916,-0.0199],0.1705
2540,[-0.8924,-0.1744, 0.0351,-0.0824],[-1.975 ,-1.5281,-3.2942,-2.5446,-2.1701],[-0.8945,-0.1586, 0.0304,-0.0831],0.3163
2541,[-0.9008,-0.1815, 0.1414,-0.0524],[ 4.4094,-0.4911, 0.1805, 0.6762, 2.7069],[-0.902 ,-0.1756, 0.1258,-0.0498],0.2942
2543,[-0.8997,-0.198 , 0.2199,-0.0636],[ 0.393 , 0.2251,66.4125, 1.9668, 0.6308],[-0.8995,-0.2002, 0.2156,-0.0589],0.2316
2545,[-0.8998,-0.244 , 0.2916,-0.0511],[-0.2577,-1.3348,13.6206, 0.3111, 0.726 ],[-0.8985,-0.2483, 0.2908,-0.0377],0.1716
2554,[-0.9054, 0.2914,-0.2689,-0.019 ],[1.434 ,0.4669,0.6523,1.1011,0.5531],[-0.9064, 0.2888,-0.2611,-0.005 ],0.1925
2556,[-0.9058, 0.308 ,-0.3109,-0.0773],[ 1.7836, 2.9217,-0.7177, 1.5987,-0.386 ],[-0.9061, 0.3083,-0.3026,-0.0656],0.1626
2563,[-0.9091,-0.3011, 0.2097,-0.0071],[0.9603,0.3101,0.4138,2.9796,1.2652],[-0.9123,-0.2891, 0.1814,-0.0124],0.2525
2565,[-0.9026,-0.3321, 0.3436,-0.0573],[ 1.1545,-0.39  ,12.04  , 1.6814, 0.0462],[-0.9026,-0.3328, 0.3348,-0.0434],0.1247
2567,[-0.8907,-0.3822, 0.4063,-0.071 ],[-2.7274e-03,-1.2422e+00, 3.7032e+00, 3.4689e-01, 3.9544e-01],[-0.8901,-0.3836, 0.399 ,-0.057 ],0.0366
2587,[-0.8989,-0.4258, 0.4685,-0.0612],[ 0.1937,-0.723 , 4.4593, 4.8535,-0.7987],[-0.8974,-0.4272, 0.4637,-0.0458],0.0067
2600,[-0.9051, 0.0176,-0.0043,-0.1718],[  2.014 ,  1.6334,  2.6272,  1.9189,300.2112],[-0.9059, 0.0156,-0.0017,-0.1878],0.4216
2601,[-0.9057,-0.0357, 0.0701,-0.171 ],[ 1.6750e-01,-2.1633e-01, 2.5264e+02, 4.5524e-02, 8.0274e-01],[-0.9063,-0.0409, 0.0726,-0.1836],0.4008
2602,[-0.9044, 0.0433,-0.0657,-0.1743],[-0.2123,28.8825,-0.3734,-0.3465, 0.7999],[-0.9051, 0.0468,-0.0671,-0.1869],0.3954
2610,[-0.9048, 0.062 ,-0.0497,-0.1716],[5.7372e-01,2.0891e-01,2.6587e+02,4.7459e-01,1.1576e+00],[-0.9057, 0.0609,-0.0503,-0.1748],0.3992
2612,[-0.9057, 0.0699,-0.0722,-0.1669],[  1.695 ,300.1029,  0.7634,  2.0755,  9.3374],[-0.9065, 0.0704,-0.0701,-0.1726],0.3888
2614,[-0.9021, 0.148 ,-0.1863,-0.159 ],[ 0.0571, 3.8861,-0.9144, 1.9075,-0.8331],[-0.9019, 0.1535,-0.1877,-0.1603],0.275
2620,[-0.9036,-0.0666, 0.046 ,-0.1892],[ 8.4975e+00, 1.7297e+02, 1.4402e-01, 1.3414e+00,-2.7346e-01],[-0.9046,-0.0643, 0.0455,-0.1919],0.3949
2621,[-0.9046,-0.0772, 0.0872,-0.1869],[  1.0193,  0.541 ,447.4987,  0.9879,  2.2196],[-0.9054,-0.0788, 0.0847,-0.1919],0.3731
2623,[-0.8959,-0.1451, 0.1867,-0.1673],[ 1.2893,-2.0841,16.5225, 1.1392, 0.1638],[-0.8957,-0.1509, 0.1883,-0.1718],0.2523
2632,[-0.8934, 0.1801,-0.14  ,-0.1843],[-1.2602,-0.2185,-1.7319, 0.1726,-1.6795],[-0.8951, 0.1753,-0.1274,-0.181 ],0.2668
2634,[-0.8924, 0.1892,-0.2   ,-0.1732],[ 2.3069,13.9423,-0.0593, 1.6263, 1.935 ],[-0.8929, 0.1909,-0.1944,-0.1744],0.2218
2636,[-0.9075, 0.2577,-0.3017,-0.153 ],[ 0.1604, 4.1563,-0.9949,-0.0218,-0.9742],[-0.9065, 0.2635,-0.3049,-0.1546],0.1843
2640,[-0.8819,-0.1689, 0.0456,-0.167 ],[-0.7142,-0.0907,-1.2639,-0.5469,-0.9315],[-0.8843,-0.1573, 0.0499,-0.1835],0.2667
2641,[-0.8956,-0.1796, 0.141 ,-0.1659],[ 0.1474,-0.4084, 0.5973, 1.2256, 0.3838],[-0.8972,-0.1749, 0.1285,-0.1644],0.2745
2643,[-0.8985,-0.1864, 0.2161,-0.1615],[ 1.1192,-0.1463, 1.357 ,25.1012, 0.2459],[-0.8983,-0.1904, 0.215 ,-0.1524],0.2319
2645,[-0.9026,-0.2176, 0.285 ,-0.1401],[ 0.5443,-1.8348, 2.1434, 1.6737,-1.1754],[-0.901 ,-0.2254, 0.2901,-0.1263],0.1903
2656,[-0.9064, 0.2931,-0.3309,-0.1583],[ 1.0902, 5.392 ,-0.5667, 0.5451,-0.5531],[-0.9056, 0.2976,-0.3299,-0.1436],0.1528
2665,[-0.9057,-0.3131, 0.3692,-0.1614],[ 0.2255,-0.6272, 1.036 , 5.863 , 0.1542],[-0.904 ,-0.3186, 0.3692,-0.1471],0.1195
2667,[-0.8965,-0.3593, 0.4206,-0.1788],[ 0.0749,-1.2071, 5.2431, 1.0916,-0.6957],[-0.8943,-0.3641, 0.4211,-0.1649],0.0466
2687,[-0.9082,-0.413 , 0.4798,-0.142 ],[-0.1057,-0.847 , 2.1255, 3.7787,-0.9634],[-0.9054,-0.4165, 0.481 ,-0.1266],0.024
2700,[-0.9015, 0.0105,-0.0027,-0.2944],[  1.4789,135.7285,  6.4778,  3.0522,  2.0281],[-0.9028, 0.0091, 0.0013,-0.3031],0.4098
2701,[-0.9021,-0.0368, 0.0736,-0.2907],[-0.3545,-1.1589,40.3539, 3.7084,-0.411 ],[-0.9031,-0.0426, 0.0773,-0.2975],0.3842
2702,[-0.9048, 0.0419,-0.0657,-0.278 ],[ 0.0917, 2.8204,-0.5623, 3.7759,-0.6703],[-0.9059, 0.0458,-0.0671,-0.2807],0.3992
2710,[-0.895 , 0.0693,-0.0475,-0.3015],[ 2.4733, 0.7245,84.5658, 1.1282, 1.4572],[-0.8964, 0.0673,-0.0477,-0.2955],0.3578
2712,[-0.8916, 0.087 ,-0.0795,-0.3075],[ 1.0093,92.0817, 0.6499, 5.0176, 2.0662],[-0.8931, 0.0867,-0.0759,-0.3027],0.3234
2714,[-0.8814, 0.1569,-0.1773,-0.3337],[-0.4433, 2.1921,-0.9241, 0.7235,-0.7173],[-0.8822, 0.1609,-0.1798,-0.3233],0.2028
2720,[-0.9032,-0.0655, 0.0458,-0.2793],[ 1.8641, 1.3587, 0.3517,10.2592, 0.6973],[-0.9045,-0.0631, 0.0422,-0.2707],0.3964
2721,[-0.9037,-0.0737, 0.0878,-0.2822],[ 1.5873,-0.0614, 3.1396,57.4601, 0.689 ],[-0.9048,-0.0763, 0.0868,-0.274 ],0.371
2723,[-0.8938,-0.1413, 0.1847,-0.3088],[ 0.3727,-1.6056, 1.4881, 1.0592,-1.1617],[-0.894 ,-0.1482, 0.1884,-0.2956],0.2477
2732,[-0.8981, 0.1817,-0.1405,-0.3118],[ 0.0621, 1.0221, 0.0291, 1.0346,-0.6366],[-0.9004, 0.1773,-0.1283,-0.3059],0.2862
2734,[-0.8828, 0.188 ,-0.1913,-0.3105],[ 1.4006, 4.5239,-0.6766, 2.5411, 0.0436],[-0.884 , 0.1898,-0.1884,-0.2978],0.193
2741,[-0.8924,-0.1856, 0.1617,-0.2542],[0.0481,0.4646,0.1963,1.6973,0.4037],[-0.8941,-0.1831, 0.1491,-0.2399],0.2494
2743,[-0.8927,-0.1941, 0.2067,-0.3126],[ 1.1586,-0.0188, 6.429 , 2.6942, 0.4679],[-0.8935,-0.1973, 0.2057,-0.2968],0.2163
2767,[-0.9089,-0.3286, 0.4032,-0.2529],[-0.5262,-1.2014, 0.6936, 2.3737,-0.6578],[-0.9062,-0.3364, 0.4104,-0.236 ],0.098
2800,[-0.8914, 0.0061, 0.0025,-0.428 ],[ 2.3807, 0.9248, 3.4307,21.9385, 0.98  ],[-0.8932, 0.005 , 0.004 ,-0.4151],0.3706
2801,[-0.8891,-0.0368, 0.0798,-0.423 ],[-0.0815,-0.7193, 2.9678, 4.1678,-0.6687],[-0.8905,-0.0433, 0.0847,-0.4131],0.3278
2802,[-0.8977, 0.0347,-0.0738,-0.4307],[-0.5002, 0.5262,-0.8273, 0.5321,-1.3238],[-0.8992, 0.0416,-0.0813,-0.4168],0.3657
2810,[-0.8931, 0.077 ,-0.0442,-0.4293],[ 0.7156, 1.3851,86.4381, 3.4055, 1.6728],[-0.8952, 0.074 ,-0.044 ,-0.4194],0.3514
2812,[-0.8839, 0.0985,-0.0912,-0.4362],[ 0.37  ,93.0858, 0.4218, 2.185 , 0.7523],[-0.8859, 0.0986,-0.0878,-0.4239],0.2834
2814,[-0.8741, 0.1485,-0.176 ,-0.4345],[ 1.0298, 1.3734,-0.7008, 0.5485,-0.4909],[-0.8752, 0.1533,-0.1781,-0.4236],0.1819
2820,[-0.8892,-0.0632, 0.0485,-0.4378],[ 0.8052,13.5278, 0.6734, 2.9922, 0.2212],[-0.8911,-0.0622, 0.0479,-0.4261],0.3378
2821,[-0.8928,-0.0925, 0.1071,-0.4345],[ 1.8711, 0.0622,39.109 , 2.7222, 0.4874],[-0.8944,-0.0956, 0.1068,-0.4209],0.31
2823,[-0.8966,-0.1487, 0.1826,-0.4509],[-0.334 ,-0.122 , 2.8823, 2.2042,-0.4285],[-0.8976,-0.1555, 0.1853,-0.4352],0.2599
2832,[-0.9017, 0.1839,-0.1365,-0.4303],[1.339 ,0.8698,0.1532,2.3515,0.2396],[-0.9045, 0.1792,-0.1238,-0.421 ],0.3034
2834,[-0.8859, 0.1864,-0.1919,-0.4294],[ 1.8461, 6.7907,-0.2335, 1.4758, 0.3762],[-0.8874, 0.1894,-0.1907,-0.418 ],0.2045
2841,[-0.9079,-0.1684, 0.1507,-0.4666],[0.9103,0.4776,0.7061,0.8594,0.0503],[-0.9103,-0.1677, 0.1405,-0.4491],0.3239
2843,[-0.9017,-0.1845, 0.1976,-0.4256],[ 1.4543, 0.1173, 1.0193, 4.8488,-0.0195],[-0.903 ,-0.189 , 0.1984,-0.4083],0.258
2900,[-0.8854, 0.0073,-0.0073,-0.7079],[-24.5608,-24.0043,-24.048 ,-23.5147,-25.1071],[-0.8884, 0.0074,-0.0062,-0.6914],0.3527
2901,[-0.8805,-0.0334, 0.0807,-0.6352],[ 0.3743,-1.2634, 7.678 , 0.8298,-1.1994],[-0.8828,-0.0403, 0.0847,-0.6214],0.2968
2902,[-0.8851, 0.0447,-0.0677,-0.7316],[-12.8785,-12.722 ,-13.0218,-12.3015,-13.5259],[-0.8881, 0.0493,-0.0711,-0.7149],0.3208
2910,[-0.895 , 0.0772,-0.046 ,-0.6824],[ 1.0986e-01, 1.0021e+00, 5.5806e+02, 2.5304e+00,-8.3540e-01],[-0.8981, 0.0748,-0.0464,-0.6693],0.3624
2912,[-0.8847, 0.0909,-0.083 ,-0.6903],[ -0.5336,383.8205, -1.0851,  6.5959, -1.0656],[-0.8878, 0.0915,-0.08  ,-0.6752],0.2975
2914,[-0.8788, 0.1463,-0.1754,-0.5638],[ 0.5333, 7.4785,-1.4439, 0.9105, 0.5145],[-0.8803, 0.1522,-0.1774,-0.5497],0.2009
2920,[-0.8813,-0.0643, 0.0465,-0.6232],[-3.2722,-4.0949,-4.0306,-3.1677,-5.0943],[-0.8841,-0.0631, 0.0442,-0.6087],0.3097
2921,[-0.8869,-0.0781, 0.0937,-0.6132],[ 0.967 , 0.0386, 3.4432,37.4015,-0.418 ],[-0.8892,-0.0821, 0.0973,-0.5961],0.2987
2923,[-0.8939,-0.1405, 0.179 ,-0.5635],[ 0.4046,-1.004 , 2.216 , 6.3136,-0.8163],[-0.8952,-0.1483, 0.183 ,-0.5452],0.2547
2932,[-0.8879, 0.1814,-0.146 ,-0.6838],[ 0.5626,-0.0908,-1.7692, 0.4868,-1.7974],[-0.8915, 0.1805,-0.1393,-0.668 ],0.2467
2934,[-0.8902, 0.1805,-0.186 ,-0.5506],[ 0.3159, 0.4724,-0.4817,17.5776,-0.3433],[-0.8921, 0.1844,-0.1866,-0.5358],0.2261
2943,[-0.8954,-0.1859, 0.2071,-0.5478],[ 1.9774,-0.7319, 4.4701, 2.1881,-0.2246],[-0.8969,-0.1918, 0.2059,-0.5381],0.2309
3200,[-0.8595, 0.0384,-0.0199, 0.3044],[-2.667 ,-2.1986,-2.3292,-3.8535,-1.9835],[-0.8583, 0.0363,-0.0172, 0.2939],0.2306
3300,[-0.8609, 0.0267,-0.005 , 0.1776],[-1.4259,-0.7999,-0.366 ,-2.6625,-0.55  ],[-8.6014e-01, 2.4292e-02, 2.7348e-04, 1.6332e-01],0.2404
3301,[-0.8662,-0.0343, 0.0892, 0.1339],[-1.9385,-2.0555, 0.8127,-2.3393,-0.1705],[-0.8652,-0.0391, 0.0895, 0.1216],0.2275
3312,[-0.8623, 0.0616,-0.0761, 0.1822],[-1.4198,-0.0781,-2.3337,-2.324 ,-0.0666],[-0.8614, 0.0624,-0.0742, 0.1692],0.2108
3323,[-0.865 ,-0.0724, 0.2092, 0.1983],[-1.7297,-2.7492,-0.7852,-1.9201,-0.4257],[-0.8614,-0.0846, 0.236 , 0.1837],0.1404
3334,[-0.8589, 0.1721,-0.1931, 0.1395],[ 0.466 , 1.2659,-1.6331,-1.204 , 2.9428],[-0.858 , 0.1726,-0.1883, 0.1385],0.1147
3400,[-0.8633, 0.0367,-0.0289, 0.0583],[ 0.0853, 0.7637, 1.4798,-1.7606, 2.7877],[-0.8632, 0.0359,-0.0291, 0.046 ],0.2442
3401,[-0.8624,-0.0377, 0.0818, 0.0621],[-1.9128,-3.5694,-1.6501,-2.8238,-0.9565],[-0.8619,-0.0417, 0.0839, 0.0477],0.2166
3410,[-0.8664, 0.0559,-0.0509, 0.1107],[-1.4819,-2.358 ,-0.2091,-2.4472,-1.072 ],[-0.866 , 0.0548,-0.0449, 0.0965],0.2417
3412,[-0.8585, 0.1376,-0.096 , 0.0452],[ 0.215 , 1.8224,-0.9878,-1.5029, 2.1726],[-0.8591, 0.1327,-0.0811, 0.0306],0.1736
3414,[-0.865 , 0.1624,-0.1987, 0.0889],[-0.2884, 1.798 ,-1.9393,-1.0457, 1.7015],[-0.8639, 0.1648,-0.2003, 0.094 ],0.1313
3421,[-0.8633,-0.0826, 0.1152, 0.0518],[ 0.4339,-0.7728, 2.4431,-0.97  , 3.7196],[-0.8628,-0.0852, 0.1137, 0.037 ],0.1916
3432,[-0.8565, 0.1691,-0.1516, 0.0795],[-0.5386,-0.6129,-0.7989,-0.9649, 0.2571],[-0.8567, 0.1665,-0.1397, 0.0651],0.1312
3434,[-0.8627, 0.1834,-0.2063, 0.0656],[ 0.2948, 4.8354,-0.8106,-0.478 , 2.2538],[-0.8621, 0.1843,-0.2005, 0.0585],0.118
3436,[-0.8574, 0.1991,-0.2907, 0.046 ],[ 0.6719, 2.6814,-2.0015,-0.898 , 1.1575],[-0.8545, 0.2051,-0.2955, 0.0314],0.0527
3500,[-0.8632, 0.0321,-0.035 ,-0.0607],[-0.994 , 0.4657,-0.1167,-2.6573, 0.7201],[-0.8636, 0.0325,-0.0356,-0.0751],0.2448
3502,[-0.866 , 0.0441,-0.0592,-0.079 ],[-2.2348,-1.0863,-3.6148,-3.118 ,-1.251 ],[-0.8662, 0.0455,-0.0575,-0.0819],0.2413
3510,[-0.8645, 0.1105,-0.0176,-0.0506],[-2.9784,-3.9847,-2.1695,-4.1618,-2.4938],[-0.8655, 0.1019,-0.0148,-0.0633],0.2333
3512,[-0.861 , 0.1393,-0.0556,-0.009 ],[ 0.4294, 1.3837,-1.5154,-1.6159, 0.9059],[-0.8623, 0.13  ,-0.0328,-0.0238],0.2038
3520,[-0.8626,-0.0771, 0.0461,-0.1052],[-2.2084,-1.1342,-2.8661,-3.0755,-2.2289],[-0.8633,-0.0745, 0.0467,-0.1205],0.2235
3521,[-0.8609,-0.0844, 0.0985,-0.0401],[-0.9257,-1.6105, 1.5292,-1.4365, 1.7394],[-0.861 ,-0.0854, 0.0947,-0.0522],0.1928
3532,[-0.8646, 0.1857,-0.1508,-0.0114],[ 0.6894,-0.4115,-0.782 ,-0.5696, 0.9332],[-0.8657, 0.1816,-0.1348,-0.0244],0.156
3543,[-0.8642,-0.2132, 0.2283,-0.0732],[ 2.0162,-0.4665, 8.9678, 0.1547, 1.2685],[-0.8641,-0.2144, 0.2241,-0.075 ],0.1038
3600,[-0.8616, 0.0252,-0.0151,-0.2087],[-1.7003,-1.9107,-1.7212,-3.3035,-1.1511],[-0.8625, 0.0246,-0.0169,-0.2162],0.2448
3602,[-0.865 , 0.03  ,-0.0658,-0.1527],[-2.983 ,-2.0575,-4.6646,-2.5506,-3.293 ],[-0.8654, 0.0337,-0.0671,-0.1377],0.239
3610,[-0.8632, 0.0583,-0.0523,-0.2337],[-3.327 ,-4.0833,-2.4738,-3.7307,-2.8879],[-0.8643, 0.058 ,-0.0515,-0.2339],0.2316
3620,[-0.8641,-0.0726, 0.0544,-0.1352],[-2.2093,-1.1229,-2.6684,-2.9131,-1.8379],[-0.8647,-0.0717, 0.0607,-0.1189],0.2241
3621,[-0.8658,-0.091 , 0.0927,-0.1993],[-0.1241,-1.9962, 0.6064,-1.7186,-0.1332],[-0.8666,-0.0913, 0.0887,-0.1947],0.2125
3643,[-0.861 ,-0.2245, 0.2329,-0.1485],[ 1.3921,-1.0974, 3.0931, 2.4842,-0.2871],[-0.8615,-0.2255, 0.2263,-0.1453],0.0907
3700,[-0.8548, 0.0306,-0.0067,-0.316 ],[ 0.1897,-0.1608,-0.5718,-1.332 , 0.3198],[-0.8562, 0.0285,-0.0054,-0.3117],0.221
3701,[-0.8596,-0.0306, 0.0778,-0.3298],[-1.6862,-2.5308, 0.3002,-1.6929,-2.1692],[-0.8607,-0.0358, 0.081 ,-0.3285],0.2157
3702,[-0.8634, 0.0434,-0.058 ,-0.2799],[-2.2327,-1.4483,-2.9069,-2.6002,-2.7538],[-0.8645, 0.0447,-0.0531,-0.2636],0.2368
3710,[-0.8591, 0.0672,-0.0419,-0.3355],[-2.0139,-2.078 ,-1.881 ,-1.7365,-2.4298],[-0.8607, 0.065 ,-0.039 ,-0.3273],0.2208
3712,[-0.8607, 0.0825,-0.076 ,-0.3543],[-1.7571,-2.1176,-3.087 ,-2.5529,-2.0168],[-0.8623, 0.0824,-0.073 ,-0.3451],0.207
3714,[-0.8626, 0.1608,-0.189 ,-0.3488],[-0.8558, 1.9181,-1.2464, 0.7167, 0.2207],[-0.8632, 0.1651,-0.1923,-0.3315],0.1321
3721,[-0.8619,-0.0788, 0.1059,-0.3143],[ 1.1602,-1.6344, 1.5569, 0.087 , 0.692 ],[-0.8629,-0.0823, 0.1072,-0.3069],0.1958
3734,[-0.8648, 0.1773,-0.2014,-0.3203],[ 0.8449, 5.1321,-0.0971, 0.3879,-0.0302],[-0.8655, 0.1812,-0.2032,-0.3295],0.1288
3743,[-0.8651,-0.1907, 0.2228,-0.3296],[ 1.1729,-0.4715, 1.9455, 2.1109,-0.4646],[-0.8655,-0.1949, 0.2198,-0.3133],0.1172
3800,[-0.8509, 0.0285, 0.0015,-0.4435],[1.2935,0.9989,3.3922,1.7481,1.8732],[-0.8528, 0.0258, 0.0034,-0.4384],0.2126
3801,[-0.858 ,-0.0243, 0.0762,-0.4461],[ 0.2528,-1.1003, 1.1792, 0.2363, 0.0775],[-0.8595,-0.0301, 0.0793,-0.4402],0.2138
3802,[-0.8391, 0.0441,-0.0623,-0.4868],[-1.6669,-0.1847,-1.7831,-1.5186,-0.768 ],[-0.8411, 0.0464,-0.0628,-0.4881],0.1527
3810,[-0.8513, 0.0761,-0.0408,-0.4367],[-0.5307,-0.1694, 1.5719, 1.0238,-0.3245],[-0.8534, 0.0733,-0.0378,-0.4298],0.1925
3812,[-0.8575, 0.0857,-0.0858,-0.4497],[2.373 ,9.058 ,0.1458,0.9883,0.9072],[-0.8594, 0.0867,-0.0848,-0.4347],0.1907
3814,[-0.862 , 0.131 ,-0.1761,-0.4497],[ 0.2313, 0.7261,-0.8903, 1.0117,-0.0107],[-0.8628, 0.137 ,-0.1786,-0.4324],0.1469
3820,[-0.8482,-0.0635, 0.0493,-0.4539],[0.6526,3.7858,1.5943,0.2398,0.68  ],[-0.8503,-0.0629, 0.0492,-0.449 ],0.1825
3821,[-0.8521,-0.0654, 0.0717,-0.4612],[1.0037,0.2674,9.4359,0.595 ,0.8457],[-0.854 ,-0.067 , 0.0726,-0.4588],0.1847
3823,[-0.8638,-0.1322, 0.1967,-0.4532],[-0.5297,-0.6449, 1.5139, 0.2085,-0.0561],[-0.864 ,-0.1404, 0.203 ,-0.4409],0.1401
3843,[-0.8644,-0.1718, 0.2243,-0.388 ],[ 1.7509,-0.3253, 3.013 , 0.9703, 0.282 ],[-0.8645,-0.1782, 0.2261,-0.3712],0.118
3900,[-0.8435, 0.0049,-0.011 ,-0.8118],[ 0.8965,30.3546, 0.9106,28.3482, 0.3441],[-0.847 , 0.0054,-0.0089,-0.7989],0.1923
3901,[-0.8556,-0.0164, 0.0791,-0.6578],[-0.9573,-2.4414, 4.146 ,-1.0755,-2.1165],[-0.8579,-0.0238, 0.0842,-0.6458],0.2089
3902,[-0.8341, 0.0408,-0.0767,-0.9414],[-0.9439,20.0374,-2.4291,18.2062,-1.4559],[-0.8379, 0.0455,-0.0791,-0.9339],0.1366
3910,[-0.84  , 0.069 ,-0.0481,-0.7752],[ 0.5833, 0.2911,59.0213, 1.2505, 1.2969],[-0.8435, 0.0685,-0.0499,-0.7608],0.1574
3912,[-0.847 , 0.0775,-0.0845,-0.8032],[ 9.1982e-01, 3.0722e+00,-6.6945e-01, 8.0818e+02, 2.4987e-01],[-0.8503, 0.0799,-0.085 ,-0.7854],0.1632
3914,[-0.8485, 0.1388,-0.1737,-0.7384],[ 1.3754, 4.3481,-1.5454,-0.0899,-1.1746],[-0.8506, 0.1448,-0.1747,-0.7213],0.1092
3920,[-0.8439,-0.0664, 0.0491,-0.7199],[ 3.1175,16.2725, 0.3292, 1.6674,-0.1094],[-0.8472,-0.066 , 0.05  ,-0.7086],0.1704
3921,[-0.8469,-0.0661, 0.0616,-0.7133],[ 0.9949,-0.3826,14.0279, 2.0128, 0.8791],[-0.85  ,-0.0668, 0.0607,-0.7033],0.1757
3930,[-0.8398, 0.1773,-0.0552,-0.5888],[-0.8934,-0.9924,-0.1496,-0.6759,-0.43  ],[-0.8441, 0.1692,-0.0582,-0.571 ],0.1199
3932,[-0.8386, 0.176 ,-0.121 ,-0.6313],[ 0.253 , 0.4284,-0.2212, 1.1237,-0.1561],[-0.8422, 0.1733,-0.114 ,-0.6251],0.0944
3934,[-0.8424, 0.2201,-0.2279,-0.7364],[ 0.1407, 2.5884,-1.5243, 2.2885,-0.0895],[-0.8448, 0.2241,-0.2245,-0.7184],0.0456
4800,[-0.8021, 0.0361,-0.0178,-0.4795],[ 0.2801, 0.5516, 0.2683,-0.4832, 0.9289],[-0.8043, 0.035 ,-0.0167,-0.4821],0.0548
4802,[-0.8023, 0.0421,-0.09  ,-0.4736],[-0.4155, 0.0645,-0.9547,-1.1914,-0.288 ],[-0.8039, 0.0463,-0.0942,-0.4713],0.0321
4810,[-0.809 , 0.0616,-0.0424,-0.472 ],[ 0.0728,-0.5361, 0.2963,-0.4402, 0.3737],[-0.8112, 0.0604,-0.0377,-0.4653],0.0655
4812,[-0.811 , 0.08  ,-0.0822,-0.4875],[ 0.1295, 0.8067,-0.3907, 0.1199, 0.7071],[-0.8131, 0.0807,-0.0786,-0.4865],0.0522
4820,[-0.8112,-0.0644, 0.0391,-0.4966],[ 0.2078, 0.425 ,-0.3175,-0.1397, 0.9313],[-0.8137,-0.0625, 0.0316,-0.5147],0.0726
4832,[-0.7967, 0.2264,-0.137 ,-0.4871],[-0.0979, 0.2197, 0.8557, 0.5926, 0.0516],[-0.8011, 0.2216,-0.118 ,-0.5052],-0.0316
4900,[-0.7948, 0.0012,-0.0167,-0.9111],[  2.8194,  2.1123,386.2693,  1.2385,  1.8687],[-0.7989, 0.0031,-0.0239,-0.9161],0.0418
4901,[-0.7894,-0.0416, 0.0638,-0.98  ],[-0.0093,-1.6516, 3.6427, 0.98  ,-0.163 ],[-0.7935,-0.044 , 0.062 ,-0.9774],0.0149
4902,[-0.8002, 0.0298,-0.0735,-0.9054],[ -0.7391,195.3552, -0.4952, -0.5316,  0.263 ],[-0.8039, 0.0342,-0.0752,-0.909 ],0.0416
4910,[-0.8037, 0.0641,-0.0455,-0.8331],[-1.4205,-1.82  , 0.0809,-0.2953,-1.3634],[-0.8075, 0.0637,-0.045 ,-0.8307],0.0518
4912,[-0.8032, 0.0683,-0.0788,-0.8297],[ 1.7817,67.1072,-0.3224,-0.2457, 1.4655],[-0.8066, 0.0703,-0.0778,-0.8261],0.0382
4914,[-0.8087, 0.1313,-0.1729,-0.7451],[-0.4755,-1.5657,-3.1274,-1.385 ,-2.5891],[-0.8108, 0.1365,-0.1731,-0.74  ],0.001
4920,[-0.7994,-0.0677, 0.0391,-0.822 ],[1.9562,6.168 ,1.061 ,2.0876,0.8075],[-0.8032,-0.0665, 0.0392,-0.8157],0.0407
4921,[-0.8026,-0.068 , 0.0619,-0.8115],[1.2145,0.0261,8.6211,0.2615,0.0458],[-0.8062,-0.0685, 0.06  ,-0.8023],0.0428
4922,[-0.7998,-0.0607,-0.0647,-0.988 ],[-1.101 , 0.1417,-1.3587,-1.5622,-1.2407],[-0.8041,-0.0516,-0.0611,-0.9688],0.0404
4932,[-0.8068, 0.1999,-0.1352,-0.6458],[ 0.1651, 0.7848,-0.4034, 0.1318, 0.3803],[-0.8109, 0.1975,-0.1283,-0.6431],-0.0033
4934,[-0.7849, 0.213 ,-0.179 ,-0.6643],[ 0.3706, 4.8508,-1.742 , 2.2589, 0.0494],[-0.7884, 0.213 ,-0.1715,-0.6554],-0.072
5700,[-0.7336,-0.0323, 0.0353,-0.3629],[-0.229 , 0.5943, 0.2324,-0.756 , 0.6246],[-0.7352,-0.0328, 0.037 ,-0.3803],-0.1082
5721,[-0.7507,-0.0591, 0.0812,-0.3466],[ 0.0644,-0.5334, 1.1305,-0.1792, 0.3496],[-0.752 ,-0.0607, 0.0815,-0.3504],-0.09
5800,[-0.7441,-0.0099, 0.0105,-0.4601],[-0.4744,-0.5229,-0.025 ,-1.3695, 0.5544],[-0.7462,-0.01  , 0.0104,-0.4717],-0.0817
5801,[-0.7413,-0.043 , 0.0645,-0.4431],[-0.4741,-1.1856,-0.5145,-1.5922,-0.1651],[-0.7431,-0.0445, 0.0642,-0.449 ],-0.1005
5802,[-0.7566, 0.053 ,-0.0643,-0.4893],[-0.4832,-0.724 ,-1.1641,-1.0932,-0.1066],[-0.7587, 0.0543,-0.067 ,-0.4899],-0.0706
5810,[-0.7614, 0.0603,-0.0535,-0.4784],[-0.072 ,-0.1459,-0.0548,-0.4851, 0.2858],[-0.7637, 0.0599,-0.0461,-0.4849],-0.0547
5812,[-0.7582, 0.0706,-0.0846,-0.4806],[ 0.041 , 0.8213,-0.5526,-0.3325, 1.5078],[-0.7601, 0.072 ,-0.0838,-0.4847],-0.0755
5820,[-0.7412,-0.0585, 0.0492,-0.4707],[-0.4415,-0.2715,-0.8681,-0.4889, 0.4352],[-0.7434,-0.058 , 0.0426,-0.4877],-0.0984
5821,[-0.7557,-0.0666, 0.0757,-0.4308],[-0.2602,-0.3672, 1.5818,-0.715 , 0.2839],[-0.7576,-0.0675, 0.073 ,-0.4463],-0.0775
5900,[-0.7535, 0.0012,-0.0054,-0.8099],[2.4035e+00,1.6971e+00,7.4340e+02,6.0115e-01,1.9484e+00],[-0.7571, 0.0018,-0.0097,-0.8237],-0.0586
5901,[-0.7497,-0.0364, 0.0625,-0.7777],[-0.0684,-0.8475,40.5254,-0.1613, 1.7063],[-0.753 ,-0.0385, 0.0618,-0.7887],-0.0777
5902,[-0.7586, 0.0373,-0.0672,-0.822 ],[-11.692 ,-10.4256,-12.4944,-12.6557,-11.4758],[-0.762 , 0.04  ,-0.0689,-0.8293],-0.0605
5910,[-0.7577, 0.066 ,-0.0401,-0.826 ],[-1.8542,-1.6861,-0.0521,-2.3984, 0.3854],[-0.7615, 0.0651,-0.039 ,-0.8365],-0.0604
5912,[-0.763 , 0.0692,-0.0755,-0.8208],[-1.8959,-0.7127,-4.1141,-3.7493,-1.1657],[-0.7665, 0.0705,-0.074 ,-0.8275],-0.0587
5914,[-0.7428, 0.1454,-0.1964,-0.936 ],[-1.1387, 0.7892,-1.8042,-1.4483,-1.155 ],[-0.7449, 0.1508,-0.2035,-0.922 ],-0.1494
5920,[-0.7619,-0.067 , 0.0409,-0.7793],[-0.8998,-0.8272,-1.8862,-2.1871,-0.2743],[-0.7656,-0.0659, 0.0372,-0.7866],-0.0513
5921,[-0.7502,-0.0761, 0.0812,-0.7655],[ 0.478 ,-0.6269,15.5941, 0.0428, 2.4966],[-0.7536,-0.0771, 0.0768,-0.7764],-0.0886
5923,[-0.7451,-0.1421, 0.175 ,-0.867 ],[-1.1039,-2.3256, 2.304 , 1.4471,-0.3737],[-0.7477,-0.1458, 0.1736,-0.8563],-0.1367
5932,[-0.7568, 0.1833,-0.1462,-0.7706],[ 0.0531, 0.1371,-0.8899,-0.3084, 0.2053],[-0.7607, 0.1831,-0.1425,-0.7704],-0.1132
5934,[-0.7576, 0.1994,-0.2228,-0.7404],[ 0.2505, 2.8826,-0.8176, 0.3909, 0.7058],[-0.7595, 0.2029,-0.2209,-0.7255],-0.1384
5941,[-0.7751,-0.1669, 0.1324,-0.7719],[ 0.2087,-0.1053, 0.056 ,-0.2716, 0.3944],[-0.7792,-0.1662, 0.1213,-0.7908],-0.0669
6600,[-0.6995,-0.0227, 0.0227,-0.2352],[-0.486 , 0.2422,-0.0263,-0.858 , 0.7059],[-0.7006,-0.0227, 0.0213,-0.2479],-0.1698
6700,[-6.9558e-01, 3.8243e-03,-1.7610e-04,-3.4903e-01],[-0.4465,-0.2154, 0.0723,-1.3669, 2.9221],[-0.6971, 0.0036, 0.001 ,-0.3601],-0.1716
6701,[-0.6997,-0.02  , 0.0719,-0.3493],[-0.7463,-2.7364, 0.1193,-2.3292, 0.263 ],[-0.701 ,-0.0225, 0.0695,-0.3537],-0.1734
6702,[-0.6947, 0.0266,-0.0698,-0.3497],[-0.9044,-0.0781,-1.6939,-2.3713,-0.0071],[-0.696 , 0.0287,-0.0683,-0.3579],-0.1825
6712,[-0.6942, 0.0666,-0.0881,-0.3602],[-0.5977, 0.3515,-1.0769,-0.9943, 0.7126],[-0.6955, 0.0674,-0.0773,-0.3614],-0.1913
6800,[-6.9788e-01, 5.0918e-03,-2.9437e-04,-4.5109e-01],[-33.5627,-34.0281,-33.6   ,-34.9525,-32.8831],[-6.9986e-01, 4.8479e-03, 4.2451e-04,-4.6251e-01],-0.1669
6801,[-0.698 ,-0.0143, 0.0762,-0.4572],[ -8.7346, -9.7853, -7.9767,-10.2256, -8.1968],[-0.6997,-0.0175, 0.0758,-0.4685],-0.1759
6802,[-0.6977, 0.0265,-0.073 ,-0.4535],[-7.5964,-6.7601,-8.5951,-9.1413,-6.4753],[-0.6994, 0.029 ,-0.0733,-0.4637],-0.1778
6810,[-0.7015, 0.0623,-0.0387,-0.469 ],[-0.556 ,-0.597 ,-0.1994,-1.6011, 0.4174],[-0.7038, 0.0613,-0.035 ,-0.4804],-0.1695
6812,[-0.7055, 0.0676,-0.0979,-0.4572],[-0.8069, 0.5204,-2.177 ,-2.0214,-0.0338],[-0.7072, 0.0694,-0.0944,-0.4663],-0.1754
6820,[-0.7297,-0.0611, 0.0485,-0.4737],[-0.2422,-0.0971,-0.3516,-0.6874, 0.0479],[-0.732 ,-0.0604, 0.0408,-0.4912],-0.1209
6821,[-0.7098,-0.0599, 0.0874,-0.4452],[-0.479 ,-1.4436, 1.008 ,-1.263 , 0.2539],[-0.7115,-0.0616, 0.0864,-0.4604],-0.1653
6900,[-0.714 , 0.0075,-0.0029,-0.6245],[ 8.3789e-01, 1.0567e+00, 1.7786e+00,-2.1912e-01, 4.6717e+02],[-0.7168, 0.0073,-0.0029,-0.6427],-0.1379
6901,[-0.7116,-0.0268, 0.0708,-0.5987],[ 0.5952,-1.4967,27.2524,-1.7991, 0.1114],[-0.714 ,-0.0292, 0.0686,-0.6121],-0.1523
6902,[-0.7123, 0.0309,-0.0694,-0.6115],[-0.1914,40.4066,-0.7938,-0.8428, 3.0255],[-0.7148, 0.0332,-0.0683,-0.6267],-0.1515
6903,[-0.6943,-0.0317, 0.167 ,-0.5261],[-1.4174,-1.6872,-1.2568,-1.0699,-1.1941],[-0.695 ,-0.0378, 0.1531,-0.5424],-0.1997
6910,[-0.7148, 0.0676,-0.033 ,-0.6941],[-0.9907,-1.5271, 0.5548,-1.3859,15.8309],[-0.7182, 0.0662,-0.0286,-0.7114],-0.1452
6912,[-0.712 , 0.0725,-0.0896,-0.6682],[-1.0526, 2.8217,-2.6428,-2.1681,13.7875],[-0.7148, 0.0739,-0.0853,-0.6857],-0.162
6914,[-0.7134, 0.1357,-0.1873,-0.8191],[-0.5741, 1.8902,-1.8943,-0.8133,-0.4411],[-0.7155, 0.1401,-0.1896,-0.8289],-0.1925
6920,[-0.7293,-0.063 , 0.0459,-0.6235],[-0.3016,-0.4673,-1.2183,-1.4775,-0.3145],[-0.7323,-0.0622, 0.0393,-0.634 ],-0.1203
6921,[-0.7213,-0.068 , 0.098 ,-0.6608],[-0.3909,-2.5407, 3.1441,-1.8412, 2.4784],[-0.7239,-0.0704, 0.0979,-0.6753],-0.1484
6923,[-0.726 ,-0.1082, 0.1716,-0.8933],[-0.0922,-2.3184, 0.3311,-0.1874,-0.9288],[-0.7284,-0.1133, 0.1722,-0.9124],-0.1636
6932,[-0.7263, 0.1784,-0.1557,-0.846 ],[-0.3139,-0.1309,-0.0156,-0.2525, 0.1078],[-0.7303, 0.1789,-0.1478,-0.8522],-0.1686
6934,[-0.7159, 0.1715,-0.1814,-0.7988],[ 0.165 , 0.6414,-1.2281, 0.3747,-0.0965],[-0.7189, 0.1738,-0.1773,-0.8052],-0.1914
7402,[-0.6665,-0.0419,-0.1224, 0.006 ],[-0.7406,-0.2452,-1.6343,-1.6391,-0.2785],[-0.6657,-0.0357,-0.1151,-0.0096],-0.2348
7422,[-0.6697,-0.1449,-0.119 , 0.0153],[-4.577 ,-4.0323,-6.6382,-5.626 ,-2.9083],[-0.6701,-0.1343,-0.1247, 0.0048],-0.2449
7442,[-0.6661,-0.1839,-0.0915, 0.0196],[-2.9562,-2.6037,-4.4843,-3.6262,-1.7307],[-0.6675,-0.173 ,-0.1006, 0.0173],-0.2502
7500,[-6.7118e-01, 3.2312e-04,-2.8603e-02,-1.0813e-01],[-0.87  ,-1.811 ,-1.2776,-1.8078, 0.3392],[-0.6717, 0.001 ,-0.0156,-0.1188],-0.2078
7502,[-0.6667,-0.0356,-0.1225,-0.1045],[-2.6817,-1.6788,-4.6253,-3.9758,-1.8687],[-0.6663,-0.0295,-0.1158,-0.1147],-0.2336
7504,[-0.6599,-0.0339,-0.1855,-0.0993],[-4.3288,-4.0713,-6.2643,-4.9099,-3.7373],[-0.6582,-0.0254,-0.1848,-0.1142],-0.2529
7522,[-0.6711,-0.1281,-0.1263,-0.074 ],[-3.9672,-2.3074,-8.0631,-6.5159,-1.7019],[-0.6714,-0.1178,-0.1308,-0.0885],-0.2417
7524,[-0.6671,-0.0772,-0.1734,-0.0911],[-6.2302,-5.3722,-7.2005,-6.715 ,-5.9951],[-0.6659,-0.0671,-0.1772,-0.1023],-0.2481
7542,[-0.6638,-0.197 ,-0.0795,-0.01  ],[-19.9121,-17.5861,-21.9049,-21.4664,-18.1008],[-0.6654,-0.1878,-0.0874,-0.0169],-0.2531
7600,[-0.6744, 0.0016,-0.0212,-0.2144],[-1.7339,-3.1274,-2.5305,-3.5369,-0.8003],[-0.6754, 0.0021,-0.0135,-0.2263],-0.2036
7601,[-0.6737, 0.0055, 0.0664,-0.2247],[-2.491 ,-2.3976,-1.0451,-2.485 ,-1.1483],[-0.6745, 0.0027, 0.0592,-0.2296],-0.2107
7602,[-0.6704,-0.0349,-0.1255,-0.2133],[-22.1778,-21.0982,-24.5831,-23.9123,-21.0833],[-0.6705,-0.0285,-0.1197,-0.2266],-0.2283
7604,[-0.6646,-0.0302,-0.1779,-0.2122],[-15.9475,-14.7448,-17.6561,-16.5217,-15.9781],[-0.6635,-0.0218,-0.1767,-0.2209],-0.2453
7612,[-0.6455, 0.0568,-0.1064,-0.2416],[-0.7704, 0.603 ,-1.4978,-1.2717, 0.1387],[-0.6463, 0.0583,-0.0911,-0.2558],-0.2593
7622,[-0.6723,-0.0806,-0.1427,-0.167 ],[ -8.4285, -6.2249,-11.926 ,-10.8104, -6.576 ],[-0.6721,-0.0714,-0.1431,-0.1821],-0.2357
7624,[-0.6696,-0.0706,-0.1733,-0.1888],[-7.2962,-6.6206,-9.1321,-8.0069,-6.4541],[-0.6687,-0.0606,-0.1761,-0.2022],-0.2434
7700,[-0.6786, 0.0025,-0.0196,-0.3327],[-16.9198,-17.3443,-17.5481,-18.6004,-16.1538],[-0.6801, 0.0029,-0.0113,-0.3458],-0.1963
7701,[-0.6831,-0.0085, 0.0752,-0.3315],[-4.1242,-4.5736,-1.6413,-4.662 ,-3.1098],[-0.6842,-0.0115, 0.0731,-0.3405],-0.1989
7702,[-0.6728,-0.0097,-0.1047,-0.3051],[-23.1754,-21.7439,-25.737 ,-25.6227,-22.3468],[-0.6735,-0.0051,-0.0958,-0.319 ],-0.2178
7704,[-0.6644,-0.008 ,-0.1773,-0.2959],[-15.9887,-14.1871,-17.0784,-15.9431,-15.0737],[-6.6362e-01,-3.8235e-04,-1.7518e-01,-3.0816e-01],-0.2432
7710,[-0.6609, 0.0599,-0.0319,-0.3384],[-1.2846,-1.4923,-0.8064,-1.9742,-0.1889],[-0.6626, 0.0587,-0.026 ,-0.3549],-0.2299
7712,[-0.6645, 0.0633,-0.1122,-0.3343],[-0.9797, 0.2295,-2.1163,-2.1568, 0.6457],[-0.6655, 0.0653,-0.1023,-0.3441],-0.2373
7714,[-0.6493, 0.0689,-0.1847,-0.3439],[-1.163 ,-0.1194,-2.9973,-1.8854,-0.3491],[-0.6487, 0.0738,-0.1867,-0.3609],-0.271
7800,[-0.6833, 0.0082,-0.0108,-0.4205],[-61.8234,-62.0833,-61.9154,-62.9769,-61.2237],[-0.6851, 0.0081,-0.0044,-0.4334],-0.1894
7801,[-0.6856,-0.0069, 0.0776,-0.433 ],[-7.9549,-9.1219,-6.5528,-9.0185,-7.7338],[-0.6871,-0.0104, 0.0782,-0.4455],-0.1955
7802,[-0.6778, 0.0212,-0.0863,-0.4176],[-29.2355,-27.7064,-30.1112,-30.3617,-28.7542],[-0.6793, 0.024 ,-0.0794,-0.43  ],-0.2088
7804,[-0.6656, 0.0386,-0.1816,-0.4147],[-1.8284,-1.4671,-3.7352,-3.0572,-1.4762],[-0.6653, 0.0448,-0.1799,-0.4285],-0.2459
7810,[-0.6744, 0.0594,-0.0329,-0.4544],[-2.3199,-2.8764,-2.2161,-3.6114,-1.6801],[-0.6766, 0.0581,-0.0239,-0.4618],-0.2099
7812,[-0.6704, 0.0674,-0.1126,-0.4504],[-2.7026,-1.7436,-3.8758,-3.8411,-1.47  ],[-0.6718, 0.0693,-0.1031,-0.4635],-0.2295
7814,[-0.6651, 0.0758,-0.1918,-0.4591],[-2.5549,-1.1661,-4.0359,-3.22  ,-1.6591],[-0.6649, 0.081 ,-0.1897,-0.4693],-0.2528
7900,[-0.6847, 0.0308,-0.0062,-0.5239],[-13.8498,-13.9877,-13.7561,-14.0953,-13.4398],[-0.6871, 0.0295,-0.0008,-0.535 ],-0.1896
7901,[-0.685 , 0.0133, 0.0824,-0.5387],[-4.4052,-5.2068,-3.0931,-5.0263,-3.9616],[-0.6869, 0.0085, 0.0861,-0.5511],-0.1968
7902,[-0.6835, 0.0438,-0.0887,-0.524 ],[-5.5335,-4.8629,-6.0791,-6.2326,-5.2586],[-0.6854, 0.0461,-0.0858,-0.5344],-0.2044
7904,[-0.6769, 0.0506,-0.1718,-0.5051],[-0.7532,-0.6829,-0.777 ,-0.5486,-0.6267],[-0.6772, 0.0564,-0.1708,-0.5209],-0.2308
7910,[-0.6795, 0.0681,-0.0227,-0.5667],[-3.7819,-4.5114,-3.181 ,-4.4719,-3.2512],[-0.6823, 0.0661,-0.0164,-0.5752],-0.2023
7912,[-0.679 , 0.0771,-0.1105,-0.569 ],[-2.6126,-0.982 ,-4.1617,-3.7966,-1.7947],[-0.6811, 0.0789,-0.1025,-0.5813],-0.2182
7914,[-0.6681, 0.1022,-0.1851,-0.5635],[-0.836 , 3.2118,-2.3667,-1.4398,-0.7917],[-0.6689, 0.1064,-0.1822,-0.5744],-0.2503
8812,[-0.6433, 0.0894,-0.1496,-0.4705],[-2.2088,-1.4247,-2.5772,-2.5537,-1.36  ],[-0.6446, 0.0918,-0.136 ,-0.4839],-0.2713
8814,[-0.6422, 0.0734,-0.1904,-0.4308],[-1.747 , 0.559 ,-3.1545,-1.8439,-1.3217],[-0.6421, 0.078 ,-0.1815,-0.4413],-0.2783
