300,[0.,0.,0.,0.],[ 0.5066, 0.0453, 1.2225, 0.2236,-0.234 ]
302,[0.,0.,0.,0.],[-0.8846, 0.8482,-0.7777, 0.8815,-0.2098]
312,[0.,0.,0.,0.],[0.0849,1.7223,0.2847,0.9418,0.1961]
321,[0.,0.,0.,0.],[0.4294,0.0909,0.4038,2.0626,0.1148]
400,[0.,0.,0.,0.],[ 0.4844, 0.6971,-0.2074, 1.0288,-0.8605]
401,[0.,0.,0.,0.],[-0.8012,-0.6536, 0.623 , 0.0837,-0.7576]
402,[0.,0.,0.,0.],[-0.3293, 0.8297,-1.2331, 0.1571,-1.0169]
410,[0.,0.,0.,0.],[-0.14  ,-0.4279, 0.8203,-0.3636,-1.0298]
412,[0.,0.,0.,0.],[ 0.6231, 0.9961, 0.233 , 2.9999,-1.0171]
414,[0.,0.,0.,0.],[ 0.7643, 1.1888,-0.8646, 0.5299,-0.6519]
420,[0.,0.,0.,0.],[-0.5927, 0.938 ,-0.5174,-0.0281,-0.73  ]
421,[0.,0.,0.,0.],[ 1.4896, 0.9838, 2.4274, 1.2458,-0.3158]
500,[0.,0.,0.,0.],[ 0.5815, 2.3696, 0.8059, 6.2617,-0.8944]
502,[0.,0.,0.,0.],[-0.0123, 2.606 ,-1.0047, 0.8772,-1.6043]
512,[0.,0.,0.,0.],[ 0.8411, 2.4431,-0.3304, 1.6972,-0.9208]
514,[0.,0.,0.,0.],[ 0.2827, 1.7263,-0.2313,-0.0665,-1.0182]
520,[0.,0.,0.,0.],[ 0.3061,-0.0176,-1.0971, 0.7146,-1.0686]
521,[0.,0.,0.,0.],[-0.436 , 1.1069, 1.7023, 2.6672,-1.0309]
541,[0.,0.,0.,0.],[-1.1963,-0.4191,-1.1716,-0.2506,-1.5659]
600,[0.,0.,0.,0.],[-0.7002, 1.0973,-0.7635, 2.8142,-1.2247]
602,[0.,0.,0.,0.],[ 0.9854, 0.6206,-0.8119, 2.6809,-1.0682]
612,[0.,0.,0.,0.],[ 0.4847, 0.7662,-0.1006, 2.5665,-1.1759]
620,[0.,0.,0.,0.],[-0.2707, 3.5202,-0.713 ,-0.1236,-0.9383]
621,[0.,0.,0.,0.],[-0.4509,-0.4155,-0.5291, 1.4746,-1.893 ]
1200,[0.,0.,0.,0.],[0.9898,0.5206,0.9727,0.9391,5.2953]
1210,[0.,0.,0.,0.],[ 0.8162,-0.3905, 3.3172,-0.5542, 0.6845]
1212,[0.,0.,0.,0.],[1.2857,2.2585,0.1806,0.625 ,6.1071]
1214,[0.,0.,0.,0.],[-0.3772, 3.9798,-0.4069, 0.4826, 0.0906]
1220,[0.,0.,0.,0.],[ 0.3031, 3.0437,-0.8462,-0.687 , 0.1877]
1221,[0.,0.,0.,0.],[1.0958,1.3788,2.149 ,0.1249,4.0744]
1232,[0.,0.,0.,0.],[0.3106,0.36  ,2.0514,0.1265,1.5149]
1234,[0.,0.,0.,0.],[ 1.3284, 5.789 ,-0.2359, 1.6536, 1.8532]
1236,[0.,0.,0.,0.],[ 0.4231, 3.5592,-0.5708, 0.0817, 2.0757]
1241,[0.,0.,0.,0.],[1.1677e-01,1.1422e+00,2.0425e-03,4.9853e-02,2.3780e+00]
1243,[0.,0.,0.,0.],[0.6659,0.3056,3.9121,1.1043,3.244 ]
1300,[2290.0307,  23.1218, -22.5272,  43.2537],[ 1.7527, 5.5969, 2.1949, 0.7274,17.7057]
1301,[0.,0.,0.,0.],[-0.2439,-1.8384, 1.1699,-1.1337,-0.359 ]
1302,[1955.81  ,  48.3391, -53.6677,  27.1177],[ 0.2686, 7.119 ,-0.3725, 0.1147, 1.7864]
1310,[3463.7585, 109.1383, -58.374 ,  68.4245],[ 0.2626,-0.9477,14.2006,-0.1951, 1.6553]
1312,[4227.7387, 241.997 ,-265.1484,  81.6197],[ 3.7074,30.2211, 0.6313, 0.8542, 5.306 ]
1314,[0.,0.,0.,0.],[ 1.0517, 1.9075,-0.96  , 0.5222, 5.91  ]
1320,[797.8066,-23.5507, 15.0595, 10.5237],[-0.3611, 5.3219, 0.0808,-0.548 , 0.144 ]
1321,[0.,0.,0.,0.],[ 2.2423,-0.3409, 2.9484, 1.7285, 3.7189]
1323,[0.,0.,0.,0.],[-0.0433,-0.6845, 4.5333, 0.2874,-0.6533]
1330,[0.,0.,0.,0.],[-0.5299,-0.8826, 0.4555,-0.2794,-0.4518]
1332,[0.,0.,0.,0.],[-0.2739,-0.6087, 0.2971,-0.5843,-0.3282]
1334,[0.,0.,0.,0.],[ 2.9655,14.693 , 0.4256, 0.875 , 2.7692]
1336,[0.,0.,0.,0.],[ 0.0803,12.7546,-0.7731, 0.9052, 1.7799]
1341,[0.,0.,0.,0.],[-0.3847, 0.2514,-0.1725,-0.3026,-0.1078]
1343,[0.,0.,0.,0.],[ 1.5992, 0.6411,11.2282, 0.7549, 0.8064]
1363,[0.,0.,0.,0.],[ 0.5716, 0.8381,-0.6112, 0.5867, 0.1553]
1400,[ 8.5094e+03, 3.3391e+00,-3.8899e+01, 7.3646e+01],[ 0.2892, 2.6107,83.1766, 1.1448, 0.949 ]
1401,[0.,0.,0.,0.],[ 0.7127,-0.9395,11.9737, 0.7303, 1.9654]
1402,[8171.2384, 150.7018,-313.5535,  46.6973],[ 0.2368,18.7778,-0.3905, 0.7542,-0.1519]
1410,[1133.409 ,  31.2789, -22.3712,   6.1091],[ 0.4524, 0.1708,24.791 , 0.3987, 0.0566]
1412,[9717.1875, 306.894 ,-386.0244,  63.5621],[ 1.362 ,98.9134, 1.1121, 1.2603, 0.7942]
1414,[0.,0.,0.,0.],[-0.3966,17.1062,-0.6506, 0.3179, 1.4481]
1420,[3155.7171,-126.744 ,  65.6492,  16.187 ],[-3.0668,-1.8698,-3.4048,-3.0939,-3.4703]
1421,[9970.2067,-387.9761, 380.4981,  53.7512],[ 1.6799, 1.0901,81.1482, 0.596 , 2.1007]
1422,[0.,0.,0.,0.],[-0.8133,-0.9094,-0.9872,-1.0308,-0.6898]
1423,[0.,0.,0.,0.],[ 0.2154,-0.9581, 8.6386,-0.0615, 0.2654]
1430,[0.,0.,0.,0.],[-0.4435,-0.586 ,-0.1567, 0.0528,-0.8732]
1432,[0.,0.,0.,0.],[-0.0539,-0.3807, 0.7041,-0.2027,-0.4576]
1434,[0.,0.,0.,0.],[ 1.0419, 1.2464, 0.2991,15.0676, 0.7727]
1436,[0.,0.,0.,0.],[-0.2831,13.4661,-0.6911, 0.9625, 0.3531]
1440,[0.,0.,0.,0.],[-1.0813,-1.0238,-1.1742,-0.7727,-0.6668]
1441,[932.2486,-99.6681, 67.3701,  3.5904],[-1.1409,-0.6114,-1.7344,-1.2178,-1.8446]
1443,[ 3.2059e+02,-3.6766e+01, 3.0105e+01, 9.0659e-02],[1.7855,0.1639,3.1538,4.8817,0.4975]
1454,[0.,0.,0.,0.],[ 0.1019,-0.6665,-0.2335, 0.1294,-1.0206]
1456,[0.,0.,0.,0.],[ 1.2253, 2.4701,-0.3498, 7.5473, 0.3906]
1463,[0.,0.,0.,0.],[ 1.8147e-01, 5.3694e-01,-3.4553e-05, 1.3128e+00,-5.9091e-01]
1465,[0.,0.,0.,0.],[ 0.7707, 0.1925, 3.1317, 2.529 ,-0.032 ]
1500,[ 1.3022e+04,-3.8500e+01,-7.2919e+00,-7.8022e+01],[ 1.0937,18.2908, 7.3517,11.1568, 0.3541]
1501,[8418.6061,-156.1986, 294.1156, -65.5214],[ 3.3007e-01,-6.4556e-01, 1.1577e+01, 8.7485e-01,-8.6685e-03]
1502,[ 7.2001e+02, 1.1022e+01,-2.1544e+01,-6.1922e-01],[-2.1629,-0.7704,-3.6262,-1.8075,-2.3303]
1504,[0.,0.,0.,0.],[-0.0155, 0.0009,-0.7236,-0.3775,-0.6353]
1510,[1947.1968,  52.4664, -47.6628, -11.4857],[ 0.5004, 0.6831, 3.493 ,36.3741,-0.0407]
1512,[6120.9837, 174.3949,-204.4101, -32.3657],[ 0.6201, 4.6731, 1.2157,75.2136, 0.5496]
1514,[0.,0.,0.,0.],[ 0.5851, 4.7902,-0.9429, 0.8714,-0.7006]
1520,[3562.586 ,-109.1904,  79.5975, -23.2471],[-2.3882,-1.3244,-2.7725,-2.1124,-3.2966]
1521,[6879.585 ,-226.3717, 283.9796, -42.955 ],[ 1.6935, 0.3173, 9.1208,16.3669, 0.4014]
1522,[0.,0.,0.,0.],[ 0.4758, 0.2662,-0.732 ,-0.8362,-0.7455]
1523,[0.,0.,0.,0.],[ 1.6971,-0.6131, 2.1037, 0.3849, 0.2095]
1532,[0.,0.,0.,0.],[ 0.0772,-1.0033,-0.0512, 0.0882,-0.763 ]
1534,[0.,0.,0.,0.],[ 0.7025, 9.1244, 0.1379, 2.0009,-0.1212]
1536,[0.,0.,0.,0.],[-0.0932, 7.6898,-0.6998, 0.4061, 0.2599]
1540,[0.,0.,0.,0.],[-5.9404e-02,-2.6365e-01,-5.2938e-01,-2.2911e-04,-3.9054e-01]
1541,[0.,0.,0.,0.],[-2.6128,-1.7225,-2.0988,-1.9401,-2.5826]
1543,[2977.9743,-344.968 , 350.5501, -24.4789],[ 0.6048,-0.2271, 2.0756, 0.9936,-0.526 ]
1545,[0.,0.,0.,0.],[ 0.1115,-0.1774, 0.8004, 0.719 , 0.7881]
1556,[0.,0.,0.,0.],[ 1.3541, 2.2069,-0.2684, 5.0954,-0.26  ]
1561,[0.,0.,0.,0.],[-0.1599,-0.1192,-0.3942, 0.103 ,-0.4292]
1563,[0.,0.,0.,0.],[-0.8046,-0.1484,-0.0481, 0.6505,-1.5116]
1565,[0.,0.,0.,0.],[ 0.1852,-0.6323, 4.4185, 3.0607,-0.2167]
1600,[3102.8448, -22.9036,  36.0259, -51.5886],[2.1697e-02,1.4289e+00,2.0663e+00,5.2478e+01,1.6409e-01]
1601,[382.5948, -4.8748, 11.8968, -5.2828],[ 0.6433,-0.4748,16.3078, 0.8322,-0.2165]
1602,[2737.693 ,  48.0346, -82.7789, -45.2083],[-1.12  , 0.2286,-2.2418,-1.0244,-2.4285]
1610,[389.0538, 10.4669, -9.7187, -5.5835],[-0.1692, 0.2779, 3.8606, 3.8584,-0.0628]
1612,[1185.0262,  31.4177, -31.1525, -17.687 ],[ 1.3488,12.4174,-0.5406,10.6793, 0.1474]
1614,[0.,0.,0.,0.],[ 0.8669, 1.5928,-0.6282, 1.5234,-1.2213]
1620,[1508.6315, -55.012 ,  13.2674, -28.289 ],[-2.7194,-1.9899,-4.2219,-2.812 ,-4.1216]
1621,[3110.0329,-111.3534, 103.3125, -55.271 ],[ 2.1141,-2.1127, 1.9668, 4.9207,-1.2429]
1622,[0.,0.,0.,0.],[ 0.0198, 0.512 ,-0.4148,-0.0377,-0.1508]
1623,[647.4821,-56.5635, 70.0778,-18.221 ],[ 0.3624,-1.0853, 1.6734, 0.8696, 0.2245]
1632,[0.,0.,0.,0.],[-0.2213,-0.4419,-0.2667,-0.1159,-0.8166]
1634,[0.,0.,0.,0.],[ 0.5598, 1.3352,-0.5719, 5.2579,-0.3293]
1636,[0.,0.,0.,0.],[ 0.4251, 2.8434,-1.1287, 0.9524,-0.6914]
1641,[0.,0.,0.,0.],[-3.3132,-3.3533,-2.926 ,-2.4692,-3.6556]
1643,[1634.6042,-166.1636, 196.88  , -34.6183],[-0.9036,-1.9689, 0.2393, 0.7771,-1.9207]
1645,[0.,0.,0.,0.],[ 1.2926,-0.3477, 3.9728, 1.2545,-0.1516]
1656,[0.,0.,0.,0.],[ 0.3325, 2.0648,-0.3848, 3.0535,-0.4117]
1663,[0.,0.,0.,0.],[-0.3766,-0.6717,-0.4621, 0.5184,-1.0951]
1665,[0.,0.,0.,0.],[ 0.3082,-0.5329, 2.3864, 2.4508,-0.9053]
1700,[0.,0.,0.,0.],[-1.9751,-1.8414,-1.4308,-1.0633,-2.998 ]
1701,[0.,0.,0.,0.],[-0.3944,-0.7887, 0.8278, 1.15  ,-0.8902]
1702,[0.,0.,0.,0.],[-0.1455, 0.4702,-0.9009,-0.2223,-1.3455]
1710,[0.,0.,0.,0.],[-0.7377,-1.2698,-0.2362, 0.1653,-1.4792]
1712,[0.,0.,0.,0.],[-0.7309,-0.5635,-1.4875, 0.0916,-2.0305]
1714,[0.,0.,0.,0.],[ 0.226 , 2.3566,-0.0468,-0.0498,-0.4159]
1720,[0.,0.,0.,0.],[-1.0748, 0.5203,-0.2923, 1.0626,-1.6015]
1721,[1999.3176,-112.7925, 150.0158, -78.787 ],[-7.5009,-7.8729,-6.9926,-7.0214,-8.6822]
1723,[648.3886,-50.1898, 63.6992,-20.8928],[ 0.5567,-0.4453, 6.6379, 3.3265,-0.5439]
1734,[0.,0.,0.,0.],[ 0.6872, 1.0543,-0.3105, 3.1626,-0.5791]
1736,[0.,0.,0.,0.],[ 0.3204, 1.8451,-0.6755, 0.2315,-0.5504]
1741,[0.,0.,0.,0.],[-2.7059,-2.9906,-2.5555,-2.0401,-3.9694]
1743,[0.,0.,0.,0.],[-1.9709,-3.6085,-1.5222,-1.6558,-4.3493]
1745,[0.,0.,0.,0.],[ 1.0221,-0.3369, 9.4347, 0.9005,-0.5232]
1765,[0.,0.,0.,0.],[ 0.4905,-0.5827, 0.0816, 5.3377,-1.1422]
1800,[0.,0.,0.,0.],[-1.3878,-1.1708,-1.2234,-0.7952,-2.7615]
1801,[1502.7646, -25.5737,  59.7049, -74.3556],[-0.1759,-0.6462, 2.4295, 2.2591,-0.8574]
1802,[0.,0.,0.,0.],[-0.555 , 0.9614,-0.5743, 0.3271,-0.7658]
1804,[0.,0.,0.,0.],[-0.0976, 0.0868,-0.1132,-0.0159,-0.0416]
1810,[0.,0.,0.,0.],[-0.4574,-0.37  ,-0.4054, 0.1209,-1.4594]
1812,[0.,0.,0.,0.],[-1.2332e+00, 1.5363e-03,-1.2796e+00, 2.9086e-01,-1.9932e+00]
1814,[0.,0.,0.,0.],[ 0.0961, 0.1783, 0.0417, 0.9082,-0.2603]
1820,[0.,0.,0.,0.],[-0.0579, 0.5717, 0.0216,-0.1878,-0.4917]
1821,[1058.536 , -35.7622,  55.746 , -48.7393],[ 0.1008,-0.6613, 0.7763, 2.6905,-0.8671]
1823,[0.,0.,0.,0.],[ 0.8968,-0.3705,12.0876, 2.6152,-1.0516]
1841,[0.,0.,0.,0.],[ 0.2521, 0.6048, 0.2208, 0.1483,-0.2482]
1843,[0.,0.,0.,0.],[ 0.566 ,-1.5112, 0.0038, 2.632 ,-2.0067]
1845,[0.,0.,0.,0.],[ 0.7948,-0.3652, 3.7412, 5.5979,-0.4853]
1900,[0.,0.,0.,0.],[-55.8268,-55.9261,-55.8128,-55.8787,-56.2944]
1901,[394.8689, -1.9652, 13.1726,-20.3318],[ 0.0662,-1.469 , 6.8492, 6.5437,-2.5075]
1902,[0.,0.,0.,0.],[-0.3084,-0.3113,-1.3306,-0.6489,-1.351 ]
1910,[0.,0.,0.,0.],[-33.7283,-33.3776,-33.3705,-33.5107,-33.6621]
1912,[0.,0.,0.,0.],[-31.08  ,-30.0573,-30.7642,-29.449 ,-31.4083]
1920,[0.,0.,0.,0.],[-1.8508,-1.2341,-1.8351,-1.2218,-1.9747]
1921,[0.,0.,0.,0.],[-0.3386,-0.7543, 5.3454, 4.5688,-2.1344]
1923,[0.,0.,0.,0.],[ 0.0634,-0.5267,21.4712, 1.2911,-0.8638]
2200,[0.,0.,0.,0.],[-1.877 ,-1.0661,-1.2252,-2.4028,-0.5958]
2202,[0.,0.,0.,0.],[-0.9981,-0.16  ,-1.7701,-1.1333,-0.5213]
2210,[0.,0.,0.,0.],[-0.5197,-1.3335, 0.3427,-0.9145, 0.0408]
2212,[0.,0.,0.,0.],[-0.0451,-0.2923,-0.7751,-1.3099, 0.4004]
2220,[0.,0.,0.,0.],[-1.2023, 0.2685,-1.1053,-0.9016, 0.1226]
2221,[0.,0.,0.,0.],[ 1.2076,-0.4467, 1.2546,-1.1577, 0.3619]
2232,[0.,0.,0.,0.],[ 0.3614,-0.5652, 0.3182,-0.1524, 0.6118]
2234,[0.,0.,0.,0.],[ 0.8836, 1.7666,-0.6983,-0.5421, 0.4774]
2300,[11993.9808,  130.9591, -173.9672,  190.5418],[ -9.8412, -9.9691, -9.8371,-11.1159, -9.2953]
2301,[0.,0.,0.,0.],[-3.0793,-3.5954,-2.457 ,-3.891 ,-2.5782]
2302,[3851.5342,  85.6271, -94.4953,  58.8181],[-5.9006,-5.0716,-6.8743,-6.5209,-5.3938]
2310,[0.,0.,0.,0.],[-2.0689,-2.6624,-0.4425,-2.8942,-0.5161]
2312,[840.4661, 35.4588,-35.4918, 10.5226],[ 0.715 , 1.4811,-1.2106,-0.9223, 7.3712]
2314,[0.,0.,0.,0.],[-0.6462, 0.1898,-2.8792,-0.7423,-0.7641]
2320,[1616.2535, -42.6841,  26.4429,  22.6165],[-3.6715,-2.8655,-3.6921,-4.2998,-2.4042]
2321,[3308.0356, -84.9951,  90.0392,  47.1432],[-0.7743,-2.7493,-0.0764,-1.8711, 0.6436]
2323,[0.,0.,0.,0.],[-0.5424,-1.9089, 1.3694,-1.1058, 0.7962]
2332,[0.,0.,0.,0.],[ 0.0429,-0.5188, 0.6562,-0.8208, 0.6109]
2334,[0.,0.,0.,0.],[ 1.1593, 3.5427,-0.8865, 0.2536, 3.4788]
2336,[0.,0.,0.,0.],[ 0.3709, 3.5898,-1.411 ,-0.686 , 0.6436]
2341,[0.,0.,0.,0.],[-0.3751, 0.23  ,-0.4549,-0.3617, 0.3759]
2356,[0.,0.,0.,0.],[ 1.4031, 5.247 ,-0.6975, 0.8744, 2.2635]
2400,[13749.6045,  165.1133, -132.4787,   65.5151],[  4.3424,  1.688 ,  1.0874,  0.2148,144.1042]
2401,[4.2462e+02,4.8324e+00,1.3408e+01,1.5586e-01],[-6.3719,-6.8357,-4.9347,-6.6118,-5.9594]
2402,[2172.5288,  44.5038, -53.61  ,  20.5177],[-0.2743, 9.2796,-1.1081,-0.3533, 1.181 ]
2410,[3319.7613,  93.3618, -55.2677,  15.9412],[ 0.7659,-0.5792,15.7099,-1.1004,14.9942]
2412,[4930.8272, 182.5714,-195.8014,  40.9236],[ 1.363 ,38.2024,-0.0778, 1.3343, 3.1981]
2414,[0.,0.,0.,0.],[ 0.1114,-0.191 ,-2.1225,-1.4547, 0.7906]
2420,[3746.3655,-100.3516,  67.0586,  25.7963],[-3.7299,-2.4742,-4.3666,-4.0517,-2.6946]
2421,[5093.03  ,-133.924 , 142.913 ,  35.7181],[ 0.2488, 0.3727,18.7405, 0.9881,10.9932]
2423,[0.,0.,0.,0.],[-0.8129,-2.3164, 1.7032,-1.0901,-0.602 ]
2432,[0.,0.,0.,0.],[ 0.1502,-0.088 , 0.3553,-0.364 , 0.662 ]
2434,[0.,0.,0.,0.],[ 0.3867, 4.8623,-0.1217, 1.8731, 0.715 ]
2441,[0.,0.,0.,0.],[ 0.3983, 0.9423,-0.2392, 0.5144, 0.5448]
2443,[0.,0.,0.,0.],[ 0.1667,-0.5924, 4.5888, 0.0454, 2.7423]
2454,[0.,0.,0.,0.],[1.3847,1.0281,0.7231,1.969 ,1.1701]
2456,[0.,0.,0.,0.],[ 0.1696, 5.3356,-0.6372, 3.2704, 0.1019]
2500,[15731.002 ,   59.084 ,  -25.8942,  -89.4752],[8.5909e-01,1.8092e+00,2.4032e+02,2.1792e-01,3.7532e+00]
2501,[3843.8704, -34.4906, 128.1608, -23.2507],[ 0.2251,-1.7494,11.2739,-1.1142,-0.4571]
2502,[3505.7134,  59.1272,-108.886 , -25.1298],[-0.8277,32.8421,-1.9679,-0.7585,-0.6253]
2510,[4518.414 , 119.9631, -98.974 , -26.3607],[6.6431e-02,2.7633e-01,8.4980e+01,7.5343e-01,8.0213e-01]
2512,[6703.0549, 201.3844,-208.4172, -45.862 ],[  1.2033,153.2662,  0.4552,  1.1749,  1.4992]
2514,[0.,0.,0.,0.],[ 0.1075, 1.0994,-1.7091, 1.1195,-0.8929]
2520,[1279.0193, -30.7355,  27.6086,  -2.9175],[-0.7868, 1.088 ,-0.6136,-2.5486, 0.1717]
2521,[2950.4467, -74.0847,  85.9344, -26.0309],[14.235 ,-0.9898, 3.9947, 3.4957, 0.1049]
2523,[0.,0.,0.,0.],[-0.1553,-1.423 , 3.1354, 0.3699, 0.5059]
2532,[0.,0.,0.,0.],[ 0.2512,-0.1091, 0.9161, 0.2203, 0.1452]
2534,[0.,0.,0.,0.],[ 0.6602, 2.8718,-0.8437, 4.4934, 0.9775]
2541,[0.,0.,0.,0.],[-0.2493, 0.3363,-0.1924, 0.7222, 0.974 ]
2543,[0.,0.,0.,0.],[ 0.784 , 0.0363,10.2073, 1.243 , 0.0634]
2545,[0.,0.,0.,0.],[-0.2736,-1.1373, 4.351 ,-0.1555,-0.633 ]
2554,[0.,0.,0.,0.],[0.892 ,1.0849,0.7279,1.5279,0.6168]
2556,[0.,0.,0.,0.],[ 0.5391, 2.5825,-0.7343, 2.21  ,-0.6833]
2563,[0.,0.,0.,0.],[1.2659,0.9264,1.1566,1.4502,0.7742]
2565,[0.,0.,0.,0.],[ 0.8323,-0.4819, 6.9548, 1.2993,-0.0456]
2600,[ 3.2815e+03, 6.0631e+00,-3.0711e-01,-4.9668e+01],[ 1.9424,41.9124, 4.6861, 1.5454, 0.6401]
2601,[0.,0.,0.,0.],[ 1.1734, 0.2294,15.8604, 1.2948,-0.1764]
2602,[2889.7318,  34.5724, -74.342 , -40.6928],[-5.1141,-4.2066,-6.464 ,-5.3093,-5.8045]
2610,[0.,0.,0.,0.],[ 2.455 ,-0.3865, 2.5884, 1.6203, 0.2331]
2612,[3788.224 , 100.5672,-118.0149, -50.5174],[ 1.9083,21.2311,-0.3258, 5.6434, 1.9156]
2614,[0.,0.,0.,0.],[ 0.042 , 2.5009,-1.6029, 1.0415,-1.0951]
2620,[0.,0.,0.,0.],[ 0.0701, 1.4511,-0.3678, 0.7487,-1.0269]
2621,[7057.8501,-254.0889, 306.1392,-112.6952],[ 1.462 , 0.6694,47.2207, 0.9627, 0.4306]
2623,[0.,0.,0.,0.],[ 0.3364,-1.0838, 2.2715, 0.0128,-1.0181]
2634,[0.,0.,0.,0.],[ 1.8161, 3.5348,-0.4463, 1.3372, 1.1787]
2636,[0.,0.,0.,0.],[ 0.5061, 0.4384,-0.9659, 0.1747,-0.4606]
2641,[0.,0.,0.,0.],[0.9216,0.7719,0.3189,1.8678,0.2353]
2643,[0.,0.,0.,0.],[0.4838,0.1391,9.3525,2.7765,1.4589]
2656,[0.,0.,0.,0.],[ 0.1407, 3.9274,-0.1717, 0.5913,-0.4566]
2665,[0.,0.,0.,0.],[ 0.1244,-0.1405, 6.2597, 2.4938, 0.3416]
2700,[0.,0.,0.,0.],[2.24  ,2.4323,3.0241,1.7486,4.6773]
2701,[0.,0.,0.,0.],[ 0.4419,-0.65  , 2.555 , 1.478 , 0.1426]
2702,[0.,0.,0.,0.],[-0.2998, 0.5456,-0.7989, 0.1119, 0.0331]
2710,[0.,0.,0.,0.],[1.5572,0.7321,1.2463,2.2603,0.461 ]
2712,[0.,0.,0.,0.],[ 1.6243, 3.5154,-0.1969, 2.5282, 0.6326]
2714,[0.,0.,0.,0.],[-0.2014, 0.2382,-0.9952, 0.4108,-0.3294]
2720,[0.,0.,0.,0.],[ 1.1712, 2.8476, 0.4997, 0.6142,-0.0218]
2721,[0.,0.,0.,0.],[ 2.7973, 0.4991,15.8567, 0.4773, 1.555 ]
2723,[0.,0.,0.,0.],[ 0.0717,-0.685 , 1.1573, 0.2962,-0.3942]
2734,[0.,0.,0.,0.],[2.0745,3.8776,0.2013,1.3554,0.0646]
2736,[0.,0.,0.,0.],[-0.2719, 0.5177,-0.8809, 0.8052,-0.191 ]
2741,[0.,0.,0.,0.],[0.5198,1.0705,0.6069,1.1749,0.2274]
2743,[0.,0.,0.,0.],[ 2.1442,-0.198 , 2.2132, 2.2919, 0.3271]
2745,[0.,0.,0.,0.],[ 0.0386,-0.684 , 0.429 ,-0.2887,-0.664 ]
2765,[0.,0.,0.,0.],[ 1.0261,-0.4721, 1.1133, 1.9626,-0.6677]
2800,[0.,0.,0.,0.],[ 0.983 , 3.3781,19.4307, 2.347 , 0.8827]
2801,[0.,0.,0.,0.],[ 0.5235, 0.2227, 8.9669, 0.2537,-0.0225]
2802,[0.,0.,0.,0.],[-0.3023, 1.761 ,-0.4413, 0.7016,-0.3681]
2810,[0.,0.,0.,0.],[ 1.8108, 2.0399,10.6709, 1.1518, 0.1291]
2812,[0.,0.,0.,0.],[ 1.2257,13.4469, 0.1772, 1.7865, 1.7943]
2820,[0.,0.,0.,0.],[0.8438,1.0504,0.2848,0.8511,0.1227]
2821,[0.,0.,0.,0.],[1.124 ,0.5649,3.4247,4.4382,0.4838]
2823,[0.,0.,0.,0.],[-0.2347,-0.8523, 0.916 , 0.902 ,-0.0727]
2843,[0.,0.,0.,0.],[ 0.8526,-0.0962, 0.5086, 1.9709,-0.0924]
2900,[2172.5796,  30.4994,  23.6526,-116.3941],[6.2762e-01,3.2381e-01,1.6500e+00,2.0338e+02,6.5449e-02]
2901,[ 4.0342e+02, 8.2714e-02, 1.2740e+01,-2.1062e+01],[  0.1282, -0.5477,126.7981,  0.9038, -0.2253]
2902,[0.,0.,0.,0.],[-1.4294, 0.2802,-1.7486,-0.8579,-1.4777]
2910,[2497.6997,  58.5405, -35.0504,-135.1754],[ 0.2661, 0.2571, 0.638 ,81.2957,-1.2682]
2912,[2259.7239,  49.1569, -44.3638,-119.4679],[-4.921 ,-4.1073,-7.0103,-4.5874,-6.7251]
2920,[0.,0.,0.,0.],[-0.1302, 1.273 ,-0.5685, 0.5671,-0.6085]
2921,[0.,0.,0.,0.],[ 3.3377,-0.9456, 4.1767, 3.4976,-0.7861]
2923,[0.,0.,0.,0.],[-0.1721,-1.1629, 0.115 , 0.4471,-0.8593]
2943,[0.,0.,0.,0.],[ 0.5186,-0.6241, 2.2966, 0.1673,-0.4027]
3710,[0.,0.,0.,0.],[ 0.4499, 0.3334, 1.006 , 0.3888,-0.2039]
3712,[0.,0.,0.,0.],[-0.0729, 1.5606, 0.3473, 0.3532, 1.1409]
3802,[0.,0.,0.,0.],[ 0.2692, 1.0139,-0.2933,-0.6171, 0.1743]
3810,[0.,0.,0.,0.],[1.9292,1.4446,1.6597,0.6787,1.4192]
3812,[0.,0.,0.,0.],[0.8067,4.9527,0.2357,0.8338,1.2701]
3900,[0.,0.,0.,0.],[ 1.273 , 3.4266, 7.1787,23.7512, 0.2803]
3901,[0.,0.,0.,0.],[-0.795 ,-2.2028, 0.5939,-0.1214,-1.77  ]
3902,[0.,0.,0.,0.],[-1.8414,-0.5177,-2.9941,-0.2681,-2.5065]
3910,[4061.7939,  68.0004, -55.3155,-178.7713],[  1.4373,  1.022 ,150.377 ,  2.0995,  0.9851]
3912,[5730.3831,  89.2764, -92.4791,-237.4522],[  1.2079,218.7808, -0.323 ,  1.5312,  0.318 ]
3920,[0.,0.,0.,0.],[ 0.263 , 0.7841,-0.041 , 1.0961, 0.027 ]
3921,[0.,0.,0.,0.],[ 2.5252,-0.0698, 3.2136, 1.5446, 0.8242]
4802,[0.,0.,0.,0.],[-0.5278, 0.1011,-0.6326,-0.8472, 0.2438]
4810,[0.,0.,0.,0.],[-1.2620e-03,-3.9197e-01, 5.0304e-01, 5.1430e-03, 1.3506e+00]
4812,[0.,0.,0.,0.],[ 0.5495, 0.781 , 0.2176,-0.068 , 1.1237]
4900,[0.,0.,0.,0.],[ 2.1304, 1.9757, 5.638 , 0.7187,20.508 ]
4902,[13521.4734,   86.5287, -179.0998, -431.25  ],[  1.4303,111.6615, -0.8539, -0.1829,  0.1938]
4910,[0.,0.,0.,0.],[ 1.2669, 0.7059,43.9315, 0.4904, 0.9036]
4912,[0.,0.,0.,0.],[ 0.1947,87.9717,-0.7754, 0.1922, 0.6575]
4920,[0.,0.,0.,0.],[0.0636,2.9263,0.1664,0.6567,0.4488]
4921,[0.,0.,0.,0.],[ 0.0325,-0.3181, 4.4329, 0.3083, 2.2813]
4932,[0.,0.,0.,0.],[1.5413,1.6472,0.4346,0.781 ,0.6603]
5800,[0.,0.,0.,0.],[ 0.2347, 0.0778, 0.6646,-0.5175, 2.0303]
5810,[0.,0.,0.,0.],[ 0.1804,-0.8136, 0.1057,-0.5691, 0.1109]
5812,[0.,0.,0.,0.],[-0.0454, 0.235 ,-0.8683,-0.6523, 0.8552]
5900,[13532.8961,  -59.3922,   16.2767, -312.9805],[ 1.7847, 2.9529,87.7625,-0.4377, 1.5634]
5901,[0.,0.,0.,0.],[ 1.1625,-1.5282, 2.5299,-0.156 ,-0.5164]
5902,[ 4.0962e+03,-2.4083e+00,-4.8095e+01,-1.1059e+02],[  0.1603,127.9554, -0.4628, -0.3412,  1.6242]
5910,[0.,0.,0.,0.],[ 0.7498,-0.2385, 0.9004,-2.5221, 0.5126]
5912,[0.,0.,0.,0.],[ 0.6583, 6.6137,-0.5436,-0.6189, 0.7157]
5914,[0.,0.,0.,0.],[-0.5069, 0.2907,-1.9456, 0.0527, 0.2297]
5920,[0.,0.,0.,0.],[-0.2904, 0.2357, 0.3251,-0.7095, 0.4041]
5921,[0.,0.,0.,0.],[ 2.0387,-0.5655, 6.0552, 0.3274,-0.2227]
5932,[0.,0.,0.,0.],[1.0386,1.2641,0.0105,0.7383,0.4308]
5934,[0.,0.,0.,0.],[ 0.0172, 1.8763,-1.702 , 0.3861, 1.8584]
6700,[0.,0.,0.,0.],[ 0.1084,-0.4008, 0.8906,-1.0931, 3.4834]
6701,[0.,0.,0.,0.],[-0.7108,-1.676 , 0.6014,-1.6894, 0.0214]
6702,[0.,0.,0.,0.],[-0.8175, 0.3264,-1.5071,-1.4397, 0.1343]
6800,[5537.8786,   7.6777,  18.4808, -72.7529],[-6.9204,-7.3725,-6.8894,-8.8477,-6.2086]
6801,[ 8.0924e+03,-7.2690e+00, 8.0129e+01,-1.0873e+02],[-2.0005,-3.3204,-0.025 ,-3.3083,-0.9282]
6802,[0.,0.,0.,0.],[-8.5281,-8.0178,-8.6775,-9.2798,-7.8107]
6810,[0.,0.,0.,0.],[ 0.1376,-1.0181,-0.0772,-1.1061, 0.0775]
6812,[0.,0.,0.,0.],[-1.7256,-0.8021,-1.9737,-2.3739,-0.4054]
6900,[13937.7454,  -46.0477,   85.6308, -247.0612],[  0.5345,  0.1354,119.8958, -0.7777,  2.4799]
6901,[0.,0.,0.,0.],[-0.2186,-1.3489,16.9265,-1.1203, 0.7759]
6902,[0.,0.,0.,0.],[ 0.4098,18.9811,-1.0866,-0.7735,18.0799]
6910,[0.,0.,0.,0.],[-0.9535,-2.1798, 0.2218,-2.6238, 0.172 ]
6912,[0.,0.,0.,0.],[-5.5034,-4.5457,-7.0137,-6.6929,-4.3762]
6914,[0.,0.,0.,0.],[-0.7814, 1.4756,-2.114 ,-1.3272, 0.7527]
6921,[0.,0.,0.,0.],[-0.0727,-1.7951, 1.0824,-0.7963, 1.935 ]
6934,[0.,0.,0.,0.],[-0.1124, 2.1799,-0.7721,-0.1713, 0.9268]
7422,[0.,0.,0.,0.],[-3.3829,-2.5485,-5.4268,-4.1844,-1.7842]
7442,[0.,0.,0.,0.],[-1.9337,-1.2946,-3.304 ,-2.2174,-1.0517]
7500,[0.,0.,0.,0.],[-0.6753,-1.1124,-0.505 ,-1.3123, 0.6284]
7502,[0.,0.,0.,0.],[-1.6614,-0.2305,-3.1607,-2.502 ,-0.0756]
7522,[11851.6422, -182.2869, -184.7479,  -21.5154],[-1.7225, 2.803 ,-5.6493,-4.2005, 2.4977]
7524,[0.,0.,0.,0.],[-4.0292,-3.8108,-5.2482,-4.7589,-3.929 ]
7542,[9097.3315,-216.894 , -86.101 ,   0.    ],[ -9.4816, -7.21  ,-11.489 ,-11.0414, -7.9839]
7600,[0.,0.,0.,0.],[-0.6819,-1.4721,-1.0405,-2.0822, 1.3198]
7601,[0.,0.,0.,0.],[-1.6889,-1.7283,-0.9915,-1.9426,-0.9137]
7602,[7419.6221, -36.6141,-114.7749, -41.211 ],[-6.0577,-4.7804,-8.9747,-7.8445,-4.9413]
7604,[0.,0.,0.,0.],[-6.7   ,-5.6299,-8.6299,-7.3539,-6.4762]
7622,[4443.4128, -39.0435, -75.9016, -17.9218],[-4.4031,-2.8839,-7.9515,-6.3191,-3.6619]
7624,[0.,0.,0.,0.],[-2.4241,-1.5795,-4.6518,-3.1636,-2.1321]
7700,[0.,0.,0.,0.],[-4.8809,-5.8856,-5.8391,-6.5178,-3.8828]
7701,[0.,0.,0.,0.],[-2.0349,-2.7076,-0.4699,-2.2995,-0.8461]
7702,[ 1.1765e+04,-7.4526e+00,-1.3376e+02,-9.9561e+01],[ -9.6987, -7.953 ,-11.9789,-11.1855, -8.8485]
7704,[0.,0.,0.,0.],[-5.3471,-5.0169,-7.6894,-6.2231,-5.4285]
7710,[0.,0.,0.,0.],[-0.7261,-0.7878,-0.5369,-1.3489,-0.3071]
7712,[0.,0.,0.,0.],[-0.6303, 0.2969,-1.9267,-1.4933, 0.5907]
7800,[7124.7351,  12.0675, -22.2235, -85.7883],[-20.3304,-20.573 ,-20.6494,-21.6684,-20.1291]
7801,[0.,0.,0.,0.],[-2.4683,-3.5197,-1.3132,-3.0534,-1.8307]
7802,[1449.1778,   1.9739, -10.241 , -15.2281],[-13.8967,-12.4078,-14.7939,-14.594 ,-13.1116]
7804,[0.,0.,0.,0.],[-0.4865, 0.0289,-1.9892,-1.3055,-0.8249]
7812,[0.,0.,0.,0.],[-1.7798,-0.2981,-2.3945,-2.6124,-0.274 ]
7814,[0.,0.,0.,0.],[-1.6214,-0.597 ,-2.6383,-2.2633,-0.5268]
7900,[0.,0.,0.,0.],[-2.9785,-3.314 ,-2.9299,-3.9489,-2.7505]
7901,[0.,0.,0.,0.],[-1.0462,-2.0505,-0.2363,-1.7977,-1.2961]
7902,[0.,0.,0.,0.],[-2.846 ,-2.6232,-3.0901,-3.5542,-2.7791]
7910,[0.,0.,0.,0.],[-1.2528,-1.6374, 0.1038,-1.6434,-0.5234]
7912,[0.,0.,0.,0.],[-1.4131,-0.023 ,-2.2843,-1.9648,-1.3215]
7914,[0.,0.,0.,0.],[-1.0723, 0.8223,-2.0287,-0.5195,-0.8822]
