221,[0.,0.,0.,0.],[1.2384,0.3487,1.3684,0.0753,1.0129]
300,[0.,0.,0.,0.],[-1.0151,-0.8334,-1.3712,-1.1364,-1.3854]
301,[0.,0.,0.,0.],[-0.3691,-0.8423, 0.3774,-0.6038,-0.3827]
302,[0.,0.,0.,0.],[-0.1015, 0.5377,-1.4024,-0.0868,-0.456 ]
310,[0.,0.,0.,0.],[-0.7249,-1.2574, 0.8757,-0.5267,-0.5523]
312,[0.,0.,0.,0.],[ 0.6371, 1.2225,-0.0245, 0.807 ,-0.3776]
320,[0.,0.,0.,0.],[-0.6421, 0.5811,-1.3396,-0.431 ,-1.3963]
321,[0.,0.,0.,0.],[-0.1734, 0.2544, 1.6212, 0.8731,-0.3576]
323,[0.,0.,0.,0.],[ 0.4134,-0.6664, 0.9259,-0.1632,-0.3079]
400,[0.,0.,0.,0.],[ 0.0732, 0.9246, 1.0405, 1.0881,-1.4992]
401,[0.,0.,0.,0.],[-0.6904,-1.019 , 1.2351,-0.2892,-0.967 ]
402,[0.,0.,0.,0.],[-0.7684, 1.6059,-1.6481,-0.0599,-0.8123]
410,[0.,0.,0.,0.],[-0.5187,-0.8074, 0.8692,-0.6026,-1.0292]
412,[0.,0.,0.,0.],[ 0.1127, 2.1135, 0.1393, 2.9896,-0.5551]
414,[0.,0.,0.,0.],[-0.1775, 1.8255,-1.0791,-0.4563,-0.3623]
420,[0.,0.,0.,0.],[-1.1821, 0.5739,-0.9683,-0.3792,-1.5204]
421,[0.,0.,0.,0.],[-0.1363, 0.216 , 1.8117, 2.3612,-0.741 ]
423,[0.,0.,0.,0.],[ 0.1823,-0.5676, 0.9333,-0.0073,-0.6971]
441,[0.,0.,0.,0.],[-0.8341, 0.0069,-1.2239,-0.1241,-0.9617]
443,[0.,0.,0.,0.],[ 0.1913,-0.7776, 0.8958, 1.0771,-1.0158]
500,[0.,0.,0.,0.],[ 0.8397, 1.2932, 0.2147, 4.9971,-1.2249]
501,[0.,0.,0.,0.],[-0.2306,-1.0587, 0.4446,-0.0417,-0.6465]
502,[0.,0.,0.,0.],[-0.3271, 1.7858,-1.1586, 0.4132,-0.9455]
510,[0.,0.,0.,0.],[-0.2763,-0.8478, 0.1985, 0.1536,-0.6239]
512,[0.,0.,0.,0.],[ 0.4781, 1.184 , 0.1281, 3.0268,-0.753 ]
520,[0.,0.,0.,0.],[-0.3962, 2.797 ,-1.1884, 0.1306,-1.3495]
521,[0.,0.,0.,0.],[ 0.5717,-0.5959, 1.2494, 1.4574,-1.5133]
523,[0.,0.,0.,0.],[ 0.2384,-0.4253, 0.4492,-0.4248,-0.6882]
541,[0.,0.,0.,0.],[-0.4427,-0.1975,-1.0486,-0.4662,-1.1889]
543,[0.,0.,0.,0.],[-1.0533,-1.1455, 0.0322, 0.1813,-2.2356]
600,[0.,0.,0.,0.],[-0.8731,-0.2092,-1.6581,-0.3208,-2.7851]
601,[0.,0.,0.,0.],[-0.0761, 0.0129, 0.3688,-0.4747,-0.7303]
602,[0.,0.,0.,0.],[ 0.2865, 1.3191,-0.9282, 0.5994,-0.9748]
612,[0.,0.,0.,0.],[-0.0572, 1.7272,-0.8346, 2.4122,-1.4329]
614,[0.,0.,0.,0.],[ 0.2534, 2.0049,-0.6398, 0.9299,-0.9805]
620,[0.,0.,0.,0.],[-0.2001, 2.9956,-0.8539,-0.598 ,-1.2074]
621,[0.,0.,0.,0.],[-1.1277,-1.7677,-0.3177, 0.6728,-2.4716]
623,[0.,0.,0.,0.],[ 0.1593,-0.2765, 0.197 , 0.8175,-0.3923]
700,[0.,0.,0.,0.],[-2.9101,-2.0599,-2.5036,-1.5488,-3.8281]
702,[0.,0.,0.,0.],[-0.2241, 2.0433,-0.5716, 0.8891,-1.2394]
712,[0.,0.,0.,0.],[-0.5984, 0.714 ,-1.7968, 1.2838,-2.0339]
714,[0.,0.,0.,0.],[ 0.1681, 0.7115,-0.4593, 1.6922,-0.8006]
720,[0.,0.,0.,0.],[-0.6846, 0.4655,-1.0445, 0.3681,-1.4848]
721,[0.,0.,0.,0.],[-3.8785,-4.8105,-3.6313,-3.1809,-5.478 ]
820,[0.,0.,0.,0.],[-1.0741,-0.294 ,-1.4486,-0.8668,-1.7502]
821,[0.,0.,0.,0.],[-8.4808,-8.7064,-7.7195,-7.7639,-9.303 ]
1100,[0.,0.,0.,0.],[0.6231,1.3926,0.7611,0.495 ,1.0964]
1120,[0.,0.,0.,0.],[ 0.6064, 0.5127, 0.5851,-0.0368, 0.921 ]
1121,[0.,0.,0.,0.],[1.7599,0.5186,0.9655,0.3635,2.2218]
1200,[0.,0.,0.,0.],[ 0.7544, 0.6213, 0.2997,-0.0268, 3.6481]
1201,[0.,0.,0.,0.],[-0.2218,-1.2084, 0.644 ,-1.0897, 0.1587]
1202,[0.,0.,0.,0.],[-0.2083, 2.2984,-0.6518,-0.5908, 1.0433]
1210,[0.,0.,0.,0.],[ 0.2296,-1.0761, 2.9609,-0.4839, 0.7708]
1212,[0.,0.,0.,0.],[ 1.4952, 2.8012, 0.6348,-0.0992, 6.1262]
1214,[0.,0.,0.,0.],[ 0.4616, 5.2788,-1.3096, 0.7998, 0.6846]
1220,[0.,0.,0.,0.],[-0.1644, 3.8203,-1.174 , 0.1289, 0.015 ]
1221,[0.,0.,0.,0.],[1.4971,0.4588,2.2637,0.073 ,2.7114]
1223,[0.,0.,0.,0.],[ 0.7223,-0.9113, 3.0389, 0.3286, 1.2575]
1232,[0.,0.,0.,0.],[ 0.8764,-0.3467, 0.3482,-0.1458, 1.2454]
1241,[0.,0.,0.,0.],[ 0.3401, 0.4993,-0.5294,-0.1352, 0.8739]
1243,[0.,0.,0.,0.],[1.1884,0.5813,1.0097,0.5512,4.3231]
1300,[3815.0834, -86.0887,  62.2144,  63.3891],[0.3375,2.0136,1.0698,0.8536,8.749 ]
1301,[2301.334 , -34.5428,  96.0063,  36.1804],[ 0.0145,-0.3001,10.0807,-0.2592,-0.1177]
1302,[0.,0.,0.,0.],[ 0.2391, 0.9   ,-1.388 ,-0.6608, 0.182 ]
1310,[1581.4233,  53.6187, -21.9743,  29.8139],[-1.8084,-2.57  ,-0.4082,-1.992 ,-1.7397]
1312,[2741.5501, 111.0549,-102.7371,  43.7525],[ 0.8851,19.6978, 0.7031, 1.0317, 1.8407]
1314,[0.,0.,0.,0.],[ 0.0447,11.788 ,-0.5804, 0.0576, 0.5854]
1320,[2551.0199, -94.296 ,  39.0107,  47.4997],[ 1.1733e-01, 1.9537e+01,-1.6823e-01, 8.7535e-01,-1.6727e-02]
1321,[3435.191 ,-133.7003, 112.6246,  51.2444],[ 1.0423, 0.6179,21.5996, 0.9589, 2.3703]
1323,[0.,0.,0.,0.],[ 2.7361,-0.6461, 2.8362,-0.1267,-0.5841]
1332,[0.,0.,0.,0.],[-0.7215,-1.264 ,-0.1912,-0.7597,-0.9044]
1334,[0.,0.,0.,0.],[ 1.9135,11.123 ,-0.0371, 1.08  , 1.2556]
1341,[0.,0.,0.,0.],[-1.4595,-0.8369,-1.7438,-1.2486,-1.4317]
1343,[0.,0.,0.,0.],[ 0.8051, 0.2247,12.0145, 0.7325, 2.5904]
1354,[0.,0.,0.,0.],[-0.0244,-0.0479,-0.1102, 0.0921,-0.0878]
1356,[0.,0.,0.,0.],[ 1.3257, 3.7204,-0.7722, 3.8785, 0.9598]
1400,[13732.9935, -104.4569,  159.7057,   84.6316],[ 1.9683,62.9126, 4.2178, 2.4657, 0.2645]
1401,[11562.4503, -248.0927,  345.7854,   82.0706],[ -0.2674, -0.3875,121.8684,  0.2638,  0.9588]
1402,[0.,0.,0.,0.],[-0.3877, 1.1191,-2.3739,-0.4331,-0.5467]
1410,[1366.3708,  43.2989, -23.6268,   1.5719],[-3.6906,-3.9796,-2.846 ,-3.4083,-3.4103]
1412,[6403.4172, 271.9719,-327.7954,  42.8671],[ 1.3203, 2.8489,-0.4478,22.6013, 1.6061]
1414,[0.,0.,0.,0.],[ 0.2716, 0.7052,-0.3377, 5.4962,-0.3538]
1420,[786.846 ,-20.1505, 19.7446,  4.7341],[ 0.2741,41.4906, 0.1079,-0.0714, 0.4813]
1421,[9553.8503,-425.9782, 458.4769,  74.3287],[  2.7811,  0.7585,153.7342,  2.6192,  2.5635]
1423,[0.,0.,0.,0.],[ 0.5836,-0.9801, 8.7704, 2.8496, 0.024 ]
1432,[0.,0.,0.,0.],[-1.0243,-1.3167,-0.4459,-0.4639,-0.9095]
1434,[0.,0.,0.,0.],[ 2.1455, 6.4791,-0.1327, 1.3598, 0.3711]
1441,[0.,0.,0.,0.],[-1.4957,-1.2447,-1.4536,-1.1738,-1.7238]
1443,[0.,0.,0.,0.],[ 1.4485,-0.4162, 4.9432, 3.5468, 0.5819]
1456,[0.,0.,0.,0.],[ 0.3244, 5.6578,-0.2422, 1.8788, 0.1636]
1500,[14871.7251, -172.9897,  158.1778,  -98.2262],[  1.0229,143.8552,  0.4694,  1.698 ,  0.1882]
1501,[6721.366 ,-135.8717, 236.1912, -47.9807],[ 0.6682,-0.4894,50.3939, 0.4438, 0.336 ]
1502,[3993.3386,  71.2967,-161.6058, -31.8064],[-0.6428, 0.7945,-2.5612,-1.1582, 0.0249]
1510,[1371.8189,  49.7342, -35.9308,  -1.8948],[-5.5316,-5.3516,-4.4986,-5.229 ,-5.6143]
1512,[8400.2018, 317.8864,-366.1453, -56.4411],[0.9223,4.3689,0.1617,2.5104,0.6433]
1514,[0.,0.,0.,0.],[ 0.0938, 6.7329,-0.8141, 0.3914, 0.0613]
1520,[782.4208,-20.1049, 19.8412, -3.6003],[ 2.4562,51.2845, 0.2488, 0.772 , 0.2753]
1521,[7470.1429,-284.6341, 355.317 , -49.3043],[7.7251e-01,5.8550e-01,1.0235e+00,4.6921e+01,3.2183e-02]
1523,[0.,0.,0.,0.],[ 1.3846,-0.6446, 9.3806, 0.3324,-0.7764]
1532,[0.,0.,0.,0.],[ 0.0085,-0.7092, 0.2837,-0.0036,-0.3786]
1534,[0.,0.,0.,0.],[ 1.6179, 2.2384, 0.2925, 4.3425,-0.1888]
1536,[0.,0.,0.,0.],[ 0.3663, 3.5821,-0.5848, 0.602 ,-0.2807]
1541,[0.,0.,0.,0.],[-0.798 ,-0.8246,-0.8399,-0.7015,-1.4887]
1543,[0.,0.,0.,0.],[ 2.2883,-0.3371, 2.6284, 4.3064,-0.1192]
1556,[0.,0.,0.,0.],[ 1.9594, 1.164 ,-0.2283, 4.4127,-0.1795]
1563,[0.,0.,0.,0.],[-0.0751,-0.178 ,-0.0731, 0.1771,-0.1586]
1565,[0.,0.,0.,0.],[ 0.7158,-0.2844, 2.7075, 3.4013,-0.5858]
1600,[ 9.4094e+03,-9.3556e+01,-9.2552e+00,-1.8005e+02],[ 3.8111, 4.9423, 1.133 ,53.6705, 0.076 ]
1601,[1552.8513, -39.2905,  42.8455, -22.4105],[ 0.4633,-1.3085, 4.2014, 1.6595,-1.1143]
1602,[4388.0232,  76.1872,-165.8071, -75.9378],[-0.0732, 2.4671,-1.5835, 0.2671,-1.2033]
1610,[0.,0.,0.,0.],[-3.5945,-3.8617,-2.6184,-3.1482,-3.9278]
1612,[2588.8466,  82.7644,-105.5229, -42.0146],[ 0.5322, 1.9577,-0.9986, 2.9027,-0.8622]
1614,[0.,0.,0.,0.],[-0.1085, 2.06  ,-0.7053, 1.8104,-0.6037]
1620,[1895.733 , -51.6209,  42.8196, -40.4526],[-0.252 ,-0.6183, 1.7489,11.0004,-0.7158]
1621,[3829.1435,-106.912 , 111.4065, -64.7938],[ 0.1545,-1.0603, 4.2907, 3.6082,-0.4904]
1622,[0.,0.,0.,0.],[-2.7097e-01, 3.5665e-01,-3.0813e-04, 2.2338e-01, 4.1695e-03]
1623,[0.,0.,0.,0.],[ 1.5366,-0.4147, 3.4986, 2.6687,-0.5188]
1634,[0.,0.,0.,0.],[ 0.5636, 2.7444, 0.1726, 2.7651,-0.039 ]
1636,[0.,0.,0.,0.],[ 0.6871, 1.9423,-0.5516, 1.4516,-0.7693]
1641,[0.,0.,0.,0.],[-0.6716,-0.3875,-0.6806, 0.2476,-0.9284]
1643,[0.,0.,0.,0.],[ 0.9967,-1.1439, 2.6558, 1.5248,-1.361 ]
1645,[0.,0.,0.,0.],[ 0.4646, 0.1389, 3.1707, 0.8137,-0.2232]
1665,[0.,0.,0.,0.],[ 0.1901,-0.5461, 2.6224, 4.3469,-0.781 ]
1700,[ 3.4449e+03,-2.8154e+00,-6.5600e+00,-1.0017e+02],[-4.3516,-4.8927,-4.507 ,-3.9866,-6.2311]
1701,[0.,0.,0.,0.],[-0.9634,-1.3275, 0.8407, 0.5246,-1.9845]
1702,[0.,0.,0.,0.],[-1.1075,-0.5297,-1.9343,-1.1455,-2.5352]
1710,[0.,0.,0.,0.],[-0.1913, 0.0039, 0.5056, 1.2304,-0.5061]
1712,[0.,0.,0.,0.],[-1.1859,-0.5512,-1.7796,-0.3271,-2.1399]
1720,[0.,0.,0.,0.],[-0.6805, 1.8331,-1.1459, 0.775 ,-1.3427]
1721,[0.,0.,0.,0.],[-10.0098,-10.6144, -9.4587, -9.885 ,-11.7585]
1723,[0.,0.,0.,0.],[ 0.258 ,-0.442 , 5.0781, 1.1826,-0.7733]
1741,[0.,0.,0.,0.],[ 0.2723, 0.1097, 0.0796, 0.3369,-0.3435]
1743,[0.,0.,0.,0.],[ 0.9299,-0.841 , 1.9933, 3.6299,-0.6537]
1745,[0.,0.,0.,0.],[ 0.2358,-0.3705, 1.4655, 2.4442,-0.2803]
1800,[0.,0.,0.,0.],[-10.9282,-10.5153,-10.3654, -9.6992,-12.401 ]
1801,[0.,0.,0.,0.],[-0.9331,-1.1864, 1.7564, 0.8769,-2.422 ]
1810,[0.,0.,0.,0.],[ 0.1272, 0.7216, 0.0257, 0.6412,-0.6858]
1812,[0.,0.,0.,0.],[-0.3431,-0.0257, 0.1208, 1.6251,-1.1643]
1821,[0.,0.,0.,0.],[-3.8069,-5.9615,-4.1833,-3.4169,-6.0959]
1823,[0.,0.,0.,0.],[ 0.162 , 0.0753, 2.3855, 3.2974,-1.1256]
1841,[0.,0.,0.,0.],[ 0.1747, 0.4635,-0.0989, 0.2408,-0.0573]
1843,[0.,0.,0.,0.],[ 0.2523,-0.3953, 0.6106, 3.5005,-0.941 ]
1900,[0.,0.,0.,0.],[-51.4154,-51.2743,-51.5799,-51.2384,-52.6403]
1901,[0.,0.,0.,0.],[-0.0696,-0.4885, 6.9297, 6.5226,-2.0019]
1910,[0.,0.,0.,0.],[-33.1189,-33.6372,-33.6767,-32.9441,-33.7303]
1912,[0.,0.,0.,0.],[-15.7988,-15.6372,-16.5057,-15.9316,-17.3404]
1921,[0.,0.,0.,0.],[ 1.7345e+00,-1.1576e+00,-4.3052e-03, 3.4788e+01,-1.7438e+00]
1923,[0.,0.,0.,0.],[-0.7026,-0.3622,15.1855, 1.2965,-1.1183]
2200,[0.,0.,0.,0.],[-2.3774,-2.399 ,-2.4085,-2.7079,-1.5433]
2201,[0.,0.,0.,0.],[-1.5256,-1.5842,-0.6626,-1.5057,-1.1511]
2202,[0.,0.,0.,0.],[-1.34  ,-0.2354,-1.5501,-1.2414,-0.4894]
2210,[0.,0.,0.,0.],[-0.2635,-1.2591, 0.3346,-0.6226, 0.0899]
2212,[0.,0.,0.,0.],[-1.1255, 0.1217,-0.7058,-1.034 , 0.9   ]
2300,[11083.6171,   48.7565,   79.416 ,  183.9192],[-12.4126,-12.2011,-12.2446,-13.3572,-11.0747]
2301,[2533.4052, -40.1176,  74.0739,  33.8716],[-5.2713,-6.3697,-3.7852,-5.6653,-3.7479]
2302,[0.,0.,0.,0.],[-2.2924,-2.048 ,-3.6635,-3.5391,-2.1011]
2310,[2034.035 ,  57.0617, -27.2977,  44.4636],[-3.3246,-3.8201,-2.7764,-3.8573,-2.9669]
2312,[401.7751, 14.1307,-10.4612,  7.9979],[-1.1787, 0.4834,-2.365 ,-1.7364, 0.0618]
2314,[0.,0.,0.,0.],[-1.3268, 1.2279,-1.8906,-0.8214, 0.4973]
2320,[1624.5197, -43.7361,  27.691 ,  30.7097],[-2.8673,-1.4727,-3.5208,-3.3456,-1.705 ]
2321,[2512.9803, -73.9962, 109.2489,  41.3792],[ 0.4561,-1.02  , 1.1571,-0.7688,16.8925]
2323,[0.,0.,0.,0.],[-0.8635,-2.1822,-1.0128,-1.6289,-1.585 ]
2341,[0.,0.,0.,0.],[ 0.0209,-0.0042,-0.6077,-0.3748, 1.0189]
2400,[11727.4763, -218.6344,  193.0582,   70.2994],[  0.7998,  1.1528,  1.6741,  0.8373,242.6563]
2401,[10643.7533, -173.1315,  288.6042,   61.9721],[-0.1306,-0.7516, 7.0766,-0.8443, 0.3307]
2402,[0.,0.,0.,0.],[-7.6488,-6.1749,-8.5855,-8.3513,-7.3575]
2410,[0.,0.,0.,0.],[-4.3563,-4.8341,-3.5647,-4.1967,-4.3223]
2412,[0.,0.,0.,0.],[ 0.9254, 1.7323,-1.7192,-0.1734, 2.6385]
2414,[0.,0.,0.,0.],[-0.5821, 1.6985,-1.7882,-0.1696,-0.6965]
2420,[1742.0238, -48.2801,  34.1265,   2.5226],[ 0.1497,10.3417,-1.1155,-0.8166,11.7693]
2421,[7450.2962,-215.8122, 242.6436,  43.1042],[ 1.5346, 0.5188,48.0431, 0.7801, 2.6082]
2423,[0.,0.,0.,0.],[-0.3712,-2.4122,-0.2684,-0.0495, 1.6743]
2432,[0.,0.,0.,0.],[-0.1912,-0.6007, 0.0738,-0.4776,-0.2603]
2434,[0.,0.,0.,0.],[1.4867,4.4817,0.0728,0.8518,0.6698]
2441,[0.,0.,0.,0.],[0.2455,0.5251,0.0718,0.0895,0.1941]
2443,[0.,0.,0.,0.],[ 1.3641,-0.6456, 7.9621, 0.7052, 1.1612]
2500,[16316.3413, -249.609 ,  161.7977,  -92.2896],[  1.725 ,375.175 ,  3.2776,  1.0268,  1.5629]
2501,[2231.2841, -47.4444,  63.5552,  -8.7277],[-3.3331,-4.1638,-0.8507,-3.4942,-3.1806]
2502,[0.,0.,0.,0.],[ 0.1286,37.2273,-0.7089, 0.8065, 0.4694]
2510,[0.,0.,0.,0.],[-4.2825,-4.196 ,-3.3944,-4.0993,-4.2135]
2512,[0.,0.,0.,0.],[ 1.0771, 3.2506,-1.4313,-0.2704, 2.3394]
2514,[0.,0.,0.,0.],[ 1.5408, 2.6797,-1.9608,-0.534 ,-0.2476]
2520,[4545.8635,-114.5312,  72.238 , -22.9707],[ 0.7241,75.8161, 0.1561, 0.5779, 0.9996]
2521,[9246.3487,-244.949 , 282.3609, -52.3852],[ 1.9542, 0.5583,77.2374, 1.2197, 1.0271]
2523,[0.,0.,0.,0.],[-0.5416,-2.3332,-1.4501, 0.1803, 0.4068]
2532,[0.,0.,0.,0.],[ 0.169 ,-0.4113, 0.2676, 0.0912, 0.0152]
2534,[0.,0.,0.,0.],[ 0.606 , 7.3311, 0.2189, 1.4472,-0.4965]
2541,[0.,0.,0.,0.],[ 0.3387,-0.3435,-0.1615, 0.9489,-0.0642]
2543,[0.,0.,0.,0.],[ 0.5795, 0.462 ,11.3422, 0.5856, 0.5134]
2600,[6572.8998, -73.6873,  42.5153,-106.0741],[ 2.4821, 4.0966,25.9974, 1.2403, 1.199 ]
2601,[0.,0.,0.,0.],[-2.4042,-3.2573,-2.0821,-2.3087,-2.9476]
2602,[0.,0.,0.,0.],[ 0.1168,13.7617,-0.0329, 1.1675, 0.2258]
2610,[0.,0.,0.,0.],[-0.4083,-0.9203, 0.8121, 0.1042,-1.562 ]
2612,[0.,0.,0.,0.],[ 1.5234e+00, 5.0355e+01,-2.4146e-02, 1.7608e+00, 1.4134e+00]
2614,[0.,0.,0.,0.],[ 2.2363, 2.4299,-1.4065, 2.4135,-0.0635]
2620,[2567.3946, -67.1079,  49.633 , -43.0222],[ 0.1467, 1.2453, 2.6187,-0.3352,-1.1511]
2621,[3341.0341, -88.3994,  87.3825, -49.5076],[ 4.8475,-0.0659,19.5036, 2.4264, 0.7449]
2622,[0.,0.,0.,0.],[-0.5642, 0.2028,-0.5289,-0.379 ,-0.376 ]
2623,[0.,0.,0.,0.],[-0.9921,-1.7027, 0.8747, 1.7242,-1.1762]
2632,[0.,0.,0.,0.],[0.7982,0.2005,0.1509,0.3452,0.6605]
2634,[0.,0.,0.,0.],[0.3305,8.6536,0.2128,0.7324,0.3479]
2643,[0.,0.,0.,0.],[ 1.8079,-0.2214, 7.5167, 1.6444, 0.4873]
2700,[3081.4536,  53.0057, -20.7813, -95.268 ],[ 1.2405,13.9694,11.9334, 1.2947, 1.6179]
2701,[0.,0.,0.,0.],[ 0.2967, 0.2772, 4.4042, 0.8461,-0.3095]
2702,[0.,0.,0.,0.],[-1.5467,-0.022 ,-2.2376,-0.4001,-1.6109]
2710,[1947.3396,  44.2717, -28.0122, -55.2396],[1.7966,1.1875,2.8271,1.7771,0.5011]
2712,[0.,0.,0.,0.],[1.7506,3.4093,0.2514,5.3645,1.3092]
2714,[0.,0.,0.,0.],[-0.7174,-0.1021,-1.3042, 1.0514,-0.4233]
2720,[0.,0.,0.,0.],[ 0.5597, 2.6589,-0.1751, 1.1872,-0.1821]
2721,[0.,0.,0.,0.],[ 1.9891,-0.375 , 8.7345, 1.7466, 0.6702]
2723,[0.,0.,0.,0.],[-0.3722,-0.5134, 0.4906, 0.8751,-0.1541]
2800,[1269.775 ,  18.7135,  -6.0767, -46.0865],[ 1.5438, 1.5995, 2.6385,25.3267, 0.6   ]
2801,[0.,0.,0.,0.],[ 0.3596,-0.0768, 2.2679, 0.7517,-0.4328]
2802,[0.,0.,0.,0.],[ 0.4406, 1.0166,-0.3111, 0.1489,-0.2633]
2810,[2672.2693,  62.6443, -46.2738, -88.6892],[1.6126,1.1112,3.7559,7.3031,0.5749]
2812,[1054.5386,  24.8968, -20.8348, -34.4071],[1.8118,6.4453,1.0646,4.1649,0.3253]
2820,[0.,0.,0.,0.],[0.0336,1.0138,0.3196,1.3142,0.269 ]
2821,[0.,0.,0.,0.],[1.6543,1.0255,2.5676,3.0965,0.5493]
2900,[0.,0.,0.,0.],[ 2.0955e+00, 7.8951e-02, 2.8303e+02, 1.3789e+00,-8.5624e-02]
2901,[0.,0.,0.,0.],[ 1.3638,-0.7952,11.9502, 2.4713, 0.3698]
2902,[0.,0.,0.,0.],[-1.0515, 0.7105,-1.202 ,-1.0725,-1.9434]
2910,[1746.7109,  40.6644, -27.5671, -62.9498],[-0.3275, 6.1144, 2.472 ,57.2023,-1.2107]
2912,[0.,0.,0.,0.],[-1.09  , 6.5614,-2.3261, 6.8972,-2.1536]
2920,[0.,0.,0.,0.],[-0.9984,-0.2527,-1.2785,-0.634 ,-0.7909]
2921,[0.,0.,0.,0.],[ 2.4265,-0.3238, 3.774 , 3.6451, 0.2169]
2930,[0.,0.,0.,0.],[-0.1928,-0.3734, 0.1286,-0.1056,-0.1323]
2932,[0.,0.,0.,0.],[ 0.0264,-0.1588,-0.8203, 0.7   ,-0.1307]
3700,[0.,0.,0.,0.],[0.7878,1.6382,1.337 ,0.4564,1.0744]
3701,[0.,0.,0.,0.],[-0.4985,-0.347 , 0.4892, 0.0399,-0.2521]
3710,[0.,0.,0.,0.],[-0.1283, 0.1259, 0.2611,-0.028 , 0.0382]
3712,[0.,0.,0.,0.],[-0.0128, 0.9884,-0.2551,-0.0569, 1.5537]
3800,[0.,0.,0.,0.],[0.6798,1.233 ,1.7351,0.8442,0.8708]
3801,[0.,0.,0.,0.],[ 0.1645,-0.5548, 0.5366, 0.6443,-0.116 ]
3802,[0.,0.,0.,0.],[-0.4436, 0.1727,-0.103 ,-0.4169, 0.4426]
3810,[0.,0.,0.,0.],[1.9054,1.0265,3.1617,2.2157,1.8275]
3812,[0.,0.,0.,0.],[1.3356,4.6691,0.5886,0.9391,2.2878]
3900,[0.,0.,0.,0.],[ 1.02  , 2.8213, 1.0424, 4.3509,-0.4489]
3901,[0.,0.,0.,0.],[-0.1006,-1.3998, 0.2469, 0.5484,-0.5733]
3902,[0.,0.,0.,0.],[-1.5137,-1.655 ,-3.2786,-1.6195,-2.4958]
3910,[6601.0968, 159.9792, -83.4111,-223.2259],[  1.5593,  0.7187,168.1689,  1.2629,  0.3791]
3912,[3805.6482, 101.7335, -72.1612,-120.5963],[  0.7652,233.753 , -0.3769,  2.3708,  1.4082]
3921,[0.,0.,0.,0.],[ 0.9016,-0.3976, 1.9939, 0.4387, 0.6403]
3932,[0.,0.,0.,0.],[ 0.1584, 0.842 ,-0.0215, 0.4401, 0.0508]
3934,[0.,0.,0.,0.],[ 0.8496, 0.5816,-1.2107, 1.0181, 0.1704]
4800,[0.,0.,0.,0.],[ 0.6448, 0.6067, 1.2818,-0.3422, 0.7017]
4810,[0.,0.,0.,0.],[ 0.0456,-0.3554, 0.7484,-0.1033, 0.2925]
4900,[0.,0.,0.,0.],[ 2.5942, 1.0635,24.9223, 0.5763, 2.9115]
4901,[0.,0.,0.,0.],[-0.7007,-1.4211, 0.8763,-0.2101,-0.7231]
4902,[0.,0.,0.,0.],[ 2.0282e-01, 1.2210e+02,-1.0102e+00,-6.3859e-02,-5.7038e-01]
4910,[0.,0.,0.,0.],[1.1103e+00,3.0320e-01,3.5244e+01,2.4068e-02,6.8202e-01]
4911,[0.,0.,0.,0.],[-0.176 ,-0.807 ,-0.5787,-0.2064,-0.6601]
4912,[14302.2375,  288.6764, -320.5895, -455.2918],[ 1.1777,70.8996,-0.1862, 0.9273, 1.537 ]
4914,[0.,0.,0.,0.],[-0.2493,-0.1089,-1.2272,-0.3714,-0.6555]
4932,[0.,0.,0.,0.],[ 0.296 , 1.3169,-0.3681, 0.3276, 0.3608]
4934,[0.,0.,0.,0.],[ 0.0965, 2.5556,-1.0151, 1.5371, 0.0764]
5900,[0.,0.,0.,0.],[ 2.1374, 1.1818,89.4326,-0.3019, 2.117 ]
5901,[0.,0.,0.,0.],[-0.7839,-2.3278, 1.9799,-0.8429, 1.6027]
5902,[0.,0.,0.,0.],[  0.3733,142.2261, -0.3841, -0.3626,  1.7776]
5910,[3495.2126,  31.027 , -27.3504, -81.5758],[-0.3042,-0.9455, 1.096 ,-1.5743, 5.7874]
5912,[11913.8419,  130.4383, -155.0897, -342.1823],[-3.9784,-4.0928,-6.1096,-5.8616,-4.3317]
5914,[0.,0.,0.,0.],[-0.1482, 0.5878,-1.9373,-0.7654, 0.774 ]
5920,[0.,0.,0.,0.],[ 0.1532,-0.004 ,-0.1463,-0.1271, 0.5181]
5921,[0.,0.,0.,0.],[ 2.0042,-1.1357, 2.7685, 0.1555, 3.8587]
5932,[0.,0.,0.,0.],[ 0.7258, 0.852 ,-0.47  , 0.2849, 0.1164]
5934,[0.,0.,0.,0.],[ 0.5388, 0.3213,-1.6518, 0.7238, 0.7145]
6700,[0.,0.,0.,0.],[-0.5407,-0.23  , 0.8287,-1.2246, 3.7338]
6701,[0.,0.,0.,0.],[-0.9504,-2.0848, 0.9752,-1.7064,-0.144 ]
6702,[0.,0.,0.,0.],[-0.6858,-0.1776,-1.5934,-1.9551, 0.4339]
6800,[2673.3725,  14.1139, -17.1157, -38.1573],[-7.9937,-8.1691,-7.5255,-9.6199,-7.4371]
6801,[0.,0.,0.,0.],[-1.7484,-2.6852, 0.39  ,-2.7964,-0.4996]
6802,[4077.9678,  19.206 , -39.2978, -58.3204],[-8.4958,-8.1486,-8.8263,-9.4077,-7.9899]
6810,[0.,0.,0.,0.],[-0.2417,-0.585 ,-0.0777,-0.9635, 0.3439]
6812,[0.,0.,0.,0.],[-1.2836,-0.5651,-2.6352,-2.1529,-0.1509]
6900,[3823.6233,  26.5595, -27.4121, -69.683 ],[  0.1139,  0.5197,104.7489, -0.8106,  4.1432]
6901,[0.,0.,0.,0.],[-0.1895,-1.2862,16.1174,-1.0678,-0.0333]
6902,[14355.3169,   90.4015, -146.5454, -241.5723],[-0.2599, 7.4478,-0.1717,-1.406 , 6.5015]
6910,[0.,0.,0.,0.],[-1.9392,-1.755 , 0.1911,-2.2279,-1.2112]
6912,[1205.1567,  10.1332, -11.5125, -25.9591],[-4.0148,-3.7085,-6.3639,-5.5145,-4.422 ]
6914,[0.,0.,0.,0.],[-0.6664, 3.2133,-2.0726,-0.7145, 1.2278]
6921,[0.,0.,0.,0.],[-0.1416,-1.8683, 0.4757,-0.3644, 1.13  ]
6934,[0.,0.,0.,0.],[ 0.165 , 2.0173,-0.8437,-0.1148, 0.0537]
7422,[0.,0.,0.,0.],[-3.3578,-2.6195,-5.7349,-4.581 ,-1.8783]
7442,[0.,0.,0.,0.],[-2.2206,-1.6537,-3.5516,-2.4039,-0.9461]
7502,[0.,0.,0.,0.],[-1.5734,-0.2265,-3.1521,-2.5321, 0.0748]
7522,[5922.9166,-106.4419, -86.4907, -13.7737],[-0.9141, 5.4972,-5.405 ,-4.0115, 5.8796]
7542,[ 9.0977e+03,-2.1764e+02,-8.6183e+01,-3.7280e+00],[ -9.8857, -7.5901,-11.9056,-11.3242, -8.4915]
7600,[0.,0.,0.,0.],[-0.647 ,-1.2359,-0.9128,-2.0156, 1.232 ]
7602,[2945.6293, -17.8606, -50.1035, -19.0393],[-6.7295,-5.0955,-9.162 ,-8.4303,-5.3513]
7604,[0.,0.,0.,0.],[-6.7212,-4.9994,-8.1498,-6.9378,-5.6095]
7622,[10302.2386, -114.103 , -177.5166,  -47.8161],[-5.1384,-3.6806,-8.3712,-6.9887,-4.0976]
7624,[0.,0.,0.,0.],[-2.6779,-1.4864,-4.5646,-3.1623,-2.0106]
7700,[0.,0.,0.,0.],[-5.2117,-6.4798,-6.4934,-6.9131,-4.1213]
7701,[0.,0.,0.,0.],[-2.0866,-2.7585,-0.4872,-2.8018,-1.8151]
7702,[13167.2567,  -23.7918, -175.6693, -114.5757],[-10.999 , -9.269 ,-13.2676,-12.6346,-10.0424]
7704,[0.,0.,0.,0.],[-4.9743,-3.9237,-7.0223,-5.7109,-5.4479]
7800,[0.,0.,0.,0.],[-21.9523,-22.1163,-22.3975,-23.1637,-21.1801]
7801,[0.,0.,0.,0.],[-2.3515,-3.6186,-1.1097,-3.4376,-2.1783]
7802,[9962.4879,  21.2562, -91.7855,-118.6272],[-13.6174,-12.7148,-15.0652,-14.6904,-13.4804]
7804,[0.,0.,0.,0.],[-0.3162, 0.0577,-1.9707,-1.4046,-0.7608]
7812,[0.,0.,0.,0.],[-1.2142,-0.5994,-2.3901,-2.2348,-0.0996]
7814,[0.,0.,0.,0.],[-1.1623, 0.9346,-2.2925,-1.1772,-0.7345]
7900,[0.,0.,0.,0.],[-2.6531,-2.8223,-2.6306,-3.4844,-2.4154]
7901,[0.,0.,0.,0.],[-1.3321,-1.8205,-0.4971,-1.5608,-1.2552]
7902,[0.,0.,0.,0.],[-2.7429,-2.2642,-2.8645,-2.9797,-2.8847]
7910,[0.,0.,0.,0.],[-0.7328,-1.3954,-0.4058,-1.6034,-0.7637]
7912,[0.,0.,0.,0.],[-1.2648,-0.7604,-2.4888,-1.7498,-0.859 ]
7914,[0.,0.,0.,0.],[-0.4455,-0.1261,-2.4353,-1.4645,-0.3439]
