100,[0.,0.,0.,0.],[0.7459,0.8628,1.0176,0.9817,0.7897]
200,[0.,0.,0.,0.],[0.0282,2.3665,0.9376,0.5823,0.5382]
201,[0.,0.,0.,0.],[-0.0776,-0.3252, 0.6138,-0.0063,-0.0557]
202,[0.,0.,0.,0.],[ 0.2753, 0.7019,-0.5214, 0.0253, 0.1467]
210,[0.,0.,0.,0.],[-0.163 ,-0.3506, 1.0073, 0.0433,-0.0289]
212,[0.,0.,0.,0.],[0.6522,2.1663,0.44  ,0.4052,0.7072]
220,[0.,0.,0.,0.],[ 0.4566, 0.5951, 0.0037,-0.1119,-0.2813]
221,[0.,0.,0.,0.],[1.4817,0.9875,2.5453,0.5855,0.0588]
223,[0.,0.,0.,0.],[ 0.3006,-0.2047, 1.0245, 0.1051,-0.2201]
234,[0.,0.,0.,0.],[1.0245,0.5326,0.1607,0.7285,0.9972]
236,[0.,0.,0.,0.],[0.1966,0.6001,0.0341,0.0553,0.5837]
241,[0.,0.,0.,0.],[ 0.1402, 0.5327, 0.0819, 0.2002,-0.0899]
243,[0.,0.,0.,0.],[0.9084,0.5672,1.9553,0.7939,0.0132]
300,[0.,0.,0.,0.],[0.5419,0.9327,0.3208,2.7069,0.6113]
301,[0.,0.,0.,0.],[-0.5965,-1.1873, 1.1526,-0.4851,-0.7332]
302,[0.,0.,0.,0.],[-0.2376, 0.5161,-1.1418,-0.6797,-0.2213]
304,[0.,0.,0.,0.],[ 0.0308, 0.0259,-0.1772, 0.17  , 0.0796]
310,[0.,0.,0.,0.],[-0.219 ,-1.1155, 1.1443,-0.3715,-0.9262]
311,[0.,0.,0.,0.],[ 0.0358,-0.1747, 0.2883, 0.1558,-0.0711]
312,[0.,0.,0.,0.],[ 2.0241, 1.4219, 0.0664, 2.4988,-0.0308]
314,[0.,0.,0.,0.],[ 0.2791, 0.243 ,-0.577 , 0.163 ,-0.0706]
320,[0.,0.,0.,0.],[-0.6459, 0.7601,-0.7769, 0.0905,-0.4786]
321,[0.,0.,0.,0.],[0.7541,0.8868,1.6259,3.0368,0.6297]
323,[0.,0.,0.,0.],[ 0.0111,-0.7956, 0.4156, 0.5161,-0.1578]
330,[0.,0.,0.,0.],[ 0.0651, 0.0632, 0.2451, 0.0972,-0.1034]
332,[0.,0.,0.,0.],[-0.0774,-1.0008, 0.9774, 0.2932,-0.0594]
334,[0.,0.,0.,0.],[ 0.1286, 1.9359, 0.4737, 2.1844,-0.1768]
336,[0.,0.,0.,0.],[0.4202,0.5654,0.0297,0.2818,0.0182]
341,[0.,0.,0.,0.],[-0.2215, 1.7704,-0.1695, 0.1007,-0.6512]
343,[0.,0.,0.,0.],[ 0.581 , 0.1014, 2.6893, 2.7992,-0.1255]
363,[0.,0.,0.,0.],[ 0.0424, 0.6318,-0.3207,-0.446 ,-0.1718]
400,[970.2351,-22.4877,  2.527 ,  3.8838],[ 0.8283, 1.1612, 0.3315, 2.986 ,-0.7422]
401,[781.0155,-36.5319, 44.6984,  6.8816],[-0.4724,-1.3201, 0.7873, 0.2802,-0.7143]
402,[199.1518,  3.5954,-14.737 ,  2.2339],[-0.6054, 0.025 ,-0.9222,-0.2137,-0.9803]
403,[0.,0.,0.,0.],[-0.4369,-0.2919, 0.0717, 0.0891, 0.0122]
410,[0.,0.,0.,0.],[-0.6117,-0.9472, 0.897 ,-0.3205,-0.6864]
411,[0.,0.,0.,0.],[-0.2416,-0.3394, 0.4145,-0.1651,-0.116 ]
412,[0.,0.,0.,0.],[ 0.6303, 1.9938, 0.1818, 2.0294,-0.7053]
414,[0.,0.,0.,0.],[-0.7634, 0.9067,-0.5512,-0.388 ,-0.4717]
420,[198.0215,-10.0456,  9.8165,  0.4954],[-0.5791, 1.0857,-1.1792, 0.165 ,-0.4818]
421,[197.8208,-10.1291, 10.8169,  1.0493],[ 1.1164, 0.979 , 1.8375, 2.6535,-1.0266]
423,[0.,0.,0.,0.],[-0.1532,-1.1426, 1.7279, 0.0901,-0.9148]
432,[0.,0.,0.,0.],[-0.261 ,-0.9942, 0.9262, 0.0416,-1.5279]
434,[0.,0.,0.,0.],[ 0.8701, 2.4906, 0.1799, 2.3582,-0.3618]
436,[0.,0.,0.,0.],[-0.3975, 0.8003,-0.5303, 0.2516,-0.4623]
441,[0.,0.,0.,0.],[-0.5102, 0.1057,-0.7102,-0.416 ,-0.414 ]
443,[0.,0.,0.,0.],[ 0.3255,-0.5079, 2.2883, 2.7617,-0.4157]
445,[0.,0.,0.,0.],[-0.5144,-0.429 , 0.551 , 1.708 ,-0.6381]
454,[0.,0.,0.,0.],[-0.5645,-1.1079,-0.291 ,-0.3839,-1.4081]
465,[0.,0.,0.,0.],[ 0.6494,-0.8917, 1.4136, 1.8344,-1.0689]
467,[0.,0.,0.,0.],[ 0.9167,-0.7587, 1.3752, 0.0052,-0.3614]
500,[2132.445 , -48.9325,  67.4023, -23.8127],[-0.2197, 1.6304, 3.4524, 3.9001,-0.4362]
501,[0.,0.,0.,0.],[ 0.5367,-0.4865, 1.3053, 1.0602,-1.0155]
502,[0.,0.,0.,0.],[-0.4693, 0.7336,-0.2811, 0.3164,-1.1186]
510,[0.,0.,0.,0.],[ 0.4407,-1.0058, 0.1035, 1.0114,-0.7724]
511,[0.,0.,0.,0.],[ 1.1526e-01,-2.2848e-01, 4.4045e-02, 1.3303e-04,-2.4943e-01]
512,[0.,0.,0.,0.],[ 0.5997, 0.997 , 1.6119, 2.2147,-1.1695]
514,[0.,0.,0.,0.],[-0.0552, 0.3421,-0.6443, 0.2891,-0.4784]
520,[197.2452,-10.0535,  9.133 , -1.0057],[-0.5632, 0.4372,-0.4583, 0.1997,-0.5516]
521,[396.0809,-20.6164, 21.4443, -0.5617],[ 0.2123, 0.2129, 0.9114, 2.1258,-1.0174]
523,[0.,0.,0.,0.],[-0.1487,-0.6864, 0.9754, 0.4312,-0.5702]
532,[0.,0.,0.,0.],[-1.1458,-0.9621, 0.5281,-0.3309,-1.3466]
534,[0.,0.,0.,0.],[-0.4816, 0.4916,-0.7076, 1.2018,-1.5476]
536,[0.,0.,0.,0.],[ 0.0282, 0.9132,-0.5137, 0.1723,-0.7707]
541,[0.,0.,0.,0.],[ 0.4021, 0.1243,-0.3873,-0.2307,-0.5047]
543,[0.,0.,0.,0.],[ 0.6612,-0.4084, 0.2179, 2.3858,-0.9897]
545,[0.,0.,0.,0.],[ 0.3707,-0.824 , 0.8795, 0.562 ,-0.1185]
554,[0.,0.,0.,0.],[-0.9713,-1.4068,-0.2566,-0.9597,-1.7216]
556,[0.,0.,0.,0.],[-0.8211, 0.5162,-1.7053, 0.4768,-1.8966]
565,[0.,0.,0.,0.],[ 0.0785,-0.3098, 0.8029, 1.9982,-1.0525]
567,[0.,0.,0.,0.],[ 0.8847,-0.3017, 0.492 , 1.5291,-0.4099]
600,[0.,0.,0.,0.],[ 0.3768,-0.6628,-0.4044, 2.2379,-1.1192]
601,[0.,0.,0.,0.],[-0.0685,-0.389 , 1.3559, 0.3694,-0.6035]
602,[0.,0.,0.,0.],[-0.243 , 0.8995,-0.2251,-0.6625,-0.2633]
610,[0.,0.,0.,0.],[-0.396 ,-0.9009, 2.2004, 0.3448,-1.1233]
612,[0.,0.,0.,0.],[-0.3302,-0.2281,-0.952 , 1.4363,-1.5467]
614,[0.,0.,0.,0.],[-0.0356, 0.6541,-0.8954, 0.2287,-0.2119]
620,[0.,0.,0.,0.],[-0.1622, 0.6525,-0.4732, 0.2757,-0.3565]
621,[0.,0.,0.,0.],[-0.0605,-0.3625, 0.6025, 1.461 ,-1.3749]
623,[0.,0.,0.,0.],[ 0.193 ,-0.9067, 0.9249, 1.6276,-0.5097]
632,[0.,0.,0.,0.],[-0.6327,-0.7756, 0.8953,-0.5307,-1.9107]
634,[0.,0.,0.,0.],[-0.7701, 0.2677,-1.5456, 0.5042,-2.8068]
636,[0.,0.,0.,0.],[-0.2502, 0.2458,-0.1744, 1.1594,-0.4754]
641,[0.,0.,0.,0.],[-0.4523, 0.2348,-0.1633, 0.2759,-0.499 ]
643,[0.,0.,0.,0.],[-0.276 ,-0.4939, 0.6255, 2.7491,-1.111 ]
645,[0.,0.,0.,0.],[ 0.6508,-0.4905, 0.4472, 1.8659,-0.4374]
654,[0.,0.,0.,0.],[-1.4121,-1.686 ,-1.2694,-0.8551,-2.0139]
656,[0.,0.,0.,0.],[-1.3736, 0.0623,-1.2717, 0.1934,-2.5957]
658,[0.,0.,0.,0.],[ 0.1519, 0.8767,-0.089 , 1.5774,-0.6397]
665,[0.,0.,0.,0.],[ 0.576 ,-0.2488, 0.4232, 1.8281,-1.7405]
700,[0.,0.,0.,0.],[-3.2039,-2.8911,-2.9007,-2.4784,-4.5736]
701,[0.,0.,0.,0.],[ 0.0017,-0.5138, 1.6745, 0.259 ,-1.2004]
702,[0.,0.,0.,0.],[-0.6796, 0.0368,-0.4028, 0.125 ,-0.6436]
710,[0.,0.,0.,0.],[-0.5644,-0.863 , 0.7227,-0.5751,-1.0958]
712,[0.,0.,0.,0.],[-2.1721,-2.4924,-3.0157,-0.7306,-3.4198]
714,[0.,0.,0.,0.],[ 0.7367,-0.0185,-0.6626, 0.7626,-0.6285]
720,[0.,0.,0.,0.],[-0.5133, 0.2116,-0.3242,-0.4746,-0.898 ]
721,[0.,0.,0.,0.],[-1.2663,-1.9012,-0.9149, 1.0549,-2.4843]
723,[0.,0.,0.,0.],[ 0.1388,-0.3209, 1.4853, 0.9734,-0.7547]
732,[0.,0.,0.,0.],[-0.7281,-0.9566,-0.4737,-0.218 ,-1.4992]
734,[0.,0.,0.,0.],[-1.2735,-1.8785,-2.4533,-0.3744,-3.2825]
736,[0.,0.,0.,0.],[ 0.7452, 0.9291,-0.2649, 1.4826,-0.5816]
743,[0.,0.,0.,0.],[-0.4879,-1.6851,-0.4238, 1.536 ,-1.6474]
800,[0.,0.,0.,0.],[-6.0422,-5.9425,-5.6327,-4.825 ,-7.3434]
801,[0.,0.,0.,0.],[-0.1601,-0.3624, 0.6706, 0.3903,-1.1486]
802,[0.,0.,0.,0.],[ 0.0094, 0.1747,-0.8253,-0.2574,-1.2315]
810,[0.,0.,0.,0.],[-0.5894,-0.9999,-0.0365,-0.1087,-1.5325]
812,[0.,0.,0.,0.],[-5.8091,-5.6879,-5.1984,-4.6254,-6.8461]
814,[0.,0.,0.,0.],[-0.1827, 0.3218, 0.1327, 2.1741,-1.1019]
820,[0.,0.,0.,0.],[-0.3014, 0.0872,-0.2282,-0.3417,-1.498 ]
821,[0.,0.,0.,0.],[-2.713 ,-2.7123,-1.9091,-1.3572,-3.4365]
823,[0.,0.,0.,0.],[ 0.4863, 0.4021, 0.27  , 1.4713,-1.0284]
832,[0.,0.,0.,0.],[-0.9437,-0.8155,-0.96  ,-0.5808,-1.7714]
834,[0.,0.,0.,0.],[-2.124 ,-2.4925,-2.6297,-1.7474,-3.8319]
841,[0.,0.,0.,0.],[-0.1038,-0.536 ,-0.3223,-0.1088,-0.935 ]
843,[0.,0.,0.,0.],[-0.4329,-1.3776,-0.2053, 0.955 ,-2.2151]
845,[0.,0.,0.,0.],[-0.0819, 0.6655, 0.3726, 0.9681,-0.4202]
867,[0.,0.,0.,0.],[ 0.0924, 0.4007, 0.0713, 0.7513,-0.3763]
900,[0.,0.,0.,0.],[-17.241 ,-17.7689,-17.0211,-16.9206,-17.6324]
1100,[0.,0.,0.,0.],[ 1.0329, 1.6408, 1.0805,-0.0308, 2.7115]
1101,[0.,0.,0.,0.],[-0.0113,-0.1497, 1.2685, 0.4491, 0.311 ]
1102,[0.,0.,0.,0.],[ 0.4569, 1.087 ,-0.6072, 0.0142, 0.6074]
1112,[0.,0.,0.,0.],[0.3666,2.5208,1.0407,0.4222,1.2183]
1120,[0.,0.,0.,0.],[-0.1516, 0.8144, 0.0417,-0.2885, 1.2982]
1121,[0.,0.,0.,0.],[1.2726,0.8128,1.6568,0.7705,5.3231]
1141,[0.,0.,0.,0.],[0.5696,1.0887,0.1968,0.2922,0.551 ]
1143,[0.,0.,0.,0.],[ 1.0804,-0.0511, 1.0912, 0.8376, 2.3434]
1200,[0.,0.,0.,0.],[5.5914,1.6468,3.5901,0.9586,7.8299]
1201,[0.,0.,0.,0.],[ 0.5722,-0.9384, 2.089 , 0.1714, 2.0608]
1202,[0.,0.,0.,0.],[-0.5394, 2.5136,-0.9317,-0.6397, 0.504 ]
1210,[0.,0.,0.,0.],[ 0.5887,-1.2449, 1.2229,-0.5361, 0.2699]
1212,[590.8631, 39.5523,-31.5113, 20.4391],[1.5783,1.4293,0.9517,0.5672,4.2632]
1214,[0.,0.,0.,0.],[ 0.0728, 2.8739,-0.6729,-0.3548, 1.4121]
1220,[0.,0.,0.,0.],[ 0.3195, 5.4524,-0.8023,-0.2942, 0.7001]
1221,[0.,0.,0.,0.],[ 1.1114, 1.0023,18.3461, 0.7736, 2.6245]
1223,[0.,0.,0.,0.],[ 0.6925,-0.5254, 6.9504, 0.2727, 1.2361]
1232,[0.,0.,0.,0.],[1.4424e-01,9.8586e-04,2.1010e+00,3.0498e-02,7.6774e-01]
1234,[0.,0.,0.,0.],[2.3163,2.4236,0.0854,0.7233,3.5992]
1236,[0.,0.,0.,0.],[ 0.1876, 4.1463,-0.635 , 0.0214, 1.7146]
1241,[0.,0.,0.,0.],[ 0.2062, 2.0942,-0.1798,-0.377 , 1.3719]
1243,[0.,0.,0.,0.],[ 1.0644,-0.1661, 7.9812, 0.8192, 0.8763]
1263,[0.,0.,0.,0.],[0.1405,0.9507,0.3539,0.5384,0.6541]
1265,[0.,0.,0.,0.],[ 1.0422,-0.0775, 5.8053, 1.073 , 0.9256]
1300,[5.9559e+03,5.6674e+00,1.1217e+01,9.6955e+01],[1.3789,8.2393,3.3435,1.2904,1.5778]
1301,[1382.329 , -14.4164,  55.8236,  23.5739],[ 1.5707,-0.6395,14.5015, 0.2179,-0.0446]
1302,[0.,0.,0.,0.],[ 0.5859, 1.9629,-1.297 ,-0.7407, 6.9167]
1310,[2020.9469,  76.7913, -22.3452,  43.2995],[-1.2539,-1.6357, 0.6517,-2.0014, 0.0525]
1311,[0.,0.,0.,0.],[-0.6624,-1.0226,-0.6293,-1.0594,-0.6744]
1312,[5241.3543, 377.3762,-411.1196, 141.3671],[ 0.3134,13.9682, 1.7355, 1.7336, 6.1761]
1314,[0.,0.,0.,0.],[ 1.1914, 1.5137,-1.4935, 0.4922, 1.1432]
1320,[377.7969,-10.0671,  8.608 ,  5.0881],[ 0.0931, 9.4811,-0.4893,-0.5675, 1.9725]
1321,[0.,0.,0.,0.],[ 0.8577, 1.4312,32.2481, 3.0739, 2.2943]
1323,[0.,0.,0.,0.],[ 0.4164,-1.1788, 3.8187, 1.3989, 2.5213]
1330,[0.,0.,0.,0.],[-0.4741,-1.358 ,-0.2955,-0.7866,-0.6419]
1332,[0.,0.,0.,0.],[-0.6099,-1.1121, 0.1984,-1.184 ,-0.9753]
1334,[0.,0.,0.,0.],[ 0.7888,11.0521, 0.3605, 1.9152, 0.4994]
1336,[0.,0.,0.,0.],[ 1.1529, 5.8822,-0.5563, 1.1334, 1.8154]
1341,[0.,0.,0.,0.],[-1.0048,-0.1483,-1.2675,-0.5678,-0.8268]
1343,[0.,0.,0.,0.],[ 3.067 ,-0.3803, 4.6776, 2.9581, 1.7192]
1345,[0.,0.,0.,0.],[ 0.4584,-0.7617, 2.3507, 0.0514, 2.6024]
1352,[0.,0.,0.,0.],[-0.5048,-0.8673, 0.1089,-0.4607,-0.6532]
1354,[0.,0.,0.,0.],[-0.051 ,-0.7281, 0.3832, 0.6542,-0.3235]
1356,[0.,0.,0.,0.],[ 2.3617, 4.8099,-0.2283, 2.0284, 0.7477]
1363,[0.,0.,0.,0.],[ 0.446 , 0.0337,-0.6508,-0.1085,-0.453 ]
1365,[0.,0.,0.,0.],[3.2226,0.0786,5.9532,0.8082,0.3065]
1367,[0.,0.,0.,0.],[ 2.4855,-0.9287, 3.6191, 0.2613,-0.6242]
1378,[0.,0.,0.,0.],[ 0.343 , 3.1231,-0.0116, 5.3313, 0.1947]
1385,[0.,0.,0.,0.],[-0.1714,-0.2   , 0.1668, 0.4591,-0.6687]
1387,[0.,0.,0.,0.],[ 0.8921,-0.3015, 3.1232, 3.3646, 0.5635]
1400,[15985.107 ,  -83.6584,  120.6936,  118.5825],[  1.1906,  4.9975,152.9103,  1.3104,  3.6037]
1401,[4886.9805,-107.0085, 172.506 ,  27.5204],[ 1.921 ,-1.3128, 4.0368,-0.073 , 1.0232]
1402,[3202.8432,  85.3502,-108.1167,  31.4624],[ 0.4408,91.9294,-0.7021, 0.3315, 0.4709]
1410,[362.8866, 10.1903, -9.8085,  1.0746],[ 1.1251,-0.3122,55.3007, 0.6852, 0.6822]
1412,[6277.3974, 245.1783,-317.6329,  52.825 ],[ 0.6767,97.438 , 1.4949, 1.3993, 0.7436]
1414,[0.,0.,0.,0.],[ 1.1255,10.8719,-0.8351, 0.7149,-0.1565]
1420,[3365.207 ,-113.0994,  65.3442,  13.9341],[ 0.6775, 6.4069,-0.5715, 0.1877,-0.2013]
1421,[9813.3054,-420.5511, 487.1043,  52.3067],[ 2.1705, 1.0397,89.7535, 1.1517, 2.7362]
1423,[0.,0.,0.,0.],[ 2.6827,-1.4669, 7.5762, 0.5187, 0.1143]
1430,[0.,0.,0.,0.],[-1.0606,-1.3199, 0.169 ,-0.8072,-0.6195]
1432,[0.,0.,0.,0.],[-1.016 ,-1.4611,-0.9593,-1.0297,-1.301 ]
1434,[0.,0.,0.,0.],[9.9243,1.523 ,0.6108,4.6739,0.6577]
1436,[0.,0.,0.,0.],[ 0.164 ,10.3292,-0.1866, 1.2016,-0.2502]
1441,[0.,0.,0.,0.],[-0.5955,-0.3792,-0.8229,-0.1432,-1.2171]
1443,[0.,0.,0.,0.],[1.5857,0.0212,6.4814,0.8614,0.5272]
1445,[0.,0.,0.,0.],[ 0.601 ,-0.2663, 7.2327, 0.5764,-0.0719]
1452,[0.,0.,0.,0.],[-0.5043,-0.9207, 0.29  ,-0.8921,-0.9671]
1454,[0.,0.,0.,0.],[-0.2393,-0.8366,-0.0137, 0.4268,-1.222 ]
1456,[0.,0.,0.,0.],[ 0.3317, 4.2081, 0.0621, 3.5828,-0.2388]
1458,[0.,0.,0.,0.],[ 0.8421, 3.9402,-0.4774, 0.4958, 0.1579]
1463,[0.,0.,0.,0.],[-0.4893,-0.1762,-0.1861, 0.5469,-0.7498]
1465,[0.,0.,0.,0.],[ 1.3616,-0.5009, 5.4837, 2.8629,-0.5433]
1467,[0.,0.,0.,0.],[ 1.1167,-0.4487, 7.866 , 0.1971,-0.053 ]
1476,[0.,0.,0.,0.],[-0.6514,-0.6363,-1.0608,-0.2055,-1.4931]
1478,[0.,0.,0.,0.],[ 0.4166, 1.7439,-0.5984, 3.4901,-0.3556]
1487,[0.,0.,0.,0.],[ 1.7308,-0.408 , 2.4867, 1.7404,-0.8543]
1500,[6758.2251,-123.5198, 109.8727, -29.0931],[ 5.2165,10.6525, 2.5953, 8.4229, 0.6854]
1501,[1932.5053, -30.5841,  86.5006, -15.3544],[ 0.1036,-0.4827, 7.6392,-0.0823, 0.2021]
1502,[2297.6736,  26.3117, -95.6915, -14.3429],[-3.1453,-1.317 ,-3.7322,-2.6926,-3.1841]
1504,[0.,0.,0.,0.],[-0.5908,-0.3451,-0.4744, 0.2589,-0.467 ]
1510,[2195.1081,  64.0387, -51.8545, -14.679 ],[ 0.8984,-0.2548,21.9237, 0.6444,-0.8604]
1512,[4118.7758, 153.073 ,-229.2947, -28.382 ],[ 0.2599,29.5426, 0.7494, 9.1793, 1.6023]
1514,[790.4904, 44.9247,-62.6632, -1.4032],[ 0.2369,10.4765,-0.6815, 0.8676, 0.0406]
1520,[ 7.5421e+02,-2.1409e+01, 1.0690e+01,-1.6786e-01],[ 0.2074,10.0783,-0.5749, 2.8972,-0.5772]
1521,[7700.9436,-244.4389, 309.194 , -50.7853],[ 0.7608, 0.5872, 2.1671,43.1814, 1.0241]
1522,[0.,0.,0.,0.],[ 0.1627,-0.2171,-0.6775,-0.2207,-0.3299]
1523,[0.,0.,0.,0.],[ 0.6696,-1.0871, 5.0089, 1.5338, 0.0909]
1530,[0.,0.,0.,0.],[-0.294 ,-0.8035, 0.649 , 0.2188,-0.8637]
1532,[0.,0.,0.,0.],[ 0.039 ,-0.7856,-0.474 , 0.1845,-0.8783]
1534,[0.,0.,0.,0.],[ 3.0656, 5.7884,-0.1348, 4.0841, 0.7629]
1536,[0.,0.,0.,0.],[ 0.1564, 2.7139,-0.5818, 2.8225, 0.0825]
1541,[0.,0.,0.,0.],[-0.6935,-0.2602,-0.4819,-0.469 ,-0.9742]
1543,[0.,0.,0.,0.],[ 0.8815,-0.3509, 5.499 , 3.4458,-0.1964]
1545,[0.,0.,0.,0.],[-0.1851,-0.684 , 3.8582, 1.4387,-0.1496]
1554,[0.,0.,0.,0.],[-7.9293e-02,-5.8415e-01,-2.6201e-04, 5.0150e-02,-8.3315e-01]
1556,[0.,0.,0.,0.],[ 0.5084, 3.6504,-0.4009, 2.9173,-0.7046]
1558,[0.,0.,0.,0.],[ 0.6794, 5.2889,-0.1454,-0.0824,-0.3749]
1563,[0.,0.,0.,0.],[ 0.4375, 0.1738, 0.2124, 0.4894,-0.5764]
1565,[0.,0.,0.,0.],[ 0.3802,-0.6074, 1.6615, 3.5508,-0.485 ]
1567,[0.,0.,0.,0.],[ 4.5336e-01,-4.2255e-01, 5.6190e+00, 1.8221e+00,-1.3992e-03]
1576,[0.,0.,0.,0.],[-0.7443,-0.4516,-0.5545, 0.055 ,-1.3818]
1578,[0.,0.,0.,0.],[ 0.3469, 1.5645,-0.9006, 2.3817,-1.3929]
1589,[0.,0.,0.,0.],[-0.3854,-0.4509, 3.1899, 3.5338,-0.478 ]
1600,[6548.3586, -34.9879,  46.9645,-132.0317],[ 8.4527e-02, 1.3690e+00, 3.2451e+00, 2.3823e+01,-1.2259e-02]
1601,[1924.8532, -31.589 ,  70.4387, -36.9846],[-0.1492,-1.4094, 3.8285, 1.3735,-1.0879]
1602,[1843.6345,  10.7758, -94.5249, -32.9341],[-2.2787,-0.8898,-3.4657,-1.3095,-3.2297]
1604,[0.,0.,0.,0.],[ 0.0616, 0.0518,-0.0874,-0.1357,-0.1276]
1610,[1035.2329,  51.1807, -17.6647, -31.3183],[-0.0322, 0.7058,13.5612, 2.2797,-0.4578]
1612,[2957.2285, 104.9543,-105.2055, -63.6958],[ 1.3391, 4.3536,-0.4034,23.0496, 0.3051]
1614,[0.,0.,0.,0.],[ 0.8205, 2.961 ,-0.7832, 1.0587,-0.555 ]
1620,[2190.1511, -74.0248,  33.3727, -48.8972],[-2.566 ,-1.2895,-2.674 , 0.4786,-2.7937]
1621,[3754.3959,-127.4797, 134.7146, -80.3281],[ 2.0345,-0.1607, 7.8785, 5.4578,-0.3309]
1623,[0.,0.,0.,0.],[ 1.126 ,-0.7631, 4.2958, 1.4176,-0.6827]
1632,[0.,0.,0.,0.],[-0.0884, 0.0869,-0.0473, 0.3219,-0.6487]
1634,[0.,0.,0.,0.],[ 1.3649, 0.2536,-0.0459, 6.4543,-0.0474]
1636,[0.,0.,0.,0.],[ 1.4234, 3.8661,-0.6138, 0.225 ,-0.604 ]
1641,[0.,0.,0.,0.],[-0.3956,-0.6501,-0.2629, 0.0435,-0.9944]
1643,[0.,0.,0.,0.],[ 0.6129, 0.6492, 1.9542, 2.7048,-0.5351]
1645,[0.,0.,0.,0.],[ 0.7551,-0.5765, 1.1589, 1.12  ,-0.3062]
1654,[0.,0.,0.,0.],[ 0.3444, 0.1565,-0.2608, 0.8767,-0.2266]
1656,[0.,0.,0.,0.],[ 1.2578, 2.1217,-0.5859, 6.8181,-0.5529]
1658,[0.,0.,0.,0.],[ 0.1162, 9.9739,-0.4412, 1.2466,-0.0545]
1663,[0.,0.,0.,0.],[ 0.4545, 0.53  , 0.1462, 0.3632,-0.3729]
1665,[0.,0.,0.,0.],[ 1.3532, 0.0389, 2.5765, 2.6119,-0.3915]
1667,[0.,0.,0.,0.],[ 0.2608,-0.7746, 3.7846, 2.1377,-0.5779]
1678,[0.,0.,0.,0.],[-0.2763, 2.0957,-1.4158, 1.6069,-1.2929]
1687,[0.,0.,0.,0.],[ 0.955 ,-0.5828, 1.2351, 2.0453,-0.9158]
1689,[0.,0.,0.,0.],[ 0.5397,-0.5141, 2.5105, 4.1174,-0.5527]
1700,[0.,0.,0.,0.],[-4.4423,-3.5522,-4.2179,-2.5923,-5.1378]
1701,[0.,0.,0.,0.],[-0.9907,-1.6235, 0.4681,-0.4262,-1.578 ]
1702,[0.,0.,0.,0.],[-0.8796, 0.8459,-1.5378,-1.0897,-1.6976]
1704,[0.,0.,0.,0.],[ 0.0817, 0.0672,-0.1728, 0.0445,-0.0721]
1710,[232.9467, 18.439 , -6.5701,-10.0201],[-0.9865,-1.2232, 0.0864, 0.3365,-1.7585]
1712,[2189.4242, 203.2035,-184.7779, -98.7663],[-2.0568,-0.8276,-2.5449,-0.3821,-2.3418]
1714,[0.,0.,0.,0.],[ 0.334 , 2.2299,-0.3876, 2.3577,-0.431 ]
1716,[0.,0.,0.,0.],[-0.1505, 0.0385,-0.1281,-0.1323,-0.2389]
1720,[0.,0.,0.,0.],[-2.6598,-2.0727,-3.6689,-2.3113,-3.6593]
1721,[1896.5452, -66.1718,  77.0157, -54.7701],[-4.2743,-4.7404,-3.8986,-3.1563,-5.099 ]
1722,[0.,0.,0.,0.],[ 0.0129, 0.1528, 0.023 ,-0.0792, 0.3343]
1723,[0.,0.,0.,0.],[-0.2998,-0.4389, 1.9413, 1.0436,-0.6019]
1732,[0.,0.,0.,0.],[-0.14  , 0.4671, 0.1179, 0.6683,-0.7508]
1734,[0.,0.,0.,0.],[ 2.4221, 8.5899,-0.4097, 4.9847,-0.8244]
1736,[0.,0.,0.,0.],[-0.1618, 8.237 , 0.2299, 0.5365,-0.6399]
1741,[0.,0.,0.,0.],[-0.9355,-0.573 ,-1.0452,-0.6012,-1.3317]
1743,[0.,0.,0.,0.],[ 1.0361,-0.3707, 2.5983, 2.8349,-0.7284]
1745,[0.,0.,0.,0.],[ 0.3104,-0.2247, 1.2176, 1.3588,-0.4922]
1754,[0.,0.,0.,0.],[ 0.2824, 0.5089,-0.06  , 0.5123,-0.3463]
1756,[0.,0.,0.,0.],[ 2.8454, 3.4271,-0.8835, 5.4753,-1.2636]
1758,[0.,0.,0.,0.],[ 1.0309, 7.8746,-0.2976, 2.5498,-1.0145]
1765,[0.,0.,0.,0.],[ 0.4122, 0.2738, 0.481 , 4.5046,-0.7431]
1767,[0.,0.,0.,0.],[ 0.28  ,-1.0282, 2.4611, 1.3301,-0.7617]
1787,[0.,0.,0.,0.],[ 0.501 ,-0.4246, 1.7181, 2.2389,-0.9749]
1800,[0.,0.,0.,0.],[-0.2984, 0.2501,-0.2498, 1.0777,-1.5298]
1801,[0.,0.,0.,0.],[-0.4126,-0.8458, 0.6673, 0.9496,-0.9225]
1802,[0.,0.,0.,0.],[-0.6202, 1.2351,-0.9601, 0.333 ,-1.6683]
1804,[0.,0.,0.,0.],[ 0.0257, 0.1928,-0.2914,-0.1135, 0.1341]
1810,[0.,0.,0.,0.],[ 0.522 , 0.5237, 0.6523, 0.4113,-1.7175]
1812,[2228.8679, 134.5753,-170.7584,-122.4685],[ 0.145 , 2.068 , 0.4984, 2.9931,-1.0799]
1814,[0.,0.,0.,0.],[ 0.9392, 2.6389,-0.1629, 8.1831,-0.4467]
1820,[0.,0.,0.,0.],[-1.0346,-0.5121,-1.4419,-0.6469,-1.7474]
1821,[0.,0.,0.,0.],[-0.5549,-1.2125, 0.5712, 0.7193,-1.8884]
1822,[0.,0.,0.,0.],[ 0.1307, 0.2575, 0.017 , 0.0155,-0.1911]
1823,[0.,0.,0.,0.],[ 0.0662,-0.7328, 1.1161, 1.2707,-0.8422]
1832,[0.,0.,0.,0.],[ 0.3135, 0.2133, 0.2726, 0.1372,-0.6147]
1834,[0.,0.,0.,0.],[ 1.0662, 0.6643,-0.4124,13.8656,-0.3673]
1836,[0.,0.,0.,0.],[ 0.0783, 2.6335,-0.0986, 6.3764,-0.7707]
1838,[0.,0.,0.,0.],[-0.142 , 0.1881,-0.4688,-0.3087,-0.4829]
1841,[0.,0.,0.,0.],[-0.8806,-0.3611,-0.7249, 0.7755,-1.2334]
1843,[0.,0.,0.,0.],[-0.0752,-0.2497, 1.2337, 1.8915,-1.1601]
1845,[0.,0.,0.,0.],[ 0.1924,-0.0428, 1.0376, 0.3546,-1.0083]
1856,[0.,0.,0.,0.],[ 0.1301, 1.5752,-0.1664, 3.4613,-1.7471]
1900,[0.,0.,0.,0.],[-29.8036,-29.9598,-30.0865,-29.2802,-31.2025]
1901,[0.,0.,0.,0.],[-4.1901,-4.5597,-3.6754,-4.4863,-5.0882]
1902,[1894.4155,  31.1674, -70.0493,-115.2916],[-3.6401,-2.432 ,-3.877 ,-3.2086,-4.9479]
1910,[0.,0.,0.,0.],[-15.099 ,-15.035 ,-14.5421,-15.0848,-16.0944]
1912,[695.4396, 23.7556,-36.8638,-41.4137],[-37.7776,-38.8058,-39.2748,-37.5794,-40.2858]
1914,[0.,0.,0.,0.],[ 0.5065,20.4442, 0.3894, 3.5036,-0.8391]
1920,[0.,0.,0.,0.],[ -8.6453, -8.0392, -8.8142, -8.124 ,-10.0107]
1921,[0.,0.,0.,0.],[-21.9728,-22.4663,-21.494 ,-21.7698,-23.967 ]
1923,[0.,0.,0.,0.],[-1.3843,-1.0606, 0.1736,-0.089 ,-1.6267]
1934,[0.,0.,0.,0.],[ 0.1074, 0.1389,-1.3684, 1.9762,-2.7854]
1941,[0.,0.,0.,0.],[-1.8537,-2.2058,-1.1648,-0.9308,-2.5526]
1943,[0.,0.,0.,0.],[-1.9298,-2.2381,-0.3695, 0.831 ,-1.9871]
2100,[0.,0.,0.,0.],[-0.3713,-1.0366,-0.5861,-1.0579, 0.468 ]
2200,[0.,0.,0.,0.],[-8.1714,-7.866 ,-7.8992,-8.9895,-7.6115]
2201,[0.,0.,0.,0.],[-4.0543,-4.29  ,-2.3112,-3.6034,-2.516 ]
2210,[0.,0.,0.,0.],[-0.5026,-1.5166, 0.1076,-1.028 , 0.0145]
2220,[0.,0.,0.,0.],[-1.3951,-0.6253,-1.5701,-1.8736,-0.5914]
2221,[0.,0.,0.,0.],[-4.1616,-4.7614,-3.8425,-4.8695,-3.1898]
2234,[0.,0.,0.,0.],[ 0.0659, 1.6421,-0.5781, 0.2043, 2.1365]
2236,[0.,0.,0.,0.],[-0.2383, 0.2122,-1.088 ,-0.3156, 1.7351]
2241,[0.,0.,0.,0.],[ 0.5813, 0.9497,-0.056 ,-0.0495, 0.9555]
2243,[0.,0.,0.,0.],[-0.2752,-0.8938, 2.0466, 0.5017, 1.5924]
2263,[0.,0.,0.,0.],[1.0775,0.6026,0.6361,0.6696,2.7727]
2265,[0.,0.,0.,0.],[ 1.393 ,-0.5675, 3.3758, 1.5617, 1.913 ]
2300,[7372.8401, -34.0939,   8.3523, 110.4315],[-17.6618,-17.5711,-17.2139,-19.0153,-16.6956]
2301,[400.1543, -9.604 , 10.3863,  7.3444],[-10.4981,-11.1867, -9.3628,-11.3025, -9.9418]
2302,[0.,0.,0.,0.],[-6.5492,-5.1803,-7.0844,-6.9953,-5.7553]
2304,[0.,0.,0.,0.],[-0.7485,-0.049 ,-0.7859,-0.9192,-0.6782]
2310,[0.,0.,0.,0.],[-1.3585,-1.4728,-0.4858,-1.8133,-0.6874]
2312,[0.,0.,0.,0.],[-1.0807e-03, 4.3000e-01,-1.6387e+00,-8.8638e-01, 4.6931e-01]
2314,[0.,0.,0.,0.],[-0.2801, 0.5454,-2.508 ,-1.1843,-0.3207]
2320,[0.,0.,0.,0.],[-2.0188,-1.1045,-2.449 ,-3.3531, 1.3776]
2321,[2208.7992,-112.0339, 122.469 ,  26.5728],[-5.5196,-6.9243,-5.24  ,-6.1368,-4.8062]
2323,[0.,0.,0.,0.],[-0.2823,-2.1239,-0.1305,-1.9122,-0.3261]
2332,[0.,0.,0.,0.],[ 1.2992, 0.4558, 1.4997,-0.0986, 1.9648]
2334,[0.,0.,0.,0.],[ 1.0829, 6.0633,-0.127 , 0.119 , 2.4927]
2336,[0.,0.,0.,0.],[ 0.0145, 2.3081,-1.19  , 0.378 , 0.2077]
2341,[0.,0.,0.,0.],[-0.3202, 0.8606,-0.0455,-0.1949, 1.3139]
2343,[0.,0.,0.,0.],[ 0.5882,-0.0105, 5.621 , 0.1192, 1.0702]
2345,[0.,0.,0.,0.],[-0.4638,-1.2195, 3.8541,-0.31  ,-0.7305]
2354,[0.,0.,0.,0.],[1.8634,0.3711,1.0631,0.6757,4.022 ]
2356,[0.,0.,0.,0.],[ 0.8868, 7.0516,-0.5134, 0.6085, 0.7663]
2363,[0.,0.,0.,0.],[1.344 ,3.1474,2.2872,1.7012,1.681 ]
2365,[0.,0.,0.,0.],[ 1.8317,-0.1446, 6.966 , 0.7861, 1.7545]
2367,[0.,0.,0.,0.],[ 0.7209,-1.6373, 2.1768, 1.2497, 0.0308]
2385,[0.,0.,0.,0.],[0.8465,0.4328,2.2637,1.3906,1.2887]
2387,[0.,0.,0.,0.],[ 0.8721,-0.4772, 8.3509, 0.5839, 1.0574]
2400,[13880.9604,  -64.6432,   39.5838,   94.0765],[ 0.6242, 1.0531, 0.2442, 0.6038,83.1058]
2401,[2511.4925, -22.1747,  71.9042,   5.3672],[-2.3798,-3.7617, 0.4102,-4.1059,-1.9784]
2402,[1651.7284,  11.1249, -41.3573,   9.4957],[-0.2481, 3.5225,-1.4246,-1.5456, 0.3451]
2410,[0.,0.,0.,0.],[ 0.6442,-0.5778, 5.6473,-0.0181, 0.1753]
2412,[0.,0.,0.,0.],[ 0.964 ,20.4007, 0.0206, 0.4245, 9.874 ]
2414,[2932.1724, 195.1176,-239.1265,   7.3196],[-0.217 , 1.1946,-2.4369,-2.0074, 0.7925]
2420,[3486.8841,-114.0596,  57.7411,  10.348 ],[ 0.4804, 8.8607, 0.0378,-0.0715, 3.3508]
2421,[15503.0948, -711.9962,  773.8143,  107.1824],[ 1.3193,-0.328 ,23.4711, 0.4502, 2.5639]
2423,[0.,0.,0.,0.],[-0.2178,-2.2392, 0.1799,-2.0751,-0.6054]
2432,[0.,0.,0.,0.],[1.2433,0.8883,1.9763,0.3634,2.0054]
2434,[ 4.3040e+02, 3.0010e+01,-3.2264e+01, 5.0039e-02],[-0.3128,13.2653, 0.0604, 1.7717, 0.3633]
2436,[0.,0.,0.,0.],[ 0.2559, 0.7145,-1.439 , 0.8107, 0.4945]
2441,[0.,0.,0.,0.],[0.232 ,0.3652,0.5035,0.241 ,1.4355]
2443,[0.,0.,0.,0.],[ 1.8886,-0.1118, 6.0298, 1.6623, 1.3538]
2454,[0.,0.,0.,0.],[2.158 ,1.6206,0.9587,2.3097,0.5109]
2456,[0.,0.,0.,0.],[ 1.5502, 6.1361,-0.9152, 1.7181, 0.5227]
2463,[0.,0.,0.,0.],[1.6647,1.3892,1.4557,1.119 ,1.5273]
2465,[0.,0.,0.,0.],[ 1.6049,-0.1241, 7.1142, 0.9344, 0.7685]
2467,[0.,0.,0.,0.],[ 2.0472,-1.2171, 0.7559, 0.3939, 0.4459]
2476,[0.,0.,0.,0.],[0.9954,1.4209,0.1588,2.7561,0.554 ]
2478,[0.,0.,0.,0.],[ 1.6988, 3.503 ,-1.0552, 0.9025,-0.0477]
2487,[0.,0.,0.,0.],[ 1.4025,-1.063 , 1.5771, 5.7503, 0.6401]
2500,[9339.662 , -78.265 ,  56.4812, -59.4682],[  1.4169,  2.6711,  2.174 ,  1.1735,118.3564]
2501,[5485.5142, -98.643 , 158.5966, -25.2262],[-0.2152,-1.1132,26.2838, 0.0811,-0.5306]
2502,[5459.8029,  83.2481,-145.6694, -36.1841],[-0.4901,12.3247,-1.353 ,-1.2513,-0.0694]
2510,[0.,0.,0.,0.],[ 0.4245,-0.5495,45.4561, 0.3471, 1.3836]
2512,[2116.4656, 147.5153,-134.1486, -13.7556],[ 0.8146,89.1885, 0.9429, 0.4316, 1.4215]
2514,[ 4.0176e+02, 2.4296e+01,-3.2984e+01,-4.4182e-02],[ 0.7974, 7.9177,-0.7041,-0.4603,-0.3899]
2520,[9380.6304,-242.9238, 170.3939, -42.8027],[ 0.0581,43.2778, 0.5884, 0.0602, 2.7929]
2521,[5866.7636,-167.3868, 211.0308, -45.6046],[ 2.1896,-0.5298,73.6083, 2.5543, 1.7651]
2523,[0.,0.,0.,0.],[ 1.1159,-2.0263, 0.8463, 0.4832,-0.4338]
2532,[429.7644, 30.0931,-29.4402, -1.1682],[0.3611,1.405 ,0.1629,0.3782,1.7028]
2534,[430.6268, 30.1371,-30.9994, -0.5747],[ 1.3512,12.3862,-0.2966, 1.9457, 1.6937]
2536,[0.,0.,0.,0.],[ 0.3449, 1.8362,-1.2847, 0.1214,-0.6173]
2541,[0.,0.,0.,0.],[0.5891,0.7904,0.3743,0.6237,0.6286]
2543,[0.,0.,0.,0.],[1.5251,0.1068,7.9307,1.9079,0.7431]
2545,[0.,0.,0.,0.],[-0.4216,-0.949 , 3.3421, 0.758 , 0.3525]
2554,[0.,0.,0.,0.],[1.1786,0.6463,0.3748,2.265 ,0.5333]
2556,[0.,0.,0.,0.],[ 2.4445, 3.7938,-0.5486, 3.5168, 0.9239]
2558,[0.,0.,0.,0.],[ 1.7569, 3.3653,-1.1062, 0.3801, 0.1252]
2565,[0.,0.,0.,0.],[ 2.4203,-0.5524, 3.3126, 2.5749,-0.438 ]
2567,[0.,0.,0.,0.],[-0.1699,-0.8643, 2.2153, 0.7215, 0.5546]
2576,[0.,0.,0.,0.],[ 0.0773, 1.2263,-0.258 , 1.4357,-0.1396]
2578,[0.,0.,0.,0.],[ 1.3614, 3.3707,-1.0576, 2.868 ,-0.582 ]
2587,[0.,0.,0.,0.],[ 0.5382,-0.8178, 1.7037, 2.2332, 0.0109]
2589,[0.,0.,0.,0.],[ 0.3936,-0.7004, 4.9113, 1.1392,-0.6131]
2600,[5340.7032, -41.3517,  36.0931, -83.1525],[ 0.7766,66.3589, 2.1048, 0.4917, 1.7961]
2601,[2053.5484, -39.7837,  62.7024, -37.172 ],[ 0.1374,-0.9872,18.908 ,-0.4936,-0.2639]
2602,[3296.3339,  56.8054, -96.8363, -56.3198],[ 0.0571,13.6714,-0.8857,-0.3768,-0.6912]
2610,[0.,0.,0.,0.],[ 0.7412, 0.0676,35.0317, 0.3134, 0.845 ]
2611,[0.,0.,0.,0.],[ 0.0233,-0.0846,-0.0059,-0.0877,-0.0985]
2612,[0.,0.,0.,0.],[ 1.5324e+00, 6.3959e+01,-1.0010e-02, 4.0281e+00, 1.9474e+00]
2614,[0.,0.,0.,0.],[-0.0093, 0.8169,-1.5953, 0.5507, 0.2326]
2620,[0.,0.,0.,0.],[ 3.5332, 3.37  , 1.4909,14.3156, 1.3276]
2621,[2461.0219, -86.8006,  88.3745, -39.1812],[3.9298e-01,2.9816e-02,4.7900e+00,8.7687e-01,3.7122e+01]
2623,[0.,0.,0.,0.],[ 0.0752,-0.7457, 3.4209, 0.427 ,-0.9686]
2632,[0.,0.,0.,0.],[0.9839,1.0996,0.6606,1.3193,0.3753]
2634,[0.,0.,0.,0.],[ 1.856 , 3.0503,-0.1889, 4.0724, 0.3466]
2636,[0.,0.,0.,0.],[-0.5864, 0.124 ,-1.0812, 0.6067,-0.5981]
2643,[0.,0.,0.,0.],[ 0.1694,-0.1886, 5.712 , 3.2886, 0.5796]
2645,[0.,0.,0.,0.],[-0.2193,-0.3249, 1.0182, 0.3727,-0.7908]
2654,[0.,0.,0.,0.],[0.8707,1.5131,0.2152,1.0203,0.2736]
2656,[0.,0.,0.,0.],[ 0.3231, 3.4184,-0.5897, 2.2484, 0.7456]
2658,[0.,0.,0.,0.],[ 1.4564,-0.1737,-1.2265, 1.5237,-0.9227]
2665,[0.,0.,0.,0.],[ 1.5196,-0.4731, 1.6544, 1.1613, 0.3569]
2667,[0.,0.,0.,0.],[-0.185 ,-1.4285,-0.2469, 2.1886,-0.1209]
2678,[0.,0.,0.,0.],[ 0.7541, 3.6632,-0.3625, 1.2508,-0.7564]
2700,[0.,0.,0.,0.],[ 2.1818, 4.035 ,18.1495, 3.3772, 1.4884]
2701,[0.,0.,0.,0.],[ 0.2179,-1.6636, 1.5018,-0.0577,-0.5646]
2702,[0.,0.,0.,0.],[ 0.4478, 2.6929,-0.6268, 1.5513,-0.7063]
2710,[0.,0.,0.,0.],[ 0.9386, 0.7432, 1.1551, 2.9101,-0.2055]
2712,[0.,0.,0.,0.],[ 3.5319,14.8815, 1.3026, 1.6413, 0.9246]
2714,[0.,0.,0.,0.],[ 0.6017, 1.3869,-0.9528,-0.0121,-0.332 ]
2720,[0.,0.,0.,0.],[0.8543,0.9666,0.367 ,4.3166,0.3701]
2721,[0.,0.,0.,0.],[ 1.7062,-0.0719, 8.71  , 8.3235,-0.2718]
2723,[0.,0.,0.,0.],[ 0.6849,-1.0612, 2.9257, 0.5503,-0.9912]
2732,[0.,0.,0.,0.],[0.4926,0.6352,0.5788,1.6417,0.0215]
2734,[0.,0.,0.,0.],[ 2.533 , 1.6455,-0.1259, 4.1744, 0.7382]
2736,[0.,0.,0.,0.],[-0.1623, 0.4447,-0.8021,-0.7629,-0.6649]
2743,[0.,0.,0.,0.],[ 1.395 ,-0.3909, 3.8676, 1.469 , 0.0441]
2745,[0.,0.,0.,0.],[-0.6902,-1.0464, 0.8508, 0.4619,-0.3751]
2756,[0.,0.,0.,0.],[-0.1572, 0.4857,-0.2686, 2.1701,-0.1766]
2758,[0.,0.,0.,0.],[-0.981 , 0.257 ,-1.0387, 0.1227,-1.084 ]
2800,[0.,0.,0.,0.],[ 0.8614, 2.4308,14.7505, 2.4425, 0.8455]
2801,[0.,0.,0.,0.],[ 0.303 ,-0.0215, 1.0714, 0.7016, 0.3362]
2802,[0.,0.,0.,0.],[ 0.696 , 6.1631,-0.3437, 0.5965,-0.2479]
2810,[0.,0.,0.,0.],[ 1.0894, 1.0993,10.1053, 1.6908, 0.549 ]
2812,[0.,0.,0.,0.],[ 1.4662,31.2721, 1.9756, 2.112 , 1.3318]
2814,[0.,0.,0.,0.],[ 0.4796, 1.9412,-0.2915, 1.8753,-0.4343]
2820,[0.,0.,0.,0.],[0.8861,1.3718,1.0237,0.8739,0.2863]
2821,[0.,0.,0.,0.],[0.5687,0.5166,8.3825,0.6566,1.3627]
2823,[0.,0.,0.,0.],[ 0.5605,-0.1193, 0.6368, 0.3056, 0.0976]
2834,[0.,0.,0.,0.],[ 0.4973, 1.091 , 0.2315, 4.3116,-0.2095]
2841,[0.,0.,0.,0.],[0.7152,0.5175,0.4994,0.6991,0.5537]
2843,[0.,0.,0.,0.],[ 1.3766,-0.1803, 4.1498, 1.2154, 0.8285]
2900,[1375.4149, -19.8813, -17.2435, -84.0546],[  0.852 ,  0.2328,  1.3507,135.9458, -0.2769]
2901,[0.,0.,0.,0.],[ 0.2055,-0.9275, 9.9964,-0.1306,-0.5829]
2902,[1262.5569,  -1.9483, -33.1052, -77.2373],[-0.4276,77.0402,-1.3023,-0.6073,-0.8204]
2910,[0.,0.,0.,0.],[-6.3266,-6.2167,-6.7434,-6.3769,-6.825 ]
2912,[0.,0.,0.,0.],[-0.1115, 4.3152,-1.9082,55.3938,-1.2855]
2914,[0.,0.,0.,0.],[ 0.243 , 3.3739,-0.9182, 0.5208,-0.3497]
2920,[2603.1489, -65.3171,  15.0422,-155.5992],[ 0.8935, 2.8938,-0.2293,19.7052,-1.0781]
2921,[1162.3748, -31.388 ,  23.6639, -67.4828],[-0.5404,-2.4531, 2.4552,62.0377,-2.2348]
2922,[0.,0.,0.,0.],[-0.3106, 0.2424,-0.5261,-0.3448,-0.6416]
2923,[0.,0.,0.,0.],[-0.1949,-1.0195,14.0684, 1.6598,-0.0255]
2940,[0.,0.,0.,0.],[-0.1987,-0.0057,-0.1851,-0.0193,-0.0797]
2941,[0.,0.,0.,0.],[ 0.3744,-0.216 , 1.1001, 1.9017,-0.3362]
2943,[0.,0.,0.,0.],[ 0.1935,-0.202 , 1.1702,23.5573, 0.1952]
3434,[0.,0.,0.,0.],[ 0.3808, 1.9774,-0.7213,-0.1006, 2.3735]
3436,[0.,0.,0.,0.],[-0.7416, 0.791 ,-0.8176, 0.4556,-0.4433]
3478,[0.,0.,0.,0.],[ 0.6269, 3.3265,-0.9045, 0.6672, 0.7383]
3536,[0.,0.,0.,0.],[ 0.3758, 0.9711,-1.4621, 0.2601, 0.1908]
3578,[0.,0.,0.,0.],[ 1.8399, 2.0903,-1.3108, 1.6949,-0.134 ]
3700,[0.,0.,0.,0.],[0.8516,1.1144,1.3867,0.5147,0.6794]
3702,[0.,0.,0.,0.],[-0.4021, 1.3026,-0.9524,-0.0552,-0.1661]
3712,[0.,0.,0.,0.],[-0.0543, 1.3994,-0.2941, 0.3508, 2.595 ]
3800,[0.,0.,0.,0.],[1.5999,0.8814,2.1132,0.6525,1.7182]
3802,[0.,0.,0.,0.],[-0.5584, 0.8708,-1.3754, 0.645 , 0.1888]
3810,[0.,0.,0.,0.],[0.4169,0.6779,1.1354,0.7579,0.7737]
3812,[0.,0.,0.,0.],[0.4559,3.178 ,0.0382,0.9643,3.3221]
3820,[0.,0.,0.,0.],[-0.1425, 1.5426, 0.7294, 0.1051, 0.4845]
3821,[0.,0.,0.,0.],[0.4384,0.2496,3.2657,0.1892,0.5189]
3900,[0.,0.,0.,0.],[  2.1808,  2.0225,  6.152 ,171.2379,  0.6773]
3901,[2339.7721, -26.795 ,  47.3337,-123.9706],[ 0.3524,-1.2241, 2.8589,34.3827,-0.6384]
3902,[0.,0.,0.,0.],[-1.1782,14.8739,-1.6854, 0.5705,-1.2879]
3910,[0.,0.,0.,0.],[ 0.644 , 2.1807,17.5515, 3.6678, 0.3892]
3912,[0.,0.,0.,0.],[ 1.5707,13.2803,-0.389 , 0.6374, 0.3349]
3920,[0.,0.,0.,0.],[ 4.1711, 5.1916, 0.5149,14.6397, 0.2018]
3921,[6079.9965,-123.2248, 147.206 ,-334.458 ],[ 0.5177,-0.9918,85.9275, 1.1148, 1.6577]
3923,[0.,0.,0.,0.],[-1.1287,-1.4119,-0.1546,-0.842 ,-0.7982]
3941,[0.,0.,0.,0.],[0.3035,0.3393,0.4848,0.3925,0.4852]
3943,[0.,0.,0.,0.],[ 0.55  ,-0.79  , 1.2913, 0.5553, 0.1873]
4800,[0.,0.,0.,0.],[0.2731,0.5783,0.1614,0.1093,1.191 ]
4900,[ 1.9654e+03, 1.4777e+00, 1.8399e+01,-6.8687e+01],[  1.1265,  1.1732,  1.98  ,  1.6595,206.6239]
4901,[7997.4709, -33.8083, 109.0113,-343.7596],[-0.4975,-0.9481,55.4455,-0.1088,-0.1115]
4902,[0.,0.,0.,0.],[ 0.1519, 2.0566,-1.5829, 0.0136,-0.4779]
4910,[0.,0.,0.,0.],[ 0.5038, 0.8408,10.8932, 0.4881, 1.2924]
4912,[0.,0.,0.,0.],[ 0.9693,16.228 , 0.2439, 0.2549, 0.6917]
4920,[0.,0.,0.,0.],[ 0.1762, 1.89  ,-0.5806,-0.175 , 3.083 ]
4921,[0.,0.,0.,0.],[ 0.6964,-0.3644, 3.0702, 1.7759, 0.6852]
4923,[0.,0.,0.,0.],[-1.1208,-1.6828,-0.5731,-0.1368,-0.3848]
4943,[0.,0.,0.,0.],[-0.2662,-0.5105, 3.2022, 0.5997, 0.1341]
5800,[0.,0.,0.,0.],[ 0.1818, 0.0933, 0.2843,-0.6134, 1.3025]
5801,[0.,0.,0.,0.],[ 0.0399,-0.8534, 0.0036,-0.7191,-0.4207]
5821,[0.,0.,0.,0.],[ 0.1078,-0.7521, 0.4557,-0.2176, 0.9224]
5900,[14327.8689,   74.8695,   42.6129, -397.5015],[2.7787e+02,8.5021e-01,3.8955e+00,1.8070e-01,3.7556e+00]
5901,[0.,0.,0.,0.],[-0.2   ,-1.7571, 0.5158,-1.4846,-0.2499]
5902,[0.,0.,0.,0.],[-0.3024,25.9721,-0.4047,-0.4932, 1.3691]
5910,[0.,0.,0.,0.],[ 1.0251, 0.272 , 2.5704,-0.9508, 4.8527]
5912,[0.,0.,0.,0.],[ 1.2333, 8.0534,-0.3674,-0.266 , 0.188 ]
5920,[0.,0.,0.,0.],[-0.3897, 0.5039,-0.501 ,-0.8083, 0.4889]
5921,[0.,0.,0.,0.],[ 0.4254,-1.5666, 3.1577,-0.1148, 3.8886]
6600,[0.,0.,0.,0.],[-0.4253, 0.4092,-0.1675,-0.8245, 0.894 ]
6601,[0.,0.,0.,0.],[-0.4113,-1.1645,-0.315 ,-1.1457,-0.2705]
6700,[0.,0.,0.,0.],[-0.0268,-0.1144, 0.4131,-1.4037, 3.7098]
6701,[0.,0.,0.,0.],[-0.9746,-1.6532, 0.9791,-1.4762,-0.0947]
6702,[0.,0.,0.,0.],[-0.373 , 0.2272,-1.3857,-1.4565, 0.6562]
6712,[0.,0.,0.,0.],[-0.6807, 0.4387,-1.0305,-0.804 , 0.7595]
6721,[0.,0.,0.,0.],[-0.206 ,-0.8155, 0.2224,-0.3071, 0.3678]
6800,[1397.1384,   1.6335,  -9.886 , -16.5861],[-11.9243,-12.1518,-12.0865,-13.5051,-11.1092]
6801,[0.,0.,0.,0.],[-4.265 ,-5.1552,-2.9037,-5.1511,-3.2706]
6802,[9570.3165,  25.0849, -89.3941,-128.5197],[-3.7134,-2.8126,-4.4945,-5.2352,-2.8265]
6810,[0.,0.,0.,0.],[-0.0878, 0.049 , 0.0037,-1.0487, 0.6916]
6812,[0.,0.,0.,0.],[-1.2263, 0.9889,-1.6712,-1.7134, 0.2039]
6821,[0.,0.,0.,0.],[-0.5197,-1.0699, 1.1349,-1.0544, 0.603 ]
6900,[3662.6937,  27.681 , -23.1753, -76.1926],[-9.0178e-03, 8.1981e-01, 1.7532e+00,-5.9679e-01, 1.5050e+02]
6901,[0.,0.,0.,0.],[-1.1896,-1.8638,11.4312,-1.9683,-0.7266]
6902,[12936.6044,   76.7763, -137.9975, -226.8361],[ 0.9897,30.7767,-1.1954,-0.96  , 1.709 ]
6910,[0.,0.,0.,0.],[-1.093 ,-1.141 ,-0.1622,-1.6708, 0.7941]
6912,[0.,0.,0.,0.],[ 0.3765, 5.9674,-2.0809,-1.6012, 0.2984]
6921,[0.,0.,0.,0.],[-1.2816,-1.3382, 0.9665,-1.6477,-0.6095]
7422,[0.,0.,0.,0.],[-3.3474,-2.4231,-5.4009,-3.9423,-1.5427]
7442,[0.,0.,0.,0.],[-2.3952,-1.7738,-3.6578,-2.5855,-1.6042]
7500,[0.,0.,0.,0.],[-1.2106,-1.6812,-0.9504,-2.3259, 0.4279]
7502,[0.,0.,0.,0.],[-1.7576,-0.6529,-3.7243,-3.2304,-0.7883]
7504,[0.,0.,0.,0.],[-3.2383,-2.4423,-4.8509,-3.7939,-1.9369]
7522,[16309.3044, -210.1798, -252.8028,  -22.4498],[-3.0545, 0.3442,-5.8121,-4.5519, 1.0055]
7542,[9056.4509,-207.3981, -85.6293,   0.    ],[ -8.6835, -6.626 ,-10.9859,-10.4389, -7.3269]
7600,[0.,0.,0.,0.],[-1.1096,-2.2723,-1.6315,-2.7772, 0.404 ]
7601,[0.,0.,0.,0.],[-1.5512,-2.6429,-0.6677,-1.8488,-1.2658]
7602,[11897.1721,  -44.1033, -156.1047,  -62.0276],[-6.421 ,-5.2884,-9.1777,-8.2975,-5.8706]
7604,[0.,0.,0.,0.],[-7.8757,-6.5225,-9.5497,-8.1827,-7.1991]
7622,[0.,0.,0.,0.],[-2.2904,-0.3327,-6.1878,-4.7289,-1.287 ]
7624,[0.,0.,0.,0.],[-2.8738,-2.2169,-4.9344,-3.3897,-2.4203]
7700,[ 1.1536e+04, 2.1920e+00,-2.1605e+01,-1.0398e+02],[-6.0685,-7.0011,-6.6725,-7.8852,-5.2313]
7701,[0.,0.,0.,0.],[-2.6343,-3.1256,-0.9273,-2.8879,-1.4645]
7702,[ 4.4228e+03,-2.6984e+00,-3.7238e+01,-3.3606e+01],[ -8.5139, -7.1902,-10.7567,-10.1418, -7.4541]
7704,[0.,0.,0.,0.],[-5.5227,-4.375 ,-7.1234,-6.0396,-5.3372]
7710,[0.,0.,0.,0.],[-0.5195,-1.5013,-0.2942,-1.428 , 0.0281]
7712,[0.,0.,0.,0.],[-0.9432, 0.6083,-1.7505,-1.5239, 0.7631]
7714,[0.,0.,0.,0.],[-0.545 , 0.0434,-2.0537,-1.0477,-0.6461]
7800,[ 2.8161e+03, 2.0583e+00,-1.4984e+01,-3.1139e+01],[-22.4589,-23.0038,-22.804 ,-23.9803,-22.1495]
7801,[0.,0.,0.,0.],[-3.7492,-4.7031,-2.3492,-4.1062,-3.4015]
7802,[0.,0.,0.,0.],[-10.168 , -9.3062,-11.6982,-11.7692, -9.772 ]
7804,[0.,0.,0.,0.],[-1.2154,-0.1962,-1.8871,-0.6229,-0.7019]
7810,[0.,0.,0.,0.],[-0.8291,-1.4326,-0.7066,-1.8348, 0.0517]
7812,[0.,0.,0.,0.],[-0.5735,-0.1854,-2.2884,-2.1735,-0.138 ]
7814,[0.,0.,0.,0.],[-1.1415, 0.455 ,-2.7558,-1.8943,-1.441 ]
7900,[0.,0.,0.,0.],[-4.0078,-4.3559,-4.1292,-4.7351,-3.8745]
7901,[0.,0.,0.,0.],[-1.5387,-2.7766,-0.5876,-2.4357,-1.8871]
7902,[0.,0.,0.,0.],[-2.3271,-1.2023,-2.8464,-2.6252,-1.7045]
7904,[0.,0.,0.,0.],[-0.9151,-0.7814,-0.9561,-1.0983,-0.8482]
7910,[0.,0.,0.,0.],[-0.6997,-1.3438,-0.5063,-1.1477,-1.2555]
7912,[0.,0.,0.,0.],[-0.893 , 0.1945,-2.1119,-1.4363, 0.6346]
7914,[0.,0.,0.,0.],[-1.1036e+00, 2.0714e-03,-2.3829e+00,-5.5439e-01,-3.2456e-01]
