100,[191.9696, -3.7966,  3.1092, 15.4318],[1.0298,0.7067,0.6423,0.1113,0.3662],[199.9035, -3.4797,  2.8766, 15.9673],0.3042
114,[191.1298, 27.4346,-33.1847, 15.1038],[0.5027,0.8223,0.075 ,0.0723,0.1223],[200.3574, 27.5406,-32.3461, 15.6533],0.1828
121,[197.0125,-13.2991, 19.5218, 15.0824],[0.3805,0.7136,0.6631,0.6872,0.443 ],[206.7208,-14.6573, 21.9992, 15.632 ],0.2409
200,[172.353 , -1.1311,  0.6203, 11.2455],[0.0129,0.6928,0.7495,0.7088,0.4977],[178.119 , -0.9269,  0.3072, 11.4798],0.2811
201,[168.0944, -6.5295, 13.061 , 11.2344],[-0.0574,-0.1617, 0.3636, 0.3507, 0.2585],[175.079 , -8.3923, 15.1685, 11.4839],0.2443
202,[180.8535,  6.0516,-13.4942, 11.0341],[-0.2391, 0.9702, 0.1534,-0.4065, 0.0386],[187.9823,  8.1997,-16.0236, 11.2256],0.2535
210,[182.3449, 17.567 , -4.9196, 10.6429],[-0.0861,-0.0968, 0.6893, 0.1279, 0.2433],[185.449 , 12.7686,  1.656 , 10.4852],0.2682
211,[197.6027, 11.4449, 11.3597, 11.8897],[ 0.1467, 0.    , 0.1233,-0.0069, 0.0203],[204.1632,  5.7305, 13.8122, 12.4552],0.2779
212,[171.6809, 17.1243,-19.4814, 11.2418],[0.6555,0.9127,0.2324,0.0803,0.998 ],[178.0478, 17.2901,-19.7463, 11.5408],0.2174
214,[182.7604, 25.9823,-31.9087, 11.7077],[ 0.4493, 1.3478,-0.3381, 0.2384, 0.1738],[190.9923, 26.7832,-32.877 , 11.8053],0.1763
220,[172.5037,-12.2145,  7.9073, 10.9782],[-0.2157, 0.6963,-0.2515,-0.2698, 0.3286],[177.3915,-10.2159,  5.2048, 11.5071],0.2644
221,[178.9234,-17.427 , 19.2009, 11.2724],[ 0.8769,-0.1983, 0.5799, 0.5722, 0.4417],[184.8982,-17.3543, 18.9986, 11.4835],0.2237
223,[181.7233,-25.4378, 32.9165, 10.7534],[0.4327,0.0221,0.4966,0.2561,0.2743],[189.6472,-26.3832, 32.6333, 11.005 ],0.1767
232,[195.1148, 30.3991,-20.9005, 10.208 ],[0.4175,0.2529,0.2408,0.4716,0.2965],[195.6227, 26.4283,-14.6495, 10.7077],0.2217
236,[190.702 , 48.8107,-53.6468, 10.7576],[0.2727,0.3863,0.0338,0.2377,0.0519],[197.496 , 48.2981,-52.2655, 11.2886],0.0884
243,[185.8221,-32.2853, 33.5929, 10.502 ],[0.5719,0.7966,0.7043,0.539 ,0.6473],[191.4171,-31.9093, 33.8637, 10.6384],0.1627
300,[166.7364, -0.7461,  0.2103,  7.1392],[-0.5764,-0.4574,-0.4287,-0.7024,-1.4039],[170.548 , -0.6042,  0.1818,  7.4557],0.2713
301,[166.9741, -6.2899, 13.9528,  7.0617],[-0.7928,-1.3985, 0.3861,-0.492 ,-0.8643],[172.2535, -8.7425, 16.5218,  7.2848],0.2385
302,[173.0573,  6.0977,-14.2773,  6.975 ],[-0.7468, 0.1363,-1.6886,-0.532 ,-1.2495],[178.3611,  8.5785,-16.6112,  7.2816],0.2435
310,[169.6997, 13.6761, -5.3163,  7.0472],[-0.1787,-1.1029, 0.2896,-0.6195,-0.643 ],[172.1513, 10.3734, -1.5478,  7.3382],0.262
312,[168.4008, 17.3007,-19.3857,  6.9259],[ 0.6159, 0.6354,-0.8866, 0.8572,-0.9886],[172.5045, 17.4199,-19.0286,  7.298 ],0.2139
314,[172.8721, 25.1442,-33.6479,  6.613 ],[-0.1953, 0.9311,-0.6425, 0.4606,-0.6354],[180.1944, 26.9637,-35.0649,  7.037 ],0.1631
320,[174.7084,-13.9254,  5.5507,  7.0208],[-0.9886, 0.5916,-1.9556,-0.5709,-1.0316],[177.1645,-10.8818,  2.4978,  7.3956],0.2643
321,[168.4928,-17.846 , 17.8998,  6.9545],[ 1.1641, 0.0597, 1.5273, 0.655 ,-0.479 ],[171.9814,-17.3698, 17.0902,  7.3491],0.218
323,[170.7971,-24.6262, 34.6277,  7.2513],[-0.3795,-0.813 , 1.0284,-0.0022,-0.2868],[179.5771,-26.9347, 36.9595,  7.604 ],0.1585
332,[176.1027, 32.9663,-24.7051,  7.4643],[ 0.0224,-0.1039, 0.4375,-0.0848,-0.3568],[175.3123, 29.3276,-19.8963,  7.7664],0.1879
334,[180.6265, 35.6061,-38.6724,  6.686 ],[ 0.0851, 2.0209,-0.2852, 1.1716, 0.2541],[185.0024, 35.522 ,-37.8648,  7.1073],0.1412
336,[156.4303, 47.2985,-53.3083,  7.2356],[-0.0891, 0.6919,-0.6535, 0.8046, 0.3664],[163.6613, 47.6886,-53.5845,  7.6795],0.0654
340,[186.018 ,-31.4504,  5.2958,  5.0534],[ 0.2848,-0.0487,-0.6279, 0.0168,-0.1634],[ 1.8184e+02,-2.3654e+01,-1.5134e-01, 5.5751e+00],0.2493
341,[173.0373,-34.2266, 24.7135,  6.2913],[-0.1648, 0.2073,-0.9245,-0.3256,-0.8897],[171.1262,-30.4598, 20.2829,  6.6996],0.1814
343,[173.2469,-35.393 , 37.621 ,  6.8028],[ 0.9058, 0.0707, 0.3065, 0.9512,-0.2421],[177.4944,-35.191 , 37.235 ,  7.1211],0.1378
345,[188.7192,-35.1208, 52.7695,  6.6978],[ 0.3394,-0.1113, 0.4688,-0.0009,-0.18  ],[202.6064,-37.8272, 53.2315,  7.2006],0.1134
354,[199.3163, 50.5413,-46.4398,  5.5343],[-0.018 , 0.1118, 0.2213,-0.0283,-0.107 ],[198.1117, 49.0292,-44.8753,  6.0928],0.1039
356,[ 96.1146, 52.8824,-52.7468,  5.2427],[ 0.6047, 1.2251,-0.1763, 0.7316,-0.1737],[ 96.4702, 51.284 ,-49.9793,  4.6439],0.0245
363,[187.2068,-55.4352, 39.2592,  5.5235],[ 0.1453, 0.1215,-0.4626,-0.1703,-0.5315],[176.7652,-50.677 , 33.4808,  6.0343],0.1113
400,[158.5304, -0.5993, -1.0688,  2.3909],[ 0.4684, 1.4621, 0.3547, 1.6864,-1.1857],[ 1.6009e+02,-4.5002e-02,-1.4436e+00, 2.8710e+00],0.2626
401,[159.3473, -6.4889, 13.4614,  3.0293],[-0.4674,-1.4331, 0.8228,-0.4577,-0.9138],[162.5363, -9.0394, 16.0899,  3.3423],0.2308
402,[170.0075,  5.1827,-14.4128,  2.3499],[-0.5999, 0.3325,-1.7272,-1.1087,-1.9037],[173.2642,  8.2961,-17.2396,  2.7738],0.2386
410,[162.133 , 13.6896, -5.9563,  2.7081],[-0.6509,-1.2381, 0.5501,-0.2703,-0.613 ],[162.4886, 10.3923, -2.0572,  3.0827],0.2536
412,[163.1061, 18.0467,-21.1892,  2.452 ],[ 0.8701, 2.4268,-0.0741, 2.4671,-1.2519],[165.5268, 18.7715,-21.4264,  2.9353],0.2003
414,[167.1704, 25.1681,-34.0407,  2.4187],[-0.6433, 0.812 ,-1.298 , 1.2295,-0.9197],[173.0629, 27.573 ,-36.0818,  2.8743],0.1543
420,[164.8658,-15.4196,  3.62  ,  2.3224],[-1.2675, 0.4842,-1.8838,-0.9989,-1.861 ],[164.6592,-11.0801, -0.3438,  2.7082],0.2537
421,[160.4661,-20.0474, 19.0901,  2.5574],[ 0.6328, 0.1418, 1.8861, 2.0157,-0.9387],[161.5779,-19.4749, 18.423 ,  3.0196],0.2023
422,[195.9027,-15.5078,-10.7773,  4.3999],[-0.6385,-0.331 ,-0.7238,-0.4147,-0.295 ],[199.5905, -6.6209,-22.3637,  3.7969],0.2525
423,[158.8327,-26.3723, 33.0871,  2.302 ],[ 0.1032,-0.7101, 0.2811,-0.3168,-0.7292],[163.5422,-28.261 , 34.8086,  2.5491],0.1488
432,[165.8699, 33.2487,-25.3157,  2.3151],[-0.7061,-0.6053, 0.798 ,-0.2946,-0.8114],[162.8265, 29.9722,-21.1251,  2.7281],0.1745
434,[169.0864, 35.353 ,-39.0242,  2.5442],[ 0.6032, 0.5793,-1.0427, 3.0711,-0.2511],[172.4307, 35.892 ,-38.9612,  3.062 ],0.1293
436,[173.9302, 44.4537,-53.3964,  2.2317],[ 0.3608, 1.0828,-1.2104, 0.3934,-0.4251],[181.711 , 46.0388,-54.5014,  2.7629],0.0785
440,[171.9553,-31.4796,  8.3669,  1.335 ],[-0.6859,-0.1951,-0.5109,-0.2179,-0.5258],[165.8373,-23.8997,  2.711 ,  1.3402],0.2298
441,[169.3247,-34.7554, 22.561 ,  2.1766],[-1.1207, 0.0284,-1.5683,-0.9456,-1.8792],[164.6899,-30.4766, 18.2034,  2.5644],0.1811
443,[163.2332,-38.1498, 37.8947,  2.137 ],[ 0.8927,-0.606 , 1.5858, 0.7621,-0.8346],[163.7748,-37.5853, 36.8265,  2.5208],0.1241
445,[165.849 ,-47.5125, 51.5689,  2.0032],[-0.2066,-0.5088, 0.366 , 0.3686,-0.3023],[169.7512,-48.0864, 51.9435,  2.1992],0.0719
454,[134.9053, 51.1785,-49.2595,  3.195 ],[-0.0911,-0.4652, 0.1699, 0.1369,-0.3728],[133.445 , 49.4819,-46.1171,  3.7946],0.0587
456,[149.5954, 52.9959,-56.1426,  2.5025],[ 0.0403, 0.7043,-0.1433, 1.386 ,-0.4394],[152.7218, 53.1457,-55.6645,  3.0821],0.0429
463,[168.7993,-54.153 , 41.5919,  1.3434],[-1.3452,-0.7887,-2.0254,-1.2741,-1.8055],[159.6736,-50.5919, 37.8253,  1.7555],0.0908
465,[173.8833,-55.0337, 54.6281,  1.3398],[-0.2   ,-0.798 , 0.1932, 0.2066,-1.2303],[173.2071,-54.3759, 52.7216,  1.8891],0.0581
500,[160.6559, -2.5354, -0.9198, -2.3087],[ 0.4712, 1.2504, 1.5838, 8.0063,-0.2368],[159.8785, -1.3917, -1.6615, -1.7437],0.2617
501,[161.9589, -7.7545, 12.664 , -1.8804],[-0.3153,-0.8348, 0.999 , 0.3072,-0.8728],[162.5355, -9.8786, 15.2656, -1.3438],0.2308
502,[171.1292,  4.3154,-14.9391, -2.3712],[-0.0451, 2.3112,-1.0521,-0.6565,-1.2638],[172.3593,  7.9701,-17.9099, -1.844 ],0.2371
504,[178.4358,  8.3502,-30.456 , -3.8536],[-0.3395, 0.4474,-0.701 ,-0.1233,-0.4668],[186.0395, 15.5622,-36.8307, -3.2887],0.1894
510,[141.7144, 13.0213, -7.2294, -1.8552],[-0.5043,-0.6985, 0.9921,-0.1282,-0.7538],[140.0835, 10.1988, -3.9802, -1.3038],0.2343
512,[157.513 , 17.4361,-20.965 , -2.228 ],[ 0.2042, 1.3534,-0.6793, 4.3532,-0.6031],[157.936 , 18.6347,-21.7368, -1.675 ],0.194
514,[167.8519, 24.8315,-34.3149, -2.1546],[ 0.7619, 0.2173,-0.6407, 1.4022,-1.3956],[172.221 , 27.8584,-36.8614, -1.675 ],0.1514
520,[169.1471,-15.3282,  3.7052, -2.586 ],[-0.2542, 1.9529,-1.4799,-0.4649,-1.0629],[ 1.6657e+02,-1.1184e+01,-4.5677e-02,-2.1004e+00],0.2552
521,[157.5202,-20.7075, 18.2231, -2.5797],[ 1.1426, 0.4234, 0.5792, 2.893 ,-1.0252],[155.7644,-19.8796, 17.3911, -2.0474],0.1992
522,[182.9369,-13.0556,-10.9989, -1.7398],[-0.1697,-0.4094,-0.5064, 0.2909,-0.3505],[182.7383, -5.49  ,-16.5792, -1.8965],0.2539
523,[167.8447,-27.317 , 33.0116, -2.155 ],[-0.8016,-0.4399, 1.0858,-0.0918,-0.4306],[170.411 ,-29.3156, 35.0706, -1.718 ],0.1508
532,[171.2426, 31.7109,-27.6006, -2.4344],[ 0.1069,-0.5064,-0.0764,-0.215 ,-0.2864],[167.5838, 30.1074,-24.732 , -2.0797],0.1697
534,[161.0874, 36.0907,-40.1216, -2.3906],[-0.1524, 2.4998,-0.664 , 0.8019,-0.9263],[162.8838, 37.3636,-40.9047, -1.8893],0.1153
536,[166.4572, 44.9069,-53.7801, -2.3526],[-0.0681, 1.2668,-0.7024, 1.0529,-0.5475],[172.9707, 47.1227,-55.5978, -1.9366],0.068
540,[194.0094,-30.9902,  9.1276, -1.6168],[-0.395 , 0.3968,-0.9543, 0.006 ,-0.6442],[186.4862,-24.3133,  2.8492, -1.6272],0.2448
541,[167.6424,-34.764 , 23.2852, -2.5309],[-1.8186,-0.1434,-2.4456,-1.1762,-2.2762],[161.1268,-30.9828, 19.4978, -2.1257],0.1744
543,[160.7598,-38.1664, 37.1583, -2.3887],[-0.6704,-1.1461,-0.643 , 0.5518,-1.9429],[159.1932,-37.9282, 36.6662, -1.8729],0.1206
545,[177.5419,-45.8802, 52.7689, -2.4918],[ 0.3276,-0.6593, 0.151 , 0.146 ,-0.6965],[182.6342,-47.6143, 54.4073, -1.9607],0.0755
554,[139.6596, 50.365 ,-49.1762, -1.1658],[ 0.0108,-0.2392,-0.1321,-0.1195,-0.4048],[137.6834, 49.8015,-47.6185, -0.5349],0.0572
556,[171.3194, 51.9565,-57.0726, -1.809 ],[ 0.0214, 1.1848,-0.4538, 1.2574,-1.2156],[175.1531, 52.9339,-57.4926, -1.3201],0.052
561,[174.3399,-50.0492, 25.0808, -0.8991],[-0.2866,-0.127 ,-0.7259,-0.2451,-0.6978],[158.4435,-41.3828, 13.9016, -0.2696],0.1617
563,[167.091 ,-53.7005, 43.5959, -2.8503],[-2.3429,-1.9734,-2.5817,-2.032 ,-2.5183],[157.8488,-51.0366, 40.2427, -2.4568],0.0833
565,[162.6735,-57.6103, 56.4263, -2.7661],[-1.5893,-1.9712,-0.938 ,-0.5908,-2.3531],[160.9578,-57.4808, 56.1244, -2.2789],0.0364
567,[188.1487,-61.4675, 73.2193, -3.1145],[ 0.0526,-0.1564, 0.1717, 0.226 ,-0.4573],[199.6135,-63.2304, 74.9149, -2.5168],0.0043
585,[168.3958,-71.4476, 53.4411, -4.3714],[-1.9493,-1.8275,-2.1797,-1.6518,-2.6286],[152.3804,-69.24  , 53.7845, -3.7678],0.0112
600,[161.2893, -2.9715, -0.4358, -7.1694],[-0.5221, 0.7325,-0.9629, 1.4101,-1.9674],[158.0538, -1.7956, -1.1991, -6.6219],0.2598
601,[166.039 , -7.3945, 12.9827, -7.4986],[-0.557 ,-0.0217,-0.0086, 0.5007,-0.7723],[164.2385, -9.9816, 16.1617, -6.8825],0.23
602,[169.3584,  4.1751,-14.6922, -7.0078],[-0.2138, 0.7895,-1.4252, 2.1377,-1.2434],[168.4294,  8.0942,-18.1576, -6.4683],0.2329
610,[173.5791, 11.7569, -7.3422, -7.7111],[-0.2956,-0.4542, 0.5639, 0.0925,-0.2364],[169.361 , 10.0031, -5.4909, -7.0957],0.2566
612,[160.91  , 16.721 ,-20.5978, -7.0622],[-0.1399, 0.9414,-1.5832, 3.8985,-1.6221],[159.2114, 18.3659,-21.7693, -6.4562],0.1956
614,[173.3751, 24.0011,-34.4486, -7.1997],[ 0.0565, 2.2509,-0.3164, 0.4764,-1.0871],[176.3305, 27.7083,-37.7095, -6.5878],0.1528
620,[172.6937,-14.5655,  4.3532, -7.0801],[-0.8641, 2.3884,-1.1182,-0.4212,-1.2046],[168.1029,-10.8829,  0.6944, -6.5689],0.2554
621,[168.7613,-20.8045, 18.8764, -7.2675],[-0.3577,-0.4558, 0.3754, 1.8031,-2.2208],[164.9015,-20.3617, 18.1229, -6.697 ],0.2035
622,[174.0678,-11.1366,-11.2893, -6.6891],[-0.1281, 0.0386,-0.371 , 0.1493,-0.3926],[171.8317, -3.6712,-16.4173, -6.711 ],0.2492
623,[173.2741,-26.9097, 33.4748, -7.0251],[-0.1317,-0.3192,-0.0334, 0.1044,-0.6784],[174.2755,-29.4679, 35.9376, -6.6261],0.1513
632,[169.8977, 30.531 ,-29.3593, -5.565 ],[-0.156 ,-0.1579, 0.2229, 0.2352,-0.413 ],[166.5848, 30.2295,-28.0776, -4.9122],0.1611
634,[164.2815, 35.1395,-39.6354, -6.6573],[-0.6348, 0.524 ,-0.6955, 2.7854,-1.3095],[164.8481, 37.0055,-41.0945, -6.0812],0.1168
636,[176.7516, 40.6479,-53.4859, -5.4305],[ 0.2102, 0.2902,-0.1893, 1.0259, 0.2832],[185.8194, 44.1533,-56.8761, -4.7783],0.0797
641,[172.073 ,-33.856 , 24.2677, -6.9656],[-1.3135,-0.0445,-1.4237,-0.833 ,-1.8277],[164.3491,-30.9667, 21.2402, -6.4464],0.1729
643,[171.2929,-38.7353, 37.2092, -7.2396],[-2.6264,-3.1149,-1.3285,-1.4921,-3.4062],[167.2528,-38.7396, 36.5971, -6.6786],0.1245
645,[173.4749,-46.1043, 52.373 , -7.1191],[-0.1565,-0.264 , 0.51  , 0.1205,-0.5639],[176.5399,-48.3304, 54.3243, -6.4865],0.0703
663,[164.2662,-55.9352, 44.418 , -6.3996],[-1.3233,-1.3427,-1.6234,-1.0835,-2.0579],[152.3499,-53.3409, 41.2101, -5.7757],0.0727
665,[172.1847,-56.9271, 55.0941, -7.1205],[-1.3379,-2.7913,-1.4762,-1.4666,-2.7318],[168.0304,-57.2482, 54.707 , -6.5344],0.0444
685,[197.3459,-74.8026, 58.067 , -5.3326],[-1.2035,-1.2312,-1.4334,-0.4311,-1.9603],[177.0253,-72.5503, 53.124 , -4.6809],0.0195
700,[172.2957, -2.9862,  0.3961,-11.8299],[-2.6017,-1.4754,-2.8698,-1.1771,-3.9091],[166.7342, -2.0108, -0.4586,-11.2299],0.2666
701,[181.1055, -7.9759, 12.1232,-11.9445],[-0.4245,-0.5039, 0.0372,-0.1298,-0.9918],[176.4442, -9.8181, 13.9954,-11.3787],0.245
702,[174.5375,  5.2756,-13.2484,-11.7199],[ 0.2347, 2.1484,-0.9573, 0.1424,-1.3677],[170.7152,  8.4291,-16.0672,-11.0859],0.2388
710,[183.7683, 11.9501, -8.8106,-11.3987],[-0.1362,-0.3083,-0.1953,-0.2064,-0.8423],[177.9292, 11.2399, -8.3664,-10.7543],0.2555
712,[173.2166, 16.4407,-19.3696,-11.5211],[-0.9119,-0.7677,-1.6983,-0.1153,-1.8696],[169.0262, 17.9371,-20.4702,-10.8947],0.2068
714,[175.7021, 26.378 ,-31.1456,-10.7479],[-0.5406, 1.0658,-0.1664, 0.9142,-1.066 ],[173.9282, 28.8227,-33.4864,-10.1724],0.1579
720,[175.0066,-13.4562,  6.2529,-11.6235],[-0.7879, 0.6823,-0.2432, 0.1405,-1.5238],[168.4125,-11.0721,  4.1329,-11.0518],0.2552
721,[174.5743,-19.0312, 18.3143,-12.0059],[-3.6592,-3.3719,-2.8544,-2.4372,-5.0943],[168.8815,-19.2534, 18.2342,-11.4182],0.2087
723,[180.1135,-27.3155, 32.5009,-11.9564],[-0.4333, 0.0601, 0.1511, 0.2566,-1.4291],[178.3836,-29.9648, 35.2518,-11.4333],0.1547
734,[185.1604, 30.9831,-32.6386,-10.4724],[-0.502 , 0.0169,-0.4466,-0.3243,-2.0599],[181.8497, 32.2426,-33.6866, -9.9103],0.1554
741,[179.4549,-33.0041, 26.065 ,-11.0914],[-0.5706,-0.2231,-0.7803,-0.2265,-1.7288],[170.8622,-31.2784, 23.6312,-10.4869],0.1718
743,[177.3151,-37.3906, 38.1598,-11.5543],[-2.2225,-2.6142,-2.5575,-1.6289,-3.9432],[173.1194,-38.4761, 38.5311,-10.9935],0.1249
745,[193.0369,-49.0528, 51.328 ,-11.9403],[-0.0544,-0.2353, 1.3991, 0.4239,-1.0926],[190.7304,-50.6719, 52.1302,-11.3014],0.0789
763,[151.9254,-53.8513, 46.7964,-12.566 ],[-0.5199,-0.8418,-0.6338,-0.7529,-1.3849],[141.0226,-53.1123, 44.9202,-11.9278],0.0579
765,[190.6382,-55.3061, 54.4437,-11.6446],[-1.4839,-2.0104,-0.8529,-0.2897,-2.9906],[185.3974,-56.2384, 54.0601,-11.0008],0.0587
800,[182.5607, -2.1371,  3.07  ,-16.4671],[-6.2054,-6.5656,-6.7484,-6.3303,-7.3735],[174.8322, -2.5206,  3.1568,-15.7969],0.2761
801,[192.2671, -8.7372, 12.1786,-17.1067],[-0.9846,-0.8885,-0.654 , 0.3503,-1.5871],[184.9487,-10.3648, 13.664 ,-16.4476],0.2514
802,[195.9482,  9.4279,-14.3569,-15.5019],[-0.3726, 0.139 ,-0.392 ,-0.1482,-0.574 ],[189.5298, 11.0526,-14.5269,-14.8312],0.2518
810,[185.916 , 10.1576, -8.7414,-16.122 ],[-0.7495,-1.0973,-1.2781,-0.3106,-1.1891],[178.1194, 10.2207, -9.2449,-15.4374],0.2559
812,[195.6749, 23.0903,-24.1788,-15.1768],[-2.1422,-2.2147,-3.1845,-1.5004,-3.3522],[189.5803, 24.308 ,-25.3756,-14.4759],0.1976
820,[174.6257,-14.7021,  7.7174,-15.4612],[-0.4628,-0.0892,-0.8836, 0.0913,-0.7724],[165.9652,-12.4743,  5.756 ,-14.8481],0.2485
821,[184.8054,-21.0412, 20.1076,-16.1355],[-4.8333,-5.1993,-4.5969,-3.9958,-6.4191],[176.9017,-21.2579, 19.5096,-15.4968],0.2076
823,[199.0552,-25.3989, 30.9729,-15.2948],[ 0.2644,-0.15  , 0.532 , 1.3733,-1.3313],[196.2428,-28.2217, 34.3259,-14.5933],0.1737
865,[196.5728,-51.6627, 50.8999,-15.779 ],[-0.8616,-0.9335,-0.7294, 0.1135,-2.3   ],[189.8631,-52.9382, 50.752 ,-15.1222],0.0764
1100,[225.7098, -1.9819,  1.3904, 15.7419],[0.6541,1.2982,0.4531,0.6251,2.7559],[233.5441, -1.8097,  1.3005, 15.5241],0.3382
1112,[272.5095, 24.7522,-26.3263, 17.252 ],[0.5189,1.252 ,0.5805,0.1292,1.7652],[280.7775, 24.2598,-25.6104, 16.9398],0.272
1114,[214.018 , 27.2782,-31.2418, 16.4461],[ 0.0081, 0.7915,-0.2701,-0.2689, 0.4717],[223.1986, 27.0403,-30.6135, 16.9646],0.2056
1121,[248.7504,-16.4984, 20.7377, 16.4337],[1.0331,0.2549,1.8875,1.0278,0.8018],[257.7003,-16.7497, 20.4633, 16.3569],0.283
1200,[295.325 ,  0.3664,  0.5882, 11.0513],[1.4812,1.3263,1.557 ,0.0284,3.1552],[3.0060e+02,2.1045e-01,6.8346e-01,1.0815e+01],0.3845
1201,[336.6305, -8.1759, 12.252 , 10.8719],[-0.3607,-0.6738, 1.7418,-0.5333, 0.6031],[342.686 , -8.7485, 12.4522, 10.9029],0.3977
1202,[321.2368,  8.7526,-12.3797, 10.8067],[ 0.1243, 0.3706,-1.0405,-0.4574, 0.3539],[327.1812,  9.255 ,-12.4545, 10.8045],0.3824
1210,[310.6213, 13.9596, -4.8056, 10.5113],[ 0.0579,-0.6516, 2.2626,-0.5789, 1.2768],[314.4069, 12.1218, -3.4423, 10.4276],0.3852
1212,[305.227 , 18.286 ,-18.4893, 10.7693],[0.8973,4.0128,1.9028,0.3335,6.1506],[310.0811, 17.8748,-17.2508, 10.6295],0.3339
1214,[283.7389, 26.7252,-33.828 , 11.1543],[-0.0836, 3.6442,-0.8685,-0.4457, 2.2021],[291.8626, 27.3299,-33.6308, 11.1741],0.2542
1220,[306.5976,-13.3293,  5.9132, 10.5554],[ 0.1939, 1.3349,-0.7449,-0.8771, 0.8   ],[310.6514,-11.7687,  4.8353, 10.4566],0.3796
1221,[317.929 ,-15.5359, 16.6795, 10.6097],[1.6787,0.2925,4.288 ,0.4816,7.0418],[323.1413,-15.3628, 15.934 , 10.4679],0.3538
1223,[270.2658,-26.0955, 33.0433, 11.2493],[ 0.4456,-0.3095, 2.0521, 0.1241, 0.9074],[278.4852,-26.804 , 33.3268, 11.2492],0.2447
1232,[313.1195, 32.3999,-25.1459, 10.8002],[1.0219,0.1785,1.2878,0.0839,0.5833],[314.2557, 30.6027,-22.9254, 10.8394],0.2921
1234,[300.3036, 36.6888,-39.0974, 11.0065],[ 1.7459, 3.4056,-0.3347, 0.6658, 3.9128],[305.4475, 36.2186,-37.3501, 10.943 ],0.2325
1236,[311.5731, 45.2669,-53.8004, 10.8686],[ 1.0203, 4.3193,-0.3866, 0.2144, 1.6866],[321.3185, 45.4661,-53.288 , 10.9242],0.1808
1240,[234.1249,-30.3371,  3.9606, 11.6426],[-0.6563,-0.1304,-0.5982,-0.4294,-0.0655],[233.2768,-24.2282,  0.743 , 11.9636],0.2906
1241,[291.4392,-34.6104, 24.1047, 10.7123],[ 0.2336, 1.0269,-0.4115,-0.015 , 0.1745],[290.6092,-31.8232, 19.771 , 10.8158],0.274
1243,[305.9664,-35.6383, 39.0636, 10.774 ],[ 2.6121,-0.425 , 1.1686, 1.4218, 3.4849],[312.0147,-35.4432, 38.2351, 10.7008],0.2362
1245,[308.2641,-43.752 , 52.3057, 11.791 ],[ 0.5221,-0.7035, 1.6752, 0.0051, 1.065 ],[318.2236,-44.0342, 51.8929, 11.7892],0.1823
1256,[347.932 , 50.1105,-55.646 , 10.0393],[1.1979,2.0553,0.1979,1.5328,0.9257],[354.8456, 49.9134,-54.4372, 10.381 ],0.1906
1263,[262.2862,-54.0611, 38.8466, 10.3663],[0.312 ,0.3269,0.0249,0.0499,1.2682],[253.6264,-50.2906, 32.6385, 10.6493],0.169
1265,[382.9739,-55.7131, 69.2876, 10.2729],[0.5602,0.0322,3.6038,0.7564,0.9801],[397.7197,-56.0088, 69.4282, 10.0758],0.1389
1300,[350.972 , -1.4534,  1.4054,  5.9326],[  1.5721,  1.2688,  1.3905,  0.9967,162.4904],[353.8259, -1.4234,  1.2695,  5.7095],0.4295
1301,[361.2012, -7.1588, 12.0955,  6.2521],[ 0.8612,-0.7842,35.3552,-0.1306, 1.5731],[365.1702, -7.8029, 12.1162,  6.5363],0.4157
1302,[336.2811,  6.4446,-11.9671,  6.3993],[ 0.996 ,26.7488,-0.4916,-0.4176, 1.7776],[340.3265,  7.261 ,-12.1747,  6.5651],0.3984
1310,[333.7023, 13.2591, -6.0201,  7.2573],[-0.0416,-0.2606,20.9843, 0.6167, 0.5919],[336.2046, 11.9045, -5.3237,  7.3547],0.3998
1312,[318.3107, 17.8443,-17.7914,  7.0682],[ 1.1703,55.6838, 1.2744, 1.6661, 2.5809],[321.4958, 17.4745,-16.4898,  7.2553],0.3449
1314,[295.7652, 25.6381,-33.6807,  7.1725],[ 0.1596,19.0859,-0.4616,-0.1168,-0.1173],[302.7814, 26.6049,-33.8595,  7.4177],0.2623
1320,[340.7084,-13.1402,  6.0272,  6.4155],[ 0.8481, 6.4009,-0.5758,-0.5281, 3.5923],[342.8143,-11.8107,  5.4016,  6.4359],0.4044
1321,[337.4261,-15.1107, 16.7086,  7.2974],[47.77  , 0.3058, 1.1188, 0.7354, 1.1513],[341.3254,-15.0984, 16.2461,  7.4667],0.3662
1322,[319.524 ,-13.0845,-11.5411,  6.0549],[-0.9844,-1.3858,-1.6961,-1.0794,-1.1966],[322.905 , -8.6413,-14.8239,  6.1892],0.3778
1323,[278.8966,-25.6892, 33.7286,  7.5643],[ 4.1987e-01,-4.7031e-01, 8.4535e+00,-1.0203e-01, 5.8019e-03],[286.0599,-26.7524, 34.1631,  7.5455],0.2488
1325,[208.2421,-29.0025, 51.577 ,  8.8404],[ 0.0147,-0.4837,-0.3326, 0.1135,-0.1701],[225.3821,-32.392 , 52.3963,  9.395 ],0.1438
1330,[313.7513, 31.2745, -7.1973,  5.7197],[-0.4055,-0.4878, 0.3792,-0.4744,-0.0024],[309.0752, 26.7765, -3.8428,  5.535 ],0.3459
1332,[314.5308, 33.4009,-24.6764,  7.3848],[ 0.1127,-0.4298, 0.8381, 0.0189, 0.0206],[313.3088, 31.4418,-22.065 ,  7.4714],0.2903
1334,[301.3703, 36.7806,-38.948 ,  6.9975],[ 2.1765,22.3914,-0.1063, 0.5415, 1.7517],[304.8735, 36.499 ,-37.2973,  7.2419],0.2309
1336,[297.7772, 44.3042,-54.143 ,  7.2709],[ 0.0781,18.1482,-0.5572, 0.0996, 1.027 ],[307.4114, 44.9789,-53.9916,  7.5494],0.1685
1340,[305.7963,-35.4213,  8.0377,  5.4529],[-1.0938,-0.4353,-1.4419,-1.3685,-1.3348],[298.868 ,-30.3941,  4.5791,  5.4104],0.3251
1341,[286.779 ,-34.8035, 23.1767,  6.9153],[-0.4711,-0.231 ,-1.3121,-1.1133,-0.7756],[284.1571,-32.134 , 20.291 ,  7.0591],0.2683
1343,[291.5993,-39.0096, 39.0115,  7.1172],[ 0.8215, 0.0713,10.4055, 2.8102, 0.9883],[293.8416,-38.3702, 37.3562,  7.2822],0.2172
1345,[287.8652,-44.8477, 54.4821,  7.4176],[ 0.4713,-0.7635, 4.6412, 1.1638, 1.0958],[297.5195,-45.5702, 54.5824,  7.5209],0.1584
1354,[322.0252, 52.516 ,-43.9898,  6.3259],[ 0.0173,-0.2652,-0.141 , 0.0717,-0.3708],[317.2179, 50.8432,-41.6587,  6.4793],0.1925
1356,[345.3338, 55.699 ,-58.9103,  6.4935],[ 0.8936, 3.557 ,-0.2339, 1.6426, 1.5532],[348.9584, 55.4105,-57.4271,  6.5912],0.1577
1361,[351.8999,-53.6387, 26.7445,  7.0704],[-0.9622,-0.4073,-1.2768,-1.1476,-0.4469],[337.1035,-49.4783, 22.1122,  7.0514],0.2643
1363,[305.1074,-54.418 , 43.2615,  6.6729],[ 0.2186,-0.2198,-0.836 , 0.2582, 0.05  ],[298.5207,-52.2275, 40.5744,  7.0474],0.1785
1365,[318.8607,-60.9036, 60.4409,  6.724 ],[ 1.6513,-0.3228, 3.1798, 2.2825, 0.7761],[319.2074,-60.111 , 58.3791,  7.1197],0.1254
1367,[296.1343,-52.6867, 70.5172,  7.6931],[ 0.0459,-0.7437, 1.563 , 0.0376, 0.0346],[313.3021,-53.5853, 70.0861,  8.1687],0.1096
1385,[372.6572,-71.5535, 67.4621,  6.291 ],[-0.0815,-0.3259,-0.2687, 0.0855,-0.4245],[368.3918,-70.7133, 65.0756,  6.8756],0.1148
1387,[377.7941,-72.8295, 71.4475,  5.1231],[ 0.8073,-0.2797, 2.5232, 1.58  , 0.0137],[376.044 ,-72.2821, 69.6405,  5.6954],0.1031
1400,[357.8512, -2.3511,  2.4626,  3.133 ],[  4.0488,  1.0695,  1.6813,226.2276,  5.2455],[359.6516, -2.3896,  2.699 ,  3.5513],0.4371
1401,[368.8224, -7.3904, 12.446 ,  2.7065],[ 0.357 ,-0.3248,78.8933, 0.1032, 0.873 ],[371.1244, -8.1034, 12.6322,  2.9745],0.4227
1402,[342.4185,  6.69  ,-12.1492,  3.0129],[-0.1085,52.3363, 0.0737, 0.386 ,-0.3289],[344.7239,  7.5724,-12.4775,  2.9427],0.402
1404,[258.5237,  6.7773,-32.7793,  1.125 ],[-1.8685,-1.1413,-2.1813,-1.7162,-1.7272],[268.4899, 12.093 ,-36.226 ,  0.9484],0.2655
1410,[351.3593, 12.5584, -7.1072,  2.8391],[-0.0525,-0.978 ,16.7217, 1.4986, 0.6871],[352.0418, 11.6347, -6.8101,  3.1304],0.4105
1411,[266.3559, 11.524 , 11.6787,  4.0273],[-1.0365,-1.2445,-0.5223,-1.0051,-0.8233],[268.6524,  6.6999, 14.4021,  3.516 ],0.3318
1412,[350.2938, 15.3942,-17.4292,  2.2811],[79.6165, 4.0464, 0.3403, 1.4898, 1.0045],[352.156 , 15.612 ,-17.2325,  2.6433],0.3716
1414,[302.567 , 25.1544,-33.5919,  2.5324],[ 0.5023,28.2586,-0.3055,-0.0981, 0.2665],[308.0256, 26.457 ,-34.2837,  2.9336],0.2646
1420,[359.0524,-12.3986,  7.1094,  2.5127],[ 0.2024,35.449 , 0.244 , 0.2263,-0.1868],[359.5758,-11.44  ,  6.5952,  2.7525],0.4164
1421,[363.5005,-14.6099, 16.8081,  2.2198],[  0.4655,  0.7925,148.3194,  0.4801,  1.1104],[365.2137,-14.7971, 16.3767,  2.4654],0.388
1422,[243.6409,-15.1025,-13.0899,  3.0238],[-2.1608,-1.4877,-2.3136,-1.8207,-2.2052],[245.7502, -8.531 ,-17.4236,  3.2126],0.2998
1423,[333.5146,-25.5324, 32.7957,  2.2935],[-0.0953,-0.9471,12.5697, 0.8254,-0.0618],[338.0671,-26.5283, 33.1163,  2.4752],0.2906
1430,[341.875 , 32.1766, -7.7031,  1.9464],[-0.8329,-0.9687,-0.4117,-0.7688,-0.9187],[335.1587, 27.856 , -3.8693,  2.4244],0.3633
1432,[319.0667, 34.8087,-23.29  ,  2.9126],[-0.9936,-1.4086,-0.4201, 0.4986,-1.3941],[314.412 , 32.4716,-20.0908,  3.109 ],0.2936
1434,[288.1857, 37.0419,-40.9189,  2.9027],[ 1.5673,13.6445, 0.1424, 4.8968, 0.6071],[291.4225, 37.3384,-40.1957,  3.2434],0.2106
1436,[308.9175, 44.2678,-53.6952,  2.4956],[ 0.3848,19.5232,-0.2027, 0.8023,-0.2733],[316.817 , 45.2242,-53.8123,  2.8279],0.1752
1440,[287.8181,-32.8107,  6.8342,  2.4373],[-2.3806,-1.429 ,-2.8757,-1.9392,-2.1215],[281.11  ,-27.5659,  2.792 ,  2.8761],0.3182
1441,[288.8949,-36.0226, 22.8801,  2.2765],[-2.7336,-2.3027,-3.2646,-2.4037,-3.408 ],[283.4109,-33.2564, 19.9825,  2.616 ],0.2659
1443,[286.7739,-40.2384, 38.2139,  2.3211],[ 1.4349, 0.1814,12.3239, 0.6414, 1.078 ],[285.8387,-39.5373, 36.5742,  2.6578],0.2107
1445,[270.7265,-46.638 , 53.336 ,  1.9853],[ 0.6032,-1.198 , 5.2496, 0.5054, 1.1669],[276.5385,-47.3572, 53.4962,  2.2013],0.1423
1452,[392.6151, 50.6062,-29.9576,  0.5006],[-0.1805,-0.5887, 0.0214,-0.0431,-0.3943],[377.795 , 47.5978,-24.3589,  1.1231],0.2982
1454,[311.6306, 53.7432,-44.2365,  3.2493],[-0.913 ,-1.1704,-1.2973,-0.9894,-1.6847],[304.3048, 51.982 ,-41.0279,  3.5255],0.1823
1456,[313.4073, 55.8799,-60.0291,  2.5187],[ 1.4676, 6.1484,-0.1122, 1.8258, 0.3463],[316.9638, 55.949 ,-58.8918,  2.8701],0.1343
1458,[331.2809, 58.1619,-72.1222,  2.2279],[ 0.428 ,10.0355,-0.6891, 0.7013, 0.2223],[344.7187, 59.0133,-72.2239,  2.7364],0.1062
1461,[334.8711,-53.4048, 25.8248,  1.2467],[-1.6365,-0.818 ,-2.4294,-1.8312,-2.4101],[317.7559,-49.212 , 22.1569,  1.6182],0.2488
1463,[301.2499,-54.6079, 42.2492,  1.796 ],[-1.6907,-1.176 ,-1.8316,-1.0584,-2.4128],[292.2556,-52.6294, 40.1776,  2.2381],0.1738
1465,[307.1013,-58.0421, 58.0715,  2.0256],[1.0637,0.3007,5.257 ,1.36  ,0.0536],[306.9787,-57.7171, 56.7912,  2.4476],0.1285
1467,[264.7225,-67.9021, 72.762 ,  2.478 ],[-0.1533,-0.6318, 2.9291, 1.481 , 0.2205],[269.6788,-67.948 , 72.328 ,  2.976 ],0.0404
1483,[301.2561,-72.2904, 45.2426,  3.5088],[-0.9795,-0.4315,-1.717 ,-1.2875,-0.9785],[278.2539,-68.8799, 41.9094,  4.1162],0.1182
1485,[329.3412,-73.4569, 63.0703,  2.0496],[-1.4608,-1.7894,-1.2784,-0.9526,-2.0917],[318.8302,-72.3921, 61.1725,  2.524 ],0.088
1487,[335.556 ,-72.8696, 73.2344,  1.802 ],[ 0.2138,-0.7643, 1.729 , 1.5753,-0.6382],[335.8113,-72.6544, 72.5405,  2.3948],0.0682
1500,[367.0596, -2.1944,  1.7066, -2.6088],[2.9233e+00,1.2905e+02,2.3936e+00,2.1159e+00,2.5213e-02],[365.9437, -2.2097,  2.3108, -2.2544],0.4476
1501,[375.0568, -6.6706, 13.3767, -2.7546],[-0.1536,-0.8247,29.0055, 1.017 ,-0.4439],[375.0366, -7.7491, 13.9617, -2.4995],0.4236
1502,[355.4146,  5.6121,-13.9399, -2.7184],[ 0.6539,23.9891,-1.5483, 0.7913, 0.1827],[355.7485,  7.0275,-14.5184, -2.2217],0.4116
1503,[387.799 , -9.8388, 32.9605, -4.3539],[-0.5867,-1.0103,-0.4078,-0.4717,-0.4093],[394.8242,-13.0932, 34.2016, -3.7072],0.3544
1504,[233.5588,  7.201 ,-32.3361, -2.8495],[-1.3758,-0.3249,-1.513 ,-1.1043,-0.8231],[241.3835, 12.8856,-35.4951, -2.5064],0.2423
1510,[371.6301, 11.7445, -7.3024, -2.9099],[ -9.6537, -9.7732, -9.1065, -9.6689,-10.0566],[369.605 , 11.0046, -6.4666, -2.6419],0.4292
1511,[351.127 , 12.4671, 11.4878, -1.9693],[-1.2466,-1.2933,-0.4078,-0.8215,-0.7403],[350.4217,  8.5193, 13.1599, -1.7252],0.4085
1512,[359.7527, 14.0957,-16.4961, -2.2629],[ 0.2967, 1.307 , 0.7677,17.3963, 0.9721],[359.5886, 14.4827,-16.4628, -1.7145],0.3867
1514,[283.9634, 24.0378,-34.3   , -1.9654],[ 0.0386, 8.559 ,-0.7426, 0.6237,-0.2567],[288.5442, 26.0759,-35.6877, -1.5073],0.2483
1516,[329.7786, 29.6764,-51.6763, -1.4708],[-1.1735,-0.3788,-0.9763,-0.9327,-0.6078],[344.7075, 32.7513,-54.1699, -1.9696],0.2295
1520,[356.5291,-11.372 ,  7.7789, -2.4455],[ 0.0798, 9.3072,-0.7348, 8.699 ,-0.6861],[354.9086,-10.6777,  7.0831, -2.1548],0.4165
1521,[364.5429,-12.7444, 14.3193, -2.4923],[1.2792e+00,5.1464e-01,6.8258e+01,5.5099e+00,3.8748e-03],[363.8077,-12.939 , 14.0454, -2.2302],0.4
1522,[270.0872,-11.1845,-11.9251, -2.204 ],[-1.4519,-0.9436,-1.8404,-1.1554,-0.8924],[270.5074, -5.8117,-16.7813, -1.9013],0.3299
1523,[343.6408,-24.6611, 33.4405, -2.359 ],[-0.213 ,-0.9155, 7.8349, 0.3341,-0.5445],[347.191 ,-26.0586, 34.2625, -1.9483],0.2974
1530,[367.4699, 31.5258, -7.4854, -1.9026],[-0.3013,-0.7201, 0.1933,-0.1603,-0.3408],[359.0164, 27.4498, -2.2941, -1.306 ],0.392
1532,[342.3744, 32.9765,-25.2794, -2.03  ],[-1.0802,-1.4623,-1.3446,-0.2774,-1.621 ],[337.2868, 31.5362,-22.6783, -1.6358],0.3091
1534,[297.1   , 35.6732,-39.5073, -2.0865],[0.8455,9.7435,0.0693,1.8146,0.2482],[298.5559, 36.3329,-39.3091, -1.7084],0.2216
1536,[284.7187, 43.4565,-55.3554, -2.2812],[-0.3078,10.5724,-0.664 , 1.788 ,-0.5116],[293.592 , 45.2153,-56.5441, -1.9484],0.1515
1540,[268.4244,-31.6527,  8.6792, -1.803 ],[-1.3313,-0.4244,-1.6863,-1.421 ,-1.0071],[260.2935,-26.4505,  4.1163, -1.5824],0.298
1541,[278.95  ,-35.3952, 23.861 , -2.2914],[-3.177 ,-2.1879,-3.0052,-2.3956,-3.0319],[272.0637,-32.9903, 21.1145, -1.8802],0.254
1543,[289.6497,-39.7047, 37.8211, -2.7187],[ 1.768 ,-0.3215, 4.8855, 7.6377, 0.3489],[286.8007,-39.2863, 36.2954, -2.1544],0.2125
1545,[306.4001,-46.175 , 54.1452, -2.5937],[ 0.8652,-0.8169, 6.3423, 0.4038,-0.7449],[311.8979,-47.3371, 54.6166, -2.1713],0.1635
1554,[297.1111, 52.6151,-46.0455, -1.3936],[-0.2018,-0.0997,-0.0804, 1.0456,-0.6696],[290.937 , 51.6346,-44.4606, -1.0175],0.1649
1556,[293.1462, 55.046 ,-61.6175, -1.9204],[ 0.5153, 3.0741,-0.1057, 5.8473,-0.0203],[298.1359, 55.7888,-61.4433, -1.3768],0.1157
1558,[336.9685, 59.8837,-71.2116, -2.2111],[ 0.3916,11.0936,-0.0326, 0.2455, 0.1956],[347.1839, 60.8476,-71.4619, -1.6413],0.1073
1561,[291.9192,-52.8193, 27.102 , -1.4713],[-1.4433,-0.1604,-1.5496,-0.909 ,-1.6243],[274.8339,-48.5507, 23.745 , -1.1742],0.2119
1563,[309.8038,-56.1403, 43.4789, -2.019 ],[-2.6701,-2.448 ,-2.7556,-2.0425,-3.2856],[298.4316,-54.3899, 41.0527, -1.6377],0.1718
1565,[323.009 ,-60.7443, 56.4194, -2.8127],[ 0.7019,-0.8358, 1.8072, 3.0171,-0.684 ],[317.2877,-60.3545, 54.8316, -2.2367],0.1338
1567,[267.1023,-64.5579, 72.709 , -1.2725],[ 0.4794,-0.8735, 1.2934, 2.4548, 0.127 ],[274.6929,-65.2712, 72.8541, -0.679 ],0.0494
1583,[279.4349,-72.9191, 44.828 , -2.2067],[-0.9862,-0.6164,-1.5042,-0.9781,-1.0858],[254.6005,-69.7429, 43.1609, -1.5778],0.097
1585,[351.844 ,-72.4626, 61.8657, -2.719 ],[-2.3272,-3.183 ,-2.4085,-2.1114,-3.0885],[340.1916,-71.7685, 60.4867, -2.2812],0.105
1587,[338.028 ,-73.9247, 72.5882, -2.5401],[ 0.116 ,-1.6677, 0.6065, 0.3161,-1.8915],[336.0388,-73.9832, 72.3701, -1.9737],0.0654
1600,[372.3391, -1.799 ,  0.939 , -6.4531],[ 0.7668, 1.2558, 4.5781,64.2069, 0.3114],[369.2824, -1.6169,  0.5062, -6.0125],0.4476
1601,[371.7253, -6.6643, 13.6803, -5.8659],[-3.6238,-4.8339,-2.3638,-2.7014,-4.8949],[370.2156, -7.882 , 14.3871, -5.755 ],0.4177
1602,[368.2875,  5.1936,-14.2519, -6.9077],[-0.8363, 2.0267,-1.9221,-0.8501,-1.7075],[366.7593,  6.8473,-15.4627, -6.558 ],0.4131
1603,[385.1499, -7.8815, 34.3756, -6.4476],[-0.2609,-0.8345,-0.0036,-0.199 ,-0.696 ],[391.7685,-11.7151, 35.5598, -7.0868],0.3574
1604,[226.9191,  9.1448,-32.1976, -7.0648],[-0.4578,-0.2415,-0.0687,-0.3051,-0.5145],[232.7071, 14.7563,-35.3625, -6.4695],0.2309
1610,[376.4289, 11.6159, -7.5215, -7.2709],[-6.4676,-7.0893,-5.9472,-6.0913,-6.9932],[372.2657, 10.9871, -6.8215, -7.0822],0.4334
1611,[359.795 , 11.0966, 11.3498, -7.6623],[-0.2851,-0.4965,-0.0158,-0.3458,-0.215 ],[356.8389,  7.2954, 13.6712, -7.2864],0.4149
1612,[370.1204, 13.7257,-14.9787, -7.3362],[-2.7602,-1.7555,-4.639 ,-1.9022,-3.5832],[367.056 , 13.9979,-14.79  , -7.0231],0.3996
1614,[327.6581, 25.5798,-33.5591, -7.0435],[-0.014 , 6.6776,-0.0525, 1.0417,-0.4187],[328.9706, 27.2593,-34.5959, -6.5354],0.2809
1620,[355.303 ,-11.9152,  7.2381, -6.6151],[-0.8786, 1.2028,-0.6274, 3.2452,-2.0704],[351.4192,-10.9397,  5.5456, -6.2855],0.419
1621,[362.2374,-15.202 , 16.1095, -6.4708],[ 1.1091, 0.3458,20.1838, 3.4269,-0.4197],[359.2597,-15.3415, 15.5261, -6.4447],0.3885
1622,[239.7106,-12.8708,-10.4697, -5.2651],[-0.4952, 0.0053,-0.5293,-0.067 ,-0.1027],[239.3886, -5.9037,-20.4553, -4.6138],0.2927
1623,[317.945 ,-26.1239, 33.4579, -7.8419],[ 1.5038,-1.0468, 1.8141, 5.4285,-0.4901],[318.632 ,-27.6574, 34.4824, -7.3476],0.2712
1632,[359.6524, 32.3563,-25.1479, -7.1918],[-1.0796,-0.8038,-0.7982,-0.6865,-1.2997],[352.7543, 31.3333,-23.4787, -6.8302],0.3203
1634,[321.2789, 34.9285,-39.4822, -6.8335],[ 0.9108, 1.9236,-0.134 , 6.9219,-0.0774],[321.5866, 35.9494,-39.8693, -6.2419],0.2372
1636,[270.9656, 43.7535,-55.9768, -6.5307],[ 1.125 , 5.0032,-0.7276, 0.5353,-0.8568],[278.9316, 46.0117,-57.5798, -6.1866],0.1361
1641,[260.6943,-33.9213, 25.4201, -7.0554],[-2.4042,-2.0902,-2.3429,-1.514 ,-2.8659],[252.9528,-32.1265, 22.6961, -6.509 ],0.2364
1643,[289.5348,-39.0082, 39.5059, -7.6567],[ 1.3212,-0.7116, 4.2315, 4.6839,-0.3768],[286.3356,-39.2788, 38.5413, -7.0424],0.2067
1645,[309.2155,-46.2166, 52.9997, -8.0558],[-0.0958,-0.1271, 6.8203, 0.487 ,-0.3054],[311.8991,-47.569 , 53.5133, -7.4954],0.1658
1656,[315.8039, 54.7399,-63.0842, -6.3277],[ 0.3533, 2.9579,-0.2772, 2.73  ,-0.4388],[321.6459, 55.9949,-63.6708, -6.1336],0.1237
1658,[358.3841, 60.5631,-71.3375, -6.9232],[ 0.8903, 2.7599,-0.4698, 1.2247,-0.422 ],[367.8196, 61.7661,-72.2161, -6.3211],0.106
1663,[289.592 ,-53.146 , 46.4041, -6.6681],[-0.3053,-0.8377,-0.478 , 0.0865,-1.3622],[281.0638,-52.4377, 44.6996, -6.1983],0.1549
1665,[332.5581,-58.2443, 59.5621, -7.4863],[ 0.6107,-1.5147, 3.2806, 3.4835,-0.9688],[330.8309,-58.739 , 58.767 , -6.8612],0.1363
1667,[348.0946,-66.8667, 72.4334, -8.4524],[ 0.7671,-0.4044, 4.6334, 0.8458,-0.4457],[351.5011,-67.7634, 72.2952, -7.8816],0.0872
1685,[347.3004,-72.1672, 64.3265, -6.3648],[-1.9674,-2.4007,-1.5509,-1.1214,-2.6119],[336.6811,-71.8974, 62.5652, -5.9315],0.0963
1687,[357.0045,-72.939 , 73.3661, -7.5361],[-1.3864,-2.4216,-0.6341,-0.1011,-3.2358],[355.046 ,-73.4225, 72.5504, -7.0196],0.0751
1700,[304.576 ,  1.372 ,  0.938 ,-12.3575],[-7.1552,-7.3774,-6.1244,-6.2659,-7.7424],[298.7123,  0.9719,  1.0586,-11.8161],0.3879
1701,[300.2735, -6.0976, 13.789 ,-12.7565],[-0.9162,-1.74  , 0.0037,-0.6464,-2.355 ],[295.836 , -7.8985, 15.2466,-12.2155],0.3521
1702,[344.0894,  6.3586,-14.939 ,-11.1783],[-1.3955,-0.3624,-2.2912,-0.9539,-2.053 ],[340.5689,  8.1536,-16.4099,-10.9517],0.384
1703,[314.6444, -8.2665, 32.67  ,-12.2416],[ 0.057 ,-0.3592, 0.3135, 0.078 ,-0.2705],[319.5268,-13.1935, 36.9658,-12.3997],0.3048
1710,[351.1503, 12.0916, -7.0403,-11.9476],[-1.9588,-2.2778,-1.4323,-0.9177,-2.8428],[344.5822, 11.2926, -6.2186,-11.6593],0.4112
1711,[308.9762, 10.1004, 11.0994,-10.2757],[ 0.1692,-0.0784, 0.2027, 0.1197,-0.2486],[305.5058,  5.1109, 18.2654,-10.9521],0.3608
1712,[355.2251, 15.2357,-16.8242,-11.424 ],[-6.7526,-6.328 ,-7.8349,-6.008 ,-7.6157],[350.3651, 15.6952,-16.894 ,-11.1792],0.3764
1714,[348.2223, 25.2749,-32.9621,-11.7781],[-0.3639, 1.8486,-0.9178, 3.0957,-0.3399],[347.4656, 27.0114,-34.3208,-11.3035],0.296
1720,[289.0267,-12.744 ,  7.2224,-11.4712],[-0.8406, 0.1408,-1.2666,-0.0292,-1.7904],[282.5492,-11.4844,  5.602 ,-11.095 ],0.3545
1721,[281.6184,-18.1734, 20.7286,-12.406 ],[-5.9099,-6.6931,-5.6137,-4.5857,-7.1416],[276.9103,-18.9759, 20.9315,-11.851 ],0.2936
1723,[304.1681,-26.112 , 33.8122,-12.7191],[ 0.4638,-0.0417,10.2188, 1.4709,-0.5005],[303.2162,-28.0529, 35.311 ,-12.1273],0.257
1725,[334.0266,-23.4952, 51.417 ,-12.4527],[ 0.1362,-0.479 , 0.0281,-0.1739,-0.1145],[347.7889,-27.9504, 53.7953,-11.8113],0.2457
1732,[353.9973, 32.2955,-24.3084,-12.2888],[-0.5323,-0.2898,-0.0769,-0.5012,-0.7848],[344.0413, 31.1801,-21.8927,-11.9141],0.3181
1734,[337.0339, 34.4678,-38.2704,-11.5716],[ 0.2338, 1.7516,-0.7314, 1.7355,-0.7661],[334.8403, 35.5442,-38.6888,-11.048 ],0.2515
1736,[292.5167, 41.6308,-57.762 ,-10.9397],[-0.24  , 0.937 ,-0.3215, 0.2995,-0.3827],[302.9551, 44.6234,-60.377 ,-10.8137],0.15
1741,[255.7189,-32.0394, 27.2744,-11.5757],[-0.4113,-0.7726,-0.409 ,-0.2998,-1.4086],[247.6788,-31.2265, 25.2119,-11.0232],0.2283
1743,[296.7725,-36.8179, 41.1149,-12.34  ],[ 0.3455,-0.3592, 4.2446, 4.5447,-1.2282],[294.7836,-38.077 , 41.4788,-11.725 ],0.2089
1745,[334.45  ,-45.3426, 54.8271,-12.5529],[ 1.5331e-03,-1.0620e-01, 1.6000e+01, 1.0656e+00,-6.9002e-01],[338.6655,-47.2421, 56.2525,-11.9714],0.1784
1756,[342.8423, 54.0224,-66.3062,-10.6595],[-0.1584, 0.3497,-0.1156, 2.4668,-0.838 ],[351.7373, 55.8316,-67.3971,-10.4203],0.1373
1763,[263.2991,-51.4673, 45.8289,-11.6688],[-0.3373,-0.216 ,-0.071 , 0.6441,-0.6009],[253.8732,-51.1958, 44.372 ,-11.0957],0.139
1765,[336.3614,-55.4593, 62.7586,-12.1775],[ 0.2892,-0.7808, 2.3276, 6.5677,-0.7246],[339.8835,-56.9266, 63.4483,-11.5296],0.1326
1767,[361.4505,-63.5033, 72.8846,-12.5221],[ 0.2622,-0.7453, 0.7815,11.4369,-0.3248],[368.4446,-64.9463, 73.5865,-11.849 ],0.0981
1787,[333.8616,-72.0303, 75.9076,-11.0656],[-0.239 ,-1.7561,-0.4676, 0.8081,-2.1718],[335.177 ,-73.0317, 75.5669,-10.3853],0.0544
1800,[319.2136,  1.3387,  3.3004,-17.6397],[-4.224 ,-4.6636,-3.1613,-3.4505,-6.5933],[310.8997,  0.3815,  4.0234,-17.0233],0.4033
1801,[318.501 , -5.6235, 15.0932,-17.7355],[ 1.0547,-0.3889, 6.7135, 0.3251,-0.8651],[312.1881, -7.7617, 16.675 ,-17.1058],0.3642
1802,[300.7255,  6.6208,-13.9641,-16.601 ],[-0.5785, 0.0236,-0.7025,-0.4779,-0.6311],[295.0199,  8.702 ,-17.0491,-15.9762],0.3456
1803,[352.7339, -8.1289, 31.3023,-18.988 ],[ 0.2083,-0.1516, 0.0713, 0.2198,-0.2188],[352.8404,-12.3243, 33.1621,-18.3001],0.3475
1810,[351.7459, 13.2226, -5.5538,-17.3781],[-0.9229,-1.4657, 0.3423, 0.7466,-2.0485],[342.2803, 11.9423, -4.3844,-16.8483],0.4099
1811,[309.0189, 10.5516, 11.2542,-17.5301],[ 0.285 , 0.0106, 0.2068,-0.0253, 0.1362],[302.9965,  5.1021, 19.3316,-16.8282],0.3561
1812,[341.2231, 19.4021,-15.1247,-17.4875],[-3.1874,-1.8873,-4.1104,-2.1118,-3.9703],[331.4442, 18.9314,-14.0999,-16.9953],0.3606
1814,[356.205 , 24.6443,-31.6284,-17.0065],[-0.117 , 1.5072,-0.7327, 0.9882,-0.8717],[352.3038, 26.2938,-32.4215,-16.3352],0.3119
1820,[227.515 ,-11.2799,  7.6918,-16.0774],[ 0.1792,-0.1764,-0.2249, 0.3197,-0.4794],[219.2222,-10.3408,  6.1732,-15.4156],0.298
1821,[301.5129,-16.1013, 22.1507,-17.356 ],[ 0.331 ,-1.6346, 0.6126, 1.8524,-2.8292],[295.9758,-17.7753, 23.3757,-16.6968],0.3073
1823,[316.7881,-24.4861, 35.3324,-17.3803],[-0.5321,-0.8689,18.4787, 1.6388,-0.6938],[315.7859,-27.1158, 37.3639,-16.7482],0.2648
1825,[339.1793,-29.0994, 50.8031,-18.9573],[-0.3857,-0.3495, 0.115 , 0.2795,-0.2529],[347.8584,-33.0678, 53.2532,-18.3499],0.2312
1832,[358.7225, 32.6136,-25.9973,-17.0192],[ 0.1976,-0.3253,-0.9992,-0.0996,-1.0862],[347.8087, 32.1999,-25.5621,-16.4352],0.3085
1834,[376.3258, 34.432 ,-37.749 ,-15.9226],[ 0.6864, 0.9801,-1.0823, 0.5539,-1.6386],[371.5126, 35.4414,-37.6483,-15.7249],0.2838
1841,[248.6014,-33.1654, 28.6618,-15.6061],[ 0.1636, 0.1947, 0.1508,-0.16  ,-0.1278],[239.5621,-33.0338, 28.5932,-14.9501],0.2091
1843,[302.1174,-34.1905, 42.8588,-16.7908],[ 0.2257,-0.4619, 1.5311, 5.5228,-1.1558],[301.9562,-36.5032, 44.5799,-16.1402],0.2109
1845,[335.3415,-43.0203, 55.6657,-17.1855],[ 1.6452,-1.0392,15.3106, 1.2102,-1.1528],[341.0986,-45.6428, 57.9378,-16.5308],0.1801
1865,[347.8932,-53.502 , 64.5833,-16.4674],[ 0.9164,-0.5272, 0.3312, 8.3696,-0.9127],[354.6592,-55.6235, 66.2937,-15.8134],0.138
1867,[371.0229,-60.1832, 72.8232,-16.7508],[ 0.1187,-0.3252,11.0616, 1.0294,-0.5814],[380.9374,-62.1466, 74.3223,-16.0724],0.1064
1900,[356.9897,  2.7836,  4.287 ,-23.2799],[-20.7313,-21.34  ,-20.664 ,-20.3492,-22.4557],[345.9319,  1.4064,  5.4607,-22.6392],0.4379
1901,[349.5703, -3.9141, 15.5108,-23.4525],[ 0.6683,-1.4881, 1.4447,32.8914,-1.1795],[341.0586, -6.4654, 17.7761,-22.7496],0.3919
1902,[356.5721,  5.8515,-12.1294,-21.275 ],[-1.1494,-1.1684,-2.2591,-1.3406,-2.3245],[348.0518,  7.5849,-15.2538,-20.5546],0.4043
1903,[323.9945, -8.1273, 31.7307,-23.2197],[-0.4457,-0.8223, 1.3024,-0.5983,-1.1532],[324.8158,-13.4999, 37.3743,-22.4794],0.3082
1910,[364.3227, 13.6173, -3.3025,-24.0576],[-43.5566,-44.3281,-43.7789,-42.7919,-44.1778],[ 3.5128e+02, 1.1667e+01,-2.7118e-01,-2.3446e+01],0.4259
1911,[357.8336, 11.1423, 12.5572,-24.517 ],[-0.0681,-0.5942, 0.4664, 0.1515,-0.4007],[347.6369,  6.4673, 16.8518,-23.7904],0.4008
1912,[368.7761, 21.6248,-15.3515,-23.639 ],[-64.9588,-64.7969,-65.7308,-64.8545,-65.6545],[355.19  , 20.8308,-13.4417,-23.1473],0.3793
1921,[325.7613,-13.809 , 22.1448,-21.6423],[-2.3122,-2.5501,-1.7686, 0.0944,-4.3503],[319.1255,-16.0342, 24.214 ,-20.9425],0.3307
1923,[319.9172,-20.6906, 37.7289,-22.2666],[ 0.7662,-1.0032,14.0591, 1.8804,-1.2307],[320.3816,-24.5911, 40.6732,-21.6019],0.2665
1925,[338.3857,-27.4865, 51.1049,-24.6117],[-0.2675,-1.17  , 0.4081, 0.02  ,-1.1506],[346.2992,-32.1169, 53.936 ,-24.213 ],0.2306
1932,[377.0928, 31.2729,-24.4702,-22.7951],[-3.1898,-3.3503,-4.2927,-2.702 ,-4.6607],[362.8005, 30.6552,-22.2768,-22.2224],0.3362
1943,[317.6945,-33.0787, 45.8671,-21.3354],[-0.5063,-1.1787, 0.0735, 2.563 ,-1.2719],[319.3528,-36.2523, 48.4921,-20.6939],0.2149
1945,[339.5484,-39.1966, 54.8979,-21.6622],[ 0.1543,-0.4924, 4.0399, 9.0071,-1.1641],[345.8846,-42.4814, 57.5531,-20.968 ],0.1927
1965,[348.368 ,-52.756 , 67.4623,-21.5215],[ 3.0452,-0.3628, 0.9806, 1.6024,-1.0994],[358.3378,-55.553 , 69.9779,-20.8108],0.1288
1967,[364.1791,-59.705 , 73.2122,-20.5627],[ 0.3207,-0.6143, 1.9692, 8.0424,-0.904 ],[374.904 ,-62.0539, 75.4083,-19.8748],0.1086
2100,[495.1389,  8.8678, -9.0817, 15.4643],[-0.1854,-0.4161,-0.2074,-0.5557, 0.7917],[503.0251,  8.7306, -8.7559, 15.952 ],0.3299
2200,[447.9789, -0.8951,  1.0765, 10.9063],[-6.2537,-6.135 ,-6.3014,-6.5811,-5.2996],[453.1156, -0.9035,  1.0936, 10.6522],0.3883
2201,[439.3316, -9.1806, 11.4054, 10.6543],[-2.6455,-3.0278,-1.9521,-3.0316,-1.6058],[444.8887, -9.3153, 11.2426, 10.5515],0.3778
2202,[439.2203,  8.4743,-12.6036, 10.7128],[-2.1526,-1.9331,-3.9996,-3.2056,-1.9463],[445.2285,  8.841 ,-12.6339, 10.6328],0.375
2210,[428.1708, 13.2682, -6.6152, 10.6859],[-1.0651,-1.5135,-0.2182,-1.7039,-0.0818],[432.2041, 12.3104, -6.2421, 10.5039],0.3954
2212,[444.4019, 12.1367,-14.4485, 10.8359],[-1.5735,-0.9273,-2.0386,-2.2252,-0.3263],[450.0063, 12.2097,-13.9945, 10.6713],0.3587
2214,[499.1498, 22.5757,-35.8332, 10.3986],[-0.5426, 1.0166,-1.4706,-1.0087,-0.3062],[509.8115, 23.5537,-35.9348, 10.2024],0.2244
2220,[426.4572,-11.5511,  7.4012, 10.6655],[-1.9263,-1.4761,-1.4476,-2.1932,-1.4438],[430.963 ,-10.8366,  6.4224, 10.4636],0.3994
2221,[427.306 ,-12.9953, 14.7973, 10.5801],[-1.6672,-2.6022,-1.7087,-2.673 ,-1.3189],[432.6491,-12.9921, 14.1712, 10.3693],0.3722
2223,[407.7138,-29.311 , 39.5432, 10.1769],[-1.0642,-1.3373, 0.3336,-0.9456, 0.1983],[417.3004,-29.9861, 38.9862, 10.4512],0.2756
2234,[478.1444, 37.5436,-44.4798, 10.4698],[-0.0126, 0.6908,-0.4712,-0.6026, 1.3077],[486.2727, 37.6959,-43.9972, 10.2535],0.1879
2236,[479.0549, 46.6073,-51.3333, 10.043 ],[-0.6602, 1.8662,-1.2229,-0.9766, 0.761 ],[484.6392, 46.3854,-49.1483, 10.2632],0.154
2241,[455.2138,-30.301 , 29.9358, 10.9598],[-0.4326,-0.201 ,-0.4815,-0.8172,-0.0222],[458.5071,-29.6953, 27.1585, 10.4208],0.2717
2243,[429.1365,-32.3416, 37.9592, 11.0268],[-0.9185,-0.5489, 0.7512,-0.3338, 0.7635],[436.1517,-32.4102, 36.5848, 10.8824],0.2593
2245,[436.7322,-48.6631, 53.6436, 10.4979],[-0.4473,-1.3223, 0.1402, 0.0649, 1.5117],[442.8812,-48.4434, 51.9371, 10.3801],0.1725
2265,[454.1605,-56.8083, 68.8357, 10.5466],[-0.2771,-0.4605, 0.966 ,-0.0324, 2.2635],[467.0509,-56.9144, 68.2507, 10.4339],0.0923
2300,[420.0169, -2.9816,  2.0587,  6.2363],[-20.17  ,-19.9488,-20.3257,-21.1707,-19.1289],[422.9754, -2.8161,  1.8066,  5.9881],0.42
2301,[417.9839, -7.9715, 11.9272,  6.5155],[-8.0659,-9.0952,-6.6556,-8.4935,-6.4142],[421.7763, -8.4086, 11.9927,  6.3733],0.4007
2302,[423.5815,  6.2204,-12.5899,  6.6052],[ -9.7378, -8.808 ,-10.751 ,-10.5666, -9.3335],[427.8172,  6.9941,-12.997 ,  6.4866],0.3959
2304,[437.5453,  9.4061,-30.7389,  6.5748],[-1.0345,-0.7913,-1.5521,-1.1573,-1.1244],[447.6138, 11.663 ,-30.4503,  7.1401],0.3191
2310,[414.343 , 11.7973, -7.4945,  6.6455],[-3.0713,-3.3391,-2.3624,-3.7289,-2.6666],[416.8543, 11.1177, -6.9213,  6.5089],0.4115
2312,[430.0194, 14.8049,-16.6247,  6.5404],[-3.6179,-2.6827,-4.8104,-4.0797,-2.3315],[433.4333, 14.8503,-16.1   ,  6.2588],0.3619
2314,[430.479 , 25.9923,-31.9926,  6.191 ],[-0.845 ,-0.6344,-2.0935,-0.5632, 0.3934],[435.9303, 26.4621,-31.9081,  6.1418],0.2877
2320,[428.7307,-12.0011,  7.196 ,  6.2641],[-5.5749,-4.4991,-5.2941,-6.027 ,-5.0867],[430.9122,-11.2258,  6.152 ,  6.0304],0.3988
2321,[426.8435,-13.4237, 16.1301,  6.8009],[-5.0403,-6.6228,-4.3762,-6.0035,-3.7357],[430.625 ,-13.6079, 15.7423,  6.5313],0.3685
2322,[439.7312,-11.9511,-16.2075,  5.1286],[-0.4075,-0.6036,-1.5282,-0.8959,-0.8792],[442.9729, -8.5321,-16.3493,  4.562 ],0.368
2323,[449.6941,-25.3698, 32.8655,  6.0437],[-1.6953,-2.634 ,-0.433 ,-1.0765,-0.5115],[455.7935,-26.005 , 32.8801,  5.8775],0.2693
2332,[437.5377, 32.833 ,-24.9602,  6.8953],[-0.5011,-1.0457,-0.3859,-1.2671,-0.0987],[435.9631, 31.4216,-21.782 ,  6.7855],0.3016
2334,[444.0412, 36.2387,-37.3276,  6.755 ],[ 0.5329, 4.2408,-1.2197, 0.3843, 3.3345],[446.3408, 35.9068,-35.298 ,  6.7179],0.2459
2336,[465.6065, 43.1544,-54.6869,  7.4886],[ 1.8594, 3.5962,-1.2856,-1.0989,-0.4882],[476.0742, 43.6755,-53.9046,  7.6822],0.1556
2341,[447.9792,-33.3001, 25.755 ,  6.051 ],[-0.8687,-0.1621,-0.6993,-0.778 ,-0.7462],[446.6064,-32.1448, 24.1287,  6.1333],0.2841
2343,[443.3581,-38.9872, 38.9961,  7.063 ],[-0.2504,-0.9277, 2.3977,-0.259 , 1.1259],[445.0911,-38.5327, 36.9224,  6.8888],0.2357
2345,[427.259 ,-44.4883, 52.9211,  8.0149],[ 0.4069,-1.0686, 3.5776, 0.1104,-0.3961],[436.2202,-44.7826, 52.5951,  8.5371],0.1852
2354,[442.0089, 53.3283,-43.596 ,  6.7445],[0.7681,0.83  ,0.4867,0.3707,2.4295],[435.2328, 51.8787,-40.0391,  6.6059],0.2007
2356,[435.2183, 54.7111,-57.4574,  6.5096],[ 0.3946, 6.0553,-0.752 , 1.6311, 1.6647],[438.0537, 54.4414,-55.4696,  6.5798],0.1517
2358,[434.029 , 61.5234,-74.2184,  5.7228],[ 1.6196, 3.6881,-0.9693,-0.8618,-0.0615],[446.8306, 61.8188,-73.7513,  5.5874],0.0789
2363,[426.9858,-55.9312, 44.7156,  5.5188],[0.5883,1.2282,2.1292,0.4347,2.1268],[418.0794,-54.2961, 40.6675,  5.2869],0.2069
2365,[453.8126,-58.2781, 61.9033,  7.2709],[ 0.8507,-0.6459, 4.6966, 0.9752, 0.4147],[457.7195,-58.0122, 60.1966,  7.0576],0.1168
2400,[425.488 , -3.0822,  1.8187,  2.3774],[ 0.9243,34.9558,35.1326, 0.2767, 5.9098],[426.4505, -2.8769,  1.5184,  1.9871],0.4187
2401,[423.6005, -7.8074, 12.0434,  2.7012],[ -8.4354,-10.0059, -6.2412, -9.6269, -7.5552],[425.4822, -8.3322, 12.1754,  2.3599],0.3968
2402,[427.0224,  6.2017,-12.8049,  2.1605],[-0.9589,14.05  ,-2.0028,-2.1648,-0.3869],[428.9598,  7.0495,-13.1128,  1.7649],0.3941
2404,[495.2232,  9.0004,-31.3503,  3.9771],[-0.7314,-0.964 ,-1.4995,-1.2763,-1.217 ],[504.0194, 11.2123,-30.9482,  3.4051],0.2692
2410,[425.8564, 12.2297, -7.2349,  2.3044],[-4.5813,-4.9479,-4.2261,-5.685 ,-3.9097],[425.9623, 11.4843, -6.4743,  1.944 ],0.4027
2412,[432.9016, 15.2438,-17.6561,  2.228 ],[ 3.2776,13.2464,-1.083 ,-0.6241,17.7547],[434.4091, 15.4473,-17.2464,  1.8303],0.3564
2414,[440.0765, 25.5415,-32.0497,  2.4331],[ 1.282 , 5.298 ,-1.5184,-0.4133, 1.5709],[444.0724, 26.1962,-32.0762,  2.2095],0.281
2420,[430.2388,-12.1015,  7.1117,  1.8478],[ 0.0294, 4.3048, 0.0368,-1.4176,14.3176],[430.1065,-11.2939,  5.7566,  1.4824],0.4003
2421,[429.6122,-14.9288, 16.1572,  1.8428],[ 0.689 ,-0.3266,39.2921, 0.0563,40.8855],[430.6223,-14.961 , 15.4213,  1.6605],0.3658
2422,[441.8181,-12.9397,-12.011 ,  1.8646],[-1.5966,-1.0189,-1.5006,-1.0291,-1.4864],[444.0293, -9.0451,-19.0374,  1.2489],0.3587
2423,[443.4952,-25.0726, 32.6395,  1.5461],[-3.0426,-4.7761,-2.5137,-2.8552,-1.3225],[447.7158,-25.8666, 32.7328,  1.4572],0.2771
2430,[ 5.2102e+02, 3.2053e+01,-7.7802e+00, 3.3400e-01],[-1.1089,-1.2901, 0.1732,-1.1765,-0.9909],[ 5.1296e+02, 2.9686e+01,-8.6676e+00,-2.5522e-01],0.2708
2432,[464.4691, 33.675 ,-24.7216,  2.892 ],[ 0.4046,-0.1919, 0.2613,-0.5254, 1.4875],[460.583 , 32.3933,-22.3613,  2.5896],0.2762
2434,[461.7421, 35.1146,-37.5927,  2.7022],[ 0.7931, 9.9317,-0.6021, 0.9704, 1.5531],[463.5904, 35.1407,-36.2948,  2.679 ],0.2312
2436,[450.36  , 45.3063,-56.1868,  2.9456],[-0.4045, 1.7618,-2.0385, 0.7422, 0.9074],[459.3962, 45.9615,-55.6391,  3.0372],0.1582
2441,[440.4902,-33.5754, 25.8724,  1.819 ],[-0.635 ,-1.0141,-1.2805,-1.0805,-0.754 ],[437.1438,-32.529 , 24.6185,  1.8584],0.2901
2443,[445.2517,-35.9275, 37.7106,  1.7797],[ 3.4131,-0.7314, 3.8075, 0.1307, 1.6806],[446.5036,-35.9319, 36.6705,  1.8006],0.2423
2445,[505.053 ,-41.7083, 50.4963,  2.7022],[ 0.4801,-1.3013, 1.8715,-0.5111, 0.1345],[512.232 ,-42.2505, 50.5943,  2.8849],0.1414
2454,[478.3144, 52.6556,-42.5399,  2.5646],[0.8165,1.639 ,0.8776,1.499 ,1.1831],[470.5485, 51.48  ,-40.1903,  2.6206],0.1756
2456,[465.4376, 56.3479,-61.0565,  2.4506],[ 2.2805, 6.4345,-0.6013, 2.2239, 1.277 ],[469.0373, 56.4179,-59.5442,  2.6461],0.115
2458,[460.8836, 61.548 ,-72.3629,  2.8584],[ 0.8461, 8.7676,-0.9708, 0.316 ,-0.7531],[471.1766, 61.9   ,-71.6961,  3.0575],0.0685
2461,[428.6795,-54.3534, 24.3354,  0.8932],[-0.3343, 0.3576,-1.0524,-0.8678,-0.5763],[409.997 ,-50.8753, 21.3504,  1.4781],0.2732
2463,[435.6952,-57.8692, 41.5555,  1.5061],[0.7435,1.5211,2.2221,2.2325,1.1525],[422.054 ,-56.0339, 38.1152,  1.8157],0.2053
2465,[442.7765,-60.8026, 57.0488,  1.8407],[ 2.0075,-0.9019, 3.3901, 1.8821, 1.3301],[438.3496,-60.2596, 54.7344,  2.0946],0.1393
2485,[476.2849,-72.9163, 59.8932,  0.94  ],[ 0.0902,-0.3501, 1.0881, 0.6338, 0.0876],[462.4711,-72.0146, 57.5204,  1.5377],0.0845
2500,[425.6255, -2.8575,  2.0867, -2.2217],[  1.3445,304.6592,  6.1917,  1.5143,  2.1944],[424.3375, -2.8361,  2.6239, -2.5739],0.4218
2501,[425.576 , -7.6577, 12.3548, -3.0748],[-0.7793,-2.1848,96.772 ,-0.8015,-1.1103],[424.7768, -8.3275, 12.6234, -3.294 ],0.3964
2502,[431.713 ,  6.4906,-13.0947, -1.6442],[-7.9742,-5.6655,-9.6819,-8.8988,-7.4178],[431.8515,  7.384 ,-13.4391, -1.964 ],0.3891
2510,[428.2771, 12.0503, -7.882 , -3.063 ],[ 0.2161,-0.5942,39.5225,-0.9599, 1.0247],[425.8943, 11.5366, -7.7396, -3.3788],0.3996
2511,[ 4.0242e+02, 1.1255e+01, 1.0038e+01,-3.0274e-01],[-0.9603,-1.464 ,-0.5412,-1.4461,-0.7535],[401.7817,  8.396 , 10.0146, -0.8627],0.4262
2512,[434.4139, 14.7458,-16.4595, -2.4989],[2.5858e+00,1.4829e+02,4.4276e-02,6.8934e-01,9.5934e-01],[433.384 , 14.9203,-15.8589, -2.8208],0.3623
2514,[457.8654, 26.2343,-32.65  , -2.4393],[ 5.1852, 0.6107,-2.9178,-0.4093, 0.9636],[459.8724, 27.0162,-32.8979, -2.709 ],0.2634
2516,[543.6619, 28.1056,-52.296 , -0.815 ],[-1.0231,-0.6036,-1.2253,-0.9362,-1.0162],[ 5.6252e+02, 3.0275e+01,-5.6309e+01,-2.1438e-01],0.1201
2520,[426.2782,-11.4797,  6.9532, -1.3424],[ 0.0755, 2.617 , 0.7331,-0.1161,21.2469],[424.7425,-10.7633,  5.749 , -1.6565],0.4064
2521,[426.237 ,-13.4038, 15.0929, -1.7875],[  0.411 , -0.3541,  3.1637,109.6025,  0.9964],[425.9033,-13.5927, 14.7622, -1.4428],0.3758
2522,[466.6518,-10.7209,-13.162 , -1.5868],[-1.8375,-0.8769,-2.0913,-1.3363,-1.3512],[466.516 , -7.6816,-14.6477, -2.1863],0.3527
2523,[452.4729,-26.1923, 33.4711, -1.7351],[-1.5857,-3.1892,-0.5942,-1.1495,-0.7969],[455.2939,-27.0604, 33.7036, -1.9258],0.265
2530,[420.1972, 32.0862, -7.7167, -3.5706],[-0.4205,-0.7976, 0.1175,-1.1949,-0.725 ],[410.0243, 28.1558, -0.6075, -3.5665],0.3897
2532,[455.3672, 32.6814,-25.9373, -2.7178],[ 0.1569, 0.0365,-0.1613, 0.7192, 0.393 ],[450.2583, 31.8026,-24.0802, -2.6469],0.282
2534,[471.106 , 34.0612,-36.5851, -2.8809],[ 1.2113,13.455 ,-0.2486, 0.237 , 1.4738],[470.842 , 34.2978,-35.6835, -2.9535],0.2293
2536,[478.4815, 42.5734,-58.1055, -2.2439],[ 0.1386, 4.5718,-1.4264,-0.42  ,-0.7238],[490.7091, 43.9049,-58.9465, -1.9672],0.1317
2541,[441.6599,-32.9251, 25.8092, -2.623 ],[ 0.3817,-1.0485,-0.868 ,-0.1335,-0.5614],[436.3249,-31.9443, 23.692 , -2.4813],0.2948
2543,[452.1971,-35.2044, 37.503 , -2.6199],[ 0.4438,-0.4099,17.8034, 1.4623, 0.5085],[451.8864,-35.4027, 36.4316, -2.5729],0.2397
2545,[443.873 ,-44.959 , 57.4914, -3.8749],[ 0.7083,-2.15  , 0.7464,-0.746 ,-0.3011],[452.898 ,-46.1783, 58.0043, -3.7551],0.1558
2552,[ 4.0725e+02, 5.3029e+01,-2.9096e+01,-1.2506e-01],[ 0.0447,-0.1765, 0.5523,-0.2607,-0.1052],[392.6151, 50.6062,-29.9576,  0.5006],0.2654
2554,[477.233 , 57.5584,-43.4218, -1.0892],[0.4596,0.9375,0.1739,2.9729,0.191 ],[463.2897, 56.0185,-38.8926, -0.6434],0.1724
2556,[469.0285, 61.4164,-61.8522, -2.1151],[ 0.6112, 7.9392,-0.4935, 1.1665, 0.2235],[467.2877, 61.3813,-59.833 , -1.7323],0.1022
2558,[448.109 , 67.717 ,-73.1438, -3.1518],[ 0.215 , 7.3111,-0.7727, 1.148 ,-0.9198],[452.0735, 68.0772,-72.3142, -2.6175],0.0631
2561,[453.0418,-53.0425, 25.8919, -1.1518],[-0.0994,-0.024 ,-0.6313,-0.1666,-0.2315],[436.2557,-50.4954, 26.6782, -0.5305],0.2383
2563,[442.7233,-59.6768, 44.1128, -1.4614],[0.9746,0.6708,1.5467,3.0072,0.6412],[427.5315,-58.0561, 40.0933, -1.053 ],0.1906
2565,[456.1797,-63.0632, 59.0392, -3.1504],[ 0.8013,-0.3122,14.9534, 0.5068, 1.0108],[450.1024,-62.7901, 57.0281, -2.6402],0.1182
2567,[493.2204,-64.9025, 70.6267, -2.9674],[ 0.5964,-1.1547, 1.5592, 0.5778,-0.5069],[497.3601,-65.269 , 69.8418, -2.4328],0.0485
2583,[473.5685,-71.4847, 46.4424, -3.2983],[-0.7114, 0.1991,-0.3004, 0.137 ,-0.1956],[450.2503,-69.9392, 45.8156, -3.0809],0.1278
2585,[468.8734,-73.5065, 62.0919, -3.2339],[ 1.4096,-0.7   , 0.7015, 1.82  ,-0.7587],[454.9714,-72.9045, 59.5462, -2.689 ],0.0826
2587,[480.0506,-76.7463, 75.6913, -3.4038],[ 0.1398,-1.4503, 2.1851, 0.7238,-0.6692],[476.8508,-76.8289, 74.1514, -2.9332],0.0228
2600,[420.46  , -3.6346,  2.2028, -6.4807],[ 1.2079, 8.5678,36.2068, 0.9151, 0.9985],[417.0542, -3.3814,  1.604 , -6.8198],0.4303
2601,[424.9663, -7.997 , 12.837 , -5.6946],[ 0.889 ,-0.7544, 9.8851,-0.1993,-0.2047],[422.9301, -8.7031, 12.9846, -5.9486],0.3962
2602,[422.9662,  6.1564,-13.7608, -7.3652],[-8.5753,-7.086 ,-9.099 ,-7.9919,-8.7548],[420.8013,  7.3642,-14.7955, -7.5132],0.3971
2610,[425.7063, 12.2397, -8.07  , -6.8035],[ 1.7015, 0.2188,72.0989, 0.832 , 0.1085],[421.4952, 11.7816, -8.1281, -7.0717],0.4024
2612,[426.6996, 14.7933,-15.4258, -6.7794],[ 0.8067,62.214 , 0.5301, 1.4316, 2.438 ],[423.3369, 14.8974,-14.7905, -7.0415],0.3748
2614,[450.0892, 25.5249,-33.2769, -6.9025],[-0.9211,-0.5296,-3.2634,-1.1829,-2.1681],[451.004 , 26.6241,-33.7499, -6.9496],0.2696
2620,[424.3215,-10.8319,  9.0486, -6.8939],[ 1.0796,16.0979, 0.4406, 2.1717, 0.1217],[420.5308,-10.6553,  8.9335, -7.0454],0.4041
2621,[423.3066,-13.2696, 15.7501, -6.5505],[ 1.144 , 0.7074,66.7269, 1.4253, 0.2467],[420.7562,-13.6732, 15.6733, -6.6879],0.3781
2623,[421.4065,-25.2427, 33.9319, -7.4487],[-0.1356,-2.0161, 2.1727, 1.5546,-0.6877],[422.7701,-26.5363, 34.5024, -7.1717],0.2921
2630,[477.9819, 31.2227, -7.0006, -6.108 ],[-0.1549,-0.7058, 0.4015, 0.0313,-0.0731],[467.3938, 28.6701, -7.734 , -6.1078],0.3161
2632,[445.1616, 32.4645,-25.4945, -7.198 ],[-0.0084, 0.3785,-0.7529, 1.5608,-0.8574],[437.8003, 31.5929,-23.1642, -7.0062],0.2957
2634,[469.9673, 35.4555,-37.9074, -7.2025],[ 0.7918,14.2542, 0.2143, 0.8411, 1.8707],[468.0137, 35.8413,-37.1164, -7.2592],0.2243
2636,[444.5539, 45.9577,-53.354 , -7.3732],[ 0.5143, 4.4571,-1.0995,-0.271 ,-0.5499],[447.7508, 46.8449,-53.0709, -6.9191],0.1705
2641,[432.2484,-32.0504, 25.4036, -5.4659],[ 0.8528, 0.908 ,-0.1477, 0.5335, 0.5438],[426.0988,-31.1806, 23.4477, -5.2549],0.3061
2643,[441.4012,-35.5385, 40.1566, -6.4096],[ 2.2659,-0.5073, 1.2383, 7.9202, 0.4526],[441.5692,-36.1691, 39.6516, -6.0159],0.2376
2645,[437.5808,-45.0201, 54.4331, -7.6395],[-0.4271,-0.986 , 2.2554, 0.2222,-1.7273],[442.6868,-46.1868, 54.8498, -7.2859],0.1715
2656,[471.0599, 54.6139,-67.6206, -5.552 ],[ 0.5548, 1.5453,-0.5105, 2.6089, 1.0274],[481.0756, 55.6649,-67.3039, -5.3157],0.0889
2658,[414.566 , 64.6568,-74.2674, -6.1278],[-0.5502, 2.2295,-1.2596, 2.94  ,-1.1663],[423.0886, 65.4934,-74.5767, -5.5179],0.0824
2663,[443.1745,-61.7418, 49.1618, -5.2021],[0.5264,0.8274,1.4953,1.2208,0.5228],[431.3037,-61.0319, 49.4603, -4.551 ],0.1548
2665,[440.9232,-61.8721, 64.2519, -7.2681],[ 1.3365,-0.412 , 2.3619,10.5987,-0.1269],[440.4099,-62.3344, 63.3717, -6.6411],0.1092
2667,[480.794 ,-66.0457, 73.2293, -8.2069],[ 0.2238,-1.1946, 9.0225, 0.1005,-0.6327],[485.6253,-66.754 , 72.6271, -7.6169],0.0457
2685,[472.7343,-72.3736, 65.9168, -6.2813],[ 0.4388,-0.6787, 0.6041, 1.5405,-0.4583],[462.9403,-72.2623, 63.7788, -5.7431],0.0683
2687,[489.4111,-73.8296, 75.8182, -7.5242],[ 0.4144,-1.6242, 2.8751, 2.7123,-1.0019],[488.9312,-74.2301, 74.6335, -6.9491],0.021
2689,[524.7522,-82.4458, 90.4725, -8.2235],[ 1.2043,-0.9311, 1.8342, 1.8494,-0.8781],[532.7684,-82.9132, 90.2777, -7.5871],-0.0621
2700,[429.8151,  3.9071, -0.6154,-12.2089],[1.1175,2.0225,4.4752,4.6366,1.3219],[423.7991,  3.496 , -0.5398,-12.0307],0.4258
2701,[434.4523, -3.7227, 14.8859,-12.9209],[-0.2281,-0.8581, 1.8236, 0.4513,-0.5828],[430.281 , -5.4249, 15.9308,-12.5336],0.3881
2702,[421.6127,  5.4263,-15.1948,-10.6727],[-2.2709,-0.681 ,-2.9958,-1.6697,-2.5416],[418.291 ,  6.9765,-16.2383,-10.7375],0.3966
2710,[457.2463, 12.5539, -6.7217,-12.4148],[4.1   ,0.1192,3.6145,2.9058,8.3967],[449.9506, 11.7773, -5.486 ,-12.7202],0.3803
2712,[457.2377, 16.734 ,-17.7723,-11.7842],[ 1.8507,16.4614, 0.8228, 3.4442, 1.2157],[451.7765, 17.0055,-17.2402,-11.8354],0.3373
2714,[447.443 , 25.1733,-33.8026,-11.9979],[ 0.0064, 3.0726,-1.26  , 1.2766,-0.7203],[446.8303, 26.6213,-34.7523,-12.0897],0.2711
2720,[420.7709,-12.2771,  8.5027,-10.6086],[ 1.1132, 0.6837, 0.622 , 0.9418,-0.0612],[414.7324,-11.8068,  7.9874,-10.6364],0.4097
2721,[423.0098,-14.8199, 19.2119,-11.2224],[0.9722,0.7738,3.027 ,5.2418,0.5588],[419.315 ,-15.6082, 19.4899,-10.9623],0.3642
2723,[418.7917,-23.002 , 36.4558,-11.8387],[-0.5822,-0.8703, 1.7691, 0.7349,-0.2445],[421.3758,-25.1167, 38.0679,-11.3584],0.2876
2732,[450.6512, 32.6775,-26.7235,-11.4632],[ 0.2472, 0.3363, 0.2642, 0.3013,-0.1062],[441.9814, 32.1049,-25.103 ,-11.1893],0.2857
2734,[468.7303, 35.9387,-38.9443,-11.6861],[ 0.3057, 3.6277,-0.1125, 5.9367, 0.3268],[465.7833, 36.5776,-38.5806,-11.299 ],0.2199
2736,[446.095 , 41.9966,-51.2415,-11.0825],[ 0.3199, 1.0112,-1.6517, 1.3681,-0.138 ],[449.5767, 43.327 ,-51.8228,-10.4325],0.181
2743,[407.123 ,-36.2269, 44.8656,-11.581 ],[ 0.8617,-0.0687, 3.5612, 1.6354, 0.8484],[408.5799,-37.6764, 45.4199,-11.1905],0.2452
2745,[413.5247,-46.0663, 58.5715,-12.2251],[-0.3866,-1.472 , 0.5784,-0.1268,-0.9534],[420.9674,-47.8368, 59.888 ,-11.6776],0.1697
2765,[427.2413,-57.5835, 66.7556,-11.9927],[ 1.8423,-0.6403, 4.9297, 2.8416,-0.1848],[432.9188,-58.8557, 67.1429,-11.4164],0.1132
2767,[454.3792,-63.4096, 73.9231,-12.1736],[-0.5836,-1.3698, 2.1936, 8.6848,-0.8673],[462.4846,-64.5847, 74.191 ,-11.5277],0.0614
2787,[497.4363,-73.7347, 80.778 ,-11.7208],[ 0.0106,-1.3441, 2.3521, 2.0336,-1.6066],[502.9055,-74.5192, 80.5219,-11.0869],-0.0024
2800,[448.6964,  5.669 ,  1.5407,-17.3826],[19.4012, 1.6029, 2.0473, 1.6604, 1.8594],[440.0925,  4.7207,  1.8429,-17.0376],0.4112
2801,[427.6537, -1.9773, 14.2678,-17.9193],[-0.1992,-0.5946, 3.9088, 4.1198, 0.2059],[420.9898, -3.9121, 15.2482,-17.4398],0.4026
2802,[540.5025,  6.5645,-14.8546,-17.5455],[ 0.3081, 0.764 ,-0.3087, 0.4402,-0.3296],[534.1302,  7.7496,-16.0333,-17.0201],0.2873
2810,[463.9649, 13.3903, -6.6668,-17.4676],[ 1.6587, 0.8901,27.8844, 1.5832, 0.358 ],[454.3342, 12.66  , -6.3139,-17.2042],0.3717
2812,[502.0968, 18.8282,-16.9703,-17.9226],[ 2.9473,30.55  , 0.2924, 2.2319, 0.4634],[492.9028, 18.7523,-16.0658,-17.5475],0.2986
2814,[539.5714, 26.7735,-31.0396,-16.6851],[ 0.8229, 1.6871,-0.7129, 0.7682,-0.1664],[534.5632, 27.6298,-31.499 ,-16.4109],0.2045
2820,[428.6718,-11.0666,  6.7224,-18.6073],[ 0.0291, 0.936 , 0.3419, 0.5155,-0.007 ],[419.0718,-10.6626,  6.8497,-18.0374],0.4111
2821,[416.1045,-14.2283, 21.2738,-17.0387],[0.7087,0.2296,1.0267,3.1224,0.4374],[410.9141,-15.6323, 22.5122,-16.5617],0.3639
2823,[401.7972,-20.0746, 31.3295,-15.9301],[-0.0785,-0.4695, 0.3373, 0.4941,-0.64  ],[400.8349,-22.2089, 33.3928,-15.2414],0.3262
2832,[435.4806, 32.9621,-28.4069,-16.8647],[0.6681,1.387 ,0.3487,0.9902,0.5083],[425.3575, 32.7738,-27.4146,-16.2209],0.2921
2834,[486.4898, 34.6593,-35.0774,-17.3496],[-0.0659, 2.3436,-0.8022, 5.0026, 0.3677],[479.4288, 35.1717,-34.8659,-16.776 ],0.2221
2845,[421.1944,-44.9018, 61.221 ,-17.0967],[-0.5699,-1.6389,-0.2865, 0.0831,-1.1992],[431.4743,-47.2679, 63.373 ,-16.5589],0.1544
2865,[427.2659,-53.2282, 67.4225,-16.5564],[-0.4657,-0.2752, 1.0607, 2.3485,-0.0286],[437.4773,-55.1766, 69.0161,-15.9092],0.1148
2867,[456.6395,-61.2907, 75.4895,-16.6127],[-1.2671,-1.7451, 1.1652, 0.7807,-2.4235],[468.5977,-62.9263, 76.648 ,-16.0214],0.0559
2887,[439.8561,-72.0168, 82.5672,-15.9096],[-0.2577,-0.8592, 0.826 , 2.894 ,-0.859 ],[449.044 ,-73.2876, 82.8975,-15.2529],0.0245
2900,[438.0403,  6.2452,  3.5182,-26.1475],[  0.8027,  0.9227,110.6337,  4.7376,  0.4796],[425.2871,  4.7762,  4.5936,-25.4602],0.4244
2901,[424.7484,  1.8778, 13.1023,-24.76  ],[ 0.2737,-0.4549,45.9279, 0.0934,-0.2859],[414.4532, -0.4723, 13.9394,-24.1025],0.4171
2902,[560.4299,  7.7664,-13.2843,-30.1796],[-5.2851,-4.1861,-5.5652,-4.3158,-5.898 ],[547.0996,  8.7066,-13.8987,-29.6181],0.2789
2910,[485.9071, 13.1831, -5.3751,-28.6061],[ 2.4713e+00,-9.5410e-02, 2.1935e+00, 1.9181e+02,-6.0109e-01],[470.8025, 12.0641, -2.9011,-27.884 ],0.3627
2911,[410.0082, 10.3892, 11.7192,-24.6872],[ 0.2124,-0.3316,-0.0054, 0.1128,-0.1927],[400.4979,  6.1197, 18.6744,-23.9387],0.4102
2912,[527.6742, 16.6657,-15.602 ,-28.9616],[ 0.9027,37.622 ,-0.7286, 4.6882,-1.525 ],[513.5452, 16.8337,-15.0269,-28.3359],0.2869
2914,[525.2509, 26.6104,-31.3304,-24.8978],[-0.3765, 8.016 ,-0.8429, 0.2057,-0.9538],[516.8821, 27.7091,-31.6346,-24.3474],0.2182
2920,[538.6219,-10.9955,  7.5531,-26.2832],[-2.9548,-2.4474,-2.9894,-2.5645,-3.1101],[525.3717,-10.7514,  7.1525,-25.5637],0.3093
2921,[512.4374,-13.0197, 12.5203,-23.4849],[-1.0748,-2.0987,-1.459 ,-1.1456,-1.599 ],[501.1344,-13.2201, 12.5336,-22.8511],0.3122
2932,[458.9197, 31.1462,-26.778 ,-26.8988],[ 1.371 , 0.7318,-0.4166, 2.9479,-0.1486],[444.0165, 31.1287,-25.225 ,-26.3552],0.2871
2934,[488.1441, 32.6415,-34.1855,-22.6395],[ 0.2088,14.069 ,-1.0721, 1.2096,-0.4823],[479.4062, 33.426 ,-34.1667,-22.2074],0.2286
2945,[415.9221,-42.04  , 60.8129,-22.2498],[-0.1286,-1.0288,-0.0661,-0.0474,-1.1793],[426.5984,-44.964 , 63.226 ,-21.5183],0.1646
2965,[425.0419,-51.7064, 68.8436,-21.0438],[-0.0827,-0.534 ,-0.1175, 0.5457,-0.6416],[437.6967,-54.1454, 71.0796,-20.3356],0.1118
2967,[474.1246,-55.641 , 73.6528,-20.3962],[-0.7467,-1.4605,-0.5317, 0.331 ,-1.2993],[489.1633,-57.7308, 75.5898,-19.6692],0.0584
3314,[655.1738, 26.5201,-40.0635,  8.1892],[-0.589 ,-0.2686,-1.7796,-1.4077,-0.7574],[666.3749, 27.3664,-40.9497,  7.8409],0.09
3334,[717.6377, 31.0558,-45.0868,  6.3126],[ 0.1613, 1.8841,-1.1171,-0.1798, 1.559 ],[728.9778, 31.828 ,-45.635 ,  5.7354],0.0326
3400,[601.3255,  0.6446,  6.2249,  4.1239],[ 1.0717, 1.1822, 1.3701,-0.9513, 2.5703],[ 6.0368e+02,-1.5199e-01, 8.0756e+00, 3.6130e+00],0.2621
3421,[605.2898,-11.7285, 14.6618,  1.4842],[ 0.9796,-0.2293, 2.6116,-0.9365, 0.8474],[606.2203,-11.905 , 13.777 ,  0.9451],0.2223
3436,[614.3754, 35.0155,-60.0459,  1.2085],[-0.6583, 1.2307,-1.3455,-0.9985, 1.1591],[633.5854, 36.523 ,-59.9971,  1.8135],0.0522
3443,[ 7.8807e+02,-4.6938e+01, 4.8778e+01, 4.4179e-01],[ 0.0535,-1.1539, 2.0597, 0.1951, 1.3293],[ 7.8795e+02,-4.6936e+01, 4.6834e+01,-1.3084e-01],-0.03
3445,[713.9607,-42.5909, 54.9333,  1.5711],[-0.6855,-1.3433, 2.3161,-0.6878,-0.2982],[723.693 ,-43.2255, 54.6807,  1.5226],-0.0018
3454,[600.3924, 53.9273,-49.8773,  2.5638],[0.1998,0.2541,0.0012,0.2154,0.8306],[595.5612, 53.4211,-46.8656,  1.9851],0.0678
3456,[602.8617, 54.465 ,-55.0021,  3.756 ],[-0.1593, 2.5138,-0.7959, 0.6035, 0.463 ],[602.3352, 54.2363,-52.5223,  3.1609],0.0495
3465,[600.2312,-60.3471, 62.6747,  0.6199],[ 1.429 ,-0.6107, 1.8227,-0.1686, 0.5713],[ 6.0063e+02,-6.0369e+01, 6.0788e+01,-2.0215e-03],0.0192
3512,[610.7154, 26.1729,-24.9705, -2.4288],[ 0.1861, 1.1583,-0.9653,-0.1932, 1.0384],[608.1562, 25.931 ,-22.8889, -2.7993],0.1709
3514,[608.4565, 24.4372,-31.5941, -2.0998],[ 0.1674, 0.1987,-1.2887,-0.8001, 0.0917],[610.5684, 25.0447,-31.1293, -2.2765],0.1532
3520,[612.579 ,-14.6668,  6.3286, -1.4629],[-0.9214, 0.6153,-1.417 ,-1.2042,-0.3387],[609.7571,-13.9119,  6.0076, -1.7063],0.2321
3521,[ 6.0699e+02,-1.2034e+01, 1.0879e+01,-3.2193e-01],[ 0.6192,-0.5434, 1.9495,-0.8902, 1.1381],[606.0806,-11.7709,  9.112 , -0.7707],0.2327
3540,[667.8749,-33.6839,  7.0572, -2.9601],[-0.13  , 0.3878,-0.487 , 0.0399,-0.373 ],[657.3737,-31.4535,  5.9583, -2.3487],0.1585
3541,[712.4236,-40.7593, 20.3051, -2.3363],[ 0.3317, 0.3909,-0.0132,-0.3304, 0.0044],[699.4207,-38.9632, 15.5816, -2.6532],0.0953
3543,[696.9417,-43.8364, 43.6658, -2.7025],[ 0.5795,-0.8928, 2.551 , 0.8319, 0.2982],[695.3182,-43.8744, 42.7406, -2.8897],0.0365
3545,[643.236 ,-40.3852, 52.9863, -1.689 ],[-0.1479,-1.7019, 1.98  ,-0.168 , 0.3462],[652.9014,-41.2645, 53.959 , -1.4233],0.0432
3565,[ 6.0063e+02,-6.0369e+01, 6.0788e+01,-2.0215e-03],[ 2.1044,-1.0616, 0.7926, 0.2018, 2.7806],[ 5.9896e+02,-6.0308e+01, 5.8696e+01,-5.9283e-01],0.0249
3587,[602.8333,-74.6123, 74.8553, -4.2893],[ 0.2578,-0.9013, 4.096 , 0.4041,-0.3659],[600.4733,-74.7274, 72.982 , -3.6574],-0.0384
3600,[606.5644,  7.6758, -0.9891, -9.2645],[ 0.6744, 0.0534, 0.5575,-0.8927, 0.9055],[601.7639,  6.8872,  0.7329, -8.6083],0.2646
3610,[632.1028, 10.0209, -4.9355, -9.6138],[-0.3387,-0.8508, 0.7449,-0.0616, 0.0561],[626.3454,  9.632 , -5.2315,-10.2869],0.2291
3685,[628.0475,-76.5206, 65.8658, -7.0268],[ 0.5077,-0.0669, 0.7725, 0.2597, 0.2388],[613.0624,-76.3184, 63.0403, -6.4522],-0.0268
3687,[635.2717,-75.4432, 74.7871, -7.5651],[ 0.1692,-1.0083, 1.6813, 3.0105, 0.0598],[631.4494,-75.6645, 73.0013, -6.9367],-0.056
3700,[620.3636,  9.1585, -4.2245,-10.4866],[0.807 ,0.287 ,0.9749,1.2749,0.9183],[614.6068,  8.6277, -3.0766,-10.258 ],0.2455
3710,[651.1516, 13.0711, -8.0863,-13.4038],[5.5576e-02,1.0441e-01,1.4983e+00,3.1576e-02,3.9264e-04],[643.7917, 12.7106, -7.9747,-13.0169],0.2036
3712,[630.8298, 14.3419,-13.2348,-14.327 ],[ 2.1299, 0.6198,-0.1218, 0.5942, 0.3096],[623.6374, 14.3654,-13.0826,-14.1981],0.205
3787,[663.8622,-73.8761, 77.7916,-12.4036],[-0.5353,-1.1379, 1.4778, 0.5326,-0.1292],[665.2558,-74.4302, 77.0092,-11.7653],-0.078
3802,[701.534 ,  6.5622,-11.5934,-18.6075],[-0.3392, 0.0274, 0.0708,-0.3324, 0.3713],[693.2802,  7.1416,-11.8778,-18.5383],0.1695
3810,[673.5858, 12.4795, -8.4836,-17.6461],[0.2168,0.0797,2.686 ,0.3483,1.039 ],[664.1176, 12.2521, -8.5871,-17.6663],0.1882
3812,[651.3862, 14.7732,-15.7568,-17.8917],[ 1.078 , 6.8104,-0.1241, 0.1907, 1.6385],[643.3005, 15.0293,-15.5747,-17.3837],0.1835
3867,[622.2164,-68.811 , 81.9605,-15.8297],[-0.5472,-0.9465,-0.5942, 0.1824,-0.6019],[633.5857,-69.8175, 81.7439,-15.6143],-0.0631
3887,[644.049 ,-70.785 , 81.4118,-15.378 ],[ 0.7048,-0.8629, 0.4097, 0.8898,-0.4698],[652.5078,-71.6411, 80.8091,-14.6761],-0.0741
3900,[ 7.5367e+02,-6.4350e-01,-5.8287e+00,-3.7809e+01],[ 1.3105, 1.8758, 2.8923,14.2441, 0.3322],[ 7.3566e+02, 1.8251e-01,-7.8531e+00,-3.7379e+01],0.1508
3902,[731.4807,  7.06  ,-13.6073,-37.4587],[-0.5634,14.1477,-2.538 , 1.1448,-1.8283],[714.594 ,  7.9246,-14.0136,-37.1941],0.1485
3910,[685.7459, 12.4177, -9.0614,-34.8753],[ 1.0684, 0.2032,54.2217, 2.2921, 0.8181],[668.2629, 12.3725, -9.3247,-34.1745],0.1833
3912,[687.7684, 13.3124,-14.8326,-36.0684],[ 8.0646e-01, 3.0071e+00,-9.7563e-02, 3.2515e+02, 4.5944e-01],[671.0334, 13.778 ,-14.8508,-35.3757],0.1672
3914,[641.7974, 24.4138,-30.8067,-32.6798],[-0.2174, 0.2849,-1.4441, 0.9437,-0.6036],[630.7037, 25.6123,-31.0024,-31.9261],0.1383
3920,[711.9759,-12.5539,  6.0793,-28.8246],[-1.2744,-0.4342,-1.6432,-0.7953,-1.3882],[696.6753,-12.0945,  5.5885,-28.6027],0.1701
3921,[716.9293,-13.2084, 11.2317,-28.648 ],[ 0.1081,-1.4065, 0.9868, 1.1376, 0.1419],[702.4852,-13.2352, 10.9669,-28.3292],0.1533
3932,[606.6116, 30.1318,-26.625 ,-35.5627],[0.3072,0.6553,0.2926,0.3892,0.5779],[590.3293, 30.7552,-28.8639,-34.7598],0.1605
4800,[985.8884,  7.7204, -6.3542,-19.0767],[ 0.2918, 0.5255, 1.1658,-0.0904, 0.819 ],[975.8478,  7.6869, -6.172 ,-19.7971],-0.0041
4810,[818.6321, 11.1905, -8.9897,-19.6468],[ 0.0312,-0.0828, 0.692 , 0.0561, 0.3851],[808.4333, 11.0446, -7.8778,-19.4604],0.0886
4812,[851.1851, 11.0445,-11.4133,-19.5986],[ 0.271 , 0.8579,-0.3851, 0.0457, 0.9461],[841.5912, 11.1893,-11.3915,-19.6588],0.0612
4900,[930.4418,  1.4226, -3.7498,-37.0909],[  3.682 ,  3.9726,134.1134,  0.2401,  1.2021],[912.0684,  1.7365, -4.9084,-37.4081],0.0377
4901,[955.1396, -7.6425, 11.4929,-37.3663],[ 0.1753,-1.0921, 1.2275,-0.431 ,-0.3461],[937.3302, -8.0535, 11.1001,-37.3736],0.0101
4902,[895.1071,  5.6602,-12.7148,-37.8208],[-0.1754,83.6603,-0.9082,-0.555 , 0.1177],[877.6133,  6.3877,-12.9881,-38.1069],0.045
4910,[884.6348, 11.0779, -9.0826,-34.8232],[ 0.4646,-0.4575, 4.0612, 0.0184, 3.3079],[867.0046, 11.1431, -9.3996,-35.0716],0.0497
4912,[871.9292, 11.2291,-12.5798,-36.5754],[ 0.2105,33.4465,-0.1597, 1.4418, 2.5012],[854.2389, 11.5591,-12.4737,-36.7947],0.0519
4920,[909.73  ,-11.5529,  6.3396,-35.5106],[ 0.3539, 0.6156,-0.0226,-0.4431, 0.6728],[891.2507,-11.2343,  5.1989,-35.5845],0.0402
4921,[909.5641,-13.9765, 13.0444,-32.2394],[ 1.1207,-0.0424, 3.5011, 0.3669, 1.1413],[893.3416,-14.0872, 12.4891,-32.286 ],0.0246
4922,[884.1298,-10.5156,-11.0618,-40.0997],[-0.5697,-0.4952,-0.7588,-0.5835,-0.5661],[864.6643, -8.9557,-10.0533,-39.2742],0.0528
5800,[1110.741 ,   4.2486,  -3.0632, -19.2356],[-0.1927,-0.0716, 0.6889,-0.6657, 0.895 ],[1100.9368,   4.1972,  -2.8186, -19.4575],-0.0658
5801,[1163.2557,  -6.3192,  11.4027, -18.7918],[-0.2188,-0.9587, 0.1174,-0.6111,-0.0405],[1154.5858,  -6.6528,  11.2433, -19.2119],-0.098
5810,[1173.5549,  11.2159,  -8.6017, -19.3541],[-0.2885,-0.5194, 0.1479,-0.5506, 0.4213],[1163.7474,  11.178 ,  -9.0647, -19.0406],-0.1049
5812,[1142.1533,  10.7902, -11.727 , -18.8452],[ 0.033 , 0.963 ,-0.5627,-0.801 , 0.0113],[1132.8772,  10.9621, -12.226 , -19.5447],-0.0947
5900,[ 1.1070e+03, 7.0372e-01,-1.2151e+00,-3.2672e+01],[  1.2873,  1.2335,275.9324,  0.4681,  2.8629],[ 1.0905e+03, 8.0946e-01,-2.0004e+00,-3.3245e+01],-0.0564
5901,[1132.3445,  -6.795 ,  11.4275, -30.1063],[ 0.7546,-1.4503,13.8121,-0.1133, 1.4329],[1118.0113,  -7.1681,  11.2251, -30.5308],-0.0814
5902,[1077.0676,   5.694 , -11.7508, -33.1755],[-0.4902, 1.5653,-0.8888,-0.8195, 0.4851],[1061.4802,   6.2106, -11.9109, -33.6186],-0.0539
5910,[1112.8596,  11.2296,  -6.6756, -28.8009],[-0.4745,-1.5298, 1.3349,-2.0178, 1.2533],[1097.685 ,  11.049 ,  -6.2165, -29.263 ],-0.0709
5912,[1086.6066,  11.6063, -12.0053, -29.0612],[-0.1691, 1.9599,-0.4768,-0.3106, 2.3479],[1072.2514,  11.7661, -11.7662, -29.3753],-0.0658
5920,[1071.8293, -11.4508,   6.5291, -31.505 ],[-0.2012,-0.242 ,-0.7226,-1.0231, 0.4029],[1055.1794, -11.2124,   5.6773, -31.8541],-0.0498
5921,[1127.4996, -13.95  ,  14.8404, -29.4587],[ 1.3711,-0.8522, 3.4113, 0.1809, 4.8722],[1112.9872, -14.1273,  14.0913, -30.0109],-0.091
6600,[ 1.3948e+03, 1.0139e+00,-1.9872e+00,-9.7669e+00],[-0.298 ,-0.1212, 0.0494,-1.0307, 0.2529],[ 1.3900e+03, 1.0540e+00,-1.8009e+00,-1.0441e+01],-0.1852
6700,[ 1.3724e+03, 3.7886e-01, 5.6632e-01,-1.4003e+01],[-0.0798,-0.1865, 0.6803,-1.2035, 3.5195],[ 1.3655e+03, 3.3289e-01, 6.0461e-01,-1.4437e+01],-0.1728
6701,[1378.4122,  -3.1353,  12.2176, -13.7707],[-0.895 ,-2.0008, 0.7433,-1.2805,-0.2222],[1372.6843,  -3.5584,  11.6798, -14.0245],-0.1822
6702,[1376.5461,   5.1067, -12.8292, -13.6306],[-0.8966,-0.3025,-1.2878,-1.8713, 0.2953],[1370.978 ,   5.4899, -12.6376, -13.9312],-0.1842
6712,[1355.6261,  10.7153, -14.1296, -12.6484],[-0.0353, 0.0892,-1.0733,-0.9914, 0.0862],[1349.8641,  10.8972, -13.5256, -13.1144],-0.1826
6800,[ 1.3614e+03, 7.9787e-01,-1.7559e-01,-1.8104e+01],[-12.9773,-12.9975,-12.7549,-14.093 ,-12.0727],[ 1.3525e+03, 7.6668e-01,-7.7299e-02,-1.8586e+01],-0.1681
6801,[1368.1735,  -2.3525,  13.2117, -18.2792],[-3.6527,-5.0327,-2.7484,-4.8012,-2.7173],[1360.5084,  -2.8886,  12.8585, -18.7693],-0.1783
6802,[1361.2113,   4.8295, -12.8963, -18.1791],[-4.1104,-3.1213,-4.949 ,-5.6782,-3.1136],[1353.4475,   5.2629, -12.9272, -18.6173],-0.1779
6810,[1332.2311,  12.5842,  -4.8578, -18.6288],[-0.0249,-0.826 ,-0.247 ,-0.795 , 0.4704],[1321.5844,  12.2373,  -4.1429, -18.9762],-0.1652
6812,[1345.1404,  12.1774, -15.1255, -18.5917],[-0.9609,-0.5673,-1.978 ,-2.1061, 0.6079],[1336.5486,  12.356 , -14.1891, -18.8439],-0.1796
6821,[1348.3031, -10.7779,  19.2658, -18.7231],[ 0.0707,-1.2694, 0.2136,-0.7522, 0.7137],[1341.4152, -11.2744,  19.3333, -19.403 ],-0.1856
6900,[ 1.2814e+03, 9.1836e-01, 2.1507e-01,-2.5059e+01],[ 1.3684e-01, 4.6196e-01, 3.0169e+00,-4.4408e-01, 1.7482e+02],[ 1.2687e+03, 8.5627e-01, 3.2517e-01,-2.5788e+01],-0.1355
6901,[1307.0922,  -4.0955,  12.3211, -23.5936],[-1.0841,-0.9272,16.4337,-1.3593,-0.0701],[1296.3236,  -4.5435,  11.8032, -24.1469],-0.1548
6902,[1309.6534,   5.5606, -12.4966, -23.5983],[-0.2886,19.7961,-0.4126,-0.9009, 1.5493],[1298.896 ,   5.964 , -12.2086, -24.1909],-0.1574
6910,[1267.0968,  11.5808,  -5.4858, -25.2638],[-0.7188,-1.6644,-0.0999,-1.7807, 0.2293],[1253.4315,  11.283 ,  -4.2899, -25.6414],-0.138
6911,[1277.8178,  11.0845,  11.2255, -23.0182],[-0.9356,-1.301 ,-0.1311,-0.9815,-0.9183],[1265.7946,  10.0496,   9.4215, -23.7178],-0.1465
6912,[1298.8273,  11.7443, -14.409 , -24.1671],[-0.4054, 3.2429,-3.1569,-1.9026,-0.1556],[1287.3078,  11.929 , -13.2927, -24.5296],-0.16
6921,[1250.5433, -12.4521,  17.9036, -25.7406],[-0.2184,-1.9642, 0.3078,-1.1343, 0.2234],[1239.6914, -12.8763,  17.9397, -25.9957],-0.1479
7422,[ 1.4866e+03,-2.4576e+01,-2.2032e+01, 9.4254e-01],[-3.4354,-2.5002,-5.4323,-4.4599,-1.8031],[ 1.4861e+03,-2.2715e+01,-2.2907e+01, 6.1730e-01],-0.2445
7442,[ 1.5023e+03,-3.3048e+01,-1.6556e+01, 7.3515e-01],[-1.866 ,-1.244 ,-3.3138,-2.4045,-0.841 ],[ 1.4959e+03,-3.1079e+01,-1.8186e+01, 7.2814e-01],-0.2502
7500,[ 1.4935e+03,-3.3454e-01,-5.3530e+00,-4.1614e+00],[-0.9399,-1.7826,-1.0251,-2.0774, 0.3707],[ 1.4913e+03,-1.7767e-01,-3.4505e+00,-4.6890e+00],-0.2142
7502,[1499.4867,  -6.3822, -21.4077,  -3.7938],[-2.1606,-1.2903,-4.1677,-3.5422,-1.2386],[1500.8951,  -5.3109, -20.2068,  -4.2698],-0.2328
7504,[1522.2362,  -4.4506, -31.4201,  -4.3805],[-3.4076,-2.2683,-5.2402,-4.2919,-2.4979],[1528.3378,  -3.0713, -30.8184,  -4.7616],-0.2482
7522,[1480.4154, -22.8405, -22.7759,  -2.9084],[-2.2957, 3.4502,-4.8302,-3.589 , 3.8411],[1478.9604, -20.9826, -23.5641,  -3.472 ],-0.2416
7524,[1487.9167, -13.2601, -31.1028,  -4.3543],[-3.5493,-3.5552,-4.7364,-3.8409,-3.4153],[1493.3866, -11.4793, -31.5531,  -4.184 ],-0.2445
7542,[ 1.5128e+03,-3.5426e+01,-1.4316e+01,-3.9642e-01],[ -9.2861, -6.9134,-11.4159,-10.8892, -7.8255],[ 1.5057e+03,-3.3792e+01,-1.5739e+01,-6.6409e-01],-0.2531
7600,[ 1.4675e+03,-1.8793e-01,-3.7711e+00,-8.4507e+00],[-1.333 ,-2.7111,-1.959 ,-2.898 , 0.4133],[ 1.4633e+03,-6.9339e-02,-2.5551e+00,-8.9383e+00],-0.2043
7601,[1430.3335,  -3.9926,  12.0696,  -8.7868],[-1.5744,-2.3428,-0.7467,-1.8807,-1.3021],[1426.9048,  -4.3177,  11.0631,  -8.8753],-0.2009
7602,[1483.9924,  -6.0428, -22.2359,  -8.3996],[ -7.5929, -6.353 ,-10.3591, -9.3808, -6.8959],[1483.6041,  -4.9061, -21.1388,  -8.9256],-0.228
7604,[1508.8054,  -4.8389, -31.998 ,  -8.5544],[-7.2734,-6.1011,-9.2277,-7.6196,-7.1703],[1513.6861,  -3.36  , -31.7881,  -8.8391],-0.2449
7612,[1517.1174,  12.1656, -11.6635,  -9.7679],[-0.2616, 0.3646,-1.462 ,-1.6662,-0.5213],[1511.2106,  12.0381,  -8.1989, -10.4417],-0.2315
7622,[1475.1058, -14.4387, -25.7549,  -6.6013],[-3.3821,-0.6422,-6.6482,-5.47  ,-1.5725],[1475.8901, -12.7838, -25.8229,  -7.1864],-0.2358
7624,[1486.0847, -12.3433, -31.0127,  -7.7586],[-2.681 ,-1.9299,-4.8224,-2.9256,-1.7777],[1489.9907, -10.56  , -31.5028,  -8.2217],-0.2427
7700,[ 1.4470e+03, 4.1307e-01,-3.3836e+00,-1.3226e+01],[-6.0889,-7.1089,-7.036 ,-7.8554,-4.7806],[ 1.4404e+03, 4.8202e-01,-1.8922e+00,-1.3762e+01],-0.1966
7701,[1425.6871,  -2.0448,  13.2861, -13.2308],[-2.3313,-3.5936,-2.0029,-3.1702,-2.0363],[1420.5993,  -2.5546,  12.9228, -13.5694],-0.199
7702,[1472.5552,  -1.5949, -18.5982, -12.1723],[ -8.7618, -7.1817,-11.3288,-10.6589, -7.5572],[ 1.4692e+03,-7.8588e-01,-1.6957e+01,-1.2731e+01],-0.2176
7704,[ 1.5130e+03,-3.4614e-01,-3.2797e+01,-1.1646e+01],[-4.7914,-3.8003,-6.6428,-5.6434,-5.044 ],[ 1.5172e+03, 1.0058e+00,-3.2485e+01,-1.1977e+01],-0.2454
7710,[1469.1509,  11.4085,  -4.6229, -12.5417],[-0.6085,-1.2218,-0.5694,-1.4611,-0.1199],[1461.8096,  11.1014,  -3.5184, -12.9124],-0.2122
7712,[1536.5701,  12.2512, -20.5668, -13.1305],[-0.6986, 0.6668,-1.9938,-1.5018, 0.1756],[1532.1766,  12.5595, -18.5679, -13.559 ],-0.2457
7714,[1554.8063,  12.1081, -32.8454, -13.0078],[-1.2227,-0.1049,-1.957 ,-0.9387,-0.5794],[1556.8746,  12.9242, -31.5947, -12.9221],-0.2629
7800,[1425.1792,   1.4448,  -1.8199, -16.7621],[-22.9529,-23.2561,-23.0987,-24.1452,-22.3553],[ 1.4168e+03, 1.4265e+00,-8.9301e-01,-1.7275e+01],-0.1895
7801,[ 1.4150e+03,-8.6703e-01, 1.3364e+01,-1.7272e+01],[-4.1032,-4.6326,-2.5276,-4.247 ,-3.2202],[1408.0527,  -1.469 ,  13.3632, -17.7681],-0.1947
7802,[1446.5676,   3.6814, -15.0304, -16.7089],[-10.8889, -9.5006,-11.7024,-11.6133, -9.7411],[1439.9708,   4.1728, -13.8429, -17.1949],-0.2073
7804,[1520.1822,   8.1086, -33.7188, -16.2023],[-0.6362,-0.7295,-1.5769,-0.6172,-0.4897],[1522.3785,   9.1842, -33.0479, -16.4184],-0.2517
7810,[1477.6569,  12.6571,  -6.1859, -17.6636],[-1.2897,-1.786 ,-0.953 ,-1.879 ,-0.3259],[1467.6164,  12.418 ,  -5.824 , -18.1072],-0.2166
7812,[1476.9001,  14.0495, -18.5322, -17.9904],[-1.1899, 0.0068,-1.9376,-1.9543,-0.1005],[1469.212 ,  14.2646, -17.0651, -18.3498],-0.2272
7814,[1500.7601,  16.1562, -33.5769, -17.2066],[-1.313 , 0.2245,-2.4286,-0.6621,-0.8194],[1500.627 ,  16.936 , -32.9685, -17.2648],-0.2516
7900,[ 1.4173e+03, 5.2606e+00,-7.8643e-01,-2.0831e+01],[-3.8308,-4.3011,-4.0274,-4.4646,-3.7699],[ 1.4069e+03, 5.0348e+00, 9.2773e-02,-2.1175e+01],-0.1899
7901,[1412.0628,   1.7622,  14.1074, -21.2004],[-1.5193,-2.4002,-1.0597,-2.1017,-2.1833],[ 1.4034e+03, 9.8684e-01, 1.4257e+01,-2.1668e+01],-0.1934
7902,[1416.5998,   7.2187, -15.4109, -20.7894],[-2.0621,-1.4757,-3.0395,-2.9367,-1.8195],[1408.1966,   7.666 , -15.4213, -21.1982],-0.2014
7910,[1450.118 ,  13.2571,  -5.0715, -21.3559],[-1.2237,-1.4063,-0.8695,-1.4235,-0.9999],[1438.3511,  12.9025,  -3.95  , -21.2837],-0.2074
7911,[1407.5705,  10.4307,  11.6681, -20.6615],[-0.9587,-1.0532,-0.7221,-0.9748,-0.4073],[1398.4855,   9.2166,  15.7059, -21.3898],-0.1998
7912,[1455.165 ,  13.3995, -17.1507, -21.5774],[-0.6154,-0.076 ,-1.9842,-1.6598,-0.7127],[1445.5509,  13.6138, -15.9865, -21.7681],-0.2188
7914,[1447.0068,  14.458 , -31.7667, -20.7272],[-0.8905, 0.5244,-1.8775,-0.6894,-0.483 ],[1445.4703,  15.3347, -32.1101, -20.6313],-0.2342
8714,[1605.4581,  10.9129, -34.7413, -14.2158],[-1.2109, 1.0684,-2.6458,-1.9437,-1.0189],[1608.0417,  11.8268, -33.346 , -14.7883],-0.2766
8812,[1604.9603,  14.2909, -26.8009, -16.7943],[-0.6834,-0.09  ,-1.3509,-0.987 ,-0.7671],[1600.5298,  14.7737, -24.459 , -17.4651],-0.2704
8814,[1609.1936,  12.6544, -31.7502, -15.3321],[-0.6921, 0.165 ,-2.1483,-0.6577,-0.7832],[1608.8463,  13.3906, -29.9481, -15.8488],-0.2754
