100,[-0.9579,-0.0119, 0.0111, 0.3868],[1.0414,1.4442,1.6567,0.6566,1.2522],[-0.9561,-0.0113, 0.0108, 0.3966],0.2904
101,[-0.9566,-0.0383, 0.0646, 0.3941],[-0.1471,-0.5147, 1.895 , 0.5294,-0.0792],[-0.9546,-0.0453, 0.0781, 0.4077],0.2718
102,[-0.9567, 0.033 ,-0.0656, 0.3982],[-0.0082, 1.4765,-0.4749, 0.4142, 0.2997],[-0.9548, 0.0381,-0.0626, 0.4103],0.2806
121,[-0.9559,-0.0601, 0.0636, 0.3834],[ 0.5282,-0.3596, 1.4837, 1.047 , 1.1519],[-0.9542,-0.0581, 0.0591, 0.392 ],0.2759
200,[-0.962 , 0.0022,-0.0011, 0.3023],[0.7471,1.2415,1.084 ,9.3049,1.394 ],[-9.6062e-01, 1.6461e-03,-1.3577e-04, 3.1582e-01],0.2782
201,[-0.9617,-0.0429, 0.0716, 0.2996],[-1.063 ,-1.6022, 1.1775,-0.2253,-1.6771],[-0.9601,-0.05  , 0.0776, 0.3121],0.2495
202,[-0.9603, 0.0433,-0.0678, 0.293 ],[-0.8252, 1.6466,-1.7063,-0.7202,-1.5094],[-0.9588, 0.0488,-0.0722, 0.3063],0.257
210,[-0.9645, 0.0575,-0.0429, 0.2788],[-1.5922,-2.409 , 0.2541,-1.7355,-1.8209],[-0.9633, 0.0496,-0.0323, 0.2881],0.2554
212,[-0.9625, 0.0662,-0.0839, 0.2976],[ 7.6314, 3.4189,-0.2124, 3.5617, 0.2885],[-0.961 , 0.0675,-0.0807, 0.3088],0.2376
220,[-0.9627,-0.0689, 0.0381, 0.2898],[-2.6386,-0.4799,-2.8267,-2.0244,-2.8089],[-0.9615,-0.0567, 0.0241, 0.3024],0.2605
221,[-0.96  ,-0.086 , 0.0957, 0.2919],[ 1.1379, 1.0981,14.3671, 0.9883, 0.5207],[-0.9587,-0.0852, 0.092 , 0.3041],0.2348
223,[-0.9586,-0.1328, 0.1925, 0.268 ],[ 0.4863,-0.343 , 3.6396, 0.3597,-0.1943],[-0.9565,-0.1414, 0.1916, 0.2816],0.1792
241,[-0.9599,-0.1699, 0.1609, 0.2663],[-1.1252, 0.5772,-1.5909,-0.9259,-1.8665],[-0.9592,-0.1607, 0.145 , 0.2802],0.1813
243,[-0.9581,-0.1747, 0.1719, 0.2643],[ 2.5257, 0.5162, 4.3082, 1.3103,-0.1143],[-0.9572,-0.1677, 0.1591, 0.2786],0.1795
300,[-0.9668, 0.0055,-0.0022, 0.1854],[ 0.0758,-0.012 ,-1.0853, 0.7625,-2.2648],[-9.6589e-01, 3.6107e-03, 8.7156e-04, 1.9915e-01],0.2565
301,[-0.9635,-0.04  , 0.0743, 0.1835],[-2.6633,-2.6863,-0.2983,-1.7398,-2.7264],[-0.9623,-0.0508, 0.0849, 0.1966],0.2381
302,[-0.9652, 0.046 ,-0.0635, 0.201 ],[-2.2292,-1.4232,-3.8546,-2.7622,-4.1443],[-0.9641, 0.0506,-0.0667, 0.215 ],0.239
310,[-0.9657, 0.0686,-0.0352, 0.1827],[-2.8783,-3.6518,-0.3638,-2.6292,-3.1644],[-0.965 , 0.0539,-0.0191, 0.1952],0.2513
312,[-0.9687, 0.0978,-0.0931, 0.1701],[ 1.4338,24.0026, 0.2882, 3.1177,-0.2459],[-0.968 , 0.0917,-0.0819, 0.1832],0.2029
320,[-0.9669,-0.0717, 0.0347, 0.1826],[-3.4278,-1.9171,-4.5736,-3.5556,-4.5575],[-0.9663,-0.0558, 0.0177, 0.1957],0.2442
321,[-0.9655,-0.0888, 0.0996, 0.1864],[ 1.8351, 1.9523, 3.1233,15.6889,-0.725 ],[-0.9646,-0.0891, 0.097 , 0.2002],0.2099
323,[-0.9588,-0.1145, 0.1879, 0.2443],[-0.825 ,-1.807 , 1.4421,-0.5329,-1.3432],[-0.956 ,-0.1332, 0.2182, 0.2587],0.1733
332,[-0.9645, 0.174 ,-0.1512, 0.1414],[-1.8877,-2.638 ,-0.6014,-1.5684,-3.0958],[-0.9645, 0.1602,-0.1288, 0.156 ],0.1696
334,[-0.9665, 0.1893,-0.1676, 0.1332],[ 1.013 , 6.3662,-0.2336, 6.4688,-0.1792],[-0.9666, 0.1758,-0.1464, 0.1482],0.1499
341,[-0.9579,-0.1924, 0.1309, 0.2345],[-1.2101, 2.195 ,-1.9908,-0.0041,-1.9903],[-0.9582,-0.1688, 0.0992, 0.249 ],0.1998
343,[-0.9613,-0.199 , 0.205 , 0.1782],[ 1.4383, 0.5441, 3.3253,12.8548, 0.066 ],[-0.9605,-0.1959, 0.1987, 0.1929],0.1412
400,[-0.9684,-0.001 ,-0.0035, 0.0641],[ 0.856 , 1.5073, 0.6813, 6.2928,-0.1059],[-9.6804e-01,-2.2661e-04,-1.4036e-03, 7.8748e-02],0.2519
401,[-0.9671,-0.0385, 0.0715, 0.081 ],[-1.7615,-2.5692,-0.4037,-1.2041,-2.0398],[-0.9664,-0.0506, 0.0821, 0.0949],0.2247
402,[-0.9647, 0.0424,-0.0696, 0.04  ],[ 0.1547, 1.2261,-2.1237,-1.3334,-1.8486],[-0.9643, 0.0516,-0.0767, 0.0546],0.2341
410,[-0.9685, 0.0686,-0.0424, 0.0843],[-1.6959,-1.8572, 0.0172,-1.3669,-1.5232],[-0.9683, 0.0566,-0.0307, 0.0974],0.2353
412,[-0.9668, 0.0959,-0.1065, 0.0633],[ 0.733 , 3.4306,-0.2407,18.1781,-0.4677],[-0.9664, 0.097 ,-0.1044, 0.078 ],0.1982
414,[-0.9621, 0.1502,-0.1845, 0.0355],[ 0.871 , 2.6825,-1.7417, 0.8437,-0.9748],[-0.9612, 0.1589,-0.191 , 0.0503],0.1572
420,[-0.9666,-0.0678, 0.0388, 0.0484],[-2.7621,-0.4175,-3.2614,-2.2991,-3.2806],[-0.9665,-0.0554, 0.0266, 0.0613],0.2424
421,[-0.9682,-0.113 , 0.1113, 0.0565],[ 0.4165, 0.3258,10.0156,11.8279,-0.8316],[-0.9679,-0.1106, 0.1077, 0.0711],0.186
423,[-0.9667,-0.1552, 0.1791, 0.055 ],[-0.5334,-1.735 , 1.2034, 0.3189,-1.9799],[-0.966 ,-0.162 , 0.1856, 0.069 ],0.1426
432,[-0.9772, 0.1756,-0.1508, 0.0535],[-1.9058,-2.4488,-0.6324,-1.3494,-2.4293],[-0.9775, 0.1581,-0.1301, 0.0687],0.128
434,[-0.9699, 0.1985,-0.1982, 0.0529],[ 0.0629, 1.4114,-0.4345,12.5337,-0.7666],[-0.9698, 0.194 ,-0.1884, 0.0682],0.1169
441,[-0.9638,-0.1764, 0.1506, 0.0408],[-4.7158,-3.0902,-5.2006,-3.9485,-5.3463],[-0.9641,-0.1654, 0.1369, 0.056 ],0.166
443,[-0.9623,-0.1856, 0.2073, 0.0717],[ 0.3354,-1.3479, 3.3234, 4.6806,-1.587 ],[-0.9615,-0.1895, 0.2092, 0.0848],0.1365
445,[-0.9574,-0.2238, 0.282 , 0.0519],[-0.2262,-1.569 , 1.3653, 1.7823,-1.1811],[-0.9554,-0.2348, 0.2927, 0.0659],0.1031
500,[-0.9682,-0.0065,-0.0123,-0.0597],[ 1.4742e+00, 1.2620e+00, 2.2212e-02, 2.5985e+01,-6.4069e-01],[-9.6835e-01, 7.4914e-05,-1.6171e-02,-4.4085e-02],0.2484
501,[-0.969 ,-0.0347, 0.0781,-0.0721],[-1.2523,-2.1576, 0.9992,-0.6794,-2.3845],[-0.9688,-0.0532, 0.0948,-0.0566],0.2098
502,[-0.9624, 0.0317,-0.0734,-0.0552],[-0.1919, 3.8205,-1.4594, 1.6842,-1.21  ],[-0.9623, 0.0457,-0.0847,-0.0403],0.2403
510,[-0.9636, 0.0759,-0.0321,-0.0557],[-0.8048,-1.5675, 1.5693,-0.6505,-1.5619],[-0.9641, 0.0579,-0.0101,-0.0431],0.2547
512,[-0.9681, 0.0915,-0.11  ,-0.0563],[ 0.7101, 1.455 ,-0.0958,17.2196,-0.5328],[-0.968 , 0.0986,-0.1149,-0.0409],0.1875
514,[-0.9652, 0.1424,-0.1795,-0.0416],[-0.2097, 2.8678,-1.1733, 0.3571,-1.0161],[-0.9646, 0.1546,-0.1896,-0.0261],0.1486
520,[-0.9644,-0.0806, 0.026 ,-0.0666],[ 0.035 , 8.6575,-0.2604, 0.2894,-0.9345],[-0.9649,-0.0604, 0.0083,-0.0515],0.2495
521,[-0.968 ,-0.1195, 0.106 ,-0.0628],[ 1.0105, 0.1868, 1.6092,25.5133,-0.2863],[-0.9684,-0.1147, 0.1014,-0.0471],0.1853
523,[-0.9599,-0.1478, 0.1871,-0.0664],[-0.8796,-2.3882, 0.3693,-0.8282,-2.7329],[-0.9592,-0.1607, 0.1998,-0.0547],0.1592
534,[-0.9734, 0.2106,-0.2213,-0.0557],[ 0.551 , 1.758 ,-0.5971, 6.9022,-1.1824],[-0.9733, 0.215 ,-0.2234,-0.0399],0.0853
536,[-0.9598, 0.2301,-0.3082,-0.0948],[ 0.3066, 0.6931,-0.5996, 3.9771,-1.0805],[-0.9574, 0.2491,-0.3263,-0.0787],0.0776
541,[-0.9665,-0.1806, 0.1448,-0.0841],[-1.9886, 0.5372,-2.7417,-1.588 ,-3.2925],[-0.9675,-0.1686, 0.1357,-0.0694],0.1543
543,[-0.9649,-0.2067, 0.197 ,-0.0737],[-0.9157,-1.2605, 5.4374, 5.9119,-2.7377],[-0.9654,-0.2036, 0.1925,-0.0582],0.1255
600,[-0.9678,-0.0106,-0.0074,-0.1778],[-0.1254,-1.2375,-2.3025, 3.1327,-3.1227],[-0.9685,-0.0044,-0.0105,-0.1621],0.2488
601,[-0.9647,-0.0383, 0.0717,-0.1949],[-3.1991,-3.2974,-1.3761,-2.3906,-4.0649],[-0.9652,-0.0521, 0.0845,-0.1817],0.2272
602,[-0.9649, 0.0245,-0.0752,-0.1626],[-0.7038, 0.1178,-1.148 , 1.5703,-1.2684],[-0.9651, 0.0439,-0.0915,-0.1479],0.2281
610,[-0.9687, 0.0772,-0.0323,-0.1833],[-3.253 ,-3.2765,-0.2455,-2.1966,-3.5264],[-0.9697, 0.0593,-0.0168,-0.1679],0.2317
612,[-0.966 , 0.1025,-0.1009,-0.1931],[-0.4038, 0.7739,-1.2827, 0.4485,-3.2398],[-0.9667, 0.1038,-0.1016,-0.1774],0.1951
614,[-0.9645, 0.1332,-0.1959,-0.1734],[-0.0034, 0.7703,-0.8874, 1.5883,-1.2675],[-0.9637, 0.1567,-0.2186,-0.1571],0.1389
620,[-0.9641,-0.0775, 0.0225,-0.1898],[-0.3544, 3.5173,-2.2208,-0.2831,-1.8239],[-0.9652,-0.0572, 0.0038,-0.1738],0.2503
621,[-0.9659,-0.1157, 0.1004,-0.1806],[-1.8721,-2.4959, 0.1425, 2.9684,-3.5102],[-0.9669,-0.1112, 0.0939,-0.165 ],0.1948
632,[-0.9617, 0.1921,-0.1217,-0.1837],[-1.6305,-1.8026,-0.753 ,-0.8971,-2.762 ],[-0.9638, 0.1697,-0.0964,-0.1677],0.181
634,[-0.9678, 0.1911,-0.2114,-0.1595],[ 0.3428, 0.9403,-1.8148, 0.6665,-2.5464],[-0.9677, 0.2009,-0.2184,-0.1436],0.1091
636,[-0.9583, 0.2054,-0.2945,-0.1779],[ 1.4289, 1.0855,-0.5092, 4.6973,-0.9708],[-0.9563, 0.2275,-0.3061,-0.1617],0.0981
641,[-0.9639,-0.1893, 0.1453,-0.1674],[-1.3926, 0.5803,-1.9546,-0.6035,-3.1375],[-0.9654,-0.1766, 0.1323,-0.1522],0.1594
643,[-0.963 ,-0.2252, 0.206 ,-0.1898],[-0.5083,-1.5881, 1.7596,22.9009,-2.3355],[-0.9643,-0.2213, 0.1957,-0.1737],0.1203
645,[-0.9578,-0.196 , 0.2796,-0.2357],[-0.149 ,-1.2758, 1.9947, 0.6363,-2.3713],[-0.9555,-0.2225, 0.3156,-0.2189],0.0987
663,[-0.9614,-0.2893, 0.2548,-0.1801],[-5.7959,-6.5687,-5.4734,-4.8323,-7.1213],[-0.9633,-0.2833, 0.2424,-0.1638],0.0808
665,[-0.9608,-0.2893, 0.2814,-0.2415],[ -7.9333, -9.4215, -7.2725, -7.1334,-10.3783],[-0.9619,-0.2921, 0.2769,-0.2262],0.0674
700,[-0.9638,-0.0083, 0.0083,-0.3038],[-8.2842,-8.1016,-8.6247,-7.4883,-9.8898],[-0.965 ,-0.0085, 0.0087,-0.2881],0.2613
701,[-0.9622,-0.0446, 0.068 ,-0.326 ],[-3.7421,-4.5348,-2.6124,-3.267 ,-5.1639],[-0.9633,-0.0553, 0.078 ,-0.3096],0.2352
702,[-0.9663, 0.0365,-0.0783,-0.2763],[-0.976 , 0.5297,-1.3255,-0.6221,-2.0744],[-0.9669, 0.0596,-0.1092,-0.2606],0.2086
710,[-0.9616, 0.073 ,-0.0413,-0.322 ],[-6.5996,-6.7457,-5.0042,-5.8526,-7.5347],[-0.9632, 0.0631,-0.0338,-0.3066],0.25
712,[-0.9632, 0.1128,-0.0898,-0.2874],[ -8.7827, -9.033 , -8.7   , -8.2405,-10.6742],[-0.9647, 0.1087,-0.0874,-0.2719],0.2056
720,[-0.9623,-0.0741, 0.036 ,-0.29  ],[-1.7275, 1.0566,-3.0189,-1.5075,-3.1004],[-0.9638,-0.0591, 0.0175,-0.274 ],0.2551
721,[-0.9633,-0.1076, 0.1034,-0.3096],[-6.7164,-7.2295,-5.1222,-5.911 ,-9.4465],[-0.9647,-0.108 , 0.0993,-0.2934],0.2014
723,[-0.9621,-0.1497, 0.1796,-0.3154],[-1.5699,-2.6748,-0.7208,-0.6161,-3.2516],[-0.9625,-0.1649, 0.194 ,-0.2989],0.1489
732,[-0.9584, 0.1808,-0.1205,-0.3061],[-6.3479,-6.5994,-5.5458,-5.5581,-7.7534],[-0.9606, 0.1672,-0.1112,-0.2901],0.187
741,[-0.9598,-0.1785, 0.1471,-0.2974],[-4.0453,-3.3495,-4.6881,-3.2177,-5.5125],[-0.9615,-0.1724, 0.1394,-0.2808],0.1707
743,[-0.9603,-0.2098, 0.2096,-0.2945],[-1.4853,-3.9197, 3.6991, 4.4781,-4.4389],[-0.9614,-0.2144, 0.2097,-0.2781],0.1266
763,[-0.9591,-0.283 , 0.2702,-0.2661],[-7.3431,-7.8132,-7.4379,-7.2821,-8.5677],[-0.9603,-0.2869, 0.2744,-0.2496],0.0752
800,[-0.9596, 0.0014, 0.0107,-0.4205],[-23.0822,-23.0083,-23.4751,-22.5601,-23.8857],[-0.9614,-0.0031, 0.0146,-0.4035],0.2778
801,[-0.9593,-0.0444, 0.0698,-0.415 ],[-3.3513,-3.2894,-2.5401,-2.114 ,-4.3922],[-0.9608,-0.0557, 0.0798,-0.3984],0.2436
812,[-0.9579, 0.146 ,-0.114 ,-0.4031],[-21.5282,-21.1141,-21.7391,-21.0361,-22.4288],[-0.9601, 0.1396,-0.1049,-0.3863],0.2024
821,[-0.9585,-0.0966, 0.1104,-0.397 ],[-17.2599,-17.9269,-17.2204,-16.1097,-19.2813],[-0.96  ,-0.1048, 0.1162,-0.38  ],0.2123
823,[-0.9557,-0.1602, 0.1857,-0.4176],[ 0.1681,-0.5275, 4.1286, 1.94  ,-1.7082],[-0.9566,-0.1735, 0.196 ,-0.3999],0.1639
841,[-0.9581,-0.1674, 0.1544,-0.3925],[-2.7032,-2.5504,-2.6486,-2.1416,-3.423 ],[-0.96  ,-0.1668, 0.1457,-0.3749],0.1756
843,[-0.9573,-0.1853, 0.2059,-0.3945],[ -9.3365,-10.5389, -8.2583, -7.3053,-10.9139],[-0.9582,-0.1974, 0.214 ,-0.3775],0.1418
1100,[-0.9472,-0.0043, 0.0017, 0.3976],[ 1.0936, 3.8563, 3.3768, 0.0761,64.0966],[-0.9455,-0.0038, 0.0027, 0.3891],0.3325
1101,[-0.9503,-0.0474, 0.0715, 0.3928],[-0.035 ,-1.4561, 8.8457,-0.4744, 1.0206],[-0.9484,-0.0506, 0.0713, 0.3999],0.2969
1102,[-0.9475, 0.0494,-0.0631, 0.4119],[-0.2179,11.4158,-0.5802,-0.1774, 3.5325],[-0.9456, 0.0504,-0.0618, 0.4159],0.3124
1112,[-0.9518, 0.0732,-0.0997, 0.3762],[ 1.1447,45.396 , 0.5939, 0.4007, 1.4301],[-0.95  , 0.0763,-0.0992, 0.3624],0.2681
1120,[-0.9393,-0.0682, 0.0361, 0.3827],[ 1.2018, 1.665 ,-0.8578,-0.2437, 8.195 ],[-0.9379,-0.0601, 0.0278, 0.3767],0.3557
1121,[-0.941 ,-0.0824, 0.0918, 0.3887],[ 0.9346, 0.8473, 1.4558, 0.5532,39.6734],[-0.9393,-0.0814, 0.0873, 0.3843],0.3134
1143,[-0.9304,-0.1817, 0.213 , 0.3806],[ 0.6477, 0.2955, 1.4019, 0.6622,15.988 ],[-0.9283,-0.1816, 0.2101, 0.3776],0.2544
1200,[-0.9349,-0.0149, 0.0117, 0.3   ],[  2.6892,  3.036 ,  1.8995,  0.7168,128.9557],[-0.9337,-0.0143, 0.0121, 0.2892],0.3856
1201,[-0.942 ,-0.0441, 0.0684, 0.2972],[ 0.4032,-1.0249,13.2846,-1.4602, 0.9342],[-0.9406,-0.048 , 0.0696, 0.2912],0.331
1202,[-0.946 , 0.0403,-0.0657, 0.3073],[ 0.5708,56.8767,-0.2299,-0.807 , 0.6341],[-0.9445, 0.0442,-0.0666, 0.3053],0.3178
1210,[-0.932 , 0.0842,-0.02  , 0.2722],[-0.0957,-1.3467, 9.5525,-0.6278, 0.7921],[-0.9312, 0.072 ,-0.0131, 0.2773],0.3832
1212,[-0.9349, 0.1123,-0.098 , 0.286 ],[ 2.2994, 1.8101, 0.5707, 0.7842,29.1014],[-0.934 , 0.1079,-0.0913, 0.2783],0.321
1214,[-0.9493, 0.1287,-0.1993, 0.2761],[ 0.0602,38.8184,-0.495 ,-0.1869, 1.5306],[-0.9469, 0.1402,-0.2081, 0.2627],0.2062
1220,[-0.9309,-0.07  , 0.0315, 0.2946],[ -0.167 ,113.6399, -0.3326, -0.3685,  3.6798],[-0.9298,-0.0623, 0.0271, 0.2963],0.3872
1221,[-0.942 ,-0.0952, 0.0963, 0.3145],[  3.8622,  1.534 ,186.5985,  1.6005,  2.0142],[-0.9407,-0.0924, 0.0894, 0.3188],0.3026
1223,[-0.951 ,-0.1558, 0.219 , 0.2851],[ 1.1593,-0.3614,32.3552,-0.1758, 0.286 ],[-0.9486,-0.1633, 0.2182, 0.2975],0.186
1232,[-0.926 , 0.1949,-0.1185, 0.2824],[ 0.3881, 0.0461,14.1338,-0.0982, 1.1958],[-0.9262, 0.181 ,-0.1114, 0.2931],0.3101
1234,[-0.9215, 0.2713,-0.179 , 0.2831],[ 0.958 ,18.5193,-0.3648, 1.1924, 6.074 ],[-0.9232, 0.2535,-0.1452, 0.296 ],0.2705
1241,[-0.9404,-0.1808, 0.142 , 0.2979],[ 0.9062,42.6433, 0.5891, 0.0561, 2.5143],[-0.9399,-0.1704, 0.1352, 0.3061],0.251
1243,[-0.9357,-0.1974, 0.2087, 0.3155],[ 0.9212, 0.7322,59.0173, 0.6752, 1.3426],[-0.9344,-0.1942, 0.1995, 0.3197],0.232
1254,[-0.9192, 0.2922,-0.2222, 0.2623],[ 1.3332,-0.3613,-1.5111, 1.3998,-0.0093],[-0.9207, 0.2787,-0.194 , 0.2763],0.2441
1300,[-0.9172,-0.0229, 0.0286, 0.1436],[  1.113 ,  1.727 ,  1.4799,  1.3464,761.6372],[-0.9166,-0.0239, 0.0315, 0.1382],0.4393
1301,[-0.9163,-0.0452, 0.0669, 0.1406],[  0.2457, -0.5223,197.3254,  0.911 ,  0.5572],[-0.9156,-0.0479, 0.0673, 0.1444],0.4239
1302,[-0.9193, 0.0463,-0.0665, 0.1521],[ 0.3804,39.3037,-0.8165, 0.7572, 1.0492],[-0.9185, 0.0488,-0.0662, 0.1536],0.4121
1310,[-0.9208, 0.0702,-0.0341, 0.1685],[-10.0202,-12.13  , -5.4262,-10.122 ,-10.5952],[-0.9203, 0.0635,-0.0289, 0.1737],0.4174
1312,[-0.9227, 0.086 ,-0.0874, 0.1629],[ 0.746 ,42.534 ,-0.2051, 3.5453, 4.4881],[-0.922 , 0.0845,-0.0812, 0.169 ],0.3759
1314,[-0.938 , 0.1562,-0.1905, 0.1558],[ 1.11  ,31.5669,-0.7241, 0.7843, 0.4438],[-0.9367, 0.16  ,-0.1897, 0.1641],0.2439
1320,[-0.9188,-0.0678, 0.0388, 0.1705],[  0.9891,228.4431, -0.8738,  0.4276,  0.8952],[-0.9182,-0.063 , 0.0377, 0.1771],0.4249
1321,[-0.9199,-0.0778, 0.0914, 0.1641],[  1.0132,  1.1738,349.7452,  0.5577,  0.7665],[-0.919 ,-0.0786, 0.0885, 0.1712],0.3872
1323,[-0.9198,-0.1401, 0.1853, 0.1718],[ 0.0815,-0.4114,30.5568,-0.2311, 1.3111],[-0.9182,-0.1445, 0.1865, 0.1829],0.3085
1332,[-0.9312, 0.1851,-0.136 , 0.194 ],[-4.3801,-4.762 ,-2.549 ,-2.7758,-4.4195],[-0.9314, 0.174 ,-0.1213, 0.2041],0.2874
1334,[-0.9316, 0.2099,-0.2085, 0.1684],[ 0.4756,19.4296, 0.1498, 3.3462, 3.0419],[-0.9312, 0.2061,-0.1959, 0.1797],0.2384
1336,[-0.9181, 0.2465,-0.2975, 0.143 ],[ 0.2285,24.0917,-0.2712, 0.3297, 0.3412],[-0.9162, 0.2497,-0.2954, 0.1488],0.2081
1341,[-0.9326,-0.1998, 0.1295, 0.178 ],[ 0.9198,27.1534, 0.0657, 0.0399, 0.1224],[-0.9332,-0.186 , 0.1201, 0.1894],0.274
1343,[-0.938 ,-0.199 , 0.1976, 0.1702],[ 1.1444, 0.887 ,34.0631, 1.5798, 0.4166],[-0.9376,-0.1955, 0.1888, 0.1818],0.222
1345,[-0.9387,-0.2666, 0.299 , 0.1661],[ 4.1927,-0.9361, 2.6825, 8.673 , 1.7397],[-0.9373,-0.267 , 0.2932, 0.1808],0.1414
1354,[-0.9282, 0.2956,-0.2462, 0.1962],[-2.7258,-3.3285,-3.1417,-1.2938,-3.6985],[-0.9294, 0.2842,-0.2216, 0.2087],0.1963
1356,[-0.9203, 0.3288,-0.3299, 0.1781],[ 2.3738,12.3921, 0.1254, 1.083 , 0.3217],[-0.9201, 0.3249,-0.3168, 0.1896],0.1632
1358,[-0.9252, 0.3421,-0.39  , 0.1282],[ 1.4926,14.8733,-0.6578, 0.4581,-0.2269],[-0.9232, 0.343 ,-0.3871, 0.1413],0.111
1361,[-0.9179,-0.2935, 0.1617, 0.1257],[-4.1541,-2.6226,-5.1855,-3.7914,-4.7471],[-0.9213,-0.2721, 0.1224, 0.14  ],0.2802
1363,[-0.9319,-0.2989, 0.2186, 0.1452],[ 0.183 , 1.5033, 0.045 ,11.655 , 0.3308],[-0.934 ,-0.2832, 0.1917, 0.1588],0.1959
1365,[-0.9264,-0.3413, 0.2958, 0.1309],[ 0.9085, 0.1291,20.7805, 3.5798, 0.2224],[-0.9281,-0.3329, 0.2747, 0.14  ],0.154
1400,[-0.9174,-0.0168, 0.0201, 0.0686],[1.2276e-01,1.4399e+03,1.6725e+00,1.0557e+00,1.9697e+00],[-0.9171,-0.0178, 0.0239, 0.0735],0.4425
1401,[-0.9166,-0.0431, 0.0675, 0.0721],[ 4.2578e-01,-6.4574e-01, 7.3947e+02, 8.2514e-01, 4.8515e-01],[-0.9161,-0.0466, 0.0689, 0.0735],0.4254
1402,[-0.9161, 0.0351,-0.0683, 0.0492],[ 8.7242e-01, 1.6020e+02,-3.2638e-01, 8.0703e-01, 6.2207e-02],[-0.9156, 0.0398,-0.0698, 0.0607],0.4283
1410,[-0.9174, 0.0636,-0.0425, 0.0421],[-51.9291,-52.0419,-50.7968,-51.5529,-51.9541],[-0.9174, 0.0601,-0.0395, 0.0484],0.435
1411,[-0.9181, 0.0671, 0.0652, 0.0638],[-3.985 ,-4.7991,-4.4574,-4.2264,-3.899 ],[-0.9178, 0.0477, 0.0692, 0.0587],0.431
1412,[-0.917 , 0.0743,-0.0782, 0.0409],[ -8.8925, -8.13  ,-12.6382,-10.7962,-11.4746],[-0.9168, 0.0743,-0.0751, 0.0466],0.4091
1414,[-0.931 , 0.147 ,-0.1848, 0.04  ],[ 0.4554,24.6578,-0.4435, 4.3362,-0.2295],[-0.93  , 0.1527,-0.1875, 0.0514],0.2667
1420,[-0.9178,-0.0608, 0.0483, 0.0497],[ 3.9480e-02, 5.3144e+02,-3.4031e-02, 7.4499e-01, 6.3102e-01],[-0.9176,-0.0588, 0.0481, 0.0591],0.4316
1421,[-0.9178,-0.0695, 0.0763, 0.0501],[3.7162e+00,5.4902e-01,6.5943e+02,1.3682e+00,4.8772e-01],[-0.9175,-0.0699, 0.0741, 0.0585],0.4103
1423,[-0.9194,-0.1452, 0.1816, 0.0459],[-4.3882e-02,-1.0810e+00, 1.9684e+00, 6.3651e+01, 1.1037e+00],[-0.9184,-0.1495, 0.1822, 0.0606],0.3112
1425,[-0.9183,-0.1552, 0.3242, 0.0114],[-0.7272,-1.8204,-0.9123,-1.1037,-1.1407],[-0.9125,-0.1754, 0.3594, 0.027 ],0.2215
1430,[-0.9279, 0.1719,-0.048 , 0.0791],[-3.293 ,-4.2946,-3.1147,-3.9501,-3.3798],[-0.9291, 0.149 ,-0.0262, 0.0943],0.3548
1432,[-0.9206, 0.1831,-0.1385, 0.0635],[-6.5057,-6.938 ,-6.5859,-6.2069,-6.7837],[-0.9212, 0.1749,-0.1259, 0.0729],0.3243
1434,[-0.9345, 0.2021,-0.2266, 0.0631],[ 0.8097, 8.1483,-0.3655, 7.5123, 1.0446],[-0.9337, 0.2045,-0.2237, 0.0768],0.2176
1436,[-0.9292, 0.2456,-0.2953, 0.0634],[ 1.7479,20.6323,-0.3832, 0.8191, 1.3193],[-0.9275, 0.2503,-0.296 , 0.073 ],0.1845
1441,[-0.9251,-0.1833, 0.1394, 0.0597],[ 0.859 , 0.2299,-0.9121, 9.6774,-0.6762],[-0.9258,-0.174 , 0.123 , 0.0729],0.3077
1443,[-0.9267,-0.1978, 0.205 , 0.0534],[ 0.8726, 0.7344,47.8695, 2.0004, 0.5436],[-0.9264,-0.197 , 0.1981, 0.067 ],0.2563
1445,[-0.9287,-0.2389, 0.2868, 0.0658],[ 1.1383,-0.5594, 1.6184,10.4153, 1.4061],[-0.9271,-0.2438, 0.2887, 0.0791],0.1877
1454,[-0.9235, 0.2839,-0.2554, 0.1135],[-1.977 ,-2.2921,-1.5486,-1.217 ,-2.4058],[-0.9244, 0.2772,-0.2367, 0.1276],0.2109
1456,[-0.927 , 0.3113,-0.3466, 0.0594],[ 1.0988, 4.9942,-0.1824, 7.0232, 0.5146],[-0.9257, 0.3128,-0.3424, 0.0738],0.1367
1458,[-0.9295, 0.3387,-0.3912, 0.0998],[ 1.6417,19.8178,-0.9871, 1.7082, 0.9764],[-0.9273, 0.3406,-0.391 , 0.1143],0.098
1461,[-0.9233,-0.2815, 0.1566, 0.1044],[-3.7119,-2.6218,-4.5155,-3.5565,-3.0682],[-0.9258,-0.2648, 0.155 , 0.1195],0.2505
1463,[-0.9251,-0.3092, 0.2348, 0.0871],[-0.5618,-1.5311,-1.4869, 0.6331,-2.4392],[-0.9273,-0.2974, 0.2162, 0.1002],0.2015
1465,[-0.9231,-0.3464, 0.3299, 0.053 ],[ 1.0204, 0.2067,36.1776, 1.7416, 0.1823],[-0.9238,-0.3428, 0.318 , 0.0662],0.1426
1467,[-0.9272,-0.3588, 0.3948, 0.0162],[ 8.5652e-01,-2.5902e-01, 2.0485e+01, 2.7941e-01, 4.3824e-03],[-0.9259,-0.3604, 0.3911, 0.0311],0.0928
1500,[-0.9176,-0.0159, 0.0083,-0.055 ],[  1.3454,  1.3778,  2.1126,358.2908,  1.1221],[-0.9178,-0.0147, 0.0066,-0.0424],0.4453
1501,[-0.9173,-0.0402, 0.0716,-0.0385],[-31.8005,-34.7974,-30.7205,-34.1305,-33.7513],[-0.9172,-0.0452, 0.0741,-0.036 ],0.4213
1502,[-0.9149, 0.029 ,-0.0737,-0.0603],[-78.7644,-76.7165,-80.0257,-78.8609,-78.1422],[-0.9148, 0.0359,-0.0773,-0.0533],0.4296
1503,[-0.9188,-0.0417, 0.1675,-0.1223],[-1.7048,-3.4898,-1.8227,-2.1256,-2.0342],[-0.9177,-0.0603, 0.1706,-0.1068],0.3753
1504,[-0.9314, 0.0447,-0.1785,-0.0958],[-2.3886,-1.2437,-2.6237,-2.3159,-2.6541],[-0.9295, 0.071 ,-0.2059,-0.0807],0.2911
1510,[-0.9183, 0.0648,-0.0426,-0.0582],[-37.3894,-37.7917,-14.9701,-38.1644,-38.2042],[-0.9186, 0.0614,-0.0403,-0.0517],0.431
1512,[-0.9168, 0.0766,-0.0839,-0.0638],[-27.2267,-25.8585,-31.2061,-25.6473,-29.4468],[-0.9169, 0.0774,-0.0814,-0.0546],0.4068
1514,[-0.9286, 0.1341,-0.1848,-0.0578],[ 0.8404,40.6934,-0.4099, 0.3347,-0.86  ],[-0.9277, 0.1433,-0.1905,-0.0464],0.2773
1520,[-0.9175,-0.0642, 0.0446,-0.0682],[ 4.2694e-01, 4.0617e+02,-1.7692e-01, 2.5634e+00, 2.2820e-01],[-0.9179,-0.0614, 0.0441,-0.0608],0.4313
1521,[-0.9173,-0.0727, 0.0776,-0.0622],[1.6941e+00,1.0328e-01,1.0947e+02,1.0803e+02,3.6951e-01],[-0.9175,-0.0733, 0.0756,-0.0552],0.4094
1522,[-0.9207,-0.0715,-0.0635,-0.1021],[-2.6321,-2.456 ,-3.7663,-2.2881,-2.9396],[-0.9211,-0.0504,-0.069 ,-0.0863],0.4147
1523,[-0.9204,-0.1373, 0.1829,-0.0591],[ 3.6028,-1.0826, 1.598 ,60.4181,-0.4036],[-0.9197,-0.1442, 0.1868,-0.0441],0.3089
1532,[-0.9206, 0.1778,-0.144 ,-0.0683],[-5.4823,-5.2415,-5.4354,-4.8794,-5.4089],[-0.9216, 0.172 ,-0.1334,-0.0599],0.3191
1534,[-0.9228, 0.1957,-0.2104,-0.0643],[ 1.2602, 2.3227,-1.849 , 2.5465,-0.7962],[-0.9227, 0.1981,-0.2091,-0.0521],0.2659
1536,[-0.9347, 0.245 ,-0.3037,-0.0608],[ 0.5236,13.0258,-0.451 , 0.4888,-0.396 ],[-0.9329, 0.2537,-0.3091,-0.0484],0.1575
1541,[-0.9335,-0.1821, 0.1417,-0.0734],[-2.6405,-2.8896,-2.5735,-2.2492,-3.6798],[-0.9346,-0.174 , 0.1285,-0.0602],0.2723
1543,[-0.9253,-0.1979, 0.2095,-0.0654],[ 0.7782, 0.0402, 2.3717,34.1586, 0.4932],[-0.9254,-0.1995, 0.2054,-0.0504],0.2562
1545,[-0.9177,-0.2659, 0.2898,-0.0993],[ 1.0607,-0.9084,16.8944, 0.4638, 0.0433],[-0.9174,-0.269 , 0.286 ,-0.0897],0.2159
1556,[-0.9412, 0.3006,-0.3532,-0.0371],[ 0.9496, 4.8751,-0.255 , 6.4085,-0.4302],[-0.9394, 0.3071,-0.3564,-0.0224],0.0935
1563,[-0.9192,-0.2806, 0.2647,-0.1095],[-0.3752,-0.6059, 0.1051, 1.1761,-1.1078],[-0.9203,-0.2787, 0.2522,-0.0933],0.2172
1565,[-0.9251,-0.3416, 0.3547,-0.065 ],[ 1.0466,-0.3837, 1.4935,27.6889,-0.5507],[-0.9248,-0.3432, 0.3528,-0.049 ],0.1227
1567,[-0.933 ,-0.3472, 0.3956,-0.0386],[ 0.0349,-0.1616, 6.0391,25.9936,-0.3803],[-0.9312,-0.3514, 0.3971,-0.0227],0.0787
1600,[-0.9171,-0.0074, 0.0031,-0.1703],[-132.2528,-131.5558,-132.0406,-131.7685,-132.5249],[-0.9179,-0.0068, 0.0022,-0.1636],0.449
1601,[-0.9162,-0.0374, 0.0726,-0.1778],[-34.3214,-34.7293,-31.6972,-32.5581,-34.4749],[-0.9167,-0.0436, 0.0767,-0.1752],0.4222
1602,[-0.9137, 0.0363,-0.0726,-0.1739],[-8.2865,-3.1755,-9.8609,-2.7346,-8.802 ],[-0.9142, 0.0424,-0.0762,-0.1713],0.4277
1604,[-0.9507, 0.044 ,-0.171 ,-0.1519],[-0.7824,-0.0787,-1.5885,-0.4879,-1.1139],[-0.9491, 0.0785,-0.2055,-0.1355],0.2254
1610,[-0.917 , 0.0649,-0.0427,-0.1691],[-44.1491,-44.2775,-43.0532,-42.3659,-44.4929],[-0.9179, 0.0613,-0.0379,-0.161 ],0.4327
1611,[-0.9188, 0.0646, 0.0642,-0.1939],[-0.9903,-1.8542,-0.9092,-1.0603,-1.7394],[-0.9195, 0.0434, 0.0771,-0.1777],0.4213
1612,[-0.9155, 0.0762,-0.0872,-0.1731],[-41.0241,-39.1349,-43.2802,  4.1134,-42.3371],[-0.9161, 0.0781,-0.0857,-0.1629],0.4061
1614,[-0.9205, 0.1402,-0.182 ,-0.1737],[ 0.2079, 3.0007,-0.9208, 2.1331,-0.8994],[-0.9203, 0.1479,-0.1866,-0.1633],0.3058
1620,[-0.915 ,-0.066 , 0.0434,-0.1596],[  0.3562,  1.6506, -0.8702,121.1173, -0.8527],[-0.9158,-0.0624, 0.0394,-0.1489],0.4354
1621,[-0.9162,-0.0776, 0.0802,-0.1681],[  0.4762,  0.6054,  5.0834,115.8639, -0.276 ],[-0.9169,-0.0782, 0.078 ,-0.1564],0.4052
1622,[-0.9176,-0.0574,-0.0661,-0.1854],[-1.1463,-0.459 ,-2.2453,-1.7963,-1.3091],[-0.9179,-0.0335,-0.1049,-0.1688],0.4199
1623,[-0.923 ,-0.1445, 0.1832,-0.1814],[ 1.2437,-1.7449,10.3307, 1.7729,-0.9128],[-0.9228,-0.1519, 0.188 ,-0.1671],0.2966
1632,[-0.9245, 0.18  ,-0.1518,-0.1613],[-3.6305,-3.4945,-3.9959,-3.2334,-3.9799],[-0.9258, 0.1756,-0.1446,-0.1479],0.2966
1634,[-0.9199, 0.1903,-0.1966,-0.1828],[ 0.0673, 2.2303,-1.349 , 3.3249,-1.1487],[-0.9204, 0.1923,-0.1948,-0.1687],0.2805
1636,[-0.9401, 0.2364,-0.2978,-0.1372],[ 0.1941, 4.0877,-0.661 , 2.8493,-0.3908],[-0.9384, 0.2485,-0.3085,-0.1216],0.1468
1641,[-0.9401,-0.1793, 0.1469,-0.1825],[-4.972 ,-5.65  ,-4.6764,-4.1474,-5.7457],[-0.9416,-0.1726, 0.1338,-0.1706],0.2442
1643,[-0.9336,-0.2001, 0.2043,-0.1908],[ 0.2931, 0.4123,38.8892, 2.9155, 0.0706],[-0.9343,-0.2015, 0.2003,-0.1769],0.2276
1645,[-0.9319,-0.2499, 0.3054,-0.1858],[ 0.495 ,-0.2668,28.2878, 1.4471,-0.2987],[-0.9306,-0.2601, 0.3115,-0.1738],0.164
1663,[-0.9538,-0.2995, 0.2706,-0.1848],[ 0.1549,-0.254 , 2.9925, 3.2669,-0.6261],[-0.9556,-0.2956, 0.2562,-0.1682],0.0926
1665,[-0.9262,-0.3166, 0.3548,-0.1838],[ 0.4425,-0.5452, 1.4144,28.1783,-0.6251],[-0.9252,-0.3226, 0.3572,-0.1677],0.1268
1700,[-0.9206, 0.0039, 0.0014,-0.2834],[-72.7026,-73.2659,-73.0233,-72.1699,-73.4571],[-0.9218, 0.0028, 0.0031,-0.2771],0.439
1701,[-0.9194,-0.0397, 0.0759,-0.2918],[-12.6194,-14.1351,-11.7681,-11.5905,-13.8123],[-0.9204,-0.047 , 0.0815,-0.2863],0.4089
1702,[-0.916 , 0.0402,-0.0727,-0.2702],[-14.01  ,-13.7164,-14.9915,-12.9665,-14.7237],[-0.9169, 0.0464,-0.0777,-0.2659],0.423
1710,[-0.919 , 0.0662,-0.041 ,-0.2853],[-20.0929,-20.0964,-19.6097,-19.2685,-20.3924],[-0.9204, 0.062 ,-0.0354,-0.2765],0.4233
1711,[-0.9211, 0.0561, 0.0565,-0.2707],[-0.4792,-0.5478, 0.2435,-0.6536,-0.3399],[-0.922 , 0.0324, 0.0952,-0.2876],0.4065
1712,[-0.9177, 0.0859,-0.0933,-0.2808],[-54.9308,-54.6528,-56.1237,-53.7229,-56.2803],[-0.9188, 0.088 ,-0.0929,-0.2731],0.3899
1714,[-0.9194, 0.1503,-0.1829,-0.2863],[-0.3621, 5.6278,-0.8749, 2.8293,-0.7552],[-0.9198, 0.1577,-0.1887,-0.277 ],0.3033
1720,[-0.9201,-0.0652, 0.0439,-0.2821],[-5.6057,-5.5959,-5.7166,-4.9368,-6.1431],[-0.9215,-0.0615, 0.0392,-0.2718],0.4165
1721,[-0.923 ,-0.0976, 0.1164,-0.2984],[-33.6193,-35.235 ,-33.0761,-32.8932,-34.6791],[-0.9239,-0.1018, 0.1174,-0.2851],0.3516
1723,[-0.9288,-0.1477, 0.1816,-0.3168],[ 0.7767,-0.1958,32.7913, 2.0431,-0.3147],[-0.9292,-0.1562, 0.1861,-0.3018],0.2745
1732,[-0.9357, 0.1929,-0.1243,-0.3378],[-5.3442,-6.1099,-5.2547,-4.7789,-6.4571],[-0.9384, 0.1814,-0.1128,-0.3226],0.2637
1734,[-0.9257, 0.2041,-0.204 ,-0.3035],[ 0.3752, 3.8716,-0.3344, 6.4309,-1.0708],[-0.9269, 0.2062,-0.2026,-0.2876],0.2495
1741,[-0.9408,-0.1749, 0.1559,-0.2879],[-1.6583,-2.7407,-1.5259,-1.7961,-2.7991],[-0.9424,-0.1723, 0.1462,-0.2721],0.2354
1743,[-0.9382,-0.1953, 0.1992,-0.3102],[ 0.7384,-0.0758, 2.1249,73.4407,-0.4153],[-0.9393,-0.199 , 0.1985,-0.2934],0.2123
1745,[-0.9311,-0.2502, 0.3114,-0.3113],[ 0.5614, 0.0924,42.0696, 0.3938,-0.622 ],[-0.9298,-0.2626, 0.3213,-0.2954],0.1598
1754,[-0.9367, 0.2866,-0.2364,-0.346 ],[-1.0982,-0.893 ,-2.0064,-0.606 ,-2.2056],[-0.9396, 0.2825,-0.2253,-0.3288],0.1615
1765,[-0.9292,-0.2969, 0.3423,-0.2782],[ 0.6097, 0.4883, 1.2982,27.5741,-1.0248],[-0.9282,-0.3058, 0.348 ,-0.2623],0.1295
1800,[-0.9305, 0.0129, 0.015 ,-0.4405],[-5.445 ,-6.833 ,-4.9318,-5.4596,-7.7172],[-0.9323, 0.0069, 0.0206,-0.4242],0.3967
1801,[-0.9228,-0.0336, 0.0821,-0.4368],[-0.7574,-2.0971, 0.6377, 0.4008,-2.9739],[-0.9242,-0.044 , 0.0901,-0.4206],0.3905
1802,[-0.9367, 0.0375,-0.066 ,-0.4135],[-0.8863, 0.2675,-1.7444,-0.269 ,-1.8536],[-0.9381, 0.0463,-0.0781,-0.3964],0.338
1810,[-0.9274, 0.0727,-0.0365,-0.4309],[-4.5829,-4.7369,-3.459 ,-3.96  ,-5.8754],[-0.9295, 0.0662,-0.03  ,-0.4146],0.3848
1811,[-0.9395, 0.0674, 0.0595,-0.454 ],[-0.6266,-0.3704, 0.1957, 0.1246,-0.3335],[-0.941 , 0.0318, 0.11  ,-0.4369],0.3182
1812,[-0.9254, 0.1086,-0.0962,-0.432 ],[ -8.4326, -7.6323, -8.6449, -7.8118,-10.0479],[-0.9274, 0.1081,-0.0941,-0.4168],0.3461
1814,[-0.922 , 0.1547,-0.1799,-0.4405],[ 0.7888, 6.9293,-0.2463, 1.3339,-0.2949],[-0.9231, 0.1625,-0.1846,-0.4239],0.2959
1820,[-0.9237,-0.0883, 0.0352,-0.3989],[-0.5738, 0.4224,-1.0226, 0.6982,-1.4454],[-0.9258,-0.0784, 0.0197,-0.386 ],0.4023
1821,[-0.9289,-0.0991, 0.1301,-0.4343],[ 0.6009, 0.2498, 1.8959,31.4542,-0.2498],[-0.9301,-0.1078, 0.1364,-0.4171],0.3163
1823,[-0.932 ,-0.1473, 0.18  ,-0.429 ],[ 0.6337, 0.0964, 1.6851,67.4652,-0.4327],[-0.9329,-0.1573, 0.1867,-0.4114],0.2595
1832,[-0.9283, 0.1931,-0.1469,-0.4153],[-1.3888,-1.745 ,-2.4119,-1.5879,-3.6624],[-0.9311, 0.1868,-0.1318,-0.3985],0.2784
1834,[-0.9296, 0.2238,-0.2106,-0.4385],[-0.0553, 6.9528,-0.4758, 7.4083,-1.0545],[-0.9316, 0.2259,-0.2083,-0.4214],0.223
1843,[-0.9368,-0.186 , 0.2092,-0.4118],[ 2.3480e-01, 8.3371e-02, 5.6751e-01, 8.4617e+01,-1.0166e+00],[-0.9377,-0.1948, 0.2136,-0.3942],0.2131
1845,[-0.9378,-0.2272, 0.287 ,-0.397 ],[ 1.0218,-0.1883, 0.8563,28.6565,-0.5591],[-0.9368,-0.2433, 0.3049,-0.3794],0.1534
1854,[-0.929 , 0.2841,-0.2616,-0.4115],[ 0.5187, 0.2907,-1.1893, 1.856 ,-1.466 ],[-0.9312, 0.2858,-0.2561,-0.3951],0.1743
1900,[-0.9258, 0.0189, 0.02  ,-0.6006],[-141.4188,-140.1269,-140.0904,-139.4659,-142.3339],[-0.9283, 0.0111, 0.0266,-0.583 ],0.4143
1901,[-0.9203,-0.031 , 0.0815,-0.5824],[ 8.9072e-01, 5.5847e-02, 5.6197e+01, 2.4334e-03,-1.2220e+00],[-0.9223,-0.0418, 0.0886,-0.5667],0.4025
1902,[-0.9134, 0.0499,-0.0724,-0.6409],[-15.4163,-14.3858,-15.0913,-15.198 ,-15.4915],[-0.9159, 0.0558,-0.0778,-0.6251],0.4269
1910,[-0.9232, 0.0721,-0.0295,-0.6287],[-53.6419,-53.4606,-53.0149,-52.7016,-54.7615],[-0.9262, 0.0651,-0.0222,-0.611 ],0.4061
1912,[-0.921 , 0.1078,-0.085 ,-0.5962],[-327.7613,-327.8125,-327.7607,-327.3377,-328.8229],[-0.9238, 0.1062,-0.0818,-0.5788],0.369
1914,[-0.9137, 0.1499,-0.1749,-0.564 ],[-10.3189,-10.5906,-11.3811,-10.6826,-11.512 ],[-0.9154, 0.1576,-0.1789,-0.5461],0.3219
1920,[-0.9319,-0.0559, 0.0495,-0.5264],[-24.2065,-24.4931,-24.3528,-23.8883,-24.9668],[-0.9342,-0.0557, 0.0469,-0.5086],0.3641
1921,[-0.9253,-0.0811, 0.12  ,-0.5443],[ -8.1124,-11.9993, -9.9426, 28.8167,-13.2574],[-0.9269,-0.0917, 0.1294,-0.5275],0.3407
1923,[-0.9302,-0.1378, 0.1772,-0.5167],[  1.2131, -0.4885,105.1772,  0.535 , -0.8107],[-0.9313,-0.1499, 0.1873,-0.499 ],0.2682
1932,[-0.9221, 0.1765,-0.1429,-0.5821],[ 0.7566, 0.5102,-1.627 ,16.5639,-1.9271],[-0.9251, 0.1743,-0.1348,-0.5636],0.3061
1934,[-0.919 , 0.2133,-0.2023,-0.5612],[ -1.9473,  2.2925, -2.6194,108.722 , -2.2916],[-0.9213, 0.2173,-0.2052,-0.5428],0.2652
1943,[-0.9394,-0.1684, 0.2013,-0.5013],[-0.2112, 1.2465,-0.2879,50.8798,-0.8973],[-0.9405,-0.1809, 0.2105,-0.4869],0.2101
2200,[-0.9013,-0.0221, 0.0118, 0.2673],[-75.9072,-75.7777,-75.7046,-76.3953,-74.673 ],[-0.9002,-0.0204, 0.0096, 0.2621],0.3937
2201,[-0.9005,-0.0529, 0.0586, 0.2684],[-19.4127,-20.1036,-19.0083,-20.164 ,-19.0964],[-0.8993,-0.0529, 0.0578, 0.264 ],0.3711
2202,[-0.8941, 0.049 ,-0.0617, 0.2794],[-16.3841,-16.1413,-17.1104,-16.8889,-16.2381],[-0.8928, 0.0499,-0.062 , 0.2743],0.3428
2210,[-0.9061, 0.0612,-0.0378, 0.2644],[-6.8027,-7.1366,-6.2183,-7.234 ,-6.4198],[-0.9051, 0.0576,-0.0366, 0.2682],0.4045
2212,[-0.9001, 0.0603,-0.0667, 0.2619],[-7.5462,-7.8234,-8.5918,-8.8288,-6.8985],[-0.899 , 0.06  ,-0.0637, 0.2563],0.3638
2220,[-0.9063,-0.067 , 0.037 , 0.2634],[-11.2473, -9.9178,-11.3134,-11.6938,-10.068 ],[-0.9054,-0.0625, 0.0342, 0.2601],0.4048
2221,[-0.8988,-0.0825, 0.0861, 0.2662],[-25.8353,-26.0743,-25.4236,-25.9093,-24.6901],[-0.8977,-0.0815, 0.0816, 0.2624],0.3403
2300,[-0.9069,-0.0293, 0.0275, 0.1539],[-232.1005,-231.179 ,-231.7529,-233.1547,-231.2986],[-0.9063,-0.0289, 0.0269, 0.1467],0.4155
2301,[-0.9084,-0.0466, 0.0708, 0.1477],[-82.3106,-83.2669,-81.0097,-82.6979,-81.1858],[-0.9076,-0.0494, 0.0714, 0.1457],0.403
2302,[-0.9062, 0.0452,-0.0675, 0.1528],[-57.6031,-56.772 ,-58.7368,-58.5093,-57.0128],[-0.9054, 0.0476,-0.0679, 0.1509],0.3957
2304,[-0.8894, 0.0519,-0.1774, 0.1933],[-4.8252,-4.1228,-4.8474,-4.7087,-4.4476],[-0.887 , 0.0639,-0.178 , 0.1802],0.2621
2310,[-0.9067, 0.0662,-0.0385, 0.1504],[-23.833 ,-24.8726,-23.8621,-25.1208,-22.9556],[-0.9062, 0.0616,-0.032 , 0.1481],0.4087
2311,[-0.9033, 0.0677, 0.0599, 0.1554],[-5.2102,-5.6429,-4.4478,-5.1338,-4.8655],[-0.9027, 0.0524, 0.0577, 0.1702],0.386
2312,[-0.9058, 0.0775,-0.0863, 0.1469],[-20.9602,-20.5252,-23.2471,-22.382 ,-19.8979],[-0.9051, 0.0775,-0.0817, 0.1439],0.374
2314,[-0.8916, 0.1266,-0.1846, 0.1482],[-4.3786,-2.9966,-5.1061,-4.3346,-3.3999],[-0.89  , 0.1314,-0.1852, 0.1465],0.242
2320,[-0.9062,-0.0649, 0.0411, 0.1728],[-44.9069,-44.6147,-45.3034,-45.4816,-43.9988],[-0.9056,-0.061 , 0.0367, 0.1671],0.4048
2321,[-0.9059,-0.0757, 0.0954, 0.1649],[-124.5768,-125.7325,-122.9872,-125.1295,-122.8386],[-0.905 ,-0.0773, 0.094 , 0.159 ],0.3678
2322,[-0.9045,-0.0589,-0.0651, 0.2045],[-5.2889,-4.8587,-6.1224,-5.5712,-5.0427],[-0.9033,-0.0397,-0.1001, 0.1899],0.3748
2323,[-0.9027,-0.1468, 0.185 , 0.1677],[-7.0932,-8.6045,-5.8789,-7.5765,-6.4681],[-0.9014,-0.1496, 0.183 , 0.1653],0.2771
2332,[-0.8901, 0.1746,-0.1387, 0.1443],[-2.5722,-3.8586,-3.0226,-3.6306,-2.1846],[-0.8904, 0.1685,-0.1201, 0.1355],0.2548
2334,[-0.9018, 0.2232,-0.2153, 0.149 ],[ 1.5662, 4.364 ,-0.5324, 0.1295,13.1664],[-0.9017, 0.22  ,-0.2035, 0.1415],0.2363
2336,[-0.9093, 0.2572,-0.2882, 0.1773],[ 0.188 ,12.1857,-1.2347, 0.1525, 0.2682],[-0.908 , 0.2573,-0.2802, 0.1867],0.2042
2341,[-0.9058,-0.1772, 0.1505, 0.1353],[ 0.1452,-1.2491,-1.8267,-1.7495, 0.3956],[-0.906 ,-0.1715, 0.1338, 0.1247],0.3081
2343,[-0.8999,-0.1895, 0.2092, 0.1465],[ 3.0977,-0.9152, 4.7341,-0.1497,30.1402],[-0.8991,-0.1897, 0.2018, 0.1399],0.2419
2345,[-0.8911,-0.2546, 0.2913, 0.1512],[ 2.8129,-1.8638, 5.8716,-0.2403, 1.8406],[-0.8896,-0.2557, 0.2877, 0.1539],0.1413
2354,[-0.9022, 0.2875,-0.2482, 0.1896],[ 1.098 , 2.5155,-0.0607, 0.9935, 4.8597],[-0.9033, 0.2804,-0.2273, 0.1831],0.2021
2356,[-0.9025, 0.3033,-0.3104, 0.1556],[ 1.7941,16.0291,-0.1811, 0.0283, 0.7528],[-0.9022, 0.301 ,-0.2976, 0.1671],0.1554
2400,[-0.9078,-0.0285, 0.0243, 0.0605],[ 3.8401e+00, 1.2942e+01, 4.3015e+00,-3.6004e-01, 8.7039e+02],[-0.9076,-0.0277, 0.023 , 0.0468],0.4244
2401,[-0.9085,-0.0428, 0.0704, 0.0608],[ -0.5848, -0.739 ,175.1207, -0.3865,  0.5495],[-0.9081,-0.0463, 0.071 , 0.0509],0.407
2402,[-0.907 , 0.0392,-0.0704, 0.0596],[-33.6306,-32.9834,-35.2971,-34.9418,-33.645 ],[-0.9066, 0.0432,-0.0724, 0.0543],0.401
2404,[-0.897 , 0.0483,-0.1725, 0.0577],[-6.0219,-5.1188,-6.4231,-5.5875,-5.8361],[-0.8952, 0.0618,-0.1719, 0.0444],0.2977
2410,[-0.9054, 0.0674,-0.0367, 0.0666],[-30.8712,-32.3106,-30.0136,-31.7648,-30.4768],[-0.9054, 0.0626,-0.0298, 0.0587],0.405
2411,[-0.9028, 0.057 , 0.0613, 0.0846],[-7.8789,-8.1482,-7.2708,-7.877 ,-7.6623],[-0.9024, 0.0419, 0.0661, 0.0803],0.3857
2412,[-0.9064, 0.0822,-0.0933, 0.0663],[ 0.8068,66.7193, 0.7667, 0.5246, 5.2399],[-0.9061, 0.0829,-0.0892, 0.0644],0.3719
2414,[-0.9035, 0.1431,-0.1822, 0.0487],[-1.325 , 2.1862,-4.331 ,-1.5592, 2.6771],[-0.9026, 0.1471,-0.1825, 0.0491],0.2833
2420,[-0.9047,-0.0661, 0.0407, 0.0555],[-16.7954,-16.3925,-17.8388,-17.9568,-17.2717],[-0.9047,-0.0622, 0.0356, 0.0441],0.4006
2421,[-0.905 ,-0.0788, 0.0961, 0.0582],[6.8645e-01,4.2432e-01,5.9613e+00,9.4004e-02,1.7177e+02],[-0.9046,-0.0806, 0.0945, 0.0448],0.3641
2423,[-0.9035,-0.143 , 0.1852, 0.0483],[-7.0296,-9.4601,-5.9419,-8.5959,-8.2358],[-0.9025,-0.1475, 0.1862, 0.0479],0.2811
2430,[-0.8939, 0.1687,-0.0455, 0.028 ],[-4.9589,-5.5456,-4.5572,-5.6601,-4.8029],[-0.8954, 0.1555,-0.0496, 0.0125],0.3119
2432,[-0.9006, 0.1844,-0.1407, 0.053 ],[-3.1976,-4.1747,-4.2328,-4.2203,-2.9696],[-0.9014, 0.1775,-0.1247, 0.0474],0.2917
2434,[-0.8984, 0.1937,-0.2082, 0.0507],[ 1.1172,14.9643,-0.7829, 0.1426, 2.0309],[-0.898 , 0.1941,-0.2017, 0.0544],0.2356
2436,[-0.8896, 0.2287,-0.2799, 0.0444],[ 3.7931,13.3157,-1.2381,-0.0251, 0.2692],[-0.8881, 0.2325,-0.2795, 0.032 ],0.1485
2440,[-8.8620e-01,-1.7690e-01, 3.5468e-02, 6.9885e-04],[-7.2769,-6.4735,-8.1709,-7.0897,-7.3466],[-0.888 ,-0.1626, 0.0384,-0.0149],0.2839
2441,[-0.9009,-0.1815, 0.1386, 0.0661],[ 0.4945,-0.1788,-0.1435, 0.9335,29.8596],[-0.9018,-0.1743, 0.1197, 0.0556],0.2967
2443,[-0.9003,-0.193 , 0.2085, 0.0629],[  0.5556, -0.5218,104.4797,  1.5521,  0.9259],[-0.8999,-0.1934, 0.2015, 0.0661],0.2427
2445,[-0.8981,-0.2303, 0.2965, 0.0708],[ 1.2936,-1.7649, 8.1105, 3.0838, 2.28  ],[-0.8958,-0.2351, 0.2991, 0.0827],0.1646
2447,[-0.9022,-0.2022, 0.4102, 0.0495],[-0.5446,-1.3958,-0.8168,-1.1484,-1.0966],[-0.8954,-0.2162, 0.407 , 0.0635],0.1223
2456,[-0.9059, 0.2966,-0.338 , 0.0839],[ 0.2539, 8.494 ,-0.3986,-0.0612, 0.7617],[-0.9045, 0.298 ,-0.3323, 0.0972],0.148
2463,[-0.908 ,-0.3402, 0.2568, 0.055 ],[ 1.5145, 1.1741, 1.0378,28.7253, 0.7829],[-0.9111,-0.33  , 0.2315, 0.0702],0.2034
2465,[-0.9045,-0.3503, 0.3058, 0.0185],[ 0.2794,-0.3866, 3.3305,12.    , 0.3216],[-0.9065,-0.3454, 0.2883, 0.0323],0.1534
2500,[-0.9077,-0.0231, 0.0101,-0.0522],[  2.7869,  3.4719,  4.1019,  1.1934,990.1089],[-0.908 ,-0.0208, 0.0058,-0.0678],0.4303
2501,[-0.9074,-0.0423, 0.0687,-0.0487],[ 3.4991e-01,-1.0777e+00, 3.1436e+02,-8.0761e-01,-1.0830e-01],[-0.9075,-0.0459, 0.0692,-0.0613],0.4056
2502,[-0.9068, 0.0253,-0.0675,-0.0769],[ -1.8825,177.4189, -2.165 , -1.4101, -1.1916],[-0.907 , 0.0312,-0.0691,-0.0907],0.4103
2510,[-0.9059, 0.0631,-0.047 ,-0.0698],[  3.9183,  0.8552,114.2926, -0.5929, -0.1694],[-0.9064, 0.0612,-0.0469,-0.0743],0.4036
2511,[-0.9061, 0.063 , 0.0588,-0.0314],[-5.3638,-5.6345,-4.6553,-5.452 ,-5.375 ],[-0.9064, 0.047 , 0.0603,-0.0453],0.4041
2512,[-0.9058, 0.0752,-0.0858,-0.0657],[  0.7521,248.5262,  0.2694,  1.2489,  0.4297],[-0.906 , 0.0765,-0.0837,-0.0731],0.3776
2514,[-0.9037, 0.1395,-0.187 ,-0.0507],[-5.8804,-4.5833,-9.1255,-7.254 ,-6.7082],[-0.9029, 0.1454,-0.1897,-0.0495],0.2822
2520,[-0.9056,-0.0689, 0.0445,-0.0768],[ 7.3999e-01, 3.6337e+02,-2.1637e-03, 1.6005e+00, 1.0847e+00],[-0.9062,-0.0659, 0.044 ,-0.0868],0.402
2521,[-0.9062,-0.0838, 0.0959,-0.0654],[4.8975e-01,4.4158e-01,1.2974e+03,2.5609e+00,1.8961e-01],[-0.9064,-0.0852, 0.0932,-0.0751],0.3702
2523,[-0.8986,-0.1409, 0.1853,-0.0628],[ 0.0639,-2.6559,25.1371, 0.608 , 0.2567],[-0.898 ,-0.1464, 0.1879,-0.0699],0.2634
2532,[-0.9002, 0.1784,-0.1422,-0.068 ],[-1.3235,-0.6964,-2.6274,-1.1844, 0.5375],[-0.9013, 0.1732,-0.1284,-0.0668],0.2916
2534,[-0.8987, 0.192 ,-0.2106,-0.0615],[ 2.2112e+00, 6.6265e+01, 3.0234e-02, 2.8603e-01,-1.6255e-01],[-0.8985, 0.1938,-0.2059,-0.0579],0.2357
2536,[-0.9089, 0.274 ,-0.2981,-0.0274],[-0.1166,17.2995,-1.5201, 2.4268,-0.6314],[-0.9084, 0.2759,-0.2927,-0.0171],0.1905
2541,[-0.9002,-0.1814, 0.1368,-0.0674],[-0.2623,-0.9572,-0.0491,-0.8771, 2.1   ],[-0.9015,-0.1756, 0.1254,-0.0774],0.2922
2543,[-0.8985,-0.1898, 0.2198,-0.0679],[37.704 ,-0.449 , 7.3489, 2.1434,-0.2089],[-0.8981,-0.1931, 0.2185,-0.0687],0.2284
2565,[-0.9032,-0.3508, 0.3554,-0.0555],[ 0.7994,-0.3523,13.2878, 0.708 , 0.8691],[-0.9034,-0.351 , 0.3473,-0.0424],0.1128
2567,[-0.8997,-0.355 , 0.3913,-0.109 ],[ 0.0956,-1.4114, 3.1879, 1.4027,-0.8152],[-0.8987,-0.3579, 0.3884,-0.0952],0.0762
2600,[-0.9065,-0.0081, 0.0037,-0.1709],[257.3522,  3.2634,  3.2082,  5.235 ,  1.172 ],[-0.9073,-0.0074, 0.0023,-0.1814],0.4283
2601,[-0.9067,-0.0383, 0.0702,-0.1685],[ 0.0727,-2.3726,54.9208,-1.4462,-2.0573],[-0.9072,-0.0432, 0.0724,-0.1767],0.404
2602,[-0.9083, 0.0361,-0.0703,-0.1608],[-1.0464e-02, 1.8794e+02,-1.1874e+00, 1.6033e+00,-2.1713e-01],[-0.9089, 0.0414,-0.0728,-0.1731],0.412
2610,[-0.9048, 0.0642,-0.0486,-0.1815],[  0.6424,  0.6915,187.2059,  0.5056,  0.3212],[-0.9057, 0.0626,-0.0487,-0.1785],0.3992
2612,[-0.9061, 0.0796,-0.0884,-0.1805],[  1.2754,398.1992,  0.4341,  2.8377,  0.4407],[-0.9068, 0.0811,-0.0864,-0.184 ],0.3772
2614,[-0.9044, 0.149 ,-0.181 ,-0.1894],[ 1.841 ,21.5736,-1.1798, 0.2538,-0.4481],[-0.9044, 0.1542,-0.1834,-0.1899],0.2867
2620,[-0.9075,-0.0677, 0.0461,-0.1623],[3.4805e-01,4.1474e+02,2.0759e-01,8.2398e-01,1.0004e+00],[-0.9084,-0.0653, 0.0463,-0.1696],0.4113
2621,[-0.907 ,-0.0848, 0.0871,-0.1624],[  2.5091,  1.0197,416.5608,  2.2341,  1.0488],[-0.9077,-0.0851, 0.0828,-0.1678],0.3812
2623,[-0.9004,-0.1513, 0.1832,-0.1564],[ 0.4025,-1.162 ,11.7402,-0.5302, 0.0315],[-0.9004,-0.156 , 0.1838,-0.163 ],0.2701
2632,[-0.9017, 0.172 ,-0.1427,-0.1475],[-0.197 , 0.3304,-0.9876, 0.7698,-0.2083],[-0.903 , 0.1679,-0.1285,-0.1486],0.3008
2634,[-0.9043, 0.1841,-0.2038,-0.1744],[ 0.3081, 2.352 , 0.0374,35.7039, 0.1739],[-0.9044, 0.1873,-0.2028,-0.1614],0.2621
2641,[-0.9008,-0.1802, 0.1388,-0.186 ],[ 1.5455e-02,-3.4648e-01, 6.6224e-01, 3.2752e+01, 9.7154e-02],[-0.9026,-0.1745, 0.1226,-0.1756],0.2983
2643,[-0.8943,-0.1914, 0.1996,-0.1725],[  1.1829,  0.3052,105.9908,  1.2129,  0.2109],[-0.8949,-0.1929, 0.1942,-0.178 ],0.2281
2665,[-0.9089,-0.3247, 0.3742,-0.1851],[ 1.2254,-0.4846, 7.0286, 0.9491,-0.1291],[-0.9074,-0.3303, 0.3778,-0.1694],0.1201
2667,[-0.9022,-0.3471, 0.3931,-0.15  ],[ 1.2386,-1.1159, 5.3015, 0.187 ,-0.9917],[-0.9007,-0.3513, 0.3932,-0.1363],0.0829
2700,[-0.9001, 0.0281,-0.0138,-0.3035],[ 2.3628,47.5425, 4.2876, 3.4583, 1.4361],[-0.9014, 0.026 ,-0.0096,-0.2936],0.4056
2701,[-0.9034,-0.0362, 0.079 ,-0.3261],[-2.6492,-3.5725,29.9419,-0.6287,-3.466 ],[-0.9044,-0.0431, 0.0835,-0.3148],0.3861
2702,[-0.9056, 0.038 ,-0.0709,-0.2672],[-3.321 ,-2.8001,-4.9985,-2.4115,-4.2649],[-0.9065, 0.0434,-0.074 ,-0.2687],0.3999
2710,[-0.8972, 0.0633,-0.0496,-0.299 ],[-0.5324,-0.2771, 1.7672, 2.1479,-0.9082],[-0.8986, 0.062 ,-0.0481,-0.2863],0.3689
2712,[-0.8984, 0.086 ,-0.0897,-0.3111],[ 0.6943,51.2693, 0.1694, 6.591 , 1.557 ],[-0.8996, 0.0874,-0.089 ,-0.298 ],0.3424
2714,[-0.9064, 0.1486,-0.1766,-0.3101],[ 0.7847, 2.8426,-1.4797, 2.5749,-0.3501],[-0.9069, 0.1541,-0.179 ,-0.2945],0.2983
2720,[-0.9069,-0.0663, 0.0415,-0.2959],[ 0.3646, 0.2313,-0.6492, 0.5973,-1.4429],[-0.9083,-0.0631, 0.0375,-0.2868],0.4143
2721,[-0.9069,-0.0731, 0.1059,-0.2938],[ 0.9372,-0.0217, 5.6207,17.9176, 0.4155],[-0.9077,-0.0789, 0.1097,-0.2806],0.3708
2723,[-0.9056,-0.1441, 0.1855,-0.3163],[-0.3365,-1.6975, 1.6221,-0.2339,-1.1688],[-0.9059,-0.1512, 0.1881,-0.307 ],0.2921
2732,[-0.9056, 0.189 ,-0.1284,-0.3598],[0.3274,1.3651,0.9247,1.6369,0.1385],[-0.9083, 0.1818,-0.1146,-0.346 ],0.3219
2734,[-0.9081, 0.1751,-0.203 ,-0.2655],[ 0.6425, 9.6258,-0.0673, 2.0086, 0.7978],[-0.9084, 0.1805,-0.2062,-0.2494],0.2783
2743,[-0.8994,-0.1887, 0.2308,-0.2842],[1.0851,0.195 ,3.5753,6.1169,0.0189],[-0.8993,-0.1951, 0.2327,-0.2707],0.2264
2800,[-0.8917, 0.0359, 0.0067,-0.4421],[ 2.0097, 1.1455, 2.2658,30.7475, 0.7327],[-0.8936, 0.0302, 0.0126,-0.4246],0.3667
2801,[-0.9007,-0.0147, 0.0731,-0.4251],[ 0.591 , 0.3446,36.4071, 0.435 , 0.6549],[-0.9021,-0.0234, 0.0769,-0.4093],0.3881
2802,[-0.8901, 0.0486,-0.0663,-0.4349],[-1.3634,-0.0846,-2.0538,-0.9522,-1.448 ],[-0.8918, 0.0516,-0.0672,-0.4274],0.3375
2810,[-0.8824, 0.0636,-0.044 ,-0.4487],[ 1.1613, 0.5603,33.4195, 1.5396, 1.3022],[-0.8844, 0.0622,-0.0438,-0.4335],0.3112
2812,[-0.8889, 0.0762,-0.0769,-0.4351],[ 3.9882,10.9576, 1.3143,27.142 , 1.0513],[-0.8907, 0.0778,-0.0804,-0.4178],0.3134
2814,[-0.9062, 0.1369,-0.1779,-0.4068],[ 0.8688, 4.9356,-0.8222, 0.8883,-0.4502],[-0.9069, 0.1447,-0.1801,-0.394 ],0.3026
2820,[-0.8996,-0.0706, 0.047 ,-0.4218],[ 1.261 ,24.9588, 0.338 , 1.4743, 0.4543],[-0.9016,-0.0681, 0.0446,-0.4071],0.3804
2821,[-0.9014,-0.082 , 0.1012,-0.4285],[ 1.4979, 0.8969,69.7479, 2.9232, 0.8328],[-0.9029,-0.0863, 0.1031,-0.4149],0.3504
2823,[-0.8945,-0.1116, 0.1899,-0.4003],[ 0.0944,-0.5571, 0.8446, 3.3728, 0.1019],[-0.8943,-0.1233, 0.2001,-0.3842],0.254
2832,[-0.9038, 0.1903,-0.15  ,-0.4003],[ 0.9204, 4.0231, 1.5896, 2.2114,-0.1093],[-0.9064, 0.1867,-0.1395,-0.3854],0.2996
2834,[-0.8973, 0.2027,-0.1902,-0.4481],[ 2.614 ,25.1909, 0.0982, 3.3606, 0.1824],[-0.8994, 0.2036,-0.1834,-0.4329],0.2445
2900,[-0.8932, 0.033 , 0.018 ,-0.6132],[ 1.4042e+00, 3.4751e-01, 5.2356e-01, 2.2107e+02,-1.9369e-01],[-0.8958, 0.025 , 0.0296,-0.5946],0.3779
2901,[-0.9015,-0.0075, 0.0733,-0.6082],[-2.9385e-01,-4.2350e-01, 1.8832e+02, 3.3231e-01,-2.2992e-02],[-0.9037,-0.0179, 0.078 ,-0.591 ],0.397
2902,[-0.8805, 0.0428,-0.0753,-0.7297],[-6.7559,-1.0878,-9.0404,-5.6022,-8.7214],[-0.8833, 0.0483,-0.0786,-0.7121],0.2988
2910,[-0.8793, 0.0703,-0.038 ,-0.6194],[  1.3629, -0.3773,  5.5261,254.5584, -0.5185],[-0.8822, 0.0668,-0.0315,-0.6025],0.3049
2911,[-0.8812, 0.0692, 0.0701,-0.58  ],[-0.7199,-1.7811,-0.6984,-0.5273,-1.5   ],[-0.8834, 0.0513, 0.0874,-0.5615],0.2926
2912,[-0.8782, 0.08  ,-0.0725,-0.6448],[  1.1604,  6.056 , -2.4237,740.7128, -1.9476],[-0.881 , 0.0806,-0.0716,-0.6279],0.2777
2914,[-0.8886, 0.1489,-0.1803,-0.7015],[  2.6846,  1.5878, -0.4313,157.4633, -0.3021],[-0.8906, 0.1566,-0.185 ,-0.6824],0.2325
2920,[-0.8782,-0.0695, 0.048 ,-0.6009],[-15.0343,-14.6833,-15.3152,-14.7956,-15.8602],[-0.881 ,-0.0682, 0.0477,-0.5858],0.2935
2921,[-0.8868,-0.0826, 0.0968,-0.6025],[ 6.0801,-1.011 , 3.3501,13.5383,-0.864 ],[-0.8891,-0.0863, 0.0982,-0.5845],0.2963
2932,[-0.9087, 0.179 ,-0.1614,-0.6407],[-4.0721,-3.414 ,-5.0491,-3.7379,-4.8508],[-0.9117, 0.1805,-0.1573,-0.6221],0.3152
2934,[-0.8986, 0.1873,-0.1974,-0.631 ],[ 1.8754e+00, 2.9218e+00,-1.2824e+00, 3.1754e+02, 2.4724e-01],[-0.9007, 0.1927,-0.1975,-0.6122],0.2482
3314,[-0.8595, 0.1543,-0.2211, 0.1793],[-1.1048,-0.2274,-2.9428,-2.0157,-0.0408],[-0.8575, 0.1582,-0.2191, 0.1694],0.1069
3414,[-0.8648, 0.1416,-0.2169, 0.0628],[-0.527 , 0.2589,-3.1924,-1.6603, 0.048 ],[-0.8629, 0.1476,-0.2215, 0.054 ],0.1268
3700,[-0.851 , 0.0391,-0.0166,-0.3487],[ 0.5148, 1.6541, 1.2716,-1.4746, 1.0096],[-0.8526, 0.0372,-0.0146,-0.3497],0.2088
3702,[-0.855 , 0.0475,-0.0703,-0.3602],[-2.855 ,-1.5161,-4.2591,-3.5728,-2.8433],[-0.8563, 0.0507,-0.0756,-0.3675],0.1968
3710,[-0.8528, 0.0622,-0.0466,-0.3521],[-2.5756,-2.8753,-1.1367,-2.884 ,-1.8346],[-0.8545, 0.0613,-0.0462,-0.3532],0.1977
3712,[-0.8605, 0.0627,-0.0583,-0.3538],[ 0.2886, 2.3305,-0.6597,-0.3625, 2.1372],[-0.8621, 0.0629,-0.0582,-0.3525],0.2191
3800,[-0.8494, 0.0361,-0.0088,-0.4285],[ 1.4014, 3.3217,20.0419, 1.3699, 1.5823],[-0.8513, 0.0339,-0.009 ,-0.4293],0.2044
3801,[-0.8646,-0.0219, 0.0584,-0.4644],[ 0.1499,-0.83  ,10.3063, 0.2425,-0.2888],[-0.8665,-0.0266, 0.0627,-0.4751],0.2474
3802,[-0.8539, 0.0534,-0.0624,-0.421 ],[-0.6477, 3.6808,-0.9202,-0.0921,-0.7619],[-0.8557, 0.0549,-0.0626,-0.4362],0.198
3810,[-0.8515, 0.0657,-0.0473,-0.4645],[2.6911,0.6013,3.5064,3.3672,1.1902],[-0.8537, 0.0647,-0.0464,-0.4583],0.1941
3812,[-0.8526, 0.068 ,-0.0613,-0.4678],[ 4.66  ,15.6984,-0.3193, 1.3634, 0.301 ],[-0.8547, 0.0681,-0.06  ,-0.4633],0.1916
3900,[-0.8416,-0.007 ,-0.0066,-0.9035],[  1.4297, 60.0921,  1.5638,233.8497,  0.5782],[-0.8455,-0.0057,-0.0072,-0.8904],0.1866
3901,[-0.8524,-0.0247, 0.0742,-0.7794],[-3.9062,-5.0653,-2.4742,-2.2831,-4.1004],[-0.8554,-0.0308, 0.0782,-0.7623],0.2002
3902,[-0.8343, 0.0416,-0.0783,-0.9891],[ -1.1989,  2.2022, -2.9957,375.871 , -2.4835],[-0.8382, 0.0466,-0.0815,-0.9764],0.1365
3910,[-0.8466, 0.0719,-0.0497,-0.628 ],[7.8817e-01,1.0588e+00,1.6142e+02,6.5501e-01,1.4886e-01],[-0.8495, 0.071 ,-0.051 ,-0.6219],0.1761
3912,[-0.8445, 0.0762,-0.0737,-0.6962],[ 1.0254e+00, 9.8320e+02,-4.2899e-01, 4.6728e+00, 5.4021e-01],[-0.8475, 0.0771,-0.0713,-0.6874],0.1601
3914,[-0.8284, 0.1488,-0.174 ,-0.6911],[-2.0033,-1.0243,-3.8817,-1.6127,-2.8287],[-0.8306, 0.153 ,-0.172 ,-0.6744],0.0477
3920,[-0.8456,-0.0718, 0.0462,-0.7458],[ 1.7227, 7.2167, 0.4922,11.5012, 0.207 ],[-0.849 ,-0.0706, 0.0461,-0.7351],0.1762
3921,[-0.8446,-0.0753, 0.0704,-0.7298],[ 0.3424,-1.3788, 3.7519, 3.9237,-0.1037],[-0.8478,-0.076 , 0.0682,-0.719 ],0.1629
3932,[-0.842 , 0.1823,-0.1253,-0.728 ],[ 0.1704, 0.2617,-0.6523, 2.951 , 0.595 ],[-0.8462, 0.1789,-0.1108,-0.7183],0.1059
3934,[-0.8247, 0.1847,-0.1714,-0.714 ],[-0.3876, 1.6652,-2.4926, 1.7282,-0.2615],[-0.8281, 0.1861,-0.1644,-0.7281],0.0325
4800,[-0.8202, 0.0521,-0.0137,-0.4256],[ 0.2179,-0.2599, 0.6581, 0.2378, 1.5584],[-0.8223, 0.0498,-0.0182,-0.4308],0.1059
4810,[-0.814 , 0.0686,-0.0412,-0.4789],[ 0.1323, 0.0068,-0.0587,-0.2989,-0.4582],[-0.8163, 0.0667,-0.0356,-0.4773],0.078
4812,[-0.8054, 0.0736,-0.0708,-0.4766],[ 1.3001, 1.4632,-0.8091,-0.5506, 1.1241],[-0.8075, 0.0739,-0.0681,-0.4764],0.0421
4900,[-0.7955,-0.0051,-0.0152,-0.8848],[  2.0112,  2.447 ,  5.1946,  2.2927,898.0521],[-0.7995,-0.003 ,-0.0215,-0.9027],0.045
4901,[-0.7901,-0.0368, 0.0782,-0.9098],[37.5409,-1.7357, 6.1202, 0.4777,-1.2258],[-0.7937,-0.0407, 0.0784,-0.9093],0.0117
4902,[-0.7958, 0.0304,-0.0743,-0.88  ],[-3.2440e-01, 3.6366e+02,-9.1296e-01,-7.1362e-01,-5.2241e-01],[-0.7993, 0.0346,-0.0758,-0.8763],0.029
4910,[-0.8072, 0.0652,-0.0499,-0.7211],[ 0.8693,-0.1517, 6.9071, 0.4972, 0.8979],[-0.8104, 0.0651,-0.0513,-0.7094],0.0576
4912,[-0.8023, 0.071 ,-0.0815,-0.7563],[ 2.2945,28.8248,-0.691 , 0.3073, 3.4115],[-0.8054, 0.0728,-0.0801,-0.7433],0.0333
4914,[-0.8065, 0.1372,-0.178 ,-0.6992],[-1.0921, 0.531 ,-3.1236,-0.095 ,-0.5198],[-0.8083, 0.1422,-0.179 ,-0.6955],-0.0084
4920,[-0.7969,-0.066 , 0.0283,-0.8148],[1.3544,7.3796,0.4907,1.8467,9.2862],[-0.8007,-0.0637, 0.0227,-0.8237],0.0373
4921,[-0.7983,-0.071 , 0.0796,-0.8169],[ 0.6912,-0.0531,22.8032, 0.7295, 1.0783],[-0.8018,-0.0727, 0.0768,-0.8144],0.0246
4934,[-0.8141, 0.1744,-0.1807,-0.6547],[ 0.5949, 9.4609,-1.2135, 0.7531, 0.7745],[-0.8165, 0.1772,-0.1787,-0.6658],0.0011
5800,[-0.7406,-0.0069, 0.0217,-0.465 ],[-0.7785,-0.2234,-0.151 ,-1.541 , 0.3785],[-0.7427,-0.0079, 0.0223,-0.4742],-0.0906
5801,[-0.7341,-0.0172, 0.0594,-0.4486],[-0.6534,-1.2496,-0.112 ,-1.1611,-0.2145],[-0.7359,-0.0199, 0.0637,-0.466 ],-0.1099
5802,[-0.7352, 0.0448,-0.0568,-0.4645],[-1.0796,-0.4642,-1.9476,-1.8844,-0.7296],[-0.7372, 0.0455,-0.051 ,-0.4489],-0.1099
5900,[-0.7508, 0.0014,-0.0159,-0.8008],[ 1.9563e+00, 1.1892e+00, 1.5685e+03,-1.9202e-01, 3.1708e+00],[-0.7544, 0.0028,-0.0214,-0.8149],-0.0654
5901,[-0.7463,-0.0378, 0.0643,-0.7101],[ 7.4535e-02,-9.1795e-01, 1.0340e+02,-1.2095e-01, 1.6394e+00],[-0.7492,-0.0399, 0.0633,-0.7191],-0.0867
5902,[-0.7591, 0.0375,-0.0683,-0.8444],[-34.9612,-33.531 ,-35.2212,-35.1852,-34.7109],[-0.7626, 0.0404,-0.0704,-0.8509],-0.0596
5910,[-0.7507, 0.0654,-0.0386,-0.7938],[ 2.5138,-1.8084, 3.6715,-2.1473, 3.5866],[-0.7544, 0.0645,-0.0386,-0.8061],-0.0764
5911,[-0.7485, 0.0589, 0.0619,-0.9504],[-3.939 ,-4.8371,-3.81  ,-4.4632,-4.333 ],[-0.7527, 0.0513, 0.0656,-0.9707],-0.0821
5912,[-0.7687, 0.0625,-0.0767,-0.8456],[-10.8087,-10.3607,-11.0957,-11.3038,-10.2468],[-0.7722, 0.0645,-0.0773,-0.847 ],-0.0459
5920,[-0.762 ,-0.0647, 0.0407,-0.7313],[-0.0927, 1.5283,-1.6452,-1.5062, 2.2   ],[-0.7655,-0.0637, 0.0366,-0.7399],-0.0513
5921,[-0.7519,-0.0712, 0.0794,-0.7189],[ 4.1414e-01,-3.9907e-03, 3.9352e+01,-4.0080e-01, 4.9351e-01],[-0.7549,-0.0723, 0.0756,-0.7229],-0.0844
6600,[-0.6892,-0.0073, 0.0183,-0.2421],[ 0.3203,-0.3218, 0.5616,-1.5875, 1.1356],[-0.6904,-0.0075, 0.0097,-0.2589],-0.1784
6700,[-0.696 , 0.0039, 0.0008,-0.3534],[-0.4729,-0.9048, 0.395 ,-1.5677, 2.4894],[-0.6975, 0.0036, 0.0026,-0.3647],-0.1702
6701,[-0.6936,-0.0108, 0.0713,-0.3537],[-1.5651,-2.8443,-0.2291,-2.5951, 0.0351],[-0.6949,-0.0136, 0.0674,-0.3636],-0.1818
6702,[-0.6959, 0.0271,-0.0732,-0.356 ],[-1.0472,-0.4295,-2.0348,-1.7202, 1.0289],[-0.6972, 0.0293,-0.0711,-0.3603],-0.1812
6800,[-0.6969, 0.003 , 0.0045,-0.4541],[-70.1495,-69.964 ,-70.3009,-71.2485,-69.2205],[-0.6989, 0.0027, 0.0047,-0.4663],-0.1675
6801,[-0.6965,-0.0113, 0.0748,-0.4621],[-18.1684,-19.0655,-16.6153,-19.3289,-17.4009],[-0.6982,-0.0144, 0.0739,-0.4741],-0.1775
6802,[-0.6972, 0.0244,-0.0727,-0.4551],[-13.0624,-11.7825,-13.9686,-14.6695,-12.1448],[-0.6989, 0.027 ,-0.0736,-0.4645],-0.1784
6810,[-0.7018, 0.0583,-0.0344,-0.493 ],[-0.8917,-1.2046,-0.4677,-1.7442, 0.1039],[-0.7042, 0.0573,-0.031 ,-0.5111],-0.1678
6812,[-0.695 , 0.0609,-0.078 ,-0.4762],[-0.9951, 0.1476,-1.9649,-2.0718, 0.6225],[-0.6971, 0.0616,-0.0672,-0.4906],-0.1861
6900,[-0.713 , 0.004 ,-0.0101,-0.6207],[ 2.3399e-01, 5.4629e-02, 1.4869e+00,-5.0382e-02, 8.9049e+02],[-0.7158, 0.0046,-0.0125,-0.6389],-0.1397
6901,[-0.7104,-0.0276, 0.0709,-0.5853],[-1.0382e+00,-1.3441e+00, 5.2326e+01,-1.0568e+00, 1.4772e-02],[-0.7128,-0.03  , 0.0678,-0.5982],-0.1544
6902,[-0.7167, 0.0293,-0.0664,-0.6428],[ 0.0723,67.8221,-1.1974,-1.0864, 1.8347],[-0.7193, 0.0316,-0.0661,-0.6583],-0.143
6910,[-0.7159, 0.0646,-0.0342,-0.6953],[ 3.3215,-2.4825, 1.4914,-2.2711,54.5249],[-0.7192, 0.0633,-0.0298,-0.7108],-0.1431
6912,[-0.713 , 0.0713,-0.0954,-0.6504],[-1.1644,66.0239,-1.8565,-1.698 , 2.349 ],[-0.7156, 0.0729,-0.0896,-0.6618],-0.1612
6920,[-0.7301,-0.0658, 0.048 ,-0.7261],[-1.7781,-0.6022,-1.7192,-1.7687,-0.6326],[-0.7335,-0.0655, 0.048 ,-0.7449],-0.1204
6921,[-0.7201,-0.0681, 0.0989,-0.6688],[-0.1242,-2.7065, 2.0429,-1.7732, 3.2628],[-0.7227,-0.0705, 0.0986,-0.682 ],-0.1506
7422,[-0.6696,-0.1479,-0.1166, 0.0144],[-6.1473,-5.7902,-8.5985,-7.4146,-5.4549],[-0.6701,-0.1373,-0.1226, 0.0039],-0.245
7442,[-0.6663,-0.1833,-0.0923, 0.017 ],[-4.7622,-4.2998,-6.5176,-5.6111,-3.5072],[-0.6677,-0.1723,-0.1012, 0.0129],-0.25
7502,[-0.6673,-0.0436,-0.127 ,-0.1089],[-6.7583,-5.5744,-8.3648,-7.6738,-5.595 ],[-0.667 ,-0.0369,-0.1212,-0.1224],-0.2343
7504,[-0.665 ,-0.0339,-0.174 ,-0.1171],[-6.287 ,-5.5333,-7.6271,-6.6695,-5.1914],[-0.6636,-0.0258,-0.1719,-0.1228],-0.2443
7522,[-0.6711,-0.128 ,-0.1263,-0.0747],[ -9.5082, -9.0243,-14.0939,-12.4799, -8.7615],[-0.6714,-0.1176,-0.1308,-0.0891],-0.2416
7524,[-0.6665,-0.0727,-0.1739,-0.1035],[ -8.4587, -8.5655,-10.0895, -9.336 , -8.7545],[-0.6653,-0.0629,-0.1769,-0.1191],-0.2482
7542,[-0.6638,-0.197 ,-0.0795,-0.0102],[-36.8898,-34.4621,-38.9544,-38.3283,-35.1707],[-0.6654,-0.1879,-0.0874,-0.0172],-0.2531
7600,[-0.6739,-0.0027,-0.0267,-0.2221],[-4.6735,-5.5096,-5.3942,-6.4451,-3.3607],[-0.6748,-0.0019,-0.0165,-0.2357],-0.2044
7601,[-0.6811,-0.0052, 0.0641,-0.2291],[-1.9755,-3.0605,-0.3565,-2.3211,-1.2043],[-0.6821,-0.0069, 0.0435,-0.245 ],-0.1966
7602,[-0.6705,-0.0364,-0.126 ,-0.2136],[-47.0024,-45.7212,-49.3121,-48.4187,-45.9189],[-0.6706,-0.0299,-0.1203,-0.2275],-0.2283
7604,[-0.665 ,-0.034 ,-0.1765,-0.2173],[-30.072 ,-28.8494,-31.9316,-30.7181,-29.4392],[-0.6639,-0.0255,-0.1758,-0.2287],-0.2448
7622,[-0.6723,-0.0805,-0.1426,-0.1672],[-14.639 ,-11.7876,-17.8123,-16.7081,-12.5653],[-0.6722,-0.0713,-0.1429,-0.1822],-0.2356
7624,[-0.6695,-0.0695,-0.173 ,-0.189 ],[-14.7082,-14.2085,-16.6355,-15.5099,-14.2587],[-0.6686,-0.0596,-0.1759,-0.2021],-0.2433
7700,[-0.6785, 0.0014,-0.0198,-0.3354],[-36.4249,-37.0162,-36.6206,-37.8952,-35.3422],[-0.68  , 0.0018,-0.0096,-0.349 ],-0.1963
7701,[-0.6834,-0.0086, 0.0701,-0.3401],[-5.8246,-6.5718,-4.1117,-6.4345,-4.9486],[-0.6846,-0.0115, 0.0694,-0.352 ],-0.1976
7702,[-0.6729,-0.0107,-0.1039,-0.3046],[-44.8518,-43.0778,-47.4973,-46.695 ,-43.7479],[-0.6736,-0.0062,-0.0946,-0.319 ],-0.2175
7704,[-0.6631,-0.005 ,-0.1803,-0.2932],[-27.5085,-26.1808,-29.1102,-28.375 ,-27.53  ],[-0.6623, 0.0026,-0.178 ,-0.3058],-0.2454
7712,[-0.6494, 0.0677,-0.1485,-0.3402],[-1.9741,-0.9814,-3.2452,-3.1135,-0.7001],[-0.6499, 0.0708,-0.1375,-0.3568],-0.2626
7714,[-0.6506, 0.0586,-0.1789,-0.3433],[-1.8032, 0.2735,-3.0912,-1.67  ,-0.3448],[-0.6503, 0.0633,-0.171 ,-0.3514],-0.2656
7800,[-0.6834, 0.007 ,-0.007 ,-0.4202],[-128.3901,-128.8212,-128.7707,-129.5587,-127.6418],[-6.8524e-01, 6.6435e-03, 6.5075e-04,-4.3347e-01],-0.1887
7801,[-0.6855,-0.0065, 0.0742,-0.4311],[-15.4875,-16.1867,-14.3816,-16.2224,-14.9668],[-0.6871,-0.0097, 0.0724,-0.4444],-0.1944
7802,[-0.6772, 0.0188,-0.0843,-0.412 ],[-55.5131,-54.5998,-57.1276,-57.1351,-55.1928],[-0.6787, 0.0215,-0.0755,-0.4249],-0.2087
7804,[-0.66  , 0.0392,-0.1866,-0.4068],[-3.686 ,-2.6067,-5.4144,-4.6987,-3.3699],[-0.6595, 0.0454,-0.1833,-0.4182],-0.2537
7810,[-0.6687, 0.0672,-0.036 ,-0.4796],[-4.9327,-5.4225,-5.0919,-6.051 ,-4.5034],[-0.6711, 0.0658,-0.0282,-0.4937],-0.219
7812,[-0.6645, 0.0651,-0.1062,-0.4484],[-5.6779,-4.9113,-6.977 ,-7.0382,-4.7806],[-0.6662, 0.0667,-0.0931,-0.4631],-0.2351
7814,[-0.6564, 0.0645,-0.19  ,-0.4628],[-3.2122,-2.3388,-4.8754,-4.2377,-2.6427],[-0.6563, 0.0698,-0.1835,-0.479 ],-0.2611
7900,[-6.8494e-01, 2.8010e-02, 6.5935e-04,-5.2747e-01],[-29.5466,-29.86  ,-29.7683,-30.0115,-29.6197],[-0.6873, 0.0267, 0.0026,-0.54  ],-0.1885
7901,[-0.6837, 0.0153, 0.0785,-0.5248],[-8.1586,-9.0847,-7.4743,-8.4788,-7.8152],[-0.6857, 0.0111, 0.0723,-0.5355],-0.1967
7902,[-0.6841, 0.0406,-0.0861,-0.5222],[-10.8821,-10.2264,-11.6853,-11.8136,-10.8273],[-0.6861, 0.0428,-0.0817,-0.5322],-0.2022
7910,[-0.679 , 0.0649,-0.0227,-0.5709],[-4.5141,-5.9941,-3.469 ,-5.8768,-3.6412],[-0.6818, 0.0631,-0.0177,-0.5852],-0.2022
7912,[-0.6752, 0.0788,-0.1093,-0.581 ],[-3.8433,-2.153 ,-5.6455,-5.5451,-1.7007],[-0.6774, 0.0804,-0.1007,-0.5957],-0.2232
7914,[-0.6617, 0.0851,-0.1754,-0.5568],[-0.0885, 2.095 ,-2.7057,-1.2949, 1.6328],[-0.6626, 0.0893,-0.1681,-0.5735],-0.254
