100,[-9.6070e-01,-3.1235e-04,-8.7537e-03, 3.9824e-01],[1.3259,2.4461,8.1503,0.7616,0.9464],[-0.9589, 0.003 ,-0.015 , 0.405 ],0.2802
101,[-0.9588,-0.0396, 0.0871, 0.3996],[ 0.5606,-0.375 , 1.1617, 0.3955, 0.159 ],[-0.9567,-0.0503, 0.0952, 0.4047],0.255
102,[-0.9579, 0.0466,-0.0692, 0.3948],[ 0.1599, 1.3899,-0.6803,-0.2977,-0.0081],[-0.956 , 0.0497,-0.068 , 0.3996],0.2689
110,[-0.9559, 0.074 ,-0.0363, 0.3968],[ 0.6141,-0.2538, 1.3216,-0.0228, 0.4895],[-0.9544, 0.0589,-0.0123, 0.4093],0.2943
112,[-0.9573, 0.0798,-0.0836, 0.3861],[1.0373,3.9131,0.1873,0.6902,2.6741],[-0.9556, 0.0766,-0.0763, 0.3918],0.2559
120,[-0.9597,-0.0698, 0.0432, 0.3887],[ 0.438 , 0.7953,-0.6949,-0.2055, 0.3012],[-0.9582,-0.0571, 0.0227, 0.375 ],0.2756
121,[-0.9589,-0.0944, 0.101 , 0.3952],[0.3958,0.9333,3.5489,1.4717,2.8404],[-0.9571,-0.0916, 0.0959, 0.4051],0.2363
200,[-9.6240e-01,-2.8063e-04,-5.7526e-04, 2.8771e-01],[5.6956,1.3415,0.3808,1.1623,0.4778],[-9.6105e-01,-3.1835e-04, 2.3054e-04, 2.9818e-01],0.2747
201,[-0.96  ,-0.0368, 0.0749, 0.3016],[-0.6832,-1.6388, 1.5296,-0.1892,-0.9544],[-0.9584,-0.047 , 0.0852, 0.3112],0.2541
202,[-0.9605, 0.0389,-0.0754, 0.2892],[-0.4202, 1.204 ,-1.952 ,-0.3747,-0.629 ],[-0.959 , 0.0486,-0.0842, 0.2986],0.2517
210,[-0.9613, 0.0746,-0.0334, 0.2908],[-0.8366,-0.9534, 1.5772,-0.4459,-0.5388],[-0.9603, 0.0583,-0.0139, 0.2985],0.2661
212,[-0.961 , 0.095 ,-0.1078, 0.2948],[ 1.0026, 3.7598,-0.0867, 6.8786, 1.1524],[-0.9596, 0.0947,-0.105 , 0.3075],0.2224
214,[-0.9594, 0.1364,-0.1867, 0.2849],[ 0.4735, 6.4656,-0.9621, 1.9983, 0.6885],[-0.9573, 0.1442,-0.1906, 0.2948],0.1758
220,[-0.9605,-0.0704, 0.0256, 0.2934],[-0.1444, 1.2046,-1.4313,-0.3554,-1.0482],[-0.9594,-0.0543, 0.008 , 0.3031],0.2735
221,[-0.9618,-0.1085, 0.1196, 0.3048],[7.0797,1.9833,4.5714,2.9961,0.7331],[-0.9604,-0.1077, 0.1178, 0.3167],0.2093
223,[-0.959 ,-0.144 , 0.1862, 0.2931],[-0.1989,-0.8393, 1.2861, 0.5079,-0.0858],[-0.9571,-0.1493, 0.1868, 0.3059],0.1761
232,[-0.9721, 0.1781,-0.1336, 0.2607],[-0.1313,-0.884 , 1.6672, 0.1434,-0.0433],[-0.9719, 0.1484,-0.0926, 0.275 ],0.1635
234,[-0.9591, 0.1897,-0.2158, 0.2715],[ 0.645 , 2.64  ,-0.1107, 8.28  , 1.0733],[-0.9576, 0.1895,-0.2117, 0.2857],0.1479
236,[-0.9559, 0.2633,-0.3088, 0.2589],[ 0.2963, 8.1871,-0.6979, 3.1544, 1.4106],[-0.9538, 0.2644,-0.3059, 0.2697],0.0904
241,[-0.9621,-0.1725, 0.1482, 0.2789],[ 0.2443, 5.1823, 0.0314,-0.1547, 0.0842],[-0.9614,-0.1602, 0.1356, 0.2915],0.1779
243,[-0.963 ,-0.1879, 0.1981, 0.2765],[4.035 ,0.5526,5.7542,2.5536,0.216 ],[-0.9618,-0.1834, 0.1904, 0.2898],0.1455
245,[-0.9591,-0.2546, 0.2868, 0.2727],[ 0.3321,-0.463 , 1.1277, 0.6305,-0.1077],[-0.9573,-0.2542, 0.2856, 0.2769],0.0927
300,[-0.9645,-0.0037,-0.0033, 0.1823],[-0.6675, 0.5378,-0.857 ,-0.1769,-2.3595],[-0.9636,-0.0014,-0.0049, 0.194 ],0.2652
301,[-0.9634,-0.042 , 0.0683, 0.1827],[-1.7871,-2.242 ,-0.666 ,-1.5544,-2.5928],[-0.9624,-0.0502, 0.076 , 0.194 ],0.2416
302,[-0.9621, 0.0339,-0.0776, 0.181 ],[-0.2172, 1.8277,-1.9915, 0.4929,-1.6853],[-0.9609, 0.0472,-0.0897, 0.1932],0.2427
310,[-0.9638, 0.0723,-0.0362, 0.1769],[-1.7075,-2.4066,-0.8541,-1.6075,-2.1477],[-0.9632, 0.0583,-0.0237, 0.1889],0.2513
312,[-0.9635, 0.0969,-0.1124, 0.1801],[ 0.782 , 2.9236, 0.9681, 8.1881,-0.0236],[-0.9625, 0.0993,-0.1138, 0.1938],0.2071
314,[-0.9623, 0.1391,-0.1873, 0.1752],[ 1.0494,19.2507,-0.3515, 0.3928,-0.0976],[-0.9607, 0.1491,-0.1941, 0.1879],0.1613
320,[-0.9635,-0.0832, 0.0271, 0.1741],[-1.239 ,-0.5416,-2.805 ,-1.2045,-2.3309],[-0.963 ,-0.0626, 0.0083, 0.1857],0.2544
321,[-0.9648,-0.1035, 0.1017, 0.1762],[ 1.4877, 1.2543, 3.2043, 3.9162,-0.9971],[-0.964 ,-0.1   , 0.0973, 0.1889],0.2078
323,[-0.9644,-0.1472, 0.1858, 0.178 ],[-0.7719,-1.2061, 1.3522,-0.7997,-1.3045],[-0.963 ,-0.1557, 0.1914, 0.1899],0.1526
330,[-0.9567, 0.1906,-0.0532, 0.2442],[-0.1332,-0.487 , 0.1643,-0.0312, 0.2465],[-0.9574, 0.1532,-0.0341, 0.2573],0.2353
332,[-0.9661, 0.1837,-0.1414, 0.1553],[-0.6286,-1.7924, 0.3301,-0.8376,-1.3782],[-0.9664, 0.162 ,-0.1133, 0.1665],0.1692
334,[-0.9642, 0.1985,-0.214 , 0.1828],[ 0.308 , 0.4952, 0.0428,13.349 , 0.5225],[-0.9632, 0.1971,-0.2094, 0.1967],0.1281
336,[-0.9644, 0.2494,-0.2977, 0.1988],[ 0.1419,24.2227,-0.0813, 2.0368, 0.344 ],[-0.9623, 0.2539,-0.3001, 0.2121],0.0724
340,[-0.9587,-0.1786, 0.0399, 0.1644],[-2.4221,-1.6742,-3.3672,-2.9022,-3.4776],[-0.9595,-0.1389, 0.0179, 0.1772],0.2399
341,[-0.9626,-0.1894, 0.1214, 0.1538],[-1.4155,-0.1785,-2.381 ,-0.9837,-2.5933],[-0.9631,-0.1643, 0.0969, 0.1669],0.1856
343,[-0.9676,-0.2084, 0.2146, 0.1808],[ 1.4424, 0.1355, 1.9684, 4.0355,-0.8277],[-0.9668,-0.2047, 0.2087, 0.1946],0.1145
345,[-0.9676,-0.2505, 0.2831, 0.204 ],[ 0.3212,-0.7859, 1.0285, 0.3101,-0.6994],[-0.966 ,-0.2523, 0.2842, 0.2181],0.0688
354,[-0.9598, 0.29  ,-0.2625, 0.1573],[-0.7436,-1.2484,-0.3947,-0.342 ,-1.1792],[-0.9604, 0.2769,-0.2395, 0.1711],0.0928
356,[-0.97  , 0.2889,-0.2958, 0.1362],[ 0.7721, 2.5588,-0.609 , 2.8831,-0.8413],[-0.9695, 0.2845,-0.2856, 0.1512],0.0462
363,[-0.9654,-0.2892, 0.2497, 0.141 ],[-2.9704,-2.2264,-3.9662,-3.1162,-4.0799],[-0.9665,-0.2693, 0.2191, 0.1441],0.0863
365,[-0.9607,-0.2876, 0.3049, 0.174 ],[ 0.6116,-0.5388, 1.5261, 1.3857,-1.2166],[-0.9596,-0.2859, 0.3029, 0.1872],0.0663
400,[-0.9654,-0.0074,-0.0053, 0.0645],[ 1.8259, 0.7958, 0.5436,11.8745,-0.3756],[-0.965 ,-0.0034,-0.0074, 0.0793],0.26
401,[-0.9662,-0.0417, 0.0722, 0.0705],[-1.5562,-2.5089,-0.1505,-1.3482,-2.1066],[-0.9656,-0.0535, 0.0832, 0.0842],0.2262
402,[-0.9621, 0.0229,-0.0799, 0.0659],[ 0.7922, 1.3773,-0.6521,17.3285,-0.7383],[-0.9614, 0.0414,-0.095 , 0.0809],0.2412
403,[-0.9561,-0.0547, 0.2015, 0.0121],[-0.1509,-0.3863,-0.0325,-0.2766, 0.1746],[-0.9535,-0.0911, 0.2243, 0.0277],0.1967
404,[-0.9605, 0.0501,-0.1812, 0.0471],[-1.9615,-0.284 ,-2.0283,-0.9165,-2.3119],[-0.9582, 0.0866,-0.2076, 0.0625],0.1891
410,[-0.9659, 0.0694,-0.039 , 0.0685],[-1.2805,-1.5747, 0.795 ,-0.9105,-1.7745],[-0.9657, 0.0559,-0.0248, 0.0813],0.2455
411,[-0.9597, 0.0696, 0.0567, 0.0018],[-0.262 ,-0.31  , 0.3114,-0.1427, 0.0495],[-0.9596, 0.0321, 0.0777, 0.0174],0.2585
412,[-0.9661, 0.0977,-0.1071, 0.0655],[16.6622, 0.9941, 1.9601, 2.9627,-0.6424],[-0.9657, 0.0993,-0.1075, 0.0782],0.1983
414,[-0.9619, 0.1312,-0.1928, 0.069 ],[ 0.8324,29.3374,-0.6707, 0.825 ,-0.4823],[-0.9603, 0.1473,-0.2059, 0.0827],0.1585
420,[-0.9631,-0.0855, 0.0178, 0.0528],[ 0.2186,11.0397,-0.6835, 2.3935,-0.9185],[-0.9631,-0.0618,-0.0012, 0.0669],0.2542
421,[-0.9676,-0.1112, 0.1003, 0.0599],[ 6.1707e-01, 1.1205e+00, 3.0658e+00, 1.1898e+01,-8.8510e-03],[-0.9674,-0.1053, 0.0929, 0.0745],0.1956
422,[-0.96  ,-0.0812,-0.0582, 0.0278],[-1.3325,-1.405 ,-2.1679,-1.2917,-2.021 ],[-0.9598,-0.0384,-0.0848, 0.0422],0.2522
423,[-0.968 ,-0.1491, 0.1825, 0.0738],[-0.6488,-1.4519, 0.3034, 0.0509,-1.4487],[-0.9669,-0.1604, 0.1912, 0.0886],0.1384
432,[-0.9636, 0.1885,-0.1389, 0.0518],[-0.9647,-1.6825, 0.4812,-0.6303,-1.6456],[-0.9644, 0.1701,-0.1201, 0.0649],0.17
434,[-0.9656, 0.202 ,-0.2176, 0.0612],[ 0.5483, 4.0209, 0.1001, 2.2283,-1.1966],[-0.965 , 0.2035,-0.2157, 0.0741],0.1178
436,[-0.9627, 0.2503,-0.2941, 0.0527],[ 0.5951,43.5433,-0.0923, 0.5394,-0.1336],[-0.9611, 0.2581,-0.3   , 0.0662],0.0745
440,[-0.9614,-0.1735, 0.043 , 0.0721],[-1.0335,-0.7692,-2.3549,-1.8527,-2.0523],[-0.9625,-0.1318, 0.0132, 0.0855],0.2335
441,[-0.9635,-0.1983, 0.1299, 0.0568],[-0.7141, 1.9388,-1.4973, 1.9974,-1.593 ],[-0.9646,-0.1733, 0.1034, 0.0708],0.1748
443,[-0.9675,-0.2248, 0.2143, 0.0578],[ 0.6033, 0.4862, 5.0728, 6.6868,-0.3159],[-0.9676,-0.2188, 0.2056, 0.0722],0.1078
445,[-0.9662,-0.2604, 0.2943, 0.0499],[-0.0477,-1.067 , 0.8368, 0.4136,-1.1045],[-0.9649,-0.2669, 0.3009, 0.0631],0.0598
452,[-0.9625, 0.2851,-0.1553, 0.0253],[-0.0156,-0.1056, 0.2248,-0.0352,-0.0118],[-0.9654, 0.2504,-0.1377, 0.0401],0.1282
454,[-0.9602, 0.2918,-0.2552, 0.0474],[-0.9019,-1.301 ,-0.6021,-0.5531,-1.4976],[-0.9612, 0.2791,-0.2384, 0.058 ],0.0899
456,[-0.9636, 0.3169,-0.3301, 0.0594],[ 0.3574, 0.8146,-0.447 , 2.8803,-1.1553],[-0.9631, 0.3156,-0.3223, 0.0745],0.0369
461,[-0.9561,-0.2888, 0.1654, 0.0754],[-2.3682,-1.2662,-3.4166,-1.8513,-2.6338],[-0.9589,-0.2585, 0.1444, 0.09  ],0.143
463,[-0.9627,-0.3036, 0.241 , 0.0508],[-4.4673,-2.7238,-4.8046,-3.7516,-5.2302],[-0.9645,-0.2854, 0.2229, 0.0624],0.0842
465,[-0.9653,-0.3145, 0.3132, 0.0443],[-1.0653,-1.8253,-0.2234, 0.4966,-2.2453],[-0.9653,-0.311 , 0.3063, 0.0577],0.0395
467,[-0.9586,-0.331 , 0.4004, 0.0314],[ 0.1856,-0.8001, 0.744 , 1.0237,-0.901 ],[-0.956 ,-0.3379, 0.3999, 0.0464],0.0154
500,[-0.9674,-0.0085,-0.001 ,-0.0578],[ 1.352 , 1.5696, 0.6016,29.5218,-0.1923],[-0.9675,-0.0051,-0.0032,-0.0424],0.2507
501,[-0.967 ,-0.0361, 0.0756,-0.0644],[-0.3729,-2.0583, 0.3423,-1.2558,-2.1423],[-0.9669,-0.0521, 0.0901,-0.0497],0.2191
502,[-0.9662, 0.0279,-0.0819,-0.0562],[ 1.0166,12.3686,-0.6352, 3.8065,-1.072 ],[-0.966 , 0.0485,-0.0988,-0.0417],0.2204
503,[-0.9582,-0.0104, 0.1741,-0.0021],[-0.1891,-0.5877,-0.0582,-0.2253,-0.0723],[-0.9561,-0.0547, 0.2015, 0.0121],0.212
504,[-0.9571, 0.0376,-0.1773,-0.0099],[-1.0801, 1.7994,-1.7083,-0.7741,-1.4558],[-0.955 , 0.0757,-0.2067, 0.0051],0.2052
510,[-0.9641, 0.0715,-0.0335,-0.0657],[-0.4579,-1.5638, 1.6435,-0.0168,-2.0104],[-0.9645, 0.0571,-0.0194,-0.0503],0.2486
512,[-0.9662, 0.0996,-0.108 ,-0.0616],[ 1.5134, 2.0958, 1.7263,14.7254,-0.4743],[-0.9663, 0.1029,-0.1096,-0.0463],0.1939
514,[-0.9652, 0.1406,-0.1893,-0.0465],[ 0.9363, 3.0092,-0.8501,11.5043,-0.1095],[-0.9642, 0.1577,-0.2054,-0.0318],0.1422
520,[-0.963 ,-0.0889, 0.0212,-0.0528],[ 0.7749,14.4733,-0.7863, 1.6257,-0.6541],[-9.6354e-01,-6.4543e-02,-4.2670e-04,-3.8045e-02],0.2514
521,[-0.9665,-0.1143, 0.1059,-0.0613],[ 1.0966, 0.941 , 1.5776,27.2817,-0.7684],[-0.9668,-0.1106, 0.099 ,-0.0457],0.1934
522,[-0.9624,-0.0754,-0.0721,-0.0328],[-1.1125, 0.5854,-1.9877, 0.2648,-1.7323],[-0.9621,-0.0268,-0.1064,-0.0179],0.2394
523,[-0.965 ,-0.1484, 0.1841,-0.0515],[-0.3882,-1.7292,-0.332 , 0.8767,-1.1286],[-0.9643,-0.1613, 0.195 ,-0.0367],0.1446
532,[-0.9646, 0.1858,-0.13  ,-0.0585],[-1.3682,-1.6012,-0.0626,-0.9708,-1.8804],[-0.9659, 0.1657,-0.1095,-0.0432],0.1712
534,[-0.966 , 0.2107,-0.2196,-0.0547],[ 0.1605, 0.9616,-0.2016, 2.6376,-0.9159],[-0.966 , 0.2139,-0.2199,-0.0399],0.1089
536,[-0.964 , 0.2489,-0.3031,-0.0606],[ 0.1647, 0.2875,-0.4141,21.2113,-0.0426],[-0.9624, 0.2625,-0.3136,-0.0448],0.0633
540,[-0.9608,-0.1802, 0.0445,-0.0629],[-1.2225, 0.7379,-2.2857,-0.7467,-1.9526],[-0.9626,-0.1325,-0.0035,-0.0472],0.2279
541,[-0.9628,-0.196 , 0.1303,-0.0541],[ 1.9636, 0.9617,-1.2645, 4.0097,-1.1371],[-0.9643,-0.1731, 0.1038,-0.0398],0.1756
543,[-0.9656,-0.2192, 0.2081,-0.0654],[ 1.9692, 0.1356, 0.6293,14.4076,-0.6501],[-0.9661,-0.2158, 0.2021,-0.0501],0.1146
545,[-0.9623,-0.2628, 0.2965,-0.0547],[ 0.0098,-1.0815, 1.7439,-0.0036,-1.239 ],[-0.9613,-0.2716, 0.3037,-0.0393],0.067
554,[-0.964 , 0.3004,-0.2365,-0.0671],[-1.2543,-1.3184,-0.6217,-1.4381,-2.3029],[-0.9661, 0.2838,-0.2227,-0.0576],0.0801
556,[-0.9631, 0.3136,-0.3372,-0.0636],[ 0.3517, 0.3249,-1.0436, 1.5447,-1.3793],[-0.9624, 0.3189,-0.3392,-0.048 ],0.0309
558,[-0.9558, 0.3462,-0.3964,-0.0409],[ 0.7357, 1.7005, 0.4283,29.1145, 0.2942],[-0.9539, 0.3528,-0.4019,-0.0251],0.014
561,[-0.9579,-0.2839, 0.1609,-0.0068],[-2.43  ,-0.9442,-3.5866,-2.1444,-3.2459],[-0.9609,-0.2542, 0.1437, 0.0083],0.1387
563,[-0.9652,-0.2962, 0.2373,-0.0614],[-2.3172,-1.284 ,-3.6184,-1.2313,-4.1242],[-0.9672,-0.2796, 0.2186,-0.0459],0.0805
565,[-0.9658,-0.3256, 0.3222,-0.0631],[ 0.323 ,-1.4587, 1.1143, 1.0668,-2.1336],[-0.9661,-0.325 , 0.3169,-0.0475],0.0276
585,[-0.9633,-0.3952, 0.3723,-0.0911],[-10.5548,-10.2532,-10.6426,-10.4121,-11.2514],[-0.9647,-0.3931, 0.361 ,-0.0755],-0.0128
600,[-9.6523e-01, 2.1194e-04,-7.5407e-04,-1.8592e-01],[-0.1493, 0.3227, 1.8672,16.0326,-0.4412],[-9.6596e-01, 7.4733e-04,-2.0738e-03,-1.6984e-01],0.2567
601,[-0.9649,-0.0362, 0.0752,-0.1925],[-0.5938,-1.5336, 3.2425,-0.0294,-1.1278],[-0.9653,-0.053 , 0.0904,-0.1768],0.2242
602,[-0.9636, 0.0332,-0.0797,-0.174 ],[-0.1027, 4.285 ,-0.9458, 1.2398,-0.8162],[-0.9639, 0.0523,-0.0987,-0.1583],0.2266
610,[-0.9645, 0.0765,-0.0319,-0.1888],[-1.4793,-2.5339, 0.937 ,-1.0336,-2.6976],[-0.9656, 0.0598,-0.016 ,-0.1741],0.2441
612,[-0.9644, 0.0989,-0.101 ,-0.1805],[ 0.4061, 1.8965,-0.7307, 3.1692,-1.9243],[-0.9651, 0.1009,-0.1007,-0.1655],0.2024
614,[-0.9644, 0.1429,-0.1872,-0.1941],[ 0.7228, 1.3405,-0.5182, 3.3649,-0.515 ],[-0.9641, 0.1617,-0.2029,-0.1797],0.1418
620,[-0.9658,-0.0741, 0.0314,-0.1747],[ 0.0416, 4.9852,-0.4667,-0.673 ,-0.5043],[-0.9667,-0.0568, 0.0146,-0.1588],0.2433
621,[-0.9656,-0.1081, 0.1092,-0.1839],[-0.3338,-0.5369, 6.5859,18.3578,-1.3213],[-0.9663,-0.1092, 0.107 ,-0.168 ],0.1925
623,[-0.9628,-0.1473, 0.1856,-0.1926],[-0.3167,-0.8371, 1.938 , 1.1026,-1.63  ],[-0.9626,-0.1629, 0.1992,-0.1766],0.1475
630,[-0.9675, 0.1698,-0.0471,-0.1498],[-0.1954,-0.4097, 0.3654,-0.2971,-0.3204],[-0.9694, 0.1251,-0.0171,-0.1342],0.2095
632,[-0.965 , 0.1916,-0.1366,-0.1842],[-2.8245,-3.4127,-1.9067,-2.4117,-3.5962],[-0.9669, 0.1732,-0.1167,-0.1706],0.1617
634,[-0.9643, 0.2101,-0.2128,-0.1741],[-1.7084,-0.3741,-2.1132, 0.279 ,-2.654 ],[-0.9648, 0.214 ,-0.2139,-0.1589],0.1147
636,[-0.9656, 0.2436,-0.2986,-0.161 ],[ 1.2443e+00, 5.6493e+00, 4.1358e-03, 2.0733e+00,-6.0028e-01],[-0.9642, 0.2622,-0.3139,-0.1452],0.0585
640,[-0.9684,-0.1739, 0.0456,-0.1401],[-0.5337, 0.1974,-1.2402, 0.4398,-0.9578],[-0.9703,-0.1121,-0.0288,-0.1238],0.2068
641,[-0.9667,-0.1809, 0.1486,-0.184 ],[ 0.2066, 0.6672,-1.0613,-0.1991,-1.6012],[-0.9681,-0.1694, 0.1324,-0.1689],0.1531
643,[-0.9635,-0.2115, 0.2152,-0.1856],[ 1.6995,-0.8221, 0.039 ,12.7064,-1.274 ],[-0.9641,-0.2153, 0.2153,-0.1694],0.116
645,[-0.9627,-0.2559, 0.2948,-0.1965],[ 0.5073,-0.229 , 1.2254, 0.8146,-1.2273],[-0.9619,-0.2701, 0.3065,-0.1809],0.0647
654,[-0.9632, 0.2854,-0.2474,-0.235 ],[-3.0237,-2.8528,-2.4195,-2.622 ,-3.6013],[-0.9654, 0.2787,-0.2323,-0.2182],0.0803
656,[-0.9621, 0.3366,-0.3208,-0.1435],[-0.7951, 0.7726,-1.4259, 1.1881,-1.9677],[-0.9632, 0.3382,-0.3163,-0.1274],0.0299
661,[-0.9612,-0.2781, 0.1615,-0.1263],[-1.4438, 0.8599,-2.1364,-0.7634,-1.8391],[-0.9644,-0.2504, 0.1482,-0.1108],0.1273
663,[-0.9618,-0.2997, 0.2495,-0.1606],[-1.5082,-1.1163,-2.1927, 0.0428,-2.1674],[-0.9642,-0.2887, 0.2287,-0.1452],0.0816
665,[-0.9658,-0.3112, 0.3195,-0.1751],[-0.4481,-0.8796, 0.028 , 7.3258,-1.5819],[-0.9661,-0.3173, 0.3205,-0.1592],0.0292
667,[-0.9607,-0.3828, 0.3923,-0.1635],[ 0.7528, 0.0698, 1.5985, 6.6894,-0.8211],[-0.9607,-0.3883, 0.3918,-0.1473],-0.0134
687,[-0.961 ,-0.3928, 0.39  ,-0.1314],[ 0.3564, 0.089 , 0.6578,11.8174,-1.5014],[-0.9616,-0.3955, 0.3854,-0.1151],-0.0157
700,[-0.9629, 0.0026, 0.0064,-0.305 ],[-1.3503,-1.8887,-2.553 ,-0.1957,-3.4807],[-0.9642,-0.001 , 0.0093,-0.2893],0.2649
701,[-0.9622,-0.0346, 0.0766,-0.3106],[ 0.2326,-1.0704, 0.6093, 1.9956,-1.8631],[-0.963 ,-0.0531, 0.0954,-0.2948],0.2303
702,[-0.9638, 0.0308,-0.081 ,-0.3084],[-0.5583, 1.8209,-0.607 ,-0.734 ,-1.1997],[-0.9645, 0.0529,-0.1013,-0.2922],0.2227
703,[-0.9592,-0.047 , 0.173 ,-0.3213],[-0.2824,-0.1448,-0.1218, 0.1455,-0.0273],[-0.9585,-0.0873, 0.1985,-0.3049],0.1913
710,[-0.9636, 0.0752,-0.0345,-0.3057],[-1.9797,-2.3691, 0.2014,-0.9963,-2.3628],[-0.9651, 0.0589,-0.0169,-0.2903],0.2452
711,[-0.9606, 0.0568, 0.0589,-0.2512],[ 0.0291,-0.2748,-0.0174, 0.1623,-0.3272],[-0.9611, 0.0086, 0.1216,-0.235 ],0.2446
712,[-0.9624, 0.0958,-0.0922,-0.2972],[-2.8289,-1.352 ,-3.1212,-0.7704,-3.8713],[-0.9636, 0.0967,-0.0912,-0.2818],0.2126
714,[-0.9594, 0.1364,-0.2115,-0.3234],[-0.2374, 0.2786, 0.0815, 2.0494,-1.184 ],[-0.9588, 0.1634,-0.2346,-0.3064],0.1454
720,[-0.9663,-0.0717, 0.0353,-0.3027],[-0.8339, 0.1312,-0.8418,-0.4778,-1.7961],[-0.9678,-0.0551, 0.0159,-0.2858],0.2384
721,[-0.9625,-0.1064, 0.1179,-0.3075],[-1.1973,-1.0663,-0.3521, 5.1469,-2.5973],[-0.9636,-0.1133, 0.122 ,-0.2912],0.1941
723,[-0.9609,-0.1443, 0.1885,-0.309 ],[ 1.3517,-0.1513, 6.3646, 0.3761,-1.304 ],[-0.961 ,-0.1631, 0.205 ,-0.2928],0.1504
732,[-0.9608, 0.1917,-0.1321,-0.3123],[-3.2563,-3.2316,-2.8183,-2.357 ,-4.6612],[-0.9633, 0.1741,-0.1084,-0.2968],0.1763
734,[-0.9594, 0.2229,-0.1984,-0.2993],[-3.9602,-4.1052,-4.0881,-4.1621,-6.1947],[-0.9612, 0.2207,-0.1934,-0.2829],0.1313
736,[-0.9561, 0.227 ,-0.2797,-0.3033],[-0.1498, 1.5422, 0.2861, 3.0664,-0.812 ],[-0.9552, 0.2455,-0.2989,-0.2862],0.0971
741,[-0.9672,-0.1782, 0.1526,-0.2793],[-1.5005,-0.8841,-1.8397,-0.7557,-1.6412],[-0.9689,-0.1702, 0.1385,-0.2626],0.1477
743,[-0.9625,-0.204 , 0.2212,-0.2968],[-0.4983,-1.7036, 0.3763, 7.1688,-1.9476],[-0.9631,-0.2142, 0.2274,-0.2801],0.1144
745,[-0.9628,-0.2528, 0.2917,-0.2914],[ 1.6929,-0.147 , 9.7262, 0.7416,-0.3822],[-0.9622,-0.2699, 0.3081,-0.2746],0.0631
754,[-0.958 , 0.2865,-0.2694,-0.2687],[-4.893 ,-5.0084,-5.3928,-4.7045,-6.241 ],[-0.9595, 0.2878,-0.2644,-0.2604],0.0809
765,[-0.9643,-0.3058, 0.3246,-0.2819],[-0.0514,-1.0108,-0.0988, 7.0689,-1.38  ],[-0.9643,-0.3179, 0.3332,-0.2654],0.0285
800,[-0.9599, 0.0093, 0.0063,-0.4144],[ -9.2715, -9.4063, -9.08  , -7.9313,-10.7834],[-0.9616, 0.0034, 0.012 ,-0.3985],0.2738
801,[-0.9594,-0.0308, 0.0807,-0.4237],[ 1.5614,-0.5535, 0.4026, 0.2609,-2.2708],[-0.9607,-0.0513, 0.1011,-0.4083],0.2373
802,[-0.958 , 0.0301,-0.1039,-0.4043],[-0.5332, 0.0354,-0.9744, 0.1387,-1.7974],[-0.9587, 0.0602,-0.1389,-0.3869],0.2258
810,[-0.9595, 0.0742,-0.0281,-0.4094],[-1.7038,-1.6169,-1.5754,-1.7742,-3.1064],[-0.9615, 0.0589,-0.0128,-0.3959],0.2586
812,[-0.9596, 0.0946,-0.0805,-0.4106],[ -8.2793, -7.9597, -8.3582, -8.3855,-10.2023],[-0.9615, 0.0925,-0.0772,-0.3944],0.2273
814,[-0.9574, 0.1205,-0.1809,-0.3864],[-0.6784,-0.3123, 0.3423, 1.4175,-0.9795],[-0.9576, 0.1437,-0.2007,-0.3704],0.171
820,[-0.9618,-0.0691, 0.0305,-0.4058],[-2.5959,-1.6094,-2.685 ,-1.5228,-3.5959],[-0.9637,-0.0552, 0.0143,-0.3887],0.253
821,[-0.9603,-0.0954, 0.1138,-0.418 ],[-11.4604,-11.4553,-10.6339, -9.9756,-12.5352],[-0.9617,-0.1059, 0.1223,-0.4018],0.2036
823,[-0.9593,-0.1346, 0.19  ,-0.4184],[ 0.5818, 0.2631, 9.8632, 2.3853,-0.2897],[-0.9595,-0.1583, 0.2128,-0.402 ],0.154
825,[-0.957 ,-0.1468, 0.279 ,-0.3997],[-0.1115,-0.0426,-0.0069,-0.1932,-0.1278],[-0.9547,-0.1844, 0.3022,-0.3829],0.1221
832,[-0.9617, 0.1797,-0.1416,-0.3953],[-4.3279,-3.9849,-3.957 ,-3.5693,-5.4105],[-0.9641, 0.1702,-0.124 ,-0.3865],0.1691
834,[-0.9586, 0.1777,-0.1691,-0.4396],[-11.2491,-10.4315,-11.3286,-10.3744,-12.0963],[-0.9605, 0.1812,-0.1684,-0.4221],0.159
843,[-0.9612,-0.1893, 0.2116,-0.4012],[-1.9636,-3.4717,-2.0656,-0.3216,-4.9536],[-0.9621,-0.2032, 0.2217,-0.3855],0.1242
845,[-0.9563,-0.2034, 0.2891,-0.4022],[ 0.4746,18.3608, 0.5569, 1.6238,-0.6147],[-0.9547,-0.2308, 0.3123,-0.3851],0.0988
900,[-0.9575, 0.0095, 0.0102,-0.5122],[-108.4591,-107.5436,-108.2791,-107.546 ,-108.4957],[-0.9596, 0.0029, 0.0151,-0.4944],0.2848
901,[-0.9569,-0.025 , 0.078 ,-0.5099],[-13.1722,-12.1461,-13.4415,-11.0833,-14.3106],[-0.9586,-0.0478, 0.1039,-0.493 ],0.2454
921,[-0.9566,-0.0907, 0.1167,-0.5071],[-47.214 ,-46.524 ,-48.276 ,-46.891 ,-48.8147],[-0.9581,-0.1049, 0.1315,-0.489 ],0.2126
1100,[-0.9432,-0.009 , 0.0032, 0.3976],[ 2.3939,32.3441, 1.7942, 0.9478, 3.1047],[-0.9414,-0.008 , 0.0034, 0.3941],0.3449
1101,[-0.9382,-0.0454, 0.0722, 0.4086],[-0.2776,-0.4403,26.9421,-0.1945, 1.778 ],[-0.9362,-0.0491, 0.0742, 0.4091],0.3461
1102,[-0.9415, 0.0257,-0.0669, 0.3877],[-0.15  , 1.9292,-0.3037, 0.2048,14.2022],[-0.9396, 0.0326,-0.0709, 0.3805],0.3415
1110,[-0.9541, 0.0703,-0.032 , 0.3901],[ 1.5765e-03,-1.3763e+00, 1.5821e+00,-9.2503e-01, 7.4721e-01],[-0.9526, 0.0557,-0.0079, 0.3767],0.3004
1112,[-0.9397, 0.1174,-0.1196, 0.3923],[ 1.1932, 3.1671, 0.3732, 0.7234,15.598 ],[-0.9382, 0.1144,-0.1119, 0.3831],0.2907
1114,[-0.9336, 0.1612,-0.1818, 0.3962],[ 0.7938,10.807 ,-0.4996,-0.0655, 0.9238],[-0.9317, 0.1597,-0.1757, 0.4041],0.2681
1120,[-0.9392,-0.0777, 0.0232, 0.3825],[ 1.1949, 4.1264,-0.2027, 0.0544,21.7777],[-0.9378,-0.0659, 0.0153, 0.3781],0.3568
1121,[-0.9425,-0.0969, 0.1005, 0.3914],[ 1.8669, 0.5448, 1.3781, 0.7542,56.8953],[-0.9408,-0.0944, 0.0951, 0.3857],0.2982
1132,[-0.9215, 0.1922,-0.1426, 0.3846],[ 1.6279,-0.0433, 1.3263,-0.4016, 3.2916],[-0.9212, 0.18  ,-0.1177, 0.3762],0.3275
1134,[-0.9252, 0.1817,-0.2008, 0.3823],[ 1.0579, 2.9723, 0.2976, 0.5954,23.3674],[-0.9235, 0.1796,-0.1922, 0.379 ],0.2828
1141,[-0.9381,-0.1768, 0.1442, 0.3858],[ 1.3007,24.3163,-0.0525, 0.4112, 2.1918],[-0.9372,-0.1666, 0.1336, 0.388 ],0.2632
1143,[-0.9356,-0.1848, 0.1846, 0.3904],[1.1936,0.5409,8.2418,1.3557,1.4821],[-0.9342,-0.179 , 0.1718, 0.401 ],0.2512
1200,[-0.9384,-0.0021,-0.0032, 0.2991],[142.9761,  1.835 ,  2.6906,  0.279 ,  1.9405],[-0.9371,-0.0011,-0.0038, 0.2976],0.3688
1201,[-0.9426,-0.0418, 0.0726, 0.3204],[ 0.8156,-1.7314, 4.8093,-0.9612, 4.2996],[-0.941 ,-0.0471, 0.0759, 0.3154],0.3272
1202,[-0.9384, 0.0363,-0.0757, 0.308 ],[ 0.5757, 4.5143,-0.6615, 0.4142,41.9803],[-0.9368, 0.0432,-0.0816, 0.299 ],0.3432
1203,[-0.951 ,-0.0268, 0.1678, 0.2549],[-0.6011,-1.8335,-0.7173,-1.2393,-1.1214],[-0.9482,-0.0562, 0.1846, 0.2674],0.2472
1210,[-0.9297, 0.0907,-0.0347, 0.2758],[-0.2279,-1.2852,18.4041,-0.7602, 3.3247],[-0.929 , 0.0805,-0.031 , 0.2674],0.3807
1212,[-0.9352, 0.1149,-0.1116, 0.2904],[ 1.0164, 1.1087, 0.7289, 0.345 ,71.9887],[-0.9342, 0.1116,-0.1025, 0.2808],0.3134
1214,[-0.9358, 0.1509,-0.187 , 0.2894],[ 0.563 ,60.6526,-0.8015, 1.0443, 1.9921],[-0.934 , 0.1532,-0.184 , 0.2995],0.2582
1220,[-0.9368,-0.0789, 0.0249, 0.3144],[5.2078e-01,9.0703e+01,3.1604e-02,2.7043e-01,7.2708e-01],[-0.9357,-0.0669, 0.0154, 0.3114],0.3625
1221,[-0.9408,-0.098 , 0.1016, 0.3179],[  1.1959,  0.6959,106.6375,  1.4453,  2.2943],[-0.9395,-0.0959, 0.0957, 0.3143],0.303
1223,[-0.9481,-0.1467, 0.1789, 0.3   ],[ 0.4584,-1.3344, 2.0359, 0.0968, 7.39  ],[-0.9464,-0.1492, 0.1784, 0.2919],0.2172
1230,[-0.9174, 0.1859,-0.0294, 0.3013],[-1.9622,-3.1911,-0.6703,-2.5771,-2.1133],[-0.9181, 0.1607,-0.0047, 0.2872],0.4058
1232,[-0.9258, 0.1843,-0.1364, 0.3002],[ 0.6336,-0.7065, 1.2365,-0.012 , 8.4023],[-0.9257, 0.1723,-0.1145, 0.2957],0.3131
1234,[-0.9302, 0.1955,-0.2111, 0.2998],[ 4.6276,86.5036, 0.1967, 0.6691, 2.3891],[-0.9289, 0.193 ,-0.2003, 0.3084],0.2511
1236,[-0.9321, 0.2456,-0.2922, 0.268 ],[ 0.3158,51.5961,-0.5826, 1.7668, 5.1942],[-0.9301, 0.2465,-0.2871, 0.2707],0.1793
1240,[-0.9373,-0.1893, 0.0461, 0.2638],[-4.1901,-3.5711,-5.1793,-3.9323,-3.8977],[-0.9381,-0.1549,-0.0068, 0.2774],0.3213
1241,[-0.9393,-0.1951, 0.1243, 0.2976],[3.8866e-01,7.9799e+01,6.6812e-05,7.7234e-01,6.6326e-01],[-0.9394,-0.1781, 0.1103, 0.3062],0.2602
1243,[-0.9436,-0.2081, 0.2089, 0.3067],[ 0.6646, 0.8623,27.8202, 1.9529, 1.2169],[-0.9426,-0.203 , 0.1994, 0.3166],0.1975
1245,[-0.9494,-0.2652, 0.2875, 0.2748],[ 0.9637,-0.7487, 3.2535, 0.042 , 2.7792],[-0.9479,-0.2628, 0.2834, 0.2776],0.1185
1254,[-0.9239, 0.2882,-0.2517, 0.2927],[-1.7363,-1.9822,-2.4115,-0.733 ,-1.8044],[-0.9242, 0.2792,-0.2386, 0.3021],0.2097
1256,[-0.9243, 0.3113,-0.3049, 0.2675],[ 0.5527,27.0794, 0.2221, 0.6861, 0.7634],[-0.9241, 0.3055,-0.2897, 0.2757],0.1733
1261,[-0.9384,-0.2869, 0.1412, 0.2694],[-2.9234,-3.1174,-4.7027,-3.8179,-3.7228],[-0.9407,-0.2606, 0.1309, 0.2831],0.2093
1263,[-0.937 ,-0.2944, 0.1955, 0.2594],[ 3.2945,32.0015, 1.5157, 3.8329, 1.4309],[-0.9392,-0.2722, 0.1597, 0.2737],0.1969
1265,[-0.9539,-0.2784, 0.2986, 0.2558],[ 1.5034, 0.5609,14.1279, 0.7369, 1.9321],[-0.9525,-0.2756, 0.2952, 0.2674],0.0941
1300,[-0.9215,-0.0208, 0.0257, 0.1463],[  1.1716,  1.4476,  2.2592,  2.1383,599.7514],[-0.9209,-0.0216, 0.0276, 0.1402],0.4238
1301,[-0.9191,-0.0456, 0.0677, 0.1421],[ 5.7389e-01,-4.0033e-01, 2.1051e+02,-8.7722e-02, 1.0651e+00],[-0.9183,-0.0484, 0.0683, 0.1468],0.4156
1302,[-0.9335, 0.0408,-0.0717, 0.159 ],[ 0.2677,20.7442, 0.4073, 0.3233, 0.0986],[-0.9326, 0.0465,-0.0751, 0.1568],0.3586
1310,[-0.9247, 0.074 ,-0.0325, 0.1787],[ 0.1613,-0.0971,50.6536, 0.5083, 0.8014],[-0.9242, 0.0666,-0.0291, 0.1783],0.4052
1312,[-0.9333, 0.0979,-0.1027, 0.1823],[ 3.9821,89.2835, 0.8327, 2.5664, 2.4302],[-0.9325, 0.0969,-0.0963, 0.1834],0.3282
1314,[-0.9393, 0.1381,-0.189 , 0.1925],[ 0.4886, 4.2492,-0.4355,47.0828, 3.0399],[-0.9376, 0.145 ,-0.192 , 0.2051],0.2454
1320,[-0.9217,-0.0683, 0.0401, 0.1456],[ 1.6680e+00, 1.2906e+02,-3.0963e-01, 4.9741e-02, 3.4724e+00],[-0.9212,-0.0631, 0.0382, 0.1492],0.4118
1321,[-0.9217,-0.0792, 0.0887, 0.1468],[  4.0355,  0.8713,  1.9548,  1.033 ,269.9974],[-0.921 ,-0.0796, 0.0863, 0.1414],0.382
1322,[-0.9411,-0.0601,-0.0661, 0.1586],[-6.9505,-6.4026,-7.6721,-6.5607,-6.5208],[-0.9401,-0.0321,-0.0859, 0.1709],0.3342
1323,[-0.9283,-0.1487, 0.1834, 0.157 ],[-6.6932e-01,-2.0735e-02, 3.2052e+01, 6.7071e-01, 1.2609e-01],[-0.927 ,-0.1523, 0.1829, 0.1599],0.283
1330,[-0.9175, 0.1734,-0.0315, 0.2013],[-3.9626,-4.6964,-3.268 ,-4.3824,-4.2286],[-0.9183, 0.1524,-0.0239, 0.194 ],0.3983
1332,[-0.93  , 0.1909,-0.1312, 0.1878],[-2.402 ,-3.7866,-1.7557,-2.7904,-3.7638],[-0.9304, 0.1784,-0.1171, 0.1924],0.2906
1334,[-0.9354, 0.2089,-0.2272, 0.1869],[ 1.3675,20.6549, 0.2802, 2.0953, 3.049 ],[-0.9344, 0.2082,-0.2192, 0.1966],0.2158
1336,[-0.9313, 0.2461,-0.3051, 0.1826],[-0.2006,67.2282,-0.2116, 0.5926, 0.271 ],[-0.9291, 0.25  ,-0.3042, 0.1927],0.1743
1340,[-0.9443,-0.1823, 0.0455, 0.16  ],[-8.3216,-7.7174,-8.7875,-7.6741,-8.1546],[-0.9453,-0.1494, 0.0137, 0.1611],0.2902
1341,[-0.9344,-0.1987, 0.1273, 0.1777],[-3.8618,-4.0504,-4.585 ,-2.8148,-3.3744],[-0.9351,-0.1828, 0.1092, 0.184 ],0.2745
1343,[-0.9312,-0.2209, 0.2097, 0.1682],[ 1.9191, 0.4568,50.6114, 1.385 , 1.7079],[-0.931 ,-0.2158, 0.1987, 0.1767],0.2331
1345,[-0.9285,-0.2545, 0.2924, 0.1507],[-0.1303,-0.6641,12.6724, 2.0505, 1.0133],[-0.927 ,-0.2561, 0.2893, 0.1563],0.1811
1352,[-0.924 , 0.2937,-0.1555, 0.1913],[-2.6757,-2.8056,-1.5098,-2.704 ,-2.9207],[-0.9266, 0.2748,-0.1542, 0.206 ],0.2433
1354,[-0.9278, 0.3074,-0.2329, 0.1747],[-4.6228,-4.9842,-5.3056,-3.8609,-4.8721],[-0.9298, 0.2937,-0.2112, 0.1782],0.1967
1356,[-0.9273, 0.3048,-0.3327, 0.1804],[ 1.7295,28.9967,-0.3362, 1.2525, 1.1365],[-0.926 , 0.3037,-0.3247, 0.191 ],0.1495
1361,[-0.9315,-0.2871, 0.146 , 0.1728],[-8.1016,-8.1673,-9.228 ,-8.7438,-8.861 ],[-0.9344,-0.2617, 0.1208, 0.183 ],0.2368
1363,[-0.9308,-0.308 , 0.2347, 0.1684],[ 1.5946, 2.1718,-0.7068, 4.1214,-0.1061],[-0.9327,-0.294 , 0.2144, 0.1814],0.1833
1365,[-0.9334,-0.3313, 0.317 , 0.166 ],[ 0.9343, 0.1091,18.1434, 2.339 , 1.064 ],[-0.9338,-0.3261, 0.3046, 0.1754],0.1249
1367,[-0.9388,-0.356 , 0.3965, 0.1502],[ 0.0785,-0.4906, 5.192 , 0.6633,-0.1864],[-0.9371,-0.3558, 0.3936, 0.1597],0.0615
1385,[-0.9211,-0.4002, 0.3348, 0.143 ],[-1.0521,-1.1199,-1.2709,-0.1014,-2.4315],[-0.9236,-0.3923, 0.3207, 0.1575],0.1177
1400,[-0.92  ,-0.0182, 0.0211, 0.0643],[   1.6877,1341.511 ,   4.0812,   5.5182,   1.3596],[-0.9197,-0.0191, 0.0249, 0.068 ],0.4328
1401,[-0.9193,-0.0419, 0.0691, 0.0661],[ 2.1171e+00,-6.0081e-01, 8.1220e+02, 9.6319e-01, 7.2100e-01],[-0.9188,-0.0459, 0.071 , 0.0677],0.4155
1402,[-0.9187, 0.0357,-0.0698, 0.0435],[2.5780e-01,1.4981e+02,1.1415e-02,4.2756e-01,5.4859e-01],[-0.9182, 0.0409,-0.0717, 0.0533],0.4121
1410,[-0.9188, 0.0668,-0.0376, 0.0548],[-51.9084,-52.6269,-51.5695,-52.4549,-52.2965],[-0.9187, 0.0616,-0.0323, 0.0614],0.4291
1411,[-0.9333, 0.0647, 0.0607, 0.0433],[-5.7815,-6.3312,-5.206 ,-5.9725,-5.3086],[-0.9328, 0.0384, 0.0869, 0.0512],0.3606
1412,[-0.9198, 0.0826,-0.0879, 0.0501],[ 0.9169,45.7446, 0.5045, 1.0178, 0.1167],[-0.9195, 0.0825,-0.0834, 0.0594],0.3881
1414,[-0.9357, 0.1388,-0.1898, 0.0614],[ 1.252 , 6.3191,-0.9984,29.7748, 1.1984],[-0.9344, 0.1473,-0.1946, 0.0747],0.2539
1420,[-0.919 ,-0.0648, 0.0436, 0.0592],[ 2.9769e+00, 7.6651e+02,-3.2971e-01, 2.4560e+00,-2.8059e-02],[-0.9188,-0.0612, 0.0426, 0.0647],0.4206
1421,[-0.9194,-0.0755, 0.0841, 0.0576],[1.4216e+00,7.3954e-01,1.8087e+03,1.8264e+00,1.1533e+00],[-0.9191,-0.0761, 0.0818, 0.0643],0.3937
1422,[-0.9419,-0.0811,-0.0674, 0.0501],[-5.3064,-5.1444,-6.2113,-5.361 ,-5.093 ],[-0.9416,-0.0484,-0.0853, 0.0499],0.3207
1423,[-0.9256,-0.1406, 0.1844, 0.0602],[ -0.1711, -0.7367,167.1347,  1.0763,  1.1729],[-0.9245,-0.1466, 0.1868, 0.0675],0.2917
1430,[-0.9367, 0.1781,-0.0419, 0.0461],[-4.1176,-4.7785,-3.5155,-4.3751,-4.0088],[-0.9381, 0.1506,-0.0198, 0.0522],0.3107
1432,[-0.9269, 0.1935,-0.1283, 0.0622],[-9.592 ,-9.6682,-8.9828,-8.8563,-9.7089],[-0.9279, 0.1812,-0.1135, 0.0715],0.3006
1434,[-0.9338, 0.2128,-0.2254, 0.0636],[ 1.4155, 6.1872,-0.0769, 1.363 ,-0.0208],[-0.9333, 0.213 ,-0.2196, 0.075 ],0.2161
1436,[-0.9362, 0.2442,-0.2997, 0.0715],[ 1.124 ,26.4899,-0.5098, 1.0892,-0.4162],[-0.9343, 0.2502,-0.3021, 0.0834],0.1589
1440,[-0.9352,-0.1784, 0.0471, 0.0575],[-6.6713,-5.1201,-7.2556,-6.0172,-6.5807],[-0.9367,-0.1483, 0.0104, 0.0611],0.3248
1441,[-0.9364,-0.1999, 0.1291, 0.0616],[-1.76  ,-3.4734,-2.326 ,-2.3643,-3.4122],[-0.9376,-0.1839, 0.1098, 0.0692],0.2648
1443,[-0.9319,-0.222 , 0.2155, 0.0622],[7.3251e+01,3.2461e-02,7.0695e+00,4.3187e+00,7.9903e-01],[-0.932 ,-0.2191, 0.2077, 0.0714],0.2239
1445,[-0.9356,-0.2514, 0.3001, 0.0687],[ 4.3505,-0.8551,22.9837, 0.7255, 0.7926],[-0.9339,-0.2563, 0.3018, 0.0778],0.1567
1452,[-0.9206, 0.2942,-0.1567, 0.0615],[-1.7722,-2.4212,-1.4607,-1.7371,-2.0614],[-0.9238, 0.2774,-0.1571, 0.0563],0.2515
1454,[-0.9266, 0.2941,-0.2411, 0.0462],[-2.3667,-2.2451,-1.9506,-1.9587,-2.8398],[-0.9282, 0.2854,-0.2265, 0.0582],0.1976
1456,[-0.9349, 0.3108,-0.3346, 0.0617],[ 0.7529, 2.5745,-0.3077, 3.677 , 0.3011],[-0.934 , 0.3115,-0.3309, 0.0764],0.117
1458,[-0.9415, 0.365 ,-0.4003, 0.0403],[-4.0907e-02, 8.2720e+01,-3.3081e-01, 2.8951e-01,-1.8266e-01],[-0.9402, 0.3665,-0.3976, 0.0532],0.0426
1461,[-0.9325,-0.2916, 0.1527, 0.0872],[-6.2165,-6.1618,-7.5955,-7.0039,-6.2532],[-0.9357,-0.2668, 0.1283, 0.0979],0.226
1463,[-0.9307,-0.3082, 0.2409, 0.0593],[-0.2938,-1.2952,-2.6599, 0.5172,-2.3165],[-0.9328,-0.2971, 0.2263, 0.0725],0.1778
1465,[-0.9331,-0.3316, 0.3141, 0.0465],[ 2.1459, 0.0503,17.2732, 3.0888,-0.224 ],[-0.9339,-0.3279, 0.3033, 0.06  ],0.1247
1467,[-0.9352,-0.3575, 0.4018, 0.064 ],[ 0.7809,-0.1462, 8.3558, 0.7258, 0.1094],[-0.9334,-0.3592, 0.3996, 0.0752],0.0681
1478,[-0.9134, 0.3936,-0.4283, 0.0217],[-0.1214, 1.9245,-0.7117, 5.4917,-0.224 ],[-0.9122, 0.3944,-0.4229, 0.0354],0.0814
1485,[-0.921 ,-0.4028, 0.3561, 0.0673],[-2.3457,-2.6093,-2.1806,-1.1082,-3.1773],[-0.9229,-0.3979, 0.3466, 0.0812],0.1045
1487,[-0.9167,-0.4162, 0.4106, 0.0468],[ 0.401 ,-0.3828,16.708 , 2.5453,-0.4228],[-0.9171,-0.4147, 0.4035, 0.0591],0.0797
1500,[-0.9183,-0.0123, 0.009 ,-0.0544],[  4.3514,  4.2793,  3.7611,381.4016, -0.6506],[-0.9185,-0.0118, 0.008 ,-0.043 ],0.4417
1501,[-0.9197,-0.0377, 0.0732,-0.0375],[-38.3049,-39.8597,-37.331 ,-36.7644,-39.0785],[-0.9196,-0.0436, 0.0763,-0.0344],0.4129
1502,[-0.9151, 0.0298,-0.0721,-0.0588],[ -3.1917,100.1338, -5.4256, -2.9313,  0.7711],[-0.915 , 0.0363,-0.0748,-0.0472],0.4269
1503,[-0.9296,-0.0447, 0.176 ,-0.0623],[-3.2187,-3.6639,-2.7236,-2.6406,-3.1095],[-0.9281,-0.0678, 0.1845,-0.0669],0.3216
1504,[-0.9243, 0.0525,-0.1863,-0.1105],[-1.6377,-0.6246,-2.707 ,-1.5744,-1.9427],[-0.9228, 0.0732,-0.1911,-0.095 ],0.3371
1510,[-0.9195, 0.0671,-0.0382,-0.0636],[-51.7492,-51.3319,-48.0675,-50.6847,-51.8178],[-0.92  , 0.0621,-0.0324,-0.0582],0.4278
1511,[-0.9326, 0.069 , 0.0643,-0.0513],[-3.4394,-3.4686,-2.3747,-2.7975,-3.2521],[-0.9327, 0.0424, 0.0828,-0.045 ],0.3617
1512,[-0.9178, 0.0811,-0.0885,-0.0659],[-30.5496,-27.6183,-30.9617,-29.332 ,-31.1279],[-0.918 , 0.0819,-0.0854,-0.0562],0.3981
1514,[-0.9275, 0.1418,-0.188 ,-0.0676],[ 0.3928, 1.9996,-0.6872,24.9484, 0.8359],[-0.9267, 0.1501,-0.1933,-0.053 ],0.2795
1520,[-0.9155,-0.0657, 0.0438,-0.0582],[ 1.4243e+00, 5.9557e+02, 3.5524e+00, 2.9735e-01,-2.1583e-01],[-0.9158,-0.0627, 0.0438,-0.0511],0.432
1521,[-0.9177,-0.0711, 0.0772,-0.0506],[9.3066e-01,6.4749e-03,7.1260e+00,4.0226e+02,5.9156e-01],[-0.9178,-0.072 , 0.0767,-0.0386],0.4037
1522,[-0.938 ,-0.0703,-0.0654,-0.0192],[-2.2213,-3.0353,-3.3165,-2.1466,-2.2112],[-0.9379,-0.0385,-0.095 ,-0.0326],0.3248
1523,[-0.9271,-0.1357, 0.1848,-0.0509],[ 3.4119,-2.0314, 3.6362, 3.6118,-1.3926],[-0.9262,-0.1439, 0.1899,-0.0373],0.2872
1530,[-0.9242, 0.1774,-0.0475,-0.0603],[-1.5064,-1.354 ,-0.5725,-1.3509,-1.6578],[-0.9263, 0.1521,-0.0149,-0.067 ],0.3649
1532,[-0.9285, 0.1874,-0.1372,-0.0631],[-16.3773,-16.5363,-16.5847,-16.4958,-16.7239],[-0.9298, 0.178 ,-0.123 ,-0.0538],0.2905
1534,[-0.9282, 0.2049,-0.2158,-0.0625],[-4.8096,-3.9454,-6.6148,-3.5886,-5.902 ],[-0.9282, 0.2066,-0.2129,-0.0503],0.2401
1536,[-0.9275, 0.2454,-0.3012,-0.062 ],[ 6.1391, 2.5399,-0.4367, 2.1564, 0.4667],[-0.9259, 0.2528,-0.305 ,-0.0497],0.1801
1540,[-0.948 ,-0.1805, 0.0527,-0.0486],[-2.5723,-2.2356,-3.0922,-2.2334,-2.5935],[-0.9499,-0.1477, 0.0199,-0.0333],0.2712
1541,[-0.9438,-0.1975, 0.1365,-0.0488],[-0.4522,-2.1813,-1.5926, 0.5276,-2.1564],[-0.9454,-0.1822, 0.1145,-0.0369],0.2345
1543,[-0.9375,-0.2234, 0.2204,-0.0641],[ 0.241 , 0.7733,51.105 , 1.8522, 0.3486],[-0.9379,-0.222 , 0.2125,-0.0516],0.2004
1545,[-0.9294,-0.2572, 0.2967,-0.0751],[ 0.4839,-0.9203,22.4451, 1.9858,-0.1301],[-0.9284,-0.2629, 0.2986,-0.0612],0.1724
1552,[-0.9191, 0.283 ,-0.1542,-0.0159],[-0.5053,-1.0236,-0.241 ,-0.4211,-1.1855],[-9.2217e-01, 2.6813e-01,-1.5720e-01,-5.7683e-04],0.2617
1554,[-0.9275, 0.2979,-0.2492,-0.0491],[-2.747 ,-3.3011,-3.0594,-2.4136,-3.6374],[-0.9293, 0.2912,-0.2366,-0.0366],0.1881
1556,[-0.9277, 0.3043,-0.3158,-0.0659],[ 0.1   , 1.128 ,-1.2374, 1.6291,-0.9094],[-0.9276, 0.3058,-0.3127,-0.0524],0.1484
1558,[-0.9281, 0.3639,-0.4163,-0.053 ],[ 0.9756,33.5873,-0.5885, 1.0019,-0.2599],[-0.9261, 0.3678,-0.4176,-0.0387],0.0716
1561,[-0.9446,-0.2894, 0.1503,-0.0603],[-2.004 ,-1.4423,-2.7712,-1.8643,-2.2019],[-0.9484,-0.2611, 0.1259,-0.0449],0.1848
1563,[-0.9369,-0.308 , 0.2435,-0.0631],[ 1.2606, 1.6008, 0.3805, 5.2482,-0.7896],[-0.9393,-0.298 , 0.2289,-0.0486],0.1546
1565,[-0.9318,-0.3261, 0.3188,-0.0702],[ 0.5834,-0.217 , 1.4685,17.7982, 0.1713],[-0.9324,-0.3256, 0.3113,-0.055 ],0.1266
1567,[-0.9273,-0.3527, 0.406 ,-0.0662],[ 7.5054e-01,-2.2240e-01, 1.1430e+01, 3.1378e-01,-9.4108e-03],[-0.9254,-0.3572, 0.4066,-0.0533],0.0857
1576,[-0.9392, 0.39  ,-0.3775,-0.0779],[-1.1048,-0.4881,-0.8735,-0.2873,-1.5419],[-0.9402, 0.3894,-0.3669,-0.0633],0.0496
1578,[-0.9165, 0.3909,-0.4359,-0.001 ],[-0.3117, 1.4138,-0.948 , 2.3673,-1.4093],[-0.9148, 0.3926,-0.4329, 0.0097],0.085
1583,[-0.935 ,-0.3979, 0.248 ,-0.0395],[-1.7202, 1.6241,-2.0999,-0.6657,-2.8557],[-0.9403,-0.3804, 0.234 ,-0.0238],0.1121
1585,[-0.9259,-0.4056, 0.3354,-0.0687],[-0.3689, 0.594 ,-1.1066, 4.4711,-1.2859],[-0.9289,-0.4004, 0.3265,-0.0535],0.0958
1587,[-0.9168,-0.4181, 0.4198,-0.0676],[-0.0502,-0.5259, 2.0647,15.9427,-1.1032],[-0.9169,-0.4188, 0.4179,-0.0516],0.0708
1600,[-0.9187,-0.0038, 0.0021,-0.1706],[-106.6373,-107.0142,-108.2417,-107.195 ,-107.9993],[-0.9194,-0.0035, 0.0012,-0.1643],0.4432
1601,[-0.9183,-0.036 , 0.0725,-0.1799],[-28.1492,-28.6635,-26.2279,-26.9469,-28.1514],[-0.9188,-0.0428, 0.0772,-0.1761],0.4143
1602,[-0.914 , 0.0356,-0.0731,-0.1738],[ 0.0637,24.4091,-1.2397,23.7515,-0.3235],[-0.9145, 0.0419,-0.077 ,-0.1716],0.4261
1604,[-0.934 , 0.0446,-0.1734,-0.1737],[-1.1925,-0.1777,-1.2882,-0.3121,-0.8232],[-0.9329, 0.0694,-0.1863,-0.1575],0.3012
1610,[-0.9191, 0.067 ,-0.0395,-0.1703],[-55.5694,-56.098 ,-54.3314,-54.6308,-56.2675],[-0.92  , 0.0622,-0.0329,-0.1634],0.4268
1611,[-0.9341, 0.0641, 0.0631,-0.1583],[-1.4763,-1.8342,-0.8845,-1.1669,-1.7378],[-0.9345, 0.0342, 0.0984,-0.1527],0.3511
1612,[-0.9169, 0.0791,-0.0904,-0.1777],[-74.6077,-74.4201,-76.5146,-71.6026,-75.8552],[-0.9175, 0.0811,-0.0889,-0.1686],0.3981
1614,[-0.9231, 0.1392,-0.1862,-0.1814],[-2.2504e-01, 1.6115e+01,-4.3259e-01, 2.2535e+00,-9.3278e-04],[-0.9228, 0.1482,-0.1922,-0.1682],0.2966
1620,[-0.9162,-0.0634, 0.0437,-0.1562],[ 0.4492, 0.3638,-0.1477,53.789 ,-0.9666],[-0.9169,-0.0603, 0.0404,-0.1489],0.4316
1621,[-0.92  ,-0.0754, 0.0845,-0.1712],[-0.5951,-1.8987, 6.0614, 4.1658,-1.7666],[-0.9206,-0.0773, 0.0837,-0.1602],0.3895
1622,[-0.9247,-0.0685,-0.0663,-0.1728],[-1.1733,-0.5969,-1.3951,-0.7309,-0.476 ],[-0.925 ,-0.0415,-0.1014,-0.1563],0.386
1623,[-0.9347,-0.1421, 0.189 ,-0.193 ],[ 0.2297,-1.157 , 4.2495, 3.7347,-1.189 ],[-0.9344,-0.1524, 0.1964,-0.1787],0.2525
1632,[-0.9343, 0.1865,-0.1389,-0.1755],[-12.7385,-12.8887,-13.1835,-12.8445,-13.3688],[-0.936 , 0.1771,-0.1233,-0.1654],0.2675
1634,[-0.9275, 0.2106,-0.2163,-0.1888],[-12.059 ,-12.1558,-14.3283,-12.3211,-13.9995],[-0.9281, 0.2125,-0.2131,-0.1756],0.2386
1636,[-0.9277, 0.2475,-0.3031,-0.1802],[ 1.375 ,10.9802,-0.0702,-0.068 ,-0.5032],[-0.9264, 0.2569,-0.31  ,-0.1675],0.1765
1641,[-0.9392,-0.1824, 0.1452,-0.1801],[-1.1624,-1.2553,-0.0701,-0.0392,-1.4565],[-0.9407,-0.1754, 0.1346,-0.1666],0.2462
1643,[-0.9409,-0.2105, 0.2265,-0.1859],[ 1.0459, 0.1625, 3.8929,17.488 ,-0.2885],[-0.9412,-0.2152, 0.227 ,-0.1697],0.1857
1645,[-0.9359,-0.257 , 0.2991,-0.1947],[ 0.2054,-0.8645, 2.0011,10.6136,-0.4472],[-0.935 ,-0.2656, 0.3044,-0.1786],0.1489
1654,[-0.9338, 0.2928,-0.2535,-0.1903],[-1.3359,-1.1392,-2.2123,-1.4593,-2.6094],[-0.9359, 0.2886,-0.2431,-0.1786],0.1635
1656,[-0.9303, 0.3109,-0.3311,-0.1867],[-0.0304, 1.4731,-1.3125, 2.4534,-1.146 ],[-0.9301, 0.3156,-0.3317,-0.1727],0.1278
1658,[-0.9283, 0.351 ,-0.4027,-0.1798],[ 2.0324e-02, 2.4720e+00,-5.5663e-01, 9.4382e+00,-9.1259e-03],[-0.9266, 0.3576,-0.406 ,-0.1651],0.0812
1663,[-0.9416,-0.3124, 0.2476,-0.1526],[-0.0399, 0.2809,-0.3247, 4.1712,-0.0399],[-0.9445,-0.3023, 0.2278,-0.141 ],0.136
1665,[-0.9283,-0.3239, 0.3339,-0.1825],[-1.7009e-02, 6.2220e-02, 3.4890e+01, 2.9918e+00,-4.4364e-01],[-0.9286,-0.327 , 0.33  ,-0.1712],0.1277
1667,[-0.9241,-0.3677, 0.4065,-0.2065],[ 0.7603,-0.1767,18.6939, 0.8953, 0.0798],[-0.923 ,-0.3733, 0.4064,-0.1933],0.0852
1685,[-0.9249,-0.411 , 0.3684,-0.1413],[-6.2508,-7.6889,-6.5202,-5.378 ,-8.3481],[-0.9273,-0.4096, 0.3551,-0.126 ],0.0825
1687,[-0.9208,-0.4021, 0.429 ,-0.1755],[ 0.4878,-0.7379, 1.8467,37.6315,-0.6198],[-0.9201,-0.4057, 0.4258,-0.1595],0.0665
1700,[-0.9285, 0.0044, 0.0014,-0.3023],[-101.8754,-101.6098,-101.7795,-100.9359,-102.602 ],[-0.9298, 0.003 , 0.0024,-0.2932],0.4051
1701,[-0.9275,-0.0368, 0.0778,-0.2983],[-12.9003,-12.9035,-11.219 ,-10.9347,-13.0728],[-0.9284,-0.0463, 0.0859,-0.2904],0.3741
1702,[-0.9198, 0.0341,-0.0779,-0.2872],[-28.5144,-27.5245,-29.0823,-27.6716,-29.2724],[-0.9207, 0.0428,-0.0849,-0.2815],0.4065
1703,[-0.9237,-0.0456, 0.1719,-0.3145],[-0.4294,-0.4583,-0.0757,-0.0237,-1.1345],[-0.9224,-0.0721, 0.2135,-0.2981],0.3285
1710,[-0.9235, 0.0658,-0.0413,-0.3   ],[-34.4419,-33.7952,-33.8143,-33.1298,-34.5843],[-0.925 , 0.0614,-0.0354,-0.2906],0.4055
1712,[-0.9219, 0.0842,-0.0954,-0.2928],[-132.9283,-132.7501,-133.2741,-131.929 ,-134.1436],[-0.923 , 0.0871,-0.096 ,-0.2843],0.3732
1714,[-0.9228, 0.1407,-0.1885,-0.309 ],[-0.1764, 7.7583,-1.1539, 0.7146,-0.3994],[-0.9229, 0.1511,-0.1961,-0.2953],0.294
1720,[-0.925 ,-0.0784, 0.0343,-0.293 ],[-5.6079,-4.9509,-5.507 ,-4.4537,-5.8551],[-0.9265,-0.0696, 0.0238,-0.282 ],0.3937
1721,[-0.9331,-0.0904, 0.1082,-0.3032],[-19.3169,-20.5145,-19.9937,-18.6356,-20.764 ],[-0.9341,-0.0959, 0.1116,-0.2906],0.3185
1722,[-0.9311,-0.071 ,-0.066 ,-0.3022],[-0.1194, 0.1811,-0.3823,-0.6505,-0.4356],[-0.9322,-0.0433,-0.0869,-0.2858],0.3606
1723,[-0.9402,-0.1424, 0.1913,-0.3146],[ 0.7308,-0.6899, 9.7457, 1.4783,-0.8738],[-0.9403,-0.1558, 0.2019,-0.2999],0.2264
1732,[-0.9411, 0.184 ,-0.1462,-0.3008],[-5.1179,-5.1718,-5.5077,-4.9606,-6.0176],[-0.9432, 0.177 ,-0.1323,-0.2858],0.2372
1734,[-0.9285, 0.2082,-0.2218,-0.3079],[-7.3816,-6.4267,-8.6841,-7.053 ,-9.1171],[-0.9292, 0.2131,-0.223 ,-0.2927],0.2303
1736,[-0.9264, 0.2483,-0.3028,-0.3178],[ 0.5111,13.0973, 0.1624, 0.8215,-0.3792],[-0.9255, 0.2595,-0.3113,-0.3021],0.175
1741,[-0.9255,-0.1813, 0.1338,-0.3107],[-0.6763,-1.4898,-0.998 ,-0.4089,-1.9699],[-0.9277,-0.1747, 0.1226,-0.2983],0.3012
1743,[-0.9376,-0.1996, 0.2324,-0.3062],[ 1.7313,-0.5885, 3.5858,12.25  ,-0.633 ],[-0.9377,-0.2093, 0.2394,-0.2902],0.1948
1745,[-0.9299,-0.2496, 0.3076,-0.3126],[ 1.4838,-0.239 ,22.607 , 1.5403,-0.7493],[-0.9288,-0.2616, 0.318 ,-0.2972],0.1647
1754,[-0.9372, 0.292 ,-0.2662,-0.2787],[-0.1801, 0.4424,-1.0011, 1.1575,-1.4438],[-0.9391, 0.2909,-0.2565,-0.2629],0.1459
1756,[-0.9303, 0.2938,-0.3235,-0.2886],[ 1.7523, 2.6894,-1.1371, 2.9058,-1.8324],[-0.93  , 0.301 ,-0.3266,-0.2732],0.1391
1765,[-0.9273,-0.3049, 0.3482,-0.2987],[ 1.9630e+01,-9.5551e-03, 1.0585e+00, 4.2229e+00,-8.6855e-01],[-0.9263,-0.3138, 0.3546,-0.2855],0.1288
1767,[-0.9229,-0.3494, 0.4092,-0.3017],[ 0.4205,-0.138 , 6.7069,50.7361,-0.2397],[-0.9209,-0.3581, 0.4155,-0.286 ],0.0895
1787,[-0.913 ,-0.4014, 0.4509,-0.3121],[ 0.9995,-0.3714, 2.3936,58.7014,-1.0658],[-0.9113,-0.4077, 0.4527,-0.2953],0.058
1800,[-0.9328, 0.0166, 0.0055,-0.4384],[-31.1607,-30.7863,-30.6845,-30.3103,-31.738 ],[-0.9346, 0.0116, 0.0101,-0.4234],0.386
1801,[-0.9366,-0.0283, 0.0875,-0.4435],[-3.441 ,-3.2201,-1.1792,-1.9019,-4.3313],[-0.9379,-0.0437, 0.1018,-0.4277],0.3297
1802,[-0.9204, 0.0283,-0.0895,-0.4314],[-8.2196,-7.0076,-8.6389,-6.71  ,-8.7905],[-0.9217, 0.0407,-0.0992,-0.4178],0.3987
1803,[-0.9368,-0.0503, 0.1719,-0.4658],[-0.144 ,-0.1201, 0.1317,-0.0351,-0.319 ],[-0.9364,-0.0804, 0.2018,-0.4487],0.2742
1804,[-0.9262, 0.041 ,-0.1774,-0.4696],[-0.1745, 0.1014,-0.422 , 0.119 ,-0.1243],[-0.9261, 0.0686,-0.19  ,-0.4521],0.3252
1810,[-0.9304, 0.0724,-0.033 ,-0.4387],[-10.0304,-10.14  , -9.1971, -8.3166,-11.0467],[-0.9325, 0.0645,-0.0229,-0.4242],0.3764
1812,[-0.9277, 0.0992,-0.0979,-0.4399],[-38.5663,-38.3232,-38.9234,-36.9003,-39.322 ],[-0.9295, 0.1007,-0.097 ,-0.4251],0.3406
1814,[-0.9218, 0.1397,-0.189 ,-0.435 ],[ 0.6782, 1.9196,-0.9744,15.489 ,-0.687 ],[-0.9224, 0.1512,-0.1976,-0.4187],0.296
1820,[-0.9339,-0.0905, 0.0265,-0.4273],[-1.7695,-0.7364,-1.6774,-0.1143,-2.5801],[-0.9361,-0.0771, 0.0131,-0.4115],0.3553
1821,[-0.9377,-0.0902, 0.1231,-0.4287],[-2.7821,-3.2498,-2.074 ,-1.5333,-4.296 ],[-0.9389,-0.1003, 0.1305,-0.4123],0.2877
1822,[-0.9413,-0.0565,-0.0656,-0.4108],[-0.3389, 0.0972,-0.3304, 0.0899,-0.1573],[-0.9424,-0.0212,-0.1162,-0.3932],0.3141
1823,[-0.9353,-0.1259, 0.2054,-0.4333],[ 1.3752,-0.1844,22.4268, 0.4562,-0.3592],[-0.9351,-0.1452, 0.2196,-0.4172],0.2418
1825,[-0.9324,-0.1575, 0.2864,-0.4632],[-0.3305,-0.2704, 0.3354, 0.1088,-0.4746],[-0.9303,-0.1829, 0.2999,-0.4467],0.2056
1832,[-0.949 , 0.1853,-0.1441,-0.4335],[-1.2587,-0.8152,-1.225 , 0.9761,-2.0561],[-0.9517, 0.1774,-0.1269,-0.4189],0.2078
1834,[-0.931 , 0.1992,-0.2157,-0.427 ],[ 0.0172, 2.676 ,-1.0026, 2.7951,-1.6246],[-0.932 , 0.2063,-0.2199,-0.41  ],0.2254
1836,[-0.9202, 0.2297,-0.2991,-0.4112],[ 0.4879, 1.6098,-0.2522,12.9488,-0.5422],[-0.919 , 0.243 ,-0.3099,-0.394 ],0.2062
1841,[-0.9188,-0.1867, 0.1365,-0.4251],[ 0.0532,-0.6722, 0.0931, 0.4824,-0.6078],[-0.9216,-0.181 , 0.126 ,-0.4107],0.3206
1843,[-0.9303,-0.1996, 0.2381,-0.4237],[ 0.2039,-0.4523, 0.0559,18.5657,-0.6348],[-0.9305,-0.2113, 0.2482,-0.4076],0.2153
1845,[-0.9313,-0.2316, 0.3117,-0.4219],[ 3.0263e-01, 3.0177e-02, 3.5936e+01, 3.3228e+00,-6.1289e-01],[-0.9298,-0.2484, 0.3239,-0.406 ],0.1645
1854,[-0.9452, 0.2815,-0.2491,-0.4024],[ 0.4273, 1.6694,-0.4297, 0.9876,-1.0483],[-0.9477, 0.2809,-0.239 ,-0.387 ],0.13
1856,[-0.9278, 0.2851,-0.3149,-0.3885],[ 0.1037, 1.85  ,-0.6709,13.5882,-1.4637],[-0.9277, 0.2933,-0.3202,-0.371 ],0.141
1865,[-0.9261,-0.2957, 0.3558,-0.4152],[ 1.8659, 0.8064, 0.6773,32.7493,-1.0083],[-0.9246,-0.3078, 0.3656,-0.399 ],0.1326
1867,[-0.9204,-0.3399, 0.4116,-0.4141],[  0.2452,  0.3271,143.1913,  1.2838, -0.3273],[-0.918 ,-0.3511, 0.4216,-0.3976],0.1002
1887,[-0.9132,-0.3932, 0.4577,-0.3803],[ 0.8815,-0.2666, 1.9191,86.2862, 0.476 ],[-0.9108,-0.4012, 0.4631,-0.3671],0.0545
1900,[-0.925 , 0.0244, 0.0111,-0.5787],[-71.9691,-72.2035,-73.4389,-70.372 ,-74.1263],[-0.9275, 0.017 , 0.0191,-0.5623],0.418
1901,[-0.9295,-0.0239, 0.0833,-0.5614],[ 1.5746e-01,-5.0838e-01, 2.1700e+00, 2.5581e+02,-1.3608e+00],[-0.9312,-0.0395, 0.1011,-0.544 ],0.3603
1902,[-0.9175, 0.0197,-0.1014,-0.5639],[ -7.8782, -8.1846, -8.8807, -7.6467,-10.8037],[-0.9191, 0.036 ,-0.1156,-0.5477],0.404
1903,[-0.9407,-0.0481, 0.1689,-0.5251],[-0.6424,-1.4292, 1.0718,-0.5724,-1.3057],[-0.9405,-0.0807, 0.2017,-0.5069],0.2579
1910,[-0.9216, 0.0699,-0.0328,-0.6018],[-124.1331,-123.8161,-124.8801,-123.8054,-125.4268],[-0.9244, 0.0633,-0.0225,-0.5854],0.414
1912,[-0.9211, 0.1018,-0.0929,-0.5931],[-429.863 ,-429.2329,-430.2223,-428.8881,-430.6792],[-0.9237, 0.1026,-0.0905,-0.5763],0.3672
1914,[-0.9224, 0.1396,-0.1855,-0.5555],[  1.8347,126.5863, -0.674 ,  0.6267, -0.5544],[-0.9234, 0.1518,-0.1953,-0.539 ],0.2937
1920,[-0.9223,-0.0793, 0.0212,-0.6069],[-28.7198,-28.1963,-28.4451,-28.6354,-29.042 ],[-0.9252,-0.0685, 0.0082,-0.5887],0.4075
1921,[-0.9286,-0.0896, 0.1174,-0.5473],[ -0.3663, -0.222 , -0.9272,169.5558, -0.8674],[-0.9304,-0.0988, 0.1251,-0.5295],0.3253
1923,[-0.9368,-0.1072, 0.2046,-0.5421],[  0.846 , -0.5098,  2.1952,171.1848, -0.6703],[-0.9363,-0.1338, 0.2349,-0.5239],0.2354
1925,[-0.9398,-0.1593, 0.285 ,-0.5449],[-0.7752,-0.7073, 6.735 ,-0.8438,-1.6322],[-0.9378,-0.1889, 0.3064,-0.5265],0.1735
1932,[-0.9412, 0.1785,-0.1549,-0.5246],[-3.6078,-1.8935,-4.9318,-2.098 ,-4.0904],[-0.9439, 0.1772,-0.1454,-0.5068],0.2281
1934,[-0.9292, 0.1878,-0.2026,-0.5451],[ 0.0866, 0.8019,-1.4012,63.3242,-1.8727],[-0.9308, 0.1958,-0.2072,-0.5276],0.2398
1941,[-0.9191,-0.1715, 0.1486,-0.5536],[-1.7873,-1.8041,-0.79  ,-1.5163,-2.1359],[-0.9218,-0.1712, 0.1432,-0.5404],0.316
1943,[-0.9179,-0.2001, 0.2019,-0.5387],[ 0.2599,20.1719, 0.6562, 1.3095,-1.8541],[-0.9196,-0.2063, 0.21  ,-0.5236],0.2748
1945,[-0.9347,-0.2185, 0.3185,-0.5321],[  0.9384, -0.9631,249.7815,  3.9974, -0.6453],[-0.9328,-0.2407, 0.3351,-0.5152],0.1533
1965,[-0.9322,-0.2929, 0.3661,-0.5041],[-2.1072e-01, 4.9873e-03, 2.7478e+00, 7.0561e+01,-4.5725e-01],[-0.9304,-0.3091, 0.3787,-0.4897],0.1091
2100,[-0.9059,-0.0338, 0.0394, 0.4265],[-17.3852,-17.062 ,-17.0029,-17.4608,-16.6463],[-0.904 ,-0.0336, 0.0377, 0.4161],0.4073
2101,[-0.8992,-0.048 , 0.0578, 0.4146],[ -9.7948,-10.129 , -8.909 ,-10.5416, -9.4445],[-0.8974,-0.0482, 0.0571, 0.4019],0.3653
2120,[-0.9094,-0.057 , 0.0474, 0.3847],[-1.5056,-0.9771,-1.8545,-1.9664,-0.7629],[-0.9079,-0.0537, 0.0363, 0.3714],0.4189
2200,[-8.9983e-01, 3.2305e-04, 4.4350e-03, 2.9020e-01],[-61.0435,-60.4394,-60.5925,-61.3819,-60.0948],[-8.9858e-01,-3.1037e-04, 4.8937e-03, 2.8296e-01],0.3917
2201,[-0.8983,-0.041 , 0.0628, 0.2576],[-22.3277,-22.3752,-21.8078,-22.9211,-21.8191],[-0.8971,-0.0433, 0.0659, 0.2463],0.3623
2202,[-0.9035, 0.0411,-0.0713, 0.2908],[-16.6918,-16.2806,-17.4496,-17.6563,-16.734 ],[-0.9021, 0.0442,-0.0729, 0.2858],0.3802
2210,[-0.9066, 0.0817,-0.0289, 0.2849],[ -9.5866, -9.7332, -8.3414,-10.2498, -9.121 ],[-0.9057, 0.0741,-0.0241, 0.2771],0.4026
2212,[-0.9041, 0.1226,-0.1036, 0.2836],[-11.9101,-11.6817,-12.2407,-12.4182,-11.7987],[-0.9033, 0.1178,-0.092 , 0.2722],0.3424
2214,[-0.9054, 0.1502,-0.1835, 0.3184],[-0.992 ,-0.5233,-3.2688,-2.7217,-1.1566],[-0.9035, 0.1515,-0.181 , 0.3162],0.2852
2220,[-0.8976,-0.0684, 0.027 , 0.2927],[-7.1393,-6.4532,-7.8265,-7.755 ,-6.602 ],[-0.8966,-0.0622, 0.0179, 0.2901],0.3718
2221,[-0.8969,-0.0845, 0.0982, 0.2667],[-23.9325,-24.1555,-23.3205,-24.5432,-23.2448],[-0.8956,-0.0848, 0.0952, 0.2671],0.3239
2232,[-0.8999, 0.1941,-0.1247, 0.2792],[-1.8642,-2.4884,-2.1385,-2.8835,-0.7373],[-0.9003, 0.1836,-0.1085, 0.2715],0.2914
2234,[-0.9041, 0.2179,-0.2223, 0.2931],[-1.1605,-0.1253,-3.2223,-1.6067,-0.4549],[-0.9033, 0.2144,-0.2074, 0.2861],0.2423
2236,[-0.9071, 0.2564,-0.3021, 0.2756],[-0.3645, 1.9911,-1.7296,-0.2917, 2.3824],[-0.9051, 0.2567,-0.2945, 0.2788],0.1874
2243,[-0.9104,-0.2387, 0.214 , 0.2809],[ 0.3699,-0.9597, 2.3752,-0.7553, 1.8311],[-0.9102,-0.2329, 0.2057, 0.2726],0.2601
2254,[-0.9032, 0.2937,-0.2487, 0.2797],[7.1616,0.6451,0.5289,0.7788,2.7489],[-0.9041, 0.2849,-0.2247, 0.2816],0.2051
2256,[-0.9092, 0.3093,-0.3072, 0.265 ],[ 0.7686,14.0525,-0.7702,-0.4748, 4.1271],[-0.909 , 0.3046,-0.2899, 0.2735],0.18
2300,[-0.9071,-0.0276, 0.0277, 0.1524],[-167.3802,-167.0103,-166.6676,-168.2934,-165.8923],[-0.9065,-0.0274, 0.0273, 0.1452],0.4155
2301,[-0.9082,-0.047 , 0.0703, 0.148 ],[-95.3983,-96.2348,-94.3923,-95.4758,-93.6137],[-0.9074,-0.0497, 0.0709, 0.147 ],0.4022
2302,[-0.9059, 0.0485,-0.0671, 0.1484],[-41.993 ,-41.5175,-42.9731,-43.3917,-42.1409],[-0.9051, 0.0504,-0.0669, 0.1482],0.3937
2310,[-0.9072, 0.0664,-0.0395, 0.1668],[-33.7763,-34.4323,-33.323 ,-34.2614,-33.8551],[-0.9067, 0.0621,-0.0351, 0.1623],0.4096
2312,[-0.9051, 0.0696,-0.0791, 0.1561],[-42.998 ,-42.2248,-44.0862,-43.4456,-42.2966],[-0.9044, 0.0699,-0.0759, 0.152 ],0.3771
2314,[-0.9046, 0.136 ,-0.1842, 0.1697],[-2.296 ,-0.4391,-3.5055,-3.1257,-0.9663],[-0.903 , 0.1403,-0.1846, 0.1638],0.2871
2320,[-0.908 ,-0.0612, 0.0464, 0.1475],[-24.104 ,-24.4924,-24.5272,-24.7946,-23.9025],[-0.9075,-0.0586, 0.0426, 0.1432],0.4117
2321,[-0.9059,-0.0706, 0.0903, 0.1547],[-120.3095,-121.6071,-120.1819,-121.2375,-119.6363],[-0.9051,-0.0725, 0.0899, 0.1479],0.3724
2323,[-0.901 ,-0.1471, 0.1822, 0.1565],[-8.2807,-9.1901,-6.8841,-7.9483,-7.6607],[-0.8997,-0.1495, 0.1794, 0.1555],0.2727
2332,[-0.9034, 0.1998,-0.1344, 0.1737],[-8.039 ,-9.3995,-7.8165,-8.8912,-7.7186],[-0.9042, 0.1898,-0.1173, 0.1615],0.3
2334,[-0.9029, 0.2196,-0.2167, 0.1743],[-0.5387, 0.665 ,-2.8741,-1.7969,-0.4457],[-0.9026, 0.2168,-0.2055, 0.1682],0.2396
2336,[-0.905 , 0.2658,-0.3097, 0.1836],[ 2.2778, 3.725 ,-0.9637, 0.1671,14.2104],[-0.9033, 0.2668,-0.3022, 0.1771],0.1731
2341,[-0.9059,-0.1899, 0.1436, 0.1485],[ 0.6831, 0.7057,-1.5584,-0.6686, 3.9274],[-0.9065,-0.1821, 0.1289, 0.139 ],0.3074
2343,[-0.9022,-0.2086, 0.213 , 0.1509],[ 1.3314,-0.3966, 3.8922,-0.1462,32.3309],[-0.9018,-0.207 , 0.204 , 0.144 ],0.2423
2345,[-0.9022,-0.2628, 0.2983, 0.1572],[ 1.3659,-0.8987, 9.9919, 0.6772,-0.4172],[-0.9008,-0.2635, 0.2921, 0.1653],0.171
2352,[-0.9017, 0.2795,-0.1448, 0.1415],[-1.9407,-3.1915,-0.7143,-2.3271,-1.4205],[-0.9043, 0.2658,-0.1505, 0.1266],0.2485
2354,[-0.899 , 0.3027,-0.2341, 0.1862],[ 1.004 , 1.3939, 0.0657, 2.0178,12.5487],[-0.9008, 0.2931,-0.2122, 0.1815],0.1951
2356,[-0.8966, 0.3208,-0.3338, 0.176 ],[ 0.4881,38.5069,-0.675 , 0.8285, 0.5643],[-0.896 , 0.3188,-0.3227, 0.1835],0.1165
2358,[-0.8984, 0.3191,-0.3908, 0.1303],[-1.6874e-01, 2.8208e+01,-1.2992e+00, 1.3342e+00,-2.2141e-02],[-0.8955, 0.3213,-0.3882, 0.1427],0.0838
2363,[-0.9023,-0.3195, 0.2399, 0.156 ],[ 3.1021, 2.6035, 2.6723, 0.716 ,38.2574],[-0.9046,-0.3099, 0.2242, 0.1523],0.1943
2365,[-0.8926,-0.345 , 0.3032, 0.1495],[ 1.4225, 0.3928,10.5334, 0.9763, 0.5829],[-0.8941,-0.3395, 0.286 , 0.1596],0.1185
2385,[-0.8939,-0.3994, 0.3655, 0.1403],[ 1.4593, 2.3814,15.9456, 2.0407, 0.7962],[-0.8954,-0.3952, 0.3487, 0.1507],0.0683
2400,[-0.9081,-0.0286, 0.0232, 0.0588],[1.7334e+00,9.3486e-01,2.3504e+00,4.5731e-01,9.3525e+02],[-0.9079,-0.0276, 0.0214, 0.0451],0.4259
2401,[-0.9086,-0.0435, 0.0697, 0.0627],[-0.3592,-2.1431,70.7257,-1.0205, 6.4035],[-0.9082,-0.0468, 0.0702, 0.0537],0.4074
2402,[-0.9079, 0.0391,-0.0696, 0.0638],[-1.3591,35.0462,-5.0136,-3.9757,-3.031 ],[-0.9074, 0.0431,-0.0712, 0.0659],0.4055
2410,[-0.9064, 0.0643,-0.0401, 0.055 ],[-36.0359,-37.4717,-36.9778,-36.1303,-36.5203],[-0.9064, 0.0601,-0.0319, 0.0454],0.4105
2412,[-0.9074, 0.0739,-0.0871, 0.0575],[ 2.5760e+00, 1.5123e+01,-7.1587e-03, 3.8672e-01, 2.1871e+02],[-0.9071, 0.075 ,-0.0839, 0.0477],0.3824
2414,[-0.9016, 0.1467,-0.1841, 0.0462],[-0.103 ,10.5997,-1.6225,-0.5636, 0.131 ],[-0.9007, 0.1503,-0.1836, 0.0502],0.2742
2420,[-0.9084,-0.0635, 0.0445, 0.0529],[-0.3381, 4.7125,-1.197 ,-0.7352,60.6038],[-0.9083,-0.0602, 0.0385, 0.0416],0.4167
2421,[-0.907 ,-0.0788, 0.0922, 0.0575],[ 7.8244e-01,-1.8240e-01, 6.2666e+00, 5.4434e-01, 4.0998e+02],[-0.9066,-0.08  , 0.0903, 0.0451],0.3752
2423,[-0.9034,-0.1409, 0.1828, 0.0547],[-4.9777,-7.8549,-4.0112,-5.5604,-5.192 ],[-0.9024,-0.1452, 0.1834, 0.0522],0.2831
2430,[-0.9045, 0.1944,-0.0391, 0.08  ],[-8.9512,-9.8728,-7.8838,-8.8119,-9.0723],[-0.9063, 0.1743,-0.0291, 0.0719],0.3584
2432,[-0.9027, 0.1939,-0.1363, 0.0563],[-11.0294,-12.1666,-11.0248,-11.2628,-10.4262],[-0.9038, 0.1856,-0.1229, 0.0542],0.2979
2434,[-0.9012, 0.2096,-0.213 , 0.0431],[ 1.0812, 4.1914,-2.5764, 1.5836, 6.9951],[-0.9012, 0.2088,-0.2049, 0.0416],0.2391
2436,[-0.8976, 0.2464,-0.2956, 0.0583],[-1.2530e-02, 2.0898e+01,-1.0435e+00,-1.6523e-01, 1.0710e+00],[-0.896 , 0.2497,-0.2927, 0.063 ],0.1614
2441,[-0.9003,-0.1861, 0.1344, 0.0587],[-0.229 ,-1.5092,-1.2778,-0.4136,28.5646],[-0.9013,-0.1779, 0.1148, 0.0494],0.2957
2443,[-0.9012,-0.2038, 0.2162, 0.0695],[  1.4468, -0.2856,112.5569,  0.9684,  1.5702],[-0.9008,-0.2037, 0.2082, 0.0714],0.2381
2445,[-0.9035,-0.2453, 0.2913, 0.067 ],[-6.4640e-01,-1.1875e+00, 2.7690e+01,-2.3801e-02, 1.1187e+00],[-0.9021,-0.2482, 0.287 , 0.0702],0.1849
2454,[-0.896 , 0.2947,-0.2442, 0.0525],[ 1.3555, 1.1407,-0.508 , 2.2547, 0.6159],[-0.8977, 0.2887,-0.2298, 0.0614],0.1779
2456,[-0.8993, 0.3216,-0.3296, 0.0629],[ 0.5059, 9.6618,-0.8015, 2.0177, 1.556 ],[-0.8991, 0.3207,-0.3204, 0.0719],0.1262
2458,[-0.9038, 0.3545,-0.3948, 0.0575],[ 0.8637,21.4268,-0.9314, 0.461 ,-0.3788],[-0.9022, 0.3557,-0.392 , 0.0717],0.0859
2461,[-0.9097,-0.2955, 0.1479, 0.0992],[-4.4417,-3.0303,-5.2175,-4.0991,-3.5696],[-0.913 ,-0.2794, 0.1496, 0.0849],0.2756
2463,[-0.9043,-0.3138, 0.251 , 0.0698],[ 6.5847,41.985 , 3.8341, 2.2959, 2.0808],[-0.9061,-0.3072, 0.2456, 0.077 ],0.1907
2465,[-0.8985,-0.3458, 0.3218, 0.0494],[1.0555,0.0437,7.8427,0.5928,0.0894],[-0.8996,-0.3427, 0.3101, 0.0618],0.1229
2467,[-0.8893,-0.3577, 0.395 , 0.0291],[ 0.7846,-1.239 , 4.0176, 0.9586, 0.1115],[-0.8879,-0.3587, 0.3924, 0.0437],0.0439
2476,[-0.9103, 0.3908,-0.3823, 0.099 ],[ 0.3179, 0.5381,-1.1135, 1.1316,-0.3479],[-0.9109, 0.3883,-0.3693, 0.0978],0.1068
2478,[-0.9105, 0.3942,-0.4082, 0.0653],[ 1.3683,16.0853,-0.4852, 2.2284,-0.0569],[-0.9102, 0.3933,-0.3988, 0.0793],0.088
2485,[-0.8937,-0.3995, 0.3476, 0.0412],[ 0.6777, 0.5819, 0.6837,14.8542, 0.0439],[-0.8958,-0.3958, 0.3406, 0.0564],0.0731
2487,[-0.9009,-0.4169, 0.4285, 0.056 ],[ 0.6642,-0.7337,25.858 , 2.5294,-0.144 ],[-0.9006,-0.416 , 0.4199, 0.0693],0.0407
2500,[-0.9081,-0.0228, 0.0085,-0.0526],[3.6008e+00,8.6421e-01,2.2788e+00,1.6524e+00,1.2170e+03],[-0.9084,-0.0203, 0.004 ,-0.0683],0.4332
2501,[-0.9076,-0.0407, 0.0688,-0.0507],[ -2.6227, -4.5206,172.7059, -3.8221, -2.378 ],[-0.9077,-0.0446, 0.0693,-0.0632],0.4067
2502,[-0.9073, 0.0249,-0.0674,-0.0758],[ 1.2938e-01, 3.2771e+02,-1.6019e+00,-4.1185e-01,-8.1101e-01],[-0.9075, 0.0309,-0.069 ,-0.0892],0.4126
2510,[-0.9071, 0.0663,-0.0407,-0.0575],[ 8.5086,-5.4662,-3.3969,-6.2279,-0.4706],[-0.9076, 0.0624,-0.0352,-0.0689],0.4138
2511,[-0.9011, 0.0585, 0.0787,-0.1146],[-8.85  ,-8.9719,-8.313 ,-8.3111,-8.4651],[-0.9014, 0.0408, 0.0824,-0.125 ],0.3742
2512,[-0.9062, 0.0842,-0.092 ,-0.0608],[1.4484e+02,4.0626e+00,7.1117e-02,2.2546e+00,1.2618e+00],[-0.9064, 0.085 ,-0.0887,-0.0712],0.3728
2514,[-0.901 , 0.1411,-0.1844,-0.0668],[-0.4389, 8.9606,-3.8333,-1.026 ,-1.3171],[-0.9004, 0.1465,-0.1864,-0.0664],0.2732
2520,[-0.9069,-0.0697, 0.0428,-0.0647],[-5.3676e-02, 3.5521e+02, 1.8764e-01, 4.1288e-01, 7.4143e-01],[-0.9074,-0.0662, 0.0415,-0.0709],0.4082
2521,[-0.9066,-0.0871, 0.0942,-0.0638],[1.1511e+00,1.3712e-01,1.4425e+03,5.9793e-01,1.2620e+00],[-0.9068,-0.0877, 0.0905,-0.0705],0.3723
2522,[-0.9035,-0.0742,-0.0633,-0.0262],[ -9.356 ,-10.0611,-10.7374,-10.1039, -9.7286],[-0.9037,-0.0569,-0.0635,-0.0308],0.3862
2523,[-0.8994,-0.1437, 0.1812,-0.0723],[ 2.0194,-1.127 ,52.4773,-0.4555, 0.0566],[-0.899 ,-0.1484, 0.1823,-0.0786],0.2686
2530,[-0.8958, 0.1787,-0.0304,-0.0999],[-5.0013,-5.6448,-3.2402,-5.3143,-4.3535],[-0.8982, 0.1613,-0.024 ,-0.1152],0.3329
2532,[-0.8995, 0.1863,-0.1392,-0.055 ],[-2.4358,-4.0818,-4.1078,-2.9842, 1.9567],[-0.9009, 0.1797,-0.1229,-0.0631],0.2895
2534,[-0.8999, 0.2044,-0.2127,-0.0569],[ 0.6185,71.5023,-0.577 , 3.6536, 0.4237],[-0.9   , 0.2049,-0.206 ,-0.0513],0.2358
2536,[-0.8929, 0.2424,-0.2974,-0.0615],[ 0.5149,13.9242,-0.8962,-1.0091,-0.3654],[-0.8914, 0.2474,-0.2977,-0.0569],0.1455
2540,[-0.9059,-0.1754, 0.0401,-0.0173],[-6.7027,-6.7409,-7.4682,-6.9309,-7.122 ],[-0.9078,-0.1561, 0.0192,-0.0326],0.3776
2541,[-0.8978,-0.1758, 0.1431,-0.0456],[-0.1866,-3.2698,-2.5734,-1.3183,-1.3793],[-0.8988,-0.1709, 0.1285,-0.0438],0.2823
2543,[-0.8953,-0.1854, 0.2   ,-0.0686],[ 1.1267,-0.8824,82.9181, 4.7279, 0.583 ],[-0.8952,-0.1867, 0.1952,-0.0617],0.2314
2545,[-0.9058,-0.255 , 0.3051,-0.0596],[ 0.3392,-0.9743, 0.6889, 7.3406, 0.0899],[-0.9044,-0.2597, 0.3048,-0.046 ],0.1791
2554,[-0.9051, 0.3099,-0.2469,-0.0564],[ 0.9613, 0.6975,-0.3034, 2.5823, 0.766 ],[-0.9076, 0.3033,-0.2302,-0.0481],0.205
2556,[-0.896 , 0.3252,-0.332 ,-0.0614],[ 0.475 , 9.3345,-0.5446, 4.4421, 0.3915],[-0.8962, 0.3255,-0.3235,-0.0479],0.114
2558,[-0.9033, 0.3591,-0.3995,-0.0648],[ 0.7168, 0.1192,-1.0627, 9.0278, 0.3011],[-0.902 , 0.3617,-0.3969,-0.0489],0.08
2563,[-0.9053,-0.3472, 0.2612,-0.0264],[ 1.26  , 1.0264, 1.9694,10.2398, 0.3581],[-0.9085,-0.3392, 0.248 ,-0.0129],0.1825
2565,[-0.9002,-0.3519, 0.3341,-0.0669],[ 0.9994,-0.2935, 5.0934, 5.8704, 0.3026],[-0.9013,-0.3506, 0.3242,-0.0519],0.1178
2567,[-0.8968,-0.3622, 0.4004,-0.0593],[ 0.0188,-1.0042, 3.6472, 0.8271,-0.1256],[-0.8955,-0.3644, 0.3991,-0.0451],0.0593
2585,[-0.896 ,-0.4039, 0.3606,-0.0709],[ 0.3511, 0.5791, 0.4217,33.8949,-0.2324],[-0.8982,-0.4019, 0.35  ,-0.0552],0.0732
2587,[-0.8939,-0.4118, 0.4173,-0.0858],[ 0.8722,-1.0896, 2.86  ,13.8215,-0.4046],[-0.8941,-0.4125, 0.4094,-0.0714],0.0303
2600,[-0.9071,-0.0114, 0.0046,-0.1635],[  0.6384,  2.958 ,  2.4669,  3.0566,292.7768],[-0.9079,-0.0103, 0.0026,-0.1797],0.4317
2601,[-0.907 ,-0.0384, 0.0679,-0.1691],[ -0.8994, -1.7059,113.6927, -0.6929, -1.0546],[-0.9076,-0.043 , 0.0699,-0.1822],0.407
2602,[-0.9082, 0.0354,-0.0708,-0.1611],[  0.3269,173.239 , -1.2646,  1.8965,  0.6647],[-0.9087, 0.0408,-0.0735,-0.1737],0.4111
2610,[-0.9049, 0.0685,-0.0447,-0.1824],[-5.4570e-01, 3.4569e-02, 1.4993e+02, 1.4329e+00,-5.8971e-01],[-0.9059, 0.0658,-0.0444,-0.1874],0.4006
2612,[-0.9069, 0.077 ,-0.0916,-0.1731],[1.9916e+00,3.8423e+02,6.8126e-02,7.6339e+00,1.1963e+00],[-0.9075, 0.0794,-0.0902,-0.1794],0.3794
2614,[-0.9033, 0.1424,-0.1866,-0.1697],[ 7.5646, 5.3151,-2.04  , 4.3079,-0.4082],[-0.903 , 0.149 ,-0.1903,-0.168 ],0.2803
2620,[-0.9068,-0.0653, 0.0436,-0.1505],[ 0.8835, 6.2667, 0.069 , 2.227 ,16.5686],[-0.9077,-0.0627, 0.0433,-0.1617],0.4102
2621,[-0.9068,-0.0804, 0.0841,-0.149 ],[  2.7582,  0.6675,  4.9343,139.3578,  1.0526],[-0.9074,-0.081 , 0.0818,-0.1439],0.3823
2623,[-0.8995,-0.1527, 0.1792,-0.135 ],[-0.1798,-1.7075, 0.6344,16.6991,-0.1147],[-0.8995,-0.1564, 0.1791,-0.131 ],0.2681
2630,[-0.8946, 0.1753,-0.044 ,-0.15  ],[-2.7009,-2.8768,-2.1177,-1.9975,-2.0073],[-0.897 , 0.16  ,-0.0353,-0.1646],0.3227
2632,[-0.8996, 0.1767,-0.1401,-0.1506],[-0.2861,-0.0223,-1.3432,-0.8336,-0.303 ],[-0.901 , 0.1723,-0.1305,-0.1571],0.2898
2634,[-0.9017, 0.1904,-0.2185,-0.1681],[ 2.0527, 2.3014,-0.0734,22.1145, 0.1595],[-0.9016, 0.1945,-0.2183,-0.1563],0.2407
2636,[-0.9023, 0.248 ,-0.2998,-0.1865],[ 0.8836, 7.5643,-1.3811, 1.5913,-0.7308],[-0.9012, 0.2544,-0.3023,-0.1768],0.172
2641,[-0.904 ,-0.1771, 0.1529,-0.1692],[-0.6123,-0.9525,-0.6879,-0.1729,-1.5741],[-0.9052,-0.1747, 0.1478,-0.1618],0.297
2643,[-0.8957,-0.1862, 0.2021,-0.1448],[ 1.3092,-0.6748, 1.7791,15.4766, 1.3289],[-0.8959,-0.1885, 0.2005,-0.1377],0.2305
2645,[-0.9067,-0.2345, 0.3019,-0.1538],[-0.4124,-1.5958, 0.7808, 0.6628,-1.0898],[-0.9049,-0.2426, 0.3088,-0.1379],0.1869
2656,[-0.8997, 0.315 ,-0.3428,-0.1778],[ 1.3752, 4.0574,-1.0354, 5.3091, 0.0775],[-0.8993, 0.3184,-0.3395,-0.1622],0.1191
2658,[-0.898 , 0.367 ,-0.4065,-0.1855],[ 0.2011, 1.3578,-0.9699, 5.7039,-0.3559],[-0.8969, 0.3708,-0.403 ,-0.1695],0.0589
2663,[-0.9025,-0.3636, 0.2506,-0.1366],[ 1.117 , 0.2025, 0.4755, 0.9083,-0.1074],[-0.9073,-0.3533, 0.2233,-0.1214],0.1832
2665,[-0.9034,-0.3395, 0.3687,-0.1747],[ 0.5437,-0.5807, 3.4408, 5.721 ,-0.342 ],[-0.9028,-0.3432, 0.3656,-0.1605],0.1063
2667,[-0.8945,-0.3681, 0.4134,-0.1979],[-0.4853,-0.847 ,16.4389, 1.6779, 0.0395],[-0.8931,-0.3722, 0.4112,-0.1841],0.0446
2685,[-0.9015,-0.4271, 0.3756,-0.1456],[ 2.6416,-0.3862, 1.3684,35.3401,-1.0236],[-0.9045,-0.4258, 0.3608,-0.1331],0.0743
2687,[-0.8957,-0.4131, 0.4287,-0.1794],[  1.3525, -0.8399,133.8276,  3.7228, -1.1912],[-0.8956,-0.4155, 0.4221,-0.1668],0.0266
2700,[-0.8998,-0.0151, 0.0024,-0.2992],[ 1.017 , 0.9978,81.9596, 1.8952, 2.7112],[-0.9012,-0.013 ,-0.0031,-0.3037],0.4035
2701,[-0.9054,-0.0398, 0.0702,-0.2815],[ 0.5886,-0.7405,40.8546, 1.9952, 0.2534],[-0.9064,-0.0449, 0.0728,-0.2924],0.3997
2702,[-0.9013, 0.0316,-0.0805,-0.2994],[-21.9428,-21.3511,-23.0799,-21.0976,-22.5615],[-0.9022, 0.0393,-0.0861,-0.2979],0.3773
2710,[-0.902 , 0.0658,-0.0482,-0.305 ],[  1.0574,  1.9072,138.2575,  2.6268,  0.4783],[-0.9034, 0.0643,-0.0489,-0.3   ],0.3885
2712,[-0.9038, 0.0726,-0.0877,-0.2984],[  0.3326,152.2767,  1.368 ,  1.1425,  2.298 ],[-0.9049, 0.0755,-0.0875,-0.2947],0.3715
2714,[-0.905 , 0.1377,-0.1907,-0.3068],[-2.8449,-2.2588,-4.4761,-1.6017,-3.5873],[-0.905 , 0.1466,-0.1975,-0.2978],0.2855
2720,[-0.8962,-0.0624, 0.0471,-0.3048],[-4.5251,-3.9743,-4.8117,-3.3294,-4.7941],[-0.8976,-0.0609, 0.0456,-0.2978],0.3663
2721,[-0.8965,-0.0764, 0.0805,-0.3075],[-0.1165,-2.2136, 1.5332, 1.8657,-0.2936],[-0.8978,-0.0777, 0.0798,-0.2962],0.3442
2722,[-0.9107,-0.061 ,-0.0778,-0.2571],[-1.6296,-0.7776,-1.1904,-1.1865,-1.1109],[-0.9117,-0.041 ,-0.0813,-0.274 ],0.421
2730,[-0.876 , 0.1671,-0.0454,-0.3208],[-0.2092,-0.9702,-0.4052,-0.522 ,-0.7579],[-0.879 , 0.1523,-0.0127,-0.3036],0.2644
2732,[-0.8711, 0.1838,-0.0871,-0.3449],[0.1093,1.163 ,0.5146,1.9828,0.0052],[-0.8744, 0.1731,-0.0599,-0.3287],0.2192
2734,[-0.9091, 0.1951,-0.2373,-0.2821],[ 2.2408, 1.3848,-0.3286, 9.8431, 0.2727],[-0.909 , 0.2024,-0.2401,-0.2707],0.2536
2736,[-0.9054, 0.247 ,-0.3179,-0.3054],[-0.6657, 0.3978,-2.1216, 0.0721,-1.4697],[-0.9038, 0.2568,-0.325 ,-0.2908],0.169
2741,[-0.9023,-0.1811, 0.1433,-0.3335],[0.5756,0.6747,0.7052,1.2973,0.1913],[-0.9044,-0.1777, 0.1365,-0.3209],0.2978
2743,[-0.8997,-0.2053, 0.195 ,-0.3181],[ 1.3132,-0.4237, 2.7939, 3.8553, 0.0964],[-0.9013,-0.2059, 0.19  ,-0.3027],0.2472
2745,[-0.9102,-0.2664, 0.3495,-0.3276],[-0.25  ,-1.2644, 0.542 , 1.4502,-0.801 ],[-0.9079,-0.2777, 0.3588,-0.3138],0.1562
2756,[-0.9047, 0.2955,-0.3477,-0.2884],[ 1.1778, 2.0384,-0.5254, 3.6328,-0.053 ],[-0.9035, 0.3027,-0.3495,-0.2741],0.1347
2758,[-0.8998, 0.338 ,-0.4048,-0.2943],[ 0.7541, 5.0816,-1.1936, 1.5504,-1.0848],[-0.8977, 0.3451,-0.4073,-0.279 ],0.0707
2765,[-0.9075,-0.3029, 0.3753,-0.3037],[ 0.6985,-0.4394, 4.5473, 1.814 , 0.009 ],[-0.9053,-0.3119, 0.3826,-0.2914],0.1203
2767,[-0.9028,-0.3491, 0.419 ,-0.2946],[ 1.642 ,-1.1788, 1.6939,16.9346,-0.7037],[-0.9004,-0.3564, 0.4234,-0.2789],0.0659
2787,[-0.9018,-0.4101, 0.4603,-0.2934],[  2.8964, -1.0424,101.7211,  3.1251, -1.0722],[-0.9   ,-0.4153, 0.4602,-0.2781],0.0205
2800,[-0.8967,-0.0032,-0.0068,-0.4455],[  1.5165,  1.6918,136.5146,  2.9173,  0.5456],[-0.8987,-0.0011,-0.0131,-0.4325],0.3939
2801,[-0.8941,-0.0345, 0.0714,-0.4274],[ 0.1317,-1.3194, 2.3817, 3.0474,-0.2004],[-0.8956,-0.0404, 0.0751,-0.4148],0.3547
2802,[-0.8978, 0.0243,-0.0841,-0.4267],[ 0.6297,72.758 ,-0.6348, 6.4937,-0.9042],[-0.8991, 0.0337,-0.0904,-0.4161],0.3648
2810,[-0.8976, 0.0727,-0.0416,-0.4299],[  2.161 ,  0.7688,134.5337,  1.3709,  0.623 ],[-0.8997, 0.0696,-0.0411,-0.4157],0.3731
2812,[-0.8973, 0.0857,-0.0887,-0.4424],[  1.8007,284.2568,  1.3821,  3.7663,  0.5142],[-0.8991, 0.0872,-0.0863,-0.4297],0.3418
2814,[-0.9067, 0.136 ,-0.1833,-0.4477],[ 2.8657,20.0545,-0.7722, 4.2939,-0.3555],[-0.9074, 0.1454,-0.1889,-0.437 ],0.2998
2820,[-0.8876,-0.0623, 0.0468,-0.443 ],[ 0.0447, 4.7692, 0.4093, 3.1218,-0.8796],[-0.8896,-0.0612, 0.046 ,-0.43  ],0.3322
2821,[-0.8841,-0.0773, 0.0759,-0.4326],[ 0.8745,-0.6346, 2.1338, 3.8641, 0.3253],[-0.8859,-0.0782, 0.0758,-0.4187],0.2965
2823,[-0.8822,-0.153 , 0.1807,-0.4613],[ 1.0366,-1.298 , 0.8447, 1.5526,-0.5955],[-0.8834,-0.1582, 0.1806,-0.4449],0.2075
2832,[-0.8952, 0.1672,-0.1526,-0.4258],[0.7288,2.19  ,0.1126,1.6666,0.1151],[-0.8974, 0.1667,-0.1424,-0.4092],0.272
2834,[-0.9071, 0.1769,-0.2658,-0.4151],[ 1.4508,21.0948,-0.1317, 2.0357, 0.374 ],[-0.9057, 0.1914,-0.2799,-0.4058],0.2276
2836,[-0.9033, 0.2117,-0.2985,-0.3896],[-0.0823, 0.4946,-0.9203, 2.3812,-1.2747],[-0.9016, 0.2244,-0.3092,-0.375 ],0.1839
2841,[-0.9035,-0.1887, 0.1516,-0.415 ],[0.767 ,0.4198,1.1199,2.0323,0.4209],[-0.906 ,-0.1854, 0.1399,-0.4003],0.2989
2843,[-0.8961,-0.1926, 0.1897,-0.4514],[ 0.6208,-0.1741, 4.1358, 3.6313,-0.2384],[-0.898 ,-0.1946, 0.1842,-0.4359],0.243
2865,[-0.9099,-0.2954, 0.3766,-0.38  ],[ 0.6608,-0.2515, 1.2934, 0.8643, 0.0976],[-0.9074,-0.3065, 0.386 ,-0.3649],0.1277
2867,[-0.9101,-0.3604, 0.4344,-0.3829],[ 0.3877,-0.9077, 0.7304,12.7512,-0.8459],[-0.9074,-0.3694, 0.4422,-0.3685],0.0705
2900,[-0.8933, 0.0199,-0.002 ,-0.6651],[  1.9688,  0.7766,296.3156,  3.381 , -0.4481],[-0.8962, 0.0178,-0.0037,-0.6489],0.3827
2901,[-0.8879,-0.0224, 0.0795,-0.7146],[ 0.265 ,-0.5543,71.1493, 0.8635, 0.183 ],[-0.8906,-0.0314, 0.0842,-0.6977],0.3337
2902,[-0.8779, 0.0421,-0.0713,-0.8058],[-6.2339,96.5153,-7.6798,-2.881 ,-8.1108],[-0.8811, 0.0475,-0.0751,-0.7918],0.2909
2910,[-0.8923, 0.07  ,-0.0351,-0.7064],[  0.8572,  1.1783,  0.5948,548.8479, -1.5621],[-0.8956, 0.0655,-0.0255,-0.6882],0.3634
2912,[-0.8903, 0.0778,-0.0835,-0.7289],[-10.9456, -8.4938,-14.7988, 59.6261,-13.7709],[-0.8934, 0.0804,-0.0825,-0.7109],0.3232
2914,[-0.8981, 0.1385,-0.1787,-0.5795],[ 0.1093,21.3982,-0.8676, 0.7156,-0.2945],[-0.8995, 0.1471,-0.1824,-0.5623],0.2723
2920,[-0.8837,-0.0671, 0.0411,-0.6276],[-1.4971,-1.2055, 0.7517,29.977 ,-3.4713],[-0.8866,-0.0643, 0.0351,-0.6113],0.322
2921,[-0.8809,-0.0879, 0.1109,-0.6826],[ 7.3971e-01,-4.2132e-01, 4.9057e+01, 2.3249e+00, 2.2708e-02],[-0.8834,-0.0928, 0.1131,-0.6686],0.2641
2922,[-0.902 ,-0.0636,-0.0753,-0.5729],[-1.2879,-0.2627,-1.3034,-0.6308,-1.2633],[-0.9042,-0.0432,-0.0864,-0.5548],0.3835
2923,[-0.8885,-0.1454, 0.1822,-0.6205],[ 0.7595,-1.1661, 7.6827,18.8535,-0.952 ],[-0.89  ,-0.1532, 0.1866,-0.6044],0.2311
2943,[-0.8985,-0.1862, 0.1999,-0.563 ],[-0.6601,-0.8889,17.4239, 3.9751,-0.7893],[-0.9003,-0.1914, 0.1986,-0.5466],0.2466
3300,[-0.8647, 0.0452,-0.0506, 0.1633],[ 0.1243, 0.5504, 0.4503,-2.3909, 1.2553],[-0.864 , 0.0456,-0.0514, 0.151 ],0.2355
3400,[-0.8606, 0.0494,-0.0544, 0.054 ],[ 1.017 , 1.4317, 1.2261,-0.9082, 9.0816],[-0.8604, 0.0498,-0.0539, 0.04  ],0.2194
3402,[-0.8614, 0.0481,-0.0571, 0.0973],[-1.8558, 0.3866,-3.1695,-2.6907, 0.311 ],[-0.861 , 0.0487,-0.0569, 0.083 ],0.221
3434,[-0.8645, 0.2514,-0.258 , 0.0198],[-0.1177, 2.4992,-1.965 ,-0.5462, 2.0338],[-0.8646, 0.251 ,-0.2474, 0.0144],0.0819
3436,[-0.866 , 0.2492,-0.2826, 0.0056],[ 2.2987, 6.6355,-2.2475,-0.015 , 3.3754],[-0.8651, 0.2508,-0.2763, 0.0158],0.0723
3500,[-0.861 , 0.0462,-0.0296,-0.0601],[-0.2842, 0.6094, 1.7966,-1.1292, 2.7125],[-0.8614, 0.0442,-0.0238,-0.0759],0.2368
3534,[-0.866 , 0.2475,-0.2159,-0.018 ],[ 1.0394, 8.3785,-0.5021,-0.032 , 0.5493],[-0.8673, 0.2441,-0.2   ,-0.0317],0.1113
3600,[-0.865 , 0.0195,-0.0027,-0.1765],[ 0.3722, 0.5594, 0.9525,-1.0701, 1.0375],[-0.8659, 0.0181,-0.0038,-0.1874],0.2604
3700,[-0.8618,-0.0315, 0.0152,-0.3414],[0.4638,8.9157,4.6316,0.7291,0.9533],[-0.8633,-0.0301, 0.0149,-0.3314],0.2503
3701,[-0.8653,-0.0462, 0.08  ,-0.351 ],[-3.4119,-4.195 ,-1.9287,-3.4195,-2.63  ],[-0.8664,-0.0504, 0.0827,-0.3372],0.2302
3702,[-0.8577, 0.0434,-0.0763,-0.3624],[-0.2813, 4.2813,-1.2077,-0.9953, 1.2859],[-0.859 , 0.0472,-0.078 ,-0.3585],0.207
3710,[-0.8492, 0.0562,-0.0532,-0.3683],[-0.2136,-1.0155, 4.1816,-1.0177,-0.5072],[-0.851 , 0.0557,-0.0446,-0.3857],0.1876
3712,[-0.8643, 0.0612,-0.0847,-0.3387],[ 0.6124,22.1491, 0.4738, 0.7475, 2.2624],[-0.8655, 0.0639,-0.0828,-0.3304],0.2215
3720,[-0.8582,-0.0607, 0.0497,-0.3306],[-2.4024,-0.637 ,-2.5933,-2.2739,-1.9172],[-0.8597,-0.06  , 0.0481,-0.3297],0.2159
3721,[-0.8533,-0.0702, 0.068 ,-0.3397],[ 0.3744,-1.2676, 1.6059, 0.4303, 0.857 ],[-0.8548,-0.0706, 0.0678,-0.3365],0.1885
3732,[-0.8663, 0.1956,-0.1224,-0.3706],[1.964 ,0.3249,1.1101,1.1952,0.7942],[-0.8695, 0.1885,-0.0999,-0.3532],0.1797
3800,[-0.8529,-0.0192, 0.0037,-0.4454],[ 1.5675, 0.9281,40.2576, 1.9639, 0.6563],[-8.5484e-01,-1.7535e-02,-2.0987e-04,-4.3544e-01],0.2163
3801,[-0.8566,-0.0306, 0.0761,-0.4557],[ 0.3886,-1.6067, 3.0859,-0.2108,-0.7682],[-0.8582,-0.0359, 0.0795,-0.4446],0.2081
3802,[-0.8453, 0.0398,-0.0743,-0.4452],[ 1.3147,24.0728,-1.1396, 0.0954, 1.1305],[-0.847 , 0.0436,-0.0757,-0.439 ],0.169
3810,[-0.8492, 0.0661,-0.0455,-0.4765],[ 1.2823, 0.1573,19.1954, 0.4246, 0.5393],[-0.8514, 0.0653,-0.0483,-0.4838],0.1847
3812,[-0.842 , 0.072 ,-0.0826,-0.4779],[ 0.9764, 5.6606,-0.1029, 0.539 ,55.9788],[-0.8441, 0.0736,-0.0795,-0.4864],0.1474
3820,[-0.8518,-0.064 , 0.0486,-0.4491],[-0.1027, 0.725 ,-0.7903, 1.0193,-0.8707],[-0.8538,-0.0631, 0.0479,-0.4384],0.1945
3821,[-0.8519,-0.0695, 0.07  ,-0.4475],[ 0.4365,-0.4792, 3.0251, 3.4658, 0.4248],[-0.8538,-0.0703, 0.0691,-0.4375],0.184
3832,[-0.8618, 0.2023,-0.1507,-0.3899],[1.3693,1.3844,0.7075,1.2259,0.761 ],[-0.8647, 0.1981,-0.1323,-0.377 ],0.1476
3834,[-0.8528, 0.2031,-0.2002,-0.4501],[ 0.3059, 6.2647,-0.1446, 0.4465, 0.4506],[-0.8548, 0.2042,-0.19  ,-0.4341],0.0926
3900,[-0.8392, 0.0033,-0.0259,-0.926 ],[1.1191e+02,2.5462e+00,4.4855e+00,1.0977e+02,8.1397e-02],[-0.8431, 0.006 ,-0.0287,-0.9153],0.1758
3901,[-0.8499,-0.0263, 0.0783,-0.8672],[ 0.4218,-2.1892, 1.6117,47.9068,-1.7115],[-0.8532,-0.033 , 0.0841,-0.8492],0.19
3902,[-0.849 , 0.0317,-0.0672,-0.8888],[ -0.3205,305.1759, -1.5332,  1.4256, -0.6598],[-0.8526, 0.0364,-0.0689,-0.874 ],0.1926
3910,[-0.8482, 0.0706,-0.0493,-0.7751],[  2.2212,  0.7034,223.9735,  4.4904,  0.5517],[-0.8518, 0.07  ,-0.0505,-0.7783],0.1845
3912,[-0.847 , 0.0766,-0.0876,-0.7884],[ 3.5636e+00, 1.0408e+03,-3.2738e-01, 3.2777e+00, 3.2520e-02],[-0.8503, 0.079 ,-0.0855,-0.7885],0.1637
3914,[-0.8426, 0.1257,-0.1892,-0.6791],[ 0.948 , 0.8805,-1.7952, 1.2043,-1.3553],[-0.8439, 0.1335,-0.1914,-0.6662],0.0859
3920,[-0.844 ,-0.0704, 0.0471,-0.7009],[ 0.3395,41.4302, 0.599 , 3.0794,-0.119 ],[-0.8472,-0.0695, 0.0477,-0.6886],0.1698
3921,[-0.8478,-0.0696, 0.0709,-0.7141],[ 0.991 ,-0.3509,50.0528, 1.472 , 1.2329],[-0.8508,-0.071 , 0.0703,-0.701 ],0.1734
3923,[-0.8523,-0.1289, 0.173 ,-0.8308],[-0.1675,-2.3056, 1.7047, 1.0223,-1.7433],[-0.8547,-0.136 , 0.1735,-0.8127],0.1238
3932,[-0.8582, 0.1714,-0.1436,-0.5536],[1.4405,0.4994,0.9989,1.7338,1.597 ],[-0.8612, 0.1701,-0.1303,-0.5352],0.1478
3934,[-0.8473, 0.177 ,-0.2078,-0.564 ],[ 0.3868, 2.6984,-0.7538, 4.4224,-0.2911],[-0.8486, 0.1818,-0.2064,-0.5462],0.0769
3941,[-0.8348,-0.1916, 0.1024,-0.7074],[ 0.4622, 0.2206, 0.3481, 0.8404,-0.2528],[-0.8395,-0.1855, 0.0862,-0.701 ],0.0919
4700,[-0.7985,-0.0509, 0.0196,-0.3648],[ 0.0268, 1.173 , 1.5506,-1.2094, 0.8238],[-0.8003,-0.049 , 0.0191,-0.3752],0.0429
4702,[-0.8157, 0.0274,-0.0681,-0.3667],[-1.7856, 1.1673,-2.1478,-1.5375,-0.8468],[-0.817 , 0.0311,-0.0721,-0.3756],0.0795
4720,[-0.7921,-0.058 , 0.0358,-0.3488],[-0.6706, 0.1692,-1.5229,-1.5819,-0.5858],[-0.7938,-0.0566, 0.0319,-0.346 ],0.0198
4800,[-0.8015,-0.036 ,-0.0027,-0.4622],[ 0.7257, 1.2193, 0.8971,-0.058 , 3.133 ],[-0.8036,-0.0335,-0.0024,-0.4673],0.0536
4801,[-0.8222,-0.051 , 0.0602,-0.4918],[-0.6008,-1.2433, 0.2224,-0.95  ,-0.8061],[-0.8243,-0.053 , 0.0675,-0.5098],0.0955
4802,[-0.8021, 0.0259,-0.0768,-0.4766],[-0.969 ,-0.0389,-1.4455,-0.8656, 0.5257],[-0.8038, 0.0301,-0.0789,-0.4772],0.0409
4812,[-0.8151, 0.0741,-0.1121,-0.4653],[ 0.245 , 2.9352,-0.4473,-0.1033, 1.3217],[-0.8166, 0.0777,-0.1118,-0.4671],0.0521
4820,[-0.8   ,-0.0709, 0.0306,-0.459 ],[-0.6779, 0.6049,-0.7066,-0.3756, 0.4388],[-0.8022,-0.0684, 0.0273,-0.4515],0.0401
4821,[-0.8167,-0.0592, 0.0604,-0.4592],[-0.0529,-0.894 , 1.4963,-0.2576, 0.7752],[-0.8186,-0.06  , 0.0623,-0.4494],0.0783
4900,[-0.7997,-0.0091, 0.0014,-0.9304],[919.3999,  2.7623,  2.7155,  1.8963,  0.9994],[-0.8038,-0.0082,-0.0028,-0.9373],0.0593
4901,[-0.7949,-0.0272, 0.0654,-0.9354],[-0.2263,-1.0576,13.2965,-0.3208,-0.3862],[-0.7988,-0.031 , 0.0653,-0.9431],0.0312
4902,[-0.8015, 0.0145,-0.0746,-0.7574],[-8.2681e-01, 3.3320e+02,-1.0923e+00,-4.7404e-01,-1.7747e-01],[-0.8044, 0.0197,-0.0759,-0.758 ],0.0458
4910,[-0.7997, 0.0615,-0.0442,-0.8323],[ 0.2806, 0.1733,58.4428, 0.4417, 1.9518],[-0.8034, 0.0613,-0.0453,-0.8375],0.0402
4911,[-0.7847, 0.0649, 0.0575,-0.8663],[-3.5461,-4.3739,-2.1249,-3.3207,-3.3576],[-0.7886, 0.0567, 0.0554,-0.8854],0.0005
4912,[-0.804 , 0.062 ,-0.0694,-0.8001],[  0.7686,165.4953, -0.5605,  1.2427,  2.1098],[-0.8075, 0.0636,-0.0682,-0.8038],0.045
4920,[-0.7983,-0.0725, 0.0343,-0.8262],[-0.1286, 2.6686,-0.2999, 2.0892, 0.1554],[-0.8022,-0.0706, 0.034 ,-0.8188],0.0375
4921,[-0.8013,-0.0777, 0.0643,-0.8236],[ 0.1276,-0.8816, 2.06  , 1.7431, 0.5951],[-0.8051,-0.0778, 0.0616,-0.8167],0.0366
4922,[-0.7974,-0.0741,-0.0659,-0.9172],[-2.7132,-2.1419,-2.9338,-2.6527,-2.8427],[-0.8014,-0.0636,-0.0696,-0.9119],0.0286
4930,[-0.8003, 0.1771,-0.0494,-0.7947],[-1.5228,-2.2802,-0.9219,-0.9966,-2.3565],[-0.8055, 0.1707,-0.0573,-0.7755],0.0111
4932,[-0.792 , 0.1872,-0.0812,-0.7662],[1.1569,1.009 ,0.3532,1.4217,1.038 ],[-0.7973, 0.1812,-0.0666,-0.7757],-0.0142
4941,[-0.7924,-0.181 , 0.1258,-0.7631],[0.4118,0.2706,1.3697,1.8412,0.7344],[-0.7967,-0.1794, 0.121 ,-0.7594],-0.0304
4943,[-0.7981,-0.2042, 0.1748,-0.7516],[ 0.07  ,-1.0281, 2.0431, 1.8634, 0.4893],[-0.8017,-0.2051, 0.1742,-0.7393],-0.0412
5800,[-0.7408, 0.0013, 0.0026,-0.4685],[-0.4301,-0.4775,-0.0971,-1.7035, 0.3647],[-0.7429, 0.001 , 0.0041,-0.4837],-0.0911
5801,[-0.7364,-0.042 , 0.0716,-0.4674],[-0.7713,-1.8036, 0.2993,-1.2962,-0.2042],[-0.7382,-0.0441, 0.0737,-0.484 ],-0.1122
5802,[-0.7374, 0.0356,-0.0601,-0.4346],[-1.4333,-0.5425,-1.7209,-1.9161,-0.2696],[-0.7392, 0.0372,-0.0583,-0.4404],-0.1057
5810,[-0.736 , 0.0807,-0.0505,-0.4863],[-0.7354,-0.8927, 0.5498,-1.005 , 0.2123],[-0.7385, 0.0795,-0.0496,-0.5038],-0.1141
5812,[-0.7359, 0.0858,-0.0909,-0.4778],[-0.2056, 0.6041,-0.6205,-0.8441, 1.158 ],[-0.7379, 0.0868,-0.091 ,-0.495 ],-0.1251
5820,[-0.762 ,-0.0714, 0.0332,-0.4714],[-0.7869, 0.1706,-0.6882,-1.0004, 0.0091],[-0.7643,-0.0694, 0.0305,-0.4664],-0.0542
5821,[-0.7456,-0.0835, 0.0899,-0.4697],[ 0.323 ,-0.9603, 0.279 ,-0.681 , 0.513 ],[-0.7476,-0.0841, 0.0846,-0.4735],-0.1038
5900,[-0.7556,-0.0077, 0.0226,-0.8155],[ 1.6562e+00, 2.4098e+00, 1.2508e+03,-2.7362e-01, 2.3336e+00],[-0.7592,-0.0086, 0.0204,-0.8286],-0.0539
5901,[-0.7505,-0.0366, 0.0634,-0.7624],[ 2.0365e-02,-1.1935e+00, 8.8173e+01,-1.3421e-01, 1.3674e+00],[-0.7537,-0.0387, 0.0626,-0.7734],-0.0765
5902,[-0.7565, 0.0402,-0.063 ,-0.7783],[ 0.1498, 8.5231,-1.0583,-0.1639, 0.3019],[-0.7598, 0.0423,-0.0626,-0.7886],-0.0646
5910,[-0.7543, 0.0681,-0.0257,-0.7351],[  0.2558, -0.4611,  2.8237, -1.1203,146.4324],[-0.7579, 0.0655,-0.0156,-0.7524],-0.0658
5911,[-0.773 , 0.0655, 0.0648,-0.9738],[-2.5869,-3.8088,-1.5894,-2.6913,-2.4347],[-0.7773, 0.0568, 0.0656,-0.9938],-0.0296
5912,[-0.7476, 0.0731,-0.0701,-0.6851],[-0.046 ,37.6027,-0.8602,-0.1272, 3.4874],[-0.7507, 0.0734,-0.0651,-0.6946],-0.0908
5920,[-0.7635,-0.069 , 0.0387,-0.7938],[-8.0949,-7.6912,-7.7216,-8.2611,-7.8976],[-0.7673,-0.0675, 0.0331,-0.7997],-0.0474
5921,[-0.7501,-0.0829, 0.0867,-0.7775],[ 0.2712,-0.6137,21.3427,-0.2843, 0.3622],[-0.7535,-0.0839, 0.082 ,-0.7879],-0.0914
5922,[-0.775 ,-0.0749,-0.0617,-0.6758],[-2.6992,-2.5422,-3.0072,-2.9533,-2.9348],[-0.7781,-0.0667,-0.0543,-0.6823],-0.0274
5923,[-0.7424,-0.1466, 0.1748,-0.8423],[ 0.457 ,-1.9039, 4.8516, 0.0063,-0.01  ],[-0.7452,-0.15  , 0.1725,-0.8509],-0.1417
5932,[-0.7718, 0.2043,-0.1396,-0.7098],[1.0177,2.0798,0.9211,0.4845,1.0537],[-0.7764, 0.2019,-0.1241,-0.7287],-0.0824
5934,[-0.746 , 0.1921,-0.2079,-0.7399],[ 0.0091, 2.3898,-1.0324, 0.4033, 1.3418],[-0.7484, 0.1948,-0.2036,-0.7394],-0.1523
5941,[-0.7579,-0.1799, 0.1311,-0.751 ],[-0.4032, 0.2551, 1.7909, 0.2898, 1.6359],[-0.762 ,-0.1787, 0.1241,-0.7484],-0.1054
5943,[-0.7459,-0.1821, 0.1871,-0.8652],[-0.0357,-1.5805, 3.1882, 0.4995,-0.0211],[-0.7492,-0.1846, 0.1818,-0.8534],-0.1442
6602,[-0.6949, 0.0228,-0.0734,-0.2485],[-0.6034, 0.3963,-1.2074,-0.7232,-0.1405],[-0.6958, 0.0253,-0.074 ,-0.2654],-0.1833
6700,[-0.6966, 0.0101,-0.0033,-0.3482],[-0.359 ,-0.8078, 1.0567,-1.2327, 5.0507],[-6.9818e-01, 9.6508e-03,-3.9203e-04,-3.5974e-01],-0.1697
6701,[-0.695 ,-0.0177, 0.079 ,-0.3507],[-1.1947,-2.7456, 0.7382,-2.3556, 0.6337],[-0.6961,-0.0208, 0.0795,-0.3615],-0.1829
6702,[-0.6962, 0.0307,-0.0717,-0.3418],[-0.7042, 1.0704,-1.4633,-1.9548, 0.78  ],[-0.6975, 0.0327,-0.0698,-0.3461],-0.181
6710,[-0.6989, 0.0813,-0.0226,-0.3222],[-0.2593,-0.5371, 0.7833,-0.9724, 0.9994],[-0.7008, 0.0786,-0.0181,-0.3296],-0.1748
6712,[-0.6994, 0.0624,-0.1066,-0.3394],[-0.3654, 1.5187,-0.7777,-0.919 , 1.2244],[-0.7004, 0.0647,-0.1031,-0.3427],-0.1876
6800,[-0.6994, 0.0079,-0.0015,-0.4461],[-64.4089,-64.6052,-64.0927,-65.4718,-63.6347],[-7.0135e-01, 7.5189e-03, 7.8201e-05,-4.5597e-01],-0.164
6801,[-0.6986,-0.0191, 0.0868,-0.456 ],[-17.0405,-17.8691,-15.67  ,-17.9959,-16.2908],[-0.7   ,-0.0228, 0.0907,-0.4672],-0.1787
6802,[-0.6982, 0.0326,-0.0774,-0.4506],[-14.3183,-13.6909,-15.2987,-15.6591,-13.1858],[-0.6998, 0.035 ,-0.077 ,-0.4582],-0.1787
6803,[-0.6922,-0.0423, 0.1734,-0.4439],[-1.5684,-1.5343,-0.5946,-1.2113,-0.3431],[-0.6922,-0.0486, 0.1734,-0.4541],-0.209
6810,[-0.7064, 0.0663,-0.0309,-0.4602],[-0.5491,-1.0048,-0.8878,-1.8839, 0.7321],[-0.7087, 0.0647,-0.0258,-0.4675],-0.1606
6812,[-0.7086, 0.0699,-0.0949,-0.4586],[-1.4737,-1.1468,-2.7048,-2.9527,-0.899 ],[-0.7103, 0.0715,-0.0931,-0.4672],-0.1706
6814,[-0.7007, 0.1569,-0.1736,-0.4905],[-1.2892,-0.6994,-1.6124,-1.3288,-0.4656],[-0.7024, 0.1582,-0.1644,-0.4724],-0.2111
6821,[-0.7019,-0.071 , 0.1295,-0.4565],[-1.7237,-2.4623,-1.166 ,-2.6211,-1.1363],[-0.703 ,-0.0744, 0.1311,-0.4678],-0.1896
6823,[-0.6968,-0.0689, 0.178 ,-0.491 ],[-0.4275,-1.797 , 0.4611,-1.1718, 0.3113],[-0.6971,-0.0743, 0.1732,-0.5067],-0.2057
6900,[-0.7137, 0.0151, 0.0087,-0.6252],[ 9.6918e-01, 5.5371e-01, 2.8792e+00,-7.9551e-01, 9.3413e+02],[-0.7165, 0.0137, 0.013 ,-0.6435],-0.1386
6901,[-0.7128,-0.0305, 0.0781,-0.6113],[-0.236 ,-1.2505,60.246 ,-0.8711, 0.2862],[-0.7152,-0.0333, 0.0768,-0.6243],-0.1524
6902,[-0.7081, 0.0341,-0.072 ,-0.5904],[ 0.3392,62.8868,-1.2728,-1.2765, 2.85  ],[-0.7105, 0.0362,-0.0695,-0.6047],-0.1594
6903,[-0.6953,-0.0356, 0.1844,-0.5431],[-1.6755,-2.8995,-1.1176,-2.2459,-1.9825],[-0.6954,-0.0428, 0.1803,-0.5582],-0.2044
6910,[-0.7188, 0.0668,-0.0456,-0.6254],[-0.5554,-1.0506,85.7351,-1.7904, 1.8214],[-0.7218, 0.0664,-0.0483,-0.6336],-0.1419
6912,[-0.7149, 0.0737,-0.0924,-0.6187],[-0.1222,70.0092,-2.0868,-1.8915, 1.1546],[-0.7173, 0.0751,-0.0877,-0.6281],-0.1583
6914,[-0.7073, 0.1296,-0.1909,-0.6706],[-1.1573, 0.3608,-2.6042,-0.1926, 0.0653],[-0.7086, 0.1338,-0.1904,-0.6661],-0.2015
6920,[-0.7286,-0.0629, 0.0456,-0.6745],[-2.862 ,-1.9395,-3.41  ,-3.6018,-2.938 ],[-0.7317,-0.0621, 0.0374,-0.6775],-0.1209
6921,[-0.7202,-0.0721, 0.1068,-0.6641],[-3.3609,-5.1069,-3.6989,-4.91  ,-2.8995],[-0.7226,-0.0747, 0.107 ,-0.678 ],-0.153
6923,[-0.7136,-0.1221, 0.1842,-0.7454],[-0.0144,-1.9665,12.6264,-0.2443,-0.8267],[-0.7153,-0.1266, 0.1848,-0.7577],-0.1895
6941,[-0.7277,-0.1713, 0.1545,-0.7771],[-0.2846, 0.0567, 0.2944,-0.3002, 0.1334],[-0.7312,-0.1723, 0.1523,-0.7821],-0.1667
6943,[-0.7245,-0.1751, 0.1914,-0.7626],[-0.4977,-0.8075, 2.869 ,-0.4512, 0.3223],[-0.7271,-0.1775, 0.1851,-0.7579],-0.1807
7422,[-0.6696,-0.1391,-0.1216, 0.0189],[-5.9767,-5.6836,-8.2623,-7.0354,-4.7551],[-0.6698,-0.1287,-0.1269, 0.0094],-0.2448
7442,[-0.6662,-0.1831,-0.092 , 0.0186],[-4.9887,-4.2539,-6.7042,-5.6594,-3.8977],[-0.6677,-0.1721,-0.101 , 0.0154],-0.25
7500,[-0.6714,-0.0018,-0.0384,-0.1077],[-1.2077,-1.9016,-1.5608,-2.6071,-0.0397],[-6.7185e-01,-4.3086e-04,-3.0249e-02,-1.1360e-01],-0.2097
7502,[-0.6666,-0.0311,-0.1216,-0.0993],[-6.4102,-5.2621,-8.102 ,-7.4287,-5.6358],[-0.6662,-0.0252,-0.1154,-0.1096],-0.2333
7504,[-0.6597,-0.0224,-0.1857,-0.1134],[-5.4019,-4.7196,-7.6515,-6.3903,-4.9243],[-0.6579,-0.0144,-0.1866,-0.1192],-0.2522
7522,[-0.671 ,-0.1287,-0.1265,-0.0754],[ -8.9153, -7.2763,-12.9101,-11.6201, -7.3042],[-0.6714,-0.1183,-0.1312,-0.0899],-0.2418
7524,[-0.6669,-0.0809,-0.1738,-0.1051],[-8.5513,-8.303 ,-9.6025,-9.4029,-8.358 ],[-0.6657,-0.0707,-0.1777,-0.1176],-0.2489
7542,[-0.6638,-0.1971,-0.0796,-0.0114],[-36.1691,-33.9017,-38.1579,-37.4572,-34.5628],[-0.6654,-0.1879,-0.0875,-0.0187],-0.2531
7600,[-0.6736, 0.0008,-0.0222,-0.2134],[-4.3199,-5.092 ,-5.3429,-5.9498,-3.0642],[-0.6746, 0.0014,-0.015 ,-0.2254],-0.2048
7601,[-0.6747,-0.0103, 0.0688,-0.24  ],[-2.4196,-3.2851,-0.9536,-3.3393,-1.4664],[-0.6756,-0.0121, 0.0521,-0.2497],-0.2084
7602,[-0.6702,-0.0349,-0.1272,-0.2131],[-46.1828,-44.5672,-48.5111,-47.6956,-45.1544],[-0.6703,-0.0284,-0.1217,-0.2264],-0.2288
7604,[-0.6647,-0.0316,-0.178 ,-0.2173],[-29.7006,-28.8615,-31.4715,-30.4528,-29.2623],[-0.6636,-0.0232,-0.1769,-0.2264],-0.245
7622,[-0.6723,-0.0814,-0.144 ,-0.1682],[-14.0805,-12.2161,-17.4898,-16.1081,-12.2913],[-0.6721,-0.0721,-0.1446,-0.1831],-0.2361
7624,[-0.6696,-0.0702,-0.1731,-0.1909],[-14.2894,-13.5521,-15.9084,-14.5581,-14.0336],[-0.6687,-0.0602,-0.176 ,-0.2053],-0.2433
7700,[-0.6787, 0.004 ,-0.0185,-0.3316],[-34.565 ,-35.1571,-35.3911,-35.8536,-33.3227],[-0.6802, 0.0043,-0.01  ,-0.3439],-0.1966
7701,[-0.683 ,-0.0093, 0.0787,-0.3367],[-5.2866,-6.3431,-4.1706,-6.3133,-4.6784],[-0.684 ,-0.0126, 0.0793,-0.3462],-0.2005
7702,[-0.6724,-0.0085,-0.1082,-0.3062],[-45.7226,-44.1692,-48.2506,-47.7268,-44.9123],[-0.6731,-0.0038,-0.0998,-0.3201],-0.2191
7703,[-0.6839,-0.0264, 0.1732,-0.3053],[-1.0292,-1.9866,-0.6988,-1.5356,-1.4259],[-0.6837,-0.0322, 0.1541,-0.3215],-0.2155
7704,[-0.6633,-0.0067,-0.1803,-0.2915],[-27.4509,-27.0297,-29.3854,-28.4626,-27.5322],[-0.6625, 0.0009,-0.1777,-0.3023],-0.2452
7710,[-0.6752, 0.0825,-0.0362,-0.35  ],[-1.4931,-2.0018,-1.1779,-2.4323,-0.5313],[-0.6771, 0.0806,-0.0321,-0.3422],-0.2134
7712,[-0.6639, 0.059 ,-0.0971,-0.3438],[-1.5674,-0.6622,-3.0387,-2.7504,-0.2039],[-0.6652, 0.0602,-0.082 ,-0.3552],-0.234
7714,[-0.6492, 0.0562,-0.1851,-0.3719],[-1.0463, 0.428 ,-3.1636,-2.0823,-0.5193],[-0.6489, 0.0612,-0.1768,-0.3867],-0.2678
7800,[-0.6827, 0.0108,-0.0128,-0.4211],[-125.6181,-125.8344,-125.4855,-126.701 ,-124.9516],[-0.6846, 0.0107,-0.0069,-0.433 ],-0.1912
7801,[-0.6852,-0.0072, 0.0864,-0.4348],[-15.2517,-15.9185,-13.622 ,-15.9707,-15.0591],[-0.6865,-0.0113, 0.092 ,-0.4477],-0.1988
7802,[-0.6786, 0.0216,-0.0859,-0.4224],[-59.2378,-57.9884,-60.8845,-60.6713,-58.8663],[-0.6801, 0.0244,-0.0802,-0.435 ],-0.2079
7803,[-0.6847,-0.0317, 0.1774,-0.4662],[-1.3936,-2.0816,-0.7994,-1.68  ,-1.5088],[-0.6848,-0.0382, 0.1689,-0.4828],-0.2172
7804,[-0.6601, 0.0416,-0.1815,-0.4142],[-3.4956,-2.0897,-5.0281,-4.5976,-3.4936],[-0.6598, 0.0475,-0.1777,-0.4275],-0.2529
7810,[-0.6748, 0.0632,-0.0293,-0.4539],[-5.7575,-5.9004,-5.305 ,-6.5017,-4.7262],[-0.677 , 0.0615,-0.018 ,-0.465 ],-0.2095
7812,[-0.6704, 0.0694,-0.0998,-0.4346],[-6.7048,-5.8059,-7.5927,-7.7245,-5.6338],[-0.6721, 0.0706,-0.0891,-0.4407],-0.2271
7814,[-0.6603, 0.0659,-0.1766,-0.4554],[-3.3869,-2.0809,-5.0424,-4.3638,-2.5715],[-0.6605, 0.0708,-0.1732,-0.4669],-0.2543
7821,[-0.6874,-0.0633, 0.1374,-0.4713],[-0.6731,-1.4566,-0.1842,-1.2536,-0.0207],[-0.6884,-0.0671, 0.1356,-0.469 ],-0.2113
7900,[-0.6845, 0.0325,-0.0142,-0.5239],[-27.0759,-27.5284,-27.2783,-27.6113,-26.9569],[-0.6868, 0.0317,-0.011 ,-0.5339],-0.1919
7901,[-6.8475e-01,-7.6480e-05, 9.8783e-02,-5.5580e-01],[-7.3206,-8.5052,-6.5103,-7.916 ,-7.1468],[-0.6864,-0.0052, 0.104 ,-0.5697],-0.2011
7902,[-0.6851, 0.039 ,-0.087 ,-0.5209],[-11.646 ,-10.7413,-12.5234,-12.8859,-11.9357],[-0.6869, 0.0415,-0.0845,-0.5318],-0.2012
7903,[-0.681 ,-0.0295, 0.1787,-0.5208],[-1.8356,-3.1641,-1.4275,-1.6518,-1.2137],[-0.6815,-0.0361, 0.1665,-0.5374],-0.2212
7904,[-0.6835, 0.0497,-0.1679,-0.547 ],[-1.7096,-1.1086,-1.8414,-1.2352,-1.2897],[-0.6839, 0.0557,-0.1707,-0.5625],-0.2215
7910,[-0.6741, 0.066 ,-0.0167,-0.5692],[-2.9794,-4.5863,-2.9209,-4.7485, 0.0272],[-0.6769, 0.0637,-0.0078,-0.5823],-0.2098
7911,[-0.6704, 0.0597, 0.0756,-0.6891],[-2.6029,-4.1679,-1.3679,-2.2564,-2.7683],[-0.6732, 0.0533, 0.0818,-0.7077],-0.2224
7912,[-0.6791, 0.0749,-0.1238,-0.5796],[-5.7248,-4.5425,-7.4316,-7.6201,-4.9981],[-0.6809, 0.0776,-0.12  ,-0.5919],-0.221
7914,[-0.6791, 0.082 ,-0.1844,-0.5979],[-1.2734, 9.3484,-2.5493,-1.1326,-0.1872],[-0.6797, 0.0872,-0.184 ,-0.6081],-0.2339
7921,[-0.6878,-0.0627, 0.1507,-0.5835],[-0.6137,-1.0644, 2.4881,-0.5557, 2.4267],[-0.689 ,-0.0674, 0.1503,-0.5899],-0.213
7923,[-0.6862,-0.0566, 0.1683,-0.5366],[-0.375 ,-2.4133, 0.7687,-0.6715, 1.4533],[-0.6869,-0.0619, 0.1628,-0.5549],-0.2171
8704,[-0.6392, 0.0403,-0.22  ,-0.3345],[-1.3301, 0.2972,-3.2258,-1.3851,-0.3935],[-0.6376, 0.047 ,-0.215 ,-0.35  ],-0.2835
8812,[-0.6358, 0.0823,-0.1423,-0.47  ],[-3.3408,-3.1975,-4.3965,-4.5588,-2.6806],[-0.6371, 0.0846,-0.1275,-0.484 ],-0.2778
8814,[-0.6342, 0.0671,-0.1893,-0.4067],[-1.9416, 0.3518,-4.1914,-2.7748,-1.2109],[-0.634 , 0.0718,-0.1793,-0.4234],-0.286
8912,[-0.6408, 0.0873,-0.0945,-0.5132],[-0.8239, 0.2221,-2.2615,-1.8939,-0.2798],[-0.6432, 0.0874,-0.0755,-0.5309],-0.2647
