1200,[-0.919 , 0.053 ,-0.0517, 0.2504],[ 1.4002, 0.8388, 0.9339,-0.2565, 2.6214],[-0.9179, 0.0527,-0.0552, 0.236 ],0.435
1300,[-0.9154,-0.0336, 0.0365, 0.1374],[  0.8883,  2.4793,  2.1992,  0.6162,261.6994],[-0.9148,-0.034 , 0.0379, 0.1331],0.4408
1301,[-0.9156,-0.0489, 0.0633, 0.1376],[ 1.4407e-01,-6.4176e-01, 1.0726e+02, 6.6782e-02, 2.8958e+00],[-0.9149,-0.0505, 0.0629, 0.1422],0.4275
1302,[-0.9143, 0.0476,-0.0641, 0.1396],[-2.4197,-1.357 ,-3.4051,-2.2804,-1.4357],[-0.9135, 0.0495,-0.0639, 0.1431],0.4275
1310,[-0.9162, 0.0647,-0.0394, 0.1474],[-10.6323,-11.8063, -9.355 ,-10.7571,-10.4495],[-0.9157, 0.0602,-0.0345, 0.1504],0.4357
1312,[-0.916 , 0.0767,-0.0797, 0.1402],[ 0.9222, 1.5707,-1.7827, 0.94  , 1.4517],[-0.9154, 0.0759,-0.0748, 0.1423],0.4074
1314,[-0.9147, 0.1657,-0.1906, 0.133 ],[ 0.874 , 5.9665,-0.8551,-0.598 ,-0.8294],[-0.9136, 0.1675,-0.1901, 0.1424],0.3133
1320,[-0.9158,-0.0631, 0.0446, 0.1355],[ 0.9516, 7.3818,-0.1213,-0.0316, 5.9077],[-0.9153,-0.0601, 0.0441, 0.1365],0.4336
1321,[-0.9166,-0.0691, 0.0839, 0.1405],[ 1.2799, 0.125 , 2.9761, 1.4093,13.5507],[-0.9159,-0.0705, 0.0827, 0.1359],0.4068
1323,[-0.9224,-0.1477, 0.1697, 0.1345],[-0.251 ,-1.3601, 4.2288, 0.4028, 4.1054],[-0.9216,-0.1489, 0.1644, 0.141 ],0.3184
1332,[-0.915 , 0.1815,-0.1312, 0.1395],[-5.5018,-6.0027,-4.3245,-5.6163,-5.6717],[-0.9156, 0.1715,-0.1095, 0.1426],0.3576
1334,[-0.913 , 0.1756,-0.1828, 0.1454],[ 3.4295, 5.6394,-1.242 , 3.0973, 1.7101],[-0.9123, 0.1747,-0.1788, 0.1542],0.3101
1341,[-0.9178,-0.1786, 0.1381, 0.1581],[-3.2516,-3.1515,-3.2433,-3.2804,-2.9225],[-0.9181,-0.1698, 0.1184, 0.1571],0.3449
1343,[-0.9156,-0.1995, 0.19  , 0.1418],[ 0.5913,-0.2878, 3.9576, 1.9654, 2.396 ],[-0.9154,-0.1957, 0.1777, 0.1509],0.3127
1400,[-0.9159,-0.0316, 0.0324, 0.0661],[2.5497e-01,9.3776e+02,3.6843e+00,5.8327e+00,1.9417e+00],[-0.9156,-0.032 , 0.0353, 0.0719],0.4423
1401,[-0.9152,-0.0468, 0.064 , 0.068 ],[ 3.8701e-01,-1.3217e-01, 5.2933e+02,-3.1060e-01, 6.0315e-01],[-0.9147,-0.0491, 0.0645, 0.0729],0.4281
1402,[-0.9166, 0.0404,-0.0688, 0.0517],[ 0.0791,39.9016,-0.9242, 0.1591, 1.1216],[-0.9162, 0.0443,-0.0697, 0.0638],0.4293
1410,[-0.9184, 0.0633,-0.0424, 0.0685],[-29.2827,-30.1988,-29.0102,-29.7512,-29.9805],[-0.9182, 0.0594,-0.0373, 0.0744],0.4296
1412,[-0.9172, 0.0738,-0.0836, 0.0628],[ 1.1049,45.3524, 0.6229, 2.0485, 1.5921],[-0.9168, 0.0746,-0.0811, 0.0737],0.4051
1414,[-0.918 , 0.1471,-0.179 , 0.0398],[ 0.3642,31.091 ,-0.4029, 0.5557, 0.5079],[-0.9173, 0.1508,-0.1786, 0.0526],0.3204
1420,[-0.9169,-0.0603, 0.0488, 0.0524],[ 4.9713e-01, 3.5637e+02,-1.1703e-01, 1.4034e-01, 5.7425e-01],[-0.9167,-0.0585, 0.0486, 0.0604],0.4338
1421,[-0.9168,-0.068 , 0.0729, 0.0535],[  1.183 ,  0.4859,337.662 ,  1.1985,  1.8953],[-0.9165,-0.0681, 0.0704, 0.0609],0.4167
1423,[-0.9172,-0.1465, 0.1742, 0.0416],[ 0.7684,-0.3511,50.0228, 0.4737, 0.4785],[-0.9165,-0.1495, 0.1731, 0.0509],0.3253
1432,[-0.9241, 0.1788,-0.154 , 0.0589],[-9.4161,-9.5627,-9.0059,-8.6059,-9.7516],[-0.9244, 0.1741,-0.1488, 0.0631],0.3026
1434,[-0.9188, 0.1967,-0.1954, 0.0441],[ 1.1257, 4.4282,-0.7593, 1.2517,-0.1688],[-0.9188, 0.1949,-0.1871, 0.0547],0.2929
1441,[-0.9168,-0.1746, 0.1479, 0.0688],[-6.0164,-6.1765,-5.2873,-5.7689,-5.7585],[-0.9171,-0.1689, 0.1342, 0.079 ],0.3376
1443,[-0.9181,-0.1837, 0.1945, 0.0462],[ 0.9683,-0.3567,28.3239, 2.5421, 1.2457],[-0.9178,-0.1838, 0.1887, 0.0574],0.2976
1500,[-0.916 ,-0.0203, 0.0189,-0.0608],[ 1.4895, 2.2497, 2.3636,91.8079, 0.6019],[-0.9162,-0.0204, 0.0204,-0.048 ],0.4496
1501,[-0.9152,-0.0457, 0.0653,-0.045 ],[ 0.1595,-1.0979,43.8161,-0.3541,-1.1116],[-0.9152,-0.0488, 0.0665,-0.0375],0.4265
1502,[-0.9173, 0.0384,-0.0692,-0.0603],[-8.0768,-5.3968,-9.7569,-7.8989,-8.4975],[-0.9173, 0.0433,-0.0717,-0.0489],0.4283
1510,[-0.9193, 0.062 ,-0.0424,-0.0714],[-8.9696,-8.8511,-5.2304,-7.6143,-9.0588],[-0.9197, 0.0584,-0.037 ,-0.0609],0.4304
1512,[-0.9193, 0.0704,-0.0784,-0.0624],[ 1.4306, 1.0955, 0.5491,23.0264, 0.257 ],[-0.9194, 0.0714,-0.0769,-0.0478],0.4048
1514,[-0.918 , 0.1453,-0.18  ,-0.0572],[ 0.155 ,14.6472,-1.0762, 0.6655, 0.522 ],[-0.9175, 0.1504,-0.1824,-0.043 ],0.3165
1520,[-0.9168,-0.0607, 0.0486,-0.0583],[ 1.0582e+00, 1.8241e+02,-2.1991e-01, 1.1508e+00, 5.5504e-02],[-0.9171,-0.0591, 0.0486,-0.0496],0.4332
1521,[-0.9165,-0.0673, 0.0712,-0.0599],[  1.1645,  0.1684,119.2165,119.3159,  0.309 ],[-0.9167,-0.0678, 0.0697,-0.0503],0.4188
1523,[-0.9192,-0.1441, 0.1796,-0.0549],[-0.3333,-0.8616,34.7709, 0.8051,-0.1316],[-0.9187,-0.1493, 0.1815,-0.0425],0.3172
1532,[-0.918 , 0.168 ,-0.1567,-0.0132],[-4.1781,-4.4809,-3.9865,-4.1132,-4.7324],[-0.9182, 0.1666,-0.157 ,-0.0049],0.3272
1534,[-0.9212, 0.1917,-0.2113,-0.061 ],[ 0.7206, 6.0163,-0.1708, 6.4332,-0.6008],[-0.921 , 0.1944,-0.21  ,-0.0459],0.2725
1541,[-0.9192,-0.1721, 0.1416,-0.09  ],[-3.997 ,-4.219 ,-4.1753,-3.3525,-4.5314],[-0.9202,-0.1664, 0.1274,-0.0866],0.3308
1543,[-0.9172,-0.1825, 0.2016,-0.0458],[ 0.023 ,-0.2282, 4.505 ,15.0969, 0.9292],[-0.9169,-0.1849, 0.1996,-0.0306],0.2941
1600,[-0.9163,-0.0052, 0.0041,-0.1657],[-58.0805,-57.262 ,-57.1081,-56.7959,-59.3972],[-0.917 ,-0.0052, 0.0046,-0.158 ],0.4542
1601,[-0.9162,-0.043 , 0.0684,-0.1677],[-20.257 ,-21.3089,-19.0064,-20.1579,-20.7639],[-0.9167,-0.0476, 0.0715,-0.1635],0.4228
1602,[-0.9144, 0.0445,-0.0663,-0.1677],[-0.6917, 4.2701,-3.0143, 3.8501,-1.9622],[-0.915 , 0.0482,-0.0679,-0.165 ],0.4283
1603,[-0.9207,-0.0533, 0.1819,-0.1467],[-0.8903,-1.2632,-0.6619,-0.4837,-1.3454],[-0.9194,-0.0729, 0.1874,-0.1325],0.3534
1610,[-0.9179, 0.0628,-0.0427,-0.176 ],[-16.804 ,-16.9655,-16.9952,-16.1969,-17.9986],[-0.9188, 0.0591,-0.0352,-0.165 ],0.4339
1612,[-0.9172, 0.0697,-0.0751,-0.1803],[-1.1281, 0.9336,-3.2162, 0.6789,-1.8227],[-0.9179, 0.0706,-0.0721,-0.1697],0.4101
1614,[-0.9221, 0.1416,-0.1856,-0.1819],[ 1.667 , 4.2071,-0.3699, 2.6451,-1.1813],[-0.9218, 0.1496,-0.1905,-0.167 ],0.3016
1620,[-0.9148,-0.0626, 0.0464,-0.1684],[ 0.4427, 3.3894,-2.3199, 4.6273,-2.9485],[-0.9156,-0.0603, 0.0439,-0.1592],0.4374
1621,[-0.9145,-0.0719, 0.0742,-0.1683],[ 0.7186,-0.9802, 3.948 ,86.5877,-0.2148],[-0.9152,-0.0726, 0.0728,-0.1577],0.4162
1623,[-0.9174,-0.1388, 0.1782,-0.167 ],[-1.0693,-2.4733, 0.4797,-1.2388,-2.5391],[-0.9172,-0.1457, 0.1826,-0.1528],0.3241
1634,[-0.9248, 0.174 ,-0.2051,-0.1435],[ 0.6773, 6.5909,-0.2029, 3.5638,-0.3355],[-0.9246, 0.1802,-0.2103,-0.1302],0.2673
1641,[-0.9162,-0.1747, 0.1467,-0.158 ],[-7.9635,-7.9187,-7.8607,-7.16  ,-8.3707],[-0.9175,-0.1705, 0.1357,-0.1499],0.3325
1643,[-0.9175,-0.1825, 0.1949,-0.1718],[-0.9303,-2.6738,-0.3535,-0.3674,-2.35  ],[-0.9179,-0.185 , 0.1927,-0.1581],0.2954
1700,[-0.9162, 0.0124,-0.0089,-0.2882],[-54.3081,-54.0004,-53.9828,-53.6458,-55.139 ],[-0.9174, 0.0117,-0.0072,-0.2769],0.4576
1701,[-0.9152,-0.0414, 0.0689,-0.2699],[-11.6456,-12.1127,-10.2268,-11.0174,-12.1572],[-0.9161,-0.0468, 0.0738,-0.2626],0.4265
1702,[-0.9163, 0.0439,-0.0691,-0.3164],[-8.9166,-7.1708,-8.8878,-8.2607,-9.3705],[-0.9174, 0.0487,-0.071 ,-0.3039],0.4259
1710,[-0.9164, 0.0637,-0.0439,-0.2806],[-10.1441,-10.428 , -9.8012, -9.16  ,-10.5366],[-0.9177, 0.0607,-0.0389,-0.2692],0.4346
1712,[-0.917 , 0.0679,-0.0733,-0.2883],[-23.7575,-23.1157,-24.359 ,-22.8191,-24.3452],[-0.9181, 0.0696,-0.0732,-0.2761],0.4122
1714,[-0.9223, 0.1129,-0.1757,-0.2646],[ 0.3765, 4.4931,-1.0407, 3.5535,-1.3168],[-0.9222, 0.124 ,-0.1774,-0.2484],0.3144
1720,[-0.9151,-0.0671, 0.0419,-0.2717],[-19.8749,-19.6978,-20.1152,-19.1202,-21.099 ],[-0.9164,-0.0635, 0.0382,-0.2631],0.4378
1721,[-0.9156,-0.0848, 0.0879,-0.275 ],[-41.7468,-41.7301,-40.4503,-41.3109,-42.1829],[-0.9167,-0.086 , 0.0859,-0.2658],0.4009
1723,[-0.916 ,-0.1452, 0.176 ,-0.2921],[ 0.9137,-1.1473, 3.0211, 0.6943,-1.1549],[-0.9165,-0.1516, 0.1786,-0.2771],0.3232
1741,[-0.9136,-0.1711, 0.1566,-0.2691],[-8.2878,-8.21  ,-8.348 ,-7.769 ,-9.0716],[-0.9151,-0.1695, 0.1454,-0.2543],0.3375
1743,[-0.9208,-0.1681, 0.1957,-0.2604],[-3.9851,-5.093 ,-2.9071,-2.8058,-5.4745],[-0.9211,-0.1742, 0.1987,-0.247 ],0.2914
1800,[-0.915 , 0.0038,-0.0126,-0.4088],[-28.578 ,-29.1784,-29.4895,-28.6056,-30.8029],[-0.9167, 0.0061,-0.0185,-0.3937],0.4636
1801,[-0.9164,-0.0465, 0.0634,-0.404 ],[-4.0357,-4.3427,-3.6474,-3.3769,-5.315 ],[-0.918 ,-0.0505, 0.0669,-0.3882],0.4207
1802,[-0.915 , 0.0388,-0.0707,-0.4069],[-2.9717,-2.1081,-4.1667,-2.1915,-4.7634],[-0.9165, 0.0451,-0.0745,-0.3921],0.429
1810,[-0.9133, 0.0602,-0.0413,-0.4097],[-2.9683,-2.3471,-2.5409,-1.9156,-3.4882],[-0.9151, 0.0574,-0.0355,-0.3934],0.4461
1812,[-0.916 , 0.0716,-0.0771,-0.4054],[-10.0043, -9.8508,-10.4801, -8.9203,-11.0525],[-0.9177, 0.0738,-0.0772,-0.39  ],0.4107
1820,[-0.9149,-0.0749, 0.0378,-0.3901],[-4.1741,-3.2423,-3.8006,-3.2211,-4.3981],[-0.9168,-0.0705, 0.0384,-0.3735],0.438
1821,[-0.9133,-0.0792, 0.0951,-0.3992],[-15.4653,-16.3901,-14.8204,-14.6552,-16.1875],[-0.9147,-0.0828, 0.0946,-0.3827],0.4052
1900,[-9.1236e-01, 7.2429e-04,-6.7355e-03,-5.1011e-01],[-142.1991,-142.7704,-142.4577,-141.7471,-143.257 ],[-0.9145, 0.0031,-0.0155,-0.4919],0.474
2200,[-0.8952,-0.0216, 0.0241, 0.2783],[-9.01  ,-9.3127,-8.8177,-9.6735,-8.6163],[-0.894 ,-0.0218, 0.0257, 0.2766],0.3645
2210,[-0.904 , 0.0623,-0.0194, 0.2619],[-1.5047,-1.6102,-0.598 ,-1.8057,-0.5627],[-9.0317e-01, 5.4499e-02,-2.1931e-04, 2.4755e-01],0.4143
2212,[-0.9081, 0.0617,-0.0709, 0.2528],[-0.9788,-0.3948,-1.3718,-2.0822,-0.5793],[-0.907 , 0.0619,-0.0685, 0.2385],0.3959
2220,[-0.8907,-0.0616, 0.0321, 0.2608],[-1.3503,-0.9821,-1.8366,-2.2404,-1.2571],[-0.8898,-0.0565, 0.0168, 0.2465],0.347
2300,[-0.9086,-0.0395, 0.0388, 0.1431],[-89.612 ,-89.1207,-88.8759,-89.8318,-87.8986],[-0.908 ,-0.039 , 0.0377, 0.1354],0.4196
2301,[-0.9087,-0.0497, 0.0648, 0.1396],[-25.8589,-26.7418,-24.7754,-26.6139,-24.1323],[-0.908 ,-0.0513, 0.0644, 0.1373],0.4075
2302,[-0.9089, 0.0486,-0.0645, 0.1468],[-14.3414,-13.7245,-14.5028,-14.4049,-13.8187],[-0.9081, 0.0502,-0.064 , 0.1458],0.4085
2303,[-0.9033,-0.0536, 0.1819, 0.1739],[-2.87  ,-3.086 ,-1.6043,-2.4978,-1.8668],[-0.9001,-0.0704, 0.2141, 0.1886],0.2941
2310,[-0.9078, 0.0637,-0.0403, 0.152 ],[-11.3166,-10.8901,-10.4125,-11.2432, -9.9156],[-0.9073, 0.0596,-0.0334, 0.1489],0.4143
2312,[-0.9081, 0.0741,-0.0817, 0.1474],[-10.8727,-10.5883,-11.7844,-11.429 , -9.5835],[-0.9074, 0.0741,-0.0773, 0.1444],0.3875
2314,[-0.9067, 0.134 ,-0.1673, 0.1259],[-3.1747,-2.3922,-4.1274,-3.3028,-0.46  ],[-0.9056, 0.1367,-0.1653, 0.1409],0.3077
2320,[-0.9086,-0.0617, 0.0472, 0.1424],[-10.5568,-10.0324,-11.06  ,-11.4783,-10.3226],[-0.9081,-0.0592, 0.0445, 0.1391],0.4132
2321,[-0.9071,-0.0656, 0.0827, 0.1437],[-33.9387,-34.7584,-34.0827,-35.1333,-33.297 ],[-0.9063,-0.0673, 0.0824, 0.137 ],0.3836
2332,[-0.9065, 0.1676,-0.1622, 0.1607],[-0.8923,-2.4696,-0.988 ,-1.7722,-1.4237],[-0.9062, 0.1649,-0.1521, 0.1475],0.303
2334,[-0.9076, 0.1704,-0.1855, 0.1618],[ 0.6213, 1.5142,-1.8156,-0.1399, 3.2565],[-0.9067, 0.1704,-0.1809, 0.159 ],0.2887
2400,[-0.9085,-0.0409, 0.0346, 0.0595],[  1.3988,  6.5006,  8.8751, -1.0978,911.3413],[-0.9083,-0.0396, 0.0316, 0.0462],0.4246
2401,[-0.9091,-0.0484, 0.0639, 0.0741],[-0.5436,-1.6444,69.2912,-1.9443, 7.3769],[-0.9087,-0.0502, 0.0635, 0.0671],0.4113
2402,[-0.9061, 0.033 ,-0.0675, 0.0518],[-32.573 ,-31.808 ,-33.5149,-33.1532,-32.6709],[-0.9057, 0.0375,-0.0694, 0.043 ],0.4013
2410,[-0.9078, 0.0642,-0.0403, 0.0616],[-17.1637,-18.4524,-16.5346,-17.3435,-17.1934],[-0.9077, 0.0602,-0.034 , 0.0541],0.4157
2412,[-0.9076, 0.0776,-0.0843, 0.0737],[-5.3122,-3.8687,-8.3849,-6.2096,-3.3379],[-0.9073, 0.0776,-0.0802, 0.0659],0.3838
2414,[-0.9089, 0.1523,-0.1802, 0.0455],[-3.4386,-2.2807,-5.5915,-4.2058,-2.2499],[-0.9082, 0.1549,-0.1776, 0.0495],0.3038
2420,[-0.9073,-0.0617, 0.0458, 0.0516],[-5.2803,-6.9458,-7.1377,-7.0325,-4.5138],[-0.9072,-0.0588, 0.0395, 0.0411],0.4118
2421,[-0.9063,-0.0707, 0.0829, 0.0617],[ 3.3684, 0.0762,30.2141,-0.1221,30.1374],[-0.906 ,-0.0718, 0.0807, 0.0505],0.3809
2423,[-0.9047,-0.1475, 0.18  , 0.0256],[-2.1554,-4.2914,-0.0698,-2.6775,-1.0953],[-0.904 ,-0.1507, 0.179 , 0.0222],0.2889
2432,[-0.9049, 0.1788,-0.1439, 0.0461],[-3.4912,-4.236 ,-3.8605,-3.7505,-2.8637],[-0.9057, 0.1726,-0.1264, 0.0365],0.3097
2434,[-0.9039, 0.192 ,-0.2044, 0.0512],[ 1.5389, 6.8109,-0.5861, 0.7933, 0.7011],[-0.9036, 0.1921,-0.1973, 0.0547],0.2586
2441,[-0.9074,-0.1746, 0.1422, 0.0555],[-1.2098,-1.4038,-1.6315,-0.7729,-0.2634],[-0.908 ,-0.1691, 0.1303, 0.0503],0.3189
2443,[-0.9073,-0.183 , 0.1999, 0.0475],[ 0.1277,-0.6178,19.0404, 0.66  , 3.7445],[-0.9069,-0.1838, 0.1937, 0.0513],0.2769
2500,[-0.9086,-0.029 , 0.0161,-0.0561],[1.4515e+00,1.1087e+03,2.8129e+00,5.2778e-01,1.6665e+00],[-0.9089,-0.0274, 0.0166,-0.0691],0.4353
2501,[-0.9085,-0.046 , 0.0662,-0.0591],[ -0.5323, -0.4984,112.9072, -0.6373, -0.2574],[-0.9086,-0.0489, 0.067 ,-0.0705],0.41
2502,[-0.9071, 0.0293,-0.0665,-0.0702],[ 3.3349e-01, 8.8821e+01,-1.4820e+00,-2.5119e-02,-5.4687e-01],[-0.9073, 0.0345,-0.0684,-0.0822],0.4101
2510,[-0.9077, 0.0653,-0.0414,-0.0536],[-16.4617,-16.982 ,-14.6455,-16.998 ,-16.0447],[-0.9082, 0.0618,-0.0376,-0.0629],0.4156
2512,[-0.9056, 0.0746,-0.086 ,-0.0677],[-3.0905,-2.7893,-5.6737,-4.2746,-2.4276],[-0.9058, 0.076 ,-0.0845,-0.0762],0.3762
2514,[-0.9049, 0.1529,-0.1931,-0.0561],[-3.8063,-2.7426,-5.2238,-3.6044,-3.95  ],[-0.9043, 0.1578,-0.1938,-0.0545],0.2791
2520,[-0.9067,-0.063 , 0.0469,-0.0649],[ 0.1611,90.607 , 0.1274, 0.7782, 1.0582],[-0.9071,-0.0611, 0.0468,-0.0789],0.4071
2521,[-0.9071,-0.0712, 0.0809,-0.0669],[  1.5429, -0.3177,  2.9982,  1.2756,305.3905],[-0.9074,-0.0725, 0.0796,-0.0814],0.387
2523,[-0.9044,-0.1413, 0.1797,-0.071 ],[-0.5224,-4.7379, 2.7551,-1.6527, 1.1059],[-0.904 ,-0.1464, 0.181 ,-0.0808],0.2898
2532,[-0.9108, 0.1748,-0.1144,-0.0094],[-2.724 ,-2.2988,-2.7145,-2.3918,-2.1076],[-0.9122, 0.1646,-0.0923,-0.025 ],0.3571
2534,[-0.9084, 0.1802,-0.2093,-0.0298],[ 0.3443,14.8504,-0.2984, 6.3519, 0.9625],[-0.9079, 0.1833,-0.2072,-0.018 ],0.2745
2541,[-0.9015,-0.1682, 0.155 ,-0.0989],[-0.3809,-1.3693,-0.2146, 0.2724,-0.1034],[-0.9024,-0.1659, 0.1423,-0.0991],0.2926
2543,[-0.907 ,-0.1805, 0.1951,-0.0765],[ 0.9717,-0.4761, 4.7481, 2.154 ,43.2507],[-0.9072,-0.1821, 0.1893,-0.0856],0.2809
2600,[-0.9089,-0.008 , 0.0035,-0.1512],[ 1.6288, 5.7462,53.551 , 0.4983, 0.482 ],[-0.9096,-0.0072, 0.0021,-0.159 ],0.4422
2601,[-0.908 ,-0.0472, 0.0709,-0.1551],[-14.071 ,-15.6966,-13.3196,-14.8446,-15.0425],[-0.9085,-0.0509, 0.0725,-0.16  ],0.406
2602,[-0.9091, 0.045 ,-0.0672,-0.1502],[-0.6879,71.9408,-0.2242, 0.9778, 1.3647],[-0.9096, 0.0486,-0.0691,-0.1587],0.4135
2610,[-0.9081, 0.066 ,-0.0426,-0.1831],[-7.3147,-7.5372,-6.0054,-6.4201,-7.228 ],[-0.9091, 0.0624,-0.0363,-0.1858],0.4199
2612,[-0.9081, 0.0736,-0.0884,-0.1672],[ 0.7587,66.6512,-0.4356, 0.8225, 2.8321],[-0.9088, 0.0758,-0.0864,-0.176 ],0.3885
2620,[-0.9084,-0.0643, 0.0487,-0.1699],[ 1.2204,86.188 , 0.5916, 0.79  , 0.4638],[-0.9093,-0.0627, 0.049 ,-0.1821],0.4153
2621,[-0.9084,-0.0763, 0.0847,-0.1674],[1.4386e+00,9.4316e-02,2.2836e+02,1.5316e+00,1.0133e+00],[-0.9091,-0.0778, 0.0833,-0.1795],0.3903
2623,[-0.9052,-0.1484, 0.1784,-0.185 ],[-0.0753,-1.6855, 8.7476, 8.5234,-0.5816],[-0.9053,-0.153 , 0.1782,-0.181 ],0.2932
2641,[-0.9069,-0.1737, 0.152 ,-0.1596],[0.949 ,0.1751,0.3607,8.0576,0.5398],[-0.9081,-0.1704, 0.1384,-0.1537],0.3151
2643,[-0.9039,-0.1749, 0.1789,-0.1591],[ 1.2272,-0.4265,45.5548, 7.8676, 0.7114],[-0.9046,-0.1756, 0.1725,-0.1554],0.2822
2700,[-0.9026, 0.0096,-0.0049,-0.3202],[  1.5557,163.8588,  1.9697,  0.3585,  1.9289],[-0.904 , 0.0087,-0.002 ,-0.3108],0.4225
2701,[-0.9041,-0.0397, 0.0675,-0.2824],[ 1.2315,-0.187 , 9.8531, 1.3872,-0.4242],[-0.9051,-0.0445, 0.0714,-0.275 ],0.3944
2702,[-0.9036, 0.0438,-0.0668,-0.3458],[ 0.2185,47.2553,-0.4364, 1.1788, 0.7969],[-0.9049, 0.0474,-0.0655,-0.3351],0.3949
2710,[-0.9048, 0.0608,-0.0476,-0.3166],[ 0.6386, 0.0836, 3.2567, 4.1506,-0.9639],[-0.9063, 0.0592,-0.0443,-0.3053],0.4053
2712,[-0.9058, 0.0636,-0.0674,-0.3136],[50.8925, 4.2809, 1.0129, 1.0341, 1.3627],[-0.9071, 0.0649,-0.0669,-0.3046],0.3959
2720,[-0.9075,-0.07  , 0.0432,-0.2729],[-0.036 , 0.0668,-1.3428, 2.322 ,-1.6509],[-0.9089,-0.0665, 0.0397,-0.2701],0.4158
2721,[-0.9052,-0.0813, 0.0958,-0.2846],[ 0.8986, 0.544 ,19.9323, 4.7988, 0.5544],[-0.9063,-0.0839, 0.0943,-0.2802],0.3698
2723,[-0.9074,-0.1502, 0.1803,-0.3052],[-0.3562,-1.6731,-0.8755, 3.6016,-0.4425],[-0.908 ,-0.156 , 0.182 ,-0.2931],0.3
2743,[-0.9095,-0.1694, 0.1803,-0.2936],[ 1.1977,-0.1024,10.3853, 2.0103, 0.2109],[-0.9105,-0.1721, 0.1758,-0.2767],0.3055
2800,[-0.8918, 0.0117,-0.0041,-0.4361],[  1.8188,  1.8817,288.3405,  2.2359,  0.7205],[-0.8936, 0.0114,-0.0078,-0.421 ],0.3808
2801,[-0.8948,-0.0348, 0.0686,-0.4437],[ 2.6586,-0.0721, 2.9284,12.4708, 0.1023],[-0.8965,-0.04  , 0.0705,-0.4264],0.3593
2802,[-0.8981, 0.0425,-0.0669,-0.4076],[ 0.1485,34.6595, 0.1314, 1.2513,-0.1194],[-0.8996, 0.0469,-0.0702,-0.3939],0.3699
2810,[-0.8944, 0.0608,-0.0467,-0.4334],[ 2.2633, 0.66  , 2.8442, 4.3453,-0.1133],[-0.8963, 0.0594,-0.0435,-0.4186],0.3624
2812,[-0.8967, 0.0651,-0.0666,-0.4314],[ 0.8237,39.6589, 0.0519, 4.301 , 0.8764],[-0.8985, 0.0662,-0.0658,-0.4166],0.3581
2820,[-0.895 ,-0.0832, 0.0358,-0.4237],[ 0.1382, 1.2197,-0.2161, 1.6581,-0.384 ],[-0.8972,-0.0776, 0.0318,-0.4102],0.3622
2821,[-0.9017,-0.0817, 0.1042,-0.4268],[ 1.7155, 1.201 ,45.8243, 1.3427, 0.1686],[-0.9032,-0.0862, 0.1047,-0.4106],0.3507
2823,[-0.9058,-0.1382, 0.1755,-0.3907],[ 1.2625,-0.2126, 9.8852, 2.3631,-0.6082],[-0.9065,-0.1455, 0.1787,-0.3775],0.3008
2900,[-8.7821e-01, 2.3087e-02, 8.1246e-04,-5.7872e-01],[-3.1190e-01, 4.7976e-01, 1.1588e+01, 8.1295e+02,-5.2580e-01],[-8.8072e-01, 2.0641e-02, 8.6729e-04,-5.6083e-01],0.326
2901,[-0.8904,-0.0167, 0.0706,-0.5487],[ 4.2816e-01,-1.3823e-02, 1.9402e+02, 5.5658e-01,-6.4759e-01],[-0.8924,-0.0246, 0.0748,-0.5321],0.3461
2902,[-0.881 , 0.0456,-0.0652,-0.586 ],[ 0.8754,24.7394,-1.5966, 2.0027,-1.9431],[-0.8833, 0.0491,-0.0664,-0.5707],0.3028
2910,[-0.878 , 0.0618,-0.0423,-0.5769],[-64.8147,-64.9989,-64.1388,-64.1857,-65.2384],[-0.8806, 0.0602,-0.0389,-0.561 ],0.2988
2912,[-0.8824, 0.0625,-0.0627,-0.5726],[-0.5147, 4.2153,-1.4324,26.4594,-1.2157],[-0.8849, 0.0638,-0.0628,-0.5555],0.3042
2920,[-0.8838,-0.0666, 0.0427,-0.6057],[-5.2613,-5.428 ,-5.4234,-4.7113,-6.0302],[-0.8866,-0.0633, 0.0299,-0.5877],0.3249
2921,[-0.8806,-0.0936, 0.1099,-0.5833],[ 2.9338e-01,-3.8136e-01, 1.4091e+00, 1.6183e+02, 6.2320e-02],[-0.8828,-0.0971, 0.1087,-0.5666],0.2629
3800,[-0.8603, 0.0361,-0.0032,-0.474 ],[2.0049,0.2549,4.155 ,1.8516,1.6238],[-0.8624, 0.0331,-0.0028,-0.4695],0.2503
3801,[-0.8667,-0.0069, 0.0558,-0.4228],[-0.3462,-0.5452, 0.7656,-0.5619,-0.3851],[-0.8682,-0.0127, 0.0602,-0.4073],0.2605
3810,[-0.8487, 0.0598,-0.0332,-0.4851],[1.1744,0.4651,1.077 ,1.6753,5.4994],[-0.851 , 0.0573,-0.0261,-0.4817],0.194
3821,[-0.8646,-0.0885, 0.113 ,-0.4925],[ 0.8698,-0.0918, 1.6561, 1.5953, 0.9296],[-0.8664,-0.0922, 0.1117,-0.4938],0.2023
3900,[-8.5598e-01, 4.0696e-02, 1.9032e-05,-6.7650e-01],[  1.9573,  0.5575,436.534 ,  1.4249,  0.488 ],[-8.5901e-01, 3.7070e-02, 3.6873e-04,-6.6018e-01],0.2355
3901,[-0.8438,-0.0228, 0.075 ,-0.7562],[-0.5194,-1.6829, 6.4077, 0.3235,-1.1973],[-0.8467,-0.0287, 0.0775,-0.7416],0.1713
3902,[-0.8465, 0.0475,-0.0661,-0.698 ],[-1.8831,15.5618,-2.7729,-0.2057,-2.483 ],[-0.8494, 0.0503,-0.0671,-0.6875],0.1781
3910,[-0.8418, 0.0631,-0.0373,-0.7598],[  1.8423,  0.8069,  8.4084,423.7199,  0.9962],[-0.8453, 0.0609,-0.029 ,-0.744 ],0.1728
3912,[-0.8322, 0.0655,-0.0619,-0.7873],[  0.7764,204.6676, -0.5417,  1.2843,  0.4742],[-0.8356, 0.0661,-0.0592,-0.7792],0.1289
3921,[-0.8584,-0.0796, 0.121 ,-0.6539],[ 1.2765, 0.3026,17.8674, 1.6377, 0.8359],[-0.8605,-0.0856, 0.1244,-0.6428],0.1799
4900,[-0.7974, 0.0479,-0.0329,-0.8995],[-6.9957,-7.6496,-6.6794,-7.3563,-8.954 ],[-0.8014, 0.0476,-0.0335,-0.8939],0.0422
4901,[-0.8188, 0.0152, 0.0721,-0.8456],[-4.6261,-5.1063,-2.6805,-2.8375,-4.3463],[-0.822 , 0.0071, 0.0795,-0.8262],0.0985
4902,[-0.7912, 0.0439,-0.0691,-0.7867],[ 3.5612e-01, 3.8315e+02,-3.2421e-01,-6.2241e-01,-2.6748e-01],[-0.7944, 0.0466,-0.0694,-0.7898],0.0146
4910,[-0.8051, 0.0612,-0.0504,-0.8153],[  0.972 ,  0.1971,128.5979,  0.4192,  1.9316],[-0.8087, 0.0614,-0.0518,-0.8144],0.0538
4912,[-0.8052, 0.0617,-0.0651,-0.8141],[ 6.9265e-01, 3.2206e+02,-2.6353e-01, 3.1323e-01, 1.2624e+00],[-0.8087, 0.0629,-0.063 ,-0.8136],0.0501
5900,[-0.7473, 0.009 ,-0.0295,-0.7321],[  1.2641,  1.6718,206.1513, -0.2425,  1.2047],[-0.7504, 0.0108,-0.0355,-0.7404],-0.0737
5901,[-0.7355,-0.048 , 0.0602,-0.6982],[-1.1002,-1.9959, 2.4113,-0.8216, 4.0256],[-0.7385,-0.0492, 0.0589,-0.7113],-0.1097
5902,[-0.7592, 0.0333,-0.0655,-0.7524],[ 3.3762e-01, 3.6665e+02,-1.8541e-01,-3.9987e-01, 4.9255e-01],[-0.7623, 0.036 ,-0.0659,-0.7589],-0.0582
5910,[-0.7588, 0.0588,-0.0415,-0.8654],[ 0.3701,-1.7151, 4.3793,-2.273 , 8.5432],[-0.7628, 0.0581,-0.0358,-0.8821],-0.0553
5912,[-0.7584, 0.0631,-0.0707,-0.8646],[-3.3663,-1.9698,-7.232 ,-6.4148,-2.9615],[-0.7622, 0.0644,-0.0681,-0.8765],-0.0653
5920,[-0.7607,-0.0584, 0.0369,-0.8016],[-1.4006, 0.2815,-0.3984,-1.9069, 0.0827],[-0.7645,-0.0571, 0.0284,-0.8054],-0.0501
5921,[-0.7447,-0.0582, 0.0624,-0.7548],[ 2.1926,-0.7031,12.982 ,-0.1179, 2.9438],[-0.7481,-0.0589, 0.0584,-0.7734],-0.0924
6700,[-0.6921, 0.0033,-0.0013,-0.3573],[-0.1028,-0.586 , 0.5575,-1.0401, 4.2371],[-6.9365e-01, 3.2069e-03,-5.3753e-04,-3.6945e-01],-0.1755
6701,[-0.6922,-0.0094, 0.0733,-0.361 ],[-1.3217,-2.1954, 0.3912,-1.6692, 0.9205],[-0.6935,-0.0127, 0.0764,-0.3781],-0.1852
6702,[-0.6931, 0.0231,-0.0687,-0.3629],[-1.3636,-0.601 ,-1.9481,-2.156 , 0.2224],[-0.6944, 0.0251,-0.0625,-0.3666],-0.1834
6800,[-0.6944, 0.0015, 0.0083,-0.4644],[-21.7923,-21.5089,-21.1787,-22.9078,-20.5088],[-0.6965, 0.0009, 0.0099,-0.4788],-0.1709
6801,[-0.6923,-0.0086, 0.0705,-0.4648],[-3.434 ,-4.9551,-2.2552,-4.7652,-2.3744],[-0.6941,-0.0113, 0.0628,-0.4792],-0.1818
6802,[-0.6941, 0.0219,-0.0725,-0.4642],[-23.4386,-23.3489,-23.7022,-24.5812,-22.7464],[-0.6958, 0.0245,-0.0724,-0.476 ],-0.1827
6900,[-0.7129, 0.0008,-0.0056,-0.605 ],[ 1.1524e+00,-2.3892e-01, 2.6845e+02,-5.1065e-01, 2.0407e+00],[-0.7156, 0.0013,-0.0095,-0.6177],-0.138
6901,[-0.6969,-0.0086, 0.0668,-0.5324],[-0.716 ,-1.4083,43.3252,-1.0697,-0.3348],[-0.6991,-0.0111, 0.0568,-0.5479],-0.1729
6902,[-0.7146, 0.0337,-0.0693,-0.6393],[-0.184 ,44.2005, 0.1021,-1.5397,42.6362],[-0.7172, 0.036 ,-0.0691,-0.655 ],-0.148
6910,[-0.7182, 0.0627,-0.0342,-0.7173],[-0.8683,-3.5688,-0.0282,-3.3001,-0.3185],[-0.7216, 0.0613,-0.0266,-0.7337],-0.1374
6912,[-0.7163, 0.0629,-0.0808,-0.6963],[-10.9811, -9.7708,-13.691 ,-13.1367, -9.9427],[-0.7193, 0.0643,-0.0756,-0.7105],-0.1507
7422,[-0.6697,-0.15  ,-0.1144, 0.0134],[-4.3774,-3.8123,-6.6623,-5.4155,-2.8791],[-0.6703,-0.1394,-0.1204,-0.0007],-0.2448
7442,[-0.6663,-0.1833,-0.0926, 0.0163],[-3.2875,-2.8868,-5.1643,-4.0932,-2.1043],[-0.6677,-0.1724,-0.1015, 0.0124],-0.2501
7502,[-0.6681,-0.0514,-0.1361,-0.1194],[-3.2613,-1.9384,-4.6821,-4.3828,-1.8076],[-0.6677,-0.044 ,-0.132 ,-0.1336],-0.2359
7522,[-0.6712,-0.1301,-0.1254,-0.0768],[-2.9416,-0.0614,-5.972 ,-4.3128, 0.5817],[-0.6716,-0.1197,-0.1301,-0.0916],-0.2416
7542,[-0.6638,-0.1968,-0.0795,-0.0108],[-20.8505,-18.6873,-22.9436,-22.3236,-19.6592],[-0.6654,-0.1877,-0.0874,-0.0182],-0.253
7600,[-0.6733,-0.0043,-0.0439,-0.2408],[-1.3186,-2.5322,-2.5694,-3.2459,-0.0397],[-0.6744,-0.0029,-0.0288,-0.2563],-0.2053
7602,[-0.6709,-0.0392,-0.1287,-0.2178],[-21.0456,-19.6387,-23.344 ,-22.7228,-20.0623],[-0.671 ,-0.0324,-0.1233,-0.2323],-0.2285
7604,[-0.6675,-0.0442,-0.1713,-0.2265],[-14.924 ,-13.5094,-16.5575,-15.3151,-14.1057],[-0.6667,-0.0354,-0.1705,-0.2391],-0.2415
7622,[-0.6724,-0.0808,-0.1425,-0.1685],[-13.3954,-11.8118,-16.7404,-15.2657,-12.2032],[-0.6722,-0.0716,-0.1429,-0.1835],-0.2355
7624,[-0.6694,-0.0659,-0.1705,-0.1988],[-6.2037,-5.4045,-8.1078,-6.7886,-5.454 ],[-0.6686,-0.0562,-0.1722,-0.2139],-0.2423
7700,[-6.7839e-01,-1.0511e-06,-2.3826e-02,-3.4095e-01],[-15.5975,-16.3035,-16.3562,-17.1667,-14.1402],[-6.7992e-01, 5.5134e-04,-1.2134e-02,-3.5548e-01],-0.1959
7701,[-0.6843,-0.0083, 0.0665,-0.357 ],[-2.7805,-4.6233,-1.6515,-4.0788,-2.526 ],[-0.6857,-0.0109, 0.0628,-0.3707],-0.1948
7702,[-0.6731,-0.0123,-0.1047,-0.3054],[-30.2933,-29.2445,-32.4539,-31.8169,-29.6966],[-0.6738,-0.0076,-0.0953,-0.3201],-0.2172
7704,[-0.6657,-0.0192,-0.1726,-0.2862],[-13.9843,-13.594 ,-15.8453,-15.024 ,-13.6146],[-0.665 ,-0.0114,-0.1698,-0.301 ],-0.2409
7800,[-0.6836, 0.0065,-0.0083,-0.422 ],[-58.7026,-58.7804,-58.9076,-59.7957,-58.1305],[-6.8547e-01, 6.1905e-03, 1.3235e-04,-4.3645e-01],-0.1882
7801,[-0.6864,-0.0062, 0.0701,-0.4371],[-6.597 ,-7.3947,-5.3322,-7.3092,-6.3361],[-0.688 ,-0.0091, 0.0653,-0.4525],-0.1916
7802,[-0.6776, 0.0174,-0.0821,-0.4132],[-39.5996,-38.6729,-40.4614,-40.4604,-39.2458],[-0.6791, 0.0201,-0.0731,-0.4274],-0.2076
7812,[-0.6827, 0.0581,-0.1248,-0.4904],[-4.2258,-3.2767,-5.4096,-5.3021,-3.6448],[-0.6841, 0.0615,-0.1235,-0.5078],-0.2146
7900,[-0.6861, 0.0251, 0.0024,-0.5191],[ -9.6671,-10.0399, -9.3417,-10.5692, -9.4517],[-0.6884, 0.0234, 0.0118,-0.5345],-0.1872
7901,[-0.6872, 0.0122, 0.0684,-0.5177],[-2.7797,-3.6586,-2.3701,-3.4619,-2.6519],[-0.6892, 0.0083, 0.0684,-0.5338],-0.1899
7902,[-0.6849, 0.0406,-0.0908,-0.5228],[-7.8704,-7.6454,-8.2965,-8.6625,-7.9034],[-0.6868, 0.0431,-0.0868,-0.5382],-0.2021
7910,[-0.6834, 0.06  ,-0.0312,-0.6156],[-4.3399,-4.4108,-3.3651,-5.2605,-4.2529],[-0.6864, 0.0582,-0.0139,-0.6263],-0.1944
7912,[-0.6817, 0.063 ,-0.1033,-0.5564],[-4.9376,-4.5785,-6.7227,-6.6193,-4.7978],[-0.6838, 0.0649,-0.0931,-0.5726],-0.2107
