100,[-0.9598,-0.0103, 0.0026, 0.3926],[1.1083,9.1792,0.4751,1.1796,1.4605],[-0.958 ,-0.008 , 0.0017, 0.4002],0.2949
101,[-0.9593,-0.0391, 0.0785, 0.3877],[-0.1625,-0.8708, 1.8634,-0.0753, 0.1678],[-0.9572,-0.0508, 0.099 , 0.3936],0.2511
102,[-0.9559, 0.0096,-0.0717, 0.4038],[ 0.2283, 1.313 ,-0.5013,-0.3054, 0.3665],[-0.9536, 0.0284,-0.1025, 0.3901],0.2725
120,[-0.9589,-0.0612, 0.0312, 0.3814],[-0.175 , 2.1846,-0.4231,-0.3289,-0.0935],[-0.9574,-0.0508, 0.0226, 0.3895],0.2817
121,[-0.9567,-0.08  , 0.0886, 0.3874],[1.1903,0.2248,3.9087,0.7642,0.6767],[-0.955 ,-0.0773, 0.0792, 0.3958],0.2568
200,[-9.6144e-01, 4.5712e-03, 8.3061e-04, 2.9531e-01],[5.7150e+01,1.0275e+00,2.0345e+00,1.7310e+00,3.1776e-02],[-0.9601, 0.0026, 0.0031, 0.3036],0.2813
201,[-0.9607,-0.0403, 0.0744, 0.2836],[ 0.0452,-1.2193, 3.5699,-0.1906,-1.3042],[-0.9591,-0.049 , 0.0811, 0.2907],0.2521
202,[-0.9634, 0.0385,-0.07  , 0.2827],[-1.8799,-0.0363,-2.6294,-0.9865,-1.8818],[-0.9619, 0.047 ,-0.0779, 0.294 ],0.2441
210,[-0.962 , 0.0694,-0.034 , 0.2857],[-0.5766,-0.9827, 3.3509,-0.4244,-0.728 ],[-0.9609, 0.0554,-0.0189, 0.2933],0.2671
212,[-0.9635, 0.1001,-0.0964, 0.2836],[ 0.5706,18.4492, 1.0687, 1.5511, 1.5438],[-0.9623, 0.094 ,-0.0856, 0.293 ],0.2206
214,[-0.9602, 0.1441,-0.1716, 0.2734],[ 0.9855, 2.2472,-0.9558, 0.4006,-0.2164],[-0.9587, 0.1459,-0.1689, 0.2858],0.1792
220,[-0.961 ,-0.0711, 0.035 , 0.3043],[-0.579 , 5.8009,-1.2031,-1.0034,-0.5459],[-0.9599,-0.0571, 0.0201, 0.3156],0.2693
221,[-0.9625,-0.094 , 0.0967, 0.2915],[ 2.9504, 1.4743,43.6761, 3.2316, 0.5698],[-0.9613,-0.0906, 0.0906, 0.3022],0.224
223,[-0.9651,-0.1396, 0.1884, 0.2847],[ 1.5135,-1.1463, 1.6218, 0.9301,-0.5372],[-0.9629,-0.1486, 0.197 , 0.2951],0.1534
232,[-0.9603, 0.1749,-0.1507, 0.2834],[-0.0176,-0.7458, 0.1081,-0.0471,-0.9798],[-0.9598, 0.1607,-0.1279, 0.2819],0.1858
234,[-0.9617, 0.2086,-0.2101, 0.2738],[ 1.2493, 3.4126,-0.5046, 3.2799, 0.3206],[-0.9608, 0.2013,-0.1973, 0.2784],0.1387
241,[-0.9617,-0.1835, 0.1361, 0.2727],[ 0.1533, 2.9396,-1.1515, 0.0951,-1.0699],[-0.9614,-0.1663, 0.1254, 0.2826],0.1798
243,[-0.957 ,-0.1872, 0.1825, 0.2652],[ 2.4107,-0.3855, 8.555 , 4.6908, 0.1564],[-0.9562,-0.1795, 0.1678, 0.2695],0.1743
245,[-0.9603,-0.2017, 0.2789, 0.3038],[ 0.3195,-0.682 , 1.5263, 0.5632,-0.042 ],[-0.9573,-0.2104, 0.2784, 0.3163],0.1132
300,[-9.6632e-01,-7.5783e-04, 3.4957e-03, 1.9136e-01],[1.7512,9.8519,8.4208,2.2216,0.8262],[-0.9654,-0.0019, 0.0057, 0.2022],0.2594
301,[-0.9626,-0.0395, 0.0708, 0.1948],[-2.2695,-2.5141,-0.3181,-1.5706,-2.5904],[-0.9615,-0.0489, 0.0793, 0.2039],0.2442
302,[-0.9704, 0.0372,-0.0716, 0.1809],[-2.4859,-1.3973,-3.5827,-1.4709,-3.551 ],[-0.9693, 0.0492,-0.0793, 0.1931],0.2159
310,[-0.9649, 0.0704,-0.0359, 0.1959],[-2.1661,-2.8964,-1.1592,-2.3948,-3.5416],[-0.9642, 0.0552,-0.0184, 0.2067],0.2536
311,[-0.9621, 0.0749, 0.0745, 0.1369],[-0.2394,-0.4937,-0.1569, 0.1049,-0.1893],[-0.9613, 0.0279, 0.1057, 0.1235],0.2423
312,[-0.9678, 0.1076,-0.1079, 0.1866],[ 1.0483,29.6535, 1.4686, 5.3632, 0.2249],[-0.967 , 0.1038,-0.1008, 0.1986],0.1947
314,[-0.9665, 0.1534,-0.1756, 0.1657],[ 0.0345, 1.9557,-0.5978, 0.7637,-1.1013],[-0.9654, 0.1565,-0.176 , 0.1782],0.1499
320,[-0.9645,-0.0734, 0.039 , 0.185 ],[-1.9937,-0.0113,-2.688 ,-2.1592,-3.5382],[-0.9638,-0.0596, 0.0275, 0.1984],0.2494
321,[-0.9649,-0.1094, 0.1047, 0.1791],[ 1.5373, 0.4881, 2.9224,25.1289, 0.0299],[-0.9641,-0.1045, 0.099 , 0.193 ],0.205
323,[-0.9644,-0.1443, 0.182 , 0.1744],[-0.7238,-2.0195, 2.2469, 0.3004,-1.3022],[-0.9629,-0.1512, 0.1851, 0.1857],0.1568
330,[-0.9613, 0.1754,-0.0554, 0.1657],[-0.1727,-0.4966, 0.215 ,-0.0699,-0.1652],[-0.9622, 0.1283, 0.006 , 0.1509],0.2388
332,[-0.9647, 0.1848,-0.1449, 0.1848],[-2.4171,-2.1787,-0.2795,-1.371 ,-2.8023],[-0.9647, 0.1669,-0.1234, 0.1968],0.1688
334,[-0.9683, 0.2066,-0.2124, 0.1764],[ 0.8014, 8.8586, 0.8783, 3.5331,-0.0948],[-0.9675, 0.202 ,-0.2045, 0.1892],0.1149
336,[-0.9685, 0.2549,-0.2908, 0.164 ],[ 1.3826, 3.3151,-1.2475, 2.8682,-0.1301],[-0.9669, 0.2582,-0.2929, 0.1747],0.0604
341,[-0.9644,-0.1897, 0.1354, 0.1867],[-0.5917, 2.6344,-1.8965,-0.2022,-1.5832],[-0.9646,-0.1678, 0.115 , 0.2004],0.1722
343,[-0.9649,-0.2229, 0.2108, 0.1694],[ 0.4547, 0.6065, 4.1019,16.0686,-0.0989],[-0.9647,-0.2123, 0.195 , 0.1836],0.1232
345,[-0.9612,-0.2534, 0.3065, 0.1646],[ 0.4374,-1.558 , 2.585 , 0.7999,-0.8631],[-0.9591,-0.2592, 0.3076, 0.1781],0.0764
356,[-0.9583, 0.301 ,-0.3626, 0.14  ],[ 0.9926, 2.6155,-0.721 , 2.4722,-0.9374],[-0.9558, 0.3061,-0.3657, 0.1428],0.0432
358,[-0.9564, 0.319 ,-0.3927, 0.1402],[ 1.2466, 3.3206,-0.9015, 0.5543,-0.5693],[-0.9536, 0.3235,-0.3903, 0.1532],0.0317
363,[-0.9618,-0.2934, 0.2434, 0.1541],[-2.6001,-2.7817,-3.2714,-2.6021,-3.6136],[-0.9629,-0.2744, 0.2182, 0.1673],0.0949
365,[-0.9677,-0.3152, 0.3125, 0.1452],[ 1.2617,-1.1512, 4.081 , 4.9925,-0.975 ],[-0.9676,-0.3055, 0.2952, 0.1598],0.04
400,[-0.9685,-0.0012, 0.0056, 0.066 ],[ 0.0804, 0.0818, 2.0672,20.5057, 0.1001],[-0.9681,-0.0014, 0.0041, 0.0802],0.2483
401,[-0.9663,-0.0325, 0.0768, 0.0611],[-1.46  ,-3.3745,-0.8123,-0.9745,-2.7216],[-0.9657,-0.0483, 0.09  , 0.0718],0.225
402,[-0.9717, 0.0355,-0.0781, 0.058 ],[-1.6623, 0.6298,-2.2736,-1.0785,-2.2416],[-0.971 , 0.0554,-0.0972, 0.0723],0.2006
410,[-0.9671, 0.0752,-0.034 , 0.0574],[-1.4002,-2.2088, 1.3179,-1.5149,-2.1078],[-0.967 , 0.0585,-0.0183, 0.0712],0.2399
412,[-0.9702, 0.105 ,-0.11  , 0.0626],[ 0.8867, 1.1228, 0.574 ,29.1148,-0.0712],[-0.9698, 0.1055,-0.1085, 0.0775],0.1813
414,[-0.9707, 0.1522,-0.1795, 0.0685],[-0.5721, 2.7762,-1.4791, 0.6096,-1.6342],[-0.9698, 0.1615,-0.187 , 0.081 ],0.1301
420,[-0.9675,-0.0737, 0.0388, 0.0669],[-1.9223, 0.4255,-3.107 ,-1.2225,-2.8063],[-0.9674,-0.057 , 0.0225, 0.0805],0.2388
421,[-0.9682,-0.1111, 0.1114, 0.0613],[ 0.3759, 1.0707, 2.2213,16.1239,-0.5587],[-0.9679,-0.1085, 0.1064, 0.0758],0.1875
422,[-0.9645,-0.0626,-0.0625, 0.0679],[-0.5087,-0.7105,-0.8049,-0.2066,-0.8254],[-0.964 ,-0.021 ,-0.0883, 0.0825],0.242
423,[-0.9667,-0.1499, 0.1815, 0.0518],[-1.2109,-2.2822, 0.3003, 1.2785,-2.2191],[-0.9658,-0.1591, 0.1882, 0.0629],0.1432
432,[-0.9681, 0.1846,-0.1405, 0.0562],[-2.2553,-3.2669,-1.4377,-3.0277,-3.389 ],[-0.9686, 0.1661,-0.1204, 0.0692],0.1575
434,[-0.9725, 0.2115,-0.2185, 0.0646],[ 0.1303, 1.336 ,-1.0664, 2.7566,-1.3064],[-0.9721, 0.2113,-0.2165, 0.0787],0.0929
436,[-0.9679, 0.2535,-0.2944, 0.0776],[-0.088 , 1.6803,-1.2365, 0.97  ,-1.1133],[-0.9662, 0.2623,-0.3054, 0.0921],0.0564
440,[-0.9603,-0.2159, 0.0475, 0.116 ],[-0.5343,-0.07  ,-0.8701,-0.5361,-0.7752],[-0.962 ,-0.1658, 0.0165, 0.1303],0.2204
441,[-0.9679,-0.1896, 0.1404, 0.0597],[-2.9157,-0.5098,-3.163 ,-2.373 ,-3.7962],[-0.9686,-0.1678, 0.1193, 0.0741],0.1574
443,[-0.9683,-0.2098, 0.2115, 0.0572],[ 0.3095,-1.0313, 7.1323, 6.3042,-1.391 ],[-0.9681,-0.2065, 0.204 , 0.0713],0.1114
445,[-0.9661,-0.2564, 0.2978, 0.0546],[ 0.2629,-1.4784, 1.0044, 3.6909,-1.1779],[-0.9646,-0.2639, 0.3027, 0.0672],0.061
454,[-0.968 , 0.2992,-0.249 , 0.0544],[-3.2677,-3.461 ,-2.7278,-2.9235,-4.076 ],[-0.9693, 0.2839,-0.2381, 0.064 ],0.0649
456,[-0.9652, 0.3023,-0.352 , 0.087 ],[-2.0255,-1.4896,-2.71  ,-0.3968,-3.2602],[-0.9632, 0.307 ,-0.3523, 0.1018],0.0281
463,[-0.9658,-0.2945, 0.2479, 0.0507],[-3.9351,-2.5626,-3.868 ,-3.4849,-4.7931],[-0.9672,-0.2767, 0.2252, 0.0655],0.0787
465,[-0.9665,-0.3175, 0.3223, 0.0529],[ 0.721 ,-2.0005, 0.6172, 2.5142,-2.1948],[-0.9663,-0.3143, 0.3142, 0.0671],0.0323
467,[-0.9662,-0.3497, 0.3978, 0.0324],[ 1.2909,-1.5567, 3.3881, 1.8966,-1.6726],[-0.9643,-0.3545, 0.399 , 0.0465],-0.0108
500,[-9.7087e-01, 7.9018e-03,-4.5710e-05,-5.9294e-02],[ 2.0753, 2.848 ,38.5295, 1.4587,-1.112 ],[-0.9711, 0.0063,-0.002 ,-0.0458],0.2362
501,[-0.9679,-0.0341, 0.0779,-0.0695],[ 0.304 ,-1.9781, 0.4458, 0.2947,-1.8335],[-0.9677,-0.0532, 0.0935,-0.0559],0.2147
502,[-0.9707, 0.0397,-0.075 ,-0.0537],[-0.6565, 5.9861,-0.5607,-0.2618,-1.1121],[-0.9705, 0.0597,-0.0981,-0.0404],0.2006
510,[-0.9683, 0.0795,-0.0288,-0.0652],[-1.12  ,-1.7805, 1.691 , 0.2228,-2.7577],[-0.9688, 0.0575,-0.0083,-0.0507],0.2351
511,[-0.9813, 0.0667, 0.0723,-0.1133],[-0.84  ,-1.1138, 0.3569,-0.5104,-0.7244],[-0.9811,-0.0255, 0.1485,-0.0971],0.158
512,[-0.971 , 0.1078,-0.105 ,-0.0594],[-0.7271, 5.6776,-0.4562,24.3575,-1.0762],[-0.9713, 0.107 ,-0.1026,-0.0441],0.178
514,[-0.9722, 0.1502,-0.1858,-0.0556],[-0.7439, 0.9712,-1.2762,-0.1483,-1.4185],[-0.9716, 0.1661,-0.1995,-0.0414],0.1179
520,[-0.9723,-0.0684, 0.0405,-0.0564],[-0.6831, 0.0492,-1.6442,-0.0781,-3.0532],[-0.9727,-0.0535, 0.0247,-0.0409],0.222
521,[-0.9681,-0.1006, 0.1123,-0.0612],[ 0.1908, 0.3723, 0.5035,36.3919,-0.7408],[-0.9681,-0.1047, 0.114 ,-0.0457],0.1854
523,[-0.9682,-0.1428, 0.1894,-0.0614],[-0.5297,-1.7507, 2.397 ,-1.0056,-2.2706],[-0.9674,-0.1619, 0.206 ,-0.047 ],0.1306
532,[-0.9645, 0.1893,-0.1349,-0.0661],[-3.2222,-3.6442,-1.6404,-3.2239,-4.6124],[-0.9658, 0.1699,-0.1151,-0.0518],0.1672
534,[-0.9683, 0.2064,-0.2015,-0.0612],[-0.8525, 0.7847,-1.8587, 1.8855,-2.5847],[-0.9687, 0.2057,-0.1979,-0.0468],0.1125
536,[-0.9651, 0.2303,-0.2988,-0.0932],[ 0.0724, 0.1172,-1.6395, 1.6657,-1.2911],[-0.9632, 0.2472,-0.3106,-0.0785],0.0689
541,[-0.9698,-0.1808, 0.1499,-0.0566],[-1.4677,-0.0232,-2.0628,-1.0082,-2.4615],[-0.9706,-0.167 , 0.1359,-0.0424],0.1448
543,[-0.9692,-0.2143, 0.2228,-0.061 ],[ 0.9495,-1.0988, 0.9139,15.6832,-1.9117],[-0.9692,-0.2169, 0.2216,-0.0465],0.0975
545,[-0.967 ,-0.253 , 0.2991,-0.0545],[-0.1683,-1.6079, 2.0963, 2.8759,-2.0743],[-0.9656,-0.2662, 0.3095,-0.0397],0.0548
552,[-0.9608, 0.2846,-0.1497,-0.1052],[-0.9508,-0.6698, 0.2857,-0.5903,-1.1703],[-0.9644, 0.2508,-0.1305,-0.0905],0.134
554,[-0.9674, 0.3104,-0.2351,-0.0589],[-6.3045,-6.3336,-5.7811,-5.7868,-7.05  ],[-0.97  , 0.2885,-0.2103,-0.0439],0.072
556,[-0.9684, 0.3224,-0.3087,-0.0621],[-3.97  ,-3.1342,-4.4042,-2.2374,-5.314 ],[-0.9692, 0.3202,-0.3024,-0.0475],0.0265
561,[-0.9633,-0.2937, 0.1642,-0.0107],[-0.6292,-0.1217,-0.6466, 0.0388,-0.035 ],[-0.967 ,-0.2465, 0.1   , 0.0036],0.1393
563,[-0.9696,-0.2911, 0.264 ,-0.0633],[-3.0051,-2.3029,-2.4465,-2.014 ,-3.7886],[-0.9707,-0.2838, 0.2542,-0.052 ],0.0554
565,[-0.9662,-0.317 , 0.3303,-0.0546],[-0.1033,-2.2865, 2.7771, 2.1418,-3.0523],[-0.9659,-0.3202, 0.3293,-0.0404],0.0251
567,[-0.961 ,-0.3601, 0.4037,-0.0561],[ 0.5381,-0.2997,12.6676, 2.4331,-0.5509],[-0.9594,-0.3671, 0.409 ,-0.0405],-0.0079
585,[-0.9851,-0.4001, 0.3747,-0.0194],[-4.1462,-4.2652,-4.1114,-3.715 ,-5.3777],[-0.9865,-0.3875, 0.3531,-0.004 ],-0.0583
587,[-0.9829,-0.4023, 0.402 ,-0.0724],[-3.4111,-3.874 ,-2.1332,-1.6847,-4.6618],[-0.9832,-0.405 , 0.3983,-0.0574],-0.0734
600,[-0.9681, 0.0098, 0.0027,-0.1894],[ 0.4253, 0.203 ,-0.1617,36.1421,-1.2251],[-0.9689, 0.0053, 0.0053,-0.1732],0.2452
601,[-0.9653,-0.0331, 0.0779,-0.1762],[ 0.0131,-1.2301, 3.6471,-0.7557,-1.5085],[-0.9655,-0.0525, 0.0953,-0.1603],0.2219
602,[-0.9703, 0.0413,-0.0711,-0.1722],[ 0.0347, 2.9796,-1.1531,-0.9186,-1.5338],[-0.9707, 0.0589,-0.0919,-0.1572],0.2023
610,[-0.968 , 0.0826,-0.0285,-0.1854],[-4.4677,-5.2589,-2.7956,-3.8257,-5.7588],[-0.9691, 0.0579,-0.0041,-0.1712],0.2326
611,[-0.9655, 0.0806, 0.0743,-0.1854],[-0.6994,-1.0569, 0.5804,-0.087 ,-1.1585],[-0.9659, 0.0237, 0.1134,-0.1703],0.2241
612,[-0.9686, 0.1142,-0.103 ,-0.182 ],[ 0.2055, 2.1403, 0.0621, 4.716 ,-2.1377],[-0.9694, 0.111 ,-0.0989,-0.1664],0.1842
614,[-0.9677, 0.1476,-0.182 ,-0.1722],[-0.7181, 0.4308,-1.0295,-0.4602,-1.4789],[-0.9676, 0.1625,-0.193 ,-0.1562],0.1341
620,[-0.9695,-0.0697, 0.0378,-0.1728],[-0.5541, 1.2625,-1.0638,-0.473 ,-1.6211],[-0.9704,-0.0531, 0.0163,-0.1566],0.2305
621,[-0.9685,-0.0948, 0.1108,-0.1813],[-0.0608,-0.7152, 0.4595,23.9817,-1.0382],[-0.969 ,-0.1024, 0.1152,-0.1652],0.1827
623,[-0.9662,-0.143 , 0.1908,-0.1901],[ 0.4631,-1.1825, 4.9084, 1.2686,-1.6924],[-0.9658,-0.1629, 0.2072,-0.1741],0.1342
632,[-0.9669, 0.1967,-0.1323,-0.1819],[-7.6248,-8.4421,-6.2576,-7.2031,-8.7244],[-0.9689, 0.1732,-0.1086,-0.1668],0.1581
634,[-0.9644, 0.2259,-0.2031,-0.1894],[-4.9718,-3.4173,-5.4949,-2.9635,-6.7908],[-0.9657, 0.2215,-0.1948,-0.1742],0.1165
636,[-0.9695, 0.2736,-0.283 ,-0.1918],[-0.2587, 0.9723,-0.5778, 0.1044,-1.4674],[-0.9696, 0.2836,-0.2957,-0.1766],0.0422
641,[-0.9612,-0.1809, 0.1417,-0.185 ],[-1.0431,-0.9655,-1.1338,-0.6335,-1.4233],[-0.9629,-0.1663, 0.1168,-0.169 ],0.1775
643,[-0.968 ,-0.2078, 0.2283,-0.1775],[ 0.5056,-0.6544, 1.7964,17.9653,-1.9293],[-0.9681,-0.2182, 0.235 ,-0.1614],0.0951
645,[-0.9635,-0.2567, 0.2999,-0.1881],[ 0.1566, 0.1387, 1.2255,14.084 ,-0.9515],[-0.9626,-0.2715, 0.3122,-0.1718],0.0601
652,[-0.9704, 0.2994,-0.1659,-0.1579],[-1.1743,-1.4925,-0.1422,-1.0918,-1.6673],[-0.9744, 0.2563,-0.1346,-0.1734],0.0996
654,[-0.9621, 0.2975,-0.2283,-0.2   ],[-14.7487,-14.8163,-14.4357,-14.0732,-15.4238],[-0.9649, 0.2826,-0.2115,-0.1861],0.0885
656,[-0.9641, 0.3148,-0.2958,-0.1781],[ -9.2162, -9.9633, -9.9636, -8.646 ,-10.7829],[-0.9653, 0.3156,-0.2945,-0.1628],0.0419
663,[-0.9759,-0.2936, 0.2725,-0.1472],[-0.4895,-1.1281,-1.5356,-0.6141,-1.78  ],[-0.9769,-0.2926, 0.2741,-0.1309],0.0274
665,[-0.9647,-0.3142, 0.3351,-0.1746],[-0.6496,-0.7908,-0.285 , 9.9562,-1.2104],[-0.9643,-0.3233, 0.3417,-0.1581],0.0231
667,[-0.9576,-0.315 , 0.3913,-0.1784],[ 2.1073,-0.3735,21.6279, 1.0219,-0.5191],[-0.9545,-0.3311, 0.4152,-0.1619],0.016
700,[-0.9646, 0.0181, 0.0014,-0.3085],[-0.7732,-1.2242, 0.232 ,11.1445,-1.9996],[-0.9659, 0.0108, 0.0068,-0.2921],0.2576
701,[-0.9649,-0.0318, 0.0797,-0.3132],[ 0.4468, 0.1203, 0.4242,10.8607,-1.2841],[-0.9657,-0.0537, 0.1014,-0.2964],0.2182
702,[-0.9648, 0.0449,-0.0652,-0.3116],[-0.7039, 0.1857,-1.2465,-0.2777,-1.6541],[-0.9659, 0.0575,-0.0812,-0.2973],0.2241
710,[-0.9628, 0.0734,-0.0308,-0.3171],[-2.7113,-3.1503, 0.3939,-2.4453,-3.3959],[-0.9643, 0.0587,-0.0183,-0.302 ],0.2497
712,[-0.9639, 0.1129,-0.0981,-0.3048],[-10.368 ,-10.0156,-10.9783, -8.9307,-12.1749],[-0.9653, 0.1104,-0.0952,-0.2895],0.2
714,[-0.9589, 0.1433,-0.1921,-0.3278],[-0.7792, 0.8467,-1.3996,-0.602 ,-1.85  ],[-0.959 , 0.1631,-0.2095,-0.3114],0.1549
720,[-0.9648,-0.0613, 0.0497,-0.2809],[-0.6381, 0.4682,-0.3683,-0.2568,-1.1864],[-0.966 ,-0.0572, 0.0425,-0.2643],0.2385
721,[-0.9656,-0.0863, 0.1131,-0.2973],[-0.5509,-0.7709, 1.419 ,14.7701,-2.0242],[-0.9664,-0.1004, 0.1253,-0.2807],0.1884
723,[-0.9635,-0.1295, 0.1951,-0.3044],[-0.481 ,-0.1924, 1.9105,21.0383,-0.2364],[-0.963 ,-0.1573, 0.2232,-0.2874],0.139
725,[-0.9661,-0.1623, 0.2977,-0.2933],[-0.2396,-0.2687, 0.3859,-0.1544,-0.2045],[-0.9632,-0.2054, 0.3265,-0.2762],0.0785
732,[-0.9641, 0.1897,-0.1482,-0.299 ],[-10.6832,-10.9245,-10.0855,-10.831 ,-11.8742],[-0.9661, 0.1793,-0.1368,-0.2838],0.1541
734,[-0.962 , 0.2228,-0.2048,-0.3089],[-19.4173,-19.013 ,-19.9667,-17.913 ,-21.0701],[-0.9636, 0.2227,-0.2008,-0.293 ],0.1201
736,[-0.957 , 0.255 ,-0.3041,-0.3104],[-0.0137, 0.6346,-0.1841, 0.8558,-1.8505],[-0.9558, 0.2735,-0.3284,-0.2935],0.0716
741,[-0.9595,-0.2165, 0.1365,-0.2617],[-0.4392,-0.5456,-0.4347,-0.2884,-1.0459],[-0.962 ,-0.2002, 0.1337,-0.2448],0.1604
743,[-0.9636,-0.198 , 0.2373,-0.2954],[ 1.1169e-02,-4.5874e-01, 4.1966e-01, 1.4037e+01,-1.6148e+00],[-0.9634,-0.2165, 0.254 ,-0.2783],0.1023
745,[-0.9606,-0.2349, 0.3105,-0.2779],[20.3142, 0.6066, 1.4272, 3.099 ,-0.6752],[-0.9587,-0.2588, 0.3339,-0.2613],0.0672
754,[-0.9609, 0.2896,-0.2605,-0.2791],[-16.1469,-16.2663,-16.8001,-15.7601,-17.2917],[-0.9629, 0.2875,-0.2513,-0.2626],0.0768
756,[-0.9577, 0.3355,-0.2967,-0.2744],[-16.0479,-16.5871,-17.4611,-15.7181,-17.8611],[-0.9602, 0.3332,-0.2845,-0.2627],0.0528
765,[-0.9599,-0.2979, 0.335 ,-0.2703],[ 2.1186,-0.8124,-0.29  , 2.5946,-2.5456],[-0.9592,-0.312 , 0.3463,-0.2547],0.0395
800,[-0.9611, 0.0236, 0.0036,-0.4131],[-18.1184,-19.0163,-17.9035,-17.9799,-19.6795],[-0.9628, 0.014 , 0.0114,-0.3963],0.2696
801,[-0.9603,-0.0275, 0.0864,-0.4168],[ 0.2261,-0.3457,21.3773, 0.7333,-0.9863],[-0.9615,-0.0508, 0.106 ,-0.4005],0.2326
802,[-0.9607, 0.0507,-0.0737,-0.4227],[-1.1497,-0.8125,-1.9987,-1.4625,-2.2804],[-0.9622, 0.0628,-0.087 ,-0.4052],0.2325
803,[-0.9557,-0.0475, 0.1847,-0.4693],[-0.0975,-0.313 , 0.0484, 0.9083, 0.058 ],[-0.9552,-0.091 , 0.2152,-0.4536],0.1945
810,[-0.9599, 0.0763,-0.0291,-0.4146],[-3.7321,-4.0586,-2.2235,-2.1459,-5.4817],[-0.9619, 0.0608,-0.0144,-0.3986],0.2593
812,[-0.9591, 0.1168,-0.0949,-0.4156],[-32.255 ,-32.0937,-32.4641,-31.7806,-33.9812],[-0.9611, 0.1123,-0.0872,-0.3993],0.2168
821,[-0.9598,-0.0839, 0.1275,-0.4089],[-4.401 ,-5.9104,-3.922 ,-3.4822,-6.566 ],[-0.9608,-0.1029, 0.1436,-0.3932],0.1994
823,[-0.9606,-0.1322, 0.1852,-0.4012],[-0.1252, 0.8778, 0.8488,32.1149,-0.4715],[-0.9609,-0.1554, 0.2063,-0.3836],0.1532
832,[-0.9628, 0.1785,-0.1458,-0.4081],[-12.7592,-12.448 ,-12.6538,-11.5756,-13.2966],[-0.9652, 0.1716,-0.1322,-0.3929],0.162
834,[-0.9579, 0.2132,-0.2014,-0.3975],[-36.7819,-36.4803,-37.1828,-36.3794,-38.5116],[-0.9597, 0.2164,-0.1999,-0.3801],0.1351
843,[-0.9619,-0.1768, 0.2252,-0.3792],[-0.3686,-0.7719,-0.1371, 2.6123,-2.6477],[-0.9619,-0.1989, 0.2446,-0.3617],0.1174
900,[-0.9569, 0.0178, 0.0318,-0.5133],[-84.8209,-84.7155,-85.0134,-84.8645,-85.6875],[-0.9589,-0.0032, 0.0592,-0.4955],0.2775
912,[-0.9575, 0.1534,-0.148 ,-0.5051],[-130.3789,-131.1419,-130.8915,-130.6508,-131.2629],[-0.9594, 0.1611,-0.1605,-0.4878],0.1741
1100,[-0.928 ,-0.024 , 0.0271, 0.3867],[  0.8051,  2.3916,  0.8747,  0.381 ,154.3733],[-0.9263,-0.0243, 0.0296, 0.3819],0.412
1101,[-0.9292,-0.0463, 0.067 , 0.3893],[ 0.878 ,-0.5062,88.6125,-0.5322, 1.808 ],[-0.9273,-0.0483, 0.0665, 0.3928],0.386
1102,[-0.9401, 0.026 ,-0.0751, 0.3887],[ 0.988 , 8.159 ,-1.115 ,-0.5528, 5.55  ],[-0.9381, 0.035 ,-0.0842, 0.3853],0.3412
1110,[-0.9474, 0.0625,-0.0335, 0.3829],[ 0.2177,-0.8827, 1.9727, 0.0252, 0.315 ],[-0.9459, 0.0526,-0.0202, 0.3694],0.3286
1112,[-0.9349, 0.1038,-0.0862, 0.393 ],[ 0.765 , 1.8409, 0.7155, 0.3554,13.9085],[-0.9335, 0.0976,-0.0785, 0.3857],0.3336
1114,[-0.9369, 0.1626,-0.2164, 0.3838],[ 1.0364, 1.8559,-0.635 ,-0.5446, 4.1192],[-0.9343, 0.1666,-0.2194, 0.3914],0.2348
1120,[-0.9325,-0.0679, 0.0329, 0.3868],[ 1.178 ,33.2834,-0.2333, 0.1267, 1.8982],[-0.931 ,-0.0606, 0.0295, 0.3924],0.3835
1121,[-0.9271,-0.0695, 0.0862, 0.3885],[ 2.0687, 1.0607, 1.7022, 0.5062,92.3417],[-0.9253,-0.0701, 0.0838, 0.3825],0.3765
1123,[-0.9383,-0.1391, 0.1767, 0.385 ],[ 0.8659,-0.5761, 5.2994,-0.2405, 2.8204],[-0.9361,-0.1419, 0.1778, 0.3842],0.2587
1132,[-0.9349, 0.1735,-0.1358, 0.3821],[ 1.5417,-0.1447, 3.2267,-0.1458, 1.7787],[-0.9343, 0.1609,-0.1104, 0.3786],0.2872
1134,[-0.9259, 0.2174,-0.2206, 0.3855],[1.0443,2.7262,0.3513,0.962 ,7.517 ],[-0.9244, 0.2148,-0.2237, 0.3769],0.2466
1141,[-0.9236,-0.1741, 0.1239, 0.38  ],[ 1.0946, 2.2671, 0.0869, 0.0262,17.4677],[-0.9229,-0.1645, 0.1223, 0.3849],0.3257
1143,[-0.9307,-0.224 , 0.2638, 0.3798],[ 0.8389, 0.2094, 3.1469, 1.1151,16.9456],[-0.9284,-0.2238, 0.2602, 0.3769],0.2122
1200,[-0.927 ,-0.0064, 0.0074, 0.3072],[  1.5719,407.0704,  1.6598,  0.5383,  1.8766],[-0.9256,-0.007 , 0.0111, 0.3125],0.4127
1201,[-0.927 ,-0.0403, 0.0689, 0.316 ],[ 3.8998e-01,-6.0525e-01, 4.0036e+02, 5.0111e-01, 1.6481e+00],[-0.9254,-0.044 , 0.07  , 0.3168],0.3912
1202,[-0.9216, 0.037 ,-0.0686, 0.2746],[  1.1739,  5.228 , -0.5531,  0.7222,108.0583],[-0.9203, 0.0412,-0.07  , 0.2715],0.4103
1210,[-0.9316, 0.0708,-0.0356, 0.2722],[-0.2411,-1.4733, 2.559 ,-1.2672, 2.1434],[-0.9306, 0.0624,-0.0287, 0.2718],0.3774
1212,[-0.9294, 0.0936,-0.099 , 0.2711],[ 3.3167, 1.9585, 0.3615, 0.9376,99.7797],[-0.9283, 0.0921,-0.0941, 0.2643],0.3486
1214,[-0.94  , 0.127 ,-0.1871, 0.304 ],[ 9.7028e-01, 4.5540e+01,-5.4061e-01, 2.4168e-02, 7.9633e-02],[-0.9377, 0.1343,-0.1896, 0.3017],0.2506
1220,[-0.9302,-0.0741, 0.0302, 0.3095],[  0.5769,219.7418, -0.3407,  0.4258,  1.0414],[-0.9291,-0.065 , 0.0242, 0.3118],0.3882
1221,[-0.9331,-0.0847, 0.0919, 0.3232],[  1.8564,  0.6169,423.0694,  0.65  ,  2.1607],[-0.9317,-0.0834, 0.0866, 0.3237],0.3435
1223,[-0.9396,-0.1456, 0.1845, 0.3132],[ 1.2267,-0.6522,35.5442, 0.1313, 1.4865],[-0.9377,-0.1487, 0.1841, 0.3149],0.247
1232,[-0.9295, 0.1923,-0.1344, 0.3052],[0.7627,0.5314,9.0007,1.5479,4.8753],[-0.9294, 0.1803,-0.1269, 0.3096],0.2907
1234,[-0.9327, 0.2125,-0.2158, 0.3052],[ 2.0385,41.228 , 0.0635, 0.7011, 1.0172],[-0.9317, 0.208 ,-0.2036, 0.3089],0.2324
1236,[-0.9232, 0.2094,-0.2799, 0.277 ],[ 0.1464, 3.8768,-0.5428, 0.9061,12.9413],[-0.9205, 0.214 ,-0.279 , 0.2678],0.2352
1240,[-0.9438,-0.1724, 0.0442, 0.2785],[-2.9636,-1.9473,-3.6459,-3.278 ,-2.6682],[-0.9441,-0.1439, 0.0261, 0.2906],0.2935
1241,[-0.9363,-0.196 , 0.1207, 0.2882],[  1.7601,111.2202, -0.1633,  0.6077,  1.1208],[-0.9365,-0.1798, 0.1109, 0.2983],0.2704
1243,[-0.9345,-0.2154, 0.2201, 0.297 ],[ 1.8449, 0.5782,83.0989, 2.1478, 1.9183],[-0.9335,-0.211 , 0.209 , 0.303 ],0.2218
1254,[-0.9202, 0.2833,-0.2603, 0.3275],[ 0.9139, 0.9642, 0.2225,-0.1526, 0.4409],[-0.9202, 0.2751,-0.2413, 0.3341],0.2249
1256,[-0.928 , 0.3085,-0.3274, 0.2924],[ 0.7436,21.6512, 0.3293, 1.2844, 1.2427],[-0.9267, 0.3048,-0.3174, 0.3015],0.1519
1261,[-0.926 ,-0.2898, 0.1389, 0.2756],[-1.5624,-0.7351,-2.8475,-1.7722,-1.2735],[-0.9284,-0.2678, 0.1364, 0.2892],0.2483
1263,[-0.9315,-0.2974, 0.2265, 0.276 ],[ 0.6342,48.0112, 0.9981, 0.7227, 0.774 ],[-0.9328,-0.2827, 0.2098, 0.2874],0.1919
1265,[-0.9283,-0.3057, 0.3097, 0.2671],[ 1.834 , 0.4747,24.9934, 0.3616, 1.2086],[-0.9277,-0.3006, 0.2944, 0.2769],0.161
1300,[-0.9168, 0.0258,-0.0256, 0.1776],[  1.504 ,  0.9058,  1.0576,766.3895,  1.3285],[-0.916 , 0.0255,-0.0248, 0.1917],0.4402
1301,[-0.9204,-0.0469, 0.0629, 0.1922],[  0.7669, -0.4765,114.9285,  0.6296,  0.2033],[-0.9195,-0.0488, 0.0628, 0.201 ],0.4125
1302,[-0.9162, 0.0446,-0.0648, 0.1717],[ 3.4776e-01, 4.1295e+02,-6.9127e-01,-2.2032e-01, 1.2101e+00],[-0.9152, 0.0468,-0.0638, 0.1842],0.4289
1310,[-0.9181, 0.0694,-0.0385, 0.1668],[ 2.6900e-01,-1.1847e-01, 1.1864e+02, 1.6004e-01, 8.8612e-01],[-0.9176, 0.0643,-0.0371, 0.1688],0.4263
1312,[-0.9199, 0.0806,-0.0924, 0.1783],[  1.1655,369.7874,  0.5231,  2.2268,  3.1868],[-0.919 , 0.0811,-0.0889, 0.1832],0.3885
1314,[-0.9287, 0.1396,-0.1892, 0.177 ],[ 0.3581,72.0669,-0.2954, 0.3872,-0.3577],[-0.9271, 0.1457,-0.1912, 0.1813],0.2785
1320,[-0.92  ,-0.0708, 0.0363, 0.1705],[ 6.4301e-01, 2.1491e+02,-3.2292e-01, 3.5531e-01, 1.8848e-01],[-0.9194,-0.0648, 0.0342, 0.1774],0.4203
1321,[-0.9233,-0.0932, 0.0879, 0.1737],[  1.0993,  1.9413,290.3521,  1.7399,  0.5249],[-0.9226,-0.0904, 0.0801, 0.1792],0.3751
1322,[-0.9375,-0.0641,-0.0635, 0.2479],[-3.0177,-2.7299,-4.2106,-3.9409,-2.8631],[-0.9362,-0.0388,-0.0828, 0.2578],0.3471
1323,[-0.9343,-0.1436, 0.182 , 0.1871],[ 1.3595e-01,-3.9851e-01, 2.7238e+01,-1.5223e-02, 4.1225e-02],[-0.9328,-0.1479, 0.1818, 0.1961],0.2643
1330,[-0.9412, 0.1705,-0.0414, 0.1733],[-2.3408,-2.5103,-1.754 ,-2.1595,-1.8614],[-0.942 , 0.1436,-0.0302, 0.1729],0.3005
1332,[-0.9242, 0.192 ,-0.131 , 0.1847],[ 0.6098,-1.0823, 0.0965,-0.6816, 1.18  ],[-0.9247, 0.18  ,-0.1177, 0.1879],0.3104
1334,[-0.93  , 0.2096,-0.2094, 0.1766],[ 1.5492,46.6049, 0.3138, 3.9956, 1.4043],[-0.9294, 0.2063,-0.2002, 0.1882],0.241
1336,[-0.9215, 0.1942,-0.298 , 0.214 ],[ 1.1932,30.245 ,-0.0728, 1.0813, 4.2727],[-0.9179, 0.2034,-0.3042, 0.2215],0.2283
1340,[-0.9358,-0.1919, 0.031 , 0.1781],[-4.281 ,-3.6104,-5.0867,-4.0837,-3.9495],[-0.937 ,-0.1611, 0.0165, 0.1802],0.3185
1341,[-0.9326,-0.2022, 0.1273, 0.1841],[ 0.2212,39.4656, 0.2239, 1.3231, 0.5934],[-0.9332,-0.1872, 0.1171, 0.1927],0.2755
1343,[-0.9355,-0.2197, 0.2114, 0.1724],[ 0.9037, 0.5504,33.4736, 1.7113, 0.6977],[-0.9353,-0.2145, 0.1981, 0.1817],0.2188
1345,[-0.9359,-0.2492, 0.2972, 0.1796],[ 9.3307,-1.0953, 2.2724, 0.5196, 1.6182],[-0.934 ,-0.2518, 0.294 , 0.1877],0.163
1352,[-0.9303, 0.2929,-0.1567, 0.1648],[-1.4473,-2.3011,-0.4691,-1.0518,-1.2702],[-0.9335, 0.2666,-0.1136, 0.1796],0.2404
1354,[-0.9295, 0.3128,-0.2261, 0.1836],[-0.7387,-1.7696,-1.372 ,-0.7946,-1.513 ],[-0.9317, 0.2968,-0.2032, 0.1923],0.1902
1356,[-0.9339, 0.326 ,-0.3447, 0.1839],[ 2.8192,13.3261, 0.4198, 3.7231, 1.1518],[-0.933, 0.324,-0.337, 0.194],0.1116
1358,[-0.9536, 0.3235,-0.3903, 0.1532],[ 0.85  ,13.8511,-0.1962, 0.1786,-0.0147],[-0.9509, 0.3267,-0.388 , 0.1655],0.0385
1361,[-0.9267,-0.2926, 0.1456, 0.1893],[-3.2177,-2.7913,-4.2059,-2.9168,-4.0333],[-0.9297,-0.2681, 0.1213, 0.203 ],0.2508
1363,[-0.9304,-0.3129, 0.2306, 0.1712],[ 0.8813, 1.6406,-0.1142,13.448 , 0.0704],[-0.9326,-0.2973, 0.2041, 0.1846],0.1883
1365,[-0.934 ,-0.3363, 0.3264, 0.1635],[ 0.7432,-0.0717,38.5519, 5.9022, 0.2386],[-0.9344,-0.331 , 0.3108, 0.1741],0.1185
1367,[-0.9361,-0.3686, 0.4022, 0.1419],[ 1.6933,-1.7175, 6.3916, 0.3551,-0.5829],[-0.9348,-0.3676, 0.395 , 0.1506],0.0622
1376,[-0.9274, 0.3965,-0.3757, 0.1663],[-1.2288,-1.2769,-1.6781,-0.6636,-1.8474],[-0.9283, 0.3912,-0.3625, 0.1805],0.0848
1378,[-0.9264, 0.4062,-0.4018, 0.1345],[1.2665,8.5374,0.0381,3.7992,0.0196],[-0.9266, 0.4029,-0.3926, 0.1461],0.0699
1385,[-0.9174,-0.3996, 0.3425, 0.1477],[-3.4126,-4.6976,-3.9544,-2.6949,-4.3497],[-0.9194,-0.3926, 0.3336, 0.1621],0.1215
1400,[-0.919 , 0.0213,-0.0221, 0.064 ],[2.0953e+00,6.9462e-01,1.9929e+00,1.0155e+03,2.5979e+00],[-0.9187, 0.0218,-0.0253, 0.0777],0.4423
1401,[-0.9198,-0.0446, 0.0675, 0.045 ],[ 0.6173,-0.3978,56.7533,-0.2761, 0.7164],[-0.9194,-0.0481, 0.0688, 0.0557],0.4174
1402,[-0.9176, 0.0434,-0.0693, 0.0696],[ 2.5052e-01, 3.1806e+02,-7.6380e-02, 5.1473e-01,-3.0709e-01],[-0.917 , 0.0471,-0.0709, 0.0825],0.4241
1410,[-0.9179, 0.0635,-0.0456, 0.0568],[ 1.5434e+00,-3.2573e-01, 5.4719e+02, 3.9561e-01, 1.0660e-02],[-0.9177, 0.0607,-0.0453, 0.0638],0.4321
1412,[-0.9179, 0.0794,-0.084 , 0.0521],[  2.1515,506.4083,  1.1836,  1.496 ,  2.6048],[-0.9177, 0.0793,-0.0806, 0.0603],0.4034
1414,[-0.9185, 0.1464,-0.1793, 0.0472],[ 0.4573, 2.1355,-1.0926,50.1869, 0.6705],[-0.9177, 0.1503,-0.1795, 0.061 ],0.316
1420,[-0.9189,-0.0661, 0.043 , 0.0745],[ 3.8499e-01, 1.3589e+02,-2.0881e-01,-9.8051e-02, 1.1986e+00],[-0.9187,-0.0623, 0.0418, 0.0841],0.4249
1421,[-0.918 ,-0.0814, 0.0906, 0.0571],[1.5728e+00,1.7763e-01,5.0288e+02,2.6450e+00,9.8856e-01],[-0.9176,-0.0819, 0.0875, 0.0688],0.395
1422,[-0.9538,-0.0819,-0.0759, 0.0871],[-2.8823,-3.1741,-3.4378,-3.0664,-2.9945],[-0.9531,-0.0397,-0.1061, 0.101 ],0.2685
1423,[-0.9257,-0.1456, 0.183 , 0.0511],[-0.1854,-0.619 ,67.776 , 0.6426,-0.2974],[-0.9248,-0.1506, 0.1843, 0.0637],0.2898
1430,[-0.9256, 0.175 ,-0.0373, 0.0896],[-2.2885,-2.9946,-1.5723,-2.504 ,-2.6201],[-0.9269, 0.1506,-0.018 , 0.0891],0.3633
1432,[-0.9248, 0.1908,-0.1331, 0.0638],[-5.5374,-5.221 ,-5.4409,-5.1374,-5.835 ],[-0.9258, 0.1791,-0.1148, 0.0694],0.3079
1434,[-0.9228, 0.207 ,-0.2092, 0.0522],[ 0.7878, 3.4232,-0.0909,35.0084, 1.1986],[-0.9227, 0.2056,-0.2021, 0.0664],0.2625
1436,[-0.9255, 0.2561,-0.3025, 0.0278],[ 0.1434,14.4396,-0.3469, 0.9473, 0.5421],[-0.9241, 0.2608,-0.3003, 0.0415],0.1775
1440,[-0.93  ,-0.1773, 0.042 , 0.0926],[-2.7445,-2.5124,-3.7868,-3.1352,-3.3672],[-0.9313,-0.1481, 0.0011, 0.1028],0.3491
1441,[-0.9281,-0.1902, 0.1387, 0.0726],[ 0.6155, 0.6923,-0.5127, 7.728 ,-0.6647],[-0.9289,-0.179 , 0.1199, 0.0855],0.2959
1443,[-0.9308,-0.2107, 0.2162, 0.0616],[ 3.4851, 0.2371,47.4494, 4.056 , 0.5333],[-0.9305,-0.2094, 0.2081, 0.0734],0.2333
1445,[-0.9353,-0.2538, 0.2919, 0.0567],[ 5.7630e-01,-6.8845e-01, 1.8874e+01, 9.7431e-01, 1.7229e-02],[-0.934 ,-0.2573, 0.2906, 0.0688],0.1615
1454,[-0.9329, 0.3016,-0.2439, 0.0613],[-2.0364,-2.4153,-2.3316,-1.8936,-2.9668],[-0.9347, 0.2906,-0.2269, 0.0712],0.1748
1456,[-0.9354, 0.3348,-0.3199, 0.0435],[ 1.2374, 5.2335,-0.3895, 6.0307, 0.7625],[-0.9361, 0.331 ,-0.3085, 0.0579],0.1131
1458,[-0.9268, 0.3309,-0.3967, 0.0699],[-0.0427, 9.2828,-0.7053, 1.2901, 1.3639],[-0.9242, 0.3343,-0.396 , 0.0821],0.1082
1461,[-0.9253,-0.2931, 0.1425, 0.0804],[-2.5029,-2.2333,-3.5487,-2.7302,-3.0639],[-0.9287,-0.2709, 0.129 , 0.0782],0.25
1463,[-0.9304,-0.3104, 0.2456, 0.0879],[-0.9082,-1.1994,-0.4093, 0.9449,-1.3591],[-0.9324,-0.2988, 0.2259, 0.1003],0.1788
1465,[-0.9329,-0.3326, 0.3321, 0.0641],[ 0.5153,-0.4127,45.8424, 1.9703,-0.4531],[-0.933 ,-0.3303, 0.3218, 0.0769],0.1176
1467,[-0.939 ,-0.3566, 0.4051, 0.0547],[ 2.7593,-1.3069,31.2573, 0.9446, 0.8124],[-0.9372,-0.3589, 0.4027, 0.0666],0.0539
1476,[-0.9237, 0.3956,-0.3741, 0.1161],[-1.111 ,-1.0334,-1.6237,-0.8811,-2.3833],[-0.9248, 0.3912,-0.3594, 0.1301],0.0965
1478,[-0.9249, 0.4106,-0.4133, 0.0592],[ 1.5874, 2.8319,-0.5223, 3.9799,-0.747 ],[-0.9248, 0.4093,-0.4086, 0.0736],0.0644
1485,[-0.916 ,-0.4006, 0.3399, 0.0871],[-2.8914,-3.2904,-2.2306,-2.5787,-4.0514],[-0.9183,-0.3944, 0.3288, 0.1022],0.1268
1487,[-0.9268,-0.3979, 0.4223, 0.0479],[ 0.8982,-0.3003, 6.731 ,35.1306,-1.0082],[-0.9259,-0.3976, 0.4164, 0.0629],0.0569
1500,[-0.9192, 0.0077,-0.0032,-0.0607],[  0.8695,  5.5039,213.2709,  7.9309,  1.3404],[-0.9194, 0.0075,-0.006 ,-0.0495],0.4481
1501,[-0.9187,-0.031 , 0.0746,-0.0651],[ 4.4343e-02,-2.8819e-01, 1.0392e+02, 2.4626e-01,-8.2257e-02],[-0.9186,-0.038 , 0.0777,-0.053 ],0.4192
1502,[-0.9173, 0.0334,-0.0783,-0.0535],[-59.5078,-57.0193,-59.9252,-59.5272,-59.2328],[-0.9172, 0.0408,-0.0839,-0.0462],0.4177
1504,[-0.9162, 0.05  ,-0.1682,-0.0741],[-1.4106,-1.2985,-2.0522,-1.1462,-1.841 ],[-0.9149, 0.0666,-0.1705,-0.0612],0.3687
1510,[-0.9177, 0.0643,-0.0439,-0.0565],[-3.7905e-01, 5.0340e-01, 5.3289e+02, 8.2362e-01,-1.6465e-01],[-0.918 , 0.0613,-0.0429,-0.0449],0.4324
1511,[-0.9257, 0.0642, 0.0679,-0.0871],[-2.2577,-2.6058,-1.6997,-2.135 ,-2.2066],[-0.926 , 0.0414, 0.0749,-0.0833],0.3956
1512,[-0.9177, 0.0797,-0.0871,-0.0622],[1.7542e+00,4.9558e+02,3.9868e-01,2.1395e+00,5.6873e-02],[-0.9178, 0.0807,-0.0852,-0.0512],0.4017
1514,[-0.9183, 0.1377,-0.1832,-0.0607],[ 0.5506,92.1602,-0.433 , 0.4986,-0.2202],[-0.9176, 0.1444,-0.1863,-0.049 ],0.3163
1520,[-0.918 ,-0.0651, 0.0419,-0.07  ],[-6.1727,41.5882,-7.5586,-7.0355,-6.8825],[-0.9184,-0.0616, 0.0407,-0.0619],0.4249
1521,[-0.9192,-0.0757, 0.0872,-0.0597],[2.8246e+00,7.8055e-02,1.2432e+00,1.4805e+02,1.4947e+00],[-0.9192,-0.0776, 0.0875,-0.0453],0.3937
1522,[-0.9197,-0.0559,-0.0644,-0.0585],[-1.8241,-0.7275,-2.2643,-1.7157,-1.9801],[-0.9197,-0.0375,-0.0689,-0.0433],0.4273
1523,[-0.9266,-0.1404, 0.187 ,-0.0593],[ 0.2753,-0.505 ,29.3586, 0.1409,-0.5142],[-0.9258,-0.1484, 0.1924,-0.0452],0.2867
1532,[-0.9343, 0.1857,-0.1396,-0.0624],[-6.2202,-6.615 ,-7.3775,-6.201 ,-7.391 ],[-0.9355, 0.1756,-0.1237,-0.0524],0.27
1534,[-0.9288, 0.2067,-0.2172,-0.0607],[ 1.1936,23.3938,-0.1896, 2.2897, 0.099 ],[-0.9288, 0.2076,-0.2133,-0.0478],0.2364
1536,[-0.9264, 0.2506,-0.2967,-0.0572],[ 0.2505,12.0038,-0.704 , 2.8153,-0.6796],[-0.9251, 0.2567,-0.2989,-0.0432],0.1865
1541,[-0.9216,-0.1815, 0.1417,-0.0554],[ 0.8127,-1.4208,-0.193 , 9.297 ,-1.0626],[-0.9226,-0.1748, 0.13  ,-0.0412],0.3167
1543,[-0.9292,-0.2031, 0.2211,-0.06  ],[ 1.5001,-0.3774, 3.4345,35.8672, 0.6495],[-0.929 ,-0.2059, 0.2201,-0.0446],0.235
1545,[-0.9368,-0.2556, 0.2991,-0.063 ],[ 0.4258,-0.4286,22.3222, 1.6888,-0.4838],[-0.9356,-0.2622, 0.302 ,-0.0489],0.1497
1552,[-0.9361, 0.2868,-0.1601,-0.0229],[-0.3289,-1.2718,-0.1004,-0.3638,-1.162 ],[-0.9398, 0.2615,-0.1196,-0.0071],0.2171
1554,[-0.9326, 0.3076,-0.2556,-0.06  ],[ 0.2791,-0.9339,-0.869 ,-0.9759,-2.1401],[-0.9345, 0.3011,-0.2493,-0.046 ],0.1598
1556,[-0.9298, 0.3243,-0.3273,-0.0618],[ 0.381 , 2.2203,-0.624 , 8.2362,-0.1043],[-0.9299, 0.325 ,-0.3243,-0.0464],0.1272
1558,[-0.931 , 0.376 ,-0.4021,-0.0935],[ 0.7786, 9.6858,-0.6576, 1.2084, 0.1092],[-0.9302, 0.379 ,-0.4018,-0.0784],0.0624
1563,[-0.9442,-0.3259, 0.2555,-0.0219],[-0.3185,-0.8901,-0.5989, 0.7209,-0.9126],[-0.9467,-0.3132, 0.2395,-0.0109],0.1194
1565,[-0.9343,-0.3279, 0.3492,-0.0601],[ 1.3773,-0.4994, 2.4411,25.738 ,-0.8015],[-0.9337,-0.3305, 0.3478,-0.0444],0.1021
1567,[-0.9288,-0.3621, 0.4208,-0.0706],[ 0.4986,-0.8367,37.6297, 1.1211, 0.1636],[-0.9265,-0.3668, 0.4226,-0.0582],0.0706
1574,[-0.9263, 0.3916,-0.2596,-0.034 ],[-0.4505,-0.4053,-0.0066, 0.0163,-0.5183],[-0.9306, 0.3806,-0.2664,-0.0203],0.1275
1576,[-0.9246, 0.4012,-0.3418,-0.0518],[-1.5598,-1.1152,-1.5426,-0.2186,-2.3823],[-0.9275, 0.396 ,-0.3238,-0.0366],0.1037
1578,[-0.9296, 0.405 ,-0.4316,-0.0587],[ 0.3219, 1.3911,-0.9345, 2.8449,-1.143 ],[-0.9287, 0.407 ,-0.4295,-0.0431],0.0448
1585,[-0.9266,-0.3962, 0.3648,-0.0554],[-1.9163,-2.6224,-1.8213,-0.7018,-2.9199],[-0.9284,-0.3938, 0.3518,-0.0399],0.0878
1587,[-0.9191,-0.3995, 0.4466,-0.0535],[ 0.1095,-1.037 , 1.5658,10.718 ,-0.6633],[-0.9174,-0.4018, 0.444 ,-0.0391],0.0636
1600,[-9.1919e-01, 3.1938e-03, 5.3695e-04,-1.6375e-01],[-120.2052,-120.8362,-120.9025,-120.2582,-121.953 ],[-0.9199, 0.0024, 0.0021,-0.1548],0.4444
1601,[-0.9185,-0.0302, 0.075 ,-0.1725],[-16.7475,-18.3273,-15.2025,-16.7198,-17.6605],[-0.9189,-0.0383, 0.0809,-0.1684],0.4134
1602,[-0.9161, 0.034 ,-0.0775,-0.1707],[-51.5411,-50.5965,-52.5841,-51.3877,-52.2656],[-0.9165, 0.0416,-0.0829,-0.1708],0.4189
1603,[-0.9186,-0.0304, 0.2066,-0.2301],[-1.7033,-2.3148,-1.4635,-1.552 ,-1.8576],[-0.9157,-0.0617, 0.2563,-0.2244],0.3328
1604,[-0.9163, 0.0506,-0.1698,-0.1567],[-1.5222,-0.8618,-2.4261,-1.9136,-2.3063],[-0.9153, 0.0681,-0.1731,-0.1559],0.362
1610,[-0.9155, 0.0651,-0.0421,-0.1815],[-5.8226e-01,-1.3442e+00, 1.0312e+00, 3.7611e+02,-6.5838e-02],[-0.9164, 0.0611,-0.035 ,-0.1678],0.4387
1611,[-0.9214, 0.0671, 0.0635,-0.1423],[-2.3865,-3.3201,-0.83  ,-2.0278,-2.6066],[-0.922 , 0.0466, 0.0671,-0.126 ],0.4135
1612,[-0.9156, 0.0753,-0.0801,-0.1808],[  1.118 ,  6.1436, -0.5026,389.9528, -0.6979],[-0.9162, 0.0765,-0.0794,-0.1678],0.4094
1614,[-0.9228, 0.131 ,-0.1898,-0.1693],[-0.1669, 3.0951,-2.8034, 0.4808,-2.8036],[-0.9222, 0.1414,-0.1976,-0.1573],0.2982
1620,[-0.918 ,-0.0651, 0.0406,-0.1805],[-49.5724,-49.7801,-50.3231,-49.1383,-50.4762],[-0.9189,-0.0612, 0.0356,-0.1726],0.4299
1621,[-0.9184,-0.0788, 0.0853,-0.1882],[-49.2675,-51.0145,-48.0606,-47.4947,-50.0895],[-0.9191,-0.0802, 0.0838,-0.1791],0.3963
1623,[-0.9278,-0.1381, 0.1903,-0.1836],[-0.0445,-1.4591, 7.8589, 1.3623,-0.8666],[-0.9274,-0.1487, 0.1981,-0.1722],0.2786
1630,[-0.9167, 0.1705,-0.0403,-0.1968],[-0.6327,-1.0948, 0.3414,-0.3702,-0.7931],[-9.1918e-01, 1.4679e-01, 3.8542e-04,-1.8089e-01],0.4098
1632,[-0.9355, 0.184 ,-0.1418,-0.1877],[-4.0712,-3.9561,-4.6942,-3.3915,-4.7759],[-0.9372, 0.1761,-0.1298,-0.1746],0.2609
1634,[-0.9352, 0.2167,-0.2162,-0.1897],[ 0.3784, 1.9163,-0.4022,13.8207, 0.265 ],[-0.9359, 0.218 ,-0.2132,-0.1735],0.2093
1636,[-0.9223, 0.2556,-0.2957,-0.1936],[ 1.1933,14.1967,-0.7672, 1.5426, 0.1096],[-0.9215, 0.2627,-0.3006,-0.18  ],0.1934
1641,[-0.9253,-0.1783, 0.1373,-0.1724],[-3.353 ,-3.9152,-3.2063,-2.5101,-3.9495],[-0.9268,-0.1723, 0.1264,-0.1626],0.3043
1643,[-0.9305,-0.1976, 0.2214,-0.1835],[ 0.5351,-0.066 , 1.838 ,32.2201,-0.4174],[-0.9305,-0.2032, 0.2234,-0.1677],0.2271
1645,[-0.9394,-0.2455, 0.3158,-0.19  ],[ 0.1102,-0.8144,20.7377, 2.2255,-0.786 ],[-0.9375,-0.2587, 0.326 ,-0.1749],0.1341
1654,[-0.9459, 0.3049,-0.2437,-0.1924],[-0.016 , 0.6088,-0.383 , 4.8922,-1.3304],[-0.9487, 0.2954,-0.2256,-0.1775],0.127
1656,[-0.935 , 0.3289,-0.3316,-0.1975],[ 1.021 , 1.603 ,-0.3699,18.7497,-0.4643],[-0.9355, 0.3317,-0.3284,-0.1819],0.1063
1658,[-0.9333, 0.3592,-0.4048,-0.1867],[ 0.9904, 4.1145,-0.4772,12.1224,-0.3309],[-0.9318, 0.3659,-0.4087,-0.1705],0.0632
1665,[-0.9382,-0.3113, 0.3571,-0.1766],[ 0.8791,-0.5626, 1.6358,15.3277,-0.3532],[-0.937 ,-0.3191, 0.3607,-0.1608],0.0932
1667,[-0.9316,-0.3471, 0.4176,-0.1829],[ 0.3665,-0.5277,42.827 , 3.7712,-0.7474],[-0.9291,-0.3555, 0.4221,-0.1684],0.069
1674,[-0.9527, 0.3972,-0.2612,-0.163 ],[-0.2885,-0.9577, 0.2598,-0.889 ,-0.8467],[-0.9586, 0.3731,-0.2196,-0.1466],0.0673
1676,[-0.9372, 0.4109,-0.3395,-0.2133],[-1.9488,-1.8288,-3.5834,-1.2399,-4.0561],[-0.9409, 0.4064,-0.3228,-0.1982],0.0597
1678,[-0.9361, 0.3977,-0.4338,-0.1412],[-0.0947, 1.6748,-1.2524, 1.4647,-1.3161],[-0.9347, 0.4023,-0.4368,-0.1273],0.0274
1685,[-0.9346,-0.3897, 0.376 ,-0.132 ],[-0.553 ,-0.7987,-0.7099,-0.0784,-1.421 ],[-0.9358,-0.3901, 0.3662,-0.1183],0.0622
1687,[-0.9194,-0.3996, 0.455 ,-0.1733],[-0.0828,-1.1932, 2.74  , 4.605 ,-1.5688],[-0.9174,-0.404 , 0.4554,-0.1581],0.054
1700,[-0.9297, 0.0065,-0.004 ,-0.298 ],[-97.0737,-96.5173,-96.5714,-96.3542,-97.686 ],[-0.9309, 0.0057,-0.0034,-0.2874],0.4004
1701,[-0.9345,-0.0263, 0.0854,-0.3017],[-17.6638,-18.2738,-16.9973,-17.2308,-18.5769],[-0.9352,-0.0412, 0.0999,-0.2915],0.3423
1702,[-0.9267, 0.0304,-0.0793,-0.2989],[-26.8975,-26.2127,-27.4165,-26.4442,-27.7575],[-0.9275, 0.0409,-0.0888,-0.2915],0.3798
1703,[-0.9453,-0.0304, 0.1814,-0.3281],[-1.1099,-1.1312,-0.3946,-0.8193,-0.9461],[-0.9443,-0.0665, 0.2027,-0.3123],0.2494
1704,[-0.9227, 0.0484,-0.1751,-0.2793],[-0.0233,-0.1185,-1.1129,-0.1429,-0.4043],[-0.9212, 0.0741,-0.2157,-0.2623],0.3314
1710,[-0.9199, 0.0661,-0.0436,-0.2855],[-26.2274,-27.3539,-26.105 ,-26.0285,-27.4303],[-0.9213, 0.0624,-0.0392,-0.2769],0.4147
1712,[-0.9209, 0.0837,-0.0835,-0.2888],[-80.7109,-80.7863,-81.4038,-80.2588,-81.6169],[-0.9221, 0.0846,-0.0827,-0.2775],0.3813
1714,[-0.9302, 0.1469,-0.1863,-0.322 ],[-0.2862,19.2178,-1.2017, 1.8871,-1.0713],[-0.9305, 0.1568,-0.1941,-0.3079],0.264
1720,[-0.9175,-0.0658, 0.0414,-0.2898],[-27.0635,-26.9133,-28.0586,-26.3999,-28.2007],[-0.9189,-0.062 , 0.0362,-0.2822],0.4311
1721,[-0.9178,-0.0803, 0.0865,-0.2842],[-67.6589,-69.0876,-67.7274,-67.4259,-68.2955],[-0.9189,-0.0821, 0.0852,-0.278 ],0.3955
1723,[-0.9381,-0.1337, 0.1983,-0.3074],[-1.3781,-1.5536, 2.4077, 2.6483,-1.4685],[-0.9377,-0.1502, 0.2125,-0.2937],0.2328
1725,[-0.9356,-0.1536, 0.2791,-0.3406],[-1.0055,-1.2248,-0.4479,-0.1453,-1.0951],[-0.9332,-0.1777, 0.2931,-0.3245],0.2004
1730,[-0.9296, 0.1672,-0.0384,-0.3   ],[-0.7975,-0.7393, 0.5234,-0.7021,-0.7906],[-0.9324, 0.1462,-0.032 ,-0.2851],0.3372
1732,[-0.929 , 0.1853,-0.1408,-0.2922],[-10.3315,-10.0022,-10.0372, -9.6962,-11.1838],[-0.9311, 0.1784,-0.127 ,-0.2811],0.2849
1734,[-0.9363, 0.2117,-0.2181,-0.3125],[ 0.0416, 7.644 , 0.2269,19.0421,-0.7587],[-0.9373, 0.2161,-0.2186,-0.296 ],0.2031
1736,[-0.9318, 0.256 ,-0.3006,-0.3198],[ 0.9819, 4.4102,-0.3169,19.2824,-0.9701],[-0.9311, 0.2668,-0.3095,-0.3036],0.1576
1741,[-0.9401,-0.1749, 0.1625,-0.2962],[-1.0251,-0.8741,-1.3463,-0.6756,-1.2898],[-0.9414,-0.1764, 0.1668,-0.2801],0.2279
1743,[-0.9377,-0.1905, 0.2272,-0.2987],[-0.0972, 0.2912, 1.4512, 7.152 ,-0.355 ],[-0.9377,-0.2008, 0.234 ,-0.2827],0.1992
1745,[-0.9405,-0.2362, 0.3172,-0.3057],[ 0.5603,-0.565 ,19.259 , 1.4312,-0.8206],[-0.9385,-0.2534, 0.3322,-0.2899],0.1308
1747,[-0.9547,-0.2622, 0.3948,-0.2669],[-0.6088,-1.0053,-0.3924,-0.004 ,-0.7745],[-0.9494,-0.2886, 0.4336,-0.2514],0.0393
1754,[-0.9466, 0.2927,-0.2599,-0.2866],[-0.1321, 6.1797,-0.7962, 2.1589,-1.6712],[-0.9488, 0.2903,-0.248 ,-0.2721],0.119
1756,[-0.9366, 0.316 ,-0.3247,-0.3054],[ 0.0811,45.6092,-0.5585, 3.1622,-0.9045],[-0.9372, 0.3217,-0.324 ,-0.2906],0.1079
1758,[-0.9247, 0.3605,-0.3989,-0.3233],[ 6.3417e-01, 2.3543e+01,-1.7857e-02, 1.2643e+00,-4.3410e-01],[-0.9238, 0.3683,-0.4   ,-0.3077],0.0889
1765,[-0.9373,-0.2993, 0.3623,-0.2982],[ 1.1528, 0.1428, 0.6911,15.6431,-0.6552],[-0.9356,-0.3116, 0.3723,-0.2821],0.0956
1767,[-0.9303,-0.3345, 0.4107,-0.2848],[ 0.6415,-1.3327, 1.6304,33.2751,-1.0152],[-0.9277,-0.3454, 0.4195,-0.2678],0.079
1776,[-0.9258, 0.4118,-0.3741,-0.2617],[-2.2741,-1.3013,-3.8111,-0.6711,-3.7029],[-0.9283, 0.413 ,-0.3637,-0.2476],0.0741
1778,[-0.9224, 0.4128,-0.4055,-0.3101],[-0.4908, 1.6755,-1.2497, 2.0368,-2.1036],[-0.9235, 0.4171,-0.4002,-0.296 ],0.0683
1787,[-0.9252,-0.4102, 0.4835,-0.2966],[ 0.4744,-0.506 ,14.7427, 6.0672,-1.2395],[-0.9222,-0.4175, 0.4889,-0.2798],0.0289
1800,[-0.9364, 0.0222,-0.0077,-0.4311],[-10.0106,-10.5144,-10.7665, -9.165 ,-11.5512],[-0.9382, 0.0189,-0.0053,-0.4159],0.3692
1801,[-0.9391,-0.0211, 0.0874,-0.4397],[-3.9082,-4.3931,-1.9812,-2.9153,-4.8152],[-0.9404,-0.0397, 0.104 ,-0.4237],0.3205
1802,[-0.9269, 0.0335,-0.0784,-0.4463],[-3.7257,-2.3783,-4.1989,-3.0468,-4.9742],[-0.9284, 0.0439,-0.0872,-0.4312],0.3761
1803,[-0.9438,-0.0408, 0.1755,-0.4454],[-0.2815,-0.4519, 0.2254,-0.0624,-0.5183],[-0.9435,-0.0742, 0.1954,-0.4289],0.2524
1810,[-0.9354, 0.0762,-0.0354,-0.4361],[-7.64  ,-8.6988,-6.4745,-6.7597,-9.1315],[-0.9375, 0.0678,-0.0272,-0.4206],0.3521
1811,[-0.9388, 0.0641, 0.0648,-0.4883],[-0.2264,-0.4925, 0.3179,-0.2022,-0.4386],[-0.9403, 0.0282, 0.1153,-0.4719],0.3201
1812,[-0.9331, 0.1056,-0.1028,-0.4391],[-25.0265,-24.6848,-25.7325,-24.2366,-27.3059],[-0.9349, 0.1072,-0.1021,-0.4235],0.3133
1814,[-0.9322, 0.15  ,-0.1837,-0.4418],[ 0.5851, 2.381 ,-0.5384,34.3293,-0.1494],[-0.933 , 0.1607,-0.193 ,-0.4253],0.2549
1820,[-0.9209,-0.0714, 0.0357,-0.4254],[-2.8659,-2.2201,-2.7623,-2.0139,-3.469 ],[-0.923 ,-0.0657, 0.0295,-0.4115],0.4135
1821,[-0.9289,-0.0885, 0.1151,-0.4238],[-4.7161,-5.7641,-4.6548,-4.6609,-6.4482],[-0.9302,-0.0968, 0.1216,-0.4104],0.329
1823,[-0.9433,-0.1218, 0.2039,-0.4197],[ 0.202 ,-0.8447, 5.5128, 4.2658,-1.4268],[-0.943 ,-0.1451, 0.2229,-0.4053],0.2122
1832,[-0.9365, 0.1814,-0.1417,-0.4464],[-3.4954,-2.7064,-3.408 ,-1.6198,-4.3805],[-0.9392, 0.1761,-0.131 ,-0.4298],0.2532
1834,[-0.9381, 0.2028,-0.2182,-0.4328],[ 3.977 , 0.3201,-0.7797,37.6135,-1.0479],[-0.9392, 0.211 ,-0.2235,-0.4153],0.1963
1836,[-0.9322, 0.2526,-0.2976,-0.4233],[ 0.525 ,46.8912, 0.3725, 1.3801,-0.6097],[-0.9318, 0.2649,-0.3074,-0.4066],0.1575
1843,[-0.9436,-0.2006, 0.2504,-0.4258],[ 1.0343,-0.3303, 1.867 , 8.705 ,-0.5248],[-0.9435,-0.2169, 0.2637,-0.4097],0.161
1845,[-0.9443,-0.2323, 0.3072,-0.4103],[ 0.7377,-0.6852, 1.5508,11.3271,-0.6713],[-0.9428,-0.2525, 0.3263,-0.3931],0.1205
1856,[-0.9295, 0.3078,-0.3379,-0.4226],[ 0.5025, 1.1607,-0.4718,24.5363,-1.1983],[-0.9294, 0.3174,-0.3431,-0.4056],0.125
1858,[-0.9206, 0.3533,-0.4056,-0.4267],[ 1.2104,40.9646,-0.3285, 1.0388,-0.5346],[-0.9192, 0.3633,-0.4117,-0.411 ],0.0989
1865,[-0.94  ,-0.2947, 0.3626,-0.4224],[ 1.4093, 0.7878, 0.5603, 7.5834,-0.8281],[-0.9381,-0.3112, 0.3786,-0.4049],0.0862
1867,[-0.9419,-0.3436, 0.4081,-0.4003],[ 0.8609,-0.516 , 2.1447,28.1777,-0.5263],[-0.9396,-0.358 , 0.4241,-0.3827],0.0398
1878,[-0.9155, 0.3997,-0.4221,-0.3905],[-1.175 , 0.0294,-2.4827, 0.0392,-3.8247],[-0.9153, 0.4065,-0.4213,-0.379 ],0.0853
1900,[-0.9262, 0.0122,-0.0163,-0.5949],[-110.7893,-111.0376,-111.1121,-110.4962,-112.2987],[-0.9287, 0.0132,-0.0178,-0.5778],0.4095
1901,[-0.93  ,-0.018 , 0.0856,-0.5542],[-1.7031,-2.7762,-0.0951,-0.3992,-3.2691],[-0.9318,-0.0352, 0.0996,-0.5374],0.3602
1902,[-0.9193, 0.0351,-0.0774,-0.6483],[ -9.3722, -8.9284,-10.9508, -8.208 ,-11.7534],[-0.9217, 0.0447,-0.0843,-0.6306],0.4067
1910,[-0.9289, 0.0754,-0.0376,-0.5691],[-39.2298,-39.259 ,-38.5371,-38.9105,-40.4554],[-0.9316, 0.0682,-0.0289,-0.552 ],0.3764
1912,[-0.9261, 0.0999,-0.1019,-0.5976],[-363.6506,-363.5711,-363.4133,-362.716 ,-364.682 ],[-0.9285, 0.1034,-0.1036,-0.5803],0.3406
1914,[-0.9312, 0.1427,-0.1872,-0.5617],[  0.8974,111.0568,  0.1506,  0.1728, -0.9197],[-0.9323, 0.1565,-0.1989,-0.5451],0.2567
1920,[-0.9194,-0.071 , 0.0232,-0.6276],[-52.238 ,-52.4832,-52.5394,-52.0277,-52.76  ],[-0.9223,-0.0621, 0.0096,-0.6099],0.4273
1921,[-0.9226,-0.0916, 0.099 ,-0.5698],[-39.626 ,-39.4721,-40.1428,-39.2431,-41.0099],[-0.9249,-0.0961, 0.1004,-0.5537],0.361
1923,[-0.9442,-0.1254, 0.1951,-0.5441],[ 1.1843,-0.3626, 4.9344,12.6932,-0.9861],[-0.9446,-0.1486, 0.2137,-0.5267],0.2087
1932,[-0.9254, 0.1797,-0.1449,-0.5705],[-20.5004,-19.8517,-21.6064,-18.999 ,-21.708 ],[-0.9285, 0.1769,-0.1359,-0.5532],0.2911
1934,[-0.9295, 0.1913,-0.2022,-0.5638],[-30.3234,-31.6914,-32.8235,-30.5296,-34.0287],[-0.9313, 0.1991,-0.2059,-0.5467],0.2377
1936,[-0.931 , 0.2432,-0.3   ,-0.5342],[ 0.3907,83.5186, 0.2635, 1.2244,-0.3904],[-0.9305, 0.2589,-0.3136,-0.5171],0.1624
1943,[-0.9437,-0.1847, 0.2419,-0.5178],[ 0.2844,-0.7972,-0.1453, 0.1222,-2.9134],[-0.9438,-0.2044, 0.2572,-0.5016],0.1691
1945,[-0.951 ,-0.2259, 0.2982,-0.5016],[ 0.9206,-0.4389,13.3423, 2.317 ,-0.3273],[-0.95  ,-0.2499, 0.3185,-0.4859],0.1026
1956,[-0.9287, 0.2987,-0.3532,-0.5198],[-1.1663,-1.6162,-2.1039,-0.8162,-3.5558],[-0.9277, 0.3125,-0.3648,-0.5031],0.1223
2000,[-0.8714, 0.043 ,-0.0291, 0.527 ],[-2.0456,-2.2445,-2.5164,-2.6406,-1.1454],[-0.8691, 0.0403,-0.019 , 0.5331],0.2691
2100,[-0.9012,-0.0187, 0.0255, 0.3915],[-156.7141,-156.7355,-156.9467,-156.8823,-155.671 ],[-0.8995,-0.0192, 0.0253, 0.3857],0.3937
2101,[-0.9034,-0.0428, 0.0687, 0.3915],[-66.9001,-67.1901,-66.4769,-67.2441,-66.2484],[-0.9015,-0.045 , 0.0689, 0.3882],0.3796
2102,[-0.8937, 0.0366,-0.0658, 0.4026],[-12.6557,-11.9595,-13.5512,-13.1174,-11.9609],[-0.8917, 0.0392,-0.0675, 0.4072],0.3404
2121,[-0.8955,-0.0606, 0.0863, 0.3943],[-39.4472,-40.4272,-39.4457,-40.5747,-39.0499],[-0.8936,-0.0622, 0.0853, 0.3883],0.3311
2200,[-0.9041, 0.0102,-0.0044, 0.2844],[-607.2974,-607.1367,-606.9665,-608.1744,-606.5909],[-0.9029, 0.0092,-0.0029, 0.2795],0.4091
2201,[-0.9028,-0.0365, 0.0705, 0.2968],[-179.5902,-180.5951,-177.8287,-180.1093,-178.7154],[-0.9013,-0.04  , 0.0717, 0.2896],0.3797
2202,[-0.9029, 0.0418,-0.0657, 0.2758],[-94.8623,-94.035 ,-94.9238,-95.1879,-94.9082],[-0.9015, 0.0442,-0.0669, 0.272 ],0.381
2210,[-0.9053, 0.0636,-0.0404, 0.267 ],[-5.2299,-5.4782,-4.5038,-6.2769,-4.7622],[-0.9043, 0.0597,-0.0368, 0.2649],0.3999
2212,[-0.8995, 0.0675,-0.0838, 0.2725],[-24.6501,-24.3264,-25.258 ,-25.5405,-24.5466],[-0.8982, 0.0682,-0.0815, 0.2667],0.3492
2214,[-0.8781, 0.113 ,-0.1669, 0.261 ],[-0.8361, 1.6067,-1.8207,-1.3423, 0.3189],[-0.8761, 0.1174,-0.1744, 0.2467],0.201
2220,[-0.902 ,-0.063 , 0.0406, 0.2858],[-20.6194,-20.4543,-20.8581,-21.3918,-20.1587],[-0.9009,-0.0591, 0.0352, 0.2765],0.3863
2221,[-0.8962,-0.0675, 0.0897, 0.2935],[-139.9906,-140.9425,-139.2666,-140.4668,-139.5269],[-0.8948,-0.0689, 0.0881, 0.2841],0.3317
2223,[-0.8835,-0.09  , 0.1727, 0.2796],[-5.8218,-6.9478,-4.1579,-6.3514,-5.1359],[-0.8811,-0.0973, 0.1764, 0.267 ],0.2285
2232,[-0.9096, 0.191 ,-0.1448, 0.2587],[-0.091 ,-0.4291, 0.0087,-0.968 , 2.6415],[-0.9098, 0.1815,-0.1225, 0.2444],0.3238
2234,[-0.9103, 0.1899,-0.1708, 0.2572],[ 0.2683, 4.6918,-1.2199,-0.1086, 2.9087],[-0.91  , 0.1841,-0.1539, 0.2573],0.3082
2236,[-0.8994, 0.2356,-0.306 , 0.2568],[ 0.3224, 3.5702,-1.593 ,-0.3164, 3.6812],[-0.8967, 0.2384,-0.3005, 0.2524],0.1649
2241,[-0.9101,-0.18  , 0.1246, 0.2679],[ 0.6641, 0.4516,-0.4133,-0.2167,17.2192],[-0.9102,-0.1691, 0.1001, 0.2537],0.3428
2243,[-0.9097,-0.2168, 0.2092, 0.2885],[ 0.1933,-0.7448, 2.1917, 0.4041, 6.9076],[-0.9091,-0.2118, 0.1935, 0.2755],0.2723
2245,[-0.9102,-0.2498, 0.2843, 0.2562],[-0.4101,-1.2684, 1.7376,-1.1838, 2.7992],[-0.9086,-0.2494, 0.2758, 0.2622],0.2121
2300,[-0.9036, 0.0199,-0.0132, 0.1852],[-172.1049,-171.8704,-170.5851,-172.9051,-168.5162],[-0.9028, 0.0188,-0.0118, 0.1764],0.4073
2301,[-0.9002,-0.0355, 0.0706, 0.1843],[-89.6491,-90.2727,-87.9683,-90.631 ,-88.9473],[-0.8992,-0.0395, 0.0723, 0.1744],0.3704
2302,[-0.9033, 0.0445,-0.0665, 0.1811],[-68.0515,-66.907 ,-68.596 ,-68.963 ,-67.1498],[-0.9024, 0.0468,-0.0672, 0.1751],0.3836
2304,[-0.8952, 0.0424,-0.1779, 0.2269],[-4.2038,-4.7047,-5.2805,-4.7532,-4.5442],[-0.8926, 0.0558,-0.177 , 0.2136],0.2879
2310,[-0.905 , 0.0659,-0.0436, 0.1564],[-0.5301,-1.0455,58.2292,-1.3642, 4.7201],[-0.9045, 0.0628,-0.0434, 0.1531],0.396
2312,[-0.9022, 0.0731,-0.0863, 0.1663],[ -9.763 , -9.0258,-10.9946,-10.8837, -7.8132],[-0.9014, 0.0739,-0.0838, 0.1581],0.3587
2314,[-0.8992, 0.133 ,-0.1788, 0.1639],[-0.4412, 5.4029,-1.7406,-1.1021, 2.6005],[-0.8978, 0.1367,-0.1772, 0.1648],0.2722
2320,[-0.9049,-0.0645, 0.042 , 0.1693],[-18.459 ,-17.4788,-18.9051,-19.6127,-17.893 ],[-0.9043,-0.0609, 0.0382, 0.1641],0.3987
2321,[-0.8964,-0.0734, 0.0881, 0.1728],[-135.5573,-136.2262,-134.8282,-136.2645,-134.7209],[-0.8955,-0.0742, 0.086 , 0.1645],0.3335
2323,[-0.8868,-0.1247, 0.1769, 0.1676],[ -9.6907,-10.4374, -8.131 ,-10.5165, -8.0581],[-0.8853,-0.1288, 0.1774, 0.1594],0.2294
2332,[-0.9022, 0.1853,-0.1342, 0.1634],[ 7.5554, 0.4516, 1.2293,-0.1079, 3.082 ],[-0.9026, 0.177 ,-0.1178, 0.1664],0.2998
2334,[-0.9031, 0.2023,-0.1944, 0.1595],[ 1.045 ,24.0422,-0.728 , 2.548 , 1.6003],[-0.9029, 0.1989,-0.1812, 0.1649],0.2611
2336,[-0.9003, 0.2331,-0.3008, 0.2365],[-0.1172,17.5257,-1.3047, 0.3832, 0.4058],[-0.8978, 0.2361,-0.2956, 0.2327],0.1719
2340,[-0.9063,-0.1714, 0.0516, 0.1284],[-6.5308,-6.0136,-7.2322,-6.9205,-6.6105],[-0.9075,-0.1516, 0.0134, 0.1134],0.3812
2341,[-0.9027,-0.1974, 0.1346, 0.1544],[ 1.9028, 2.9456, 0.1283,-0.8941,27.1612],[-0.9036,-0.1873, 0.1131, 0.1485],0.3011
2343,[-0.9011,-0.2157, 0.1991, 0.1561],[ 1.4463,-0.1383,13.8123, 0.2296, 1.0567],[-0.9012,-0.2114, 0.1842, 0.1609],0.248
2352,[-0.9071, 0.301 ,-0.1302, 0.1648],[-1.3753,-1.8906, 0.7485,-1.2745,-0.9264],[-0.911 , 0.2765,-0.0855, 0.1783],0.3007
2354,[-0.8993, 0.3311,-0.2337, 0.1394],[1.706 ,0.2262,0.5959,1.3544,5.2136],[-0.9024, 0.3193,-0.2063, 0.1437],0.191
2356,[-0.8882, 0.3678,-0.2846, 0.1314],[ 0.7406,11.967 ,-0.4335, 2.2522, 1.1543],[-0.8914, 0.3596,-0.2606, 0.1412],0.1114
2361,[-0.8993,-0.3039, 0.1371, 0.1712],[-1.1723, 5.8484,-2.3947,-1.1267,-1.068 ],[-0.9032,-0.2833, 0.1072, 0.1576],0.2576
2363,[-0.8984,-0.3338, 0.2308, 0.1768],[48.6543, 1.9897, 1.8961, 3.9822, 3.4147],[-0.9015,-0.3211, 0.2023, 0.1827],0.1896
2365,[-0.8948,-0.3659, 0.3109, 0.1608],[ 1.8348,-0.0631,21.2587, 1.4003, 0.1459],[-0.8969,-0.3592, 0.291 , 0.174 ],0.1164
2385,[-0.8992,-0.3937, 0.3424, 0.1401],[1.1363e+00,1.5978e-02,2.2134e+00,2.5914e+01,1.8731e+00],[-0.901 ,-0.3887, 0.336 , 0.1544],0.0931
2387,[-0.9054,-0.3963, 0.4006, 0.1274],[ 9.3756e-01,-8.0504e-01, 5.3881e+01, 3.9206e+00, 3.9327e-02],[-0.9054,-0.3941, 0.3885, 0.1393],0.0785
2400,[-0.9002, 0.0117,-0.009 , 0.0653],[ 3.7979e-01, 2.4687e+00, 4.7468e+00,-2.4525e+00, 5.1204e+02],[-0.9   , 0.0113,-0.0091, 0.0509],0.396
2401,[-0.8986,-0.0357, 0.073 , 0.0591],[-40.8281,-42.291 ,-38.629 ,-41.6141,-39.7039],[-0.8982,-0.0403, 0.075 , 0.048 ],0.3643
2402,[-0.8996, 0.0436,-0.0683, 0.0628],[-75.7604,-73.3448,-76.0171,-76.5075,-74.1624],[-0.8992, 0.0466,-0.07  , 0.0521],0.3682
2410,[-0.9018, 0.0655,-0.045 , 0.0604],[-1.4974e-01,-7.9743e-01, 1.6761e+02,-1.1274e+00, 3.2085e+00],[-0.9017, 0.0628,-0.045 , 0.0533],0.3835
2412,[-0.9008, 0.075 ,-0.0855, 0.0626],[ 0.1948,87.0185, 0.5263, 0.2258,17.5427],[-0.9005, 0.0757,-0.0825, 0.0561],0.3548
2414,[-0.9008, 0.1412,-0.1831, 0.0529],[ 1.3484, 8.3271,-2.3835,-1.4695, 6.7879],[-0.8998, 0.1455,-0.1838, 0.0484],0.2728
2420,[-0.9009,-0.0632, 0.0432, 0.0453],[-13.8552,-13.338 ,-14.5756,-14.4881,-11.8997],[-0.9009,-0.0599, 0.0368, 0.0373],0.3844
2421,[-0.8995,-0.0754, 0.0889, 0.0489],[-5.2412,-7.6124,-3.7855,-7.0391,-3.9002],[-0.8992,-0.0765, 0.0864, 0.0407],0.3477
2422,[-0.9044,-0.0678,-0.082 , 0.042 ],[-10.5113, -9.4783,-10.8829,-10.3351, -9.4075],[-0.9037,-0.044 ,-0.1237, 0.0266],0.3632
2423,[-0.8968,-0.1361, 0.1834, 0.0476],[-0.6727,-4.3222, 3.4596,-3.1523, 1.7978],[-0.8958,-0.1409, 0.1847, 0.0402],0.26
2430,[-0.8938, 0.1784,-0.0414, 0.0527],[-3.0111,-3.1168,-2.104 ,-3.3843,-2.8374],[-0.8954, 0.1624,-0.0347, 0.0412],0.3162
2432,[-0.8989, 0.1867,-0.1329, 0.0702],[ 1.9301, 0.575 , 0.9665, 1.1507,44.0703],[-0.8998, 0.1784,-0.1135, 0.064 ],0.2902
2434,[-0.899 , 0.2056,-0.2179, 0.0519],[ -0.1163,114.944 , -0.6233,  1.3497,  1.0586],[-0.8987, 0.2056,-0.2104, 0.0585],0.2289
2436,[-0.8937, 0.2444,-0.2915, 0.0328],[ 0.5803,15.4829,-0.5495,-0.2144, 0.5367],[-0.8922, 0.2476,-0.2894, 0.0403],0.1517
2440,[-0.9068,-0.1752, 0.0419, 0.0426],[-7.8263,-7.0765,-9.0633,-8.0959,-7.854 ],[-0.9084,-0.158 , 0.0366, 0.0271],0.371
2441,[-0.9008,-0.1868, 0.1351, 0.0704],[ 1.0351, 0.7562, 0.4458, 0.3608,31.177 ],[-0.9018,-0.1787, 0.1178, 0.0637],0.2957
2443,[-0.9023,-0.1969, 0.21  , 0.0546],[ 0.3503,-0.6738,42.4156, 2.0595, 3.6459],[-0.902 ,-0.1971, 0.2029, 0.0608],0.2481
2445,[-0.8958,-0.2422, 0.2924, 0.0683],[-0.233 ,-1.1782,12.1812, 0.0868, 1.7867],[-0.8942,-0.2454, 0.2894, 0.0771],0.1587
2452,[-0.909 , 0.2876,-0.1547, 0.0915],[-1.8726,-2.6429,-0.3289,-1.275 ,-1.3189],[-0.9119, 0.2733,-0.1575, 0.078 ],0.2705
2454,[-0.9057, 0.3033,-0.2451, 0.0595],[2.1115,1.2063,0.0038,1.3259,1.5309],[-0.9076, 0.2956,-0.2265, 0.0679],0.2105
2456,[-0.898 , 0.3457,-0.3246, 0.0607],[ 0.1814,13.6711,-0.2303, 0.2185, 0.8648],[-0.8989, 0.3427,-0.3129, 0.073 ],0.1198
2461,[-0.8906,-0.2884, 0.1599, 0.0637],[-2.8791,-0.3081,-3.6331,-2.1034,-2.4619],[-0.8935,-0.277 , 0.1643, 0.079 ],0.1979
2463,[-0.9014,-0.3213, 0.2365, 0.0645],[ 2.7277, 3.3479, 1.8703,19.0093, 0.5206],[-0.9043,-0.311 , 0.2117, 0.0777],0.1989
2465,[-0.9028,-0.3501, 0.3351, 0.0557],[ 0.3127,-0.3653,20.5058, 1.7553, 0.4646],[-0.9036,-0.3473, 0.3215, 0.0675],0.1275
2467,[-0.8884,-0.3712, 0.4132, 0.0399],[ 0.1869,-1.9569, 1.9734, 2.3494,-0.3445],[-0.8869,-0.372 , 0.4069, 0.0505],0.0309
2476,[-0.8975, 0.3901,-0.3822, 0.037 ],[-0.0294, 0.9576,-0.3278, 0.264 ,-0.3457],[-0.8981, 0.3885,-0.3706, 0.0516],0.0699
2478,[-0.8845, 0.391 ,-0.4057, 0.02  ],[ 1.1058, 2.7871,-0.9921, 3.586 , 0.0208],[-0.8842, 0.3908,-0.3967, 0.0347],0.0192
2485,[-0.8988,-0.4052, 0.3583, 0.0637],[ 1.0364,-0.1336, 1.9973,13.8444,-0.1688],[-0.9011,-0.4009, 0.3409, 0.0772],0.0859
2487,[-0.8973,-0.4118, 0.4224, 0.0433],[ 0.3232,-0.7257,38.955 , 3.9055, 0.2642],[-0.8972,-0.411 , 0.4119, 0.0547],0.0383
2500,[-0.9012, 0.0009,-0.0047,-0.0747],[1.4383e+00,3.4469e+00,2.8125e+00,3.9210e-01,1.6487e+03],[-0.9016, 0.0014,-0.005 ,-0.0864],0.404
2501,[-0.9012,-0.0346, 0.0683,-0.0673],[-4.5448e-01,-1.7018e+00, 5.2290e+02, 4.3924e-01, 1.5257e+00],[-0.9013,-0.0391, 0.0697,-0.071 ],0.3809
2502,[-0.9004, 0.0358,-0.0675,-0.0682],[-0.7043,11.235 ,-1.8847,-1.7109, 7.0785],[-0.9006, 0.04  ,-0.0686,-0.0741],0.3781
2510,[-0.901 , 0.0633,-0.0475,-0.0652],[3.8559e-01,2.4236e-01,4.6953e+02,6.7313e-01,8.9099e-01],[-0.9014, 0.0616,-0.0483,-0.0738],0.3812
2512,[-0.9   , 0.0687,-0.077 ,-0.0667],[1.6406e+00,2.3899e+00,1.3146e-01,8.9931e-01,6.5344e+02],[-0.9003, 0.0698,-0.0767,-0.0805],0.3594
2514,[-0.9013, 0.1403,-0.1881,-0.0633],[ 0.9957,13.9213,-1.457 ,-0.5246,-0.3684],[-0.9006, 0.1462,-0.1903,-0.0637],0.2728
2520,[-0.9006,-0.0639, 0.0442,-0.0686],[  0.1922,134.1141,  0.8472,  0.9814,  2.7362],[-0.901 ,-0.0616, 0.0437,-0.0708],0.381
2521,[-0.8995,-0.0745, 0.083 ,-0.0654],[1.1857e+00,2.7354e-01,6.4905e+02,1.2332e+00,4.2435e-01],[-0.8997,-0.0754, 0.0805,-0.0716],0.3527
2523,[-0.8905,-0.1423, 0.1866,-0.0512],[-2.2554,-5.8761,-2.9331,-4.8418,-2.9204],[-0.8898,-0.1472, 0.1879,-0.0579],0.2334
2530,[-0.8842, 0.1756,-0.0364,-0.0404],[-2.2637,-2.8887,-1.5325,-2.9238,-2.3545],[-0.8861, 0.1618,-0.0392,-0.0453],0.2785
2532,[-0.8992, 0.1785,-0.1422,-0.0687],[ 9.5919, 0.1598,-0.3449, 1.2233, 1.8576],[-0.9004, 0.1731,-0.1268,-0.0713],0.289
2534,[-0.8999, 0.1878,-0.2157,-0.0506],[ 2.0019,79.5502,-0.1004, 3.0449, 0.3885],[-0.8995, 0.1907,-0.213 ,-0.0487],0.2372
2536,[-0.8939, 0.2362,-0.2996,-0.0577],[-0.1432,15.9812,-0.7884, 3.0901,-0.4684],[-0.8921, 0.2418,-0.3014,-0.0473],0.1489
2540,[-0.8909,-0.179 , 0.0491,-0.0971],[-4.9287,-3.9549,-5.4899,-4.541 ,-4.8211],[-0.8931,-0.1636, 0.0336,-0.087 ],0.3059
2541,[-0.8945,-0.1825, 0.1307,-0.0887],[22.2305, 0.5877, 0.6501, 0.4217, 1.1223],[-0.8961,-0.1756, 0.1137,-0.085 ],0.2772
2543,[-0.894 ,-0.1926, 0.2143,-0.0608],[8.7547e-01,3.8013e-02,4.1999e+01,8.8564e-02,8.0846e-01],[-0.8938,-0.1946, 0.2101,-0.0628],0.217
2545,[-0.8976,-0.248 , 0.3036,-0.0705],[ 0.4578,-1.5532,11.016 ,-0.2228, 0.9055],[-0.896 ,-0.253 , 0.3044,-0.0592],0.156
2554,[-0.9059, 0.3063,-0.2637,-0.0726],[ 1.0333, 1.3504,-0.0654, 2.7007, 0.7789],[-0.9077, 0.3027,-0.2559,-0.0655],0.1931
2556,[-0.8983, 0.3283,-0.3336,-0.0602],[ 5.8611, 2.3899,-0.998 , 4.8784, 0.4845],[-0.8985, 0.3287,-0.3273,-0.0476],0.1175
2558,[-0.8945, 0.3703,-0.4178,-0.0724],[ 2.2597, 0.7007,-1.8662, 6.5141,-0.121 ],[-0.8927, 0.3729,-0.4165,-0.0569],0.0406
2563,[-0.8923,-0.3062, 0.2615,-0.0134],[1.2972,0.5406,1.425 ,4.4952,1.2304],[-0.8942,-0.3015, 0.2426,-0.0052],0.1575
2565,[-0.9035,-0.3281, 0.3458,-0.0413],[ 0.9239,-0.3403,16.0501, 0.6432, 0.0816],[-0.9032,-0.329 , 0.3373,-0.0285],0.1278
2567,[-0.8967,-0.3624, 0.4194,-0.0651],[ 4.257 ,-1.2032, 3.3911, 2.67  ,-1.4564],[-0.8947,-0.3653, 0.4166,-0.0507],0.0492
2576,[-0.9075, 0.4221,-0.3595,-0.1021],[ 0.0519, 1.5229,-0.0726, 0.7743,-0.2632],[-0.9108, 0.4191,-0.3425,-0.0871],0.1047
2578,[-0.9008, 0.39  ,-0.4129,-0.0231],[ 0.5869, 2.5199,-1.0321, 1.5506,-0.8064],[-0.9002, 0.3907,-0.4068,-0.0079],0.0578
2585,[-0.8978,-0.4019, 0.3796,-0.0187],[ 0.6727,-0.3312, 1.0621, 2.5917,-0.5453],[-0.8993,-0.4003, 0.3659,-0.0056],0.0689
2587,[-0.8975,-0.4116, 0.4477,-0.0539],[ 0.3388,-0.8252,20.3187, 1.3929,-0.2114],[-0.8963,-0.4129, 0.4419,-0.0405],0.0204
2589,[-0.8948,-0.4577, 0.5044,-0.1064],[-2.7212e-03,-1.5826e+00, 9.2486e+00, 6.5060e+00,-3.2651e-01],[-0.893 ,-0.4593, 0.5004,-0.0903],-0.0354
2600,[-0.9027,-0.001 ,-0.0042,-0.1426],[  1.2604,  4.0249,  2.2695,887.6092,  2.3537],[-9.0332e-01,-2.9429e-04,-4.6697e-03,-1.3758e-01],0.4125
2601,[-0.903 ,-0.0368, 0.0681,-0.1643],[ 1.8532e-01,-2.4637e-01, 4.9335e+02, 6.1948e-01,-2.5763e-02],[-0.9035,-0.0414, 0.0701,-0.1735],0.3896
2602,[-0.9012, 0.037 ,-0.0686,-0.1675],[ 1.1133e+00, 3.5964e+02,-9.5428e-01,-4.4499e-01,-1.5505e-01],[-0.9017, 0.0416,-0.0705,-0.177 ],0.3815
2610,[-0.903 , 0.0651,-0.048 ,-0.1912],[1.0878e+00,6.8415e-02,1.0431e+03,9.2086e-01,1.0782e+00],[-0.904 , 0.0635,-0.0484,-0.194 ],0.3915
2612,[-0.9025, 0.0733,-0.0785,-0.1896],[ 1.0779e+00, 2.6882e+03,-1.0450e-01, 4.5887e+00, 8.8184e-01],[-0.9033, 0.0743,-0.0768,-0.1961],0.3703
2614,[-0.8994, 0.1414,-0.1834,-0.1805],[ 0.3467,60.3905,-1.8126, 2.1437, 1.062 ],[-0.8993, 0.1473,-0.1851,-0.185 ],0.2697
2620,[-0.9009,-0.0675, 0.0415,-0.168 ],[2.1437e-01,1.9134e+00,1.1185e-02,2.3084e+02,5.1181e-01],[-0.9018,-0.0638, 0.0355,-0.1591],0.387
2621,[-0.9018,-0.0793, 0.0837,-0.1775],[ 4.6163e+02,-9.9672e-02, 2.2953e+00, 3.7980e+00, 1.9082e+00],[-0.9026,-0.0801, 0.0807,-0.1832],0.3624
2622,[-0.8966,-0.0598,-0.0602,-0.181 ],[-5.0573,-4.5439,-5.7058,-4.9876,-4.9416],[-0.8971,-0.0426,-0.0823,-0.1645],0.3551
2623,[-0.9007,-0.1418, 0.1811,-0.2053],[ 0.4106,-1.186 ,49.3207,-0.1549, 0.4984],[-0.9007,-0.1478, 0.1826,-0.2089],0.2761
2625,[-0.9031,-0.1616, 0.282 ,-0.1703],[-1.0335,-0.9438,-0.9204,-0.9815,-0.8976],[-0.9004,-0.1755, 0.2886,-0.1572],0.2119
2630,[-0.8935, 0.1737,-0.0412,-0.1686],[-1.26  ,-1.7052,-0.455 ,-0.7938,-1.1147],[-0.8958, 0.1597,-0.0449,-0.1524],0.3138
2632,[-0.8986, 0.181 ,-0.1373,-0.1866],[ 1.365 , 1.0567,-0.6801,10.0607, 0.245 ],[-0.9004, 0.1752,-0.1203,-0.1802],0.2912
2634,[-0.8944, 0.1914,-0.2138,-0.195 ],[ 2.5972,89.6185,-0.6096, 1.1979, 3.6057],[-0.8947, 0.1947,-0.2103,-0.1994],0.2202
2636,[-0.9016, 0.2356,-0.2936,-0.1846],[-0.6296,17.4518,-1.2943, 0.1602,-0.4481],[-0.9003, 0.2428,-0.2979,-0.1751],0.1765
2640,[-0.8882,-0.1954, 0.036 ,-0.1623],[-2.5743,-1.4903,-3.0441,-2.1038,-2.8072],[-0.8912,-0.1786, 0.0314,-0.166 ],0.2933
2641,[-0.8896,-0.1843, 0.1395,-0.1774],[ 9.5814,-1.9715,-1.2058, 0.2226,-0.279 ],[-0.8914,-0.1789, 0.1237,-0.1738],0.2534
2643,[-0.8926,-0.1957, 0.206 ,-0.1929],[  1.5805,  0.3388,158.8575,  1.2025,  0.4631],[-0.8931,-0.1977, 0.202 ,-0.1877],0.2169
2645,[-0.9022,-0.2257, 0.3053,-0.1647],[ 1.2324,-1.6896, 6.6854, 1.0859,-1.1682],[-0.9001,-0.2345, 0.3105,-0.1525],0.1734
2654,[-0.9074, 0.2835,-0.2582,-0.1551],[ 1.4934, 2.0438,-0.6055, 1.0036, 0.0947],[-0.9087, 0.2823,-0.2545,-0.1453],0.207
2656,[-0.9031, 0.3196,-0.3484,-0.1746],[ 1.3588,14.0076,-0.2958, 2.2943,-0.7224],[-0.9026, 0.3233,-0.3475,-0.1605],0.1233
2658,[-0.904 , 0.3546,-0.4178,-0.1803],[-0.2251, 6.4364,-0.4803,-0.0912,-0.879 ],[-0.9017, 0.3599,-0.421 ,-0.1651],0.0691
2665,[-0.9042,-0.2933, 0.3675,-0.168 ],[ 1.2061,-0.0731, 7.2251, 1.0069, 0.1554],[-0.9017,-0.3003, 0.372 ,-0.1561],0.12
2667,[-0.9031,-0.355 , 0.4203,-0.1695],[ 0.7876,-1.378 , 0.9477, 7.1361,-1.8508],[-0.9008,-0.3602, 0.4217,-0.1541],0.0656
2676,[-0.9035, 0.4244,-0.3814,-0.1261],[ 1.4668, 0.5427,-0.3635, 0.8949,-0.5968],[-0.906 , 0.4233,-0.3675,-0.1099],0.0764
2678,[-0.8993, 0.4179,-0.4212,-0.1926],[-0.425 , 3.2583,-0.7713, 3.5094,-0.5997],[-0.8997, 0.42  ,-0.4138,-0.1776],0.0388
2687,[-0.9066,-0.3998, 0.455 ,-0.1377],[-0.153 ,-0.7621, 4.7221, 2.7127,-1.1601],[-0.9044,-0.4033, 0.4557,-0.1224],0.0396
2689,[-0.9042,-0.4479, 0.5081,-0.172 ],[ 0.9544,-0.9418, 0.1103,32.8809,-1.44  ],[-0.9017,-0.4508, 0.5085,-0.1555],-0.0144
2700,[-8.9857e-01,-1.6712e-02,-3.4224e-04,-3.0994e-01],[ 2.4264, 1.766 ,49.4922, 3.4403, 2.1876],[-0.8999,-0.014 ,-0.0056,-0.3003],0.3954
2701,[-0.9014,-0.0489, 0.0803,-0.2861],[-4.6697,-6.1971,-4.7146,-4.134 ,-5.24  ],[-0.9023,-0.0541, 0.0834,-0.2864],0.3722
2702,[-0.8996, 0.0325,-0.0835,-0.2984],[-14.1529,-12.2974,-14.5083,-13.9374,-14.2567],[-0.9005, 0.0403,-0.0895,-0.2934],0.3675
2710,[-0.9013, 0.067 ,-0.0479,-0.2777],[  1.0404,  5.2905,226.7965,  2.8807,  0.7526],[-0.9027, 0.0654,-0.0488,-0.2784],0.3847
2712,[-0.903 , 0.075 ,-0.0767,-0.2718],[  1.4162,  4.3917,  0.8371,395.6701,  2.1036],[-0.9041, 0.0758,-0.0754,-0.2652],0.3736
2714,[-0.9013, 0.1445,-0.1784,-0.2635],[ 0.7798, 1.5041,-2.6021, 3.7663,-1.6046],[-0.9017, 0.1501,-0.1796,-0.2615],0.2799
2720,[-0.8942,-0.0706, 0.0443,-0.3002],[ 1.0525,96.4635,-0.189 , 1.0934, 0.6079],[-0.8957,-0.068 , 0.0438,-0.2915],0.3559
2721,[-0.8942,-0.0894, 0.0884,-0.2988],[  0.94  ,  0.7756,166.8553,  1.4044,  1.195 ],[-0.8955,-0.0898, 0.0846,-0.2945],0.3279
2723,[-0.8887,-0.153 , 0.1796,-0.2984],[ 1.8953,-0.7656,25.8626, 0.6809,-0.6948],[-0.8893,-0.1578, 0.182 ,-0.2923],0.2299
2732,[-0.8953, 0.1821,-0.1394,-0.2941],[-0.4789, 0.4787,-0.8466, 3.8797, 0.363 ],[-0.8975, 0.1771,-0.123 ,-0.2857],0.2778
2734,[-0.8996, 0.2064,-0.2123,-0.2823],[ 1.8984,50.1417,-0.1342, 1.3257, 0.4518],[-0.9006, 0.2087,-0.2069,-0.2864],0.236
2736,[-0.9062, 0.2569,-0.305 ,-0.2979],[ 1.5785, 2.9505,-1.8174, 2.1451,-1.0547],[-0.9055, 0.2644,-0.3066,-0.2912],0.1795
2741,[-0.8883,-0.1716, 0.1495,-0.2652],[-0.1115,-1.0127,-0.0259, 0.9314,-0.5465],[-0.89  ,-0.1696, 0.1387,-0.2657],0.2446
2743,[-0.8886,-0.1873, 0.2059,-0.2785],[ 0.9447, 0.4737, 5.1716,37.0415, 0.608 ],[-0.8892,-0.191 , 0.2062,-0.2665],0.2043
2756,[-0.9047, 0.3072,-0.3581,-0.2811],[ 4.6247e-02, 3.0804e+00,-4.5477e-01, 6.5113e+00,-4.3100e-03],[-0.9034, 0.3142,-0.3621,-0.2646],0.1226
2758,[-0.9072, 0.3768,-0.4287,-0.3325],[-0.3535, 1.6224,-1.1011, 3.3908,-0.6235],[-0.9056, 0.3835,-0.4302,-0.3168],0.0643
2778,[-0.9022, 0.3979,-0.4337,-0.2758],[-0.1969, 3.7955,-0.773 , 3.2033,-1.1275],[-0.901 , 0.4028,-0.4367,-0.2603],0.0397
2800,[-0.8941,-0.0066,-0.0027,-0.432 ],[277.5592,  3.4324,  2.7261,  6.0979,  0.9047],[-0.8959,-0.0051,-0.0058,-0.4181],0.3785
2801,[-0.9033,-0.0208, 0.0774,-0.4306],[ 0.2098,-0.9802, 4.1611, 4.3485,-0.1321],[-0.9047,-0.0299, 0.083 ,-0.4152],0.3938
2802,[-0.8964, 0.0116,-0.0785,-0.4227],[-0.4107,71.5195,-0.2881, 1.2482,-0.9279],[-0.8978, 0.0213,-0.0833,-0.4101],0.3664
2810,[-0.8906, 0.0732,-0.0421,-0.4312],[  1.9022,  1.0338,131.3743,  2.2644,  0.6294],[-0.8927, 0.0704,-0.0419,-0.4184],0.3427
2812,[-0.8936, 0.0887,-0.089 ,-0.4384],[  1.7743,263.7763,  0.5024,  5.0547,  1.4489],[-0.8955, 0.0899,-0.0876,-0.4237],0.3254
2814,[-0.9001, 0.1492,-0.1824,-0.4505],[ 2.2477, 3.7214,-0.8408, 4.7095,-0.1886],[-0.9011, 0.1563,-0.1856,-0.4338],0.2732
2820,[-0.8845,-0.0719, 0.0382,-0.4323],[ 1.2605,27.7914,-0.0661,14.4105, 0.9915],[-0.8866,-0.0683, 0.0336,-0.4178],0.3216
2821,[-0.8784,-0.0947, 0.094 ,-0.4346],[ 3.9724, 0.4075,37.5226, 5.086 , 0.3325],[-0.8802,-0.0957, 0.0929,-0.419 ],0.2598
2823,[-0.8714,-0.1422, 0.179 ,-0.4215],[-0.4951,-1.2454, 3.3734,-0.0436,-0.6516],[-0.8722,-0.1477, 0.1817,-0.4051],0.1726
2832,[-0.8872, 0.1815,-0.138 ,-0.4363],[1.315 ,1.0185,0.8395,7.3066,0.2424],[-0.8899, 0.1783,-0.1305,-0.4198],0.2449
2834,[-0.8902, 0.1997,-0.1943,-0.4389],[ 0.3359,15.5337, 0.1545, 2.2335, 0.7562],[-0.8921, 0.2013,-0.1889,-0.4228],0.2172
2841,[-0.8741,-0.1677, 0.1451,-0.4685],[0.7488,0.2034,0.4416,1.8578,0.2716],[-0.8766,-0.1669, 0.1369,-0.4624],0.198
2843,[-0.8719,-0.1865, 0.2186,-0.408 ],[ 0.489 ,-0.7107, 2.1715, 4.1339, 0.1016],[-0.8725,-0.1919, 0.223 ,-0.3947],0.1394
2854,[-0.9081, 0.2807,-0.2731,-0.4996],[ 0.3896, 1.3744, 0.3503, 1.341 ,-0.2325],[-0.9094, 0.2865,-0.2862,-0.4815],0.1921
2856,[-0.9102, 0.289 ,-0.2858,-0.4725],[ 0.6772, 1.7907,-0.8988, 3.8555,-0.4534],[-0.9116, 0.2941,-0.2881,-0.4545],0.1952
2900,[-0.8888,-0.0015,-0.0204,-0.7823],[  1.5909,  1.7333,  1.5747,570.9082, -1.008 ],[-0.8922, 0.0022,-0.0257,-0.7629],0.366
2901,[-0.9027,-0.0066, 0.0715,-0.5465],[ 1.1539, 0.2162,11.7288, 2.6734,-0.5536],[-0.9047,-0.0171, 0.0774,-0.529 ],0.4018
2902,[-0.8909, 0.0341,-0.0697,-0.7912],[ 2.3134e-01, 4.5168e+02,-8.7899e-01, 1.0920e+00,-7.3357e-01],[-0.894 , 0.0404,-0.072 ,-0.7737],0.349
2910,[-0.8823, 0.0705,-0.0426,-0.6636],[ 0.2937,-0.0616, 9.4017, 9.5693,-0.9618],[-0.8854, 0.0682,-0.0408,-0.6468],0.3141
2912,[-0.8877, 0.0917,-0.0928,-0.6962],[ 2.4099e-01, 3.3409e+00,-1.2250e+00, 3.9273e+02,-1.3630e+00],[-0.8906, 0.0941,-0.0935,-0.678 ],0.3014
2914,[-0.8871, 0.1479,-0.178 ,-0.7314],[  0.4109,108.8488, -0.9054,  0.7666, -0.5408],[-0.8893, 0.1555,-0.1814,-0.7139],0.2304
2920,[-0.8848,-0.0707, 0.0378,-0.676 ],[-12.7023,-13.5022,-12.8328, 46.3015,-14.5059],[-0.8879,-0.0669, 0.03  ,-0.6595],0.3287
2921,[-0.8773,-0.0867, 0.0821,-0.6264],[-15.2684,-16.4648, -5.3394, -5.839 ,-17.1251],[-0.88  ,-0.0877, 0.0811,-0.6099],0.2672
2922,[-0.9079,-0.06  ,-0.0644,-0.6123],[-0.966 ,-0.3243,-1.9457,-0.8174,-1.4698],[-0.91  ,-0.0364,-0.1024,-0.5937],0.4052
2923,[-0.8698,-0.1304, 0.1686,-0.5241],[-0.7375,-0.5766, 2.4538, 1.8595,-0.7644],[-0.8711,-0.1366, 0.1723,-0.5075],0.177
2932,[-0.8978, 0.1757,-0.1505,-0.6286],[ 5.6302e+01, 1.9184e+00,-1.7529e-02, 2.4372e+00, 1.2669e-01],[-0.9009, 0.1758,-0.1452,-0.6111],0.2809
2934,[-0.8906, 0.1975,-0.1998,-0.6534],[-1.7781e-01, 3.9678e-01,-1.1354e+00, 1.6228e+02, 4.6468e-02],[-0.893 , 0.202 ,-0.1988,-0.635 ],0.2155
2941,[-0.8695,-0.1669, 0.1573,-0.5038],[-5.5741,-6.5473,-5.572 ,-5.5453,-6.152 ],[-0.8718,-0.1679, 0.1522,-0.4865],0.1747
3000,[-0.8645, 0.0343,-0.0055, 0.5263],[-4.2622,-4.1562,-4.158 ,-4.9441,-3.9837],[-0.8623, 0.032 ,-0.0119, 0.5143],0.2494
3100,[-0.8586,-0.0137, 0.0154, 0.3808],[-21.6022,-21.1046,-21.4441,-22.141 ,-21.0327],[-0.857 ,-0.0139, 0.0175, 0.3671],0.221
3200,[-0.8609,-0.0134, 0.0126, 0.3004],[-31.4494,-30.954 ,-31.1758,-32.5223,-30.9638],[-0.8596,-0.0131, 0.0108, 0.2931],0.236
3201,[-0.8611,-0.0462, 0.058 , 0.2612],[-9.0385,-9.4902,-8.7262,-9.8992,-8.8268],[-0.8599,-0.0471, 0.061 , 0.248 ],0.2162
3202,[-0.8634, 0.0038,-0.0706, 0.2602],[-11.1327,-10.5561,-11.7641,-12.2408,-10.782 ],[-0.8619, 0.011 ,-0.0899, 0.2477],0.226
3220,[-0.8663,-0.0562, 0.0527, 0.323 ],[-3.8619,-3.6621,-4.5591,-5.0615,-3.3669],[-0.865 ,-0.0547, 0.0447, 0.309 ],0.238
3221,[-0.8645,-0.0871, 0.1057, 0.2753],[-16.1167,-17.2616,-15.4274,-17.5595,-15.4204],[-0.8632,-0.0875, 0.1013, 0.2676],0.1971
3300,[-0.8574,-0.0047,-0.018 , 0.1814],[-24.3362,-24.2729,-24.3058,-26.3586,-23.9706],[-0.8566,-0.0027,-0.0195, 0.1718],0.2233
3301,[-0.8631,-0.047 , 0.0701, 0.1874],[-6.979 ,-7.945 ,-6.0564,-8.5392,-6.8725],[-0.8621,-0.0489, 0.0711, 0.1775],0.2197
3302,[-0.8517, 0.038 ,-0.0853, 0.1661],[-11.3637,-10.2928,-11.9154,-11.9849,-10.0676],[-0.8506, 0.0419,-0.0895, 0.1593],0.1778
3304,[-0.8545, 0.0437,-0.1708, 0.2019],[-2.8145,-1.4628,-3.0959,-2.475 ,-2.7095],[-0.8522, 0.0528,-0.1644, 0.1889],0.1495
3312,[-0.861 , 0.0692,-0.0987, 0.166 ],[-6.5887,-5.429 ,-7.4924,-7.8179,-6.2332],[-0.8599, 0.071 ,-0.097 , 0.1589],0.1947
3314,[-0.8633, 0.1427,-0.1854, 0.156 ],[-2.3919,-1.6184,-4.066 ,-3.1997,-1.3772],[-0.8619, 0.1454,-0.1848, 0.1425],0.1386
3321,[-0.8625,-0.1023, 0.1146, 0.1658],[ -8.5191,-10.1134, -7.8896, -9.9928, -7.9194],[-0.8618,-0.1024, 0.1088, 0.1543],0.1837
3323,[-0.8621,-0.1352, 0.1807, 0.1695],[-4.7108,-6.098 ,-3.3881,-5.8037,-3.7936],[-0.8606,-0.138 , 0.1796, 0.1569],0.1393
3343,[-0.8548,-0.1823, 0.2223, 0.1309],[-1.1908,-3.1323,-0.4784,-2.6135,-1.1186],[-0.8534,-0.1842, 0.2193, 0.1159],0.0852
3400,[-0.8626,-0.0011,-0.0066, 0.057 ],[ -9.7394, -8.6675, -9.9563,-11.8737, -8.2449],[-8.6243e-01,-3.7437e-04,-6.8669e-03, 4.4500e-02],0.2445
3401,[-0.8633,-0.0505, 0.0648, 0.0838],[-8.5079,-8.9071,-7.4974,-9.4917,-7.8426],[-0.8629,-0.0513, 0.0609, 0.0696],0.2255
3402,[-0.8602, 0.0457,-0.072 , 0.0682],[-7.2315,-5.9036,-8.6522,-8.8214,-6.5023],[-0.8598, 0.0481,-0.0736, 0.0578],0.2108
3410,[-0.8639, 0.0617,-0.0489, 0.055 ],[-3.7167,-5.0962,-3.3422,-5.3212,-3.0315],[-0.8638, 0.0605,-0.0493, 0.0419],0.2295
3412,[-0.8613, 0.0793,-0.0956, 0.0446],[-1.6773,-0.1242,-3.6133,-3.8532,-0.5459],[-0.8611, 0.0804,-0.0929, 0.031 ],0.1957
3414,[-0.8611, 0.1555,-0.1853, 0.0763],[-1.1884, 0.9907,-2.6127,-1.4045, 1.5803],[-0.8603, 0.1573,-0.1814, 0.0633],0.1302
3420,[-0.8627,-0.0796, 0.0328, 0.0471],[-6.055 ,-4.9482,-6.8379,-7.4366,-5.5555],[-0.8629,-0.0749, 0.0281, 0.0363],0.2289
3421,[-0.8626,-0.1064, 0.1071, 0.0639],[-1.5194,-2.9331, 0.2457,-3.5132, 0.115 ],[-0.8624,-0.1058, 0.1011, 0.0499],0.1874
3423,[-0.8615,-0.1386, 0.1963, 0.0485],[-1.3272,-1.9827,13.5393, 0.0601, 2.5919],[-0.8602,-0.1431, 0.1974, 0.0392],0.1291
3432,[-0.8613, 0.2373,-0.1446, 0.0103],[-0.8139,-1.7675, 0.1287,-1.4616, 0.1224],[-0.8638, 0.228 ,-0.119 ,-0.0045],0.138
3434,[-0.86  , 0.2495,-0.2262, 0.0199],[ 0.1142, 2.4318,-1.2318,-0.1784, 1.6082],[-0.861 , 0.2467,-0.2111, 0.0235],0.0871
3441,[-0.8523,-0.178 , 0.1352, 0.0305],[-1.0148,-0.9832,-1.7307,-1.8675, 0.4765],[-0.8532,-0.1733, 0.1182, 0.0345],0.1256
3443,[-0.8574,-0.1784, 0.2096, 0.0632],[-0.4978,-2.6721,-0.3379,-2.4468, 0.1668],[-0.8566,-0.1801, 0.2053, 0.0573],0.1013
3465,[-0.8601,-0.3331, 0.3434, 0.0096],[ 0.4418,-1.0955, 1.8677,-0.0469, 1.3083],[-0.8601,-0.333 , 0.3319, 0.0075],0.0058
3500,[-0.8626, 0.008 ,-0.0136,-0.0585],[-22.5125,-22.2727,-21.5378,-23.9454,-20.2902],[-0.863 , 0.0087,-0.0141,-0.0712],0.2446
3501,[-0.8601,-0.035 , 0.0688,-0.0795],[-12.0231,-13.3563,-11.2103,-13.3233,-11.3899],[-0.8603,-0.0382, 0.0694,-0.0944],0.2179
3502,[-0.8584, 0.0512,-0.0601,-0.0571],[-14.7206,-12.4843,-14.6712,-14.7871,-13.2552],[-0.8586, 0.0521,-0.06  ,-0.0663],0.2106
3510,[-0.8633, 0.0715,-0.0389,-0.0626],[-12.5474,-13.2573,-12.386 ,-13.9336,-12.4193],[-0.8638, 0.068 ,-0.0324,-0.0743],0.2328
3512,[-0.8619, 0.0807,-0.0894,-0.0545],[-6.1395,-4.6593,-7.6236,-7.7928,-4.9951],[-0.8621, 0.0813,-0.0859,-0.0684],0.2017
3514,[-0.8659, 0.1546,-0.1851,-0.0844],[ 0.4598, 2.6602,-2.5388,-1.451 , 1.093 ],[-0.8657, 0.1574,-0.1831,-0.0987],0.1468
3520,[-0.8629,-0.0913, 0.0156,-0.0435],[-14.9848,-13.9543,-15.8403,-16.4189,-14.0549],[-0.8637,-0.0834, 0.0046,-0.0564],0.2338
3521,[-0.8603,-0.1188, 0.1164,-0.055 ],[ -9.9849,-10.9964, -9.1665,-10.7317, -8.0773],[-0.8607,-0.1184, 0.1124,-0.0686],0.1726
3523,[-0.8569,-0.1267, 0.1837,-0.0425],[ 0.567 ,-3.4273, 0.5595,-2.0079,-0.1134],[-0.856 ,-0.1316, 0.1864,-0.0544],0.1247
3532,[-0.8651, 0.1925,-0.1337,-0.0566],[-1.4084,-1.6987,-2.0634,-1.5631, 0.1271],[-0.8668, 0.1862,-0.1143,-0.0708],0.1659
3534,[-0.8603, 0.1991,-0.2103,-0.0246],[ 0.9014,11.7136,-0.6641, 0.4879, 0.9161],[-0.8604, 0.1995,-0.2024,-0.0333],0.1073
3536,[-0.8597, 0.2526,-0.298 ,-0.0362],[-0.2881,13.5999,-1.4891, 0.4828, 0.2257],[-0.8585, 0.2553,-0.2939,-0.0279],0.0456
3541,[-0.8612,-0.1724, 0.1454,-0.0457],[-3.0332,-3.9981,-3.3577,-4.1098,-3.0173],[-0.8622,-0.1692, 0.1306,-0.0563],0.1511
3543,[-0.8629,-0.194 , 0.2147,-0.0717],[ 1.5814,-1.2657,14.6227, 1.7357, 1.4447],[-0.8628,-0.1956, 0.2086,-0.0816],0.1128
3545,[-0.8652,-0.2747, 0.3559,-0.0433],[-0.9303,-1.1563, 7.27  , 0.4825, 1.4042],[-0.8625,-0.2793, 0.3555,-0.0366],0.0237
3563,[-0.8561,-0.2904, 0.2347,-0.0801],[0.8366,0.3319,2.3646,0.7712,1.0867],[-0.8586,-0.286 , 0.2153,-0.0916],0.0641
3565,[-0.8561,-0.2978, 0.3324,-0.0246],[ 0.2877,-0.764 , 4.8633, 1.1595, 0.2027],[-0.8552,-0.2993, 0.3246,-0.0232],0.0088
3567,[-0.8662,-0.35  , 0.3919,-0.0136],[-0.2482,-0.825 , 2.619 ,-0.8412,-0.5086],[-0.8649,-0.3514, 0.3844, 0.0014],-0.0094
3600,[-0.8613, 0.0074,-0.0127,-0.1694],[-22.7833,-22.1598,-22.5553,-24.0643,-22.3224],[-0.8621, 0.0081,-0.0144,-0.1836],0.2405
3601,[-0.8597,-0.0355, 0.0726,-0.1813],[-12.4229,-12.8979,-11.2224,-13.3196,-11.6213],[-0.8602,-0.0393, 0.0737,-0.1927],0.2155
3602,[-0.8659, 0.0318,-0.0655,-0.1684],[-18.9689,-17.2914,-20.3322,-19.114 ,-18.6647],[-0.8664, 0.0354,-0.0674,-0.179 ],0.242
3610,[-0.8643, 0.0722,-0.0243,-0.1559],[-14.5151,-15.1309,-13.4865,-15.1836,-14.0636],[-0.8653, 0.0673,-0.0175,-0.1578],0.2436
3612,[-0.8596, 0.0941,-0.1038,-0.1673],[-14.3956,-14.2047,-15.8662,-14.8622,-13.4862],[-0.8603, 0.0951,-0.1004,-0.1754],0.1846
3614,[-0.863 , 0.1372,-0.1803,-0.187 ],[ 0.2984, 1.4363,-3.0659,-0.7721, 0.7593],[-0.863 , 0.1418,-0.1807,-0.202 ],0.1449
3621,[-0.86  ,-0.1066, 0.1077,-0.1781],[-7.579 ,-8.3537,-6.4156,-8.4228,-6.8154],[-0.8609,-0.1068, 0.1027,-0.1901],0.1818
3623,[-0.864 ,-0.1409, 0.1762,-0.1825],[-2.3205,-3.5601,-1.4277,-2.2092,-1.1113],[-0.8641,-0.1447, 0.1756,-0.1952],0.1493
3634,[-0.8666, 0.2309,-0.2603,-0.1912],[ 0.4664,21.2075, 0.1349, 0.1258, 0.2373],[-0.8666, 0.2338,-0.2534,-0.1954],0.0921
3643,[-0.8637,-0.2136, 0.2277,-0.1568],[ 0.9708,-0.1539, 5.8277, 0.8179, 1.5824],[-0.8641,-0.2151, 0.2206,-0.1628],0.1048
3700,[-0.8498, 0.0237,-0.0066,-0.3118],[ 2.588 , 2.8555, 2.4861,-1.6789, 2.409 ],[-0.8513, 0.022 ,-0.0035,-0.3177],0.2027
3701,[-0.8631,-0.0539, 0.082 ,-0.2553],[-7.6689,-9.6667,-7.0507,-8.8232,-7.6445],[-0.8639,-0.0571, 0.0828,-0.2384],0.2182
3702,[-0.8507, 0.0554,-0.0965,-0.3682],[-9.0326,-8.8449,-9.9014,-9.7065,-9.2134],[-0.8518, 0.0598,-0.0982,-0.3568],0.1696
3710,[-0.8596, 0.0677,-0.0441,-0.3326],[-4.2637,-4.5704,-2.7096,-4.3986,-3.6722],[-0.8612, 0.0659,-0.0422,-0.3356],0.2212
3712,[-0.8579, 0.0887,-0.0951,-0.338 ],[-7.9407,-6.1913,-8.7887,-7.9521,-7.2238],[-0.8593, 0.0896,-0.0901,-0.3344],0.1877
3714,[-0.8629, 0.1558,-0.1798,-0.3044],[ 1.2425, 2.4681,-2.8783,-0.8785,-0.6787],[-0.8638, 0.159 ,-0.176 ,-0.3198],0.1426
3720,[-0.8567,-0.0671, 0.0464,-0.345 ],[-2.8939,-1.1595,-3.795 ,-4.1021,-1.1203],[-0.8583,-0.0655, 0.0439,-0.3405],0.2106
3721,[-0.8604,-0.0849, 0.0808,-0.3517],[-2.338 ,-3.4131, 1.8144,-2.3954, 1.6366],[-0.862 ,-0.0851, 0.0783,-0.3508],0.2026
3723,[-0.8658,-0.1503, 0.1687,-0.364 ],[-0.4293,-1.4728, 5.5131, 0.1036,-0.3942],[-0.8669,-0.1536, 0.169 ,-0.3474],0.1574
3734,[-0.8572, 0.1676,-0.1914,-0.372 ],[ 1.3547,20.3617,-0.4431, 0.6423, 1.2074],[-0.8582, 0.1711,-0.1878,-0.3894],0.116
3743,[-0.8655,-0.1784, 0.2072,-0.3297],[ 0.6538,-0.6154, 9.2726, 1.3249, 0.2843],[-0.866 ,-0.1827, 0.2098,-0.3163],0.1273
3800,[-0.8493,-0.024 ,-0.0143,-0.4439],[ 2.6944, 1.3252, 4.6036, 1.3143,95.2584],[-0.8513,-0.02  ,-0.0208,-0.4511],0.2013
3801,[-0.8619,-0.0233, 0.0824,-0.4364],[-2.7539,-3.9789, 0.2777,-2.2397,-2.8711],[-0.8634,-0.0301, 0.0859,-0.4532],0.2258
3802,[-0.8461, 0.0331,-0.0827,-0.4624],[-0.0897,16.9069,-1.6241, 0.408 , 1.0246],[-0.8477, 0.0385,-0.0855,-0.4532],0.1687
3810,[-0.8521, 0.0714,-0.0432,-0.4443],[ 1.5462, 0.3673,11.0616, 0.4284, 0.5777],[-0.8542, 0.0693,-0.0422,-0.4435],0.1962
3812,[-0.8553, 0.0874,-0.1072,-0.4475],[ 0.8951, 3.4594,-0.3318, 2.8443, 0.7728],[-0.857 , 0.0901,-0.1052,-0.4361],0.1738
3814,[-0.8535, 0.1416,-0.1813,-0.4376],[ 2.4377, 1.9273,-2.0564, 1.2827, 0.5571],[-0.8544, 0.1468,-0.1816,-0.435 ],0.116
3820,[-0.8514,-0.0701, 0.0479,-0.4381],[ 0.4904,26.3109, 0.2112, 1.7035, 0.1166],[-0.8535,-0.0687, 0.0476,-0.4336],0.1918
3821,[-0.8568,-0.0834, 0.0867,-0.4474],[ 2.2551,-0.9162,40.9325, 1.0952, 0.7826],[-0.8586,-0.0848, 0.0869,-0.4343],0.1881
3823,[-0.864 ,-0.1414, 0.1887,-0.4408],[-0.5638,-2.1296, 1.7497, 4.1874,-0.7481],[-0.8646,-0.1478, 0.1926,-0.4236],0.1433
3832,[-0.8652, 0.1751,-0.1598,-0.4626],[0.8578,2.5417,0.3091,1.6028,1.4304],[-0.8675, 0.175 ,-0.1501,-0.4559],0.1586
3834,[-0.8629, 0.1804,-0.1914,-0.4436],[11.6251, 2.2803,-0.8205, 4.8542,-0.3169],[-0.8644, 0.1831,-0.186 ,-0.4413],0.1315
3841,[-0.8584,-0.1729, 0.0784,-0.4871],[0.9828,0.1133,0.7774,2.6238,0.2273],[-0.8621,-0.1639, 0.057 ,-0.469 ],0.1808
3843,[-0.8664,-0.1746, 0.2186,-0.3871],[ 1.3531,-0.2584, 9.7319, 1.9781, 0.5494],[-0.8668,-0.1807, 0.2213,-0.4041],0.1261
3900,[-0.8432,-0.0115, 0.0061,-1.0158],[  0.8034,  1.3952,  3.4784,784.9596,  1.9111],[-8.4756e-01,-1.0660e-02, 7.1372e-04,-9.9884e-01],0.1954
3901,[-0.8341,-0.0438, 0.066 ,-1.0764],[-0.1725,-1.667 , 1.7778,93.1891,-0.5795],[-0.8386,-0.0472, 0.0661,-1.0627],0.1426
3902,[-0.84  , 0.0304,-0.0833,-0.875 ],[-2.5128,28.4478,-4.1321,28.0981,-3.65  ],[-0.8433, 0.0367,-0.0867,-0.8574],0.1544
3910,[-0.8468, 0.0663,-0.0506,-0.729 ],[6.0032e-01,9.6635e-02,1.0655e+02,1.1839e+00,6.7974e-01],[-0.85  , 0.0661,-0.0522,-0.7193],0.1793
3912,[-0.8477, 0.0735,-0.0861,-0.783 ],[ 1.2923e-01, 3.4299e+02,-6.8202e-01, 3.2043e+00, 3.9149e-01],[-0.8509, 0.0763,-0.086 ,-0.7703],0.1659
3914,[-0.8563, 0.1379,-0.1832,-0.6986],[-0.271 ,-0.2372,-1.8214,16.3273,-1.1656],[-0.8579, 0.1451,-0.1866,-0.681 ],0.1256
3920,[-0.8426,-0.0709, 0.0485,-0.6974],[  1.0742,121.3471,  0.8241,  1.2149,  0.6808],[-0.8458,-0.0701, 0.0506,-0.6822],0.1639
3921,[-0.8447,-0.0788, 0.0778,-0.6994],[ 8.1477e-01,-4.9870e-01, 1.9557e+01, 2.9148e+02, 3.8824e-02],[-0.8476,-0.0801, 0.0775,-0.6822],0.1571
3923,[-0.8353,-0.1451, 0.1731,-0.6387],[-1.5876,-3.2364, 0.0939,-0.0246,-2.0052],[-0.8372,-0.1499, 0.174 ,-0.623 ],0.0684
3934,[-0.8607, 0.1815,-0.2084,-0.6501],[ 0.8111,13.9529,-0.8827, 0.365 , 0.2357],[-0.8625, 0.1871,-0.2074,-0.6329],0.1157
3941,[-0.8448,-0.1949, 0.1197,-0.5492],[ 1.6062,-0.2199, 0.9746, 2.6826,-0.4884],[-0.8486,-0.1897, 0.1059,-0.5328],0.1107
3943,[-0.8278,-0.2031, 0.1878,-0.6056],[-1.0478,-3.201 ,-0.4931,-0.7687,-1.7244],[-0.8307,-0.204 , 0.1782,-0.5975],0.0294
4312,[-0.8216, 0.057 ,-0.098 , 0.1322],[-0.2779, 0.7773,-1.5791,-1.5038, 0.9083],[-0.8206, 0.0597,-0.1005, 0.1189],0.0723
4412,[-0.8194, 0.0638,-0.1028, 0.0971],[ 0.1709, 0.4957,-1.7544,-1.7723, 1.4983],[-0.8186, 0.0663,-0.1035, 0.0831],0.0636
4720,[-0.8051,-0.0715, 0.0203,-0.3679],[-1.6128,-0.8314,-1.9563,-2.1488,-1.0681],[-0.8071,-0.0689, 0.029 ,-0.3854],0.0529
4721,[-0.8216,-0.0677, 0.057 ,-0.3698],[-0.8799,-2.292 ,-0.0498,-2.3394,-1.3603],[-0.8234,-0.0677, 0.06  ,-0.3872],0.0905
4800,[-0.8192,-0.0513, 0.0237,-0.4871],[-0.5725,-0.4985,-0.5251,-1.5305,-0.1625],[-0.8215,-0.0487, 0.0126,-0.4877],0.1058
4802,[-0.8211,-0.0109,-0.0973,-0.497 ],[-1.4297,-0.4655,-2.2725,-1.542 ,-0.7824],[-0.8227,-0.0027,-0.0907,-0.489 ],0.0991
4810,[-0.8091, 0.063 ,-0.045 ,-0.4534],[-0.4378,-0.5277, 0.6051,-0.1728, 1.0382],[-0.8113, 0.0622,-0.0437,-0.4492],0.0627
4812,[-0.8127, 0.0661,-0.0558,-0.4666],[ 0.2598, 0.8418,-1.2123,-1.0043, 1.6066],[-0.8148, 0.0657,-0.0531,-0.4569],0.0683
4820,[-0.8143,-0.0693, 0.0412,-0.453 ],[-1.    , 0.3313,-0.9377,-1.0269,-0.5719],[-0.8165,-0.0679, 0.0425,-0.4495],0.076
4821,[-0.7982,-0.0742, 0.0729,-0.4682],[-0.2696,-1.5461, 0.0782,-0.7344, 0.185 ],[-0.8002,-0.0743, 0.0674,-0.4577],0.0227
4900,[-0.7972,-0.0067, 0.0057,-0.9807],[1.2367e+00,1.4992e+00,9.3464e+02,3.5798e-01,2.0856e+00],[-0.8016,-0.0065, 0.0018,-0.9937],0.0521
4901,[-0.7936,-0.0389, 0.0753,-0.9125],[ -0.2924, -1.1371,184.4035,  0.5868, -0.3107],[-0.7972,-0.0427, 0.0772,-0.9001],0.0208
4902,[-0.8015, 0.0313,-0.0705,-0.9651],[-2.8308, 3.9247,-3.4482, 2.203 ,-3.1069],[-0.8054, 0.0355,-0.0728,-0.9602],0.046
4910,[-0.8088, 0.0645,-0.051 ,-0.8003],[ 1.0622, 0.0433,15.6722, 0.5704, 1.0041],[-0.8123, 0.0646,-0.0521,-0.7862],0.0628
4912,[-0.8078, 0.0625,-0.0664,-0.8539],[ 2.522 ,15.075 ,-0.8215, 0.1304, 5.0394],[-0.8114, 0.0638,-0.0645,-0.8378],0.0569
4920,[-0.8027,-0.0651, 0.0455,-0.7775],[ 0.1957,10.4573,-0.4041, 0.676 , 0.4961],[-0.8063,-0.0647, 0.0467,-0.7718],0.0477
4921,[-0.8074,-0.0691, 0.0861,-0.8025],[ 0.2149,-0.1984, 5.5126, 0.8486,-0.0518],[-0.8106,-0.0715, 0.0848,-0.794 ],0.0463
4923,[-0.8102,-0.1286, 0.183 ,-0.7977],[-0.6816,-2.205 , 1.7798,-0.2516,-0.9287],[-0.8121,-0.135 , 0.1854,-0.7852],0.001
4943,[-0.8165,-0.1847, 0.215 ,-0.6591],[ 1.4654,-1.1412, 6.0948, 1.1453, 0.8465],[-0.8181,-0.1892, 0.2125,-0.6483],-0.0089
5800,[-0.7437,-0.0236, 0.025 ,-0.467 ],[-1.4161,-0.6396,-0.9449,-2.1205,-0.3871],[-0.7459,-0.0239, 0.0258,-0.4808],-0.086
5801,[-0.7376,-0.0412, 0.0619,-0.4676],[-1.387 ,-1.5098,-0.6738,-1.6192,-0.1665],[-0.7396,-0.0427, 0.0618,-0.4795],-0.1068
5802,[-0.735 , 0.0464,-0.0708,-0.4891],[-0.4781,-0.6884,-1.6276,-1.1246,-0.1927],[-0.737 , 0.0481,-0.0702,-0.492 ],-0.1147
5810,[-0.7575, 0.0611,-0.0274,-0.432 ],[ 0.0407,-1.1121, 0.1136,-0.6948, 0.6158],[-0.7597, 0.0591,-0.0202,-0.4427],-0.0593
5812,[-0.7441, 0.0617,-0.0753,-0.4371],[-0.5361, 1.6723,-1.052 ,-0.8899, 0.2861],[-0.7459, 0.0627,-0.0712,-0.4322],-0.1004
5820,[-0.7414,-0.0761, 0.0501,-0.4736],[-0.2661,-0.3637,-1.1089,-1.2395,-0.5215],[-0.7436,-0.0753, 0.0521,-0.4587],-0.1037
5821,[-0.751 ,-0.076 , 0.0728,-0.4771],[-0.3396,-0.8635, 0.7566,-0.8752, 0.8192],[-0.7531,-0.0766, 0.0769,-0.489 ],-0.0903
5900,[-0.7523, 0.0045, 0.0101,-0.8239],[1.0828e+00,3.2996e-01,2.0434e+00,3.1195e-01,1.6537e+03],[-0.7559, 0.0035, 0.0108,-0.8434],-0.061
5901,[-0.7595,-0.0249, 0.0652,-0.873 ],[-26.7901,-28.489 ,-25.8869,-28.0679,-25.9658],[-0.7631,-0.0282, 0.0667,-0.8802],-0.0548
5902,[-0.7567, 0.0327,-0.0634,-0.8251],[ 3.5660e-01, 6.9568e+01,-5.5992e-01, 6.5711e-02, 8.9655e-01],[-0.7602, 0.0353,-0.0635,-0.8402],-0.0621
5910,[-0.75  , 0.0765,-0.0364,-0.7852],[ 1.7487, 0.4645,25.4446,-0.6266, 2.8972],[-0.7537, 0.0751,-0.0388,-0.7955],-0.0804
5911,[-0.7339, 0.067 , 0.057 ,-0.8798],[-3.4007,-3.9542,-2.726 ,-3.2933,-3.5742],[-0.738 , 0.0606, 0.0491,-0.8999],-0.1111
5912,[-0.7605, 0.0757,-0.0662,-0.8109],[-2.0671,-2.0782,-2.3421,-2.6613,-2.036 ],[-0.7641, 0.076 ,-0.065 ,-0.8146],-0.0632
5920,[-0.7629,-0.0656, 0.0407,-0.7769],[-4.4934,-3.5085,-4.9984,-5.5744,-4.1921],[-0.7665,-0.0646, 0.0371,-0.7831],-0.049
5921,[-0.7537,-0.0699, 0.0771,-0.7602],[ 1.352 ,-0.6992, 9.754 ,-0.7101, 9.4534],[-0.757 ,-0.071 , 0.0737,-0.7679],-0.0793
6600,[-0.6892,-0.0268, 0.0471,-0.2395],[-0.4024, 0.2636,-0.3799,-1.2564, 1.9037],[-0.6903,-0.0276, 0.0417,-0.2564],-0.187
6700,[-0.695 , 0.0022, 0.0042,-0.3528],[-0.2434,-0.7043, 0.5013,-1.7399, 3.1352],[-0.6966, 0.0019, 0.0053,-0.3642],-0.1726
6701,[-0.6961,-0.0187, 0.0724,-0.3454],[-1.0679,-2.6808, 0.7978,-2.4884, 0.2126],[-0.6973,-0.0213, 0.0697,-0.35  ],-0.1793
6702,[-0.6957, 0.0267,-0.0705,-0.349 ],[-0.958 ,-0.0446,-1.9767,-2.4931, 0.5297],[-0.697 , 0.0289,-0.0686,-0.3576],-0.1808
6800,[-0.6985, 0.0044, 0.0011,-0.4503],[-68.2627,-68.3225,-68.038 ,-69.3845,-67.1837],[-0.7005, 0.0041, 0.0014,-0.4614],-0.1656
6801,[-0.6979,-0.0161, 0.0764,-0.4521],[-18.6911,-19.2611,-17.1286,-19.7533,-18.2281],[-0.6995,-0.0192, 0.0759,-0.4618],-0.1765
6802,[-0.6972, 0.0271,-0.0747,-0.4573],[-13.6844,-12.404 ,-14.5788,-15.2392,-12.7871],[-0.6989, 0.0296,-0.074 ,-0.4668],-0.1788
6810,[-0.6949, 0.0581,-0.0408,-0.481 ],[-0.677 ,-1.1846,-0.3328,-1.9266, 0.3239],[-0.6972, 0.057 ,-0.0275,-0.4863],-0.1784
6812,[-0.6967, 0.0628,-0.0912,-0.4656],[-1.5231,-0.2114,-2.7727,-2.7788, 0.0094],[-0.6985, 0.0642,-0.0844,-0.4779],-0.1871
6820,[-0.7274,-0.0578, 0.0443,-0.4704],[-0.147 ,-0.1466,-0.7529,-0.7048, 0.0732],[-0.7296,-0.057 , 0.0366,-0.4852],-0.1237
6821,[-0.7036,-0.0644, 0.0989,-0.4509],[-1.5985,-2.692 ,-1.2147,-2.3857,-0.8311],[-0.7052,-0.0665, 0.0992,-0.4661],-0.179
6900,[-0.7146, 0.0107, 0.0051,-0.6326],[ 4.7923e-01, 1.3659e+00, 5.2334e+00,-5.9040e-01, 8.6652e+02],[-0.7175, 0.0098, 0.007 ,-0.6508],-0.1366
6901,[-0.7127,-0.0262, 0.0734,-0.6164],[-0.4485,-1.9307, 7.8336,-1.6432, 5.6513],[-0.7152,-0.0289, 0.0718,-0.6313],-0.151
6902,[-0.7079, 0.0348,-0.0723,-0.5861],[  1.1146,208.7038, -0.7891, -1.1551,  0.6498],[-0.7102, 0.0369,-0.0697,-0.6005],-0.16
6910,[-0.7104, 0.0657,-0.0184,-0.6866],[ 0.9909,-1.558 , 0.5857,-2.042 ,26.7992],[-0.7137, 0.063 ,-0.0068,-0.7039],-0.1508
6911,[-0.7195, 0.0613, 0.0664,-0.816 ],[-4.034 ,-4.8659,-3.4262,-4.3893,-3.9015],[-0.7232, 0.0548, 0.061 ,-0.8353],-0.1395
6912,[-0.7049, 0.0712,-0.0893,-0.6297],[ 4.4554e-02, 5.3931e+01,-2.4558e+00,-1.8599e+00, 1.6480e-01],[-0.7075, 0.0724,-0.082 ,-0.6422],-0.1735
6914,[-0.6942, 0.0799,-0.1682,-0.6499],[-1.3441, 1.3803,-1.8745,-1.0478, 0.7233],[-0.6954, 0.085 ,-0.1679,-0.6644],-0.2094
6920,[-0.7318,-0.0936, 0.0493,-0.6686],[-1.2891,-1.0006,-1.3146,-1.9769,-0.9779],[-0.7351,-0.0912, 0.0363,-0.6505],-0.1202
6921,[-0.7215,-0.0694, 0.0973,-0.6594],[-5.0886,-6.1546,-3.991 ,-5.6679,-4.2664],[-0.7241,-0.0716, 0.0967,-0.6703],-0.148
7402,[-0.6662,-0.0502,-0.1287, 0.0102],[-1.2035, 0.1764,-2.2556,-2.0235,-0.0197],[-0.6654,-0.0434,-0.1227,-0.0045],-0.2375
7422,[-0.6696,-0.1426,-0.1191, 0.0128],[-6.7012,-6.4745,-9.168 ,-8.0607,-5.9972],[-0.67  ,-0.1321,-0.1244, 0.0033],-0.2447
7442,[-0.666 ,-0.1847,-0.0912, 0.0153],[-5.1313,-4.5032,-6.686 ,-5.5101,-3.4086],[-0.6675,-0.1737,-0.1005, 0.0099],-0.2504
7500,[-0.6701,-0.0036,-0.0292,-0.1115],[-1.5068,-1.7486,-1.1316,-2.3493, 0.0866],[-0.6706,-0.0025,-0.0234,-0.1199],-0.2107
7502,[-0.6677,-0.0373,-0.1206,-0.1019],[-6.3826,-5.2059,-7.9054,-7.4682,-5.5126],[-0.6674,-0.0311,-0.1141,-0.1126],-0.2319
7522,[-0.6711,-0.129 ,-0.1263,-0.0759],[-11.5344, -9.9058,-15.3651,-13.9438, -9.233 ],[-0.6715,-0.1186,-0.1309,-0.0904],-0.2417
7524,[-0.6681,-0.0805,-0.1711,-0.1167],[ -8.9036, -8.6478,-10.066 , -9.5815, -8.7339],[-0.6671,-0.0703,-0.1752,-0.1319],-0.2467
7542,[-0.6638,-0.1969,-0.0796,-0.0117],[-36.9395,-34.9675,-39.1142,-38.6483,-35.561 ],[-0.6654,-0.1877,-0.0876,-0.0192],-0.2531
7600,[-6.7468e-01, 1.0879e-04,-2.2415e-02,-2.1203e-01],[-4.2728,-4.9729,-5.222 ,-5.8688,-2.9454],[-0.6756, 0.0007,-0.0143,-0.224 ],-0.2034
7601,[-0.6837,-0.0039, 0.0719,-0.2399],[-2.0059,-3.0811,-0.3124,-2.5916,-1.3128],[-0.6845,-0.0067, 0.0668,-0.2482],-0.1967
7602,[-0.6705,-0.0359,-0.1273,-0.214 ],[-46.7252,-45.4967,-49.084 ,-48.3089,-45.67  ],[-0.6706,-0.0293,-0.1219,-0.2275],-0.2285
7604,[-0.6659,-0.0351,-0.1763,-0.22  ],[-30.2967,-28.9789,-32.0345,-30.7469,-29.6984],[-0.6649,-0.0266,-0.1761,-0.232 ],-0.2437
7622,[-0.6723,-0.0814,-0.144 ,-0.1681],[-16.011 ,-15.1935,-19.9465,-18.6273,-15.279 ],[-0.6721,-0.0721,-0.1447,-0.183 ],-0.236
7624,[-0.6696,-0.0697,-0.1725,-0.1919],[-13.981 ,-13.6096,-16.2854,-15.1761,-14.1747],[-0.6687,-0.0597,-0.1752,-0.2061],-0.2431
7700,[-0.6789, 0.0024,-0.0187,-0.333 ],[-35.7057,-36.1208,-36.1164,-37.2618,-34.4966],[-0.6803, 0.0027,-0.0098,-0.3458],-0.1961
7701,[-0.6834,-0.0116, 0.076 ,-0.3365],[-5.8773,-7.2501,-4.3856,-6.4732,-5.215 ],[-0.6845,-0.0146, 0.0766,-0.3467],-0.1995
7702,[-0.6723,-0.0092,-0.1095,-0.3064],[-47.2326,-45.8699,-49.8001,-49.3846,-46.6065],[-0.673 ,-0.0044,-0.1012,-0.3207],-0.2194
7704,[-0.6646,-0.0045,-0.1808,-0.3005],[-29.5778,-27.9328,-31.0484,-29.8514,-29.3364],[-0.6638, 0.0031,-0.1792,-0.3132],-0.2438
7710,[-0.6668, 0.0615,-0.0385,-0.3111],[-2.1999,-2.3964,-1.8978,-3.149 ,-1.0322],[-0.6684, 0.0607,-0.0369,-0.3226],-0.2236
7712,[-0.6633, 0.0616,-0.1201,-0.3451],[-2.1126,-0.867 ,-3.6179,-3.2365,-0.9424],[-0.6641, 0.0639,-0.1097,-0.3503],-0.2401
7714,[-0.6546, 0.0627,-0.181 ,-0.3538],[-2.1332, 0.0045,-3.3315,-2.2133,-0.4519],[-0.6543, 0.0675,-0.1743,-0.3648],-0.2617
7721,[-0.6867,-0.0578, 0.1163,-0.3592],[ 0.356 ,-0.8303,-0.0452,-1.0502, 0.1131],[-0.6876,-0.0607, 0.1141,-0.376 ],-0.208
7800,[-0.683 , 0.0093,-0.0127,-0.4203],[-130.9956,-131.3206,-130.985 ,-132.5032,-130.291 ],[-0.6848, 0.0093,-0.0072,-0.4324],-0.1904
7801,[-0.6859,-0.0096, 0.078 ,-0.4226],[-15.6136,-16.3637,-14.6575,-16.3755,-15.6586],[-0.6874,-0.0129, 0.0765,-0.4341],-0.195
7802,[-0.6775, 0.0238,-0.0907,-0.4247],[-61.6436,-60.2998,-62.5242,-62.7856,-60.7795],[-0.6789, 0.0267,-0.0852,-0.4383],-0.2107
7803,[-0.6829,-0.031 , 0.1764,-0.4138],[-1.2047,-2.0864,-0.6337,-1.2374,-1.0836],[-0.683 ,-0.0369, 0.1582,-0.4305],-0.2179
7804,[-0.6639, 0.0392,-0.1829,-0.4125],[-3.093 ,-2.8602,-5.7061,-4.3061,-2.7602],[-0.6635, 0.0453,-0.1796,-0.4244],-0.2481
7810,[-0.6775, 0.0615,-0.0341,-0.4475],[-4.9415,-5.4225,-4.7662,-5.9488,-4.247 ],[-0.6797, 0.0604,-0.0298,-0.4611],-0.2065
7812,[-0.6694, 0.0659,-0.1173,-0.4586],[-5.8292,-5.0015,-7.2145,-7.007 ,-4.8752],[-0.6709, 0.0682,-0.1081,-0.4722],-0.2313
7814,[-0.6607, 0.0663,-0.183 ,-0.4485],[-3.5563,-2.2227,-5.4231,-4.6998,-2.6218],[-0.6607, 0.0713,-0.1771,-0.4622],-0.2548
7821,[-0.6883,-0.0626, 0.1133,-0.3867],[-0.2387,-0.9079, 0.0741,-1.    ,-0.0192],[-0.6894,-0.0652, 0.1128,-0.403 ],-0.2059
7900,[-0.6844, 0.0343,-0.0163,-0.5269],[-30.4813,-30.8485,-30.537 ,-31.0808,-30.3525],[-0.6868, 0.0334,-0.0112,-0.5381],-0.1914
7901,[-0.6861, 0.0119, 0.0789,-0.5361],[-9.3049,-9.8418,-8.4095,-9.9299,-8.6946],[-0.6879, 0.0072, 0.0849,-0.5458],-0.1949
7902,[-0.6841, 0.0421,-0.0872,-0.5254],[-11.8296,-11.4412,-12.9275,-12.6434,-11.7428],[-0.686 , 0.0444,-0.084 ,-0.5393],-0.2029
7910,[-0.6799, 0.0677,-0.0302,-0.5808],[-7.2326,-8.0938,-6.426 ,-7.8027,-5.9891],[-0.6828, 0.0662,-0.0254,-0.5958],-0.2023
7912,[-0.6783, 0.0736,-0.1029,-0.5657],[-3.5369,-1.7992,-5.368 ,-5.4711,-2.3967],[-0.6805, 0.0751,-0.0939,-0.5804],-0.2171
7914,[-0.6715, 0.0762,-0.1761,-0.5396],[-0.1898, 4.6816,-2.8765,-1.1523, 0.5928],[-0.6721, 0.081 ,-0.172 ,-0.555 ],-0.2413
8812,[-0.6434, 0.1052,-0.1512,-0.4812],[-3.849 ,-3.4158,-4.8535,-4.7909,-3.7006],[-0.6449, 0.1071,-0.1364,-0.4992],-0.273
8814,[-0.6422, 0.0806,-0.2091,-0.4729],[-2.2137,-1.3742,-5.1216,-3.717 ,-1.6783],[-0.6417, 0.0857,-0.2015,-0.4814],-0.2822
8914,[-0.6409, 0.0936,-0.1923,-0.5125],[-1.041 , 1.4189,-2.7648,-1.904 ,-0.8919],[-0.6412, 0.0976,-0.1821,-0.5063],-0.2818
