100,[-9.5858e-01,-8.0580e-03, 2.6410e-04, 3.9034e-01],[0.6552,1.3338,1.2871,0.4256,2.2703],[-0.9568,-0.0053,-0.0031, 0.3985],0.2902
101,[-0.9578,-0.0421, 0.0617, 0.3958],[-0.3198,-0.1624, 0.9719, 0.6033, 0.459 ],[-0.9559,-0.0462, 0.0681, 0.4084],0.2707
102,[-0.9575, 0.0387,-0.0702, 0.393 ],[-0.1049, 0.9545,-0.015 , 0.5083, 0.6273],[-0.9556, 0.0448,-0.0731, 0.4022],0.2705
110,[-0.9576, 0.0597,-0.0485, 0.4005],[ 0.5426,-0.0046, 0.4838, 0.3339,-0.1158],[-0.9559, 0.0531,-0.0379, 0.4035],0.2801
112,[-0.9594, 0.0727,-0.0812, 0.3934],[0.9868,2.407 ,0.5999,2.4285,1.5703],[-0.9576, 0.0715,-0.0781, 0.4057],0.25
120,[-0.9578,-0.0737, 0.044 , 0.3852],[-0.1019, 0.363 , 0.3411, 0.3401, 0.0024],[-0.9564,-0.0603, 0.0215, 0.3879],0.2821
121,[-0.9576,-0.0836, 0.0858, 0.3847],[0.727 ,0.2905,1.0177,1.3357,1.2777],[-0.956 ,-0.08  , 0.0786, 0.3893],0.2523
200,[-0.9627, 0.0018,-0.0025, 0.2985],[0.7437,1.288 ,1.025 ,8.2404,1.3508],[-0.9613, 0.0022,-0.0039, 0.3104],0.2742
201,[-0.9627,-0.0365, 0.0747, 0.3019],[-0.0258,-0.756 , 2.0018,-0.2106,-0.6082],[-0.9611,-0.0463, 0.0812, 0.3125],0.2458
202,[-0.9626, 0.0452,-0.0674, 0.2989],[-0.257 , 3.027 ,-1.1481,-0.4674,-0.7234],[-0.9611, 0.0504,-0.072 , 0.3108],0.2479
210,[-0.963 , 0.0712,-0.0311, 0.273 ],[-0.6682,-1.4021, 2.1192,-0.2805,-1.0524],[-0.9619, 0.0543,-0.0109, 0.2798],0.2626
212,[-0.962 , 0.0838,-0.0924, 0.2971],[ 5.5553, 2.5627,-0.1092, 2.8715, 0.2997],[-0.9607, 0.0826,-0.0886, 0.3072],0.2299
214,[-0.96  , 0.1536,-0.1859, 0.273 ],[ 0.3252, 0.6782,-0.7089, 1.6647, 0.245 ],[-0.9583, 0.157 ,-0.187 , 0.2847],0.1686
220,[-0.9614,-0.0663, 0.0385, 0.3049],[-0.8328, 1.1381,-1.3147,-0.9493,-0.8703],[-0.9602,-0.0547, 0.0243, 0.316 ],0.2674
221,[-0.9629,-0.0951, 0.1008, 0.2977],[ 1.146 , 1.0981,11.1404, 0.9883, 0.5207],[-0.9616,-0.0928, 0.0961, 0.3084],0.2197
223,[-0.9625,-0.1534, 0.183 , 0.2921],[ 0.4814,-0.1048, 1.83  , 0.3673, 0.1876],[-0.9608,-0.1561, 0.1821, 0.2977],0.1628
232,[-0.9646, 0.1709,-0.1094, 0.2732],[-0.1224,-0.5683, 1.3514,-0.0673, 0.3106],[-0.9643, 0.1437,-0.0794, 0.2856],0.1962
234,[-0.9605, 0.1882,-0.2204, 0.2689],[ 1.0422, 2.2145,-0.3344, 3.5265,-0.0381],[-0.9587, 0.1881,-0.2156, 0.2826],0.1432
241,[-0.9573,-0.1815, 0.1367, 0.2792],[-0.2724, 1.3682,-1.0511,-0.2931,-0.3993],[-0.957 ,-0.166 , 0.1249, 0.2925],0.1948
243,[-0.9614,-0.1847, 0.1974, 0.2754],[2.1275,0.9218,3.2514,1.4147,0.2593],[-0.9601,-0.182 , 0.1934, 0.287 ],0.1501
300,[-0.9686, 0.0036,-0.0034, 0.1924],[ 1.182 , 0.8659, 2.3796, 3.5511,-0.2266],[-0.9677, 0.0037,-0.0054, 0.2045],0.2508
301,[-0.9693,-0.0363, 0.0717, 0.1837],[-0.9892,-1.7258, 0.7109, 0.1889,-1.4066],[-0.9682,-0.0489, 0.081 , 0.1957],0.2194
302,[-0.9669, 0.0411,-0.0729, 0.185 ],[-0.7216, 0.0404,-2.3396,-0.4301,-1.5624],[-0.9657, 0.0518,-0.0837, 0.1958],0.2257
310,[-0.9682, 0.0714,-0.0342, 0.1926],[-0.8762,-1.5086, 1.5096,-0.9756,-1.4591],[-0.9675, 0.052 ,-0.0104, 0.2031],0.2443
312,[-0.9682, 0.0979,-0.1006, 0.1831],[ 1.4338,13.1481, 0.2882, 3.1177,-0.2459],[-0.9674, 0.0941,-0.0922, 0.1944],0.2002
314,[-0.965 , 0.1399,-0.1905, 0.1895],[ 0.0251, 1.409 ,-1.3642, 2.0243,-0.3905],[-0.9632, 0.1509,-0.1984, 0.2007],0.1505
320,[-0.9656,-0.0755, 0.0339, 0.1858],[-1.6357,-0.156 ,-2.4952,-1.27  ,-2.3882],[-0.965 ,-0.0582, 0.0161, 0.1988],0.2486
321,[-0.9671,-0.1052, 0.1063, 0.1859],[ 1.7727, 2.039 , 2.9437, 5.8222,-0.7493],[-0.9662,-0.1026, 0.1027, 0.1993],0.1968
323,[-0.9696,-0.1496, 0.1889, 0.1767],[-0.3271,-1.1135, 1.2767,-0.2979,-0.7502],[-0.9681,-0.1587, 0.195 , 0.1892],0.1331
332,[-0.9658, 0.1819,-0.1425, 0.1908],[-0.705 ,-1.145 , 1.3284,-0.2915,-1.489 ],[-0.9659, 0.1626,-0.1184, 0.203 ],0.1687
334,[-0.9665, 0.2068,-0.208 , 0.17  ],[ 1.0197, 4.6342, 0.0476, 3.9322,-0.1002],[-0.9659, 0.2007,-0.1962, 0.1828],0.1234
336,[-0.9614, 0.245 ,-0.3016, 0.164 ],[ 0.1685, 3.9793,-0.492 , 1.5503, 0.0291],[-0.9593, 0.2516,-0.3026, 0.1779],0.0811
341,[-0.963 ,-0.1851, 0.1426, 0.1812],[-1.079 , 1.7068,-1.2958, 0.5478,-1.2112],[-0.9631,-0.1674, 0.1247, 0.1932],0.1736
343,[-0.9635,-0.2013, 0.2063, 0.178 ],[1.3893,0.5981,3.2622,6.7893,0.066 ],[-0.9628,-0.1979, 0.2004, 0.1915],0.1326
345,[-0.9616,-0.2354, 0.2902, 0.1872],[ 0.0821,-0.7546, 1.4809, 0.2483,-0.5567],[-0.9595,-0.2419, 0.2903, 0.2009],0.0892
354,[-0.9621, 0.2852,-0.2651, 0.1818],[-0.8514,-0.9909, 0.195 , 0.2368,-1.4295],[-0.9625, 0.2724,-0.2418, 0.1965],0.0876
356,[-0.9614, 0.2928,-0.3058, 0.171 ],[ 0.4442, 2.0832,-0.5026, 3.4941,-0.3928],[-0.9607, 0.2887,-0.2959, 0.1853],0.0647
363,[-0.9613,-0.2884, 0.2515, 0.1637],[-1.0169, 0.0067,-1.4431,-0.6333,-1.5757],[-0.9619,-0.2741, 0.236 , 0.1707],0.0909
365,[-0.9586,-0.3156, 0.3215, 0.1556],[ 0.4924,-0.689 , 1.3509, 0.9366,-1.0937],[-0.9581,-0.3108, 0.3126, 0.1695],0.0565
400,[-0.9715,-0.0076,-0.0043, 0.065 ],[0.8894,1.5401,0.8591,6.3586,0.0205],[-0.9711,-0.003 ,-0.0067, 0.0789],0.2375
401,[-0.9677,-0.0384, 0.0735, 0.0659],[-0.7285,-1.5491, 0.208 ,-0.2453,-0.9395],[-0.9671,-0.0526, 0.0874, 0.0787],0.2196
402,[-0.9689, 0.0389,-0.0714, 0.0578],[ 1.1666, 1.1927,-1.2619,-0.606 ,-1.085 ],[-0.9684, 0.0516,-0.0825, 0.0708],0.2172
410,[-0.9687, 0.0695,-0.0388, 0.0704],[-0.9988,-0.9703, 1.7461,-0.4338,-0.5552],[-0.9685, 0.0535,-0.0192, 0.0846],0.2365
412,[-0.9718, 0.0972,-0.1105, 0.0669],[ 0.733 , 3.4489,-0.2394, 9.9191,-0.4677],[-0.9713, 0.1001,-0.1105, 0.0809],0.1776
414,[-0.9722, 0.1492,-0.1851, 0.0496],[ 0.5811, 2.2329,-1.4464, 1.2471,-0.5161],[-0.9712, 0.1609,-0.1942, 0.0625],0.1232
420,[-0.9702,-0.0698, 0.0369, 0.0516],[-1.0695, 1.6818,-1.9213,-0.6888,-1.9085],[-0.9701,-0.0541, 0.0224, 0.0643],0.2307
421,[-0.9709,-0.1134, 0.1077, 0.0579],[ 0.6151, 0.577 , 3.4294, 4.8196,-0.8299],[-0.9706,-0.1095, 0.104 , 0.0718],0.1786
423,[-0.9704,-0.1542, 0.182 , 0.0683],[-0.1521,-1.1155, 1.0241,-0.0632,-0.6696],[-0.9695,-0.1638, 0.1916, 0.0808],0.1283
432,[-0.9735, 0.1783,-0.1496, 0.081 ],[-1.0048,-0.8858, 0.5296,-0.1338,-1.0144],[-0.9737, 0.16  ,-0.1256, 0.0951],0.1414
434,[-0.9734, 0.201 ,-0.2133, 0.0641],[ 0.0516, 1.3958,-0.4345, 7.7041,-0.7666],[-0.9729, 0.201 ,-0.2089, 0.0784],0.0972
436,[-0.9699, 0.2484,-0.2977, 0.0624],[ 0.7901, 1.6332,-0.3279, 1.9472,-0.7603],[-0.9682, 0.2587,-0.3045, 0.074 ],0.0523
441,[-0.9684,-0.1879, 0.1429, 0.0565],[-1.293 ,-0.9165,-2.3112,-1.689 ,-2.4015],[-0.969 ,-0.1676, 0.1206, 0.071 ],0.1554
443,[-0.9661,-0.2136, 0.2136, 0.0637],[ 0.3655,-0.8775, 2.1629, 2.4307,-1.0971],[-0.9659,-0.2107, 0.2085, 0.077 ],0.1148
445,[-0.9626,-0.2526, 0.2881, 0.0482],[-0.7478,-0.6806, 0.5321, 1.1003,-0.6831],[-0.9615,-0.2581, 0.2882, 0.0628],0.0778
454,[-0.9707, 0.2864,-0.2577, 0.0896],[-0.6118,-0.8977, 0.0451,-0.3065,-0.8768],[-0.9713, 0.2713,-0.2402, 0.1041],0.064
456,[-0.9662, 0.3074,-0.3323, 0.0561],[ 0.1324, 2.4078,-0.7206, 3.2446,-0.6986],[-0.9653, 0.3089,-0.3295, 0.0701],0.031
463,[-0.9619,-0.2971, 0.2482, 0.0574],[-1.7589,-0.7988,-2.597 ,-1.7717,-2.9807],[-0.9633,-0.2821, 0.2317, 0.0691],0.0853
465,[-0.9648,-0.3176, 0.3192, 0.0494],[-0.7066,-1.4132, 0.4978, 1.5028,-1.882 ],[-0.9647,-0.3152, 0.3139, 0.0637],0.0363
467,[-0.9637,-0.3655, 0.4316, 0.0479],[ 0.1009,-0.7512, 1.0042, 0.5039,-0.3401],[-0.9609,-0.3709, 0.4366, 0.0628],-0.0248
478,[-0.9583, 0.4118,-0.4644, 0.0158],[ 0.3571, 1.4439,-0.8792, 2.4719,-1.3925],[-0.9562, 0.414 ,-0.4641, 0.0303],-0.0422
500,[-0.9716,-0.0107,-0.0094,-0.0574],[ 1.4742, 1.262 , 0.0222,12.0882,-0.6407],[-0.9717,-0.0011,-0.0166,-0.0424],0.2361
501,[-0.9679,-0.0383, 0.0727,-0.0548],[-0.9659,-0.6288, 1.0677,-0.4398,-0.9121],[-0.9677,-0.0542, 0.0902,-0.0404],0.2155
502,[-0.9679, 0.0292,-0.076 ,-0.0559],[-0.239 , 1.8796,-0.9906, 1.6129,-0.3943],[-0.9677, 0.0486,-0.0923,-0.042 ],0.2171
503,[-0.9585,-0.0533, 0.1795,-0.1171],[-0.106 ,-0.2143, 0.2484,-0.1134, 0.0865],[-0.957 ,-0.0897, 0.2047,-0.1037],0.1933
504,[-9.7512e-01, 4.8360e-02,-1.7540e-01,-6.4757e-04],[ 0.0557,-0.2163,-0.4409,-0.031 , 0.0056],[-0.9731, 0.1035,-0.2173, 0.0136],0.1298
510,[-0.9631, 0.082 ,-0.034 ,-0.0548],[ 0.0183,-0.6505, 0.6145,-0.1365,-0.4128],[-0.9636, 0.0622,-0.0087,-0.0416],0.2553
512,[-0.9723, 0.0922,-0.116 ,-0.0518],[ 0.6877, 1.455 ,-0.0958, 9.0767,-0.5328],[-0.9722, 0.1038,-0.1253,-0.0368],0.1682
514,[-0.9719, 0.1446,-0.1841,-0.0528],[-0.3528, 2.5109,-0.6943, 0.7618,-0.8342],[-0.9712, 0.1616,-0.1994,-0.0379],0.1212
520,[-0.9692,-0.0801, 0.0289,-0.0611],[ 0.1792, 5.2483,-0.2439, 0.2141,-0.938 ],[-0.9697,-0.0583, 0.0104,-0.0464],0.2317
521,[-0.9706,-0.1236, 0.1032,-0.063 ],[ 1.0105, 0.1868, 1.6092,11.1391,-0.2863],[-0.9711,-0.1153, 0.0968,-0.0479],0.1776
523,[-0.9657,-0.147 , 0.1873,-0.0741],[-0.4088,-1.1638, 0.2958,-0.367 ,-1.1934],[-0.965 ,-0.1621, 0.202 ,-0.0602],0.1394
532,[-0.9631, 0.1889,-0.1313,-0.0457],[-0.0606,-0.2564, 0.1337,-0.0425,-0.6152],[-0.9644, 0.1686,-0.1081,-0.0361],0.1754
534,[-0.9756, 0.2045,-0.2233,-0.044 ],[ 0.6977, 1.8618,-0.5861, 4.3776,-1.2295],[-0.9752, 0.2126,-0.2286,-0.0288],0.0785
536,[-0.9661, 0.2542,-0.3051,-0.0829],[ 0.2689, 0.8329,-0.3603, 3.083 ,-0.9165],[-0.9647, 0.2688,-0.3168,-0.0671],0.0537
541,[-0.9689,-0.1845, 0.1405,-0.0743],[-1.356 , 1.2286,-1.5032,-0.7285,-2.3718],[-0.97  ,-0.1673, 0.1245,-0.0604],0.1507
543,[-0.9683,-0.2165, 0.2057,-0.0715],[-0.973 ,-1.2527, 1.7982, 1.6603,-2.5329],[-0.9688,-0.2125, 0.199 ,-0.0569],0.1088
545,[-0.9687,-0.2601, 0.2914,-0.0663],[ 0.0699,-1.2295, 0.7059, 0.4405,-0.9464],[-0.9679,-0.2702, 0.2996,-0.0512],0.051
556,[-0.9653, 0.3008,-0.3355,-0.0585],[ 0.8243, 0.674 ,-0.2947, 4.6169,-1.0485],[-0.9641, 0.3097,-0.3424,-0.0444],0.0294
558,[-0.9692, 0.3551,-0.4454,-0.0846],[ 0.7199, 1.4176, 0.1895, 4.4447,-0.7089],[-0.9658, 0.3696,-0.4533,-0.0688],-0.042
563,[-0.9653,-0.2939, 0.255 ,-0.0766],[-2.6351,-2.0254,-2.551 ,-2.1287,-3.807 ],[-0.9669,-0.2834, 0.2406,-0.0631],0.0711
565,[-0.9654,-0.3176, 0.3118,-0.0541],[-1.6911,-2.9229,-1.0851,-0.7804,-3.4024],[-0.9658,-0.3173, 0.3086,-0.0389],0.0348
567,[-0.9682,-0.3543, 0.4292,-0.0573],[ 0.5675,-0.2821, 1.5451, 0.7593,-0.9163],[-0.9654,-0.3664, 0.436 ,-0.044 ],-0.0334
578,[-0.9643, 0.4017,-0.4657,-0.0219],[ 0.7338, 1.5704,-0.3385, 2.937 ,-1.5204],[-0.9618, 0.4066,-0.4652,-0.0069],-0.0524
585,[-0.9571,-0.395 , 0.334 ,-0.0385],[-2.4094,-2.5777,-2.4578,-2.1781,-3.4875],[-0.96  ,-0.3846, 0.3108,-0.0227],0.0223
587,[-0.9568,-0.3928, 0.4484,-0.017 ],[-1.7775,-2.918 ,-1.1757,-1.2772,-4.1488],[-0.9546,-0.397 , 0.4504,-0.0038],-0.0259
600,[-0.97  ,-0.009 ,-0.0068,-0.1795],[ 0.0655, 1.1175,-0.8327, 1.0519,-2.056 ],[-0.9707,-0.0017,-0.0118,-0.1648],0.2391
601,[-0.9657,-0.0309, 0.0825,-0.1822],[-1.4137,-1.5302, 0.557 ,-0.9106,-1.9662],[-0.966 ,-0.0531, 0.1043,-0.1672],0.2164
602,[-0.9674, 0.024 ,-0.0819,-0.1688],[-0.0834, 0.3124,-0.9795, 3.5602,-0.8408],[-0.9676, 0.0487,-0.1021,-0.1535],0.2135
603,[-0.9691,-0.0489, 0.1815,-0.2055],[ 0.0383, 0.0687, 0.0524, 0.0616,-0.1058],[-0.9677,-0.1013, 0.2205,-0.1903],0.1467
610,[-0.9646, 0.0791,-0.0221,-0.2004],[-1.0166,-0.9583,-0.0586,-0.7348,-1.5608],[-9.6569e-01, 5.6897e-02, 8.0955e-04,-1.8469e-01],0.2441
612,[-0.9701, 0.0957,-0.1121,-0.1794],[-0.3772, 0.9458,-0.8949, 1.9378,-2.0391],[-0.9705, 0.1061,-0.1207,-0.1637],0.1743
614,[-0.9697, 0.1392,-0.1912,-0.1812],[-0.0332, 0.8053,-0.4667, 2.3638,-0.9235],[-0.969 , 0.1643,-0.2163,-0.1662],0.1202
616,[-0.9666, 0.1502,-0.2811,-0.164 ],[ 0.1132, 0.0872,-0.1696,-0.116 ,-0.3766],[-0.9638, 0.1894,-0.3045,-0.1475],0.0917
620,[-0.9688,-0.083 , 0.0255,-0.1794],[-0.5641, 2.6079,-1.7651, 0.4075,-1.5035],[-0.9698,-0.0575, 0.0021,-0.1644],0.2326
621,[-0.9701,-0.1276, 0.1056,-0.1776],[-1.6303,-1.5004,-0.6207, 1.0734,-2.8428],[-0.9711,-0.12  , 0.0992,-0.1624],0.1749
623,[-0.9655,-0.1414, 0.1906,-0.1959],[-0.6491,-1.3186, 0.3589,-0.9007,-1.988 ],[-0.965 ,-0.1624, 0.2099,-0.1813],0.136
632,[-0.9614, 0.1778,-0.1362,-0.2348],[-0.0631,-0.5349, 0.5734,-0.2392,-1.032 ],[-0.9633, 0.1649,-0.1165,-0.2184],0.1768
634,[-0.9712, 0.1913,-0.2141,-0.1663],[ 0.5115, 1.0932,-0.9732, 2.4044,-1.3348],[-0.9711, 0.205 ,-0.2273,-0.1504],0.0941
636,[-0.9681, 0.2314,-0.3009,-0.1513],[ 1.577 , 0.7846,-0.5173, 3.4137,-0.8667],[-0.9662, 0.2576,-0.3231,-0.1358],0.0517
641,[-0.9666,-0.1897, 0.1396,-0.177 ],[-0.6036, 2.5088,-0.9399,-0.6317,-2.1926],[-0.9683,-0.1726, 0.1234,-0.1617],0.1547
643,[-0.9653,-0.2279, 0.2101,-0.189 ],[-0.5083,-1.5881, 1.7787, 8.3189,-2.3355],[-0.9665,-0.2248, 0.2022,-0.173 ],0.1099
645,[-0.9616,-0.2438, 0.3057,-0.2032],[-0.1737,-0.5893, 0.5479, 1.2799,-1.4843],[-0.96  ,-0.2633, 0.3241,-0.1877],0.0657
647,[-0.9587,-0.2632, 0.4221,-0.2462],[ 0.0678,-0.0618, 0.1313,-0.1235,-0.1506],[-0.9534,-0.291 , 0.4351,-0.2293],0.0271
656,[-0.9763, 0.2795,-0.3825,-0.1392],[-0.0331, 1.2413,-0.573 , 4.1706,-1.1929],[-0.9721, 0.3131,-0.4266,-0.1229],-0.025
663,[-0.9626,-0.29  , 0.2512,-0.1944],[-3.1251,-3.5559,-2.923 ,-2.5682,-4.3054],[-0.9646,-0.2825, 0.2372,-0.1801],0.0794
665,[-0.9612,-0.3119, 0.3066,-0.1835],[-3.6863,-5.2822,-2.6806,-2.9762,-5.7985],[-0.962 ,-0.3146, 0.3049,-0.168 ],0.0474
667,[-0.9579,-0.3244, 0.3958,-0.1482],[ 0.9955, 0.5008, 5.2955, 0.519 ,-0.5417],[-0.9553,-0.3377, 0.407 ,-0.1322],0.0145
700,[-0.9657,-0.0018, 0.0055,-0.3061],[-2.8877,-2.5655,-3.3884,-1.7797,-4.4452],[-0.967 ,-0.0033, 0.0072,-0.291 ],0.2533
701,[-0.9651,-0.0314, 0.0826,-0.3108],[-1.1424,-1.3833,-0.2818,-0.6865,-2.4214],[-0.9658,-0.0553, 0.1075,-0.2951],0.2148
702,[-0.9681, 0.0191,-0.0796,-0.2796],[ 0.4412, 1.3692,-0.958 ,-0.1324,-1.4417],[-0.9687, 0.0485,-0.1095,-0.2632],0.2062
704,[-0.9576, 0.0382,-0.1718,-0.2518],[-0.1441, 0.0249,-0.2387, 0.0184,-0.0356],[-0.9566, 0.0776,-0.1952,-0.2357],0.2032
710,[-0.9639, 0.0896,-0.0236,-0.306 ],[-1.408 ,-2.0868,-1.1842,-1.7709,-2.7747],[-0.9656, 0.0623, 0.0068,-0.2895],0.2436
712,[-0.9634, 0.1226,-0.1023,-0.3047],[-2.6243,-2.5178,-2.6367,-1.7121,-3.7842],[-0.9649, 0.1178,-0.0958,-0.2892],0.1982
714,[-0.96  , 0.1426,-0.1973,-0.2671],[-0.1034, 1.5301,-0.4586, 1.0778,-0.8507],[-0.9594, 0.1645,-0.2254,-0.2504],0.1466
720,[-0.9649,-0.0747, 0.0339,-0.2976],[-0.4634, 0.1512,-1.3596, 0.2669,-2.6386],[-0.9664,-0.0582, 0.0151,-0.2823],0.2432
721,[-0.9648,-0.1178, 0.1162,-0.312 ],[-4.8766,-5.8493,-4.8301,-4.0252,-7.333 ],[-0.9661,-0.1204, 0.1164,-0.2962],0.185
723,[-0.9617,-0.1459, 0.1862,-0.3141],[-0.5122,-1.5239,-0.2786, 0.791 ,-1.9996],[-0.9618,-0.1645, 0.2037,-0.2978],0.1475
732,[-0.9612, 0.1859,-0.1306,-0.3207],[-1.5812,-1.5511,-0.7839,-0.9005,-2.7802],[-0.9636, 0.1715,-0.1147,-0.3048],0.174
734,[-0.957 , 0.1958,-0.168 ,-0.2771],[-1.9659,-0.8881,-0.8688, 0.9827,-2.2919],[-0.9587, 0.1908,-0.1581,-0.2601],0.1653
741,[-0.9647,-0.1839, 0.1508,-0.2887],[-1.9904,-1.0299,-2.0616,-1.1129,-3.3645],[-0.9665,-0.1755, 0.1398,-0.2727],0.153
743,[-0.9619,-0.22  , 0.2143,-0.3033],[-1.5175,-3.9145, 0.8553, 2.5004,-4.2578],[-0.9632,-0.2237, 0.2139,-0.2867],0.1158
745,[-0.9594,-0.2445, 0.2962,-0.2977],[ 1.523 ,-0.0065, 1.1488, 5.3205,-1.3051],[-0.9584,-0.2637, 0.3153,-0.2811],0.0734
763,[-0.9589,-0.2893, 0.2596,-0.2663],[-3.9377,-4.3356,-4.0856,-3.7933,-5.1933],[-0.9609,-0.2867, 0.2486,-0.2501],0.0838
765,[-0.9593,-0.3063, 0.3102,-0.2772],[-2.7293,-5.4228,-3.5535,-3.3758,-6.4163],[-0.9599,-0.3138, 0.314 ,-0.2608],0.0496
800,[-0.9607, 0.0104, 0.0072,-0.4193],[-10.8032, -9.5808,-10.1015,-10.0486,-11.7366],[-0.9625, 0.0034, 0.0145,-0.4031],0.2688
801,[-0.9594,-0.0423, 0.075 ,-0.4224],[-1.1972,-1.5036,-0.3107,-0.2656,-2.5926],[-0.9609,-0.057 , 0.0899,-0.4067],0.2388
810,[-0.9592, 0.0659,-0.0486,-0.4166],[-2.0203,-1.7414,-1.5747,-0.8186,-3.0908],[-0.9611, 0.0623,-0.0458,-0.4001],0.2535
812,[-0.9622, 0.0994,-0.0938,-0.4193],[-7.4405,-6.7055,-7.4297,-6.8523,-8.2913],[-0.9641, 0.1018,-0.0959,-0.4038],0.2075
820,[-0.9625,-0.0674, 0.0344,-0.3982],[-1.2956,-0.0284,-1.1869,-0.7802,-2.0909],[-0.9644,-0.0566, 0.0239,-0.381 ],0.2519
821,[-0.9601,-0.1041, 0.1182,-0.4185],[ -9.7209,-10.0939, -9.3748, -8.9844,-11.0309],[-0.9615,-0.1132, 0.1252,-0.4019],0.1999
823,[-0.9592,-0.1492, 0.1836,-0.4137],[ 0.1132,-0.3025, 3.6503, 1.4158,-1.4712],[-0.9599,-0.1665, 0.1993,-0.3968],0.1547
832,[-0.959 , 0.188 ,-0.1405,-0.3943],[-1.7174,-1.4053,-1.902 ,-0.7532,-3.0808],[-0.9616, 0.1763,-0.122 ,-0.3777],0.1758
834,[-0.9568, 0.2151,-0.1727,-0.3985],[-3.6877,-2.9282,-4.2059,-3.1569,-4.6448],[-0.9594, 0.208 ,-0.1592,-0.3809],0.1556
841,[-0.9569,-0.1684, 0.166 ,-0.3753],[-1.3134,-1.9969,-1.4201,-1.719 ,-2.6369],[-0.9584,-0.1715, 0.1623,-0.3578],0.1723
843,[-0.9585,-0.199 , 0.2109,-0.399 ],[-5.414 ,-6.6003,-6.1858,-4.6436,-7.2102],[-0.9596,-0.2091, 0.2168,-0.3817],0.1314
845,[-0.959 ,-0.2346, 0.2846,-0.3781],[ 0.257 , 0.2294, 1.5957, 9.6005,-0.6623],[-0.9585,-0.2548, 0.3015,-0.3606],0.0825
900,[-0.9574, 0.0169,-0.0082,-0.5201],[-46.9394,-46.6369,-45.9705,-45.9226,-47.3934],[-0.9597, 0.0142,-0.0052,-0.5046],0.2943
901,[-0.9567,-0.0194, 0.0999,-0.5081],[-2.872 ,-3.5018,-3.5849,-0.8807,-4.3127],[-0.9581,-0.0466, 0.116 ,-0.4915],0.2427
921,[-0.9572,-0.086 , 0.1037,-0.5103],[-36.4001,-35.9848,-35.8667,-35.3068,-37.168 ],[-0.9591,-0.0959, 0.1098,-0.4925],0.2217
1010,[-0.9286, 0.0632,-0.043 , 0.5025],[ 1.0044,-0.1935, 1.7795,-0.4475, 0.3063],[-0.9266, 0.0569,-0.0287, 0.4894],0.4056
1012,[-0.9451, 0.0762,-0.0764, 0.5051],[0.7945,0.7977,0.864 ,0.3429,4.0478],[-0.9429, 0.0722,-0.0674, 0.5033],0.3112
1100,[-0.9437, 0.004 ,-0.0086, 0.4026],[ 1.0936, 3.8563, 3.3768, 0.0761,18.7018],[-0.942 , 0.0047,-0.0085, 0.3935],0.3467
1101,[-0.9477,-0.0441, 0.0661, 0.3992],[-0.1966,-1.2977, 3.444 ,-0.3273, 0.6248],[-0.9458,-0.0469, 0.0664, 0.4008],0.3114
1102,[-0.9468, 0.0469,-0.0664, 0.3998],[-0.2063, 4.7545,-0.6011,-0.2054, 3.122 ],[-0.9449, 0.0493,-0.0669, 0.3983],0.3138
1110,[-0.9441, 0.0609,-0.0453, 0.4331],[-0.0082,-0.4423, 5.3494,-0.5746, 0.8106],[-0.9423, 0.0549,-0.0364, 0.4372],0.3356
1112,[-0.947 , 0.0688,-0.0807, 0.4201],[ 1.1447,20.1968, 0.5939, 0.4007, 1.4301],[-0.945 , 0.0684,-0.0772, 0.4235],0.3007
1120,[-0.9425,-0.0695, 0.0305, 0.3867],[ 1.152 , 1.4877,-0.8462,-0.2355, 4.263 ],[-0.941 ,-0.0598, 0.0221, 0.3844],0.3429
1121,[-0.943 ,-0.0914, 0.0963, 0.388 ],[ 0.9346, 0.8473, 1.4558, 0.5532,16.8001],[-0.9414,-0.089 , 0.0899, 0.3836],0.3006
1123,[-0.935 ,-0.1508, 0.176 , 0.3931],[ 0.4805,-0.493 , 2.8462,-0.2417, 2.6133],[-0.9331,-0.1503, 0.1713, 0.3932],0.2697
1141,[-0.9425,-0.1691, 0.1218, 0.3761],[ 0.8337, 4.18  ,-0.3699, 0.4573, 2.8411],[-0.9416,-0.1578, 0.1222, 0.3843],0.2548
1143,[-0.9272,-0.2144, 0.2211, 0.3824],[0.6477,0.2955,1.429 ,0.6583,8.3816],[-0.9257,-0.2109, 0.2167, 0.3826],0.2473
1200,[-0.9375,-0.0127, 0.0044, 0.3031],[ 2.6892, 3.036 , 1.8995, 0.7168,51.4329],[-0.9362,-0.0113, 0.0046, 0.2921],0.3752
1201,[-0.941 ,-0.0384, 0.0707, 0.2958],[ 0.4912,-1.0473, 2.8637,-1.3052, 0.6946],[-0.9395,-0.0439, 0.0736, 0.2878],0.3349
1202,[-0.9421, 0.0367,-0.0722, 0.3085],[ 0.5708,23.4951,-0.2299,-0.807 , 0.6341],[-0.9405, 0.0426,-0.0752, 0.3024],0.3314
1210,[-0.9366, 0.0798,-0.0226, 0.2797],[-0.2093,-1.189 , 4.0713,-0.5016, 0.3855],[-0.9357, 0.0677,-0.0144, 0.2821],0.3631
1212,[-0.9418, 0.0915,-0.1036, 0.2945],[ 2.2994, 1.8101, 0.5707, 0.7842,19.1357],[-0.9405, 0.0917,-0.101 , 0.2848],0.2984
1214,[-0.9379, 0.1401,-0.1871, 0.2854],[ 0.0602,21.6805,-0.495 ,-0.1869, 1.5306],[-0.9359, 0.1448,-0.188 , 0.2869],0.2519
1220,[-0.9328,-0.0761, 0.0275, 0.3017],[-0.167 ,45.5783,-0.3326,-0.3685, 3.6798],[-0.9318,-0.066 , 0.0209, 0.3047],0.3795
1221,[-0.9409,-0.1053, 0.0997, 0.3117],[ 3.8622, 1.534 ,69.0006, 1.6005, 2.0142],[-0.9397,-0.101 , 0.0909, 0.3146],0.302
1223,[-0.9405,-0.1464, 0.1826, 0.3037],[ 1.1593,-0.3614,15.5518,-0.1758, 0.286 ],[-0.9387,-0.1488, 0.1821, 0.3091],0.2442
1232,[-0.9305, 0.2004,-0.1155, 0.2719],[ 0.4849, 0.0124, 4.7657,-0.0832, 1.2123],[-0.931 , 0.1839,-0.1042, 0.2772],0.293
1234,[-0.9323, 0.2125,-0.2238, 0.279 ],[ 0.9668, 5.2867,-0.3721, 1.235 , 5.2498],[-0.9313, 0.2099,-0.2149, 0.2736],0.2264
1236,[-0.9356, 0.2567,-0.2928, 0.2812],[ 1.4049, 9.9153,-0.6723, 1.2655, 1.1271],[-0.9338, 0.2565,-0.2889, 0.2831],0.1636
1240,[-0.9407,-0.1779, 0.0467, 0.2752],[-1.6964,-0.7321,-1.634 ,-1.3459,-1.1054],[-0.9412,-0.1507, 0.0317, 0.261 ],0.2995
1241,[-0.9382,-0.1943, 0.1254, 0.2922],[ 0.9062,17.2871, 0.5891, 0.0561, 2.5143],[-0.9383,-0.1788, 0.1152, 0.3009],0.2621
1243,[-0.9416,-0.2075, 0.2109, 0.3023],[ 0.9212, 0.7322,28.7411, 0.6752, 1.3426],[-0.9406,-0.2028, 0.2012, 0.308 ],0.2047
1245,[-0.949 ,-0.2403, 0.283 , 0.291 ],[-0.2879,-0.5639, 5.7311, 0.1549, 1.3936],[-0.9469,-0.2411, 0.2797, 0.3032],0.1325
1254,[-0.9295, 0.3035,-0.2311, 0.2759],[ 0.5251,-0.0248,-0.867 , 0.4263, 0.8762],[-0.9311, 0.2873,-0.204 , 0.278 ],0.1975
1256,[-0.9297, 0.3421,-0.3042, 0.264 ],[ 1.3064,13.9117,-0.2299, 1.1158, 2.0462],[-0.9308, 0.3319,-0.2813, 0.2743],0.1433
1261,[-0.9331,-0.2906, 0.1623, 0.2638],[-1.1603,-0.032 ,-2.1703,-1.2156,-0.9517],[-0.9354,-0.2663, 0.1382, 0.2778],0.2221
1263,[-0.9349,-0.3036, 0.2329, 0.2933],[ 1.3113,10.6186, 0.3411, 0.9048, 0.4551],[-0.9361,-0.2887, 0.219 , 0.3027],0.1743
1265,[-0.9219,-0.3417, 0.3461, 0.3155],[1.1755,0.0784,7.672 ,1.7003,2.4989],[-0.9212,-0.3362, 0.3342, 0.3246],0.1465
1267,[-0.9281,-0.3639, 0.3916, 0.259 ],[-0.1111,-1.0809, 0.5671,-0.5118,-0.6135],[-0.9268,-0.3607, 0.3832, 0.2709],0.0938
1300,[-0.9194,-0.0266, 0.0303, 0.1487],[  1.113 ,  1.727 ,  1.4799,  1.3464,309.7188],[-0.9188,-0.0273, 0.0323, 0.1423],0.4319
1301,[-0.9179,-0.0458, 0.0664, 0.1428],[ 0.2457,-0.5223,81.229 , 0.911 , 0.5572],[-0.9172,-0.0484, 0.0667, 0.1462],0.4195
1302,[-0.9266, 0.041 ,-0.0697, 0.1683],[ 0.3804,15.7972,-0.8165, 0.7572, 1.0492],[-0.9257, 0.0454,-0.071 , 0.1651],0.3861
1310,[-0.9271, 0.0754,-0.0296, 0.1729],[-6.3046,-7.1923,-5.2725,-6.2066,-7.098 ],[-0.9267, 0.0659,-0.0194, 0.1723],0.3968
1311,[-0.9291, 0.0581, 0.0568, 0.1791],[-2.369 ,-2.342 ,-1.831 ,-2.5879,-1.8735],[-0.9282, 0.0395, 0.0596, 0.1939],0.3921
1312,[-0.9296, 0.094 ,-0.0964, 0.175 ],[ 0.746 ,10.3007,-0.2051, 3.4724, 4.5094],[-0.9289, 0.0924,-0.0898, 0.1726],0.3457
1314,[-0.9385, 0.1449,-0.1861, 0.1886],[ 1.11  ,17.3763,-0.7241, 0.7843, 0.4438],[-0.937 , 0.1502,-0.1879, 0.1887],0.2463
1320,[-0.9214,-0.0693, 0.0367, 0.1799],[ 0.9891,89.1944,-0.8738, 0.4276, 0.8952],[-0.9208,-0.0637, 0.0349, 0.1857],0.4168
1321,[-0.9226,-0.082 , 0.0933, 0.1694],[  1.0132,  1.1738,167.9465,  0.5577,  0.7665],[-0.9218,-0.0823, 0.0899, 0.1758],0.3763
1322,[-0.9351,-0.0646,-0.0685, 0.1359],[-2.4418,-1.5055,-2.9426,-2.1202,-2.1843],[-0.9343,-0.0391,-0.0855, 0.1477],0.354
1323,[-0.929 ,-0.146 , 0.181 , 0.1759],[ 0.0815,-0.4114,15.6678,-0.2311, 1.3111],[-0.9277,-0.1493, 0.1805, 0.1835],0.2802
1332,[-0.9295, 0.1864,-0.137 , 0.1906],[-2.6493,-3.4952,-2.4094,-2.7264,-3.342 ],[-0.9297, 0.1752,-0.1223, 0.1966],0.2921
1334,[-0.9321, 0.2066,-0.2137, 0.1783],[ 0.4756,10.8007, 0.1498, 3.3462, 3.0302],[-0.9315, 0.2044,-0.2041, 0.1835],0.2335
1336,[-0.9347, 0.2485,-0.2949, 0.1883],[ 0.2285,17.7311,-0.2712, 0.3297, 0.3412],[-0.9327, 0.2511,-0.2935, 0.198 ],0.1691
1340,[-0.945 ,-0.1837, 0.0313, 0.1558],[-2.4574,-2.1987,-3.1069,-2.621 ,-1.89  ],[-0.946 ,-0.1503, 0.015 , 0.17  ],0.2857
1341,[-0.9348,-0.201 , 0.1257, 0.19  ],[ 0.9198,10.1069, 0.0657, 0.0399, 0.1224],[-0.9354,-0.1856, 0.1151, 0.2002],0.2698
1343,[-0.9382,-0.2217, 0.2081, 0.1773],[ 1.1444, 0.887 ,24.014 , 1.5798, 0.4166],[-0.938 ,-0.2156, 0.1954, 0.1886],0.2106
1345,[-0.9373,-0.2543, 0.3027, 0.1913],[ 3.9268,-0.9361, 2.3933, 4.9593, 1.6809],[-0.9353,-0.2566, 0.3019, 0.2022],0.152
1354,[-0.9308, 0.2985,-0.2423, 0.1828],[-1.3075,-2.0733,-1.7749,-1.0426,-2.1758],[-0.9322, 0.2863,-0.2215, 0.1914],0.1869
1356,[-0.9256, 0.3243,-0.3308, 0.1758],[2.3212,6.7371,0.1294,1.1361,0.3532],[-0.9252, 0.321 ,-0.3192, 0.1877],0.1453
1361,[-0.9306,-0.2884, 0.1497, 0.1859],[-2.6323,-1.5814,-2.919 ,-1.9572,-2.6414],[-0.9335,-0.2626, 0.1177, 0.1989],0.241
1363,[-0.9305,-0.3086, 0.2298, 0.1677],[0.1841,1.5256,0.0426,6.6803,0.3176],[-0.9326,-0.2935, 0.2041, 0.1805],0.19
1365,[-0.9272,-0.3533, 0.3259, 0.1659],[ 0.9085, 0.1291,11.3056, 3.5798, 0.2224],[-0.9281,-0.3466, 0.3087, 0.176 ],0.1303
1367,[-0.937 ,-0.3773, 0.413 , 0.186 ],[ 0.3467,-0.9382, 1.9055, 0.1199,-0.136 ],[-0.9353,-0.3755, 0.409 , 0.1973],0.051
1376,[-0.9275, 0.3929,-0.3844, 0.2123],[-1.5759,-1.0939,-1.4097,-0.9117,-1.9211],[-0.9279, 0.3874,-0.3683, 0.2233],0.0855
1378,[-0.9311, 0.4052,-0.4264, 0.1684],[ 2.4666,12.5644,-0.2687, 2.3957, 0.6363],[-0.9303, 0.4023,-0.4159, 0.1816],0.0498
1385,[-0.934 ,-0.3913, 0.3873, 0.1946],[-0.233 ,-0.9152,-0.6367, 0.6126,-1.4753],[-0.9342,-0.3862, 0.3723, 0.2062],0.0656
1387,[-0.9296,-0.3972, 0.4127, 0.1465],[ 1.1436,-0.0125, 7.4137, 5.1433, 0.3386],[-0.9291,-0.3945, 0.4022, 0.1606],0.0595
1400,[-0.9183,-0.0213, 0.0238, 0.0674],[1.2276e-01,7.0334e+02,1.6725e+00,1.0557e+00,1.9697e+00],[-0.918 ,-0.0221, 0.0273, 0.0719],0.4384
1401,[-0.9177,-0.0442, 0.0669, 0.0706],[  0.4258, -0.6457,331.569 ,  0.8251,  0.4852],[-0.9172,-0.0474, 0.0683, 0.0724],0.4223
1402,[-0.9166, 0.0356,-0.0687, 0.0488],[ 8.7242e-01, 9.5743e+01,-3.2638e-01, 8.0703e-01, 6.2207e-02],[-0.9161, 0.0403,-0.0702, 0.0599],0.4255
1410,[-0.9182, 0.0652,-0.0401, 0.0423],[-19.594 ,-19.2651,-17.8076,-19.3782,-19.1449],[-0.9182, 0.0609,-0.036 , 0.0471],0.4317
1411,[-0.9225, 0.0565, 0.0585, 0.0307],[-1.8628,-2.8732,-1.7654,-2.2947,-2.1609],[-0.9223, 0.0386, 0.0625, 0.043 ],0.418
1412,[-0.9184, 0.0776,-0.083 , 0.0431],[-2.7409, 0.9094,-4.385 ,-1.7152, 0.6461],[-0.9182, 0.0778,-0.0797, 0.046 ],0.3981
1414,[-0.9415, 0.1472,-0.1865, 0.0537],[ 0.4554, 9.1601,-0.4435, 4.2888,-0.2295],[-0.9404, 0.154 ,-0.1899, 0.0646],0.2308
1420,[-0.9185,-0.0611, 0.048 , 0.0489],[ 3.9480e-02, 2.1424e+02,-3.4031e-02, 7.4499e-01, 6.3102e-01],[-0.9184,-0.0589, 0.0474, 0.0576],0.429
1421,[-0.9193,-0.0707, 0.0788, 0.0508],[  3.7162,  0.549 ,261.6679,  1.3682,  0.4877],[-0.919 ,-0.0713, 0.0767, 0.0584],0.4031
1423,[-0.9236,-0.1435, 0.1816, 0.0498],[-0.0439,-1.081 , 1.9684,31.7386, 1.1037],[-0.9227,-0.1485, 0.183 , 0.0632],0.2971
1430,[-0.9113, 0.1824,-0.0185, 0.0804],[-1.9775,-2.868 ,-0.6194,-1.7839,-1.9141],[-0.913 , 0.1604,-0.0141, 0.066 ],0.401
1432,[-0.9241, 0.1839,-0.1386, 0.0819],[-3.2176,-3.4829,-2.7789,-3.3444,-3.2374],[-0.9248, 0.175 ,-0.1248, 0.0839],0.3108
1434,[-0.9343, 0.2031,-0.2236, 0.0691],[ 0.7409, 4.737 ,-0.3064, 5.8042, 0.8832],[-0.9336, 0.2048,-0.2201, 0.0814],0.2195
1436,[-0.9351, 0.2491,-0.3025, 0.0597],[ 1.7479,11.0115,-0.3832, 0.8191, 1.3193],[-0.9332, 0.2549,-0.3051, 0.0678],0.1594
1440,[-0.9293,-0.1925, 0.034 , 0.0695],[-1.4176,-1.8036,-2.4266,-2.5688,-2.3022],[-0.931 ,-0.164 , 0.0148, 0.0846],0.3437
1441,[-0.9311,-0.1914, 0.1343, 0.0685],[ 0.7018, 0.1997,-0.9163, 4.598 ,-0.6885],[-0.932 ,-0.1795, 0.1179, 0.0797],0.2844
1443,[-0.9307,-0.2065, 0.2088, 0.0566],[ 0.8726, 0.7344,25.6795, 2.0004, 0.5436],[-0.9305,-0.2049, 0.2014, 0.0696],0.2381
1445,[-0.9351,-0.2553, 0.3011, 0.0485],[ 0.9755,-0.5869, 1.4277, 3.6941, 1.4362],[-0.9336,-0.2599, 0.3021, 0.0615],0.1558
1454,[-0.9278, 0.2957,-0.266 , 0.0878],[-1.229 ,-0.9489,-0.115 ,-0.163 ,-1.2381],[-0.9285, 0.29  ,-0.2611, 0.0985],0.1802
1456,[-0.932 , 0.3155,-0.3442, 0.0621],[ 0.991 , 3.6858,-0.1151, 4.8504, 0.5112],[-0.9309, 0.3163,-0.3394, 0.0758],0.1217
1458,[-0.9246, 0.3494,-0.4   , 0.0407],[ 1.6417,13.1289,-0.9871, 1.7082, 0.9764],[-0.9227, 0.3519,-0.3984, 0.0525],0.0969
1461,[-0.9264,-0.2845, 0.1632, 0.0915],[-2.1471,-1.4017,-2.5095,-2.0967,-1.3361],[-0.9292,-0.2653, 0.1437, 0.1053],0.2433
1463,[-0.9288,-0.3067, 0.2431, 0.0807],[ 0.4989,-0.0766,-0.2198, 0.8356,-1.4762],[-0.9307,-0.2961, 0.2262, 0.0936],0.1858
1465,[-0.9311,-0.3292, 0.3238, 0.0561],[ 1.0204, 0.2067,15.1793, 1.7416, 0.1823],[-0.9313,-0.3266, 0.3144, 0.0688],0.1275
1467,[-0.9284,-0.37  , 0.4096, 0.0548],[ 8.5652e-01,-2.5902e-01, 9.9176e+00, 2.7941e-01, 4.3824e-03],[-0.9269,-0.371 , 0.4056, 0.0674],0.0775
1476,[-0.9278, 0.3965,-0.369 , 0.0189],[-0.741 ,-0.7956,-0.2266,-0.1563,-0.9921],[-0.9291, 0.3934,-0.3588, 0.0262],0.0829
1478,[-0.9397, 0.4092,-0.4637, 0.0658],[ 0.7249, 2.0656,-0.6297, 5.5731,-0.267 ],[-0.9374, 0.4097,-0.4616, 0.0801],0.0067
1485,[-0.916 ,-0.3964, 0.3534, 0.0642],[-1.7164,-0.8924,-0.6404,-0.0655,-2.3989],[-0.9178,-0.3917, 0.3414, 0.0791],0.1215
1487,[-0.926 ,-0.3956, 0.4225, 0.051 ],[ 0.9841,-0.1934, 1.5152, 9.821 ,-0.263 ],[-0.925 ,-0.3955, 0.4169, 0.0663],0.0628
1500,[-0.9182,-0.016 , 0.0094,-0.0551],[  1.3454,  1.3778,  2.1126,168.9395,  1.1221],[-0.9184,-0.0149, 0.0082,-0.0425],0.4427
1501,[-0.9182,-0.04  , 0.0713,-0.038 ],[-14.7383,-15.8978,-12.8899,-14.975 ,-14.4699],[-0.9181,-0.045 , 0.0738,-0.0353],0.4191
1502,[-0.9153, 0.0287,-0.0728,-0.0593],[-16.5992,-15.9023,-18.0371,-16.5238,-16.7323],[-0.9152, 0.0355,-0.076 ,-0.0514],0.429
1503,[-0.9177,-0.0499, 0.175 ,-0.1073],[-0.8864,-1.6631,-0.7001,-0.9032,-0.8861],[-0.916 ,-0.0703, 0.1974,-0.0919],0.3639
1504,[-0.9279, 0.0461,-0.1723,-0.0916],[-1.1696, 0.2944,-1.576 ,-1.2644,-1.2649],[-0.926 , 0.0711,-0.2016,-0.0821],0.3015
1510,[-0.9188, 0.0648,-0.0411,-0.0606],[-21.2278,-21.7531,-19.9747,-20.3508,-21.1129],[-0.9192, 0.0609,-0.0371,-0.056 ],0.43
1511,[-0.9133, 0.0769, 0.0569,-0.0031],[-0.5591,-1.5112,-0.5278,-0.9808,-0.9681],[-0.9131, 0.0532, 0.0963, 0.0126],0.4138
1512,[-0.9171, 0.0781,-0.0857,-0.0643],[-11.952 , -9.1089,-12.9596, -8.2343,-11.4267],[-0.9173, 0.0789,-0.0831,-0.0561],0.4032
1514,[-0.9291, 0.1362,-0.1853,-0.0576],[ 0.8404,17.1252,-0.4099, 0.3347,-0.86  ],[-0.9283, 0.1451,-0.1908,-0.0468],0.2752
1520,[-0.9185,-0.0632, 0.0453,-0.0689],[  0.4269,124.6038, -0.1769,  2.5634,  0.2282],[-0.9189,-0.0607, 0.0449,-0.0623],0.4276
1521,[-0.9185,-0.0727, 0.0782,-0.0614],[ 1.6941, 0.1033,32.9722,30.6755, 0.3695],[-0.9187,-0.0734, 0.0762,-0.0557],0.405
1522,[-0.9144,-0.0676,-0.0685,-0.0779],[-1.7388,-0.482 ,-1.7033,-0.8353,-1.3537],[-0.9145,-0.0462,-0.0836,-0.0723],0.4255
1523,[-0.9247,-0.1386, 0.1828,-0.0566],[ 3.6028,-1.0826, 1.598 ,28.4636,-0.4036],[-0.924 ,-0.1457, 0.1867,-0.0428],0.2939
1532,[-0.9245, 0.179 ,-0.1467,-0.0685],[-1.749 ,-1.9577,-2.4341,-1.4302,-2.7223],[-0.9255, 0.1734,-0.138 ,-0.061 ],0.3012
1534,[-0.9295, 0.1989,-0.2193,-0.0547],[ 2.023 , 2.224 ,-0.6695, 2.1266,-0.4943],[-0.9292, 0.2024,-0.22  ,-0.0426],0.237
1536,[-0.9356, 0.2473,-0.3096,-0.0587],[ 0.5236, 7.4253,-0.451 , 0.4888,-0.396 ],[-0.9337, 0.2564,-0.316 ,-0.049 ],0.1513
1541,[-0.9368,-0.1843, 0.1399,-0.0777],[-0.5533,-1.1114,-0.733 ,-0.1862,-1.5036],[-0.938 ,-0.1748, 0.1262,-0.067 ],0.26
1543,[-0.9315,-0.2118, 0.2169,-0.0639],[ 0.7782, 0.0402, 2.3717,14.1701, 0.4932],[-0.9317,-0.2124, 0.2123,-0.0489],0.2269
1545,[-0.9379,-0.2498, 0.2994,-0.0646],[ 1.0607,-0.9113, 6.2831, 0.4505, 0.0433],[-0.9365,-0.2577, 0.3037,-0.0523],0.1487
1554,[-0.945 , 0.3037,-0.2432,-0.0786],[ 0.0833,-0.4121,-0.1851, 0.6312,-0.1831],[-0.9473, 0.2941,-0.2318,-0.063 ],0.129
1556,[-0.9356, 0.3056,-0.3531,-0.0447],[ 0.7322, 2.4216,-0.1799, 3.2107,-0.475 ],[-0.934 , 0.3112,-0.3554,-0.0312],0.1063
1558,[-0.9317, 0.3556,-0.4175,-0.0401],[ 0.488 , 6.6585,-0.5883, 1.9085,-0.5656],[-0.9292, 0.3603,-0.4201,-0.0254],0.072
1563,[-0.9423,-0.2899, 0.2646,-0.0687],[ 0.2091, 0.1196, 0.3633, 0.5924,-0.476 ],[-0.9433,-0.2864, 0.2602,-0.0544],0.1337
1565,[-0.9338,-0.3277, 0.3359,-0.0637],[ 1.0466,-0.3837, 1.4935,14.1636,-0.5507],[-0.9337,-0.3291, 0.3342,-0.0481],0.1098
1567,[-0.9337,-0.366 , 0.4198,-0.0652],[ 0.0349,-0.1616, 5.8382, 8.2559,-0.3803],[-0.9316,-0.3706, 0.4219,-0.0503],0.0561
1576,[-0.9254, 0.4012,-0.3889,-0.0111],[-0.1708,-0.0463,-0.4282, 0.2975,-0.6745],[-0.9261, 0.4001,-0.3824, 0.0046],0.0775
1578,[-0.9273, 0.3987,-0.4069,-0.0661],[ 0.7052, 2.1007,-0.2747, 3.2522,-0.9089],[-0.9271, 0.3999,-0.4061,-0.0506],0.0641
1585,[-0.9429,-0.3955, 0.3656,-0.0753],[-0.1693,-1.1268,-0.3063, 0.8178,-1.3906],[-0.9445,-0.393 , 0.3542,-0.0623],0.0422
1587,[-0.9262,-0.3944, 0.4248,-0.048 ],[ 0.006 ,-0.4798, 4.9194, 4.3387,-1.2044],[-0.9252,-0.3961, 0.4205,-0.0324],0.0588
1600,[-0.9175,-0.0078, 0.0031,-0.169 ],[-34.6797,-34.1459,-35.2009,-34.4578,-36.0926],[-0.9182,-0.0071, 0.0022,-0.1615],0.447
1601,[-0.9166,-0.0372, 0.0725,-0.1767],[-12.4727,-13.5898,-11.4445,-10.7568,-12.7296],[-0.9171,-0.0435, 0.0767,-0.1741],0.421
1602,[-0.9137, 0.0364,-0.0727,-0.1722],[-3.5754,-2.4666,-6.2083,-2.2502,-5.3643],[-0.9141, 0.0425,-0.0764,-0.1694],0.427
1603,[-0.9291,-0.0438, 0.1756,-0.1726],[-0.4437,-0.7135, 0.0477,-0.2503,-0.2336],[-0.9277,-0.0701, 0.1973,-0.177 ],0.3107
1610,[-0.9177, 0.0648,-0.042 ,-0.1712],[-20.9552,-21.1951,-19.8637,-20.0602,-21.7928],[-0.9186, 0.061 ,-0.0368,-0.164 ],0.4309
1612,[-0.916 , 0.0761,-0.0867,-0.1746],[-22.5696,-20.6754,-24.0244,-20.2519,-23.4617],[-0.9166, 0.0779,-0.0852,-0.1657],0.4051
1614,[-0.9242, 0.1372,-0.1837,-0.1691],[ 0.25  , 3.0901,-0.4568, 1.8003,-0.7176],[-0.9239, 0.1464,-0.1897,-0.159 ],0.2934
1616,[-0.9427, 0.15  ,-0.2796,-0.1348],[-0.1646,-0.1626,-0.4718, 0.0071,-0.2334],[-0.9399, 0.1741,-0.2916,-0.1494],0.1794
1620,[-0.9155,-0.0653, 0.0438,-0.1606],[ 0.3562, 1.6506,-0.8702,70.3707,-0.8527],[-0.9163,-0.0619, 0.0395,-0.15  ],0.4339
1621,[-0.9171,-0.0762, 0.0783,-0.1683],[ 0.4762, 0.6054, 5.0834,63.3341,-0.276 ],[-0.9177,-0.0767, 0.0763,-0.157 ],0.404
1622,[-0.9228,-0.0594,-0.0658,-0.172 ],[-0.6991, 0.4855,-1.5231,-0.6506,-0.0796],[-0.9231,-0.0341,-0.0977,-0.1556],0.4013
1623,[-0.9279,-0.143 , 0.1855,-0.1879],[ 1.1003,-1.5351, 3.5314, 1.8134,-0.6829],[-0.9277,-0.1518, 0.1916,-0.175 ],0.278
1632,[-0.9334, 0.1829,-0.1443,-0.1776],[-0.5876,-1.3323,-1.3382,-1.0709,-1.4509],[-0.9349, 0.1755,-0.1324,-0.1678],0.268
1634,[-0.9256, 0.2065,-0.2109,-0.1859],[ 1.0963, 0.4889,-1.1703, 3.1176,-0.6545],[-0.9262, 0.2086,-0.2087,-0.1712],0.2484
1636,[-0.9405, 0.2182,-0.3059,-0.1595],[ 0.2652, 2.2676,-0.6512, 1.5292,-0.3218],[-0.9381, 0.2342,-0.3179,-0.1458],0.1478
1641,[-0.9425,-0.1807, 0.1472,-0.1854],[-1.8292,-2.4822,-1.4965,-1.3047,-2.4356],[-0.944 ,-0.1735, 0.1338,-0.1733],0.2347
1643,[-0.9387,-0.2101, 0.2149,-0.1948],[ 0.2931, 0.4123,20.2453, 2.9155, 0.0706],[-0.9393,-0.2121, 0.2115,-0.1807],0.2006
1645,[-0.9342,-0.2568, 0.3025,-0.1876],[ 0.495 ,-0.2668,11.2083, 1.4471,-0.2987],[-0.9332,-0.2656, 0.3083,-0.1746],0.1534
1654,[-0.9378, 0.3068,-0.2695,-0.1439],[ 0.1686, 0.2268,-0.378 , 0.5206, 0.018 ],[-0.9395, 0.3038,-0.2669,-0.1275],0.1341
1656,[-0.9304, 0.3305,-0.3309,-0.189 ],[ 0.4315, 1.3694, 0.0666, 4.2684,-0.5153],[-0.9309, 0.3329,-0.3282,-0.1725],0.1198
1658,[-0.9238, 0.3875,-0.3901,-0.1701],[ 0.1446, 3.4519,-0.6309, 1.97  ,-0.7099],[-0.9239, 0.3903,-0.3929,-0.1536],0.0835
1663,[-0.9494,-0.292 , 0.2637,-0.1917],[ 0.0656,-0.0579, 1.9853, 2.139 ,-0.4992],[-0.951 ,-0.2894, 0.2564,-0.176 ],0.1093
1665,[-0.9357,-0.3145, 0.3386,-0.1881],[ 0.4425,-0.5452, 1.4144,17.6046,-0.6251],[-0.9353,-0.3196, 0.3399,-0.1721],0.1065
1667,[-0.9318,-0.349 , 0.4107,-0.1781],[ 2.6716, 0.182 ,17.3489, 1.8585,-0.5432],[-0.9296,-0.3567, 0.4145,-0.1635],0.0704
1678,[-0.9239, 0.3916,-0.3942,-0.1454],[ 0.0197, 0.7676, 0.1168, 4.7861,-0.6178],[-0.924 , 0.394 ,-0.3967,-0.1291],0.0796
1685,[-0.938 ,-0.391 , 0.3654,-0.1498],[ 0.0657,-0.7159,-0.3468, 1.1276,-1.3636],[-0.9395,-0.3911, 0.3605,-0.1336],0.0539
1687,[-0.9311,-0.3985, 0.4342,-0.1573],[ 0.0218,-0.4565, 0.9682,10.2199,-1.7564],[-0.9299,-0.4026, 0.4331,-0.1424],0.036
1700,[-0.9233, 0.0036, 0.0034,-0.2886],[-22.1458,-22.5881,-22.2246,-21.3266,-23.3547],[-0.9246, 0.002 , 0.0053,-0.2814],0.4257
1701,[-0.9221,-0.0385, 0.0779,-0.2951],[-4.4443,-4.8823,-3.0381,-3.2239,-4.8571],[-0.923 ,-0.0468, 0.0845,-0.2882],0.397
1702,[-0.9159, 0.0413,-0.0728,-0.2724],[-4.1305,-3.8159,-5.0389,-3.829 ,-5.1113],[-0.9168, 0.0474,-0.0778,-0.2702],0.4215
1710,[-0.9208, 0.067 ,-0.0405,-0.2841],[-7.4161,-7.2716,-7.2498,-6.5961,-7.8494],[-0.9222, 0.0624,-0.0343,-0.2763],0.4169
1711,[-0.9502, 0.0641, 0.0591,-0.2984],[ 0.0335,-0.1687, 0.5928, 0.0865,-0.0881],[-0.9514, 0.0321, 0.0764,-0.2835],0.2906
1712,[-0.9188, 0.0849,-0.0915,-0.2842],[-22.3626,-21.5749,-23.2411,-21.175 ,-22.871 ],[-0.9199, 0.0868,-0.091 ,-0.277 ],0.3874
1714,[-0.9219, 0.1467,-0.1792,-0.295 ],[-0.0893, 2.6954,-0.7332, 1.7042,-0.4928],[-0.9223, 0.1545,-0.185 ,-0.2799],0.2987
1720,[-0.9224,-0.0669, 0.044 ,-0.2806],[-1.7889,-1.3709,-1.8113,-0.8748,-2.129 ],[-0.9237,-0.0622, 0.0374,-0.2689],0.4055
1721,[-0.9271,-0.1013, 0.118 ,-0.3038],[-10.3891,-11.7656,-10.1159, -9.8415,-11.4909],[-0.9281,-0.1056, 0.119 ,-0.2905],0.3333
1723,[-0.9339,-0.1467, 0.1853,-0.3179],[ 0.7767,-0.1958,15.0473, 2.0431,-0.3147],[-0.9342,-0.1568, 0.1917,-0.3023],0.253
1732,[-0.9401, 0.1907,-0.1348,-0.3128],[-1.045 ,-1.0673, 0.0426,-0.8564,-2.0485],[-0.9425, 0.181 ,-0.1238,-0.2995],0.2411
1734,[-0.9268, 0.2157,-0.2109,-0.3104],[ 0.4362, 3.8372,-0.0464, 3.9331,-1.0834],[-0.9281, 0.2174,-0.2087,-0.2955],0.2382
1736,[-0.9269, 0.2698,-0.2887,-0.3506],[ 0.8529, 1.556 ,-0.0646, 0.9768,-0.6015],[-0.9273, 0.2771,-0.2947,-0.3344],0.1735
1741,[-0.9437,-0.1763, 0.1562,-0.2969],[-0.8626,-1.2407, 0.0701, 0.469 ,-1.7975],[-0.9453,-0.1744, 0.1509,-0.282 ],0.2223
1743,[-0.9431,-0.2069, 0.2147,-0.3144],[ 0.7384,-0.0758, 2.1249,40.8069,-0.4153],[-0.944 ,-0.212 , 0.2155,-0.2976],0.1829
1745,[-0.9377,-0.2505, 0.3044,-0.3125],[ 0.5614, 0.0924,21.6092, 0.3938,-0.622 ],[-0.9367,-0.2631, 0.3139,-0.2964],0.1407
1756,[-0.9236, 0.3274,-0.3295,-0.3065],[ 0.0601, 1.0538, 0.5809, 4.8624,-1.1629],[-0.9242, 0.3322,-0.3331,-0.2896],0.1388
1763,[-0.9511,-0.2886, 0.2668,-0.2811],[ 1.4007,-0.2667, 2.0127, 0.8252,-0.5516],[-0.9529,-0.2889, 0.2607,-0.2661],0.1019
1765,[-0.943 ,-0.2997, 0.32  ,-0.297 ],[ 0.6097, 0.4883, 1.2982,19.501 ,-1.0248],[-0.9431,-0.3071, 0.3221,-0.2806],0.0971
1767,[-0.9326,-0.3262, 0.4   ,-0.2762],[ 0.36  ,-0.0783,21.1042, 0.9468,-0.6165],[-0.9302,-0.3372, 0.4064,-0.2607],0.0841
1800,[-0.9335, 0.0165, 0.0144,-0.4424],[-1.8311,-1.564 ,-1.3174,-0.2895,-3.6701],[-0.9354, 0.0093, 0.0218,-0.4268],0.3815
1801,[-0.9302,-0.0311, 0.0845,-0.442 ],[-0.0836,-1.3152, 2.3446, 2.6634,-1.8377],[-0.9316,-0.0441, 0.0956,-0.4262],0.3587
1802,[-0.9263, 0.0389,-0.069 ,-0.4489],[-0.4091, 0.5954,-0.8965, 0.3123,-1.1526],[-0.928 , 0.0464,-0.0775,-0.4317],0.3782
1803,[-0.9439,-0.0295, 0.1686,-0.3961],[ 0.0076,-0.5449,-0.0126, 0.1967,-0.0173],[-0.9435,-0.0631, 0.1873,-0.3793],0.2606
1810,[-0.9328, 0.0713,-0.0326,-0.446 ],[-1.0857,-1.3293,-0.6351,-0.2624,-2.1435],[-0.9349, 0.0635,-0.0234,-0.4314],0.3649
1812,[-0.9265, 0.1046,-0.0914,-0.4361],[-2.2138,-2.2178,-3.0601,-1.1483,-4.0761],[-0.9285, 0.1039,-0.0891,-0.4213],0.3466
1814,[-0.9186, 0.1557,-0.1752,-0.4335],[ 0.654 , 3.3993,-0.1624, 1.0808,-0.2866],[-0.9199, 0.1621,-0.1786,-0.4227],0.3095
1820,[-0.9254,-0.068 , 0.0408,-0.4243],[-0.6576, 0.3201,-0.9435, 1.171 ,-0.5953],[-0.9274,-0.063 , 0.0343,-0.4095],0.3959
1821,[-0.9335,-0.1007, 0.1315,-0.4414],[ 0.6009, 0.2498, 1.8959,25.7403,-0.2498],[-0.9348,-0.1102, 0.1387,-0.4241],0.2963
1823,[-0.9387,-0.1463, 0.1832,-0.4361],[ 0.6337, 0.0964, 1.6851,37.2003,-0.4327],[-0.9395,-0.1586, 0.1929,-0.4185],0.2321
1832,[-0.9417, 0.1914,-0.1515,-0.4204],[ 0.6514, 0.7029,-0.2121, 0.1716,-1.9656],[-0.9442, 0.1865,-0.1429,-0.4033],0.2243
1834,[-0.9291, 0.2115,-0.2031,-0.4371],[-0.0618, 6.5875,-0.4129, 8.3628,-0.9508],[-0.9309, 0.2142,-0.2021,-0.4203],0.2325
1841,[-0.9407,-0.1733, 0.1615,-0.3901],[ 0.2703, 0.144 ,-0.0377, 0.7009,-0.5938],[-0.9426,-0.1742, 0.1569,-0.3731],0.2294
1843,[-0.9432,-0.1971, 0.2193,-0.424 ],[ 0.2348, 0.0834, 0.5675,51.376 ,-1.0166],[-0.9441,-0.207 , 0.2249,-0.4064],0.1802
1845,[-0.9441,-0.2514, 0.2895,-0.3972],[ 1.0218,-0.1883, 0.8563,16.2396,-0.5591],[-0.9439,-0.2647, 0.3001,-0.3796],0.1228
1854,[-0.9129, 0.2816,-0.2768,-0.4653],[ 0.4559, 0.0125,-0.3895, 2.2353,-0.7854],[-0.9143, 0.2867,-0.282 ,-0.4473],0.2113
1856,[-0.9158, 0.3022,-0.302 ,-0.4353],[ 0.9215, 0.1123,-0.0578, 6.8048,-1.0804],[-0.9169, 0.308 ,-0.3078,-0.4202],0.1846
1865,[-0.9482,-0.2855, 0.2989,-0.3933],[-0.0815, 0.5997, 0.9515, 7.4668,-0.841 ],[-0.9489,-0.2949, 0.3019,-0.3757],0.0938
1900,[-0.9259, 0.0232, 0.0213,-0.6306],[-85.7197,-86.175 ,-86.2492,-85.3855,-87.7677],[-0.9286, 0.0137, 0.031 ,-0.613 ],0.412
1901,[-0.9252,-0.0284, 0.0816,-0.6022],[ 8.9072e-01, 5.5847e-02, 5.9133e+01, 2.4334e-03,-1.2220e+00],[-0.9273,-0.0407, 0.0903,-0.5861],0.3813
1910,[-0.9228, 0.0731,-0.0306,-0.6362],[-21.7726,-22.7376,-21.1509,-21.2539,-24.2856],[-0.9258, 0.066 ,-0.0228,-0.6183],0.4066
1912,[-0.9219, 0.1128,-0.0853,-0.6072],[-129.5595,-130.3128,-130.2689,-129.4299,-130.6391],[-0.9248, 0.1102,-0.0804,-0.5897],0.3636
1914,[-0.9176, 0.1548,-0.1775,-0.5485],[-1.8656,-1.1228,-2.9689,-1.4891,-2.279 ],[-0.919 , 0.1631,-0.1861,-0.5306],0.3092
1920,[-0.9152,-0.0643, 0.0388,-0.524 ],[-13.0008,-12.9792,-12.6536,-12.2646,-13.3492],[-0.9176,-0.0615, 0.0378,-0.5063],0.4396
1921,[-0.9319,-0.0852, 0.1221,-0.5589],[-7.3012,-8.2865,-7.2534,-7.2703,-9.9067],[-0.9336,-0.0966, 0.1319,-0.542 ],0.3105
1923,[-0.9385,-0.1431, 0.1812,-0.528 ],[ 1.2131,-0.4885,66.5858, 0.535 ,-0.8107],[-0.9396,-0.1569, 0.193 ,-0.5108],0.2318
1932,[-0.9221, 0.181 ,-0.1504,-0.6024],[ 0.7566, 0.5102,-1.627 ,13.5029,-1.9271],[-0.9251, 0.1805,-0.1469,-0.584 ],0.298
1934,[-0.9227, 0.2029,-0.186 ,-0.5667],[-1.9473, 2.2925,-2.6194,58.3167,-2.2916],[-0.9252, 0.2058,-0.1878,-0.5482],0.2656
1943,[-0.9374,-0.1822, 0.2129,-0.5202],[-0.2112, 1.2465,-0.2879,26.3733,-0.8973],[-0.9384,-0.1945, 0.2221,-0.5035],0.2067
2200,[-0.8995,-0.0277, 0.0181, 0.2794],[-25.9935,-25.9809,-25.9895,-26.4555,-25.5969],[-0.8983,-0.0262, 0.0173, 0.2731],0.3873
2201,[-0.8972,-0.0464, 0.0665, 0.2713],[-6.8999,-7.6289,-6.4471,-7.5148,-6.7748],[-0.8959,-0.0481, 0.0681, 0.2664],0.3544
2202,[-0.8958, 0.0239,-0.0678, 0.2827],[-6.1105,-5.6412,-7.1688,-6.3883,-5.749 ],[-0.8944, 0.0287,-0.0696, 0.2753],0.3553
2210,[-0.9   , 0.057 ,-0.0496, 0.2595],[-2.8518,-3.4321,-2.1548,-3.9493,-2.6874],[-0.8988, 0.0556,-0.0503, 0.2661],0.3712
2212,[-0.9017, 0.0975,-0.0873, 0.264 ],[-2.6322,-2.1365,-3.1603,-3.2752,-1.9066],[-0.9009, 0.0946,-0.0793, 0.2593],0.3482
2214,[-0.9049, 0.1477,-0.2068, 0.2798],[ 1.2234, 3.2464,-1.3974,-1.9475, 0.1654],[-0.9027, 0.1516,-0.203 , 0.2742],0.2716
2220,[-0.904 ,-0.0641, 0.0383, 0.2736],[-4.3511,-4.2544,-5.1556,-4.9038,-3.5961],[-0.9029,-0.06  , 0.0339, 0.2725],0.3947
2221,[-0.8998,-0.0791, 0.0851, 0.2665],[-7.7711,-9.2754,-8.2069,-9.0737,-7.7729],[-0.8986,-0.0785, 0.0813, 0.2637],0.3461
2232,[-0.8966, 0.2018,-0.0953, 0.3226],[-0.3882,-1.3781,-0.0212,-1.435 , 0.4854],[-0.8972, 0.1881,-0.0847, 0.309 ],0.2881
2234,[-0.8923, 0.2612,-0.1814, 0.33  ],[ 0.0954, 1.928 ,-1.0867,-0.4626, 0.2071],[-0.8933, 0.2504,-0.1669, 0.3434],0.2079
2241,[-0.8984,-0.2057, 0.1132, 0.2608],[-0.7325, 0.0505,-1.0879,-1.041 ,-0.2135],[-0.8993,-0.1912, 0.0815, 0.2476],0.2965
2243,[-0.8975,-0.2167, 0.2275, 0.301 ],[ 0.1468,-1.1412, 2.5318,-0.9671, 2.5486],[-0.8965,-0.2145, 0.2155, 0.2899],0.2141
2245,[-0.903 ,-0.2629, 0.302 , 0.2861],[ 0.2922,-1.0709, 3.1357, 0.149 , 0.1621],[-0.9011,-0.2622, 0.2927, 0.2961],0.1722
2254,[-0.892 , 0.2902,-0.2478, 0.2815],[2.1016,1.4192,1.5746,0.1361,3.9933],[-0.8928, 0.2827,-0.2261, 0.288 ],0.1658
2256,[-0.8964, 0.2958,-0.2853, 0.2549],[ 1.2829, 5.1045,-0.6074, 0.9119, 6.4181],[-0.8964, 0.2913,-0.2688, 0.2654],0.1552
2263,[-0.8874,-0.2794, 0.2671, 0.2764],[1.5006,2.5755,1.5757,0.8899,7.0654],[-0.8872,-0.275 , 0.252 , 0.2845],0.1392
2265,[-0.8881,-0.2844, 0.2864, 0.2635],[ 1.1974,-0.4004, 4.9495, 0.2008, 3.1744],[-0.8876,-0.2812, 0.2738, 0.2722],0.1281
2300,[-0.9065,-0.0332, 0.03  , 0.1555],[-84.7516,-84.2439,-84.6185,-85.3454,-83.1891],[-0.9059,-0.0325, 0.0292, 0.1482],0.4136
2301,[-0.908 ,-0.0468, 0.0705, 0.1494],[-31.1985,-31.9278,-29.7338,-31.5488,-29.8175],[-0.9072,-0.0495, 0.0712, 0.1475],0.4015
2302,[-0.9052, 0.0438,-0.0694, 0.1521],[-21.7229,-21.2608,-22.9242,-22.3757,-21.2231],[-0.9044, 0.0466,-0.0701, 0.1504],0.3908
2304,[-0.8977, 0.0459,-0.1742, 0.1924],[-2.3968,-1.9028,-2.9185,-2.2656,-1.9203],[-0.8952, 0.0588,-0.1722, 0.2061],0.2991
2310,[-0.9058, 0.0667,-0.0383, 0.1494],[-10.8205,-12.0228,-10.6566,-12.037 ,-10.1485],[-0.9053, 0.0619,-0.0309, 0.1457],0.405
2312,[-0.9053, 0.074 ,-0.0837, 0.1477],[-7.4626,-7.8478,-9.2147,-9.4018,-5.805 ],[-0.9047, 0.0742,-0.0794, 0.1448],0.3746
2314,[-0.8946, 0.1278,-0.181 , 0.1567],[-0.6091, 0.1739,-1.9935,-1.6762,-0.3661],[-0.8931, 0.1323,-0.1804, 0.1516],0.2543
2320,[-0.9059,-0.0652, 0.0412, 0.1765],[-18.3992,-16.93  ,-18.1339,-18.3134,-17.3615],[-0.9053,-0.0613, 0.0365, 0.1712],0.4033
2321,[-0.9058,-0.0759, 0.0945, 0.1663],[-44.7898,-46.5663,-43.7137,-45.4523,-43.424 ],[-0.9049,-0.0774, 0.0927, 0.1606],0.3679
2323,[-0.901 ,-0.1439, 0.1881, 0.1626],[-2.0572,-4.1042, 0.1873,-2.6968,-0.7939],[-0.8996,-0.1473, 0.1866, 0.1577],0.2697
2332,[-0.8977, 0.193 ,-0.1423, 0.1465],[-1.167 ,-2.1498,-0.5854,-1.6217,-0.9067],[-0.8984, 0.1847,-0.1229, 0.1359],0.2775
2334,[-0.8988, 0.2127,-0.2105, 0.1653],[ 1.5479, 4.2258,-0.4886, 0.1295, 7.6521],[-0.8985, 0.2098,-0.1973, 0.1565],0.2326
2340,[-0.9003,-0.1755, 0.0482, 0.2476],[-2.8802,-2.5364,-3.4266,-3.0135,-2.6966],[-0.9009,-0.1607, 0.0523, 0.234 ],0.3304
2341,[-0.8961,-0.1923, 0.1434, 0.1462],[-0.178 , 0.0327,-1.0922,-1.1778, 1.5439],[-0.8967,-0.1848, 0.1283, 0.1369],0.2685
2343,[-0.897 ,-0.2053, 0.2091, 0.1527],[ 3.0977,-0.9152, 4.726 ,-0.1497,12.431 ],[-0.8966,-0.2038, 0.2003, 0.1457],0.227
2345,[-0.892 ,-0.2499, 0.2948, 0.1714],[ 2.5276,-1.5653, 2.2123,-0.0704, 0.9727],[-0.8902,-0.2513, 0.2906, 0.1829],0.1425
2354,[-0.9031, 0.2922,-0.2387, 0.1668],[0.8599,1.7433,0.2743,0.9556,3.089 ],[-0.9045, 0.2846,-0.2241, 0.1672],0.206
2356,[-0.9018, 0.3156,-0.3267, 0.1839],[ 1.7941,10.6294,-0.1811, 0.0283, 0.7528],[-0.9012, 0.3132,-0.3147, 0.1953],0.1395
2361,[-0.904 ,-0.3044, 0.1579, 0.171 ],[-1.6412,-0.3608,-2.1985,-1.4908,-1.4916],[-0.9073,-0.2877, 0.1487, 0.1565],0.2507
2363,[-0.8984,-0.3189, 0.2375, 0.2058],[ 1.7976, 0.9622, 1.1495, 0.7358,20.7581],[-0.9008,-0.3083, 0.213 , 0.2001],0.1873
2365,[-0.8976,-0.3252, 0.3257, 0.1738],[ 0.0213,-0.7064,10.5569, 0.4151, 0.674 ],[-0.8975,-0.3225, 0.3131, 0.1849],0.1241
2385,[-0.8904,-0.3939, 0.3346, 0.136 ],[1.0825,0.2484,0.9719,9.7003,1.1295],[-0.8925,-0.3888, 0.3258, 0.1509],0.0736
2387,[-0.9029,-0.3893, 0.3931, 0.1357],[ 1.7303e+00,-6.1390e-01, 1.3634e+01, 2.8202e+00, 3.4510e-03],[-0.9029,-0.387 , 0.3813, 0.1475],0.0787
2400,[-0.9076,-0.0291, 0.0247, 0.0607],[  3.8401, 12.9421,  4.3015, -0.36  ,314.6975],[-0.9074,-0.0283, 0.0235, 0.047 ],0.4238
2401,[-0.9083,-0.0439, 0.0689, 0.0616],[ -0.5848, -0.739 ,100.6295, -0.3865,  0.5495],[-0.9079,-0.047 , 0.0693, 0.0517],0.4065
2402,[-0.9071, 0.0389,-0.071 , 0.061 ],[-12.9007,-11.7409,-14.1854,-13.7375,-11.5238],[-0.9066, 0.043 ,-0.073 , 0.0566],0.4008
2403,[-0.8981,-0.0514, 0.1673, 0.1233],[-2.006 ,-2.7122,-1.9481,-1.9091,-1.6389],[-0.8961,-0.064 , 0.1698, 0.1091],0.3012
2404,[-0.897 , 0.0483,-0.1725, 0.0577],[-3.0161,-1.9538,-3.3955,-2.7699,-2.537 ],[-0.8952, 0.0618,-0.1719, 0.0444],0.2977
2410,[-0.9054, 0.0666,-0.0376, 0.0662],[-13.9867,-14.5847,-12.9475,-14.3492,-13.1141],[-0.9053, 0.0619,-0.0306, 0.0595],0.4048
2411,[-0.9096, 0.0642, 0.057 , 0.0462],[-3.868 ,-3.8817,-3.5212,-3.9542,-3.2159],[-0.9093, 0.0459, 0.075 , 0.0316],0.4109
2412,[-0.9063, 0.0799,-0.0913, 0.0643],[ 0.8068,30.493 , 0.7667, 0.5246, 5.2399],[-0.9059, 0.0806,-0.0874, 0.0621],0.3731
2414,[-0.9017, 0.1436,-0.1858, 0.0424],[-0.4789, 2.0248,-3.5109,-1.8011, 0.065 ],[-0.9007, 0.148 ,-0.1867, 0.043 ],0.2736
2420,[-0.9044,-0.0665, 0.0407, 0.0563],[-4.6199,-5.5502,-6.5244,-6.7342,-4.7352],[-0.9044,-0.0626, 0.0359, 0.0448],0.3989
2421,[-0.9045,-0.0792, 0.0955, 0.0593],[ 0.6864, 0.4243, 5.9613, 0.094 ,82.9997],[-0.9042,-0.0808, 0.0937, 0.0458],0.3625
2423,[-0.9014,-0.1418, 0.1849, 0.0538],[-0.7564,-4.3833, 0.5394,-2.4297,-1.2963],[-0.9004,-0.1462, 0.1857, 0.052 ],0.2739
2430,[-0.9036, 0.1715,-0.0406, 0.0865],[-2.0677,-2.9184,-1.7077,-2.6654,-2.2154],[-0.9049, 0.1558,-0.0413, 0.0713],0.3546
2432,[-0.8973, 0.1877,-0.1349, 0.063 ],[-0.4395,-1.6413,-1.07  ,-1.8546, 2.0333],[-0.8982, 0.1802,-0.1218, 0.0555],0.2795
2434,[-0.8935, 0.197 ,-0.2168, 0.0547],[ 1.1172, 8.4031,-0.7829, 0.1237, 2.0395],[-0.8929, 0.1978,-0.2106, 0.057 ],0.2121
2436,[-0.8863, 0.2271,-0.288 , 0.0499],[ 3.8343, 5.472 ,-1.2668,-0.0251, 0.2203],[-0.8843, 0.2313,-0.2874, 0.054 ],0.1351
2440,[-0.8879,-0.1843, 0.0417, 0.099 ],[-3.0591,-2.6121,-3.7884,-3.3651,-3.1941],[-0.8895,-0.1683, 0.0316, 0.0842],0.2903
2441,[-0.8981,-0.1825, 0.1377, 0.0708],[ 0.4945,-0.1788,-0.1435, 0.9335,12.1619],[-0.8989,-0.1754, 0.1207, 0.0605],0.2851
2443,[-0.897 ,-0.1927, 0.2085, 0.0652],[ 0.5556,-0.5218,44.6725, 1.5521, 0.9259],[-0.8966,-0.1931, 0.2016, 0.0682],0.2311
2445,[-0.8915,-0.2392, 0.2927, 0.0658],[ 0.8452,-1.6767, 4.2406, 2.4146, 1.4197],[-0.8897,-0.2427, 0.2918, 0.0756],0.1449
2456,[-0.9025, 0.322 ,-0.3516, 0.0828],[ 0.2539, 7.9823,-0.3986,-0.0612, 0.7617],[-0.9014, 0.3222,-0.3438, 0.0952],0.1222
2458,[-0.9103, 0.3629,-0.3928, 0.046 ],[-0.1845, 1.8652,-1.7552, 2.2089,-0.0293],[-0.9093, 0.3635,-0.3863, 0.0561],0.1058
2463,[-0.9056,-0.3175, 0.2458, 0.0405],[ 1.5145, 1.1741, 1.0378,10.2089, 0.7829],[-0.9081,-0.3089, 0.2271, 0.0536],0.2051
2465,[-0.905 ,-0.3518, 0.3217, 0.055 ],[ 0.303 ,-0.3866, 3.1894, 6.3119, 0.3216],[-0.9064,-0.3478, 0.3071, 0.0691],0.143
2467,[-0.8957,-0.3621, 0.4163, 0.0447],[ 1.3938,-0.858 , 4.3399, 0.329 , 0.3068],[-0.8935,-0.3637, 0.4139, 0.0581],0.0475
2485,[-0.8967,-0.4008, 0.3591, 0.0425],[0.941 ,0.6062,1.465 ,7.7871,0.3428],[-0.8987,-0.3972, 0.3441, 0.0553],0.0793
2487,[-0.8925,-0.4015, 0.4267, 0.0574],[ 0.9811,-0.5869,13.9248, 2.541 , 0.4086],[-0.8917,-0.4011, 0.4177, 0.0685],0.0263
2500,[-0.9075,-0.0242, 0.0118,-0.0528],[  2.7869,  3.4719,  4.1019,  1.1934,385.3074],[-0.9078,-0.0221, 0.0078,-0.0683],0.4291
2501,[-0.9071,-0.0422, 0.0675,-0.0508],[ 3.4991e-01,-1.0777e+00, 1.3785e+02,-8.0761e-01,-1.0830e-01],[-0.9073,-0.0457, 0.0679,-0.0634],0.4051
2502,[-0.9068, 0.0256,-0.0679,-0.0767],[-1.8825,48.9299,-2.165 ,-1.4101,-1.1916],[-0.9069, 0.0315,-0.0695,-0.0902],0.4097
2510,[-0.9047, 0.0636,-0.0465,-0.067 ],[ 3.9183, 0.8552,36.38  ,-0.5929,-0.1694],[-0.9051, 0.0616,-0.0463,-0.0718],0.3983
2511,[-0.8993, 0.0589, 0.0588,-0.0224],[-2.1121,-2.4935,-2.1285,-2.1918,-1.9469],[-0.8995, 0.0448, 0.0576,-0.0365],0.3757
2512,[-0.9053, 0.076 ,-0.0867,-0.0633],[ 0.7521,98.9471, 0.2694, 1.2489, 0.4297],[-0.9055, 0.0773,-0.0843,-0.0703],0.3746
2514,[-0.9006, 0.1376,-0.1893,-0.0511],[ 0.8826, 0.8946,-3.5004,-1.9926,-1.6018],[-0.8997, 0.1439,-0.192 ,-0.0475],0.2698
2520,[-0.9051,-0.0687, 0.0445,-0.0744],[ 7.3999e-01, 1.4857e+02,-2.1637e-03, 1.6005e+00, 1.0847e+00],[-0.9056,-0.0657, 0.0441,-0.0844],0.3995
2521,[-0.9057,-0.0833, 0.0943,-0.0648],[4.8975e-01,4.4158e-01,4.9769e+02,2.5609e+00,1.8961e-01],[-0.9059,-0.0845, 0.0914,-0.0747],0.3694
2523,[-0.898 ,-0.1425, 0.185 ,-0.0594],[ 0.0639,-2.6559,12.9428, 0.608 , 0.2567],[-0.8974,-0.1476, 0.1868,-0.0633],0.2609
2530,[-0.8868, 0.1854,-0.0418,-0.0606],[-1.4951,-1.3951, 0.0544,-0.9543,-1.4172],[-0.8892, 0.169 ,-0.0265,-0.0758],0.2909
2532,[-0.8949, 0.1824,-0.1396,-0.0679],[-0.1111, 0.6646,-1.1617,-0.2883, 0.6303],[-0.8962, 0.1769,-0.1267,-0.0715],0.271
2534,[-0.8982, 0.196 ,-0.2109,-0.0586],[ 2.2112,22.0736, 0.0302, 0.286 ,-0.1626],[-0.8981, 0.1973,-0.2052,-0.0589],0.2332
2536,[-0.8907, 0.249 ,-0.2991,-0.0598],[-0.1166, 6.2606,-1.5201, 2.3873,-0.6314],[-0.8893, 0.2532,-0.2985,-0.0474],0.1366
2541,[-0.8961,-0.174 , 0.1415,-0.0553],[ 0.5129,-0.4334, 1.3512, 0.3056, 1.9976],[-0.8971,-0.1696, 0.1297,-0.0645],0.2766
2543,[-0.8991,-0.189 , 0.215 ,-0.0703],[16.6726,-0.449 , 7.3001, 2.1434,-0.2089],[-0.8988,-0.1919, 0.213 ,-0.0694],0.2339
2545,[-0.8834,-0.2344, 0.3006,-0.0575],[-0.8421,-0.6338, 7.1076, 0.7384,-1.0205],[-0.8816,-0.24  , 0.3026,-0.0576],0.1157
2556,[-0.8946, 0.2958,-0.364 ,-0.0082],[ 0.2176, 4.4177,-0.5592, 1.9177,-0.2749],[-0.8921, 0.3001,-0.3644, 0.005 ],0.0949
2563,[-0.899 ,-0.3032, 0.2627,-0.0138],[0.618 ,0.3729,0.4185,2.593 ,0.0122],[-0.9008,-0.2983, 0.2449,-0.0015],0.1769
2565,[-0.9045,-0.337 , 0.3472,-0.0542],[ 0.7994,-0.3523, 8.5343, 0.708 , 0.8691],[-0.9045,-0.3376, 0.3392,-0.0413],0.1262
2567,[-0.9063,-0.3705, 0.4052,-0.0818],[ 0.0536,-1.3611, 1.3177, 1.4606,-0.7072],[-0.9051,-0.3731, 0.4042,-0.0667],0.0802
2585,[-0.89  ,-0.4114, 0.3858,-0.0035],[ 0.3804, 0.1791, 0.9727, 2.3632,-0.2765],[-0.8916,-0.4097, 0.3716, 0.0063],0.0405
2587,[-0.8979,-0.4057, 0.4364,-0.0498],[-0.1537,-0.4783, 8.4886, 1.4879,-0.9407],[-0.8969,-0.4069, 0.4306,-0.0362],0.0298
2600,[-0.9061,-0.0121, 0.0057,-0.1697],[110.2066,  3.2634,  3.2082,  5.235 ,  1.172 ],[-0.9069,-0.011 , 0.0038,-0.1801],0.4265
2601,[-0.9061,-0.0395, 0.0698,-0.1666],[ 0.0727,-2.3726,27.0516,-1.4462,-2.0573],[-0.9066,-0.0441, 0.0718,-0.1755],0.4013
2602,[-0.908 , 0.0358,-0.0702,-0.1623],[-1.0464e-02, 5.8113e+01,-1.1874e+00, 1.6033e+00,-2.1713e-01],[-0.9085, 0.0411,-0.0728,-0.1744],0.4106
2610,[-0.9042, 0.0646,-0.0477,-0.183 ],[ 0.6424, 0.6915,67.3066, 0.5056, 0.3212],[-0.9051, 0.0629,-0.0478,-0.1816],0.3969
2611,[-0.9043, 0.0679, 0.0697,-0.2183],[-0.5509,-0.6088,-0.3325,-0.784 ,-0.9061],[-0.9052, 0.0498, 0.0711,-0.2023],0.3919
2612,[-0.9059, 0.0765,-0.0876,-0.1766],[  1.2754,134.2932,  0.4341,  2.8377,  0.4407],[-0.9066, 0.0783,-0.0857,-0.1817],0.3783
2614,[-0.9003, 0.1429,-0.1867,-0.1761],[ 1.8701, 7.834 ,-1.1798, 0.2874,-0.4448],[-0.9002, 0.1492,-0.1886,-0.1816],0.2704
2620,[-0.9069,-0.0671, 0.0461,-0.1641],[  0.348 ,182.9717,  0.2076,  0.824 ,  1.0004],[-0.9078,-0.0648, 0.0464,-0.1713],0.4088
2621,[-0.9065,-0.0816, 0.0836,-0.164 ],[  2.5091,  1.0197,187.6132,  2.2341,  1.0488],[-0.9072,-0.0819, 0.0798,-0.1701],0.382
2623,[-0.8995,-0.1501, 0.1814,-0.1548],[ 0.3677,-1.162 , 7.5502,-0.5   , 0.107 ],[-0.8995,-0.1546, 0.1821,-0.1595],0.2679
2632,[-0.8955, 0.1745,-0.1554,-0.1628],[ 0.783 , 0.5064,-0.0232, 0.9617,-0.0373],[-0.8967, 0.1721,-0.1433,-0.1529],0.2677
2634,[-0.9029, 0.1888,-0.2124,-0.1779],[0.3081,2.352 ,0.0374,9.694 ,0.1739],[-0.9029, 0.1923,-0.2109,-0.1675],0.2502
2636,[-0.8925, 0.2214,-0.2882,-0.1495],[-0.1103, 1.6053,-1.0088, 1.7713,-0.8059],[-0.8907, 0.2286,-0.2946,-0.1333],0.1526
2641,[-0.8999,-0.1807, 0.1373,-0.187 ],[ 0.0155,-0.3465, 0.6622, 9.609 , 0.0972],[-0.9016,-0.1749, 0.1217,-0.1771],0.2949
2643,[-0.8939,-0.1925, 0.2012,-0.1725],[ 1.1829, 0.3052,34.7037, 1.2129, 0.2109],[-0.8944,-0.194 , 0.1961,-0.1783],0.2249
2645,[-0.8969,-0.2556, 0.3113,-0.1702],[ 0.4206,-1.2671, 3.1984, 0.6015,-0.0099],[-0.8955,-0.2622, 0.314 ,-0.1616],0.1458
2665,[-0.9064,-0.3221, 0.3695,-0.1702],[ 1.29  ,-0.4912, 4.5596, 0.8868,-0.1709],[-0.9049,-0.3273, 0.3717,-0.1549],0.1171
2667,[-0.9068,-0.369 , 0.4224,-0.157 ],[ 1.3154,-0.8688, 1.4228, 0.3082,-0.8059],[-0.9049,-0.3734, 0.4237,-0.1446],0.0704
2687,[-0.8988,-0.3947, 0.4518,-0.141 ],[-0.1945,-1.0937, 3.6382, 2.9175,-0.5807],[-0.8967,-0.3982, 0.4511,-0.1288],0.0235
2700,[-0.8997, 0.0224,-0.011 ,-0.3012],[ 2.3628,13.611 , 4.2876, 3.4583, 1.4361],[-0.901 , 0.0207,-0.0071,-0.2943],0.4026
2701,[-0.9021,-0.0358, 0.0776,-0.318 ],[-2.5314,-3.5371,-0.0314,-0.5561,-3.1448],[-0.9031,-0.0424, 0.0821,-0.3075],0.3817
2702,[-0.9044, 0.0381,-0.07  ,-0.2705],[-0.6701, 0.0381,-1.9859, 1.0744,-1.3387],[-0.9054, 0.0432,-0.0729,-0.2704],0.3956
2710,[-0.8976, 0.0644,-0.0486,-0.3008],[ 0.1892, 0.461 , 2.7787, 3.435 ,-0.0964],[-0.899 , 0.0628,-0.0469,-0.2885],0.3709
2712,[-0.8996, 0.0815,-0.0815,-0.3102],[ 0.6943,19.7818, 0.1694, 6.591 , 1.557 ],[-0.9009, 0.0822,-0.0799,-0.2991],0.3544
2714,[-0.9053, 0.1456,-0.1746,-0.3126],[ 0.4062, 0.9689,-1.2629, 1.8169,-0.0518],[-0.9059, 0.1514,-0.178 ,-0.3001],0.2959
2720,[-0.9033,-0.0626, 0.0457,-0.2838],[ 0.6894, 1.6818,-0.2532, 2.8478,-0.8693],[-0.9047,-0.0606, 0.0431,-0.2777],0.3984
2721,[-0.9055,-0.0757, 0.1028,-0.2905],[ 0.8957,-0.0117, 4.4166, 5.7922, 0.5544],[-0.9064,-0.0805, 0.1052,-0.2799],0.3669
2723,[-0.908 ,-0.1396, 0.1778,-0.3153],[-0.7062,-1.0822, 0.4018, 0.0322,-0.9877],[-0.9084,-0.1467, 0.1817,-0.3109],0.3065
2732,[-0.9018, 0.1758,-0.1459,-0.3047],[0.4353,1.0654,0.9882,0.8501,0.5128],[-0.9037, 0.1735,-0.1388,-0.3016],0.296
2734,[-0.9077, 0.1893,-0.2236,-0.2925],[ 0.5671, 4.4915,-0.0673, 1.86  , 0.7724],[-0.9078, 0.1959,-0.2281,-0.2799],0.2581
2741,[-0.9004,-0.2017, 0.1334,-0.2746],[0.4447,0.8101,0.1923,0.8276,0.3992],[-0.9031,-0.1944, 0.1218,-0.2707],0.2917
2743,[-0.904 ,-0.1972, 0.2104,-0.2872],[ 1.1114, 0.1532, 2.9044, 3.497 ,-0.1142],[-0.9048,-0.2006, 0.2081,-0.2756],0.254
2800,[-0.8912, 0.0351, 0.0044,-0.4397],[ 2.0097, 1.1455, 2.2658,15.5978, 0.7327],[-0.893 , 0.0298, 0.0095,-0.4226],0.3646
2801,[-0.9009,-0.0166, 0.0734,-0.4289],[ 0.591 , 0.3446,14.8691, 0.435 , 0.6549],[-0.9024,-0.0252, 0.0772,-0.4138],0.3883
2802,[-0.8918, 0.0322,-0.0709,-0.415 ],[-0.2069, 1.4337,-0.3004,-0.2334,-0.7575],[-0.8933, 0.0381,-0.0726,-0.4062],0.3473
2810,[-0.884 , 0.0643,-0.043 ,-0.4461],[ 1.1613, 0.5603,14.1792, 1.5396, 1.3022],[-0.886 , 0.0626,-0.0426,-0.4311],0.318
2812,[-0.8896, 0.0772,-0.0771,-0.4356],[ 3.9882, 9.5001, 1.3143,11.6216, 1.0513],[-0.8914, 0.0786,-0.0789,-0.4186],0.3167
2814,[-0.9079, 0.1461,-0.188 ,-0.431 ],[ 0.3553, 1.4883,-0.6709, 0.7144,-0.6472],[-0.9085, 0.1552,-0.1963,-0.4247],0.2958
2820,[-0.8947,-0.0724, 0.046 ,-0.4255],[1.261 ,7.441 ,0.338 ,1.4743,0.4543],[-0.8967,-0.0698, 0.0445,-0.4124],0.3596
2821,[-0.9007,-0.0787, 0.093 ,-0.4302],[ 1.4979, 0.8969,25.4336, 2.9232, 0.8328],[-0.9023,-0.0822, 0.0947,-0.4174],0.3537
2823,[-0.9042,-0.1434, 0.186 ,-0.487 ],[-0.2238,-0.4169, 0.6933, 1.4303, 0.3386],[-0.9051,-0.1524, 0.1922,-0.4877],0.2869
2832,[-0.8699, 0.1769,-0.1182,-0.3937],[0.6286,1.7564,1.4236,1.0822,0.1109],[-0.8727, 0.1718,-0.1057,-0.378 ],0.1953
2834,[-0.9056, 0.2225,-0.2234,-0.4451],[2.2786,3.7242,0.0513,3.0819,0.1974],[-0.9072, 0.2262,-0.2221,-0.4302],0.2441
2836,[-0.91  , 0.277 ,-0.2796,-0.4644],[ 0.2468, 0.5461,-0.8728,-0.1624,-0.2253],[-0.9112, 0.2831,-0.2858,-0.4823],0.2002
2841,[-0.9038,-0.1749, 0.1584,-0.461 ],[ 0.8111, 0.5573, 0.5931, 1.2329,-0.2821],[-0.9058,-0.1764, 0.1628,-0.447 ],0.2909
2843,[-0.8954,-0.1823, 0.1966,-0.4406],[0.5145,0.0986,3.8451,0.94  ,0.6065],[-0.8968,-0.1862, 0.1934,-0.426 ],0.2385
2900,[-0.8958, 0.0319, 0.0153,-0.6872],[ 1.4042, 0.3475, 0.5236,68.0059,-0.1937],[-0.8988, 0.0243, 0.0256,-0.6682],0.3917
2901,[-0.9025,-0.0086, 0.0718,-0.6295],[-2.9385e-01,-4.2350e-01, 1.1095e+02, 3.3231e-01,-2.2992e-02],[-0.9049,-0.0189, 0.0763,-0.6124],0.4025
2902,[-0.8806, 0.0437,-0.0658,-0.8069],[-5.9752,-5.18  ,-7.4191,-5.388 ,-6.4855],[-0.8839, 0.048 ,-0.0678,-0.7891],0.3054
2910,[-0.8859, 0.0724,-0.0344,-0.6872],[  1.3629, -0.3773,  5.5261,176.4571, -0.5185],[-0.8891, 0.0678,-0.0262,-0.6693],0.3354
2912,[-0.8812, 0.089 ,-0.0817,-0.7489],[  1.1604,  6.056 , -2.4237,324.4691, -1.9476],[-0.8844, 0.0899,-0.0789,-0.7307],0.2846
2914,[-0.8873, 0.1501,-0.1778,-0.7692],[ 2.6846, 1.5878,-0.4313,45.2375,-0.3021],[-0.8895, 0.1577,-0.1824,-0.7498],0.2293
2920,[-0.8813,-0.0683, 0.0462,-0.6507],[-3.9976,-4.4595,-4.3476,-4.0422,-4.8551],[-0.8843,-0.0669, 0.0456,-0.6372],0.3084
2921,[-0.8892,-0.0794, 0.0871,-0.6441],[ 5.5276,-1.0117, 2.943 ,14.3487,-0.8369],[-0.8917,-0.0826, 0.0896,-0.6263],0.3124
2923,[-0.8954,-0.1428, 0.1797,-0.5785],[ 0.7238,-1.9679, 1.9996, 1.4241,-1.8108],[-0.8968,-0.1509, 0.185 ,-0.5611],0.2583
2932,[-0.9   , 0.1729,-0.1497,-0.6932],[-0.4446, 0.374 ,-1.0829,-0.142 ,-1.6704],[-0.9032, 0.1738,-0.1455,-0.6756],0.2912
2934,[-0.8991, 0.1963,-0.2021,-0.6575],[  1.8754,  2.9218, -1.2824,114.9475,  0.2472],[-0.9014, 0.2016,-0.2029,-0.6386],0.244
2943,[-0.9066,-0.1977, 0.226 ,-0.5613],[ 0.0971,-0.7134, 4.19  , 2.4497,-0.7077],[-0.9078,-0.2061, 0.2314,-0.5441],0.2514
3400,[-0.8663,-0.0504, 0.0508, 0.0366],[ 1.1648, 1.4594, 0.8547,-0.6573, 3.361 ],[-0.8662,-0.0506, 0.0521, 0.0214],0.2412
3421,[-0.8653,-0.0723, 0.0947, 0.0515],[ 1.4458,-1.0099, 1.4691,-0.9389, 2.0701],[-0.865 ,-0.074 , 0.0916, 0.0362],0.2122
3423,[-0.8653,-0.1665, 0.2395, 0.0924],[-0.1714,-2.2388, 1.7401,-1.6028,-0.407 ],[-0.8632,-0.1716, 0.2405, 0.0781],0.1111
3434,[-0.8628, 0.2527,-0.2428, 0.0352],[ 0.8371, 2.4972,-1.5601,-0.0059, 1.9751],[-0.8634, 0.2508,-0.2282, 0.0201],0.0858
3436,[-0.8647, 0.2457,-0.2874, 0.086 ],[-1.3923, 5.7866,-1.0254,-0.2105, 0.5459],[-0.8635, 0.2472,-0.2793, 0.0792],0.0678
3443,[-0.8608,-0.1833, 0.2215, 0.0304],[ 2.977 ,-1.1837, 1.8033,-0.9764, 1.8278],[-0.8599,-0.1855, 0.2163, 0.0205],0.1053
3454,[-0.8627, 0.2842,-0.2582, 0.0589],[ 1.7091, 1.4118,-0.0498,-0.1905, 2.1504],[-0.8638, 0.2812,-0.2426, 0.0509],0.0699
3456,[-0.8633, 0.2867,-0.3105, 0.0276],[ 1.4524, 4.4446,-0.4183, 0.0985, 0.7292],[-0.8627, 0.2873,-0.3024, 0.036 ],0.0413
3500,[-0.8665,-0.0527, 0.0541,-0.0555],[-0.0202, 1.6889, 2.0912,-1.1639, 2.1504],[-0.8668,-0.0528, 0.0524,-0.0715],0.2426
3501,[-0.8662,-0.0519, 0.0577,-0.0246],[-0.4029,-1.9959, 0.6688,-1.5391,-0.8364],[-0.8663,-0.0524, 0.057 ,-0.04  ],0.239
3520,[-0.8657,-0.0709, 0.048 ,-0.063 ],[-1.353 , 0.2939,-1.748 ,-2.0391,-0.1488],[-0.8662,-0.0684, 0.0431,-0.0773],0.2379
3521,[-0.8646,-0.0762, 0.0724,-0.0171],[-0.6296,-1.2677, 1.0898,-0.6276, 2.1778],[-0.8649,-0.0751, 0.0634,-0.0325],0.2223
3532,[-0.8667, 0.1751,-0.1588,-0.1003],[ 0.6642,-0.3693, 0.4959,-0.6336, 0.053 ],[-0.8677, 0.1731,-0.1457,-0.1112],0.1617
3534,[-0.8654, 0.1959,-0.1952,-0.0463],[ 5.6983e-03, 7.0354e+00,-1.2123e+00, 8.3575e-01, 1.6756e+00],[-0.8659, 0.1956,-0.1881,-0.0601],0.1305
3543,[-0.8583,-0.1907, 0.1979,-0.0074],[ 0.7977,-0.9628, 7.704 ,-0.4138, 0.3899],[-0.8584,-0.1904, 0.1875,-0.0153],0.1099
3610,[-0.8653, 0.0608,-0.0523,-0.226 ],[-2.0871,-2.755 ,-1.3463,-2.4848,-1.8106],[-0.8663, 0.0602,-0.0503,-0.2281],0.2387
3612,[-0.8634, 0.0613,-0.0572,-0.2311],[ 1.0714, 1.1662,-1.8905,-0.6015, 0.86  ],[-0.8644, 0.0613,-0.0568,-0.2269],0.2286
3700,[-0.8506, 0.0377,-0.0023,-0.3349],[ 0.5605, 1.4268, 1.1858,-0.8182, 1.5985],[-8.5214e-01, 3.4590e-02,-1.4974e-04,-3.3764e-01],0.2059
3701,[-0.855 ,-0.0125, 0.0727,-0.347 ],[-1.5326,-2.044 ,-0.2395,-0.987 ,-0.9875],[-0.8561,-0.0188, 0.0769,-0.3379],0.2066
3710,[-0.8548, 0.0632,-0.0427,-0.3367],[-0.9841,-1.2726,-0.4827,-1.3615,-1.0271],[-0.8564, 0.0616,-0.0401,-0.3328],0.207
3712,[-0.8579, 0.0673,-0.0628,-0.3246],[ 0.2333, 3.1339,-0.4875, 0.4985, 0.922 ],[-0.8593, 0.0673,-0.0615,-0.3126],0.2065
3720,[-0.8639,-0.0635, 0.0543,-0.3416],[-0.2026, 0.9344,-1.0159,-0.4747, 0.2165],[-0.8655,-0.063 , 0.0524,-0.348 ],0.2336
3721,[-0.8647,-0.1003, 0.1151,-0.2995],[ 2.0208e-04, 3.8071e-01, 3.0436e+00,-9.1187e-02, 3.1963e-01],[-0.8658,-0.1023, 0.1118,-0.2859],0.1962
3723,[-0.8597,-0.1418, 0.1773,-0.3328],[-0.3343,-1.144 , 1.6631, 0.1592,-0.0849],[-0.8603,-0.1461, 0.1757,-0.3246],0.1366
3800,[-0.8542, 0.0352,-0.0051,-0.4332],[ 1.4014, 3.3217,10.8742, 1.3699, 1.5823],[-0.8562, 0.0326,-0.0043,-0.4378],0.223
3801,[-0.8537,-0.0186, 0.0781,-0.4391],[ 0.1587,-0.83  , 6.1588, 0.2425,-0.3552],[-0.8552,-0.025 , 0.0814,-0.4347],0.1993
3810,[-0.8502, 0.0671,-0.0449,-0.4638],[1.5732,0.3886,1.804 ,2.2595,0.9494],[-0.8524, 0.0657,-0.0432,-0.458 ],0.1902
3812,[-0.8493, 0.0704,-0.0641,-0.4629],[ 3.926 , 4.5825,-0.2757, 1.2635, 0.1654],[-0.8514, 0.0706,-0.0629,-0.4557],0.1782
3820,[-0.8637,-0.0626, 0.0417,-0.4779],[0.1329,1.0079,0.1914,1.128 ,0.668 ],[-0.8659,-0.0608, 0.0373,-0.4666],0.2419
3821,[-0.8556,-0.0733, 0.1037,-0.4386],[1.9942,0.093 ,5.1141,1.8286,0.9688],[-0.8569,-0.0774, 0.1068,-0.4252],0.1773
3823,[-0.858 ,-0.127 , 0.1799,-0.3838],[-0.6079,-0.8406, 2.1885, 1.0658,-0.4103],[-0.8585,-0.1333, 0.1823,-0.3833],0.133
3832,[-0.8557, 0.1903,-0.1292,-0.4648],[0.1278,1.3619,1.2731,0.709 ,0.9951],[-0.8588, 0.1866,-0.1229,-0.4518],0.1369
3834,[-0.8358, 0.2038,-0.1915,-0.4884],[-0.0939, 4.8639, 0.13  , 1.0244, 0.314 ],[-0.8382, 0.2048,-0.1849,-0.5064],0.0469
3900,[-0.8431,-0.0017,-0.013 ,-0.9204],[ 1.4297,50.8119, 1.5638,49.9186, 0.5782],[-8.4711e-01,-2.9191e-04,-1.2292e-02,-9.0902e-01],0.1924
3901,[-0.8486,-0.0283, 0.0778,-0.7868],[-2.4857,-3.2469,-0.5704,-2.0117,-3.5478],[-0.8516,-0.0344, 0.082 ,-0.7721],0.1847
3902,[-0.8341, 0.0421,-0.0751,-1.0385],[ -1.1989,  2.2022, -2.9957,207.5446, -2.4835],[-0.8382, 0.0468,-0.0779,-1.0261],0.1376
3910,[-0.8466, 0.0714,-0.0497,-0.63  ],[ 0.7882, 1.0588,71.9601, 0.655 , 0.1489],[-0.8495, 0.0706,-0.0511,-0.6241],0.1764
3912,[-0.8469, 0.0748,-0.08  ,-0.792 ],[ 1.0254e+00, 5.0363e+02,-4.2899e-01, 4.6728e+00, 5.4021e-01],[-0.8502, 0.0768,-0.0787,-0.7802],0.1664
3914,[-0.826 , 0.1534,-0.1725,-0.7193],[ 1.0804,-0.1739,-2.5   , 0.0413,-1.3249],[-0.8284, 0.1571,-0.1693,-0.701 ],0.0414
3920,[-0.8461,-0.0689, 0.0469,-0.7701],[1.6181,7.4691,0.4486,2.396 ,0.2962],[-0.8496,-0.0681, 0.0478,-0.7589],0.1788
3921,[-0.846 ,-0.0753, 0.0752,-0.7538],[ 0.4316,-0.1053,12.1169, 1.4617, 1.1934],[-0.8492,-0.0765, 0.073 ,-0.7426],0.1657
3932,[-0.8447, 0.1781,-0.1346,-0.7147],[ 0.1819, 0.2935,-0.3027, 1.1705, 0.3719],[-0.8485, 0.1765,-0.1263,-0.7017],0.1081
3934,[-0.8299, 0.1927,-0.181 ,-0.6396],[-0.3948, 2.7543,-1.7707, 2.7652, 0.3229],[-0.8327, 0.1942,-0.1758,-0.6298],0.0389
4700,[-0.7873, 0.0022,-0.0183,-0.3123],[ 0.0683, 1.5552, 0.3367,-0.0967, 1.3617],[-0.7886, 0.0034,-0.0193,-0.3153],0.0239
4712,[-0.8028, 0.0589,-0.0563,-0.3667],[ 1.0045, 1.0008,-0.9148,-0.5045, 1.0702],[-0.8046, 0.059 ,-0.054 ,-0.3841],0.0417
4800,[-0.7972, 0.0087,-0.0008,-0.448 ],[0.2587,0.547 ,1.1828,0.2757,1.6356],[-7.9928e-01, 8.0416e-03, 3.5549e-04,-4.6065e-01],0.0445
4810,[-0.8058, 0.0646,-0.0422,-0.465 ],[ 0.3116, 0.3834, 0.2925,-0.1769, 0.2066],[-0.808 , 0.0633,-0.0392,-0.46  ],0.055
4812,[-0.8118, 0.07  ,-0.0674,-0.4745],[ 0.6303, 1.0828,-0.543 ,-0.3197, 1.5879],[-0.8139, 0.0704,-0.0658,-0.4718],0.0609
4820,[-0.8004,-0.0613, 0.0386,-0.4744],[-0.1201, 0.1232,-0.2859,-0.2616, 0.0319],[-0.8027,-0.0597, 0.0315,-0.4745],0.0452
4900,[-7.9378e-01, 9.0310e-04,-2.1267e-02,-9.2790e-01],[  2.0112,  2.447 ,  5.1946,  2.2927,427.2459],[-0.7979, 0.0032,-0.0285,-0.9462],0.0404
4901,[-0.7939,-0.0335, 0.075 ,-0.9199],[ 4.6135,-1.7199, 4.292 , 0.5039,-1.3097],[-0.7976,-0.0375, 0.0753,-0.9155],0.0239
4902,[-0.8003, 0.0255,-0.0718,-0.9305],[ -0.3244,189.9606, -0.913 , -0.7136, -0.5224],[-0.8041, 0.03  ,-0.0734,-0.9361],0.0437
4910,[-0.8058, 0.0652,-0.0493,-0.7188],[ 0.8963,-0.1517,11.8406, 0.4309, 0.9205],[-0.809 , 0.065 ,-0.0507,-0.7077],0.0539
4912,[-0.8022, 0.0706,-0.081 ,-0.746 ],[ 2.2945,28.2603,-0.691 , 0.3073, 3.4115],[-0.8053, 0.0724,-0.0796,-0.7335],0.0332
4914,[-0.8068, 0.1368,-0.1827,-0.7371],[-1.0795, 0.0189,-2.5437,-0.9703,-0.4187],[-0.8086, 0.1424,-0.1847,-0.7369],-0.0096
4920,[-0.7972,-0.0689, 0.0299,-0.8121],[1.2757,4.1009,0.4396,1.6384,5.8368],[-0.8011,-0.0666, 0.0261,-0.817 ],0.0365
4921,[-0.801 ,-0.0696, 0.0758,-0.8286],[ 0.6912,-0.0732,11.3006, 0.7295, 1.0783],[-0.8045,-0.0712, 0.0739,-0.8255],0.033
4934,[-0.8163, 0.1774,-0.1938,-0.6645],[ 0.409 , 4.0681,-1.1522, 0.5282, 0.5782],[-0.8185, 0.1809,-0.1911,-0.6597],0.001
5700,[-0.773 ,-0.0099,-0.0142,-0.3539],[ 0.0819, 0.7149, 0.5502,-0.7449, 0.6428],[-0.7745,-0.0085,-0.0134,-0.3541],-0.0112
5701,[-0.7407,-0.0538, 0.0788,-0.3555],[ 0.0507,-1.3475, 0.4138,-0.8613,-0.5134],[-0.742 ,-0.0555, 0.0786,-0.3613],-0.1082
5800,[-0.7453,-0.0147, 0.0157,-0.4545],[-0.5084,-0.158 , 0.4385,-1.0143, 0.5484],[-0.7473,-0.0149, 0.0159,-0.4611],-0.0794
5801,[-0.736 ,-0.0467, 0.0864,-0.4043],[-0.6747,-0.9094,-0.1895,-0.5843,-0.0709],[-0.7374,-0.049 , 0.0831,-0.3872],-0.1168
5802,[-0.7431, 0.0444,-0.0627,-0.4706],[-0.5871,-0.054 ,-1.0814,-1.2168,-0.1773],[-0.7451, 0.0458,-0.0628,-0.4778],-0.0956
5810,[-0.7764, 0.0664,-0.0523,-0.4828],[-0.5493,-0.3578, 0.455 ,-0.46  , 0.7796],[-0.7787, 0.0656,-0.0443,-0.4655],-0.0234
5812,[-0.7636, 0.0611,-0.0673,-0.4883],[-0.5478, 0.0458,-0.7491,-0.9184, 1.4223],[-0.7657, 0.0618,-0.0636,-0.4934],-0.0566
5820,[-0.7691,-0.0613, 0.046 ,-0.4726],[-0.0311,-0.283 ,-0.4636,-0.3517,-0.1   ],[-0.7713,-0.0603, 0.0392,-0.469 ],-0.0374
5821,[-0.7509,-0.0641, 0.0775,-0.4451],[ 0.2393,-0.9193, 0.8741,-0.1331, 1.1706],[-0.7527,-0.0653, 0.0765,-0.4538],-0.088
5900,[-0.7534,-0.0034,-0.0035,-0.8082],[ 1.9563e+00, 1.1892e+00, 7.6615e+02,-1.9202e-01, 3.1708e+00],[-0.757 ,-0.0026,-0.0082,-0.822 ],-0.0575
5901,[-0.7474,-0.0359, 0.0636,-0.7321],[ 0.0745,-0.918 ,52.5819,-0.121 , 1.6394],[-0.7505,-0.038 , 0.0627,-0.7419],-0.0838
5902,[-0.7591, 0.0364,-0.0686,-0.8348],[-12.6644,-10.9486,-12.6116,-13.0977,-12.3466],[-0.7625, 0.0393,-0.0708,-0.8412],-0.0598
5910,[-0.753 , 0.0685,-0.0333,-0.78  ],[ 0.8026,-1.6108, 1.382 ,-2.0075, 1.6817],[-0.7567, 0.067 ,-0.0305,-0.7898],-0.071
5911,[-0.7557, 0.0574, 0.0648,-0.9206],[-1.9537,-2.3568,-1.4552,-2.4403,-2.0709],[-0.7598, 0.0498, 0.0648,-0.9408],-0.067
5912,[-0.7661, 0.0649,-0.0749,-0.8241],[-2.0978,-1.8542,-2.7173,-2.6158,-1.3529],[-0.7695, 0.0665,-0.0747,-0.8248],-0.0515
5920,[-0.7615,-0.0654, 0.0383,-0.7263],[-0.5594, 0.822 ,-1.2814,-1.1714, 0.9907],[-0.7649,-0.0641, 0.0329,-0.7343],-0.0518
5921,[-0.7497,-0.0756, 0.0803,-0.7174],[ 4.1414e-01,-3.9907e-03, 2.1026e+01,-4.0080e-01, 4.9351e-01],[-0.7528,-0.0765, 0.0757,-0.7217],-0.0897
6600,[-0.69  , 0.0127,-0.0091,-0.2352],[ 0.1487,-0.4401, 0.3251,-1.2979, 0.727 ],[-0.6911, 0.0124,-0.0047,-0.2517],-0.1831
6700,[-0.6952, 0.0043, 0.0014,-0.3519],[-0.283 ,-0.5556, 0.5742,-1.2931, 3.4897],[-0.6967, 0.004 , 0.0032,-0.3632],-0.172
6701,[-0.6943,-0.0145, 0.0711,-0.3514],[-1.2219,-2.3598,-0.0871,-2.0983, 0.0491],[-0.6956,-0.0171, 0.0679,-0.3582],-0.1812
6702,[-0.6952, 0.0267,-0.0697,-0.3511],[-0.8083, 0.1096,-1.5695,-1.3012, 0.9844],[-0.6965, 0.0288,-0.0684,-0.3583],-0.1817
6710,[-0.7022, 0.0561,-0.0541,-0.3595],[-0.0809, 0.0461, 0.3203,-0.7632, 0.481 ],[-0.704 , 0.0558,-0.0443,-0.3769],-0.1702
6712,[-0.7006, 0.0559,-0.0627,-0.3422],[-0.2566, 1.1246,-1.1224,-0.8376, 0.6553],[-0.7022, 0.0561,-0.0541,-0.3595],-0.1748
6721,[-0.7108,-0.0679, 0.0984,-0.3725],[-0.3914,-1.304 , 0.1999,-0.9857, 0.8158],[-0.7122,-0.0698, 0.0981,-0.39  ],-0.1687
6800,[-0.6979, 0.0041, 0.004 ,-0.4509],[-33.163 ,-33.2657,-33.0196,-34.4891,-32.2104],[-0.6999, 0.0036, 0.0054,-0.4623],-0.1666
6801,[-0.6972,-0.0119, 0.0755,-0.4592],[ -9.0131, -9.6384, -7.1316,-10.014 , -7.8793],[-0.6989,-0.0151, 0.0751,-0.4707],-0.1768
6802,[-0.6971, 0.0257,-0.0729,-0.4526],[-6.8386,-5.516 ,-7.7665,-8.3135,-5.9702],[-0.6988, 0.0282,-0.0728,-0.4619],-0.1785
6810,[-0.7046, 0.0627,-0.0399,-0.4543],[-0.5662,-0.6557,-0.3409,-1.2247, 0.3129],[-0.7068, 0.0616,-0.0336,-0.4578],-0.164
6812,[-0.7039, 0.0641,-0.103 ,-0.4549],[-0.7056, 0.1226,-1.7307,-1.8715, 1.0853],[-0.7054, 0.0664,-0.1004,-0.4649],-0.1793
6821,[-0.7158,-0.068 , 0.0888,-0.4359],[-0.0446,-1.6458,-0.297 ,-1.3354, 0.363 ],[-0.7175,-0.0695, 0.0883,-0.4415],-0.1574
6900,[-7.1439e-01, 3.0203e-03,-2.0526e-04,-6.2333e-01],[ 2.3399e-01, 5.4629e-02, 1.4869e+00,-5.0382e-02, 4.6633e+02],[-0.7172, 0.0029,-0.0008,-0.6416],-0.137
6901,[-0.7107,-0.0256, 0.0709,-0.5868],[-1.0382e+00,-1.3441e+00, 3.2344e+01,-1.0568e+00, 1.4772e-02],[-0.7131,-0.0281, 0.0682,-0.6004],-0.1537
6902,[-0.713 , 0.0302,-0.0681,-0.6168],[ 0.0723,41.5556,-1.1974,-1.0864, 1.8347],[-0.7155, 0.0325,-0.067 ,-0.6319],-0.1499
6910,[-0.7156, 0.0677,-0.031 ,-0.6797],[ 3.3622,-2.4825, 1.4401,-2.2711, 7.6705],[-0.7189, 0.066 ,-0.0255,-0.6935],-0.1438
6911,[-0.7223, 0.0569, 0.0601,-0.7911],[-2.5148,-2.6732,-1.4201,-2.4648,-2.288 ],[-0.7257, 0.0501, 0.0695,-0.8107],-0.1357
6912,[-0.7105, 0.0765,-0.0962,-0.6429],[-1.1644,21.7208,-1.8565,-1.698 , 2.349 ],[-0.7131, 0.0779,-0.0906,-0.6549],-0.1666
6914,[-0.694 , 0.1046,-0.1733,-0.6641],[ 0.1116, 1.6396,-2.1248,-0.5348,-0.9524],[-0.6954, 0.1088,-0.1726,-0.6686],-0.2142
6920,[-0.7301,-0.0658, 0.048 ,-0.7261],[-0.7486, 0.0028,-0.5635,-0.6669, 0.1386],[-0.7335,-0.0655, 0.048 ,-0.7449],-0.1204
6921,[-0.7209,-0.0704, 0.1061,-0.6728],[ 0.0409,-2.4384, 1.4691,-1.2272, 2.1248],[-0.7233,-0.073 , 0.106 ,-0.6854],-0.1514
6923,[-0.7194,-0.1278, 0.1727,-0.694 ],[-0.5971,-1.4824, 6.6371,-0.9847, 0.007 ],[-0.7213,-0.1314, 0.1722,-0.6883],-0.1789
7422,[-0.6695,-0.1399,-0.1203, 0.0202],[-4.4287,-3.5889,-6.3014,-5.4534,-3.1009],[-0.6698,-0.1295,-0.1254, 0.0107],-0.2447
7442,[-0.6662,-0.1839,-0.0922, 0.0167],[-2.9034,-2.5004,-4.6742,-3.496 ,-1.5082],[-0.6676,-0.1729,-0.1014, 0.0146],-0.2502
7500,[-0.6704,-0.0064,-0.0247,-0.1143],[-1.1789,-1.7711,-1.0201,-1.972 , 0.6541],[-0.671 ,-0.0053,-0.0203,-0.1305],-0.2095
7502,[-0.6667,-0.0361,-0.1221,-0.1043],[-3.1703,-2.1317,-5.1053,-4.3925,-2.4052],[-0.6663,-0.03  ,-0.1158,-0.1165],-0.2334
7504,[-0.662 ,-0.0101,-0.1685,-0.1242],[-3.8593,-3.0326,-5.6816,-4.7707,-3.1783],[-0.6607,-0.0034,-0.163 ,-0.1101],-0.2436
7522,[-0.6711,-0.1282,-0.1263,-0.0745],[-3.9795,-2.7199,-8.51  ,-6.7844,-2.0179],[-0.6714,-0.1179,-0.1308,-0.089 ],-0.2417
7524,[-0.6655,-0.0725,-0.1744,-0.0886],[-5.6308,-5.3985,-6.4324,-5.8286,-5.5148],[-0.6642,-0.0627,-0.1773,-0.1043],-0.2496
7542,[-0.6638,-0.1969,-0.0795,-0.0104],[-19.4482,-17.0909,-21.5628,-20.8635,-17.5635],[-0.6654,-0.1878,-0.0875,-0.0174],-0.2531
7600,[-0.6736, 0.0012,-0.0258,-0.2143],[-2.1719,-3.1684,-3.0146,-3.8455,-1.069 ],[-0.6745, 0.0019,-0.0176,-0.2266],-0.205
7601,[-0.6746,-0.0024, 0.0636,-0.2365],[-1.6732,-2.5806,-0.2453,-1.9476,-1.0823],[-0.6754,-0.0051, 0.0649,-0.2525],-0.2102
7602,[-0.6704,-0.0351,-0.1258,-0.2131],[-21.7598,-20.4529,-24.0247,-23.3543,-20.8246],[-0.6705,-0.0286,-0.1201,-0.2263],-0.2284
7604,[-0.6646,-0.0292,-0.177 ,-0.2128],[-16.019 ,-14.3216,-17.2821,-15.9861,-15.5464],[-0.6635,-0.0209,-0.176 ,-0.2218],-0.245
7622,[-0.6723,-0.0806,-0.1429,-0.1676],[ -7.1253, -5.2975,-11.0185, -9.7498, -5.6829],[-0.6721,-0.0714,-0.1434,-0.1827],-0.2357
7624,[-0.6695,-0.0709,-0.1735,-0.188 ],[-7.1455,-6.5554,-9.0139,-7.6993,-6.8057],[-0.6686,-0.0609,-0.1765,-0.2002],-0.2436
7700,[-0.6785, 0.0027,-0.0188,-0.3342],[-17.293 ,-17.7627,-17.8699,-18.997 ,-16.3361],[-0.68  , 0.003 ,-0.0095,-0.3474],-0.1964
7701,[-0.6822,-0.0092, 0.0723,-0.3372],[-3.4777,-4.6229,-2.1867,-4.4306,-3.3217],[-0.6833,-0.0122, 0.0718,-0.3479],-0.2001
7702,[-0.6728,-0.0101,-0.1047,-0.305 ],[-21.0195,-19.1815,-23.385 ,-23.0928,-19.8858],[-0.6735,-0.0055,-0.0955,-0.3192],-0.2178
7704,[-0.6633,-0.0024,-0.1816,-0.2975],[-13.3738,-12.3645,-15.3176,-14.3035,-13.5858],[-0.6624, 0.0051,-0.1796,-0.3085],-0.2455
7710,[-0.6782, 0.0591,-0.0228,-0.3327],[-1.0181,-1.6556,-0.7823,-2.0358, 0.1037],[-0.6799, 0.0577,-0.0233,-0.3429],-0.2046
7712,[-0.6577, 0.0686,-0.1146,-0.3366],[-1.0092, 0.1601,-2.4502,-2.1993, 0.2767],[-0.6587, 0.0703,-0.1037,-0.3471],-0.2466
7714,[-0.648 , 0.0682,-0.1747,-0.3191],[-1.4848, 0.401 ,-2.4763,-1.326 ,-0.237 ],[-0.6478, 0.0722,-0.1648,-0.3101],-0.2689
7800,[-0.6832, 0.0077,-0.0091,-0.4194],[-61.8225,-62.1566,-62.227 ,-63.1273,-61.3125],[-0.6851, 0.0075,-0.0022,-0.4317],-0.1893
7801,[-0.685 ,-0.0038, 0.0751,-0.432 ],[-7.4126,-8.5682,-6.8291,-7.9306,-7.3732],[-0.6866,-0.0072, 0.0743,-0.4447],-0.1955
7802,[-0.6777, 0.0193,-0.0847,-0.4142],[-27.7852,-26.2126,-29.0498,-28.9721,-27.3214],[-0.6791, 0.0221,-0.0772,-0.4264],-0.2084
7804,[-0.6617, 0.038 ,-0.1909,-0.4079],[-2.0925,-0.9825,-3.3214,-2.6864,-1.8134],[-0.6611, 0.0444,-0.1875,-0.4168],-0.2522
7810,[-0.6737, 0.0646,-0.0361,-0.4631],[-2.4813,-3.0552,-2.3879,-3.2575,-1.4299],[-0.676 , 0.0636,-0.0341,-0.4771],-0.2124
7812,[-0.6696, 0.0677,-0.1093,-0.457 ],[-2.2463,-1.9486,-3.983 ,-4.0284,-1.6038],[-0.6711, 0.0696,-0.1018,-0.4713],-0.2302
7814,[-0.6605, 0.069 ,-0.1871,-0.43  ],[-1.9569,-0.0884,-3.5137,-2.4487,-1.474 ],[-0.6604, 0.074 ,-0.1814,-0.4375],-0.256
7900,[-0.6852, 0.0274, 0.0034,-0.5236],[-13.1801,-13.4504,-13.2955,-13.5924,-12.8578],[-0.6876, 0.0258, 0.0076,-0.5335],-0.1886
7901,[-0.6841, 0.0113, 0.0816,-0.53  ],[-3.6461,-4.8363,-3.1055,-4.1802,-3.9886],[-0.686 , 0.0067, 0.0838,-0.5415],-0.1977
7902,[-0.6838, 0.0419,-0.0946,-0.5196],[-5.4557,-4.6849,-5.9791,-6.0604,-5.077 ],[-0.6855, 0.0447,-0.0947,-0.5278],-0.2054
7910,[-0.6792, 0.0695,-0.0296,-0.5647],[-2.8717,-3.9612,-2.1469,-3.9521,-1.8423],[-0.682 , 0.0679,-0.0257,-0.5777],-0.2039
7912,[-0.6787, 0.077 ,-0.1076,-0.5656],[-2.1001,-1.3861,-4.4101,-3.9664,-1.4677],[-0.6808, 0.0787,-0.1019,-0.5794],-0.2185
7914,[-0.6764, 0.076 ,-0.1726,-0.5436],[-0.46  , 0.7723,-2.5913,-0.6642,-0.2985],[-0.6771, 0.0808,-0.1696,-0.5602],-0.234
