100,[-0.9586,-0.0296, 0.0334, 0.4005],[0.5399,3.857 ,3.1936,0.6598,0.8123],[-0.9568,-0.0297, 0.0345, 0.4133],0.2876
121,[-0.9559,-0.0587, 0.0858, 0.3758],[ 2.3622,-0.7628, 1.6942, 0.4119, 1.2592],[-0.9541,-0.0617, 0.082 , 0.3889],0.2656
200,[-0.9601,-0.0102, 0.016 , 0.2922],[ 0.4873, 2.3311, 1.2344,13.677 , 0.7297],[-0.9587,-0.0125, 0.0206, 0.3048],0.2778
201,[-0.959 ,-0.0389, 0.0762, 0.2837],[-2.3507,-2.9799,-0.5422,-2.2423,-2.7512],[-0.9574,-0.0489, 0.0868, 0.2938],0.2564
202,[-0.9613, 0.0361,-0.0782, 0.2772],[-1.8075, 0.3872,-2.6922,-1.3324,-2.0512],[-0.9597, 0.0474,-0.0866, 0.2858],0.2481
210,[-0.9647, 0.069 ,-0.0366, 0.2733],[-2.4156,-3.0784,-0.0651,-2.2542,-2.4881],[-0.9636, 0.0547,-0.0227, 0.2873],0.255
212,[-0.9592, 0.0951,-0.104 , 0.2899],[ 0.1722, 3.5391,-0.6417, 3.186 ,-0.3118],[-0.9578, 0.0938,-0.1001, 0.3034],0.2313
220,[-0.9615,-0.0666, 0.0402, 0.2842],[-2.4116, 1.1283,-2.8597,-1.5897,-1.8396],[-0.9603,-0.0534, 0.0204, 0.295 ],0.265
221,[-0.9595,-0.0916, 0.1035, 0.282 ],[ 0.8717, 0.5035,33.423 , 4.5854, 0.9324],[-0.9581,-0.0913, 0.1002, 0.2949],0.2309
300,[-0.9645, 0.0023, 0.0092, 0.167 ],[ 0.3284,20.3237, 2.9195, 1.1627,-0.7953],[-0.9637,-0.0038, 0.02  , 0.1773],0.2642
301,[-0.9628,-0.0403, 0.0773, 0.1779],[-1.3375,-1.7037, 4.8055,-0.8627,-1.8294],[-0.9617,-0.0517, 0.0875, 0.1864],0.2389
302,[-0.9656, 0.0288,-0.0697, 0.1723],[-2.0315,-1.777 ,-4.3712,-1.996 ,-3.6116],[-0.9646, 0.0414,-0.0769, 0.1821],0.2362
310,[-0.9653, 0.0636,-0.0428, 0.1801],[-3.715 ,-4.4991,-3.1837,-3.3158,-4.7658],[-0.9646, 0.0534,-0.0306, 0.1938],0.2491
312,[-0.9654, 0.0968,-0.0958, 0.1761],[ 0.4856, 1.6578, 0.4793, 8.5729,-0.4543],[-0.9646, 0.0926,-0.088 , 0.1907],0.212
314,[-0.9578, 0.1241,-0.1861, 0.1601],[ 0.3524, 2.9795,-1.1274, 0.3923,-1.0683],[-0.9559, 0.1382,-0.1997, 0.1746],0.1792
320,[-0.9626,-0.0727, 0.0347, 0.1831],[-3.184 ,-1.2278,-3.9597,-2.7117,-4.3752],[-0.9619,-0.0573, 0.0187, 0.1966],0.2609
321,[-0.9626,-0.0811, 0.0965, 0.1919],[ 1.3089e+00, 8.2942e-01, 2.9405e+00, 4.2804e+01,-6.2456e-03],[-0.9616,-0.0831, 0.0955, 0.2053],0.2236
323,[-0.9597,-0.1485, 0.1836, 0.185 ],[-0.2306,-2.2501, 0.6318, 0.633 ,-1.7205],[-0.9582,-0.1546, 0.1871, 0.1993],0.17
332,[-0.9648, 0.1738,-0.1488, 0.1532],[-2.6272,-3.233 ,-1.4382,-2.4134,-3.2321],[-0.9647, 0.1597,-0.1272, 0.1674],0.1699
334,[-0.9729, 0.1892,-0.1878, 0.1538],[ 1.1988, 2.0312,-1.6073, 3.3798,-1.3181],[-0.9724, 0.182 ,-0.1756, 0.1672],0.1184
341,[-0.9648,-0.1782, 0.1515, 0.1688],[-2.9324,-2.0061,-3.8887,-3.1133,-3.9647],[-0.9647,-0.1644, 0.1338, 0.1823],0.1656
343,[-0.9645,-0.2131, 0.2225, 0.1612],[ 4.9785, 0.1266, 9.1406, 1.7261,-0.3101],[-0.9637,-0.2087, 0.2115, 0.1752],0.1208
400,[-0.9669, 0.0041,-0.0032, 0.0669],[ 3.1405,23.2459, 2.2196, 1.564 , 0.1048],[-9.6656e-01, 2.6537e-03, 5.6575e-04, 7.9481e-02],0.2552
401,[-0.9669,-0.0434, 0.0726, 0.0802],[-2.1676,-2.3392, 0.5781,-1.5474,-3.169 ],[-0.9662,-0.0551, 0.086 , 0.092 ],0.2218
402,[-0.9652, 0.0392,-0.0669, 0.0508],[-1.5357,-0.0213,-3.1097,-0.6149,-3.0861],[-0.9647, 0.0479,-0.0728, 0.065 ],0.2354
410,[-0.9679, 0.0615,-0.0457, 0.059 ],[-2.7945,-3.3477,-1.7397,-2.4516,-3.8957],[-0.9677, 0.053 ,-0.0348, 0.0739],0.2368
412,[-0.969 , 0.0885,-0.0923, 0.056 ],[ 0.1345, 4.6191, 1.0947,16.2687,-0.4346],[-0.9687, 0.0878,-0.0889, 0.0711],0.1993
414,[-0.9694, 0.1488,-0.1811, 0.0254],[-1.5427, 2.7959,-0.8649, 1.2208,-1.4072],[-0.9687, 0.1598,-0.1887, 0.0402],0.1347
420,[-0.9637,-0.0745, 0.0323, 0.0474],[-1.9234, 2.1852,-2.0115,-0.3885,-2.7316],[-0.9636,-0.0591, 0.0186, 0.0607],0.2537
421,[-0.9654,-0.096 , 0.1022, 0.0734],[ 0.6798, 0.4871,45.2783, 1.9821,-0.3647],[-0.965 ,-0.0958, 0.0981, 0.0862],0.2056
423,[-0.9629,-0.1389, 0.1843, 0.0423],[-0.41  ,-1.6924, 1.8205, 0.3865,-1.222 ],[-0.9617,-0.1535, 0.1979, 0.0573],0.1548
434,[-0.9713, 0.197 ,-0.2019, 0.0658],[ 0.3912, 1.7758,-0.9944, 2.6754,-2.0882],[-0.971 , 0.1963,-0.1986, 0.0794],0.1085
441,[-0.9638,-0.1828, 0.1439, 0.0892],[-4.4334,-3.4988,-5.1418,-4.1555,-6.0742],[-0.9643,-0.1661, 0.1228, 0.1033],0.171
443,[-0.9677,-0.2089, 0.2139, 0.0545],[ 0.0873,-0.9263, 1.8681, 5.4084,-0.9177],[-0.9675,-0.2071, 0.2076, 0.0692],0.1116
500,[-0.9679, 0.0091,-0.0105,-0.058 ],[ 1.5056, 1.9083, 3.1785,45.5888,-0.939 ],[-0.9681, 0.0102,-0.012 ,-0.0426],0.247
501,[-0.9666,-0.0428, 0.072 ,-0.08  ],[ 0.4356,-1.5423, 3.4998,-0.4594,-1.4128],[-0.9666,-0.0548, 0.0837,-0.0646],0.2214
502,[-0.9695, 0.0444,-0.0684,-0.0575],[-0.3482, 3.5539,-1.7649,-0.8637,-1.5274],[-0.9694, 0.0565,-0.0812,-0.0419],0.2116
510,[-0.9664, 0.0621,-0.0459,-0.0745],[-0.7977,-0.5957, 3.9277,-0.355 ,-1.0186],[-0.9668, 0.0556,-0.0392,-0.0596],0.2378
512,[-0.9692, 0.0853,-0.09  ,-0.0616],[-0.0299, 5.3896, 0.2417,18.7745,-0.5605],[-0.9694, 0.0868,-0.0883,-0.0461],0.1976
514,[-0.9738, 0.1502,-0.1777,-0.0405],[ 0.1103, 1.0014,-1.5671, 1.8999,-2.0575],[-0.9734, 0.1607,-0.1831,-0.0249],0.1201
520,[-0.9668,-0.0741, 0.0326,-0.0574],[-1.7911, 0.9395,-3.2901,-1.3823,-3.2305],[-0.9672,-0.0576, 0.0178,-0.0423],0.2421
521,[-0.9655,-0.1068, 0.1011,-0.0687],[ 0.3789,-0.6624, 0.2947,47.2827,-1.1072],[-0.9658,-0.1037, 0.0947,-0.053 ],0.2011
523,[-0.9649,-0.1527, 0.1768,-0.0623],[-0.5486,-1.3039, 2.7089, 0.1693,-1.3838],[-0.9645,-0.162 , 0.185 ,-0.0467],0.1474
534,[-0.9664, 0.2066,-0.2172,-0.0516],[ 1.2083, 0.7245,-1.9913, 1.0574,-2.2821],[-0.9663, 0.2108,-0.2201,-0.036 ],0.1086
541,[-0.9652,-0.1942, 0.1258,-0.078 ],[-4.2134,-2.5717,-4.9717,-3.7732,-5.38  ],[-0.9668,-0.1691, 0.0992,-0.065 ],0.1702
543,[-0.9676,-0.2077, 0.212 ,-0.0593],[-2.1646,-3.4333,-1.0355,-0.2463,-3.6768],[-0.9677,-0.209 , 0.2095,-0.0442],0.1095
563,[-0.9609,-0.2804, 0.2542,-0.1061],[-10.3521, -9.6663,-10.5066, -9.8747,-11.0015],[-0.9624,-0.2741, 0.2382,-0.1061],0.0885
600,[-0.9658, 0.0162,-0.0098,-0.1874],[-0.3911, 0.4258, 3.5733,15.5796,-2.8518],[-0.9665, 0.0145,-0.0094,-0.1715],0.2529
601,[-0.9651,-0.0392, 0.0702,-0.1874],[ 4.5839e-02,-5.4025e-01, 6.5328e+00, 2.7531e-03,-1.2741e+00],[-0.9656,-0.053 , 0.0828,-0.1718],0.226
602,[-0.9674, 0.0476,-0.0633,-0.1695],[-1.4494, 2.051 ,-1.5107,-0.9385,-2.4728],[-0.9679, 0.0582,-0.0786,-0.1542],0.2175
610,[-0.9639, 0.0625,-0.0462,-0.1762],[-0.5822,-0.5042, 3.4149, 0.0199,-1.7925],[-0.9647, 0.057 ,-0.0409,-0.1617],0.2438
612,[-0.9642, 0.0863,-0.0838,-0.1865],[-1.3808, 9.5989,-0.7551, 4.3825,-2.488 ],[-0.965 , 0.0862,-0.0814,-0.1715],0.2158
614,[-0.9588, 0.136 ,-0.1804,-0.2359],[ 0.5882, 0.8741,-1.0251, 2.6806,-1.3856],[-0.9585, 0.1532,-0.2004,-0.2193],0.164
620,[-0.9688,-0.0761, 0.0329,-0.154 ],[-3.3487,-1.0766,-3.3366,-2.6252,-3.3639],[-0.9697,-0.0557, 0.01  ,-0.138 ],0.2356
621,[-0.9651,-0.1039, 0.1079,-0.1842],[ 0.7007,-2.8114,-0.2919, 7.4837,-3.8412],[-0.9658,-0.1059, 0.1059,-0.1682],0.1956
623,[-0.964 ,-0.1524, 0.1765,-0.1966],[ 0.0325,-1.1601, 0.2921, 1.0133,-1.8342],[-0.9642,-0.1637, 0.1853,-0.1803],0.1476
634,[-0.9639, 0.1832,-0.1872,-0.1714],[-0.6448,-0.2197,-2.4772, 0.8054,-3.6146],[-0.9644, 0.1878,-0.1913,-0.1554],0.1349
641,[-0.9608,-0.1892, 0.16  ,-0.1411],[-4.1306,-3.243 ,-4.7696,-3.9676,-5.5263],[-0.9622,-0.1795, 0.141 ,-0.125 ],0.1652
643,[-0.9633,-0.232 , 0.2286,-0.176 ],[-2.0355,-5.4584,-2.9764,-1.4057,-5.5278],[-0.9641,-0.2335, 0.2242,-0.1605],0.1051
645,[-0.9573,-0.2703, 0.2843,-0.1908],[-0.2975,-0.4443, 1.3237, 1.5541,-1.8174],[-0.9575,-0.2765, 0.2848,-0.175 ],0.0832
663,[-0.9592,-0.2848, 0.2718,-0.1284],[-6.811 ,-6.8834,-7.3963,-6.3048,-7.8271],[-0.9603,-0.2829, 0.2613,-0.1142],0.0821
665,[-0.9581,-0.283 , 0.2814,-0.1511],[ -9.0983,-10.2864, -7.7832, -8.9949,-10.985 ],[-0.9588,-0.2845, 0.2755,-0.1358],0.08
700,[-0.9619, 0.0194,-0.007 ,-0.302 ],[-25.7166,-25.3028,-25.1581,-24.227 ,-27.0332],[-0.9632, 0.0152,-0.0035,-0.2865],0.2662
701,[-0.9606,-0.0448, 0.0676,-0.3024],[-1.0336,-1.5872, 3.1848, 1.5793,-2.0578],[-0.9616,-0.0549, 0.0768,-0.2873],0.242
702,[-0.9611, 0.0489,-0.0698,-0.2773],[-1.4899, 1.2923,-1.7214,-0.7779,-2.5604],[-0.962 , 0.0588,-0.0805,-0.2618],0.2378
710,[-0.9603, 0.0618,-0.0464,-0.3022],[-1.4894,-1.7263, 0.3909,-1.2775,-3.7023],[-0.9616, 0.0574,-0.041 ,-0.286 ],0.2553
712,[-0.9595, 0.0842,-0.0825,-0.2962],[-13.4777,-13.3766,-15.2523,-13.0498,-15.8109],[-0.9608, 0.0857,-0.0827,-0.2809],0.2305
714,[-0.9607, 0.1469,-0.1699,-0.2601],[ 0.8418, 0.0313,-0.7766, 6.2824,-0.8205],[-0.9613, 0.1566,-0.1733,-0.2454],0.1645
720,[-0.9594,-0.0633, 0.0405,-0.3225],[-2.8226,-0.9817,-3.1196,-2.0784,-3.2734],[-0.9609,-0.0575, 0.0367,-0.3075],0.2595
721,[-0.9611,-0.0978, 0.1135,-0.295 ],[-13.4412,-14.8006,-11.9612,-12.2856,-15.3888],[-0.9621,-0.1056, 0.1183,-0.2791],0.2036
723,[-0.9607,-0.1481, 0.1784,-0.3262],[ 0.887 ,-0.4134, 0.6824, 6.4513,-1.1791],[-0.9612,-0.1632, 0.1926,-0.3092],0.1545
743,[-0.9592,-0.2107, 0.2356,-0.2911],[-7.5393,-8.9214,-7.6205,-6.8498,-9.305 ],[-0.9594,-0.223 , 0.245 ,-0.2747],0.115
800,[-0.9584, 0.0289,-0.0153,-0.4051],[-70.8992,-70.7927,-70.631 ,-69.5427,-71.7825],[-0.9601, 0.0251,-0.012 ,-0.3883],0.276
801,[-0.9574,-0.0442, 0.0702,-0.4026],[-2.2457,-3.063 ,-1.8403, 0.0298,-4.4479],[-0.9588,-0.0561, 0.083 ,-0.3864],0.2494
802,[-0.9639, 0.0524,-0.0606,-0.4255],[-1.2629,-1.1462,-1.305 ,-0.7117,-2.4485],[-0.9657, 0.0562,-0.0586,-0.4085],0.2336
810,[-0.9582, 0.0609,-0.0441,-0.3928],[-11.2635,-10.8883,-10.7639,-10.823 ,-11.7386],[-0.96  , 0.0574,-0.0415,-0.376 ],0.2614
812,[-0.9588, 0.0673,-0.0627,-0.3922],[-48.7633,-48.378 ,-49.4138,-48.3594,-50.6762],[-0.9605, 0.0675,-0.0607,-0.376 ],0.2476
821,[-0.9583,-0.0817, 0.1064,-0.3947],[-20.3405,-21.2562,-20.4268,-19.299 ,-22.0166],[-0.9596,-0.0933, 0.1156,-0.3802],0.2185
823,[-0.9561,-0.1548, 0.1852,-0.3973],[ 0.2465, 0.1954, 0.297 ,23.6996,-0.7299],[-0.9568,-0.17  , 0.2002,-0.3812],0.1631
843,[-0.9568,-0.17  , 0.2002,-0.3812],[-2.6801,-3.3298,-1.9719,-2.7674,-4.8078],[-0.9573,-0.185 , 0.2144,-0.3637],0.1494
1100,[-0.9375,-0.0411, 0.0381, 0.3869],[ 1.1406, 0.7376, 0.8398, 0.6837,80.4277],[-0.9358,-0.0397, 0.0379, 0.3812],0.3658
1101,[-0.9371,-0.0487, 0.061 , 0.3865],[ 0.1628,-0.4322,24.8671,-0.2188, 1.8811],[-0.9353,-0.0494, 0.06  , 0.3919],0.357
1102,[-0.9262, 0.0129,-0.0606, 0.3872],[-0.1857, 3.7675,-1.3006,-1.5818, 2.8124],[-0.9243, 0.02  ,-0.0662, 0.3735],0.416
1120,[-0.9378,-0.0655, 0.0364, 0.3824],[ 0.3149, 5.6877,-0.325 ,-0.1976,22.5752],[-0.9363,-0.0576, 0.0258, 0.3789],0.3639
1121,[-0.9365,-0.0854, 0.0895, 0.3835],[ 1.0035, 0.7924, 2.3435, 0.478 ,74.3784],[-0.9349,-0.0831, 0.0823, 0.3804],0.3334
1200,[-0.9306,-0.0257, 0.0228, 0.3068],[  2.8371,409.7477,  2.0306,  0.6639,  2.2063],[-0.9292,-0.0251, 0.0248, 0.3022],0.3965
1201,[-0.9294,-0.0465, 0.0633, 0.3015],[ 5.9903e-01,-1.6705e-01, 1.2960e+02, 1.0705e-01, 9.6407e-01],[-0.928 ,-0.0484, 0.0635, 0.296 ],0.3859
1202,[-0.9238, 0.0444,-0.0634, 0.2623],[ 0.3694, 3.1634,-0.5794, 0.3931,57.014 ],[-0.9226, 0.0466,-0.0632, 0.2572],0.4059
1210,[-0.9241, 0.0683,-0.0385, 0.2598],[-0.4587,-1.4555, 2.0591,-1.8122, 3.0842],[-0.9232, 0.0626,-0.0349, 0.255 ],0.4097
1212,[-0.9256, 0.0904,-0.0941, 0.2641],[  1.9691,  1.6158,  0.5668,  1.0908,100.0019],[-0.9245, 0.0888,-0.0872, 0.2585],0.3685
1214,[-0.9338, 0.1451,-0.1801, 0.2718],[ 0.1321,43.9531,-0.9508, 0.7385, 1.0656],[-0.9321, 0.1477,-0.1776, 0.2735],0.2711
1220,[-0.9353,-0.0674, 0.037 , 0.3251],[ 7.0815e-01, 1.2298e+02,-9.7665e-02, 1.2978e-01, 1.5831e+00],[-0.934 ,-0.0603, 0.0309, 0.326 ],0.3695
1221,[-0.9428,-0.0869, 0.0936, 0.3168],[  0.8898,  0.9506,334.9187,  1.0997,  0.8833],[-0.9414,-0.0853, 0.0879, 0.3243],0.3029
1223,[-0.9347,-0.1581, 0.1721, 0.2591],[ 1.2519,-0.8263, 1.4479, 0.6273,28.504 ],[-0.9335,-0.1575, 0.1692, 0.2568],0.2578
1232,[-0.9253, 0.207 ,-0.1219, 0.2907],[ 0.8839,-0.1427,16.2232, 0.5717, 1.897 ],[-0.9257, 0.1922,-0.114 , 0.3022],0.305
1234,[-0.938 , 0.1746,-0.1931, 0.2917],[ 1.3501,40.7709, 0.577 , 0.8915, 1.3287],[-0.9366, 0.1738,-0.1888, 0.2996],0.2374
1241,[-0.9287,-0.18  , 0.1428, 0.3092],[1.4598e+00,3.2609e+01,2.7882e-02,6.1773e-01,1.2167e+00],[-0.9281,-0.1717, 0.1393, 0.3135],0.293
1243,[-0.9362,-0.2236, 0.2331, 0.2937],[ 1.4618, 0.3026,33.5187, 0.5048, 1.173 ],[-0.935 ,-0.2199, 0.2224, 0.3014],0.2077
1300,[-0.9177, 0.0088,-0.0193, 0.1577],[ 3.348 ,28.818 ,34.7693, 2.1232, 1.2505],[-0.917 , 0.011 ,-0.025 , 0.1619],0.4384
1301,[-0.922 ,-0.049 , 0.0608, 0.1784],[ 0.4828,-0.2691,35.4704, 0.3983,-0.1527],[-0.9211,-0.0504, 0.0602, 0.1802],0.4088
1302,[-0.9171, 0.0422,-0.0679, 0.1627],[ 1.0977e+00, 5.6300e+02,-7.6849e-01,-3.0387e-01, 1.5670e+00],[-0.9162, 0.0455,-0.0689, 0.1678],0.4221
1310,[-0.9188, 0.0678,-0.0388, 0.1765],[ 4.6472e-01, 7.4699e-02, 1.7469e+02,-1.9770e-01, 7.7943e-01],[-0.9182, 0.063 ,-0.0373, 0.1773],0.4258
1312,[-0.9214, 0.0759,-0.0915, 0.185 ],[  1.2336,717.368 ,  0.9756,  1.5524,  1.9064],[-0.9204, 0.0771,-0.0892, 0.1894],0.384
1314,[-0.933 , 0.1437,-0.1827, 0.1894],[ 1.3088e+00, 8.2673e+01,-1.0120e+00,-7.4017e-02, 1.6298e+00],[-0.9315, 0.1479,-0.1828, 0.1909],0.27
1320,[-0.9163,-0.0639, 0.0421, 0.1509],[-0.7041, 4.761 ,-0.5987,-0.1015, 7.9997],[-0.9158,-0.0599, 0.0381, 0.1499],0.4342
1321,[-0.9185,-0.0775, 0.0732, 0.1516],[ 3.0795, 0.4124, 3.8649,82.5839, 1.0976],[-0.9179,-0.0756, 0.0676, 0.1635],0.4029
1323,[-0.9303,-0.1547, 0.1763, 0.1911],[ 0.3963,-0.5021,31.2334, 0.1082,-0.1435],[-0.9291,-0.1559, 0.1744, 0.201 ],0.2727
1332,[-0.9194, 0.184 ,-0.1385, 0.1613],[ 0.3698,-0.3092, 5.8938,-0.4691,-0.7962],[-0.9196, 0.1759,-0.1319, 0.1689],0.3204
1334,[-0.928 , 0.2071,-0.2016, 0.171 ],[ 2.8266,34.1373, 0.1189, 0.6593, 2.6648],[-0.9277, 0.2035,-0.1906, 0.1801],0.2543
1340,[-0.9359,-0.189 , 0.0518, 0.2256],[-5.7823,-5.4867,-6.7267,-5.5437,-6.2409],[-0.9367,-0.1637, 0.0438, 0.2366],0.3061
1341,[-0.9323,-0.1924, 0.1275, 0.183 ],[-6.8872,-6.5882,-7.7402,-6.5592,-6.5839],[-0.9328,-0.1779, 0.1121, 0.1937],0.282
1343,[-0.9314,-0.22  , 0.2145, 0.168 ],[ 0.7689, 0.2803,28.5561, 2.9088, 0.5833],[-0.9311,-0.2157, 0.2044, 0.1799],0.2282
1354,[-0.9183, 0.2976,-0.238 , 0.2222],[-1.6903,-1.5119,-2.0209, 0.2307,-1.823 ],[-0.9197, 0.2862,-0.2131, 0.2355],0.2348
1356,[-0.9152, 0.326 ,-0.3144, 0.1657],[ 1.1923,33.6779, 0.3706, 1.9171, 0.8061],[-0.9155, 0.3216,-0.3016, 0.1789],0.1861
1363,[-0.9274,-0.2932, 0.2464, 0.143 ],[ 0.5199,-0.1402,-1.9608, 0.2913,-2.2704],[-0.9286,-0.2842, 0.2305, 0.1491],0.1957
1365,[-0.9236,-0.3129, 0.282 , 0.1257],[ 2.144 ,-0.368 ,13.5736, 2.1074, 0.1789],[-0.9246,-0.3064, 0.2651, 0.1365],0.1828
1400,[-0.9185, 0.0082,-0.0144, 0.0726],[  1.2141,  1.2724,350.3148,  0.8961,  0.9391],[-0.9182, 0.0096,-0.0187, 0.0789],0.438
1401,[-0.9187,-0.0428, 0.0696, 0.0324],[-1.3961,-2.7759, 0.5631,-2.0012, 0.4726],[-0.9184,-0.0467, 0.0707, 0.0329],0.4194
1402,[-0.9172, 0.0461,-0.0646, 0.0789],[ 4.5158e-01, 5.6061e+02,-2.6127e-01,-7.9342e-02, 6.1585e-01],[-0.9167, 0.0487,-0.0658, 0.0847],0.4252
1410,[-0.9185, 0.0617,-0.0477, 0.0506],[-3.2227e-01,-4.1746e-01, 6.3006e+02, 7.8446e-01, 1.0288e+00],[-0.9183, 0.0595,-0.0473, 0.0577],0.4295
1412,[-0.9184, 0.072 ,-0.0748, 0.0462],[  0.7727,722.9574,  1.3134,  1.3298,  0.9532],[-0.9182, 0.0718,-0.0718, 0.0535],0.4104
1414,[-0.9191, 0.1476,-0.1795, 0.0359],[ 1.4613e+00, 8.5694e+01,-6.5548e-01,-1.6941e-02,-1.8924e-01],[-0.9183, 0.1514,-0.1793, 0.0435],0.314
1420,[-0.9177,-0.0626, 0.0463, 0.069 ],[ 1.1371e+00, 1.3748e+02,-2.8565e-01, 9.8372e-02, 7.6282e-02],[-0.9174,-0.0601, 0.0463, 0.0789],0.43
1421,[-0.9174,-0.073 , 0.078 , 0.0555],[1.2945e+00,1.5550e-01,8.0088e+02,5.5596e+00,3.4066e-01],[-0.9171,-0.0731, 0.0754, 0.0672],0.4087
1423,[-0.9197,-0.1434, 0.1813, 0.0424],[ 0.0653,-0.3705,42.8116, 1.8753,-0.1715],[-0.9187,-0.148 , 0.1824, 0.0553],0.3082
1430,[-0.9171, 0.1803,-0.0466, 0.0283],[-2.5222,-2.5511,-1.6022,-2.3391,-2.4349],[-0.9188, 0.1618,-0.0451, 0.0153],0.3787
1432,[-0.9204, 0.1811,-0.1416, 0.0731],[-1.4609,-2.8018,-3.1006,-2.3108,-2.6173],[-0.921 , 0.1727,-0.1237, 0.0808],0.3266
1434,[-0.9205, 0.1931,-0.2054, 0.0514],[ 2.5773,63.1753, 0.4602, 3.895 , 0.2516],[-0.9201, 0.1931,-0.1989, 0.0629],0.2793
1436,[-0.9262, 0.254 ,-0.2923, 0.0375],[ 0.1117,28.4846,-0.7511, 1.766 , 0.5197],[-0.925 , 0.2574,-0.2915, 0.05  ],0.192
1441,[-0.9326,-0.1863, 0.1412, 0.0625],[-13.1065,-13.2433,-13.4891,-12.6811,-12.9774],[-0.9333,-0.1759, 0.126 , 0.0704],0.2772
1443,[-0.9284,-0.2002, 0.2012, 0.0489],[ 0.4512,-1.483 , 1.5505, 1.1677,-0.7349],[-0.9283,-0.1984, 0.1934, 0.0624],0.2532
1454,[-0.918 , 0.2781,-0.2712, 0.1107],[-1.3278,-1.0324,-1.2443,-1.086 ,-1.9137],[-0.9182, 0.2746,-0.258 , 0.1258],0.2241
1456,[-0.9191, 0.3111,-0.3397, 0.0601],[ 0.4989, 2.5368,-0.5832,11.5966, 0.5461],[-0.9181, 0.3119,-0.3343, 0.0751],0.1658
1463,[-0.9296,-0.2975, 0.246 , 0.0593],[-5.1505,-5.5622,-5.3716,-4.2986,-5.8415],[-0.9311,-0.2889, 0.2327, 0.0722],0.1844
1465,[-0.9261,-0.3138, 0.3057, 0.0458],[ 3.148 ,-0.077 , 4.2468, 3.145 ,-0.3176],[-0.9265,-0.3112, 0.2967, 0.0599],0.1589
1500,[-0.9206,-0.0036, 0.0024,-0.0605],[  0.7643,  2.8917,  3.5373,129.2468,  0.877 ],[-0.9208,-0.0034, 0.0024,-0.0469],0.4385
1501,[-0.9171,-0.036 , 0.0742,-0.0598],[-6.0347,-8.0594,11.864 ,-6.5856,-6.8265],[-0.917 ,-0.042 , 0.0774,-0.0492],0.4211
1502,[-0.9196, 0.0317,-0.078 ,-0.0502],[-53.9697,-53.2296,-55.1049,-54.7128,-54.6269],[-0.9195, 0.0393,-0.0827,-0.0439],0.4142
1510,[-0.9177, 0.0616,-0.0481,-0.0656],[  1.4093, -0.5234,228.7814,  2.8957,  0.7537],[-0.9181, 0.0598,-0.0482,-0.0577],0.4293
1512,[-0.9183, 0.0719,-0.0773,-0.0654],[  1.1184,322.8551,  0.5401,  6.1344,  0.795 ],[-0.9185, 0.0726,-0.0759,-0.0552],0.4081
1514,[-0.9203, 0.1408,-0.1835,-0.057 ],[  1.2345,107.7938, -0.8551,  5.2577,  0.475 ],[-0.9197, 0.1472,-0.1862,-0.0458],0.3093
1520,[-0.9179,-0.0651, 0.0436,-0.0647],[ -1.643 ,346.4495, -1.8677, -0.7116, -2.5414],[-0.9183,-0.0621, 0.0438,-0.0534],0.4283
1521,[-0.9177,-0.0735, 0.0809,-0.0587],[2.6622e+00,1.1296e-01,2.4367e+00,3.0163e+02,6.0345e-01],[-0.9179,-0.0745, 0.0797,-0.0444],0.4059
1523,[-0.9214,-0.142 , 0.1812,-0.0621],[ 1.3464e+00,-5.0317e-01, 6.4438e+01, 6.6051e-01, 3.8581e-02],[-0.9209,-0.148 , 0.1839,-0.0483],0.3069
1530,[-0.9116, 0.1671,-0.0129,-0.0607],[-0.6555,-1.3788,-0.4568,-0.9486,-1.2048],[-0.9135, 0.1467,-0.0113,-0.0741],0.4118
1532,[-0.9259, 0.1738,-0.1539,-0.0552],[-2.0772,-2.1545,-2.0687,-1.7511,-2.5227],[-0.9265, 0.1705,-0.149 ,-0.0417],0.295
1534,[-0.9229, 0.1902,-0.2213,-0.0499],[ 1.51  , 4.6212,-0.264 ,22.8122,-0.2391],[-0.9222, 0.1944,-0.2214,-0.0353],0.2611
1536,[-0.9226, 0.2491,-0.3017,-0.0712],[ 0.6416,21.0511,-0.6157, 1.4211, 0.5442],[-0.9211, 0.2558,-0.3052,-0.0577],0.1902
1541,[-0.9398,-0.1845, 0.1424,-0.0584],[-7.4219,-7.9856,-7.5106,-7.2451,-7.9007],[-0.9409,-0.1747, 0.1272,-0.0459],0.2485
1543,[-0.932 ,-0.206 , 0.2125,-0.0661],[ 0.1101,-0.083 , 2.0125,22.0774, 0.2585],[-0.9322,-0.2063, 0.2065,-0.0512],0.2298
1545,[-0.9223,-0.2539, 0.309 ,-0.0858],[ 2.2985,-0.6883, 9.6296, 1.6375, 0.0438],[-0.9208,-0.2608, 0.313 ,-0.0703],0.1858
1556,[-0.9288, 0.2995,-0.3544,-0.0438],[ 0.7709, 1.7049,-0.5725, 5.3454,-0.4926],[-0.9269, 0.3054,-0.358 ,-0.029 ],0.128
1563,[-0.9412,-0.2934, 0.2547,-0.0334],[-4.0859,-4.6322,-3.8417,-2.9061,-4.9559],[-0.9426,-0.2865, 0.2433,-0.0197],0.142
1565,[-0.9317,-0.3102, 0.3221,-0.0713],[ 0.4293,-0.3303, 2.5761,11.8689, 0.0189],[-0.9316,-0.3116, 0.3166,-0.0557],0.1331
1600,[-0.9197, 0.0091,-0.0028,-0.1788],[-132.5865,-131.9858,-131.9606,-130.9754,-133.5379],[-0.9204, 0.008 ,-0.0012,-0.1701],0.4412
1601,[-0.9146,-0.0357, 0.0731,-0.1834],[-12.0486,-13.1656, -6.2452, -6.9421,-11.7742],[-0.9151,-0.042 , 0.077 ,-0.1797],0.4257
1602,[-0.9191, 0.0339,-0.0763,-0.1813],[-28.7227,-26.3877,-29.3603,-27.5285,-29.2345],[-0.9196, 0.0416,-0.0815,-0.1759],0.4115
1604,[-0.923 , 0.0387,-0.173 ,-0.1507],[-0.982 ,-0.882 ,-1.7437,-0.3387,-1.6104],[-0.9217, 0.0603,-0.1814,-0.1354],0.3525
1610,[-0.9153, 0.0611,-0.0486,-0.1659],[  0.3981,  6.8853,114.2526,  2.1146, -0.7   ],[-0.9161, 0.0597,-0.0482,-0.1603],0.4328
1612,[-0.9166, 0.0676,-0.0732,-0.1675],[ 1.2043e+00, 6.1075e+00,-7.2757e-02, 1.1617e+02, 2.0115e-02],[-0.9172, 0.0691,-0.0741,-0.1562],0.4118
1614,[-0.9232, 0.129 ,-0.19  ,-0.17  ],[-0.323 , 7.9921,-1.9397, 0.0496,-2.2177],[-0.9226, 0.1398,-0.1979,-0.1566],0.2991
1620,[-0.917 ,-0.0662, 0.0411,-0.1759],[-2.0887,13.1131,-4.299 ,14.0862,-4.9158],[-0.9179,-0.0622, 0.0364,-0.1639],0.434
1621,[-0.9161,-0.0764, 0.086 ,-0.1833],[ 2.4677,-1.5661,96.5405,96.316 ,-0.9494],[-0.9168,-0.078 , 0.0837,-0.1717],0.4052
1622,[-0.9221,-0.0605,-0.0608,-0.2344],[-1.0539,-0.3877,-1.6678,-1.514 ,-1.0661],[-0.9229,-0.0395,-0.0737,-0.2183],0.4094
1623,[-0.9281,-0.139 , 0.1832,-0.1776],[ 0.0763,-0.1071,33.6224, 1.845 ,-0.6251],[-0.9278,-0.1478, 0.1893,-0.1632],0.282
1634,[-0.9257, 0.1831,-0.2212,-0.1628],[-0.3123, 4.1155,-0.6504, 5.4157,-1.0839],[-0.9252, 0.1901,-0.2249,-0.149 ],0.2509
1636,[-0.9284, 0.2204,-0.2919,-0.1594],[ 3.8227, 0.1881,-0.7787, 3.599 ,-0.3453],[-0.9267, 0.2322,-0.2986,-0.144 ],0.1881
1641,[-0.9285,-0.181 , 0.1454,-0.1828],[-4.5056,-4.9274,-4.897 ,-4.152 ,-4.9875],[-0.93  ,-0.1755, 0.1344,-0.1685],0.2862
1643,[-0.936 ,-0.2061, 0.2225,-0.1821],[ 0.9402, 0.7352,22.087 , 7.7876,-0.5148],[-0.9362,-0.2104, 0.2224,-0.1688],0.2076
1645,[-0.9373,-0.2543, 0.3004,-0.1973],[ 0.1754,-0.7524, 4.1274,26.2469,-0.4538],[-0.9362,-0.2638, 0.3078,-0.1809],0.1443
1663,[-0.9501,-0.3022, 0.2553,-0.1323],[-0.3659,-1.1263, 0.2355, 1.6252,-1.731 ],[-0.9524,-0.2933, 0.2345,-0.1183],0.1123
1665,[-0.932 ,-0.2991, 0.3309,-0.1714],[ 0.6503,-0.238 ,27.4951, 3.7253,-1.057 ],[-0.9313,-0.3047, 0.332 ,-0.156 ],0.1279
1700,[-0.9229, 0.0144,-0.0074,-0.2925],[-148.6422,-147.9455,-147.8929,-147.5078,-148.8466],[-0.9242, 0.0131,-0.0056,-0.284 ],0.4271
1701,[-0.9185,-0.0372, 0.0751,-0.2847],[-34.0497,-34.6004,-32.9815,-32.693 ,-35.1923],[-0.9194,-0.0446, 0.0806,-0.2804],0.4129
1702,[-0.9193, 0.0286,-0.0742,-0.2805],[-17.2666,-16.3628,-18.0207,-16.791 ,-17.8549],[-0.9201, 0.0374,-0.0809,-0.2724],0.4128
1704,[-0.9214, 0.0525,-0.1745,-0.2616],[-0.4372,-0.1586,-0.7985,-0.3738,-0.4361],[-0.9206, 0.0729,-0.1835,-0.2461],0.3501
1710,[-0.9197, 0.062 ,-0.0465,-0.3019],[-22.9279,-23.0255,-23.732 ,-22.6502,-25.03  ],[-0.9211, 0.06  ,-0.0443,-0.2919],0.4184
1711,[-0.9286, 0.0585, 0.0564,-0.3302],[-0.8134,-0.8255,-0.3424,-0.7433,-0.9862],[-0.93  , 0.0376, 0.0639,-0.3137],0.3832
1712,[-0.9229, 0.0686,-0.0721,-0.292 ],[-60.8193,-60.1499,-61.5238,-59.7035,-60.6581],[-0.9241, 0.0703,-0.073 ,-0.2827],0.3872
1714,[-0.9225, 0.1154,-0.1852,-0.2776],[ 0.5687, 2.917 ,-1.255 , 0.2304,-1.3469],[-0.9221, 0.1286,-0.1943,-0.2626],0.3082
1720,[-0.919 ,-0.0764, 0.0264,-0.2969],[-22.2659,-21.3651,-22.6202,-21.5963,-23.0362],[-0.9205,-0.068 , 0.0173,-0.2851],0.4244
1721,[-0.9192,-0.0815, 0.093 ,-0.2859],[-83.6923,-85.3127,-84.3187,-82.8178,-84.8779],[-0.9203,-0.0844, 0.0932,-0.2756],0.386
1722,[-0.9181,-0.0621,-0.0639,-0.3053],[-0.4195,-0.2372,-0.7119, 0.065 ,-0.6322],[-0.9192,-0.0416,-0.073 ,-0.2882],0.4204
1723,[-0.9363,-0.1405, 0.1896,-0.3083],[-0.122 ,-0.4639,21.5662, 4.9724,-0.9724],[-0.9363,-0.1533, 0.1996,-0.294 ],0.2425
1732,[-0.9151, 0.1715,-0.0896,-0.3559],[-1.9373,-2.1901,-1.6853,-0.7458,-2.3689],[-0.9178, 0.1626,-0.0928,-0.3389],0.3625
1734,[-0.9261, 0.1695,-0.2368,-0.2515],[-0.0762, 1.8702,-0.6876, 3.2732,-0.9983],[-0.9251, 0.1824,-0.2489,-0.2361],0.2478
1741,[-0.9226,-0.1748, 0.143 ,-0.3202],[-1.4951,-1.8672,-1.0639,-1.3596,-2.3293],[-0.9246,-0.1711, 0.134 ,-0.3051],0.3095
1743,[-0.9342,-0.1937, 0.218 ,-0.3021],[ 0.2229,-0.5614, 6.5409,18.0958,-1.0649],[-0.9346,-0.2018, 0.2236,-0.2857],0.2175
1745,[-0.931 ,-0.2446, 0.2991,-0.2996],[ 0.1838,-0.7605, 0.7864,40.087 ,-0.8869],[-0.93  ,-0.256 , 0.3075,-0.2827],0.1647
1765,[-0.9371,-0.2857, 0.3208,-0.2621],[ 0.2479,-0.7504, 2.212 ,10.5447,-0.9235],[-0.9365,-0.2944, 0.3268,-0.2454],0.121
1800,[-0.9365, 0.0285,-0.0057,-0.429 ],[-70.2801,-70.6309,-70.4552,-69.4707,-71.3022],[-9.3833e-01, 2.3525e-02,-8.8797e-04,-4.1334e-01],0.3669
1801,[-0.9376,-0.0276, 0.0804,-0.4283],[-20.6283,-20.9115,-20.4387,-19.9397,-21.7672],[-0.939 ,-0.0414, 0.0926,-0.4139],0.3306
1802,[-0.924 , 0.0354,-0.071 ,-0.4171],[-3.4312,-1.8282,-3.1461,-2.1302,-3.5762],[-0.9255, 0.0436,-0.0785,-0.4053],0.3906
1810,[-0.9268, 0.0655,-0.0445,-0.4364],[-19.129 ,-19.5192,-18.9023,-18.3665,-21.2843],[-0.9288, 0.0628,-0.0421,-0.4215],0.3869
1812,[-0.9338, 0.076 ,-0.0679,-0.4349],[-38.5601,-38.5255,-38.5448,-38.0261,-39.7807],[-0.9357, 0.0763,-0.068 ,-0.42  ],0.3398
1820,[-0.9178,-0.08  , 0.0369,-0.3978],[-2.6613,-2.0674,-3.1323,-2.3973,-3.3709],[-0.9199,-0.073 , 0.028 ,-0.3857],0.4243
1821,[-0.9238,-0.1048, 0.1036,-0.4146],[-13.0186,-14.7669,-14.77  ,-12.8147,-15.2705],[-0.9256,-0.1071, 0.1024,-0.4   ],0.3507
1823,[-0.9315,-0.1389, 0.1855,-0.4123],[ 1.4998,-0.5994,19.0292, 4.436 ,-1.2874],[-0.932 ,-0.1521, 0.1961,-0.3972],0.2592
1832,[-0.913 , 0.1714,-0.1051,-0.3846],[-0.8141,-0.5081,-0.9009,-0.2797,-1.1709],[-0.9157, 0.1656,-0.1099,-0.4003],0.3617
1841,[-0.9172,-0.1789, 0.1384,-0.4243],[-2.0328,-2.1912,-1.5525,-0.8364,-2.5817],[-0.9199,-0.1741, 0.1246,-0.4085],0.3314
1843,[-0.9187,-0.1825, 0.1968,-0.4139],[ 8.7044e-01,-1.4766e-02, 4.3022e-01, 2.8250e+01,-8.8395e-01],[-0.9199,-0.1883, 0.199 ,-0.3972],0.2854
1900,[-0.9303, 0.0308,-0.0042,-0.5519],[-164.0436,-164.0424,-163.8399,-163.8502,-165.0594],[-0.9327, 0.0252, 0.0017,-0.5348],0.3924
1901,[-0.9291,-0.0257, 0.0804,-0.545 ],[ 0.4358,-0.9219,53.8593, 0.7674,-1.4937],[-0.931 ,-0.0386, 0.0889,-0.5291],0.3671
1902,[-0.9169, 0.0482,-0.0661,-0.6367],[-20.499 ,-20.2184,-20.4043,-20.0022,-21.3949],[-0.9195, 0.0535,-0.0711,-0.6195],0.4195
1910,[-0.9213, 0.0683,-0.0441,-0.5831],[-30.8566,-31.7744,-30.1043, 22.3269,-34.0995],[-0.924 , 0.0655,-0.0419,-0.5668],0.4068
1912,[-0.9238, 0.0726,-0.0625,-0.5797],[-416.911 ,-417.4718,-418.1748,-417.2872,-418.5364],[-0.9263, 0.0728,-0.062 ,-0.5638],0.3837
1921,[-0.9236,-0.0785, 0.0941,-0.5276],[-48.496 ,-48.7397,-48.3616,-48.8043,-50.0244],[-0.9255,-0.0842, 0.0994,-0.5109],0.3615
1923,[-0.912 ,-0.1643, 0.1675,-0.5288],[ 0.0987,-0.913 ,60.3928, 0.9689,-0.7426],[-0.9141,-0.1677, 0.1636,-0.5105],0.3281
1932,[-0.9137, 0.1674,-0.14  ,-0.5322],[-9.0235,-7.8579,-9.3469,-7.5501,-9.1629],[-0.9165, 0.1658,-0.1313,-0.5139],0.3476
1941,[-0.9141,-0.1677, 0.1636,-0.5105],[-2.5898,-1.3726,-2.3028,-2.9783,-3.0898],[-0.9163,-0.1699, 0.1576,-0.4932],0.3334
2100,[-0.91  ,-0.0294, 0.0092, 0.3839],[-31.7709,-31.8727,-32.0378,-32.3147,-30.7757],[-0.9084,-0.0265, 0.0091, 0.3705],0.4476
2200,[-0.904 , 0.012 ,-0.0116, 0.2684],[-212.1959,-211.8852,-211.3887,-212.3752,-210.9345],[-0.9028, 0.0117,-0.011 , 0.2632],0.4056
2201,[-0.9014,-0.0387, 0.0705, 0.2754],[-44.0758,-44.684 ,-43.4511,-44.8876,-43.6504],[-0.9   ,-0.0421, 0.0725, 0.2693],0.3728
2202,[-0.9044, 0.0486,-0.0672, 0.2623],[-53.0727,-52.0248,-53.2021,-53.1992,-52.135 ],[-0.9031, 0.0503,-0.0679, 0.2579],0.3843
2210,[-0.9071, 0.062 ,-0.0454, 0.2568],[ -9.8279,-10.372 , -9.9766,-10.6208, -9.7164],[-0.9061, 0.0589,-0.0406, 0.249 ],0.4065
2212,[-0.9026, 0.0682,-0.0859, 0.2651],[-53.1966,-53.1172,-53.7081,-53.4878,-52.9234],[-0.9013, 0.0693,-0.0846, 0.261 ],0.3599
2214,[-0.8743, 0.1283,-0.2033, 0.2705],[-1.8297, 0.2685,-3.1631,-2.6399,-0.3249],[-0.8718, 0.1333,-0.2054, 0.2689],0.1677
2220,[-0.905 ,-0.0643, 0.0426, 0.2846],[-10.8267, -9.9265,-11.047 ,-11.074 , -8.8317],[-0.9039,-0.0604, 0.037 , 0.2804],0.3972
2221,[-0.905 ,-0.0688, 0.0773, 0.2737],[-44.3097,-44.754 ,-43.2557,-44.5925,-43.1444],[-0.9037,-0.0687, 0.075 , 0.2714],0.375
2223,[-0.906 ,-0.157 , 0.1676, 0.253 ],[-2.6235,-3.8053,-0.3291,-2.7542,-0.7208],[-0.9049,-0.1566, 0.1676, 0.2387],0.2943
2300,[-0.9068, 0.0209,-0.0256, 0.1641],[-300.3992,-300.5069,-300.0544,-301.0551,-299.8164],[-0.9061, 0.0215,-0.0266, 0.157 ],0.4159
2301,[-0.902 ,-0.0418, 0.0662, 0.1706],[-78.7578,-78.8861,-77.844 ,-79.1555,-78.6977],[-0.9011,-0.0445, 0.0676, 0.1634],0.3786
2302,[-0.9077, 0.0436,-0.0716, 0.1692],[-167.8423,-167.4915,-169.759 ,-169.6262,-167.5415],[-0.9067, 0.0468,-0.0726, 0.1646],0.3999
2304,[-0.8977, 0.051 ,-0.1751, 0.1905],[-4.5615,-3.8346,-5.3444,-5.1083,-4.8709],[-0.8953, 0.0633,-0.1729, 0.2038],0.297
2310,[-0.9056, 0.0652,-0.041 , 0.1673],[-29.1914,-29.7223,-28.175 ,-30.1716,-28.365 ],[-0.905 , 0.0613,-0.0362, 0.1596],0.4024
2312,[-0.9042, 0.0705,-0.0911, 0.1665],[-92.0267,-90.6252,-92.0328,-92.1695,-89.6318],[-0.9033, 0.0723,-0.0902, 0.1576],0.3646
2314,[-0.8974, 0.1283,-0.1784, 0.1562],[-21.4856,-20.5288,-22.3736,-21.8088,-20.8131],[-0.896 , 0.1327,-0.1785, 0.153 ],0.2661
2320,[-0.909 ,-0.0635, 0.0414, 0.1639],[ -9.7384,-10.2674,-11.0802,-11.5187, -9.1013],[-0.9084,-0.0597, 0.0362, 0.1577],0.4178
2321,[-0.9068,-0.0726, 0.075 , 0.1657],[-59.7041,-60.9665,-58.6815,-60.9448,-59.1337],[-0.9061,-0.072 , 0.0724, 0.1624],0.3853
2323,[-0.9045,-0.1591, 0.1841, 0.1636],[-4.8767,-6.5714,-3.4349,-5.6163,-5.025 ],[-0.9034,-0.1605, 0.1821, 0.1629],0.2799
2330,[-0.9006, 0.1727,-0.0555, 0.1377],[-3.3162,-4.016 ,-2.278 ,-3.4602,-2.8873],[-0.9018, 0.1545,-0.0193, 0.1228],0.3523
2332,[-0.9055, 0.1851,-0.1367, 0.1593],[-1.1551,-2.9162,-1.801 ,-2.3557, 0.7577],[-0.906 , 0.1765,-0.1185, 0.157 ],0.3131
2334,[-0.9025, 0.2045,-0.1997, 0.1505],[ 0.761 ,10.7396,-0.1594, 0.2513, 0.8102],[-0.9022, 0.2016,-0.1874, 0.1575],0.2541
2341,[-0.904 ,-0.1812, 0.1429, 0.156 ],[ 0.2067,-0.5867,-0.8983,-0.6289, 6.7729],[-0.9044,-0.1739, 0.1237, 0.1498],0.3053
2343,[-0.9042,-0.1875, 0.1883, 0.1489],[ 1.2007,-0.3066,15.0704, 0.0943, 1.7444],[-0.9038,-0.1853, 0.1779, 0.1552],0.2719
2354,[-0.9057, 0.2864,-0.2493, 0.136 ],[ 0.2821, 0.6011, 0.664 , 0.5647,11.3424],[-0.9068, 0.2799,-0.2295, 0.1294],0.2136
2400,[-0.906 , 0.0258,-0.0204, 0.063 ],[ 1.9014e+00, 1.2973e+00, 3.0771e+00,-2.2485e-01, 9.1572e+02],[-0.9058, 0.0248,-0.0178, 0.0488],0.4175
2401,[-0.9021,-0.0331, 0.0697, 0.048 ],[-103.1225,-104.3225,-103.2437,-104.2256,-103.1864],[-0.9017,-0.0378, 0.0723, 0.0377],0.382
2402,[-0.9063, 0.0423,-0.0703, 0.0717],[-0.6324,72.4604,-4.0129,-3.2696, 4.6396],[-0.9059, 0.0458,-0.0713, 0.0616],0.3971
2410,[-0.9018, 0.0661,-0.0412, 0.0471],[ 2.4756,-0.9155,17.2748,-1.866 ,15.1252],[-0.9018, 0.0623,-0.0358, 0.0349],0.3873
2412,[-0.9015, 0.0771,-0.0909, 0.0622],[ 0.502 ,98.2394, 0.2474, 1.2826, 0.9095],[-0.9012, 0.0782,-0.0878, 0.0521],0.3536
2414,[-0.8992, 0.1375,-0.1814, 0.0505],[-26.5799,-25.4816,-27.7293,-27.0376,-26.1092],[-0.8982, 0.142 ,-0.1823, 0.0455],0.2691
2420,[-0.9085,-0.064 , 0.0463, 0.0574],[  0.5235,112.5129, -1.0952, -0.9554,  0.3608],[-0.9084,-0.0615, 0.0458, 0.0467],0.4131
2421,[-0.9076,-0.0786, 0.0852, 0.0555],[  1.7756, -1.4653,  3.7922, -0.2918,207.7862],[-0.9074,-0.079 , 0.0831, 0.0445],0.3826
2422,[-0.9092,-0.0581,-0.0679, 0.1245],[-5.8163,-5.653 ,-6.1394,-5.8174,-6.0911],[-0.9087,-0.0416,-0.0694, 0.1095],0.4125
2423,[-0.9065,-0.1464, 0.1814, 0.0569],[-2.1892,-4.0289,-1.1471,-3.2444,-1.7271],[-0.9056,-0.15  , 0.1812, 0.0578],0.294
2430,[-0.9032, 0.1736,-0.0391, 0.0523],[-5.1609,-6.2367,-4.1112,-5.151 ,-5.3312],[-0.9047, 0.1577,-0.0413, 0.0369],0.353
2432,[-0.9039, 0.1861,-0.1336, 0.0666],[ 1.4388, 0.1397, 0.7091, 0.1647,14.2177],[-0.9049, 0.1773,-0.1124, 0.0597],0.3109
2434,[-0.9036, 0.2038,-0.2114, 0.0516],[ 0.1262,81.7534, 0.818 , 1.2806, 0.5879],[-0.9034, 0.2032,-0.2026, 0.0597],0.2506
2436,[-0.8953, 0.2411,-0.2866, 0.0226],[ 1.3689,27.5517,-1.2316, 0.1199, 0.1766],[-0.894 , 0.2443,-0.2829, 0.032 ],0.1618
2441,[-0.901 ,-0.1793, 0.1338, 0.0804],[ 1.123 , 0.2923,-0.0314, 1.6154,28.6138],[-0.9018,-0.1715, 0.1137, 0.0716],0.301
2443,[-0.9032,-0.1911, 0.2083, 0.0646],[ 1.3699, 0.3462,77.177 , 0.2779, 0.3395],[-0.9027,-0.1917, 0.2023, 0.0706],0.2531
2445,[-0.9071,-0.2324, 0.2805, 0.022 ],[-0.6106,-1.4089,10.484 , 0.9182,-0.3479],[-0.9056,-0.2363, 0.2782, 0.0355],0.2068
2456,[-0.9062, 0.2978,-0.3178, 0.079 ],[ 5.5769, 6.6914,-0.5654, 1.2496, 0.4932],[-0.9055, 0.2976,-0.3086, 0.092 ],0.1628
2463,[-0.9088,-0.3293, 0.2716, 0.025 ],[ 1.3422, 0.7842, 1.1732, 4.0086,12.0474],[-0.9111,-0.3222, 0.2502, 0.0343],0.1982
2465,[-0.9075,-0.3389, 0.3065, 0.0125],[ 1.1904,-0.8449,12.5103, 0.6127, 1.069 ],[-0.909 ,-0.3348, 0.29  , 0.0246],0.1656
2500,[-0.9055, 0.0249,-0.0038,-0.0552],[1.3951e+00,1.6367e+00,2.0336e+00,3.5246e-01,1.4736e+03],[-0.9058, 0.0214, 0.0017,-0.0708],0.4219
2501,[-0.905 ,-0.0233, 0.0671,-0.0782],[  0.726 , -1.4077,182.272 , -0.6949,  0.558 ],[-0.9052,-0.0293, 0.0685,-0.0921],0.4032
2502,[-0.9056, 0.0394,-0.0714,-0.0537],[ -1.0718,128.583 , -1.7773, -0.7221, -0.3572],[-0.9057, 0.0438,-0.0727,-0.0664],0.3965
2510,[-0.9033, 0.0638,-0.0473,-0.0729],[-2.2244e-01, 8.0043e-01, 1.1691e+03, 6.8888e-02, 4.5280e-01],[-0.9037, 0.062 ,-0.048 ,-0.0786],0.3908
2512,[-0.9035, 0.0755,-0.081 ,-0.069 ],[5.3685e-01,1.3461e+03,3.4851e-01,4.2339e-01,4.9405e-01],[-0.9038, 0.0761,-0.0784,-0.0753],0.3703
2514,[-0.8979, 0.1434,-0.1831,-0.0526],[ 1.2246,37.7193,-1.146 ,-0.4228,-1.0002],[-0.8974, 0.148 ,-0.1834,-0.0548],0.2627
2520,[-0.9055,-0.0638, 0.0482,-0.0609],[-2.9231e-01, 1.6928e+02,-1.5450e-01,-7.6839e-02, 1.1960e+00],[-0.9059,-0.0619, 0.0482,-0.067 ],0.4011
2521,[-0.9054,-0.0776, 0.0854,-0.0614],[1.5797e+00,8.2852e-02,3.9085e+02,8.7444e-01,9.7317e-01],[-0.9057,-0.0785, 0.0833,-0.0723],0.3753
2523,[-0.9007,-0.1416, 0.1851,-0.0476],[-3.9862,-7.1735,-2.9965,-4.0944,-4.697 ],[-0.9001,-0.1469, 0.1868,-0.0506],0.2717
2530,[-0.9092, 0.1895,-0.0534,-0.0465],[-4.2302,-4.5945,-2.5132,-3.8188,-4.1381],[-0.9116, 0.1671,-0.0129,-0.0607],0.3921
2532,[-0.9015, 0.1772,-0.1446,-0.0748],[-1.709 ,-1.4024,-2.355 ,-0.695 ,-0.6356],[-0.9026, 0.1722,-0.1302,-0.0735],0.2963
2534,[-0.9002, 0.1916,-0.2205,-0.0521],[ 3.3553,75.2469,-0.5565, 0.3832, 1.728 ],[-0.8997, 0.1945,-0.2173,-0.0487],0.2343
2536,[-0.9009, 0.2406,-0.2945,-0.0557],[ 3.2881,28.6511,-1.3748,-0.2695,-0.2249],[-0.8995, 0.2457,-0.2942,-0.0451],0.1739
2541,[-0.9003,-0.1778, 0.1396,-0.0663],[ 8.451 ,-0.6344,-0.1078, 0.5564, 4.457 ],[-0.9015,-0.1719, 0.1224,-0.0652],0.2956
2543,[-0.898 ,-0.1895, 0.2097,-0.0621],[  0.393 ,  0.2251,122.0477,  1.9668,  0.6308],[-0.8978,-0.1914, 0.2049,-0.0604],0.2343
2545,[-0.9103,-0.2222, 0.2807,-0.0069],[-0.2577,-1.3348,26.5107, 0.3111, 0.726 ],[-0.9086,-0.2279, 0.2817, 0.008 ],0.2196
2565,[-0.906 ,-0.339 , 0.3585,-0.062 ],[ 1.1545,-0.39  ,18.9151, 1.6814, 0.0462],[-0.9056,-0.3404, 0.3516,-0.0478],0.1223
2600,[-0.9062, 0.0198,-0.0059,-0.1701],[  2.014 ,  1.6334,  2.6272,  1.9189,648.8819],[-0.907 , 0.0176,-0.003 ,-0.1859],0.4269
2601,[-0.9068,-0.0358, 0.0704,-0.1665],[ 1.6750e-01,-2.1633e-01, 5.8302e+02, 4.5524e-02, 8.0274e-01],[-0.9074,-0.0411, 0.073 ,-0.179 ],0.4053
2602,[-0.9059, 0.043 ,-0.0662,-0.1742],[-0.2123,44.2175,-0.3734,-0.3465, 0.7999],[-0.9065, 0.0467,-0.0678,-0.1853],0.4012
2610,[-0.9052, 0.0616,-0.0501,-0.1732],[5.7372e-01,2.0891e-01,5.6231e+02,4.7459e-01,1.1576e+00],[-0.9061, 0.0606,-0.0507,-0.1756],0.401
2612,[-0.9064, 0.0684,-0.0711,-0.1655],[  1.695 ,703.5478,  0.7634,  2.0755,  9.3374],[-0.9071, 0.069 ,-0.0692,-0.1707],0.3928
2614,[-0.9042, 0.142 ,-0.186 ,-0.15  ],[-0.042 , 4.9094,-1.0738, 2.8192,-0.53  ],[-0.9039, 0.1484,-0.1892,-0.1508],0.2845
2620,[-0.9044,-0.0677, 0.0446,-0.1883],[ 8.4975e+00, 4.1825e+02, 1.4402e-01, 1.3414e+00,-2.7346e-01],[-0.9054,-0.0651, 0.0444,-0.1886],0.3986
2621,[-0.9057,-0.0759, 0.0873,-0.1857],[1.0193e+00,5.4098e-01,1.0703e+03,9.8792e-01,2.2196e+00],[-0.9064,-0.0777, 0.0852,-0.1911],0.3778
2623,[-0.898 ,-0.1446, 0.18  ,-0.1675],[ 1.2893,-2.0841,38.6961, 1.1392, 0.1638],[-0.898 ,-0.1497, 0.1808,-0.1748],0.265
2632,[-0.8912, 0.1764,-0.1422,-0.1871],[-2.1583,-1.0936,-2.9286, 0.2668,-2.1777],[-0.8927, 0.1726,-0.1313,-0.1817],0.2574
2634,[-0.8917, 0.1829,-0.1941,-0.168 ],[ 2.3069,32.0103,-0.0593, 1.6263, 1.935 ],[-0.8921, 0.1847,-0.1894,-0.1625],0.2241
2636,[-0.9088, 0.2198,-0.287 ,-0.1272],[ 0.0345, 9.0687,-1.0418,-0.1147,-0.9429],[-0.9072, 0.2279,-0.2917,-0.1147],0.2098
2641,[-0.9052,-0.1765, 0.1314,-0.1676],[-0.3487,-1.7363, 0.9026, 0.8731, 0.3375],[-0.9068,-0.1705, 0.1185,-0.1645],0.3192
2643,[-0.8951,-0.1795, 0.2019,-0.1557],[ 1.1192,-0.1463, 1.357 ,45.5114, 0.2459],[-0.8952,-0.1824, 0.1991,-0.1471],0.2318
2665,[-0.9103,-0.2982, 0.3278,-0.1901],[ 0.2224,-0.6272, 1.0572, 8.5246, 0.0927],[-0.9098,-0.3021, 0.3251,-0.1746],0.1671
2700,[-0.9   , 0.0126,-0.0078,-0.2949],[  1.4789,295.3843,  6.4778,  3.0522,  2.0281],[-0.9014, 0.0118,-0.0047,-0.2999],0.4042
2701,[-0.901 ,-0.037 , 0.0735,-0.2916],[-0.3545,-1.1589,90.0443, 3.7084,-0.411 ],[-0.902 ,-0.0427, 0.0769,-0.2984],0.3796
2702,[-0.9056, 0.0342,-0.0656,-0.2756],[ 0.0092,-0.1281,-2.1187, 1.0952,-2.0444],[-0.9066, 0.0391,-0.0674,-0.2755],0.4042
2710,[-0.8936, 0.0702,-0.0479,-0.3002],[  2.4733,  0.7245,164.364 ,  1.1282,  1.4572],[-0.895 , 0.0682,-0.0481,-0.2933],0.3512
2712,[-0.8886, 0.0917,-0.0818,-0.3125],[  1.0093,169.5701,  0.6499,  5.0176,  2.0662],[-0.89  , 0.091 ,-0.0776,-0.3054],0.3078
2714,[-0.8777, 0.1606,-0.1772,-0.3476],[-0.3621, 3.276 ,-1.1572, 0.7968,-0.9225],[-0.8786, 0.1641,-0.1789,-0.3355],0.1891
2720,[-0.903 ,-0.0833, 0.0307,-0.3037],[ 1.8641, 1.3587, 0.3517,24.4962, 0.6973],[-0.9046,-0.0756, 0.0199,-0.2887],0.3965
2721,[-0.9   ,-0.094 , 0.0933,-0.3043],[ 1.5873e+00,-6.1419e-02, 3.1396e+00, 1.3149e+02, 6.8904e-01],[-0.9014,-0.0944, 0.088 ,-0.2924],0.3478
2722,[-0.9058,-0.0592,-0.0786,-0.3072],[-1.2909,-0.8689,-2.3247,-1.136 ,-1.4867],[-0.9069,-0.0405,-0.0801,-0.29  ],0.3998
2723,[-0.8909,-0.1405, 0.1685,-0.3436],[ 0.5155,-2.0003, 0.3213, 0.8852,-1.0955],[-0.8917,-0.1451, 0.1675,-0.3283],0.2491
2732,[-0.8978, 0.1813,-0.1459,-0.3037],[ 0.2658, 1.4677,-0.3016, 1.7084,-0.9376],[-0.8998, 0.1777,-0.1352,-0.2943],0.2804
2734,[-0.884 , 0.1847,-0.1849,-0.3143],[ 1.3844,11.8202,-0.7327, 2.7042, 0.0538],[-0.8852, 0.1861,-0.181 ,-0.3014],0.2018
2741,[-0.903 ,-0.1782, 0.1495,-0.3291],[ 0.0119,-0.0683,-0.0147, 2.2484, 0.364 ],[-0.9051,-0.1756, 0.1402,-0.317 ],0.2993
2743,[-0.9016,-0.1948, 0.1906,-0.3152],[ 1.1586,-0.0186,11.3612, 2.7457, 0.4679],[-0.9029,-0.1962, 0.1872,-0.3   ],0.2594
2745,[-0.9106,-0.2679, 0.3009,-0.2725],[ 0.6057,-1.4528, 1.6521, 0.1291,-1.3824],[-0.9103,-0.2738, 0.3009,-0.2563],0.1942
2800,[-0.8914, 0.0061, 0.0014,-0.4319],[ 2.3807, 0.9248, 3.4307,40.5375, 0.98  ],[-0.8932, 0.0052, 0.0028,-0.4171],0.3728
2801,[-0.8845,-0.0411, 0.0815,-0.4453],[-0.4815,-1.4366, 1.52  , 3.2699,-1.0519],[-0.886 ,-0.047 , 0.0855,-0.4331],0.3071
2802,[-0.8914, 0.0424,-0.0692,-0.4364],[-1.5609,-0.3444,-2.288 ,-0.2159,-2.2158],[-0.8931, 0.0471,-0.0736,-0.4235],0.3414
2810,[-0.8915, 0.0775,-0.0441,-0.4251],[  0.7156,  1.3851,173.0922,  3.4055,  1.6728],[-0.8936, 0.0745,-0.044 ,-0.4147],0.3444
2812,[-0.8816, 0.0967,-0.0925,-0.4335],[  0.37  ,169.3257,  0.4218,  2.185 ,  0.7523],[-0.8835, 0.0972,-0.0898,-0.4207],0.2736
2814,[-0.8751, 0.1512,-0.1748,-0.4341],[ 0.3445, 1.7115,-0.8886, 2.4819,-0.5642],[-0.8762, 0.1558,-0.1776,-0.4219],0.1847
2820,[-0.8949,-0.0773, 0.0449,-0.4166],[ 0.8052,53.3351, 0.6734, 2.9922, 0.2212],[-0.8969,-0.074 , 0.0431,-0.4056],0.3587
2821,[-0.8905,-0.1101, 0.1191,-0.4344],[1.8711e+00,6.2200e-02,1.3120e+02,2.7222e+00,4.8741e-01],[-0.8922,-0.1122, 0.1152,-0.42  ],0.2897
2823,[-0.894 ,-0.1492, 0.1731,-0.46  ],[-0.2581,-0.0877, 6.9337, 3.358 ,-0.4597],[-0.8953,-0.1544, 0.1722,-0.4434],0.2568
2832,[-0.8987, 0.1823,-0.1527,-0.3949],[1.8334,0.9841,0.179 ,3.7274,0.0412],[-0.901 , 0.1798,-0.1423,-0.3816],0.2808
2834,[-0.886 , 0.1839,-0.1918,-0.4235],[ 1.8608,13.2303,-0.2335, 1.4531, 0.3743],[-0.8874, 0.187 ,-0.1911,-0.4088],0.2051
2841,[-0.9011,-0.1738, 0.15  ,-0.4269],[ 2.3678, 0.0062, 0.8784, 1.986 ,-0.6496],[-0.9034,-0.1723, 0.1407,-0.4099],0.294
2843,[-0.8988,-0.1784, 0.1814,-0.4475],[ 1.4809, 0.1569, 1.0763,10.686 ,-0.026 ],[-0.9005,-0.1812, 0.1784,-0.4301],0.2614
2900,[-8.8221e-01, 3.9232e-03, 5.8624e-04,-6.4222e-01],[-82.715 ,-82.6706,-82.6592,-81.9493,-83.4778],[-0.885 , 0.0032, 0.0028,-0.627 ],0.3371
2901,[-0.8749,-0.0346, 0.087 ,-0.6255],[ 0.3743,-1.2634,40.9737, 0.8298,-1.1994],[-0.8771,-0.0419, 0.0912,-0.6138],0.2708
2902,[-0.8786, 0.0448,-0.0665,-0.6765],[-28.1833,-27.0964,-27.7039,-27.1694,-28.4056],[-0.8813, 0.0488,-0.0695,-0.6612],0.2939
2910,[-0.8947, 0.0768,-0.0461,-0.667 ],[ 1.0986e-01, 1.0021e+00, 1.1014e+03, 2.5304e+00,-8.3540e-01],[-0.8978, 0.0744,-0.0463,-0.654 ],0.3612
2912,[-0.8831, 0.0897,-0.0843,-0.6518],[-5.3364e-01, 8.4738e+02,-1.0851e+00, 6.5959e+00,-1.0656e+00],[-0.8859, 0.0905,-0.0819,-0.6367],0.2896
2914,[-0.8725, 0.1437,-0.1795,-0.5795],[ 0.5333,19.0765,-1.4439, 0.9105, 0.5145],[-0.8739, 0.1501,-0.1823,-0.5637],0.1772
2920,[-0.8816,-0.0649, 0.0466,-0.598 ],[-14.1807,-11.2871,-14.1466,-11.1018,-15.4495],[-0.8843,-0.0637, 0.0448,-0.583 ],0.3098
2921,[-0.8819,-0.0889, 0.1232,-0.5887],[ 9.6698e-01, 3.8619e-02, 3.4432e+00, 1.5091e+02,-4.1800e-01],[-0.8837,-0.095 , 0.1267,-0.5716],0.2589
2923,[-0.8887,-0.1415, 0.1754,-0.5674],[ 0.4046,-1.004 , 2.2988,39.4301,-0.8163],[-0.8902,-0.1483, 0.1771,-0.5491],0.2384
2932,[-0.911 , 0.1676,-0.1466,-0.5403],[-0.7155,-0.9439,-3.3779,-0.2306,-3.0824],[-0.9137, 0.1674,-0.14  ,-0.5322],0.3385
2934,[-0.8833, 0.1874,-0.1968,-0.5622],[ 0.3159, 0.4724,-0.4817,28.8283,-0.3433],[-0.8851, 0.1916,-0.1963,-0.5447],0.1925
2941,[-0.8843,-0.1746, 0.1593,-0.5148],[-1.1031,-2.1871,-1.6354,-0.5571,-2.4017],[-0.8868,-0.1746, 0.1483,-0.4986],0.2263
2943,[-0.8967,-0.1746, 0.1871,-0.5305],[ 1.9764,-0.7319,20.2888, 2.6901,-0.2243],[-0.8984,-0.1791, 0.1846,-0.5131],0.2517
3214,[-0.8584, 0.1567,-0.2198, 0.2605],[-2.0652,-1.737 ,-3.828 ,-3.2952,-1.7924],[-0.8561, 0.16  ,-0.2198, 0.2462],0.1018
3314,[-0.8586, 0.156 ,-0.2171, 0.2365],[-3.5994,-2.3802,-4.8777,-4.0391,-3.2024],[-0.8564, 0.1592,-0.2171, 0.2319],0.1042
3334,[-0.8469, 0.1709,-0.1973, 0.1697],[-0.1611, 1.2253,-1.9741,-1.2796, 1.6333],[-0.8459, 0.1715,-0.1896, 0.1557],0.0783
3432,[-0.8441, 0.1713,-0.1666, 0.1196],[-1.8794,-1.9898,-1.261 ,-2.7734, 0.287 ],[-0.844 , 0.1696,-0.1542, 0.1062],0.086
3621,[-0.8658,-0.0911, 0.0897,-0.2354],[-3.7241,-4.6276,-2.4098,-3.9905,-3.1565],[-0.8668,-0.0907, 0.0807,-0.2215],0.2166
3700,[-0.8561, 0.0246,-0.0017,-0.3416],[-1.9187,-0.5673,-0.4951,-2.7909,-1.2747],[-0.8576, 0.0224, 0.0009,-0.3389],0.232
3701,[-0.8587,-0.039 , 0.0725,-0.3181],[-3.6667,-4.8327,-2.7603,-3.6813,-2.966 ],[-0.8598,-0.0427, 0.0744,-0.3195],0.2126
3702,[-0.8626, 0.0455,-0.0608,-0.3562],[-5.8995,-4.7257,-6.1525,-5.7054,-5.5585],[-0.8641, 0.0471,-0.0567,-0.3509],0.2331
3710,[-0.8586, 0.0654,-0.0433,-0.3499],[-4.9922,-5.9743,-4.8266,-5.5725,-5.5957],[-0.8602, 0.0635,-0.0398,-0.3466],0.2197
3712,[-0.8608, 0.0845,-0.0802,-0.3562],[-4.5623,-4.7211,-6.8646,-5.2901,-5.123 ],[-0.8624, 0.0847,-0.0776,-0.3478],0.2047
3720,[-0.8607,-0.0618, 0.0498,-0.3557],[-2.4647,-1.127 ,-2.9945,-3.1569,-2.4368],[-0.8624,-0.0613, 0.0495,-0.3605],0.2241
3721,[-0.8604,-0.0729, 0.1095,-0.3369],[ 0.4823,-2.6577, 0.6734,-1.0686,-0.5026],[-0.8614,-0.0772, 0.1103,-0.3355],0.1915
3800,[-0.8504, 0.0227, 0.0039,-0.44  ],[ 1.3919, 1.1037,16.271 , 2.0211, 2.0062],[-0.8523, 0.0203, 0.0043,-0.4325],0.2122
3801,[-0.8559,-0.0285, 0.0831,-0.4569],[ 0.1686,-1.4115, 1.7612, 0.6327, 0.1055],[-0.8575,-0.0345, 0.0858,-0.449 ],0.2031
3802,[-0.8493, 0.0491,-0.0713,-0.4317],[-1.6049, 2.0838,-2.7083,-1.8637,-0.6453],[-0.8509, 0.0519,-0.0728,-0.4261],0.1792
3810,[-0.854 , 0.0748,-0.0454,-0.4337],[-0.8986,-0.2813, 1.2362, 1.0072,-1.0119],[-0.8561, 0.0724,-0.0424,-0.4258],0.2013
3812,[-0.8593, 0.0836,-0.0857,-0.4516],[ 2.4171,11.8333, 0.1458, 0.9883, 0.9072],[-0.8612, 0.0848,-0.0851,-0.4362],0.1974
3814,[-0.8614, 0.1104,-0.1675,-0.4982],[ 0.3757, 0.7827,-0.854 , 1.078 ,-0.5342],[-0.8624, 0.1172,-0.1655,-0.48  ],0.1581
3820,[-0.8545,-0.0634, 0.0486,-0.4493],[ 0.6329,13.8772, 1.9799, 0.251 , 0.6981],[-0.8565,-0.0628, 0.0493,-0.4461],0.204
3821,[-0.8609,-0.0707, 0.1033,-0.4484],[ 1.0037, 0.2674,25.8688, 0.595 , 0.8457],[-0.8624,-0.0751, 0.105 ,-0.4472],0.1976
3900,[-8.4049e-01, 2.6542e-02,-1.0678e-04,-7.5699e-01],[ 0.8965,57.5513, 0.9106,55.1587, 0.3441],[-0.8438, 0.0237, 0.0067,-0.7422],0.179
3901,[-0.8547,-0.0143, 0.082 ,-0.6873],[-0.9685,-2.4414,77.8599,-1.0722,-2.0848],[-0.8572,-0.0221, 0.0865,-0.6747],0.206
3902,[-0.8346, 0.0392,-0.0773,-0.9063],[-0.9439,44.0576,-2.4291,41.5104,-1.4559],[-0.8382, 0.044 ,-0.0797,-0.8964],0.1379
3910,[-0.8363, 0.0666,-0.0439,-0.7522],[  0.5833,  0.2911,157.2379,  1.2505,  1.2969],[-0.8397, 0.0658,-0.0454,-0.7358],0.1468
3912,[-0.8468, 0.0768,-0.0817,-0.7258],[ 9.1982e-01, 3.0722e+00,-6.6945e-01, 1.5773e+03, 2.4987e-01],[-0.8497, 0.0788,-0.0827,-0.7078],0.1625
3914,[-0.8512, 0.1329,-0.1752,-0.6135],[ 1.6729,13.8466,-1.5194,-0.1018,-1.1746],[-0.8527, 0.1389,-0.1742,-0.5976],0.1192
3920,[-0.8451,-0.0674, 0.0506,-0.6852],[ 3.1182,14.8345, 0.3292, 1.6746,-0.1094],[-0.8482,-0.0671, 0.0515,-0.6745],0.1729
3921,[-0.8527,-0.0688, 0.0863,-0.6643],[ 0.9949,-0.3826,20.7556, 2.0128, 0.8791],[-0.8553,-0.0721, 0.0879,-0.6556],0.1815
3923,[-0.8648,-0.1169, 0.1741,-0.6866],[-0.9783,-3.0884, 0.0277,-0.7716,-1.5134],[-0.8664,-0.1254, 0.1777,-0.6756],0.1635
3932,[-0.8415, 0.1763,-0.1124,-0.6383],[-0.532 , 0.2699,-1.6898,-0.0132,-1.1826],[-0.8454, 0.1721,-0.0987,-0.6212],0.1097
3934,[-0.8317, 0.1755,-0.1828,-0.7007],[-0.0657, 2.0999,-2.0773, 1.7258,-0.3278],[-0.8343, 0.1784,-0.1765,-0.6827],0.0481
4800,[-0.8057, 0.0304,-0.0111,-0.4836],[ 0.2385, 0.2357, 0.4011,-0.8729, 1.3736],[-0.8079, 0.0294,-0.0132,-0.4866],0.0653
4802,[-0.8091, 0.0353,-0.0618,-0.4823],[-0.541 , 0.0608,-1.5852,-1.537 ,-0.3179],[-0.8111, 0.0384,-0.0712,-0.5003],0.0606
4810,[-0.8081, 0.0608,-0.0429,-0.4647],[-0.6165,-1.142 , 0.1645,-0.7908, 0.1291],[-0.8102, 0.0597,-0.0392,-0.4536],0.0627
4812,[-0.8133, 0.0641,-0.0609,-0.4753],[-0.1361, 0.3354,-0.8554,-0.3133, 0.2854],[-0.8154, 0.0644,-0.0594,-0.4717],0.0688
4820,[-0.8163,-0.062 , 0.0466,-0.4567],[ 0.2813, 0.2223,-0.9769,-0.6869, 0.7781],[-0.8183,-0.0611, 0.0427,-0.4412],0.0833
4821,[-0.8125,-0.0631, 0.056 ,-0.4826],[ 0.1144,-0.3723, 1.9097,-0.1717, 0.6704],[-0.8146,-0.0629, 0.0527,-0.4742],0.0688
4900,[-0.8026, 0.016 ,-0.0111,-0.8727],[  2.8194,  2.1123,746.2207,  1.2385,  1.8687],[-0.8065, 0.0162,-0.0158,-0.866 ],0.0613
4901,[-0.7893,-0.0401, 0.063 ,-0.9773],[-0.0665,-1.9518, 3.3095, 1.95  ,-0.5312],[-0.7934,-0.0426, 0.0613,-0.9724],0.0146
4902,[-0.7975, 0.0316,-0.0742,-0.8805],[-7.3907e-01, 3.8535e+02,-4.9523e-01,-5.3164e-01, 2.6297e-01],[-0.8011, 0.0357,-0.0757,-0.8796],0.0334
4910,[-0.8019, 0.0635,-0.0399,-0.9064],[-1.3056,-2.2282, 3.6082,33.3675,-1.7496],[-0.806 , 0.0623,-0.0352,-0.8946],0.0505
4911,[-0.8081, 0.0563, 0.0566,-0.9099],[-2.3641,-2.6193,-1.2979,-2.3379,-2.8043],[-0.812 , 0.0475, 0.0586,-0.8897],0.0646
4912,[-0.8005, 0.0656,-0.0721,-0.852 ],[  1.7817,129.6532, -0.3224, -0.2457,  1.4655],[-0.8041, 0.0671,-0.0705,-0.8466],0.0344
4914,[-0.8158, 0.1269,-0.1806,-0.7656],[-1.4034, 0.8237,-4.2335,-1.5578,-3.0338],[-0.8177, 0.1333,-0.183 ,-0.7604],0.0161
4920,[-0.7978,-0.0675, 0.0395,-0.8436],[1.6525,4.2638,1.2086,2.4347,0.3274],[-0.8017,-0.0665, 0.0404,-0.8332],0.0362
4921,[-0.8046,-0.0684, 0.0614,-0.8205],[ 1.6737,-0.1257, 2.1329, 0.2658,-0.4678],[-0.8082,-0.0689, 0.0602,-0.8073],0.0479
4932,[-0.8002, 0.1891,-0.1379,-0.8193],[-0.203 , 0.3209,-1.019 ,-0.4303, 0.1328],[-0.8047, 0.1876,-0.1287,-0.8007],-0.0152
4934,[-0.7788, 0.1889,-0.1733,-0.9131],[ 0.3463, 5.2086,-1.7469, 2.9689, 0.1746],[-0.7828, 0.1905,-0.1663,-0.8938],-0.0769
5800,[-0.7372,-0.011 , 0.0127,-0.4694],[-1.0974,-1.0483,-0.2581,-2.0311,-0.0855],[-0.7393,-0.0113, 0.0146,-0.4866],-0.0933
5801,[-0.7422,-0.0405, 0.0612,-0.4799],[-0.5596,-1.2624,-0.6604,-1.833 ,-0.2898],[-0.7442,-0.042 , 0.0603,-0.4877],-0.097
5810,[-0.7766, 0.0602,-0.0552,-0.4948],[-0.1868,-0.4933,-0.1626,-0.4897, 0.3483],[-0.7788, 0.0599,-0.0482,-0.4783],-0.0226
5900,[-0.7517, 0.0071,-0.0143,-0.8082],[2.4035e+00,1.6971e+00,1.4670e+03,6.0115e-01,1.9484e+00],[-0.7553, 0.008 ,-0.0188,-0.8222],-0.0646
5901,[-0.7517,-0.0355, 0.0613,-0.8129],[-6.8386e-02,-8.4754e-01, 7.4516e+01,-1.6131e-01, 1.7063e+00],[-0.7551,-0.0377, 0.0608,-0.8246],-0.0726
5902,[-0.7574, 0.0412,-0.0657,-0.8391],[-24.1541,-21.7968,-24.7028,-25.3662,-22.8666],[-0.7609, 0.0436,-0.0666,-0.8495],-0.0633
5910,[-0.7585, 0.0676,-0.0433,-0.8845],[-1.9815,-2.4779,-0.1494,-3.6658, 0.2705],[-0.7627, 0.0669,-0.0427,-0.9007],-0.0589
5912,[-0.7595, 0.0717,-0.0718,-0.8735],[-2.0172, 0.796 ,-4.9147,-4.4726,-0.336 ],[-0.7634, 0.0726,-0.0692,-0.8873],-0.0646
5914,[-0.7439, 0.1482,-0.1853,-0.989 ],[-0.9218, 2.06  ,-2.1458,-1.4181,-0.6478],[-0.7469, 0.1529,-0.1878,-1.0009],-0.1429
5920,[-0.7635,-0.0692, 0.0423,-0.8293],[-4.2537,-3.2991,-3.8802,-4.4739,-3.6738],[-0.7675,-0.0681, 0.0386,-0.8384],-0.048
5921,[-0.75  ,-0.0767, 0.0793,-0.799 ],[ 0.478 ,-0.6269,27.5385, 0.0428, 2.4966],[-0.7536,-0.0776, 0.0748,-0.8124],-0.0882
5934,[-0.7661, 0.1786,-0.1873,-0.9767],[ 0.5886, 4.1571,-0.8648, 0.632 , 0.9572],[-0.7696, 0.1819,-0.1841,-0.9584],-0.1059
6600,[-0.6913,-0.014 , 0.0092,-0.2369],[-0.1948, 0.6629, 0.041 ,-0.9921, 1.554 ],[-0.6924,-0.0136, 0.0032,-0.2538],-0.1751
6700,[-0.6952, 0.0035,-0.0026,-0.3531],[-0.5881,-0.7438, 0.0062,-1.7227, 2.8502],[-0.6967, 0.0034,-0.0022,-0.3632],-0.1716
6701,[-0.6933,-0.0119, 0.0719,-0.3526],[-1.5608,-2.993 , 0.3523,-2.6815, 0.0367],[-0.6945,-0.0149, 0.0717,-0.3621],-0.183
6702,[-0.6956, 0.0266,-0.0748,-0.3526],[-1.063 , 0.0058,-2.2181,-2.6982, 0.2331],[-0.6968, 0.029 ,-0.0734,-0.3601],-0.182
6712,[-0.7145, 0.0565,-0.0829,-0.3638],[-0.4648, 0.6478,-1.1252,-1.0923, 1.211 ],[-0.7159, 0.0579,-0.079 ,-0.3807],-0.1566
6800,[-0.6964, 0.0057,-0.005 ,-0.4546],[-69.4281,-69.6225,-69.4731,-70.7131,-68.8143],[-0.6984, 0.0057,-0.0058,-0.4669],-0.1686
6801,[-0.6962,-0.0133, 0.0796,-0.4607],[-18.619 ,-19.2627,-17.3226,-19.7493,-17.7998],[-0.6978,-0.0167, 0.0806,-0.4735],-0.1796
6802,[-0.6966, 0.0262,-0.0788,-0.4558],[-14.4997,-13.646 ,-14.973 ,-15.8254,-13.4511],[-0.6982, 0.029 ,-0.081 ,-0.467 ],-0.1811
6810,[-0.7121, 0.0582,-0.0312,-0.4807],[-0.9616,-1.1487,-0.5403,-2.1073, 0.2779],[-0.7144, 0.0571,-0.0299,-0.4907],-0.1488
6812,[-0.7013, 0.0645,-0.1156,-0.4619],[-1.5104,-0.3468,-3.0302,-2.6484,-0.609 ],[-0.7027, 0.0673,-0.1132,-0.4786],-0.1855
6821,[-0.6925,-0.0623, 0.1096,-0.4546],[-1.1018,-2.1711,-0.4273,-2.0381,-0.0832],[-0.694 ,-0.0649, 0.1095,-0.4713],-0.1985
6900,[-0.7122, 0.0102,-0.0137,-0.6217],[ 8.3789e-01, 1.0567e+00, 1.7786e+00,-2.1912e-01, 9.3134e+02],[-0.7149, 0.0106,-0.0152,-0.64  ],-0.142
6901,[-0.7112,-0.0309, 0.0728,-0.6006],[ 0.5952,-1.4967,48.0932,-1.7991, 0.1114],[-0.7136,-0.0333, 0.0702,-0.6138],-0.1539
6902,[-0.7143, 0.0315,-0.072 ,-0.6293],[-0.1914,76.6835,-0.7938,-0.8428, 3.0255],[-0.7168, 0.034 ,-0.0716,-0.6446],-0.1486
6910,[-0.7183, 0.064 ,-0.0416,-0.7178],[-0.9907,-1.5271, 0.5548,-1.3859,48.6345],[-0.7217, 0.0634,-0.0407,-0.7369],-0.1399
6912,[-0.7123, 0.0716,-0.0883,-0.6778],[-1.0526, 2.8526,-2.6428,-2.1681,42.3124],[-0.7151, 0.073 ,-0.0842,-0.696 ],-0.1611
6914,[-0.7002, 0.1101,-0.1788,-0.6864],[-0.1994, 6.9138,-1.9122,-1.0413, 0.0432],[-0.7016, 0.1145,-0.1781,-0.7006],-0.2069
6921,[-0.7216,-0.0679, 0.0986,-0.6751],[-0.5781,-2.6695, 2.9339,-2.0211, 2.7547],[-0.7242,-0.0703, 0.0987,-0.6901],-0.148
7422,[-0.6696,-0.1517,-0.1153, 0.0099],[-6.6923,-6.1592,-8.9173,-7.7015,-5.576 ],[-0.6701,-0.1409,-0.1216,-0.0036],-0.2454
7442,[-0.6663,-0.1828,-0.0925, 0.0174],[-5.1193,-4.6467,-6.8353,-5.7521,-3.9436],[-0.6677,-0.1718,-0.1015, 0.0126],-0.2499
7502,[-0.6681,-0.0462,-0.127 ,-0.1113],[-5.8725,-4.5323,-7.2616,-6.9314,-5.1685],[-0.6677,-0.0394,-0.1228,-0.1243],-0.2339
7522,[-0.6711,-0.1298,-0.1257,-0.0767],[-10.5437, -9.0769,-14.6021,-13.0357, -8.1736],[-0.6715,-0.1193,-0.1304,-0.0913],-0.2417
7524,[-0.667 ,-0.0707,-0.169 ,-0.1161],[ -9.8934, -9.2335,-11.0125,-10.4855, -9.6528],[-0.6659,-0.061 ,-0.1713,-0.1306],-0.2463
7542,[-0.6638,-0.1969,-0.0795,-0.0112],[-37.4656,-34.8542,-39.4923,-38.8495,-35.8575],[-0.6654,-0.1878,-0.0874,-0.0187],-0.2531
7600,[-0.6755,-0.0008,-0.0318,-0.2287],[-4.1836,-5.2112,-5.2676,-5.9664,-3.3069],[-6.7654e-01, 9.9308e-05,-2.0796e-02,-2.4175e-01],-0.2018
7602,[-0.6707,-0.0382,-0.129 ,-0.2169],[-47.4417,-46.3825,-49.99  ,-49.2619,-46.3899],[-0.6708,-0.0314,-0.1237,-0.2312],-0.2288
7604,[-0.667 ,-0.0392,-0.1727,-0.2209],[-30.0695,-29.8684,-32.378 ,-31.3208,-30.1138],[-0.6661,-0.0306,-0.1719,-0.2332],-0.2419
7622,[-0.6724,-0.0811,-0.143 ,-0.1684],[-15.4849,-13.3665,-18.9779,-17.6804,-14.4019],[-0.6722,-0.0719,-0.1435,-0.1836],-0.2357
7624,[-0.6697,-0.067 ,-0.1704,-0.1974],[-14.3274,-14.4754,-16.821 ,-15.7555,-14.3645],[-0.6689,-0.0572,-0.1725,-0.2122],-0.2421
7700,[-0.6787, 0.0015,-0.0226,-0.3375],[-36.0877,-36.839 ,-36.8755,-37.4767,-35.2355],[-0.6802, 0.002 ,-0.0133,-0.351 ],-0.1959
7701,[-0.6828,-0.0069, 0.0683,-0.3433],[-5.8166,-6.8333,-4.5681,-6.6661,-5.0004],[-0.6841,-0.0097, 0.0654,-0.3552],-0.1976
7702,[-0.6728,-0.011 ,-0.1067,-0.3061],[-47.928 ,-46.6026,-50.3427,-50.144 ,-47.0953],[-0.6735,-0.0063,-0.0979,-0.3206],-0.2181
7704,[-0.666 ,-0.0084,-0.1769,-0.2995],[-30.1704,-29.6806,-32.1374,-31.0607,-29.7012],[-0.6653,-0.0008,-0.1751,-0.313 ],-0.2412
7710,[-0.6693, 0.0613,-0.0528,-0.3665],[-1.8599,-2.2513,-1.611 ,-2.7866,-0.7563],[-0.6712, 0.0605,-0.0361,-0.383 ],-0.2195
7712,[-0.6657, 0.0598,-0.0802,-0.3477],[-1.6746,-0.6329,-2.9853,-3.1477,-0.3192],[-0.667 , 0.0607,-0.0745,-0.3486],-0.2309
7800,[-0.6833, 0.0077,-0.0118,-0.4213],[-128.7938,-128.9208,-129.0163,-130.0699,-128.1631],[-0.6852, 0.0077,-0.0057,-0.4344],-0.189
7801,[-0.6858,-0.008 , 0.0795,-0.4365],[-15.9376,-16.6178,-14.4785,-16.6361,-15.4968],[-0.6873,-0.0115, 0.0813,-0.4503],-0.1958
7802,[-0.6777, 0.0211,-0.0889,-0.4203],[-60.3978,-59.5451,-61.9366,-61.6203,-59.6105],[-0.6791, 0.0241,-0.0831,-0.4336],-0.2097
7804,[-0.6671, 0.0377,-0.1769,-0.4195],[-4.2718,-2.9997,-5.7167,-5.0648,-3.8083],[-0.667 , 0.0438,-0.174 ,-0.4349],-0.2427
7810,[-0.6806, 0.0612,-0.0308,-0.4419],[-5.4277,-6.0889,-5.3825,-6.6537,-4.8731],[-0.6828, 0.0601,-0.0296,-0.4593],-0.2015
7812,[-0.6748, 0.0658,-0.1208,-0.4635],[-6.1724,-5.7166,-7.5507,-7.6687,-5.4795],[-0.6762, 0.0683,-0.1125,-0.475 ],-0.2249
7814,[-0.6666, 0.064 ,-0.1784,-0.4678],[-3.6519,-2.724 ,-5.3771,-5.2518,-3.443 ],[-0.6668, 0.0692,-0.1759,-0.4801],-0.2469
7900,[-0.685 , 0.0296,-0.0097,-0.524 ],[-29.9515,-30.15  ,-30.0577,-30.4701,-29.6339],[-0.6874, 0.0287,-0.0079,-0.5358],-0.1885
7901,[-0.6869, 0.0074, 0.0828,-0.5229],[-8.3608,-9.0936,-7.739 ,-8.9403,-8.4328],[-0.6887, 0.0028, 0.0863,-0.5337],-0.1937
7902,[-0.684 , 0.0424,-0.098 ,-0.527 ],[-12.0643,-11.2416,-12.8694,-12.6174,-11.4951],[-0.6858, 0.0454,-0.0982,-0.5411],-0.2057
7904,[-0.676 , 0.052 ,-0.1683,-0.5179],[-0.7026,-1.2678,-1.3042,-0.9929,-0.8223],[-0.6765, 0.0576,-0.1683,-0.5346],-0.2316
7910,[-0.6824, 0.0667,-0.0306,-0.575 ],[-6.9883,-8.2395,-6.5676,-8.3647,-6.9919],[-0.6852, 0.0652,-0.0249,-0.5869],-0.1984
7912,[-0.6815, 0.0716,-0.1154,-0.5632],[-5.0142,-3.7794,-6.9324,-6.1322,-4.5087],[-0.6834, 0.0738,-0.1076,-0.5761],-0.2151
7914,[-0.6747, 0.083 ,-0.1823,-0.5712],[-0.7581, 8.0547,-2.4021,-1.3448,-0.6371],[-0.6753, 0.0879,-0.1803,-0.5839],-0.2394
