100,[-9.5897e-01, 2.3676e-03, 3.6657e-04, 3.9944e-01],[14.8562, 0.125 , 0.986 , 0.2278, 2.    ],[-0.9571, 0.0014, 0.0013, 0.4104],0.2887
101,[-0.9583,-0.0397, 0.0669, 0.3987],[ 0.2591,-0.7398, 3.666 ,-0.2369, 0.1936],[-0.9563,-0.0447, 0.0697, 0.4089],0.269
102,[-0.9581, 0.0451,-0.0638, 0.392 ],[-0.0534, 3.2594,-0.7264,-0.0669,-0.1036],[-0.9562, 0.0478,-0.0645, 0.4038],0.2703
110,[-0.9614, 0.0629,-0.0422, 0.4004],[ 0.4131,-1.0656, 2.4892,-0.3943,-0.0219],[-0.9597, 0.0535,-0.031 , 0.4131],0.2683
112,[-0.959 , 0.0787,-0.0831, 0.3952],[1.552 ,6.5907,0.1018,0.7818,1.3202],[-0.9573, 0.0758,-0.0774, 0.4069],0.2496
120,[-0.9581,-0.0596, 0.0484, 0.3899],[-0.4342, 2.0266,-0.9628,-0.4871,-0.2108],[-0.9564,-0.0546, 0.045 , 0.3992],0.2746
121,[-0.9594,-0.0769, 0.0879, 0.3894],[0.84  ,0.2691,5.2401,0.6289,1.5126],[-0.9576,-0.0759, 0.084 , 0.3969],0.2456
143,[-0.9574,-0.1747, 0.207 , 0.3851],[1.2761,0.0279,1.4725,0.3741,0.6279],[-0.9553,-0.1751, 0.2056, 0.393 ],0.1638
200,[-0.9639, 0.0037,-0.001 , 0.3073],[ 1.0479, 3.3441, 1.2121,55.3226, 2.3867],[-0.9625, 0.0023, 0.0011, 0.3209],0.267
201,[-0.9633,-0.0438, 0.0673, 0.3138],[-0.4099,-1.1002, 5.2391, 0.2365,-0.2097],[-0.9617,-0.0493, 0.0705, 0.3261],0.2468
202,[-0.9631, 0.0459,-0.0638, 0.3039],[-0.491 , 3.0526,-1.6062,-0.6685,-0.6283],[-0.9616, 0.0492,-0.0647, 0.3163],0.2495
203,[-0.9639,-0.0529, 0.177 , 0.2785],[-0.099 ,-0.0992, 0.1888, 0.1534, 0.0108],[-0.9609,-0.0855, 0.1992, 0.2898],0.1836
210,[-0.9634, 0.0662,-0.0411, 0.3014],[-0.0668,-1.5183, 3.1694,-0.356 ,-0.6409],[-0.9621, 0.0553,-0.0305, 0.3147],0.2567
212,[-0.9645, 0.0892,-0.0888, 0.2973],[ 1.4601, 2.9713,-0.2338,19.7058, 1.0478],[-0.9632, 0.0851,-0.0826, 0.311 ],0.2223
214,[-0.9623, 0.1444,-0.1903, 0.296 ],[ 0.2619, 9.3762,-0.5067, 0.6762, 0.1053],[-0.9603, 0.151 ,-0.1922, 0.3088],0.1625
220,[-0.9626,-0.0689, 0.0359, 0.3046],[-0.7829, 6.3885,-1.4366, 0.1408,-0.2595],[-0.9614,-0.0561, 0.0239, 0.316 ],0.2621
221,[-0.9641,-0.0877, 0.0943, 0.3029],[ 6.0562, 0.4454,42.5513, 3.2747, 1.8761],[-0.9627,-0.0857, 0.0893, 0.3142],0.2211
223,[-0.9641,-0.1437, 0.1849, 0.2896],[ 0.2838,-0.6188, 3.968 , 0.0886,-0.2358],[-0.9622,-0.1501, 0.1881, 0.3013],0.1583
232,[-0.9601, 0.2033,-0.13  , 0.2892],[-0.4323,-0.2585, 1.2996,-0.0175,-0.7328],[-0.9604, 0.177 ,-0.1041, 0.3007],0.1869
234,[-0.9623, 0.2022,-0.2085, 0.2819],[ 0.6628,12.6951, 0.6238, 2.2383, 0.4483],[-0.9612, 0.1958,-0.197 , 0.293 ],0.1398
236,[-0.9613, 0.2479,-0.2953, 0.2777],[ 0.6078, 3.7864,-0.1211, 2.3147, 0.0893],[-0.959 , 0.2503,-0.2968, 0.2908],0.0848
241,[-0.9612,-0.1834, 0.1272, 0.2688],[ 0.4405, 4.7328,-0.4262, 0.5021,-0.6562],[-0.961 ,-0.1629, 0.1102, 0.2819],0.1879
243,[-0.9611,-0.2047, 0.2236, 0.2953],[ 1.0503, 0.2447,11.6381, 2.7097, 0.1419],[-0.9596,-0.2019, 0.2175, 0.3079],0.1342
254,[-0.9557, 0.2904,-0.1959, 0.2564],[ 0.0468,-0.1552,-0.0199, 0.4875,-0.3355],[-0.9576, 0.2596,-0.1523, 0.2707],0.1434
300,[-0.9702, 0.0038,-0.0035, 0.1896],[ 2.0649, 0.5648, 2.4657,37.1812,-0.1728],[-0.9693, 0.0035,-0.0028, 0.204 ],0.2417
301,[-0.9656,-0.0415, 0.0709, 0.1904],[-1.6351,-2.4438, 1.047 ,-0.4519,-2.2334],[-0.9644,-0.051 , 0.0794, 0.2043],0.2327
302,[-0.969 , 0.0427,-0.0703, 0.1874],[-2.0413,-0.0182,-3.4108,-2.4727,-3.1352],[-0.9679, 0.0526,-0.0791, 0.2006],0.2195
310,[-0.9675, 0.072 ,-0.0397, 0.186 ],[-1.5438,-1.6952, 1.7257,-0.9637,-1.8106],[-0.9668, 0.0574,-0.0256, 0.2001],0.2401
311,[-0.9571, 0.0786, 0.0854, 0.1492],[-0.1598,-0.623 ,-0.0586,-0.1741,-0.4454],[-0.956 , 0.0323, 0.119 , 0.1634],0.2552
312,[-0.9699, 0.101 ,-0.1018, 0.1829],[ 0.9171, 2.457 , 0.6812,19.9972, 1.0392],[-0.969 , 0.0972,-0.0956, 0.1971],0.1921
314,[-0.9652, 0.1433,-0.1888, 0.1792],[-0.5257, 7.5914,-1.1602, 0.6354,-0.5961],[-0.9635, 0.153 ,-0.196 , 0.1927],0.1499
320,[-0.969 ,-0.0702, 0.0395, 0.1842],[-1.7076, 0.2488,-3.1816,-1.1451,-2.788 ],[-0.9683,-0.0558, 0.0285, 0.198 ],0.2346
321,[-0.969 ,-0.1034, 0.1027, 0.1859],[ 2.8988, 0.7351, 8.4537,26.6146,-0.1959],[-0.9682,-0.0996, 0.0984, 0.2   ],0.1929
323,[-0.9648,-0.1419, 0.1852, 0.1826],[-0.5207,-1.9888, 1.746 , 0.624 ,-1.5261],[-0.9631,-0.1514, 0.1932, 0.1956],0.1528
330,[-0.9696, 0.1693,-0.0456, 0.2272],[ 0.026 ,-0.7925,-0.0175, 0.0276,-0.3344],[-0.9698, 0.1079, 0.0301, 0.241 ],0.2099
332,[-0.967 , 0.1948,-0.1353, 0.1782],[-0.5439,-1.122 , 1.1493,-0.9315,-1.6246],[-0.9674, 0.1686,-0.1076, 0.1897],0.1651
334,[-0.9709, 0.2003,-0.2071, 0.1733],[ 1.2064, 5.8675, 0.3743, 7.593 ,-0.3782],[-0.9702, 0.1949,-0.198 , 0.1872],0.1119
336,[-0.9688, 0.256 ,-0.2883, 0.1928],[ 7.5077, 4.5928,-1.1066, 1.2773,-0.1259],[-0.9672, 0.2577,-0.2878, 0.2055],0.0617
340,[-0.9606,-0.1689, 0.0519, 0.2393],[-2.1327,-2.0074,-3.5742,-1.659 ,-2.4765],[-0.9609,-0.1313, 0.0232, 0.2519],0.2357
341,[-0.9689,-0.1907, 0.1375, 0.1698],[-0.8233, 3.4996,-2.1587,-0.0554,-1.665 ],[-0.9692,-0.1642, 0.1084, 0.183 ],0.1605
343,[-0.9675,-0.2246, 0.2264, 0.1721],[ 0.9229, 0.2625, 2.4825,18.0299,-0.2419],[-0.9669,-0.2179, 0.2153, 0.186 ],0.1064
345,[-0.9641,-0.2607, 0.2973, 0.15  ],[ 0.3228,-1.3808, 1.8772, 1.0545,-1.2066],[-0.9626,-0.2634, 0.2961, 0.1639],0.0693
354,[-0.9614, 0.3041,-0.2286, 0.1635],[-1.4179,-1.447 ,-0.3021,-0.5668,-1.9049],[-0.9632, 0.2797,-0.2017, 0.175 ],0.0984
356,[-0.967 , 0.3092,-0.3045, 0.1592],[-0.0934, 4.0951,-0.2074, 5.8178,-0.4278],[-0.9669, 0.3006,-0.2903, 0.1735],0.0456
361,[-0.9556,-0.2807, 0.1504, 0.1976],[-2.081 ,-1.6158,-2.9661,-2.8299,-2.9184],[-0.9578,-0.2476, 0.1298, 0.2122],0.1567
363,[-0.9669,-0.2885, 0.2385, 0.148 ],[-1.3678,-1.3528,-2.7353,-1.0538,-3.1788],[-0.968 ,-0.2664, 0.208 , 0.1624],0.0873
365,[-0.9598,-0.2999, 0.33  , 0.1609],[ 0.3511,-0.5394, 3.4464, 7.9882,-0.607 ],[-0.9583,-0.2997, 0.3282, 0.1754],0.054
400,[-0.9724, 0.0051,-0.004 , 0.0646],[ 1.327 , 3.1526, 1.4089,20.3216,-0.2513],[-0.9721, 0.0053,-0.005 , 0.0793],0.2317
401,[-0.9693,-0.0367, 0.0718, 0.0713],[-2.2793,-3.7327,-1.0758,-1.6841,-3.2365],[-0.9687,-0.0514, 0.0849, 0.0849],0.2153
402,[-0.9679, 0.0342,-0.0754, 0.0619],[-1.16  , 2.8134,-1.6957,-0.2185,-1.4821],[-0.9672, 0.0512,-0.0918, 0.0761],0.2178
404,[-0.9629, 0.0416,-0.1716, 0.039 ],[-0.9505,-0.3942,-1.852 ,-1.7331,-1.2346],[-0.9608, 0.0796,-0.1953, 0.0537],0.1878
410,[-0.9711, 0.0739,-0.0369, 0.0517],[-1.4582,-3.1322, 0.9114,-0.666 ,-2.5461],[-0.971 , 0.0565,-0.0204, 0.066 ],0.2257
411,[-0.9662, 0.0569, 0.0641, 0.0737],[-0.7694,-1.2913,-0.195 ,-1.1368,-0.7355],[-0.9655, 0.0128, 0.0983, 0.0883],0.2357
412,[-0.9724, 0.0995,-0.1053, 0.063 ],[ 0.6189, 0.6239, 1.3269,37.8393,-0.4761],[-0.9721, 0.0998,-0.1035, 0.078 ],0.1779
414,[-0.9736, 0.1475,-0.1813, 0.0672],[-0.5177, 4.8612,-1.0407, 1.9122,-1.2576],[-0.9726, 0.1581,-0.1894, 0.0798],0.1219
420,[-0.9692,-0.0813, 0.0302, 0.0668],[-0.8233, 2.7074,-1.8545, 0.1167,-1.6802],[-0.9691,-0.0593, 0.0116, 0.0808],0.2319
421,[-0.9723,-0.1125, 0.1082, 0.0628],[ 1.9481, 0.3966, 5.1175,28.6557,-0.2085],[-0.9721,-0.1076, 0.1013, 0.0776],0.1757
422,[-0.9654,-0.0628,-0.068 , 0.0086],[-1.2479,-0.5844,-2.0954,-0.8379,-1.6664],[-0.9645,-0.0054,-0.1426, 0.0235],0.225
423,[-0.9695,-0.1486, 0.1796, 0.0575],[-0.252 ,-1.8592, 1.3141,-0.5213,-2.1998],[-0.9686,-0.1587, 0.1869, 0.0713],0.1352
430,[-0.9601, 0.1754,-0.02  , 0.0824],[-0.9871,-1.4269,-0.1867,-0.7644,-0.444 ],[-0.9612, 0.1267, 0.0162, 0.0959],0.2393
432,[-0.9656, 0.1988,-0.1333, 0.064 ],[-2.3424,-2.8584,-0.0249,-1.9248,-2.6595],[-0.9666, 0.1736,-0.1084, 0.0773],0.166
434,[-0.9742, 0.2145,-0.2114, 0.062 ],[ 1.5543, 5.1209,-0.5228, 5.3871,-1.1535],[-0.9741, 0.2108,-0.2052, 0.0761],0.0915
436,[-0.9684, 0.2397,-0.3054, 0.0853],[ 0.0487, 2.0782,-1.4222, 5.9097,-0.6414],[-0.9662, 0.2522,-0.311 , 0.1003],0.0584
440,[-0.9565,-0.1673, 0.0489, 0.0792],[-1.3691,-0.7191,-2.6985,-1.0755,-1.9875],[-0.9575,-0.1348, 0.0304, 0.0944],0.2438
441,[-0.9707,-0.1948, 0.1331, 0.0652],[-2.6463,-0.2568,-3.0227,-2.3256,-3.8088],[-0.9716,-0.1649, 0.1006, 0.0777],0.1557
443,[-0.9731,-0.2227, 0.2211, 0.0611],[ 0.9776,-0.4559,22.0694, 3.9935,-0.8693],[-0.973 ,-0.2169, 0.2103, 0.0743],0.0905
445,[-0.9696,-0.258 , 0.2967, 0.0521],[ 1.4958,-1.4307, 1.8528, 3.8955,-0.9373],[-0.9683,-0.2657, 0.3012, 0.0668],0.0506
454,[-0.9652, 0.3003,-0.2346, 0.0422],[-2.8622,-3.4107,-1.5734,-2.6326,-4.1975],[-0.9671, 0.2784,-0.2099, 0.0568],0.0844
456,[-0.9692, 0.331 ,-0.3288, 0.0626],[-0.2777, 2.3219,-1.3893, 2.0626,-1.8937],[-0.9692, 0.3267,-0.3209, 0.0766],0.0177
463,[-0.971 ,-0.2956, 0.253 , 0.057 ],[-5.0859,-4.3487,-5.4805,-4.3608,-6.4482],[-0.9723,-0.2763, 0.2269, 0.0712],0.0638
465,[-0.9694,-0.3121, 0.3176, 0.0497],[ 0.0712,-1.2202, 6.906 , 5.682 ,-1.8835],[-0.9692,-0.3089, 0.3091, 0.0645],0.0287
467,[-0.9579,-0.3594, 0.3924, 0.0389],[ 0.68  ,-0.7374, 7.358 , 1.0803,-0.6315],[-0.9567,-0.3616, 0.3897, 0.0541],0.0082
478,[-0.9607, 0.39  ,-0.395 , 0.0247],[-0.0669, 0.9323,-1.1314, 1.6504,-2.0295],[-0.9607, 0.3886,-0.3882, 0.0402],-0.0119
500,[-0.9722, 0.0109,-0.0068,-0.0626],[ 1.4898, 1.9136,47.3809, 5.5699,-0.5132],[-0.9724, 0.0111,-0.0105,-0.0494],0.231
501,[-0.9733,-0.0363, 0.0744,-0.07  ],[ 0.9446,-1.3014, 3.2732,-0.3433,-1.3252],[-0.9732,-0.0564, 0.0909,-0.0568],0.195
502,[-0.9729, 0.0409,-0.0726,-0.0457],[-0.818 , 7.0627,-1.3536,-0.0267,-1.1859],[-0.9727, 0.0604,-0.0953,-0.0336],0.1937
510,[-0.9704, 0.0741,-0.0352,-0.0664],[-1.0425,-1.2966, 2.3225,-0.7647,-2.1753],[-0.9709, 0.0539,-0.0147,-0.0514],0.2273
512,[-0.9733, 0.1012,-0.0984,-0.0587],[ 1.1344, 4.0401,-0.0377,33.4311,-0.5528],[-0.9736, 0.0997,-0.0943,-0.044 ],0.1761
514,[-0.9732, 0.1496,-0.1853,-0.0457],[-0.736 , 2.2602,-1.5141,-0.384 ,-1.7764],[-0.9725, 0.1668,-0.2007,-0.0323],0.1149
520,[-0.9702,-0.0763, 0.0357,-0.0486],[-0.5721, 1.0858,-1.8254,-0.0361,-2.1144],[-0.9706,-0.0548, 0.0116,-0.0334],0.2294
521,[-0.974 ,-0.1071, 0.1127,-0.0598],[ 0.0463, 0.109 , 1.1139,37.5619,-0.518 ],[-0.9741,-0.109 , 0.1116,-0.0442],0.1646
522,[-0.9584,-0.058 ,-0.0661,-0.0312],[-0.6472,-0.3316,-0.7195,-0.0458,-0.8926],[-0.9583,-0.0213,-0.0889,-0.0218],0.2632
523,[-0.9744,-0.1464, 0.1835,-0.0601],[-0.3395,-1.2428, 3.0154,-0.3732,-1.3357],[-0.9738,-0.1646, 0.1991,-0.0449],0.112
532,[-0.9682, 0.1886,-0.1385,-0.0629],[-3.5146,-4.3342,-2.5227,-3.7324,-4.8671],[-0.9694, 0.167 ,-0.1145,-0.0484],0.1567
534,[-0.9724, 0.2287,-0.2127,-0.0709],[ 0.0648, 1.8935,-0.8822, 2.0767,-2.046 ],[-0.9731, 0.223 ,-0.2037,-0.0563],0.0902
536,[-0.9765, 0.2549,-0.2836,-0.084 ],[ 0.6774, 1.5881,-1.5695, 0.2348,-1.2143],[-0.9758, 0.2732,-0.2985,-0.0692],0.0291
541,[-0.9702,-0.1911, 0.1378,-0.0481],[ 0.2057, 1.6879,-1.6039,-0.3852,-1.7953],[-0.9714,-0.1673, 0.1118,-0.0329],0.1516
543,[-0.974 ,-0.2185, 0.2243,-0.0602],[ 0.5743,-0.1799, 0.6648,21.1555,-1.1578],[-0.9741,-0.2208, 0.2232,-0.0447],0.081
545,[-0.9724,-0.2584, 0.2936,-0.061 ],[-0.4039,-1.0113, 2.2594, 3.9575,-1.2454],[-0.9714,-0.2704, 0.3026,-0.0453],0.0399
554,[-0.9674, 0.2983,-0.2516,-0.0521],[-6.5712,-6.8272,-5.7491,-6.1533,-7.453 ],[-0.969 , 0.2865,-0.2413,-0.0381],0.064
556,[-0.9664, 0.3304,-0.3221,-0.0649],[-1.7104,-0.8512,-2.6113, 0.9026,-3.7684],[-0.9669, 0.3303,-0.319 ,-0.0508],0.0228
558,[-0.9634, 0.3811,-0.4007,-0.0452],[ 0.0539, 5.7443,-0.8725, 0.8168,-0.4922],[-0.9626, 0.3846,-0.403 ,-0.0307],-0.021
563,[-0.9688,-0.2934, 0.2576,-0.052 ],[-1.4437,-1.1648,-1.8201,-0.4307,-2.9614],[-0.9701,-0.2835, 0.2463,-0.0373],0.0601
565,[-0.9723,-0.315 , 0.3214,-0.0605],[ 0.3315,-1.363 , 1.3784, 9.3582,-1.555 ],[-0.9723,-0.3174, 0.3199,-0.0447],0.0135
567,[-0.9619,-0.3627, 0.406 ,-0.0707],[ 0.3603,-0.0847, 5.2749, 7.8153,-0.7805],[-0.9603,-0.3697, 0.4104,-0.0549],-0.0123
576,[-0.9621, 0.4027,-0.3713,-0.073 ],[-7.2585,-7.1669,-7.4423,-7.0502,-8.5247],[-0.9637, 0.3992,-0.3615,-0.0574],-0.013
578,[-0.9613, 0.3898,-0.4035,-0.0032],[-1.2987,-1.095 ,-2.7428, 0.206 ,-3.6164],[-0.9609, 0.3906,-0.4005, 0.0092],-0.0182
585,[-0.973 ,-0.3934, 0.3798,-0.0244],[-3.7111,-3.5873,-3.49  ,-2.8448,-4.1572],[-0.9737,-0.3907, 0.3737,-0.0107],-0.0382
587,[-0.9675,-0.3923, 0.4057,-0.0582],[-1.9906,-3.5596,-1.5305,-1.0554,-4.8399],[-0.9672,-0.3947, 0.403 ,-0.0428],-0.0357
600,[-0.9715, 0.0133,-0.0015,-0.1876],[ 0.2669, 1.3892, 1.9801,24.5426,-1.5247],[-9.7223e-01, 8.6188e-03, 6.1246e-04,-1.7158e-01],0.2331
601,[-0.9707,-0.037 , 0.072 ,-0.187 ],[ 0.4282,-1.455 , 3.5397, 1.0706,-1.5295],[-0.9712,-0.0553, 0.0875,-0.1711],0.2038
602,[-0.9711, 0.0468,-0.068 ,-0.1719],[-0.7698, 2.138 ,-0.9621,-0.1815,-1.4567],[-0.9715, 0.0612,-0.0864,-0.1555],0.2007
603,[-0.9749,-0.0323, 0.167 ,-0.1653],[-0.0558,-0.8575,-0.006 ,-0.1433,-0.0342],[-0.9734,-0.0961, 0.2159,-0.1495],0.1319
610,[-0.9689, 0.0732,-0.034 ,-0.1876],[-1.5643,-1.5583, 2.0124,-0.4305,-2.3201],[-0.9699, 0.0547,-0.0155,-0.1742],0.2306
612,[-0.9702, 0.1008,-0.0947,-0.1858],[ 0.3572,12.6003, 0.3875, 1.5312,-2.3002],[-0.971 , 0.0989,-0.0901,-0.1719],0.1867
614,[-0.9721, 0.1621,-0.174 ,-0.206 ],[ 0.322 ,-0.2021,-1.3031, 0.5102,-1.2565],[-0.9725, 0.1722,-0.1826,-0.1917],0.1189
620,[-0.9712,-0.0708, 0.0382,-0.1851],[-0.8981, 0.3877,-1.5059,-0.7458,-1.7856],[-0.9721,-0.0522, 0.0138,-0.1689],0.2275
621,[-0.9722,-0.097 , 0.1143,-0.1812],[ 0.8239,-1.3021, 1.2849, 8.7237,-1.6633],[-0.9727,-0.1075, 0.1217,-0.1651],0.1661
623,[-0.9731,-0.1499, 0.1831,-0.1835],[ 0.1354,-0.9753, 0.9282, 3.8148,-1.1518],[-0.973 ,-0.1691, 0.2001,-0.167 ],0.1122
632,[-0.9671, 0.1878,-0.143 ,-0.1792],[-5.3462,-6.4379,-5.1437,-5.7705,-7.3515],[-0.9687, 0.1713,-0.1242,-0.1642],0.1534
634,[-0.9661, 0.2286,-0.211 ,-0.1879],[-3.9502,-3.7285,-5.5722,-3.1763,-6.6039],[-0.9673, 0.2267,-0.2064,-0.1724],0.1052
636,[-0.9703, 0.2726,-0.2874,-0.1605],[ 0.8172, 0.6263,-0.4381, 0.0484,-1.46  ],[-0.9702, 0.2831,-0.2989,-0.1444],0.0397
641,[-0.9701,-0.1789, 0.1554,-0.161 ],[-1.1452,-0.5886,-1.5827,-1.2009,-1.7098],[-0.9711,-0.1716, 0.1491,-0.1456],0.1363
643,[-0.9744,-0.212 , 0.2291,-0.1797],[ 0.269 ,-1.0278, 0.9557, 8.7954,-1.7372],[-0.9745,-0.224 , 0.2383,-0.1635],0.0729
645,[-0.971 ,-0.2576, 0.3016,-0.1793],[-0.3081,-0.4096, 1.2945, 6.7305,-0.5785],[-0.9699,-0.2758, 0.3177,-0.1628],0.036
654,[-0.9654, 0.2896,-0.2515,-0.1903],[-7.2388,-7.4656,-7.323 ,-6.9702,-8.2026],[-0.9672, 0.2834,-0.243 ,-0.1751],0.0693
656,[-0.9621, 0.3224,-0.3151,-0.1891],[-4.8247,-4.148 ,-6.2817,-4.0487,-7.3414],[-0.963 , 0.3256,-0.3147,-0.1739],0.0365
663,[-0.9737,-0.2906, 0.2627,-0.1483],[-0.0772,-1.2482,-0.5794,-0.1039,-1.6571],[-0.9751,-0.2854, 0.2551,-0.1359],0.0427
665,[-0.9686,-0.3104, 0.3245,-0.1724],[-0.5428,-0.9363, 0.4119,11.0613,-1.1597],[-0.9685,-0.319 , 0.3299,-0.1559],0.0186
667,[-0.9609,-0.344 , 0.4241,-0.1624],[ 0.4833,-0.104 , 3.5141,12.6931,-0.5469],[-0.9579,-0.3582, 0.4349,-0.147 ],-0.0119
676,[-0.957 , 0.3991,-0.3579,-0.1536],[-6.9243,-6.958 ,-7.6387,-7.1309,-8.7872],[-0.9589, 0.3971,-0.3554,-0.1386],0.0019
678,[-0.9578, 0.4041,-0.3899,-0.1254],[ 0.0684, 2.0948,-1.9657, 2.5299,-2.4848],[-0.9587, 0.4057,-0.3879,-0.112 ],-0.0138
700,[-0.9669, 0.021 ,-0.0018,-0.3056],[-5.1186,-6.6381,-4.4014,-3.0079,-8.1074],[-0.9682, 0.0135, 0.0031,-0.2898],0.2482
701,[-0.9689,-0.0331, 0.0742,-0.3022],[ 1.7448,-1.4385, 2.9717, 2.1404,-1.6987],[-0.9698,-0.0542, 0.0928,-0.2862],0.207
702,[-0.9641, 0.0484,-0.0651,-0.3091],[-0.964 , 0.8769,-1.5525, 0.5852,-1.5161],[-0.9653, 0.0583,-0.0756,-0.2929],0.2282
710,[-0.9647, 0.0716,-0.0348,-0.3144],[-0.6259,-1.2991, 2.4403,-1.0524,-2.6674],[-0.9663, 0.0578,-0.0224,-0.299 ],0.2422
712,[-0.9651, 0.105 ,-0.0924,-0.3139],[-12.7671,-11.73  ,-12.9393,-11.0973,-14.4356],[-0.9666, 0.1026,-0.088 ,-0.2983],0.2012
714,[-0.9625, 0.1566,-0.1735,-0.316 ],[-0.6892, 0.5356,-0.8826,-0.3641,-1.9668],[-0.9633, 0.1676,-0.1828,-0.2995],0.15
720,[-0.9795,-0.0583, 0.0545,-0.3422],[-0.7335, 0.2547,-0.8541,-0.4926,-1.0836],[-0.9809,-0.0596, 0.0558,-0.326 ],0.1796
721,[-0.969 ,-0.0924, 0.117 ,-0.2981],[-1.1328,-3.3752, 1.2865, 0.3423,-3.8412],[-0.9698,-0.1072, 0.129 ,-0.2824],0.1728
723,[-0.9704,-0.1446, 0.1881,-0.2952],[ 0.6854, 0.4542, 2.3218,11.9884,-1.2356],[-0.9704,-0.1693, 0.2113,-0.2786],0.1158
725,[-0.9635,-0.1591, 0.2789,-0.2822],[-0.1248,-0.3104, 0.0664,-0.1656,-0.0257],[-0.9602,-0.2012, 0.3321,-0.2651],0.0866
732,[-0.9635, 0.1844,-0.1444,-0.3084],[-9.0264,-8.6317,-8.5037,-8.6084,-9.8041],[-0.9655, 0.1738,-0.1316,-0.2929],0.1599
734,[-0.9615, 0.2243,-0.2108,-0.3019],[-19.7328,-19.2995,-20.393 ,-18.0557,-20.8056],[-0.963 , 0.2257,-0.2082,-0.2861],0.1176
736,[-0.9603, 0.2669,-0.2895,-0.2964],[ 1.4457, 1.289 , 0.7474, 0.7438,-1.4783],[-0.9602, 0.2802,-0.3046,-0.2806],0.0661
743,[-0.9687,-0.1974, 0.2274,-0.2949],[ 0.3787,-1.7492, 2.9593, 5.5052,-2.7716],[-0.9688,-0.2155, 0.2436,-0.278 ],0.0907
745,[-0.9625,-0.2472, 0.2984,-0.2992],[ 0.2132,-0.1534, 0.5874,21.6228,-0.4695],[-0.9616,-0.2669, 0.3152,-0.2821],0.0633
754,[-0.9606, 0.2849,-0.261 ,-0.284 ],[-8.0861,-8.0102,-9.1599,-7.933 ,-9.6615],[-0.9624, 0.2845,-0.2543,-0.2679],0.078
756,[-0.9588, 0.3048,-0.3015,-0.2851],[ -8.6637, -8.3732, -9.8555, -7.7777,-10.5498],[-0.9597, 0.3108,-0.3045,-0.2685],0.0552
765,[-0.9589,-0.2938, 0.327 ,-0.2784],[ 0.7752, 0.1123, 0.7811, 5.1417,-1.3123],[-0.9584,-0.307 , 0.3372,-0.2615],0.0473
800,[-0.9618, 0.0213,-0.0017,-0.4166],[-30.9709,-30.5667,-29.5721,-29.4877,-32.1645],[-0.9635, 0.0143, 0.0038,-0.4005],0.2653
801,[-0.9622,-0.0306, 0.0797,-0.42  ],[ 1.4491, 0.0932, 9.3528, 1.6876,-1.352 ],[-0.9635,-0.0519, 0.0987,-0.4036],0.2277
802,[-0.96  , 0.0493,-0.0644,-0.4056],[-1.7427,-0.58  ,-1.8679,-1.1223,-2.7053],[-0.9615, 0.058 ,-0.0744,-0.3885],0.2421
810,[-0.9611, 0.0744,-0.0339,-0.4191],[-6.1606,-6.1477,-5.0723,-4.3466,-7.3089],[-0.9631, 0.061 ,-0.0213,-0.4029],0.2539
812,[-0.9604, 0.1098,-0.0942,-0.4191],[-45.0606,-44.9562,-45.7   ,-44.0018,-46.3919],[-0.9623, 0.1073,-0.0881,-0.4026],0.2143
814,[-0.956 , 0.164 ,-0.1748,-0.4412],[-0.6219,-0.8916,-1.6461, 0.8261,-2.3349],[-0.9573, 0.174 ,-0.1839,-0.4238],0.1663
821,[-0.9635,-0.0805, 0.1169,-0.4048],[-5.4453,-7.3246,-5.8698,-5.0507,-7.886 ],[-0.9646,-0.098 , 0.1309,-0.3895],0.1931
823,[-0.9611,-0.1308, 0.1981,-0.4207],[ 1.6617, 0.3911, 1.0825,37.4205,-0.5321],[-0.9609,-0.1598, 0.2266,-0.4031],0.1432
832,[-0.9597, 0.1844,-0.1463,-0.4091],[-11.4211,-11.1137,-11.3257,-11.0552,-12.1768],[-0.9622, 0.1759,-0.1313,-0.3919],0.1704
834,[-0.9575, 0.2061,-0.2013,-0.4068],[-31.6139,-31.2307,-31.6596,-31.2631,-33.0415],[-0.9591, 0.2107,-0.2006,-0.3895],0.1389
836,[-0.9588, 0.245 ,-0.2849,-0.376 ],[ 1.1218, 0.9772, 0.2961, 3.823 ,-1.2802],[-0.9582, 0.2649,-0.3113,-0.3585],0.0753
843,[-0.9578,-0.188 , 0.2354,-0.4113],[ 3.8909, 0.1713,-0.973 , 1.1619,-2.9952],[-0.9577,-0.209 , 0.2565,-0.3943],0.1215
845,[-0.9584,-0.2171, 0.3356,-0.4557],[-0.0808, 0.1312,47.4839, 4.3928,-0.8182],[-0.9553,-0.2528, 0.3688,-0.4384],0.0648
900,[-0.959 , 0.0093, 0.0149,-0.5201],[-89.9399,-90.0333,-89.5205,-88.8884,-90.5029],[-0.9611,-0.0021, 0.0302,-0.5026],0.2729
901,[-0.9603,-0.0214, 0.0962,-0.5417],[-0.2142, 0.7884, 0.7705,41.8391,-0.966 ],[-0.9615,-0.0579, 0.1426,-0.5245],0.2151
910,[-0.9579, 0.0754,-0.0323,-0.536 ],[-38.5533,-38.7681,-38.7005,-38.8881,-39.6942],[-0.9605, 0.0619,-0.0178,-0.5194],0.2643
912,[-0.9569, 0.0987,-0.0888,-0.5095],[-141.9377,-142.0062,-142.1481,-141.3764,-142.2525],[-0.9592, 0.0982,-0.0833,-0.492 ],0.231
921,[-0.9602,-0.0791, 0.1441,-0.5369],[ -9.7816, -7.7381,-10.5423, -7.9278,-11.1227],[-0.9609,-0.112 , 0.185 ,-0.5186],0.1788
923,[-0.9624,-0.113 , 0.2012,-0.5079],[-2.6349e-01, 8.6790e-01, 6.1651e-01, 9.1848e+01, 4.9956e-02],[-0.9617,-0.1559, 0.2545,-0.4901],0.1309
1000,[-0.9308, 0.0513,-0.0434, 0.5023],[ 1.0891, 0.9839, 1.4374,-0.3875, 2.0876],[-0.9287, 0.0485,-0.0404, 0.4892],0.3949
1100,[-0.9394,-0.0021, 0.0013, 0.393 ],[1.1319e+00,1.5445e+00,5.6810e-01,5.7670e-02,3.3527e+02],[-9.3765e-01,-1.8843e-03, 9.1997e-04, 3.8884e-01],0.3675
1101,[-0.9373,-0.0361, 0.0691, 0.3903],[ 0.2835,-0.4833, 3.4812,-0.1309,59.4594],[-0.9354,-0.0412, 0.073 , 0.3831],0.3543
1102,[-0.937 , 0.0337,-0.0689, 0.3909],[ 1.4562, 2.32  ,-0.7202,-0.6164,59.1065],[-0.9351, 0.0393,-0.0745, 0.3828],0.3558
1110,[-0.9477, 0.0632,-0.0405, 0.4314],[ 0.705 ,-0.0806,11.0047,-0.5774, 0.149 ],[-0.9459, 0.0564,-0.0345, 0.4383],0.3209
1112,[-0.947 , 0.0744,-0.0879, 0.4137],[ 0.4578,39.0956, 0.8511, 0.6942, 4.295 ],[-0.9451, 0.074 ,-0.0845, 0.4127],0.2946
1114,[-0.9353, 0.1582,-0.1839, 0.3832],[ 0.3358,11.9133,-0.6999,-0.5879, 1.7391],[-0.9334, 0.1576,-0.178 , 0.3807],0.2613
1120,[-0.9431,-0.0656, 0.0365, 0.3853],[ 0.7726, 9.2956,-0.9927, 0.5074, 1.2953],[-0.9416,-0.0581, 0.0319, 0.3845],0.3374
1121,[-0.9398,-0.0898, 0.1032, 0.3879],[ 0.2544, 1.3574, 2.9703, 1.0917,49.6635],[-0.9381,-0.0895, 0.1006, 0.3819],0.3086
1123,[-0.9393,-0.156 , 0.1768, 0.3843],[ 0.1638,-1.0439, 8.9639, 0.2031, 1.7052],[-0.9374,-0.155 , 0.1726, 0.385 ],0.2503
1134,[-0.9309, 0.2141,-0.2137, 0.3837],[ 1.0856, 1.1015,-0.1205, 0.7278,17.4451],[-0.9298, 0.2085,-0.1996, 0.3795],0.2406
1141,[-0.9421,-0.175 , 0.1334, 0.3808],[1.0285,1.817 ,0.5332,0.505 ,6.0161],[-0.9412,-0.1639, 0.1292, 0.3794],0.2509
1143,[-0.9415,-0.1835, 0.202 , 0.3838],[ 1.2181, 0.5781, 1.6642, 0.5012,10.8718],[-0.9397,-0.1809, 0.1954, 0.3809],0.22
1145,[-0.9321,-0.1985, 0.2817, 0.3822],[ 0.6939, 0.1127, 1.4875,-0.2549,-0.1565],[-0.9286,-0.2044, 0.2857, 0.3689],0.2073
1200,[-0.9386,-0.0009, 0.0023, 0.3358],[  1.0764,  1.632 ,  1.4298,320.758 ,  2.9911],[-0.9371,-0.0013, 0.0032, 0.3448],0.3679
1201,[-0.9303,-0.0417, 0.0729, 0.3276],[ -0.3074, -0.3769,163.4121,  0.321 ,  0.9616],[-0.9287,-0.0458, 0.0741, 0.3237],0.3766
1202,[-0.9291, 0.0414,-0.0734, 0.3317],[  0.4409,127.115 , -0.4234, -0.2226,  4.508 ],[-0.9275, 0.0455,-0.0744, 0.3232],0.3825
1210,[-0.9275, 0.0743,-0.0413, 0.273 ],[ 1.8120e-01,-4.1638e-01, 4.1853e+01, 3.5043e-02, 5.9317e+00],[-0.9266, 0.0677,-0.0377, 0.271 ],0.3876
1212,[-0.9295, 0.083 ,-0.0905, 0.2927],[  0.8982,  2.8251,  0.6794,  1.3304,196.2859],[-0.9283, 0.0821,-0.086 , 0.2819],0.3571
1214,[-0.9371, 0.1462,-0.184 , 0.2878],[ 3.0481e-01, 6.5848e+01,-1.2835e+00,-4.8752e-02, 6.8886e-01],[-0.9353, 0.1491,-0.1814, 0.291 ],0.2565
1220,[-0.9341,-0.0747, 0.0391, 0.2971],[ 0.9439,81.9587,-0.0854,-0.1387, 0.6469],[-0.933 ,-0.0669, 0.0354, 0.2938],0.3674
1221,[-0.9317,-0.0834, 0.0958, 0.3078],[338.3057,  0.7307,  3.5877,  0.484 ,  1.6551],[-0.9303,-0.0835, 0.0938, 0.3017],0.346
1223,[-0.9388,-0.1462, 0.1807, 0.3146],[ 0.7364,-0.5499,47.5588, 0.1618, 0.5086],[-0.9369,-0.1485, 0.1797, 0.3166],0.2526
1230,[-0.9154, 0.1684,-0.0399, 0.2986],[-0.9205,-1.4542, 0.178 ,-1.3795,-1.0454],[-0.9157, 0.1505,-0.0399, 0.2852],0.4042
1232,[-0.9268, 0.1812,-0.1381, 0.2998],[ 0.5508,-0.4045, 1.3099, 1.0728, 5.0704],[-0.9265, 0.1704,-0.1197, 0.2973],0.3091
1234,[-0.9343, 0.1978,-0.2095, 0.292 ],[ 1.4299,63.2848,-0.1766, 2.3053, 2.3334],[-0.9331, 0.1949,-0.199 , 0.2993],0.2357
1236,[-0.9428, 0.2594,-0.291 , 0.3334],[ 5.2458e-03, 3.6371e+01,-7.8659e-01, 1.9074e+00, 2.6630e-01],[-0.9409, 0.2574,-0.2839, 0.3454],0.1437
1240,[-0.9418,-0.1871, 0.0396, 0.28  ],[-4.2409,-3.6761,-5.037 ,-4.2966,-4.2471],[-0.9424,-0.1556, 0.0194, 0.2924],0.2981
1241,[-0.9412,-0.1968, 0.1248, 0.3037],[ 0.5847,42.8255, 0.4392, 0.5489, 1.7886],[-0.9413,-0.1794, 0.1107, 0.3095],0.2525
1243,[-0.9421,-0.208 , 0.2126, 0.3195],[ 1.8074, 0.6485,30.0181, 1.5744, 1.0383],[-0.941 ,-0.2031, 0.2016, 0.325 ],0.2026
1245,[-0.9239,-0.2385, 0.2985, 0.295 ],[ 0.292 ,-1.0501, 9.2567, 0.5009, 4.782 ],[-0.9214,-0.2403, 0.2943, 0.2953],0.2038
1256,[-0.9244, 0.2851,-0.313 , 0.2976],[ 1.4680e+00, 1.9074e+01,-1.3501e-03, 2.2463e+00, 1.0945e+00],[-0.9228, 0.2829,-0.3053, 0.3098],0.1802
1261,[-0.928 ,-0.3029, 0.1462, 0.2642],[-2.6033,-1.78  ,-3.2927,-2.8559,-3.1427],[-0.9313,-0.2732, 0.0971, 0.2785],0.2533
1263,[-0.9322,-0.2928, 0.2458, 0.2896],[1.5502,1.0122,1.7779,5.6053,5.6769],[-0.933 ,-0.2797, 0.2218, 0.2987],0.1866
1265,[-0.9397,-0.2987, 0.3137, 0.2736],[20.5552,-0.448 , 2.6697, 1.0056, 1.5381],[-0.9387,-0.2944, 0.3019, 0.2835],0.1253
1300,[-0.9174,-0.0057, 0.0035, 0.1613],[  1.3216,335.9287,  3.6966,  2.4846,  1.8627],[-0.9167,-0.0057, 0.0058, 0.165 ],0.4399
1301,[-0.9175,-0.0466, 0.0628, 0.1814],[  0.1345, -0.6067,119.4028, -0.2757,  0.4414],[-0.9166,-0.0486, 0.0638, 0.1833],0.4219
1302,[-0.9165, 0.0431,-0.068 , 0.1348],[ 2.5537e+00, 2.3859e+00,-1.1703e+00, 2.7228e-02, 6.9132e+01],[-0.9158, 0.0464,-0.0685, 0.1318],0.4232
1303,[-0.9519,-0.043 , 0.1758, 0.1622],[-2.141 ,-2.2747,-0.9505,-1.797 ,-2.0018],[-0.9493,-0.0734, 0.1996, 0.1482],0.2295
1310,[-0.9201, 0.0689,-0.0398, 0.1901],[-1.5769e-01,-4.2504e-01, 1.2450e+02,-2.6373e-02, 2.1319e+00],[-0.9194, 0.0638,-0.0374, 0.1905],0.4187
1312,[-0.9196, 0.0826,-0.0936, 0.1718],[  0.5827,493.8749,  1.2739,  1.6421,  2.9314],[-0.9187, 0.0828,-0.0899, 0.1805],0.3848
1314,[-0.9327, 0.1421,-0.1873, 0.187 ],[ 2.3353e-01, 9.7941e+01,-8.3824e-01, 8.5226e-01, 4.6893e-02],[-0.9311, 0.1475,-0.1888, 0.196 ],0.268
1320,[-0.9164,-0.0646, 0.0425, 0.1594],[ 1.2377e+00, 2.1819e+02,-1.5490e-01,-2.4114e-01, 4.5373e-01],[-0.9158,-0.061 , 0.042 , 0.1652],0.4288
1321,[-0.9187,-0.0841, 0.0826, 0.1748],[  1.6961,  1.0175,279.478 ,  4.4639,  1.1998],[-0.918 ,-0.0824, 0.0768, 0.1776],0.3954
1322,[-0.9359,-0.0579,-0.0564, 0.1341],[-6.0459,-6.073 ,-7.3638,-6.1264,-6.3543],[-0.9351,-0.0342,-0.0718, 0.1465],0.3618
1323,[-0.9234,-0.1452, 0.1825, 0.2024],[ 0.4602,-0.5236,29.3003, 0.3604, 0.1649],[-0.9219,-0.1491, 0.1833, 0.2014],0.2988
1330,[-0.9244, 0.1757,-0.0536, 0.2184],[-3.291 ,-3.762 ,-2.7206,-3.1869,-3.3285],[-0.9249, 0.1569,-0.0523, 0.2294],0.3543
1332,[-0.93  , 0.1883,-0.139 , 0.1877],[-3.313 ,-3.8998,-2.7392,-2.6897,-3.37  ],[-0.9303, 0.1773,-0.1248, 0.1952],0.2878
1334,[-0.9347, 0.208 ,-0.2223, 0.1952],[ 1.8128,46.728 , 0.0592, 1.8101, 1.2663],[-0.9337, 0.2069,-0.2163, 0.2064],0.2195
1336,[-0.9329, 0.2678,-0.3132, 0.1637],[-0.076 ,45.4792,-0.3345, 0.8   , 0.313 ],[-0.931 , 0.2702,-0.311 , 0.1742],0.1568
1340,[-0.9516,-0.1767, 0.0487, 0.2173],[-8.4503,-7.7049,-9.0656,-8.6713,-8.0379],[-0.9522,-0.1432, 0.0239, 0.2294],0.263
1341,[-0.9304,-0.1899, 0.1339, 0.1824],[ 0.4478,15.2921, 0.0749,-0.2004, 0.8188],[-0.9307,-0.1781, 0.1266, 0.1875],0.2843
1343,[-0.9319,-0.2105, 0.2107, 0.1763],[ 1.677 , 0.5795,23.1143, 1.4395, 0.6558],[-0.9314,-0.2068, 0.1999, 0.1837],0.2358
1345,[-0.9309,-0.2165, 0.2979, 0.2074],[ 0.4857,-0.463 ,17.1762, 0.642 , 1.0406],[-0.9279,-0.2237, 0.3009, 0.2181],0.1908
1354,[-0.9437, 0.3093,-0.2333, 0.1746],[-2.5622,-3.1075,-2.5492,-2.2891,-3.5421],[-0.9455, 0.2928,-0.2173, 0.1845],0.1418
1356,[-0.9293, 0.301 ,-0.3159, 0.1865],[ 1.5493, 7.1688,-0.2271, 6.2248, 0.9911],[-0.9285, 0.2985,-0.3082, 0.1991],0.1505
1361,[-0.937 ,-0.2903, 0.1405, 0.2018],[-8.8222,-7.9082,-9.6554,-8.6103,-8.7277],[-0.9399,-0.2613, 0.1132, 0.2163],0.2197
1363,[-0.9359,-0.3206, 0.2318, 0.1871],[ 1.7402, 2.5511,-0.2835,21.098 , 0.2127],[-0.9384,-0.3025, 0.2027, 0.2005],0.1673
1365,[-0.938 ,-0.3327, 0.33  , 0.187 ],[ 0.7403, 0.2574,42.1279, 2.8748, 0.6956],[-0.9379,-0.3278, 0.317 , 0.1978],0.1063
1367,[-0.943 ,-0.3382, 0.3992, 0.1563],[ 0.8531,-1.1096,11.9497, 1.7755,-0.3131],[-0.9405,-0.3399, 0.3964, 0.1683],0.0579
1376,[-0.9355, 0.3987,-0.3538, 0.1393],[-1.533 ,-1.5544,-2.1434,-0.8533,-2.405 ],[-0.9371, 0.3915,-0.3433, 0.1539],0.0691
1385,[-0.9231,-0.3966, 0.3538, 0.169 ],[-5.4341,-6.3014,-6.0763,-5.3677,-6.0718],[-0.9247,-0.3897, 0.3409, 0.1788],0.1032
1387,[-0.9226,-0.4051, 0.412 , 0.1467],[ 1.3941,-0.2809,40.0975, 0.8566, 0.3522],[-0.9225,-0.402 , 0.4002, 0.1607],0.0674
1400,[-0.9179, 0.0144,-0.0174, 0.0586],[  1.3877,  1.3015,839.0546,  1.5782,  1.3021],[-0.9176, 0.0153,-0.0215, 0.0642],0.4485
1401,[-0.9182,-0.0387, 0.0714, 0.0466],[ 2.3236e-03,-1.4776e+00, 4.2835e+01,-6.7706e-01, 1.3930e+00],[-0.9177,-0.0435, 0.0729, 0.0536],0.4235
1402,[-0.9167, 0.0434,-0.0682, 0.0745],[ 6.3218e-01, 9.1233e+02,-4.4259e-01, 3.7333e-01, 6.1671e-01],[-0.9162, 0.0468,-0.0693, 0.0794],0.4262
1403,[-0.9216,-0.0428, 0.1712, 0.0241],[-3.5241,-4.3136,-3.6571,-3.9193,-4.0282],[-0.9198,-0.0622, 0.1783, 0.0351],0.3464
1410,[-0.9182, 0.0652,-0.0384, 0.0549],[ 3.0896e-03,-2.2913e-01, 3.9863e+00, 1.0674e+00, 7.5204e+00],[-0.9181, 0.0598,-0.0288, 0.053 ],0.4353
1411,[-0.9286, 0.0591, 0.0568, 0.0187],[-5.0661,-5.6048,-3.7233,-4.8244,-4.9554],[-0.9283, 0.0341, 0.0953, 0.0031],0.3775
1412,[-0.9174, 0.0717,-0.0901, 0.0691],[  2.9946,  4.5931,  1.6282,534.6699,  2.2677],[-0.9169, 0.0739,-0.0898, 0.0818],0.3997
1414,[-0.9221, 0.1316,-0.1831, 0.0644],[ 6.1109e-02, 7.4528e+01,-6.4304e-01,-3.2680e-01, 1.7671e+00],[-0.9208, 0.1389,-0.1874, 0.0768],0.3022
1420,[-0.9178,-0.0676, 0.042 , 0.0704],[-4.5579e-01, 2.6186e+02,-1.7198e-01,-6.3638e-01, 4.8443e-01],[-0.9177,-0.0636, 0.0412, 0.0812],0.4297
1421,[-0.9167,-0.0782, 0.0857, 0.0561],[1.1605e+00,6.3254e-01,7.3621e+02,7.0690e+00,1.6581e+00],[-0.9163,-0.0785, 0.0826, 0.0673],0.4032
1422,[-0.9301,-0.0644,-0.0602, 0.0522],[-5.1298,-4.5197,-6.1631,-5.0065,-4.7893],[-0.9297,-0.0415,-0.0711, 0.0659],0.3807
1423,[-0.9198,-0.1363, 0.1845, 0.0532],[ 1.2741e+00,-1.0035e+00, 9.7577e+01, 4.8588e-01,-6.1508e-02],[-0.9186,-0.1424, 0.1867, 0.0642],0.3089
1430,[-0.9329, 0.1802,-0.0437, 0.056 ],[-4.3875,-5.2136,-3.5216,-4.4089,-4.8884],[-0.9344, 0.1537,-0.03  , 0.0611],0.3196
1432,[-0.9364, 0.1894,-0.1408, 0.0651],[-7.8907,-8.9636,-7.8026,-7.9834,-8.4985],[-0.9371, 0.178 ,-0.1292, 0.0767],0.2585
1434,[-0.9317, 0.2135,-0.2164, 0.0575],[ 2.9433, 4.1286,-0.2808,34.2901, 1.8965],[-0.9314, 0.2123,-0.2121, 0.0723],0.2254
1436,[-0.9357, 0.255 ,-0.3012, 0.0702],[ 4.5725,36.9075,-0.8854, 0.2056, 0.0438],[-0.9341, 0.2597,-0.3021, 0.0834],0.1561
1440,[-0.9319,-0.178 , 0.0379, 0.0727],[-5.1096,-5.6954,-6.7462,-6.2244,-6.1348],[-9.3326e-01,-1.4772e-01, 1.3795e-04, 8.7867e-02],0.3442
1441,[-0.9339,-0.2022, 0.1257, 0.0503],[ 0.7444,-0.5225,-1.2627, 7.1909,-1.2513],[-0.9352,-0.1852, 0.103 , 0.0619],0.276
1443,[-0.9299,-0.2067, 0.2161, 0.0608],[48.0169,-0.0689, 3.0737, 1.5998, 0.4118],[-0.9295,-0.2061, 0.2101, 0.069 ],0.2368
1445,[-0.9261,-0.2363, 0.29  , 0.066 ],[-0.4799,-0.5794, 3.9446,11.4976,-0.1125],[-0.9243,-0.2412, 0.2897, 0.0795],0.2021
1452,[-0.9474, 0.3031,-0.1492, 0.0757],[-4.2563,-4.6974,-3.3621,-3.8715,-4.4909],[-0.9513, 0.2648,-0.0943, 0.091 ],0.1862
1454,[-0.9409, 0.3192,-0.23  , 0.0472],[-4.7377,-4.6516,-4.1874,-3.8553,-5.4864],[-0.9435, 0.3038,-0.2167, 0.0587],0.1438
1456,[-0.936 , 0.3505,-0.3187, 0.0695],[ 2.3665, 7.6773,-0.0985, 3.2799, 0.4016],[-0.9373, 0.3438,-0.3041, 0.0826],0.1085
1458,[-0.9471, 0.3876,-0.3892, 0.0551],[ 1.7262,20.1694,-0.9524, 1.1985, 0.5739],[-0.9472, 0.3855,-0.3815, 0.0691],0.0264
1461,[-0.9276,-0.2785, 0.1597, 0.0408],[-6.0236,-5.3235,-6.5459,-5.7666,-6.1291],[-0.9309,-0.2566, 0.1203, 0.0562],0.2518
1463,[-0.9352,-0.3162, 0.2187, 0.0393],[ 0.0516, 2.0063,-0.5344, 6.5012,-1.2846],[-0.9382,-0.2996, 0.1973, 0.0535],0.1719
1465,[-0.9362,-0.3394, 0.3365, 0.0665],[ 0.8214,-0.3345, 2.2712,16.5378, 0.3433],[-0.9363,-0.3372, 0.3283, 0.0797],0.1007
1467,[-0.9359,-0.3611, 0.4082, 0.0578],[ 1.3571,-1.051 ,24.6807, 0.4234, 0.5069],[-0.9341,-0.3631, 0.406 , 0.069 ],0.059
1474,[-0.9289, 0.4003,-0.2692, 0.0494],[-1.4055,-2.1168,-0.9636,-1.3949,-1.8981],[-0.9341, 0.3832,-0.2347, 0.0621],0.1298
1476,[-0.9374, 0.4052,-0.3562, 0.0427],[-3.4053,-3.1108,-3.8358,-2.5653,-4.386 ],[-0.9395, 0.3995,-0.3461, 0.0568],0.0577
1478,[-0.9432, 0.4086,-0.4085, 0.0516],[ 1.2845, 2.0021,-0.8777, 2.4635,-1.3493],[-0.9432, 0.4069,-0.4043, 0.0664],0.0175
1483,[-0.9322,-0.4024, 0.2695, 0.0399],[-7.7091,-6.7679,-8.4718,-7.1841,-7.7192],[-0.9372,-0.3866, 0.2487, 0.0353],0.1134
1485,[-0.9222,-0.4152, 0.3402, 0.0579],[-7.571 ,-8.4068,-7.7292,-7.1145,-8.9457],[-0.9253,-0.4079, 0.3249, 0.0705],0.1033
1487,[-0.9306,-0.4076, 0.4436, 0.0529],[ 1.0851,-0.6747, 3.3761,11.5394,-1.1575],[-0.9293,-0.4076, 0.4387, 0.0678],0.0361
1500,[-0.918 , 0.0179,-0.0108,-0.0613],[  1.7247,111.5684,112.4005,  3.837 , -0.8032],[-0.9183, 0.0169,-0.0108,-0.0542],0.4511
1501,[-0.9178,-0.0304, 0.0752,-0.065 ],[-50.7498,-51.0905,-47.8395,-50.3468,-50.143 ],[-0.9177,-0.0376, 0.079 ,-0.0599],0.4236
1502,[-0.9184, 0.0414,-0.07  ,-0.0494],[-39.2072,-37.8431,-40.2201,-38.5229,-39.2722],[-0.9184, 0.0462,-0.0732,-0.0442],0.4233
1503,[-0.9173,-0.0399, 0.1735,-0.0862],[-7.7389,-8.1176,-6.9914,-7.5438,-7.5458],[-0.9159,-0.0594, 0.1794,-0.0918],0.3783
1504,[-0.9172, 0.0504,-0.1838,-0.1009],[-3.0993,-2.7094,-3.7944,-3.2648,-3.1461],[-0.9155, 0.0698,-0.1913,-0.0862],0.3693
1510,[-0.9161, 0.0591,-0.0478,-0.0831],[ 0.7023,42.2539, 0.4076, 1.5435, 0.2397],[-0.9166, 0.0568,-0.042 ,-0.0778],0.4333
1511,[-0.9192, 0.0608, 0.0639,-0.0735],[-5.4867,-6.1295,-4.0456,-5.8909,-6.3739],[-0.9192, 0.0376, 0.0969,-0.0664],0.416
1512,[-0.9175, 0.069 ,-0.0757,-0.0713],[  1.2459,129.6707, -1.0658, 10.1097,  1.7132],[-0.9177, 0.0699,-0.0741,-0.0647],0.4104
1514,[-0.9192, 0.1357,-0.1853,-0.0586],[ 0.2393,54.5081,-0.6706, 1.2493,-0.2572],[-0.9184, 0.1431,-0.1894,-0.0465],0.3125
1520,[-0.9185,-0.0677, 0.0412,-0.0653],[ -7.2053,153.2765, -7.5618, -5.9976, -8.6938],[-0.9189,-0.0637, 0.0398,-0.0523],0.427
1521,[-0.9166,-0.0819, 0.0907,-0.0624],[  1.3254, -0.3576,  3.8702,302.8513,  2.707 ],[-0.9167,-0.0831, 0.0894,-0.0477],0.3986
1522,[-0.9228,-0.0626,-0.0616,-0.085 ],[-3.5777,-3.7889,-4.7496,-3.4553,-4.5773],[-0.9229,-0.0415,-0.0751,-0.0695],0.4077
1523,[-0.9218,-0.1331, 0.1854,-0.0573],[ 1.092 ,-1.5492,11.6115, 2.3635,-0.5127],[-0.9209,-0.1413, 0.1905,-0.0432],0.3021
1532,[-0.9415, 0.1834,-0.1491,-0.0706],[-7.5636,-7.7896,-7.0545,-7.3588,-7.9995],[-0.9425, 0.1751,-0.1369,-0.0563],0.2384
1534,[-0.9355, 0.212 ,-0.2188,-0.0623],[ 0.7155, 8.0165,-0.3913, 9.1414, 0.36  ],[-0.9356, 0.2125,-0.2157,-0.047 ],0.2091
1536,[-0.9294, 0.2508,-0.289 ,-0.0647],[-0.4217, 2.1161,-0.575 ,15.7636, 0.0334],[-0.9285, 0.2561,-0.2903,-0.0489],0.1802
1540,[-0.9135,-0.1753, 0.055 ,-0.0081],[-3.7925,-2.6564,-3.1728,-3.0854,-2.8448],[-0.9152,-0.1543, 0.0174, 0.0076],0.4125
1541,[-0.9272,-0.185 , 0.136 ,-0.0621],[-1.7625,-3.7458,-3.1295,-1.9599,-3.2269],[-0.9285,-0.1741, 0.1157,-0.052 ],0.2989
1543,[-0.9357,-0.2142, 0.2167,-0.0637],[ 0.7201,-0.2341,27.2282, 1.4496, 0.4207],[-0.936 ,-0.2136, 0.2089,-0.0521],0.2121
1545,[-0.9322,-0.2482, 0.2968,-0.0623],[19.5838,-0.9037, 0.5165,-0.1732,-0.1545],[-0.9308,-0.2548, 0.3   ,-0.0507],0.1673
1552,[-0.9429, 0.3068,-0.1254,-0.006 ],[-1.9901,-2.3005,-0.9414,-1.4176,-2.2806],[-0.9473, 0.269 ,-0.0889, 0.0097],0.2016
1554,[-0.9434, 0.3178,-0.2465,-0.0479],[-2.8115,-3.2522,-2.7133,-1.2481,-3.9128],[-0.946 , 0.3059,-0.2304,-0.0355],0.129
1556,[-0.9393, 0.3398,-0.3147,-0.0772],[ 0.8   , 9.9193, 0.0842, 6.1025,-0.2348],[-0.9407, 0.337 ,-0.3049,-0.0621],0.0996
1558,[-0.9507, 0.3808,-0.4002,-0.0504],[ 0.1787, 8.0136,-0.5861, 4.424 ,-0.2617],[-0.95  , 0.3834,-0.4014,-0.0352],0.0115
1563,[-0.9391,-0.301 , 0.2526,-0.0493],[-0.9632,-1.3902,-1.5029, 1.7241,-2.0424],[-0.9411,-0.2922, 0.2329,-0.036 ],0.1497
1565,[-0.9346,-0.3352, 0.32  ,-0.0725],[ 0.718 ,-0.3274,21.2017, 3.3889,-0.4016],[-0.9356,-0.3332, 0.3091,-0.0584],0.1144
1567,[-0.941 ,-0.3675, 0.4232,-0.0708],[ 0.5381,-0.5686,17.8086, 1.6222,-0.5053],[-0.9389,-0.3727, 0.4253,-0.0563],0.0349
1574,[-0.9396, 0.397 ,-0.2562,-0.0536],[-1.3508,-2.1241,-0.9332,-1.3746,-1.8694],[-0.9454, 0.3758,-0.217 ,-0.0377],0.106
1576,[-0.9256, 0.4096,-0.3429,-0.0727],[-5.2899,-5.6326,-6.6373,-5.0295,-7.2424],[-0.9287, 0.4045,-0.3292,-0.0592],0.0931
1578,[-0.9349, 0.4162,-0.4159,-0.065 ],[-0.5163, 0.0078,-2.6841, 0.0933,-3.1246],[-0.9351, 0.4168,-0.4135,-0.0494],0.0288
1585,[-0.937 ,-0.3962, 0.3712,-0.0259],[-1.3812,-2.6371,-1.8879,-0.6971,-3.2579],[-0.9384,-0.3934, 0.3584,-0.0104],0.0584
1587,[-0.9313,-0.4027, 0.4375,-0.0556],[ 0.0434,-1.5192, 4.4545, 4.0535,-2.3789],[-0.93  ,-0.405 , 0.4358,-0.0407],0.0384
1600,[-0.9167, 0.0087,-0.0036,-0.1549],[-58.8723,-58.8769,-57.3034,-57.208 ,-59.7779],[-0.9174, 0.008 ,-0.0034,-0.1482],0.4537
1601,[-0.9162,-0.0344, 0.0777,-0.1557],[-38.4241,-39.7524,-37.249 ,-38.5533,-39.1758],[-0.9166,-0.0417, 0.0822,-0.1559],0.4183
1602,[-0.9165, 0.0399,-0.0711,-0.1712],[-24.2919,-22.7432,-25.0263,-24.1421,-25.2595],[-0.917 , 0.0454,-0.075 ,-0.167 ],0.423
1603,[-0.9332,-0.0503, 0.1696,-0.1564],[-3.5134,-4.0698,-2.7788,-3.1412,-3.2564],[-0.9321,-0.0729, 0.1796,-0.1563],0.3053
1610,[-0.9151, 0.0626,-0.0444,-0.1627],[ 2.7422,-0.9305,-0.0667,23.4368,-0.5679],[-0.9159, 0.0596,-0.0395,-0.1523],0.4354
1611,[-0.9202, 0.0641, 0.062 ,-0.1769],[-3.6154,-4.3753,-2.1619,-3.4539,-3.9103],[-0.9207, 0.0406, 0.0908,-0.1635],0.4101
1612,[-0.917 , 0.0699,-0.0752,-0.1681],[-3.8139,-4.2449,-5.7176,-3.3325,-5.1007],[-0.9177, 0.0711,-0.0742,-0.158 ],0.4085
1614,[-0.9278, 0.1353,-0.188 ,-0.1781],[ 1.7523,11.7698,-0.9681, 1.5396,-1.1884],[-0.9273, 0.1457,-0.1955,-0.1647],0.2802
1620,[-0.9153,-0.0636, 0.0449,-0.1732],[-20.5817,-22.5533,-22.03  ,-18.3531,-23.6129],[-0.9161,-0.0606, 0.0405,-0.1642],0.4364
1621,[-0.9151,-0.0849, 0.0952,-0.1776],[-2.5602,-5.9185,49.1216,50.175 ,-4.8407],[-0.9157,-0.0868, 0.0936,-0.1681],0.3954
1622,[-0.9224,-0.0661,-0.0593,-0.1415],[-2.2095,-1.2084,-2.9621,-2.6274,-2.6027],[-0.9227,-0.0423,-0.0885,-0.1261],0.4017
1623,[-0.9232,-0.1379, 0.1843,-0.186 ],[-0.1402,-1.3158,10.5231, 1.8099,-1.058 ],[-0.923 ,-0.1469, 0.1892,-0.1725],0.2908
1630,[-0.9118, 0.1837,-0.0381,-0.2278],[-0.9467,-1.5422,-0.0119,-1.3807,-1.3638],[-0.9146, 0.1651,-0.0375,-0.211 ],0.3945
1632,[-0.9348, 0.1799,-0.1452,-0.1973],[-6.7682,-6.9656,-6.9947,-6.549 ,-7.095 ],[-0.9364, 0.1742,-0.1353,-0.1882],0.2627
1634,[-0.9411, 0.2152,-0.2192,-0.1883],[-0.279 , 2.0415,-0.158 , 3.7186,-0.2841],[-0.9417, 0.2176,-0.2182,-0.1722],0.1866
1636,[-0.9321, 0.2629,-0.289 ,-0.1955],[-0.2272,14.0251,-0.5378, 0.6105,-0.427 ],[-0.9319, 0.2688,-0.2906,-0.1802],0.1644
1640,[-0.915 ,-0.1668, 0.0447,-0.1586],[-1.0672,-0.8696,-1.5765,-1.3455,-0.5628],[-0.9171,-0.1509, 0.0462,-0.1421],0.3944
1641,[-0.9152,-0.1764, 0.144 ,-0.1717],[-4.4622,-4.8717,-4.7083,-3.6661,-5.0945],[-0.9166,-0.1714, 0.1306,-0.1592],0.3362
1643,[-0.9364,-0.2109, 0.231 ,-0.1777],[ 0.4787,-0.7281, 6.7755, 5.8388,-0.8424],[-0.9365,-0.2159, 0.2305,-0.1624],0.1995
1645,[-0.9347,-0.2591, 0.2975,-0.2026],[ 0.0303,-0.4195,17.5498, 0.6085,-0.2333],[-0.9341,-0.2668, 0.3008,-0.1879],0.1532
1647,[-0.952 ,-0.264 , 0.3944,-0.2313],[-0.4879,-1.0258, 0.293 ,-0.5158,-0.9056],[-0.9473,-0.2869, 0.4173,-0.2145],0.0529
1654,[-0.9476, 0.2866,-0.2614,-0.1902],[ 0.4917, 0.343 ,-0.7155, 0.9972,-1.4883],[-0.9492, 0.2844,-0.2536,-0.1742],0.1181
1656,[-0.9382, 0.3282,-0.3296,-0.1884],[ 0.2189, 4.3137, 0.2315,20.4427,-0.4395],[-0.9387, 0.3311,-0.3286,-0.1721],0.0964
1658,[-0.9283, 0.3805,-0.3996,-0.2164],[-0.0342,14.156 , 0.2874, 1.836 ,-0.237 ],[-0.928 , 0.3854,-0.3995,-0.2005],0.0657
1663,[-0.943 ,-0.2886, 0.2658,-0.1472],[-0.2852,-0.7376, 0.1958, 0.77  ,-0.6585],[-0.9442,-0.2872, 0.2631,-0.1382],0.1285
1665,[-0.9363,-0.3171, 0.3349,-0.1854],[ 0.6012, 0.0716, 2.3341,21.4314,-0.4558],[-0.9362,-0.3216, 0.3335,-0.1693],0.1065
1667,[-0.9362,-0.3548, 0.4155,-0.1826],[ 8.7355e-01,-7.9125e-01, 4.8433e+00, 2.1560e+01, 7.3867e-03],[-0.9341,-0.3628, 0.4201,-0.1663],0.0542
1676,[-0.9307, 0.4043,-0.3726,-0.1679],[-1.943 ,-2.2283,-3.4712,-2.0771,-4.2964],[-0.9326, 0.4044,-0.3647,-0.1532],0.0656
1678,[-0.9231, 0.4077,-0.4208,-0.1871],[-1.6382,-1.1372,-3.0954, 0.5505,-3.9393],[-0.923 , 0.411 ,-0.4182,-0.1713],0.0597
1685,[-0.9336,-0.3921, 0.371 ,-0.1419],[ 0.142 ,-1.0627, 0.2522, 1.0057,-1.8147],[-0.9349,-0.3922, 0.3676,-0.1258],0.0627
1687,[-0.9164,-0.4197, 0.4708,-0.1959],[ 0.5847,-0.6176, 0.7807,26.2926,-0.8244],[-0.9145,-0.4238, 0.4701,-0.1793],0.0457
1700,[-9.3200e-01, 8.1033e-03,-3.1389e-04,-3.0283e-01],[-45.1844,-45.2475,-44.6454,-43.9742,-45.4336],[-0.9333, 0.0061, 0.0016,-0.2916],0.3899
1701,[-0.9361,-0.0299, 0.0804,-0.2975],[-11.2207,-12.0431,-10.2387,-10.9508,-11.9404],[-0.9369,-0.0427, 0.0927,-0.2868],0.3383
1702,[-0.9247, 0.034 ,-0.0788,-0.2955],[-7.8883,-7.367 ,-8.6498,-6.9283,-8.7076],[-0.9256, 0.0434,-0.0859,-0.2869],0.3859
1703,[-0.9233,-0.0457, 0.1955,-0.2505],[-1.0074,-1.2137,-0.3906,-0.0237,-0.8252],[-0.922 ,-0.07  , 0.203 ,-0.2344],0.3361
1710,[-0.926 , 0.0698,-0.0384,-0.2999],[-23.9763,-23.8976,-22.5819,-22.6149,-24.7342],[-0.9275, 0.0643,-0.0335,-0.289 ],0.3927
1712,[-0.9297, 0.0929,-0.0913,-0.3028],[-59.0984,-58.2422,-59.6797,-57.933 ,-59.9441],[-0.931 , 0.0936,-0.0893,-0.2915],0.3407
1714,[-0.9374, 0.1497,-0.1812,-0.3163],[ 1.5346,17.0819, 0.1696, 0.8031,-0.4218],[-0.9379, 0.1592,-0.1885,-0.3011],0.2397
1720,[-0.9172,-0.0676, 0.0385,-0.2757],[-6.7533,-5.9799,-6.3895,-5.9108,-6.9166],[-0.9185,-0.0629, 0.0328,-0.2696],0.4306
1721,[-0.9207,-0.0894, 0.1076,-0.2759],[-19.5722,-20.7947,-19.7382,-18.803 ,-20.831 ],[-0.9216,-0.094 , 0.1095,-0.2673],0.3646
1722,[-0.9245,-0.0591,-0.0642,-0.3043],[-0.2316,-0.0891,-0.701 ,-0.3916,-0.2116],[-0.9257,-0.0379,-0.0715,-0.2886],0.3987
1723,[-0.9369,-0.1427, 0.1928,-0.3171],[ 0.7288,-1.2246, 7.779 , 6.3277,-1.0066],[-0.9369,-0.1561, 0.2041,-0.3026],0.2362
1732,[-0.9454, 0.1798,-0.1488,-0.312 ],[-5.8965,-5.8556,-5.7807,-5.8116,-6.4013],[-0.9473, 0.1756,-0.1417,-0.2989],0.2188
1734,[-0.9448, 0.2206,-0.2244,-0.3188],[ 0.2056, 3.3018,-0.1118,18.0853,-0.4739],[-0.9458, 0.2254,-0.2255,-0.3017],0.1665
1736,[-0.9392, 0.2598,-0.2956,-0.3274],[ 0.1823,23.3762,-0.0977, 2.5033, 0.3694],[-0.9389, 0.2704,-0.3037,-0.3108],0.1348
1741,[-0.9133,-0.1715, 0.1512,-0.2562],[-0.9004,-1.2413,-1.2513,-0.6757,-1.4303],[-0.9149,-0.1689, 0.1391,-0.2444],0.3421
1743,[-0.9408,-0.1988, 0.2429,-0.3093],[ 0.6571,-0.4548, 2.089 , 8.6584,-1.1774],[-0.9406,-0.2112, 0.2528,-0.293 ],0.1785
1745,[-0.939 ,-0.2494, 0.3043,-0.3061],[ 1.3422,-0.6363,22.8342, 1.3289,-0.7314],[-0.9379,-0.2626, 0.3151,-0.29  ],0.1367
1754,[-0.9481, 0.2839,-0.2587,-0.3094],[ 1.2638, 1.0926,-0.8847, 3.2948,-0.8665],[-0.95  , 0.284 ,-0.253 ,-0.2923],0.116
1756,[-0.9393, 0.3142,-0.3307,-0.3068],[ 1.781 , 0.2455,-0.4117,34.0847,-0.6384],[-0.9395, 0.3214,-0.3346,-0.2901],0.0965
1758,[-0.9228, 0.3678,-0.413 ,-0.3136],[ 1.2439, 3.5524, 0.1628,35.9158,-0.746 ],[-0.9214, 0.3756,-0.4177,-0.2966],0.0826
1765,[-0.9409,-0.2994, 0.3413,-0.2832],[ 0.2458,-0.261 , 2.262 ,15.7788,-0.2705],[-0.9401,-0.3095, 0.3469,-0.2669],0.0948
1767,[-0.9315,-0.3547, 0.4324,-0.3129],[ 0.7651,-0.8268,66.715 , 3.7284,-0.6328],[-0.9287,-0.3654, 0.4399,-0.297 ],0.0585
1778,[-0.9176, 0.3964,-0.4313,-0.2879],[-2.5968,-1.5474,-4.2886,-0.993 ,-4.7465],[-0.9166, 0.4022,-0.4322,-0.271 ],0.0684
1787,[-0.9247,-0.4037, 0.4755,-0.2814],[ 1.6942,-0.1058, 0.3963,50.8365,-0.8499],[-0.9218,-0.4109, 0.4813,-0.2653],0.0344
1800,[-0.9394, 0.0205,-0.0103,-0.4398],[ -9.0564, -9.286 , -9.3917, -8.1184,-11.2693],[-0.9413, 0.0184,-0.0085,-0.4239],0.356
1801,[-0.9384,-0.022 , 0.0946,-0.4469],[-1.3716,-2.5248,-0.9577,-0.4085,-3.3052],[-0.9396,-0.0405, 0.1098,-0.4312],0.3205
1802,[-0.9339, 0.0419,-0.071 ,-0.4421],[-3.286 ,-1.7903,-3.4672,-1.7317,-4.1259],[-0.9355, 0.0503,-0.0793,-0.4261],0.3471
1803,[-0.9301,-0.0475, 0.1713,-0.4464],[-0.31  , 0.0443, 0.6176,-0.3225,-0.8958],[-0.9301,-0.0724, 0.1829,-0.4294],0.3113
1810,[-0.9358, 0.0725,-0.0366,-0.4356],[ 1.4139,-0.0234, 6.8416, 4.1436,-0.6191],[-0.9379, 0.0661,-0.0322,-0.421 ],0.3504
1812,[-0.9384, 0.1074,-0.1056,-0.4443],[-14.4399,-14.4943,-15.5378,-13.9624,-17.4086],[-0.9403, 0.1093,-0.1039,-0.4285],0.2908
1814,[-0.9386, 0.1508,-0.184 ,-0.4506],[ 0.5384,39.5396,-0.1293, 0.9453,-0.5951],[-0.9395, 0.1624,-0.1934,-0.434 ],0.2298
1820,[-0.9243,-0.0801, 0.0231,-0.4284],[-1.7653, 0.0694,-1.7612,-1.0048,-2.5979],[-0.9265,-0.0698, 0.0124,-0.4123],0.4043
1821,[-0.9365,-0.0902, 0.1262,-0.4334],[ 0.3123,-0.5687, 2.2942, 3.8709,-1.5639],[-0.9377,-0.1018, 0.1345,-0.4181],0.291
1823,[-0.9412,-0.1284, 0.1966,-0.4234],[ 1.024 ,-0.177 ,11.1018, 1.2846,-1.2533],[-0.9413,-0.1475, 0.2124,-0.4073],0.2218
1832,[-0.937 , 0.1777,-0.1448,-0.4345],[-0.4148,-0.9665,-2.0751, 0.1344,-2.9482],[-0.9395, 0.1744,-0.1358,-0.4175],0.2515
1834,[-0.9435, 0.203 ,-0.2188,-0.4315],[ 0.1259, 1.417 ,-0.5688,64.6566,-0.7603],[-0.9446, 0.2117,-0.2231,-0.4141],0.1774
1836,[-0.9339, 0.2571,-0.3061,-0.4519],[ 0.471 , 1.016 ,-0.2821,43.4336,-0.2686],[-0.9334, 0.2707,-0.3164,-0.4345],0.1458
1841,[-0.9261,-0.1789, 0.1387,-0.4591],[-0.1319, 0.2198, 0.0634, 0.3054,-0.4256],[-0.9287,-0.1755, 0.1355,-0.4427],0.2907
1843,[-0.9448,-0.1891, 0.2416,-0.4059],[ 0.1336, 0.3275, 0.2192,13.5714,-0.2735],[-0.9446,-0.2061, 0.2577,-0.3895],0.1647
1845,[-0.9455,-0.2381, 0.3176,-0.4219],[ 0.1561,-0.4822, 1.3365,25.5703,-0.7192],[-0.9438,-0.2592, 0.3368,-0.4043],0.1103
1854,[-0.9429, 0.2813,-0.2684,-0.3933],[ 0.4741, 1.4594,-0.9854, 0.5528,-1.4107],[-0.9447, 0.2854,-0.2671,-0.3759],0.126
1856,[-0.931 , 0.3039,-0.3485,-0.4266],[ 0.5325, 1.0804, 0.0254,23.8297,-1.3397],[-0.9302, 0.3154,-0.3575,-0.4089],0.1168
1858,[-0.9211, 0.3466,-0.4075,-0.4017],[-2.1469e-02, 4.2079e+01,-4.8145e-02, 6.5576e-01,-3.7796e-01],[-0.9191, 0.357 ,-0.4164,-0.385 ],0.0981
1865,[-0.9434,-0.2866, 0.3773,-0.4076],[ 0.7333,-0.0361, 0.6164,17.8045,-0.5741],[-0.9406,-0.306 , 0.3959,-0.39  ],0.0731
1867,[-0.9451,-0.3148, 0.4095,-0.3945],[-0.3416,-0.586 , 1.6919,74.4597,-0.8298],[-0.9419,-0.3328, 0.4226,-0.3771],0.0454
1900,[-0.9264, 0.0026,-0.0193,-0.6308],[-44.611 ,-41.4054,-46.4368,-41.743 ,-47.5995],[-0.9291, 0.0061,-0.0216,-0.6128],0.4116
1901,[-0.9375,-0.0058, 0.0957,-0.542 ],[-0.4933,-0.9294,33.2416, 0.1177,-1.0524],[-0.939 ,-0.029 , 0.1154,-0.5251],0.3251
1902,[-0.9219, 0.0407,-0.0727,-0.6607],[-3.7006, 1.0324,-5.2707,70.0443,-6.1149],[-0.9244, 0.0488,-0.079 ,-0.6424],0.3954
1910,[-0.9255, 0.0745,-0.0359,-0.5766],[-61.8653,-61.6082,-61.9401,-61.9392,-63.0242],[-0.9282, 0.0677,-0.027 ,-0.5613],0.3915
1911,[-0.9337, 0.0613, 0.0635,-0.588 ],[ 0.0446,-0.7842, 0.206 ,-0.5488,-0.8924],[-0.9357, 0.0277, 0.1123,-0.5698],0.3416
1912,[-0.9296, 0.0917,-0.1026,-0.6   ],[-339.8334,-339.7762,-340.205 ,-339.5139,-341.081 ],[-0.9319, 0.0971,-0.1058,-0.5831],0.3291
1914,[-0.9346, 0.1448,-0.184 ,-0.5603],[  1.4118,  2.8072, -0.2437,198.5525, -0.897 ],[-0.9357, 0.1583,-0.1961,-0.5429],0.2443
1920,[-0.9217,-0.0732, 0.0303,-0.6011],[-25.8831,-26.0902,-26.048 ,-26.0017,-26.9072],[-0.9246,-0.0655, 0.0192,-0.5833],0.4132
1921,[-0.9254,-0.1006, 0.1024,-0.5658],[-9.0763,-8.6405,-6.3113, 4.8008,-9.5482],[-0.9277,-0.1046, 0.1003,-0.55  ],0.346
1923,[-0.9457,-0.1069, 0.1958,-0.5207],[ 0.3206, 0.3081, 0.6523,31.645 ,-1.2198],[-0.9457,-0.1341, 0.2183,-0.503 ],0.2096
1932,[-0.9208, 0.1834,-0.1369,-0.5806],[-44.1389,-43.8288,-45.1016,-43.7636,-45.1681],[-0.9242, 0.1779,-0.1217,-0.5644],0.3142
1934,[-0.9363, 0.1891,-0.2171,-0.5424],[-83.8327,-83.7614,-85.174 ,-83.7672,-85.8487],[-0.9374, 0.2008,-0.2264,-0.5253],0.2054
1936,[-0.9313, 0.23  ,-0.3039,-0.5294],[  0.187 ,110.9231, -0.31  ,  0.6194, -0.4092],[-0.9303, 0.2479,-0.318 ,-0.5124],0.1661
1941,[-0.9172,-0.1891, 0.1592,-0.5205],[-7.0318,-7.1851,-6.8784,-6.8022,-7.4549],[-0.92  ,-0.1875, 0.15  ,-0.5025],0.3104
1943,[-0.9239,-0.1925, 0.1915,-0.544 ],[-1.5015,-1.6914, 0.9048, 0.0157,-3.3379],[-0.9259,-0.1992, 0.1943,-0.5269],0.2638
2100,[-0.9008, 0.0094,-0.0062, 0.3938],[-113.0657,-113.1109,-112.7181,-113.4717,-112.6365],[-0.8991, 0.0089,-0.0053, 0.3872],0.3965
2101,[-0.9072,-0.0397, 0.0677, 0.3823],[-35.5705,-36.1087,-34.7965,-36.2122,-34.8446],[-0.9054,-0.0422, 0.0675, 0.3731],0.3983
2102,[-0.9045, 0.0422,-0.0604, 0.3828],[-21.5857,-21.0593,-22.0202,-22.0694,-20.6925],[-0.9028, 0.0436,-0.06  , 0.3714],0.39
2112,[-0.8772, 0.0864,-0.1112, 0.4094],[-5.9124,-5.7791,-6.3746,-6.6273,-4.8787],[-0.8751, 0.0877,-0.1157, 0.4092],0.2345
2121,[-0.9051,-0.0679, 0.094 , 0.3875],[-21.1231,-21.9179,-21.0892,-21.9753,-20.6677],[-0.9033,-0.0698, 0.0943, 0.38  ],0.3634
2200,[-9.0189e-01,-6.7902e-04, 6.2978e-03, 2.8926e-01],[-316.9473,-317.3594,-317.5199,-318.1027,-317.6546],[-0.9006,-0.0014, 0.0072, 0.2831],0.3979
2201,[-0.9042,-0.0404, 0.0713, 0.2925],[-100.7503,-101.2555, -99.9247,-101.6491, -99.934 ],[-0.9028,-0.0435, 0.0725, 0.2845],0.3841
2202,[-0.9037, 0.045 ,-0.0669, 0.2962],[-69.4922,-68.6956,-69.8322,-69.9459,-68.8966],[-0.9023, 0.047 ,-0.0677, 0.2871],0.3824
2210,[-0.9094, 0.0625,-0.0436, 0.2644],[-3.3787,-3.9933,-2.938 ,-4.2705,-2.7032],[-0.9083, 0.0597,-0.0449, 0.2612],0.4141
2212,[-0.905 , 0.066 ,-0.0797, 0.2723],[-34.6027,-34.3252,-35.6419,-34.7516,-34.0324],[-0.9038, 0.0667,-0.0787, 0.2629],0.3747
2214,[-0.9111, 0.1574,-0.1672, 0.2579],[-1.7613,-0.1687,-2.815 ,-2.5037,-1.0633],[-0.91  , 0.1562,-0.1613, 0.2451],0.3182
2220,[-0.9035,-0.066 , 0.0398, 0.2743],[-14.2909,-13.6246,-14.5648,-15.169 ,-13.8039],[-0.9026,-0.0615, 0.0326, 0.2644],0.3926
2221,[-0.9026,-0.0745, 0.092 , 0.2854],[-82.192 ,-82.9757,-81.7073,-83.0199,-82.3275],[-0.9012,-0.0754, 0.0906, 0.2747],0.3542
2234,[-0.9079, 0.2156,-0.2351, 0.2648],[ 0.3723, 3.2695,-1.8625,-0.332 , 3.6462],[-0.9067, 0.2145,-0.2268, 0.2578],0.2454
2243,[-0.9044,-0.2406, 0.2437, 0.2654],[-4.9983e-02,-7.5194e-01, 1.3824e+00, 4.1216e-03, 7.9379e+00],[-0.9038,-0.2371, 0.2282, 0.257 ],0.2237
2245,[-0.9057,-0.2337, 0.2982, 0.2798],[ 0.5051,-1.9344, 2.9588,-0.9668, 1.5306],[-0.9031,-0.2362, 0.2941, 0.2675],0.1904
2300,[-0.9055,-0.0081, 0.0082, 0.1693],[-314.2923,-313.8355,-313.1642,-314.4596,-312.4726],[-0.9048,-0.0081, 0.0084, 0.1623],0.4127
2301,[-0.9054,-0.0462, 0.0655, 0.1768],[-64.4976,-66.2039,-63.4597,-65.671 ,-64.3335],[-0.9046,-0.0482, 0.0663, 0.1697],0.3927
2302,[-0.9064, 0.0453,-0.0677, 0.1458],[-105.8757,-105.2519,-106.559 ,-106.5375,-105.6227],[-0.9057, 0.0478,-0.0686, 0.1425],0.3966
2310,[-0.9075, 0.0656,-0.0425, 0.1706],[-1.5084e-02, 1.7190e-01, 1.9615e+01,-9.0554e-01, 2.1733e+01],[-0.9069, 0.0618,-0.0381, 0.1609],0.4099
2312,[-0.9073, 0.0785,-0.0899, 0.1576],[  0.9796,  3.4499,  0.1448,  0.552 ,137.5012],[-0.9066, 0.0789,-0.0865, 0.1495],0.3772
2314,[-0.905 , 0.1389,-0.1824, 0.1487],[ 0.3592, 1.4949,-2.8272,-2.1113, 2.023 ],[-0.9037, 0.1428,-0.1828, 0.1427],0.289
2320,[-0.9075,-0.0661, 0.0421, 0.153 ],[-5.1027,-1.0922,-5.5882,-5.2356, 2.3786],[-0.907 ,-0.0622, 0.0375, 0.1464],0.4098
2321,[-0.9038,-0.0841, 0.0896, 0.1566],[-57.3153,-59.1856,-56.8889,-58.1164,-56.8772],[-0.9031,-0.0837, 0.0855, 0.1514],0.3607
2322,[-0.9051,-0.0608,-0.071 , 0.1309],[-6.8247,-6.0945,-7.1304,-6.4396,-5.8062],[-0.9045,-0.0445,-0.0704, 0.1159],0.3921
2323,[-0.9024,-0.145 , 0.1767, 0.156 ],[ -8.4535,-10.0577, -7.3885, -9.6211, -7.863 ],[-0.9012,-0.1473, 0.1757, 0.152 ],0.2808
2332,[-0.9058, 0.1767,-0.1409, 0.1453],[-1.6403,-2.6869,-2.2575,-2.6414,-1.352 ],[-0.9061, 0.1698,-0.1238, 0.1418],0.314
2334,[-0.9009, 0.201 ,-0.2065, 0.165 ],[ 0.73  , 2.8611,-0.8876,-0.0534,18.0008],[-0.9004, 0.1993,-0.1962, 0.1589],0.2448
2336,[-0.9105, 0.276 ,-0.2798, 0.2331],[ 2.0578,11.6304,-1.8455, 0.1171, 3.2653],[-0.9099, 0.2727,-0.2692, 0.2475],0.2086
2341,[-0.8958,-0.1829, 0.1369, 0.1584],[ 0.0979,-1.3158,-1.6354,-2.0646, 1.8775],[-0.8963,-0.1754, 0.1192, 0.1523],0.2751
2343,[-0.8986,-0.1987, 0.2024, 0.1597],[ 0.906 ,-1.0963,13.1073, 0.8913, 5.5711],[-0.8981,-0.1968, 0.1909, 0.1622],0.2401
2345,[-0.8984,-0.246 , 0.3021, 0.1948],[ 0.1419,-1.5032,10.0627, 0.8139, 2.9792],[-0.8963,-0.2481, 0.2957, 0.1908],0.1618
2361,[-0.903 ,-0.3032, 0.146 , 0.1614],[-4.1415,-2.986 ,-5.4363,-4.0302,-4.0266],[-0.9066,-0.2855, 0.1356, 0.1474],0.2551
2363,[-0.8984,-0.3123, 0.2477, 0.1715],[ 1.1216, 2.8802, 1.9921, 2.8298,51.3789],[-0.9003,-0.304 , 0.2271, 0.1679],0.181
2365,[-0.8967,-0.3388, 0.3127, 0.1456],[ 3.4037,-0.3996,16.022 ,-0.068 , 0.3733],[-0.8977,-0.3349, 0.298 , 0.1533],0.1269
2385,[-0.9007,-0.3979, 0.3603, 0.1763],[ 1.6964, 0.1299,10.6962, 2.7438, 0.7782],[-0.9023,-0.3925, 0.3418, 0.1869],0.0935
2387,[-0.9043,-0.4139, 0.417 , 0.1462],[ 0.948 ,-0.4224,52.902 , 0.3334, 0.9878],[-0.9044,-0.4114, 0.4049, 0.1577],0.0597
2400,[-0.9054, 0.0066,-0.0096, 0.0623],[  7.9495,  5.3294,  6.1393, -0.4193,346.7995],[-0.9052, 0.007 ,-0.0101, 0.0483],0.4139
2401,[-0.9026,-0.0432, 0.0681, 0.0627],[-43.4245,-44.3882,-40.9773,-43.916 ,-42.6133],[-0.9022,-0.0463, 0.0698, 0.0518],0.3814
2402,[-0.9073, 0.0436,-0.0688, 0.0743],[ 0.3789, 8.2129,-2.4246,-2.0119, 7.8276],[-0.9069, 0.0467,-0.0694, 0.065 ],0.402
2410,[-0.905 , 0.0661,-0.044 , 0.0484],[ 2.9680e-02, 3.8973e-01, 2.5366e+02,-4.1494e-03, 1.1882e+00],[-0.905 , 0.0632,-0.0439, 0.0384],0.3978
2412,[-0.9049, 0.0752,-0.0854, 0.0637],[1.1267e+00,3.1346e+02,5.1243e-01,1.2720e-01,6.4753e+00],[-0.9046, 0.0759,-0.0822, 0.0552],0.3721
2414,[-0.9009, 0.1401,-0.1834, 0.0654],[ 0.011 , 4.1694,-2.9475,-0.343 , 4.3456],[-0.8998, 0.1444,-0.1834, 0.0595],0.2734
2420,[-0.9048,-0.0683, 0.0389, 0.0637],[-0.5392,77.5433, 0.1246,-0.4729,51.8257],[-0.9047,-0.0641, 0.0357, 0.0555],0.3993
2421,[-0.9039,-0.0878, 0.0943, 0.0662],[  1.5886, -0.3887,273.9131,  0.8762,  1.3354],[-0.9036,-0.0878, 0.0897, 0.0649],0.3588
2422,[-0.9003,-0.0653,-0.0668, 0.0554],[-11.7052,-11.5863,-12.1493,-11.7545,-12.1935],[-0.9001,-0.0489,-0.0715, 0.0403],0.3706
2423,[-0.9024,-0.1408, 0.1852, 0.0519],[ 0.5305,-3.6378,14.8509,-1.662 ,16.1505],[-0.9013,-0.1455, 0.186 , 0.049 ],0.2776
2430,[-0.8786, 0.1788,-0.0359, 0.0602],[-4.9409,-5.2727,-3.8609,-4.3865,-4.6282],[-0.8803, 0.1654,-0.0411, 0.0457],0.2517
2432,[-0.9002, 0.1808,-0.1427, 0.0803],[-3.7507,-3.8157,-4.2989,-3.3351,-3.223 ],[-0.9008, 0.1748,-0.1298, 0.0796],0.288
2434,[-0.9002, 0.1931,-0.2113, 0.0602],[ 2.4457,33.6876, 0.3434, 0.625 , 0.114 ],[-0.8997, 0.1937,-0.2043, 0.0649],0.2408
2436,[-0.8831, 0.2424,-0.2934, 0.0436],[-0.0893,24.899 ,-1.2605, 0.2728,-0.1387],[-0.8815, 0.2455,-0.2906, 0.0543],0.1186
2440,[-0.8967,-0.1809, 0.0292, 0.0286],[-10.0644,-10.2876,-10.6873,-10.3327,-10.7001],[-0.8986,-0.1623, 0.0173, 0.0131],0.3362
2441,[-0.8972,-0.1953, 0.1324, 0.0608],[ 0.3786, 1.9778, 0.6182, 1.075 ,18.2883],[-0.8984,-0.1857, 0.1087, 0.0546],0.2835
2443,[-0.8968,-0.1994, 0.2174, 0.0557],[ 2.3681,-0.5532,76.3405, 0.8929, 0.3294],[-0.8963,-0.2001, 0.2109, 0.059 ],0.2224
2445,[-0.8857,-0.2462, 0.2961, 0.0407],[ 5.2179,-1.9244, 9.8619, 1.1642, 0.1841],[-0.8842,-0.2492, 0.2932, 0.05  ],0.1234
2463,[-0.9081,-0.284 , 0.2578, 0.0785],[ 2.7049,61.2593, 2.6526, 1.9263, 1.3082],[-0.9087,-0.2801, 0.2531, 0.0927],0.2086
2465,[-0.906 ,-0.3059, 0.3258, 0.0626],[ 0.4859,-0.6045, 1.5138, 0.3236, 0.6025],[-0.9054,-0.306 , 0.3181, 0.0685],0.1538
2467,[-0.9101,-0.3863, 0.4022, 0.076 ],[ 0.1351,-0.8708, 8.7812, 0.5043,-0.5149],[-0.9096,-0.3855, 0.3928, 0.0823],0.0931
2476,[-0.9097, 0.4322,-0.3735, 0.0996],[ 1.5485, 2.8073,-1.0444, 2.4698,-0.1828],[-0.9125, 0.427 ,-0.3551, 0.1074],0.0997
2478,[-0.904 , 0.4434,-0.4361, 0.0524],[ 7.3465e-01, 1.1586e+01,-6.1697e-01, 1.6002e+00,-9.7533e-03],[-0.9047, 0.4418,-0.4253, 0.0625],0.0366
2483,[-0.9108,-0.3993, 0.274 , 0.1234],[ 0.2326,13.1413,-1.2418, 0.5703,-1.6776],[-0.9146,-0.3891, 0.2792, 0.1384],0.1626
2485,[-0.9004,-0.4206, 0.3489, 0.0577],[ 0.5766, 0.1644, 2.1591,21.6373,-0.1897],[-0.9036,-0.4149, 0.3304, 0.0713],0.0921
2487,[-0.893 ,-0.4086, 0.4305, 0.0542],[ 1.7124,-0.6182,29.3028, 1.5677,-0.0361],[-0.8924,-0.4081, 0.4209, 0.066 ],0.0228
2500,[-0.9059, 0.0111,-0.0061,-0.0599],[1.8976e+00,1.2883e+03,9.5646e-01,8.1774e-01,1.4496e+00],[-0.9062, 0.0097,-0.0011,-0.0711],0.4232
2501,[-0.9055,-0.032 , 0.0758,-0.079 ],[-42.8627,-44.0697,-40.917 ,-43.5388,-42.7449],[-0.9055,-0.0384, 0.0797,-0.0885],0.3953
2502,[-0.9039, 0.0395,-0.0702,-0.0452],[-81.3566,-81.0285,-83.4967,-82.1221,-81.3531],[-0.9039, 0.0437,-0.0717,-0.0554],0.3893
2510,[-0.9059, 0.0615,-0.0491,-0.0656],[2.8908e-01,4.0195e-01,1.3745e+03,4.2882e-01,1.3079e+00],[-0.9063, 0.0602,-0.0499,-0.071 ],0.4024
2512,[-0.905 , 0.0681,-0.0715,-0.0637],[7.2849e-01,1.1916e+03,8.2789e-01,5.6689e-01,6.0656e-01],[-0.9053, 0.0685,-0.0694,-0.0702],0.385
2514,[-0.8963, 0.1434,-0.1848,-0.0494],[-3.0219,-2.4786,-6.68  ,-5.2181,-4.0836],[-0.8957, 0.1482,-0.1855,-0.0537],0.2551
2520,[-0.9025,-0.063 , 0.0473,-0.0652],[ 1.7324e+00, 4.9831e+02, 3.9544e-01,-1.2957e-01, 1.5160e+00],[-0.9029,-0.0612, 0.0474,-0.0697],0.3881
2521,[-0.9034,-0.0716, 0.0805,-0.0654],[6.6089e-01,1.0878e-01,6.7116e+02,1.3793e+00,2.1898e+00],[-0.9036,-0.0727, 0.0791,-0.069 ],0.3712
2522,[-0.8954,-0.0585,-0.0672,-0.0205],[-8.5679,-8.6789,-9.823 ,-8.8717,-8.9035],[-0.8955,-0.0438,-0.067 ,-0.0353],0.3546
2523,[-0.9007,-0.1432, 0.1884,-0.0454],[-16.2992,-18.176 ,-14.8013,-16.2701,-16.3478],[-0.8999,-0.1486, 0.1901,-0.0461],0.269
2532,[-0.8922, 0.1789,-0.14  ,-0.0601],[-4.2391,-4.9425,-5.3169,-5.1564,-4.5743],[-0.8934, 0.1739,-0.128 ,-0.0626],0.2613
2534,[-0.8948, 0.1879,-0.2121,-0.0602],[ 1.2352,26.9955,-0.3329, 1.2101, 0.5943],[-0.8945, 0.1902,-0.2078,-0.0619],0.2222
2536,[-0.9023, 0.2334,-0.292 ,-0.0271],[ 0.8136,15.3686,-1.6106, 2.4012,-0.1652],[-0.9006, 0.2387,-0.2939,-0.013 ],0.181
2540,[-0.9006,-0.1729, 0.0436,-0.0271],[-6.3608,-5.8799,-7.1653,-6.8967,-6.2239],[-0.9024,-0.1577, 0.0421,-0.028 ],0.3433
2541,[-0.9028,-0.184 , 0.1362,-0.0736],[20.2787,-0.322 ,-0.6103, 0.8532, 1.6392],[-0.9043,-0.1766, 0.1167,-0.0716],0.3071
2543,[-0.8975,-0.1971, 0.2137,-0.0677],[  0.3445,  0.5027,142.0928,  1.3865,  0.7789],[-0.8975,-0.1985, 0.2075,-0.0685],0.2291
2545,[-0.8921,-0.2511, 0.2982,-0.0629],[ 4.309 ,-1.7731,34.3618, 2.3206,-0.0802],[-0.8909,-0.2551, 0.2959,-0.0537],0.1413
2556,[-0.9082, 0.3677,-0.3442,-0.0668],[ 0.7121, 3.7587,-0.8497, 5.4708, 0.0889],[-0.9095, 0.3662,-0.3358,-0.052 ],0.1297
2558,[-0.9081, 0.3718,-0.3915,-0.1033],[-0.3793, 9.0547,-0.6119, 0.0755,-0.1463],[-0.9077, 0.3739,-0.3884,-0.0895],0.095
2563,[-0.8995,-0.2935, 0.264 ,-0.0223],[ 1.3079, 1.6551, 0.9641,12.0633, 0.1528],[-0.9009,-0.2897, 0.2475,-0.0129],0.1803
2565,[-0.905 ,-0.3201, 0.324 ,-0.0709],[ 0.6495,-0.6481, 8.298 , 1.2754, 0.6174],[-0.9054,-0.3203, 0.3141,-0.0609],0.149
2567,[-0.9056,-0.3813, 0.4611,-0.0628],[ 0.4377,-1.8752, 2.9617, 4.6951,-0.2601],[-0.9024,-0.3847, 0.4611,-0.0544],0.0407
2576,[-0.9058, 0.4193,-0.365 ,-0.0945],[ 1.5431, 1.6303,-0.8052, 5.0186,-0.8436],[-0.9087, 0.4167,-0.3491,-0.0796],0.0963
2578,[-0.9053, 0.4358,-0.4366,-0.0699],[ 0.359 ,18.637 ,-1.0847, 1.0545,-0.2659],[-0.9056, 0.4361,-0.4282,-0.0569],0.0406
2585,[-0.906 ,-0.414 , 0.3703,-0.0459],[-0.2502,-1.5156, 0.5362, 1.4439,-1.8329],[-0.9084,-0.4115, 0.3538,-0.0324],0.0957
2587,[-0.8974,-0.4413, 0.4492,-0.0612],[ 1.9093,-0.4603,21.8837, 3.8839,-0.9822],[-0.8975,-0.4417, 0.4398,-0.0475],0.0119
2600,[-9.0533e-01,-4.3741e-04,-5.7978e-05,-1.6386e-01],[  1.143 ,  1.2093,425.6898,  0.9863,  1.5282],[-9.0607e-01,-1.1064e-04,-2.1126e-03,-1.7012e-01],0.4272
2601,[-0.9063,-0.0407, 0.0822,-0.1472],[-47.3885,-48.0841,-47.0954,-47.5577,-47.7162],[-0.9067,-0.0468, 0.0844,-0.1565],0.3941
2602,[-0.9043, 0.0424,-0.0685,-0.1809],[  0.3364,148.4194, -0.8129, -0.229 , -0.4674],[-0.9049, 0.0465,-0.0709,-0.1844],0.3928
2610,[-0.9043, 0.0666,-0.0468,-0.1686],[  0.568 ,  1.4736,527.2972,  1.5348,  1.389 ],[-0.9052, 0.0645,-0.0471,-0.1699],0.397
2611,[-0.8928, 0.0803, 0.0595,-0.209 ],[-2.957 ,-3.7108,-2.3884,-2.9548,-2.4426],[-0.8938, 0.0632, 0.0658,-0.1955],0.3391
2612,[-0.9033, 0.0787,-0.0832,-0.1735],[  2.2533,671.7987,  1.0865,  1.3066,  0.908 ],[-0.9041, 0.0794,-0.0799,-0.1765],0.3697
2614,[-0.8957, 0.141 ,-0.1823,-0.1857],[-0.1949,14.2985,-1.3704, 0.5405,-0.8995],[-0.8956, 0.1467,-0.184 ,-0.1861],0.2561
2620,[-0.9039,-0.0631, 0.0495,-0.1686],[4.3554e-01,7.6742e+02,3.5407e-01,8.2603e-02,1.4420e+00],[-0.9047,-0.0618, 0.0498,-0.1718],0.3951
2621,[-0.9055,-0.0776, 0.0923,-0.1748],[4.7944e+00,1.0034e-01,9.7433e+02,2.2751e+00,1.2194e+00],[-0.9061,-0.0801, 0.092 ,-0.1804],0.3722
2623,[-0.9049,-0.1408, 0.1852,-0.2046],[-0.2184,-0.8014,54.1261, 0.9744,-0.627 ],[-0.9048,-0.1476, 0.1882,-0.2044],0.2888
2632,[-0.8962, 0.1823,-0.1307,-0.1911],[-5.1135,-4.8064,-5.6663,-4.8812,-5.0323],[-0.8981, 0.1759,-0.1152,-0.1889],0.2842
2634,[-0.893 , 0.1913,-0.2081,-0.178 ],[ 1.4786,26.6933,-0.2435, 2.0813, 0.5846],[-0.8934, 0.1937,-0.2031,-0.1822],0.2189
2636,[-0.8859, 0.2357,-0.2914,-0.1853],[-0.3853,12.8874,-0.8158, 1.1136,-0.1666],[-0.8848, 0.2417,-0.2916,-0.1959],0.1291
2641,[-0.8972,-0.182 , 0.1383,-0.1825],[ 0.2663,-2.1997,-0.2054, 2.7462,-0.9476],[-0.899 ,-0.1762, 0.1223,-0.1736],0.2841
2643,[-0.8992,-0.1925, 0.2103,-0.1828],[  3.9462, -0.161 ,146.5088,  1.0061,  0.414 ],[-0.8995,-0.1952, 0.2062,-0.1767],0.2386
2645,[-0.8892,-0.2365, 0.2942,-0.1788],[ 1.0372,-1.7114, 4.9121,25.4959,-1.1668],[-0.8879,-0.2427, 0.2954,-0.1643],0.1373
2658,[-0.904 , 0.3704,-0.3982,-0.1671],[ 0.2068, 6.1626,-0.9847,-0.0149,-0.9626],[-0.9033, 0.3737,-0.3975,-0.1512],0.079
2665,[-0.9082,-0.3118, 0.3591,-0.1582],[ 0.1362,-0.1804, 7.2612, 0.8535,-0.0563],[-0.9069,-0.3169, 0.3582,-0.1428],0.1345
2667,[-0.9077,-0.3817, 0.4165,-0.1355],[-0.7509,-1.7523, 0.9775, 6.671 ,-0.382 ],[-0.9068,-0.3848, 0.4112,-0.1275],0.0762
2676,[-0.8891, 0.3991,-0.3677,-0.1604],[ 0.1418, 0.358 ,-0.7965, 0.8196,-1.068 ],[-0.8912, 0.3986,-0.3543,-0.1453],0.0522
2678,[-0.9032, 0.4188,-0.4265,-0.1912],[ 0.3594, 6.6374,-1.2891, 5.4576,-1.1063],[-0.9034, 0.4212,-0.4204,-0.1752],0.0451
2687,[-0.903 ,-0.4257, 0.4775,-0.1773],[ 0.3404,-1.0672, 1.1845,10.8522,-0.5584],[-0.9011,-0.429 , 0.4757,-0.161 ],0.0096
2689,[-0.8944,-0.434 , 0.5004,-0.1599],[  0.407 , -1.0279,  5.2836,103.0244, -1.1192],[-0.8916,-0.4367, 0.5001,-0.1434],-0.0283
2700,[-0.8932,-0.012 ,-0.01  ,-0.3083],[  2.8753,182.7199,  3.9423,  1.8814,  1.0836],[-0.8945,-0.0093,-0.0104,-0.2967],0.3777
2701,[-0.8973,-0.0432, 0.0699,-0.3003],[-0.2119,-1.4371, 6.8263, 0.3657,-0.6787],[-0.8984,-0.0475, 0.0721,-0.2996],0.3634
2702,[-0.8915, 0.0358,-0.0785,-0.3154],[-11.7589,-10.8066,-12.5515,-10.7545,-12.1415],[-0.8925, 0.0419,-0.0826,-0.3032],0.3361
2704,[-0.8799, 0.0551,-0.1684,-0.3321],[-1.7458,-0.9982,-2.0808,-0.8744,-1.848 ],[-0.8796, 0.0679,-0.1696,-0.3156],0.2362
2710,[-0.8982, 0.0739,-0.043 ,-0.2852],[  0.8227,  1.4227,246.3949,  3.7754,  0.9469],[-0.8997, 0.0707,-0.0429,-0.2821],0.3724
2712,[-0.8921, 0.0854,-0.0995,-0.3003],[  1.9664,295.3554,  0.3449,  1.1937,  1.24  ],[-0.8932, 0.0876,-0.0971,-0.2915],0.3131
2714,[-0.8881, 0.1366,-0.1798,-0.3026],[ 0.5308, 1.0736,-2.6529,-0.2324,-1.2397],[-0.8884, 0.1428,-0.1815,-0.2991],0.2326
2720,[-0.8913,-0.0668, 0.0419,-0.3005],[ 1.6494,33.0247, 0.897 , 1.7971, 1.1033],[-0.8927,-0.0644, 0.0413,-0.2924],0.3451
2721,[-0.8951,-0.0971, 0.1034,-0.2867],[ 0.5292,-0.2337, 1.9577, 6.4984, 1.3451],[-0.8962,-0.0989, 0.1022,-0.2768],0.3188
2722,[-0.901 ,-0.0593,-0.0729,-0.356 ],[-1.488 ,-1.0104,-2.2322,-1.366 ,-1.5575],[-0.9023,-0.0417,-0.0761,-0.3393],0.3807
2723,[-0.8977,-0.1457, 0.183 ,-0.282 ],[ 1.081 ,-1.7388, 2.0542,12.3337,-0.5129],[-0.898 ,-0.1521, 0.187 ,-0.2736],0.2625
2730,[-0.8838, 0.1692,-0.0252,-0.2791],[-1.0169,-1.0133, 0.0114,-0.6708,-0.9479],[-0.8867, 0.1504, 0.0111,-0.262 ],0.2956
2732,[-0.8965, 0.189 ,-0.1383,-0.2861],[-0.4996, 0.0237,-1.3352, 1.5217,-0.5919],[-0.8989, 0.183 ,-0.1215,-0.276 ],0.2813
2734,[-0.8889, 0.2034,-0.1986,-0.2908],[ 0.3979,23.9053,-0.1966, 1.9318, 0.7726],[-0.8903, 0.2041,-0.1906,-0.285 ],0.2095
2736,[-0.8821, 0.2728,-0.2837,-0.2569],[ 1.5809, 2.0906,-1.8402, 2.5246,-0.2115],[-0.8828, 0.2753,-0.2758,-0.2645],0.1151
2741,[-0.8938,-0.1758, 0.158 ,-0.2646],[ 0.2542, 0.1423, 0.407 , 1.0074,-0.5496],[-0.8954,-0.1743, 0.1486,-0.2493],0.2586
2743,[-0.8883,-0.1857, 0.2006,-0.2864],[ 0.982 ,-0.4291, 2.0991,15.6883, 0.3059],[-0.889 ,-0.1887, 0.199 ,-0.2727],0.2066
2745,[-0.8847,-0.227 , 0.2903,-0.2679],[-0.3631,-1.2093, 2.9767, 0.7533,-0.5689],[-0.8835,-0.2345, 0.2945,-0.263 ],0.127
2758,[-0.8992, 0.3724,-0.4256,-0.323 ],[ 1.5229, 2.93  ,-1.2561, 6.5711,-1.3532],[-0.8975, 0.3787,-0.4271,-0.3062],0.0459
2778,[-0.9066, 0.4045,-0.4412,-0.2815],[ 0.2128, 1.478 ,-0.689 ,14.6616,-0.978 ],[-0.9056, 0.4095,-0.4403,-0.2645],0.0471
2787,[-0.9106,-0.4019, 0.4775,-0.2562],[ 0.6932,-0.9505, 3.9655, 1.8381,-1.0087],[-0.9076,-0.4077, 0.48  ,-0.2417],0.0345
2800,[-0.8818,-0.0217,-0.0125,-0.4399],[ 2.9237, 6.9985, 7.9923,51.9097, 1.5187],[-0.8836,-0.0175,-0.0168,-0.423 ],0.3319
2801,[-0.8849,-0.0399, 0.07  ,-0.4175],[-1.9618,-3.441 ,-1.3997,-0.4278,-3.1217],[-0.8864,-0.0448, 0.0744,-0.405 ],0.314
2802,[-0.8795, 0.0302,-0.0766,-0.4359],[-1.5074, 0.1335,-3.2746,-0.6292,-3.4534],[-0.881 , 0.0365,-0.081 ,-0.4205],0.2924
2810,[-0.8947, 0.0804,-0.0382,-0.4284],[  0.7847,  1.5623,180.0277,  1.1752,  0.5522],[-0.8969, 0.076 ,-0.0372,-0.4219],0.3609
2812,[-0.8885, 0.0907,-0.1097,-0.4292],[ 3.2711e+00, 1.8691e+02,-8.1724e-02, 3.8088e+00, 1.2789e+00],[-0.8901, 0.0941,-0.1086,-0.4182],0.2926
2814,[-0.8812, 0.1454,-0.1797,-0.4251],[ 0.0306, 1.1834,-1.1469, 3.0438,-0.3197],[-0.8821, 0.1511,-0.1814,-0.4129],0.2073
2820,[-0.879 ,-0.069 , 0.0349,-0.4392],[ 1.1309, 3.558 , 1.0654,13.3845, 0.4573],[-0.8811,-0.0652, 0.0289,-0.4234],0.301
2821,[-0.8798,-0.1105, 0.1097,-0.4337],[ 2.4729, 0.5453,45.6837, 1.1278, 1.0125],[-0.8816,-0.1116, 0.1076,-0.4208],0.2525
2823,[-0.8734,-0.1457, 0.1743,-0.4267],[-0.0815,-0.694 , 5.1228, 0.8294,-0.7255],[-0.8744,-0.1506, 0.1763,-0.4126],0.181
2832,[-0.8981, 0.1762,-0.1445,-0.4469],[3.1123,2.3661,0.9264,3.9231,0.2563],[-0.9007, 0.1738,-0.1334,-0.4329],0.2878
2834,[-0.8816, 0.19  ,-0.1979,-0.4371],[ 0.9176,12.9436,-0.3444, 1.4943, 0.0548],[-0.8831, 0.1929,-0.1943,-0.4255],0.1876
2843,[-0.8787,-0.1908, 0.2118,-0.4157],[ 0.8045,-0.0869, 5.2475, 1.7118,-0.6389],[-0.8796,-0.1955, 0.2143,-0.4025],0.1645
2856,[-0.9087, 0.2987,-0.3757,-0.4496],[ 0.1474, 1.163 ,-0.4254, 6.315 ,-0.1059],[-0.9065, 0.3103,-0.3867,-0.4318],0.1228
2858,[-0.9018, 0.3309,-0.4045,-0.3966],[-0.2352, 8.5596,-1.3961, 2.1675,-1.5562],[-0.8995, 0.34  ,-0.411 ,-0.3797],0.0763
2900,[-0.8861,-0.0197,-0.0142,-0.7891],[ 4.4442e-01, 1.9879e+00, 9.0724e-01, 8.0357e+02,-5.4268e-01],[-0.8895,-0.0148,-0.0201,-0.7697],0.3575
2901,[-0.8838,-0.028 , 0.0703,-0.7808],[-1.2814,-2.7639,-1.1682,-1.1689,-2.8886],[-0.8869,-0.0351, 0.0741,-0.7634],0.32
2902,[-0.8926, 0.0266,-0.0683,-0.7108],[ -0.7917,409.682 , -1.2818,  1.2774, -1.415 ],[-0.8953, 0.0335,-0.0713,-0.6935],0.3579
2910,[-0.8993, 0.0793,-0.0395,-0.6351],[  0.6691,  0.3993,127.1376,  0.7834, -0.4006],[-0.9023, 0.0752,-0.0369,-0.6248],0.3836
2912,[-0.8893, 0.097 ,-0.1003,-0.6846],[  1.2747,136.3242, -0.4566,  1.229 , -0.7078],[-0.8922, 0.0996,-0.1001,-0.6706],0.3025
2914,[-0.8865, 0.1471,-0.1771,-0.6666],[-0.0912,47.0487,-0.8285, 1.4389,-0.7883],[-0.8884, 0.1543,-0.1805,-0.6538],0.2279
2920,[-0.8802,-0.0673, 0.0323,-0.7905],[-6.1556,-5.5447,-7.0682,90.9701,-9.079 ],[-0.8838,-0.0636, 0.0262,-0.7711],0.3148
2921,[-0.8802,-0.1024, 0.1   ,-0.6645],[-4.3134,-6.2246,20.294 , 3.0751,-7.0367],[-0.883 ,-0.104 , 0.0986,-0.6481],0.2648
2923,[-0.8764,-0.1445, 0.1765,-0.5668],[ 1.87  ,-0.8824, 4.2887, 0.7943,-0.5855],[-0.8779,-0.1505, 0.1783,-0.5504],0.1932
2930,[-0.8759, 0.1687,-0.0482,-0.736 ],[-0.9577,-1.4236,-0.9089,-0.3563,-1.2837],[-0.8808, 0.1551,-0.0222,-0.7167],0.266
2932,[-0.9044, 0.1758,-0.1528,-0.584 ],[1.2829e+00,1.4641e+00,1.2022e-03,2.7698e+01,3.2764e-02],[-0.9072, 0.1756,-0.1449,-0.5692],0.3059
2934,[-0.8968, 0.189 ,-0.1918,-0.6223],[ 2.8676,87.6586,-0.6225, 0.6524,-0.2669],[-0.8991, 0.1932,-0.1896,-0.6125],0.2453
2941,[-0.9092,-0.1776, 0.1651,-0.5542],[-4.7298,-5.624 ,-4.3993,-4.4356,-4.8412],[-0.9117,-0.1793, 0.1611,-0.5358],0.3139
2943,[-0.8977,-0.1772, 0.1828,-0.599 ],[-1.2199,-2.2465, 0.2022,-0.9923,-2.6216],[-0.8999,-0.1816, 0.1836,-0.5831],0.2577
3100,[-0.8496, 0.0195,-0.0137, 0.4435],[-15.1011,-14.6486,-15.1626,-15.6717,-14.8984],[-0.8476, 0.0188,-0.013 , 0.4392],0.2012
3112,[-0.8654, 0.0957,-0.144 , 0.3838],[-2.6078,-2.1498,-3.1164,-3.4561,-1.8555],[-0.8632, 0.0979,-0.1387, 0.3716],0.1787
3200,[-0.8366, 0.0169,-0.0172, 0.3255],[-19.819 ,-19.1815,-19.3343,-20.4536,-19.222 ],[-0.8352, 0.017 ,-0.0202, 0.3128],0.1577
3212,[-0.8577, 0.102 ,-0.1315, 0.3309],[-4.3264,-3.505 ,-5.5524,-5.1941,-3.2862],[-0.856 , 0.1032,-0.1303, 0.3177],0.156
3300,[-0.8632, 0.032 ,-0.0384, 0.1953],[-10.5654,-10.2738,-10.8732,-12.2203,-10.0448],[-0.8624, 0.0327,-0.0426, 0.1813],0.2376
3301,[-0.8644,-0.0331, 0.0722, 0.1557],[-6.4458,-6.8081,-5.6199,-7.2708,-5.9478],[-0.8635,-0.0367, 0.0756, 0.1414],0.2277
3302,[-0.864 , 0.0494,-0.0596, 0.15  ],[-4.7952,-4.4821,-6.0539,-6.1687,-4.3949],[-0.8634, 0.0501,-0.0588, 0.1363],0.2284
3400,[-0.8583, 0.0487,-0.0543, 0.0326],[-2.114 ,-1.1774,-0.851 ,-4.0558,-0.5787],[-0.8582, 0.0491,-0.0535, 0.0181],0.2123
3401,[-0.8619,-0.0431, 0.0743, 0.1129],[-4.9906,-5.5296,-3.2773,-5.9157,-4.3149],[-0.8613,-0.0456, 0.0735, 0.0991],0.2169
3402,[-0.8605, 0.0474,-0.0611, 0.0703],[-4.1391,-2.927 ,-5.6614,-5.7832,-4.0704],[-0.8602, 0.0485,-0.0611, 0.058 ],0.2166
3412,[-0.8642, 0.0617,-0.0833, 0.038 ],[-0.3517, 0.6569,-2.9656,-2.7163, 1.3085],[-0.8639, 0.0636,-0.0834, 0.0241],0.2155
3421,[-0.8602,-0.1508, 0.1595, 0.018 ],[ 0.5083,-1.589 , 2.7691,-1.3758, 3.6623],[-0.8602,-0.1509, 0.1523, 0.003 ],0.1432
3423,[-0.8629,-0.1439, 0.1758, 0.0837],[-0.9775,-3.581 , 1.3968,-1.9165,-0.0461],[-0.8621,-0.146 , 0.1738, 0.0692],0.143
3443,[-0.8664,-0.2415, 0.2444, 0.0961],[ 0.5494,-1.8008, 1.3136,-1.6035, 0.1768],[-0.8663,-0.2402, 0.2323, 0.102 ],0.097
3500,[-0.8589, 0.0478,-0.0386,-0.0553],[-6.4618,-6.0037,-6.4906,-8.8636,-6.2095],[-0.8593, 0.0467,-0.0344,-0.0662],0.2234
3510,[-0.8653, 0.0627,-0.0369,-0.0979],[ -9.0596, -9.5622, -8.3229,-10.0691, -9.0222],[-0.866 , 0.0592,-0.0247,-0.114 ],0.2479
3512,[-0.8637, 0.0676,-0.07  ,-0.0346],[-3.8574,-4.0571,-6.1871,-5.8253,-3.4782],[-0.8639, 0.0673,-0.0636,-0.0503],0.222
3514,[-0.8621, 0.1483,-0.2021,-0.0615],[-0.2124,11.7256,-2.3894,-1.3344, 1.5407],[-0.8612, 0.153 ,-0.2025,-0.0715],0.1266
3521,[-0.8625,-0.1423, 0.1065,-0.0584],[-2.0528,-3.9248,-0.5125,-4.384 ,-1.1238],[-0.8635,-0.138 , 0.0915,-0.0739],0.1827
3534,[-0.8606, 0.2093,-0.2555,-0.0719],[ 2.8528, 2.899 ,-0.9594,-0.2211,10.5652],[-0.8597, 0.2128,-0.2527,-0.0862],0.0804
3600,[-0.8638, 0.0303,-0.0044,-0.1818],[-8.6456,-7.3035,-7.0975,-9.5895,-7.0756],[-0.8647, 0.0281,-0.0061,-0.1968],0.2602
3610,[-0.8619, 0.0907,-0.0203,-0.1764],[-10.9358,-11.5696,-11.0709,-11.6828,-11.0917],[-0.8632, 0.084 ,-0.0156,-0.1762],0.2302
3612,[-0.8555, 0.1252,-0.1073,-0.2225],[-7.8989,-7.3836,-8.6485,-8.0101,-7.124 ],[-0.8568, 0.1233,-0.0954,-0.2191],0.1644
3614,[-0.846 , 0.1462,-0.1686,-0.2492],[-1.1016,-0.1754,-3.3492,-1.4387, 0.4788],[-0.8467, 0.1485,-0.1631,-0.2364],0.0982
3632,[-0.8624, 0.1707,-0.1479,-0.1826],[-0.1797,-0.9259,-1.6744,-1.9883, 0.2234],[-0.8638, 0.1684,-0.1345,-0.1762],0.1551
3634,[-0.8601, 0.2144,-0.2066,-0.1709],[ 1.7476,19.9588,-0.6467, 0.5208, 0.926 ],[-0.8613, 0.2139,-0.1956,-0.1851],0.1065
3700,[-0.8454,-0.0299, 0.0136,-0.3233],[-0.0494, 2.568 , 1.7742,-1.2951, 1.1322],[-0.8469,-0.0285, 0.0103,-0.3236],0.1901
3702,[-0.8656, 0.0396,-0.0936,-0.3607],[-6.9851,-6.4886,-7.9498,-7.4645,-7.5335],[-0.8665, 0.0461,-0.0994,-0.3498],0.2257
3710,[-0.8655, 0.0963,-0.0413,-0.3372],[-3.9589,-5.2902,-3.4647,-5.4879,-4.7531],[-0.8675, 0.0906,-0.0311,-0.3286],0.2384
3712,[-0.8578, 0.114 ,-0.1252,-0.3241],[-2.2946,-2.1124,-4.8323,-3.5179,-2.8775],[-0.859 , 0.1156,-0.1207,-0.3153],0.1652
3714,[-0.855 , 0.1384,-0.1735,-0.3425],[ 0.756 , 2.621 ,-2.3141, 0.2292,-0.2394],[-0.8557, 0.1425,-0.1721,-0.3367],0.1253
3720,[-0.8565,-0.0656, 0.0471,-0.3293],[ 0.3273, 2.6075,-0.4114,-1.9841,-0.6383],[-0.858 ,-0.0643, 0.0463,-0.3236],0.209
3721,[-0.8589,-0.0862, 0.0824,-0.3485],[-0.2869,-1.2663, 4.0445,-0.2458, 3.762 ],[-0.8604,-0.0864, 0.0798,-0.3459],0.196
3723,[-0.8661,-0.1504, 0.174 ,-0.3665],[-1.1772,-2.4914, 4.5168, 0.4456,-1.2694],[-0.867 ,-0.1545, 0.1775,-0.3518],0.1542
3734,[-0.8646, 0.1953,-0.2018,-0.3437],[ 0.6995,14.0676,-0.4473, 0.5542,-0.1511],[-0.8658, 0.1971,-0.1948,-0.3272],0.1271
3800,[-0.855 ,-0.0348,-0.0052,-0.4736],[ 0.2955, 1.5219, 7.377 , 1.5895,58.3464],[-0.8572,-0.0309,-0.0082,-0.4789],0.2244
3801,[-0.8595,-0.0513, 0.0636,-0.4709],[-0.9225,-2.5826, 4.1021,-0.9021,-0.5166],[-0.8614,-0.0534, 0.0654,-0.4535],0.2177
3802,[-0.8593, 0.0152,-0.0763,-0.4662],[-1.4058, 5.5499,-2.1489, 0.6643,-1.2503],[-0.8609, 0.0219,-0.0796,-0.4575],0.2226
3810,[-0.8475, 0.0737,-0.0183,-0.4597],[-0.2423, 0.6891, 3.6554, 3.4884,-0.0919],[-0.8498, 0.0689,-0.0136,-0.4498],0.1904
3812,[-0.8589, 0.0884,-0.1183,-0.4424],[ 0.9223,32.4609,-0.1951, 0.6694, 1.0814],[-0.8603, 0.0922,-0.1179,-0.4276],0.1794
3814,[-0.8602, 0.1346,-0.1818,-0.4318],[ 0.7052, 8.2898,-1.2809, 0.118 , 0.2673],[-0.8609, 0.1407,-0.1846,-0.4203],0.1372
3820,[-0.8517,-0.0638, 0.035 ,-0.4542],[ 0.252 ,30.1858, 0.2609, 1.2396, 0.2645],[-0.8539,-0.0618, 0.0347,-0.4437],0.1996
3821,[-0.855 ,-0.0881, 0.0955,-0.4385],[ 0.6953, 0.3124,41.1843, 0.7849, 0.5774],[-0.8567,-0.0899, 0.0957,-0.4256],0.1763
3823,[-0.8653,-0.1381, 0.1696,-0.4092],[-0.0421,-1.6731, 1.3017, 2.1477,-0.9877],[-0.8662,-0.1429, 0.1718,-0.395 ],0.1584
3834,[-0.8614, 0.197 ,-0.2328,-0.4221],[ 0.3299, 1.9618,-0.4978, 5.8156, 1.8794],[-0.862 , 0.2021,-0.2322,-0.4081],0.0989
3900,[-0.8487,-0.0272, 0.0093,-0.8845],[1.9282e+00,1.1833e+00,2.5142e+00,7.6631e+02,6.2071e-01],[-0.8525,-0.0253, 0.0043,-0.8671],0.2106
3901,[-0.8358,-0.0439, 0.0649,-1.0822],[  0.2303, -2.1262,  2.2158,152.8375, -0.7821],[-0.8403,-0.0472, 0.0648,-1.0677],0.1486
3902,[-0.846 , 0.0182,-0.0821,-0.6829],[-56.6995,-55.4958,-58.2452,-56.6793,-57.7499],[-0.8485, 0.0253,-0.0859,-0.6694],0.1761
3910,[-0.8391, 0.0744,-0.0464,-0.9059],[ 0.9703, 0.7539,61.5366, 1.2926, 0.5443],[-0.8433, 0.0734,-0.0477,-0.8908],0.1551
3912,[-0.8493, 0.074 ,-0.0834,-0.8463],[ 2.0073e+00, 2.0326e+00,-3.3395e-01, 5.1344e+02, 6.3463e-02],[-0.8527, 0.0769,-0.0861,-0.8291],0.1717
3914,[-0.859 , 0.1343,-0.1893,-0.5761],[-6.7973,-5.3081,-7.1796,-5.8736,-6.3129],[-0.8599, 0.1421,-0.1952,-0.5626],0.1295
3920,[-0.8454,-0.068 , 0.0358,-0.725 ],[  2.24  ,  2.2713,  1.8279,164.8379,  0.7479],[-0.8488,-0.0654, 0.0293,-0.7065],0.183
3921,[-0.8395,-0.0785, 0.0789,-0.7943],[ 1.4456e+00,-9.5747e-01, 5.7457e+00, 3.0582e+02, 2.3003e-01],[-0.8429,-0.0799, 0.0767,-0.7765],0.142
3923,[-0.8647,-0.1319, 0.183 ,-0.5481],[-1.689 ,-4.022 ,-0.5853,-1.6331,-2.1055],[-0.8657,-0.1394, 0.1877,-0.5539],0.1519
3932,[-0.841 , 0.1896,-0.1199,-0.7713],[0.4383,2.4855,0.1123,1.9949,0.1844],[-0.8456, 0.1857,-0.1082,-0.7599],0.1028
3934,[-0.8536, 0.1854,-0.2005,-0.6369],[ 0.248 , 5.0195,-1.3072, 5.4913, 1.4597],[-0.8557, 0.1897,-0.1989,-0.6223],0.0987
3941,[-0.8262,-0.1748, 0.0824,-0.6362],[-1.0577,-1.4988,-1.1188,-0.6073,-1.6277],[-0.8304,-0.1692, 0.0772,-0.6195],0.0728
4800,[-0.8053,-0.0502, 0.0164,-0.4504],[-0.5975,-0.3448,-0.1626,-1.2372,-0.042 ],[-0.8074,-0.0479, 0.0128,-0.4482],0.0654
4801,[-0.785 ,-0.048 , 0.0672,-0.4838],[-0.9767,-1.873 ,-0.3674,-0.8172,-0.7494],[-0.787 ,-0.0496, 0.0645,-0.4865],-0.004
4820,[-0.8043,-0.0601, 0.0489,-0.4626],[-0.5673,-0.6224,-0.9484,-1.2071,-0.5495],[-0.8064,-0.0598, 0.0474,-0.4627],0.0492
4821,[-0.8039,-0.0638, 0.0612,-0.4841],[-0.3259,-1.1225, 1.4558,-0.8243, 0.3012],[-0.8061,-0.0641, 0.0599,-0.4881],0.0437
4900,[-0.7986,-0.0068, 0.028 ,-0.9922],[  1.3125,  2.0691,777.3673,  0.9868,  3.0883],[-0.803 ,-0.0087, 0.0273,-1.006 ],0.0558
4901,[-0.7948,-0.0392, 0.073 ,-0.9415],[-6.1695e-03,-1.1186e+00, 2.4218e+02, 1.0340e+00,-1.8639e-01],[-0.7986,-0.0428, 0.0749,-0.9332],0.0253
4902,[-0.7972, 0.0309,-0.0707,-0.8827],[-0.7008,70.0843,-1.4998,-0.2657,-0.0873],[-0.8008, 0.0349,-0.0718,-0.8911],0.0341
4910,[-0.8032, 0.0666,-0.0466,-0.9294],[ 0.9565, 0.0813,37.2935, 0.2004, 0.7541],[-0.8075, 0.0664,-0.0483,-0.9358],0.0496
4912,[-0.8021, 0.0632,-0.0642,-0.9473],[  0.3971,104.1798,  0.1146,  0.7267,  1.034 ],[-0.8063, 0.0644,-0.0621,-0.9545],0.0435
4920,[-0.8018,-0.0693, 0.0451,-0.7978],[ 1.2924,13.6419, 0.1013,-0.4279, 1.1354],[-0.8055,-0.0686, 0.0464,-0.7958],0.0445
4921,[-0.8068,-0.068 , 0.0803,-0.8251],[ 1.1706,-0.2177,35.7363, 1.1629, 0.6537],[-0.8103,-0.0701, 0.0789,-0.8185],0.0475
4930,[-0.8059, 0.1722,-0.048 ,-0.8157],[-1.7364,-1.9026,-1.1108,-1.708 ,-1.4813],[-0.8113, 0.164 ,-0.0329,-0.8249],0.0357
4932,[-0.7939, 0.1831,-0.1229,-0.8341],[3.5725,2.1116,0.0463,1.8873,2.0408],[-0.7985, 0.1811,-0.1156,-0.8234],-0.025
4934,[-0.7968, 0.1935,-0.1774,-0.9167],[ 0.6385, 6.8393,-1.2225, 1.2226, 0.5968],[-0.8007, 0.1957,-0.175 ,-0.9026],-0.0401
4940,[-0.8016,-0.1703, 0.0485,-0.8758],[-2.385 ,-1.3699,-2.711 ,-2.4254,-2.3748],[-0.8072,-0.1618, 0.0262,-0.8567],0.0271
4941,[-0.7998,-0.1887, 0.1161,-0.7706],[ 0.2892,-0.5685, 0.5817, 0.2093, 0.3774],[-0.8045,-0.1852, 0.1033,-0.7617],-0.0081
4943,[-0.784 ,-0.192 , 0.1849,-0.7757],[ 1.0106,-0.7888, 3.5876, 1.4255, 0.3063],[-0.7873,-0.1939, 0.1785,-0.7652],-0.0713
5600,[-0.7364, 0.0518,-0.0503,-0.2428],[-0.4158, 0.4467,-0.4012,-1.3791, 0.8291],[-0.7376, 0.0515,-0.043 ,-0.2597],-0.1088
5700,[-0.7462, 0.0315,-0.0111,-0.3312],[ 0.0369,-0.0712,-0.5439,-1.2787, 0.6653],[-0.7478, 0.0303,-0.0068,-0.3447],-0.0781
5702,[-0.7347, 0.0514,-0.0591,-0.2633],[-0.4106,-0.5578,-1.1644,-0.8172,-0.5401],[-0.7358, 0.0517,-0.0534,-0.2495],-0.1143
5800,[-0.7487,-0.0099, 0.0094,-0.4523],[-0.2824,-0.0114,-0.3886,-1.481 ,-0.1985],[-0.7507,-0.0098, 0.0078,-0.4595],-0.0747
5801,[-0.746 ,-0.0446, 0.0568,-0.4816],[-1.1914,-1.8188,-0.4047,-1.9579,-0.4131],[-0.748 ,-0.0456, 0.0556,-0.4906],-0.0885
5802,[-0.7402, 0.0472,-0.0648,-0.461 ],[-1.1045,-0.3531,-1.0992,-1.7085,-0.6448],[-0.7422, 0.0485,-0.0637,-0.4741],-0.103
5812,[-0.7356, 0.0567,-0.0814,-0.4887],[ 0.8635, 0.7227,-0.07  ,-1.2658,-0.128 ],[-0.7376, 0.0585,-0.0809,-0.5048],-0.1179
5820,[-0.7524,-0.071 , 0.0346,-0.4724],[-0.2239,-0.0665,-0.7588,-0.8656,-0.0122],[-0.7547,-0.0691, 0.0293,-0.4753],-0.0743
5821,[-0.7486,-0.0831, 0.0839,-0.4687],[-0.2248,-1.082 ,-0.0356,-1.4129, 0.3335],[-0.7506,-0.0836, 0.0816,-0.4703],-0.0966
5900,[-0.752 , 0.0114, 0.0243,-0.8301],[8.8147e-01,1.8032e+00,3.9983e+00,7.6211e-02,1.5803e+03],[-0.7557, 0.009 , 0.0275,-0.8497],-0.0611
5901,[-0.7599,-0.0269, 0.0653,-0.8794],[-16.8406,-18.2254,-15.466 ,-17.8279,-16.2439],[-0.7636,-0.0301, 0.0668,-0.888 ],-0.0541
5902,[-0.754 , 0.038 ,-0.0662,-0.8017],[ 0.279 ,82.3944,-0.2286,-0.1639, 0.8738],[-0.7573, 0.0404,-0.0663,-0.8154],-0.0701
5910,[-0.7573, 0.0653,-0.0286,-0.7845],[ 1.1235,-0.424 , 1.8775,-0.5851,37.8618],[-0.7611, 0.0629,-0.0177,-0.8028],-0.0576
5911,[-0.7367, 0.0558, 0.0579,-0.9633],[-3.6231,-4.2946,-3.7447,-3.8033,-3.9371],[-0.7411, 0.0494, 0.0545,-0.9837],-0.1038
5912,[-0.753 , 0.0764,-0.078 ,-0.7634],[ 0.3453,76.8479,-0.6032, 0.4183, 2.7966],[-0.7564, 0.0772,-0.0726,-0.7748],-0.0813
5914,[-0.7421, 0.1509,-0.1805,-0.9478],[-0.8463, 3.8201,-1.6589,-0.0797,-0.0198],[-0.7451, 0.1549,-0.1803,-0.9526],-0.1449
5920,[-0.7649,-0.0682, 0.0429,-0.7819],[-5.0464,-4.3568,-5.8122,-5.729 ,-5.283 ],[-0.7686,-0.0672, 0.0408,-0.7891],-0.0458
5921,[-0.7541,-0.0767, 0.0829,-0.7565],[ 1.0713,-0.7103, 8.9677,-0.2971, 9.3234],[-0.7574,-0.0778, 0.0791,-0.7635],-0.0812
5923,[-0.7443,-0.1475, 0.1805,-0.7559],[-0.0497,-1.7013, 3.4171,-0.1256, 0.5457],[-0.7465,-0.1511, 0.1799,-0.7485],-0.1414
5932,[-0.7621, 0.1801,-0.1465,-0.9115],[ 0.7541, 0.6821,-0.2212, 1.0375, 0.9628],[-0.7666, 0.1803,-0.1399,-0.9045],-0.1006
5934,[-0.7531, 0.1808,-0.1863,-0.9042],[ 1.0613, 6.7902,-1.2267,-0.1406, 0.7541],[-0.7565, 0.1835,-0.1817,-0.897 ],-0.1304
5941,[-0.7607,-0.178 , 0.1344,-0.7771],[ 0.928 , 0.1758, 3.4301,-0.4041, 1.1119],[-0.7648,-0.177 , 0.1252,-0.772 ],-0.0998
5943,[-0.7524,-0.1791, 0.1876,-0.8412],[ 0.5643,-0.8579, 4.5099,-0.1782, 0.8356],[-0.7555,-0.1818, 0.1826,-0.8395],-0.1319
6600,[-0.6915, 0.0009,-0.0009,-0.2377],[ 0.4087, 0.8342, 0.3941,-1.0144, 1.8597],[-6.9263e-01, 4.1476e-04, 9.4003e-03,-2.5455e-01],-0.1736
6700,[-0.6959, 0.0093,-0.0089,-0.3521],[-0.5228,-0.7033, 0.0084,-1.6994, 3.0594],[-0.6975, 0.0092,-0.0076,-0.3625],-0.171
6701,[-0.6979,-0.0233, 0.0782,-0.3524],[-1.5792,-2.548 , 0.7606,-1.9974, 0.5211],[-0.699 ,-0.026 , 0.0779,-0.3605],-0.1787
6702,[-0.6981, 0.029 ,-0.0727,-0.3482],[-0.9617, 0.5894,-2.1033,-1.9197, 0.9772],[-0.6993, 0.0312,-0.0709,-0.3536],-0.1777
6712,[-0.6978, 0.0602,-0.1032,-0.3626],[-0.9769, 1.0076,-0.7237,-1.5196, 1.4689],[-0.699 , 0.0623,-0.0966,-0.3721],-0.1883
6721,[-0.6946,-0.0622, 0.122 ,-0.3642],[-0.7854,-1.0781, 1.2682,-1.4618, 0.6902],[-0.6955,-0.0653, 0.121 ,-0.3813],-0.1982
6800,[-0.6986, 0.0079,-0.0093,-0.449 ],[-67.9461,-67.9744,-68.0591,-69.3378,-67.1356],[-0.7005, 0.008 ,-0.0101,-0.4594],-0.1659
6801,[-0.699 ,-0.0206, 0.085 ,-0.4514],[-19.4325,-20.0345,-18.0078,-20.119 ,-18.453 ],[-0.7005,-0.024 , 0.0875,-0.4604],-0.1777
6802,[-0.6981, 0.027 ,-0.0733,-0.456 ],[-11.7204,-10.9315,-12.8786,-13.6391,-11.0719],[-0.6998, 0.0295,-0.0728,-0.4672],-0.1771
6810,[-0.7036, 0.0641,-0.0387,-0.4733],[-1.0163,-1.0567,-0.8019,-1.9724,-0.2943],[-0.706 , 0.0629,-0.0309,-0.4898],-0.1656
6812,[-0.7022, 0.0623,-0.0892,-0.4475],[-1.3807,-0.145 ,-2.635 ,-2.4639,-0.2188],[-0.7039, 0.0638,-0.0853,-0.4589],-0.1783
6820,[-0.733 ,-0.0627, 0.0476,-0.474 ],[-0.1101,-0.0067,-0.4063,-0.9575, 0.3251],[-0.7353,-0.0618, 0.038 ,-0.492 ],-0.1142
6821,[-0.7095,-0.0727, 0.1132,-0.4593],[-1.5906,-2.26  ,-1.576 ,-2.5115,-0.7876],[-0.711 ,-0.0752, 0.1135,-0.4699],-0.1736
6900,[-7.1435e-01, 2.0589e-02, 5.8826e-04,-6.3852e-01],[ 6.5433e-01, 9.7200e-01, 2.9004e+00,-7.2547e-01, 8.6457e+02],[-0.7172, 0.0193, 0.0047,-0.6568],-0.1376
6901,[-0.713 ,-0.0289, 0.0803,-0.6276],[-1.0453,-2.9618, 3.3907,-2.4132, 2.169 ],[-0.7154,-0.0319, 0.0796,-0.6436],-0.1524
6902,[-0.7071, 0.0338,-0.0703,-0.5804],[  0.5753,241.6017, -0.6275, -1.3002,  0.6479],[-0.7095, 0.0359,-0.0673,-0.5947],-0.1608
6903,[-0.6935,-0.0389, 0.1766,-0.5421],[-1.9278,-2.9825,-1.8429,-2.61  ,-2.5254],[-0.694 ,-0.0452, 0.1642,-0.5588],-0.2042
6910,[-0.7052, 0.0676,-0.0115,-0.677 ],[-0.2373,-1.2984,-1.4252,-1.2046,42.535 ],[-0.7085, 0.0648,-0.0028,-0.6947],-0.1599
6911,[-0.7066, 0.0656, 0.0592,-0.732 ],[-3.5432,-4.5598,-3.3795,-4.8908,-4.1309],[-0.71  , 0.0598, 0.0501,-0.7513],-0.1616
6912,[-0.7104, 0.0766,-0.1073,-0.6512],[-1.0759e-01, 7.0232e-01,-2.4177e+00,-6.9491e-01, 1.2556e+02],[-0.7128, 0.0789,-0.1067,-0.6691],-0.1701
6914,[-0.717 , 0.1305,-0.188 ,-0.8221],[-0.9964, 7.2172,-2.2678,-1.0024, 0.1378],[-0.719 , 0.1351,-0.1897,-0.8352],-0.1863
6920,[-0.7289,-0.0622, 0.0445,-0.6874],[-1.0339,-1.0368,-1.4447,-1.3364,-0.5196],[-0.7321,-0.0614, 0.0367,-0.7044],-0.1198
6921,[-0.7197,-0.0732, 0.1104,-0.6635],[-5.1799,-7.3744,-4.5261,-6.0373,-5.1058],[-0.7221,-0.076 , 0.1109,-0.6731],-0.1549
6923,[-0.7174,-0.1266, 0.1845,-0.7353],[-4.8527e-01,-1.3527e+00, 1.8264e+01,-1.8763e-03,-1.9382e+00],[-0.7191,-0.131 , 0.1858,-0.7453],-0.1847
6932,[-0.7308, 0.1695,-0.1608,-0.9278],[ 0.2735, 0.2001,-0.3593,-0.0887, 0.3723],[-0.7349, 0.1708,-0.1513,-0.935 ],-0.16
6934,[-0.7304, 0.1682,-0.1962,-0.9213],[-0.6579, 2.831 ,-1.236 , 1.05  , 0.2054],[-0.7333, 0.1719,-0.1926,-0.9339],-0.1712
6943,[-0.7284,-0.1746, 0.2006,-0.8061],[-0.5142,-1.1938, 3.3539, 1.1238, 1.7877],[-0.7309,-0.1778, 0.1965,-0.814 ],-0.177
7422,[-0.6697,-0.1456,-0.1176, 0.016 ],[-5.7402,-5.4132,-8.3253,-7.1138,-4.4629],[-0.6701,-0.135 ,-0.1235, 0.0053],-0.2449
7442,[-0.6661,-0.1843,-0.0923, 0.0165],[-4.8701,-4.1719,-6.8312,-5.3159,-3.1939],[-0.6675,-0.1733,-0.1014, 0.0122],-0.2504
7500,[-0.6729,-0.0036,-0.0282,-0.1101],[-1.8153,-2.2339,-1.86  ,-2.5867,-0.0874],[-0.6734,-0.0031,-0.0094,-0.1144],-0.2054
7502,[-0.6674,-0.0418,-0.1268,-0.1081],[-7.8107,-6.643 ,-9.2411,-8.7068,-6.8345],[-0.667 ,-0.0352,-0.1213,-0.1214],-0.234
7504,[-0.6633,-0.0501,-0.1921,-0.1216],[-6.304 ,-5.4959,-8.1094,-6.9279,-5.6986],[-0.6616,-0.0405,-0.1943,-0.137 ],-0.2521
7522,[-0.6711,-0.1296,-0.1263,-0.077 ],[-10.0317, -8.2507,-14.2778,-12.8396, -8.8258],[-0.6715,-0.1192,-0.1311,-0.0915],-0.2418
7524,[-0.6669,-0.0746,-0.1744,-0.1144],[-8.6037,-8.4481,-9.872 ,-9.0374,-8.6131],[-0.6657,-0.0646,-0.1777,-0.1259],-0.248
7542,[-0.6638,-0.1969,-0.0796,-0.0121],[-38.1454,-36.1269,-40.3159,-39.6449,-36.6995],[-0.6654,-0.1878,-0.0876,-0.0198],-0.2531
7600,[-6.7492e-01, 3.5629e-04,-2.4237e-02,-2.1975e-01],[-5.1453,-5.7253,-5.8019,-6.5167,-3.6871],[-0.6759, 0.0011,-0.0171,-0.2303],-0.2027
7601,[-0.6826,-0.0042, 0.0627,-0.248 ],[-1.839 ,-3.0315,-0.575 ,-2.582 ,-1.3715],[-0.6836,-0.0061, 0.0458,-0.2649],-0.1945
7602,[-0.6704,-0.0363,-0.1288,-0.2152],[-48.0953,-46.7213,-50.4773,-49.7603,-47.4828],[-0.6704,-0.0296,-0.1235,-0.2291],-0.2291
7604,[-0.6657,-0.0363,-0.1768,-0.2172],[-30.0579,-29.0183,-32.1242,-30.7372,-29.9548],[-0.6647,-0.0277,-0.1761,-0.2266],-0.2439
7622,[-0.6723,-0.0818,-0.1442,-0.1682],[-14.7543,-13.4099,-18.7854,-17.446 ,-13.7832],[-0.6721,-0.0725,-0.1449,-0.1832],-0.2361
7624,[-0.6697,-0.0707,-0.1728,-0.1921],[-13.4943,-12.9229,-15.837 ,-14.4678,-13.1559],[-0.6688,-0.0607,-0.1756,-0.2058],-0.2432
7700,[-0.6786, 0.0029,-0.0219,-0.3338],[-35.8895,-36.3702,-36.3506,-37.2602,-34.7378],[-0.6801, 0.0034,-0.0148,-0.3464],-0.1967
7701,[-0.6826,-0.0103, 0.0732,-0.3396],[-5.6421,-6.5589,-4.1864,-6.2635,-4.6837],[-0.6837,-0.0131, 0.0716,-0.351 ],-0.1996
7702,[-0.6724,-0.0091,-0.1093,-0.3072],[-48.8433,-47.0013,-50.8733,-50.3224,-47.1597],[-0.673 ,-0.0043,-0.101 ,-0.3215],-0.2193
7704,[-0.6635,-0.0044,-0.1805,-0.2994],[-28.861 ,-28.2352,-30.7442,-29.4828,-28.1828],[-0.6627, 0.0031,-0.1784,-0.3122],-0.2451
7710,[-0.6743, 0.0564,-0.0398,-0.3035],[-2.3344,-2.7311,-2.0053,-3.1562,-1.0703],[-0.6759, 0.055 ,-0.0198,-0.3188],-0.2095
7712,[-0.6655, 0.0642,-0.1268,-0.3403],[-1.6061,-0.7568,-3.1065,-2.9519,-0.5383],[-0.6662, 0.0666,-0.1151,-0.3537],-0.2382
7714,[-0.6591, 0.0942,-0.1976,-0.3501],[-1.4982, 0.3759,-2.9456,-1.906 ,-0.1969],[-0.6586, 0.0984,-0.1917,-0.3544],-0.2632
7800,[-0.6828, 0.0103,-0.0177,-0.4211],[-130.9092,-131.0619,-130.7902,-132.0413,-130.0835],[-0.6847, 0.0106,-0.0147,-0.4331],-0.191
7801,[-0.6859,-0.008 , 0.0836,-0.4323],[-17.1552,-18.3276,-16.1064,-18.1859,-17.1676],[-0.6872,-0.0117, 0.0862,-0.4431],-0.1967
7802,[-0.6782, 0.0229,-0.0879,-0.4246],[-60.0206,-59.2341,-61.3669,-61.3784,-59.3105],[-0.6796, 0.0258,-0.0825,-0.438 ],-0.2091
7803,[-0.6852,-0.0263, 0.1686,-0.4152],[-1.1724,-1.9032,-0.8674,-1.502 ,-1.3108],[-0.6855,-0.0321, 0.1504,-0.431 ],-0.2124
7804,[-0.6631, 0.0399,-0.1881,-0.4105],[-3.0411,-2.3415,-5.2539,-4.4295,-3.2587],[-0.6625, 0.0462,-0.1863,-0.4204],-0.2504
7810,[-0.6731, 0.0683,-0.0335,-0.4776],[-6.2686,-6.3519,-5.9267,-7.2974,-5.464 ],[-0.6756, 0.0667,-0.0251,-0.494 ],-0.213
7812,[-0.6668, 0.0711,-0.1124,-0.4486],[-5.5465,-5.1339,-6.7694,-7.0362,-4.658 ],[-0.6683, 0.0729,-0.1037,-0.4619],-0.2347
7814,[-0.6564, 0.0711,-0.1929,-0.4388],[-3.598 ,-2.8118,-5.5283,-4.6751,-2.7492],[-0.6561, 0.0762,-0.188 ,-0.4461],-0.2626
7900,[-0.6844, 0.0367,-0.023 ,-0.5307],[-30.4585,-30.5164,-30.4931,-30.748 ,-30.1945],[-0.6868, 0.0361,-0.0191,-0.5422],-0.1923
7901,[-0.6863, 0.002 , 0.1029,-0.537 ],[ -9.3818,-10.4029, -8.7549,-10.1765, -8.8992],[-0.6878,-0.0032, 0.104 ,-0.5483],-0.1994
7902,[-0.6845, 0.042 ,-0.0806,-0.5246],[-11.8828,-11.3351,-12.9388,-12.8851,-11.5991],[-0.6865, 0.0439,-0.0759,-0.5379],-0.2008
7910,[-0.6799, 0.0745,-0.0247,-0.5991],[-8.2174,-9.0206,-8.0664,-9.0206,-7.9679],[-0.683 , 0.0722,-0.0148,-0.6106],-0.2025
7912,[-0.6747, 0.0786,-0.1019,-0.5633],[-3.3115,-1.3469,-5.2779,-4.6223,-2.4245],[-0.677 , 0.0798,-0.0918,-0.5784],-0.2221
7914,[-0.6561, 0.0889,-0.1744,-0.5197],[-1.4416, 5.4766,-2.6847,-0.8433, 0.4313],[-0.6569, 0.0928,-0.1667,-0.5364],-0.2612
8814,[-0.6433, 0.0856,-0.1958,-0.4503],[-2.1915,-0.7469,-4.6129,-3.1818,-1.9417],[-0.6432, 0.09  ,-0.1875,-0.4657],-0.2793
8912,[-0.6438, 0.1001,-0.1655,-0.5009],[-1.7641,-1.0134,-3.0079,-2.6603,-1.3154],[-0.645 , 0.1028,-0.1536,-0.5171],-0.2747
