100,[-0.9618,-0.0397, 0.0499, 0.3912],[0.9105,0.3457,0.9179,0.0281,2.3516],[-0.96  ,-0.0419, 0.0552, 0.3912],0.2617
101,[-0.9591,-0.0433, 0.0583, 0.3844],[ 0.5078,-0.178 , 0.4804, 0.1411, 0.7   ],[-0.9574,-0.0471, 0.0664, 0.3707],0.2652
200,[-0.9606, 0.0073,-0.0117, 0.2827],[ 0.0903, 0.6738, 1.9121, 1.8819,-0.2802],[-0.9593, 0.0087,-0.0137, 0.2925],0.2808
201,[-0.9584,-0.0367, 0.088 , 0.2888],[-0.8679,-1.1212, 1.3069,-0.2881,-0.6299],[-0.9566,-0.0515, 0.1062, 0.2903],0.2504
202,[-0.9591, 0.0431,-0.0718, 0.2645],[-0.465 , 1.1921,-0.7027,-0.5311,-0.6305],[-0.9577, 0.0507,-0.0808, 0.2726],0.2569
210,[-0.9579, 0.0693,-0.0219, 0.2557],[-1.0494,-1.4143, 1.3847,-0.6532,-1.0975],[-0.957 , 0.0503, 0.0084, 0.2692],0.289
212,[-0.9594, 0.065 ,-0.0783, 0.2922],[ 0.3085, 3.3552,-0.446 , 1.1109, 0.401 ],[-0.9581, 0.0662,-0.0771, 0.293 ],0.2506
220,[-0.9564,-0.0645, 0.0337, 0.2829],[-0.3587, 0.8311,-1.487 ,-0.4501,-0.918 ],[-0.9552,-0.0527, 0.0173, 0.2964],0.2893
221,[-0.9581,-0.0791, 0.0841, 0.2693],[ 0.2473,-0.6529, 1.8557, 2.1088, 0.9564],[-0.9568,-0.0772, 0.0785, 0.2775],0.2502
300,[-0.9613, 0.0041,-0.0051, 0.1755],[-3.558 ,-3.5156,-3.3773,-2.4984,-4.5736],[-0.9604, 0.0044,-0.0058, 0.1864],0.2774
301,[-0.9596,-0.0403, 0.0714, 0.1651],[-1.9253,-2.2878,-0.8578,-1.3534,-1.9865],[-0.9585,-0.0491, 0.0799, 0.1765],0.2547
302,[-0.9586, 0.041 ,-0.0692, 0.1741],[-1.4834, 0.9553,-2.244 ,-0.9919,-1.9194],[-0.9576, 0.0482,-0.0747, 0.183 ],0.2608
310,[-0.9609, 0.0659,-0.0424, 0.1673],[-2.4267,-3.2848,-1.1233,-2.1069,-2.7698],[-0.9603, 0.0556,-0.0288, 0.1772],0.2655
312,[-0.9595, 0.0916,-0.1003, 0.1622],[ 1.0846, 1.4534,-1.3932, 2.3491,-1.0942],[-0.9587, 0.0912,-0.0961, 0.1744],0.2308
314,[-0.9602, 0.1472,-0.1825, 0.1565],[ 0.4092, 2.0737,-1.0703, 0.511 ,-0.2184],[-0.9588, 0.154 ,-0.1893, 0.1645],0.1675
320,[-0.961 ,-0.0688, 0.0355, 0.1813],[-2.0417,-1.2924,-2.6875,-2.239 ,-2.5881],[-0.9603,-0.0557, 0.02  , 0.1944],0.2674
321,[-0.9604,-0.086 , 0.0968, 0.1656],[ 0.0155,-0.7713, 1.1271, 1.265 ,-1.1308],[-0.9595,-0.0868, 0.0954, 0.1766],0.2298
323,[-0.9585,-0.1381, 0.1799, 0.1794],[-0.2813,-1.3559, 1.8246, 0.3928,-0.6207],[-0.957 ,-0.1459, 0.1849, 0.1898],0.1786
334,[-0.9563, 0.1753,-0.2067, 0.1524],[ 1.232 , 1.9007,-0.8098, 2.6241,-0.3963],[-0.955 , 0.1796,-0.2085, 0.1564],0.1617
341,[-0.9569,-0.1737, 0.1529, 0.1722],[-1.1845, 0.1034,-1.4307,-0.7208,-1.9988],[-0.9568,-0.163 , 0.1345, 0.1863],0.1927
343,[-0.957 ,-0.1843, 0.2068, 0.1534],[ 0.4788,-0.4169, 1.3517, 1.9466,-0.485 ],[-0.956 ,-0.1854, 0.2028, 0.1674],0.1584
400,[-0.9618,-0.0037,-0.0015, 0.0606],[ 1.1553, 1.3399, 1.4357, 5.88  ,-0.2769],[-0.9615,-0.0024,-0.0015, 0.0748],0.2748
401,[-0.9611,-0.0376, 0.074 , 0.064 ],[-0.8105,-1.9589, 0.6267,-0.2271,-1.609 ],[-0.9605,-0.0491, 0.0847, 0.0781],0.2454
402,[-0.9611, 0.0351,-0.0762, 0.059 ],[-1.3111, 0.4092,-1.8855, 0.4795,-1.5429],[-0.9605, 0.0478,-0.0866, 0.0714],0.2452
410,[-0.9604, 0.0726,-0.0299, 0.0548],[-1.2696,-1.7864,-0.0161,-1.2507,-1.9707],[-0.9604, 0.057 ,-0.0126, 0.0665],0.2662
412,[-0.9616, 0.0969,-0.1064, 0.0595],[ 0.7774, 3.2982,-0.1704, 6.6285,-0.2018],[-0.9612, 0.0981,-0.1045, 0.0733],0.2156
414,[-0.9599, 0.1396,-0.1816, 0.0655],[-0.067 , 2.8881,-0.8547,-0.347 ,-1.1607],[-0.9588, 0.1497,-0.1893, 0.079 ],0.1693
420,[-0.9609,-0.0769, 0.0271, 0.0507],[-2.2454, 0.1516,-2.8987,-1.0934,-2.6883],[-0.9609,-0.0587, 0.0077, 0.0629],0.2643
421,[-0.962 ,-0.0895, 0.0968, 0.0616],[ 3.6727, 0.7754, 2.6387, 3.678 ,-0.6161],[-0.9616,-0.0904, 0.0955, 0.0747],0.2207
422,[-0.9592,-0.0704,-0.0724, 0.0245],[-0.1668,-0.2313,-0.725 ,-0.26  ,-0.4164],[-0.9588,-0.0276,-0.1005, 0.0381],0.2542
423,[-0.9612,-0.1409, 0.1888, 0.0695],[-0.3413,-1.235 , 1.0857, 0.9995,-0.9143],[-0.9599,-0.1533, 0.1989, 0.0826],0.1603
432,[-0.9617, 0.1803,-0.1426, 0.0373],[-1.2144,-2.1037,-0.7438,-1.3173,-1.7304],[-0.9623, 0.1646,-0.1186, 0.0445],0.1795
434,[-0.9591, 0.1891,-0.2112, 0.0512],[ 1.2096, 1.7347,-0.9097, 1.4853,-1.0111],[-0.9583, 0.1926,-0.2119, 0.0649],0.1441
440,[-0.9593,-0.1773, 0.0323, 0.0131],[-0.5532,-0.1171,-0.8292,-0.8471,-0.1672],[-0.9608,-0.1341, 0.0039, 0.0266],0.2426
441,[-0.9625,-0.1841, 0.1304, 0.0563],[-2.2189,-0.9792,-2.7649,-2.3817,-3.0479],[-0.9633,-0.1629, 0.1035, 0.0682],0.1828
443,[-0.9602,-0.1997, 0.2126, 0.0553],[-0.578 ,-1.2588, 0.437 , 0.5458,-2.0763],[-0.9596,-0.2003, 0.2101, 0.0702],0.1375
500,[-0.9627,-0.0146, 0.0032,-0.0586],[ 0.6328, 2.1062, 1.5228,21.1127,-0.3374],[-0.9629,-0.0113, 0.0021,-0.0433],0.2677
501,[-0.9612,-0.034 , 0.0724,-0.0503],[-0.6656,-1.6238, 0.9077,-0.8653,-1.5046],[-0.9611,-0.0477, 0.0862,-0.0362],0.2433
502,[-0.9624, 0.0293,-0.0774,-0.0516],[-0.4131, 3.1083,-1.573 ,-0.1719,-1.7427],[-0.9622, 0.046 ,-0.0915,-0.0378],0.2377
510,[-0.9607, 0.0805,-0.025 ,-0.0456],[-1.0403,-1.2932, 1.5656,-0.8118,-1.443 ],[-0.9611, 0.0611,-0.0051,-0.0312],0.2623
512,[-0.9618, 0.1023,-0.1098,-0.0594],[ 2.539 , 1.7609,-0.426 , 8.8608,-1.3353],[-0.9619, 0.1043,-0.1084,-0.0448],0.209
514,[-0.9587, 0.1418,-0.1833,-0.0626],[-0.197 , 2.6569,-0.95  , 1.1902,-1.0809],[-0.9581, 0.1539,-0.1929,-0.0488],0.1684
520,[-0.961 ,-0.077 , 0.0237,-0.0641],[-0.8159, 6.1778,-1.1005,-0.6942,-1.1159],[-0.9615,-0.0587, 0.0072,-0.0503],0.2635
521,[-0.9618,-0.1031, 0.0946,-0.0641],[ 0.8641, 0.6707, 4.2528, 9.417 ,-1.4403],[-0.9621,-0.0995, 0.0872,-0.0495],0.2185
523,[-0.9591,-0.1342, 0.1871,-0.0464],[-0.2726,-0.5093, 0.0408, 0.2709,-1.4842],[-0.9582,-0.1491, 0.1982,-0.0399],0.1678
532,[-0.9619, 0.1779,-0.135 ,-0.071 ],[-1.015 ,-1.8588,-0.5046,-0.9943,-1.6835],[-0.9629, 0.1635,-0.1166,-0.0601],0.1787
534,[-0.9604, 0.1985,-0.2066,-0.0566],[-0.2373, 0.3399,-0.7245, 3.9284,-1.3926],[-0.9604, 0.2002,-0.204 ,-0.0411],0.1376
541,[-0.9592,-0.181 , 0.1313,-0.0641],[-2.842 ,-1.2221,-2.5931,-1.9004,-3.3793],[-0.9604,-0.165 , 0.1122,-0.0509],0.1885
543,[-0.9605,-0.2093, 0.2071,-0.0709],[-1.04  ,-1.9405,-0.081 , 0.9465,-2.5184],[-0.9609,-0.2085, 0.2017,-0.0574],0.1338
563,[-0.9564,-0.2794, 0.2484,-0.0544],[-3.6927,-2.8471,-4.0085,-3.2091,-4.0307],[-0.9578,-0.2711, 0.2306,-0.0385],0.1065
600,[-0.9618,-0.0124, 0.0016,-0.1771],[ 0.2613, 2.8635,-0.5716, 2.2877,-1.9435],[-9.6250e-01,-9.0469e-03,-1.6773e-04,-1.6186e-01],0.2694
601,[-0.9599,-0.0469, 0.0677,-0.1762],[-0.9895,-0.8495, 1.2587,-0.57  ,-1.8896],[-0.9604,-0.0556, 0.0777,-0.162 ],0.246
602,[-0.9593, 0.0288,-0.0806,-0.1784],[-0.5331, 3.9224,-0.9515,-0.2535,-0.8937],[-0.9596, 0.0462,-0.0943,-0.1632],0.246
610,[-0.959 , 0.0726,-0.03  ,-0.1683],[-0.262 ,-1.5268,-0.8998,-1.1636,-2.0686],[-0.9599, 0.0584,-0.0141,-0.1531],0.2652
612,[-0.9599, 0.0952,-0.11  ,-0.1748],[-0.3717, 1.7908,-0.185 , 7.8446,-1.212 ],[-0.9604, 0.101 ,-0.1132,-0.1588],0.2135
614,[-0.9581, 0.1372,-0.1866,-0.1881],[-0.6429, 1.1164,-0.7216, 2.9531,-1.1127],[-0.9576, 0.1545,-0.2049,-0.1718],0.1647
620,[-0.9602,-0.0721, 0.0324,-0.1747],[ 0.0147, 5.3836,-1.4492,-0.5012,-1.9307],[-0.9611,-0.0584, 0.0181,-0.1598],0.2635
621,[-0.9602,-0.1043, 0.0989,-0.1803],[-2.3045,-1.4123, 7.4524, 4.4059,-2.5618],[-0.961 ,-0.1028, 0.0932,-0.1651],0.2189
623,[-0.9581,-0.1576, 0.1725,-0.1942],[-0.4948,-0.5138, 0.9926, 0.5222,-1.3964],[-0.9585,-0.1643, 0.1765,-0.1786],0.1695
632,[-0.9579, 0.1851,-0.1368,-0.158 ],[-1.4299,-1.7602,-0.1605,-1.3886,-1.7666],[-0.9595, 0.1711,-0.1174,-0.1424],0.1869
634,[-0.9599, 0.1932,-0.2065,-0.1717],[-0.6374, 1.7306,-1.3751, 1.4387,-2.4394],[-0.9602, 0.1994,-0.21  ,-0.1563],0.1362
641,[-0.9595,-0.1809, 0.15  ,-0.1701],[-1.8878,-1.296 ,-2.4009,-1.1079,-2.9482],[-0.9609,-0.1716, 0.134 ,-0.1553],0.1754
643,[-0.959 ,-0.1922, 0.1963,-0.172 ],[-2.5693,-3.4581,-1.0105,-0.5152,-3.9481],[-0.9596,-0.1952, 0.1951,-0.1577],0.1459
700,[-0.9603,-0.0143, 0.0013,-0.2891],[-5.5052,-5.4402,-6.1008,-4.7102,-7.1254],[-0.9615,-0.0104,-0.0013,-0.2739],0.273
701,[-0.9618,-0.0502, 0.0604,-0.2891],[-1.1819,-1.4627, 0.5041,-0.7202,-1.5633],[-0.9629,-0.0563, 0.0676,-0.2726],0.2404
702,[-0.9581, 0.0353,-0.0728,-0.2837],[-0.9213, 1.7518,-1.5623, 2.6066,-1.4653],[-0.959 , 0.049 ,-0.0844,-0.2674],0.2513
712,[-0.9578, 0.0928,-0.1139,-0.2786],[-0.5842,-0.4284,-2.3999,-0.2742,-3.07  ],[-0.9586, 0.1024,-0.1228,-0.2636],0.2156
714,[-0.9587, 0.1317,-0.1961,-0.2714],[ 0.2139, 0.9088,-0.5396, 2.4408,-1.0334],[-0.9582, 0.1549,-0.2189,-0.2555],0.157
720,[-0.9613,-0.0686, 0.0417,-0.2969],[-1.5291, 1.8532,-1.3735,-0.7063,-2.129 ],[-0.9627,-0.0601, 0.0338,-0.2812],0.253
721,[-0.9594,-0.1006, 0.1006,-0.2899],[-5.1231,-6.1615,-3.91  ,-3.6851,-7.1799],[-0.9606,-0.1024, 0.0993,-0.2749],0.2178
723,[-0.9581,-0.1588, 0.1716,-0.3026],[-0.2728,-0.9909, 2.0284, 1.1483,-1.1645],[-0.959 ,-0.1665, 0.1761,-0.2855],0.167
734,[-0.9565, 0.1851,-0.2448,-0.2513],[-1.5646,-1.0129,-1.4365, 0.649 ,-2.6898],[-0.9558, 0.2031,-0.2551,-0.2352],0.1305
741,[-0.9566,-0.1733, 0.1562,-0.2629],[-2.4653,-2.593 ,-2.9067,-2.0408,-2.9494],[-0.9582,-0.1697, 0.1445,-0.2471],0.1812
743,[-0.9584,-0.1726, 0.1766,-0.2707],[-4.9512,-6.6556,-5.821 ,-4.6331,-7.2743],[-0.9594,-0.1768, 0.1757,-0.254 ],0.1616
800,[-0.9614,-0.0217, 0.0227,-0.412 ],[-10.3296, -9.6371,-10.5427, -9.2294,-11.8374],[-0.9631,-0.0241, 0.0266,-0.3953],0.2622
820,[-0.9591,-0.0703, 0.0425,-0.3899],[-2.2493,-1.4964,-2.47  ,-1.2692,-3.3852],[-0.961 ,-0.059 , 0.0227,-0.3733],0.2643
821,[-0.9584,-0.0795, 0.0704,-0.4053],[-14.5079,-14.7037,-13.9428,-12.803 ,-15.5036],[-0.9603,-0.0773, 0.0628,-0.3883],0.2437
900,[-0.9559,-0.0097, 0.0214,-0.5112],[-50.2176,-50.5098,-51.0482,-50.0562,-51.1065],[-0.958 ,-0.0134, 0.0216,-0.4939],0.2945
1100,[-0.9527, 0.016 ,-0.0146, 0.3832],[0.6521,2.1424,0.4775,0.7325,7.0304],[-0.9511, 0.0142,-0.0091, 0.3695],0.3276
1102,[-0.9454, 0.051 ,-0.0673, 0.3845],[ 0.6581, 0.7345,-1.2139,-0.4993, 1.9937],[-0.9436, 0.0526,-0.0668, 0.3834],0.3174
1112,[-0.9434, 0.0621,-0.0833, 0.3935],[1.7387,6.4073,0.6703,0.229 ,3.7467],[-0.9415, 0.0642,-0.0833, 0.3852],0.3134
1114,[-0.9128, 0.1574,-0.1847, 0.3791],[-0.4316, 3.6496,-1.2396,-0.1519, 2.7737],[-0.9109, 0.1574,-0.1813, 0.3764],0.3115
1143,[-0.9275,-0.1729, 0.1994, 0.38  ],[ 2.3458,-0.1662, 4.3521, 0.021 , 5.1766],[-0.9256,-0.1722, 0.1937, 0.3766],0.277
1200,[-0.9343, 0.0166,-0.01  , 0.2797],[ 2.2759, 1.9157, 1.8304, 0.5779,26.2232],[-0.9331, 0.0152,-0.0091, 0.2712],0.3833
1201,[-0.9347,-0.0346, 0.069 , 0.2723],[-0.7287,-2.8567, 0.1716,-1.7935,-0.3934],[-0.9333,-0.0404, 0.0735, 0.2675],0.3629
1202,[-0.9404, 0.0491,-0.0633, 0.2913],[-0.4767, 7.2345,-0.6638,-0.046 , 0.9537],[-0.939 , 0.0509,-0.0641, 0.2864],0.3387
1210,[-0.9327, 0.0754,-0.0349, 0.2734],[ 0.3479, 0.3767,20.376 , 0.051 , 2.0695],[-0.9317, 0.0675,-0.0317, 0.2781],0.3747
1211,[-0.92  , 0.0629, 0.0559, 0.2761],[-0.8048,-1.567 ,-0.3887,-1.0172,-0.4157],[-0.9187, 0.0446, 0.0671, 0.2873],0.4292
1212,[-0.9328, 0.0974,-0.0926, 0.2698],[ 1.6676, 3.3529,-0.1073, 0.404 ,28.9874],[-0.9317, 0.0945,-0.0868, 0.2655],0.3368
1214,[-0.9333, 0.1497,-0.1811, 0.287 ],[ 1.2723,22.8069,-0.3316,-0.8067, 1.4641],[-0.9315, 0.1516,-0.1803, 0.2915],0.2685
1220,[-0.9271,-0.0714, 0.0319, 0.2631],[ 0.1172,17.3925,-0.3301,-0.3647, 1.1364],[-0.9262,-0.064 , 0.0286, 0.2648],0.4013
1221,[-0.9331,-0.119 , 0.1134, 0.271 ],[ 2.9987, 1.1235, 3.1147, 1.6744,25.557 ],[-0.9321,-0.1157, 0.107 , 0.2649],0.3175
1223,[-0.9365,-0.146 , 0.1815, 0.2773],[ 0.106 ,-0.8829,10.4248, 0.0165, 1.1332],[-0.9347,-0.1488, 0.1799, 0.2812],0.2584
1232,[-0.9278, 0.1886,-0.1258, 0.2783],[0.7226,0.3285,0.3514,0.4344,4.7299],[-0.9281, 0.1737,-0.0986, 0.2771],0.3113
1234,[-0.9279, 0.2048,-0.207 , 0.2757],[ 2.6712,28.1865, 0.5365, 2.0443, 3.0721],[-0.927 , 0.2007,-0.1948, 0.2825],0.2578
1236,[-0.9127, 0.2454,-0.2824, 0.2583],[ 0.5406,16.5456,-0.5906, 0.7454, 0.2845],[-0.9111, 0.2452,-0.2725, 0.2648],0.2248
1241,[-0.9254,-0.1854, 0.1341, 0.2762],[ 0.1823,16.2743, 0.8729,-0.2446, 2.4098],[-0.9252,-0.1751, 0.1255, 0.2808],0.3091
1243,[-0.932 ,-0.1991, 0.2059, 0.2886],[ 1.3396,-0.3596,16.9953, 1.5517, 3.2517],[-0.9309,-0.1956, 0.1961, 0.2956],0.244
1300,[-0.922 ,-0.0301, 0.0305, 0.1531],[  3.0878,  2.5138,  5.9735,  1.8605,300.1173],[-0.9214,-0.03  , 0.0311, 0.1462],0.4195
1301,[-0.9197,-0.0488, 0.0629, 0.1426],[ 9.8960e-02,-1.1614e+00, 1.1292e+02,-3.1229e-01, 3.0022e+00],[-0.9189,-0.0505, 0.0628, 0.1454],0.4147
1302,[-0.93  , 0.0458,-0.0658, 0.1638],[-0.041 ,12.7879,-0.3458, 0.4488,-0.3044],[-0.9292, 0.0489,-0.0666, 0.1603],0.3729
1310,[-0.9264, 0.0727,-0.0336, 0.1855],[ 0.5857,-0.9151, 9.309 , 0.2788, 0.1015],[-0.9258, 0.0651,-0.0293, 0.1926],0.3965
1311,[-0.9172, 0.0601, 0.0628, 0.1332],[-2.3675,-3.2866,-1.9006,-2.8694,-1.9253],[-0.9166, 0.0428, 0.0632, 0.1392],0.442
1312,[-0.9315, 0.0941,-0.0926, 0.1814],[ 1.9491, 4.7772, 0.3876,58.1657, 1.3612],[-0.9307, 0.0918,-0.0858, 0.1927],0.3388
1314,[-0.9428, 0.1474,-0.1851, 0.1858],[ 0.1086,26.5042,-0.3634, 0.1483, 2.3486],[-0.9413, 0.1524,-0.1872, 0.1914],0.2304
1320,[-0.922 ,-0.0658, 0.0413, 0.1714],[-5.7395e-02, 1.0975e+02,-6.1489e-01,-4.8855e-01, 1.1984e+00],[-0.9213,-0.0613, 0.0398, 0.177 ],0.4115
1321,[-0.9269,-0.0853, 0.0894, 0.1681],[  1.0347,  0.7568,181.7821,  1.4808,  0.5266],[-0.9262,-0.0844, 0.0844, 0.1743],0.3618
1323,[-0.935 ,-0.1453, 0.1846, 0.1845],[ 0.099 ,-1.1277,25.3756,-0.0758, 0.5858],[-0.9335,-0.1497, 0.1852, 0.19  ],0.2611
1330,[-0.9245, 0.1887,-0.0319, 0.2161],[-2.0532,-2.8559,-1.6364,-2.1081,-1.908 ],[-0.9256, 0.16  , 0.0014, 0.221 ],0.3652
1332,[-0.9336, 0.1889,-0.1361, 0.1948],[-1.2814,-1.7678,-1.3705,-0.488 ,-0.7224],[-0.934 , 0.1762,-0.1171, 0.2018],0.2784
1334,[-0.9349, 0.2127,-0.2227, 0.1832],[ 1.5298,35.4323, 0.4349, 0.3203, 1.3965],[-0.9342, 0.2108,-0.214 , 0.1937],0.2177
1336,[-0.9314, 0.2382,-0.2855, 0.1793],[ 0.7194,24.0394,-0.4962,-0.0452, 0.4551],[-0.9294, 0.2411,-0.2848, 0.1894],0.1876
1341,[-0.9294,-0.1893, 0.1364, 0.1923],[-0.9109, 0.3326,-1.636 ,-0.5599, 0.0616],[-0.9297,-0.1782, 0.1234, 0.1992],0.2913
1343,[-0.9311,-0.2064, 0.2126, 0.1834],[ 2.6389, 0.2438,29.6182, 2.4341, 0.9362],[-0.9304,-0.2043, 0.2044, 0.194 ],0.2388
1345,[-0.9249,-0.2709, 0.2825, 0.1498],[ 1.479 ,-0.3223,13.7103,-0.3872, 0.2437],[-0.9243,-0.2694, 0.2756, 0.1617],0.1967
1354,[-0.9284, 0.2886,-0.2546, 0.1746],[-1.7007,-2.4106,-1.9615,-0.9932,-2.2643],[-0.9291, 0.2804,-0.2394, 0.1885],0.1922
1356,[-0.9243, 0.3039,-0.3032, 0.1532],[ 3.9784,10.8187,-0.2098, 1.9755, 0.3877],[-0.9242, 0.3004,-0.2914, 0.167 ],0.1747
1363,[-0.9183,-0.2941, 0.2402, 0.1604],[ 0.1059, 0.4125,-1.4122, 1.1509,-0.9644],[-0.9196,-0.2854, 0.2275, 0.1722],0.2254
1365,[-0.9222,-0.2921, 0.2922, 0.1362],[ 1.5742,-0.3108, 6.8005, 0.4017, 1.2086],[-0.922 ,-0.2893, 0.2829, 0.1436],0.1913
1400,[-0.919 ,-0.0287, 0.0294, 0.0631],[1.3416e+00,8.1218e+02,3.0985e+00,5.6113e-01,4.7269e-01],[-0.9187,-0.0291, 0.0323, 0.0672],0.432
1401,[-0.9179,-0.0466, 0.0646, 0.0616],[ 3.8677e-01,-3.0461e-01, 5.7379e+02, 9.6654e-01, 7.1057e-01],[-0.9175,-0.0491, 0.0653, 0.0652],0.418
1402,[-0.9176, 0.04  ,-0.0706, 0.0515],[  0.3956,103.5223, -1.3336,  3.1592,  2.0131],[-0.9171, 0.0443,-0.0718, 0.0622],0.4227
1403,[-0.9534,-0.0459, 0.1691, 0.1063],[-1.485 ,-2.2443,-0.7979,-0.7726,-1.3067],[-0.9513,-0.0735, 0.1815, 0.1207],0.2296
1410,[-0.9216, 0.0664,-0.0396, 0.0713],[-11.476 ,-11.1683, -9.6857,-11.1334,-11.5376],[-0.9214, 0.0605,-0.0313, 0.0801],0.4138
1411,[-0.9235, 0.0594, 0.0683, 0.0668],[-2.1978,-2.8348,-1.9328,-2.037 ,-2.1663],[-0.9228, 0.0359, 0.0932, 0.0817],0.3931
1412,[-0.9197, 0.0782,-0.0908, 0.0619],[ 4.2721e-01, 1.8623e+02, 5.1789e-01, 1.3109e+00,-1.4019e-02],[-0.9192, 0.0793,-0.0884, 0.0726],0.3864
1414,[-0.9386, 0.1435,-0.1842, 0.0563],[ 0.6513,34.1003,-0.654 , 0.9971, 0.2185],[-0.9376, 0.1504,-0.1878, 0.067 ],0.2422
1420,[-0.9186,-0.0602, 0.0489, 0.0635],[  0.1934,167.1385,  0.6935,  0.2569,  1.706 ],[-0.9184,-0.0581, 0.0477, 0.0741],0.4225
1421,[-0.919 ,-0.0683, 0.0757, 0.054 ],[  2.6243,  0.6589,528.5416,  1.1697,  1.1475],[-0.9186,-0.0689, 0.0742, 0.0651],0.4024
1423,[-0.9346,-0.1424, 0.1833, 0.0637],[ 0.3751,-0.7088,32.1141,-0.069 , 1.3768],[-0.9335,-0.1487, 0.1863, 0.0735],0.2597
1430,[-0.9462, 0.1842,-0.0433, 0.0846],[-1.8427,-2.2748,-0.5833,-1.5234,-2.133 ],[-0.9475, 0.1535,-0.0298, 0.0978],0.2741
1432,[-0.9344, 0.1875,-0.1305, 0.0529],[-1.9357,-2.2584,-1.6735,-1.5121,-2.4872],[-0.9352, 0.1757,-0.1174, 0.0639],0.274
1434,[-0.9385, 0.21  ,-0.2207, 0.0642],[ 0.771 , 6.0479,-0.1096,14.3178, 0.2927],[-0.9381, 0.2102,-0.2156, 0.0781],0.2031
1436,[-0.936 , 0.2515,-0.2932, 0.0615],[ 2.1278, 7.2526,-1.0921, 5.2848, 1.0634],[-0.9345, 0.2557,-0.2932, 0.0732],0.1602
1440,[-0.9313,-0.1746, 0.0427, 0.088 ],[-1.591 ,-1.8546,-2.1696,-1.8104,-1.7476],[-0.9326,-0.1511, 0.0327, 0.0928],0.3349
1441,[-0.938 ,-0.193 , 0.1347, 0.0577],[-2.2589,-2.2704,-2.7944,-1.661 ,-2.8327],[-0.9389,-0.18  , 0.1199, 0.0692],0.2564
1443,[-0.9353,-0.2138, 0.2172, 0.0661],[ 1.3973,-0.0707, 3.0758,17.7463, 0.5263],[-0.935 ,-0.2126, 0.2116, 0.0799],0.2147
1445,[-0.9293,-0.2519, 0.2957, 0.0604],[ 1.1013,-0.4804,10.7936, 0.568 , 0.0273],[-0.9278,-0.2562, 0.2965, 0.0728],0.1812
1454,[-0.9261, 0.2921,-0.2571, 0.0585],[-1.0536,-0.7176,-0.1565, 0.1299,-1.1005],[-0.927 , 0.2865,-0.2505, 0.0728],0.1909
1456,[-0.9298, 0.3045,-0.318 , 0.0555],[ 1.305 , 1.918 ,-0.0708, 9.9505, 0.2046],[-0.9292, 0.3042,-0.3133, 0.0702],0.1457
1458,[-0.9135, 0.3337,-0.3942, 0.0233],[-0.0489,12.8242,-0.5308, 2.4969, 0.6609],[-0.9112, 0.3369,-0.3942, 0.0374],0.1208
1463,[-0.9218,-0.2906, 0.248 , 0.0643],[-0.5995,-1.3651,-1.4376,-0.263 ,-1.891 ],[-0.9229,-0.2842, 0.2394, 0.074 ],0.2099
1465,[-0.9228,-0.3033, 0.3098, 0.0498],[ 1.2951,-0.0976, 8.7312, 0.737 ,-0.1992],[-0.9226,-0.3024, 0.3034, 0.0635],0.1682
1500,[-0.9164,-0.0217, 0.0186,-0.0592],[  1.0064,  1.8921,  1.2483,230.1111,  0.5593],[-0.9166,-0.0214, 0.0194,-0.0463],0.447
1501,[-0.9163,-0.0446, 0.0653,-0.0411],[ 7.5285e-02,-5.0142e-01, 7.9617e+01, 8.6446e-01,-1.6013e-02],[-0.9163,-0.0478, 0.0665,-0.0342],0.4228
1502,[-0.9178, 0.0326,-0.0719,-0.0535],[ 1.2329,33.6336,-1.8578,-0.1212,-0.34  ],[-0.9177, 0.0388,-0.0747,-0.0398],0.4276
1510,[-0.9192, 0.064 ,-0.0399,-0.0736],[-6.5554,-8.0116,-6.0228,-7.0367,-6.5964],[-0.9196, 0.0594,-0.0337,-0.0664],0.4275
1511,[-0.9349, 0.0627, 0.0616,-0.0487],[-1.221 ,-1.8249,-0.6701,-1.3663,-1.0797],[-0.935 , 0.0363, 0.0826,-0.0438],0.3553
1512,[-0.9228, 0.0758,-0.086 ,-0.0572],[ 0.8424, 2.5883,-0.0892,33.9862, 0.6395],[-0.9228, 0.0772,-0.0851,-0.0427],0.3829
1514,[-0.9378, 0.1426,-0.1838,-0.0546],[ 0.5386, 8.2235,-1.0325, 1.6856, 0.164 ],[-0.9371, 0.1508,-0.1888,-0.0408],0.246
1520,[-0.9166,-0.0621, 0.0468,-0.0678],[1.0704e+00,2.1716e+02,1.4781e-01,1.3073e+00,4.5718e-01],[-0.917 ,-0.06  , 0.0467,-0.0565],0.4305
1521,[-0.9175,-0.0655, 0.0693,-0.0545],[  0.6896,  1.2789,  7.1285,153.3399,  0.4445],[-0.9177,-0.0662, 0.0694,-0.0417],0.4119
1522,[-0.941 ,-0.0602,-0.0735,-0.0969],[-1.0081,-0.6888,-1.485 ,-0.9759,-1.2524],[-0.9411,-0.0307,-0.0875,-0.0815],0.3298
1523,[-0.932 ,-0.1425, 0.1835,-0.0613],[ 0.7433,-0.4534,11.231 ,-0.1456, 0.1117],[-0.9314,-0.15  , 0.1875,-0.0493],0.2647
1532,[-0.9409, 0.1885,-0.1406,-0.0627],[-3.6222,-3.7042,-3.787 ,-3.9003,-3.8698],[-0.9421, 0.178 ,-0.127 ,-0.0516],0.2427
1534,[-0.9341, 0.2194,-0.2191,-0.0689],[ 1.2568, 3.4144,-0.0829, 3.5313,-0.4555],[-0.9345, 0.219 ,-0.2132,-0.0542],0.2126
1536,[-0.9333, 0.2573,-0.296 ,-0.0596],[-0.4683, 9.7999,-0.4557, 0.3785,-0.4802],[-0.9322, 0.263 ,-0.2976,-0.0457],0.1619
1540,[-0.9429,-0.1687, 0.0496,-0.0403],[-0.2447,-0.6543,-1.0504,-0.5499,-0.7559],[-0.9446,-0.1436, 0.038 ,-0.0396],0.2876
1541,[-0.9413,-0.1887, 0.138 ,-0.0607],[-2.1558,-2.5615,-2.4382,-1.0549,-2.5815],[-0.9427,-0.1765, 0.1192,-0.05  ],0.2447
1543,[-0.9395,-0.2154, 0.2142,-0.0683],[ 2.3848,-0.5713, 8.1323, 4.616 ,-0.1713],[-0.9399,-0.2146, 0.2069,-0.0545],0.1987
1545,[-0.9345,-0.2629, 0.2919,-0.0804],[ 0.9462,-0.8166, 0.924 , 6.7576,-0.0925],[-0.9338,-0.2674, 0.2924,-0.065 ],0.1574
1554,[-0.9277, 0.2884,-0.2639,-0.0505],[ 0.2905,-0.4603,-0.0437, 0.1946,-1.2187],[-0.9288, 0.2849,-0.2533,-0.0351],0.184
1556,[-0.9294, 0.3014,-0.3218,-0.0611],[ 2.7979, 2.6846,-0.2318, 5.4017,-0.2405],[-0.9289, 0.3038,-0.3191,-0.0466],0.1438
1558,[-0.9184, 0.3258,-0.3906,-0.007 ],[-0.2314,10.501 ,-0.5125, 1.3655, 0.1581],[-0.9159, 0.3301,-0.3934, 0.0087],0.137
1563,[-0.9301,-0.2917, 0.2511,-0.0587],[-0.5051,-1.3141,-1.5375, 0.5973,-2.0435],[-0.9317,-0.2854, 0.2383,-0.0439],0.1811
1565,[-0.9238,-0.3049, 0.3195,-0.064 ],[ 0.6398,-0.3134, 1.2225,10.8414, 0.0947],[-0.9236,-0.3064, 0.3157,-0.0483],0.1587
1600,[-0.9173,-0.0122, 0.0072,-0.1618],[ 1.7852, 2.7814, 0.9825, 3.7646,-0.8764],[-0.9179,-0.0113, 0.006 ,-0.1507],0.4461
1601,[-0.9178,-0.043 , 0.068 ,-0.1565],[-8.9744,-9.8986,-7.6642,-9.4182,-9.5989],[-0.9183,-0.0477, 0.0708,-0.1547],0.412
1602,[-0.9168, 0.0396,-0.0703,-0.1688],[-1.8838, 1.8853,-3.4819,-0.7064,-3.068 ],[-0.9173, 0.0452,-0.0735,-0.165 ],0.417
1610,[-0.9165, 0.0649,-0.0395,-0.1767],[-3.6611,-3.6451,-3.4231,-3.6536,-5.4362],[-0.9174, 0.0606,-0.0331,-0.1668],0.4374
1612,[-0.9194, 0.0747,-0.0813,-0.1798],[ 1.6053,12.0126,-0.3504,14.2271, 0.405 ],[-0.9201, 0.076 ,-0.0784,-0.1707],0.3955
1614,[-0.9352, 0.1412,-0.1911,-0.1922],[ 0.0168, 3.6543,-1.0793, 1.1226,-0.7533],[-0.9349, 0.1522,-0.1987,-0.179 ],0.2489
1620,[-0.9158,-0.0635, 0.0452,-0.1682],[-12.5997,-11.2155,-11.4951,-10.8174,-13.3435],[-0.9166,-0.0607, 0.0423,-0.1608],0.4338
1621,[-0.9182,-0.0764, 0.0766,-0.1727],[ 1.5504, 0.6641,11.8302,11.9965,-0.5322],[-0.9189,-0.0767, 0.0743,-0.1647],0.3994
1623,[-0.938 ,-0.1502, 0.1797,-0.1912],[ 0.2428,-1.2906, 5.0368, 0.9545,-1.4002],[-0.9381,-0.1578, 0.1845,-0.1771],0.2393
1632,[-0.9424, 0.1902,-0.1472,-0.1673],[-1.8624,-2.2429,-2.1023,-1.4481,-2.7255],[-0.944 , 0.182 ,-0.1371,-0.1538],0.2294
1634,[-0.9331, 0.2195,-0.221 ,-0.1881],[ 0.8154, 0.8098,-0.5498, 1.9327,-0.5267],[-0.9337, 0.221 ,-0.2181,-0.1721],0.2123
1636,[-0.9323, 0.2527,-0.2948,-0.1781],[ 0.3659, 5.8386,-0.5158, 2.3376,-0.9209],[-0.9315, 0.2607,-0.2988,-0.1624],0.1659
1640,[-0.9491,-0.1756, 0.0536,-0.147 ],[-0.2825,-0.22  ,-0.5161,-0.4107,-0.2889],[-9.5129e-01,-1.3903e-01, 7.7248e-04,-1.3064e-01],0.2779
1641,[-0.9327,-0.1809, 0.1443,-0.1713],[-2.5117,-2.8836,-2.8231,-1.7019,-3.5455],[-0.9342,-0.1736, 0.1291,-0.1583],0.2734
1643,[-0.9398,-0.2082, 0.22  ,-0.1861],[-0.1603,-0.7646, 3.4344, 2.9909,-1.0674],[-0.9402,-0.2118, 0.2185,-0.1714],0.1938
1645,[-0.929 ,-0.2557, 0.2982,-0.1913],[-0.1775,-0.9955, 2.0523,10.7269,-0.4556],[-0.9282,-0.2633, 0.3021,-0.1755],0.1728
1654,[-0.9333, 0.279 ,-0.2618,-0.1785],[ 0.5854,-0.4361,-0.0497, 1.1897,-0.552 ],[-0.9345, 0.2786,-0.2575,-0.1626],0.1658
1656,[-0.9227, 0.2968,-0.3338,-0.1667],[ 2.2777, 3.0578,-0.4342, 3.6654,-0.7352],[-0.9219, 0.3024,-0.3351,-0.1512],0.1561
1663,[-0.9412,-0.2864, 0.2588,-0.1539],[-0.2347,-0.3708,-0.2687, 0.2333,-0.8255],[-0.9428,-0.2825, 0.2458,-0.1404],0.1421
1665,[-0.9243,-0.2994, 0.3279,-0.1714],[ 0.584 ,-0.674 ,10.3825, 2.8346,-0.8775],[-0.9238,-0.304 , 0.3273,-0.1565],0.1532
1667,[-0.9144,-0.3413, 0.4016,-0.2113],[ 0.1213,-0.3888,12.793 , 0.7156,-0.2656],[-0.9123,-0.348 , 0.4071,-0.1957],0.1124
1700,[-0.9343,-0.0132, 0.0108,-0.3125],[-18.2257,-18.2332,-17.9872,-17.5454,-19.1905],[-0.9356,-0.0125, 0.0097,-0.298 ],0.3809
1701,[-0.9373,-0.043 , 0.0686,-0.3197],[-6.549 ,-6.6881,-5.7013,-5.7541,-7.1809],[-0.9385,-0.05  , 0.0751,-0.3048],0.3363
1702,[-0.9369, 0.0335,-0.0806,-0.3084],[-4.7551,-4.68  ,-5.3886,-4.2517,-5.8663],[-0.9377, 0.0454,-0.0911,-0.2946],0.3345
1710,[-0.9196, 0.0693,-0.0403,-0.2891],[-3.1581,-3.6207,-2.3201,-2.4619,-3.7228],[-0.921 , 0.0646,-0.035 ,-0.2797],0.4204
1712,[-0.9311, 0.0915,-0.1064,-0.2991],[-7.1043,-6.1325,-7.2344,-6.0392,-7.7343],[-0.9321, 0.0963,-0.1088,-0.2868],0.3265
1714,[-0.9299, 0.1406,-0.1909,-0.3109],[ 0.3038, 4.6951,-0.9941, 1.9744,-0.8111],[-0.9299, 0.1525,-0.2007,-0.2966],0.2661
1720,[-0.9231,-0.0674, 0.0409,-0.2983],[-2.6325,-1.517 ,-2.9323,-1.0261,-3.6523],[-0.9245,-0.0631, 0.0369,-0.2861],0.4055
1721,[-0.9372,-0.0894, 0.0997,-0.3045],[-33.9457,-34.6404,-33.463 ,-33.6124,-35.576 ],[-0.9383,-0.0934, 0.1016,-0.2911],0.3064
1723,[-0.9362,-0.1484, 0.1862,-0.315 ],[ 1.6716,-1.0315, 1.6681, 3.7563,-1.3627],[-0.9365,-0.1589, 0.1948,-0.2994],0.2409
1732,[-0.9314, 0.1804,-0.1629,-0.2557],[-0.005 ,-0.2453,-0.8151, 0.072 ,-0.9724],[-0.9329, 0.1781,-0.1532,-0.2393],0.2659
1734,[-0.9279, 0.2139,-0.2275,-0.3066],[ 1.0769, 2.1476,-0.6347, 2.3984,-0.7612],[-0.9286, 0.2192,-0.2296,-0.2899],0.2264
1736,[-0.9257, 0.2463,-0.297 ,-0.2757],[ 0.1424, 0.7538,-0.6935, 5.9787,-0.9778],[-0.9247, 0.2563,-0.3053,-0.2588],0.1866
1741,[-0.9361,-0.1758, 0.1518,-0.2947],[-1.1196,-1.4865,-1.1338,-0.4677,-1.7601],[-0.9378,-0.1732, 0.1461,-0.283 ],0.2521
1743,[-0.9351,-0.1939, 0.2262,-0.2982],[ 0.2374,-0.6703, 3.1664, 3.2894,-1.3587],[-0.9352,-0.2028, 0.2321,-0.2819],0.2094
1745,[-0.9249,-0.2402, 0.3037,-0.293 ],[ 0.0928,-0.6035,13.6218, 0.6922,-0.6776],[-0.9236,-0.2516, 0.312 ,-0.2776],0.1863
1765,[-0.9263,-0.3062, 0.3531,-0.2915],[ 0.3905,-0.2303, 0.3568,12.148 ,-0.1214],[-0.9252,-0.3148, 0.3575,-0.2752],0.1294
1800,[-0.9301,-0.0112, 0.0216,-0.4408],[-26.5053,-26.5575,-26.5243,-25.6932,-27.6994],[-0.932 ,-0.0136, 0.023 ,-0.4251],0.398
1801,[-0.9328,-0.0401, 0.0718,-0.4385],[-7.3594,-7.6043,-5.6742,-6.5643,-8.5841],[-0.9344,-0.0483, 0.0786,-0.4224],0.3529
1802,[-0.9285, 0.0196,-0.0909,-0.4244],[-1.567 ,-0.4076,-2.6672,-1.674 ,-3.0778],[-0.9296, 0.0351,-0.1033,-0.4097],0.3672
1803,[-0.9284,-0.054 , 0.1736,-0.3912],[-0.1235,-0.334 , 0.3606, 0.0097,-0.2079],[-0.9282,-0.0771, 0.1845,-0.3751],0.3161
1804,[-0.9301, 0.0435,-0.1721,-0.4584],[ 0.2299, 0.1511,-0.2661,-0.1812,-0.2016],[-0.9301, 0.069 ,-0.1825,-0.4413],0.3129
1810,[-0.9271, 0.0695,-0.0387,-0.4446],[-1.278 ,-1.465 ,-0.2124,-0.2482,-2.3162],[-0.9292, 0.0645,-0.0336,-0.429 ],0.3878
1812,[-0.9249, 0.1023,-0.1164,-0.4336],[-1.2354,-0.895 ,-1.5868, 0.0729,-3.0024],[-0.9264, 0.1073,-0.1197,-0.4173],0.3389
1814,[-0.9205, 0.1464,-0.1849,-0.4502],[ 0.8288, 9.6087,-0.7626, 1.0331,-0.9614],[-0.9213, 0.156 ,-0.1906,-0.434 ],0.3012
1820,[-0.9207,-0.0735, 0.0291,-0.4374],[ 0.3602, 2.3689,-1.2164, 2.2347,-1.5808],[-0.9228,-0.0669, 0.0252,-0.4217],0.4159
1821,[-0.9348,-0.0813, 0.1045,-0.4209],[-18.6488,-19.9822,-18.5088,-17.5686,-19.7921],[-0.9361,-0.0885, 0.1094,-0.4053],0.3134
1823,[-0.9295,-0.1326, 0.1896,-0.418 ],[ 0.5009,-1.4726, 1.4176,10.9604,-1.2128],[-0.9298,-0.1464, 0.2003,-0.4016],0.27
1834,[-0.9218, 0.1891,-0.2073,-0.4265],[ 1.5286, 4.0389,-0.1852, 7.45  ,-1.5122],[-0.9229, 0.196 ,-0.2122,-0.4096],0.2672
1841,[-0.9359,-0.1681, 0.1588,-0.3939],[-0.1653, 0.3324,-0.2187, 0.4387,-0.4607],[-0.9378,-0.1685, 0.1505,-0.3782],0.2521
1843,[-0.9296,-0.187 , 0.2246,-0.4105],[ 0.2107,-0.2909, 1.3578, 9.5389,-1.0765],[-0.93  ,-0.1972, 0.2309,-0.3929],0.2313
1845,[-0.9309,-0.2262, 0.2962,-0.3948],[-0.2673,-0.5201,10.4943, 1.5479,-1.4329],[-0.9298,-0.2413, 0.3083,-0.3779],0.176
1900,[-0.9201, 0.0077, 0.0196,-0.5608],[-110.4629,-110.5101,-110.5849,-108.6438,-111.5432],[-0.9225, 0.0025, 0.0235,-0.5449],0.4469
1901,[-0.9245,-0.0279, 0.0733,-0.5374],[-5.2102,-4.8155,-3.9156,-5.1032,-6.7267],[-0.9264,-0.0383, 0.0824,-0.5213],0.3895
1902,[-0.9178, 0.0106,-0.0938,-0.5268],[-4.4505,-3.1856,-4.5222,-2.9953,-6.0659],[-0.9194, 0.0264,-0.1043,-0.51  ],0.4101
1910,[-0.9168, 0.0677,-0.0306,-0.5679],[-91.7092,-92.2478,-91.9508,-91.7762,-92.4477],[-0.9195, 0.0614,-0.0202,-0.5502],0.4377
1911,[-0.9166, 0.0625, 0.0629,-0.6053],[ 0.0129,-0.6821, 0.1821,-0.3117,-0.5721],[-0.919 , 0.0392, 0.0858,-0.5875],0.4141
1912,[-0.916 , 0.1055,-0.1133,-0.5534],[-109.749 ,-109.2018,-110.1599,-108.7357,-110.8968],[-0.9181, 0.1098,-0.118 ,-0.536 ],0.3713
1914,[-0.9153, 0.1455,-0.1842,-0.5269],[ 1.7125,35.2071,-0.5749, 5.1531,-0.808 ],[-0.9164, 0.1554,-0.1912,-0.51  ],0.3172
1920,[-0.9179,-0.0818, 0.0241,-0.5363],[-11.2771,-11.2767,-11.3794,-10.8762,-12.9044],[-0.9206,-0.0713, 0.0078,-0.5206],0.4292
1921,[-0.9203,-0.0915, 0.1005,-0.5439],[-3.6072e-01,-8.9736e-01,-6.9091e-02, 6.9725e+01,-1.2932e+00],[-0.9224,-0.0953, 0.0994,-0.5289],0.3718
1923,[-0.9275,-0.1259, 0.1891,-0.5303],[ 1.0599,-0.5047,38.5458, 0.3816,-0.8303],[-0.928 ,-0.1419, 0.202 ,-0.5128],0.2786
1934,[-0.9181, 0.1713,-0.2015,-0.5138],[ 0.8333,-0.3124,-0.653 , 7.784 ,-1.3468],[-0.9192, 0.18  ,-0.2054,-0.4978],0.2927
1943,[-0.9188,-0.175 , 0.2288,-0.5121],[ 0.5399,-1.3429,-0.6934,13.1097,-1.7952],[-0.9191,-0.1876, 0.2381,-0.4954],0.2734
2200,[-0.9007, 0.0026,-0.0011, 0.2729],[-38.632 ,-38.0104,-38.1559,-38.8486,-37.8035],[-8.9952e-01, 2.3323e-03,-2.6355e-04, 2.6821e-01],0.3891
2201,[-0.8917,-0.0346, 0.072 , 0.2767],[ -9.5001,-10.4408, -9.4267,-10.3824, -8.7522],[-0.8902,-0.0381, 0.0736, 0.2748],0.3324
2202,[-0.9037, 0.0462,-0.0645, 0.2665],[ -9.6654, -9.26  ,-10.4287, -9.9654, -9.1002],[-0.9025, 0.0481,-0.0673, 0.2592],0.3832
2210,[-0.9075, 0.0623,-0.0479, 0.2653],[-4.894 ,-4.5738,-3.5654,-4.8847,-2.9976],[-0.9064, 0.0599,-0.0474, 0.2645],0.4042
2212,[-0.9067, 0.0728,-0.0744, 0.2708],[-10.7964,-10.0245,-11.2624,-10.9209, -9.5366],[-0.9056, 0.0722,-0.0739, 0.2641],0.3819
2214,[-0.9093, 0.151 ,-0.1756, 0.3171],[-0.8389,-0.4351,-2.3488,-1.4854, 1.2991],[-0.9077, 0.1513,-0.1716, 0.3041],0.3064
2220,[-0.9068,-0.0611, 0.0437, 0.2616],[-4.9053,-3.9482,-4.9746,-4.9849,-4.3866],[-0.9057,-0.0579, 0.04  , 0.2614],0.4055
2221,[-0.9031,-0.0886, 0.0967, 0.2627],[-5.3097,-5.8653,-4.8199,-6.2341,-5.0077],[-0.902 ,-0.0881, 0.0924, 0.2554],0.3502
2223,[-0.9046,-0.1592, 0.1895, 0.2922],[-0.8415,-2.4224, 1.1094,-1.5479, 0.0456],[-0.903 ,-0.1597, 0.1825, 0.2936],0.2785
2234,[-0.9093, 0.2426,-0.2539, 0.2673],[-0.4337, 2.369 ,-0.313 ,-0.3591, 1.9433],[-0.9084, 0.2398,-0.2394, 0.2598],0.2338
2241,[-0.8979,-0.1835, 0.1525, 0.2724],[-1.2913,-0.2466,-1.8004,-1.924 , 0.441 ],[-0.8975,-0.1781, 0.1471, 0.2588],0.2656
2243,[-0.9024,-0.1963, 0.2012, 0.2643],[-0.6137,-1.4436, 2.2782,-0.389 , 2.4778],[-0.9015,-0.1936, 0.1885, 0.2697],0.2547
2300,[-0.907 ,-0.0333, 0.0322, 0.1548],[-130.2318,-129.7606,-129.9528,-131.1375,-129.1941],[-0.9064,-0.0329, 0.0316, 0.1474],0.4134
2301,[-0.9076,-0.0492, 0.0651, 0.1462],[-37.9103,-38.7376,-36.7686,-38.2285,-37.3207],[-0.9069,-0.0508, 0.065 , 0.1446],0.4023
2302,[-0.9061, 0.0478,-0.0657, 0.156 ],[-27.5976,-26.8608,-28.5835,-28.1874,-27.4275],[-0.9053, 0.0497,-0.0661, 0.1552],0.3956
2310,[-0.908 , 0.064 ,-0.0412, 0.1707],[-14.5361,-15.5444,-14.3726,-16.0344,-14.7321],[-0.9074, 0.0601,-0.0357, 0.1674],0.4137
2312,[-0.9068, 0.073 ,-0.08  , 0.161 ],[-25.132 ,-23.9565,-26.613 ,-25.6485,-23.6138],[-0.9061, 0.0729,-0.0765, 0.157 ],0.3827
2314,[-0.8994, 0.1394,-0.1729, 0.1698],[-2.7911, 0.0058,-4.1233,-3.2638,-1.3669],[-0.8982, 0.1417,-0.1715, 0.163 ],0.2741
2320,[-0.9088,-0.0616, 0.0456, 0.1613],[-17.2465,-16.2491,-17.9592,-17.711 ,-16.3537],[-0.9082,-0.0589, 0.0427, 0.1582],0.4149
2321,[-0.9067,-0.0696, 0.0811, 0.1566],[-30.7272,-32.396 ,-29.6782,-31.27  ,-29.2675],[-0.9059,-0.0703, 0.0791, 0.1507],0.382
2323,[-0.9016,-0.143 , 0.1816, 0.1633],[-1.5694,-4.3089,-0.6261,-2.9764,-0.1814],[-0.9002,-0.1459, 0.1801, 0.1636],0.2754
2332,[-0.9076, 0.1908,-0.1251, 0.1614],[-2.4135,-3.1688,-2.168 ,-2.8195,-1.7438],[-0.9084, 0.1797,-0.1034, 0.164 ],0.3283
2334,[-0.9015, 0.2066,-0.2142, 0.1693],[ 2.1684, 3.0668,-1.07  , 0.7209, 3.4921],[-0.9009, 0.2051,-0.2054, 0.1652],0.2395
2341,[-0.9019,-0.1919, 0.1485, 0.1663],[-3.257 ,-2.6158,-3.7466,-3.4642,-1.9289],[-0.9022,-0.1854, 0.1431, 0.1628],0.2823
2343,[-0.9029,-0.1998, 0.2154, 0.1929],[ 0.7788,-2.1619, 1.1418,-0.2614, 0.1236],[-0.9019,-0.1992, 0.2089, 0.1929],0.2436
2354,[-0.9063, 0.308 ,-0.2309, 0.1805],[ 2.591 , 0.7565,-0.1894, 1.4837, 1.0484],[-0.9085, 0.2965,-0.2038, 0.191 ],0.2242
2356,[-0.9005, 0.3368,-0.3189, 0.145 ],[ 0.1183,12.1546,-1.0335, 0.8121, 2.1926],[-0.9012, 0.3327,-0.303 , 0.1531],0.135
2361,[-0.9061,-0.2872, 0.1426, 0.1472],[-2.2409,-1.1832,-3.371 ,-2.0812,-2.0157],[-0.9096,-0.2666, 0.1041, 0.1472],0.2907
2363,[-0.903 ,-0.307 , 0.2285, 0.1611],[3.5966,5.4523,2.4573,9.2545,1.8392],[-0.9051,-0.2965, 0.2086, 0.1756],0.2097
2365,[-0.9043,-0.3254, 0.2961, 0.1377],[ 0.3446,-0.2984,10.8203, 0.2347, 0.5541],[-0.9054,-0.3201, 0.2781, 0.152 ],0.1663
2400,[-0.9078,-0.037 , 0.0316, 0.0594],[1.7539e+00,1.0363e+00,1.1538e+00,3.6347e-01,6.8265e+02],[-0.9076,-0.0359, 0.0291, 0.046 ],0.4222
2401,[-0.9085,-0.0462, 0.0656, 0.0702],[ 4.1681e-02,-7.0660e-01, 1.0180e+02,-2.4296e-01, 1.0414e+00],[-0.9081,-0.0485, 0.0655, 0.064 ],0.4085
2402,[-0.9048, 0.0322,-0.0707, 0.0518],[-34.8285,-33.6897,-35.7704,-35.507 ,-34.3701],[-0.9043, 0.0372,-0.0734, 0.0441],0.3932
2403,[-0.9038,-0.0426, 0.1688, 0.1163],[-3.2605,-4.1134,-2.8347,-3.2634,-3.0159],[-0.9012,-0.0603, 0.202 , 0.1012],0.3085
2410,[-0.9072, 0.0636,-0.0419, 0.058 ],[-19.8069,-20.895 ,-19.5295,-21.0757,-20.776 ],[-0.9071, 0.0601,-0.0372, 0.0496],0.4117
2411,[-0.9092, 0.0657, 0.0584, 0.0177],[-5.3076,-5.5872,-5.009 ,-5.3657,-5.4994],[-0.9091, 0.0494, 0.0578, 0.0326],0.4165
2412,[-0.9068, 0.0764,-0.0852, 0.0706],[ 1.2219, 2.7765,-4.1661,-2.3964, 9.687 ],[-0.9064, 0.0768,-0.0817, 0.0609],0.38
2414,[-0.9045, 0.1433,-0.1809, 0.0589],[-3.3207,-1.228 ,-5.5288,-3.5288,-1.1768],[-0.9035, 0.147 ,-0.1799, 0.061 ],0.2883
2420,[-0.9077,-0.0617, 0.045 , 0.0594],[ 3.4884,-0.1753,-1.708 ,-1.0702,35.1422],[-0.9076,-0.0587, 0.0387, 0.0474],0.4141
2421,[-0.9066,-0.0734, 0.0849, 0.0598],[ 1.8241e+00,-7.0413e-02, 5.0965e+00, 4.8386e-01, 1.9567e+02],[-0.9062,-0.0744, 0.083 , 0.0481],0.3796
2422,[-0.8952,-0.0584,-0.0645, 0.0433],[-4.2537,-3.9541,-4.3054,-4.1177,-4.3201],[-0.8951,-0.0442,-0.0636, 0.0279],0.3539
2423,[-0.9013,-0.1386, 0.1799, 0.0433],[-0.883 ,-4.1555, 2.5947,-2.6907, 0.1536],[-0.9004,-0.1429, 0.1805, 0.0432],0.2776
2432,[-0.9016, 0.1893,-0.1329, 0.043 ],[-4.4606,-4.9114,-5.2743,-4.9911,-4.2456],[-0.9027, 0.181 ,-0.1175, 0.0382],0.2986
2434,[-0.9025, 0.214 ,-0.2163, 0.0479],[ 0.488 , 3.097 ,-1.9836, 0.341 , 2.3135],[-0.9024, 0.2129,-0.2077, 0.0503],0.2398
2441,[-0.8985,-0.1838, 0.1374, 0.0769],[-0.9384,-0.8281,-1.7187,-1.3612, 0.3815],[-0.8993,-0.1763, 0.1196, 0.0672],0.2858
2443,[-0.9004,-0.1893, 0.205 , 0.0684],[ 2.4976,-1.3823, 7.0845, 1.1124, 2.32  ],[-0.8999,-0.1896, 0.1973, 0.0692],0.246
2456,[-0.9047, 0.3433,-0.351 , 0.0681],[ 0.2321, 7.7891,-0.0632, 1.6266, 0.3632],[-0.9045, 0.3418,-0.3402, 0.079 ],0.1241
2458,[-0.9079, 0.3408,-0.392 , 0.0575],[ 1.1426, 3.4076,-1.5613, 1.4576,-0.305 ],[-0.906 , 0.3426,-0.3887, 0.0699],0.1048
2463,[-0.9025,-0.3195, 0.2409, 0.0644],[1.8243,1.092 ,1.3122,4.2275,2.2486],[-0.905 ,-0.311 , 0.2282, 0.0753],0.1934
2465,[-0.8968,-0.3421, 0.3253, 0.0464],[-9.5806e-04,-6.7280e-01, 4.3382e+00, 5.5765e+00, 2.6240e-01],[-0.8977,-0.3395, 0.3116, 0.06  ],0.1174
2485,[-0.8882,-0.3903, 0.3733, 0.0579],[ 0.8179,-0.0956, 1.4519, 2.0064,-0.1582],[-0.8893,-0.3882, 0.3599, 0.0573],0.0488
2487,[-0.8876,-0.3925, 0.4002, 0.0209],[ 0.7238,-0.5862, 6.8574, 1.4478, 0.0797],[-0.8876,-0.392 , 0.3904, 0.0359],0.0293
2500,[-0.908 ,-0.0274, 0.0161,-0.0559],[  1.7755,677.0571,  6.0601,  1.3714,  1.1757],[-0.9083,-0.026 , 0.017 ,-0.0688],0.4323
2501,[-0.9074,-0.0445, 0.0682,-0.0574],[-23.4209,-25.0482,-19.774 ,-25.1483,-24.2593],[-0.9075,-0.0479, 0.0696,-0.0678],0.4044
2502,[-0.9058, 0.0314,-0.0693,-0.0653],[-2.7361e-02, 7.0331e+01,-1.1538e+00,-2.2131e-01, 1.1526e+00],[-0.9059, 0.0367,-0.0712,-0.0771],0.4018
2510,[-0.9069, 0.0652,-0.0426,-0.0591],[-20.8743,-20.9086,-19.6664,-21.0038,-20.0302],[-0.9073, 0.062 ,-0.0396,-0.0691],0.4108
2512,[-0.9041, 0.0764,-0.086 ,-0.0651],[ 0.3371, 6.8165,-0.9826, 0.3619, 4.99  ],[-0.9043, 0.0775,-0.0838,-0.0755],0.3696
2514,[-0.8981, 0.1403,-0.1809,-0.0537],[-0.0319, 0.1172,-3.2297, 0.2717,-1.5581],[-0.8975, 0.1451,-0.1825,-0.0471],0.2646
2520,[-0.9066,-0.0644, 0.0465,-0.0714],[  0.7863,109.7572,  0.7681,  0.5632,  1.6556],[-0.9071,-0.0622, 0.046 ,-0.082 ],0.4068
2521,[-0.9065,-0.0781, 0.0875,-0.0655],[ 1.2259e+00,-1.6524e-01, 5.3237e+02, 3.3590e+00, 2.0419e+00],[-0.9067,-0.0792, 0.0852,-0.0749],0.3785
2523,[-0.8997,-0.1435, 0.1786,-0.0581],[ 0.5409,-1.7854,18.0502, 4.4499,-0.0421],[-0.8993,-0.1477, 0.1794,-0.0611],0.2715
2532,[-0.8996, 0.175 ,-0.1478,-0.0409],[-2.3512,-2.476 ,-2.5432,-2.1615,-1.7057],[-0.9004, 0.1716,-0.1416,-0.0486],0.2823
2534,[-0.9035, 0.211 ,-0.2293,-0.0427],[ 1.457 , 3.2777,-1.1889, 3.5938, 1.1962],[-0.9033, 0.2127,-0.225 ,-0.0345],0.2344
2536,[-0.9064, 0.2419,-0.2794,-0.0496],[-0.6803, 6.3281,-0.975 , 1.4996,-0.3402],[-0.9055, 0.2455,-0.2768,-0.0342],0.2026
2540,[-0.9051,-0.1679, 0.0393,-0.0985],[-1.7165,-0.6103,-2.0205,-1.4206,-1.1371],[-0.907 ,-0.1524, 0.0402,-0.0831],0.3658
2541,[-0.9035,-0.1765, 0.1438,-0.0833],[ 1.6422,-0.783 , 0.5614, 0.031 ,-0.1485],[-0.9047,-0.1714, 0.129 ,-0.0892],0.3054
2543,[-0.8984,-0.1841, 0.2047,-0.0774],[ 2.3049,-0.4826, 2.7763, 2.3504,11.2877],[-0.8984,-0.1864, 0.2008,-0.0869],0.2406
2545,[-0.9089,-0.2753, 0.3232,-0.109 ],[-0.611 ,-1.1295, 7.3758, 2.8173, 0.205 ],[-0.9077,-0.2802, 0.3224,-0.0928],0.1716
2556,[-0.9087, 0.3329,-0.3501,-0.0639],[ 1.1426, 3.649 ,-0.3156, 1.8817,-0.2676],[-0.9084, 0.3341,-0.3432,-0.0489],0.1383
2563,[-0.9074,-0.3061, 0.2592,-0.0284],[1.0435,0.8055,1.8432,0.4753,1.0697],[-0.9094,-0.3004, 0.2405,-0.0225],0.2075
2565,[-0.8994,-0.3297, 0.3417,-0.0561],[ 1.5415,-0.6687,10.8319, 2.3542, 0.7698],[-0.8993,-0.3305, 0.3338,-0.0422],0.1172
2567,[-0.8883,-0.3651, 0.4088,-0.0797],[-0.7148,-1.2325, 4.1011, 0.8401,-0.4483],[-0.8868,-0.3676, 0.4063,-0.0654],0.0311
2587,[-0.8896,-0.3909, 0.422 ,-0.0257],[-0.0232,-0.6779, 3.0712, 3.637 ,-1.2672],[-0.8886,-0.392 , 0.416 ,-0.0099],0.0208
2600,[-0.9078,-0.0061, 0.0029,-0.1557],[ 1.9931, 8.4351,70.0104, 1.1815, 1.9673],[-0.9085,-0.0055, 0.0011,-0.1638],0.4376
2601,[-0.9071,-0.0456, 0.0727,-0.1434],[-26.5166,-27.647 ,-25.9679,-26.7004,-26.2786],[-0.9076,-0.0498, 0.0745,-0.1506],0.4013
2602,[-0.9078, 0.0442,-0.0673,-0.1599],[ 0.8098,41.6266,-0.9176, 1.1239,-0.3159],[-0.9083, 0.048 ,-0.0694,-0.1668],0.4081
2610,[-0.906 , 0.0689,-0.0391,-0.1777],[-1.7428,-3.1523,-0.5775,-1.8551,-2.6305],[-0.907 , 0.0647,-0.034 ,-0.1815],0.4103
2612,[-0.9062, 0.0804,-0.0909,-0.1662],[ 5.6209e-01, 1.3255e+02,-1.1445e-01, 9.3972e-01, 9.3438e-01],[-0.9069, 0.0819,-0.0877,-0.1735],0.3768
2614,[-0.9024, 0.1384,-0.1736,-0.1613],[ 1.0951, 6.9427,-1.4824, 1.24  ,-0.2626],[-0.9024, 0.1434,-0.1744,-0.1536],0.2876
2620,[-0.9073,-0.0645, 0.048 ,-0.1637],[  0.9881,199.5279,  1.1709,  1.4024,  0.2508],[-0.9081,-0.0628, 0.0486,-0.1703],0.41
2621,[-0.9072,-0.0791, 0.0849,-0.1629],[1.4157e+01,3.1220e-02,2.0355e+02,1.2634e+00,1.0870e+00],[-0.9079,-0.0802, 0.0828,-0.1707],0.3841
2623,[-0.9026,-0.1466, 0.1794,-0.1897],[-0.1237,-1.2409, 6.6941,-0.2285,-0.0624],[-0.9027,-0.1518, 0.1814,-0.1961],0.282
2634,[-0.9097, 0.2283,-0.2744,-0.1372],[ 1.1856, 5.9353,-0.4285, 2.8109, 0.5279],[-0.9088, 0.2341,-0.2755,-0.1213],0.2205
2636,[-0.9074, 0.244 ,-0.2879,-0.1738],[ 1.5331, 0.9608,-1.4139, 1.1333,-0.9753],[-0.9066, 0.2498,-0.2887,-0.158 ],0.1987
2641,[-0.9026,-0.18  , 0.1458,-0.1925],[ 0.0451,-0.7758,-0.1401,10.0674, 0.3066],[-0.9042,-0.1757, 0.1326,-0.1867],0.2995
2643,[-0.8992,-0.1879, 0.1973,-0.19  ],[ 0.4907, 0.3105,68.2886, 1.9149, 1.8069],[-0.8998,-0.1897, 0.1924,-0.191 ],0.2484
2645,[-0.9089,-0.2687, 0.3219,-0.2166],[-0.2257,-1.7016, 8.1062, 1.078 ,-0.1177],[-0.9076,-0.276 , 0.3279,-0.2026],0.1708
2665,[-0.9032,-0.3124, 0.3595,-0.1727],[ 2.6563,-0.8343, 1.9209, 4.4559, 0.1953],[-0.9018,-0.3174, 0.3606,-0.1591],0.1174
2667,[-0.8952,-0.3441, 0.4048,-0.1738],[-0.6666,-1.2995, 3.0083, 6.2146,-0.6811],[-0.8931,-0.349 , 0.4069,-0.1581],0.0561
2700,[-0.9048, 0.0119, 0.0054,-0.3207],[-0.1734, 0.6939, 1.8249, 2.4929, 0.0963],[-0.9062, 0.0094, 0.0065,-0.3093],0.4367
2701,[-0.9013,-0.0219, 0.0709,-0.2962],[-2.5585,-3.2783,-1.1803,-1.9319,-2.7501],[-0.9023,-0.0298, 0.0772,-0.2888],0.3867
2702,[-0.9057, 0.0299,-0.08  ,-0.2956],[-3.9988,-2.7754,-4.3281,-3.5141,-4.0547],[-0.9065, 0.0383,-0.0881,-0.2866],0.3959
2710,[-0.9038, 0.0687,-0.0441,-0.3086],[ 0.7989, 0.4242,29.0052, 2.3524, 0.8129],[-0.9053, 0.066 ,-0.0431,-0.3022],0.3988
2712,[-0.9044, 0.0885,-0.0842,-0.3189],[ 0.8834,42.5891, 1.291 , 0.7803, 1.2538],[-0.9058, 0.0885,-0.0802,-0.313 ],0.3723
2714,[-0.9061, 0.1454,-0.177 ,-0.301 ],[ 0.6804, 0.7951,-1.1492, 2.09  ,-0.6327],[-0.9066, 0.151 ,-0.1774,-0.2872],0.2993
2720,[-0.9044,-0.0731, 0.0441,-0.2973],[ 1.7249e+00, 8.1157e+01,-2.4322e-02, 1.4907e+00, 3.3200e-01],[-0.9059,-0.0699, 0.0442,-0.2878],0.3987
2721,[-0.9   ,-0.0905, 0.0884,-0.3081],[  0.5755,  0.7665,109.9509,  1.4115,  0.8524],[-0.9014,-0.0905, 0.0834,-0.3004],0.3514
2723,[-0.906 ,-0.1477, 0.1805,-0.2719],[ 3.5012,-1.2791, 0.9254, 4.2277,-0.4025],[-0.9064,-0.1536, 0.1825,-0.2718],0.295
2741,[-0.9042,-0.1844, 0.1527,-0.2754],[ 1.6704,-0.1867, 0.1134, 1.8266,-0.1082],[-0.9061,-0.181 , 0.1415,-0.2662],0.3004
2743,[-0.9037,-0.183 , 0.1993,-0.2615],[ 1.4596,-0.1304, 5.913 ,10.2598, 0.5798],[-0.9044,-0.1863, 0.1959,-0.2554],0.2657
2745,[-0.9107,-0.2614, 0.3357,-0.2749],[ 0.225 ,-1.7714, 1.2041, 0.907 ,-1.1726],[-0.9087,-0.2713, 0.3428,-0.2608],0.1697
2765,[-0.9066,-0.2935, 0.3655,-0.2719],[ 0.7463,-0.389 , 2.8929, 0.568 ,-0.2579],[-0.9044,-0.3022, 0.3731,-0.2573],0.1265
2800,[-0.8983, 0.0245, 0.0029,-0.4352],[ 1.3849, 1.6906,39.1366, 1.3477, 1.0903],[-0.9002, 0.0212, 0.003 ,-0.4212],0.4098
2801,[-0.8778,-0.0428, 0.0777,-0.4653],[-0.0397,-1.3142,-0.4969, 1.0159,-0.5021],[-0.8795,-0.0479, 0.0815,-0.4548],0.2817
2802,[-0.8965, 0.0219,-0.0817,-0.445 ],[-0.1169, 5.5504,-0.3458, 0.5221,-0.3169],[-0.898 , 0.0311,-0.0874,-0.4334],0.3624
2810,[-0.8925, 0.0642,-0.0362,-0.4492],[1.3934,0.5063,2.003 ,6.6605,2.733 ],[-0.8946, 0.0605,-0.0276,-0.4349],0.3611
2812,[-0.894 , 0.0862,-0.0893,-0.4395],[ 1.3151,23.5373, 0.6774, 1.8875, 0.9428],[-0.8958, 0.0879,-0.0887,-0.4245],0.3262
2814,[-0.9093, 0.1439,-0.1838,-0.449 ],[ 0.6725, 1.2743,-0.2844, 2.3843,-0.6858],[-0.9102, 0.1522,-0.1868,-0.432 ],0.3086
2820,[-0.9001,-0.0738, 0.0434,-0.4388],[ 0.1869, 9.3648, 0.1854, 2.189 ,-0.1085],[-0.9022,-0.0702, 0.0398,-0.424 ],0.385
2821,[-0.894 ,-0.0894, 0.0952,-0.4454],[ 1.6245, 0.8328, 4.3037,22.7161, 0.0708],[-0.8958,-0.0908, 0.0911,-0.4294],0.3243
2834,[-0.9105, 0.1717,-0.2014,-0.435 ],[ 1.4387e+00, 4.0267e+00,-6.5719e-04, 1.8017e+00, 8.6225e-01],[-0.9114, 0.1789,-0.2045,-0.4181],0.2917
2841,[-0.8851,-0.1812, 0.13  ,-0.4333],[0.7029,0.3468,0.6131,1.3615,0.6703],[-0.8879,-0.1773, 0.1224,-0.4213],0.2409
2843,[-0.8713,-0.2064, 0.1705,-0.4878],[ 1.0184,-0.0409, 1.0729, 1.9053, 0.276 ],[-0.8743,-0.2045, 0.157 ,-0.4697],0.1664
2900,[-0.9003, 0.0331, 0.0085,-0.6368],[  1.5745,  0.6345,592.5147,  1.6387, -0.7484],[-0.9031, 0.0275, 0.0111,-0.6202],0.4203
2901,[-0.8764,-0.0357, 0.077 ,-0.628 ],[ 7.8758e-01,-2.9614e-02, 9.2196e+01, 2.0675e+00, 3.2275e-01],[-0.8788,-0.0419, 0.0811,-0.6122],0.2815
2902,[-0.8925, 0.0232,-0.0745,-0.6128],[-3.3547,-2.2457,-5.384 ,-3.5665,-5.7809],[-0.8947, 0.0317,-0.0808,-0.5991],0.3499
2910,[-0.8846, 0.0668,-0.0376,-0.722 ],[ -0.8776,  1.5874,  0.7864,175.7517, -1.5444],[-0.8879, 0.0634,-0.0292,-0.7048],0.3312
2912,[-0.8832, 0.0765,-0.0709,-0.7211],[-1.5798, 6.9946,-2.6842,70.7961,-1.9231],[-0.8863, 0.0776,-0.0711,-0.7047],0.3006
2914,[-0.9099, 0.1348,-0.1735,-0.5353],[-0.5195, 7.5786,-1.0129, 1.5043,-0.7625],[-0.9109, 0.1451,-0.1884,-0.5172],0.3143
2920,[-0.8919,-0.0733, 0.042 ,-0.5814],[ 0.2596, 3.2025,-1.0172, 6.8911,-1.126 ],[-0.8946,-0.0693, 0.0342,-0.5662],0.3544
2921,[-0.8889,-0.0865, 0.1023,-0.5883],[ 8.1145e-01,-2.4938e-01, 1.6049e+02, 3.3338e+00,-1.3292e-01],[-0.8912,-0.0899, 0.1011,-0.5767],0.3015
2922,[-0.8981,-0.0589,-0.0571,-0.559 ],[-0.6486, 0.1701,-0.5434,-0.646 ,-0.7854],[-0.9005,-0.0441,-0.0557,-0.5405],0.3814
2923,[-0.8682,-0.1658, 0.173 ,-0.5816],[ 0.4544,-1.7393, 1.1414, 3.0654,-0.6516],[-0.8704,-0.1687, 0.1673,-0.5639],0.1638
2941,[-0.8752,-0.1717, 0.1578,-0.5274],[ 1.2705,-0.1184, 1.3634, 2.8274,-0.2461],[-0.8775,-0.1728, 0.1563,-0.51  ],0.1908
2943,[-0.8695,-0.1878, 0.1746,-0.5338],[ 0.0326,-0.9067, 4.4296, 8.1604,-0.2134],[-0.872 ,-0.1885, 0.1652,-0.5167],0.1622
3314,[-0.8638, 0.1319,-0.1912, 0.1519],[-1.0725,-0.9942,-2.3758,-1.484 , 0.4453],[-0.8621, 0.1361,-0.1925, 0.1379],0.1398
3401,[-0.8658,-0.0525, 0.0749, 0.0575],[-1.4775,-2.7089, 0.3208,-2.206 ,-0.372 ],[-0.8655,-0.0545, 0.076 , 0.0441],0.2276
3412,[-0.8542, 0.1547,-0.1565, 0.0222],[ 0.3389, 1.5291,-1.0681,-1.2508, 2.0033],[-0.8543, 0.154 ,-0.1459, 0.0076],0.1259
3414,[-0.8568, 0.1489,-0.1854, 0.0819],[-0.7288, 3.3518,-2.0931,-1.7058,-0.5628],[-0.8559, 0.151 ,-0.1809, 0.0686],0.119
3421,[-0.865 ,-0.0576, 0.0783, 0.0215],[-0.2824,-1.166 , 1.236 ,-0.8442, 2.1611],[-0.8648,-0.0595, 0.0789, 0.0065],0.2221
3510,[-0.8612, 0.1187,-0.0227,-0.0972],[-2.7781,-3.8472,-1.8939,-3.8588,-2.6979],[-0.8626, 0.1088,-0.0083,-0.1124],0.2217
3512,[-0.8563, 0.1455,-0.1034,-0.0369],[ 0.0612, 0.282 ,-1.912 ,-1.3833, 0.9144],[-0.8574, 0.1406,-0.086 ,-0.052 ],0.163
3521,[-0.8649,-0.0681, 0.0872,-0.0616],[ 0.4682,-2.1191, 0.5906,-1.6271,-0.1652],[-0.865 ,-0.0702, 0.0895,-0.0766],0.2146
3610,[-0.8651, 0.091 ,-0.0077,-0.144 ],[-2.7714,-3.5721,-2.1586,-3.1771,-2.4336],[-0.8663, 0.0836,-0.0106,-0.16  ],0.245
3621,[-0.866 ,-0.0809, 0.0996,-0.1439],[-0.1685,-2.3755,-0.3711,-1.2822,-0.3358],[-0.8665,-0.083 , 0.099 ,-0.1603],0.2112
3700,[-0.8651,-0.0481, 0.0501,-0.3604],[-0.5371, 0.4312,-0.3111,-1.0113,-0.6159],[-0.8666,-0.0488, 0.0505,-0.3434],0.2438
3720,[-0.8613,-0.0611, 0.048 ,-0.3556],[-0.404 ,-0.3338,-1.6735,-1.249 ,-1.1082],[-0.863 ,-0.0605, 0.048 ,-0.3596],0.2271
3800,[-0.8591,-0.0202, 0.0423,-0.4513],[0.9859,0.4003,0.676 ,1.4512,0.0058],[-0.8609,-0.0229, 0.044 ,-0.4369],0.2343
3801,[-0.8657,-0.028 , 0.0678,-0.4889],[-0.5022,-0.9171, 0.2147,-0.054 ,-0.2754],[-0.8675,-0.033 , 0.0712,-0.4722],0.2454
3810,[-0.8647, 0.0641,-0.0259,-0.4952],[1.2394,0.8193,3.0559,1.303 ,0.5935],[-0.8671, 0.0611,-0.0272,-0.4906],0.25
3820,[-0.8517,-0.0638, 0.0507,-0.448 ],[ 0.3411, 1.2072, 0.1569, 0.1057,-0.072 ],[-0.8537,-0.0632, 0.0495,-0.442 ],0.1943
3821,[-0.8561,-0.0673, 0.0633,-0.4655],[0.2316,0.0341,3.7299,0.5039,1.4756],[-0.8581,-0.0677, 0.0624,-0.4635],0.2021
3900,[-0.8396, 0.0244, 0.0214,-0.8297],[ 1.1539, 1.8205, 5.141 ,92.2452, 0.4336],[-0.8432, 0.0196, 0.0279,-0.8148],0.1768
3901,[-0.8575,-0.0179, 0.0679,-0.7541],[-0.4346,-1.8545, 8.3757, 7.4312,-1.4905],[-0.8604,-0.024 , 0.0709,-0.7356],0.2234
3902,[-0.8294, 0.0486,-0.0771,-0.8735],[-2.8642, 3.1062,-3.113 , 4.1536,-3.1103],[-0.8329, 0.0524,-0.0786,-0.867 ],0.1189
3910,[-0.8469, 0.0669,-0.05  ,-0.7883],[  1.7997,  1.6956,377.435 ,  1.9258,  1.1683],[-0.8505, 0.0667,-0.0517,-0.7874],0.1807
3912,[-0.8441, 0.0687,-0.0681,-0.7978],[5.7283e-01,5.4711e+02,1.4368e-01,1.4964e+00,2.6291e-01],[-0.8476, 0.0698,-0.0659,-0.7949],0.165
3920,[-0.8442,-0.0682, 0.0501,-0.7174],[ 0.3339, 4.7807, 0.3487, 1.764 ,-0.0234],[-0.8474,-0.0677, 0.0503,-0.7041],0.1708
3921,[-0.8464,-0.0753, 0.0795,-0.7611],[ 0.3808,-1.04  ,10.17  ,11.9534,-0.5782],[-0.8495,-0.0772, 0.0793,-0.7454],0.1634
3923,[-0.8527,-0.139 , 0.1818,-0.697 ],[-0.6504,-2.3498, 1.5412,-0.9065,-1.012 ],[-0.8544,-0.1457, 0.1846,-0.6795],0.1153
3943,[-0.8586,-0.191 , 0.2084,-0.5907],[ 2.0165,-1.1201, 3.2099, 6.3887, 1.3501],[-0.8604,-0.1952, 0.205 ,-0.5734],0.1072
4800,[-0.7884, 0.0525,-0.052 ,-0.4951],[ 0.1547,-0.09  , 0.365 , 0.0023, 0.5135],[-0.7907, 0.0529,-0.0501,-0.5132],0.008
4802,[-0.7923, 0.0169,-0.0618,-0.4856],[-0.8588,-0.0737,-1.0337,-0.9957, 0.0306],[-0.7942, 0.0204,-0.0641,-0.4881],0.022
4812,[-0.7802, 0.0681,-0.0785,-0.4772],[ 1.0477, 1.4186,-0.5507,-0.4903, 0.9033],[-0.7823, 0.0693,-0.0761,-0.4933],-0.0237
4900,[-0.8046, 0.0418,-0.0259,-0.8226],[  1.0284,  1.2361,  2.3544,  0.709 ,160.5688],[-0.8084, 0.0407,-0.0203,-0.8398],0.0643
4901,[-0.8039, 0.0032, 0.0726,-0.9709],[ -9.9574,-10.8269, -9.4332, -9.9541,-10.197 ],[-0.8077,-0.0035, 0.076 ,-0.9647],0.056
4902,[-0.7948, 0.0359,-0.0686,-0.782 ],[-4.0407e-01, 3.3182e+02,-3.1769e-01, 7.1739e-01, 4.7602e-01],[-0.798 , 0.0391,-0.069 ,-0.786 ],0.0262
4910,[-0.8049, 0.0616,-0.0495,-0.7844],[ 0.3008, 0.3556,55.0594, 0.352 , 0.8487],[-0.8084, 0.0617,-0.0509,-0.7871],0.0532
4912,[-0.8061, 0.0617,-0.0678,-0.7867],[5.6425e-01,1.5857e+02,1.2627e-01,5.1563e-01,3.5359e-01],[-0.8095, 0.063 ,-0.0656,-0.7891],0.0514
4920,[-0.7978,-0.0674, 0.0404,-0.813 ],[0.5573,6.8901,1.1717,0.6391,0.5177],[-0.8016,-0.0665, 0.0412,-0.8102],0.0359
4921,[-0.802 ,-0.0683, 0.0607,-0.7898],[ 0.5006,-0.874 , 9.7424, 0.9507, 3.4688],[-0.8055,-0.0687, 0.0598,-0.7924],0.0407
4932,[-0.785 , 0.1688,-0.1137,-0.7269],[ 0.3187, 1.1138,-0.1705, 0.5768, 1.3166],[-0.7891, 0.167 ,-0.1085,-0.7329],-0.0417
5800,[-0.7377, 0.0078, 0.0008,-0.4724],[ 0.4648, 0.3678, 0.5149,-0.931 , 2.0939],[-0.7398, 0.0073, 0.0025,-0.4874],-0.0937
5801,[-0.7415, 0.0009, 0.0623,-0.4944],[-0.6434,-1.128 , 0.3864,-0.6166, 0.332 ],[-0.7433,-0.0036, 0.077 ,-0.5125],-0.0943
5802,[-0.7599, 0.0528,-0.0651,-0.4835],[-0.9291,-0.0409,-1.0686,-0.6519, 0.1357],[-0.7619, 0.054 ,-0.0658,-0.4783],-0.0639
5810,[-0.773 , 0.1159,-0.0388,-0.4917],[-0.6326,-0.4795,-0.0007,-0.652 , 0.2632],[-0.7761, 0.1107,-0.0202,-0.5098],-0.0346
5812,[-0.756 , 0.0689,-0.0779,-0.4542],[-0.5105, 0.2674,-0.3848,-1.3569, 0.6576],[-0.7579, 0.0699,-0.0774,-0.4546],-0.0778
5820,[-0.7559,-0.0645, 0.0391,-0.4739],[ 0.2008,-0.0499,-0.1962,-0.1417,-0.0236],[-0.7581,-0.0635, 0.0412,-0.4731],-0.0683
5821,[-0.7449,-0.0764, 0.1055,-0.4676],[-0.2015,-0.8003, 0.3717,-0.0833, 1.7439],[-0.7465,-0.0786, 0.1056,-0.4758],-0.1095
5900,[-0.7489,-0.0099,-0.012 ,-0.7057],[ 1.1607e+00, 1.1664e+00, 1.9263e+02,-2.3102e-02, 3.2214e+00],[-0.752 ,-0.0081,-0.0191,-0.7124],-0.0693
5901,[-0.7442,-0.0409, 0.0668,-0.6888],[-0.868 ,-1.5899, 3.498 ,-1.0425, 1.7147],[-0.7471,-0.043 , 0.0658,-0.7009],-0.0927
5902,[-0.761 , 0.0283,-0.0645,-0.731 ],[ 5.0232e-02, 3.0362e+02,-9.1711e-02,-4.1818e-01, 5.4959e-01],[-0.764 , 0.0311,-0.0651,-0.7363],-0.0532
5910,[-0.7612, 0.0706,-0.0197,-0.78  ],[ 0.6961,-0.6832, 2.2158,-0.8915,92.9003],[-0.765 , 0.0673,-0.0089,-0.797 ],-0.0507
5911,[-0.773 , 0.0557, 0.0569,-0.9191],[-2.2159,-2.676 ,-0.7902,-1.8354,-2.0227],[-0.7772, 0.0487, 0.0519,-0.9394],-0.0246
5912,[-0.7608, 0.0741,-0.0801,-0.7355],[-0.3715,49.055 ,-0.1958,-0.3172, 1.0255],[-0.7639, 0.0751,-0.0764,-0.7373],-0.0654
5914,[-0.7521, 0.1385,-0.1775,-0.884 ],[-0.6843,-0.2781,-2.1623,-0.5715,-0.2075],[-0.7548, 0.1428,-0.1766,-0.8771],-0.1233
5920,[-0.7638,-0.0675, 0.0414,-0.7331],[-0.5953, 0.6043,-0.1091,-1.2849, 0.9111],[-0.7672,-0.0664, 0.0385,-0.7409],-0.0482
5921,[-0.7501,-0.0744, 0.0775,-0.7283],[ 0.1014,-0.4938,16.5491, 0.8082, 4.1859],[-0.7532,-0.0752, 0.0733,-0.7359],-0.088
5932,[-0.7688, 0.1727,-0.141 ,-0.784 ],[ 0.525 , 0.8536,-0.1458, 0.8525, 0.6383],[-0.7728, 0.1724,-0.1316,-0.7723],-0.0844
5934,[-0.7564, 0.1689,-0.1739,-0.818 ],[ 0.557 , 2.584 ,-1.5504, 0.1406,-0.2847],[-0.7596, 0.171 ,-0.1665,-0.8005],-0.1189
6600,[-0.6897, 0.0189, 0.0099,-0.238 ],[-0.0699,-0.1758, 0.1268,-0.9352, 1.2805],[-0.6908, 0.0176, 0.0108,-0.2543],-0.1796
6700,[-0.6942, 0.0034, 0.0112,-0.3554],[-0.4865,-0.3737, 0.6647,-1.2946, 4.6734],[-0.6958, 0.0025, 0.0145,-0.3667],-0.173
6701,[-0.693 ,-0.0108, 0.0723,-0.3528],[-1.1238,-1.6894, 0.8803,-1.8423, 1.0319],[-0.6942,-0.0136, 0.0669,-0.3584],-0.183
6702,[-0.6941, 0.0263,-0.0699,-0.3497],[-0.5482, 0.0345,-1.7132,-1.7778, 0.7493],[-0.6954, 0.0283,-0.0659,-0.3561],-0.183
6712,[-0.6896, 0.0567,-0.087 ,-0.3554],[-0.3826, 0.965 ,-0.7957,-1.3553, 0.9153],[-0.6908, 0.0588,-0.0956,-0.3723],-0.2
6800,[-0.6969, 0.0013, 0.0142,-0.4551],[-20.6425,-20.7979,-20.1139,-22.1682,-19.5683],[-6.9890e-01, 3.5431e-04, 1.7144e-02,-4.6765e-01],-0.1675
6801,[-0.6949,-0.0111, 0.0751,-0.4623],[-3.4314,-4.8092,-1.6876,-4.9298,-2.7573],[-0.6966,-0.0143, 0.0732,-0.4755],-0.1801
6802,[-0.6995, 0.0297,-0.0757,-0.4528],[-19.2141,-19.0223,-19.6268,-20.1918,-18.6969],[-0.7011, 0.0322,-0.0759,-0.4563],-0.1759
6810,[-0.7026, 0.0583,-0.0135,-0.4761],[-0.7059,-0.7422, 0.2676,-1.6355, 0.7747],[-0.7049, 0.0561,-0.0067,-0.4597],-0.1627
6812,[-0.7054, 0.073 ,-0.1142,-0.4624],[-2.7173,-2.2568,-3.9693,-3.7363,-1.6839],[-0.7069, 0.0755,-0.1126,-0.4722],-0.1804
6821,[-0.7233,-0.0583, 0.1137,-0.4551],[-0.6325,-1.8556, 0.1523,-0.9009, 0.8566],[-0.7246,-0.0616, 0.1141,-0.4615],-0.1483
6900,[-0.7145,-0.0061, 0.007 ,-0.6015],[ 1.2546e-01, 1.2290e+00, 2.2546e+02,-8.4912e-01, 1.3619e+00],[-0.7172,-0.006 , 0.0038,-0.6132],-0.1357
6901,[-0.7043,-0.0224, 0.072 ,-0.5637],[-0.4143,-2.1447,44.2813,-0.5393, 1.1693],[-0.7066,-0.025 , 0.0675,-0.5772],-0.1643
6902,[-0.7172, 0.0301,-0.0662,-0.6243],[ 0.8251,38.8639, 0.0574,-1.6551,39.3375],[-0.7197, 0.0324,-0.0666,-0.6358],-0.1423
6910,[-0.7175, 0.0717,-0.0333,-0.707 ],[ 0.5522,-1.9364, 6.3673,-2.7457, 4.6211],[-0.721 , 0.07  ,-0.0285,-0.7209],-0.1403
6912,[-0.7139, 0.0793,-0.111 ,-0.6776],[-0.1635, 5.7755,-3.4392,-3.2285, 4.3621],[-0.7164, 0.0816,-0.1085,-0.6928],-0.165
6914,[-0.7266, 0.1145,-0.1772,-0.7903],[-0.1389, 3.1023,-2.6129,-1.4047,-0.4915],[-0.7285, 0.1194,-0.179 ,-0.8058],-0.166
6920,[-0.7311,-0.0612, 0.0513,-0.5925],[-0.8555,-0.5639,-0.9591,-0.5186,-0.2755],[-0.7338,-0.0613, 0.0516,-0.6105],-0.1196
6921,[-0.7228,-0.0669, 0.0976,-0.6603],[ 0.2096,-2.3323, 0.2547,-1.3978, 0.7661],[-0.7253,-0.0693, 0.0976,-0.6695],-0.1457
7422,[-0.6697,-0.1462,-0.1182, 0.0161],[-4.726 ,-3.6047,-6.9043,-5.6104,-3.2314],[-0.67  ,-0.1356,-0.124 , 0.0068],-0.245
7442,[-0.6661,-0.1841,-0.0913, 0.017 ],[-3.2294,-2.753 ,-4.8651,-3.8433,-1.9649],[-0.6676,-0.1732,-0.1004, 0.014 ],-0.2502
7500,[-0.6724,-0.0027,-0.0306,-0.1016],[-0.9083,-1.7091,-0.9409,-2.2334, 0.5281],[-0.6728,-0.0013,-0.0288,-0.1069],-0.2077
7502,[-0.6677,-0.0393,-0.1243,-0.1097],[-3.1804,-2.3573,-4.7806,-4.4091,-1.9958],[-0.6674,-0.0329,-0.1178,-0.121 ],-0.2327
7522,[-0.671 ,-0.1275,-0.1266,-0.0734],[-2.1685, 0.5228,-6.1318,-4.1412, 0.8353],[-0.6714,-0.1171,-0.131 ,-0.0878],-0.2417
7524,[-0.669 ,-0.0915,-0.171 ,-0.1237],[-5.509 ,-5.6088,-6.9632,-6.5813,-5.7299],[-0.6681,-0.0808,-0.1765,-0.1391],-0.2472
7542,[-0.6638,-0.197 ,-0.0795,-0.0099],[-20.4249,-18.1517,-22.567 ,-21.8281,-19.037 ],[-0.6654,-0.1879,-0.0875,-0.0166],-0.2531
7600,[-6.7409e-01, 3.4550e-04,-2.7661e-02,-2.1991e-01],[-1.7621,-2.6055,-2.376 ,-3.1614, 0.0576],[-0.6751, 0.0011,-0.0185,-0.2331],-0.204
7602,[-0.6703,-0.0352,-0.1261,-0.2123],[-20.2571,-18.7437,-22.5133,-21.8259,-19.4417],[-0.6704,-0.0287,-0.1203,-0.226 ],-0.2285
7604,[-0.6666,-0.0368,-0.1732,-0.216 ],[-14.7934,-13.3671,-16.6479,-15.5641,-14.7006],[-0.6656,-0.0283,-0.1719,-0.2249],-0.2422
7622,[-0.6722,-0.0803,-0.1431,-0.1662],[-11.9892,-10.2767,-15.326 ,-13.7638,-10.7736],[-0.672 ,-0.0711,-0.1434,-0.1809],-0.2358
7624,[-0.6696,-0.0675,-0.1709,-0.1926],[-6.3744,-5.812 ,-8.4665,-6.6774,-5.5247],[-0.6687,-0.0577,-0.1729,-0.2051],-0.2425
7700,[-0.6784, 0.0024,-0.0182,-0.3351],[-14.4666,-15.433 ,-15.4314,-15.9787,-13.46  ],[-0.6799, 0.0026,-0.0073,-0.3489],-0.1965
7701,[-0.683 ,-0.0084, 0.0707,-0.3408],[-3.5212,-4.635 ,-1.3366,-3.8837,-2.4559],[-0.6842,-0.0113, 0.0691,-0.3538],-0.1981
7702,[-0.6727,-0.0094,-0.1036,-0.3037],[-27.5898,-26.025 ,-29.8113,-29.3769,-26.7633],[-0.6734,-0.0049,-0.0941,-0.3175],-0.2177
7704,[-0.665 ,-0.0146,-0.1743,-0.2857],[-14.241 ,-13.1362,-15.8701,-14.5065,-13.7529],[-0.6643,-0.0069,-0.1715,-0.2976],-0.2418
7710,[-0.6653, 0.0586,-0.044 ,-0.3531],[-1.2395,-2.0655,-1.0742,-2.2045,-0.1042],[-0.6671, 0.0573,-0.0234,-0.37  ],-0.2228
7712,[-0.6773, 0.0619,-0.0992,-0.3253],[-1.6031,-0.0369,-2.4991,-2.4511, 0.2037],[-0.6784, 0.0636,-0.0922,-0.341 ],-0.218
7800,[-0.6833, 0.0074,-0.0028,-0.4199],[-57.2694,-57.5639,-57.4651,-58.6072,-56.7224],[-0.6852, 0.0068, 0.0072,-0.4332],-0.1891
7801,[-0.6857,-0.0039, 0.0749,-0.4389],[-6.7992,-8.0592,-5.5472,-7.5613,-6.3491],[-0.6873,-0.0073, 0.075 ,-0.4527],-0.1943
7802,[-0.6763, 0.0195,-0.0815,-0.4067],[-36.2701,-35.3912,-37.3654,-37.328 ,-35.5933],[-0.6778, 0.022 ,-0.0707,-0.4183],-0.2094
7804,[-0.6584, 0.0277,-0.1696,-0.3842],[-2.2101,-1.3656,-3.3819,-2.7977,-1.9655],[-0.6582, 0.0334,-0.1624,-0.3828],-0.2509
7810,[-0.6738, 0.0578,-0.0293,-0.4453],[-2.5991,-3.3673,-2.1665,-4.0033,-2.0021],[-0.676 , 0.0562,-0.0158,-0.4565],-0.2095
7812,[-0.6727, 0.0659,-0.1121,-0.4305],[-4.0971,-3.4409,-5.0276,-5.3048,-3.4241],[-0.6741, 0.0681,-0.1066,-0.4428],-0.227
7900,[-0.6858, 0.0235, 0.015 ,-0.5192],[ -9.5406, -9.606 , -9.2498,-10.4399, -8.9255],[-0.6881, 0.0212, 0.0273,-0.5315],-0.1881
7901,[-0.6866, 0.008 , 0.0732,-0.5216],[-3.2706,-3.9682,-2.3755,-3.9247,-2.6559],[-0.6886, 0.0041, 0.0722,-0.5367],-0.1917
7902,[-0.6835, 0.0438,-0.0925,-0.5166],[-7.971 ,-7.3935,-8.0184,-8.1674,-7.5183],[-0.6853, 0.0463,-0.091 ,-0.5266],-0.2054
7910,[-0.6789, 0.056 ,-0.0323,-0.5005],[-3.9027,-4.131 ,-3.1309,-4.9217,-3.0969],[-0.6814, 0.0545,-0.017 ,-0.5186],-0.2009
7912,[-0.681 , 0.0686,-0.1127,-0.5607],[-4.3537,-3.5071,-5.8873,-5.7602,-3.8677],[-0.6829, 0.071 ,-0.1089,-0.572 ],-0.2155
