100,[-0.9593, 0.0043, 0.0011, 0.4003],[ 0.3232, 1.4443, 1.562 ,12.3221, 0.958 ],[-0.9574, 0.0025, 0.0035, 0.4128],0.2904
101,[-0.959 ,-0.0388, 0.0695, 0.3975],[ 0.2465,-0.6236, 1.2638,-0.2055, 0.6012],[-0.9571,-0.0447, 0.0715, 0.4036],0.2654
102,[-0.9585, 0.0434,-0.0711, 0.3951],[ 0.2726, 1.2294,-0.4501, 0.0418, 0.3394],[-0.9566, 0.0489,-0.0761, 0.4015],0.2637
110,[-0.9583, 0.065 ,-0.0338, 0.4092],[ 0.1209,-0.7987, 1.9276,-0.1253, 0.3283],[-0.9567, 0.0528,-0.0195, 0.4193],0.2826
112,[-0.9587, 0.093 ,-0.0983, 0.3925],[1.0812,5.8264,0.2335,0.6453,1.0943],[-0.9569, 0.0895,-0.0911, 0.4037],0.2399
114,[-0.964 , 0.1575,-0.1673, 0.3753],[0.5225,0.8968,0.0872,0.3866,0.1914],[-0.9624, 0.1523,-0.1586, 0.3884],0.1682
120,[-0.9624,-0.0688, 0.0336, 0.3867],[-0.4523, 2.1183,-0.7454,-0.3249, 0.0633],[-0.9608,-0.053 , 0.0138, 0.3965],0.2659
121,[-0.9584,-0.0922, 0.0931, 0.387 ],[0.9489,1.1   ,2.1309,1.9847,1.9463],[-0.9568,-0.0876, 0.0839, 0.393 ],0.2441
200,[-9.6371e-01, 3.0956e-04,-5.1868e-03, 3.0342e-01],[ 0.1508, 1.1258,-0.5322, 2.7923,-1.0778],[-0.9623, 0.0017,-0.0056, 0.316 ],0.2722
201,[-0.9634,-0.0447, 0.0699, 0.2947],[-1.668 ,-2.0646,-0.1358,-1.4419,-2.1481],[-0.9618,-0.0513, 0.0754, 0.3068],0.2437
202,[-0.9621, 0.0363,-0.0778, 0.2984],[-1.26  , 0.5057,-2.7349,-1.9485,-1.9669],[-0.9604, 0.0473,-0.0862, 0.3111],0.2459
210,[-0.9636, 0.0661,-0.0461, 0.3072],[-1.6447,-2.2434, 0.4285,-1.5922,-1.8926],[-0.9623, 0.0574,-0.0387, 0.321 ],0.2535
212,[-0.962 , 0.0959,-0.1054, 0.2996],[ 1.4819, 5.2946, 0.6834,20.2954, 0.9406],[-0.9605, 0.0947,-0.1022, 0.3134],0.2202
214,[-0.962 , 0.1496,-0.1811, 0.2844],[-0.2794, 4.7573,-0.8531, 1.9405,-0.5702],[-0.9603, 0.1526,-0.1804, 0.2969],0.1667
220,[-0.9636,-0.0735, 0.0285, 0.2864],[-2.6124,-0.2173,-3.7046,-2.6657,-3.0945],[-0.9625,-0.0555, 0.0098, 0.296 ],0.2623
221,[-0.9648,-0.0948, 0.0984, 0.3006],[ 0.5889, 0.3065, 8.8395, 2.2472,-0.0302],[-0.9635,-0.0912, 0.0908, 0.3113],0.2157
223,[-0.9644,-0.1399, 0.1784, 0.2752],[-0.7086,-1.2065, 1.0244, 0.5659,-0.2631],[-0.9627,-0.1446, 0.1777, 0.2765],0.163
232,[-0.9598, 0.1762,-0.1431, 0.2924],[-0.4858,-1.1607, 1.44  ,-0.7521,-0.6334],[-0.9594, 0.1599,-0.1199, 0.3021],0.191
234,[-0.9652, 0.1865,-0.1916, 0.2857],[ 0.5561, 9.8478,-0.2376, 1.3043, 0.2691],[-0.9641, 0.1808,-0.1817, 0.2979],0.1426
236,[-0.9562, 0.2317,-0.3251, 0.2552],[ 0.9922, 1.1163,-0.622 , 1.4401, 0.1377],[-0.9528, 0.241 ,-0.3241, 0.2683],0.0955
241,[-0.9622,-0.1762, 0.1394, 0.2684],[-0.5815, 1.3419,-1.6207,-0.1939,-1.3572],[-0.9618,-0.1602, 0.1236, 0.2813],0.1811
243,[-0.9653,-0.1871, 0.1973, 0.2774],[ 0.4578,-0.9067, 2.7359, 3.8722,-0.4577],[-0.9641,-0.1826, 0.1893, 0.2913],0.1388
300,[-0.9699,-0.0043,-0.0025, 0.1891],[-3.1093,-2.7808,-3.3587,-1.5155,-4.1821],[-0.969 ,-0.0017,-0.0046, 0.2019],0.2453
301,[-0.9666,-0.0424, 0.0705, 0.1863],[-4.0504,-4.8371,-2.2025,-3.6217,-4.6647],[-0.9655,-0.0519, 0.0794, 0.1981],0.2283
302,[-0.9672, 0.0347,-0.0743, 0.1916],[-4.9282,-3.1546,-5.7023,-4.2414,-4.9908],[-0.966 , 0.0486,-0.087 , 0.2038],0.2248
310,[-0.9703, 0.066 ,-0.0413, 0.1884],[-4.3375,-4.7003,-2.9767,-3.5143,-4.358 ],[-0.9695, 0.0518,-0.0251, 0.2018],0.2327
312,[-0.9688, 0.0986,-0.1093, 0.1896],[ 1.1322, 0.7398,-0.0457, 8.3056,-0.2179],[-0.9678, 0.0991,-0.108 , 0.2038],0.1909
314,[-0.9657, 0.1469,-0.1782, 0.1939],[-0.5982, 0.5575,-2.9606,-0.9611,-2.7267],[-0.9643, 0.1526,-0.1814, 0.2079],0.1532
320,[-0.9691,-0.0736, 0.0309, 0.1912],[-5.9606,-4.3408,-6.7935,-5.7727,-6.7511],[-0.9685,-0.052 , 0.0052, 0.2024],0.2405
321,[-0.9698,-0.1051, 0.1004, 0.1823],[ 3.0972,-0.1855, 9.1254, 1.665 ,-0.2321],[-0.9691,-0.0986, 0.0899, 0.1948],0.1934
323,[-0.9695,-0.1506, 0.1874, 0.1701],[-1.4274,-2.8753,-0.2602,-0.127 ,-2.1136],[-0.9681,-0.1582, 0.1918, 0.1841],0.1349
332,[-0.9648, 0.1837,-0.1476, 0.1797],[-1.6018,-2.218 ,-0.1509,-1.6083,-2.4606],[-0.9647, 0.1669,-0.13  , 0.1921],0.1662
334,[-0.9656, 0.2071,-0.2127, 0.182 ],[ 0.7446, 5.5008,-0.1027, 5.9602,-0.4101],[-0.9648, 0.2031,-0.2051, 0.1962],0.1225
336,[-0.9619, 0.2094,-0.3153, 0.2342],[ 0.6142, 5.6339,-0.5772, 2.1936,-0.6267],[-0.9581, 0.2252,-0.3249, 0.2483],0.0861
340,[-0.9595,-0.1724, 0.0504, 0.1581],[-1.4568,-0.5759,-2.3737,-1.6786,-2.2551],[-0.9602,-0.1277,-0.006 , 0.1729],0.2464
341,[-0.9672,-0.1824, 0.1434, 0.1699],[-4.4855,-3.4074,-5.3778,-4.3378,-5.6125],[-0.9673,-0.163 , 0.1201, 0.1832],0.163
343,[-0.9697,-0.2058, 0.2024, 0.1746],[ 0.0101,-0.8548, 5.6506, 3.9861,-1.369 ],[-0.9692,-0.1984, 0.1908, 0.1887],0.1161
345,[-0.964 ,-0.2738, 0.2862, 0.1393],[ 0.114 ,-1.4094, 2.0783, 0.8894,-1.4248],[-0.9634,-0.2704, 0.275 , 0.153 ],0.0726
354,[-0.9592, 0.284 ,-0.2763, 0.1902],[-2.2357,-2.2251,-1.0233,-1.5321,-2.602 ],[-0.959 , 0.2758,-0.2625, 0.2049],0.088
356,[-0.9608, 0.3034,-0.3076, 0.1692],[ 1.0255, 1.738 ,-1.5169, 2.1604,-1.4344],[-0.9603, 0.2985,-0.3   , 0.1785],0.0603
363,[-0.9597,-0.2913, 0.2413, 0.1589],[-4.3439,-3.5385,-4.3428,-4.2075,-5.0909],[-0.9608,-0.2747, 0.2231, 0.1717],0.0991
365,[-0.959 ,-0.3021, 0.3022, 0.1544],[-0.1744,-2.056 , 0.7481, 1.2451,-1.9866],[-0.9589,-0.2957, 0.2874, 0.1688],0.0705
400,[-0.9736,-0.0028, 0.002 , 0.0641],[ 0.3626, 1.1145,-0.0759, 7.3633,-1.0927],[-9.7318e-01,-1.6493e-03, 2.8366e-04, 7.8763e-02],0.2302
401,[-0.9677,-0.0351, 0.075 , 0.0611],[-3.959 ,-5.2231,-2.4262,-3.9971,-5.0398],[-0.967 ,-0.0501, 0.0877, 0.0748],0.2205
402,[-0.9729, 0.0356,-0.0755, 0.0764],[-3.4841,-2.4682,-4.6333,-3.074 ,-4.3664],[-0.9721, 0.0537,-0.0921, 0.0909],0.1994
410,[-0.9681, 0.079 ,-0.0293, 0.0475],[-3.8895,-4.782 ,-2.8709,-4.0626,-4.8538],[-0.9682, 0.0586,-0.011 , 0.0603],0.2368
411,[-0.9693, 0.0605, 0.0619, 0.0706],[-1.2239,-2.1162,-0.6454,-1.2629,-1.4509],[-0.9686, 0.0119, 0.0995, 0.0838],0.2243
412,[-0.9744, 0.1051,-0.1078, 0.0638],[ 0.6727, 2.2719,-0.785 , 8.0865,-0.5614],[-0.974 , 0.1047,-0.1068, 0.0787],0.1681
414,[-0.9706, 0.1474,-0.1831, 0.0684],[-1.0261,-0.7812,-3.4045,-0.2002,-2.8494],[-0.9695, 0.1588,-0.1938, 0.0833],0.1293
420,[-0.9712,-0.077 , 0.0313, 0.0648],[-3.4439,-1.6589,-4.8775,-3.2553,-3.9503],[-0.9711,-0.0557, 0.0121, 0.0789],0.2281
421,[-0.9731,-0.1072, 0.1085, 0.0622],[1.3892e+00,1.6892e-01,9.3181e-01,2.1914e+01,8.1461e-03],[-0.9728,-0.105 , 0.1041, 0.077 ],0.1731
423,[-0.969 ,-0.1492, 0.1824, 0.0547],[-0.9105,-3.1098, 0.5306,-0.4361,-2.6069],[-0.968 ,-0.1589, 0.1895, 0.0692],0.1358
430,[-0.968 , 0.1732,-0.0197, 0.0419],[-1.0349,-1.9147,-0.2494,-1.116 ,-1.5882],[-0.9691, 0.115 , 0.0212, 0.0566],0.2129
432,[-0.9693, 0.1913,-0.1318, 0.0572],[-3.8479,-4.134 ,-2.1207,-2.9224,-4.4697],[-0.9702, 0.166 ,-0.1065, 0.0705],0.158
434,[-0.9706, 0.218 ,-0.2216, 0.0656],[ 0.3158, 0.334 ,-1.0724, 2.8508,-1.7592],[-0.9703, 0.2156,-0.2162, 0.0801],0.0966
436,[-0.9629, 0.2616,-0.2825, 0.045 ],[ 0.0439, 1.1916,-1.482 , 3.2398,-0.9204],[-0.9621, 0.2642,-0.283 , 0.0601],0.0756
441,[-0.9705,-0.19  , 0.1419, 0.0602],[-3.9128,-2.6926,-4.9613,-3.1759,-4.9893],[-0.9711,-0.1689, 0.1216, 0.0731],0.1479
443,[-0.9708,-0.217 , 0.2145, 0.0606],[ 2.7018,-1.0237, 1.4631, 7.3593,-0.8271],[-0.9707,-0.2125, 0.207 , 0.0755],0.1001
445,[-0.9671,-0.2586, 0.2916, 0.0476],[ 0.1557,-1.4951, 3.6276, 1.4288,-1.1566],[-0.9659,-0.264 , 0.2935, 0.0618],0.0611
454,[-0.9622, 0.3106,-0.2372, 0.0427],[-4.2073,-4.6919,-3.6235,-4.0548,-4.9104],[-0.9642, 0.2914,-0.2223, 0.0571],0.0826
456,[-0.9689, 0.3042,-0.3058, 0.0399],[-0.4977, 0.0032,-2.0897, 0.6594,-2.5251],[-0.9687, 0.3022,-0.3019, 0.0547],0.0352
463,[-0.9663,-0.299 , 0.2424, 0.0522],[-6.844 ,-5.9572,-7.3401,-6.7747,-7.6699],[-0.968 ,-0.2794, 0.2199, 0.0643],0.0775
465,[-0.9653,-0.3203, 0.3144, 0.0406],[-1.596 ,-3.7774,-1.1613,-1.2403,-4.002 ],[-0.9657,-0.3153, 0.3022, 0.0543],0.038
500,[-0.9747, 0.0031, 0.0071,-0.0612],[ 3.4046, 2.0272, 2.9197,31.4904,-0.6108],[-0.9749,-0.0014, 0.0099,-0.0455],0.2229
501,[-0.9686,-0.0269, 0.0823,-0.0624],[-1.5853,-3.1533, 0.3216,-0.7119,-2.6019],[-0.9683,-0.0491, 0.1   ,-0.048 ],0.2114
502,[-0.974 , 0.0372,-0.0751,-0.0503],[-0.8193, 1.4673,-1.9903, 0.4746,-2.2829],[-0.9738, 0.058 ,-0.096 ,-0.0347],0.1906
510,[-0.9693, 0.0813,-0.0247,-0.0669],[-1.3759,-2.992 , 1.0312,-1.6533,-3.2881],[-0.9698, 0.0572,-0.0028,-0.0522],0.23
511,[-0.9639, 0.0692, 0.0725,-0.0639],[-1.0921,-2.3702,-1.0605,-0.8385,-1.6468],[-0.9636, 0.0143, 0.1255,-0.0561],0.2311
512,[-0.9729, 0.1169,-0.1011,-0.0609],[ 0.6646, 1.12  ,-0.1187,17.477 ,-0.5938],[-0.9733, 0.1107,-0.0954,-0.0456],0.1724
514,[-0.9749, 0.1498,-0.1817,-0.0525],[-1.1396, 2.2545,-1.8383,-0.4654,-2.0384],[-0.9743, 0.166 ,-0.1962,-0.037 ],0.1106
520,[-0.9727,-0.0771, 0.0355,-0.0497],[-1.3764, 1.9878,-1.9672,-0.3017,-2.1049],[-0.9731,-0.0548, 0.0142,-0.0346],0.2205
521,[-0.9739,-0.106 , 0.1124,-0.0586],[ 2.3527, 0.3781, 2.1973,27.1879,-0.729 ],[-0.974 ,-0.1083, 0.1119,-0.0432],0.165
522,[-0.961 ,-0.0613,-0.0604,-0.0281],[-1.5135,-0.2774,-1.7869,-1.0048,-0.8712],[-0.9607,-0.0204,-0.0954,-0.0131],0.2516
523,[-0.9692,-0.1386, 0.1892,-0.0605],[-0.7939,-2.4098, 1.1634, 0.2427,-2.7231],[-0.9683,-0.1579, 0.2053,-0.0459],0.1294
530,[-0.9624, 0.1758,-0.0402,-0.0715],[-1.3881,-2.0559,-0.3556,-1.5932,-1.7686],[-0.9642, 0.129 ,-0.0039,-0.0568],0.2268
532,[-0.9672, 0.19  ,-0.1327,-0.0736],[-5.5409,-5.6987,-4.0706,-4.9775,-6.5678],[-0.9685, 0.1686,-0.112 ,-0.0596],0.1602
534,[-0.9719, 0.2192,-0.2127,-0.0704],[-1.1568,-0.2532,-2.734 , 0.16  ,-3.0107],[-0.9723, 0.2169,-0.2076,-0.0554],0.0934
536,[-0.9662, 0.2714,-0.2828,-0.0548],[-0.206 , 0.8813,-0.9543, 2.0619,-1.0651],[-0.9659, 0.2754,-0.2854,-0.0395],0.0597
540,[-0.957 ,-0.1801, 0.0415,-0.0327],[-1.3083,-0.7467,-1.6592,-1.2308,-1.161 ],[-0.9587,-0.1409, 0.0151,-0.0179],0.2431
541,[-0.9739,-0.1864, 0.1432,-0.0559],[-3.2585,-1.3211,-3.95  ,-1.9646,-3.9798],[-0.9749,-0.1636, 0.1208,-0.0405],0.1381
543,[-0.9726,-0.2169, 0.2221,-0.0607],[ 1.7392,-1.133 , 2.2029,10.6214,-1.1348],[-0.9727,-0.218 , 0.2192,-0.0449],0.0874
545,[-0.9678,-0.2507, 0.2881,-0.0469],[-0.0176,-1.4404, 1.6617, 1.7308,-2.0559],[-0.9667,-0.2611, 0.295 ,-0.0316],0.0595
552,[-0.96  , 0.2791,-0.1427,-0.1074],[-1.7424,-2.2242,-0.8399,-1.0566,-2.0931],[-0.964 , 0.2331,-0.0795,-0.0913],0.1623
554,[-0.9656, 0.303 ,-0.2302,-0.0857],[-8.9096,-9.3636,-8.4968,-8.8078,-9.8073],[-0.9682, 0.2826,-0.2069,-0.0709],0.0813
556,[-0.9656, 0.313 ,-0.3109,-0.0575],[-3.3853,-2.4814,-3.7499,-2.4179,-4.9209],[-0.9659, 0.3133,-0.3078,-0.0427],0.0358
561,[-0.9627,-0.2989, 0.1647,-0.0579],[-1.7595,-0.6604,-2.1626,-1.561 ,-1.8798],[-0.9668,-0.2519, 0.1011,-0.0427],0.1375
563,[-0.967 ,-0.2957, 0.2482,-0.0561],[-5.3315,-4.7454,-5.8683,-5.5194,-6.4967],[-0.9687,-0.2822, 0.2323,-0.041 ],0.0698
565,[-0.9639,-0.3256, 0.3302,-0.0642],[-2.3445,-3.3147,-0.5323, 0.2852,-3.6017],[-0.9641,-0.3268, 0.3247,-0.0492],0.0288
567,[-0.9582,-0.3678, 0.3907,-0.0692],[ 0.356 ,-0.6165, 5.8046, 3.1297,-0.8576],[-0.9576,-0.3717, 0.3892,-0.055 ],0.0022
585,[-0.9602,-0.3958, 0.3634,-0.0699],[-7.9815,-7.7277,-8.0323,-7.5236,-9.0536],[-0.9618,-0.3924, 0.3551,-0.0541],-0.003
587,[-0.9571,-0.3981, 0.3903,-0.1098],[-3.4621,-5.1055,-3.9634,-3.1163,-5.8676],[-0.9579,-0.3992, 0.3823,-0.0936],-0.0071
600,[-0.9725, 0.0071, 0.0083,-0.185 ],[ 0.1596, 1.0279, 1.6935,18.0527,-0.7203],[-9.7327e-01, 5.0621e-05, 1.3519e-02,-1.6907e-01],0.23
601,[-0.9698,-0.0336, 0.0742,-0.1896],[-0.0461,-1.4183, 2.0124,-0.6194,-1.9294],[-0.9702,-0.0534, 0.0918,-0.1741],0.2061
602,[-0.9718, 0.0422,-0.0683,-0.1842],[-0.6267, 1.9827,-1.5776,-0.2148,-1.7067],[-0.9722, 0.0604,-0.0879,-0.168 ],0.1981
610,[-0.9692, 0.0784,-0.0311,-0.1777],[-1.8633,-3.3771,-1.2646,-2.3944,-3.88  ],[-0.9702, 0.0573,-0.0111,-0.1627],0.2296
612,[-0.971 , 0.1164,-0.0978,-0.1876],[-2.1539,-2.0334,-2.773 ,-0.3536,-4.9296],[-0.972 , 0.11  ,-0.0913,-0.1731],0.1788
614,[-0.9671, 0.1588,-0.1758,-0.2011],[-0.7702,-0.7347,-1.7627, 0.6715,-1.8764],[-0.9673, 0.1707,-0.1893,-0.1873],0.1335
620,[-0.9722,-0.0756, 0.039 ,-0.1692],[-0.659 , 2.1777,-1.3977,-0.5695,-1.6029],[-0.9731,-0.0565, 0.0187,-0.1533],0.2193
621,[-0.9715,-0.1006, 0.114 ,-0.1855],[ 1.5177e-02,-2.3052e-01, 1.9002e+00, 2.4389e+01,-1.3941e+00],[-0.972 ,-0.1086, 0.119 ,-0.1696],0.1687
623,[-0.9701,-0.1473, 0.1811,-0.182 ],[-0.8816,-1.0565, 1.4259, 3.1069,-1.6881],[-0.97  ,-0.1644, 0.1958,-0.1657],0.1249
632,[-0.9662, 0.1911,-0.1393,-0.1802],[-5.1089,-5.2787,-2.9448,-4.3847,-6.1533],[-0.968 , 0.1738,-0.1221,-0.1655],0.1558
634,[-0.9658, 0.2259,-0.2081,-0.1934],[-4.0398,-1.6157,-4.7797,-2.4456,-5.8953],[-0.967 , 0.2234,-0.2013,-0.1782],0.1092
636,[-0.9629, 0.2713,-0.2901,-0.1399],[-0.2177, 0.6838,-1.1804, 1.1598,-1.3076],[-0.9626, 0.2793,-0.2968,-0.1245],0.0629
641,[-0.9714,-0.1862, 0.1454,-0.1892],[-1.5282, 0.0076,-2.1516,-1.299 ,-2.2714],[-0.9731,-0.1672, 0.1196,-0.173 ],0.1427
643,[-0.9723,-0.2103, 0.2215,-0.1784],[ 0.5903,-1.3534, 3.0086, 7.9785,-1.6442],[-0.9727,-0.2188, 0.2265,-0.162 ],0.0846
645,[-0.9646,-0.2613, 0.2932,-0.1933],[ 0.5301,-0.5755, 6.8618, 0.8923,-0.7431],[-0.964 ,-0.2743, 0.304 ,-0.1774],0.0581
654,[-0.9618, 0.2947,-0.2449,-0.1972],[-10.2339,-10.2202, -9.9991, -9.6144,-10.815 ],[-0.9642, 0.284 ,-0.2267,-0.1812],0.0839
656,[-0.9594, 0.3317,-0.3268,-0.2111],[-7.3981,-7.1192,-8.7026,-7.2178,-9.3213],[-0.9601, 0.3346,-0.3262,-0.1946],0.0359
663,[-0.9616,-0.3055, 0.253 ,-0.1472],[-2.6027,-1.8681,-2.5858,-2.3823,-3.7868],[-0.9641,-0.2924, 0.229 ,-0.1309],0.0802
665,[-0.9619,-0.3155, 0.334 ,-0.1762],[-0.0792,-2.0085, 0.686 , 1.4125,-3.031 ],[-0.9617,-0.3231, 0.3372,-0.1603],0.0317
667,[-0.9574,-0.3757, 0.3992,-0.1748],[ 1.1754,-0.1401,10.317 , 2.3114,-0.7695],[-0.9569,-0.3827, 0.4004,-0.1601],-0.0052
676,[-0.9619, 0.3944,-0.3565,-0.1934],[-9.0622,-8.4869,-9.1811,-7.907 ,-9.5928],[-0.964 , 0.3935,-0.3494,-0.1771],-0.0068
687,[-0.9565,-0.3936, 0.3979,-0.1325],[-1.2847,-1.4344, 0.9443, 1.9198,-2.912 ],[-0.9569,-0.3969, 0.3932,-0.1179],-0.0079
700,[-0.9664, 0.0158, 0.0043,-0.3098],[-4.4248,-4.341 ,-4.0896,-3.0154,-6.0184],[-0.9677, 0.0075, 0.0108,-0.295 ],0.2499
701,[-0.9662,-0.0341, 0.0757,-0.3104],[ 1.7242e-03,-1.0292e+00, 3.8299e+00, 4.7946e-01,-1.7259e+00],[-0.9671,-0.0529, 0.0909,-0.2952],0.2175
702,[-0.966 , 0.0492,-0.0637,-0.309 ],[-1.5071, 0.5842,-1.4283,-0.6972,-1.7672],[-0.9672, 0.0578,-0.072 ,-0.2933],0.2227
710,[-0.965 , 0.0763,-0.0313,-0.3149],[-2.9552,-3.4318,-0.9202,-2.3649,-3.6779],[-0.9666, 0.0594,-0.0153,-0.2993],0.2423
711,[-0.9566, 0.0623, 0.0754,-0.3407],[-0.2197,-0.6023, 0.3151, 0.2316,-0.3358],[-0.9574, 0.0152, 0.1221,-0.3241],0.2554
712,[-0.9648, 0.1134,-0.0973,-0.3115],[-12.4289,-12.1344,-12.7061,-11.8682,-14.274 ],[-0.9663, 0.1104,-0.093 ,-0.2962],0.1973
714,[-0.9646, 0.1603,-0.173 ,-0.2625],[-0.7092,-0.2712,-1.2927,-0.31  ,-2.1704],[-0.9652, 0.1705,-0.1835,-0.2466],0.1426
720,[-0.962 ,-0.0605, 0.0413,-0.3037],[-1.2306, 0.4452,-1.6942,-0.9172,-1.6951],[-0.9634,-0.0529, 0.0294,-0.2874],0.255
721,[-0.9688,-0.0905, 0.115 ,-0.2973],[-1.0748,-1.7003, 4.1054, 4.0292,-2.099 ],[-0.9696,-0.1048, 0.1264,-0.2815],0.1752
723,[-0.9655,-0.1408, 0.188 ,-0.3028],[ 0.3245,-1.0479, 2.0849, 7.4202,-0.768 ],[-0.9655,-0.1626, 0.2071,-0.2861],0.1353
732,[-0.9637, 0.1846,-0.1467,-0.3022],[-6.7564,-6.652 ,-5.8664,-6.5173,-7.7728],[-0.9657, 0.1755,-0.1352,-0.2864],0.1576
734,[-0.9618, 0.2254,-0.2089,-0.3037],[-14.3669,-14.4071,-15.4477,-13.8798,-16.5524],[-0.9633, 0.226 ,-0.2059,-0.2873],0.1176
736,[-0.9556, 0.2756,-0.2892,-0.3144],[ 0.7161, 1.0066,-0.8896, 2.0969,-1.3536],[-0.956 , 0.2854,-0.2968,-0.298 ],0.0792
741,[-0.9607,-0.194 , 0.1376,-0.2866],[-0.9092,-0.4794,-1.2091,-1.0799,-1.9871],[-0.963 ,-0.1782, 0.1176,-0.2701],0.1721
743,[-0.9641,-0.2051, 0.2247,-0.2946],[-0.6677,-1.9046, 0.724 , 2.1238,-2.8678],[-0.9645,-0.2174, 0.2351,-0.2776],0.1059
745,[-0.9618,-0.2536, 0.2971,-0.2896],[ 1.1537, 0.8202, 1.3086, 8.7999,-1.0053],[-0.961 ,-0.2715, 0.3144,-0.2726],0.0634
754,[-0.9602, 0.2815,-0.2506,-0.317 ],[ -9.3258, -9.6578,-10.106 , -9.0516,-10.6111],[-0.9623, 0.2804,-0.2448,-0.3005],0.0839
756,[-0.9581, 0.3027,-0.2935,-0.2735],[-11.3691,-11.5813,-11.952 ,-10.8126,-12.8798],[-0.9593, 0.3068,-0.2928,-0.2574],0.0626
765,[-0.9609,-0.295 , 0.334 ,-0.2696],[-0.1269,-2.0688,-0.0867, 0.9332,-2.9201],[-0.96  ,-0.31  , 0.3475,-0.253 ],0.0374
800,[-0.9624, 0.0209, 0.0013,-0.4205],[-19.1328,-19.4442,-18.5076,-18.2145,-20.0596],[-0.9642, 0.013 , 0.0078,-0.4039],0.264
801,[-0.9612,-0.0249, 0.0865,-0.4158],[ 0.7747,-0.4672, 3.049 , 0.0397,-2.2865],[-0.9624,-0.0501, 0.1091,-0.3996],0.2283
802,[-0.9654, 0.0491,-0.0668,-0.3998],[-2.0453,-1.6371,-1.38  ,-1.2641,-2.8504],[-0.9669, 0.0594,-0.0762,-0.3836],0.2213
810,[-0.9604, 0.0765,-0.0301,-0.4194],[-5.0747,-5.3423,-3.7576,-3.439 ,-6.3228],[-0.9625, 0.0606,-0.0137,-0.4033],0.2577
812,[-0.9593, 0.115 ,-0.0966,-0.4156],[-30.6499,-30.0728,-30.6223,-29.0628,-31.3141],[-0.9613, 0.1118,-0.0901,-0.3988],0.2152
814,[-0.9617, 0.1581,-0.1769,-0.4171],[-0.3521,-1.0123,-1.4228, 1.5704,-2.0963],[-0.9628, 0.172 ,-0.1898,-0.4013],0.1471
821,[-0.9618,-0.0811, 0.132 ,-0.404 ],[-7.3153,-7.7508,-6.611 ,-6.7539,-8.812 ],[-0.9626,-0.1025, 0.1478,-0.3887],0.1915
823,[-0.961 ,-0.1186, 0.1927,-0.412 ],[ 0.5973, 0.669 , 3.1317,11.7111,-0.7136],[-0.9608,-0.1496, 0.224 ,-0.3956],0.1487
825,[-0.9581,-0.1568, 0.2894,-0.462 ],[-0.1246,-0.2876, 0.18  , 0.2978,-0.5911],[-0.9558,-0.1964, 0.3146,-0.4441],0.1087
832,[-0.9601, 0.1802,-0.1478,-0.3979],[-8.2376,-8.2001,-8.4639,-8.0075,-9.2046],[-0.9624, 0.1734,-0.1349,-0.381 ],0.1691
834,[-0.9582, 0.2037,-0.195 ,-0.4015],[-24.9638,-24.6745,-26.1531,-24.3603,-26.6549],[-0.9599, 0.2077,-0.1947,-0.384 ],0.1399
843,[-0.9593,-0.2183, 0.2248,-0.3824],[-3.2028,-3.2414,-2.6912,-2.5282,-5.0837],[-0.9606,-0.2276, 0.2278,-0.3649],0.1165
845,[-0.9558,-0.1964, 0.3146,-0.4441],[-0.2078, 3.2727,11.944 , 1.878 ,-1.1098],[-0.9524,-0.2329, 0.3626,-0.4262],0.0842
900,[-0.9581,-0.0033, 0.0069,-0.52  ],[-79.3603,-79.0745,-79.1639,-78.709 ,-79.7698],[-0.9603,-0.0053, 0.01  ,-0.5029],0.2827
901,[-9.5916e-01, 4.2501e-04, 8.7632e-02,-5.2548e-01],[ 0.5688, 0.6545, 1.0022, 8.1485,-1.8408],[-0.9603,-0.0395, 0.1394,-0.5072],0.2281
910,[-0.9565, 0.0737,-0.0347,-0.512 ],[-23.6743,-23.8546,-24.0939,-22.9485,-24.4915],[-0.9589, 0.0622,-0.0223,-0.4951],0.271
912,[-0.9563, 0.0885,-0.0775,-0.5174],[-90.798 ,-90.6182,-91.399 ,-90.639 ,-91.8423],[-0.9587, 0.0871,-0.0711,-0.4992],0.2424
1100,[-9.4724e-01, 5.9727e-03, 5.4281e-04, 4.0713e-01],[ 1.8552, 0.8576, 1.6961, 0.8289,57.1096],[-0.9455, 0.0043, 0.0022, 0.3992],0.3329
1101,[-0.9461,-0.0423, 0.0663, 0.4074],[ 1.1599,-0.6617,11.1351,-0.575 , 1.4166],[-0.9442,-0.0457, 0.0673, 0.4003],0.3177
1102,[-0.9467, 0.0442,-0.0705, 0.4014],[ 2.2463, 6.4321,-0.705 ,-0.6096, 1.0084],[-0.9448, 0.0482,-0.0725, 0.3935],0.3126
1110,[-0.9465, 0.0661,-0.0371, 0.3901],[-0.0617,-0.1865, 9.4779, 0.12  , 1.2373],[-0.9449, 0.0578,-0.0299, 0.3929],0.3259
1112,[-0.9463, 0.0965,-0.1037, 0.3883],[ 2.5667, 1.8688, 0.4647, 0.9409,47.3998],[-0.9446, 0.0942,-0.0973, 0.3837],0.2821
1114,[-0.9418, 0.1513,-0.1718, 0.3856],[ 0.6268,11.3688,-0.3793, 0.9964, 1.5791],[-0.9399, 0.15  ,-0.1665, 0.394 ],0.2452
1120,[-0.95  ,-0.0619, 0.0413, 0.4248],[ 0.1269, 6.2966,-0.756 ,-0.2513, 1.8452],[-0.9482,-0.0549, 0.0346, 0.4333],0.3114
1121,[-0.9514,-0.0797, 0.0834, 0.3979],[ 1.1265, 0.4918,22.0506, 0.5646, 3.9219],[-0.9496,-0.0767, 0.0757, 0.4001],0.2793
1136,[-0.9208, 0.2601,-0.3046, 0.39  ],[ 0.5529, 2.1198,-0.4205, 0.0583, 3.3358],[-0.9185, 0.259 ,-0.299 , 0.3873],0.2099
1200,[-0.9396, 0.0052,-0.008 , 0.3023],[ 1.573 , 3.7432, 1.5588, 1.3948,84.2655],[-0.9383, 0.0055,-0.0084, 0.291 ],0.3662
1201,[-0.9402,-0.0423, 0.0703, 0.3035],[ 0.7968,-0.0799,47.7774,-0.2063, 1.0745],[-0.9388,-0.0465, 0.0716, 0.2956],0.3377
1202,[-0.9387, 0.0406,-0.0695, 0.3008],[-0.151 , 3.8385,-0.86  ,-0.369 ,12.1442],[-0.9372, 0.0457,-0.0748, 0.2881],0.3441
1210,[-0.9365, 0.0681,-0.0368, 0.3116],[-0.3731,-0.6661,29.0585, 0.1553, 0.0555],[-0.9354, 0.0611,-0.0326, 0.3044],0.3638
1212,[-0.9439, 0.0962,-0.1039, 0.3251],[  0.8288,107.0259,  0.4067,  0.4994,  2.622 ],[-0.9425, 0.0947,-0.0982, 0.325 ],0.2906
1214,[-0.9456, 0.1451,-0.1821, 0.3121],[-0.0907,41.7422,-0.8577, 1.4746, 1.4459],[-0.9437, 0.1479,-0.1812, 0.3188],0.2263
1220,[-0.9367,-0.0769, 0.021 , 0.2709],[ 0.6444,32.9606,-0.4675,-0.5983, 1.3426],[-0.9358,-0.0652, 0.0137, 0.2747],0.3661
1221,[-0.9383,-0.0909, 0.0936, 0.2879],[ 1.5194, 0.5497, 1.3622, 0.2652,50.1141],[-0.9372,-0.0894, 0.0893, 0.2786],0.3178
1223,[-0.9455,-0.155 , 0.1877, 0.2942],[ 0.3043,-0.8553,16.5284, 0.3914, 1.3799],[-0.9437,-0.1574, 0.1863, 0.301 ],0.2205
1232,[-0.9174, 0.2281,-0.154 , 0.2515],[-0.0379,-0.7225, 2.2276, 0.1567, 1.5923],[-0.918 , 0.2181,-0.1603, 0.2372],0.3011
1234,[-0.9305, 0.2   ,-0.2196, 0.3006],[ 2.4532, 4.5825,-0.6747, 0.8416,19.0428],[-0.9292, 0.1991,-0.2126, 0.2895],0.2388
1236,[-0.93  , 0.2609,-0.3065, 0.3114],[ 0.435 ,34.044 ,-0.2332, 0.3417, 0.5445],[-0.9278, 0.2612,-0.3025, 0.3188],0.1747
1241,[-0.9296,-0.189 , 0.1256, 0.2706],[ 1.1231,14.2083, 0.1923, 0.6075, 1.511 ],[-0.9296,-0.1772, 0.1206, 0.2787],0.2929
1243,[-0.9384,-0.206 , 0.2288, 0.2685],[ 1.5413,-0.562 , 3.256 , 1.7752, 3.3101],[-0.9371,-0.2056, 0.2224, 0.2634],0.2034
1245,[-0.9331,-0.2338, 0.2907, 0.2626],[ 2.2979,-1.3374, 5.8176,-0.0795, 3.6838],[-0.9307,-0.2367, 0.2873, 0.2617],0.1842
1256,[-0.9213, 0.2807,-0.3168, 0.2713],[ 6.8086,25.2398,-0.1844, 0.9299, 1.088 ],[-0.9196, 0.2795,-0.3065, 0.2794],0.1929
1300,[-0.9185, 0.0186,-0.0237, 0.148 ],[  2.0451, 13.0291,  2.8536,  0.9435,419.3558],[-0.9178, 0.0194,-0.0254, 0.1436],0.4373
1301,[-0.9215,-0.0434, 0.0687, 0.1616],[ 0.5466,-0.482 ,99.8343,-0.3064, 1.307 ],[-0.9206,-0.047 , 0.0698, 0.1629],0.4037
1302,[-0.918 , 0.0452,-0.0666, 0.1417],[ 6.0180e-01, 3.2897e+02,-2.5896e-01, 5.8576e-01, 2.6008e-01],[-0.9172, 0.0479,-0.0669, 0.1451],0.4208
1310,[-0.9222, 0.0694,-0.0375, 0.1522],[-0.2171, 0.3051,32.7311,-0.2829, 0.9521],[-0.9217, 0.0638,-0.0361, 0.1572],0.4132
1312,[-0.9199, 0.0748,-0.0893, 0.1448],[  1.4778,  4.5066,  0.4305,  0.7738,154.0581],[-0.9191, 0.0763,-0.0893, 0.1394],0.3892
1314,[-0.9303, 0.1337,-0.1884, 0.1752],[-1.4204e-01, 1.0622e+02, 2.4858e-02, 4.0643e-01, 2.9437e-01],[-0.9286, 0.1407,-0.1908, 0.1758],0.2787
1320,[-0.9235,-0.0737, 0.0311, 0.1755],[ 0.4994,70.1663, 0.2686, 0.91  , 1.7912],[-0.9229,-0.066 , 0.0272, 0.1804],0.4083
1321,[-0.9237,-0.0889, 0.0929, 0.166 ],[  1.6217,  0.7135,279.9819,  1.4391,  0.7908],[-0.923 ,-0.0876, 0.0866, 0.1707],0.3682
1322,[-0.9325,-0.0678,-0.0735, 0.1624],[-7.3458,-7.2824,-7.747 ,-6.7581,-6.627 ],[-0.9316,-0.0427,-0.0846, 0.1756],0.3643
1323,[-0.9303,-0.1388, 0.1879, 0.1488],[-3.2508e-02,-7.8705e-01, 2.2333e+00,-2.8847e-01, 4.3447e+01],[-0.9288,-0.1451, 0.1905, 0.1423],0.2754
1330,[-0.9263, 0.176 ,-0.053 , 0.1469],[-3.2758,-3.8078,-2.1147,-3.3621,-3.0887],[-0.9274, 0.1519,-0.0209, 0.1521],0.3592
1332,[-0.925 , 0.1861,-0.1326, 0.1526],[-4.3041,-4.6237,-4.7249,-3.6799,-4.7748],[-0.9255, 0.1749,-0.1157, 0.1551],0.3117
1334,[-0.9279, 0.2066,-0.2178, 0.1674],[ 0.8133, 3.294 ,-0.2248, 1.1066,22.3776],[-0.9272, 0.2055,-0.2095, 0.1591],0.2442
1336,[-0.9335, 0.2532,-0.3143, 0.1782],[ 2.4215,59.5168,-1.1968, 1.0232, 2.862 ],[-0.9311, 0.2577,-0.3131, 0.1888],0.1601
1340,[-0.9362,-0.1762, 0.0429, 0.1648],[-8.6983,-8.6807,-9.4603,-8.4902,-9.0606],[-0.9371,-0.1472, 0.0112, 0.1782],0.3232
1341,[-0.9316,-0.2016, 0.1261, 0.1832],[ 2.045 , 6.2227,-0.3486, 2.7838,-0.0594],[-0.9323,-0.1873, 0.1165, 0.1924],0.2799
1343,[-0.9346,-0.2114, 0.2118, 0.1723],[ 1.4277e+00,-1.7082e-02, 4.7515e+01, 2.6226e+00, 7.8783e-01],[-0.9341,-0.2078, 0.1999, 0.1807],0.2255
1345,[-0.9316,-0.2499, 0.2966, 0.1694],[ 0.9192,-0.6252,50.4668, 1.2635, 1.8472],[-0.9298,-0.2524, 0.2932, 0.1794],0.1751
1354,[-0.9201, 0.2922,-0.1758, 0.1445],[-4.0421,-3.9095,-4.154 ,-3.7149,-4.3431],[-0.9225, 0.2777,-0.1772, 0.1442],0.2461
1356,[-0.9207, 0.2801,-0.3109, 0.1902],[ 0.4956,22.1861, 0.2537, 2.4205, 0.9964],[-0.9194, 0.2795,-0.3022, 0.2024],0.1893
1361,[-0.9288,-0.2938, 0.138 , 0.1434],[-7.8609,-7.0095,-8.6626,-7.5259,-8.0858],[-0.9321,-0.2682, 0.1165, 0.1519],0.2441
1363,[-0.9249,-0.3025, 0.2176, 0.1496],[-0.2296,-0.8782,-0.9862, 1.4369,-0.8821],[-0.9272,-0.2876, 0.1911, 0.1579],0.2178
1365,[-0.9235,-0.305 , 0.3343, 0.1656],[ 1.2524e+00,-1.3941e-01, 3.2641e+01, 2.6418e+00,-2.2269e-02],[-0.9223,-0.3043, 0.325 , 0.173 ],0.1608
1400,[-0.9179, 0.0133,-0.0142, 0.0699],[   1.7713,   4.959 ,1109.0323,   1.5376,   2.0137],[-0.9175, 0.0138,-0.0177, 0.0749],0.4425
1401,[-0.9172,-0.0335, 0.0709, 0.0526],[ 2.9672e-01,-7.6811e-01, 6.3920e+01, 3.6467e-01, 3.7966e-02],[-0.9167,-0.0389, 0.0726, 0.0639],0.4258
1402,[-0.9175, 0.0434,-0.0668, 0.0697],[ 1.2920e+00, 1.0220e+03,-7.5310e-01, 5.9970e-01, 1.1113e+00],[-0.9171, 0.0468,-0.0682, 0.0699],0.4225
1403,[-0.9538,-0.0551, 0.1677, 0.0026],[-5.2385,-5.6267,-4.4002,-5.0112,-4.8216],[-0.9521,-0.0831, 0.1863, 0.0168],0.2209
1410,[-0.9191, 0.0627,-0.0456, 0.0492],[5.5839e-01,4.3735e-01,2.4904e+02,1.1430e-01,3.4499e-01],[-0.919 , 0.0598,-0.0448, 0.0565],0.4269
1411,[-0.9286, 0.0709, 0.0589, 0.009 ],[-6.9054,-7.728 ,-6.2952,-6.446 ,-6.1887],[-9.2864e-01, 4.7975e-02, 7.0290e-02,-4.2912e-04],0.3813
1412,[-0.9197, 0.0738,-0.0813, 0.0588],[  6.3324,200.7303,  0.4867, 20.3175,  0.2904],[-0.9194, 0.0743,-0.0791, 0.0636],0.3984
1414,[-0.9238, 0.1428,-0.1842, 0.052 ],[-0.1723,97.8297,-0.7372,-0.1927, 0.9065],[-0.9228, 0.1485,-0.1856, 0.0553],0.2966
1420,[-0.9185,-0.0641, 0.0445, 0.0541],[-1.3872e-01, 8.9306e+01, 5.8068e-02, 1.9814e+00,-5.1491e-01],[-0.9183,-0.0611, 0.0443, 0.0615],0.4292
1421,[-0.9181,-0.0791, 0.0848, 0.0534],[  1.9741,  1.6943,261.3121,  2.9594,  1.2841],[-0.9178,-0.0791, 0.0814, 0.0619],0.4016
1422,[-0.9351,-0.1025,-0.0716, 0.1229],[-6.9959,-6.4764,-7.7909,-7.3258,-7.5118],[-0.9347,-0.0706,-0.0829, 0.1372],0.3389
1423,[-0.928 ,-0.1432, 0.1833, 0.0579],[ 1.9743,-0.8233, 0.6065,64.843 , 1.0846],[-0.9269,-0.149 , 0.1855, 0.0696],0.2812
1430,[-0.9293, 0.1771,-0.0438, 0.0555],[-7.2573,-7.8173,-6.4745,-7.5449,-7.3179],[-0.9308, 0.1508,-0.0124, 0.0623],0.3512
1432,[-0.9286, 0.1912,-0.133 , 0.0638],[-14.2156,-13.9434,-14.3433,-13.0971,-14.4505],[-0.9296, 0.1791,-0.1157, 0.071 ],0.2942
1434,[-0.9258, 0.2025,-0.2065, 0.0565],[ 3.3157,80.6261,-0.3685, 4.4341, 2.1464],[-0.9256, 0.2013,-0.1984, 0.0636],0.2589
1436,[-0.9266, 0.2382,-0.3008, 0.0637],[ 0.7353,56.8367,-0.2711, 2.4997,-0.3314],[-0.9246, 0.2445,-0.3015, 0.0755],0.1915
1440,[-0.9321,-0.1739, 0.0357, 0.0479],[-8.8175,-7.9896,-9.2534,-8.8108,-8.4714],[-0.9334,-0.1472, 0.014 , 0.0622],0.3394
1441,[-0.929 ,-0.1945, 0.1339, 0.0656],[-6.6885,-7.1936,-7.4035,-6.0178,-7.7377],[-0.93  ,-0.1823, 0.1175, 0.0735],0.2908
1443,[-0.9285,-0.211 , 0.2092, 0.0499],[ 0.5078, 0.3189,55.251 , 2.5034, 0.5025],[-0.9285,-0.2092, 0.2012, 0.0585],0.2437
1445,[-0.9405,-0.2476, 0.301 , 0.0713],[ 0.3255,-0.8096,43.8218, 4.9164,-0.752 ],[-0.9386,-0.2536, 0.3035, 0.0816],0.1437
1452,[-0.9269, 0.2944,-0.1444, 0.0228],[-5.9469,-6.8144,-5.1753,-6.1309,-6.148 ],[-0.9306, 0.272 ,-0.1284, 0.0339],0.2426
1454,[-0.9269, 0.3058,-0.2338, 0.0351],[-8.2413,-8.2961,-7.3727,-7.6223,-8.4526],[-0.929 , 0.2955,-0.2228, 0.0435],0.1927
1456,[-0.9268, 0.2889,-0.2975, 0.0506],[ 0.3882, 1.9446,-0.5104,12.5119, 0.7999],[-0.9266, 0.2876,-0.2887, 0.0656],0.1715
1461,[-0.9269,-0.2909, 0.1533, 0.0438],[-7.7113,-6.8935,-8.3964,-8.0033,-8.278 ],[-0.9302,-0.2698, 0.1387, 0.0522],0.2387
1463,[-0.925 ,-0.3033, 0.2393, 0.0646],[-5.523 ,-5.265 ,-5.7713,-4.4982,-6.2419],[-0.927 ,-0.2929, 0.2223, 0.0774],0.2009
1465,[-0.9283,-0.3187, 0.315 , 0.0517],[ 0.6505,-0.0546,19.5639, 4.3221,-0.6592],[-0.9285,-0.3163, 0.3044, 0.0644],0.1462
1467,[-0.9228,-0.3146, 0.3948, 0.0809],[ 1.0934,-0.9784,27.7627, 4.7048,-0.2485],[-0.9197,-0.3191, 0.3944, 0.0883],0.1245
1483,[-0.9182,-0.3993, 0.2576, 0.0863],[-6.148 ,-6.2924,-7.3315,-6.4097,-6.6862],[-0.9236,-0.3825, 0.2214, 0.0995],0.1705
1485,[-0.9315,-0.3978, 0.3337, 0.0455],[-10.6055,-10.6199,-10.5361, -9.6148,-11.2695],[-0.934 ,-0.3908, 0.3233, 0.0541],0.0858
1487,[-0.9335,-0.4057, 0.4106, 0.0361],[ 0.0972,-1.3024, 3.2275, 3.6298,-1.4851],[-0.9335,-0.4045, 0.4018, 0.0512],0.0457
1500,[-0.9177, 0.0233,-0.0094,-0.0554],[  1.1224,  6.1892,  2.2693,761.6249,  1.0369],[-0.9179, 0.0209,-0.0065,-0.0422],0.445
1501,[-0.9165,-0.0276, 0.074 ,-0.0572],[-61.8925,-63.3029,-60.1491,-61.9837,-61.5898],[-0.9164,-0.0349, 0.0777,-0.049 ],0.4255
1502,[-0.9166, 0.0439,-0.0677,-0.0374],[ 8.9460e-02, 1.1758e+02,-2.0619e+00,-7.2791e-02,-4.0791e-02],[-0.9166, 0.0476,-0.069 ,-0.035 ],0.4215
1503,[-0.9369,-0.0408, 0.1878,-0.0426],[-5.5141,-5.6298,-4.3765,-4.6805,-5.4014],[-0.9349,-0.0684, 0.1999,-0.0274],0.2873
1510,[-0.9188, 0.0638,-0.0424,-0.0624],[ 0.3548, 0.3617,54.6407,54.5065,-0.3715],[-0.9192, 0.0602,-0.0387,-0.053 ],0.4303
1511,[-0.9369, 0.0654, 0.0644,-0.0765],[-6.6634,-6.7722,-5.6436,-6.1122,-6.7024],[-0.9369, 0.0369, 0.0881,-0.0608],0.3436
1512,[-0.9179, 0.074 ,-0.0785,-0.0617],[ 1.4051,43.4249, 0.2446, 4.8864, 1.3806],[-0.9182, 0.0745,-0.0759,-0.0563],0.4063
1514,[-0.9248, 0.1411,-0.1864,-0.0598],[-0.4601,63.6096,-0.3674,-0.1072, 0.4287],[-0.9241, 0.1484,-0.1905,-0.0473],0.2929
1520,[-0.9193,-0.0656, 0.0434,-0.0509],[  0.4454,122.4496, -0.247 ,  1.1659, -0.5897],[-0.9196,-0.0623, 0.0429,-0.0399],0.4264
1521,[-0.9179,-0.0805, 0.0897,-0.0642],[1.2096e+00,1.1244e+00,3.3089e+02,1.4985e+00,2.2830e-01],[-0.918 ,-0.0816, 0.087 ,-0.0537],0.3992
1522,[-0.9241,-0.0745,-0.0596,-0.1089],[-4.4807,-3.7419,-5.0836,-4.3788,-4.3384],[-0.9245,-0.0504,-0.0798,-0.0935],0.3943
1523,[-0.9205,-0.1403, 0.1806,-0.0602],[ 9.3316e-02,-7.9306e-01, 1.2053e+02, 4.6168e-01, 5.6398e-02],[-0.9199,-0.1465, 0.183 ,-0.0477],0.3077
1530,[-0.9282, 0.1787,-0.0382,-0.0372],[-7.1413,-7.0384,-6.1949,-6.2954,-6.7599],[-0.9301, 0.152 ,-0.0129,-0.0285],0.3518
1532,[-0.9376, 0.1999,-0.1291,-0.0647],[-10.9967,-11.1978,-10.4443,-10.0675,-11.3433],[-0.9393, 0.1847,-0.1108,-0.0534],0.257
1534,[-0.929 , 0.2096,-0.2167,-0.0625],[ 0.5328, 4.2397,-0.6099,24.1429, 0.3146],[-0.9292, 0.21  ,-0.2117,-0.0483],0.2351
1536,[-0.9242, 0.2534,-0.2968,-0.0717],[-0.2238, 3.0027,-1.2419,25.8004,-0.5561],[-0.9231, 0.2589,-0.2974,-0.0558],0.1867
1540,[-0.95  ,-0.1778, 0.0397,-0.1072],[-4.8187,-4.117 ,-5.0307,-4.8317,-4.8398],[-9.5214e-01,-1.3993e-01,-8.5109e-04,-1.0644e-01],0.2644
1541,[-0.928 ,-0.1931, 0.1341,-0.0578],[-6.3884,-6.5043,-6.0757,-5.4181,-6.9623],[-0.9294,-0.1816, 0.1193,-0.0508],0.2908
1543,[-0.9272,-0.2086, 0.2171,-0.0527],[ 3.5974e+01,-3.2198e-01, 4.4470e+00, 1.4359e+00,-1.6015e-03],[-0.9272,-0.2098, 0.2144,-0.0409],0.242
1545,[-0.9308,-0.2568, 0.3048,-0.0737],[ 1.4631,-0.9174,27.4562, 4.2144,-0.4897],[-0.9295,-0.2635, 0.3077,-0.061 ],0.166
1552,[-0.9258, 0.3036,-0.153 ,-0.0286],[-8.0722,-8.8275,-7.3989,-8.3097,-8.2192],[-0.9297, 0.2837,-0.1468,-0.0153],0.232
1554,[-0.9296, 0.3101,-0.2393,-0.068 ],[-11.5303,-12.0161,-11.6331,-11.5192,-12.4587],[-0.9323, 0.2997,-0.2211,-0.056 ],0.1803
1556,[-0.9287, 0.3196,-0.3088,-0.0776],[ 0.0719, 2.5228,-1.5141, 2.0294,-1.4188],[-0.9296, 0.3185,-0.2993,-0.0639],0.1438
1558,[-0.9167, 0.3363,-0.3894,-0.111 ],[ 6.3056, 6.3659,-0.7835, 1.5391,-0.5208],[-0.915 , 0.3412,-0.3891,-0.0991],0.1322
1561,[-0.9332,-0.2928, 0.1501,-0.0625],[-5.269 ,-3.7679,-5.7215,-4.7995,-5.3042],[-0.9372,-0.2676, 0.1232,-0.0531],0.2228
1563,[-0.9279,-0.3129, 0.2403,-0.0605],[-6.4878,-6.5843,-7.2512,-6.5444,-7.6015],[-0.9305,-0.3031, 0.2274,-0.0477],0.1822
1565,[-0.9261,-0.3207, 0.3254,-0.0643],[ 1.4235,-0.6226, 6.3657, 7.9625,-0.7824],[-0.9263,-0.3211, 0.3188,-0.0502],0.1425
1567,[-0.9214,-0.354 , 0.4091,-0.0838],[ 0.0688,-0.356 ,33.3394, 1.0126,-0.2624],[-0.9195,-0.3583, 0.4085,-0.0691],0.0964
1574,[-0.9345, 0.3906,-0.2554,-0.0246],[-4.5029,-4.6759,-4.1524,-4.3125,-4.7385],[-0.9389, 0.3764,-0.2578,-0.0099],0.1103
1576,[-0.9317, 0.4167,-0.3265,-0.0746],[ -9.8872, -9.7843,-10.6736, -9.4927,-10.7769],[-0.9357, 0.4088,-0.3107,-0.061 ],0.0793
1578,[-0.9232, 0.4429,-0.3956,-0.1249],[-2.1146,-1.2814,-3.4233,-1.4274,-3.9045],[-0.9258, 0.442 ,-0.3834,-0.1108],0.0579
1583,[-0.9164,-0.3905, 0.2576,-0.0409],[-4.0196,-3.2549,-4.8504,-3.7784,-4.6422],[-0.9219,-0.3761, 0.2246,-0.025 ],0.1779
1585,[-0.9241,-0.4107, 0.3373,-0.0668],[ -9.952 ,-10.4325, -9.5899, -9.287 ,-10.7971],[-0.9275,-0.405 , 0.3219,-0.0514],0.0998
1587,[-0.9238,-0.4095, 0.4242,-0.0692],[-3.1952,-4.7648,-2.4559,-2.1701,-5.5324],[-0.9235,-0.4109, 0.4186,-0.055 ],0.0577
1600,[-0.9191, 0.0099, 0.0011,-0.1653],[-154.5475,-154.6736,-154.6046,-154.0615,-155.1629],[-0.9198, 0.008 , 0.0032,-0.1553],0.4417
1601,[-0.9152,-0.0332, 0.0738,-0.1715],[-12.5818,-15.0467, -2.8773, -4.6874,-14.0937],[-0.9156,-0.0401, 0.0778,-0.1724],0.4234
1602,[-0.9163, 0.0399,-0.0719,-0.1723],[-33.752 ,-32.9851,-35.8324,-33.2431,-34.4253],[-0.9168, 0.0457,-0.076 ,-0.1724],0.4174
1603,[-0.9219,-0.0418, 0.1701,-0.1364],[-2.629 ,-2.6088,-1.9531,-1.9198,-2.4929],[-0.9207,-0.0618, 0.1758,-0.1209],0.3589
1610,[-0.9157, 0.0667,-0.0395,-0.1823],[-0.7348,-0.7705, 1.3064,81.0104,-0.5931],[-0.9167, 0.062 ,-0.0323,-0.1696],0.4389
1612,[-0.9152, 0.076 ,-0.0782,-0.177 ],[ 4.3007e-01, 1.4339e+00,-1.5113e-01, 2.9717e+02, 6.8183e-01],[-0.9159, 0.0765,-0.0756,-0.1659],0.4109
1614,[-0.9273, 0.1362,-0.1905,-0.1769],[-0.5937, 5.6249,-2.3356, 0.4634,-2.6909],[-0.9268, 0.1466,-0.1984,-0.1623],0.281
1620,[-0.9178,-0.0638, 0.0439,-0.1777],[-12.2485,-11.7311,-12.0735,-10.8415,-12.6198],[-0.9187,-0.0607, 0.0406,-0.1675],0.4288
1621,[-0.9165,-0.0741, 0.0873,-0.1761],[1.5868e+00,9.6908e-03,4.1191e+00,2.8004e+02,1.7358e-01],[-0.917 ,-0.0766, 0.0876,-0.1641],0.4032
1623,[-0.9263,-0.1369, 0.189 ,-0.177 ],[-0.081 ,-1.2154,11.0385, 0.358 ,-1.3999],[-0.9258,-0.1472, 0.1957,-0.1657],0.2845
1630,[-0.9128, 0.1835,-0.023 ,-0.166 ],[-1.8777,-2.4107,-1.1412,-1.5039,-1.9638],[-0.9154, 0.1565, 0.0186,-0.1496],0.4119
1632,[-0.9427, 0.1919,-0.1425,-0.1677],[-2.8258,-3.4348,-3.4886,-2.3999,-3.8624],[-0.9446, 0.1801,-0.1208,-0.1553],0.2354
1634,[-0.9349, 0.2199,-0.224 ,-0.1889],[ 0.8195,31.7748,-0.0729, 1.5812,-0.2198],[-0.9356, 0.2214,-0.2191,-0.1754],0.2058
1636,[-0.9249, 0.2517,-0.2938,-0.1925],[ 0.9495, 2.0348,-0.4196,23.2396, 0.2113],[-0.9241, 0.2588,-0.2972,-0.1768],0.1894
1640,[-0.9222,-0.1709, 0.04  ,-0.2444],[-1.05  , 0.1828,-1.8592,-1.3045,-1.4128],[-0.9248,-0.1517, 0.0362,-0.2283],0.3649
1641,[-0.9222,-0.1827, 0.1402,-0.1627],[-2.924 ,-4.1457,-3.812 ,-3.7335,-4.235 ],[-0.9238,-0.1758, 0.127 ,-0.1506],0.3133
1643,[-0.9301,-0.2028, 0.2276,-0.1829],[ 1.5128,-0.4038, 4.749 , 7.4863, 0.1783],[-0.9301,-0.2083, 0.2289,-0.1682],0.2268
1645,[-0.9288,-0.247 , 0.3069,-0.1889],[ 0.4776, 0.0321,23.5542, 0.4805,-0.5141],[-0.9273,-0.2571, 0.3139,-0.1744],0.1729
1654,[-0.9392, 0.2957,-0.2557,-0.1735],[-2.3251,-2.4304,-3.3738,-1.0516,-4.0336],[-0.9413, 0.2904,-0.2412,-0.1589],0.1462
1656,[-0.931 , 0.3189,-0.3186,-0.1909],[ 0.6539, 8.4662,-0.5573, 3.7914,-1.2899],[-0.9318, 0.3207,-0.3125,-0.1763],0.1299
1661,[-0.9363,-0.3143, 0.1507,-0.127 ],[-0.9992,-0.3501,-1.6193,-0.8958,-0.8618],[-0.9415,-0.2826, 0.0998,-0.1108],0.2104
1663,[-0.9323,-0.3174, 0.2544,-0.1681],[-1.9339,-2.7044,-2.3556,-1.6181,-3.632 ],[-0.9351,-0.3106, 0.2391,-0.1558],0.1579
1665,[-0.9234,-0.3225, 0.3451,-0.179 ],[ 0.4478,-0.2886, 9.9   , 2.8884,-0.7889],[-0.9231,-0.3267, 0.3429,-0.166 ],0.1367
1667,[-0.927 ,-0.3498, 0.406 ,-0.1781],[ 0.5002,-0.5182, 2.9436,29.6306,-0.3826],[-0.9251,-0.3565, 0.4089,-0.1623],0.0852
1676,[-0.9229, 0.4174,-0.3659,-0.133 ],[-8.471 ,-7.4735,-9.2114,-7.6025,-9.4832],[-0.9257, 0.4152,-0.3516,-0.1172],0.0869
1678,[-0.9188, 0.4302,-0.4151,-0.1872],[-5.3687,-4.1855,-6.4154,-4.3046,-7.4718],[-0.9199, 0.4321,-0.4102,-0.1721],0.0658
1685,[-0.9211,-0.4016, 0.3486,-0.1591],[-7.0185,-7.1576,-6.0782,-5.5723,-7.4956],[-0.9241,-0.3989, 0.3328,-0.1454],0.1073
1687,[-0.9162,-0.4053, 0.4326,-0.1945],[-4.609 ,-6.0263,-3.4195,-3.8425,-6.8159],[-0.9155,-0.4088, 0.4286,-0.1782],0.0731
1700,[-0.9263,-0.01  , 0.0032,-0.2949],[-131.3039,-130.4609,-131.0838,-130.3922,-131.9239],[-0.9275,-0.0089, 0.0023,-0.2832],0.4142
1701,[-0.931 ,-0.0286, 0.0841,-0.2967],[-23.5062,-23.1634,-22.288 ,-22.6628,-24.1531],[-0.9318,-0.0418, 0.0964,-0.2868],0.3585
1702,[-0.9299, 0.0261,-0.0833,-0.299 ],[-29.7845,-30.0879,-31.4139,-30.2131,-31.1387],[-0.9307, 0.0388,-0.0951,-0.2875],0.3646
1703,[-0.9388,-0.0555, 0.1713,-0.3096],[-1.1112,-0.8589, 0.434 ,-0.8396,-0.8378],[-0.9376,-0.0851, 0.2111,-0.2954],0.2628
1704,[-0.9272, 0.051 ,-0.1721,-0.3385],[-0.6044,-0.0751,-1.1581, 0.2573,-1.0574],[-0.9266, 0.0745,-0.1888,-0.322 ],0.3219
1710,[-0.9178, 0.0691,-0.0404,-0.2864],[-36.8704,-37.5549,-35.437 ,-35.4646,-37.8167],[-0.9192, 0.0646,-0.0358,-0.2779],0.4271
1711,[-0.9546, 0.1069, 0.0573,-0.344 ],[-0.4237,-0.8985,-0.0171,-1.0834,-0.6557],[-0.9562, 0.0586, 0.0913,-0.3267],0.2551
1712,[-0.922 , 0.0864,-0.0862,-0.2889],[-91.0228,-90.348 ,-91.9279,-89.9905,-92.2596],[-0.9232, 0.0873,-0.0841,-0.2803],0.3764
1714,[-0.9303, 0.1395,-0.1905,-0.3143],[ 0.1539,26.6583,-0.4377, 2.3557,-0.3613],[-0.9303, 0.1512,-0.1992,-0.2994],0.2659
1720,[-0.9178,-0.0658, 0.0421,-0.2995],[-40.2486,-39.767 ,-40.6245,-39.8648,-41.3103],[-0.9193,-0.0624, 0.0389,-0.2905],0.4268
1721,[-0.9189,-0.0795, 0.0842,-0.2952],[-86.9778,-87.5919,-87.0682,-86.1441,-87.7046],[-0.9201,-0.0814, 0.0844,-0.2872],0.3921
1723,[-0.9314,-0.1344, 0.2017,-0.3134],[ 0.3477,-1.1064, 4.3037, 4.1352,-0.9529],[-0.931 ,-0.1496, 0.2136,-0.2981],0.2577
1725,[-0.9323,-0.1639, 0.2785,-0.3396],[-0.685 ,-1.2007,-0.3285,-0.6764,-0.646 ],[-0.9302,-0.1852, 0.2919,-0.3223],0.2077
1730,[-0.9507, 0.1746,-0.0326,-0.3465],[-0.7415,-1.1291,-0.0837,-0.5054,-0.5985],[-0.9538, 0.1405,-0.0139,-0.3291],0.2623
1732,[-0.9426, 0.1812,-0.1477,-0.3118],[-2.1693,-2.3071,-2.6789,-1.6048,-2.7831],[-0.9446, 0.1759,-0.1371,-0.2983],0.2307
1734,[-0.9406, 0.2144,-0.2265,-0.315 ],[ 5.0478e-01, 1.6399e+00, 9.4185e-03, 4.6323e+01,-9.2540e-02],[-0.9413, 0.22  ,-0.2277,-0.2981],0.183
1736,[-0.9268, 0.2535,-0.2986,-0.3105],[37.038 , 3.5588,-0.388 , 1.3713,-0.2475],[-0.9262, 0.2631,-0.305 ,-0.2948],0.1782
1741,[-0.9368,-0.19  , 0.1298,-0.3123],[-2.5476,-2.7359,-3.3263,-1.913 ,-3.5105],[-0.9393,-0.1803, 0.1131,-0.2967],0.2613
1743,[-0.9327,-0.2031, 0.2369,-0.3066],[ 0.5421,-0.185 , 1.124 , 7.0856,-0.4432],[-0.9328,-0.2117, 0.2424,-0.2899],0.2097
1745,[-0.9263,-0.2412, 0.3136,-0.318 ],[ 0.8744,-0.1604,26.4817, 0.4993,-0.6166],[-0.9246,-0.2545, 0.3248,-0.3029],0.175
1754,[-0.9493, 0.2868,-0.2615,-0.3044],[-0.6372, 0.6082,-0.9147, 1.6306,-1.801 ],[-0.9512, 0.2872,-0.2577,-0.2874],0.1089
1756,[-0.9327, 0.3112,-0.3348,-0.3054],[ 0.5998, 1.8475,-0.0485,16.17  ,-1.3174],[-0.9326, 0.3182,-0.3364,-0.2888],0.1156
1758,[-0.9214, 0.3638,-0.4102,-0.3268],[ 6.3969e-01, 4.9510e+01,-9.9245e-03, 2.1051e+00,-5.5668e-01],[-0.92  , 0.3718,-0.4153,-0.3105],0.0873
1763,[-0.9432,-0.2924, 0.2659,-0.3086],[-0.0741,-0.4425, 0.2391, 0.6067,-1.087 ],[-0.945 ,-0.2932, 0.2651,-0.2917],0.1223
1765,[-0.9258,-0.3109, 0.3587,-0.3013],[ 0.626 ,-0.0765, 0.8345,24.9053,-0.5373],[-0.9247,-0.3199, 0.3638,-0.2851],0.1252
1767,[-0.9239,-0.3522, 0.4169,-0.3069],[ 1.4916,-0.3969,51.8144, 4.2816,-0.6579],[-0.9217,-0.3613, 0.4229,-0.2911],0.0835
1778,[-0.9166, 0.4042,-0.4336,-0.3024],[-5.3844,-3.8711,-5.8589,-3.6242,-6.9735],[-0.9158, 0.4099,-0.433 ,-0.2862],0.0715
1787,[-0.9184,-0.3979, 0.456 ,-0.2693],[ 0.4453,-1.0017, 3.0747, 6.2562,-1.0964],[-0.9163,-0.4042, 0.4584,-0.2544],0.0623
1800,[-0.933 , 0.0038,-0.0029,-0.4343],[-28.4997,-28.5899,-28.8312,-26.652 ,-29.1883],[-0.9348, 0.0032,-0.0024,-0.4194],0.3841
1801,[-0.9319,-0.0208, 0.0947,-0.4362],[-8.2766,-8.7238,-7.5811,-8.2075,-9.1896],[-0.933 ,-0.0387, 0.1123,-0.4202],0.3472
1802,[-0.9266, 0.0295,-0.0848,-0.4383],[-4.9748,-4.1565,-4.958 ,-4.3657,-6.2754],[-0.928 , 0.0418,-0.0954,-0.4217],0.3753
1803,[-0.9313,-0.051 , 0.177 ,-0.4589],[-0.1202,-0.7767, 0.0029, 0.2955,-0.5192],[-0.9311,-0.0782, 0.1954,-0.4417],0.2996
1804,[-0.9331, 0.053 ,-0.1684,-0.4355],[-0.1079, 0.4592,-0.454 ,-0.1166,-0.3172],[-0.9326, 0.0814,-0.2012,-0.418 ],0.2902
1810,[-0.9333, 0.0742,-0.0302,-0.4427],[-3.8376,-5.166 ,-3.1907,-3.6249,-5.7114],[-0.9354, 0.0651,-0.02  ,-0.4271],0.3624
1812,[-0.9376, 0.1078,-0.1137,-0.444 ],[-16.0387,-15.4051,-17.0786,-14.4455,-18.0358],[-0.9393, 0.1115,-0.1146,-0.4275],0.2888
1814,[-0.9341, 0.146 ,-0.1893,-0.4426],[-0.2128,61.6536,-0.1601, 1.347 ,-0.3622],[-0.9348, 0.1584,-0.1994,-0.4263],0.2466
1816,[-0.925 , 0.1642,-0.2882,-0.4841],[-0.3597,-0.196 ,-0.2207, 0.4063,-0.8923],[-0.9225, 0.1876,-0.3117,-0.4661],0.2247
1820,[-0.9195,-0.0702, 0.0385,-0.4187],[-10.5575,-10.1428,-10.7823, -8.5147,-11.5578],[-0.9215,-0.0653, 0.0332,-0.4062],0.4192
1821,[-0.9216,-0.0874, 0.0939,-0.4162],[-28.6477,-29.3859,-28.8746,-28.101 ,-30.2811],[-0.9232,-0.0906, 0.0952,-0.4051],0.3724
1823,[-0.93  ,-0.125 , 0.2131,-0.4365],[ 0.4128,-0.5939,23.0454, 2.2305,-0.7434],[-0.9295,-0.1445, 0.2277,-0.4209],0.2596
1825,[-0.924 ,-0.1538, 0.2846,-0.4564],[-0.2889,-0.5055,-0.0407,-0.2865,-0.8762],[-0.9218,-0.1765, 0.2967,-0.4408],0.2399
1830,[-0.9482, 0.2041,-0.039 ,-0.3782],[-0.2178,-0.3136, 0.0539,-0.1974,-0.3456],[-0.9519, 0.1558, 0.027 ,-0.3607],0.2575
1832,[-0.9348, 0.1819,-0.1445,-0.4345],[ 1.153 ,-1.0793, 0.3677, 2.9628,-1.3549],[-0.9374, 0.1774,-0.1342,-0.4172],0.2588
1834,[-0.942 , 0.1992,-0.2191,-0.4271],[ 1.6939, 1.2189, 0.145 ,52.7477,-1.1699],[-0.943 , 0.2083,-0.2244,-0.4099],0.1837
1836,[-0.928 , 0.2404,-0.3039,-0.4244],[ 0.0699,64.8592, 0.1351, 1.225 ,-0.5077],[-0.927 , 0.2543,-0.315 ,-0.408 ],0.1727
1841,[-0.9181,-0.1779, 0.1424,-0.4382],[-1.0863,-1.3383,-1.7009,-0.4501,-2.3068],[-0.9206,-0.1747, 0.1341,-0.4209],0.3245
1843,[-0.9348,-0.1985, 0.2404,-0.4283],[ 0.4816, 0.4422, 9.1272,16.7084,-0.7232],[-0.9351,-0.2103, 0.2479,-0.4121],0.1996
1845,[-0.9262,-0.2287, 0.3063,-0.4213],[ 3.4480e-02,-2.3514e-01, 5.2553e+01, 1.4476e+00,-1.1229e+00],[-0.9248,-0.2444, 0.3188,-0.4057],0.1841
1854,[-0.925 , 0.2917,-0.2244,-0.4545],[-0.8362, 1.6138,-0.5782, 0.6005,-2.0503],[-0.9289, 0.2864,-0.2092,-0.4382],0.2042
1856,[-0.93  , 0.3011,-0.3485,-0.4213],[ 1.8994, 3.4161,-1.1373, 3.7169,-2.1534],[-0.9291, 0.3128,-0.3577,-0.4051],0.1188
1858,[-0.9215, 0.3494,-0.4096,-0.4161],[ 5.5291, 1.0326,-0.0822,40.4266,-0.48  ],[-0.9196, 0.3599,-0.4182,-0.3986],0.0909
1865,[-0.9267,-0.2988, 0.3579,-0.417 ],[ 1.8899e-01,-3.3230e-02, 1.1051e+00, 3.7961e+01,-8.0298e-01],[-0.9253,-0.3111, 0.3679,-0.4003],0.1252
1867,[-0.9266,-0.3223, 0.3999,-0.3928],[ 2.211 ,-0.0729, 1.6948,68.9066,-0.5231],[-0.9242,-0.3353, 0.41  ,-0.3755],0.0974
1900,[-0.9241, 0.0032,-0.0121,-0.6166],[-106.4169,-105.7611,-106.4706,-104.7121,-106.9404],[-0.9267, 0.0049,-0.0128,-0.5992],0.4193
1901,[-0.9236,-0.0147, 0.0944,-0.5941],[-0.1178,-1.3416, 6.5112,57.6479,-0.8926],[-0.9253,-0.0333, 0.1157,-0.5764],0.3812
1902,[-0.9191, 0.0346,-0.0775,-0.6482],[ -1.4359,  0.1731, -3.1714,168.8934, -4.1011],[-0.9215, 0.0443,-0.0848,-0.63  ],0.407
1903,[-0.9266,-0.0499, 0.1715,-0.5379],[-0.1163,-1.374 , 1.9359,-0.6209,-1.8518],[-0.9263,-0.0777, 0.2058,-0.5196],0.3134
1904,[-0.9301, 0.0443,-0.1718,-0.5687],[-1.8062,-0.7325,-2.8639,-1.5837,-2.5604],[-0.9296, 0.0764,-0.2176,-0.5502],0.2957
1910,[-0.9259, 0.0756,-0.0297,-0.5765],[-50.0701,-49.6871,-49.0996,-48.8504,-50.95  ],[-0.9287, 0.0667,-0.0163,-0.5603],0.3941
1912,[-0.9293, 0.0909,-0.1041,-0.5979],[-303.4147,-302.7414,-304.1636,-302.5258,-304.3083],[-0.9315, 0.0968,-0.1081,-0.5807],0.3297
1914,[-0.9331, 0.1366,-0.1889,-0.5504],[  2.1299,  1.934 , -0.5351,200.6857, -0.8049],[-0.9339, 0.152 ,-0.2031,-0.5326],0.2508
1916,[-0.9208, 0.1584,-0.2874,-0.5957],[-0.6852, 0.0449,-2.1129,-1.7867,-2.865 ],[-0.9187, 0.1826,-0.3076,-0.5771],0.2423
1920,[-0.9209,-0.0711, 0.0288,-0.5948],[-41.7807,-42.0147,-42.5529,-42.0536,-43.2377],[-0.9237,-0.0641, 0.0192,-0.5776],0.4165
1921,[-0.9241,-0.0975, 0.1147,-0.5904],[-54.5392,-55.1634,-54.0073,-53.8317,-56.0288],[-0.9262,-0.1042, 0.1189,-0.573 ],0.3431
1923,[-0.9309,-0.1143, 0.2067,-0.5579],[ 1.9365e-01, 1.4360e-02, 8.4312e+01, 2.5094e+00,-7.6634e-01],[-0.9309,-0.1364, 0.2241,-0.5408],0.2597
1932,[-0.9171, 0.1778,-0.1427,-0.5466],[-39.7659,-39.8247,-40.5631,-39.227 ,-40.8029],[-0.9201, 0.175 ,-0.1322,-0.5289],0.3263
1934,[-0.9393, 0.1857,-0.2145,-0.5306],[-93.6352,-93.4493,-94.356 ,-93.1055,-95.4597],[-0.9404, 0.1978,-0.2236,-0.513 ],0.1974
1936,[-0.925 , 0.2255,-0.3168,-0.5429],[ 3.2307e+00, 1.2262e+02, 1.3325e-01, 1.4614e-01,-6.7505e-02],[-0.9234, 0.244 ,-0.3303,-0.5263],0.1814
1941,[-0.9259,-0.1692, 0.1563,-0.5151],[-10.3389,-10.6272,-10.6295,-10.2088,-11.0356],[-0.9282,-0.1716, 0.1558,-0.4969],0.2868
1943,[-0.9338,-0.1849, 0.2387,-0.527 ],[-2.36  ,-2.3743, 0.3685,-0.376 ,-3.6654],[-0.934 ,-0.2003, 0.2507,-0.5108],0.2064
1945,[-0.9247,-0.2211, 0.3067,-0.5366],[ 0.6261,-0.6033, 0.6778,85.9885,-0.5855],[-0.9233,-0.2391, 0.3208,-0.5191],0.1888
1954,[-0.9133, 0.2894,-0.2465,-0.516 ],[-1.5175, 2.6169,-2.1254, 0.3291,-2.7135],[-0.9165, 0.2899,-0.2416,-0.4986],0.2276
1956,[-0.9219, 0.2877,-0.3626,-0.5079],[-10.7089,-11.7028,-11.1026,-10.1717,-12.8625],[-0.9201, 0.3022,-0.3745,-0.4921],0.1451
2200,[-0.8993, 0.0042, 0.005 , 0.2706],[-68.9492,-68.8058,-69.0853,-69.4955,-68.136 ],[-0.8981, 0.003 , 0.006 , 0.2668],0.3903
2201,[-0.9039,-0.0468, 0.0664, 0.2629],[-28.05  ,-28.3356,-27.8101,-28.4761,-27.519 ],[-0.9026,-0.0485, 0.0657, 0.2589],0.3843
2202,[-0.8882, 0.0317,-0.0767, 0.2666],[-12.6738,-11.695 ,-13.0735,-12.6145,-11.9175],[-0.8868, 0.036 ,-0.0784, 0.2574],0.317
2210,[-0.8987, 0.0701,-0.0496, 0.2635],[-4.3999,-5.1933,-3.6927,-5.2603,-3.5761],[-0.8977, 0.0668,-0.0463, 0.2675],0.3627
2212,[-0.8962, 0.0839,-0.1022, 0.2628],[-8.0145,-7.7403,-8.4327,-8.4185,-7.2986],[-0.8949, 0.0847,-0.1003, 0.257 ],0.3187
2214,[-0.9087, 0.1552,-0.1717, 0.2579],[-1.4546, 0.6429,-2.643 ,-1.9481, 1.237 ],[-0.9074, 0.1547,-0.1665, 0.2657],0.3058
2220,[-0.9073,-0.0634, 0.0417, 0.2741],[-5.227 ,-5.3816,-6.3246,-6.6602,-5.1599],[-0.9063,-0.0601, 0.042 , 0.2666],0.4061
2221,[-0.9025,-0.0616, 0.0822, 0.2626],[-26.5095,-27.1445,-26.7154,-27.0638,-26.1989],[-0.9012,-0.0633, 0.0826, 0.2569],0.3627
2234,[-0.9088, 0.2387,-0.2238, 0.2984],[ 0.4337, 2.7258,-1.0355,-0.033 , 4.3706],[-0.9085, 0.2329,-0.2071, 0.2844],0.2529
2241,[-0.9102,-0.1985, 0.1113, 0.2734],[-0.4961,-0.7599,-2.3099,-1.8643, 0.5304],[-0.9108,-0.1844, 0.0921, 0.2752],0.3415
2243,[-0.8959,-0.2429, 0.2219, 0.2558],[ 0.8771,-1.3723, 1.6311,-1.0067, 2.1529],[-0.8959,-0.2369, 0.2025, 0.255 ],0.2101
2300,[-0.9075, 0.0187,-0.0189, 0.1549],[-202.7399,-201.9412,-202.4853,-203.1948,-201.4118],[-0.9069, 0.0186,-0.0188, 0.1476],0.4215
2301,[-0.9074,-0.047 , 0.067 , 0.1581],[-61.9017,-63.0918,-61.5622,-62.7022,-61.7787],[-0.9065,-0.0491, 0.067 , 0.1549],0.4006
2302,[-0.9084, 0.0434,-0.0731, 0.1425],[-69.5367,-69.1436,-70.3474,-70.3208,-68.974 ],[-0.9076, 0.047 ,-0.0741, 0.1404],0.4029
2304,[-0.8966, 0.0451,-0.176 , 0.1404],[-5.9546,-5.8772,-6.5438,-6.1896,-5.7848],[-0.8944, 0.0588,-0.1757, 0.1267],0.2943
2310,[-0.9056, 0.0648,-0.0432, 0.1468],[-17.5112,-18.0802,-16.9664,-17.8723,-17.3832],[-0.9052, 0.0613,-0.0388, 0.1426],0.4018
2312,[-0.9057, 0.0744,-0.0946, 0.1487],[-60.7424,-60.8693,-61.7703,-61.3961,-58.6051],[-0.9049, 0.0763,-0.0941, 0.1433],0.3675
2314,[-0.9049, 0.135 ,-0.1767, 0.1498],[ 1.9851, 4.4974,-2.2758,-0.0518, 3.5696],[-0.9036, 0.1388,-0.1766, 0.1449],0.2937
2320,[-0.9081,-0.0664, 0.0403, 0.1557],[-18.996 ,-17.8674,-19.3607,-19.4564,-17.1558],[-0.9076,-0.0619, 0.0336, 0.1493],0.4148
2321,[-0.9074,-0.0767, 0.0874, 0.1476],[-31.9709,-35.4646,-31.9512,-34.8391,-28.5085],[-0.9067,-0.077 , 0.083 , 0.142 ],0.3804
2323,[-0.9039,-0.1518, 0.1866, 0.1352],[-10.3181,-12.2269, -9.6597,-11.5699, -9.7137],[-0.9028,-0.1545, 0.1852, 0.1328],0.279
2332,[-0.9034, 0.1897,-0.1411, 0.1553],[ 0.8854, 0.1021, 2.2598,-0.5572, 5.5916],[-0.904 , 0.1817,-0.1254, 0.1465],0.2996
2334,[-0.9047, 0.203 ,-0.1875, 0.147 ],[ 7.3242,17.2074,-0.597 , 0.7784, 2.068 ],[-0.9048, 0.1988,-0.1734, 0.1513],0.2716
2340,[-0.8884,-0.1837, 0.0546, 0.1687],[-8.9039,-8.6329,-9.6145,-9.7564,-8.6519],[-0.8897,-0.1661, 0.0183, 0.1539],0.2977
2341,[-0.9006,-0.2076, 0.1411, 0.2012],[ 2.4471, 1.4455,-0.5632,-0.4055, 6.4349],[-0.9015,-0.1973, 0.1217, 0.1951],0.284
2343,[-0.9014,-0.2113, 0.2034, 0.1913],[ 0.9378,-0.5397,13.3566, 0.4609, 0.327 ],[-0.9012,-0.2079, 0.1924, 0.1931],0.2451
2345,[-0.8963,-0.2481, 0.3098, 0.1961],[-0.8177,-1.1772, 9.5133,-0.5558, 1.5072],[-0.8939,-0.2507, 0.3062, 0.205 ],0.1478
2361,[-0.904 ,-0.2838, 0.1604, 0.1326],[-3.6415,-1.8107,-4.46  ,-3.1444,-3.0557],[-0.9068,-0.2689, 0.1469, 0.1472],0.258
2363,[-0.9056,-0.3109, 0.2251, 0.1402],[ 5.6148, 0.9535, 1.9613, 1.4969,56.0016],[-0.9082,-0.2992, 0.1994, 0.1415],0.2236
2365,[-0.904 ,-0.3321, 0.3227, 0.1375],[ 1.2023,-0.4024,29.2647, 0.5413, 1.3708],[-0.9045,-0.3285, 0.3064, 0.1432],0.1457
2400,[-0.908 , 0.016 ,-0.0178, 0.0618],[7.5166e-01,1.3221e+00,1.3541e+00,8.4432e-01,8.6529e+02],[-0.9078, 0.0163,-0.0188, 0.0482],0.4276
2401,[-0.9075,-0.0423, 0.0691, 0.0633],[-19.8221,-23.0188,-19.4738,-21.6044,-20.2818],[-0.9071,-0.0458, 0.0705, 0.0581],0.403
2402,[-0.9083, 0.041 ,-0.0709, 0.0586],[-17.2051, 46.2095,-19.1052,-19.4654,-15.4433],[-0.9079, 0.0449,-0.0719, 0.0485],0.4064
2410,[-0.9053, 0.0649,-0.0455, 0.0513],[ 0.6364,-0.5311,89.9627, 0.2514, 0.7057],[-0.9052, 0.0623,-0.0449, 0.0438],0.399
2412,[-0.9049, 0.0776,-0.0934, 0.0572],[3.1527e+00,4.3725e+02,7.9366e-01,1.5098e-01,1.2006e+00],[-0.9045, 0.0791,-0.0915, 0.0484],0.366
2414,[-0.9004, 0.1404,-0.1783, 0.0545],[ 0.1993,44.6901,-1.4712,-0.4873,-0.2529],[-0.8995, 0.1442,-0.1786, 0.0457],0.2745
2420,[-0.9063,-0.0663, 0.0374, 0.0644],[-1.0047,14.9293,-0.9088,-1.1713,15.0629],[-0.9063,-0.0616, 0.0304, 0.0537],0.4095
2421,[-0.9064,-0.0802, 0.0894, 0.0675],[  0.5691,  0.7294,169.3891,  1.3989,  2.9033],[-0.9061,-0.0806, 0.0848, 0.0645],0.3751
2422,[-0.9105,-0.0589,-0.0665, 0.0325],[-10.6947,-11.1064,-11.6291,-10.9432,-10.8102],[-0.9103,-0.0404,-0.0801, 0.0173],0.4151
2423,[-0.9051,-0.1446, 0.1833, 0.0544],[-1.728 ,-5.3493, 4.7573,-3.0715, 3.666 ],[-0.9042,-0.1485, 0.183 , 0.0548],0.2886
2430,[-0.91  , 0.1844,-0.0257, 0.038 ],[-3.1923,-3.5887,-1.4842,-3.279 ,-2.6247],[-0.9118, 0.1638,-0.0235, 0.0226],0.3896
2432,[-0.9035, 0.1905,-0.1308, 0.0782],[ 1.0356, 0.4056, 0.875 , 0.3893,26.1713],[-0.9046, 0.1808,-0.1087, 0.071 ],0.3101
2434,[-0.9023, 0.2075,-0.2196, 0.0566],[ 9.7431e-01, 8.3922e+01,-6.5636e-02, 4.8128e-01, 1.2122e+00],[-0.902 , 0.2073,-0.2112, 0.0638],0.2395
2436,[-0.9063, 0.2495,-0.2852, 0.0486],[ 3.5774,13.0823,-2.025 , 2.2321, 5.292 ],[-0.9052, 0.2518,-0.2814, 0.0588],0.1963
2441,[-0.9062,-0.1906, 0.1373, 0.0546],[ 1.5719,27.5194, 0.9006, 1.3157, 2.1125],[-0.9071,-0.1839, 0.1334, 0.0446],0.3068
2443,[-0.9039,-0.183 , 0.2043, 0.0372],[ 0.7054,-0.0727, 3.284 , 0.1195,64.978 ],[-0.9034,-0.1846, 0.2009, 0.0282],0.2607
2452,[-0.903 , 0.2856,-0.1447, 0.0245],[-1.548 ,-2.9143, 0.1711,-1.487 ,-1.5721],[-0.9065, 0.2693,-0.1297, 0.0396],0.2653
2454,[-0.8959, 0.3092,-0.2472, 0.0299],[ 2.5744, 0.0637,-0.1385, 2.9658, 1.8325],[-0.8983, 0.3021,-0.2258, 0.031 ],0.1763
2456,[-0.9   , 0.3345,-0.3174, 0.0321],[ 1.8914,14.6397,-0.1346, 0.2005, 1.7025],[-0.901 , 0.3318,-0.3031, 0.0421],0.1346
2458,[-9.0278e-01, 3.6455e-01,-3.9447e-01, 6.1912e-04],[-0.1381, 4.8302,-1.9698, 4.6466, 0.1097],[-0.9018, 0.3656,-0.3883, 0.013 ],0.0818
2461,[-0.9001,-0.2963, 0.1589, 0.1183],[-4.9727,-3.0992,-5.652 ,-4.3624,-5.1659],[-0.903 ,-0.2825, 0.1612, 0.1333],0.231
2463,[-0.9018,-0.3113, 0.2452, 0.0785],[ 0.7837, 4.6463, 1.699 ,44.941 , 2.6371],[-0.904 ,-0.3028, 0.2244, 0.0928],0.1958
2465,[-0.9005,-0.3351, 0.3196, 0.0451],[ 0.7098,-0.2725,31.4647, 1.3785, 1.0708],[-0.9013,-0.3326, 0.308 , 0.0588],0.1332
2467,[-0.9041,-0.3537, 0.3969, 0.0266],[ 0.1299,-0.8809,17.6275, 0.2614,-0.6884],[-0.9026,-0.3551, 0.3913, 0.041 ],0.0873
2485,[-0.9015,-0.4063, 0.3614, 0.0526],[ 0.458 ,-1.0751, 2.0111, 2.1038,-0.5236],[-0.9037,-0.4022, 0.3438, 0.0667],0.0912
2487,[-0.8996,-0.3976, 0.4044, 0.0206],[ 1.3429,-0.8669,17.8215, 4.7719, 0.7004],[-0.8996,-0.3971, 0.3957, 0.0321],0.0576
2500,[-0.9076, 0.0136,-0.0103,-0.0573],[1.3214e+00,2.4551e+00,1.6432e+00,8.8227e-01,1.4673e+03],[-0.9079, 0.0129,-0.0081,-0.0721],0.4302
2501,[-0.9073,-0.0292, 0.0666,-0.0763],[  0.4811, -1.2215,290.3044, -0.5858,  3.4397],[-0.9074,-0.0345, 0.068 ,-0.086 ],0.4112
2502,[-0.9076, 0.0381,-0.0685,-0.0555],[ 5.9588e-01, 4.0478e+02,-1.1382e+00,-5.1200e-01,-3.6493e-01],[-0.9077, 0.0423,-0.0692,-0.067 ],0.4081
2510,[-0.9051, 0.066 ,-0.0459,-0.0584],[ 5.7347e-01, 2.9806e-01, 3.8926e+02,-1.8012e-01, 1.1715e+00],[-0.9056, 0.0637,-0.0466,-0.0709],0.399
2512,[-0.9056, 0.0759,-0.0881,-0.0618],[1.1982e+00,4.3948e+00,9.2624e-01,5.5825e-01,9.1356e+02],[-0.9058, 0.0776,-0.0871,-0.0764],0.3744
2514,[-0.8967, 0.148 ,-0.1863,-0.0415],[-1.9903, 4.6861,-4.5652,-2.8781,-0.8427],[-0.8962, 0.1524,-0.187 ,-0.0482],0.2542
2520,[-0.9062,-0.0641, 0.0434,-0.0605],[ 1.4191,88.5755,-1.268 ,-0.1407,10.0127],[-0.9067,-0.0615, 0.0422,-0.0701],0.4064
2521,[-0.9063,-0.0719, 0.0798,-0.0614],[  2.1632,  0.4865,276.7229,  0.4689,  0.9258],[-0.9066,-0.0728, 0.0773,-0.07  ],0.3845
2522,[-0.9041,-0.0598,-0.0745,-0.0267],[-10.3617,-10.098 ,-10.9609,-10.0405,-10.4547],[-0.9041,-0.0428,-0.0748,-0.0416],0.389
2523,[-0.906 ,-0.1487, 0.1854,-0.0495],[-5.5573,-7.1061,-4.6408,-3.4912,-4.1784],[-0.9055,-0.1533, 0.1867,-0.0475],0.2896
2530,[-0.8965, 0.1702,-0.0322,-0.022 ],[-3.9423,-4.7304,-3.4064,-3.8875,-4.3831],[-0.8983, 0.155 ,-0.0352,-0.0377],0.3301
2532,[-0.8979, 0.1825,-0.1402,-0.0681],[ 2.2419, 0.9642, 0.172 , 0.6304,13.1588],[-0.8993, 0.1763,-0.1233,-0.0774],0.2848
2534,[-0.8974, 0.1926,-0.2069,-0.0514],[ 2.3934e+00, 7.1665e+01,-6.4884e-02, 8.0349e-01, 1.9327e+00],[-0.8974, 0.1938,-0.2013,-0.0491],0.2335
2536,[-0.9046, 0.2594,-0.3054,-0.0723],[ 7.8981, 9.048 ,-1.909 , 0.3679, 0.4289],[-0.9034, 0.2637,-0.3038,-0.0588],0.1741
2541,[-0.905 ,-0.1771, 0.1444,-0.0746],[25.0126, 1.1226, 1.236 , 2.4184, 1.593 ],[-0.9061,-0.1721, 0.1303,-0.081 ],0.3102
2543,[-0.9029,-0.19  , 0.2057,-0.055 ],[  0.1561, -0.1688,144.8865,  1.8993,  3.2508],[-0.9029,-0.1916, 0.201 ,-0.0619],0.2553
2545,[-0.8965,-0.2508, 0.2942,-0.0652],[-0.6941,-1.3418,22.566 , 1.6231,-1.5488],[-0.8954,-0.2547, 0.2914,-0.0637],0.1573
2552,[-0.9077, 0.3416,-0.1557,-0.025 ],[-1.5347,-2.5223,-0.3342,-1.2396,-1.7814],[-0.9128, 0.3236,-0.157 ,-0.0096],0.2495
2554,[-0.9002, 0.3415,-0.2277,-0.0544],[2.4651,1.3098,0.1122,4.2277,0.647 ],[-0.9044, 0.3302,-0.2048,-0.0413],0.1932
2556,[-0.8998, 0.3279,-0.3248,-0.0678],[ 0.8364,19.9275,-0.029 , 1.4722, 0.1875],[-0.9004, 0.3276,-0.3142,-0.0563],0.1301
2558,[-0.9073, 0.3576,-0.4023,-0.0413],[-0.6814, 5.7391,-0.9782,-0.4702,-0.0666],[-0.9057, 0.3603,-0.4017,-0.0268],0.0892
2563,[-0.9038,-0.3299, 0.2549,-0.052 ],[1.0879,0.0917,2.5056,2.706 ,0.8762],[-0.9065,-0.3232, 0.2454,-0.0373],0.1846
2565,[-0.8985,-0.3426, 0.3357,-0.0705],[ 1.2108,-0.8184, 2.9926,18.6447, 1.4592],[-0.8992,-0.3421, 0.3264,-0.0554],0.1141
2567,[-0.9049,-0.3635, 0.4085,-0.0676],[ 0.0732,-1.0995,-0.3324,13.0014, 0.5876],[-0.9034,-0.3662, 0.4051,-0.0529],0.078
2574,[-0.8946, 0.3976,-0.2684,-0.0824],[-2.2883,-2.3843,-1.98  ,-1.7182,-2.4893],[-0.9002, 0.3874,-0.2398,-0.0684],0.135
2576,[-0.8919, 0.4047,-0.3296,-0.0925],[-1.4667,-0.8959,-3.2533,-1.3613,-3.0233],[-0.8956, 0.4003,-0.31  ,-0.0784],0.0842
2578,[-0.8922, 0.3937,-0.4006,-0.0985],[-0.1356, 1.5777,-1.2907, 1.3032,-0.943 ],[-0.8925, 0.3946,-0.3924,-0.0831],0.0403
2585,[-0.8998,-0.4153, 0.3474,-0.1002],[ 0.2152,-1.3516, 0.9068, 0.9318,-1.4328],[-0.9033,-0.4116, 0.3284,-0.0865],0.0931
2587,[-0.898 ,-0.4129, 0.4339,-0.0438],[ 0.6909,-1.2158, 3.7897, 4.0998,-0.9252],[-0.8975,-0.4137, 0.4262,-0.0316],0.0304
2600,[-9.0631e-01, 1.8763e-04, 1.0865e-03,-1.4584e-01],[  1.1223,  2.1428,  2.2221,384.8578,  2.1278],[-9.0692e-01,-2.3122e-04, 2.7772e-03,-1.4207e-01],0.4273
2601,[-0.9085,-0.0368, 0.0694,-0.1544],[ 3.3983e-02,-9.0731e-01, 3.2208e+02, 9.7458e-01, 7.2048e-01],[-0.909 ,-0.0419, 0.0716,-0.1651],0.4131
2602,[-0.9075, 0.0404,-0.0696,-0.1546],[ -0.2854,128.2877, -0.4143, -0.4657,  0.2996],[-0.908 , 0.0449,-0.0716,-0.1654],0.4071
2610,[-0.9064, 0.0696,-0.046 ,-0.1833],[  1.0196,  0.7093,324.6931,  0.7599,  0.495 ],[-0.9075, 0.067 ,-0.0456,-0.1939],0.4067
2612,[-0.9074, 0.0802,-0.0861,-0.1735],[3.2275e-01,7.6723e+02,8.6418e-01,8.9582e-01,1.0146e+00],[-0.9081, 0.0813,-0.0834,-0.1864],0.3844
2614,[-0.9027, 0.1398,-0.1879,-0.1796],[-0.3339,20.4201,-1.3388, 1.6952, 0.9352],[-0.9025, 0.1469,-0.1915,-0.1891],0.2785
2620,[-0.9037,-0.0659, 0.0459,-0.2069],[ 0.8293,66.822 , 0.2852, 1.8655, 0.2768],[-0.9048,-0.0638, 0.0459,-0.2089],0.3959
2621,[-0.9074,-0.0695, 0.0811,-0.1808],[ 1.5080e+00,-8.9562e-02, 2.6910e+00, 1.8785e+00, 2.4148e+02],[-0.9082,-0.0716, 0.0811,-0.1947],0.3903
2623,[-0.9074,-0.1449, 0.1837,-0.1646],[-0.7134,-2.8661, 0.9114, 0.5419,-1.7872],[-0.9072,-0.1507, 0.1855,-0.1604],0.2982
2632,[-0.8945, 0.1819,-0.1302,-0.1704],[-0.1573,-0.2928,-0.6191, 1.7524,-0.1508],[-0.8962, 0.1757,-0.1188,-0.1622],0.2759
2634,[-0.8994, 0.1885,-0.2173,-0.1796],[ 0.6725, 3.6724,-0.4288,25.5224, 1.9426],[-0.8994, 0.1925,-0.2157,-0.1675],0.2347
2636,[-0.9072, 0.2505,-0.3111,-0.1659],[-0.4435,10.4133,-1.4233,-0.2882, 0.128 ],[-0.9056, 0.2577,-0.315 ,-0.1504],0.1792
2640,[-0.9076,-0.1734, 0.051 ,-0.1577],[-3.0732,-1.543 ,-3.3781,-3.0848,-3.1492],[-0.9099,-0.1563, 0.0354,-0.1415],0.3789
2641,[-0.8963,-0.1864, 0.1363,-0.1751],[8.5143e-01,7.2588e-03,2.0015e+00,1.1429e+01,6.7663e-01],[-0.8982,-0.1799, 0.1193,-0.1636],0.2808
2643,[-0.8966,-0.199 , 0.2014,-0.1815],[ 3.8960e-01,-2.2654e-02, 4.3633e+01, 7.7267e-01, 3.0201e-01],[-0.8974,-0.2   , 0.1952,-0.1832],0.2339
2645,[-0.9033,-0.2451, 0.3133,-0.18  ],[ 3.4742,-2.8232, 2.1695, 0.8245,-1.3951],[-0.9015,-0.253 , 0.3182,-0.1658],0.1663
2654,[-0.8821, 0.3107,-0.236 ,-0.1775],[ 0.9265, 1.5579,-0.1395, 3.0549, 0.2377],[-0.8853, 0.3051,-0.2207,-0.1622],0.135
2656,[-0.9019, 0.3371,-0.3496,-0.1787],[ 1.3188,15.5192,-0.7286, 3.8359,-0.1615],[-0.9021, 0.3394,-0.3429,-0.1662],0.1168
2658,[-0.8951, 0.3652,-0.4066,-0.2074],[ 0.1632, 2.6733,-1.826 ,12.1931, 0.7873],[-0.8939, 0.3693,-0.4044,-0.192 ],0.0512
2663,[-0.9092,-0.3809, 0.2596,-0.1418],[0.6149,0.2651,1.3214,3.165 ,0.1162],[-0.9145,-0.3698, 0.2309,-0.1262],0.1959
2665,[-0.8985,-0.337 , 0.3585,-0.172 ],[ 0.9975,-0.278 ,25.2265, 3.202 ,-0.5003],[-0.8983,-0.3399, 0.3527,-0.1599],0.1002
2667,[-0.8938,-0.3515, 0.401 ,-0.1937],[ 0.1227,-0.5968,18.0949, 2.2402,-0.7277],[-0.8923,-0.356 , 0.3988,-0.1813],0.055
2676,[-0.8867, 0.4084,-0.3618,-0.1543],[-1.9527,-1.4412,-3.7845,-1.3628,-3.5424],[-0.8894, 0.4071,-0.3468,-0.1389],0.0477
2678,[-0.8914, 0.4151,-0.4165,-0.2029],[ 0.1887, 2.0457,-1.9582, 1.5048,-1.4539],[-0.892 , 0.4171,-0.4085,-0.1872],0.0227
2683,[-0.902 ,-0.3929, 0.2717,-0.1687],[-0.2397, 0.1444,-0.5183,-0.2809,-0.1684],[-0.9075,-0.3836, 0.2448,-0.1522],0.1587
2685,[-0.8958,-0.3991, 0.3545,-0.1796],[ 0.6   ,-1.1636, 2.1844, 1.7341,-1.7411],[-0.8984,-0.3979, 0.3398,-0.1692],0.0798
2687,[-0.8981,-0.4168, 0.4367,-0.1898],[ 0.2387,-1.1434,10.3863, 1.6179,-1.3671],[-0.8978,-0.4193, 0.4303,-0.1754],0.0266
2700,[-0.8965,-0.022 , 0.0062,-0.3059],[ 1.0696, 0.8703, 3.1567,16.1446, 0.2608],[-0.8978,-0.0203, 0.0063,-0.291 ],0.39
2701,[-0.9026,-0.0425, 0.0716,-0.2915],[-3.9976,-4.6966,-3.4191,-3.4714,-3.8093],[-0.9036,-0.0475, 0.0756,-0.2854],0.3849
2702,[-0.9034, 0.0433,-0.0716,-0.293 ],[-4.7987,-3.9857,-5.3917,-3.7571,-5.1245],[-0.9045, 0.0479,-0.0734,-0.29  ],0.3892
2710,[-0.8989, 0.0734,-0.0431,-0.2912],[  2.0707,  1.0194,161.8247,  1.4537,  0.1938],[-0.9004, 0.0703,-0.0431,-0.2911],0.3758
2712,[-0.8995, 0.0851,-0.0795,-0.2867],[ 1.3131,90.8792, 0.7197, 1.8654, 2.9441],[-0.9008, 0.0847,-0.0746,-0.2896],0.3571
2714,[-0.9036, 0.135 ,-0.1895,-0.2999],[ 1.3142,10.8929,-1.2135, 1.3614, 0.2235],[-0.9036, 0.1435,-0.1936,-0.2927],0.2837
2720,[-0.8981,-0.073 , 0.0449,-0.3025],[  0.7944,101.8508,  0.353 ,  3.2456,  0.1635],[-0.8997,-0.0702, 0.0446,-0.2965],0.3715
2721,[-0.8925,-0.0992, 0.0886,-0.3152],[  1.537 ,  1.0544,127.6188,  1.566 ,  0.9186],[-0.894 ,-0.0985, 0.0836,-0.3114],0.3181
2723,[-0.8772,-0.159 , 0.1802,-0.3414],[-0.0849,-1.2409, 4.0918, 3.6248,-0.1641],[-0.878 ,-0.163 , 0.1828,-0.3287],0.1861
2730,[-0.8998, 0.1828,-0.0409,-0.2895],[-0.2428,-0.4223, 0.2014,-0.3973,-0.1551],[-0.903 , 0.1649,-0.0268,-0.2842],0.3492
2732,[-0.8862, 0.2063,-0.126 ,-0.3068],[ 1.6375, 0.633 ,-0.4837, 1.7222, 0.1094],[-0.8892, 0.1981,-0.1117,-0.2968],0.2422
2734,[-0.8866, 0.2095,-0.198 ,-0.3135],[ 2.1345, 3.8029,-0.4306,11.8152, 0.6117],[-0.8883, 0.21  ,-0.1908,-0.2989],0.1987
2736,[-0.9081, 0.2497,-0.3191,-0.3104],[ 0.5623, 0.4561,-1.4438, 3.1326,-0.7855],[-0.9065, 0.2597,-0.3262,-0.2935],0.176
2741,[-0.8972,-0.186 , 0.1429,-0.3002],[ 0.3369,-0.216 , 0.5422, 3.1745,-0.1255],[-0.8994,-0.1814, 0.1309,-0.2877],0.279
2743,[-0.8824,-0.1913, 0.1978,-0.3108],[ 1.3037,-0.1211,13.2109, 2.8252, 0.781 ],[-0.8834,-0.1935, 0.1955,-0.2987],0.1866
2745,[-0.9076,-0.2579, 0.3348,-0.3191],[-0.0689,-1.3361, 5.6452, 0.6357,-0.3928],[-0.9056,-0.2685, 0.3439,-0.306 ],0.1601
2756,[-0.9053, 0.307 ,-0.3658,-0.3067],[ 0.1617,12.062 ,-0.6255, 1.4859, 0.2166],[-0.9038, 0.3147,-0.3695,-0.2914],0.1204
2758,[-0.8902, 0.3563,-0.4211,-0.3086],[-0.5942,42.0333,-0.5845, 0.3479,-0.4636],[-0.888 , 0.3626,-0.4233,-0.2952],0.0303
2765,[-0.9048,-0.3008, 0.3695,-0.2961],[ 0.8823,-0.4849, 2.7594,11.0134,-0.3037],[-0.9028,-0.3092, 0.3747,-0.28  ],0.1176
2767,[-0.8991,-0.3493, 0.4096,-0.2997],[-0.5618,-1.1173,34.2793, 1.3668,-1.0027],[-0.8972,-0.356 , 0.4114,-0.2847],0.0627
2778,[-0.8944, 0.4028,-0.4383,-0.2753],[-0.084 , 0.8575,-2.6467, 1.0649,-2.5381],[-0.8934, 0.4071,-0.4356,-0.2599],0.0184
2787,[-0.8947,-0.3965, 0.4205,-0.2729],[ 0.5879,-1.8173, 3.1556, 3.5675,-2.0237],[-0.8944,-0.4004, 0.4158,-0.2583],0.0334
2800,[-0.8922,-0.0237, 0.0036,-0.4296],[ 2.6965, 0.6679, 2.498 ,31.1661, 4.3816],[-0.8941,-0.0214, 0.0028,-0.4138],0.3733
2801,[-0.9014,-0.0123, 0.0755,-0.4532],[ 1.2185,-1.0407, 3.8856, 0.7338,-0.7885],[-0.903 ,-0.0222, 0.08  ,-0.4401],0.3892
2802,[-0.8941, 0.024 ,-0.0799,-0.4391],[-0.5397, 1.2949,-1.1117, 1.7044,-0.9183],[-0.8955, 0.0326,-0.0858,-0.4234],0.3521
2810,[-0.8968, 0.0824,-0.0336,-0.431 ],[  0.383 ,  0.8765,106.4666,  1.6948,  0.794 ],[-0.899 , 0.0769,-0.0315,-0.4222],0.3707
2811,[-0.9089, 0.0682, 0.0804,-0.4995],[ 0.2011,-0.4031,-0.1189, 0.0248,-0.1965],[-0.9108, 0.0464, 0.0847,-0.4814],0.4127
2812,[-0.8838, 0.1071,-0.104 ,-0.441 ],[ 1.3263,88.272 , 0.6912, 1.3339, 0.7613],[-0.8857, 0.1074,-0.0978,-0.4295],0.2748
2814,[-0.8803, 0.1541,-0.1743,-0.4562],[ 0.7769, 1.3806,-0.7747, 1.2712,-0.3964],[-0.8816, 0.1584,-0.1755,-0.4412],0.2039
2820,[-0.8902,-0.074 , 0.0431,-0.4262],[  1.3909,100.3523,  0.1388,  1.1073,  0.712 ],[-0.8922,-0.0711, 0.0423,-0.4169],0.3405
2821,[-0.8812,-0.0996, 0.0976,-0.4332],[  2.9293,  0.3586,109.6835,  1.2273,  0.5003],[-0.883 ,-0.1005, 0.0955,-0.4202],0.2676
2823,[-0.8745,-0.1475, 0.1784,-0.4298],[ 0.3504,-0.8422, 5.3276, 2.5729,-0.0905],[-0.8754,-0.1527, 0.1803,-0.4162],0.1823
2832,[-0.9001, 0.176 ,-0.1466,-0.443 ],[1.1379,3.8633,0.8798,2.6526,0.1269],[-0.9026, 0.1741,-0.1373,-0.428 ],0.2923
2834,[-0.8866, 0.2146,-0.2128,-0.4486],[ 1.7205,13.9607, 0.0812, 2.6234, 0.416 ],[-0.8884, 0.2168,-0.2075,-0.4334],0.1894
2836,[-0.9007, 0.2578,-0.3429,-0.4287],[-0.9812,-0.3391,-2.3443,-0.071 ,-1.7035],[-0.8986, 0.2697,-0.3526,-0.4134],0.1341
2840,[-0.8765,-0.1747, 0.0337,-0.4772],[-0.0763, 0.8412,-0.3706,-0.0133,-0.2121],[-0.8804,-0.16  , 0.0194,-0.4604],0.2635
2841,[-0.8872,-0.1778, 0.1475,-0.4386],[0.4631,0.282 ,1.0518,3.0789,0.323 ],[-0.8896,-0.1762, 0.1408,-0.4238],0.2411
2843,[-0.8819,-0.1896, 0.2031,-0.4216],[ 0.3635, 0.3821,10.9997, 2.728 , 0.1143],[-0.8831,-0.1935, 0.204 ,-0.4115],0.1818
2845,[-0.9106,-0.2416, 0.3429,-0.3863],[-0.7992,-1.6045, 0.3023, 1.3064,-1.1359],[-0.908 ,-0.2556, 0.3529,-0.3717],0.1698
2856,[-0.9048, 0.2911,-0.3754,-0.4366],[ 1.5864, 9.7777,-0.4605, 5.9158,-0.1162],[-0.9023, 0.3027,-0.3858,-0.4225],0.1138
2858,[-0.8975, 0.3358,-0.4158,-0.4182],[-0.3806, 2.5108,-2.0425, 2.1787,-2.4563],[-0.8948, 0.3451,-0.4236,-0.4014],0.0556
2865,[-0.9076,-0.2967, 0.3755,-0.4557],[ 0.6534,-0.5068, 2.3875, 4.1831, 0.1386],[-0.9054,-0.3084, 0.3861,-0.4386],0.1205
2867,[-0.901 ,-0.3362, 0.4088,-0.4025],[ 0.2886,-1.4438, 6.8996, 3.0841,-1.346 ],[-0.8987,-0.3451, 0.4148,-0.386 ],0.0704
2900,[-0.8882,-0.0106,-0.0191,-0.8146],[ -2.7106,  1.2417, -2.6129,590.4832, -4.7142],[-0.8916,-0.0059,-0.0253,-0.7949],0.3659
2901,[-9.0259e-01, 6.8499e-04, 7.3872e-02,-6.5073e-01],[ 0.2404,-0.7335,33.4301, 0.2909,-0.5409],[-0.905 ,-0.0114, 0.0792,-0.6335],0.4034
2902,[-0.8991, 0.0276,-0.0663,-0.7426],[-1.7207e+00, 2.7962e+02,-3.1083e+00,-4.1874e-02,-3.8320e+00],[-0.9021, 0.0345,-0.0689,-0.7249],0.387
2910,[-0.8961, 0.0744,-0.0343,-0.6937],[  1.8722,  0.3973,  1.0986,157.2593, -0.9831],[-0.8993, 0.0686,-0.0212,-0.6765],0.3787
2911,[-0.9075, 0.0612, 0.057 ,-0.5464],[-1.4149,-1.1148,-1.2114,-0.8695,-1.2565],[-0.9095, 0.039 , 0.0946,-0.5281],0.4054
2912,[-0.8861, 0.0989,-0.0994,-0.6941],[ 0.7773, 7.7536,-0.6939, 3.5481,-1.0866],[-0.889 , 0.101 ,-0.0984,-0.6794],0.2901
2914,[-0.8827, 0.1456,-0.1796,-0.6817],[ 1.463 ,70.0566,-1.1524, 2.0668,-0.8939],[-0.8846, 0.1531,-0.1836,-0.6681],0.2132
2920,[-0.89  ,-0.0732, 0.0334,-0.7232],[ 8.3509e-01, 1.6476e-01,-2.7885e-01, 1.7785e+02,-9.3902e-01],[-0.8934,-0.068 , 0.0228,-0.7052],0.3528
2921,[-0.879 ,-0.0915, 0.0884,-0.6419],[ 2.8636,-1.7269,33.5213,31.4503,-2.192 ],[-0.8817,-0.0928, 0.0879,-0.6245],0.2692
2922,[-0.906 ,-0.0661,-0.0635,-0.6928],[-1.5425,-0.8826,-1.7652,-2.0061,-2.4572],[-0.9085,-0.0421,-0.1005,-0.6738],0.3967
2923,[-0.8719,-0.1407, 0.1834,-0.5603],[-0.7451,-1.1333, 6.1972, 1.4268,-0.8266],[-0.873 ,-0.1476, 0.1867,-0.5434],0.1737
2932,[-0.8996, 0.1735,-0.1573,-0.5586],[ 1.0148, 3.5266, 0.0449,22.1153, 0.6223],[-0.9022, 0.1743,-0.1517,-0.5423],0.2841
2934,[-0.8912, 0.1958,-0.213 ,-0.6349],[ 1.1305e+00, 3.9548e+00,-5.1898e-01, 1.9054e+02,-1.3338e-01],[-0.8929, 0.2018,-0.2146,-0.6181],0.2094
2936,[-0.8925, 0.2529,-0.308 ,-0.5901],[ 1.2055,12.4107,-1.1262, 1.0306,-1.5075],[-0.8922, 0.2633,-0.3138,-0.5734],0.1336
2940,[-0.8979,-0.1675, 0.0259,-0.5705],[-2.4645,-1.5326,-2.8482,-2.425 ,-1.8793],[-0.9021,-0.1465,-0.011 ,-0.5544],0.3611
2941,[-0.8847,-0.1877, 0.1381,-0.565 ],[-7.2465,-7.8841,-6.9034,-7.0349,-8.0494],[-0.888 ,-0.1841, 0.1261,-0.5502],0.2378
2943,[-0.888 ,-0.1846, 0.2028,-0.5445],[-0.8977,-2.4914, 0.2489,-0.1934,-2.283 ],[-0.8894,-0.1901, 0.2062,-0.5281],0.2058
2954,[-0.9017, 0.291 ,-0.2632,-0.5615],[ 4.7058, 0.8557,-1.1744, 3.8344,-0.2826],[-0.9046, 0.2929,-0.2546,-0.5439],0.188
2956,[-0.9   , 0.297 ,-0.3028,-0.5785],[ 0.246 , 2.3835,-0.4038,36.8085,-0.6596],[-0.9015, 0.303 ,-0.3012,-0.5612],0.1508
3456,[-0.8645, 0.3811,-0.3033, 0.0114],[ 2.2501, 4.8296,-1.2006,-0.7069, 1.4456],[-0.8679, 0.376 ,-0.2824, 0.0247],0.0287
3532,[-0.866 , 0.1875,-0.1527,-0.0635],[-0.6447,-1.5336,-1.5432,-1.1437, 0.7864],[-0.8673, 0.1835,-0.1358,-0.067 ],0.1602
3534,[-0.8645, 0.1888,-0.205 ,-0.0421],[ 0.7824,13.4795,-0.3921, 0.1884, 0.3377],[-0.8644, 0.1896,-0.1966,-0.0467],0.1249
3556,[-0.8591, 0.3877,-0.3389,-0.0172],[ 1.4622, 5.3825,-0.9712, 1.1563, 0.1243],[-0.8615, 0.3849,-0.3221,-0.0025],-0.0065
3558,[-0.8544, 0.3883,-0.412 ,-0.1118],[-0.197 , 3.0753,-1.4022, 1.4614,-0.3137],[-0.8539, 0.3896,-0.4043,-0.0977],-0.0569
3565,[-0.8648,-0.3741, 0.3694,-0.09  ],[ 3.5327e-01,-1.0748e+00, 8.6975e+00, 1.6994e+00, 8.3544e-03],[-0.8656,-0.3741, 0.3571,-0.0753],-0.0058
3567,[-0.8644,-0.3724, 0.39  ,-0.1214],[-0.2424,-1.4981, 3.7157, 4.1664,-0.3904],[-0.8643,-0.3737, 0.3806,-0.1052],-0.018
3576,[-0.8551, 0.3907,-0.3735,-0.056 ],[ 0.5732, 2.1473,-0.7274, 1.5286, 0.0284],[-0.8564, 0.39  ,-0.3607,-0.0403],-0.0353
3578,[-0.8539, 0.3901,-0.3999,-0.0911],[ 1.3752, 3.9241,-1.0859, 1.5613,-0.0777],[-0.854 , 0.3908,-0.3904,-0.078 ],-0.052
3610,[-0.858 , 0.1056,-0.052 ,-0.2043],[-5.2076,-6.4557,-3.8217,-6.0102,-4.8848],[-0.8596, 0.1003,-0.0428,-0.2114],0.2019
3612,[-0.8566, 0.1359,-0.0991,-0.2024],[-0.2936,-0.1653,-1.7632,-1.3324, 0.3729],[-0.8581, 0.132 ,-0.0842,-0.193 ],0.1693
3632,[-0.8546, 0.168 ,-0.1429,-0.2376],[ 0.1021,-0.7031, 0.1506,-0.187 , 2.672 ],[-0.856 , 0.1668,-0.1421,-0.2211],0.1278
3634,[-0.8652, 0.1866,-0.1881,-0.2263],[ 0.4382, 7.1344,-0.5768, 0.1936, 1.8878],[-0.8662, 0.1872,-0.18  ,-0.217 ],0.1378
3656,[-0.8656, 0.3218,-0.2992,-0.2486],[ 0.9187, 5.0998,-1.1542, 1.253 , 0.5777],[-0.8674, 0.3217,-0.2881,-0.2317],0.0463
3658,[-0.8597, 0.3774,-0.4222,-0.1814],[-0.2638, 4.9954,-1.6411, 2.0663, 0.1172],[-0.8583, 0.3802,-0.4195,-0.1656],-0.0492
3667,[-0.8654,-0.3694, 0.4014,-0.1423],[-0.0784,-1.7593, 0.917 , 3.6708,-1.0709],[-0.8647,-0.3715, 0.394 ,-0.1295],-0.0214
3676,[-0.864 , 0.4129,-0.3757,-0.1754],[ 0.9468, 2.4454,-1.1965, 1.8156,-0.4187],[-0.8664, 0.4126,-0.3616,-0.1631],-0.0206
3678,[-0.8613, 0.4058,-0.4187,-0.2207],[ 0.8622, 9.5968,-0.7627, 1.9132,-0.5079],[-0.8615, 0.4079,-0.4102,-0.2105],-0.049
3700,[-0.8572,-0.0439, 0.0054,-0.3424],[-0.6013, 1.0411,-0.295 ,-1.8627, 0.2416],[-0.8588,-0.0401, 0.002 ,-0.348 ],0.232
3702,[-0.8361, 0.05  ,-0.0995,-0.3631],[-2.2083,-1.5067,-3.3528,-2.6085,-2.1642],[-0.8371, 0.055 ,-0.1039,-0.3701],0.122
3710,[-0.8603, 0.0807,-0.0398,-0.324 ],[-1.904 ,-2.2187,-0.2613,-2.5791,-0.6581],[-0.8621, 0.0766,-0.0326,-0.3266],0.2226
3712,[-0.8579, 0.1062,-0.1114,-0.3342],[ 1.4658, 5.4632,-0.8201, 0.2126, 0.7398],[-0.8593, 0.107 ,-0.1052,-0.3251],0.1751
3714,[-0.8569, 0.1544,-0.1912,-0.3384],[-1.0972, 4.9304,-1.1305, 0.6857,-0.4352],[-0.8573, 0.1588,-0.1906,-0.3233],0.1173
3720,[-0.8583,-0.0664, 0.0438,-0.3418],[-1.7662, 0.2599,-2.1665,-1.403 ,-1.0326],[-0.8599,-0.0646, 0.0417,-0.3403],0.217
3721,[-0.8598,-0.0906, 0.0859,-0.3508],[-0.1418,-0.521 , 1.6455,-0.5439, 0.409 ],[-0.8614,-0.0907, 0.0829,-0.3454],0.1965
3723,[-0.862 ,-0.1551, 0.1812,-0.3532],[-0.4092,-1.5643, 1.5852, 0.3882, 1.0315],[-0.8627,-0.1593, 0.1843,-0.352 ],0.1361
3732,[-0.8613, 0.1843,-0.16  ,-0.3126],[1.4551,1.4374,0.5273,1.4312,0.3399],[-0.8632, 0.1826,-0.1471,-0.3   ],0.1431
3734,[-0.8609, 0.2048,-0.1967,-0.3236],[2.1042,8.0595,0.054 ,0.6338,0.2779],[-0.8625, 0.2053,-0.1874,-0.3132],0.1165
3743,[-0.8637,-0.175 , 0.1875,-0.3152],[ 0.6481,-0.4736, 5.2825, 0.581 ,-0.1914],[-0.8647,-0.1774, 0.1853,-0.2999],0.1348
3756,[-0.8623, 0.3132,-0.3257,-0.3105],[ 1.6578, 1.9795,-0.9469, 0.8201,-0.1793],[-0.8628, 0.3159,-0.3204,-0.2944],0.0238
3778,[-0.8648, 0.3937,-0.4417,-0.2668],[-0.3416, 9.4543,-0.6943, 0.1623,-0.5644],[-0.8633, 0.3974,-0.4376,-0.2543],-0.0514
3800,[-0.8583,-0.0435, 0.0109,-0.4259],[ 1.3702,11.1445, 3.2328, 1.3549, 1.3047],[-0.8603,-0.0408, 0.0115,-0.4349],0.235
3802,[-0.8483, 0.0345,-0.0825,-0.4633],[-0.156 , 3.0204,-0.8067, 0.6627, 0.2335],[-0.8498, 0.0396,-0.085 ,-0.4535],0.1761
3810,[-0.862 , 0.0798,-0.0436,-0.4004],[ 4.1469, 0.6019,13.0709, 0.329 , 0.7064],[-0.864 , 0.0769,-0.0424,-0.3943],0.2269
3812,[-0.8568, 0.0901,-0.1185,-0.4416],[ 0.9117,33.8919, 0.2141, 0.9265, 0.6616],[-0.8582, 0.0937,-0.1174,-0.4277],0.1719
3814,[-0.8539, 0.1348,-0.1806,-0.438 ],[ 0.8489, 2.8937,-1.3665, 1.4906, 0.3126],[-0.8546, 0.1405,-0.1829,-0.428 ],0.1185
3820,[-0.8528,-0.0747, 0.0419,-0.4316],[-0.209 , 2.734 , 0.6737, 3.1346, 2.3124],[-0.8549,-0.072 , 0.0383,-0.4238],0.1984
3821,[-0.8572,-0.0888, 0.0913,-0.4528],[ 0.7898, 0.1569,20.4312, 0.6547, 1.3822],[-0.8591,-0.0901, 0.091 ,-0.4382],0.186
3823,[-0.8624,-0.133 , 0.1732,-0.4349],[ 0.555 ,-0.9256, 4.1948,-0.3588,-0.4309],[-0.8632,-0.1385, 0.1751,-0.4197],0.1492
3832,[-0.866 , 0.1672,-0.1633,-0.4452],[0.7352,1.0668,0.7321,1.621 ,1.2716],[-0.8679, 0.1682,-0.1565,-0.4304],0.1601
3834,[-0.8521, 0.2203,-0.2444,-0.4299],[0.4839,9.3143,0.0454,0.8373,0.115 ],[-0.853 , 0.2242,-0.2407,-0.4182],0.0615
3836,[-0.8545, 0.2635,-0.2999,-0.4604],[ 0.131 , 0.9614,-1.1275, 1.1251, 0.0379],[-0.8547, 0.2689,-0.2989,-0.4499],0.0282
3841,[-0.864 ,-0.209 , 0.1542,-0.4513],[1.0587,0.9006,0.5219,1.6886,0.6297],[-0.8669,-0.2063, 0.1519,-0.4353],0.1438
3843,[-0.8579,-0.213 , 0.1715,-0.4857],[ 0.6988,-0.425 , 6.8318, 0.0104, 0.2743],[-0.8609,-0.2114, 0.1636,-0.468 ],0.1182
3856,[-0.8633, 0.2884,-0.3342,-0.4028],[ 0.471 , 1.4226,-0.4838, 1.1191,-0.2513],[-0.8626, 0.2942,-0.3356,-0.3866],0.0258
3900,[-0.8443,-0.0208, 0.0211,-1.0079],[1.3196e+00,1.0293e+00,2.3137e+01,6.4682e+02,2.5151e-01],[-0.8486,-0.0209, 0.0169,-0.9906],0.1981
3901,[-0.8343,-0.0428, 0.0714,-1.0636],[ -0.8967, -1.8503,  1.5962,139.7975, -0.4486],[-0.8386,-0.0469, 0.0723,-1.0502],0.1408
3902,[-0.8407, 0.0242,-0.0853,-0.7263],[-40.1205,-38.3977,-41.5655,-38.9751,-41.1295],[-0.8433, 0.0309,-0.0891,-0.7142],0.1555
3910,[-0.8414, 0.0675,-0.05  ,-0.9449],[4.7538e-01,1.0074e-01,1.1396e+02,1.3659e+00,7.5811e-01],[-0.8456, 0.0675,-0.0522,-0.9278],0.1634
3912,[-0.8486, 0.0754,-0.0883,-0.8481],[1.2856e+00,3.7551e+00,3.8946e-01,5.9789e+02,6.7551e-01],[-0.8519, 0.0786,-0.0906,-0.8306],0.1669
3914,[-0.8563, 0.1303,-0.1906,-0.654 ],[-3.0715,-1.0507,-3.9581,-2.4034,-4.013 ],[-0.8574, 0.1387,-0.1959,-0.6404],0.1228
3920,[-0.841 ,-0.0733, 0.0477,-0.7413],[ 1.662 ,95.2921, 0.6059, 0.7416, 1.2266],[-0.8443,-0.0724, 0.05  ,-0.7258],0.1584
3921,[-0.8456,-0.0806, 0.0805,-0.7216],[ 3.7177e-01,-9.0199e-01, 6.4139e+00, 4.4310e+02, 1.7902e+00],[-0.8487,-0.082 , 0.0807,-0.7037],0.1587
3923,[-0.8386,-0.1339, 0.1826,-0.7213],[-0.7123,-3.3222,-0.0666,-1.1112,-2.6648],[-0.8404,-0.1404, 0.1828,-0.7051],0.077
3934,[-0.8599, 0.1834,-0.2329,-0.5945],[ 0.2739, 7.682 ,-0.5121, 1.8174, 0.2182],[-0.8606, 0.1908,-0.2364,-0.5849],0.0981
3936,[-0.8488, 0.2297,-0.2883,-0.5449],[-0.8896, 0.3233,-1.9074, 0.3119,-1.0352],[-0.8486, 0.237 ,-0.2904,-0.5285],0.0268
3940,[-0.8453,-0.1677, 0.045 ,-0.5468],[-1.7261,-0.621 ,-2.3914,-1.7526,-1.9237],[-0.8494,-0.1565, 0.021 ,-0.5285],0.1546
3941,[-0.8402,-0.1807, 0.1265,-0.6398],[ 0.7548,-0.4375, 0.3058, 2.42  ,-0.017 ],[-0.844 ,-0.1776, 0.1136,-0.6243],0.0986
3943,[-0.8438,-0.1974, 0.1984,-0.6886],[-0.1537,-2.2868, 2.4   , 2.5361,-0.5861],[-0.8464,-0.2002, 0.1935,-0.6719],0.0699
4800,[-0.8093,-0.0427, 0.0047,-0.4927],[ 0.412 , 0.753 , 0.1504,-0.5574, 0.6795],[-0.8114,-0.0395,-0.0037,-0.4885],0.068
4801,[-0.8091,-0.0537, 0.0639,-0.4663],[-0.6478,-1.5189, 0.3826,-1.2894, 0.0934],[-0.811 ,-0.0553, 0.0673,-0.4524],0.0566
4802,[-0.8123,-0.0163,-0.0726,-0.4874],[-0.7963, 0.1206,-1.4502,-1.3202, 0.2902],[-0.814 ,-0.0086,-0.0831,-0.4918],0.0746
4820,[-0.8114,-0.0651, 0.0486,-0.4828],[-0.5115, 0.7975,-0.6054,-0.5538,-0.3257],[-0.8136,-0.0645, 0.0488,-0.4817],0.0671
4821,[-0.8091,-0.0679, 0.0629,-0.4782],[-0.352 ,-0.2613, 0.9979,-0.2889, 0.8021],[-0.8112,-0.0681, 0.0613,-0.4787],0.0559
4900,[-0.7988,-0.0058, 0.023 ,-0.9722],[1.2708e+00,8.1873e-01,8.7826e+02,8.6419e-01,3.5988e+00],[-0.8031,-0.0072, 0.0216,-0.9847],0.0559
4901,[-0.7945,-0.0364, 0.0764,-0.9227],[ 1.3239e-01,-9.1498e-01, 2.2584e+02, 1.8324e-01, 2.2793e-01],[-0.7981,-0.0404, 0.0786,-0.9124],0.0234
4902,[-0.8013, 0.0249,-0.0727,-0.879 ],[-0.734 ,86.2455,-1.0804,-0.3262,-0.473 ],[-0.8048, 0.0296,-0.0747,-0.8886],0.0451
4910,[-0.8037, 0.0613,-0.0477,-0.9429],[ 0.3914, 0.3255,30.6628, 0.4371, 1.169 ],[-0.8079, 0.0616,-0.0497,-0.9508],0.0519
4911,[-0.7823, 0.0634, 0.0616,-1.0644],[-2.2241,-3.2569,-2.2449,-2.1167,-2.7137],[-0.787 , 0.0545, 0.064 ,-1.0722],-0.0052
4912,[-0.8023, 0.0612,-0.0644,-0.9512],[ 5.1337e-01, 9.9805e+01,-3.2207e-01,-9.9003e-02, 1.5952e+00],[-0.8065, 0.0626,-0.0626,-0.9589],0.0443
4920,[-0.8015,-0.0686, 0.0451,-0.8181],[ 2.5663, 9.4544,-0.4754, 1.1607, 2.0666],[-0.8052,-0.0679, 0.046 ,-0.8176],0.0442
4921,[-0.8068,-0.0706, 0.0871,-0.8265],[ 0.8803,-0.7104,35.9527, 1.3975, 2.0331],[-0.8101,-0.0731, 0.086 ,-0.8194],0.0441
4923,[-0.8054,-0.1328, 0.1853,-0.869 ],[ 0.2809,-3.4371, 0.9907, 0.8603,-0.428 ],[-0.8076,-0.1392, 0.187 ,-0.8589],-0.0111
4941,[-0.8036,-0.1815, 0.128 ,-0.8349],[0.8983,0.2223,1.9285,2.1731,1.5705],[-0.8082,-0.1797, 0.1177,-0.8217],-0.0013
4943,[-0.7942,-0.1911, 0.1936,-0.7958],[ 2.381 ,-0.9306, 7.4776, 1.1488, 0.2021],[-0.7972,-0.1937, 0.1882,-0.7799],-0.0517
5700,[-7.3501e-01, 6.1598e-04,-3.2719e-03,-3.5989e-01],[ 0.3452,-0.2013, 0.3982,-1.3768, 0.6294],[-0.7367, 0.0009,-0.0054,-0.3773],-0.0924
5701,[-0.7423,-0.0469, 0.0616,-0.3551],[-0.2178,-1.5383,-0.1844,-0.8719,-0.499 ],[-0.7438,-0.0481, 0.064 ,-0.358 ],-0.1001
5800,[-0.7397, 0.0026, 0.0017,-0.4609],[-0.3533,-0.4141,-0.5161,-1.4522, 0.2401],[-7.4177e-01, 2.4308e-03,-5.4203e-05,-4.7374e-01],-0.0909
5801,[-0.7397,-0.0394, 0.0639,-0.4331],[-7.9307e-01,-1.6499e+00,-7.7758e-05,-1.3672e+00,-2.8654e-01],[-0.7415,-0.0411, 0.0652,-0.4412],-0.1034
5802,[-0.7427, 0.0342,-0.056 ,-0.4985],[-0.8223, 0.6007,-1.3099,-1.1412,-0.1364],[-0.7448, 0.0358,-0.0566,-0.5167],-0.0939
5820,[-0.7633,-0.0826, 0.0314,-0.4897],[-0.8881,-0.0366,-0.7029,-0.7859, 0.0655],[-0.7659,-0.08  , 0.0296,-0.504 ],-0.0524
5821,[-0.7592,-0.0838, 0.0939,-0.4713],[-0.5398,-0.3541, 0.5195,-1.3406, 0.529 ],[-0.7611,-0.085 , 0.0927,-0.4746],-0.0786
5900,[-0.7518, 0.0132, 0.0237,-0.826 ],[1.0688e+00,1.1206e+00,3.1191e+00,9.3468e-02,1.6739e+03],[-0.7555, 0.0107, 0.027 ,-0.8455],-0.062
5901,[-0.7599,-0.0237, 0.0661,-0.88  ],[-25.0718,-25.6316,-23.4677,-25.9276,-24.5383],[-0.7636,-0.0272, 0.0679,-0.889 ],-0.0542
5902,[-0.7535, 0.0373,-0.0663,-0.7999],[ 7.3491e-01, 8.9705e+01,-2.1489e-02,-5.6388e-01, 8.7538e-01],[-0.7569, 0.0397,-0.0662,-0.8135],-0.0709
5910,[-0.7496, 0.0701,-0.0081,-0.7667],[ 0.49  ,-0.3764, 3.3178,-0.4701,40.9456],[-0.7534, 0.0662, 0.0028,-0.7835],-0.0755
5911,[-0.765 , 0.0709, 0.0662,-0.9697],[-5.9365,-6.183 ,-5.0973,-5.8543,-5.8992],[-0.7694, 0.0622, 0.0644,-0.9878],-0.0482
5912,[-0.7484, 0.0722,-0.0743,-0.7141],[ 0.3457,22.704 ,-0.5927,-0.4576, 2.5708],[-0.7516, 0.0728,-0.0684,-0.7237],-0.0893
5920,[-0.7649,-0.0678, 0.0414,-0.7597],[-6.292 ,-5.8437,-6.3191,-6.8805,-5.2167],[-0.7685,-0.0667, 0.0379,-0.766 ],-0.0454
5921,[-0.7547,-0.074 , 0.0841,-0.773 ],[-0.429 ,-0.8217,13.8599,-1.2137, 1.2479],[-0.758 ,-0.0754, 0.081 ,-0.7791],-0.0797
5922,[-0.7762,-0.069 ,-0.059 ,-0.6086],[-0.5996, 0.2335,-2.127 ,-1.7052,-1.7091],[-0.779 ,-0.0613,-0.0531,-0.6253],-0.0236
5923,[-0.7538,-0.1396, 0.1867,-0.8914],[-0.9013,-2.3247, 5.8545,-0.9   ,-0.6396],[-0.7562,-0.1446, 0.1874,-0.8993],-0.1232
5941,[-0.7664,-0.176 , 0.1424,-0.9203],[1.4185,0.0389,1.1785,0.4127,3.1627],[-0.7711,-0.1759, 0.1308,-0.9319],-0.0884
5943,[-0.7629,-0.1783, 0.1919,-0.9066],[-0.0814,-1.0919, 6.7227, 2.9814,-0.5886],[-0.7661,-0.1816, 0.1887,-0.9002],-0.1138
6600,[-0.69  , 0.0063,-0.001 ,-0.2265],[ 0.0319,-0.1324,-0.2041,-1.2188, 1.2053],[-0.6911, 0.0065,-0.0102,-0.2424],-0.1772
6700,[-0.6968, 0.0039,-0.0038,-0.3539],[ 0.0629,-1.163 , 0.2412,-1.6047, 2.9059],[-0.6983, 0.004 ,-0.0056,-0.3648],-0.1699
6701,[-0.6969,-0.0197, 0.0703,-0.3544],[-1.1295,-2.6448, 0.4496,-2.722 , 0.4325],[-0.6981,-0.0222, 0.0696,-0.3617],-0.1781
6702,[-0.6985, 0.0289,-0.0706,-0.3593],[-1.0434, 0.1138,-2.1066,-2.0922, 0.7275],[-0.6998, 0.031 ,-0.0699,-0.3677],-0.1768
6710,[-0.6916, 0.0691,-0.0214,-0.3528],[-0.0215,-0.1125,-0.1763,-0.9187, 0.5425],[-0.6936, 0.0671,-0.0197,-0.3697],-0.1847
6721,[-0.6939,-0.06  , 0.0937,-0.368 ],[-0.5925,-0.8247, 1.1468,-1.3676, 0.6227],[-0.6952,-0.062 , 0.0955,-0.3855],-0.1939
6800,[-0.6986, 0.0065,-0.0069,-0.4483],[-66.7949,-67.2123,-67.2005,-68.3563,-66.4129],[-0.7006, 0.0066,-0.0073,-0.4586],-0.1656
6801,[-0.6994,-0.0192, 0.0836,-0.4524],[-18.3702,-19.1848,-17.219 ,-19.5106,-17.5953],[-0.7009,-0.0226, 0.0861,-0.4614],-0.1763
6802,[-0.6984, 0.0278,-0.0755,-0.4547],[-11.4628,-10.4775,-12.7145,-13.1957,-10.5399],[-0.7001, 0.0304,-0.0761,-0.4654],-0.1773
6803,[-0.6901,-0.0338, 0.1821,-0.4861],[-0.834 ,-1.5005,-0.2734,-1.368 ,-0.8563],[-0.6899,-0.0407, 0.1795,-0.4803],-0.212
6810,[-0.7058, 0.0659,-0.0338,-0.4661],[-1.2109,-1.5096,-0.8401,-1.8363, 0.6332],[-0.7081, 0.0644,-0.0286,-0.479 ],-0.1623
6812,[-0.7019, 0.0655,-0.0906,-0.4619],[-1.0335,-0.1019,-2.0885,-2.2663,-0.0803],[-0.7036, 0.067 ,-0.0857,-0.4686],-0.1795
6821,[-0.7061,-0.0667, 0.1035,-0.4518],[-1.4835,-2.7752,-1.1722,-2.462 ,-0.7939],[-0.7076,-0.0689, 0.1031,-0.4626],-0.1763
6900,[-0.714 , 0.0192, 0.003 ,-0.6391],[ 3.5460e-01, 8.2578e-01, 2.7153e+00,-4.4251e-01, 9.0514e+02],[-0.7169, 0.0179, 0.0069,-0.6572],-0.1383
6901,[-0.7133,-0.0294, 0.0806,-0.6295],[-0.0968,-2.2012, 6.2939,-2.322 , 5.6128],[-0.7157,-0.0324, 0.08  ,-0.6461],-0.1521
6902,[-0.7073, 0.0347,-0.074 ,-0.5822],[ 2.0771e-01, 2.3865e+02,-4.7748e-01,-1.1110e+00, 2.1412e+00],[-0.7096, 0.0369,-0.0716,-0.5966],-0.1616
6903,[-0.7028,-0.0341, 0.1757,-0.5615],[-2.9036,-2.8359,-2.1485,-2.2672,-1.6596],[-0.7034,-0.0409, 0.1651,-0.5786],-0.1892
6910,[-0.7134, 0.0679,-0.0195,-0.6968],[ 5.724 ,-2.2423, 2.8194,-2.2795, 1.1682],[-0.7168, 0.0652,-0.0083,-0.7083],-0.1456
6911,[-0.707 , 0.0823, 0.0617,-0.7813],[-4.2643,-4.6164,-3.1973,-4.1323,-4.4097],[-0.7108, 0.0757, 0.0511,-0.7958],-0.1629
6912,[-0.7073, 0.073 ,-0.0921,-0.6407],[-0.4526,61.6686,-1.8179,-1.79  , 3.1701],[-0.71  , 0.0743,-0.0849,-0.6531],-0.1701
6914,[-0.693 , 0.1126,-0.1786,-0.6929],[-0.0772, 0.2253,-2.2869,-1.2213, 0.2177],[-0.6947, 0.1166,-0.1749,-0.7096],-0.2169
6920,[-0.7301,-0.0731, 0.0425,-0.5939],[-1.1831,-1.0417,-1.2573,-1.5922,-0.6085],[-0.733 ,-0.0716, 0.0347,-0.6072],-0.1199
6921,[-0.7217,-0.0704, 0.1049,-0.6738],[-7.6093,-8.5913,-7.2413,-7.8611,-6.8655],[-0.7241,-0.0731, 0.1055,-0.6843],-0.1499
6923,[-0.7152,-0.1194, 0.1864,-0.7222],[-0.5025,-1.6818,12.4625,-1.1864, 0.1641],[-0.7166,-0.1242, 0.1884,-0.7341],-0.1871
6941,[-0.7238,-0.17  , 0.1451,-0.754 ],[ 0.0421, 0.5817, 0.8638,-0.0016, 0.1775],[-0.7276,-0.17  , 0.1339,-0.7626],-0.1685
6943,[-0.7139,-0.1673, 0.1728,-0.7207],[ 2.8141,-1.1012, 2.5309, 0.2999, 0.5887],[-0.7168,-0.1689, 0.165 ,-0.7265],-0.1917
7422,[-0.6693,-0.1447,-0.1185, 0.0237],[-5.9299,-5.7131,-8.2149,-7.1832,-4.7254],[-0.6696,-0.1342,-0.1241, 0.0112],-0.2453
7442,[-0.6663,-0.1825,-0.0923, 0.0202],[-5.3862,-4.7487,-7.037 ,-5.917 ,-3.9476],[-0.6677,-0.1716,-0.1011, 0.0194],-0.2499
7502,[-0.6664,-0.0348,-0.1233,-0.0976],[-6.4164,-5.2569,-8.1349,-7.6698,-5.5291],[-0.666 ,-0.0286,-0.1184,-0.109 ],-0.2345
7504,[-0.6641,-0.0316,-0.1771,-0.091 ],[-5.3592,-4.5838,-7.5523,-6.4638,-5.2093],[-0.6625,-0.0234,-0.1787,-0.0977],-0.2465
7522,[-0.6711,-0.13  ,-0.1262,-0.0775],[ -8.7738, -6.474 ,-12.374 ,-10.7603, -6.3337],[-0.6715,-0.1196,-0.131 ,-0.0919],-0.2418
7524,[-0.6674,-0.0766,-0.1722,-0.1104],[ -8.9912, -8.665 ,-10.3294, -9.7636, -8.925 ],[-0.6663,-0.0666,-0.1758,-0.1221],-0.2473
7542,[-0.6638,-0.197 ,-0.0797,-0.0125],[-37.5173,-35.555 ,-39.522 ,-39.0147,-36.0618],[-0.6654,-0.1878,-0.0877,-0.0204],-0.2531
7600,[-6.7393e-01, 1.6426e-04,-2.5529e-02,-2.1976e-01],[-4.6058,-5.3401,-5.2916,-6.2488,-3.3529],[-0.6749, 0.0009,-0.0175,-0.2322],-0.2043
7601,[-0.6852,-0.0073, 0.0741,-0.2272],[-2.4594,-3.0287,-1.1703,-3.2888,-1.664 ],[-0.686 ,-0.0096, 0.0561,-0.2276],-0.1931
7602,[-0.6704,-0.0363,-0.1292,-0.2155],[-47.0477,-45.8173,-49.4178,-48.694 ,-46.1033],[-0.6704,-0.0296,-0.124 ,-0.2294],-0.2291
7604,[-0.6661,-0.0366,-0.1762,-0.2203],[-29.4544,-28.5457,-30.9395,-30.257 ,-28.9337],[-0.6651,-0.028 ,-0.1756,-0.2314],-0.2436
7622,[-0.6723,-0.0822,-0.1443,-0.1686],[-16.5704,-14.8063,-19.9899,-18.7888,-15.3941],[-0.6721,-0.0728,-0.1452,-0.1837],-0.2362
7624,[-0.6697,-0.0696,-0.1726,-0.1937],[-14.0489,-13.6385,-16.4456,-14.7325,-13.6893],[-0.6688,-0.0597,-0.1753,-0.2078],-0.243
7700,[-0.6787, 0.0029,-0.0207,-0.3344],[-35.9494,-36.4251,-36.5482,-37.379 ,-34.8772],[-0.6802, 0.0034,-0.0129,-0.347 ],-0.1963
7701,[-0.6826,-0.0109, 0.0739,-0.3435],[-6.4489,-7.7324,-5.3409,-7.1718,-5.7405],[-0.6837,-0.0138, 0.0723,-0.3542],-0.1999
7702,[-0.6723,-0.0095,-0.1113,-0.3077],[-48.0119,-47.217 ,-50.9463,-50.3818,-47.7897],[-0.6729,-0.0046,-0.1033,-0.3222],-0.2199
7704,[-0.6639,-0.0045,-0.1815,-0.2991],[-28.4693,-27.538 ,-30.2259,-29.0227,-28.0475],[-0.663 , 0.0031,-0.1801,-0.3122],-0.2448
7710,[-0.6825, 0.0769,-0.0431,-0.3457],[-1.8493,-1.9385,-1.6398,-2.6769,-0.7866],[-0.6842, 0.0757,-0.0423,-0.3381],-0.204
7712,[-0.6657, 0.0635,-0.1082,-0.3477],[-2.3998,-1.0468,-3.3499,-3.3126,-0.8085],[-0.6668, 0.0653,-0.0999,-0.3573],-0.2351
7714,[-0.6514, 0.0639,-0.1856,-0.3496],[-1.817 ,-0.0725,-2.9996,-2.3643,-0.8289],[-0.6509, 0.0687,-0.179 ,-0.3652],-0.2666
7800,[-0.6829, 0.0103,-0.0167,-0.4219],[-130.1469,-130.4086,-130.5203,-131.4044,-129.6231],[-0.6848, 0.0105,-0.0128,-0.434 ],-0.1907
7801,[-0.6858,-0.0104, 0.0837,-0.4258],[-16.4781,-17.0185,-15.6032,-17.2473,-16.0855],[-0.6871,-0.014 , 0.0863,-0.4355],-0.1971
7802,[-0.6776, 0.024 ,-0.0914,-0.426 ],[-59.8781,-59.1052,-61.2092,-61.1547,-59.4362],[-0.679 , 0.027 ,-0.0864,-0.4397],-0.2108
7803,[-0.6878,-0.0451, 0.1857,-0.4674],[-0.9222,-2.1798,-0.8416,-1.4766,-0.7512],[-0.6877,-0.0513, 0.1747,-0.4604],-0.2161
7804,[-0.6648, 0.0378,-0.1845,-0.4186],[-3.4862,-1.8812,-5.1212,-4.4619,-3.3078],[-0.6644, 0.0441,-0.1822,-0.4329],-0.2472
7810,[-0.673 , 0.0642,-0.0347,-0.4542],[-4.932 ,-5.64  ,-5.4508,-6.1314,-4.3628],[-0.6752, 0.0632,-0.0337,-0.4658],-0.2136
7812,[-0.6692, 0.0662,-0.1111,-0.4497],[-6.3113,-4.9047,-7.3585,-7.3416,-5.3478],[-0.6707, 0.0682,-0.1026,-0.462 ],-0.2307
7814,[-0.6569, 0.0683,-0.1883,-0.4497],[-3.7262,-2.6036,-5.5088,-4.723 ,-2.835 ],[-0.6568, 0.0734,-0.1836,-0.462 ],-0.2607
7821,[-0.6889,-0.0789, 0.1666,-0.4771],[-0.2672,-1.422 ,-0.1359,-0.9958,-0.0211],[-0.6894,-0.0835, 0.1665,-0.4951],-0.2175
7823,[-0.6882,-0.0666, 0.1732,-0.4438],[-1.355 ,-2.0605,-0.8791,-1.6094,-0.4001],[-0.6883,-0.0717, 0.1698,-0.4522],-0.2177
7900,[-0.6845, 0.0351,-0.0255,-0.5265],[-29.1264,-29.3613,-29.3562,-29.6368,-29.2203],[-0.6868, 0.0348,-0.0232,-0.5388],-0.1921
7901,[-0.6874,-0.0137, 0.0938,-0.5198],[ -9.6261,-10.3594, -8.8677, -9.8526, -9.1523],[-0.6891,-0.0177, 0.0942,-0.5345],-0.1965
7902,[-0.6847, 0.0421,-0.089 ,-0.5246],[-11.7284,-10.9051,-12.2304,-12.2917,-11.3246],[-0.6865, 0.0445,-0.0868,-0.5383],-0.2026
7904,[-0.6853, 0.0517,-0.1702,-0.5221],[-0.9336,-0.6768,-1.2136,-0.7219,-0.9175],[-0.6856, 0.0578,-0.1759,-0.5373],-0.2204
7910,[-0.6803, 0.0737,-0.0371,-0.5985],[-7.1615,-7.6143,-6.7364,-8.0019,-6.2014],[-0.6833, 0.0723,-0.0326,-0.6138],-0.2033
7912,[-0.6766, 0.0773,-0.1065,-0.5779],[-4.0946,-3.0881,-6.0267,-5.9719,-3.6584],[-0.6788, 0.0789,-0.0982,-0.593 ],-0.2206
7914,[-0.6772, 0.0868,-0.1856,-0.586 ],[ 0.2537, 4.0378,-2.7235,-1.5925, 0.0457],[-0.6778, 0.0918,-0.1844,-0.601 ],-0.237
8704,[-0.6416, 0.0475,-0.2231,-0.3366],[-0.4553, 0.0293,-3.4469,-1.9388,-0.8182],[-0.6397, 0.0544,-0.2273,-0.3505],-0.2837
8714,[-0.6379, 0.0611,-0.2237,-0.3639],[-1.7395,-0.7664,-4.1784,-3.0777,-1.3875],[-0.6364, 0.0672,-0.2188,-0.3764],-0.2878
8812,[-0.6364, 0.0989,-0.1385,-0.467 ],[-3.5875,-2.8728,-4.5415,-4.5104,-3.2768],[-0.6381, 0.1004,-0.1231,-0.482 ],-0.2782
8814,[-0.6391, 0.0787,-0.2146,-0.4366],[-1.6806,-0.2689,-4.1173,-3.1308,-1.3094],[-0.6384, 0.0841,-0.2085,-0.4509],-0.2865
8912,[-0.6417, 0.1161,-0.1373,-0.5627],[-1.464 ,-1.1704,-2.5639,-2.3605,-0.9504],[-0.6439, 0.1171,-0.1218,-0.5581],-0.2736
8914,[-0.6376, 0.105 ,-0.1957,-0.5382],[-1.2101, 0.1207,-2.8126,-1.9255,-0.9063],[-0.6382, 0.1088,-0.1865,-0.5528],-0.287
