1300,[-0.9152,-0.0315, 0.0345, 0.1375],[  0.8883,  2.4793,  2.1992,  0.6162,588.839 ],[-0.9146,-0.0319, 0.036 , 0.1333],0.442
1301,[-0.9155,-0.0492, 0.0628, 0.1378],[ 1.4407e-01,-6.4176e-01, 2.4282e+02, 6.6782e-02, 2.8958e+00],[-0.9148,-0.0507, 0.0625, 0.1422],0.4279
1302,[-0.9142, 0.0476,-0.0631, 0.1392],[-5.1618,-4.5095,-7.1786,-5.5813,-5.8253],[-0.9134, 0.0493,-0.063 , 0.1413],0.4278
1310,[-0.9156, 0.0628,-0.0415, 0.1467],[-22.834 ,-24.0072,-21.7024,-23.539 ,-22.9318],[-0.9151, 0.0588,-0.0366, 0.1514],0.4357
1312,[-0.9157, 0.0751,-0.0782, 0.1404],[ 0.379 , 2.1301,-3.468 , 0.598 , 1.9404],[-0.915 , 0.0743,-0.073 , 0.1443],0.4082
1314,[-0.9253, 0.1598,-0.1807, 0.1603],[ 0.9934,11.0285,-0.8494,-0.6238,-0.8327],[-0.9243, 0.161 ,-0.1789, 0.1685],0.2947
1320,[-0.9157,-0.0623, 0.0454, 0.1369],[ 0.9885,43.4332,-0.0981,-0.0632, 7.477 ],[-0.9152,-0.0596, 0.0455, 0.1404],0.4335
1321,[-0.9165,-0.0679, 0.0812, 0.141 ],[ 1.2799, 0.125 , 3.0104, 1.4093,28.2771],[-0.9158,-0.0691, 0.0799, 0.1363],0.4094
1323,[-0.9224,-0.1477, 0.1697, 0.1345],[-0.1166,-1.4893, 7.991 , 0.3023, 3.265 ],[-0.9216,-0.1489, 0.1644, 0.141 ],0.3184
1341,[-0.9157,-0.1806, 0.1382, 0.1719],[-7.5611,-7.4848,-7.5693,-7.2734,-7.3498],[-0.916 ,-0.1716, 0.1179, 0.1721],0.3534
1343,[-0.9156,-0.1995, 0.19  , 0.1418],[ 0.4357,-0.4207, 9.0008, 4.3843, 1.8418],[-0.9154,-0.1957, 0.1777, 0.1509],0.3127
1400,[-0.9158,-0.0306, 0.0315, 0.0662],[2.5497e-01,2.0140e+03,3.6843e+00,5.8327e+00,1.9417e+00],[-0.9155,-0.031 , 0.0344, 0.0721],0.4432
1401,[-0.915 ,-0.0468, 0.064 , 0.0671],[ 3.8701e-01,-1.3217e-01, 1.2434e+03,-3.1060e-01, 6.0315e-01],[-0.9145,-0.049 , 0.0644, 0.072 ],0.4284
1402,[-0.9167, 0.0409,-0.0686, 0.0512],[ 0.0791,51.21  ,-0.9242, 0.1591, 1.1216],[-0.9162, 0.0448,-0.0693, 0.0634],0.4292
1410,[-0.9184, 0.0619,-0.0442, 0.0667],[-65.7828,-66.5939,-65.1102,-65.7239,-65.613 ],[-0.9182, 0.0586,-0.0399, 0.0743],0.4303
1412,[-0.9172, 0.0703,-0.0789, 0.0603],[ 1.1049,77.2798, 0.6229, 2.0485, 1.5921],[-0.9168, 0.0709,-0.0766, 0.0718],0.4102
1414,[-0.925 , 0.1344,-0.173 , 0.066 ],[ 0.3642,64.2405,-0.4029, 0.5557, 0.5079],[-0.924 , 0.1394,-0.1732, 0.0784],0.3022
1420,[-0.9167,-0.0602, 0.0489, 0.0526],[ 4.9713e-01, 8.3348e+02,-1.1703e-01, 1.4034e-01, 5.7425e-01],[-0.9165,-0.0585, 0.0488, 0.0608],0.4342
1421,[-0.9166,-0.0675, 0.0721, 0.0538],[1.1830e+00,4.8593e-01,8.0722e+02,1.1985e+00,1.8953e+00],[-0.9163,-0.0676, 0.0697, 0.0614],0.4176
1423,[-0.9184,-0.1486, 0.1755, 0.0382],[  0.7684, -0.3511,102.4146,  0.4737,  0.4785],[-0.9177,-0.1516, 0.1746, 0.0487],0.3192
1432,[-0.9182, 0.1798,-0.1472, 0.0399],[-18.6073,-18.6528,-18.6214,-18.6798,-18.9995],[-0.9187, 0.1741,-0.1392, 0.0429],0.3302
1434,[-0.9174, 0.1953,-0.1833, 0.0247],[ 3.7458, 4.2497,-1.0492, 2.1647,-0.6926],[-0.9177, 0.1925,-0.1747, 0.0339],0.3079
1441,[-0.9158,-0.1703, 0.1534, 0.0609],[-11.0871,-11.5825,-10.9648,-10.7449,-11.4525],[-0.916 ,-0.1664, 0.1431, 0.0672],0.3357
1443,[-0.9169,-0.1787, 0.1922, 0.0478],[ 0.9683,-0.3567,59.6569, 2.5421, 1.2457],[-0.9165,-0.1792, 0.1873, 0.0591],0.3042
1500,[-0.9158,-0.0209, 0.0194,-0.0616],[  1.4895,  2.2497,  2.3636,239.2206,  0.6019],[-0.916 ,-0.0209, 0.0208,-0.0487],0.4504
1501,[-0.915 ,-0.0459, 0.0651,-0.0451],[  0.1595, -1.0979,107.34  , -0.3541, -1.1116],[-0.9151,-0.0489, 0.0663,-0.0376],0.4269
1502,[-0.9172, 0.0393,-0.0687,-0.0593],[-25.9562,-23.0235,-27.9165,-26.5249,-26.0645],[-0.9172, 0.044 ,-0.0714,-0.0485],0.4282
1510,[-0.9194, 0.0616,-0.0438,-0.0686],[-9.3579,-8.6611,52.8375,-7.7201,-8.9293],[-0.9198, 0.0588,-0.0413,-0.0562],0.4286
1512,[-0.919 , 0.0688,-0.076 ,-0.0602],[ 1.4306, 1.0955, 0.5491,48.1691, 0.257 ],[-0.9191, 0.0697,-0.0746,-0.0455],0.4083
1514,[-0.9186, 0.1529,-0.1738,-0.0546],[ 0.155 ,23.3453,-1.0762, 0.6655, 0.522 ],[-0.9184, 0.1559,-0.1739,-0.0408],0.318
1520,[-0.9166,-0.0609, 0.0485,-0.058 ],[ 1.0582e+00, 4.7885e+02,-2.1991e-01, 1.1508e+00, 5.5504e-02],[-0.9169,-0.0592, 0.0485,-0.0491],0.4337
1521,[-0.9162,-0.0673, 0.0712,-0.0594],[1.1645e+00,1.6843e-01,2.7756e+02,2.7649e+02,3.0903e-01],[-0.9164,-0.0678, 0.0697,-0.0496],0.4193
1523,[-0.9195,-0.1432, 0.1779,-0.0532],[-0.3333,-0.8616,68.8537, 0.8051,-0.1316],[-0.919 ,-0.1483, 0.1796,-0.0413],0.3185
1532,[-0.9179, 0.1679,-0.1574,-0.0247],[-9.0504,-9.2245,-9.5411,-9.1945,-9.5445],[-0.9182, 0.1667,-0.1576,-0.0161],0.3269
1534,[-0.9165, 0.1981,-0.2112,-0.0646],[ 0.6047, 5.4598,-0.2893, 5.5719,-0.6702],[-0.9164, 0.1997,-0.2076,-0.0498],0.2894
1541,[-0.9208,-0.1751, 0.1476,-0.0718],[-8.9046,-8.7885,-8.3373,-8.1502,-9.7202],[-0.9217,-0.1702, 0.138 ,-0.0605],0.3193
1543,[-0.9168,-0.1759, 0.1898,-0.0535],[ 2.2962e-02,-2.2820e-01, 4.5050e+00, 2.8489e+01, 9.2917e-01],[-0.9167,-0.1776, 0.1872,-0.0396],0.3064
1600,[-0.9162,-0.0052, 0.0046,-0.1649],[-153.8303,-153.7973,-154.1599,-153.8931,-154.889 ],[-0.9169,-0.0053, 0.0051,-0.1573],0.4552
1601,[-0.9159,-0.0437, 0.0684,-0.1681],[-56.433 ,-56.4695,-54.1908,-55.5407,-56.4892],[-0.9164,-0.0482, 0.0713,-0.1634],0.4237
1602,[-0.9142, 0.0451,-0.0658,-0.1687],[-4.93  ,-2.3487,-6.0729,-3.9165,-5.0429],[-0.9148, 0.0486,-0.0673,-0.1666],0.4289
1603,[-0.9207,-0.0533, 0.1819,-0.1467],[-1.9609,-2.504 ,-1.4223,-1.6845,-2.7668],[-0.9194,-0.0729, 0.1874,-0.1325],0.3534
1610,[-0.9176, 0.0627,-0.043 ,-0.1757],[-40.9737,-42.0629,-40.9485,-41.6456,-42.6207],[-0.9185, 0.059 ,-0.0352,-0.1646],0.4353
1612,[-0.9168, 0.0691,-0.0743,-0.1801],[ -7.7734, -2.9797,-11.4307, -3.2244, -9.9423],[-0.9175, 0.07  ,-0.0712,-0.1701],0.4123
1614,[-0.9176, 0.1484,-0.1842,-0.1921],[ 1.7015, 3.5726,-0.6562, 4.8437,-1.3167],[-0.9176, 0.1548,-0.1869,-0.1778],0.3158
1620,[-0.9146,-0.0627, 0.0464,-0.1665],[ -8.6458, -8.6415, -9.9177, -7.8706,-10.2839],[-0.9154,-0.0604, 0.0438,-0.1577],0.4379
1621,[-0.9144,-0.0725, 0.0751,-0.1678],[  0.7186, -0.9802,  3.948 ,117.4811, -0.2148],[-0.915 ,-0.0732, 0.0735,-0.1573],0.4159
1623,[-0.9165,-0.1449, 0.1796,-0.1852],[-6.5087,-7.5744,-4.5532,-6.1094,-7.3421],[-0.9165,-0.1512, 0.1835,-0.1716],0.3226
1634,[-0.9188, 0.1785,-0.211 ,-0.1575],[ 0.4171, 5.1005,-0.2719, 5.0904,-0.4845],[-0.9185, 0.1844,-0.2158,-0.1421],0.2855
1641,[-0.9205,-0.1811, 0.1438,-0.1553],[-17.6118,-18.241 ,-18.351 ,-17.8936,-18.6298],[-0.9221,-0.1746, 0.1266,-0.1511],0.3194
1643,[-0.9204,-0.1827, 0.1913,-0.1776],[-4.561 ,-6.4626,-3.0717,-3.8   ,-6.0905],[-0.921 ,-0.1847, 0.1871,-0.166 ],0.2903
1700,[-0.9161, 0.0128,-0.007 ,-0.2881],[-144.8442,-144.9383,-144.7155,-144.1574,-145.6171],[-0.9173, 0.0118,-0.0049,-0.2767],0.4597
1701,[-0.9154,-0.0389, 0.0693,-0.2719],[-32.2396,-32.8258,-31.5603,-31.6694,-32.6131],[-0.9164,-0.0447, 0.0742,-0.2639],0.4266
1702,[-0.9163, 0.0443,-0.0682,-0.3143],[-24.1122,-22.5352,-24.7422,-23.4322,-24.9252],[-0.9174, 0.0489,-0.0698,-0.3013],0.4266
1710,[-0.9161, 0.0634,-0.0436,-0.288 ],[-29.3552,-29.6875,-29.0241,-28.2429,-30.0899],[-0.9174, 0.0604,-0.0389,-0.2755],0.4359
1712,[-0.9166, 0.0691,-0.0741,-0.2883],[-69.8848,-70.1162,-71.8014,-69.5494,-71.9973],[-0.9177, 0.0707,-0.0739,-0.2757],0.4127
1714,[-0.919 , 0.1174,-0.1833,-0.2702],[ 0.3605, 9.6376,-1.0407, 4.1069,-1.3601],[-0.9188, 0.1285,-0.1851,-0.2543],0.3235
1720,[-0.9151,-0.0674, 0.0433,-0.2717],[-54.6924,-54.1518,-55.025 ,-54.3234,-55.4767],[-0.9164,-0.0641, 0.0401,-0.2635],0.4368
1721,[-0.9153,-0.0832, 0.088 ,-0.2747],[-110.0969,-110.3516,-108.8753,-108.7071,-110.3611],[-0.9164,-0.0847, 0.0866,-0.2648],0.4025
1723,[-0.9173,-0.1458, 0.1727,-0.2911],[-1.8499,-2.8077,-0.7076,-1.1596,-3.2566],[-0.9178,-0.152 , 0.177 ,-0.2768],0.3213
1743,[-0.9208,-0.1681, 0.1957,-0.2604],[-14.5967,-15.6379,-14.2898,-13.9077,-15.9245],[-0.9211,-0.1742, 0.1987,-0.247 ],0.2914
1800,[-0.9141, 0.0093,-0.017 ,-0.402 ],[-74.2095,-74.3296,-73.9274,-73.8618,-75.6549],[-0.9158, 0.0115,-0.0228,-0.387 ],0.4653
1801,[-0.9129,-0.0382, 0.0869,-0.3978],[-10.9371,-11.8628,-10.5763,-10.3116,-12.0465],[-0.9141,-0.0469, 0.0913,-0.3802],0.4242
1802,[-0.9144, 0.0401,-0.0691,-0.3948],[-8.8021,-7.3396,-8.9521,-7.7324,-9.4841],[-0.9158, 0.0462,-0.0752,-0.3798],0.4292
1810,[-0.9139, 0.0637,-0.044 ,-0.3942],[-9.02  ,-8.8847,-8.48  ,-8.1766,-9.7111],[-0.9157, 0.0609,-0.0386,-0.3787],0.4414
1812,[-0.9138, 0.0814,-0.0834,-0.4008],[-34.3645,-34.5013,-35.1904,-33.774 ,-36.13  ],[-0.9154, 0.083 ,-0.0827,-0.3859],0.4091
1820,[-0.9162,-0.0741, 0.0351,-0.3959],[-8.9922,-7.7605,-8.3383,-7.7154,-9.3849],[-0.9182,-0.0696, 0.0366,-0.3792],0.4321
1821,[-0.913 ,-0.0891, 0.1069,-0.3992],[-38.8396,-40.2044,-39.0268,-38.3936,-40.0267],[-0.9143,-0.093 , 0.1056,-0.3844],0.3934
1900,[-0.9131, 0.001 ,-0.0115,-0.5084],[-261.8887,-261.1505,-262.0562,-261.4835,-262.6503],[-0.9153, 0.0043,-0.0217,-0.4902],0.4856
2200,[-0.8964,-0.0448, 0.0483, 0.2663],[-28.3714,-28.1969,-27.8634,-28.4816,-27.4025],[-0.8952,-0.0447, 0.0475, 0.2633],0.3617
2210,[-0.904 , 0.0623,-0.0194, 0.2619],[-3.7765,-3.5413,-3.4548,-4.1887,-2.1745],[-9.0317e-01, 5.4499e-02,-2.1931e-04, 2.4755e-01],0.4143
2212,[-0.9081, 0.0617,-0.0709, 0.2528],[-4.72  ,-4.1606,-5.7935,-5.6502,-4.3437],[-0.907 , 0.0619,-0.0685, 0.2385],0.3959
2221,[-0.8928,-0.0902, 0.0731, 0.2565],[-5.5861,-6.6082,-5.4836,-6.1149,-5.342 ],[-0.8919,-0.0862, 0.0594, 0.2536],0.324
2300,[-0.9087,-0.04  , 0.0393, 0.1427],[-232.2784,-232.6963,-231.7693,-233.2538,-231.2805],[-0.9081,-0.0396, 0.0383, 0.1348],0.4197
2301,[-0.9087,-0.05  , 0.0637, 0.1397],[-70.0177,-70.976 ,-69.1679,-71.399 ,-68.108 ],[-0.9081,-0.0514, 0.0632, 0.1374],0.4081
2302,[-0.9091, 0.0486,-0.0639, 0.1463],[-34.6766,-34.624 ,-35.1244,-35.6234,-34.1453],[-0.9084, 0.0501,-0.063 , 0.1442],0.4102
2310,[-0.9083, 0.0637,-0.0407, 0.1538],[-29.111 ,-29.2408,-28.5476,-29.1595,-27.7881],[-0.9078, 0.0596,-0.0339, 0.1497],0.4169
2312,[-0.9084, 0.0731,-0.0801, 0.1478],[-34.1725,-33.5559,-34.8729,-34.729 ,-33.2123],[-0.9077, 0.073 ,-0.0757, 0.1447],0.3901
2320,[-0.9092,-0.0601, 0.0481, 0.1435],[-21.1246,-20.9025,-21.5655,-21.5822,-20.7753],[-0.9086,-0.058 , 0.0461, 0.141 ],0.4156
2321,[-0.9074,-0.0638, 0.0792, 0.1441],[-76.7993,-78.75  ,-77.1962,-77.9527,-76.7714],[-0.9066,-0.0653, 0.0788, 0.1369],0.3875
2400,[-0.9085,-0.0408, 0.0348, 0.0594],[ 1.3988e+00, 6.5006e+00, 8.8751e+00,-1.0978e+00, 2.1776e+03],[-0.9083,-0.0395, 0.0317, 0.046 ],0.4247
2401,[-0.9091,-0.0484, 0.0636, 0.0735],[ -0.5436, -1.6444,140.0889, -1.9443,  7.3769],[-0.9087,-0.0502, 0.0631, 0.0666],0.4116
2402,[-0.9067, 0.0336,-0.065 , 0.0539],[-78.2992,-77.2945,-79.0761,-78.5047,-77.6319],[-0.9063, 0.0377,-0.0663, 0.0441],0.4052
2410,[-0.908 , 0.0636,-0.0406, 0.0633],[-45.7113,-46.3868,-44.6313,-45.7117,-45.6303],[-0.9079, 0.0598,-0.0346, 0.056 ],0.4165
2412,[-0.9079, 0.0751,-0.0821, 0.0757],[-15.4505,-14.6418,-18.7303,-16.2152,-12.8489],[-0.9076, 0.0753,-0.0782, 0.0676],0.3872
2414,[-0.9073, 0.1427,-0.1711, 0.036 ],[ -7.7948, -7.6742,-10.5365, -7.6997, -8.7975],[-0.9067, 0.1454,-0.1683, 0.0347],0.3067
2420,[-0.9076,-0.0611, 0.0465, 0.052 ],[ -9.7904,-11.881 ,-12.8034,-12.1664, -7.3297],[-0.9076,-0.0583, 0.0399, 0.0407],0.4136
2421,[-0.9067,-0.0695, 0.0806, 0.0627],[ 3.3684e+00, 7.6175e-02, 9.0318e+01,-1.2205e-01, 8.9858e+01],[-0.9064,-0.0704, 0.0783, 0.0513],0.3843
2423,[-0.904 ,-0.1435, 0.1803, 0.0409],[-4.9571,-7.545 ,-3.7243,-5.4719,-3.4389],[-0.9032,-0.1472, 0.1797, 0.0382],0.2869
2441,[-0.911 ,-0.171 , 0.1548, 0.0906],[-3.4349,-3.442 ,-4.4058,-3.9345,-2.1097],[-0.9112,-0.1667, 0.1407, 0.0974],0.328
2443,[-0.904 ,-0.173 , 0.1845, 0.0394],[ 0.1277,-0.6178,37.9255, 0.66  , 3.7445],[-0.9038,-0.173 , 0.1762, 0.0345],0.2789
2500,[-0.9086,-0.0292, 0.0163,-0.0563],[1.4515e+00,2.6430e+03,2.8129e+00,5.2778e-01,1.6665e+00],[-0.9089,-0.0276, 0.0168,-0.0693],0.4358
2501,[-0.9086,-0.0461, 0.0662,-0.0587],[ -0.5323, -0.4984,254.4302, -0.6373, -0.2574],[-0.9088,-0.049 , 0.067 ,-0.0701],0.4105
2502,[-0.9071, 0.0289,-0.0662,-0.0705],[ 3.3349e-01, 2.1455e+02,-1.4820e+00,-2.5119e-02,-5.4687e-01],[-0.9073, 0.0342,-0.068 ,-0.0827],0.4103
2510,[-0.9078, 0.0641,-0.0423,-0.054 ],[-37.8791,-38.4673,-37.2426,-38.2806,-38.0147],[-0.9082, 0.0609,-0.0388,-0.0636],0.4159
2512,[-0.9062, 0.0726,-0.0827,-0.0692],[-10.5547, -6.7015,-13.3897,-12.707 ,-10.8588],[-0.9065, 0.0739,-0.081 ,-0.0788],0.3819
2514,[-0.9052, 0.134 ,-0.1736,-0.0153],[-11.9568,-11.85  ,-13.6238,-12.239 ,-11.6779],[-0.9045, 0.1387,-0.1749,-0.0093],0.2978
2520,[-0.9069,-0.0629, 0.0467,-0.0647],[1.6107e-01,2.0698e+02,1.2743e-01,7.7823e-01,1.0582e+00],[-0.9074,-0.0609, 0.0463,-0.0791],0.4086
2521,[-0.9075,-0.0707, 0.0815,-0.0677],[ 1.5429e+00,-3.1775e-01, 2.9982e+00, 1.2756e+00, 7.0098e+02],[-0.9077,-0.0722, 0.0803,-0.0821],0.3883
2523,[-0.9048,-0.1442, 0.1799,-0.06  ],[ 1.8202,-5.0216, 2.1495,-2.0172, 0.4156],[-0.9044,-0.1488, 0.1801,-0.0712],0.2908
2541,[-0.8997,-0.1701, 0.1516,-0.0371],[-1.5345,-2.987 ,-1.5295,-1.8948,-0.9852],[-0.9005,-0.1668, 0.1375,-0.0525],0.2865
2543,[-0.904 ,-0.178 , 0.188 ,-0.0826],[ 0.9717,-0.4761, 4.7481, 2.154 ,96.0358],[-0.9043,-0.179 , 0.1813,-0.0897],0.275
2600,[-0.909 ,-0.0089, 0.0045,-0.1509],[  1.6288,  5.7462,156.8466,  0.4983,  0.482 ],[-0.9097,-0.0081, 0.0032,-0.1588],0.443
2601,[-0.9084,-0.0471, 0.0707,-0.1534],[-41.1302,-42.1311,-39.8885,-40.1703,-40.6281],[-0.909 ,-0.0508, 0.0721,-0.1586],0.4081
2602,[-0.909 , 0.0451,-0.0671,-0.1494],[ -0.6879,185.3229, -0.2242,  0.9778,  1.3647],[-0.9096, 0.0487,-0.0689,-0.158 ],0.4134
2610,[-0.9083, 0.0645,-0.0441,-0.184 ],[-19.4687,-19.4273,-17.5149,-19.0428,-19.8913],[-0.9093, 0.0613,-0.0378,-0.1882],0.4211
2612,[-0.9084, 0.0714,-0.0862,-0.1667],[  0.7587,177.7454, -0.4356,  0.8225,  2.8321],[-0.9091, 0.0736,-0.0843,-0.1751],0.3918
2620,[-0.9087,-0.0636, 0.0489,-0.1679],[  1.2204,198.6058,  0.5916,  0.79  ,  0.4638],[-0.9096,-0.0621, 0.0493,-0.1804],0.4164
2621,[-0.9087,-0.0762, 0.0854,-0.1658],[1.4386e+00,9.4316e-02,4.9754e+02,1.5316e+00,1.0133e+00],[-0.9094,-0.0778, 0.0841,-0.178 ],0.3912
2623,[-0.9058,-0.1449, 0.1769,-0.2139],[-0.0753,-1.6855,11.9   ,10.0571,-0.5816],[-0.906 ,-0.1501, 0.1774,-0.2101],0.2974
2641,[-0.9088,-0.172 , 0.1505,-0.1864],[ 0.9536, 0.1751, 0.3607,13.263 , 0.5513],[-0.9102,-0.1688, 0.1371,-0.1768],0.3246
2643,[-0.9077,-0.1785, 0.1909,-0.1588],[  1.2272, -0.4265,108.5371,  7.8676,  0.7114],[-0.9081,-0.1804, 0.1855,-0.1602],0.2873
2700,[-0.9029, 0.0118,-0.0067,-0.3205],[  1.5557,338.1284,  1.9697,  0.3585,  1.9289],[-0.9042, 0.0109,-0.0037,-0.311 ],0.4243
2701,[-0.9052,-0.0377, 0.0691,-0.2838],[ 1.2213,-0.187 ,15.4113, 1.3872,-0.4242],[-0.9062,-0.0431, 0.0735,-0.2763],0.3989
2702,[-0.9037, 0.044 ,-0.067 ,-0.3447],[  0.2185,100.5941, -0.4364,  1.1788,  0.7969],[-0.905 , 0.0476,-0.0657,-0.334 ],0.395
2710,[-0.905 , 0.06  ,-0.0485,-0.3246],[ 0.6053, 0.0482, 4.5065, 6.1045,-1.0219],[-0.9064, 0.0587,-0.0454,-0.3101],0.4058
2712,[-0.906 , 0.0634,-0.0673,-0.3128],[117.2957,  4.2809,  1.0129,  1.0341,  1.3627],[-0.9073, 0.0647,-0.0669,-0.3035],0.3967
2720,[-0.9077,-0.0645, 0.0469,-0.2692],[-0.904 , 1.9186,-2.0762, 2.6046,-2.4109],[-0.909 ,-0.0626, 0.0458,-0.2686],0.4155
2721,[-0.9052,-0.0803, 0.103 ,-0.2938],[ 0.8986, 0.544 ,35.7912, 4.7988, 0.5544],[-0.9061,-0.0843, 0.1036,-0.2857],0.3645
2723,[-0.9047,-0.1451, 0.1759,-0.291 ],[-0.2958,-2.2011,-1.1352, 5.5646,-0.5109],[-0.9052,-0.1506, 0.1765,-0.2772],0.2943
2741,[-0.9074,-0.1697, 0.1598,-0.2549],[ 0.883 ,-0.976 ,-1.3089, 3.1839,-1.0226],[-0.9088,-0.1688, 0.1493,-0.2395],0.313
2743,[-0.9057,-0.1682, 0.1711,-0.2796],[ 1.1977,-0.1024,16.2533, 2.0189, 0.2109],[-0.9068,-0.1694, 0.1639,-0.263 ],0.2978
2800,[-0.8919, 0.0135,-0.0051,-0.4353],[  1.8188,  1.8817,602.3294,  2.2359,  0.7205],[-0.8938, 0.0131,-0.0086,-0.4202],0.3814
2801,[-0.8963,-0.0309, 0.0724,-0.4436],[ 2.6586,-0.0721, 2.9285,24.1576, 0.1023],[-0.8979,-0.0372, 0.0751,-0.4262],0.3642
2802,[-0.8982, 0.0423,-0.0667,-0.41  ],[ 0.1485,74.2548, 0.1314, 1.2513,-0.1194],[-0.8998, 0.0467,-0.0702,-0.3963],0.3707
2810,[-0.8951, 0.0608,-0.0466,-0.442 ],[ 2.6184, 0.5071, 3.4644, 8.0245,-0.2637],[-0.897 , 0.0594,-0.043 ,-0.4255],0.3657
2812,[-0.8975, 0.0666,-0.0675,-0.4348],[8.2374e-01,1.0586e+02,5.1885e-02,4.3010e+00,8.7645e-01],[-0.8993, 0.0677,-0.0668,-0.4198],0.3602
2820,[-0.9009,-0.0779, 0.0338,-0.4434],[ 0.2219, 2.8657,-0.2319, 2.5723,-0.736 ],[-0.9031,-0.0724, 0.0294,-0.429 ],0.3924
2821,[-0.9032,-0.0747, 0.1059,-0.4195],[ 1.7155, 1.201 ,89.4115, 1.3427, 0.1686],[-0.9045,-0.0806, 0.109 ,-0.4033],0.3568
2823,[-0.9003,-0.1311, 0.1736,-0.3886],[ 1.2625,-0.2126,21.7337, 2.3631,-0.6082],[-0.901 ,-0.1386, 0.1776,-0.3756],0.2826
2900,[-8.7795e-01, 2.4303e-02,-9.6857e-05,-5.7591e-01],[-3.1190e-01, 4.7976e-01, 1.1588e+01, 1.5157e+03,-5.2580e-01],[-8.8045e-01, 2.1817e-02, 1.5631e-04,-5.5804e-01],0.3245
2901,[-0.8905,-0.0121, 0.0701,-0.5375],[ 4.2816e-01,-1.3823e-02, 3.6527e+02, 5.5658e-01,-6.4759e-01],[-0.8924,-0.0204, 0.0742,-0.5205],0.3486
2902,[-0.8787, 0.042 ,-0.0673,-0.5937],[  0.8754,162.4376, -1.5966,  2.0027, -1.9431],[-0.881 , 0.0459,-0.0679,-0.5802],0.2941
2910,[-0.8772, 0.0609,-0.0445,-0.5785],[-106.5783,-106.291 ,-105.9235,-105.9564,-107.829 ],[-0.8798, 0.0597,-0.0413,-0.5625],0.2944
2912,[-0.8821, 0.0632,-0.0626,-0.5818],[ -0.5147,  4.2153, -1.4324,165.1717, -1.2157],[-0.8846, 0.0643,-0.0627,-0.5648],0.3029
2920,[-0.8854,-0.0786, 0.0483,-0.5145],[-13.3872,-13.3035,-13.3833,-13.554 ,-14.7798],[-0.8879,-0.0745, 0.0344,-0.4963],0.3234
2921,[-0.8828,-0.0974, 0.1009,-0.599 ],[ 2.9338e-01,-3.8136e-01, 1.4091e+00, 2.5332e+02, 6.2320e-02],[-0.8852,-0.0994, 0.0984,-0.5815],0.2755
3700,[-0.8623, 0.0327,-0.0159,-0.3578],[-2.6955,-2.514 ,-2.1456,-3.3979,-2.4195],[-0.8641, 0.0312,-0.0151,-0.3752],0.2551
3800,[-0.8612, 0.0344,-0.0069,-0.4689],[2.323 ,0.4031,3.6144,1.8822,1.1415],[-0.8633, 0.032 ,-0.0068,-0.4609],0.2544
3810,[-0.8489, 0.0596,-0.034 ,-0.4871],[ 1.1611, 0.4651, 1.0857, 1.7953,14.0345],[-0.8512, 0.0572,-0.0257,-0.4855],0.1956
3900,[-0.8541, 0.0397,-0.0031,-0.6863],[1.9573e+00,5.5746e-01,9.0986e+02,1.4249e+00,4.8802e-01],[-0.8572, 0.0365,-0.0032,-0.6699],0.2284
3901,[-0.8428,-0.025 , 0.0729,-0.7927],[-0.5417,-1.6362, 9.8638, 0.4222,-1.2216],[-0.8459,-0.0305, 0.0754,-0.7787],0.1689
3902,[-0.8495, 0.049 ,-0.0636,-0.7053],[-1.8831,87.5274,-2.7729,-0.2057,-2.483 ],[-0.8524, 0.0515,-0.0644,-0.693 ],0.1881
3910,[-0.8429, 0.0628,-0.0382,-0.755 ],[1.8423e+00,8.0693e-01,8.4084e+00,8.9201e+02,9.9619e-01],[-0.8463, 0.0607,-0.0303,-0.7389],0.1759
3912,[-0.8345, 0.0642,-0.0607,-0.7806],[ 7.7636e-01, 5.0194e+02,-5.4174e-01, 1.2843e+00, 4.7421e-01],[-0.8379, 0.0649,-0.0585,-0.7708],0.1373
3921,[-0.8574,-0.0785, 0.1157,-0.7257],[ 1.2765, 0.3026,24.2615, 1.6377, 0.8359],[-0.8599,-0.0842, 0.118 ,-0.7145],0.1808
4900,[-0.7979, 0.0475,-0.0302,-0.928 ],[ -7.7058, -7.8798, 12.6574, 11.8684,-10.3571],[-0.802 , 0.0471,-0.0323,-0.9185],0.0446
4901,[-0.8183, 0.0019, 0.0678,-0.9329],[-13.6037,-14.4486,-12.9221,-13.9979,-13.7583],[-0.8219,-0.005 , 0.0736,-0.9152],0.1001
4902,[-0.7909, 0.0444,-0.0691,-0.7884],[ 3.5612e-01, 7.1184e+02,-3.2421e-01,-6.2241e-01,-2.6748e-01],[-0.7942, 0.047 ,-0.0694,-0.7915],0.0139
4910,[-0.8045, 0.0605,-0.0498,-0.8232],[  0.972 ,  0.1971,172.4475,  0.4192,  1.9316],[-0.8082, 0.0608,-0.0511,-0.8227],0.0526
4912,[-0.8056, 0.0611,-0.0644,-0.819 ],[ 6.9265e-01, 5.8100e+02,-2.6353e-01, 3.1323e-01, 1.2624e+00],[-0.8092, 0.0623,-0.0624,-0.8176],0.0517
5900,[-0.7492, 0.0163,-0.0304,-0.7561],[ 1.2641e+00, 1.6718e+00, 3.0339e+02,-2.4246e-01, 1.2047e+00],[-0.7525, 0.0177,-0.0357,-0.7656],-0.07
5901,[-0.7354,-0.045 , 0.057 ,-0.7143],[-1.0612,-2.0279, 3.1501,-0.8207, 7.8582],[-0.7386,-0.0462, 0.0559,-0.7282],-0.1083
5902,[-0.7578, 0.0354,-0.0655,-0.7574],[ 3.3762e-01, 6.5163e+02,-1.8541e-01,-3.9987e-01, 4.9255e-01],[-0.761 , 0.0379,-0.0656,-0.7645],-0.0614
5910,[-0.7598, 0.0585,-0.0407,-0.8736],[ 0.3651,-1.7151, 4.3566,-2.273 ,91.815 ],[-0.7639, 0.0576,-0.0329,-0.8916],-0.0522
5912,[-0.7536, 0.0602,-0.0652,-0.8426],[-2.3262,39.8128,-7.3445,-6.4077, 3.1361],[-0.7573, 0.0611,-0.0612,-0.8558],-0.0736
6700,[-6.9125e-01, 3.2613e-03,-3.1593e-05,-3.6308e-01],[-0.1044,-0.5858, 0.4954,-1.1672, 4.3696],[-0.6928, 0.0029, 0.0036,-0.3746],-0.1772
6701,[-0.6918,-0.0044, 0.0655,-0.3571],[-1.2654,-2.4261, 0.9734,-2.0376, 0.7441],[-0.6931,-0.0075, 0.0689,-0.3745],-0.1837
6702,[-0.6908, 0.014 ,-0.0661,-0.3693],[-1.8431,-0.6902,-2.411 ,-2.8404,-0.46  ],[-0.6922, 0.0163,-0.0611,-0.3755],-0.1853
6800,[-0.6937, 0.0025, 0.0049,-0.4676],[-47.1866,-47.1175,-46.6646,-48.592 ,-46.1029],[-0.6958, 0.0021, 0.0067,-0.4823],-0.1722
6801,[-0.6922,-0.0079, 0.0715,-0.4702],[-7.8863,-8.9911,-5.9313,-9.3822,-7.2925],[-0.694 ,-0.0107, 0.0642,-0.4847],-0.1821
6802,[-0.6932, 0.0203,-0.0721,-0.4753],[-43.7938,-43.2281,-43.7683,-44.6293,-43.2615],[-0.6949, 0.023 ,-0.073 ,-0.4897],-0.184
6810,[-0.6928, 0.0607,-0.043 ,-0.4952],[-1.0499,-1.6857,-0.646 ,-2.3618, 0.2264],[-0.6953, 0.0594,-0.0266,-0.5133],-0.1818
6812,[-0.6905, 0.0611,-0.0579,-0.48  ],[-6.5739,-5.9803,-7.128 ,-7.6908,-5.7239],[-0.6928, 0.0607,-0.043 ,-0.4952],-0.1886
6900,[-0.7123, 0.0039,-0.0098,-0.6068],[ 1.1524e+00,-2.3892e-01, 4.4974e+02,-5.1065e-01, 2.0407e+00],[-0.715 , 0.0045,-0.0139,-0.6198],-0.1399
6901,[-0.6957,-0.0068, 0.0664,-0.5271],[-0.716 ,-1.4083,92.1657,-1.0697,-0.3348],[-0.6978,-0.0093, 0.0551,-0.5428],-0.1744
6902,[-0.713 , 0.0355,-0.0699,-0.6374],[-0.184 ,92.028 , 0.1021,-1.5397,92.2873],[-0.7156, 0.0377,-0.0692,-0.6532],-0.151
6910,[-0.7196, 0.0617,-0.037 ,-0.7274],[-0.465 ,-3.427 ,14.5003,-3.2607, 3.9288],[-0.723 , 0.0606,-0.0316,-0.7446],-0.1358
6912,[-0.7206, 0.0624,-0.0814,-0.7183],[-10.7365, -3.4044,-13.5907,-13.346 , -3.5973],[-0.7236, 0.0638,-0.0761,-0.7349],-0.1432
7422,[-0.6697,-0.1531,-0.1128, 0.0126],[-6.3981,-5.7026,-8.7964,-7.5015,-5.1466],[-0.6703,-0.1424,-0.1192,-0.0012],-0.245
7442,[-0.6662,-0.1837,-0.0917, 0.0139],[-5.5566,-4.9113,-7.3512,-6.231 ,-4.4412],[-0.6677,-0.1727,-0.1005, 0.0051],-0.2499
7502,[-0.6686,-0.0496,-0.133 ,-0.1239],[-6.1304,-5.1208,-8.0576,-7.4192,-4.9592],[-0.6683,-0.0424,-0.1284,-0.1396],-0.2343
7522,[-0.6713,-0.1327,-0.1246,-0.0803],[ -6.2185, -3.9885,-10.4208, -8.8371, -4.4522],[-0.6718,-0.1221,-0.1295,-0.0952],-0.2417
7542,[-0.6638,-0.1968,-0.0795,-0.0121],[-40.3258,-38.2346,-42.6966,-41.7663,-39.1385],[-0.6654,-0.1877,-0.0874,-0.0203],-0.253
7600,[-6.7592e-01,-5.6596e-04,-3.1654e-02,-2.2731e-01],[-3.7882,-4.9009,-4.6408,-5.5027,-2.6372],[-6.7697e-01, 3.7087e-04,-2.0690e-02,-2.4387e-01],-0.2001
7602,[-0.6713,-0.0413,-0.1316,-0.2218],[-44.7001,-43.4284,-46.9338,-46.4242,-43.8893],[-0.6714,-0.0343,-0.1267,-0.2366],-0.2288
7604,[-0.6691,-0.049 ,-0.1691,-0.2355],[-29.6747,-28.2474,-30.9897,-30.0458,-28.962 ],[-0.6684,-0.04  ,-0.1687,-0.2505],-0.2397
7622,[-0.6725,-0.0815,-0.1424,-0.1697],[-25.3578,-24.5781,-29.3399,-28.1939,-25.1296],[-0.6724,-0.0723,-0.1429,-0.1848],-0.2354
7624,[-0.6702,-0.0654,-0.1695,-0.2112],[-12.9135,-12.5253,-14.786 ,-13.8032,-12.55  ],[-0.6695,-0.0557,-0.171 ,-0.227 ],-0.2409
7700,[-6.7857e-01, 1.7638e-04,-2.7966e-02,-3.4583e-01],[-32.6828,-33.8059,-33.7399,-34.4715,-31.4775],[-0.6801, 0.0009,-0.0162,-0.3606],-0.1958
7701,[-0.6835,-0.0081, 0.0663,-0.3593],[-4.8829,-6.0663,-3.3844,-5.8942,-4.0463],[-0.6849,-0.0105, 0.0587,-0.3753],-0.1952
7702,[-0.6733,-0.0132,-0.1058,-0.3068],[-62.0381,-60.2015,-64.2911,-63.7691,-61.7054],[-0.6741,-0.0084,-0.0966,-0.3218],-0.2171
7704,[-0.6672,-0.0261,-0.1716,-0.2835],[-28.9682,-28.4798,-31.0608,-30.3719,-28.9753],[-0.6666,-0.018 ,-0.1693,-0.2993],-0.2391
7800,[-0.6836, 0.0067,-0.0131,-0.4235],[-121.3892,-121.6184,-121.47  ,-122.6918,-121.1223],[-0.6855, 0.0067,-0.0059,-0.4384],-0.1884
7801,[-0.6869,-0.0049, 0.0668,-0.4412],[-12.856 ,-13.5988,-11.1748,-13.5059,-12.7341],[-0.6886,-0.0076, 0.0611,-0.4568],-0.1898
7802,[-0.6788, 0.0165,-0.0805,-0.4179],[-80.755 ,-79.8491,-81.4016,-81.6456,-80.2543],[-0.6803, 0.0192,-0.0726,-0.4329],-0.2056
7812,[-0.6823, 0.0587,-0.0957,-0.4555],[ -9.8522, -9.6831,-11.314 ,-11.531 , -9.5464],[-0.684 , 0.0602,-0.0845,-0.4729],-0.2083
7900,[-0.6864, 0.025 ,-0.0075,-0.519 ],[-21.2019,-21.3358,-21.1087,-22.0012,-20.8911],[-6.8873e-01, 2.3974e-02,-2.1828e-04,-5.3398e-01],-0.1872
7901,[-0.6871, 0.0099, 0.0652,-0.5169],[-5.8544,-6.7904,-5.4891,-6.7349,-5.8238],[-0.6892, 0.0063, 0.0632,-0.5337],-0.1894
7902,[-0.6853, 0.0368,-0.0816,-0.5184],[-16.5754,-16.2655,-16.8482,-17.373 ,-16.2469],[-0.6873, 0.0391,-0.0772,-0.5334],-0.1992
7910,[-0.6852, 0.0592,-0.0344,-0.5417],[-10.5379,-10.9102, -9.5891,-11.4891, -9.7786],[-0.6879, 0.0575,-0.0168,-0.5595],-0.1915
7912,[-0.6827, 0.0631,-0.1043,-0.5609],[-11.802 ,-11.5358,-13.4569,-13.1769,-11.0005],[-0.6848, 0.0651,-0.0959,-0.5752],-0.2098
