100,[-0.9597, 0.0147,-0.013 , 0.3838],[1.5816,1.2067,0.9464,1.2447,2.2977],[-0.958 , 0.0135,-0.0118, 0.3841],0.2941
101,[-0.9561,-0.0501, 0.0756, 0.3834],[-0.0512,-0.7125, 1.3422, 0.2252, 0.0119],[-0.9543,-0.0534, 0.0731, 0.3943],0.272
102,[-0.9586, 0.0356,-0.0932, 0.4013],[-0.3852, 2.4803,-0.2446,-0.8109, 0.5723],[-0.9562, 0.0523,-0.12  , 0.4057],0.2456
112,[-0.9567, 0.0653,-0.088 , 0.3825],[2.6773,1.7875,0.0529,0.5615,1.574 ],[-0.9548, 0.0686,-0.0908, 0.3947],0.2564
200,[-0.9613, 0.0105,-0.0103, 0.2928],[ 0.4443,-0.0553, 1.1665, 2.1375,-1.2182],[-0.96  , 0.0104,-0.0112, 0.3041],0.2799
201,[-0.9588,-0.0415, 0.0715, 0.283 ],[-0.676 ,-1.9702, 0.0694,-0.8648,-1.8249],[-0.9573,-0.0487, 0.0779, 0.293 ],0.2604
202,[-0.9593, 0.0377,-0.0704, 0.2868],[-1.2925, 2.3176,-1.6313,-0.4982,-1.3316],[-0.9578, 0.0456,-0.0765, 0.2985],0.26
210,[-0.9589, 0.0679,-0.0318, 0.2775],[-2.2923,-2.8605, 0.0966,-2.3353,-2.2694],[-0.9577, 0.056 ,-0.0227, 0.2908],0.2726
212,[-0.9606, 0.0915,-0.1029, 0.2839],[ 0.1354,10.4976, 0.8427, 3.2116, 0.0876],[-0.9593, 0.091 ,-0.0996, 0.2969],0.2272
220,[-0.9616,-0.0633, 0.0466, 0.3395],[-2.1097,-0.7255,-2.6247,-2.1193,-2.3785],[-0.9602,-0.0538, 0.0346, 0.3522],0.2649
221,[-0.9591,-0.093 , 0.106 , 0.2794],[0.9342,0.1107,5.2752,4.7915,0.4129],[-0.9577,-0.0931, 0.104 , 0.2917],0.2303
223,[-0.9608,-0.1437, 0.1784, 0.2963],[ 0.2892,-0.6361, 3.4861,-0.2156,-0.2547],[-0.959 ,-0.1476, 0.1788, 0.3092],0.1735
232,[-0.9565, 0.1673,-0.1609, 0.253 ],[-0.6644,-1.6016, 0.2916,-0.7567,-1.3965],[-0.9557, 0.1594,-0.1448, 0.2674],0.1938
241,[-0.9617,-0.1845, 0.1261, 0.2625],[-0.6442, 0.2065,-1.6511,-0.4244,-1.3371],[-0.9619,-0.158 , 0.0861, 0.2482],0.1963
243,[-0.9576,-0.1945, 0.2101, 0.2723],[ 2.0313,-0.2587, 0.8772, 5.3655, 0.1223],[-0.9563,-0.1922, 0.2043, 0.2843],0.154
300,[-9.6224e-01,-1.7588e-05, 1.7055e-03, 1.7275e-01],[-2.5496,-3.3636,-3.2106,-1.8028,-4.4898],[-9.6140e-01,-8.4651e-04, 3.3138e-03, 1.8528e-01],0.2742
301,[-0.961 ,-0.0409, 0.0739, 0.1727],[-2.0475,-3.9948,-1.9712,-2.3949,-3.8152],[-0.9599,-0.0509, 0.0835, 0.1842],0.2475
302,[-0.9635, 0.0414,-0.07  , 0.184 ],[-4.3589,-3.224 ,-4.9776,-4.0975,-4.7368],[-0.9625, 0.0497,-0.0765, 0.1962],0.2414
310,[-0.9642, 0.0685,-0.0397, 0.1798],[-3.9696,-4.9949,-2.6221,-4.3096,-5.0682],[-0.9636, 0.0559,-0.0249, 0.1917],0.2537
312,[-0.9639, 0.0903,-0.0995, 0.1818],[-0.5042, 0.4948,-2.3704, 2.3546,-1.992 ],[-0.963 , 0.09  ,-0.0962, 0.1947],0.2158
314,[-0.9613, 0.148 ,-0.1858, 0.1753],[-0.3412, 0.8734,-1.9804,-1.0362,-1.5201],[-0.9598, 0.1549,-0.1911, 0.189 ],0.163
320,[-0.9622,-0.069 , 0.0325, 0.1662],[-4.2913,-2.6371,-4.9576,-4.1848,-4.7254],[-0.9616,-0.0549, 0.0176, 0.1791],0.2627
321,[-0.9613,-0.0897, 0.1048, 0.1803],[ 1.4647,-0.9142, 3.6637, 4.0536,-0.4538],[-0.9603,-0.0918, 0.1046, 0.1935],0.2214
323,[-0.9599,-0.1438, 0.1765, 0.1869],[-1.6196,-1.9258, 1.8085,-0.1717,-1.7267],[-0.9586,-0.1492, 0.1787, 0.2011],0.1744
332,[-0.959 , 0.192 ,-0.1348, 0.1903],[-3.1961,-3.5913,-2.1522,-2.7944,-3.5218],[-0.9593, 0.1718,-0.1148, 0.2029],0.1884
334,[-0.9606, 0.194 ,-0.1963, 0.1667],[ 0.2577, 1.0902,-1.8744, 2.7516,-1.4502],[-0.96  , 0.1897,-0.1878, 0.181 ],0.1497
341,[-0.9614,-0.1858, 0.1539, 0.1652],[-2.9592,-2.0419,-3.5754,-2.9855,-3.3793],[-0.9616,-0.1694, 0.1284, 0.1699],0.1761
343,[-0.962 ,-0.2192, 0.2252, 0.1863],[ 0.607 ,-1.9798, 1.0524, 0.9479,-1.8872],[-0.9613,-0.2151, 0.2172, 0.1963],0.1239
345,[-0.9632,-0.2575, 0.2882, 0.1645],[ 0.7079,-1.0136, 2.6408, 1.2826,-1.1864],[-0.9618,-0.2589, 0.2869, 0.1772],0.0771
363,[-0.9625,-0.2825, 0.2595, 0.1567],[-2.4454,-1.7309,-3.0878,-2.3007,-3.0452],[-0.963 ,-0.2695, 0.2364, 0.1709],0.0892
365,[-0.9622,-0.2959, 0.2866, 0.1347],[ 0.4816,-1.5399, 0.9183, 1.0789,-2.1903],[-0.9624,-0.2874, 0.2691, 0.1493],0.0711
400,[-0.9626,-0.0043, 0.0024, 0.0604],[ 0.5226, 2.6019, 1.514 ,24.8762,-0.9024],[-0.9622,-0.0043, 0.0044, 0.0751],0.272
401,[-0.9611,-0.0401, 0.0714, 0.0619],[-2.4433,-3.5905,-0.8958,-2.2649,-3.0713],[-0.9605,-0.0502, 0.081 , 0.0754],0.2465
402,[-0.9641, 0.0385,-0.0708, 0.0608],[-2.7073,-2.6105,-4.4286,-2.6409,-3.9743],[-0.9635, 0.0494,-0.08  , 0.0744],0.2361
410,[-0.9615, 0.0723,-0.0339, 0.0575],[-3.7297,-4.2586,-1.3678,-2.79  ,-3.677 ],[-0.9615, 0.0581,-0.019 , 0.0699],0.2625
412,[-0.9664, 0.0941,-0.1004, 0.0614],[ 1.8282, 4.1405,-1.189 , 5.5983,-1.6934],[-0.9661, 0.0943,-0.0975, 0.075 ],0.2028
414,[-0.9644, 0.146 ,-0.1848, 0.0463],[-1.1645,-0.3887,-1.8031, 1.8674,-1.582 ],[-0.9633, 0.1575,-0.1957, 0.0613],0.1489
420,[-0.9627,-0.0755, 0.0301, 0.0549],[-3.8283,-1.6633,-4.4293,-3.7229,-4.3197],[-0.9627,-0.0594, 0.0161, 0.068 ],0.2577
421,[-0.9632,-0.0925, 0.0997, 0.0625],[ 0.2698, 0.2184, 3.9705,12.5378,-0.3237],[-0.9628,-0.0932, 0.0985, 0.0764],0.2142
422,[-0.98  ,-0.0836,-0.0633, 0.0151],[-0.9566,-0.496 ,-1.6507,-0.9766,-1.2913],[-0.9794, 0.0073,-0.1421, 0.028 ],0.1725
423,[-0.9636,-0.1408, 0.185 , 0.0519],[-0.887 ,-2.9576,-0.0718,-1.5078,-2.7762],[-0.9625,-0.1542, 0.1954, 0.0665],0.1537
432,[-0.961 , 0.1784,-0.1409, 0.0494],[-3.7747,-4.1093,-3.1092,-3.7298,-4.383 ],[-0.9616, 0.1641,-0.1212, 0.0576],0.1813
434,[-0.9646, 0.1906,-0.2087, 0.0631],[-0.9566, 0.0062,-2.3569, 2.0889,-2.4225],[-0.964 , 0.1914,-0.2059, 0.0781],0.1294
436,[-0.9607, 0.2575,-0.3051, 0.0789],[ 0.0459, 3.5334,-1.051 , 1.4368,-1.2597],[-0.9589, 0.2653,-0.3107, 0.0928],0.0732
440,[-0.9789,-0.1809, 0.0188, 0.0015],[-1.7354, 0.0541,-1.811 ,-0.8194,-1.0243],[-0.98  ,-0.0836,-0.0633, 0.0151],0.1712
441,[-0.9628,-0.1842, 0.1341, 0.0514],[-3.7695,-2.2985,-4.599 ,-3.9573,-4.2723],[-0.9635,-0.1657, 0.1154, 0.0632],0.1765
443,[-0.9637,-0.2081, 0.2073, 0.0516],[-0.8813,-2.1906, 0.0974, 1.3578,-2.4124],[-0.9636,-0.2059, 0.2025, 0.066 ],0.1264
445,[-0.9694,-0.2576, 0.2965, 0.0945],[-0.3406,-1.2405, 1.9642,-0.4298,-1.7722],[-0.9679,-0.264 , 0.2996, 0.1087],0.0528
454,[-0.9621, 0.2829,-0.2689, 0.0605],[-3.7731,-4.1214,-3.3148,-3.8722,-4.736 ],[-0.9626, 0.2759,-0.2557, 0.0755],0.0804
456,[-0.9733, 0.2941,-0.2908, 0.0173],[-1.668 ,-1.3729,-3.1767,-0.0155,-3.2823],[-0.9735, 0.2873,-0.2791, 0.0321],0.0378
463,[-0.9604,-0.2978, 0.2226, 0.0204],[-5.3806,-4.6159,-5.5933,-4.9591,-5.6166],[-0.9626,-0.2769, 0.2   , 0.0329],0.1017
465,[-0.9649,-0.3027, 0.3245, 0.0613],[-2.2463,-3.2117,-1.4627,-1.2028,-3.9927],[-0.9641,-0.304 , 0.3207, 0.0761],0.0394
500,[-0.9634,-0.0113, 0.0047,-0.0575],[ 1.1967, 3.0364, 0.8084,44.0096,-0.6307],[-0.9636,-0.0096, 0.0055,-0.0422],0.2658
501,[-0.9598,-0.0309, 0.0764,-0.0528],[-2.4235,-3.7257,-0.8693,-2.1425,-3.4564],[-0.9596,-0.0462, 0.0904,-0.0382],0.2476
502,[-0.9671, 0.036 ,-0.0709,-0.0548],[-0.5119, 1.4208,-1.8436,-1.1677,-2.5506],[-0.967 , 0.0496,-0.0819,-0.04  ],0.2226
510,[-0.9605, 0.0798,-0.0215,-0.0645],[-1.8903,-2.8378,-0.1351,-1.1242,-2.7433],[-0.961 , 0.0602,-0.0035,-0.0499],0.2633
512,[-0.9651, 0.1039,-0.1048,-0.0587],[ 0.5475, 0.605 ,-0.9854,16.1742,-1.4308],[-0.9653, 0.1042,-0.1028,-0.0433],0.1995
514,[-0.9624, 0.1455,-0.1771,-0.0505],[ 0.0056, 1.2299,-1.9238, 0.9517,-1.593 ],[-0.9619, 0.1551,-0.1836,-0.0372],0.1591
520,[-0.9616,-0.076 , 0.0282,-0.0697],[-0.5147, 5.7989,-1.2213,-0.2076,-1.2859],[-0.9621,-0.0593, 0.0134,-0.0561],0.2612
521,[-0.9632,-0.1039, 0.0986,-0.0639],[ 2.6502,-0.0472, 5.3075,12.402 ,-1.8106],[-0.9635,-0.1011, 0.0921,-0.0499],0.2112
523,[-0.9618,-0.142 , 0.1812,-0.0671],[-2.0062,-3.1106,-0.6417,-1.0444,-3.3901],[-0.9612,-0.1545, 0.1907,-0.052 ],0.1591
532,[-0.9624, 0.1899,-0.1301,-0.0667],[-3.7356,-4.0264,-2.8937,-3.0947,-4.6637],[-0.9638, 0.1704,-0.1114,-0.0539],0.1755
534,[-0.9635, 0.2058,-0.2087,-0.0701],[ 0.4112, 1.3175,-1.4687, 1.9941,-2.4333],[-0.9637, 0.2075,-0.2062,-0.0558],0.1243
536,[-0.9627, 0.2663,-0.2838,-0.0827],[ 0.653 , 2.2254,-0.818 , 1.3981,-1.3879],[-0.9624, 0.2718,-0.2862,-0.0684],0.0703
541,[-0.9622,-0.1859, 0.1367,-0.0648],[-4.7309,-3.4985,-5.2759,-5.0119,-5.3633],[-0.9634,-0.1691, 0.1184,-0.0514],0.1741
543,[-0.9626,-0.2113, 0.2007,-0.0676],[-2.9835,-4.6428,-1.889 ,-0.9061,-5.5393],[-0.9632,-0.2081, 0.1936,-0.0531],0.1299
545,[-0.9673,-0.2636, 0.294 ,-0.0644],[-0.7145,-1.286 , 0.8132, 0.5937,-2.0374],[-0.9664,-0.2738, 0.304 ,-0.0509],0.0517
556,[-0.9698, 0.2914,-0.3044,-0.0547],[-1.7197,-1.3288,-2.8033, 0.1356,-3.4334],[-0.9695, 0.296 ,-0.3072,-0.0393],0.0345
563,[-0.9612,-0.304 , 0.2479,-0.0582],[-5.967 ,-5.633 ,-6.3453,-5.5837,-6.8069],[-0.9634,-0.2877, 0.2233,-0.0437],0.086
565,[-0.9598,-0.2991, 0.3013,-0.0884],[-4.1879,-5.3626,-3.3433,-2.9609,-5.6796],[-0.9601,-0.3008, 0.2978,-0.0823],0.0607
585,[-0.9598,-0.4124, 0.2837,-0.0596],[-6.5173,-6.6577,-7.1359,-6.3565,-7.3972],[-0.9653,-0.3859, 0.2405,-0.0437],0.0356
600,[-0.9633,-0.0135, 0.0022,-0.1726],[-3.9431,-2.9303,-4.0601,-1.6078,-5.2519],[-0.9639,-0.0101, 0.0016,-0.1578],0.2637
601,[-0.9621,-0.0401, 0.0694,-0.1698],[-2.2403,-2.8151,-0.8743,-1.3712,-3.1594],[-0.9625,-0.0524, 0.0819,-0.1549],0.2376
602,[-0.961 , 0.0344,-0.0792,-0.1825],[-0.9955, 0.7022,-1.9645,-0.3813,-1.8936],[-0.9614, 0.0513,-0.0948,-0.168 ],0.2375
610,[-0.9633, 0.0801,-0.0237,-0.1687],[-2.6255,-3.749 ,-0.9721,-1.6913,-3.7789],[-0.9643, 0.0601,-0.0051,-0.1531],0.2505
612,[-0.9639, 0.0991,-0.1024,-0.1819],[ 0.2295, 0.4076,-1.9963, 1.7222,-2.9307],[-0.9646, 0.1014,-0.1023,-0.1665],0.2031
614,[-0.9644, 0.1461,-0.182 ,-0.1733],[-0.0705, 2.1943,-0.1985, 0.8854,-1.6827],[-0.9643, 0.1612,-0.1933,-0.1577],0.1456
620,[-0.9617,-0.0733, 0.031 ,-0.1754],[-1.3258, 3.7967,-1.1118,-0.1038,-1.6393],[-0.9626,-0.0576, 0.0148,-0.1611],0.2603
621,[-0.9619,-0.1079, 0.1018,-0.1833],[-1.6527,-1.4828, 8.6838, 5.4868,-3.3886],[-0.9627,-0.1059, 0.0951,-0.1689],0.2107
623,[-0.9603,-0.154 , 0.1739,-0.1595],[-1.234 ,-1.716 , 0.6001, 0.0359,-2.4577],[-0.9605,-0.1627, 0.1809,-0.1447],0.1617
632,[-0.962 , 0.1891,-0.1374,-0.197 ],[-2.8949,-3.0521,-1.9736,-2.4815,-3.523 ],[-0.9639, 0.1723,-0.1139,-0.1848],0.1732
634,[-0.9625, 0.2032,-0.2185,-0.1854],[-1.0347,-0.5307,-1.5969, 0.172 ,-2.8007],[-0.9627, 0.2106,-0.2233,-0.1694],0.1187
636,[-0.9597, 0.2565,-0.2939,-0.1564],[ 0.8218, 2.0778,-0.2455, 1.8294,-1.4489],[-0.9589, 0.2678,-0.302 ,-0.1405],0.0757
641,[-0.9628,-0.1816, 0.1471,-0.1738],[-5.1575,-4.2912,-5.5145,-4.9969,-6.7596],[-0.9642,-0.1716, 0.1337,-0.1585],0.1646
643,[-0.9598,-0.2185, 0.2135,-0.1797],[-6.5221,-8.4446,-5.769 ,-5.4013,-9.3792],[-0.9606,-0.2191, 0.2087,-0.1647],0.1275
645,[-0.9585,-0.2704, 0.2813,-0.1621],[ 0.1238,-0.5493, 3.7777, 0.3878,-1.6645],[-0.9587,-0.2758, 0.2828,-0.1471],0.081
654,[-0.9691, 0.3048,-0.2507,-0.1554],[-3.039 ,-3.5497,-2.9321,-2.7219,-3.7994],[-0.9716, 0.2885,-0.2244,-0.1393],0.0616
656,[-0.9609, 0.3139,-0.3004,-0.1951],[-1.3125,-0.6184,-2.3595,-0.0101,-3.0752],[-0.9621, 0.3147,-0.2952,-0.1792],0.0509
663,[-0.959 ,-0.2819, 0.2733,-0.1405],[-4.213 ,-4.227 ,-4.6674,-4.0162,-5.0932],[-0.9599,-0.2817, 0.2661,-0.1242],0.0818
665,[-0.9578,-0.2996, 0.2905,-0.1415],[-3.5608,-5.9041,-4.1995,-3.4679,-6.1703],[-0.9585,-0.3009, 0.2909,-0.1257],0.068
700,[-0.9614,-0.0013,-0.0063,-0.2991],[-12.7216,-12.9687,-12.3882,-10.7921,-13.009 ],[-0.9627, 0.0015,-0.0091,-0.2847],0.2705
701,[-0.9585,-0.049 , 0.0636,-0.3173],[-1.8384,-2.0598,-0.7428,-1.0185,-2.8712],[-0.9597,-0.056 , 0.0702,-0.3012],0.2514
702,[-0.9607, 0.0414,-0.0715,-0.2926],[-0.1678, 0.5901,-1.353 , 0.269 ,-2.1433],[-0.9616, 0.0534,-0.0807,-0.2774],0.2412
710,[-0.9679, 0.0701,-0.0434,-0.3189],[-2.8886,-3.0663,-1.5498,-2.409 ,-3.6238],[-0.9694, 0.0614,-0.0355,-0.3027],0.2272
712,[-0.9623, 0.0937,-0.0974,-0.2947],[-6.3924,-6.5592,-6.2515,-5.2792,-8.5578],[-0.9634, 0.0976,-0.0998,-0.2801],0.2097
714,[-0.9603, 0.138 ,-0.1911,-0.2775],[-0.5847, 3.3055, 0.3719, 0.6961,-1.3898],[-0.9602, 0.1588,-0.2079,-0.2612],0.1535
720,[-0.9612,-0.0655, 0.0422,-0.2985],[-2.7918,-1.2684,-3.2741,-2.5145,-4.5376],[-0.9626,-0.0583, 0.0343,-0.2856],0.2536
721,[-0.9603,-0.1019, 0.1048,-0.2946],[-14.7817,-14.9218,-13.6428,-13.8197,-16.529 ],[-0.9614,-0.1049, 0.105 ,-0.2797],0.2117
723,[-0.9584,-0.16  , 0.1763,-0.3031],[ 0.0795,-0.953 , 0.8295, 3.153 ,-1.674 ],[-0.9592,-0.1693, 0.1833,-0.2864],0.1623
732,[-0.9696, 0.182 ,-0.1438,-0.2711],[-2.8096,-3.1037,-2.2162,-2.4153,-3.5153],[-0.9715, 0.1673,-0.1213,-0.2548],0.1468
734,[-0.9602, 0.1985,-0.1919,-0.2991],[-3.3418,-2.2315,-4.244 ,-2.5678,-5.3137],[-0.9615, 0.2015,-0.1925,-0.2825],0.1384
741,[-0.9618,-0.1952, 0.1652,-0.2559],[-5.0878,-4.7929,-4.9646,-5.2346,-5.7648],[-0.9637,-0.1867, 0.1472,-0.239 ],0.155
743,[-0.9586,-0.1941, 0.1999,-0.2808],[-10.7594,-12.3386,-10.7987,-10.7835,-13.7078],[-0.9595,-0.1998, 0.2019,-0.2656],0.1415
756,[-0.9571, 0.3051,-0.3042,-0.2849],[-0.5533,-0.4281,-1.0833, 1.8003,-2.7407],[-0.958 , 0.3114,-0.3063,-0.268 ],0.0591
800,[-0.9596, 0.0066,-0.0026,-0.4051],[-22.0802,-21.9429,-22.041 ,-21.0156,-23.4051],[-0.9613, 0.0058,-0.003 ,-0.3903],0.2767
801,[-0.9564,-0.0467, 0.0702,-0.3912],[-2.5429,-1.8845,-1.8142,-1.4201,-2.9735],[-0.9578,-0.0566, 0.0787,-0.3766],0.2548
802,[-0.961 , 0.0103,-0.0708,-0.3786],[-1.3116,-0.8072,-0.9613, 0.6998,-2.1966],[-0.9623, 0.0309,-0.0804,-0.3618],0.2476
812,[-0.9603, 0.085 ,-0.0779,-0.4134],[-10.5463,-10.9445,-11.1661,-10.9527,-12.2872],[-0.9621, 0.0857,-0.0782,-0.3966],0.2275
820,[-0.9588,-0.0631, 0.0464,-0.4014],[-4.9222,-3.8497,-4.9399,-4.4073,-5.5772],[-0.9606,-0.06  , 0.0449,-0.3847],0.2563
821,[-0.9602,-0.0975, 0.1014,-0.401 ],[-29.956 ,-30.7146,-29.8872,-29.0373,-31.3463],[-0.9618,-0.102 , 0.1035,-0.3844],0.2125
834,[-0.9567, 0.1996,-0.1917,-0.3828],[-5.6493,-5.0801,-7.0464,-4.665 ,-7.3236],[-0.9584, 0.2029,-0.1898,-0.3668],0.1487
921,[-0.9578,-0.1155, 0.1283,-0.5192],[-58.8036,-58.6621,-59.6603,-59.2222,-59.992 ],[-0.9597,-0.1248, 0.1333,-0.501 ],0.1985
1100,[-0.9391,-0.0075, 0.0079, 0.3896],[ 1.449 , 1.1027, 1.0598, 0.4642,33.706 ],[-0.9375,-0.0077, 0.0094, 0.3824],0.361
1101,[-0.9502,-0.0519, 0.0701, 0.3971],[-0.0599,-1.5751, 1.8124,-1.0674, 0.8412],[-0.9483,-0.0537, 0.0696, 0.4048],0.2965
1102,[-0.9454, 0.0532,-0.0704, 0.3969],[ 0.2518, 8.81  ,-0.5753,-0.169 , 0.4484],[-0.9435, 0.0544,-0.0679, 0.4069],0.3165
1110,[-0.9406, 0.0665,-0.0402, 0.3823],[ 0.4594,-0.4464, 8.0473,-0.4627, 0.811 ],[-0.9391, 0.0595,-0.0336, 0.3811],0.3481
1112,[-0.9411, 0.0824,-0.0913, 0.3862],[ 1.9759, 2.0572, 0.6696, 0.4854,33.5919],[-0.9394, 0.0812,-0.0863, 0.3822],0.3135
1114,[-0.9506, 0.088 ,-0.1784, 0.3874],[-0.3782,11.4214,-0.4252,-0.0115, 2.9202],[-0.9478, 0.102 ,-0.1797, 0.3737],0.2311
1120,[-0.9365,-0.0712, 0.0375, 0.3852],[ 0.9902, 9.8113,-1.0436, 0.029 , 3.9488],[-0.935 ,-0.0631, 0.0305, 0.3857],0.3648
1121,[-0.938 ,-0.0979, 0.0976, 0.3847],[ 1.036 , 1.0062, 3.5421, 0.4277,43.6941],[-0.9364,-0.0943, 0.0884, 0.3804],0.3191
1123,[-0.9422,-0.1547, 0.1724, 0.3907],[ 1.4325,-1.5352, 5.3349,-0.2739, 2.2385],[-0.9404,-0.1529, 0.167 , 0.3988],0.2426
1134,[-0.9258, 0.1676,-0.1953, 0.382 ],[1.2713e+00,1.1210e+01,6.8614e-03,2.5264e-02,2.5177e+00],[-0.9239, 0.1672,-0.1902, 0.3683],0.2878
1143,[-0.9382,-0.1683, 0.1915, 0.3818],[ 1.4539, 0.376 ,13.2138, 0.5075, 1.9403],[-0.9363,-0.1671, 0.1862, 0.3893],0.2421
1200,[-0.9302,-0.0282, 0.0243, 0.2838],[  1.8544,  3.1748,  1.6848,  1.1935,294.9738],[-0.929 ,-0.0273, 0.0244, 0.2752],0.3971
1201,[-0.9291,-0.0482, 0.0643, 0.2679],[ 5.8589e-01,-7.9482e-01, 1.0460e+02,-1.0850e-02, 1.6289e+00],[-0.9278,-0.0499, 0.0639, 0.2682],0.3834
1202,[-0.9397, 0.0451,-0.0667, 0.2856],[ 0.6919,39.5547,-0.6589,-0.6369, 1.2302],[-0.9384, 0.0482,-0.0671, 0.2831],0.3421
1210,[-0.9357, 0.0705,-0.0327, 0.319 ],[-0.1966,-0.8321,30.0579,-0.5915, 1.2312],[-0.9345, 0.0621,-0.0264, 0.3179],0.3684
1212,[-0.942 , 0.0893,-0.0954, 0.3184],[  1.2158,109.3602,  0.3439,  1.4167,  3.3082],[-0.9406, 0.0875,-0.089 , 0.3229],0.3054
1214,[-0.9395, 0.1459,-0.1864, 0.3094],[ 3.1350e+01, 1.2953e+00,-8.2906e-01, 1.5272e-02, 9.7938e-01],[-0.9376, 0.1493,-0.1856, 0.3114],0.2463
1220,[-0.9299,-0.0666, 0.0353, 0.2942],[  0.1915,116.3136, -0.2395, -0.1749,  0.4079],[-0.9288,-0.0603, 0.0324, 0.297 ],0.3919
1221,[-0.9356,-0.0818, 0.0878, 0.2932],[  0.7509,  0.7698,253.9126,  0.9155,  2.2046],[-0.9342,-0.0805, 0.0822, 0.2988],0.3361
1223,[-0.9466,-0.1502, 0.1754, 0.2929],[ 6.5106,-0.9221,19.4825, 0.6854, 1.329 ],[-0.945 ,-0.1512, 0.1734, 0.3023],0.2232
1232,[-0.9289, 0.189 ,-0.1418, 0.2654],[-1.0526,-1.4879, 0.8537,-0.2908,-0.2069],[-0.9289, 0.1783,-0.1282, 0.2634],0.2931
1234,[-0.9238, 0.2157,-0.2289, 0.2836],[1.3399,1.8847,0.009 ,1.0393,6.5535],[-0.9226, 0.2136,-0.2197, 0.2783],0.2503
1236,[-0.9242, 0.2384,-0.2848, 0.2704],[ 0.5609,26.1723,-0.6019,-0.3985, 2.604 ],[-0.922 , 0.2398,-0.2824, 0.2779],0.2154
1241,[-0.9314,-0.1917, 0.1293, 0.3089],[ 0.2417,29.9432, 0.0715,-0.0977, 2.0491],[-0.9315,-0.1767, 0.1058, 0.3035],0.2966
1243,[-0.9409,-0.1983, 0.2031, 0.304 ],[9.8285e-01,1.4541e-02,3.8118e+01,1.7254e+00,3.6455e+00],[-0.9398,-0.1942, 0.1928, 0.3095],0.2154
1245,[-0.9295,-0.266 , 0.3024, 0.2925],[ 0.2476,-1.1898,11.9694, 1.6039, 0.9795],[-0.9276,-0.2654, 0.2985, 0.2961],0.1767
1256,[-0.9136, 0.3194,-0.3523, 0.2809],[ 1.2328,17.9911,-0.3224, 0.4164, 1.8097],[-0.9122, 0.317 ,-0.3392, 0.2935],0.1606
1300,[-0.9215,-0.0135, 0.0114, 0.1751],[ 1.0829,97.0404, 1.9672, 1.0215, 1.718 ],[-0.9207,-0.0134, 0.0138, 0.1791],0.4317
1301,[-0.923 ,-0.0448, 0.0654, 0.1942],[  1.1248, -0.5507,334.6624,  0.739 ,  0.6304],[-0.9221,-0.0476, 0.0665, 0.1952],0.4032
1302,[-0.9197, 0.0404,-0.0742, 0.1472],[8.1619e-01,2.4126e+02,3.3322e-02,7.2224e-02,5.5544e-01],[-0.9188, 0.045 ,-0.0749, 0.1521],0.416
1310,[-0.9191, 0.0665,-0.0432, 0.1401],[-0.3512,-1.5635,11.1544,-1.9356, 7.5884],[-0.9187, 0.0621,-0.0398, 0.1373],0.4239
1311,[-0.938 , 0.0619, 0.059 , 0.1681],[-4.9944,-5.3255,-4.075 ,-4.6606,-4.6161],[-0.9373, 0.0386, 0.0697, 0.1541],0.3485
1312,[-0.919 , 0.0745,-0.0884, 0.1445],[  0.4775,  2.3675,  1.1541,  1.1358,237.9896],[-0.9183, 0.0757,-0.0865, 0.1381],0.3962
1314,[-0.9272, 0.1475,-0.1851, 0.1548],[ 0.4321,44.2409,-0.6182,-0.1966, 0.5465],[-0.9259, 0.1517,-0.1854, 0.1597],0.2856
1320,[-0.9213,-0.0665, 0.0396, 0.1641],[7.8637e-01,2.4821e+02,1.7731e-01,3.0365e-01,9.7552e-02],[-0.9207,-0.0618, 0.0385, 0.1718],0.4149
1321,[-0.9288,-0.0839, 0.0891, 0.1741],[  2.3724,  0.9062,325.3135,  0.8809,  1.6005],[-0.928 ,-0.0831, 0.0837, 0.1804],0.3568
1323,[-0.9357,-0.1463, 0.1895, 0.171 ],[ 2.7177e+00,-1.1087e+00, 6.5274e+01,-2.1716e-02, 3.7756e+00],[-0.9341,-0.1511, 0.1898, 0.1817],0.2555
1330,[-0.9303, 0.1759,-0.0495, 0.1561],[-3.9903,-4.3484,-2.4339,-4.3905,-3.5445],[-0.9312, 0.1541,-0.0433, 0.1699],0.3344
1332,[-0.9287, 0.1842,-0.1367, 0.1963],[ -9.5709, -9.9101,-10.5081, -8.8863, -8.8051],[-0.9289, 0.173 ,-0.1191, 0.2013],0.2979
1334,[-0.9307, 0.2046,-0.2119, 0.1763],[ 1.1235,52.5719, 0.7789, 1.315 , 3.9742],[-0.9301, 0.2023,-0.2028, 0.1856],0.2404
1336,[-0.9278, 0.2452,-0.2874, 0.1912],[ 0.7482,44.8003,-0.1939, 0.8727,-0.3402],[-0.926 , 0.2471,-0.2852, 0.2008],0.1933
1341,[-0.932 ,-0.1937, 0.1306, 0.1408],[ 0.0572,13.7799,-1.8723, 0.0749,-0.9868],[-0.9328,-0.1811, 0.118 , 0.1426],0.2808
1343,[-0.9297,-0.1853, 0.216 , 0.1615],[ 8.4680e-01,-2.4086e-03, 1.7344e+00, 6.7862e-01, 5.6465e+01],[-0.9286,-0.1871, 0.2113, 0.1537],0.2493
1345,[-0.9284,-0.2451, 0.2986, 0.1717],[ 0.3574,-0.7928,36.4491, 1.0613, 0.3412],[-0.9264,-0.2485, 0.2958, 0.1823],0.1878
1354,[-0.9351, 0.2886,-0.2627, 0.1454],[-4.2489,-4.2772,-4.1684,-4.2406,-4.6961],[-0.9355, 0.2811,-0.254 , 0.1538],0.164
1356,[-0.9384, 0.3058,-0.3626, 0.1798],[ 0.9243, 4.7961,-0.6917, 7.1742, 0.3232],[-0.9361, 0.3073,-0.3585, 0.1927],0.1029
1358,[-0.9344, 0.3116,-0.3971, 0.1979],[-0.0395,18.1411,-0.616 , 0.7348, 1.2066],[-0.9309, 0.3151,-0.396 , 0.2085],0.0972
1363,[-0.9247,-0.2924, 0.2293, 0.1585],[-0.2364,-0.8871,-1.3687, 2.1373,-1.1053],[-0.9263,-0.2808, 0.2119, 0.1626],0.2145
1365,[-0.9157,-0.3117, 0.298 , 0.1359],[ 1.7825,-0.149 ,15.0093, 0.6557, 0.1518],[-0.9161,-0.3074, 0.2837, 0.1505],0.2026
1400,[-0.9211,-0.0036, 0.002 , 0.0623],[1.2865e+00,3.0411e+00,1.2802e+03,1.4712e+00,1.0521e+00],[-0.9208,-0.0028,-0.0018, 0.0688],0.4346
1401,[-0.9196,-0.0407, 0.0709, 0.0488],[ 1.3039e-01,-6.8688e-01, 1.0067e+02,-4.5388e-01, 6.1186e-03],[-0.9191,-0.0451, 0.0716, 0.0564],0.4129
1402,[-0.9202, 0.04  ,-0.0701, 0.0691],[ 3.2657e-01, 4.7596e+02,-5.2820e-01,-3.8895e-01,-3.1251e-02],[-0.9197, 0.0447,-0.073 , 0.0727],0.4158
1410,[-0.9189, 0.0648,-0.0429, 0.0531],[ 1.3197e+00,-1.0122e-01, 3.6682e+02,-1.0558e-01, 5.8848e-02],[-0.9188, 0.0611,-0.0411, 0.053 ],0.4245
1411,[-0.9417, 0.075 , 0.0627, 0.0098],[-5.1517,-5.5036,-4.5738,-4.7354,-5.0958],[-0.9413, 0.0425, 0.0964, 0.0251],0.318
1412,[-0.9188, 0.0768,-0.0855, 0.0595],[1.0794e+00,1.4619e+03,1.5062e+00,1.8527e+00,8.4363e-01],[-0.9185, 0.0774,-0.0829, 0.0624],0.3982
1414,[-0.924 , 0.1416,-0.1824, 0.0649],[  0.7791,163.7308, -0.8821,  0.1926,  0.4723],[-0.9229, 0.1469,-0.1842, 0.0748],0.2994
1420,[-0.9208,-0.0652, 0.0445, 0.0695],[-2.8930e-01, 2.9706e+02,-3.0087e-01, 4.3266e-01,-8.3484e-01],[-0.9206,-0.0616, 0.0431, 0.0794],0.4169
1421,[-0.9193,-0.0751, 0.0831, 0.0557],[2.0903e-01,8.6658e-01,1.1488e+03,3.0639e+00,2.2741e+00],[-0.9189,-0.0757, 0.0807, 0.0666],0.3941
1422,[-0.951 ,-0.0841,-0.0686, 0.0757],[-4.5529,-4.9192,-5.6859,-4.957 ,-4.5662],[-0.9506,-0.0458,-0.0922, 0.0899],0.2816
1423,[-0.9399,-0.1337, 0.187 , 0.0742],[ 4.1988e-02,-1.0228e+00, 9.5545e-01, 6.7354e+01, 1.5545e+00],[-0.9385,-0.1427, 0.1931, 0.0882],0.2421
1430,[-0.9444, 0.1757,-0.0503, 0.0242],[-4.3048,-4.6283,-3.4486,-3.6937,-3.7879],[-9.4599e-01, 1.4159e-01,-7.4505e-04, 8.6794e-03],0.2977
1432,[-0.9377, 0.1916,-0.1277, 0.0461],[-9.5177,-9.5372,-9.2446,-9.2675,-9.2825],[-0.9387, 0.1773,-0.1115, 0.055 ],0.2625
1434,[-0.9297, 0.2019,-0.2157, 0.0613],[ 1.7676, 5.7511,-0.076 ,41.3371, 1.2862],[-0.9292, 0.2023,-0.2111, 0.075 ],0.2387
1436,[-0.9361, 0.2502,-0.2891, 0.0718],[ 3.9837e-01, 3.1318e+01,-4.7048e-01, 3.6222e-01, 2.7085e-02],[-0.9348, 0.2539,-0.2892, 0.0822],0.162
1440,[-0.9408,-0.1778, 0.0322, 0.0642],[-5.2537,-4.9007,-6.1377,-5.4534,-5.6426],[-0.9422,-0.1454, 0.0023, 0.0794],0.3073
1441,[-0.9328,-0.189 , 0.1351, 0.0568],[-1.2444,-2.2671,-2.4223, 1.6384,-2.825 ],[-0.9337,-0.1771, 0.1178, 0.0661],0.2782
1443,[-0.9324,-0.2081, 0.2138, 0.0637],[ 0.8318, 0.4564,69.4037, 1.1928, 0.8589],[-0.9322,-0.2069, 0.2054, 0.0668],0.2297
1445,[-0.931 ,-0.2384, 0.2993, 0.0697],[ 0.5757,-0.955 ,39.7697, 1.3203, 0.3183],[-0.9289,-0.2445, 0.3013, 0.082 ],0.1796
1454,[-0.9373, 0.2889,-0.2499, 0.0453],[-5.3846,-5.3393,-5.7135,-5.1189,-5.6967],[-0.9385, 0.2803,-0.2355, 0.0574],0.162
1456,[-0.9372, 0.3015,-0.3087, 0.0486],[ 1.504 , 3.68  ,-0.9007, 3.0728,-0.6967],[-0.937 , 0.3004,-0.3027, 0.0613],0.1271
1461,[-0.9239,-0.2925, 0.1583, 0.0581],[-4.4167,-3.5742,-5.6854,-4.4926,-4.6896],[-0.9272,-0.2741, 0.1509, 0.0503],0.2434
1463,[-0.9236,-0.3051, 0.2339, 0.0527],[-4.7194,-4.4147,-4.7013,-4.2045,-5.1588],[-0.9259,-0.2943, 0.2144, 0.0586],0.208
1465,[-0.9221,-0.3088, 0.3198, 0.0409],[ 7.1075e-01,-5.9211e-01, 8.6582e+00, 2.3228e+00,-9.2432e-05],[-0.9218,-0.3082, 0.3121, 0.0517],0.1649
1483,[-0.9146,-0.39  , 0.2622, 0.0417],[-3.4598,-2.7435,-4.4396,-3.2698,-3.8855],[-0.9197,-0.3757, 0.2297, 0.0571],0.1831
1500,[-0.921 ,-0.0026, 0.0057,-0.0587],[  3.3793, 14.1173,  0.9972,170.9361,  0.6041],[-0.9213,-0.0037, 0.0101,-0.0489],0.4357
1501,[-0.9179,-0.0369, 0.0756,-0.0605],[-5.3268,-7.5488, 7.2416,-5.1334,-5.6934],[-0.9178,-0.0431, 0.0788,-0.0513],0.4205
1502,[-0.9241, 0.0319,-0.0758,-0.0564],[-32.2068,-30.3714,-33.6445,-31.5768,-32.7998],[-0.924 , 0.0395,-0.0796,-0.0478],0.3992
1510,[-0.9182, 0.0633,-0.0448,-0.0612],[ 2.6425e-02, 8.1739e-01, 4.2731e+00, 2.1327e+02,-4.2246e-01],[-0.9186, 0.0599,-0.041 ,-0.0493],0.4234
1511,[-0.941 , 0.0624, 0.0615,-0.0382],[-4.0502,-4.6848,-3.5086,-4.2739,-4.4681],[-0.9409, 0.0339, 0.0853,-0.0224],0.3298
1512,[-0.9202, 0.0708,-0.076 ,-0.0542],[  1.0302,  8.6471,  0.3709,156.1032,  0.5026],[-0.9203, 0.0716,-0.0766,-0.0411],0.3978
1514,[-0.9289, 0.1349,-0.1882,-0.0549],[ 0.5358, 2.7924,-2.0908, 0.5169,-1.5877],[-0.928 , 0.144 ,-0.1935,-0.0414],0.2812
1520,[-0.9215,-0.0634, 0.0442,-0.0711],[ -0.292 ,176.945 ,  0.6079,  1.6377, -1.1333],[-0.9219,-0.0604, 0.0434,-0.0587],0.4133
1521,[-0.9194,-0.073 , 0.0816,-0.0597],[7.9893e-01,1.2369e-01,1.6304e+00,2.9488e+02,6.5180e-01],[-0.9195,-0.0743, 0.0815,-0.0455],0.3968
1523,[-0.9335,-0.1446, 0.1835,-0.0685],[ 3.3288,-1.4574,15.5647, 1.683 , 0.0934],[-0.933 ,-0.1525, 0.1887,-0.0556],0.257
1530,[-0.9464, 0.1772,-0.0482,-0.0342],[-2.898 ,-3.7376,-1.6935,-2.4351,-2.7371],[-0.9481, 0.1457,-0.0194,-0.0192],0.2778
1532,[-0.9406, 0.197 ,-0.1275,-0.0709],[-21.3035,-21.6309,-21.2325,-21.2653,-21.7855],[-0.9423, 0.1821,-0.11  ,-0.0601],0.2473
1534,[-0.9345, 0.2298,-0.2076,-0.0756],[ 1.7933, 2.1281,-2.1118, 2.1135,-1.7254],[-0.9355, 0.2257,-0.1974,-0.0617],0.2136
1536,[-0.9403, 0.2549,-0.3005,-0.0625],[-0.07  ,23.9042,-0.8755, 0.9013,-0.1036],[-0.939 , 0.262 ,-0.305 ,-0.0498],0.1373
1541,[-0.9352,-0.1844, 0.1402,-0.0608],[-7.3075,-8.3011,-7.6265,-7.4202,-8.5155],[-0.9364,-0.1747, 0.1235,-0.0476],0.2675
1543,[-0.9366,-0.2118, 0.2116,-0.0658],[ 1.7337,-0.1625, 5.2516,28.6589, 0.2225],[-0.9369,-0.2113, 0.2053,-0.0506],0.2109
1545,[-0.9346,-0.2578, 0.2951,-0.0811],[ 9.7706,-0.9346, 4.4245, 2.8381,-0.617 ],[-0.9337,-0.2636, 0.2974,-0.0693],0.1576
1554,[-0.9295, 0.2944,-0.2436,-0.0798],[-6.7475,-6.9282,-7.3488,-6.5394,-7.3849],[-0.9316, 0.2874,-0.2299,-0.0694],0.1843
1556,[-0.9289, 0.3099,-0.3064,-0.0727],[ 1.2355, 1.9078,-1.0263, 1.9349,-1.7161],[-0.9294, 0.3101,-0.3015,-0.058 ],0.1486
1561,[-0.9217,-0.2903, 0.1645,-0.0033],[-2.1693,-1.3216,-2.863 ,-1.8883,-2.559 ],[-0.9254,-0.2697, 0.1266, 0.0117],0.2632
1563,[-0.9321,-0.2981, 0.2478,-0.0466],[-3.7453,-4.3594,-4.0435,-2.6113,-4.6436],[-0.9341,-0.2898, 0.2277,-0.0358],0.1763
1565,[-0.9276,-0.3127, 0.3203,-0.0647],[ 3.172 ,-0.4942, 9.8334, 1.8967,-0.9808],[-0.9277,-0.3134, 0.3141,-0.0513],0.1433
1567,[-0.9194,-0.3428, 0.4134,-0.0826],[ 2.0422,-0.72  , 5.4607,12.0986, 0.0595],[-0.9166,-0.3483, 0.4175,-0.0666],0.1046
1585,[-0.948 ,-0.4408, 0.3496,-0.0987],[-3.2812,-3.9983,-2.9244,-2.8368,-4.5294],[-0.9525,-0.4316, 0.3258,-0.083 ],0.0163
1600,[-0.9198,-0.0098, 0.0096,-0.1694],[-25.846 ,-24.6658,-25.6593,-24.564 ,-26.2273],[-0.9205,-0.01  , 0.0112,-0.1581],0.4386
1601,[-0.9154,-0.0382, 0.0738,-0.1758],[-0.3248,-0.6663,26.1037, 3.971 ,-0.923 ],[-0.9158,-0.0443, 0.077 ,-0.1719],0.4225
1602,[-0.9234, 0.0288,-0.0765,-0.1636],[-40.2761,-39.5643,-41.2735,-40.4173,-41.3855],[-0.9237, 0.0379,-0.0828,-0.1559],0.397
1604,[-0.9236, 0.0522,-0.1761,-0.1704],[-1.7342,-0.5954,-2.2272,-1.5326,-2.127 ],[-0.9225, 0.072 ,-0.1812,-0.1554],0.3434
1610,[-0.9172, 0.065 ,-0.0456,-0.1785],[ 3.8846e-02, 7.4823e-01, 1.0824e+02, 1.9506e+00,-4.6619e-01],[-0.918 , 0.0624,-0.0455,-0.1725],0.4273
1611,[-0.931 , 0.0696, 0.0564,-0.1548],[-0.8731,-0.8733,-1.1326,-0.6026,-1.1335],[-0.9317, 0.046 , 0.0687,-0.1406],0.3698
1612,[-0.9184, 0.0711,-0.0701,-0.176 ],[ 0.7913,83.087 , 0.167 ,82.1244, 0.2234],[-0.9191, 0.0712,-0.0681,-0.1675],0.4068
1614,[-0.9328, 0.1349,-0.1886,-0.1748],[-3.2659,-2.271 ,-4.6022,-2.9206,-4.4845],[-0.9323, 0.1462,-0.1963,-0.1629],0.2638
1620,[-0.9204,-0.0636, 0.0442,-0.1785],[-37.1135,-36.2755,-36.8856,-35.6427,-37.3043],[-0.9213,-0.0603, 0.0393,-0.1695],0.4191
1621,[-0.9187,-0.0808, 0.0848,-0.1934],[ 0.7495,-0.093 ,59.0242,57.6792,-0.3511],[-0.9195,-0.0817, 0.0828,-0.1871],0.3945
1623,[-0.932 ,-0.1492, 0.18  ,-0.1951],[ 1.0692,-0.9895, 3.0868,28.5857,-0.2756],[-0.9321,-0.1563, 0.1844,-0.1795],0.2613
1630,[-0.9238, 0.1769,-0.0523,-0.1857],[-0.6389,-0.8075,-0.2254,-0.7883,-0.7622],[-0.9265, 0.1523,-0.0112,-0.2023],0.3695
1632,[-0.9411, 0.1909,-0.1392,-0.1724],[-19.9564,-19.8918,-19.9694,-19.6016,-20.6114],[-0.9429, 0.18  ,-0.1228,-0.1602],0.2404
1634,[-0.9306, 0.2336,-0.217 ,-0.1937],[ -8.5305, -8.4041,-11.1378, -8.6618,-10.9649],[-0.9318, 0.2321,-0.2094,-0.1789],0.2183
1636,[-0.9224, 0.266 ,-0.2866,-0.2165],[-0.1331, 8.0214,-0.6206, 1.6963,-0.4166],[-0.9225, 0.271 ,-0.2879,-0.2017],0.1963
1641,[-0.9387,-0.1814, 0.1461,-0.1699],[-12.0252,-12.6031,-12.0209,-11.7074,-12.7489],[-0.9402,-0.1741, 0.1318,-0.1565],0.25
1643,[-0.9382,-0.2047, 0.2181,-0.1841],[-0.3691,-3.1555, 2.2347, 0.801 ,-3.056 ],[-0.9385,-0.2087, 0.2177,-0.1686],0.2017
1645,[-0.932 ,-0.2567, 0.2978,-0.1855],[ 0.3636,-0.8393,22.792 , 0.525 ,-0.2997],[-0.9312,-0.2645, 0.3022,-0.1714],0.1633
1654,[-0.9277, 0.2883,-0.2596,-0.1665],[-4.2371,-4.2556,-5.1754,-3.4043,-5.4522],[-0.9293, 0.2857,-0.2499,-0.1526],0.1836
1656,[-0.9209, 0.3034,-0.2999,-0.1953],[-0.1253, 1.9819,-1.8534, 1.1768,-2.0465],[-0.9218, 0.3049,-0.2952,-0.18  ],0.1771
1665,[-0.934 ,-0.3021, 0.3257,-0.1746],[ 0.1841,-1.0484, 2.6007,13.1309,-0.2505],[-0.9337,-0.307 , 0.3253,-0.1589],0.1246
1667,[-0.9179,-0.3395, 0.4005,-0.2048],[ 0.4614,-0.5811,16.4101, 2.8627,-0.199 ],[-0.9158,-0.3465, 0.4048,-0.1888],0.1087
1687,[-0.9332,-0.4464, 0.4202,-0.1876],[ 1.2954,-1.505 , 3.1103, 2.759 ,-1.6547],[-0.9349,-0.4481, 0.4116,-0.1713],0.0174
1700,[-0.9292,-0.0076, 0.0104,-0.3054],[-62.6466,-62.1947,-62.3494,-61.9427,-63.4777],[-0.9305,-0.0082, 0.0108,-0.2925],0.4053
1701,[-0.9353,-0.0435, 0.069 ,-0.3131],[-21.7904,-21.9112,-20.97  ,-21.1139,-21.8499],[-0.9364,-0.0503, 0.0753,-0.301 ],0.3447
1702,[-0.9381, 0.0322,-0.075 ,-0.2961],[-15.7694,-14.8885,-16.4158,-15.6989,-16.3174],[-0.939 , 0.0429,-0.0833,-0.2842],0.3341
1710,[-0.9223, 0.0684,-0.0402,-0.2754],[-4.0399,-5.0559,-2.8693,-1.71  ,-5.8021],[-0.9236, 0.0636,-0.0355,-0.2674],0.409
1712,[-0.9293, 0.1017,-0.0982,-0.2977],[-20.6304,-20.3548,-20.9094,-19.4241,-21.6034],[-0.9305, 0.1024,-0.0959,-0.2862],0.3361
1714,[-0.921 , 0.1532,-0.18  ,-0.3271],[-2.6111,-1.5553,-3.1667,-1.3194,-3.2457],[-0.9216, 0.1599,-0.1841,-0.3133],0.2985
1720,[-0.9203,-0.0647, 0.0448,-0.2738],[-29.5187,-28.4869,-29.413 ,-28.7147,-30.5275],[-0.9216,-0.0615, 0.0401,-0.2664],0.4186
1721,[-0.922 ,-0.0834, 0.0902,-0.2798],[-148.834 ,-150.4513,-149.6198,-148.7676,-150.1994],[-0.9231,-0.0858, 0.0903,-0.2729],0.3751
1723,[-0.9376,-0.1469, 0.1827,-0.3065],[-2.3499,-3.7345, 2.4069, 2.4639,-3.841 ],[-0.9379,-0.1574, 0.1916,-0.2931],0.2376
1732,[-0.9359, 0.1823,-0.1453,-0.2965],[-5.8077,-5.1613,-5.9143,-5.0217,-6.4964],[-0.9379, 0.1763,-0.1328,-0.2843],0.2565
1734,[-0.9258, 0.2163,-0.2243,-0.3139],[-1.1709, 1.1389,-3.4132, 3.6538,-3.5495],[-0.9266, 0.2205,-0.2257,-0.2975],0.235
1736,[-0.9194, 0.2652,-0.2877,-0.3058],[ 0.1373,33.2739,-0.7809, 1.8807,-0.8814],[-0.9195, 0.2715,-0.292 ,-0.2901],0.2029
1741,[-0.9346,-0.1775, 0.1477,-0.2878],[-4.2775,-4.4241,-4.0717,-4.1324,-4.922 ],[-0.9365,-0.1725, 0.135 ,-0.2759],0.2623
1743,[-0.9378,-0.1986, 0.224 ,-0.3015],[ 0.4079,-1.2968, 8.6129, 9.3575,-1.0702],[-0.9381,-0.2068, 0.229 ,-0.2854],0.1982
1745,[-0.9331,-0.2456, 0.3013,-0.2953],[-0.0569,-0.5948, 1.3149,18.876 ,-0.8813],[-0.9321,-0.2574, 0.3105,-0.2787],0.159
1754,[-0.9332, 0.2806,-0.2617,-0.2654],[-1.1073,-0.9091,-1.2938, 0.1894,-1.6041],[-0.9348, 0.2808,-0.2548,-0.2531],0.1652
1756,[-0.9182, 0.2957,-0.3155,-0.2864],[ 0.5542, 1.0377,-2.1776, 1.0139,-2.4214],[-0.9183, 0.3012,-0.3177,-0.2716],0.1776
1765,[-0.9323,-0.2959, 0.3456,-0.2877],[ 0.4536,-1.0353, 9.4561, 2.1929,-1.4139],[-0.9311,-0.306 , 0.3539,-0.2716],0.1195
1767,[-0.9189,-0.3452, 0.415 ,-0.3341],[ 0.2152,-0.4156, 1.5513,34.0285,-0.6966],[-0.9164,-0.3546, 0.4232,-0.3176],0.0969
1787,[-0.9313,-0.4135, 0.4391,-0.3054],[ 0.6291, 0.1526, 0.8325,15.7993,-1.1223],[-0.9307,-0.4203, 0.4406,-0.2882],0.028
1800,[-0.9304,-0.009 , 0.0241,-0.4413],[-75.9166,-75.6166,-76.3105,-75.3621,-76.9716],[-0.9322,-0.0124, 0.0262,-0.426 ],0.3981
1801,[-0.9353,-0.0415, 0.0692,-0.4356],[-34.4134,-34.8964,-34.1432,-34.1419,-35.6021],[-0.9369,-0.0493, 0.0763,-0.4201],0.3427
1802,[-0.9341, 0.0345,-0.0758,-0.4177],[-3.6517,-2.7663,-4.3901,-3.2506,-4.34  ],[-0.9356, 0.0446,-0.0813,-0.4016],0.3481
1810,[-0.9272, 0.0656,-0.0393,-0.4368],[-3.2778,-4.2342,-2.5132,-2.3868,-4.5812],[-0.9292, 0.0616,-0.0357,-0.4218],0.3875
1812,[-0.9247, 0.1237,-0.1308,-0.4438],[-7.3606,-6.9511,-8.8842,-5.9699,-9.6278],[-0.9264, 0.1278,-0.1336,-0.4273],0.3227
1814,[-0.9174, 0.1537,-0.1852,-0.4566],[ 0.9159,57.2557,-0.1755, 2.8106,-0.7215],[-0.9184, 0.1619,-0.1902,-0.4401],0.3083
1820,[-0.9295,-0.0663, 0.0367,-0.4161],[-6.4226,-5.0932,-6.2268,-4.2526,-7.0497],[-0.9315,-0.0611, 0.0294,-0.4025],0.3822
1821,[-0.9394,-0.0814, 0.1054,-0.4201],[-100.1417,-100.6473,-100.1864, -99.5648,-101.0701],[-0.9408,-0.0895, 0.1121,-0.4046],0.2931
1823,[-0.9358,-0.1375, 0.1888,-0.4235],[-3.2487,-3.6059,-1.4012,-0.7531,-4.4182],[-0.9361,-0.1519, 0.2016,-0.4074],0.2433
1825,[-0.9319,-0.1586, 0.2998,-0.4499],[-0.0552,-0.3927,-0.1006, 0.096 ,-0.5687],[-0.9293,-0.1846, 0.3119,-0.434 ],0.202
1832,[-0.921 , 0.1783,-0.1539,-0.3994],[-0.7189,-1.2362,-0.7188, 0.2724,-1.6631],[-0.9232, 0.1763,-0.1446,-0.3844],0.3074
1834,[-0.9205, 0.1917,-0.2156,-0.422 ],[-0.2607, 6.2568,-1.921 , 5.8597,-2.3443],[-0.9213, 0.1991,-0.2202,-0.4057],0.2673
1836,[-0.9165, 0.2477,-0.2896,-0.4136],[19.4797, 5.6671,-0.5918, 1.9361,-1.2209],[-0.9163, 0.2572,-0.2953,-0.398 ],0.2162
1843,[-0.9379,-0.1826, 0.22  ,-0.3999],[-1.0123,-2.6449, 0.2527, 1.2685,-3.0592],[-0.9383,-0.1946, 0.2291,-0.383 ],0.204
1845,[-0.9328,-0.2226, 0.3232,-0.4239],[ 2.7038,-0.7142,13.1779, 3.1703,-0.7975],[-0.9306,-0.2422, 0.3369,-0.4082],0.1593
1856,[-0.9187, 0.2942,-0.3298,-0.4049],[ 3.4921,-0.1752,-0.7382, 4.211 ,-2.0689],[-0.9183, 0.3032,-0.3371,-0.389 ],0.1706
1865,[-0.9349,-0.3025, 0.3665,-0.44  ],[ 0.1421,-0.304 , 1.3249,20.1192,-1.0173],[-0.9333,-0.3171, 0.3784,-0.4238],0.0973
1867,[-0.9346,-0.348 , 0.4005,-0.4011],[ 0.4143,-0.0984,33.1791, 1.2244,-0.8518],[-0.9331,-0.3599, 0.4108,-0.3841],0.0636
1900,[-0.9207, 0.0074, 0.0182,-0.5633],[-247.7996,-248.285 ,-248.3034,-248.6813,-249.9765],[-0.9231, 0.0024, 0.0224,-0.5476],0.4449
1901,[-0.9282,-0.0323, 0.072 ,-0.5444],[-15.4332,-15.0489,-15.0122,-14.095 ,-16.3158],[-0.9302,-0.0423, 0.0812,-0.5283],0.3726
1902,[-0.9149, 0.0297,-0.0839,-0.6068],[-11.6803,-11.7355,-12.3139,-11.8715,-12.8094],[-0.917 , 0.0399,-0.0871,-0.5933],0.4246
1910,[-0.9189, 0.0649,-0.0377,-0.6034],[-139.6858,-140.9464,-140.2957,-139.4729,-140.5013],[-0.9217, 0.0609,-0.0312,-0.5857],0.4243
1912,[-0.9171, 0.1093,-0.1268,-0.5574],[-329.7254,-329.96  ,-330.915 ,-329.8313,-331.472 ],[-0.9189, 0.1158,-0.135 ,-0.5404],0.3552
1914,[-0.9153, 0.1439,-0.1835,-0.5256],[ 3.2879e+00, 1.5880e+00,-4.5754e-02, 1.2483e+02,-1.0036e+00],[-0.9163, 0.1542,-0.1934,-0.5083],0.316
1920,[-0.9144,-0.072 , 0.041 ,-0.5266],[ -8.6216, -8.1995, -8.3521, -8.3318,-10.0705],[-0.9169,-0.0681, 0.037 ,-0.5131],0.4389
1921,[-0.9278,-0.081 , 0.1121,-0.5431],[ -0.6056, -0.9081,  0.9126,177.6572, -1.6339],[-0.9295,-0.0903, 0.1199,-0.5259],0.3351
1923,[-0.9358,-0.1141, 0.1866,-0.5343],[-0.0804,47.367 , 3.0587, 1.3953,-0.6277],[-0.9361,-0.1357, 0.2109,-0.5165],0.2473
1934,[-0.9173, 0.1759,-0.2126,-0.5186],[-11.9611,-12.1201,-12.3731, -9.679 ,-14.1981],[-0.9181, 0.186 ,-0.2208,-0.5006],0.2833
1936,[-0.9232, 0.2239,-0.2907,-0.5157],[ 0.5789,70.4758,-0.7236, 0.2514,-0.3893],[-0.9224, 0.2393,-0.3058,-0.4979],0.203
1943,[-0.9442,-0.1867, 0.2359,-0.5812],[ 0.717 , 0.7095, 0.3511,40.6495,-0.7296],[-0.9445,-0.2067, 0.2591,-0.5633],0.1637
1945,[-0.9439,-0.2474, 0.3047,-0.5267],[ 9.7092e-03,-2.3700e-01, 4.6647e+01, 8.2748e-01,-6.9276e-01],[-0.9433,-0.2666, 0.3224,-0.5093],0.114
2100,[-0.9002,-0.0251, 0.021 , 0.3854],[ -9.7227, -9.5897, -9.4657,-10.0914, -9.0838],[-0.8985,-0.0241, 0.0203, 0.3806],0.3953
2101,[-0.8942,-0.0551, 0.0768, 0.3762],[-3.3151,-3.8353,-2.5991,-3.764 ,-2.277 ],[-0.8925,-0.0566, 0.0772, 0.3625],0.3315
2102,[-0.8708, 0.0301,-0.0679, 0.3883],[-2.5032,-1.3856,-2.6439,-2.412 ,-1.8744],[-0.8689, 0.0328,-0.0666, 0.3877],0.2526
2200,[-0.9027,-0.0348, 0.0335, 0.2692],[-176.9895,-176.2029,-176.6972,-177.3019,-176.2777],[-0.9016,-0.0342, 0.0322, 0.2639],0.3969
2201,[-0.9051,-0.0468, 0.0654, 0.2654],[-63.9614,-64.3978,-63.7609,-63.924 ,-62.8674],[-0.9038,-0.0484, 0.0651, 0.263 ],0.3898
2202,[-0.8945, 0.0376,-0.0778, 0.2757],[-26.3   ,-25.5021,-26.7257,-26.4447,-25.5092],[-0.893 , 0.0416,-0.0803, 0.2715],0.3398
2210,[-0.9002, 0.0718,-0.0376, 0.2866],[-7.0163,-7.5221,-6.133 ,-7.8204,-6.7842],[-0.8992, 0.0668,-0.0338, 0.2803],0.3756
2212,[-0.8983, 0.0676,-0.0828, 0.2898],[-12.0529,-11.2332,-12.5923,-12.8213,-11.2553],[-0.8969, 0.0682,-0.0804, 0.2915],0.3437
2220,[-0.9058,-0.0633, 0.04  , 0.2756],[-13.134 ,-12.1707,-13.3778,-13.5179,-12.0775],[-0.9048,-0.0591, 0.0334, 0.272 ],0.4037
2221,[-0.9047,-0.0697, 0.0839, 0.2693],[-87.4424,-87.8192,-87.0677,-87.7175,-86.5476],[-0.9035,-0.0703, 0.0816, 0.2642],0.3703
2234,[-0.9092, 0.2297,-0.2419, 0.2586],[ 0.3774, 4.4969,-0.4157,-0.0421, 1.0598],[-0.9083, 0.2273,-0.2298, 0.2442],0.2441
2243,[-0.9035,-0.1706, 0.2026, 0.2634],[-0.0606,-1.5124, 1.9809,-0.3443, 4.0458],[-0.9019,-0.1715, 0.1976, 0.2584],0.2616
2254,[-0.9101, 0.2894,-0.2459, 0.3483],[0.5255,0.2533,0.198 ,0.2408,6.4215],[-0.9107, 0.2794,-0.2199, 0.3461],0.2325
2256,[-0.91  , 0.3071,-0.2992, 0.3227],[ 1.1701,11.2314,-0.6849, 0.0942, 3.8424],[-0.9098, 0.301 ,-0.2794, 0.3333],0.1895
2300,[-0.906 ,-0.016 , 0.0172, 0.1734],[-352.0632,-352.2964,-351.965 ,-353.3334,-352.1385],[-0.9052,-0.0161, 0.0175, 0.1659],0.4168
2301,[-0.9061,-0.0456, 0.0657, 0.1831],[-128.875 ,-129.6477,-126.3491,-129.7148,-128.2681],[-0.9052,-0.0477, 0.0661, 0.1757],0.3955
2302,[-0.9067, 0.043 ,-0.0719, 0.1529],[-87.3617,-86.6827,-88.0201,-87.5757,-86.4648],[-0.9058, 0.0464,-0.0734, 0.1503],0.3957
2304,[-0.8872, 0.052 ,-0.1737, 0.2441],[-3.8979,-3.5553,-4.4885,-4.4798,-4.1407],[-0.8846, 0.0629,-0.1711, 0.2312],0.2566
2310,[-0.907 , 0.0622,-0.0467, 0.1437],[-10.2312,-10.5865,-10.1625,-11.0985, -7.3488],[-0.9065, 0.0593,-0.0413, 0.1391],0.4075
2312,[-0.9059, 0.0733,-0.0877, 0.1483],[-36.5128,-34.9057,-36.9118,-36.4979,-34.2966],[-0.9052, 0.0744,-0.086 , 0.1427],0.3735
2314,[-0.9052, 0.1498,-0.18  , 0.1469],[-3.873 ,-3.6446,-6.0023,-4.7835,-3.2127],[-0.9041, 0.1519,-0.1779, 0.148 ],0.2887
2320,[-0.907 ,-0.0652, 0.0429, 0.1495],[-16.686 ,-16.6356,-17.8961,-18.1556,-15.6469],[-0.9065,-0.0616, 0.0388, 0.1447],0.4074
2321,[-0.9045,-0.0774, 0.0834, 0.1532],[-167.1061,-168.0688,-166.1383,-167.3941,-166.0217],[-0.9038,-0.0771, 0.0798, 0.1494],0.3692
2323,[-0.9035,-0.1364, 0.1874, 0.1642],[-17.2797,-18.3417,-16.5984,-18.0022,-16.8995],[-0.9019,-0.1409, 0.1883, 0.1665],0.2807
2332,[-0.9058, 0.1811,-0.1415, 0.1617],[ 2.3437,-1.9028,-1.0554,-2.0369, 0.6688],[-0.9062, 0.1733,-0.1215, 0.1562],0.3141
2334,[-0.9032, 0.199 ,-0.2159, 0.1546],[ 0.8865, 5.8907,-0.7409, 0.2954,46.3886],[-0.9024, 0.1987,-0.2085, 0.1487],0.2467
2340,[-0.9063,-0.1833, 0.0467, 0.2083],[-4.3838,-4.2128,-5.0972,-5.084 ,-4.5125],[-0.9074,-0.1611, 0.0048, 0.1937],0.3803
2341,[-0.8998,-0.1946, 0.1349, 0.1616],[ 0.2564, 0.5998,-1.0609,-0.4623,11.0543],[-0.9005,-0.1854, 0.1182, 0.1558],0.2872
2343,[-0.9033,-0.2061, 0.2133, 0.1725],[ 1.9639e+00,-1.8863e-01, 2.0917e+01,-9.5022e-03, 1.3104e+00],[-0.9028,-0.2044, 0.2023, 0.1664],0.2477
2345,[-0.9047,-0.2714, 0.3139, 0.1676],[ 0.0865,-1.6993,15.3656, 0.2855, 1.0718],[-0.9031,-0.2723, 0.3058, 0.1756],0.1681
2354,[-0.9034, 0.2966,-0.2312, 0.1777],[2.1352,0.3271,0.47  ,0.8738,7.767 ],[-0.9051, 0.2876,-0.2141, 0.1684],0.2114
2356,[-0.8987, 0.3241,-0.3114, 0.151 ],[ 5.2304, 7.6929,-1.1915, 1.7457, 3.7508],[-0.8991, 0.3203,-0.296 , 0.1642],0.1374
2363,[-0.9064,-0.3143, 0.2469, 0.1672],[ 2.5978, 2.5778, 0.7934, 4.0786,37.4187],[-0.9086,-0.3044, 0.2218, 0.1645],0.2118
2365,[-0.9052,-0.3211, 0.3179, 0.1488],[ 0.1813,-0.2403,19.2878, 1.2158, 0.5049],[-0.9053,-0.318 , 0.3037, 0.1566],0.1549
2400,[-0.9048,-0.0135, 0.0082, 0.0638],[1.6152e+00,2.8761e+00,2.7516e+00,3.8150e-01,1.0742e+03],[-0.9046,-0.0125, 0.0058, 0.0499],0.4155
2401,[-0.9038,-0.045 , 0.0664, 0.0663],[-19.4623,-22.5123, -9.3625,-21.9964,-19.443 ],[-0.9034,-0.0476, 0.0675, 0.0557],0.3872
2402,[-0.9049, 0.037 ,-0.0724, 0.0553],[-103.426 ,-102.2449,-105.1005,-104.87  ,-103.9559],[-0.9045, 0.0416,-0.0754, 0.045 ],0.3909
2410,[-0.9062, 0.0642,-0.0452, 0.0515],[ -3.6979, -5.3489,106.1439, -5.2545, -0.8205],[-0.9062, 0.0616,-0.0439, 0.0439],0.4039
2411,[-0.9053, 0.0648, 0.0769, 0.0517],[-5.1801,-5.7783,-4.7131,-5.2898,-5.2604],[-0.9049, 0.047 , 0.0766, 0.0664],0.3896
2412,[-0.9054, 0.0767,-0.0866, 0.0606],[ 7.6236e-01, 2.8597e+02,-1.9529e-01, 1.1054e+00, 7.8158e+00],[-0.9051, 0.0773,-0.0835, 0.0528],0.3733
2414,[-0.9005, 0.1452,-0.1863, 0.0699],[-3.1839,-1.4641,-6.1483,-4.5184,-2.7757],[-0.8994, 0.1491,-0.1867, 0.0678],0.2686
2420,[-0.9044,-0.064 , 0.0443, 0.066 ],[ 0.3411,65.0318, 0.4736,-0.5512, 3.651 ],[-0.9043,-0.0614, 0.0439, 0.0582],0.3955
2421,[-0.9046,-0.0782, 0.0869, 0.0734],[  0.7416,  1.738 ,149.8992, -0.3851,  2.0955],[-0.9042,-0.0786, 0.0837, 0.0712],0.3686
2422,[-0.9101,-0.0669,-0.0653, 0.0979],[-7.8337,-7.683 ,-8.1072,-7.9576,-7.2116],[-0.9098,-0.0497,-0.0645, 0.0836],0.4161
2423,[-0.8948,-0.1358, 0.1803, 0.059 ],[-20.436 ,-22.3712,-20.0999,-21.5592,-19.7154],[-0.8938,-0.1401, 0.1809, 0.0524],0.2543
2430,[-0.8915, 0.1783,-0.0416, 0.0438],[-4.8324,-5.7984,-4.6512,-5.259 ,-5.7736],[-0.8931, 0.1623,-0.0311, 0.0505],0.3078
2432,[-0.899 , 0.1842,-0.1365, 0.0578],[ 0.1273,-1.4541,-1.0049,-1.3428,14.4494],[-0.8999, 0.1769,-0.1194, 0.0483],0.2883
2434,[-0.898 , 0.1997,-0.215 , 0.0742],[ 0.994 ,82.8546,-0.097 , 1.0108, 1.8043],[-0.8975, 0.1999,-0.2077, 0.0737],0.2287
2436,[-0.8889, 0.2432,-0.2981, 0.0749],[ 3.5709e-01, 2.7512e+01,-7.1537e-01, 1.3675e-02,-7.1104e-01],[-0.8871, 0.2467,-0.2971, 0.0842],0.1326
2441,[-0.9044,-0.1781, 0.1437, 0.0482],[  0.8559,  1.5124,  0.9651,  1.6914,107.1423],[-0.905 ,-0.1722, 0.1292, 0.0443],0.3064
2443,[-0.9013,-0.2025, 0.2085, 0.0473],[4.0959e+00,1.1850e-02,8.6155e+01,9.0672e-01,8.2598e-01],[-0.9011,-0.2016, 0.1997, 0.0531],0.2445
2456,[-0.9035, 0.3272,-0.3661, 0.0771],[ 2.1279,17.5136,-0.3735, 0.9131,-0.0198],[-0.9021, 0.3282,-0.3602, 0.0902],0.1132
2461,[-0.9072,-0.2984, 0.1559, 0.0245],[-3.2079,-1.7515,-4.4803,-2.6977,-2.8554],[-0.9107,-0.2836, 0.1572, 0.0398],0.2609
2463,[-0.9045,-0.3638, 0.2536, 0.0238],[ 1.6978, 0.8327, 1.6099,19.3557, 3.8636],[-0.9085,-0.3533, 0.2353, 0.0378],0.1816
2465,[-0.8963,-0.3685, 0.3618, 0.0992],[ 0.7541,-0.6424,20.4577, 0.6234, 0.8169],[-0.8968,-0.3661, 0.348 , 0.1087],0.0855
2467,[-0.9005,-0.3698, 0.411 , 0.0372],[-0.2535,-0.4779, 9.1266,-0.6858, 0.4495],[-0.8991,-0.3707, 0.4049, 0.0498],0.0637
2485,[-0.9034,-0.4002, 0.3017, 0.0128],[ 0.5096,-0.0965, 2.2682, 4.7468, 0.0717],[-0.9077,-0.3916, 0.2763, 0.0281],0.1408
2500,[-0.905 ,-0.0073, 0.0024,-0.0607],[1.6376e+00,1.3695e+03,2.1246e+00,2.0835e-01,3.0798e+00],[-0.9053,-0.007 , 0.0048,-0.0728],0.4209
2501,[-0.9042,-0.0399, 0.0703,-0.0719],[ -4.5889, -6.1635,107.1393, -5.7238, -4.0917],[-0.9044,-0.0442, 0.0724,-0.0825],0.3907
2502,[-0.9039, 0.0376,-0.0706,-0.0526],[  1.1913,149.8831, -2.6834, -1.833 ,  1.4551],[-0.904 , 0.042 ,-0.0718,-0.0649],0.3904
2510,[-0.9054, 0.0631,-0.0481,-0.0613],[ 4.1164e-01,-4.0179e-01, 4.1282e+02,-6.6948e-01, 4.4651e-01],[-0.9058, 0.0614,-0.0487,-0.0675],0.4002
2512,[-0.9039, 0.0719,-0.08  ,-0.065 ],[ 9.0586e-01, 5.6280e+02,-1.0033e-01, 1.3434e+00, 1.8207e+00],[-0.9041, 0.0729,-0.0782,-0.0727],0.3739
2514,[-0.8933, 0.1413,-0.1836,-0.0726],[ 1.6262,15.2604,-3.7932,-0.8988, 0.0865],[-0.8928, 0.1462,-0.1847,-0.0764],0.2454
2520,[-0.9039,-0.0599, 0.0505,-0.07  ],[1.8042e+00,5.2903e+02,5.5438e-01,4.1226e-01,2.1462e+00],[-0.9042,-0.0589, 0.051 ,-0.0755],0.3933
2521,[-0.9037,-0.0637, 0.0675,-0.071 ],[7.2620e-01,6.2759e-01,1.0250e+03,8.9474e-01,8.1479e-01],[-0.904 ,-0.0642, 0.0661,-0.0772],0.3829
2523,[-0.8978,-0.1502, 0.184 ,-0.058 ],[-4.2776,-8.0987,-2.3775,-6.2738,-5.1546],[-0.8974,-0.1542, 0.1851,-0.0613],0.2589
2532,[-0.8977, 0.1745,-0.1444,-0.0476],[-0.7453,-0.9024,-2.0901,-0.8071, 1.1332],[-0.8987, 0.1701,-0.1329,-0.0522],0.2806
2534,[-0.8967, 0.1871,-0.2121,-0.0563],[ 0.9288,42.064 ,-0.3075, 4.4932, 1.1376],[-0.8963, 0.1895,-0.2091,-0.0517],0.2277
2536,[-0.905 , 0.2097,-0.2838,-0.0084],[-0.811 ,18.4689,-1.0335, 1.3298,-0.9825],[-0.9028, 0.2171,-0.2896, 0.0017],0.2006
2541,[-0.9028,-0.1766, 0.1483,-0.0494],[1.1009,0.6965,8.3745,1.9864,1.5904],[-0.9037,-0.1723, 0.1376,-0.0389],0.2969
2543,[-0.9049,-0.1855, 0.1997,-0.0614],[  1.3302, -0.9008,  2.0458,240.4555,  0.4347],[-0.9048,-0.187 , 0.1967,-0.0471],0.2663
2563,[-0.8958,-0.342 , 0.2387,-0.0282],[ 0.7425, 0.7366, 0.743 , 3.7769,-0.1286],[-0.8998,-0.3315, 0.2113,-0.0152],0.174
2565,[-0.8963,-0.3576, 0.34  ,-0.071 ],[ 0.2432,-0.5365,19.268 , 1.3876, 0.0307],[-0.8975,-0.3564, 0.3273,-0.0602],0.1032
2567,[-0.8953,-0.3713, 0.4048,-0.083 ],[ 1.2404,-1.1189,10.4277, 0.2323,-0.5529],[-0.8944,-0.3734, 0.3995,-0.0713],0.0531
2585,[-0.8913,-0.4097, 0.3584,-0.0345],[ 0.9219,-1.0342, 1.7848, 2.2221,-0.5852],[-0.894 ,-0.4066, 0.341 ,-0.0203],0.0626
2587,[-0.8874,-0.4159, 0.4151,-0.0948],[-0.3246,-1.0157,10.1712, 3.8328, 0.0624],[-0.888 ,-0.4164, 0.4048,-0.0795],0.0136
2600,[-0.906 , 0.0026, 0.0039,-0.1613],[2.0969e+00,3.9237e+02,9.0274e+00,1.9834e-01,1.8839e+00],[-0.9068, 0.0009, 0.0097,-0.168 ],0.4307
2601,[-0.9057,-0.0417, 0.0723,-0.169 ],[ 5.9452e-01,-9.1579e-01, 3.9611e+02, 4.2069e-01,-1.7987e-01],[-0.9062,-0.0464, 0.0741,-0.1763],0.3972
2602,[-0.9053, 0.0466,-0.0668,-0.1491],[ 0.4143, 1.2111,-0.9564, 0.9471, 0.083 ],[-0.9059, 0.0496,-0.0671,-0.1576],0.3973
2610,[-0.9055, 0.066 ,-0.0465,-0.1722],[6.3082e-01,4.2524e-01,4.5211e+02,8.2284e-02,1.0074e+00],[-0.9064, 0.0639,-0.0467,-0.1767],0.4028
2612,[-0.9049, 0.0806,-0.0846,-0.164 ],[ 2.2275e+00, 6.8707e+02,-7.3771e-02, 2.6591e+00, 3.3708e+00],[-0.9056, 0.0812,-0.0808,-0.1704],0.3748
2614,[-0.8952, 0.1457,-0.1814,-0.1441],[ 0.7252, 7.2391,-1.4076, 7.1095,-0.4235],[-0.8951, 0.1504,-0.1821,-0.1436],0.253
2620,[-0.9067,-0.0599, 0.0507,-0.1662],[  0.9664,210.7351,  0.543 ,  0.8274,  0.7776],[-0.9075,-0.0592, 0.0515,-0.177 ],0.4076
2621,[-0.9064,-0.0695, 0.0813,-0.1838],[ 1.2453e+00,-2.2665e-02, 5.5072e+00, 1.5753e+00, 6.6427e+02],[-0.9071,-0.0718, 0.0822,-0.1973],0.3852
2623,[-0.905 ,-0.1433, 0.1812,-0.1928],[  0.7327, -0.539 ,130.4867, -0.5067,  0.7081],[-0.905 ,-0.1491, 0.1832,-0.1829],0.2911
2632,[-0.9   , 0.1745,-0.1502,-0.1612],[ 0.827 , 0.1833,-1.1514,-0.1934,-0.3452],[-0.9012, 0.1718,-0.1421,-0.1589],0.285
2634,[-0.901 , 0.1973,-0.2074,-0.1817],[ 1.2463,34.7426,-0.2193, 2.8222, 1.1309],[-0.9015, 0.199 ,-0.2023,-0.1774],0.2456
2641,[-0.902 ,-0.1826, 0.1483,-0.1757],[0.7687,0.1382,2.7833,9.9716,0.527 ],[-0.9035,-0.1784, 0.1368,-0.1649],0.2933
2643,[-0.9049,-0.1889, 0.2038,-0.1721],[ 6.9997e-01, 2.4611e-01, 1.1432e+02, 9.9998e-01,-7.8563e-02],[-0.9052,-0.1915, 0.2018,-0.1634],0.2631
2656,[-0.9093, 0.3198,-0.3292,-0.1963],[ 5.7349, 2.4358,-0.9068, 5.7786, 0.117 ],[-0.9096, 0.3225,-0.3259,-0.1821],0.1561
2665,[-0.9069,-0.3224, 0.3658,-0.1761],[ 1.3617,-1.0128, 1.9675, 6.2319, 0.9603],[-0.9057,-0.3273, 0.3651,-0.1597],0.1225
2667,[-0.8925,-0.3621, 0.4178,-0.1837],[ 2.2091,-1.1174, 7.3548, 0.3393,-1.2288],[-0.8907,-0.3664, 0.4167,-0.1711],0.0381
2687,[-0.8908,-0.4035, 0.4461,-0.1782],[-0.035 ,-0.9193, 1.6411,10.4579,-0.4058],[-0.8894,-0.4067, 0.4422,-0.1622],0.005
2700,[-0.9023, 0.0246,-0.0051,-0.3168],[  2.0217,  3.4636,111.4106,  1.3343,  2.4019],[-0.9036, 0.0223,-0.0053,-0.3051],0.4261
2701,[-0.9057,-0.0411, 0.0776,-0.2908],[-5.5266,-6.7529,-5.0174,-4.5921,-6.197 ],[-0.9067,-0.0471, 0.081 ,-0.2875],0.3956
2702,[-0.8914, 0.0262,-0.0824,-0.3025],[ -9.6736, -7.7061, -9.9582, -8.6347,-10.2456],[-0.8922, 0.0347,-0.093 ,-0.2953],0.333
2710,[-0.9005, 0.0645,-0.0418,-0.304 ],[ 0.3601, 0.7999,93.6974, 5.8222, 0.357 ],[-0.9019, 0.0619,-0.0391,-0.2991],0.3876
2712,[-0.8988, 0.0965,-0.1017,-0.3044],[1.8284e+00,1.0029e+02,3.6457e-02,6.4798e-01,1.5427e+00],[-0.8999, 0.098 ,-0.1004,-0.2978],0.3336
2714,[-0.9034, 0.1504,-0.18  ,-0.3357],[ 0.6825, 3.958 ,-1.8713, 0.301 ,-0.2566],[-0.9041, 0.1561,-0.182 ,-0.327 ],0.2848
2720,[-0.9065,-0.065 , 0.0471,-0.2711],[ 0.9077, 5.3654, 1.1845,45.4625,-0.2813],[-0.9078,-0.063 , 0.045 ,-0.2709],0.4101
2721,[-0.9069,-0.0843, 0.0945,-0.2666],[ 1.1206e+00,-2.3585e-02, 1.5638e+02, 2.6090e+01, 1.7858e+00],[-0.9079,-0.0866, 0.0951,-0.2667],0.3754
2723,[-0.905 ,-0.1379, 0.1828,-0.2827],[  0.6547, -0.6748,143.9251,  0.1875, -0.2978],[-0.9052,-0.1454, 0.186 ,-0.2867],0.2924
2732,[-0.9067, 0.1678,-0.1562,-0.3222],[ 0.0558, 0.916 ,-0.1772, 1.8582,-0.1116],[-0.9084, 0.1671,-0.146 ,-0.3216],0.3139
2734,[-0.9059, 0.1834,-0.2036,-0.3089],[ 1.1625, 4.1119, 0.1172,11.6078, 0.3646],[-0.9066, 0.1881,-0.205 ,-0.2934],0.2684
2736,[-0.9101, 0.2631,-0.2996,-0.3471],[-0.2828, 1.2673,-1.4672, 0.1375,-1.2587],[-0.9098, 0.2708,-0.306 ,-0.333 ],0.1914
2743,[-0.9048,-0.1868, 0.2126,-0.3089],[  0.3063, -0.6372,  1.4985,127.0627,  0.8471],[-0.9052,-0.1922, 0.2144,-0.2978],0.2569
2745,[-0.9095,-0.2738, 0.3611,-0.301 ],[ 0.8918,-1.6683, 1.2241, 0.2312,-1.2823],[-0.9069,-0.2846, 0.3694,-0.2839],0.1445
2756,[-0.9092, 0.3014,-0.3324,-0.2811],[ 0.6012,15.7265,-0.0746, 0.831 ,-0.183 ],[-0.9087, 0.3073,-0.3358,-0.2657],0.1557
2765,[-0.9042,-0.2944, 0.3778,-0.2787],[ 0.5089,-0.0794, 3.2784, 1.6927,-0.4916],[-0.9015,-0.3037, 0.3864,-0.2732],0.1107
2767,[-0.9037,-0.3489, 0.4261,-0.2799],[-0.8472,-1.2025, 7.6945, 0.2867,-1.0846],[-0.9009,-0.3563, 0.4318,-0.2639],0.0631
2787,[-0.9043,-0.3911, 0.4564,-0.2515],[-0.0204,-1.2971, 3.0988, 3.6991,-1.305 ],[-0.9018,-0.3966, 0.4584,-0.2361],0.0345
2800,[-0.8966, 0.0342,-0.0016,-0.4289],[  1.3633,  1.4523,131.0114,  4.7566,  0.7409],[-8.9851e-01, 3.0191e-02,-3.0910e-04,-4.1389e-01],0.4009
2801,[-0.8941,-0.0222, 0.0729,-0.4302],[ 0.1534,-1.2776, 1.8494, 1.2697,-0.9505],[-0.8956,-0.0297, 0.077 ,-0.4173],0.3565
2802,[-0.8922, 0.0268,-0.0887,-0.4439],[ 0.0813,50.0804,-0.7029, 1.3424,-1.0263],[-0.8936, 0.0362,-0.0957,-0.4313],0.3373
2810,[-0.887 , 0.0632,-0.039 ,-0.4504],[ 1.4154, 1.7844, 1.7839,61.441 , 1.1457],[-0.8891, 0.0602,-0.0317,-0.4333],0.3366
2811,[-0.8846, 0.0593, 0.0616,-0.4957],[-0.3349,-0.5727,-0.1013,-0.2785,-0.536 ],[-0.8865, 0.0434, 0.0778,-0.4776],0.3124
2812,[-0.8905, 0.0819,-0.0891,-0.4484],[146.3178,  3.571 ,  0.5625,  1.0461,  0.5851],[-0.8921, 0.0846,-0.0924,-0.4335],0.311
2814,[-0.9062, 0.1417,-0.1818,-0.4345],[-0.083 ,26.4499,-0.4565, 2.4879,-0.8139],[-0.907 , 0.1497,-0.1853,-0.42  ],0.298
2820,[-0.8934,-0.0695, 0.0372,-0.4589],[-0.2128,35.9659, 0.216 , 1.6616,-0.1499],[-0.8957,-0.0656, 0.0304,-0.4532],0.3624
2821,[-0.8974,-0.0782, 0.0906,-0.4337],[4.0075e+00,1.0702e-02,4.7584e+01,4.2117e+00,3.6088e-01],[-0.8991,-0.0808, 0.0891,-0.4252],0.3436
2832,[-0.9099, 0.1677,-0.1583,-0.4354],[0.4933,0.5666,0.5145,3.2985,0.1028],[-0.9118, 0.1698,-0.1608,-0.4365],0.3191
2834,[-0.9087, 0.1849,-0.2118,-0.4307],[ 2.4845e-01, 1.5689e+01,-8.8026e-03, 1.3969e+00, 4.4175e-01],[-0.9096, 0.1916,-0.2133,-0.4164],0.2743
2836,[-0.9109, 0.238 ,-0.2827,-0.3936],[-0.7909, 2.871 ,-0.7099,-0.0824,-1.1773],[-0.9107, 0.2469,-0.2878,-0.3771],0.215
2843,[-0.9002,-0.1771, 0.2058,-0.3832],[ 1.8709,-0.6277, 1.1995,14.8455, 0.6288],[-0.9008,-0.1834, 0.2112,-0.3657],0.2457
2900,[-0.8997, 0.0332, 0.0052,-0.6404],[ 2.2633e+00, 1.3099e-01, 1.1322e+03, 2.3645e+00,-1.7318e-01],[-0.9025, 0.0281, 0.007 ,-0.6237],0.4184
2901,[-0.8978,-0.0093, 0.0692,-0.6389],[-0.2759,-0.8007,85.1966, 2.3429,-0.5145],[-0.9003,-0.0188, 0.0733,-0.6251],0.3828
2902,[-0.8839, 0.0288,-0.0791,-0.7084],[-1.5320e+00, 1.2646e+02,-2.8216e+00,-8.5115e-02,-2.8318e+00],[-0.8865, 0.0365,-0.0832,-0.6931],0.3134
2910,[-0.8818, 0.066 ,-0.0406,-0.7019],[-0.0681, 0.1402, 0.5612,32.1343,-1.0821],[-0.885 , 0.0634,-0.0339,-0.685 ],0.3174
2912,[-0.887 , 0.0776,-0.0773,-0.6941],[ -4.3069,  8.2047, -7.7601,553.0436, -7.6491],[-0.8899, 0.0799,-0.0803,-0.6772],0.3098
2914,[-0.9073, 0.1399,-0.1814,-0.5488],[ 0.1761,39.4475,-1.1246, 0.6995,-0.4212],[-0.9084, 0.1497,-0.1899,-0.5313],0.3011
2920,[-0.8812,-0.0697, 0.0331,-0.6882],[-1.951 , 1.1958,-0.851 , 3.3748,-2.7576],[-0.8844,-0.0659, 0.0276,-0.6697],0.3151
2921,[-0.8883,-0.0932, 0.0837,-0.6842],[ 0.3368,-0.5582, 2.5981,63.88  ,-0.1606],[-0.8913,-0.0939, 0.0814,-0.6663],0.3098
2934,[-0.9084, 0.1755,-0.2164,-0.5196],[-0.3016, 3.2562,-0.7565, 3.5531,-0.5641],[-0.9092, 0.1849,-0.2215,-0.504 ],0.2719
3102,[-0.8651, 0.0375,-0.0658, 0.3875],[-1.012 ,-0.8863,-1.662 ,-2.1374,-0.5549],[-0.8633, 0.0396,-0.0682, 0.3745],0.2284
3200,[-0.8488, 0.0501,-0.0507, 0.2705],[-5.5078,-5.674 ,-5.7991,-6.8929,-5.5645],[-0.8477, 0.0492,-0.0429, 0.2562],0.1796
3202,[-0.8567, 0.0461,-0.0682, 0.3307],[-2.4338,-1.0211,-2.7968,-3.1624,-1.8093],[-0.8551, 0.0473,-0.0667, 0.3199],0.1972
3300,[-0.8626, 0.0018, 0.0059, 0.1663],[-3.3538,-3.4237,-3.4627,-4.9048,-2.5288],[-0.8619, 0.0009, 0.0087, 0.1557],0.2549
3312,[-0.8642, 0.0701,-0.1484, 0.1359],[-1.7836,-0.9266,-2.9867,-2.9667,-0.7085],[-0.8627, 0.0763,-0.1477, 0.1214],0.1816
3400,[-0.8628,-0.0229, 0.0317, 0.0575],[-0.3093, 1.9051, 0.9715,-2.3925, 2.9994],[-0.8626,-0.0236, 0.0317, 0.0435],0.2461
3412,[-0.8582, 0.0947,-0.1544, 0.069 ],[ 0.61  , 0.9746,-2.3869,-1.7675, 2.3095],[-0.857 , 0.0996,-0.1573, 0.0538],0.1504
3414,[-0.8537, 0.1139,-0.1682, 0.0082],[-1.7195, 0.4527,-3.5841,-1.6121,-0.704 ],[-0.8527, 0.1184,-0.1705,-0.0074],0.1248
3434,[-0.8628, 0.21  ,-0.2692, 0.0846],[ 1.8756, 3.5618,-1.5335,-0.9619, 2.6891],[-0.8609, 0.2135,-0.2692, 0.0783],0.0773
3500,[-0.8626,-0.0255, 0.0279,-0.0477],[-4.2483,-4.3471,-4.2398,-6.4807,-4.4677],[-0.8629,-0.0258, 0.0286,-0.0579],0.2474
3501,[-0.8651,-0.0494, 0.0657,-0.0855],[-4.2255,-5.5237,-2.7412,-5.5032,-4.0134],[-0.8655,-0.0512, 0.0666,-0.1005],0.2326
3514,[-0.8523, 0.1205,-0.1712,-0.0148],[-1.1086, 0.4546,-3.6122,-0.7466, 1.5216],[-0.8515, 0.1247,-0.172 ,-0.0293],0.1182
3600,[-0.8647,-0.0112, 0.0058,-0.1417],[-6.2139,-6.4696,-5.3876,-7.2978,-5.9159],[-0.8654,-0.0103, 0.0009,-0.1508],0.2715
3601,[-0.8663,-0.0543, 0.0631,-0.1294],[-6.234 ,-7.0956,-4.9466,-7.3252,-5.9683],[-0.8668,-0.0552, 0.0618,-0.1424],0.2379
3610,[-0.8401, 0.0718,-0.0487,-0.2409],[-7.9143,-8.0312,-6.8678,-7.6307,-7.0684],[-0.8414, 0.0702,-0.0475,-0.2573],0.1496
3612,[-0.8383, 0.0741,-0.0626,-0.242 ],[-0.5051, 0.1608,-2.5853,-1.6495, 0.1706],[-0.8394, 0.0728,-0.0539,-0.2325],0.1402
3710,[-0.8613, 0.0654,-0.0497,-0.341 ],[-1.0273,-2.9643, 0.1132,-1.9264,-0.6174],[-0.8629, 0.0646,-0.051 ,-0.3328],0.2246
3712,[-0.846 , 0.072 ,-0.0731,-0.3304],[ 0.7359,11.5092,-0.2411,-0.1961, 2.0764],[-0.8474, 0.0725,-0.0714,-0.3311],0.1615
3720,[-0.8636,-0.0575, 0.0429,-0.351 ],[-3.4249,-2.2893,-3.8692,-4.1812,-2.9517],[-0.8652,-0.0567, 0.0433,-0.3445],0.2387
3800,[-0.8519, 0.0531,-0.0489,-0.442 ],[1.0402,2.471 ,4.7842,5.2079,0.8019],[-0.8538, 0.0535,-0.0512,-0.4341],0.1964
3801,[-0.8638,-0.0107, 0.0623,-0.4653],[-0.3286,-1.5149, 0.2681, 0.205 ,-1.1545],[-0.8656,-0.0165, 0.0643,-0.4655],0.2474
3802,[-0.8452, 0.0522,-0.0665,-0.4486],[-0.5936, 9.5083,-1.0532, 0.0328, 0.5906],[-0.847 , 0.054 ,-0.0652,-0.4428],0.168
3810,[-0.8512, 0.0683,-0.0494,-0.4729],[ 1.3865, 0.3815,16.7392, 0.8193, 1.2972],[-0.8534, 0.0674,-0.0498,-0.4708],0.1909
3812,[-0.8547, 0.0669,-0.063 ,-0.473 ],[ 1.5466,25.6876, 0.0367, 1.9997, 2.8438],[-0.8568, 0.0673,-0.0622,-0.4705],0.1981
3820,[-0.8582,-0.0662, 0.0459,-0.4299],[ 1.5922, 2.503 ,-0.1076,-0.0353, 0.0777],[-0.8603,-0.0645, 0.0413,-0.4158],0.2185
3821,[-0.8477,-0.066 , 0.0577,-0.4736],[ 1.2178,-0.1909,10.3643, 0.6196, 0.5509],[-0.8498,-0.0658, 0.0557,-0.4569],0.1762
3832,[-0.8418, 0.1886,-0.119 ,-0.4824],[1.2694,0.9702,1.2733,0.3802,0.6894],[-0.8455, 0.1836,-0.102 ,-0.5004],0.1038
3900,[-0.8408, 0.0281,-0.025 ,-0.9332],[  0.6548,  3.0387,  5.2537,215.1528,  0.5477],[-0.8448, 0.0289,-0.029 ,-0.9178],0.1784
3901,[-0.8368,-0.0338, 0.0809,-0.9334],[ 0.2467,-3.5063, 1.1505,13.897 ,-2.5777],[-0.8404,-0.0395, 0.0838,-0.9174],0.1454
3902,[-0.8392, 0.0462,-0.0733,-0.8279],[-1.3778,27.8756,-2.7005, 0.7091,-2.286 ],[-0.8425, 0.05  ,-0.0753,-0.8172],0.1524
3910,[-0.8457, 0.0675,-0.0506,-0.741 ],[  0.7017,  2.0878,582.852 ,  3.645 ,  1.2156],[-0.849 , 0.0673,-0.0522,-0.739 ],0.1755
3912,[-0.8443, 0.0679,-0.0636,-0.7573],[1.0574e+00,1.2457e+03,4.1796e-01,2.4278e+00,5.0855e-01],[-0.8477, 0.0686,-0.0618,-0.7549],0.1671
3920,[-0.8435,-0.0702, 0.0402,-0.8838],[-0.7284, 2.9914,-0.6233,33.6813,-0.5889],[-0.8475,-0.0682, 0.0351,-0.8676],0.1758
3921,[-0.8436,-0.0815, 0.0904,-0.8286],[ 0.4633,-0.2396,51.4361, 0.1697, 1.0155],[-0.8469,-0.0839, 0.0888,-0.8154],0.1491
3932,[-0.8397, 0.1841,-0.1107,-0.6694],[-1.7688,-1.4579,-1.7242,-1.224 ,-2.3632],[-0.8439, 0.1792,-0.0971,-0.6552],0.1034
3934,[-0.8262, 0.1963,-0.1756,-0.5701],[ 0.1354, 4.3534,-1.4041, 0.8854,-0.3421],[-0.8291, 0.1966,-0.1674,-0.5524],0.0309
4800,[-0.8092, 0.0244,-0.0211,-0.4915],[-0.3082,-0.2691, 0.7522,-0.5818, 1.3108],[-0.8115, 0.0244,-0.0212,-0.4946],0.0811
4802,[-0.8056, 0.0317,-0.0764,-0.478 ],[-0.93  , 0.5009,-1.7865,-1.1075,-0.3264],[-0.8073, 0.0356,-0.0785,-0.4707],0.0494
4810,[-0.8179, 0.0712,-0.0509,-0.4933],[ 0.2412,-1.0553, 0.3962,-0.4259, 0.6088],[-0.8202, 0.0701,-0.0476,-0.4944],0.0843
4812,[-0.8204, 0.0627,-0.0744,-0.4788],[-0.0028, 1.1657,-0.4219,-0.5556, 1.6292],[-0.8224, 0.0643,-0.0737,-0.4757],0.0842
4900,[-0.7982, 0.0391,-0.0242,-0.8919],[4.6642e+00,3.3935e+00,4.0461e+02,2.4364e-01,1.6018e+00],[-0.8023, 0.0388,-0.0267,-0.9004],0.0476
4901,[-0.8016,-0.0035, 0.0706,-0.9525],[-6.9447,-8.4826,-5.8621,-6.0017,-7.3373],[-0.8054,-0.0095, 0.0734,-0.9455],0.05
4902,[-0.7942, 0.0378,-0.0693,-0.7735],[-2.0799e-01, 6.6919e+02,-6.5229e-01,-2.9049e-01, 8.4234e-01],[-0.7974, 0.0409,-0.0698,-0.7765],0.0239
4910,[-0.8043, 0.0641,-0.0496,-0.7757],[ 0.6127, 0.3367,12.9229, 0.6377, 0.2822],[-0.8078, 0.0641,-0.0511,-0.7705],0.0508
4912,[-0.8039, 0.065 ,-0.0672,-0.7833],[  0.8291,204.735 , -0.2083,  1.2423,  0.8392],[-0.8073, 0.0661,-0.0651,-0.779 ],0.0447
4914,[-0.7921, 0.1425,-0.1791,-0.8027],[-0.7726, 1.2852,-2.0339,-0.8327, 0.8656],[-0.7943, 0.1473,-0.1813,-0.7931],-0.044
4920,[-0.7973,-0.0756, 0.0454,-0.877 ],[ 0.5657,33.4011,-0.2964,-0.1537,-0.0848],[-0.8015,-0.0746, 0.0469,-0.8875],0.0318
4921,[-0.8014,-0.0739, 0.0602,-0.887 ],[-7.2913e-02,-5.1009e-01, 2.8830e+01,-2.1535e-02, 8.2573e-01],[-0.8055,-0.074 , 0.0586,-0.8969],0.0397
4932,[-0.7997, 0.1796,-0.1214,-0.8174],[-0.5597,-0.0082,-1.3376,-0.2323,-0.9969],[-0.8042, 0.1776,-0.1129,-0.804 ],-0.0091
4934,[-0.7992, 0.1853,-0.1909,-0.835 ],[ 1.3634, 3.6725,-1.0157, 1.15  ,-0.358 ],[-0.8022, 0.1884,-0.1868,-0.8178],-0.0382
5800,[-0.7357, 0.0106, 0.0053,-0.483 ],[-0.1531,-0.0896, 0.9892,-1.446 , 1.1203],[-0.7379, 0.0099, 0.0031,-0.5003],-0.0996
5810,[-0.7354, 0.0652,-0.0059,-0.4855],[-0.2127,-1.0167, 0.3582,-1.1165, 0.5224],[-0.7379, 0.0627,-0.0134,-0.503 ],-0.1053
5812,[-0.7362, 0.0768,-0.0829,-0.4917],[-0.5154, 0.1207,-1.2495,-1.332 , 0.4542],[-0.7384, 0.0777,-0.0806,-0.5091],-0.1203
5820,[-0.7512,-0.0788, 0.0478,-0.4743],[-0.6201,-0.0805,-0.8073,-0.8724, 0.1886],[-0.7537,-0.0775, 0.0468,-0.4918],-0.0826
5821,[-0.7466,-0.0808, 0.0667,-0.4885],[ 0.2217,-1.0185, 0.4529,-0.2103, 2.0163],[-0.7489,-0.0801, 0.0579,-0.4743],-0.0954
5900,[-7.4921e-01,-9.8819e-06,-1.8004e-02,-7.1794e-01],[ 5.5194e-01, 1.6838e+00, 3.5240e+02,-1.7233e-01, 2.8599e+00],[-0.7524, 0.0016,-0.0244,-0.7254],-0.0693
5901,[-0.7438,-0.0365, 0.0639,-0.7069],[-0.129 ,-1.2888,13.5068,-0.3503, 0.7681],[-0.7468,-0.0386, 0.0623,-0.7153],-0.0918
5902,[-0.7586, 0.0325,-0.0654,-0.7396],[-2.7578e-02, 5.2526e+02,-4.6329e-01,-6.4853e-02, 1.7890e+00],[-0.7617, 0.0351,-0.0657,-0.7462],-0.0593
5910,[-0.7584, 0.0625,-0.0384,-0.8181],[ -0.2692, -0.5601,  1.9548, -2.8335,223.5655],[-0.7622, 0.0614,-0.0334,-0.8302],-0.0575
5911,[-0.7715, 0.0583, 0.0602,-0.9788],[-3.5989,-4.0055,-3.0332,-3.4609,-3.4691],[-0.7759, 0.0508, 0.0552,-0.9993],-0.029
5912,[-0.7586, 0.0655,-0.0726,-0.8299],[-8.8523,96.3899,-9.4062,-9.6338,-4.0092],[-0.7622, 0.0668,-0.0713,-0.8383],-0.0667
5914,[-0.758 , 0.1394,-0.1861,-0.9572],[-1.3678, 4.5014,-1.897 ,-0.558 , 0.4419],[-0.7606, 0.1447,-0.1877,-0.9605],-0.1153
5920,[-0.7642,-0.0705, 0.0437,-0.7643],[ 0.584 , 3.6392,-1.0432,-1.6579, 4.3556],[-0.7678,-0.0695, 0.0428,-0.7753],-0.0486
5921,[-0.7511,-0.0809, 0.0834,-0.7548],[-0.1776,-1.1783,36.8318,-0.4253, 2.1287],[-0.7544,-0.0818, 0.079 ,-0.7638],-0.0883
5932,[-0.7587, 0.1817,-0.1245,-0.8745],[-0.6963,-0.9266,-1.4699,-1.0072,-0.7839],[-0.7635, 0.1802,-0.1171,-0.8665],-0.1012
5934,[-0.7481, 0.1805,-0.1892,-0.8876],[-0.5244, 3.6771,-1.1959, 0.1403, 0.3701],[-0.7514, 0.1832,-0.1827,-0.8759],-0.1395
6600,[-0.689 , 0.0081,-0.025 ,-0.2344],[ 0.0593, 0.11  , 0.6777,-1.0975, 1.2797],[-0.69  , 0.0092,-0.0301,-0.2512],-0.1825
6700,[-6.9357e-01, 7.2169e-03, 4.3242e-04,-3.5179e-01],[-0.1144,-0.4756, 0.3738,-1.4044, 6.3853],[-0.6951, 0.0068, 0.0024,-0.3636],-0.1746
6701,[-0.6955,-0.0132, 0.0676,-0.3575],[-1.2404,-2.1102, 0.7032,-2.2613, 0.262 ],[-0.6968,-0.0158, 0.0665,-0.3648],-0.1789
6702,[-0.6998, 0.0315,-0.0798,-0.3527],[-1.8329,-1.0506,-2.7469,-2.837 ,-0.2977],[-0.701 , 0.034 ,-0.0804,-0.3559],-0.1773
6710,[-0.7052, 0.0672,-0.0382,-0.3226],[-0.0397,-0.6154, 0.3509,-0.9238, 1.2866],[-0.7068, 0.0661,-0.0389,-0.318 ],-0.1659
6712,[-0.7038, 0.073 ,-0.0929,-0.3511],[-0.4771, 1.0793,-1.2189,-1.695 , 1.0725],[-0.7051, 0.0741,-0.0889,-0.3576],-0.1791
6800,[-0.6958, 0.0048, 0.006 ,-0.4578],[-42.9097,-43.4574,-42.8658,-44.7477,-42.195 ],[-0.6978, 0.0041, 0.0083,-0.4706],-0.1698
6801,[-0.6947,-0.011 , 0.0759,-0.464 ],[-8.0651,-9.2751,-6.4002,-9.3117,-7.1719],[-0.6964,-0.0142, 0.0749,-0.4778],-0.1807
6802,[-0.6985, 0.0293,-0.0761,-0.4566],[-37.2847,-36.9717,-37.3995,-38.3823,-36.4071],[-0.7001, 0.0318,-0.0771,-0.4653],-0.1778
6810,[-0.7163, 0.0668,-0.0256,-0.4514],[-1.3656,-1.2895,-0.4877,-2.2198, 0.5524],[-0.7186, 0.0645,-0.0157,-0.4608],-0.1428
6812,[-0.7125, 0.0656,-0.0975,-0.45  ],[-5.3233,-4.9034,-6.3629,-6.4933,-5.0745],[-0.714 , 0.0676,-0.0957,-0.4573],-0.164
6821,[-0.7317,-0.0601, 0.1048,-0.475 ],[-0.7085,-1.6659, 0.1294,-1.8338, 0.1215],[-0.7333,-0.0629, 0.103 ,-0.4908],-0.1313
6900,[-7.1329e-01, 3.5499e-04,-2.4157e-03,-6.0069e-01],[  2.5774,  2.0757,480.7929, -0.7401,  3.4734],[-7.1596e-01, 6.9115e-04,-5.9824e-03,-6.1271e-01],-0.1386
6901,[-0.705 ,-0.0231, 0.0746,-0.5666],[-0.2552,-1.4721,98.7764,-1.7433, 0.7391],[-0.7073,-0.0257, 0.0699,-0.5802],-0.1636
6902,[-0.7138, 0.0371,-0.0707,-0.6261],[  0.8678,100.5091, -0.5072, -1.1994,100.127 ],[-0.7163, 0.0392,-0.0704,-0.6413],-0.1503
6910,[-0.7179, 0.0626,-0.0404,-0.6648],[-2.3412,-2.7322,24.4872,-3.5709, 4.5218],[-0.721 , 0.0619,-0.0395,-0.6782],-0.1409
6911,[-0.6977, 0.0663, 0.0608,-0.6861],[-2.0362,-2.854 ,-1.5051,-1.8882,-1.4851],[-0.7009, 0.0607, 0.0511,-0.7041],-0.1772
6912,[-0.7178, 0.0688,-0.0923,-0.669 ],[-5.5566,21.8292,-7.6358,-7.3575,21.7513],[-0.7205, 0.0705,-0.0887,-0.6846],-0.1523
6914,[-0.7114, 0.1206,-0.1916,-0.7479],[-0.2454,10.3507,-2.7211,-0.7408, 0.7416],[-0.7128, 0.1255,-0.193 ,-0.7602],-0.1946
6921,[-0.7201,-0.0704, 0.1048,-0.6672],[ 0.1351,-1.6832, 4.6017,-1.8314, 4.0902],[-0.7226,-0.073 , 0.1052,-0.679 ],-0.1525
6923,[-0.718 ,-0.1267, 0.1693,-0.7978],[-0.6172,-1.78  , 9.1799,-1.3937,-0.8681],[-0.7204,-0.1305, 0.1692,-0.8128],-0.1795
6932,[-0.7333, 0.1837,-0.1656,-0.9193],[-1.2582,-1.2088,-1.531 ,-1.8817,-1.2681],[-0.7376, 0.1847,-0.1552,-0.9364],-0.1591
6934,[-0.7247, 0.1757,-0.195 ,-0.8548],[-0.2385, 1.6739,-1.4449,-0.6202, 1.1356],[-0.7276, 0.1786,-0.189 ,-0.8664],-0.1809
7422,[-0.6695,-0.1426,-0.1194, 0.0212],[-6.0113,-5.8766,-8.655 ,-7.5735,-4.7658],[-0.6698,-0.1321,-0.1249, 0.0111],-0.245
7442,[-0.6663,-0.1826,-0.093 , 0.0179],[-5.3862,-4.8792,-7.2586,-5.9755,-4.2113],[-0.6677,-0.1716,-0.1019, 0.0163],-0.25
7500,[-0.6652,-0.0061,-0.0352,-0.1154],[-0.8602,-1.8245,-1.219 ,-2.264 , 0.1332],[-0.6657,-0.0046,-0.0289,-0.1291],-0.2182
7502,[-0.6672,-0.0397,-0.1247,-0.1055],[-5.7468,-4.8164,-7.2869,-6.8474,-4.714 ],[-0.6669,-0.0333,-0.1193,-0.1166],-0.2336
7504,[-0.6593,-0.0197,-0.1848,-0.1171],[-6.7158,-5.982 ,-8.2033,-7.368 ,-5.8433],[-0.6577,-0.0119,-0.1819,-0.1252],-0.2516
7522,[-0.6711,-0.1289,-0.1261,-0.0758],[ -6.3446, -4.0102,-10.3761, -9.0684, -3.7106],[-0.6715,-0.1185,-0.1307,-0.0904],-0.2417
7524,[-0.6683,-0.081 ,-0.1707,-0.1126],[ -9.7281, -9.3639,-10.6612,-10.1784, -8.9016],[-0.6673,-0.0708,-0.1744,-0.1277],-0.2464
7542,[-0.6638,-0.1968,-0.0796,-0.0111],[-38.2049,-36.0605,-40.33  ,-39.8784,-36.986 ],[-0.6654,-0.1877,-0.0875,-0.0184],-0.253
7600,[-0.675 , 0.0009,-0.0266,-0.2203],[-3.3411,-4.6358,-4.7719,-5.3022,-2.2366],[-0.6759, 0.0016,-0.0181,-0.2318],-0.2025
7602,[-0.6706,-0.0365,-0.1274,-0.2145],[-40.9961,-39.6399,-43.2883,-42.444 ,-39.903 ],[-0.6706,-0.0299,-0.1219,-0.2286],-0.2285
7604,[-0.6662,-0.038 ,-0.174 ,-0.2171],[-27.8429,-26.877 ,-29.9156,-28.9275,-27.9891],[-0.6653,-0.0294,-0.173 ,-0.2287],-0.2431
7622,[-0.6723,-0.0809,-0.1433,-0.1679],[-24.2652,-22.6914,-27.781 ,-26.2955,-22.8304],[-0.6721,-0.0717,-0.1438,-0.1828],-0.2358
7624,[-0.6695,-0.0673,-0.1715,-0.1919],[-12.8505,-12.3747,-14.8868,-13.7943,-12.5652],[-0.6687,-0.0575,-0.1737,-0.2041],-0.2426
7700,[-0.6785, 0.0022,-0.0216,-0.3355],[-30.242 ,-30.8681,-31.0684,-31.965 ,-29.3677],[-0.68  , 0.0026,-0.0122,-0.3495],-0.1963
7701,[-0.6839,-0.0089, 0.0741,-0.3462],[-3.9204,-5.507 ,-2.7281,-5.3545,-4.0391],[-0.6851,-0.0119, 0.0728,-0.3572],-0.1976
7702,[-0.6727,-0.0101,-0.106 ,-0.3056],[-57.3062,-55.545 ,-59.4322,-59.0652,-56.2765],[-0.6734,-0.0054,-0.0969,-0.3197],-0.2181
7704,[-0.6652,-0.0137,-0.1763,-0.2892],[-29.8647,-29.0055,-31.5347,-30.2503,-29.2142],[-0.6644,-0.0059,-0.1739,-0.3028],-0.2419
7710,[-0.6865, 0.0602,-0.0324,-0.3666],[-1.5182,-2.1492,-2.0053,-2.9514,-0.7799],[-0.6882, 0.0592,-0.0317,-0.3503],-0.1938
7712,[-0.6798, 0.06  ,-0.0905,-0.3642],[-1.9412,-1.3163,-3.3685,-3.2999,-1.0616],[-0.6812, 0.0611,-0.078 ,-0.3663],-0.2117
7800,[-0.6833, 0.0084,-0.01  ,-0.4214],[-116.4912,-116.5269,-116.7038,-117.6634,-115.8948],[-0.6852, 0.0081,-0.0025,-0.435 ],-0.1894
7801,[-0.6858,-0.0057, 0.0736,-0.4364],[-11.7876,-12.3709,-10.606 ,-12.7297,-11.3778],[-0.6874,-0.0089, 0.0726,-0.4503],-0.1938
7802,[-0.6778, 0.0206,-0.0839,-0.4185],[-75.3696,-74.7422,-76.6646,-76.502 ,-74.9848],[-0.6793, 0.0233,-0.0762,-0.4316],-0.2083
7804,[-0.6639, 0.0396,-0.1833,-0.4287],[-5.0926,-3.9622,-6.2643,-6.0895,-4.6259],[-0.6636, 0.0458,-0.182 ,-0.439 ],-0.2485
7810,[-0.6789, 0.0606,-0.0503,-0.4514],[-5.3652,-5.606 ,-4.364 ,-6.3106,-4.8034],[-0.6808, 0.0611,-0.0639,-0.4358],-0.2102
7812,[-0.6733, 0.0636,-0.1065,-0.4579],[-10.1255, -9.1461,-10.9785,-11.113 , -9.1165],[-0.6749, 0.0655,-0.0978,-0.4681],-0.224
7814,[-0.6601, 0.0619,-0.1929,-0.4806],[-5.4925,-4.9675,-6.9657,-6.3427,-4.3217],[-0.6599, 0.0675,-0.1885,-0.4971],-0.2568
7900,[-0.6858, 0.029 ,-0.0088,-0.5223],[-19.9754,-19.8552,-19.677 ,-20.753 ,-19.5384],[-0.6881, 0.0279,-0.0031,-0.5347],-0.1889
7901,[-0.6864, 0.0096, 0.0792,-0.529 ],[-4.7866,-5.9229,-3.5185,-5.8291,-3.7961],[-0.6884, 0.0056, 0.0741,-0.5431],-0.192
7902,[-0.6841, 0.0409,-0.081 ,-0.52  ],[-16.6638,-16.0858,-17.0879,-17.0652,-16.4155],[-0.686 , 0.0429,-0.077 ,-0.5318],-0.2015
7910,[-0.682 , 0.0715,-0.0265,-0.5746],[-7.7055,-8.558 ,-7.0361,-9.3884,-6.8011],[-0.6848, 0.0692,-0.0144,-0.5856],-0.1994
7912,[-0.6793, 0.0718,-0.1039,-0.5581],[-12.976 ,-11.7434,-14.0397,-13.9469,-12.5394],[-0.6814, 0.0735,-0.0964,-0.5677],-0.216
7914,[-0.6654, 0.0824,-0.1786,-0.5605],[-0.5373,11.6312,-2.0405,-1.4398,-0.0608],[-0.6661, 0.087 ,-0.1744,-0.5756],-0.2496
