1,-961.0
2,-4407.0
3,-3351.0
4,-4376.0
5,-297.0
6,-2030.0
7,-1679.0
8,-593.0
9,-2352.0
10,-1482.0
11,-171.0
12,-599.0
13,-376.0
14,-390.0
15,-440.0
16,-518.0
17,-860.0
18,-448.0
19,-1004.0
20,-642.0
21,-167.0
22,-242.0
23,-953.0
24,-517.0
25,-645.0
26,-295.0
27,-188.0
28,-245.0
29,-680.0
30,-507.0
31,-579.0
32,-918.0
33,-454.0
34,-456.0
35,-506.0
36,-526.0
37,-174.0
38,-226.0
39,-213.0
40,-381.0
41,-245.0
42,-882.0
43,-331.0
44,-426.0
45,-210.0
46,-132.0
47,-984.0
48,-352.0
49,-216.0
50,-406.0
51,-173.0
52,-399.0
53,-1284.0
54,-301.0
55,-543.0
56,-184.0
57,-215.0
58,-121.0
59,-783.0
60,-247.0
61,-126.0
62,-238.0
63,-306.0
64,-115.0
65,-293.0
66,-146.0
67,-55.0
68,-544.0
69,-245.0
70,-277.0
71,-264.0
72,-50.0
73,-149.0
74,-183.0
75,-111.0
76,-89.0
77,-515.0
78,-177.0
79,-140.0
80,-207.0
81,-98.0
82,-146.0
83,-380.0
84,-261.0
85,-134.0
86,-68.0
87,-257.0
88,-313.0
89,-217.0
90,-56.0
91,-97.0
92,-64.0
93,-96.0
94,-63.0
95,-252.0
96,-218.0
97,-73.0
98,-54.0
99,-134.0
100,-195.0
101,-44.0
102,-257.0
103,-128.0
104,-328.0
105,-50.0
106,-81.0
107,-127.0
108,-157.0
109,-441.0
110,-214.0
111,-124.0
112,-37.0
113,-102.0
114,-31.0
115,-149.0
116,-32.0
117,-181.0
118,-63.0
119,-73.0
120,-32.0
121,-77.0
122,-321.0
123,-113.0
124,-160.0
125,-123.0
126,-71.0
127,-150.0
128,-180.0
129,-148.0
130,-38.0
131,-164.0
132,-28.0
133,-35.0
134,-189.0
135,-126.0
136,-34.0
137,-112.0
138,-39.0
139,-180.0
140,-34.0
141,-141.0
142,-105.0
143,-84.0
144,-110.0
145,-30.0
146,-79.0
147,-19.0
148,-68.0
149,-83.0
150,-3.0
151,-140.0
152,-34.0
153,-42.0
154,-198.0
155,-33.0
156,-36.0
157,-79.0
158,-99.0
159,-148.0
160,-42.0
161,-16.0
162,-47.0
163,-3.0
164,-28.0
165,-126.0
166,-101.0
167,-29.0
168,-128.0
169,-58.0
170,-21.0
171,-26.0
172,-214.0
173,-176.0
174,-62.0
175,-80.0
176,-51.0
177,-33.0
178,-24.0
179,12.0
180,-141.0
181,-67.0
182,-74.0
183,-9.0
184,-27.0
185,-79.0
186,-64.0
187,-33.0
188,-54.0
189,-5.0
190,-35.0
191,-47.0
192,-36.0
193,-28.0
194,-32.0
195,-42.0
196,-57.0
197,-77.0
198,-47.0
199,-29.0
200,-80.0
201,-36.0
202,-80.0
203,-53.0
204,-139.0
205,-2.0
206,2.0
207,-46.0
208,-13.0
209,-39.0
210,-1.0
211,-82.0
212,-40.0
213,-69.0
214,-60.0
215,-26.0
216,-10.0
217,3.0
218,13.0
219,-72.0
220,-64.0
221,-22.0
222,-1.0
223,-75.0
224,-9.0
225,-15.0
226,9.0
227,-59.0
228,-95.0
229,-69.0
230,-32.0
231,-2.0
232,17.0
233,-36.0
234,-59.0
235,-36.0
236,-60.0
237,1.0
238,-38.0
239,1.0
240,-99.0
241,3.0
242,-2.0
243,-32.0
244,9.0
245,-15.0
246,-85.0
247,-7.0
248,-3.0
249,26.0
250,-47.0
251,-19.0
252,-16.0
253,10.0
254,-5.0
255,-36.0
256,-95.0
257,-55.0
258,-11.0
259,-9.0
260,-20.0
261,-17.0
262,-98.0
263,4.0
264,2.0
265,3.0
266,-35.0
267,-25.0
268,7.0
269,-29.0
270,33.0
271,-12.0
272,-5.0
273,4.0
274,-34.0
275,-108.0
276,15.0
277,-8.0
278,-14.0
279,23.0
280,10.0
281,-74.0
282,-53.0
283,15.0
284,-13.0
285,-1.0
286,-24.0
287,15.0
288,19.0
289,12.0
290,-20.0
291,19.0
292,1.0
293,-10.0
294,-16.0
295,-5.0
296,-6.0
297,-19.0
298,20.0
299,-55.0
300,26.0
301,27.0
302,8.0
303,-1.0
304,1.0
305,10.0
306,-29.0
307,-11.0
308,-39.0
309,11.0
310,19.0
311,-28.0
312,11.0
313,21.0
314,-121.0
315,5.0
316,27.0
317,22.0
318,-24.0
319,11.0
320,-15.0
321,9.0
322,27.0
323,-14.0
324,22.0
325,-39.0
326,-27.0
327,0.0
328,3.0
329,17.0
330,27.0
331,13.0
332,5.0
333,-28.0
334,28.0
335,26.0
336,-32.0
337,-20.0
338,-5.0
339,23.0
340,-117.0
341,13.0
342,19.0
343,20.0
344,-10.0
345,13.0
346,13.0
347,1.0
348,20.0
349,2.0
350,-18.0
351,-6.0
352,1.0
353,8.0
354,20.0
355,-4.0
356,14.0
357,15.0
358,11.0
359,-17.0
360,22.0
361,11.0
362,2.0
363,31.0
364,29.0
365,24.0
366,-3.0
367,9.0
368,29.0
369,-25.0
370,16.0
371,5.0
372,27.0
373,1.0
374,27.0
375,-8.0
376,28.0
377,26.0
378,6.0
379,7.0
380,9.0
381,22.0
382,-30.0
383,13.0
384,18.0
385,-79.0
386,6.0
387,32.0
388,16.0
389,-27.0
390,12.0
391,17.0
392,17.0
393,19.0
394,32.0
395,21.0
396,37.0
397,27.0
398,15.0
399,18.0
400,28.0
401,25.0
402,14.0
403,38.0
404,22.0
405,25.0
406,23.0
407,23.0
408,9.0
409,24.0
410,19.0
411,4.0
412,27.0
413,26.0
414,20.0
415,25.0
416,28.0
417,33.0
418,12.0
419,-9.0
420,35.0
421,35.0
422,33.0
423,25.0
424,36.0
425,25.0
426,33.0
427,14.0
428,7.0
429,25.0
430,6.0
431,36.0
432,29.0
433,7.0
434,37.0
435,25.0
436,1.0
437,18.0
438,28.0
439,30.0
440,30.0
441,26.0
442,22.0
443,29.0
444,29.0
445,24.0
446,2.0
447,37.0
448,20.0
449,39.0
450,40.0
451,29.0
452,31.0
453,20.0
454,39.0
455,31.0
456,35.0
457,34.0
458,31.0
459,35.0
460,37.0
461,37.0
462,41.0
463,32.0
464,33.0
465,29.0
466,24.0
467,35.0
468,22.0
469,25.0
470,42.0
471,25.0
472,40.0
473,34.0
474,39.0
475,32.0
476,37.0
477,25.0
478,33.0
479,29.0
480,35.0
481,38.0
482,37.0
483,38.0
484,39.0
485,37.0
486,39.0
487,41.0
488,33.0
489,29.0
490,28.0
491,37.0
492,35.0
493,41.0
494,31.0
495,41.0
496,35.0
497,39.0
498,39.0
499,31.0
500,39.0
501,35.0
502,35.0
503,39.0
504,40.0
505,32.0
506,37.0
507,43.0
508,35.0
509,39.0
510,38.0
511,29.0
512,35.0
513,35.0
514,41.0
515,35.0
516,37.0
517,25.0
518,37.0
519,38.0
520,39.0
521,34.0
522,29.0
523,43.0
524,39.0
525,29.0
526,37.0
527,31.0
528,29.0
529,30.0
530,29.0
531,41.0
532,40.0
533,36.0
534,41.0
535,43.0
536,41.0
537,34.0
538,32.0
539,36.0
540,37.0
541,35.0
542,27.0
543,23.0
544,35.0
545,37.0
546,33.0
547,37.0
548,39.0
549,31.0
550,36.0
551,37.0
552,28.0
553,36.0
554,21.0
555,33.0
556,38.0
557,29.0
558,38.0
559,35.0
560,35.0
561,39.0
562,31.0
563,43.0
564,37.0
565,35.0
566,37.0
567,34.0
568,33.0
569,29.0
570,39.0
571,37.0
572,33.0
573,35.0
574,33.0
575,40.0
576,41.0
577,41.0
578,37.0
579,35.0
580,38.0
581,39.0
582,31.0
583,41.0
584,41.0
585,37.0
586,34.0
587,41.0
588,29.0
589,39.0
590,36.0
591,37.0
592,35.0
593,41.0
594,35.0
595,39.0
596,41.0
597,41.0
598,39.0
599,35.0
600,29.0
601,35.0
602,37.0
603,38.0
604,40.0
605,31.0
606,37.0
607,37.0
608,38.0
609,41.0
610,39.0
611,39.0
612,29.0
613,29.0
614,33.0
615,39.0
616,41.0
617,35.0
618,33.0
619,36.0
620,37.0
621,39.0
622,38.0
623,30.0
624,37.0
625,33.0
626,43.0
627,28.0
628,35.0
629,38.0
630,41.0
631,39.0
632,35.0
633,31.0
634,38.0
635,43.0
636,41.0
637,37.0
638,39.0
639,35.0
640,39.0
641,39.0
642,33.0
643,29.0
644,43.0
645,35.0
646,37.0
647,39.0
648,39.0
649,35.0
650,41.0
651,41.0
652,43.0
653,41.0
654,37.0
655,41.0
656,41.0
657,33.0
658,41.0
659,43.0
660,43.0
661,43.0
662,31.0
663,39.0
664,37.0
665,31.0
666,39.0
667,37.0
668,39.0
669,33.0
670,38.0
671,39.0
672,35.0
673,40.0
674,41.0
675,39.0
676,39.0
677,39.0
678,36.0
679,39.0
680,24.0
681,37.0
682,38.0
683,41.0
684,41.0
685,41.0
686,34.0
687,41.0
688,43.0
689,34.0
690,36.0
691,37.0
692,41.0
693,39.0
694,35.0
695,35.0
696,40.0
697,35.0
698,39.0
699,38.0
700,41.0
701,39.0
702,43.0
703,41.0
704,39.0
705,43.0
706,41.0
707,40.0
708,37.0
709,33.0
710,33.0
711,37.0
712,37.0
713,35.0
714,39.0
715,41.0
716,41.0
717,37.0
718,41.0
719,35.0
720,41.0
721,39.0
722,41.0
723,37.0
724,39.0
725,35.0
726,37.0
727,39.0
728,26.0
729,41.0
730,39.0
731,41.0
732,41.0
733,43.0
734,39.0
735,41.0
736,37.0
737,41.0
738,43.0
739,37.0
740,33.0
741,37.0
742,36.0
743,41.0
744,39.0
745,38.0
746,43.0
747,41.0
748,39.0
749,41.0
750,41.0
751,39.0
752,39.0
753,41.0
754,43.0
755,37.0
756,41.0
757,43.0
758,41.0
759,43.0
760,41.0
761,41.0
762,43.0
763,37.0
764,39.0
765,43.0
766,43.0
767,39.0
768,43.0
769,37.0
770,33.0
771,41.0
772,41.0
773,43.0
774,43.0
775,37.0
776,37.0
777,42.0
778,43.0
779,41.0
780,41.0
781,35.0
782,39.0
783,39.0
784,39.0
785,43.0
786,43.0
787,43.0
788,37.0
789,37.0
790,43.0
791,43.0
792,37.0
793,37.0
794,43.0
795,43.0
796,41.0
797,37.0
798,43.0
799,37.0
800,37.0
801,43.0
802,41.0
803,41.0
804,38.0
805,37.0
806,41.0
807,39.0
808,43.0
809,41.0
810,41.0
811,37.0
812,35.0
813,41.0
814,43.0
815,41.0
816,41.0
817,37.0
818,39.0
819,39.0
820,41.0
821,41.0
822,42.0
823,43.0
824,41.0
825,41.0
826,36.0
827,39.0
828,43.0
829,41.0
830,41.0
831,43.0
832,43.0
833,41.0
834,43.0
835,43.0
836,39.0
837,43.0
838,43.0
839,41.0
840,43.0
841,43.0
842,36.0
843,41.0
844,43.0
845,43.0
846,41.0
847,41.0
848,43.0
849,41.0
850,41.0
851,42.0
852,43.0
853,36.0
854,41.0
855,43.0
856,43.0
857,41.0
858,41.0
859,43.0
860,43.0
861,41.0
862,43.0
863,41.0
864,42.0
865,43.0
866,39.0
867,43.0
868,43.0
869,43.0
870,43.0
871,39.0
872,37.0
873,43.0
874,41.0
875,41.0
876,39.0
877,43.0
878,41.0
879,41.0
880,43.0
881,43.0
882,43.0
883,43.0
884,39.0
885,41.0
886,43.0
887,43.0
888,41.0
889,43.0
890,43.0
891,43.0
892,43.0
893,43.0
894,43.0
895,41.0
896,43.0
897,41.0
898,43.0
899,39.0
900,43.0
901,41.0
902,43.0
903,41.0
904,41.0
905,39.0
906,43.0
907,41.0
908,43.0
909,38.0
910,43.0
911,42.0
912,41.0
913,43.0
914,43.0
915,43.0
916,40.0
917,39.0
918,43.0
919,43.0
920,43.0
921,43.0
922,43.0
923,41.0
924,41.0
925,43.0
926,43.0
927,43.0
928,43.0
929,43.0
930,41.0
931,43.0
932,39.0
933,43.0
934,43.0
935,41.0
936,43.0
937,43.0
938,43.0
939,41.0
940,43.0
941,43.0
942,43.0
943,43.0
944,43.0
945,43.0
946,43.0
947,43.0
948,43.0
949,43.0
950,43.0
951,43.0
952,43.0
953,42.0
954,43.0
955,41.0
956,43.0
957,41.0
958,43.0
959,41.0
960,41.0
961,39.0
962,43.0
963,43.0
964,43.0
965,43.0
966,43.0
967,43.0
968,43.0
969,41.0
970,43.0
971,43.0
972,43.0
973,41.0
974,41.0
975,43.0
976,43.0
977,43.0
978,43.0
979,43.0
980,43.0
981,41.0
982,43.0
983,42.0
984,43.0
985,41.0
986,43.0
987,43.0
988,43.0
989,43.0
990,43.0
991,43.0
992,43.0
993,43.0
994,43.0
995,43.0
996,43.0
997,43.0
998,43.0
999,43.0
1000,43.0
