200,[187.6916, -1.8368,  1.9855, 10.9696],[0.3371,1.0862,1.4684,0.0562,0.4003]
201,[177.0276, -9.4366, 16.304 , 10.0742],[ 0.5038,-0.235 , 0.3708, 0.1452, 0.3067]
212,[194.5257, 18.7645,-25.4666, 10.2706],[0.7513,1.2836,0.2534,0.1217,0.5251]
220,[194.1908,-11.2922,  8.9052, 10.4003],[-0.0606, 0.5426,-0.2191, 0.0356,-0.2397]
221,[176.8868,-18.7495, 20.6094, 11.247 ],[0.1435,1.1709,1.6434,0.5637,1.0843]
300,[179.7016, -1.3474,  0.8688,  6.8042],[-0.4793,-0.1096,-0.3149, 1.9386,-0.6144]
301,[175.0137, -7.357 , 12.6892,  6.4437],[-0.5163,-1.0542, 0.8583,-0.0499,-0.6643]
302,[186.0575,  6.0109,-12.3948,  7.0885],[ 0.0719, 1.6644,-1.2011,-0.6098,-0.9318]
310,[174.0165, 12.3244, -7.8077,  6.1651],[-0.6713,-0.6464, 0.8121,-0.3326,-0.4219]
312,[175.7788, 16.4661,-17.8911,  6.0843],[-0.0697, 1.6339,-0.1238, 0.802 , 0.9966]
314,[195.8942, 25.3405,-30.8578,  7.0007],[ 0.7511, 1.0437,-0.1504,-0.2899,-0.245 ]
320,[184.1615,-11.7781,  7.3804,  6.4977],[-0.2904, 0.3819,-0.354 ,-0.7543,-0.7926]
321,[173.5472,-16.4177, 18.4363,  6.9796],[ 0.8355, 0.2743, 2.1666, 1.8203,-0.4331]
323,[183.7446,-24.7135, 33.2965,  6.5479],[-0.0464,-0.8095, 0.4818, 0.4832, 0.022 ]
332,[185.5918, 30.9355,-21.5268,  5.3417],[-0.1393, 0.015 , 0.312 ,-0.0252, 0.0094]
343,[190.5119,-41.286 , 46.8519,  5.8156],[ 1.291 , 0.4199, 1.5853, 0.9971,-0.1262]
400,[170.921 , -1.518 ,  0.7646,  2.3274],[-0.0815, 1.3663, 0.4197, 4.5171,-0.3   ]
401,[171.2668, -7.5366, 12.7981,  2.8169],[-0.9874,-0.8089, 1.5576, 0.3985,-0.7475]
402,[176.6516,  4.7908,-13.8506,  1.9454],[-0.5451, 1.5449,-1.3811,-0.3705,-0.8031]
410,[172.3023, 13.3956, -6.1561,  1.9627],[-0.668 ,-0.6733, 0.942 ,-0.5468,-0.6846]
412,[170.1349, 16.2892,-17.9122,  2.5391],[ 0.6875, 1.6075,-0.7205, 2.6492,-0.3635]
414,[195.5203, 22.8285,-31.4172,  3.3928],[-0.0134, 0.9334,-0.1092, 0.6195,-0.9828]
420,[175.779 ,-13.1112,  5.7021,  2.258 ],[-0.638 , 1.5072,-1.4838,-0.6317,-1.2379]
421,[167.8034,-16.5276, 17.5751,  2.3133],[ 1.9595,-0.2651, 2.9646, 2.5193,-0.6463]
423,[183.9644,-26.2308, 33.3646,  2.3654],[-0.0118,-0.7735, 0.417 , 0.0391,-0.4422]
432,[189.6679, 34.1038,-19.6223,  3.2371],[-0.2938,-0.4825, 0.2338,-0.012 ,-0.6214]
434,[195.7647, 34.1163,-34.3811,  1.9771],[ 0.5158, 0.7589,-0.1709, 1.5646,-0.7306]
441,[184.4785,-33.7818, 25.8088,  1.1517],[-0.2209, 0.3403,-1.0555,-0.8293,-0.7917]
443,[175.1539,-34.7394, 37.8899,  2.3651],[-0.2379,-0.1708, 1.0631, 1.7507,-0.6082]
500,[164.51  , -3.3793,  1.5654, -2.1399],[-0.0329, 6.1365,-0.011 , 4.2483,-0.7945]
501,[162.6881, -8.1628, 12.484 , -1.8498],[-0.1386,-0.5256, 0.3658, 0.1532,-1.1078]
502,[176.4751,  6.1831,-12.467 , -2.68  ],[ 0.7376, 0.1895,-1.0936, 1.3745,-0.7942]
510,[173.6476, 13.579 , -6.5685, -1.8353],[-0.932 ,-0.5717, 0.171 ,-0.4652,-0.8907]
512,[168.3628, 17.9031,-18.5389, -2.4491],[ 0.4525, 0.6415,-0.6945, 1.8698,-0.8816]
514,[192.7054, 24.1223,-32.6467, -2.6047],[ 0.1517, 0.7317,-0.7345, 0.5849,-0.8952]
520,[175.9645,-13.3589,  5.7489, -2.3668],[-0.7006, 3.9503,-0.4708, 0.6496,-1.0322]
521,[171.2131,-17.1587, 17.0928, -2.3404],[ 0.454 ,-0.1648, 5.5555, 2.8621,-1.2822]
523,[169.2547,-23.8706, 32.2376, -1.9961],[-0.5318,-0.7794, 1.371 ,-0.255 ,-0.3485]
532,[194.5571, 34.8488,-16.4262, -1.5365],[-0.1163,-0.6207,-0.2546,-0.2827,-0.4613]
534,[198.0034, 32.7188,-37.8117, -3.4211],[ 0.8786, 0.7165,-0.5854, 1.0172,-1.3328]
541,[183.3598,-33.3861, 23.6122, -2.1222],[-1.3309,-0.2624,-1.297 ,-0.2284,-2.2113]
543,[186.8726,-35.0488, 34.084 , -2.6761],[-0.8075,-1.2905,-0.4234, 1.4009,-1.4383]
600,[168.1594, -3.4921,  1.8164, -7.105 ],[ 0.0416, 0.0373,-0.7224, 1.465 ,-1.8862]
601,[182.205 , -8.8192, 11.8387, -6.8928],[-0.3835,-0.2331, 0.3627, 0.1461,-0.5217]
602,[180.712 ,  6.2077,-13.5907, -7.1567],[-0.2863, 1.2087,-1.3102, 1.308 ,-1.2787]
610,[173.251 , 11.4362, -7.3402, -5.478 ],[-0.0544,-0.3827, 0.0705, 0.0845,-0.858 ]
612,[181.3516, 17.3488,-19.1459, -6.9044],[-0.077 , 0.3757,-1.0651, 3.0851,-1.2432]
614,[190.2128, 25.0418,-34.144 , -7.7722],[-0.3271, 0.1784,-0.4944, 1.6107,-0.5353]
620,[176.3065,-12.7022,  6.9745, -7.0068],[ 0.0935, 2.2088,-1.0305,-0.4159,-1.1475]
621,[177.9666,-17.588 , 16.6513, -7.1614],[-1.0483, 0.0544, 0.8455, 1.7242,-2.4339]
623,[184.5752,-28.245 , 31.4457, -7.1496],[-0.295 ,-0.2685, 1.5123, 0.1141,-0.9903]
634,[191.8583, 36.928 ,-43.9713, -6.8481],[-0.2751, 0.8688,-0.4884, 2.2666,-1.1865]
643,[184.5505,-35.3412, 35.1983, -6.4577],[-1.5735,-2.7788,-1.3671,-0.0785,-3.1362]
700,[181.2053, -1.7949,  0.43  ,-11.617 ],[-2.2494,-1.1237,-2.5085,-1.4825,-3.7958]
701,[186.8355, -9.1612, 11.4596,-11.4975],[ 0.1137,-0.2233, 0.4571,-0.4322,-0.8167]
702,[188.9853,  6.0296,-14.5606,-11.8845],[-0.1233, 1.395 ,-1.2649, 1.0443,-1.2942]
712,[182.7305, 17.1209,-21.0426,-11.6921],[-0.0991, 0.1276,-1.6411, 1.2892,-2.1275]
714,[188.0023, 19.4401,-31.1133,-10.3347],[ 0.1826, 0.7837,-0.2434, 0.682 ,-0.319 ]
720,[177.9365,-12.0463,  6.9274,-11.6744],[-0.9351, 1.2679,-0.8895,-0.6631,-1.7042]
721,[183.125 ,-17.3057, 16.7711,-11.6991],[-4.3211,-3.8108,-2.6134,-2.9291,-5.5993]
800,[193.5311, -6.8805,  9.3903,-15.8887],[-3.6889,-3.0092,-3.6304,-3.176 ,-5.3867]
801,[186.4323, -8.0314, 10.3721,-15.1842],[ 0.1684,-0.2068,-0.353 ,-0.3437,-0.8118]
812,[199.9112, 15.1486,-17.749 ,-15.0468],[-1.2871,-1.7458,-1.884 ,-0.0376,-1.8462]
821,[190.5377,-20.9776, 21.686 ,-15.4622],[-6.2706,-6.2624,-5.5357,-6.2736,-7.2695]
1100,[327.8288, -8.4803,  3.6293, 15.4643],[0.5883,1.8386,1.5609,0.2242,2.7587]
1112,[351.0602, 28.293 ,-26.8606, 15.2418],[0.916 ,2.0919,0.2758,0.3364,1.5861]
1120,[302.5695,-12.4406,  6.413 , 15.7801],[-0.2655, 1.7515,-0.3738,-0.0773, 2.1846]
1121,[280.5435,-16.7353, 14.5367, 15.5768],[1.7023,0.6412,1.8449,0.3728,2.4314]
1200,[341.5641, -5.5359,  5.9016, 10.7341],[ 1.855 , 2.9865, 2.111 , 0.6247,22.9839]
1201,[351.4639, -8.3904, 11.8636, 10.489 ],[ 1.5037,-0.5493, 6.21  ,-0.3913, 6.4238]
1202,[309.2042,  7.2941,-12.8481, 10.957 ],[ 0.6343, 5.4325,-0.4336,-0.4397, 0.0685]
1210,[346.2042, 13.4278, -5.7312, 10.8741],[-0.0483,-1.2963, 1.257 ,-0.5452, 0.2295]
1212,[312.1573, 18.6784,-18.0752, 10.7848],[ 1.9113, 2.3006,-0.3672, 1.9452,10.4605]
1214,[364.7797, 21.2105,-31.5947, 10.9519],[ 0.2955, 7.4303,-0.5071, 0.2601, 0.999 ]
1220,[335.1266,-11.9834,  6.5808, 12.0812],[ 0.0126, 6.3334,-0.59  ,-0.0434, 1.5115]
1221,[322.4188,-14.113 , 15.8859, 11.4238],[ 2.5027, 0.6691,26.9789, 0.6848, 2.0158]
1223,[321.7062,-25.9635, 32.6083, 12.096 ],[ 0.358 ,-0.7301, 0.495 , 0.7197, 2.3237]
1232,[312.1332, 32.4418,-25.9296, 12.1047],[ 0.7695,-0.49  , 0.2038, 0.2679, 0.8562]
1234,[316.0919, 33.9841,-35.1142, 11.2743],[ 0.659 , 9.102 ,-0.2588, 1.4786, 3.9572]
1241,[273.8332,-31.6048, 27.3503, 10.9998],[-0.4746, 1.4896,-0.734 ,-0.5504, 0.9003]
1243,[255.9987,-34.8089, 38.0924, 10.4173],[ 1.685 ,-0.1453, 3.8239, 0.6501, 3.8094]
1300,[361.9969, -6.1047,  6.0855,  6.9759],[  1.7003,108.9604,  1.3956,  0.9163,  1.6896]
1301,[364.0307, -8.1292, 11.8283,  7.2685],[ 9.0218e-01,-7.9844e-01, 6.6855e+01, 1.8931e-02, 5.0000e-01]
1302,[301.9786,  6.5855,-12.5364,  7.2529],[ 0.317 ,11.0272,-0.6376, 0.1496, 0.7341]
1310,[343.1677, 12.5373, -6.7028,  7.1794],[-2.9204,-3.5674,-2.0328,-3.3685,-2.8337]
1312,[316.8479, 17.1539,-17.3645,  7.3524],[30.3466, 2.1767, 0.3044, 0.6328, 2.5259]
1314,[277.4126, 25.6767,-33.5037,  7.4217],[ 0.3603,12.8706,-0.9284, 0.1386, 0.1704]
1320,[362.5215,-12.2546,  6.8556,  5.9951],[ 0.2388,14.4235, 0.1127, 0.6453, 1.0109]
1321,[344.9655,-13.5228, 16.1306,  7.1377],[ 2.1815, 0.7037,44.0505, 3.4521, 1.6926]
1323,[240.3422,-26.7431, 32.5894,  7.6202],[ 0.2259,-0.0333, 6.8776, 0.1642, 0.1523]
1332,[320.1292, 32.2006,-25.0503,  6.9892],[-0.5357,-0.7834,-0.0493,-0.052 ,-0.3833]
1334,[301.0109, 36.1205,-38.0855,  7.4896],[ 0.7486, 4.0258, 0.018 ,10.0383, 2.1745]
1341,[308.1631,-33.7631, 24.0687,  6.9148],[-0.4724, 1.2653,-0.4494,-0.0357,-0.0765]
1343,[273.3112,-36.9061, 39.3743,  7.5056],[ 1.0709, 0.5804,10.1628, 1.4967, 0.7578]
1354,[315.0408, 52.0759,-43.8195,  7.823 ],[ 0.0051,-0.004 , 0.6409, 0.3687, 0.179 ]
1356,[323.8426, 56.2808,-53.2632,  5.9887],[ 1.7981, 5.4989,-0.0138, 1.9505, 0.5766]
1363,[348.8404,-52.8672, 37.9059,  5.4673],[ 0.364 , 0.3447,-0.5383, 0.3719,-0.4993]
1400,[359.0054, -5.7772,  5.6357,  2.6631],[ 1.1817, 3.7112, 1.4717,95.2007, 0.6828]
1401,[369.4081, -8.4642, 11.8866,  2.6985],[-0.2497,-0.7863,39.0179,-0.1614, 0.4683]
1402,[339.3421,  7.9584,-12.0538,  1.8734],[-0.1531, 5.082 ,-0.7678,-0.1347, 0.05  ]
1410,[340.654 , 11.8842, -7.0425,  2.4955],[-2.1492,-2.9947,-1.1846,-2.4279,-1.6703]
1412,[336.8889, 15.1005,-16.7061,  2.4327],[ 1.9571,11.6571,-0.1015, 9.6658, 1.7643]
1414,[283.7222, 26.9156,-32.7585,  2.518 ],[-0.2493, 7.1289,-0.6075, 0.9375, 0.9391]
1420,[366.0564,-11.2803,  8.305 ,  2.3053],[ 1.6257e-02, 8.0946e+01,-2.7329e-01, 7.8494e-01, 4.7618e-01]
1421,[367.1627,-13.7021, 15.0516,  2.1852],[  0.7261,  0.3035,131.8236,  2.4756,  1.0618]
1423,[318.6346,-26.7768, 32.8559,  1.6779],[ 4.4262,-1.476 , 1.6428, 0.68  ,-0.0679]
1432,[299.9612, 33.3621,-26.2576,  2.5963],[-1.221 ,-1.7858,-0.9037,-0.9402,-1.2529]
1434,[297.4619, 36.7395,-39.3916,  2.5545],[1.1079,8.297 ,0.3623,0.8578,0.548 ]
1436,[276.6146, 45.3283,-51.2303,  3.4432],[ 0.4955, 8.6177,-0.2494, 2.1054,-0.2809]
1441,[306.0835,-33.4538, 24.4821,  2.4945],[-1.1432,-0.9487,-1.0125,-1.3818,-2.2325]
1443,[316.2786,-36.784 , 37.0461,  1.9299],[ 0.9166,-0.1628, 9.1733, 1.7831, 0.1359]
1445,[ 3.2299e+02,-4.7520e+01, 5.0598e+01, 2.9374e-01],[ 0.2056,-0.8703, 1.1239, 3.7792,-0.3639]
1454,[302.0825, 50.8011,-44.704 ,  1.1754],[ 0.1428, 0.1683, 0.0529,-0.0104,-0.491 ]
1456,[308.15  , 57.7616,-60.2212,  2.1555],[ 0.3476, 3.3344,-0.3981, 5.942 ,-0.0432]
1461,[340.429 ,-50.0347, 28.7894,  3.3625],[-0.8338,-0.1176,-0.6973,-0.6767,-0.2635]
1463,[332.1855,-54.3955, 43.9531,  2.19  ],[-0.4598,-0.3621,-0.5967,-0.2083,-1.1353]
1465,[354.8904,-58.0944, 56.7562,  1.7166],[ 1.6191,-0.3514, 4.1252, 1.7299,-0.2865]
1467,[ 3.8988e+02,-6.3617e+01, 7.0879e+01, 3.1666e-01],[-0.1137,-0.3762, 1.7635, 1.2332,-0.356 ]
1500,[359.2275, -3.324 ,  2.8502, -2.4752],[ 0.9382,32.0764, 0.6179, 1.4562, 0.7049]
1501,[366.3293, -6.8842, 13.2415, -2.1681],[ 0.1521,-0.7751,12.9713, 0.8235,-0.2517]
1502,[337.0388,  5.7146,-12.6635, -2.6183],[ 0.6448, 4.2174,-1.4238, 1.2007,-1.2608]
1510,[352.0148, 11.0651, -8.0917, -2.9083],[-2.7441,-2.6221,-2.1894,-2.3153,-3.1523]
1511,[380.7298, 10.6764, 10.2672, -1.2157],[-0.174 ,-0.5569,-0.1607,-0.0884,-0.3822]
1512,[339.5523, 14.0413,-15.2318, -2.745 ],[ 0.033 , 1.0877,-1.4781, 0.5691,-0.9209]
1514,[298.5911, 26.1887,-33.8058, -2.4322],[ 0.5191, 2.736 ,-0.8529, 2.5644,-0.6494]
1520,[361.9987,-10.9679,  8.5565, -2.3155],[ 1.9259, 4.3181, 0.6228, 1.4741,-0.6734]
1521,[362.8684,-12.8449, 13.9367, -2.2763],[ 0.8104, 0.4282,70.7097, 3.6473, 0.097 ]
1523,[321.9861,-26.3885, 33.0521, -2.3945],[ 0.8613,-0.631 , 9.9701, 0.8769,-0.2854]
1532,[298.35  , 34.604 ,-24.362 , -2.3752],[-0.0855,-0.4188, 0.1853,-0.0614,-0.8564]
1534,[286.053 , 36.6883,-38.8647, -2.0771],[ 0.9652, 1.8038,-0.1586, 4.4444, 0.0371]
1536,[216.5016, 47.5831,-53.628 , -3.6159],[ 1.3643, 3.8894,-0.7587,-0.0451,-0.6703]
1541,[279.2364,-33.7346, 24.971 , -1.9121],[-1.8603,-1.9216,-1.5515,-1.6419,-2.842 ]
1543,[303.4797,-37.2942, 38.0979, -2.5102],[ 0.4279, 0.2734, 6.8605, 1.6195,-0.1354]
1545,[297.6323,-46.9304, 51.3732, -3.0774],[ 1.5837,-0.779 , 0.5234, 1.3156,-0.281 ]
1554,[310.1704, 55.0429,-42.562 , -1.9244],[ 0.4197, 0.1213, 0.3616, 1.0318,-0.2858]
1556,[272.994 , 54.4424,-57.4081, -2.2198],[ 1.0092, 1.7898,-0.6944, 4.0059, 0.3128]
1563,[315.0511,-52.3002, 46.5923, -1.2704],[-0.6645,-0.5945,-0.6127,-0.5742,-1.1422]
1565,[344.4753,-57.2728, 58.8173, -2.6664],[ 0.5801,-0.8026, 2.3123, 2.3325,-0.5363]
1600,[369.3706, -0.6153,  1.6948, -7.0129],[ 0.5732, 1.8622, 1.4753,38.0818, 0.328 ]
1601,[371.6947, -6.918 , 12.7658, -7.0717],[ 7.2334e-01,-5.6887e-01, 1.8382e+01, 1.6791e-01, 6.6229e-03]
1602,[355.1128,  7.0499,-12.5855, -6.8539],[-1.9497,-0.1272,-3.1842,-1.7764,-2.6505]
1610,[374.0259, 11.521 , -7.5763, -7.7031],[-0.9141,-0.5275,-0.0418, 0.626 ,-1.873 ]
1612,[364.8268, 13.015 ,-13.3052, -7.38  ],[ 0.321 , 1.5568,-1.3622, 0.8731,-1.3759]
1614,[314.7584, 25.8501,-32.348 , -7.0282],[ 0.2318, 1.9349,-0.771 , 0.9148,-1.2492]
1620,[380.874 ,-10.6369,  8.897 , -6.9266],[-5.2680e-01, 1.8317e+00, 4.7022e-02, 5.4509e+01,-1.6737e-01]
1621,[364.311 ,-12.5736, 13.357 , -7.1429],[ 1.1216, 0.3053, 1.7505,31.4846,-0.2118]
1623,[311.819 ,-26.7178, 32.8921, -7.591 ],[ 0.5902,-1.1796, 3.5196, 3.3074,-0.4175]
1632,[317.7591, 33.9298,-26.346 , -6.5331],[-0.609 ,-0.0916,-0.2134,-0.0831,-0.3879]
1634,[327.1716, 40.8204,-40.1506, -7.5951],[ 0.9517, 1.8357,-0.4635, 3.1235,-0.2932]
1636,[310.5285, 43.8524,-52.6355, -6.9223],[ 0.7706, 2.1561,-0.8095, 0.4661,-0.8154]
1641,[266.7773,-31.6939, 27.0456, -6.9504],[-0.4301,-0.8101,-0.9147,-0.458 ,-1.0626]
1643,[286.5077,-36.745 , 39.5827, -7.2509],[-0.4028,-0.9367, 1.5603, 3.8555,-0.8387]
1645,[324.9745,-46.2448, 53.3896, -7.9144],[ 0.2215,-0.7261, 4.4726, 1.0252,-0.4283]
1656,[331.4115, 56.7612,-60.0296, -8.1195],[ 0.424 , 1.9006,-0.2483, 1.9995,-0.4279]
1663,[266.9321,-51.3502, 46.3973, -7.5226],[-0.0852, 0.2906, 0.3346, 0.4534,-0.7274]
1665,[341.6524,-54.1276, 60.9794, -6.8839],[ 0.0934,-0.8497, 2.4714, 3.5104,-0.7937]
1700,[352.3789,  0.8244,  1.5214,-12.0116],[-7.0362,-6.6868,-6.279 ,-5.6283,-8.0053]
1701,[360.5437, -7.2601, 12.8667,-12.0647],[ 0.3935, 0.2541,14.7535, 0.6158,-0.6662]
1702,[340.4934,  7.1349,-12.5608,-11.9031],[-1.558 ,-0.4416,-2.2793,-0.9765,-2.2346]
1710,[368.392 , 11.5474, -7.9673,-11.679 ],[-0.4473,-0.8423,-0.4631,-0.02  ,-1.6459]
1711,[381.6008, 12.4359, 10.9618,-11.5353],[-0.0873,-0.0055, 0.3303, 0.1082,-0.0699]
1712,[347.0111, 13.9536,-14.4166,-11.9205],[-2.4345,-1.3452,-3.3002,-1.9066,-3.3112]
1714,[354.1136, 27.7382,-32.6577,-13.3326],[-0.1447, 2.2554,-0.4471, 1.5554,-0.802 ]
1720,[340.9939,-10.9003,  8.765 ,-11.4102],[-2.5037,-2.3126,-2.7381,-1.8318,-3.7117]
1721,[335.6961,-13.6043, 15.7334,-12.0938],[-18.1624,-18.7817,-16.9075,-16.1927,-18.856 ]
1723,[298.6815,-26.1127, 33.5575,-12.2396],[ 0.7767,-0.5319, 5.6789, 1.6169,-0.8077]
1732,[355.0721, 30.0769,-28.2691,-11.4816],[ 0.1075, 0.1303, 0.107 , 0.3796,-0.2841]
1734,[347.0795, 36.581 ,-41.1132,-12.1116],[ 0.0264, 1.8297, 0.0318, 3.4102,-0.6772]
1736,[344.6684, 45.4981,-52.416 ,-12.3571],[-0.5285, 0.9935,-0.4312, 1.3347,-0.1096]
1741,[218.6616,-30.5642, 29.4793,-10.1829],[-0.0501,-0.5861, 0.0509, 0.0712,-0.4982]
1743,[294.7761,-34.4767, 40.8517,-11.7188],[ 1.4453,-1.5731, 0.8249, 2.1849,-1.4698]
1745,[306.7043,-43.9433, 52.6707,-11.4029],[ 0.5013,-0.2006, 4.6902, 1.6677,-1.1668]
1756,[301.4076, 51.1738,-59.2327,-10.9386],[ 0.2375, 0.6277,-0.5569, 2.3238,-0.7864]
1765,[310.8641,-51.1658, 55.8088,-10.7659],[ 0.1706,-0.5691, 1.5877, 2.6237,-1.1182]
1800,[321.7255, -0.7237,  3.6926,-17.4114],[-17.8825,-18.1856,-17.706 ,-17.581 ,-19.1861]
1801,[311.82  , -7.077 , 13.1232,-16.9725],[-4.1038,-5.2715,-4.0183,-3.4534,-5.5417]
1802,[322.998 ,  7.1   ,-14.1255,-17.3645],[-0.9397, 0.5808,-1.654 , 0.7781,-0.9973]
1810,[353.1398, 11.4898, -7.8542,-16.8393],[-0.3702,-0.0507, 0.0356, 1.5178,-0.6899]
1812,[359.5976, 15.028 ,-15.9179,-16.9859],[-1.5886, 0.1257,-1.4732, 0.8582,-2.4583]
1814,[338.4889, 25.0369,-33.5647,-17.251 ],[ 0.0383, 1.1148,-0.062 , 0.8002,-0.5781]
1820,[330.2985,-11.6601,  8.345 ,-16.5859],[-0.5539, 0.1745,-0.6481, 0.477 ,-1.2015]
1821,[315.2904,-13.7971, 17.8575,-16.3929],[-13.1236,-13.9179,-13.4104,-12.2358,-14.6177]
1823,[311.1207,-23.4456, 33.5526,-16.3243],[ 0.4661,-0.9748, 3.3315, 4.1038,-0.6872]
1834,[320.3853, 36.9531,-42.4336,-16.8805],[-0.146 , 0.8296, 0.0634, 2.5161,-0.9759]
1843,[306.781 ,-33.6425, 41.0279,-15.585 ],[-0.0493,-0.518 , 0.5044, 4.0037,-1.0452]
1900,[359.8829,  1.8789,  3.1622,-22.3719],[-62.7947,-62.3341,-62.1106,-62.0898,-63.9175]
1901,[337.9396, -5.0388, 13.3989,-21.352 ],[-3.5134,-2.7786,-1.6202,-0.853 ,-3.9852]
1902,[384.0218,  5.8738,-16.4954,-22.8352],[-1.2807, 0.1617,-1.198 , 0.384 ,-1.4489]
1910,[371.6084, 12.1487, -5.3521,-22.434 ],[-31.7657,-32.0791,-32.6142,-31.7778,-32.7049]
1912,[372.0088, 15.7551,-15.5885,-22.0324],[-25.2769,-24.7732,-25.5969,-25.1956,-25.4051]
1914,[372.3469, 24.7171,-33.9241,-21.1956],[-0.3003, 2.5594,-0.4208, 0.3508,-0.4252]
1920,[374.5759,-11.3107,  7.0346,-22.6491],[-0.7394,-0.7792,-1.1753, 0.3482,-1.0411]
1921,[348.6999,-13.7298, 19.8571,-21.3137],[-0.1286,-0.8868, 4.7642,19.0914,-2.0955]
1934,[337.3727, 38.0868,-42.6331,-21.8077],[ 0.3389,-1.4127,-1.4283, 1.3804,-1.8913]
2100,[477.6306, -8.2463,  3.4331, 15.8448],[-2.3972,-1.5535,-1.7901,-2.3668,-1.0409]
2101,[512.5973, -9.2657, 11.1534, 16.1288],[-0.5388,-1.1949,-0.2923,-0.7635,-0.2818]
2102,[460.1762, -2.8129,-12.2713, 17.5632],[-0.4931, 0.6367,-0.6914,-1.0669,-0.021 ]
2120,[446.9841,-10.2914,  8.4683, 15.6272],[-0.1387,-0.2623,-0.7185,-0.7323, 0.3143]
2121,[442.2137,-12.4582, 10.65  , 15.0975],[-0.5501,-1.1657,-0.262 ,-1.1808,-0.6119]
2200,[430.8685, -7.5597,  7.3578, 10.8576],[-17.2858,-17.1402,-17.2599,-17.8411,-16.8649]
2201,[427.8162, -8.8208, 11.5951, 10.7362],[-9.0558,-9.7068,-8.3421,-9.5595,-7.8027]
2202,[438.1008,  7.0815,-11.9757, 10.7116],[-2.708 ,-1.9912,-3.1148,-3.2594,-1.8314]
2210,[420.8813, 11.1767, -5.3805, 10.5139],[-2.0168,-2.5912,-1.1811,-2.4545,-1.6562]
2212,[418.5913, 20.1928,-24.3841, 11.6741],[-0.6845, 1.3237,-1.1883,-1.2057, 0.2111]
2214,[450.7116, 25.5935,-32.1734, 11.2178],[-0.0032, 0.7991,-1.0578,-1.0631, 0.2092]
2220,[429.4051,-11.4511,  7.4587, 11.6845],[-2.9929,-1.7427,-3.2349,-3.1397,-2.3827]
2221,[431.7554,-12.9679, 15.37  , 11.0754],[ -9.2122,-10.0389, -9.1527,-10.3026, -8.8237]
2232,[413.4735, 33.5256,-26.0911, 10.4852],[-0.19  ,-0.3458, 0.0046,-0.6892, 0.643 ]
2300,[421.5803, -7.5842,  7.0808,  7.0426],[-7.4196,-6.9458,-7.1462,-8.4854,-5.1253]
2301,[418.695 , -8.7715, 11.4725,  7.3724],[-1.0326,-2.1292, 5.2712,-2.1507, 4.0411]
2302,[455.9831,  5.3396,-13.8019,  6.7164],[-4.4373,-3.6013,-5.2115,-4.6165,-4.0647]
2310,[416.131 , 11.7504, -7.1316,  7.1454],[-1.763 ,-2.4217,-0.9139,-2.3471,-1.4213]
2312,[451.3054, 14.469 ,-17.1541,  6.7726],[ 0.1043, 3.2897,-1.0143, 0.1207, 3.514 ]
2314,[497.9327, 23.1136,-31.6615,  8.0828],[ 0.8406, 1.6634,-2.2469,-0.6194, 0.0351]
2320,[427.5627,-11.9203,  7.273 ,  6.2052],[-4.6245,-3.2903,-5.041 ,-4.942 ,-3.445 ]
2321,[436.4099,-12.8953, 15.4283,  6.8696],[ -9.3237,-10.9449, -8.4783,-10.4885, -8.2473]
2323,[501.2993,-24.3963, 32.0757,  6.263 ],[-2.2559,-3.1192,-1.9214,-2.567 ,-0.1516]
2332,[414.36  , 30.8215,-23.5715,  9.7135],[ 0.4565,-0.3796, 1.12  ,-0.4117, 0.7322]
2334,[407.0933, 37.3123,-35.4398,  8.8355],[ 1.0098, 3.5855,-0.1994,-0.1985, 1.3223]
2341,[452.0116,-32.6703, 23.5456,  7.4267],[ 0.0617, 0.5429,-0.5792,-0.6375, 0.3629]
2343,[476.775 ,-34.735 , 34.3655,  5.8635],[ 2.1901,-0.5249, 3.4627,-0.0355, 1.6993]
2365,[421.3739,-62.6572, 58.397 ,  5.4776],[ 1.4189,-0.1792, 4.76  , 0.6738, 1.0793]
2400,[434.5536, -7.0875,  4.9992,  2.4888],[ 6.2467e-01, 2.9640e+00, 1.9839e+00,-1.4441e-01, 1.9054e+02]
2401,[435.5854, -8.9783, 11.1339,  2.7413],[ 0.6762,-1.3802, 6.9666,-1.0503, 1.6436]
2402,[448.3068,  3.3922,-13.7936,  1.6484],[ -8.6965, -7.5811,-10.0918, -9.6978, -8.1252]
2410,[448.1869, 12.569 , -6.7225,  2.1871],[-2.3101,-2.3131,-1.1372,-2.4764,-2.0572]
2412,[475.2718, 14.4056,-18.5094,  2.2469],[ 0.0202, 2.4762,-1.0501,-0.4214, 2.7724]
2414,[465.56  , 25.7193,-32.3689,  1.821 ],[-1.1193, 2.5199,-1.9311,-0.6975, 0.9698]
2420,[431.4101,-11.724 ,  7.2619,  2.7669],[ 0.2829, 8.3768,-0.8718,-0.6649, 9.1805]
2421,[436.2379,-14.0297, 15.3379,  2.8976],[ 0.3185, 0.1741,32.8464, 1.0488, 1.7282]
2422,[517.3019,-11.5413,-13.5521,  3.5877],[-0.7067,-0.7914,-1.299 ,-1.3073,-0.824 ]
2423,[450.7815,-25.7797, 32.2745,  1.6295],[-0.5099,-2.432 , 0.6137,-0.4491, 0.8887]
2432,[472.816 , 31.9456,-24.9089,  1.1626],[ 4.7064e-01, 1.1737e-03, 1.1498e+00,-2.5101e-01, 1.4991e+00]
2434,[462.6008, 35.9407,-37.4354,  1.3265],[ 1.6403, 3.7863,-0.356 , 0.6382, 1.6874]
2441,[435.3911,-32.603 , 24.9853,  2.4672],[-0.3323, 0.6902,-0.1568, 0.1494, 0.0188]
2443,[444.6624,-35.6145, 38.3345,  1.8829],[ 0.0985,-1.014 , 3.9011, 1.848 , 2.1097]
2463,[403.6689,-59.8969, 49.5844,  4.1131],[1.1242,1.574 ,1.6501,1.2021,1.1769]
2465,[417.6478,-63.4337, 63.4766,  3.4418],[ 3.0552,-0.8513, 1.6136, 0.9397, 1.1591]
2467,[403.4669,-64.2485, 70.5134,  1.5463],[-0.272 ,-0.5591, 1.7974, 0.1309,-0.3091]
2500,[432.6112, -4.8228,  2.416 , -2.475 ],[  3.6233,310.8708,  2.2604,  1.0571,  3.5366]
2501,[438.3863, -8.9062, 11.0831, -2.7842],[-0.0407,-0.6   ,39.8658,-0.2663,-0.6269]
2502,[438.2083,  5.6332,-12.8243, -2.5124],[-0.2645,34.4267,-0.9707,-0.8862,-0.1719]
2510,[455.2418, 12.1567, -6.9472, -2.7238],[-3.7373,-4.0554,-3.139 ,-3.9889,-3.3087]
2512,[458.5487, 14.2381,-18.6255, -3.2925],[ 1.1183, 5.434 , 0.4177,-0.0215, 1.6924]
2514,[480.0895, 25.0072,-32.2339, -2.8369],[ 0.1027, 0.9879,-2.2781, 0.0036,-0.7332]
2520,[437.7719,-11.0062,  8.8617, -3.0289],[ 1.0083,63.2869, 0.134 , 0.2133, 1.4267]
2521,[436.5638,-11.6399, 11.7658, -3.0846],[ 0.6801, 0.5841,92.3916, 0.6473, 0.9189]
2523,[437.0693,-25.9306, 33.6279, -1.477 ],[ 0.172 ,-1.6604, 0.6865, 0.8951,-0.2745]
2532,[465.8344, 32.1975,-25.2621, -1.7914],[0.6367,0.9736,1.2431,0.0904,0.62  ]
2534,[473.447 , 33.5999,-37.8894, -1.5564],[ 1.1318, 4.6262,-0.5591, 2.6697, 1.4589]
2541,[467.7655,-31.2296, 25.3339, -2.3045],[ 0.4331, 0.4171,-0.2382, 0.5066, 1.136 ]
2543,[430.4623,-34.099 , 37.975 , -1.5493],[ 0.6398,-0.399 , 7.8612, 1.3033, 2.4649]
2556,[409.4519, 56.725 ,-56.2242, -3.382 ],[ 1.0852, 4.3391,-0.4   , 1.0544, 0.5757]
2565,[412.401 ,-60.8106, 62.6953, -1.9135],[ 0.9105,-0.2214, 6.1761, 0.5018, 1.1109]
2600,[421.6492, -1.0285,  0.7564, -6.6883],[  2.9442,  1.827 ,  4.4247,  1.3133,124.4422]
2601,[427.2929, -8.5993, 11.6686, -6.7532],[ 0.3576,-0.4325,35.9825, 0.2325, 0.1794]
2602,[426.9699,  8.317 ,-12.1263, -5.9862],[ 0.4652,18.2619,-0.1146,-0.2396, 0.3064]
2610,[427.4031, 12.1531, -7.9379, -7.8761],[ 1.9062,-0.144 ,27.8763, 0.299 ,-0.0604]
2612,[430.519 , 14.6638,-15.9953, -6.8478],[ 1.3266,70.8208, 0.27  , 0.8826, 0.8697]
2614,[464.5984, 25.6968,-32.3115, -6.4887],[-0.0074, 2.9018,-1.3316,-0.213 , 0.0555]
2620,[421.2438,-10.4827,  9.4188, -6.7064],[ 0.3028,98.2141, 1.3847, 0.8201, 0.6911]
2621,[421.947 ,-11.1861, 11.7313, -6.8332],[  0.179 ,  0.906 ,166.7451,  2.1282,  0.9669]
2623,[440.6119,-24.335 , 33.5012, -7.7792],[ 2.0212,-1.2621, 1.4592, 0.5703, 0.1548]
2632,[445.2015, 33.0163,-24.6134, -8.4667],[0.5209,0.4232,0.552 ,0.5579,0.5107]
2634,[440.999 , 31.7268,-33.9629, -6.1319],[ 1.0804, 1.1708,-0.4955, 4.1666, 1.0407]
2641,[457.9556,-31.8667, 26.0987, -5.6635],[0.6099,0.0422,0.954 ,1.0884,0.1611]
2643,[446.2702,-36.8427, 40.5767, -8.268 ],[ 0.4373,-0.0863, 7.9537, 1.8448, 0.4707]
2645,[441.1246,-44.8819, 50.0936, -8.8369],[ 0.3222,-0.4615, 0.6077,-0.102 ,-0.1832]
2656,[406.9232, 54.6889,-59.7362, -6.2583],[-0.2191, 2.7951,-0.2744, 1.5551,-0.2814]
2700,[427.5252,  3.7476, -1.1418,-12.1242],[31.1986, 7.292 , 3.4851, 2.613 , 1.0494]
2701,[426.9451, -6.717 , 13.1522,-12.0712],[ 0.0893,-0.2744,21.2799, 1.726 ,-0.1934]
2702,[432.104 ,  7.5357,-12.6507,-12.3572],[-0.5153, 1.7088,-0.7674, 1.1652,-0.6047]
2710,[448.3562, 11.2026, -8.7759,-12.5604],[1.5688,1.3045,2.0891,4.7204,0.724 ]
2712,[446.8996, 12.6628,-12.4073,-12.7208],[ 1.2441, 8.7554,-0.05  , 2.0043, 1.1775]
2714,[418.0432, 27.6844,-30.7833,-11.2481],[ 0.2584, 0.0189,-0.5413, 0.0127,-0.4754]
2720,[425.9341,-10.809 ,  8.9881,-10.5827],[0.4335,1.3489,0.5448,3.0307,0.3825]
2721,[422.9604,-11.9303, 14.5625,-11.1448],[ 1.618 , 0.6131, 4.1065,12.1291, 0.9515]
2723,[485.5584,-25.1659, 34.6488,-10.8003],[-0.5553,-0.928 ,-0.543 , 1.4262,-0.3315]
2734,[514.6316, 35.9976,-38.4863,-11.9645],[ 0.4336, 4.2664,-0.1035, 1.0957, 0.0532]
2743,[433.4475,-43.4238, 47.8396,-10.5906],[ 0.3965,-0.0457, 2.6045, 2.852 , 0.2073]
2800,[463.6827,  5.8231, -1.049 ,-17.3932],[36.6015, 1.2966, 2.6882, 3.085 , 1.4232]
2801,[445.7296, -2.7791, 12.4144,-15.9768],[ 0.7206,-0.1223, 5.7926, 2.4326,-0.0712]
2802,[460.4389,  5.3246,-14.6279,-17.2072],[-0.2124, 1.0891,-1.5189, 1.1991,-1.1424]
2810,[500.5568, 11.4958, -8.3781,-17.604 ],[ 2.7117, 1.282 ,27.292 , 1.4443, 1.0607]
2812,[495.5227, 12.4379,-11.6952,-17.5815],[ 1.468 ,23.0363, 0.368 , 2.7465, 0.8065]
2814,[404.6367, 21.6759,-31.2535,-17.6882],[ 0.134 , 0.0104,-0.5851, 0.635 ,-0.4012]
2820,[489.9989,-10.7964,  7.7329,-18.014 ],[0.268 ,0.5979,0.5746,1.0986,0.1579]
2821,[439.7239,-14.9232, 18.1164,-16.9012],[ 0.9965, 0.0679, 3.7334, 4.1911,-0.0541]
2900,[462.1957,  5.5595,  0.7739,-24.7382],[  0.9417,  1.4929,224.7567,  3.1241, -0.9133]
2901,[519.1106, -5.6501, 12.0923,-26.0851],[ 0.3697,-0.2351,16.1922, 1.0357,-0.3799]
2902,[485.4099,  6.6077,-14.1234,-23.001 ],[-2.327 ,-0.4946,-2.6858,-1.384 ,-3.2309]
2910,[530.2274, 11.9202, -7.4884,-26.0528],[ 1.3441, 0.7535, 3.3432,40.6415,-1.0776]
2912,[544.1751, 12.8398,-11.5173,-26.4419],[-1.3503e+00,-1.0930e-01,-3.3204e+00, 1.9431e-03,-3.3361e+00]
2920,[489.4204,-11.3268,  8.4782,-25.1803],[ 0.4454, 1.1062,-0.4028, 1.5293,-0.4973]
2921,[499.1588,-14.2371, 15.3295,-24.7682],[ 3.4218, 0.175 , 0.5984,10.1334,-0.1788]
3200,[609.5878, -6.981 ,  5.6013, 10.9329],[-0.1539, 0.3932,-0.217 ,-1.0041, 0.5623]
3221,[612.5873,-17.7105, 23.0649, 10.3663],[-0.1857,-0.5031,-0.0149,-0.6193, 0.6946]
3223,[663.5509,-22.4211, 30.1191, 10.3163],[-0.3801,-1.0916, 0.1758,-0.7029,-0.6755]
3300,[614.258 , -6.0736, -0.6705,  8.0702],[ 0.1664,-0.0473,-0.1236,-0.5403, 2.0471]
3302,[642.6544,  2.4532,-19.8028,  6.9059],[-0.5435, 0.3415,-1.3387,-0.5014,-0.4572]
3304,[666.1076,  7.2718,-30.1504,  6.6966],[-0.6426,-0.57  ,-0.7456,-0.5743,-0.6774]
3312,[711.431 , 13.8102,-28.9113,  7.2565],[-0.2039, 1.5505,-0.9554,-0.4502, 1.3107]
3314,[747.8164, 17.5406,-30.3174,  8.346 ],[-0.9517,-0.5398,-1.2731,-0.9698,-0.1687]
3321,[616.6344,-17.2466, 23.7119,  7.9498],[ 0.4331,-0.7392, 0.3894,-0.7013, 1.8528]
3323,[667.0675,-22.3634, 30.6144,  8.6276],[ 0.0822,-1.3752, 0.8912,-0.9951,-0.6393]
3421,[615.6866,-13.8075, 16.5076,  2.5385],[-0.5206,-0.5852, 1.5358,-0.7147, 3.2404]
3500,[ 6.0177e+02,-8.6517e+00,-3.1810e-01,-2.6494e+00],[ 0.3552, 1.0979, 1.0336,-0.7858, 1.6619]
3512,[602.1719, 24.4376,-29.2578, -2.1353],[ 1.0913, 2.6493,-0.484 ,-0.1764, 1.7786]
3514,[606.4014, 26.5418,-31.3641, -3.9625],[ 0.1445, 1.1909,-1.7381,-0.9563, 0.8569]
3520,[608.9596,-12.1076,  3.8115, -1.7695],[-0.393 ,-0.102 ,-1.215 ,-1.1391,-0.542 ]
3521,[619.2299,-14.7846, 14.0127, -1.4305],[ 1.4601,-1.1556, 1.2572,-0.0045, 1.8488]
3612,[603.1779, 28.3243,-29.371 , -6.4417],[ 0.6667, 1.2774,-1.2293,-0.0159, 1.992 ]
3614,[606.3434, 27.9339,-30.6486, -5.5809],[-0.5367, 0.7223,-1.2308,-0.5134, 0.0367]
3621,[660.9362,-11.9591, 11.2689, -8.3645],[-0.1425,-0.8624, 2.3875, 0.639 , 1.0507]
3700,[627.8465, -5.4166,  3.2362,-14.1559],[0.5173,0.9281,0.7329,0.1869,0.2861]
3710,[677.3207, 11.5314, -8.7889,-14.2262],[0.1375,0.2856,1.0188,0.2279,0.5732]
3712,[650.5953, 12.1224,-11.6691,-13.3771],[1.4003,2.0335,0.2449,0.3838,1.4846]
3720,[611.2733,-11.3067,  7.8962,-12.0163],[-0.0737, 0.3626,-0.09  , 0.3453, 0.3757]
3721,[695.4855,-11.7328, 10.6251,-12.7172],[ 0.1698,-0.0487, 1.4984, 0.6007, 0.7159]
3800,[678.6623, -6.4825,  3.9985,-17.2367],[0.7311,1.6178,1.5465,0.3882,0.622 ]
3810,[671.2139, 12.1286, -9.1154,-18.5152],[0.7611,1.6051,5.6501,1.4989,1.8564]
3812,[675.4608, 12.3612,-11.3543,-18.8184],[0.979 ,8.3573,0.3943,1.0083,1.5934]
3820,[693.2045,-10.868 ,  8.7047,-17.3229],[0.7878,0.7569,0.3092,0.2645,0.2749]
3821,[753.8621,-11.4108, 10.9336,-16.4592],[0.426 ,0.742 ,0.8774,1.5521,1.158 ]
3900,[ 7.1071e+02, 3.8578e+00, 5.3275e-01,-3.0381e+01],[ 0.3795, 2.2469, 8.1866, 5.967 ,-0.0469]
3901,[646.1057, -5.3363, 11.9392,-30.395 ],[ 0.8763,-1.1874, 1.4837, 0.6132,-0.3432]
3902,[754.0261,  8.4142,-13.2965,-31.8419],[-1.8674,-0.2404,-2.665 ,-1.1234,-2.4868]
3910,[695.2514, 12.4471, -9.1337,-27.4079],[  1.0359,  1.3782,172.2694,  1.8325,  0.7795]
3912,[699.9055, 12.4166,-11.3679,-28.1696],[ 5.1069e-01, 2.2817e+02,-1.1626e-01, 2.1697e+00,-1.0134e-01]
3920,[708.6151,-11.6393,  7.8027,-30.7725],[ 0.014 , 0.5083,-0.5549, 0.1475,-0.7214]
3921,[681.3083,-13.33  , 13.7508,-31.2086],[0.3451,0.1855,3.8978,3.7861,0.8747]
3930,[709.8638, 30.8964, -8.2079,-26.1955],[-0.2865,-0.2   ,-0.0745,-0.1983,-0.203 ]
3932,[713.9365, 34.0763,-21.7558,-26.65  ],[0.7134,1.2831,0.3811,0.8484,0.1361]
3934,[778.8185, 37.3286,-31.2977,-27.9975],[-0.545 , 2.1737,-0.7185, 1.4479, 0.1687]
4802,[924.7993,  4.3076,-13.3705,-19.4191],[-0.4336,-0.0907,-1.2263,-0.5731,-0.0881]
4810,[826.8656, 11.7219, -9.0797,-19.4441],[ 0.1284,-0.4387, 1.0667,-0.2507, 0.5406]
4812,[869.5403, 12.9752,-11.464 ,-18.7856],[ 0.8773, 0.7981,-0.4761, 0.3185, 0.8419]
4820,[808.8821,-11.3641,  9.3676,-19.6925],[-0.2049, 0.4153, 0.2014, 0.0147, 0.1398]
4821,[823.1946,-11.6633, 10.2833,-19.1491],[0.0608,0.0953,1.1208,0.1039,0.8083]
4900,[899.9288,  6.3214, -4.4348,-31.4144],[ 2.5014e+01, 1.2557e+00, 4.3236e+00,-6.7310e-03, 1.3734e+00]
4902,[921.7298,  6.4504,-12.4533,-30.9565],[ 5.4634e-01, 1.2536e+02,-4.7744e-01,-2.7637e-01,-1.1487e-01]
4910,[881.7222, 11.9143, -8.9974,-30.2748],[ 0.5719, 0.8544,30.8354, 0.2118, 1.9502]
4912,[893.9718, 12.48  ,-12.5037,-30.8516],[ 1.4001e+00, 6.5487e+01,-4.6168e-02, 1.4742e-01, 1.0566e+00]
4914,[941.1153, 28.7831,-32.8104,-33.8005],[-0.6919,-0.4466,-1.356 ,-0.6096,-0.6579]
4920,[912.0591,-12.1927,  7.2529,-31.144 ],[ 0.2374, 1.2524,-0.6424,-0.232 ,-0.0067]
4921,[897.4569,-12.5197, 10.6445,-28.4533],[ 1.5712,-0.5117, 2.998 , 0.9038, 0.9936]
4932,[908.4965, 34.0829,-22.6975,-30.9541],[0.6577,1.4913,0.4121,0.3513,1.0641]
4934,[891.6079, 34.2403,-33.8286,-30.6506],[ 1.9707, 1.4872,-1.0369, 1.2086,-0.1276]
5800,[1056.114 ,  -1.6465,   4.2885, -19.5727],[ 0.5903, 0.1699, 0.0907,-0.4598, 1.3654]
5810,[1114.1342,  20.052 ,  -7.7722, -19.0988],[-0.136 ,-0.7203, 0.0548,-0.7222, 0.4474]
5812,[1057.8385,  16.8003, -14.2871, -19.0166],[-0.6337, 1.0138,-0.7708,-0.7225, 0.8108]
5820,[1174.1707, -10.484 ,   5.8302, -18.6704],[-0.0312,-0.0767,-0.3971,-0.4874, 0.4102]
5900,[ 1.1281e+03, 6.3737e-01,-3.4117e+00,-2.8836e+01],[ 1.0667, 1.0632,86.2425, 0.3881, 2.8545]
5901,[1167.3666,  -7.9671,  11.2056, -27.7858],[-0.4792,-1.7847, 1.0263,-0.5226, 0.6339]
5902,[1095.8558,   6.3376, -11.7249, -29.8947],[-8.2435e-02, 1.4117e+02, 7.4196e-02,-3.9425e-01, 2.0505e-01]
5910,[1093.2682,  11.4143,  -8.2395, -32.8437],[-1.17  ,-1.695 , 0.3757,-2.7179, 2.2316]
5912,[1072.6866,  11.9996, -12.9829, -33.4307],[-5.7012,-5.8756,-7.2489,-7.2263,-5.3331]
5914,[1094.8384,  27.1671, -32.6239, -34.6784],[-0.7601, 0.1702,-1.5426,-0.1196,-0.485 ]
5920,[1065.4964, -12.1134,   7.6264, -29.6534],[-0.5811, 0.5224,-0.4819,-0.6956, 0.5876]
5921,[1128.9274, -13.0545,  13.4855, -29.7927],[ 1.6651,-0.2938, 5.2913,-0.0824,-0.0524]
5932,[1085.0307,  33.4282, -25.8586, -35.796 ],[0.4582,0.5825,0.2178,0.742 ,0.4113]
5934,[1100.8771,  31.9246, -32.1302, -34.1327],[-0.6408, 2.4434,-0.7576, 0.8579,-0.1162]
6600,[ 1.3943e+03, 1.3800e+00,-4.8157e+00,-9.5502e+00],[-0.3443,-0.0515,-0.2431,-0.6538, 0.7249]
6700,[ 1.3751e+03, 1.1060e+00, 1.4270e-01,-1.4045e+01],[ 0.0962,-0.3611, 0.8723,-1.0765, 3.2814]
6701,[1367.8145,  -3.4061,  13.9676, -14.0857],[-1.0978,-1.8227,-0.7457,-1.7827, 0.3273]
6702,[1361.6563,   5.3833, -13.9492, -14.4208],[-0.8499,-0.081 ,-1.1847,-1.4277, 0.3771]
6800,[ 1.3687e+03, 1.0986e+00, 2.2305e-01,-1.8286e+01],[-7.8663,-7.8646,-7.218 ,-9.0537,-6.5248]
6801,[1373.9718,  -1.9899,  13.5713, -18.4398],[-1.3881,-2.5274, 0.9172,-2.7205,-0.5245]
6802,[1371.0899,   4.8392, -13.8697, -18.3389],[-8.9331,-8.602 ,-8.9702,-9.781 ,-8.0212]
6810,[1302.9243,  11.1245,  -7.8611, -19.3603],[-0.6643,-0.4118,-0.0388,-1.007 , 0.2478]
6812,[1337.3203,  12.1903, -20.087 , -18.2963],[-1.2323,-0.6703,-2.4481,-2.049 ,-0.0511]
6820,[1230.1287, -12.0562,   5.8891, -19.089 ],[-0.0324,-0.0867,-0.2039,-0.4965,-0.2032]
6821,[1287.9072, -11.2078,  16.288 , -18.2852],[ 0.1265,-0.8899, 0.516 ,-0.4121, 0.4053]
6900,[ 1.2921e+03, 8.7995e-01,-1.2329e+00,-2.4102e+01],[  1.2646,  1.1265,104.2021, -0.3825,  4.5135]
6901,[1328.3137,  -4.1303,  12.8587, -22.7128],[ 0.4725,-1.872 ,13.2473,-0.9634,-0.6327]
6902,[1290.9928,   6.6979, -12.4293, -25.0551],[-0.1913,11.8753,-0.6225,-1.5502,10.8233]
6910,[1264.2118,  12.1199,  -6.8379, -27.3539],[-0.9889,-1.9641,-0.2772,-2.4792, 0.3646]
6912,[1287.6899,  13.318 , -17.0972, -26.5935],[-4.2243,-2.9351,-6.3268,-5.8877,-3.306 ]
6914,[1291.9039,  21.889 , -32.1886, -27.2617],[-1.0234, 1.6736,-2.1577,-1.2599,-0.7053]
6921,[1249.1706, -11.6522,  16.0954, -25.3823],[-0.0626,-1.713 , 0.8401,-0.3731, 0.2975]
6932,[1279.5799,  34.1223, -29.4872, -36.1569],[ 0.2082, 0.9371,-0.2215,-0.012 , 0.1753]
6934,[1314.5336,  33.4436, -33.2079, -36.1434],[ 0.0915, 0.5374,-1.0111, 0.2032, 0.1759]
7422,[ 1.4877e+03,-2.4587e+01,-2.2046e+01, 9.7829e-01],[-3.7438,-3.1223,-5.3666,-4.5319,-2.2806]
7442,[ 1.5013e+03,-3.2818e+01,-1.6807e+01, 7.6956e-01],[-2.0325,-1.4851,-3.3174,-2.2685,-0.6198]
7500,[ 1.4751e+03,-7.5374e-01,-7.1708e+00,-4.5708e+00],[-0.7959,-1.1346,-0.5121,-1.691 , 0.7103]
7502,[1499.3974,  -6.8132, -21.8885,  -4.08  ],[-1.613 ,-0.3519,-3.1951,-2.5301, 0.0922]
7504,[1522.0411,  -5.8557, -32.1364,  -4.2474],[-3.4884,-1.5942,-4.364 ,-3.7382,-1.7268]
7522,[1480.6075, -23.0192, -22.8335,  -2.956 ],[-2.2573, 5.4857,-5.2387,-3.5746, 5.5088]
7524,[1494.1081, -12.8333, -31.1386,  -4.7064],[-4.1172,-3.4783,-4.7571,-4.363 ,-3.7674]
7542,[ 1.5131e+03,-3.5496e+01,-1.4339e+01,-4.5066e-01],[ -9.6175, -7.2614,-11.9418,-11.6043, -8.27  ]
7600,[ 1.4697e+03, 7.4656e-02,-4.3759e+00,-8.6645e+00],[-1.1258,-1.9217,-1.215 ,-2.1838, 0.656 ]
7601,[ 1.4381e+03,-8.1676e-01, 1.1280e+01,-9.5383e+00],[-1.2971,-2.4127,-1.1863,-2.1092,-1.431 ]
7602,[1484.6106,  -6.2149, -22.7912,  -8.4688],[-6.6999,-5.3484,-8.8824,-7.9092,-5.4322]
7604,[1505.2685,  -5.7284, -31.8443,  -8.8496],[-7.2457,-6.1295,-8.844 ,-7.5585,-6.5129]
7622,[1475.2228, -14.6689, -26.013 ,  -6.6784],[-4.5591,-2.9784,-7.8921,-6.4751,-3.4371]
7624,[1486.6727, -12.821 , -31.2213,  -7.592 ],[-3.0532,-1.8947,-4.9078,-3.5763,-2.2868]
7700,[ 1.4485e+03, 5.8915e-01,-3.7025e+00,-1.3312e+01],[-5.6787,-6.5132,-6.7555,-7.17  ,-4.5046]
7701,[1432.4205,  -2.0459,  13.2711, -13.7272],[-2.0103,-2.8568,-0.6014,-2.7833,-1.4293]
7702,[ 1.4758e+03,-1.3902e+00,-1.9387e+01,-1.2227e+01],[-11.0791, -9.1893,-13.1303,-12.7165,-10.3431]
7704,[1511.2334,  -1.6267, -32.1806, -11.558 ],[-5.4979,-4.1468,-7.2367,-5.7116,-5.1243]
7710,[1519.3263,  10.5344,  -4.2559, -14.2683],[-0.7349,-0.8943,-0.196 ,-1.4854,-0.1055]
7712,[1539.131 ,  10.5936, -16.8261, -13.0246],[-0.522 , 0.5934,-1.6789,-1.4425, 0.2639]
7714,[1598.9825,  10.1855, -37.2881, -13.1577],[-0.5134, 0.0719,-2.244 ,-1.2815,-0.9995]
7800,[1427.2222,   1.8871,  -2.1039, -16.8551],[-20.9226,-21.2988,-21.2596,-22.2287,-20.6308]
7801,[ 1.4158e+03,-8.6195e-01, 1.3334e+01,-1.7345e+01],[-2.4793,-3.5169,-0.9885,-3.4756,-2.3084]
7802,[1451.0178,   4.1584, -15.606 , -16.8584],[-14.1915,-13.4078,-14.9436,-15.2808,-13.6038]
7804,[1512.7525,   6.0827, -33.2398, -16.4198],[-0.7571,-0.3681,-1.8285,-1.1483,-0.4338]
7810,[1456.8278,  10.9993,  -6.3176, -17.3732],[-0.5071,-1.5525,-0.5022,-1.4462,-0.0853]
7812,[1483.1293,  12.7326, -19.6986, -18.0032],[-1.7708,-0.6072,-2.3024,-2.278 ,-0.4001]
7814,[1517.6924,  13.1543, -35.0752, -18.3585],[-0.9967,-0.1726,-2.6255,-1.5941,-0.4533]
7900,[1418.2061,   5.8204,  -2.5938, -21.0728],[-2.9824,-3.3474,-2.9522,-4.0483,-2.9876]
7901,[ 1.4146e+03, 1.3488e+00, 1.4584e+01,-2.1180e+01],[-1.3749,-2.399 ,-0.9124,-1.4673,-1.4357]
7902,[1421.2921,   7.5516, -15.794 , -20.9944],[-2.8921,-2.9105,-3.164 ,-3.4777,-2.7306]
7904,[1434.1114,   9.6797, -31.563 , -21.3754],[-0.5965,-0.5862,-1.2799,-0.8369,-0.5908]
7910,[1445.1972,  13.496 ,  -6.278 , -22.7536],[-1.1581,-1.3467,-0.2021,-1.7504,-0.9536]
7912,[1443.0033,  13.5469, -20.3181, -22.5491],[-1.5703,-0.367 ,-2.6681,-2.3789,-0.9998]
7914,[1456.4086,  21.3995, -36.9471, -26.7041],[-0.939 , 1.3338,-2.4608,-1.0168, 0.169 ]
7934,[1408.5195,  30.6281, -38.9233, -33.8454],[-0.4772, 1.5863,-0.9861, 0.2008, 0.1381]
8614,[1624.9124,  15.2909, -33.8083,  -9.9744],[-1.0066, 0.0511,-2.6249,-2.0069,-0.3426]
8712,[1618.1584,  17.753 , -22.4475, -13.3498],[-0.5779,-0.2018,-1.5464,-1.4006,-0.4022]
8714,[1617.1258,  13.872 , -33.4657, -11.3278],[-0.8646, 0.5433,-3.0746,-1.6897,-0.6926]
