200,[1.7558e+02,1.0986e+00,1.9471e-02,1.1173e+01],[0.8975,0.8757,0.7758,0.4068,0.9104]
201,[188.733 , -7.5763, 14.6896, 12.3186],[-0.1933,-0.3568, 1.1416, 0.0501, 0.1595]
202,[180.1386,  7.3407,-16.0904, 11.3587],[ 0.0619, 0.6149,-0.8349,-0.1309, 0.5676]
210,[194.1931, 10.0475,  0.9864, 10.3785],[-0.0019,-0.1829, 0.3812,-0.2693, 0.8023]
212,[181.4739, 17.8153,-20.3897, 11.5164],[-0.0335, 1.2185, 0.7627, 0.6521, 0.6832]
214,[197.4177, 29.1139,-33.3129, 10.4736],[ 0.6528, 0.4689,-0.0769, 0.3344,-0.1309]
220,[197.4575,-14.9443,  4.4299, 12.3942],[ 0.0337, 0.967 ,-0.0877,-0.3164,-0.0844]
221,[181.3791,-18.7268, 16.4415, 12.1851],[ 6.6916e-01,-8.8588e-05, 1.3200e+00, 3.4433e-01, 1.0857e+00]
241,[179.7198,-32.79  , 24.8205, 10.5405],[ 0.105 , 0.4957,-0.3503, 0.2084, 0.2934]
243,[168.8376,-32.5097, 32.0714, 10.6393],[0.2939,0.3429,1.3039,0.6816,0.8128]
300,[160.8547, -0.8271, -0.6831,  7.2031],[-1.0059,-1.1696,-0.7267,-0.8456,-1.6433]
301,[153.5011, -5.85  , 14.2849,  6.9745],[-0.0954,-1.4181, 0.3138,-0.4232,-0.7777]
302,[176.9984,  6.5699,-13.9215,  7.333 ],[-1.1847,-0.1533,-1.5424,-0.9662,-1.57  ]
310,[162.5692, 13.0457, -6.6834,  7.8081],[-0.5413,-1.428 , 0.6496,-0.6142,-0.6803]
312,[168.9422, 16.8973,-19.3155,  7.1922],[-0.5583, 1.0055,-1.087 , 0.7537,-0.7425]
314,[180.7431, 26.3874,-32.5617,  7.3663],[ 0.0782, 0.1835,-0.9089, 0.0073,-0.4986]
320,[167.5799,-13.6898,  6.157 ,  7.1397],[-1.2216, 0.2876,-1.455 ,-0.6541,-1.6494]
321,[167.2011,-16.4684, 17.4594,  6.6034],[ 0.0156,-0.8259, 1.0123, 0.4954,-0.5649]
323,[168.0632,-24.837 , 35.9244,  6.833 ],[ 0.3259,-0.5862, 0.3805, 0.1212,-0.3303]
332,[158.2285, 32.2604,-25.4302,  8.1559],[-0.0577,-0.4548, 0.621 ,-0.305 ,-0.6121]
334,[175.7736, 37.7959,-41.4221,  6.3646],[ 0.0926, 1.2956, 0.3845, 0.6693,-0.6456]
341,[162.5533,-36.6951, 19.6596,  6.3799],[-0.1544, 0.9586,-0.7693,-0.2716,-0.8321]
343,[166.7849,-37.3839, 41.0961,  7.5759],[ 1.2936,-0.1907, 3.0565, 0.9834,-0.2106]
345,[156.5879,-47.5778, 50.2273,  5.8418],[-0.0209,-0.2561, 0.554 , 0.783 , 0.032 ]
363,[192.7305,-51.9562, 34.4994,  5.764 ],[-0.0501, 0.0957,-0.5959,-0.143 ,-0.6103]
400,[154.4408, -1.883 , -0.8379,  2.2884],[-0.7838,-0.6873,-0.7573, 0.5285,-1.7455]
401,[155.0757, -7.4381, 13.6304,  2.7382],[-0.7985,-1.3567, 0.5733,-0.6397,-1.0347]
402,[173.5069,  4.6491,-15.0111,  2.0806],[-1.3413,-0.0753,-1.8311,-0.4281,-1.6663]
410,[149.335 , 12.8221, -7.0775,  2.7309],[-0.4421,-0.9861, 0.8387,-0.4359,-0.9265]
412,[159.5765, 17.1509,-21.7223,  2.5221],[ 0.7881, 0.3645,-1.355 , 2.0632,-1.0776]
414,[172.8521, 23.5728,-34.4454,  2.3371],[-0.1641, 1.1489,-1.447 ,-0.2664,-1.0498]
420,[173.9168,-15.5251,  3.5311,  2.0153],[-1.9233, 1.1154,-2.1049,-0.5844,-1.9885]
421,[160.3917,-19.8121, 17.7946,  2.2504],[-0.1258,-0.3688, 0.7091, 1.4149,-1.2814]
422,[198.2021,-12.2219,-10.391 ,  2.8485],[-0.1021, 0.108 ,-0.508 , 0.0683,-0.3082]
423,[159.4766,-25.4007, 34.6068,  2.5185],[-0.7482,-0.8946, 1.1562,-0.7599,-0.7315]
432,[159.2717, 32.0233,-27.226 ,  2.1765],[-0.2677,-0.7761, 0.5331, 0.008 ,-0.4567]
434,[160.9157, 36.4925,-40.6271,  2.5705],[-0.0296, 0.8464,-0.5027, 1.8833,-1.2144]
436,[178.4043, 44.2254,-53.1066,  1.8894],[ 0.2462, 1.8849,-0.0912, 0.0884,-0.9734]
440,[194.6642,-31.3376,  7.4931,  0.8545],[-0.0082, 0.0696,-0.2498,-0.2862,-0.2095]
441,[171.6459,-34.2077, 21.3927,  1.3335],[-1.3972,-0.1882,-1.474 ,-0.8336,-1.6467]
443,[150.4459,-39.162 , 41.6991,  2.3253],[-0.2585,-1.1335, 0.5727, 1.7227,-1.0456]
445,[163.9125,-44.3497, 54.4584,  3.5206],[-0.3249,-0.8432, 0.9128, 0.0844,-0.3902]
456,[193.6091, 50.6595,-56.2869,  3.6551],[ 0.7067, 0.6528,-1.0294, 0.9618,-1.1069]
463,[184.4178,-55.3741, 39.6175,  3.7229],[-1.1351,-0.5263,-1.4017,-0.7955,-1.4681]
465,[193.4464,-50.6503, 62.612 ,  2.8297],[-0.4968,-1.239 ,-0.0825, 0.7564,-1.4267]
500,[154.0274, -1.0791, -2.4698, -2.201 ],[ 0.174 , 1.4147, 0.0368, 2.4574,-1.1164]
501,[178.5094, -5.3561, 12.63  , -1.5356],[-0.9183,-0.713 , 0.5626, 0.0724,-0.998 ]
502,[168.4693,  2.8052,-14.8631, -1.6069],[-1.4129, 0.724 ,-1.7386, 0.4557,-1.5719]
510,[153.1477, 12.9234, -6.1603, -1.5496],[ 0.1868,-0.5102, 0.5285,-0.5087,-0.4688]
512,[147.2349, 16.3289,-20.7134, -2.2009],[ 0.0728, 2.1994,-0.7039, 1.2907,-1.602 ]
514,[157.4449, 24.3582,-34.314 , -1.9231],[ 0.1701, 1.4288,-1.3393, 0.9632,-1.1615]
520,[172.5677,-15.7067,  3.1964, -2.2704],[-0.2917, 1.4866,-1.9319,-0.5575,-2.0933]
521,[154.1152,-22.5321, 18.2515, -2.5623],[-0.3312,-0.6666,-0.2333, 0.7268,-1.8916]
522,[179.3144,-11.5936,-11.164 , -1.8826],[-0.2213, 0.5095,-0.6491,-0.1731,-0.0168]
523,[152.9132,-26.5067, 33.627 , -1.7412],[-0.5157,-0.5998, 0.2392,-0.1287,-0.7807]
534,[145.6924, 35.7719,-40.0634, -1.9361],[ 0.2115,-0.2548,-0.3953, 3.7121,-0.8549]
536,[194.5241, 47.6731,-52.5396, -0.9973],[ 0.2325, 0.4421,-0.9466, 1.7426,-0.9294]
540,[192.5444,-34.984 ,  7.9331, -4.7692],[ 0.0131, 0.2203,-0.3987,-0.2231,-0.2421]
541,[173.2708,-34.2499, 22.6305, -2.4716],[-1.3039,-0.2947,-2.176 ,-1.0431,-2.8388]
543,[158.41  ,-38.9965, 37.336 , -2.6968],[-0.9358,-1.7536,-0.4352,-0.5121,-2.6137]
600,[153.8691, -1.5819, -1.5204, -7.4247],[ 0.0428, 0.748 ,-0.6018, 1.363 ,-1.9695]
601,[158.0749, -7.4859, 12.6535, -7.5893],[ 0.0438,-0.2174,-0.0772,-0.054 ,-1.0877]
602,[146.0318,  5.6859,-14.2242, -6.6617],[ 0.1968, 1.6255,-0.9172, 0.1988,-1.0041]
612,[156.8743, 18.268 ,-20.5992, -7.1744],[-0.2472, 1.8263,-0.6817, 2.008 ,-1.3136]
614,[171.727 , 24.3849,-32.6533, -6.9773],[ 0.5472, 0.837 ,-0.8835, 1.575 ,-1.1297]
620,[168.978 ,-13.8237,  5.4416, -7.408 ],[-0.2572, 1.0968,-1.726 , 0.1227,-1.7099]
621,[158.4809,-21.3686, 19.0592, -7.3565],[-1.8293,-0.5596,-0.6412, 0.0418,-2.7467]
623,[177.875 ,-27.1952, 33.5335, -7.462 ],[-0.0489,-0.5212, 0.4424, 0.4213,-0.9883]
634,[174.3052, 35.6195,-39.4982, -6.9769],[ 0.2865, 0.4656,-0.6714, 1.569 ,-1.425 ]
641,[170.0639,-32.7194, 25.928 , -7.1163],[-1.2263,-0.6298,-2.2792,-1.246 ,-2.6291]
643,[175.2972,-39.4098, 37.2348, -7.2195],[-2.9205,-2.7824,-1.7409,-1.1183,-3.7716]
645,[163.8226,-45.0282, 57.5592, -8.9335],[-0.0032,-0.2839, 0.4881, 0.5676,-0.945 ]
663,[194.3086,-50.2278, 45.7808, -6.3285],[-1.7513,-1.8904,-2.2012,-1.3292,-2.8213]
665,[186.9297,-55.2616, 63.7198, -6.687 ],[-2.1503,-2.4531,-1.6728,-1.1987,-3.196 ]
700,[169.4305, -2.481 ,  2.2171,-12.435 ],[-2.8083,-2.4489,-3.215 ,-1.9629,-4.142 ]
701,[166.8356, -8.5807, 11.4811,-12.6466],[-6.5226e-01,-2.2685e-01, 2.0028e-01,-1.0369e-04,-9.4736e-01]
702,[158.77  ,  6.1104,-11.7026,-12.3659],[ 0.5045, 0.5056,-0.6909, 0.5542,-1.4859]
710,[188.0943, 11.502 , -8.2544,-13.222 ],[-0.0962,-0.3462,-0.1018,-0.1687,-0.9313]
712,[176.0347, 15.6708,-18.6791,-11.2092],[-0.4501,-0.7038,-2.0074,-0.2958,-3.1304]
714,[194.462 , 28.6805,-32.2468,-10.6831],[ 0.1048, 0.7152,-0.4423, 1.0227,-0.6929]
720,[172.3243,-12.6005,  6.0597,-11.7975],[-0.5169, 0.9757,-1.553 , 0.1846,-1.8371]
721,[175.6439,-20.0084, 19.7283,-12.0874],[-3.8117,-3.8715,-3.2751,-1.7705,-5.1334]
723,[177.3305,-26.2359, 34.0971,-12.5555],[ 0.0986,-0.4811, 0.316 , 0.1435,-1.5661]
741,[176.5515,-31.4983, 29.1545,-10.4512],[-1.1879,-0.964 ,-0.6799,-0.182 ,-1.1282]
743,[189.5924,-37.0426, 39.4157,-11.3366],[-3.0539,-4.4018,-2.3547,-2.461 ,-4.6462]
745,[195.5574,-46.5893, 52.4467,-11.3988],[ 0.0236,-0.5709, 0.4762, 0.963 ,-0.7877]
765,[198.2674,-50.2031, 56.0727,-10.4074],[-1.1657,-1.8557,-1.1735,-0.675 ,-2.7645]
800,[188.144 , -0.8718,  1.2082,-16.099 ],[-5.8056,-5.7068,-5.4746,-5.4903,-6.6975]
801,[189.4439, -5.9635, 15.6795,-15.7254],[-0.2536,-0.8802,-0.6754,-0.0021,-1.7757]
820,[195.2431,-10.7228,  1.3593,-15.5691],[-1.1238,-0.0922,-0.7655,-0.1796,-1.3337]
821,[188.7665,-19.2648, 20.4818,-16.0687],[-5.872 ,-6.1819,-5.4638,-5.0169,-6.6537]
823,[191.9292,-25.9181, 33.2925,-15.2889],[ 0.6886,-0.3333, 0.0877, 0.5461,-1.2376]
1112,[211.7109, 16.9775,-22.1166, 15.3936],[0.3686,1.2778,0.5981,0.1874,1.2121]
1200,[ 2.5433e+02, 1.1902e+00,-2.1088e-01, 1.1593e+01],[0.8157,0.8751,0.7371,0.0332,2.3427]
1201,[255.6073, -5.9556, 15.234 , 11.4302],[-0.2757,-1.1816, 1.0666,-1.1819, 0.0282]
1202,[251.606 ,  6.4019,-11.8839, 11.2869],[ 0.2428, 0.4971,-0.7653,-0.8577,-0.0824]
1210,[305.8148, 14.8746, -4.2095, 10.8679],[-0.8943,-1.0345, 1.1159,-0.604 , 0.6057]
1212,[277.644 , 22.0893,-21.1264, 11.1883],[ 0.7226, 2.3658,-0.3043, 0.5436, 3.4148]
1214,[265.092 , 26.7985,-32.2506, 11.747 ],[ 0.4282, 4.3111,-0.6035,-0.57  , 0.9281]
1220,[296.4891,-14.9316,  4.008 , 11.8722],[ 0.1114, 1.2692,-0.8181, 0.2024, 0.081 ]
1221,[272.0262,-19.9424, 19.3112, 11.6582],[0.5338,0.672 ,2.2377,0.5539,3.2333]
1223,[235.0341,-24.9147, 34.6041, 10.9429],[-0.155 ,-0.7159, 2.433 ,-0.5325, 0.3527]
1232,[325.1609, 34.0367,-24.9031, 10.423 ],[ 0.4538,-0.4116, 1.0455,-0.7946, 1.3034]
1234,[328.3574, 38.7706,-38.8165, 10.573 ],[ 0.8988, 3.3737,-0.0254, 0.8945, 4.9206]
1236,[314.5981, 45.5507,-51.8304, 10.6336],[-0.0493, 3.4434,-0.7832, 1.2125, 1.0199]
1241,[311.5323,-33.7928, 22.6247, 10.6891],[ 0.6437, 1.1406, 0.057 ,-0.413 , 1.0287]
1243,[276.0235,-36.0942, 39.2997, 10.6957],[ 0.9694,-0.3172, 2.1588, 1.0733, 3.3367]
1245,[287.7873,-42.8767, 50.447 , 10.7722],[ 0.1566,-0.5364, 2.8374,-0.1297, 1.5064]
1254,[360.8685, 51.7526,-43.8287, 10.3462],[-0.1293, 0.2953, 0.2708, 0.4581, 0.6721]
1256,[341.8045, 54.8865,-55.7979, 10.3604],[ 1.2186, 2.9294,-0.3395, 0.7819, 1.7906]
1300,[357.7868,  1.5868, -1.1167,  5.5438],[ 1.828 , 3.6637, 2.2974, 1.3976,32.0595]
1301,[360.3077, -7.3704, 11.79  ,  5.8158],[ 0.1168,-0.7275, 7.7131, 0.1137, 1.9926]
1302,[361.1657,  7.7275,-11.8838,  5.7627],[ 0.0697,23.6101,-0.3141,-0.2261, 0.4393]
1310,[341.0876, 14.5365, -5.0361,  6.7487],[-2.7492,-3.3504,-1.0115,-3.4528,-2.3752]
1312,[322.4991, 17.2457,-18.1317,  6.7096],[ 0.5986, 1.4846,-1.207 , 0.0193, 1.4672]
1314,[289.6765, 25.8436,-34.5492,  6.4858],[ 0.1932, 7.8861,-0.8432,-0.1728, 0.5437]
1320,[349.8166,-12.0168,  7.032 ,  5.64  ],[-0.9125, 0.3081,-1.2074,-0.4862,-0.1988]
1321,[355.9151,-14.4625, 15.0566,  5.7762],[ 2.4039, 0.8472, 3.8889, 0.7559,11.7827]
1322,[227.0555,-10.8839,-10.3016,  6.5768],[-0.8219,-0.6905,-0.9379,-0.9387,-1.2189]
1323,[266.5367,-25.7853, 34.6706,  7.3452],[-0.0994,-0.27  , 3.7075,-0.1557, 0.3245]
1330,[327.8873, 31.1214, -7.9143,  8.9465],[-0.3424,-0.3715,-0.2314,-0.3218,-0.237 ]
1332,[338.9582, 32.9564,-24.5636,  8.2395],[-1.0228,-2.1256,-0.8594,-1.7132,-0.6553]
1334,[314.6312, 36.462 ,-40.3697,  7.4799],[ 3.7823,15.4101, 0.5789, 1.6052, 0.1976]
1336,[315.4639, 43.9282,-53.3291,  7.2569],[ 1.319 ,13.4705,-0.6266, 1.2704, 3.0919]
1340,[342.0893,-33.0148,  9.7722,  5.0558],[-1.2329,-0.5569,-1.3993,-0.8027,-0.6431]
1341,[323.2133,-35.1851, 23.6301,  7.1153],[-1.7356,-0.7793,-2.1789,-1.578 ,-1.3183]
1343,[290.8978,-39.3806, 39.3938,  7.2071],[ 3.5332,-0.049 , 5.0572, 1.2309, 1.0139]
1345,[314.495 ,-44.4963, 53.0545,  8.1695],[ 0.9648,-0.2684, 2.4003, 0.0183, 1.3775]
1354,[350.9389, 52.5598,-46.5765,  9.326 ],[-0.6037,-0.8553,-0.5118,-0.2025,-0.8698]
1356,[333.3798, 54.7962,-58.6197,  7.3534],[ 0.8945, 8.0581,-0.2287, 2.1043, 0.8796]
1361,[354.9241,-52.7213, 29.3144,  7.1825],[-0.7385,-0.0412,-0.8756,-0.3746,-0.3948]
1363,[331.754 ,-54.2139, 41.7743,  6.6551],[-0.0888,-0.1531,-0.7201,-0.3337,-0.2378]
1365,[318.4956,-54.8019, 60.6393,  7.4678],[1.7846,0.0827,5.5603,0.1026,1.0991]
1400,[360.7577,  1.6639, -1.709 ,  2.6356],[293.2309,  2.7333,  3.1931,  1.0613,  1.4072]
1401,[363.7623, -6.2945, 11.8609,  2.3821],[ 0.5768,-0.5059,71.548 , 0.9348, 0.1298]
1402,[368.6581,  6.9968,-11.6261,  2.6192],[-1.6009e-01, 6.8229e+01,-5.1609e-01, 1.1140e+00,-1.1367e-02]
1404,[223.7283,  9.6631,-30.6704,  2.2054],[-0.6542,-0.5954,-1.4006,-0.723 ,-1.1714]
1410,[367.8319, 11.311 , -8.1634,  2.0561],[ 0.5114,-0.3224,58.3485, 0.3657, 0.5127]
1412,[359.3041, 12.6855,-13.5182,  2.1577],[ 0.779 ,26.8163, 1.077 , 2.6761, 0.9656]
1414,[276.4052, 24.3404,-34.2001,  2.9705],[ 0.679 , 6.651 ,-0.8359, 0.3891, 0.1347]
1420,[349.0189,-12.1999,  6.9787,  2.5665],[ 0.523 ,33.0334,-0.2793, 0.057 , 0.6749]
1421,[359.6842,-14.2285, 15.3013,  2.4818],[  2.2214,  0.8484,133.96  ,  1.5164,  1.4675]
1422,[234.0972,-12.1461,-11.9236,  1.7907],[-0.8449,-0.7758,-1.5745,-0.9974,-1.117 ]
1423,[337.7614,-25.9306, 32.7897,  1.9046],[ 1.4655,-1.167 ,14.544 , 3.336 ,-0.1638]
1432,[343.6886, 32.5168,-25.2012,  2.692 ],[-0.3659,-1.1684,-0.2117,-0.4551,-1.2112]
1434,[298.9889, 34.8124,-41.1054,  3.1027],[ 1.0148, 6.0405,-0.0603, 9.6562, 1.034 ]
1436,[306.6522, 43.004 ,-54.733 ,  2.8662],[ 0.9898,11.225 ,-0.3982, 0.0788, 0.1152]
1440,[265.0943,-32.7291,  6.7956,  1.757 ],[-1.0353,-0.4811,-1.2877,-1.3965,-0.9649]
1441,[299.7993,-36.1863, 22.4429,  2.1308],[-3.0967,-2.6364,-3.5154,-3.4008,-3.6356]
1443,[318.151 ,-40.4148, 37.7793,  2.134 ],[1.086 ,0.3239,7.0351,1.7841,1.2164]
1445,[307.5209,-44.8874, 54.0734,  1.6953],[ 1.7227,-1.1034, 0.5722, 1.4039, 0.6525]
1454,[395.7057, 50.2526,-48.5254,  4.4506],[-0.5988, 0.1519, 0.2502,-0.0634,-0.1591]
1456,[306.6089, 53.6127,-60.025 ,  3.1132],[ 1.0886, 1.6755,-0.5576, 5.7074, 0.096 ]
1461,[290.5001,-52.223 , 26.8916,  1.8018],[-0.7162,-0.299 ,-0.9491,-0.8906,-0.5856]
1463,[328.67  ,-53.2822, 44.2588,  2.3445],[-1.498 ,-1.0136,-1.0886,-0.7578,-1.8001]
1465,[311.4674,-56.6456, 57.1623,  1.8214],[ 1.1371, 0.2322, 5.1546, 2.4538,-0.0251]
1467,[354.8822,-67.4729, 73.9313,  0.8723],[ 0.9178,-0.569 , 4.0177, 0.5338,-0.1032]
1500,[ 3.6848e+02, 2.5457e-01,-1.0614e+00,-2.1003e+00],[ 2.4365, 4.0042, 1.8087,84.801 , 1.0922]
1501,[364.8934, -6.4289, 12.5027, -1.5127],[-1.9560e-01,-5.6331e-01, 3.3564e+01, 4.4969e-01,-2.4527e-02]
1502,[375.0213,  6.6209,-12.3989, -1.9857],[-0.3346, 7.3176,-1.851 , 0.4682,-0.7406]
1504,[240.2586,  9.4282,-30.5402, -0.8381],[-0.8292,-0.5137,-1.1659, 0.1436,-0.3818]
1510,[357.4987, 11.6723, -7.7033, -2.3418],[ 0.433 , 0.1583, 8.2961, 6.8238,-1.2003]
1512,[368.2994, 13.5317,-14.2737, -2.4863],[ 1.1308,28.0004, 0.9419, 1.4204, 0.7928]
1514,[303.143 , 24.6315,-34.0653, -1.5825],[ 0.8863, 3.755 ,-1.2327, 3.2112,-0.604 ]
1520,[366.6438,-11.9916,  6.9415, -2.5834],[ 0.8362, 2.4504,-0.4856,15.4737,-0.1039]
1521,[361.901 ,-13.1434, 14.2238, -2.1654],[ 1.2500e+00, 6.5862e-01, 2.4074e+00, 5.2981e+01,-3.3848e-02]
1522,[223.9453,-13.2571,-11.8669, -2.1646],[-0.7528,-0.5203,-1.0675,-0.4674,-0.8458]
1523,[317.6495,-25.1268, 33.418 , -2.2007],[-0.282 ,-0.9513, 7.6193, 0.4391,-0.1498]
1532,[376.0239, 33.8993,-24.719 , -2.4858],[-0.826 ,-0.2975,-0.3823,-0.1048,-1.2666]
1534,[310.724 , 35.4602,-40.7094, -2.1654],[ 1.875 , 2.6471,-0.3551, 7.7286, 0.9167]
1536,[303.844 , 43.7799,-54.8064, -1.4266],[ 1.    , 2.8147,-0.2307, 1.4268,-0.9915]
1540,[241.2522,-32.1027,  8.046 , -1.1378],[-0.3516,-0.3802,-0.9978,-0.1219,-0.6772]
1541,[268.2493,-35.3439, 23.1628, -2.3253],[-5.2008,-5.0002,-5.668 ,-4.6887,-5.8177]
1543,[297.2204,-40.7709, 37.3299, -2.9832],[ 2.3919,-0.0981, 2.6249, 2.1787,-0.1135]
1545,[340.63  ,-46.1506, 54.0272, -3.0112],[ 0.414 ,-0.527 , 6.1347, 0.9325,-0.4058]
1556,[260.2446, 54.2288,-65.3738, -1.656 ],[ 1.0158, 2.5355,-0.3529, 2.0183,-0.4901]
1561,[266.6523,-51.8174, 29.2247, -1.8451],[-0.4118, 0.5411,-0.8721,-0.3414,-0.4997]
1563,[317.2973,-53.5059, 43.8425, -2.7836],[-1.7222,-2.4921,-1.9104,-2.0905,-3.5593]
1565,[342.3471,-56.5074, 56.1337, -2.9921],[ 0.2131,-0.6109, 3.1069, 3.2474,-0.957 ]
1567,[293.0334,-65.967 , 71.971 , -2.3049],[ 0.4478, 0.2077, 4.3818, 1.0635,-0.4222]
1600,[376.5973,  0.712 , -0.897 , -6.8902],[ 2.6951, 0.1908, 0.6656,51.0264, 0.0777]
1601,[370.2294, -6.8562, 12.6605, -6.5454],[-0.771 ,-2.5763, 1.6612,-0.517 ,-2.1061]
1602,[384.802 ,  7.3621,-12.6948, -6.5785],[-0.7752,16.0991,-1.3186, 0.3733,-1.1777]
1610,[368.4684, 11.9158, -7.414 , -7.0367],[-0.9754,-2.055 , 0.4622, 2.3399,-1.9908]
1611,[345.4064, 11.6215, 11.1356, -6.8356],[-0.2723,-0.2788, 0.3493,-0.4544,-0.3923]
1612,[381.9842, 14.7122,-15.5369, -7.0247],[ 1.9689, 9.5958, 0.2541,60.9445,-0.463 ]
1614,[355.1208, 26.439 ,-32.7838, -7.2992],[ 0.4444, 1.3366,-0.7157, 2.0945,-0.1151]
1620,[382.2774,-12.1831,  7.077 , -6.6705],[ 0.4704, 4.2627,-0.4577, 6.5062,-0.1618]
1621,[370.3133,-14.3382, 14.7809, -6.6199],[ 1.514 , 0.0698, 8.0834,17.2856,-0.5883]
1623,[293.1773,-26.6717, 33.8257, -8.1108],[ 0.3846,-0.5934, 2.8784, 2.2139,-0.9096]
1632,[351.1071, 32.305 ,-23.4511, -8.5405],[-0.7375,-0.5349,-0.9897,-0.1898,-1.2608]
1634,[341.4465, 33.7829,-37.9927, -7.0191],[ 0.4019, 1.9872,-0.3187, 5.0584, 0.0536]
1636,[204.6775, 42.2878,-52.4528, -5.1092],[-0.0149, 0.6499,-0.7542, 1.1831, 1.0999]
1640,[238.3723,-35.2937,  9.1404, -8.0365],[ 0.1889, 0.1394,-0.697 ,-0.2307, 0.1579]
1641,[261.619 ,-34.5348, 25.6743, -6.1843],[-1.2914,-1.8377,-1.7601,-1.4555,-2.4954]
1643,[296.3001,-39.3312, 40.2762, -7.4979],[-0.3433,-0.5598, 2.7888, 3.3441,-1.2111]
1645,[330.274 ,-46.0767, 53.6574, -7.9173],[ 1.0551,-0.7961, 6.2079, 1.6127,-0.6273]
1663,[314.0864,-52.8881, 46.109 , -6.5244],[-1.3318,-2.2567,-1.5095,-1.6001,-3.3223]
1665,[343.0087,-55.313 , 56.5542, -7.4619],[ 0.8499,-1.1415, 2.3625, 2.0169,-1.4881]
1667,[358.6155,-62.9024, 71.4528, -7.8539],[ 0.5964,-0.6119, 4.7599, 3.1523,-0.0279]
1700,[ 3.4315e+02, 1.5724e+00, 1.5688e-01,-1.1566e+01],[-3.7771,-4.2357,-4.1242,-3.2539,-5.191 ]
1701,[309.547 , -5.5787, 14.9082,-12.703 ],[-1.0930e-04,-1.0503e+00, 1.4568e+00, 9.7520e-01,-8.2724e-01]
1702,[377.2857,  7.459 ,-13.2284,-10.9614],[-1.5548, 0.0238,-2.2137,-0.4164,-1.8729]
1703,[331.4135, -7.1024, 31.4666,-10.2045],[ 0.0295,-0.2236, 0.0623,-0.2403, 0.0478]
1710,[366.9516, 12.675 , -6.9137,-11.8783],[-3.7348,-4.2575,-3.15  ,-3.0318,-4.8738]
1711,[317.5612, 13.7161, 11.0425,-13.6028],[ 0.1131,-0.082 ,-0.0526,-0.2756,-0.1688]
1712,[370.6029, 16.4566,-15.9548,-11.3631],[-8.8142,-7.9303,-9.6088,-7.6284,-8.9311]
1714,[368.4202, 26.6845,-32.7837,-12.3288],[ 0.0808, 1.8342,-1.001 , 1.673 ,-0.7705]
1720,[342.7137,-11.6446,  7.3672,-11.1046],[-0.137 , 0.5902,-0.7166, 0.8864,-1.098 ]
1721,[290.6194,-17.212 , 22.4604,-12.6242],[ 0.7679,-1.6833, 0.7636, 1.8553,-1.5837]
1723,[303.6896,-25.9132, 34.0732,-12.6833],[ 0.9144,-1.1603, 1.9326, 9.8267,-0.5727]
1730,[329.8812, 32.6491, -9.1379,-10.9045],[-0.0898, 0.0822, 0.3614, 0.2462,-0.1651]
1732,[363.1983, 34.9314,-22.0999,-12.4935],[-1.2682,-0.5454,-0.8839,-0.8577,-1.4125]
1734,[379.0653, 35.4818,-32.3107,-12.3347],[ 0.4914, 1.129 ,-0.6132, 1.0656,-1.018 ]
1741,[261.4658,-31.489 , 28.7464,-11.3953],[ 0.2275, 0.1438, 0.1592, 0.726 ,-0.6324]
1743,[304.8736,-36.9915, 42.5609,-12.2158],[ 0.5963,-0.0936, 0.9914, 7.3649,-0.7303]
1745,[345.3806,-45.5855, 53.6636,-12.5268],[-0.2131,-0.5181, 2.273 ,14.4669,-0.5728]
1763,[305.9597,-50.5396, 48.6555,-10.6398],[-0.5306,-0.5552,-0.5005, 0.3644,-1.1769]
1765,[356.8814,-53.4258, 58.7407,-11.697 ],[-0.6159,-1.6363, 0.6582, 0.5693,-2.5992]
1767,[355.0369,-60.7948, 71.1758,-10.3595],[ 0.0942,-0.5894, 0.8337, 8.0264,-0.2972]
1800,[314.4006,  3.7394,  3.1987,-17.7395],[-4.1109,-3.4256,-4.4846,-3.605 ,-5.6398]
1801,[324.6615, -4.3313, 16.5487,-17.6916],[ 1.0553, 0.1084,10.1304, 0.7676,-1.1031]
1802,[287.962 ,  8.51  ,-10.7952,-15.9536],[-0.4496, 0.2934,-0.2779, 0.2477,-1.2981]
1803,[329.0511, -8.9467, 32.2501,-19.9773],[ 0.0323,-0.2111, 0.1144,-0.0666,-0.0722]
1810,[357.8038, 13.6117, -4.9592,-17.5871],[-1.4895,-1.3067,-0.0834,-0.3721,-2.637 ]
1812,[331.1943, 20.2057,-14.7833,-17.2436],[-4.6105,-4.6448,-4.8523,-3.8473,-6.3466]
1814,[349.0839, 24.625 ,-30.8279,-18.7713],[ 0.1686, 0.5612,-0.4282,-0.0282,-0.4433]
1820,[230.9759,-12.2864,  8.1363,-16.6746],[-0.365 , 0.7853,-0.3399, 0.7016,-0.5766]
1821,[300.9256,-15.9183, 23.1609,-17.3522],[-0.262 ,-1.1083, 0.6827, 1.4441,-2.4025]
1823,[326.7614,-24.5681, 34.8527,-17.4077],[ 0.66  ,-0.7739,16.5888, 2.4991,-0.928 ]
1832,[376.2358, 32.9394,-24.1559,-17.2243],[-0.9595,-0.3388,-1.1067,-0.1065,-1.7339]
1834,[390.0515, 34.6013,-31.2789,-16.1255],[ 0.0987, 0.0658,-0.5029, 2.4401,-0.7244]
1843,[336.4623,-34.7784, 43.7606,-16.9452],[ 0.4636,-0.427 , 0.772 , 9.21  ,-0.5678]
1845,[357.2362,-43.1157, 53.5089,-16.2577],[ 0.0992, 0.164 ,11.7686, 0.7317,-0.8977]
1865,[372.8052,-50.5892, 59.9411,-15.4326],[-0.3345,-1.7338, 0.2831, 0.9467,-2.3366]
1900,[350.7473,  3.4877,  3.0552,-23.3872],[-42.273 ,-42.2083,-42.2221,-40.948 ,-43.5597]
1901,[359.4868, -3.7699, 16.8321,-22.8231],[ 1.3813,-1.5314, 6.9374, 6.2591,-1.3184]
1903,[320.836 , -9.8382, 31.8932,-21.4263],[-0.1909,-0.8934, 0.4333,-0.2351,-0.6205]
1910,[370.9705, 13.1659, -4.1369,-22.5695],[-15.5135,-16.0643,-15.243 ,-15.0671,-16.9001]
1911,[356.5077, 10.2323, 13.807 ,-22.7035],[-0.0466,-0.3663, 0.2698, 0.2641,-0.2353]
1912,[375.3215, 19.9744,-14.1436,-23.0087],[-39.9947,-40.6164,-40.6648,-39.4505,-41.4244]
1920,[391.7198,-10.7678,  9.4425,-24.482 ],[-5.3146,-4.5785,-5.2864,-5.0625,-5.4587]
1921,[342.7952,-14.1028, 22.0057,-22.1805],[-16.25  ,-16.6442,-16.1794,-15.5956,-18.6608]
1923,[355.6109,-22.2618, 34.5794,-21.2554],[ 0.8514,-0.6415,18.3698, 1.0307,-0.9282]
1932,[376.7861, 30.2137,-22.2641,-20.2316],[-2.6477,-1.8587,-1.6213,-1.8998,-2.5983]
1943,[356.1522,-32.0562, 42.0776,-20.4847],[-2.2381,-2.2322,-1.4175,-0.3445,-2.8372]
2200,[455.824 ,  3.034 , -1.1757, 10.4627],[-2.0978,-2.1577,-2.251 ,-2.8094,-1.8902]
2201,[458.7726, -9.225 , 10.1814, 10.1142],[-0.8089,-1.8165,-0.2049,-1.8481,-1.3865]
2202,[461.5282,  8.9437,-10.9474, 10.0076],[-1.0233,-0.0143,-1.1162,-1.1815,-0.8094]
2210,[421.0285, 10.0285, -8.9629, 10.0593],[-0.5465,-1.5378,-0.1525,-1.3719,-0.7316]
2212,[402.0324, 27.0514,-24.1375, 10.4894],[-0.4514,-0.1339,-0.6134,-1.6829,-0.5705]
2221,[452.9288,-10.6984, 13.4247, 10.4449],[-0.7906,-0.7182, 0.2163,-0.861 , 0.7477]
2232,[416.6609, 34.4955,-24.7347, 10.2753],[-0.1702,-0.7817, 0.3395,-0.5068, 0.8818]
2234,[421.3661, 39.2776,-38.6556, 10.412 ],[ 0.621 , 1.8849,-0.9884,-0.8797, 1.6286]
2241,[410.3309,-43.1263, 23.475 , 11.7511],[-0.1066, 0.5852,-0.1591,-0.0888, 1.0582]
2243,[423.3878,-48.4069, 34.2789, 11.7749],[-0.2947,-0.9611, 0.4684,-0.5094, 1.3175]
2263,[433.2816,-51.9548, 42.6071, 10.7458],[1.2948,0.641 ,0.8548,0.2188,1.5561]
2265,[412.4707,-52.9156, 57.1122, 10.24  ],[ 0.1585,-0.4128, 1.7896, 0.1172, 2.3066]
2300,[415.8213,  1.99  , -1.5026,  5.9381],[-18.2083,-18.3342,-18.2029,-18.8423,-17.6216]
2301,[415.7858, -7.653 , 12.3532,  6.0646],[-8.7063,-9.4117,-7.9264,-9.1882,-7.5681]
2302,[412.8495,  7.9828,-12.039 ,  5.7342],[-0.5827, 3.3646,-2.4526,-1.3923, 8.4855]
2310,[424.7042, 11.7309, -7.5688,  5.7083],[-4.6713,-5.1987,-4.3037,-5.3756,-4.5354]
2312,[421.8319, 12.8553,-15.2222,  5.7001],[-0.7872,-0.0852,-3.0926,-1.9919, 1.7057]
2314,[407.4485, 29.0476,-30.6036,  6.9886],[-1.0558,-0.2784,-1.4885,-0.2851,-0.8667]
2320,[413.5242,-10.8978,  8.206 ,  5.8424],[-2.2376,-2.0132,-2.8531,-3.5783,-2.2671]
2321,[420.8743,-12.7272, 14.8284,  5.8104],[-6.3136,-7.3713,-5.8995,-7.2766,-5.5247]
2323,[412.9149,-26.3671, 30.6758,  5.443 ],[-1.0189,-1.9978,-0.6968,-1.126 ,-0.848 ]
2332,[422.6571, 33.5281,-25.5249,  8.033 ],[-1.0748,-1.5924,-0.7074,-1.0167,-0.4731]
2334,[423.4825, 38.5324,-38.2377,  8.2203],[ 0.5651, 2.8292,-0.1846, 0.7104, 0.9884]
2336,[446.9414, 43.8553,-54.5298,  7.2872],[-0.7304, 3.4288,-1.5296,-1.0385, 1.04  ]
2341,[430.8316,-37.103 , 27.8953,  6.1114],[-0.4407,-0.2139,-0.6855,-1.0503, 0.7508]
2343,[426.7626,-39.3406, 35.3304,  6.0777],[ 1.1979,-1.203 , 2.1777, 0.0592, 0.5403]
2354,[402.6577, 50.7039,-49.2191,  8.3555],[ 1.3430e+00,-1.9865e-04, 3.3345e-01, 1.0140e-01, 8.5413e-01]
2356,[401.1909, 51.3045,-51.6686,  8.1204],[ 0.9932, 4.0737,-0.8246, 0.6319, 2.2094]
2363,[421.6538,-52.5185, 42.4828,  6.4888],[2.0959,0.7087,0.713 ,0.7058,3.0043]
2365,[426.2846,-57.2436, 57.6231,  7.4876],[ 0.2631,-0.2537, 5.6127, 0.9924, 0.8159]
2400,[413.4748,  2.6693, -1.2375,  2.392 ],[ 9.5714e-01, 3.8855e+00, 1.8289e+00,-3.5214e-02, 1.3465e+02]
2401,[414.5526, -5.8968, 12.3112,  2.1641],[-7.1651,-8.0863,-5.0909,-7.6525,-6.0878]
2402,[413.5951,  7.2638,-12.1257,  2.8479],[-0.5432,43.8315,-1.5661,-0.1808, 1.7428]
2410,[427.8811, 11.3943, -7.2833,  2.339 ],[-3.2179,-4.7903,-3.8743,-4.1311,-1.2787]
2411,[420.1259, 11.216 , 12.4179,  4.4081],[-1.0989,-1.4981,-0.3926,-0.9631,-0.7813]
2412,[425.8028, 12.7893,-14.8325,  2.8899],[15.4694,14.385 ,-0.3198, 0.435 , 1.4413]
2414,[449.7192, 25.7321,-31.6079,  1.3879],[-0.6103,-0.5456,-2.66  ,-1.0356,-1.38  ]
2420,[414.3605,-11.3347,  7.9038,  2.2225],[-3.2528,-2.376 ,-3.6207,-3.3866,-3.0114]
2421,[420.7473,-13.3444, 14.8524,  2.5999],[1.1236e+00,2.4534e-03,5.3081e+00,1.0115e+00,5.8583e+00]
2422,[422.3975,-12.5962,-14.296 ,  3.9357],[-0.6902,-0.3464,-1.1854,-1.2307,-0.8202]
2423,[449.1695,-26.5301, 32.6967,  2.5895],[-1.0865,-2.5205, 1.7163,-0.7598, 1.1408]
2432,[434.3659, 33.2605,-23.643 ,  2.3998],[-0.6508,-1.3181,-0.3015,-0.8783,-0.3551]
2434,[426.0358, 39.5603,-40.548 ,  2.6204],[ 1.2611, 3.8215,-0.5079, 0.671 , 1.602 ]
2436,[438.5626, 45.8273,-54.9255,  3.6041],[ 1.0331, 2.5653,-1.3761,-0.4051,-0.703 ]
2441,[426.1066,-34.8223, 26.6581,  2.6093],[ 0.052 , 0.8982, 0.605 ,-0.3479, 0.8344]
2443,[420.0488,-36.547 , 37.7701,  2.1969],[ 1.5412,-0.5572, 5.4256, 3.1144, 1.6864]
2445,[424.1729,-48.4131, 53.6695,  1.0458],[ 0.2741,-1.3549, 2.1096, 0.1444, 1.7637]
2454,[ 5.3254e+02, 5.0804e+01,-4.7227e+01, 1.8647e-01],[2.9398,0.6666,0.3755,0.5485,1.4908]
2456,[530.8524, 50.9366,-55.0808,  1.6434],[-0.3477, 7.6668,-0.7598, 1.2051, 1.1742]
2461,[410.781 ,-52.3153, 25.1723,  2.4154],[-0.2568, 0.3476,-0.5274,-0.0712,-0.1049]
2463,[436.1048,-55.5074, 42.4736,  2.3007],[2.7058,1.4117,0.9971,2.4385,0.8597]
2465,[434.9627,-58.995 , 58.4512,  1.963 ],[ 0.9864,-0.7486, 6.0717, 1.546 , 0.8325]
2467,[421.8685,-67.8779, 73.3357,  3.4336],[-0.4883,-0.351 , 4.0134,-0.432 , 0.1006]
2500,[ 4.1670e+02, 1.5839e+00, 2.1065e-01,-2.3597e+00],[  4.9599,  3.939 ,175.9938,  1.6817,  1.7326]
2501,[415.8926, -6.354 , 12.6914, -2.199 ],[ 0.2514,-0.4026,59.9562,-0.5839, 0.1367]
2502,[415.3299,  6.7089,-13.0601, -2.7293],[-0.3446,60.2983,-0.9324,-0.0836,-0.5257]
2510,[427.7778, 11.0994, -7.1781, -2.1085],[0.3683,0.0751,0.8969,0.1255,7.2156]
2512,[419.5004, 12.6179,-15.4075, -2.8227],[ 2.3192, 1.6692, 0.5424, 1.2824,65.8149]
2514,[450.6985, 26.4475,-33.3202, -3.365 ],[ 0.9699, 1.2792,-1.8887,-0.0321, 0.0959]
2520,[420.159 ,-11.4283,  8.31  , -2.687 ],[ 0.2269,14.616 ,-0.2332, 1.2437, 0.2494]
2521,[422.1572,-12.9892, 15.356 , -2.8711],[ 1.6655,-0.2548,78.5811, 4.2264, 1.227 ]
2523,[453.7616,-25.6936, 32.2774, -3.1739],[-0.6125,-1.9589, 0.6594,-0.6835, 0.283 ]
2532,[412.9512, 33.5864,-26.4114, -2.2098],[0.7587,0.3915,0.9112,0.11  ,0.2211]
2534,[425.5438, 35.3313,-36.0606, -2.6674],[ 0.8392, 9.4356,-0.0674, 0.8731, 1.5157]
2541,[436.1188,-32.168 , 26.3634, -2.5451],[0.1977,1.0921,0.8841,0.1561,0.3596]
2543,[444.8717,-35.883 , 38.7631, -2.612 ],[ 1.1198,-0.4304,10.2334, 1.0971, 0.7561]
2545,[413.8196,-48.2389, 53.6066, -2.6134],[ 0.4656,-1.8774, 2.6262, 0.8192,-0.4394]
2554,[483.304 , 50.1778,-43.8952, -3.043 ],[1.0165,1.2206,0.1586,1.0008,0.8606]
2563,[438.9073,-55.9527, 44.2002, -1.3427],[1.3921,0.3524,0.5166,2.4999,0.6679]
2565,[450.4306,-59.7243, 60.8436, -2.4559],[ 0.2587,-0.4791,10.699 , 0.8564, 0.1553]
2567,[442.0123,-64.3496, 71.5004, -3.5578],[ 0.6654,-1.4362, 2.3513, 0.9781,-0.5448]
2600,[ 4.1318e+02, 1.0383e+00,-1.5476e-01,-6.4316e+00],[ 1.3805, 4.7071, 1.2281, 1.1048,70.3149]
2601,[413.6864, -8.0569, 12.3451, -6.0301],[-0.0982,-0.3082,14.6327, 0.2733, 0.6407]
2602,[414.1771,  7.645 ,-13.986 , -6.1218],[-3.4438,-1.3577,-4.6958,-3.0691,-3.6035]
2610,[415.8387, 11.6658, -8.3296, -7.102 ],[ 0.9004, 0.5202,18.3923, 0.6982, 0.7439]
2612,[415.0316, 14.7903,-18.3157, -6.9582],[ 1.8961,95.6736, 0.1232, 1.1347, 0.7452]
2614,[421.223 , 25.4802,-31.7255, -7.4632],[ 0.0104, 2.0519,-1.2703, 5.5798,-0.1948]
2620,[417.7441,-11.9797,  7.8543, -6.3903],[-0.5273, 1.3356,-0.2667,-0.2499, 0.2487]
2621,[417.1808,-15.0874, 16.8171, -6.3013],[ 3.2824, 0.2026,68.581 , 1.9975, 0.6875]
2623,[457.0157,-25.796 , 32.3332, -6.1308],[ 0.3163,-1.7817, 0.5265, 1.2978,-0.453 ]
2632,[455.8992, 33.3853,-24.5805, -8.3215],[0.3653,1.0666,0.4857,0.7356,0.6533]
2634,[485.3423, 37.1901,-35.8755, -8.0137],[ 0.2035, 9.4795,-0.1737, 1.0651, 1.0068]
2636,[487.7597, 49.1661,-53.8606, -9.1689],[-0.4528, 1.2237,-0.7111, 0.0785,-0.878 ]
2641,[442.8653,-32.897 , 25.0823, -6.4601],[0.437 ,0.1758,0.4448,1.7853,0.4918]
2643,[437.3629,-39.7348, 42.6159, -7.0376],[0.4822,0.2575,7.6829,1.3959,0.8768]
2645,[425.947 ,-45.3791, 56.0068, -7.7496],[ 0.1407,-1.5745, 0.9781, 0.4681,-0.7424]
2654,[477.8509, 50.9299,-47.8988, -5.936 ],[ 0.6719, 0.9674, 0.4399, 0.6299,-0.0819]
2656,[486.8231, 50.6039,-51.8705, -7.5765],[-0.2671, 1.1871,-0.2014, 3.9637,-0.5258]
2665,[433.449 ,-58.0271, 61.8909, -7.4003],[ 0.2386,-0.472 , 2.448 , 8.3495,-0.1848]
2667,[464.6556,-62.355 , 71.2181, -7.4446],[ 0.9374,-1.4016, 0.6767, 2.1174,-0.3397]
2700,[ 4.3211e+02,-5.5030e-01,-3.4090e-01,-1.0793e+01],[ 4.3211, 1.2323, 1.8199,11.0195, 2.112 ]
2701,[410.146 , -6.858 , 11.8504,-10.9048],[ 0.6281, 0.0566, 3.6831, 0.9187,-0.031 ]
2702,[420.317 ,  6.4659,-13.6937,-10.773 ],[-1.2217, 0.2364,-2.2637,-0.04  ,-1.8947]
2710,[428.0087, 13.817 , -7.7614,-12.6369],[ 2.6905, 1.3164,11.2072, 2.0288, 0.781 ]
2712,[454.7324, 20.1568,-17.7822,-12.505 ],[5.1163,1.7064,0.4434,1.592 ,0.7313]
2714,[452.4693, 26.5249,-31.8513,-12.2774],[-0.3865,-0.0835,-1.376 , 0.4646,-0.7118]
2720,[468.5123,-10.8748,  8.2251,-12.3465],[ 0.8677, 1.1652,-0.0968, 1.1812,-0.0047]
2721,[468.8448,-13.8385, 15.2425,-11.9578],[1.6675,0.8793,7.8744,1.7861,0.6292]
2732,[453.3907, 33.512 ,-26.2024,-11.747 ],[0.8899,0.9125,0.1465,1.1016,0.4184]
2734,[507.2008, 35.7885,-35.923 ,-12.711 ],[ 2.2104, 6.7597,-0.0751, 0.385 ,-0.0116]
2736,[476.709 , 44.3737,-53.1517,-12.1947],[ 0.0832,-0.3702,-0.7285, 1.6273,-0.4847]
2743,[402.1109,-35.2247, 45.4792,-10.2818],[1.2887,0.5007,2.2438,1.8935,0.9116]
2745,[413.9696,-46.5022, 58.1713,-12.6248],[-0.0739,-0.8408, 2.0456,-0.0087,-0.8711]
2765,[422.8074,-56.1316, 64.2727,-11.7273],[ 0.7512,-0.4682, 4.7232, 1.5923,-0.1151]
2767,[489.369 ,-57.809 , 70.5208,-10.471 ],[-0.1829,-1.656 , 2.6958, 2.7442,-0.7987]
2800,[ 4.5310e+02,-2.1775e-01, 3.8802e+00,-1.7935e+01],[1.3432,1.2513,6.0962,2.9304,1.1022]
2801,[412.2503, -2.302 , 16.7866,-18.8706],[ 0.4383,-0.4216, 1.6632, 1.2481,-0.0864]
2802,[529.6029,  4.6566,-17.0256,-16.9982],[ 0.0492, 0.4592,-0.6832,-0.0046,-0.2779]
2810,[440.1873, 14.3103, -7.6173,-16.6344],[0.6284,1.4076,9.3953,2.7213,0.7369]
2811,[419.8355, 10.9123, 12.0911,-18.7749],[ 0.0318, 0.0601,-0.1271, 0.0831, 0.1109]
2812,[508.9736, 19.2601,-18.6009,-17.5025],[ 1.4534,34.8159, 0.5369, 5.3832, 0.9479]
2814,[561.4621, 27.1929,-32.382 ,-17.95  ],[ 0.391 , 1.8312,-0.9507, 0.9244, 0.1864]
2820,[519.6344,-11.1422,  8.7048,-17.1866],[0.095 ,0.5883,0.4248,0.7491,0.0265]
2821,[482.1499,-12.472 , 14.7603,-17.4956],[1.6184,1.2354,1.7408,2.2506,0.2652]
2832,[437.0948, 31.9321,-26.5799,-17.41  ],[0.865 ,0.7272,0.2403,1.4556,0.6234]
2834,[503.6084, 36.3218,-37.5828,-17.2626],[ 2.1350e-01, 8.5464e+00,-1.7891e-01, 3.0892e+00,-8.0863e-03]
2845,[403.7009,-43.0062, 56.8807,-15.4372],[-0.4889,-1.0641, 0.6463, 0.0142,-0.8454]
2900,[ 4.7894e+02, 2.9236e+00,-1.5377e-01,-2.8923e+01],[ -1.9067,113.1731, -3.2943, -0.1395, -4.3964]
2901,[423.7579, -0.4402, 16.1342,-25.6729],[ 0.2863,-0.6571,38.3557, 0.5961,-0.2282]
2902,[550.3174,  7.9906,-11.4879,-30.8457],[-0.902 , 2.0806,-2.5379, 0.0219,-3.2667]
2910,[473.2512, 12.868 , -6.3244,-27.7638],[-0.5441,-0.2327, 5.6378,62.2892,-1.153 ]
2912,[526.3761, 16.2812,-15.6889,-26.8212],[  0.5962,142.6255, -1.0025,  3.0147, -0.9463]
2914,[556.2301, 25.6355,-32.1558,-25.1246],[ 0.6126, 5.7572,-0.9631, 2.1921,-0.5045]
2920,[542.331 ,-11.5179,  7.1334,-22.7476],[-1.9993,-1.6356,-2.1889,-1.3424,-2.7809]
2921,[440.3013,-11.7946, 17.2608,-24.9028],[-1.3303,-2.6881,-0.843 ,-1.2492,-2.4114]
2932,[431.4671, 32.1652,-27.8997,-21.2576],[ 0.42  , 0.4612,-0.3165, 3.0835,-0.0902]
2934,[502.0377, 33.9103,-36.7299,-22.3764],[ 0.0598, 8.8725,-0.7588, 9.2259,-0.129 ]
3423,[ 6.0348e+02,-2.5334e+01, 3.4643e+01, 1.0175e-01],[-0.8309,-1.2501, 1.1092,-0.6397,-0.0763]
3700,[ 6.2859e+02,-7.6257e+00,-5.7085e-01,-1.3670e+01],[0.8929,0.8957,0.8652,0.1946,0.8217]
3702,[601.8784, -2.828 ,-11.8607,-14.4189],[ 0.3154, 0.9373,-0.5866,-0.3448, 0.034 ]
3710,[630.5047, 13.3792, -3.8649,-13.5983],[0.6646,0.1328,0.6532,0.3952,0.2435]
3712,[667.874 , 18.6121,-19.4222,-14.3915],[ 1.363 , 2.1395, 0.2169,-0.0876, 0.9941]
3720,[616.8585,-11.6358,  9.6963,-12.4401],[0.142 ,0.6709,0.0421,0.1669,0.2952]
3721,[621.6852,-12.0749, 11.6604,-13.8072],[1.1184,0.3177,1.2402,0.6008,0.5486]
3800,[601.4462, -8.2513,  6.8684,-19.9527],[0.5879,0.8463,1.0731,0.4138,0.9913]
3801,[651.151 , -9.889 , 10.1848,-19.3424],[ 0.0227,-0.6401, 0.4623, 0.0718,-0.0712]
3812,[638.9434, 17.2657,-21.2027,-17.9772],[0.5581,5.4913,0.5098,0.4855,1.1209]
3814,[603.068 , 24.5624,-32.9423,-19.2052],[ 0.1343, 0.7429,-0.5657,-0.3411,-0.2052]
3820,[708.866 ,-11.5905,  7.4542,-17.8695],[0.1619,0.9821,0.281 ,0.6462,0.2289]
3821,[648.4551,-11.8863, 13.6284,-17.5954],[ 1.0786, 0.2544, 1.3498, 0.8883,-0.0231]
3900,[ 7.0663e+02, 1.5859e+00,-5.9374e-01,-3.8325e+01],[  2.7735,  0.944 ,  5.6548,157.6732,  0.2378]
3901,[770.3384, -8.3185, 15.172 ,-35.771 ],[-0.2314,-1.9899, 1.0988, 0.5234,-1.0266]
3902,[714.1266,  7.2995,-13.8168,-34.295 ],[-3.5207,-2.3668,-5.0039,-2.7382,-3.9717]
3910,[707.8858, 12.2707, -9.011 ,-34.7671],[ 0.8913, 0.2244,55.1401, 0.9373, 0.9086]
3912,[688.8557, 13.0532,-13.4891,-33.2021],[  0.5914,  6.8258, -0.436 ,174.2204,  1.0316]
3914,[602.1568, 21.2579,-31.0234,-24.5022],[-0.8627, 0.8094,-1.4983,-0.8512,-1.0545]
3920,[696.4607,-11.649 ,  7.2847,-28.0211],[ 0.6597, 2.2041, 0.8628, 0.6109,-0.1242]
3921,[710.5154,-13.041 , 14.4342,-27.056 ],[ 0.7594,-0.9814, 2.6183, 1.3117, 0.3597]
4820,[958.3722,-10.4191,  8.4152,-19.2984],[-0.1063, 0.2504, 0.0252, 0.0534, 0.495 ]
4900,[915.9923,  5.6682, -2.2935,-36.1657],[  1.5587,  2.1275,183.2914,  1.1108,  1.6883]
4901,[900.0744, -3.3967, 13.3518,-34.5191],[-1.5493,-3.2359,-1.1566,-2.0518,-1.5346]
4902,[926.1079,  7.1331,-12.7264,-37.1614],[-2.5556e-01, 5.2851e+01,-1.0388e+00,-4.5352e-01,-3.7770e-02]
4910,[886.9154, 10.9396, -9.1012,-33.6262],[ 0.8548, 0.287 ,11.5081, 1.4847, 0.6559]
4912,[878.2749, 11.007 ,-11.8391,-35.096 ],[ 1.2484,45.2061,-0.4487, 0.1598, 1.1256]
4920,[906.5144,-11.9379,  6.407 ,-31.4124],[ 0.0179, 0.8424,-0.5305,-0.0669, 0.1603]
4921,[909.8466,-11.7599, 11.5074,-29.3883],[ 0.5508,-0.3724, 5.5837, 1.406 , 1.2819]
5800,[ 1.1422e+03,-6.8023e-01,-5.4547e+00,-1.8954e+01],[-0.0406, 0.4581, 0.4093,-0.7122, 0.8848]
5801,[1188.065 ,  -5.5962,  10.9444, -18.856 ],[-0.5159,-0.8204,-0.131 ,-0.5915, 0.002 ]
5802,[1180.934 ,   5.6505, -12.0284, -19.1036],[-0.4655, 0.3695,-0.6953,-0.7179,-0.2504]
5810,[1132.3289,  11.9624,  -3.989 , -19.8477],[-0.0609,-0.3297, 0.3151,-0.2937, 0.3178]
5820,[1049.8631, -11.0171,   2.1925, -19.4777],[ 0.1601,-0.0768,-0.3006, 0.0554, 0.5077]
5821,[1028.6845, -11.1393,  10.6076, -19.3235],[ 0.0544,-0.511 , 0.6968,-0.5721, 0.8586]
5900,[1112.6425,   2.5847,  -4.0871, -29.5914],[  1.6073,  0.6882,  2.0092,  1.2986,209.2834]
5901,[1129.2557,  -5.9746,  11.6794, -29.3912],[-0.3917,-2.1948, 0.502 ,-1.2598,-0.229 ]
5902,[1101.0241,   6.389 , -11.819 , -30.1751],[ 2.5255e-03, 9.5786e+01,-1.6725e-01, 5.4958e-02, 1.1865e+00]
5910,[1090.8144,  10.864 ,  -6.9483, -29.5254],[ 1.5913,-0.6021, 2.2594,-0.9233,13.704 ]
5912,[1075.6007,  11.6591, -12.4694, -29.2219],[ 2.005 ,13.8272,-0.713 ,-0.3203, 4.1147]
5920,[1075.171 , -12.0358,   7.2737, -28.9876],[-0.5846,-0.4398,-0.8182,-0.2903,-0.1188]
5921,[1121.7601, -13.1163,  13.7914, -29.5698],[ 0.4981,-0.4475, 4.6312,-0.3478, 2.466 ]
6700,[ 1.3712e+03,-3.7827e-01, 1.2074e+00,-1.4265e+01],[ 0.355 ,-0.0491, 0.7459,-1.4118, 3.5149]
6701,[1377.1497,  -3.3077,  13.2198, -14.1414],[-0.9423,-1.9678, 0.5786,-1.5361, 0.9195]
6702,[1359.5445,   4.9096, -12.803 , -14.1746],[-0.9392,-0.5442,-1.6587,-1.4924, 0.9054]
6712,[1276.0264,  11.8121, -21.917 , -14.8559],[-0.5175,-0.2107,-0.9149,-1.1352, 0.7982]
6800,[ 1.3647e+03,-4.2172e-02, 9.4469e-01,-1.8181e+01],[ -9.1046, -9.8915, -9.3781,-11.0867, -8.603 ]
6801,[1368.2871,  -2.6999,  13.0934, -18.2367],[-0.8724,-2.7118, 0.4781,-2.7279,-0.5256]
6802,[1349.5777,   4.7518, -12.9665, -18.1236],[-7.8359,-6.9958,-8.1054,-8.8508,-7.1729]
6812,[1281.0134,  12.3247, -18.9282, -18.1723],[-1.5319,-0.1471,-1.9716,-1.9607, 0.3239]
6900,[ 1.2893e+03, 5.3428e-01,-2.5238e+00,-2.3766e+01],[ 0.3773, 0.6693,60.7286,-0.6686, 5.7673]
6901,[1323.2044,  -5.0153,  13.9792, -23.2954],[-0.9886,-1.3148,15.3304,-1.0508, 0.2132]
6902,[1265.2986,   5.5704, -11.6586, -25.0043],[-0.5596,55.5459,-1.136 ,-1.1602, 3.9059]
6910,[1272.1276,  12.1285,  -5.4505, -26.2869],[-0.4727,-2.0227, 0.2191,-1.8264, 1.8447]
6911,[1247.6412,  11.0712,  12.2928, -25.7516],[-0.8919,-1.2244,-0.1143,-1.0463,-0.6719]
6912,[1287.7728,  12.7057, -15.6995, -24.6459],[-1.4033, 2.6011,-1.9918,-2.6545, 2.0526]
6921,[1253.6576, -11.934 ,  16.7606, -26.6493],[-0.7542,-1.7391, 0.9173,-0.9934, 0.5038]
7422,[ 1.4853e+03,-2.5911e+01,-2.1293e+01, 5.9310e-01],[-3.3821,-3.    ,-5.5091,-4.4056,-1.7505]
7442,[ 1.5013e+03,-3.2793e+01,-1.6676e+01, 7.1408e-01],[-2.1084,-1.5225,-3.4423,-2.4186,-1.1537]
7500,[ 1.4811e+03,-9.0266e-01,-5.7255e+00,-4.3764e+00],[-1.104 ,-1.2486,-0.517 ,-2.0433,-0.0203]
7502,[1494.3677,  -7.1089, -21.2043,  -4.3408],[-1.7113,-0.6384,-3.7138,-3.0562,-0.3369]
7522,[1480.8021, -22.4747, -22.8315,  -2.7784],[-1.7007, 3.5991,-5.3753,-4.1228, 3.7922]
7524,[1507.8729, -10.6478, -30.1026,  -4.9822],[-3.6545,-3.46  ,-4.9304,-4.3023,-3.5985]
7542,[ 1.5129e+03,-3.5434e+01,-1.4304e+01,-3.2921e-01],[ -9.6898, -7.5282,-11.9412,-11.2512, -8.405 ]
7600,[ 1.4691e+03,-6.2923e-01,-3.3440e+00,-8.5488e+00],[-0.779 ,-1.8027,-1.8522,-2.3918, 0.7569]
7602,[1484.2117,  -6.2615, -22.1491,  -8.3568],[ -7.5029, -6.4927,-10.4152, -9.3297, -6.7127]
7604,[1508.7497,  -5.4313, -32.1719,  -8.0401],[-6.8213,-5.9696,-8.8863,-7.7833,-6.4443]
7622,[1475.3342, -14.2635, -25.5808,  -6.5975],[-4.5129,-3.4627,-7.9083,-6.4262,-3.6463]
7624,[1486.5661, -12.6392, -31.3529,  -7.6832],[-2.1112,-1.606 ,-4.7196,-3.0317,-1.7338]
7700,[ 1.4474e+03, 9.9384e-03,-2.6130e+00,-1.3227e+01],[-6.2171,-7.3175,-7.2576,-7.7582,-5.0505]
7701,[1425.1442,  -2.0795,  12.8806, -13.6292],[-2.7763,-3.1071,-1.4163,-2.9723,-1.7183]
7702,[1472.2255,  -1.7966, -18.0784, -12.0519],[-11.5224, -9.5012,-13.5839,-13.2213,-10.7295]
7704,[ 1.5208e+03, 8.3415e-01,-3.3607e+01,-1.2195e+01],[-4.6746,-3.5944,-6.3681,-5.3187,-4.5971]
7712,[1449.4261,  11.9503, -29.6345, -14.4496],[-0.2287, 0.7843,-1.7597,-1.5575, 0.3719]
7800,[ 1.4237e+03, 1.0317e+00,-6.9233e-01,-1.6730e+01],[-23.3029,-23.1273,-23.3071,-24.3256,-22.7988]
7801,[1417.2937,  -1.4943,  13.5393, -17.0224],[-3.7696,-4.5399,-2.3961,-4.3022,-3.4168]
7802,[1449.4863,   3.4329, -14.7055, -16.5581],[-13.2817,-12.6765,-14.5674,-14.3046,-13.0154]
7804,[1447.7964,   8.7121, -30.2707, -16.8066],[-0.5882,-0.2259,-2.0528,-1.1873,-0.4038]
7810,[1464.6655,  10.5775,  -7.4652, -19.4824],[-0.9057,-1.2443,-0.5724,-1.4636,-0.4369]
7812,[1475.3991,  13.2265, -21.7038, -18.1628],[-1.6326, 0.1313,-2.3161,-1.8907, 0.4951]
7814,[1515.4547,  11.1056, -31.1138, -15.6819],[-1.4975, 0.3707,-2.5491,-1.3905,-0.3875]
7900,[ 1.4176e+03, 5.1137e+00,-5.2122e-01,-2.0896e+01],[-3.3711,-3.3183,-3.2769,-4.1004,-3.1659]
7901,[ 1.4171e+03, 7.8903e-01, 1.6009e+01,-2.2503e+01],[-2.191 ,-2.1122,-0.1834,-2.4926,-1.0602]
7902,[1424.1964,   7.4088, -14.6992, -20.7986],[-2.1292,-1.9434,-3.0416,-3.0495,-2.0314]
7910,[1454.0017,  14.2356,  -6.874 , -22.4577],[-1.1181,-1.1672,-0.8154,-1.4348,-0.4616]
7912,[1439.0594,  13.6313, -20.2479, -21.6834],[-0.945 , 0.3233,-1.9751,-2.0753,-0.6047]
