100,[188.9207, -3.5416, -0.9821, 15.1765],[0.7193,0.5255,1.4252,0.8128,0.3995]
102,[198.6983,  3.1534,-12.5038, 15.3842],[0.0672,0.6121,0.159 ,0.268 ,0.4493]
200,[179.245 , -2.275 ,  0.9934, 11.2934],[0.44  ,0.662 ,1.3271,0.3479,0.7034]
201,[171.2013, -8.6596, 11.3601, 11.0019],[-0.0511, 0.093 , 0.6999, 0.2683,-0.2237]
202,[179.9786,  6.4393,-13.4375, 11.5253],[ 0.2147, 1.2141,-0.4731, 0.3511, 0.1462]
212,[181.9379, 15.7441,-20.2846, 11.4745],[0.7434,1.5197,0.4123,0.9225,0.6478]
214,[193.3011, 22.6552,-32.3394, 11.7097],[-0.099 , 1.508 ,-0.0418, 0.6354, 0.2736]
220,[158.57  ,-12.1771,  5.0909, 11.8219],[ 0.0511, 1.4756,-0.205 ,-0.2173, 0.052 ]
221,[176.4686,-17.5643, 18.0817, 11.0317],[0.6421,0.7949,0.7504,0.9012,1.2256]
223,[196.9691,-28.4174, 32.2497, 10.4801],[ 0.1779,-0.251 , 0.2695, 0.3479, 0.3915]
241,[194.71  ,-31.5342, 24.2893, 11.9195],[ 0.2812, 1.0736,-0.0847,-0.0233, 0.2822]
243,[186.285 ,-35.7836, 38.2706, 10.7313],[0.9902,0.7341,1.2154,0.4788,0.6419]
300,[171.9678, -2.0209,  1.0889,  6.9937],[ 0.2512,-0.2397, 0.0838, 1.3853,-0.2154]
301,[170.2792, -7.4686, 12.888 ,  6.922 ],[-0.6118,-0.8643, 1.274 ,-0.164 ,-0.5293]
302,[179.582 ,  5.9841,-13.7154,  7.0149],[-0.2722, 0.7075,-0.8962, 0.2846,-0.4076]
310,[175.3145, 12.8875, -6.7768,  6.6007],[ 0.1319,-0.7365, 0.9289,-0.5381,-0.1592]
312,[171.5434, 17.8626,-19.6817,  6.4335],[1.5369,0.7956,0.154 ,1.373 ,0.6363]
314,[178.345 , 26.1359,-33.7874,  6.9047],[ 0.6799, 1.078 ,-0.4136, 0.4735,-0.4051]
320,[175.27  ,-12.7952,  6.1756,  6.7005],[-4.8023e-01, 1.5755e+00,-1.5210e+00,-4.1922e-04,-2.5060e-01]
321,[169.5583,-17.9974, 19.2527,  6.9231],[1.0556,0.1448,1.6312,2.2344,0.7871]
322,[166.5884,-11.062 ,-12.7336,  6.6485],[-0.2089,-0.0068,-0.4291,-0.2875,-0.6534]
323,[179.3028,-26.9612, 33.4734,  6.7655],[ 0.1001,-0.5206, 0.5698, 0.4973,-0.1609]
330,[195.3007, 30.1531, -6.3746,  6.381 ],[0.0789,0.0073,0.101 ,0.2716,0.    ]
332,[162.3606, 32.6467,-27.3371,  6.1322],[-0.4105,-0.323 , 0.5713, 0.161 ,-0.1412]
334,[180.8717, 35.7933,-37.912 ,  6.8308],[1.5792,2.1777,0.0292,1.6598,0.2218]
336,[188.1992, 42.3623,-54.0079,  5.5986],[ 0.4735, 0.9406,-0.4322, 0.5457, 0.1886]
341,[176.0502,-33.3248, 25.7618,  6.972 ],[-0.5194, 0.719 ,-0.4969, 0.5068,-0.089 ]
343,[167.5409,-35.9009, 39.2115,  6.8992],[0.6144,0.0721,1.265 ,2.5896,0.1536]
345,[163.0917,-46.4155, 53.306 ,  5.9301],[-0.0342, 0.153 , 0.381 , 0.3563, 0.2401]
363,[137.0919,-51.5621, 45.9206,  5.9139],[-0.1049, 0.689 ,-0.5439,-0.2366,-0.3188]
365,[182.1136,-54.5803, 59.5605,  5.9621],[ 0.597 ,-0.0026, 0.6463, 1.5162,-0.1975]
400,[163.2583, -1.7638,  1.739 ,  2.3417],[ 0.5409, 1.7329, 1.779 , 1.3054,-0.8111]
401,[158.913 , -7.0004, 13.5707,  2.2147],[-0.3507,-1.1647, 0.808 ,-0.3754,-0.4964]
402,[171.8299,  5.2453,-13.7553,  2.7372],[-0.5173, 0.6795,-1.1416, 0.3402,-0.4451]
410,[165.5274, 13.7029, -5.6173,  2.5945],[-0.534 ,-0.5506, 0.8886,-0.2381,-1.175 ]
412,[159.5601, 18.9869,-18.8665,  2.3482],[ 0.1439, 1.8974, 0.6258, 2.7869,-0.4627]
414,[163.7308, 26.3734,-33.8128,  2.5553],[-0.4249, 1.2456,-0.4087, 0.7447,-0.6302]
420,[168.0332,-13.5617,  5.0975,  2.3018],[-0.2667, 2.4491,-0.7745,-0.6253,-1.1541]
421,[163.0935,-17.3458, 19.4779,  2.4696],[ 1.576 ,-0.1907, 1.7534, 4.1763,-0.1946]
422,[197.3273,-11.4242,-11.775 ,  1.1137],[-0.063 , 0.1744,-0.5447,-0.5759,-0.1139]
423,[167.4147,-26.1695, 33.2495,  2.67  ],[-0.221 ,-0.3904, 1.0076, 0.2064,-0.771 ]
432,[176.7628, 33.8916,-24.2625,  1.8959],[-0.0404,-0.4827, 0.8659,-0.3207,-0.3809]
434,[172.1308, 37.4559,-40.4298,  2.2587],[ 0.8897, 1.344 ,-0.2932, 2.063 ,-0.344 ]
436,[181.5943, 43.2903,-53.5519,  3.1084],[ 0.1686, 0.7724,-0.0983, 0.3888,-0.4392]
441,[176.0773,-33.4318, 24.8575,  2.275 ],[-0.51  , 0.4963,-0.77  ,-0.3605,-0.5747]
443,[169.9406,-36.2334, 39.6492,  2.4425],[ 0.7286,-0.5586, 1.6714, 1.3617,-1.0666]
445,[168.1359,-45.2995, 53.6183,  2.2365],[ 0.4765,-0.2828, 0.5575,-0.0887,-0.4096]
463,[146.8964,-51.9783, 48.1028,  1.2568],[-0.5111,-0.1072,-1.1217,-0.5315,-0.5575]
465,[162.9643,-55.3613, 60.903 ,  2.8044],[ 0.3751,-0.4288, 0.7112, 1.3044,-0.8367]
500,[157.53  ,  0.3507,  1.2038, -2.4307],[ 1.1444, 2.0798, 0.3065, 3.0994,-0.9951]
501,[160.6489, -6.2272, 13.8053, -2.4548],[-0.5245,-0.8368, 2.0636,-0.6265,-1.0226]
502,[166.117 ,  5.7841,-14.2372, -2.4981],[-0.1171, 0.6126,-0.4141, 0.0976,-0.9589]
503,[180.1006, -7.2342, 30.0789, -1.8153],[ 0.0145,-0.0988, 0.0723, 0.0504, 0.0486]
510,[157.9415, 13.3255, -5.353 , -2.8195],[-0.9029,-0.548 , 0.8015,-0.1024,-0.5383]
512,[158.7001, 18.6888,-18.1621, -2.5161],[ 0.989 , 1.2282, 0.2647, 1.7314,-0.8365]
514,[165.4822, 25.0918,-34.2674, -2.2414],[-0.4346, 1.8289,-0.2843,-0.2601,-0.6981]
520,[160.2707,-13.6157,  5.6743, -2.2401],[-0.3887, 1.2576,-0.832 , 0.5331,-0.7264]
521,[160.7184,-17.5687, 19.7361, -2.2642],[ 0.5064,-0.4752, 0.205 , 6.9778,-0.4502]
523,[167.2514,-25.1857, 33.8848, -2.1154],[-0.5749,-0.7441, 0.9378, 0.3415,-0.8419]
525,[179.6724,-29.2998, 50.1664, -1.6012],[-0.0495,-0.1509, 0.0008,-0.0783, 0.0952]
532,[164.2578, 33.0987,-25.3349, -2.4635],[-0.1794,-0.2537, 0.3002,-0.1325,-0.5413]
534,[165.4582, 38.0447,-38.3776, -2.4483],[-0.12  , 0.9096,-0.3479, 2.2368,-1.1592]
536,[187.8789, 42.787 ,-54.0264, -2.1237],[-0.0596, 0.7032, 0.1248, 0.7044,-0.6247]
541,[169.6789,-34.0403, 23.6833, -2.1911],[-0.4459, 0.4229,-0.7642,-0.0914,-1.2165]
543,[166.256 ,-37.7558, 41.0541, -2.2821],[ 0.131 ,-0.8556, 0.7474, 0.387 ,-1.4487]
545,[176.4007,-44.4281, 53.4268, -2.0889],[-0.3023,-0.4788, 0.5425, 0.5863,-0.7126]
554,[155.8908, 52.4533,-45.5697, -3.9548],[ 0.0542,-0.2925,-0.0626, 0.0952,-0.3857]
563,[161.7038,-57.0257, 42.4337, -3.9382],[-0.7262,-0.1421,-1.0747,-0.4724,-1.0809]
565,[159.772 ,-53.9194, 58.5585, -2.4342],[-0.2727,-0.8189, 0.0576, 0.9668,-1.352 ]
600,[ 1.6617e+02, 2.6233e+00,-9.1562e-02,-7.3828e+00],[-0.4893,-0.8252,-0.4444, 1.5   ,-1.7869]
601,[168.7969, -6.6886, 13.678 , -7.2258],[ 0.2713,-1.1309, 1.4683, 0.3416,-0.9336]
602,[162.9147,  6.2816,-14.4743, -6.4068],[-0.1948, 0.4406,-1.4207, 0.4031,-0.6178]
610,[171.2363, 13.3338, -5.7235, -7.3397],[-0.6756,-1.04  , 1.7417,-0.3634,-0.6858]
612,[169.2803, 19.2   ,-17.1132, -7.3828],[-1.7023, 0.5939,-0.8097, 0.4302,-2.2877]
614,[175.7029, 25.001 ,-34.3825, -6.8247],[-0.1704, 0.0035,-0.4932, 1.001 ,-0.6452]
620,[167.2771,-15.4701,  4.5648, -6.8894],[-0.4201, 1.016 ,-1.3515,-0.2874,-1.1741]
621,[165.6056,-17.3331, 20.1663, -7.0632],[-0.6175,-1.6238,-0.4778, 3.2027,-1.7146]
623,[171.417 ,-25.1362, 34.6739, -7.588 ],[-0.4957,-0.3336, 0.5081, 0.7293,-1.006 ]
632,[160.9213, 32.7873,-26.2498, -7.3761],[-0.1803,-0.8255, 0.302 ,-0.2707,-0.8522]
634,[172.1757, 38.6207,-37.0067, -7.3823],[ 0.3401, 0.5096,-1.1804, 1.3081,-1.2542]
636,[194.9558, 36.4203,-50.83  , -5.7194],[-0.0265, 0.3909,-0.4906, 1.0861,-0.1578]
641,[161.5885,-33.6663, 23.7541, -6.9674],[-0.3646, 0.349 ,-1.0761,-0.0669,-1.1592]
643,[177.4245,-36.982 , 40.2628, -7.1252],[-0.4873,-1.5176,-0.2824, 1.6244,-1.6638]
645,[176.4293,-43.065 , 55.5976, -7.1302],[-0.2212,-0.503 , 0.5997, 1.3806,-0.4341]
654,[195.5466, 50.1732,-46.4348, -9.1014],[-0.0899,-0.2672,-0.5358,-0.1029,-0.6321]
656,[181.3612, 53.6744,-52.2696, -7.1996],[-0.5458,-0.0333, 0.0094, 2.7872,-1.1561]
665,[185.7475,-52.3652, 64.4195, -6.3704],[-0.8429,-1.0376,-0.2714, 1.5641,-1.8344]
667,[186.7052,-53.5671, 70.2733, -5.3248],[-0.0027,-0.0988, 1.2427, 0.6964,-0.4806]
700,[180.4591,  3.1194,  0.2995,-11.7263],[-3.3265,-2.9492,-2.2863,-1.4505,-4.1615]
701,[177.3081, -5.5932, 14.8359,-11.8362],[-0.1426,-0.6909, 0.1007, 1.2476,-0.8928]
702,[192.7721,  9.4554,-11.0215,-11.9109],[-0.4931, 0.0937,-0.7192, 0.2385,-0.7868]
710,[185.3348, 12.6409, -6.0654,-11.7253],[-0.9912,-1.0412, 0.239 , 0.2866,-1.5206]
712,[179.0206, 19.5774,-17.7573,-11.6613],[-2.8968,-2.4303,-3.0297,-2.297 ,-4.0022]
714,[184.8239, 29.2813,-30.8698,-10.9477],[-0.1109, 0.766 ,-0.582 , 0.119 ,-0.5625]
720,[161.2994,-14.7435,  5.2751,-10.569 ],[-0.1423,-0.1686,-0.8229,-0.3194,-0.7898]
721,[176.104 ,-16.7992, 20.9318,-11.846 ],[-1.6541,-2.0097,-0.988 , 0.2637,-2.8002]
723,[177.3499,-22.5696, 35.2293,-11.4651],[-0.6698,-0.109 , 1.2205, 0.7676,-1.2785]
732,[183.5116, 32.5892,-26.8134,-11.1213],[-0.5843,-0.858 ,-0.726 ,-0.6313,-1.3515]
734,[175.6239, 39.0384,-37.5415,-11.8038],[-1.2067, 0.4551,-2.2165,-0.7786,-2.5985]
741,[195.8687,-30.8643, 23.4549,-10.7028],[-0.4006, 0.2536,-1.0263,-0.0097,-1.1388]
743,[184.2603,-37.8752, 41.0819,-11.6845],[ 0.1172,-1.5872,-0.807 , 0.4052,-2.1987]
745,[186.1469,-39.8406, 55.3904,-10.9958],[ 0.3956,-0.1768, 0.3892, 1.3441,-0.807 ]
800,[187.8104,  3.0008,  1.7912,-16.0616],[-6.1959,-6.1888,-6.1237,-5.6506,-6.8516]
801,[185.1874, -6.5797, 13.9959,-16.1925],[-0.193 ,-0.4641,-0.6861, 1.2574,-0.7338]
810,[192.122 , 12.3814, -5.1527,-16.2194],[-1.2781,-1.045 ,-0.6246,-0.9655,-1.7332]
812,[174.2377, 19.2062,-16.5548,-16.6606],[-5.1169,-4.5019,-4.5781,-4.1852,-5.8008]
814,[197.4801, 29.9521,-32.0272,-16.3579],[-0.0799,-0.0482,-0.0931,-0.1499,-0.3749]
821,[187.5955,-19.784 , 23.2007,-15.7119],[-2.2245,-1.748 ,-2.0279,-1.1364,-2.938 ]
834,[192.4938, 38.1907,-39.5063,-15.7118],[-0.6193,-2.1832,-2.4991,-0.359 ,-2.7179]
1100,[285.3096, -7.1442,  1.8362, 15.6945],[0.7649,1.0807,0.9809,0.2478,3.0306]
1102,[214.4777,  4.8176,-16.4218, 15.8568],[ 0.4638, 1.3708,-0.0463,-0.0581, 0.4157]
1112,[250.074 , 13.7233,-21.1211, 16.3278],[1.3108,1.5568,0.6339,0.9981,2.3036]
1114,[316.1893, 26.8208,-31.1092, 15.3556],[ 0.2669, 1.2165,-0.0334, 0.2396, 0.7554]
1120,[290.2139,-13.6789,  4.4663, 15.3123],[ 0.2424, 2.356 , 0.0956,-0.0966, 1.6913]
1121,[311.572 ,-18.2464, 16.2277, 15.3321],[ 1.0743, 1.7887, 1.6693,-0.3292, 3.7341]
1123,[331.4037,-23.269 , 30.0294, 15.1813],[ 0.3868, 0.0644, 0.4895,-0.2194, 0.8895]
1200,[ 3.0541e+02,-2.8558e+00, 2.6587e-01, 1.1101e+01],[3.1483,1.9471,1.4953,1.196 ,8.797 ]
1201,[314.9188, -7.9177, 12.0804, 10.7191],[ 1.6887,-0.9113, 1.2335, 0.1107, 0.6934]
1202,[302.4397,  5.6173,-13.6545, 11.0583],[ 0.3334, 4.2644,-0.8597,-0.396 , 1.768 ]
1210,[304.3693, 15.0924, -3.1127, 11.0902],[ 0.1187,-1.0272, 1.3084,-0.3677,-0.0413]
1212,[278.4923, 16.5018,-19.1346, 11.234 ],[1.2616,2.2729,0.3174,0.2173,5.8936]
1214,[248.711 , 25.7937,-33.7642, 11.9124],[ 1.1906, 4.4429,-0.1077, 0.8735, 0.7504]
1220,[302.754 ,-13.9316,  4.406 , 11.9989],[ 0.4227, 3.8889,-0.8659, 0.1836, 2.5871]
1221,[280.6456,-20.2212, 18.4491, 11.7581],[ 2.1103, 1.856 ,14.7139, 0.5452, 4.7658]
1223,[278.518 ,-27.0083, 32.7465, 11.3828],[ 0.9032,-0.8142, 2.7849,-0.4894, 1.1621]
1232,[307.3735, 34.7532,-21.9433, 11.1662],[ 0.5426,-0.0306, 2.0508,-0.0081, 0.5263]
1234,[303.6304, 37.8514,-39.4923, 10.9878],[1.127 ,3.5775,0.2115,0.8968,4.4918]
1240,[286.1031,-31.5075,  7.8337, 12.6433],[-0.2965,-0.8507,-1.2211,-0.6604,-0.7486]
1241,[310.8625,-34.6771, 23.7051, 11.4579],[ 0.5252, 6.0217,-0.1034, 0.4046, 0.9217]
1243,[299.126 ,-39.2975, 38.5389, 11.2099],[ 2.2128,-0.4413, 4.5384, 1.5718, 2.6838]
1245,[236.4241,-49.3574, 52.1235, 10.2951],[ 0.0782,-0.4863, 1.635 , 1.1835, 0.0085]
1254,[371.814 , 51.51  ,-44.0134, 10.5103],[0.4538,0.4417,0.5992,0.9492,0.6267]
1256,[339.447 , 52.9543,-54.5584, 10.552 ],[ 0.99  , 3.4045,-0.4443, 0.6511, 1.5476]
1261,[314.1526,-50.4434, 26.1111, 10.6175],[-0.6487, 0.1578,-1.5585,-0.4204,-0.6362]
1263,[328.8645,-52.9751, 44.7624, 10.6393],[2.5667,1.2878,0.1918,0.5579,1.1088]
1265,[330.9592,-53.433 , 55.261 , 10.4864],[1.858 ,0.2439,3.5656,0.8105,1.4842]
1300,[ 3.4667e+02,-7.7312e-01, 1.5180e-01, 6.7710e+00],[63.2289, 1.7944, 1.8894, 1.1133, 1.0613]
1301,[352.8623, -6.8781, 11.9788,  6.6715],[ 0.4628,-0.3971,20.3579,-0.0289, 0.7507]
1302,[346.8996,  6.7131,-11.9193,  6.7807],[-1.4021e-02, 2.7078e+01,-5.8080e-01, 4.9367e-01, 1.1267e+00]
1310,[344.6776, 12.4373, -6.8963,  6.0836],[ 0.0408,-0.5463, 2.826 ,-0.607 , 0.7441]
1312,[328.9235, 14.9234,-16.7331,  6.4864],[3.7461,6.7356,0.3468,1.1295,7.2406]
1314,[272.8221, 25.5635,-34.1626,  6.9496],[ 0.2383, 7.3417,-1.1607, 2.5713, 3.5581]
1320,[322.9489,-13.202 ,  5.5482,  7.1218],[ 1.2263, 7.6484,-0.6894, 0.0135, 0.5728]
1321,[314.0999,-16.8016, 17.4413,  7.1908],[ 4.5765, 0.8458,27.7391, 2.972 , 1.3807]
1322,[234.6056,-13.3303,-13.8615,  5.3739],[-1.3639,-1.2498,-1.6026,-1.2465,-0.8042]
1323,[258.1835,-26.2456, 33.5955,  7.4943],[ 3.4971,-1.1183, 0.0381, 0.9186,-0.1958]
1330,[310.8109, 36.3806, -6.6623,  6.2046],[ 0.0435,-0.4699, 0.3685,-0.5366,-0.0159]
1332,[300.7729, 35.1054,-23.6407,  7.5731],[-0.1262,-0.2328, 0.079 ,-0.5073,-0.5692]
1334,[287.9242, 37.4631,-38.8101,  7.3481],[ 0.845 ,10.0034, 0.4726, 0.727 , 0.784 ]
1336,[266.6083, 46.1988,-55.3623,  6.6898],[0.4347,6.8398,0.0105,0.8665,3.2883]
1340,[263.7795,-31.6486,  9.4455,  6.1183],[-1.7543,-0.5494,-2.1104,-1.5205,-1.7005]
1341,[295.5895,-34.483 , 23.9572,  7.4665],[ 0.3449, 1.803 ,-0.9544, 0.2541,-0.0385]
1343,[274.3798,-38.5332, 39.5475,  7.4296],[ 4.6835,-0.2333, 7.1169, 2.5279, 1.0542]
1345,[307.2893,-44.8809, 53.2649,  7.0184],[ 0.0951,-0.7689, 5.451 , 0.0796, 1.1319]
1352,[261.9861, 51.9561,-29.2734,  6.5598],[ 0.1831,-0.4372, 0.2681, 0.1579, 0.2532]
1354,[314.6219, 52.8768,-44.0441,  7.0359],[ 0.1963, 0.2101,-0.0554, 0.0319,-0.0613]
1356,[317.6297, 54.1054,-57.2206,  6.637 ],[ 1.2145, 3.5638,-0.1001, 3.0028, 0.7137]
1361,[294.1552,-52.128 , 28.4003,  7.3671],[-1.1456,-0.3905,-1.8682,-1.2306,-1.0505]
1363,[324.6608,-54.3385, 43.9794,  7.3486],[0.6019,0.6189,0.8251,0.1931,0.0336]
1365,[313.0944,-56.1346, 58.2683,  7.2255],[ 2.9567,-0.2094, 8.861 , 1.2746, 0.1042]
1367,[349.1853,-62.5699, 70.4704,  5.9744],[ 0.3073,-0.5942, 1.6859, 0.0975, 0.9183]
1400,[364.2677, -1.4153,  1.3103,  2.6738],[103.9019,  1.2394,  1.8753,  0.7435,  1.5067]
1401,[369.5117, -7.7981, 11.8633,  2.9936],[ 0.7309,-0.6423,33.6073, 0.4793, 1.6596]
1402,[366.5371,  7.0356,-12.2265,  2.8485],[ 2.6024e-02, 3.1010e+01,-7.4238e-01, 2.2671e+00,-3.4507e-02]
1410,[352.617 , 11.6859, -7.4772,  2.5565],[ 0.2159,-0.7597, 1.5682,-0.2769, 0.3447]
1411,[243.2142, 10.552 , 13.7403,  2.9521],[ 0.0401,-0.4597,-0.1895,-0.2993,-0.2471]
1412,[355.9528, 13.7066,-15.1227,  2.4608],[ 1.0901,59.2748, 0.4567, 1.6147, 1.1283]
1414,[269.2678, 26.1869,-32.9887,  2.6568],[ 0.8792, 6.4334,-0.4012, 0.5776,-0.1309]
1420,[366.0839,-11.2632,  8.3085,  1.9699],[ 1.1071,59.9989,-0.0618, 1.229 , 0.12  ]
1421,[362.7149,-12.8874, 13.6007,  2.1001],[ 2.3995, 0.735 ,64.4703, 0.8763, 1.0983]
1422,[233.6351,-20.3963,-10.3081,  4.8262],[-0.6211,-0.8602,-1.3545,-0.7085,-1.2592]
1423,[259.4369,-25.8566, 33.8103,  2.5224],[ 0.5256,-1.0169, 2.9011, 2.1047,-0.72  ]
1430,[254.1389, 32.9178, -7.9799,  2.3639],[-0.1045,-0.3399, 0.427 , 0.0365,-0.0457]
1432,[280.4182, 34.8863,-23.7431,  2.8089],[-0.9744,-1.3772,-0.6405,-0.7723,-1.1463]
1434,[273.8351, 38.0182,-40.1789,  3.0781],[2.2502,4.6701,0.236 ,2.0139,0.9968]
1436,[270.4858, 45.8346,-54.8831,  2.3613],[ 1.7243, 6.7179,-0.7833, 0.1844, 0.9287]
1440,[260.8483,-31.0314,  6.0256,  2.8188],[-0.7216,-0.2162,-0.7149,-1.298 ,-1.3962]
1441,[277.0712,-34.4752, 24.0268,  2.7763],[-0.171 ,-0.6504,-1.0161,-0.1179,-1.1057]
1443,[272.4245,-39.0806, 39.7787,  2.4872],[ 1.0941,-0.0879, 8.6638, 1.5589, 0.7207]
1445,[268.3373,-45.4341, 54.0028,  2.5595],[-0.1046,-1.0202, 1.7994, 1.9872, 0.2432]
1452,[297.3893, 52.5305,-25.5192,  3.4096],[0.0629,0.0778,0.3525,0.1598,0.2435]
1454,[288.09  , 55.3948,-44.2412,  2.9349],[-0.1884, 0.3177, 0.2269, 0.078 ,-0.6841]
1456,[301.0541, 57.1669,-59.1653,  2.4643],[ 1.7734, 2.9379,-0.2579, 2.1346,-0.517 ]
1458,[375.7406, 62.3034,-71.4665,  1.9635],[-0.3924, 5.2415, 0.2288, 1.0951, 0.3773]
1461,[338.3739,-50.8762, 24.8333,  4.8004],[-0.5558,-0.1844,-0.9937,-1.1965,-1.0199]
1463,[301.9515,-53.671 , 44.6981,  2.5464],[-0.0386, 1.0831,-0.3156, 1.616 ,-0.1259]
1465,[307.2808,-57.15  , 59.5866,  2.3903],[ 2.1583,-0.1914, 1.919 , 7.1661, 0.0222]
1467,[339.0145,-66.0972, 73.8049,  1.744 ],[ 0.2404,-0.3437, 4.7715, 0.6642, 0.5874]
1476,[345.0155, 71.6605,-65.0201,  1.9941],[-0.1968, 0.0617, 0.0723, 0.693 ,-0.25  ]
1478,[356.441 , 73.9259,-72.7942,  0.8962],[ 0.5395, 4.2243, 0.0753, 1.7999,-0.2102]
1487,[386.3916,-73.0244, 79.7789,  1.3749],[ 0.3622,-0.1222, 3.061 , 3.26  ,-0.4612]
1500,[362.7646,  1.8364, -0.7266, -2.3137],[-0.0667, 2.1009, 4.2068,-0.3325,-0.7988]
1501,[361.5753, -5.5539, 13.3303, -2.2929],[-7.2239,-8.0412,-5.725 ,-6.6853,-7.3039]
1502,[363.1296,  7.5375,-12.4014, -2.2046],[-0.6586, 3.805 ,-1.3791,-0.0989, 0.1864]
1510,[370.3839, 11.1105, -8.0177, -2.8577],[ 1.251 ,-0.3968, 2.2732, 7.3149,-1.0478]
1512,[361.6182, 12.4225,-13.4566, -2.3699],[ 0.7882, 3.789 , 0.0241,21.9613, 1.4067]
1514,[297.5712, 24.7274,-33.6006, -1.3872],[ 0.3454, 4.0969,-0.5644, 1.5761,-0.6102]
1520,[366.826 ,-11.3589,  8.4267, -2.2003],[ 0.1408,41.4151,-0.1421, 1.0843,-0.2623]
1521,[367.9325,-13.3517, 14.1605, -2.4975],[ 3.6582, 0.6048,68.7733, 1.3617, 0.1517]
1523,[297.9658,-25.2331, 33.1687, -2.3412],[ 0.3082,-0.5477, 8.2633, 0.8618, 0.6074]
1532,[248.2307, 33.5449,-25.1971, -2.722 ],[-0.9132,-0.8238,-0.676 ,-0.2734,-1.0537]
1534,[246.1018, 39.1744,-38.779 , -2.8325],[ 1.3608, 3.6166,-0.1544, 1.5822,-0.1986]
1536,[261.154 , 46.0901,-53.8962, -2.4779],[ 0.894 , 2.1025,-0.6526, 1.5811, 0.5978]
1541,[285.5765,-34.2253, 24.8814, -2.1622],[-0.3024,-0.2028, 0.8128,-0.578 ,-0.636 ]
1543,[271.2233,-38.1538, 40.2434, -2.3306],[ 2.1091,-0.3247, 5.2149, 5.657 , 0.1459]
1545,[271.0174,-46.3543, 54.5104, -2.8669],[ 1.4129,-0.8574, 2.3451, 1.1187,-0.2133]
1554,[284.0955, 52.6382,-46.0639, -2.4015],[ 0.1067, 0.1443, 0.4255, 0.6282,-0.1557]
1556,[297.6114, 56.5562,-60.6542, -2.3483],[ 1.7241, 4.1828,-0.1895, 3.0237,-0.096 ]
1558,[362.0356, 67.5232,-73.7083, -2.8603],[ 0.3893, 3.612 ,-0.6554, 3.084 ,-0.0502]
1563,[300.6268,-53.9666, 44.5545, -2.0365],[-0.1093, 0.0549,-0.0305, 1.3233,-0.7346]
1565,[300.6287,-55.6186, 60.8316, -2.2081],[ 3.8906e-01,-6.0109e-03, 7.9455e+00, 2.2279e+00,-4.8915e-01]
1567,[309.587 ,-63.539 , 74.3222, -2.3118],[ 1.0802,-0.3098, 6.9365, 1.1353, 0.1441]
1576,[ 3.8929e+02, 7.0185e+01,-6.9059e+01,-2.9534e-01],[ 0.1595, 0.0769, 0.0014, 0.4046,-0.4297]
1578,[358.9601, 72.6672,-75.6754, -2.4737],[ 0.6617, 0.9081,-0.3231, 2.9368,-0.3149]
1587,[362.7503,-71.3846, 80.3778, -1.4368],[ 1.016 ,-0.5029, 1.6262, 2.3086,-1.001 ]
1600,[368.7186,  1.6071, -0.5974, -6.2872],[ 0.7914, 0.944 , 7.8777,15.7266, 0.0167]
1601,[367.9894, -6.8919, 13.2114, -6.367 ],[-1.3084,-2.4351, 0.2696,-0.7592,-1.8929]
1602,[379.1375,  7.6424,-12.4585, -6.5898],[-0.2727, 6.0036,-0.6089, 0.0062,-0.5432]
1610,[378.8439, 11.2977, -8.0231, -6.9827],[ 0.7117, 1.5808, 3.8669, 8.2076,-0.4093]
1611,[362.4269, 10.1903, 11.4119, -5.4709],[ 0.139 ,-0.0537, 0.1882, 0.2349, 0.274 ]
1612,[370.2114, 12.8064,-13.1353, -7.092 ],[-0.1483,11.281 , 0.1344,10.3812, 0.2204]
1614,[253.516 , 28.1335,-32.5621, -8.5663],[ 1.7398, 0.4265,-0.5966, 2.0046,-0.0634]
1620,[380.8594,-11.7761,  8.3133, -6.6549],[-0.1003,19.512 , 0.2124, 2.3761,-0.8138]
1621,[376.9881,-14.0495, 14.98  , -6.7847],[ 0.4234, 0.0862, 5.4948,43.8137,-0.2117]
1623,[272.1281,-26.4126, 34.2551, -7.8493],[ 0.4122,-1.0022, 1.4414, 1.2668,-0.5242]
1632,[246.9391, 32.9657,-27.2785, -7.5588],[ 0.4935,-0.6155,-0.0733, 0.2588,-0.1039]
1634,[249.4343, 37.6623,-38.2402, -7.5657],[ 0.1917, 1.6361, 0.055 , 4.3041,-0.4036]
1636,[270.7812, 45.8792,-54.0065, -7.1051],[ 0.7074, 2.1567,-0.3364, 1.0783,-0.9655]
1641,[268.9517,-34.6832, 24.6575, -7.3897],[ 0.0539, 0.3414,-0.3351, 0.9064,-0.6547]
1643,[266.9967,-37.4187, 40.8172, -7.5288],[ 0.5049,-0.0324, 2.4603, 6.2095,-0.1671]
1645,[269.2201,-44.2878, 55.2091, -7.0895],[ 0.5425,-0.768 , 3.089 , 0.828 ,-0.4279]
1654,[275.5903, 51.6978,-47.2818, -6.9587],[ 0.2108, 0.2451, 0.3692, 0.5303,-0.0203]
1656,[293.1519, 54.928 ,-59.1139, -7.3674],[ 1.2557, 0.5761, 0.1107, 2.8376,-0.6385]
1658,[330.188 , 64.4885,-74.1186, -6.8587],[ 0.5826, 3.2107,-0.4887, 1.674 ,-0.8994]
1663,[295.4223,-55.8127, 47.1406, -6.0889],[ 0.2848,-0.0419,-0.1328, 0.5576,-0.6244]
1665,[302.3257,-55.6952, 61.3693, -7.1877],[ 0.4476,-0.2973, 3.9544, 4.8291,-0.5904]
1667,[280.4354,-61.3509, 73.6644, -6.8736],[ 0.3212,-0.69  , 2.3391, 4.9553,-0.1874]
1678,[328.5474, 70.6163,-77.0165, -5.9466],[ 0.4224, 0.8479,-0.5623, 1.3348,-1.039 ]
1700,[260.3156,  4.3793, -0.6922,-12.5489],[-1.8308,-1.7093,-1.1087,-0.7172,-2.5319]
1701,[253.8676, -5.3521, 15.1682,-12.7948],[-1.345 ,-1.7046,-0.3817,-0.8506,-2.1729]
1702,[344.8804,  7.3052,-13.7372,-11.3955],[ 0.082 , 3.5452, 0.1191,-0.2133,-0.5877]
1710,[272.1848, 12.1179, -6.971 ,-12.7746],[-0.4417, 0.2969, 1.6696, 1.0068,-1.4096]
1712,[261.6451, 18.9918,-18.6983,-12.7238],[-4.4634,-3.3731,-4.7993,-2.427 ,-5.1349]
1714,[258.0247, 27.8612,-32.0154,-12.5974],[-0.1822, 2.9097,-0.2335, 0.751 ,-0.1028]
1720,[369.1547,-12.2689,  7.6584,-10.3556],[-0.0743, 0.7797, 0.0385, 1.8378,-0.59  ]
1721,[286.3976,-16.7047, 21.5749,-11.7977],[-0.8954,-1.5603,-0.0377, 0.199 ,-2.154 ]
1723,[278.1584,-24.3414, 34.6766,-12.1284],[ 0.3559,-0.5252, 2.7581, 1.2513,-1.1506]
1732,[232.7013, 31.0906,-29.1302,-10.7705],[0.3686,0.0206,0.2809,0.6535,0.0451]
1734,[262.99  , 37.2618,-38.9455,-12.3151],[ 0.1127, 0.5469,-0.7243, 7.4786,-0.5636]
1736,[296.6063, 46.0079,-53.8255,-12.1913],[-0.0882, 1.1909,-0.2244, 1.5608,-0.7386]
1741,[268.3563,-33.5213, 25.1554,-11.478 ],[-0.3072,-0.435 ,-0.0927, 0.7086,-0.7687]
1743,[292.0413,-37.6486, 40.8585,-12.1477],[ 0.9258, 0.239 , 6.3659, 2.0097,-0.3274]
1745,[302.3264,-44.8726, 54.7255,-12.1329],[-0.0608,-0.1538, 5.2311, 1.3334,-0.3346]
1754,[267.557 , 50.3601,-47.3287,-11.061 ],[ 0.1638, 0.153 , 0.3115, 0.4873,-0.3024]
1756,[305.6229, 52.566 ,-59.7628,-11.1315],[ 0.1012, 2.2513, 0.3448, 1.0804,-0.9628]
1758,[277.2674, 60.2514,-71.0389,-10.9755],[ 0.2038, 0.9183,-0.4846, 0.8895,-0.3165]
1763,[283.0209,-51.4804, 46.0314,-11.0872],[ 0.1753,-0.2391, 0.2296, 0.7513,-0.3616]
1765,[305.2497,-53.7252, 59.704 ,-11.7423],[ 0.3972,-0.3692, 0.5134, 7.7171,-1.0102]
1800,[287.11  ,  5.7732, -0.6344,-17.0918],[-1.0384,-0.5975,-0.7974, 0.4731,-3.3411]
1801,[289.9855, -3.7465, 15.4128,-16.9454],[-0.5833,-0.6593, 1.7839, 1.4519,-0.9834]
1802,[326.4328,  7.7286,-12.4694,-18.2202],[ 0.0954, 2.1075,-0.6116, 0.1861,-0.1699]
1810,[304.7789, 12.012 , -7.151 ,-17.5676],[-0.7999, 0.0832, 0.5682,-0.4118,-2.8158]
1812,[296.0964, 16.7498,-16.7827,-17.6478],[ -9.2116, -8.4128, -9.8574, -8.154 ,-10.4752]
1814,[301.1897, 27.9097,-32.6254,-17.4989],[ 2.0809, 1.5288,-0.3666, 0.5487,-0.3041]
1820,[325.381 ,-10.9317,  8.1843,-17.9799],[ 0.0799, 0.4867,-0.1149, 0.5796, 0.0272]
1821,[304.5618,-17.1023, 24.408 ,-17.4591],[ 1.7892, 0.6535, 6.4984, 2.644 ,-0.6901]
1823,[308.5162,-25.2109, 33.7867,-17.1639],[ 0.5829, 0.0938, 0.6175, 9.5513,-0.5272]
1832,[264.3954, 30.523 ,-29.6773,-17.8363],[ 0.2214, 0.5305, 0.0215, 0.1666,-0.1778]
1834,[304.9983, 35.4747,-38.9347,-16.9536],[ 0.502 , 0.9823,-0.3975, 6.094 ,-0.6772]
1843,[303.7296,-35.4485, 42.0481,-16.8382],[ 0.0779,-0.0342, 0.7799, 8.5336,-0.7865]
1845,[299.261 ,-43.711 , 52.7026,-15.809 ],[-1.3656e-01,-3.3629e-03, 5.6622e+00, 1.6004e+00,-5.7828e-01]
1900,[359.3832,  6.1804, -4.0777,-23.1096],[-31.2837,-32.0241,-31.5633,-31.0117,-32.385 ]
1901,[354.8845, -3.9366, 16.6229,-23.2802],[-0.2735,-0.5787,25.5021, 0.2762,-1.3187]
1902,[372.0193,  8.4146,-11.7345,-23.5782],[-0.3602,20.7561,-0.9339, 0.2393,-1.1777]
1910,[344.1097, 12.0629, -7.4009,-21.8136],[-25.4225,-24.3964,-25.0158,-23.9444,-25.9935]
1912,[352.2792, 14.0286,-14.3527,-22.4761],[-63.7485,-64.0496,-64.6269,-63.1379,-65.5835]
1914,[359.8571, 26.4392,-33.3532,-21.4543],[ 0.2524, 5.4754, 0.0434, 2.7961,-0.5417]
1920,[364.2873,-12.0678,  9.9672,-20.6185],[-2.2156,-1.7248,-2.07  ,-1.5546,-2.6884]
1921,[338.4075,-14.3993, 23.3184,-22.1217],[-0.5293,-0.7909,-1.2783,29.3391,-2.0372]
1923,[326.4516,-23.5868, 33.2358,-21.3098],[-0.0692, 0.7603,17.082 , 3.7533,-0.3646]
1934,[324.0038, 33.3686,-36.8636,-20.8786],[ 0.6998, 1.2489, 0.1652, 6.4055,-2.009 ]
1943,[302.4693,-32.5159, 39.2998,-20.6494],[ 0.7079, 0.268 , 0.3094,11.3715,-1.4089]
2121,[404.5293,-27.8809, 20.0915, 15.3259],[-0.5332, 0.3833,-0.0453,-0.5215, 0.7021]
2200,[ 4.3023e+02, 1.2330e-02,-1.3760e+00, 1.0775e+01],[-4.7407,-4.4676,-4.8992,-5.5642,-4.2554]
2201,[427.029 , -7.2195, 12.6448, 10.654 ],[-1.8839,-2.7906,-1.1325,-3.0256,-1.561 ]
2202,[435.1443,  8.177 ,-12.1043, 10.8276],[-2.07  ,-1.923 ,-3.0429,-3.2237,-1.8228]
2212,[436.7443, 13.7231,-18.8327, 11.0002],[-0.5233,-0.5261,-2.1252,-1.7534,-0.0488]
2220,[414.6314,-12.5364,  5.8999, 11.1764],[-0.803 ,-0.5129,-1.208 ,-1.6781,-0.4877]
2221,[429.6306,-13.6529, 15.483 , 11.0109],[-0.5483,-1.492 , 0.0296,-1.3627, 0.6791]
2223,[545.6709,-29.6413, 30.9662, 10.4768],[-0.571 ,-1.2461, 0.6178,-0.0625, 0.6229]
2232,[406.1297, 33.0206,-24.8704, 11.6728],[-0.2191, 0.1409, 1.531 ,-0.357 , 1.2833]
2234,[493.2827, 39.772 ,-37.9475, 10.6307],[ 1.3671, 2.0127,-0.8009,-0.2331, 1.4152]
2241,[460.9234,-35.5608, 27.6821, 11.0681],[ 0.0184, 0.3314,-0.8161,-0.6057, 1.6414]
2243,[428.0208,-40.7969, 38.7962, 10.9428],[ 1.1821,-0.5166, 1.8198,-0.6045, 1.0565]
2254,[492.0513, 51.7791,-44.6258, 10.3432],[0.4359,1.1708,0.9286,1.2875,1.528 ]
2256,[518.031 , 54.9549,-54.5497, 10.7006],[ 0.4621, 3.4023,-0.2532, 1.4322, 1.0283]
2263,[449.2113,-54.3069, 44.3147, 10.5793],[0.757 ,1.2578,1.3602,1.1637,3.4864]
2265,[464.4315,-55.4933, 56.206 , 10.5294],[ 0.2441,-0.346 , 3.0171, 0.5063, 2.3895]
2300,[ 4.1720e+02,-1.7923e-01,-6.4322e-01, 6.4259e+00],[-14.4838,-14.2798,-14.6439,-14.937 ,-13.3565]
2301,[420.5672, -7.0258, 12.4015,  6.5523],[-5.8971,-6.7584,-4.1986,-6.2175,-4.7029]
2302,[418.6215,  6.7029,-12.1091,  6.2457],[-8.5089,-7.6413,-9.6085,-9.2824,-7.4265]
2310,[419.4582, 11.1862, -8.2258,  6.2083],[-3.2044,-2.6494,-2.0981,-3.4161,-2.4119]
2312,[428.5329, 12.4368,-14.8718,  6.2063],[-4.489 ,-4.2412,-5.6751,-5.0258,-3.9948]
2314,[453.6032, 23.5523,-33.1068,  6.8075],[ 0.2694, 1.2788,-1.8328,-0.9751,-0.1415]
2320,[423.3958,-12.1111,  7.2835,  6.3007],[-2.8526,-1.6974,-3.2541,-3.6485,-2.5832]
2321,[426.7036,-13.3097, 15.7624,  6.2312],[ 0.0704,-2.1158, 1.4271,-1.6707, 2.3384]
2323,[471.388 ,-26.9573, 32.1362,  6.2674],[-1.0937,-2.5244,-0.8659,-1.6042,-0.3532]
2330,[420.2891, 34.0013, -5.6996,  6.9723],[-0.7471,-0.9542,-0.0173,-0.72  ,-0.6338]
2332,[447.8656, 37.9765,-21.3383,  6.5529],[-0.2005,-0.7411, 0.6019,-0.8029, 0.2666]
2334,[464.928 , 37.9322,-36.8323,  7.8748],[ 0.0837, 3.8039,-0.2824, 0.6225, 1.2699]
2341,[446.0361,-34.1522, 24.9978,  6.9988],[-0.7075,-0.4579,-1.0116,-0.8757,-0.0888]
2343,[447.9703,-38.6948, 37.8154,  7.5491],[ 0.5372,-0.5165, 2.9899, 0.1109, 1.7722]
2345,[430.8843,-42.8658, 52.1949,  7.515 ],[ 0.0459,-1.5146, 0.4369,-0.464 ,-0.0373]
2354,[438.1138, 54.1895,-44.2367,  8.517 ],[1.0924,1.5616,0.3899,0.7135,0.8483]
2356,[441.7402, 58.472 ,-60.6256,  7.3372],[ 3.8794, 4.9892,-0.2833, 0.4235,-0.0912]
2363,[428.9061,-53.2581, 45.8571,  7.9447],[4.1299,1.5721,1.0854,1.6344,1.3848]
2365,[444.8646,-60.2527, 60.3051,  7.8387],[ 1.136 ,-0.317 , 7.352 , 0.8861, 0.5838]
2367,[471.0506,-67.3553, 71.9749,  5.6748],[ 0.066 ,-1.4483, 1.2048,-0.408 , 0.0764]
2376,[469.8244, 70.464 ,-67.0936,  5.1098],[0.9377,1.5445,0.4672,0.9559,0.8225]
2385,[408.4411,-71.2661, 66.6165,  5.8443],[1.3468,0.761 ,1.8476,1.7686,0.7054]
2387,[408.4605,-72.3671, 71.9507,  5.3593],[ 0.3898,-0.7452, 2.4215, 7.082 , 0.3072]
2400,[ 4.2103e+02,-1.0260e+00,-2.0405e-01, 2.6019e+00],[  1.2971,  1.2983,  1.5693, -0.381 ,104.3169]
2401,[424.3238, -7.1412, 12.4438,  2.735 ],[-2.188 ,-3.2304, 3.64  ,-2.3763, 0.3435]
2402,[422.9496,  6.4324,-12.4486,  2.6345],[-0.975 , 3.3843,-2.4344,-2.4092, 0.3731]
2410,[416.6267, 11.2231, -8.106 ,  2.1594],[-1.7032,-1.7323, 1.0763,-2.5352,-1.3462]
2412,[426.2446, 12.8096,-15.1292,  2.379 ],[ 0.6954, 6.644 , 0.2846, 0.9576,26.9385]
2414,[442.0684, 24.0928,-32.8069,  2.2341],[-0.073 ,-0.5339,-2.9496,-1.7213,-1.4156]
2420,[429.2963,-12.2302,  6.706 ,  2.3027],[-0.034 , 3.2915,-1.1907,-0.7117, 3.3907]
2421,[431.7095,-14.3314, 16.1642,  2.5721],[ 0.7473, 0.1728,34.352 , 0.5777, 4.3448]
2422,[436.9406,-11.4888,-11.2632,  1.9888],[-1.021 ,-0.3786,-1.5972,-1.137 ,-1.6837]
2423,[439.666 ,-25.5714, 32.9891,  2.1578],[-0.6331,-2.5453, 0.9579, 1.0853,-0.868 ]
2432,[484.6202, 32.2311,-26.7042,  2.5111],[ 0.5637,-0.2509, 0.5823,-0.191 , 0.552 ]
2434,[465.5672, 36.1058,-36.8563,  2.2917],[ 2.2022, 5.1482,-0.6786, 1.1459, 1.4992]
2436,[ 4.0051e+02, 4.9229e+01,-5.8146e+01, 1.9612e-01],[ 0.105 , 2.7395,-1.677 ,-0.0419, 0.961 ]
2441,[447.3343,-32.8627, 25.21  ,  3.2652],[ 0.0553, 0.2919, 0.1001,-0.5654, 1.1376]
2443,[446.5406,-34.1364, 37.0351,  2.8898],[ 1.8904,-0.7173, 3.4946, 1.9512, 0.2704]
2445,[415.2979,-49.6568, 50.9268,  2.7641],[ 0.174 ,-0.5646, 1.5081, 1.1068,-1.185 ]
2454,[418.7249, 54.4775,-45.1284,  2.8649],[0.8813,0.9924,0.9819,1.8388,1.0896]
2456,[428.1953, 61.4451,-61.7736,  2.7331],[ 0.3188, 7.1829,-0.2326, 1.4328,-0.0616]
2458,[414.8745, 68.316 ,-72.606 ,  2.9158],[ 0.4823, 6.2021,-0.7145, 0.3544,-0.7255]
2463,[464.4891,-54.9834, 45.4139,  3.3183],[1.8797,1.3676,1.2098,2.1201,1.2232]
2465,[438.2054,-61.3891, 60.2724,  2.038 ],[ 0.9204,-0.7716, 5.383 , 1.922 , 1.3471]
2467,[443.0598,-63.9513, 74.1338,  2.6681],[ 1.4501,-1.2281, 2.1205, 1.2306, 0.5622]
2476,[472.271 , 70.9109,-69.3466,  4.5348],[1.0543,0.8925,0.1941,0.9377,0.3973]
2478,[464.3039, 71.4734,-75.4343,  2.0889],[ 0.8306, 2.655 ,-0.8524, 3.2585,-0.4549]
2485,[418.698 ,-70.5809, 67.2738,  3.6824],[ 1.0531, 0.2666, 1.1369, 2.3859,-0.0853]
2487,[418.2556,-71.9389, 74.9895,  2.1873],[-0.0739,-0.3853, 4.1685, 2.6074, 0.1839]
2500,[ 4.2284e+02, 9.1584e-02,-2.7793e-01,-2.3891e+00],[  1.0306,138.4229,  3.117 ,  0.9332,  2.3261]
2501,[426.454 , -6.3353, 13.2281, -2.9517],[-0.289 ,-0.8679,15.5899, 0.3708, 0.2932]
2502,[423.8731,  6.6393,-12.5063, -2.1268],[-0.2805,23.0397,-1.1595,-0.5077, 0.8084]
2510,[423.1524, 11.3997, -8.4085, -2.8948],[ 5.1296e-01,-1.7299e-02, 2.6045e+01, 1.6991e-01, 7.9888e-01]
2512,[430.6687, 13.2051,-14.959 , -2.7121],[ 0.9063,77.2474, 0.5282, 0.8531, 1.4624]
2514,[483.8175, 24.1786,-32.7987, -2.5701],[-3.0452e-01, 3.0454e+00,-1.3403e+00,-8.9581e-04,-1.4641e-01]
2520,[429.1913,-11.2067,  8.4974, -2.8902],[ 1.27  ,45.9334, 0.0586, 0.5372, 2.1567]
2521,[430.3486,-12.6498, 14.3253, -2.8477],[ 1.5925, 0.1937,80.3372, 0.7112, 0.7104]
2522,[465.5135,-10.2733,-12.2199, -1.1949],[-0.4543,-0.4051,-0.9079,-0.6044,-0.4701]
2523,[435.4028,-25.0307, 33.1297, -2.1528],[ 1.3272,-1.5782, 1.283 , 0.7809,-0.317 ]
2532,[484.0606, 31.1381,-25.7556, -1.5788],[1.2861,0.7982,0.4444,0.754 ,0.3299]
2534,[498.3175, 32.1016,-35.82  , -2.3033],[ 0.83  , 3.5572,-0.3751, 2.7965, 0.3762]
2536,[ 4.0744e+02, 4.9961e+01,-5.7887e+01,-6.3964e-02],[ 0.6146, 2.0053,-0.8686, 0.1095,-0.2131]
2541,[424.3526,-32.2647, 26.9621, -2.7378],[0.5226,0.9008,1.0762,0.2913,0.4723]
2543,[433.0935,-35.5183, 37.8302, -2.6854],[ 2.9941,-0.1803, 4.6686, 1.0253, 2.8787]
2545,[ 4.0587e+02,-4.9457e+01, 5.4134e+01,-2.7340e-01],[ 0.2175,-1.4299,-0.4352, 0.94  ,-0.3442]
2556,[423.0732, 56.4826,-60.3692, -2.1994],[0.5982,2.9017,0.0767,3.2102,0.3415]
2558,[411.3716, 69.6616,-78.772 , -2.3502],[ 0.9492, 3.6511,-1.0258, 0.1542,-0.9245]
2563,[450.629 ,-55.82  , 47.7087, -1.0329],[0.935 ,1.4121,0.6173,1.649 ,0.4082]
2565,[450.4433,-61.2697, 61.6054, -1.7319],[ 4.1232e-01,-2.2259e-03, 4.6427e+00, 1.4161e+00, 4.1627e-01]
2567,[419.9527,-63.726 , 71.6773, -1.5799],[ 2.0053,-1.1262, 0.8179,-0.2323,-1.2497]
2578,[433.6389, 70.7238,-79.0491, -0.9258],[-0.0439, 1.6351,-0.7039, 1.3117,-0.2625]
2587,[ 4.0844e+02,-7.0496e+01, 7.8692e+01,-3.9969e-01],[ 0.2542,-0.6496, 5.2592, 0.8876,-0.2122]
2600,[ 4.2002e+02,-3.2560e-01, 7.0676e-01,-6.2529e+00],[ 3.6641, 1.79  ,18.8982, 3.6702, 1.1978]
2601,[420.809 , -7.3506, 14.2489, -5.7957],[-2.7203,-3.9875,-1.2648,-3.1476,-2.9577]
2602,[421.152 ,  7.958 ,-12.4954, -6.5727],[ 0.2892, 3.8451,-1.3161,-1.0636,-1.2384]
2610,[420.3393, 11.7809, -8.4211, -6.7263],[ 1.4937e+00,-1.1444e-02, 4.3578e+01, 1.0076e+00, 6.5107e-01]
2612,[420.8311, 13.6663,-14.3696, -6.5239],[ 2.104 ,57.9764, 0.3512, 0.2818, 1.7351]
2614,[468.1091, 26.5346,-32.3771, -6.5525],[ 1.6053, 2.359 ,-0.8511, 0.0965, 0.5822]
2620,[420.9967,-11.1768,  8.8385, -6.5883],[ 0.5948,36.8266,-0.0839, 1.3918, 0.6754]
2621,[420.5415,-14.099 , 16.8852, -6.8901],[ 0.8706, 1.9627,92.8576, 2.9114, 0.3437]
2623,[422.0586,-25.4482, 32.7227, -7.7007],[ 0.0488,-0.8845, 3.4725, 1.6539, 0.2192]
2632,[448.9453, 31.877 ,-24.5253, -8.3422],[0.8004,0.6716,0.4494,0.4483,0.1411]
2634,[476.046 , 31.5577,-34.2132, -7.3606],[ 2.0458, 3.6104,-0.3211, 3.0542, 0.0122]
2641,[418.4885,-33.3953, 26.5216, -7.5938],[0.5591,0.6559,1.173 ,1.5339,0.8342]
2643,[433.659 ,-36.7088, 40.6848, -7.338 ],[ 1.9985, 0.0415,10.8162, 0.5867, 0.2032]
2645,[437.3124,-43.8726, 55.2233, -6.4927],[-0.0963,-1.0138, 0.8407,-0.5525,-0.0946]
2656,[404.5522, 56.2613,-59.3924, -6.7389],[ 0.6695, 2.3457,-0.0761, 0.73  ,-0.1269]
2665,[448.0176,-56.9804, 63.8697, -5.7254],[-0.1023,-0.1061, 1.974 , 2.8883, 0.1405]
2700,[ 4.4480e+02, 3.5625e-01,-8.2325e-01,-1.2504e+01],[0.6669,1.3442,6.2215,1.3395,0.9693]
2701,[440.1132, -8.5879, 10.368 ,-10.9912],[-0.4257,-0.9556, 0.9816, 0.2924, 0.0031]
2702,[435.3014,  7.4076,-13.7984,-11.5265],[-0.3417, 1.6822,-1.5396,-0.1232,-1.3296]
2710,[448.2198, 11.7237, -7.9067,-12.4906],[1.7512,1.2369,2.6978,2.8396,0.3477]
2712,[443.01  , 13.5924,-14.2097,-11.5129],[0.4852,2.59  ,0.2021,5.1935,0.6723]
2720,[426.672 ,-12.0681,  8.0952,-11.2365],[ 0.404 , 0.5277,-0.0644, 1.8352,-0.1738]
2721,[426.5862,-17.0764, 19.92  ,-10.7294],[ 1.3469,-0.2519, 2.4851, 4.0751, 1.1549]
2723,[418.7715,-23.61  , 32.9027,-10.5407],[ 0.4618,-0.5172,-0.0566, 0.803 ,-0.35  ]
2732,[471.3349, 37.0054,-26.015 ,-11.0338],[1.1597,0.4826,0.5305,0.861 ,0.3062]
2734,[516.5553, 42.4871,-34.8639,-13.5158],[0.5482,1.9232,0.0084,3.4169,0.6336]
2741,[431.3598,-32.2516, 29.0893,-10.2702],[0.8615,0.7096,1.0345,0.4185,0.6087]
2743,[424.9066,-35.344 , 38.964 ,-10.7736],[ 1.1632,-0.0945, 2.4304, 2.519 , 0.6057]
2800,[ 4.7985e+02, 2.6081e+00, 4.0234e-01,-1.7544e+01],[ 1.6715, 1.3814,13.2876, 1.6908, 1.18  ]
2801,[435.5352, -4.9675, 16.688 ,-18.6524],[ 0.6576,-0.3962, 1.9783, 1.4879, 0.2762]
2802,[475.8396,  6.3539,-12.2294,-17.9819],[ 0.4722, 1.4314,-0.9376, 1.1679,-0.5928]
2810,[491.455 , 11.9809, -7.9081,-17.561 ],[0.8064,2.2302,7.7735,1.6657,0.4578]
2812,[476.9522, 15.9548,-15.0317,-17.6575],[2.0237,9.9748,0.663 ,2.3563,0.4825]
2814,[498.1481, 26.0164,-35.2538,-19.5715],[-0.3801, 0.7181,-0.2784, 0.0609, 0.2658]
2820,[517.0152,-11.2367,  9.3879,-16.8946],[ 1.0988, 1.037 , 0.6495, 0.0863,-0.0044]
2821,[453.7398,-12.4823, 15.6102,-17.5832],[ 1.1828, 0.5847, 1.0606, 1.3004,-0.0114]
2834,[562.1567, 40.8342,-43.1952,-17.3928],[ 1.6618, 1.1443,-0.0733, 1.8295,-0.0591]
2900,[512.587 ,  2.0246, -5.4177,-30.8651],[  0.936 ,  0.8898,  0.453 ,249.7532, -0.4872]
2901,[428.2417, -1.0212, 14.9772,-25.2262],[ 0.1676,-0.2903,23.2256, 2.3559,-0.4586]
2902,[493.7706,  7.3637,-11.6963,-29.4711],[-6.8327e-01, 1.4499e+02,-1.6286e+00, 8.9283e-02,-1.7421e+00]
2910,[493.5312, 12.3804, -7.3546,-27.5872],[-16.931 ,-17.0255,-16.8967,-16.3668,-17.8714]
2912,[479.3308, 13.7571,-14.1601,-27.6265],[-1.2430e-02, 1.0003e+01,-1.4230e+00, 2.3313e+01,-1.5286e+00]
2914,[450.4508, 26.02  ,-32.2218,-23.2653],[ 0.6023, 1.015 ,-0.987 , 1.9925,-0.4329]
2920,[519.9361,-12.2205,  7.2992,-25.8194],[-0.481 ,-0.5994,-0.1539, 0.3664,-1.0474]
2921,[528.7141,-13.5616, 12.1135,-27.4109],[ 0.9106,-1.1505, 2.1925, 1.695 ,-0.6376]
2934,[500.753 , 33.7601,-39.6677,-22.0605],[-0.0821, 4.1043,-0.6353, 4.6439,-0.6668]
3700,[640.9601,  7.0759, -3.7913,-13.9837],[0.651 ,1.7453,0.9127,0.6497,0.5319]
3712,[683.0978, 15.702 ,-16.3955,-14.8265],[0.7477,2.1785,0.3839,0.9248,1.9698]
3721,[717.0996,-12.0796, 11.3497,-14.2023],[ 0.9955,-0.0469, 1.4186, 0.7786, 0.9072]
3800,[669.9082,  2.6722, -3.1869,-18.0999],[0.8224,3.2274,1.0583,1.037 ,1.6778]
3802,[672.4979,  6.0721,-14.0418,-18.12  ],[ 0.0223, 0.0236,-0.3753,-0.3649, 0.4294]
3810,[691.1072, 11.9552, -8.2559,-19.0384],[0.4949,0.3505,1.6416,1.2433,1.234 ]
3812,[678.9069, 13.3149,-14.6217,-18.6066],[2.2825,3.3514,0.8016,1.3035,1.3134]
3814,[607.4508, 20.7532,-31.3472,-19.9509],[-0.5141, 0.158 ,-0.4841,-0.2504, 0.0877]
3820,[674.3418,-11.2871,  8.6464,-18.1156],[0.1782,0.808 ,0.7225,0.6904,0.3581]
3821,[721.5841,-11.7244, 10.7473,-16.7195],[1.1841,0.0611,1.3198,0.862 ,0.5592]
3900,[ 7.0026e+02, 9.9710e-01, 4.3268e-01,-3.9131e+01],[  1.0433,  1.4243,  5.7406,252.2824,  0.4736]
3901,[723.4657, -5.9848, 13.1463,-38.648 ],[-0.5087,-0.9541, 2.1188, 1.1075,-0.339 ]
3902,[700.0163,  7.3999,-13.4721,-36.6922],[-1.279 , 2.8633,-3.3976, 4.2475,-2.9184]
3910,[696.1888, 12.094 , -9.3608,-29.394 ],[ 0.9106, 1.0926,28.1454, 1.1702, 0.4925]
3912,[682.4208, 12.4701,-13.5366,-32.4103],[ 1.5807e+00, 4.9206e+01,-2.2552e-01, 2.9696e+00, 2.1639e-02]
3914,[605.0138, 21.7526,-32.3207,-20.8556],[-0.2489,-0.3806,-1.3811,-0.3526, 0.2904]
3920,[709.7245,-12.0174,  8.7968,-30.9586],[ 0.4072, 4.9364,-0.1715, 1.3238, 0.1824]
3921,[692.1906,-13.394 , 13.5303,-30.2136],[ 1.2854,-0.5947, 5.3436, 1.562 , 0.9213]
4802,[801.748 ,  5.8815,-14.8977,-19.9979],[-0.379 , 0.2437,-0.3087, 0.1084,-0.1652]
4810,[847.2251, 11.8861, -9.1733,-18.592 ],[0.1649,0.0734,0.3567,0.0813,0.5892]
4812,[852.6621, 11.6438,-10.5147,-19.8129],[ 0.3868, 0.9451,-0.4398,-0.0687, 1.1499]
4900,[904.7597,  3.8848,  1.352 ,-38.2812],[  0.9493,  1.1171,207.4275,  0.8791,  5.0845]
4901,[897.0187, -2.262 , 13.7111,-38.6628],[-0.518 ,-1.8904, 0.0499,-1.0225,-0.623 ]
4902,[882.0339,  3.0574,-12.4875,-37.3451],[ 0.1262,38.0793,-0.9188,-0.1599,-0.4885]
4910,[899.5902, 11.5219, -8.8804,-30.2627],[ 7.4464e-01,-1.0644e-02, 2.1509e+01, 6.4920e-01, 9.5666e-01]
4912,[893.2172, 11.354 ,-10.8116,-29.9257],[ 0.232 ,32.1189, 0.3521, 1.5595, 0.9834]
4920,[907.5835,-11.838 ,  6.2229,-31.2026],[-0.1898, 1.1858, 0.2469,-0.836 , 0.5248]
4921,[912.5719,-12.3592, 11.2701,-32.0041],[ 1.6008,-0.3505, 5.5893, 0.7651, 1.3779]
5800,[1188.72  ,   3.3965,  -6.7631, -19.3401],[ 0.0116, 0.2636, 0.1043,-0.6494, 0.5553]
5802,[1180.9226,   8.8046, -10.3332, -19.4798],[-0.7548,-0.0409,-0.857 ,-0.851 ,-0.3358]
5810,[1118.1297,  10.9117,  -7.8276, -19.266 ],[-0.3775,-0.0893, 0.1021,-0.5097, 0.3634]
5812,[1127.6513,  10.5499, -10.2894, -19.0199],[-0.5293, 0.2435,-0.3332,-0.7781, 0.6284]
5900,[1083.4005,   6.9711,  -3.2025, -31.1834],[  1.1518,  2.5844,  3.6294,  0.4545,218.4422]
5901,[1168.4041,  -8.1787,  11.4781, -27.1333],[-0.6595,-1.9055, 0.1715,-0.6541,-0.0103]
5902,[1150.1596,   7.8769, -11.3934, -28.3914],[-1.8481e-01, 9.3675e+01,-8.0310e-02,-1.2641e-01, 1.4230e+00]
5910,[1092.4584,  11.8101,  -7.5166, -31.2876],[ 0.5601, 0.7851, 3.1419,-0.8467, 5.1098]
5912,[1103.9419,  11.4375, -11.3549, -29.6   ],[ 0.0338, 7.5024,-0.8025,-0.6144, 5.5376]
5920,[1069.6948, -12.4184,   6.7832, -30.4334],[-0.2768, 0.1968,-0.7419,-1.0242,-0.1203]
5921,[1124.9962, -13.5098,  13.757 , -29.92  ],[ 3.0027,-1.0975, 4.1039, 0.1829, 2.4901]
6700,[ 1.3691e+03, 1.4055e+00,-7.1715e-01,-1.4009e+01],[-0.0596,-0.4422, 0.9647,-1.1653, 4.0348]
6701,[1362.5108,  -5.1092,  13.3711, -13.9892],[-0.8454,-1.5608, 0.8016,-1.3703, 0.138 ]
6702,[1346.6566,   5.811 , -13.6109, -13.8635],[-0.8759,-0.0458,-1.555 ,-1.6868, 0.1344]
6710,[1269.5451,  11.8034,  -8.8243, -13.9219],[-0.2658,-0.2724, 0.1837,-0.6087,-0.1188]
6712,[1288.1504,  11.174 , -15.2973, -12.8422],[-0.5794, 0.4254,-0.7612,-0.8466, 0.5   ]
6800,[1368.3339,   1.6871,  -3.359 , -18.2057],[-7.9853,-8.2916,-8.2473,-9.8028,-7.3723]
6801,[1360.8638,  -3.2225,  14.4848, -18.1212],[-2.1934,-3.0277, 0.4555,-3.229 ,-0.827 ]
6802,[1367.7856,   4.442 , -12.8794, -18.4683],[-7.5204,-7.2707,-8.0264,-8.8012,-7.0915]
6803,[1396.1689,  -6.3314,  30.9097, -18.4217],[-0.7082,-0.8757,-0.3134,-0.6026,-0.4579]
6810,[1206.0418,  11.8259,  -9.3783, -18.3552],[-0.4919,-0.1962,-0.2377,-0.9798, 0.5002]
6812,[1310.3351,  12.0134, -19.3292, -17.7072],[-0.5808,-0.1221,-2.023 ,-2.4212, 0.0947]
6821,[1299.0041, -17.665 ,  21.4594, -18.8649],[-0.8276,-1.1976, 0.6695,-0.4666, 0.7507]
6900,[1301.943 ,   3.7953,  -6.1724, -23.6512],[ 1.1894, 0.2459,71.6716,-0.1753, 2.9477]
6901,[1300.3013,  -5.8706,  13.7406, -23.6206],[-0.2587,-1.0811,18.6577,-1.179 , 0.5838]
6902,[1280.5946,   5.9743, -11.6026, -24.6381],[ 0.1831,56.1503,-0.2953,-0.8782, 9.2519]
6910,[1265.12  ,  14.058 ,  -6.3634, -29.0898],[-1.2497,-2.1   , 0.4765,-2.3294, 0.8365]
6912,[1292.1034,  14.0641, -17.9198, -25.8941],[-0.7521, 3.9115,-3.2841,-3.0941, 1.6234]
6920,[1217.0861, -12.1107,   8.7942, -26.6942],[ 0.0664,-0.1537,-0.6903,-0.3278,-0.1409]
6921,[1267.4975, -13.4515,  19.8213, -25.6127],[ 0.106 ,-2.083 , 0.2453,-1.0448, 0.3534]
7422,[ 1.4856e+03,-2.6117e+01,-2.1092e+01, 6.0109e-01],[-3.4279,-1.7221,-5.472 ,-3.7932,-1.694 ]
7442,[ 1.5026e+03,-3.3100e+01,-1.6510e+01, 6.8692e-01],[-2.132 ,-1.5998,-3.4801,-2.5804,-1.3452]
7500,[1495.7215,   1.602 ,  -7.3043,  -4.2675],[-1.1802,-1.2144,-0.2778,-2.0011, 0.7021]
7502,[1494.3118,  -5.8624, -21.7767,  -4.1948],[-2.026 ,-0.7003,-3.6569,-3.0459,-0.6224]
7522,[1480.1741, -23.2058, -22.6903,  -3.0003],[-0.9785, 2.5522,-5.6629,-3.5776, 2.7853]
7542,[ 1.5129e+03,-3.5441e+01,-1.4331e+01,-4.3729e-01],[ -9.1669, -7.0243,-11.3337,-11.0925, -7.8812]
7600,[ 1.4657e+03, 1.3961e-01,-4.4946e+00,-8.7654e+00],[-0.4128,-1.7547,-1.2938,-2.3797, 0.9653]
7602,[1482.4854,  -6.558 , -22.7691,  -8.5478],[-6.9996,-5.4711,-9.359 ,-8.5132,-5.9712]
7604,[1491.4884,  -7.9343, -30.8755,  -9.1766],[-6.6   ,-5.6836,-8.8052,-7.3645,-6.457 ]
7622,[1474.5816, -14.6154, -25.7751,  -6.7272],[-4.3548,-2.7761,-7.8211,-6.307 ,-2.9766]
7624,[1484.5553, -12.1052, -30.7401,  -8.1575],[-2.2535,-1.7874,-4.4037,-3.3243,-1.7787]
7700,[ 1.4462e+03, 3.7985e-01,-4.0192e+00,-1.3272e+01],[-5.0913,-6.5095,-6.6886,-7.1473,-4.3161]
7701,[1422.8999,  -1.7382,  13.4898, -13.3112],[-1.7724,-3.0431,-1.0186,-2.5063,-1.5276]
7702,[1472.1858,  -1.9135, -19.1378, -12.2285],[ -9.5302, -8.321 ,-12.1219,-11.4355, -8.9012]
7704,[ 1.5092e+03,-1.0136e+00,-3.2589e+01,-1.1753e+01],[-4.8736,-3.6577,-6.7023,-5.4282,-4.7802]
7712,[1553.2425,  12.8084, -26.945 , -13.2254],[-1.1011, 0.1884,-2.0478,-1.6019, 0.4498]
7714,[1557.6132,  13.6883, -33.4189, -13.1795],[-1.0963,-0.2183,-1.9576,-1.3271,-1.0732]
7800,[1424.7771,   1.6896,  -3.3146, -16.8912],[-22.4656,-22.6278,-22.7812,-23.8229,-22.0616]
7801,[ 1.4144e+03,-9.4091e-01, 1.5291e+01,-1.7379e+01],[-3.2797,-4.5731,-1.5482,-4.1219,-2.8309]
7802,[1444.0379,   3.3039, -14.4799, -16.7021],[-13.4539,-12.8497,-14.7997,-14.8244,-13.2448]
7804,[1512.608 ,   6.7694, -33.4754, -16.4392],[-0.6168,-0.4547,-2.0069,-1.1691,-0.5595]
7810,[1507.5139,  17.1697,  -8.786 , -18.9028],[-1.289 ,-1.811 ,-0.347 ,-1.915 ,-0.4992]
7812,[1546.0423,  17.9747, -20.9643, -17.6596],[-1.1653e+00, 4.2841e-02,-2.3624e+00,-1.9338e+00,-1.5648e-03]
7814,[1565.6776,  15.5547, -35.8353, -17.9299],[-1.5472, 0.1188,-2.5087,-2.2063,-1.0256]
7900,[1414.0388,   5.3525,  -3.6494, -20.8035],[-3.5151,-3.4235,-3.4249,-4.2802,-3.3152]
7901,[ 1.4119e+03, 1.1014e+00, 1.6751e+01,-2.0865e+01],[-1.5828,-1.8968,-0.7464,-1.7579,-2.0416]
7902,[1416.1243,   6.8507, -13.9266, -20.7052],[-2.8601,-2.3109,-3.0517,-3.3023,-2.6929]
7910,[1466.121 ,  17.2365,  -6.8033, -21.7685],[-1.0319,-2.124 ,-0.5764,-1.2963,-0.8542]
7912,[1445.0033,  17.649 , -19.4699, -23.8913],[-1.2238,-0.386 ,-2.1146,-1.8362,-0.4246]
7914,[1507.6239,  20.4796, -34.7418, -23.2124],[-0.7352, 1.6343,-1.9777,-1.4397, 0.1665]
