200,[182.2493,  2.6476, -1.861 , 11.3303],[0.8062,1.1531,0.3631,0.0275,0.4648]
201,[187.8702, -7.2846, 12.3513, 10.9728],[-0.2443, 0.0313, 0.8981,-0.124 , 0.2302]
202,[180.6785,  6.394 ,-14.5794, 10.2358],[-0.0711, 0.1252,-0.3639,-0.1516, 0.4104]
210,[134.3182, 10.8159, -8.9343, 10.8221],[ 0.3512,-0.0835, 0.5768, 0.0579,-0.1419]
212,[129.3565, 12.0838,-10.8977, 10.2744],[-0.0259, 1.4762, 0.6566, 0.7673, 0.0203]
221,[191.6248,-15.2057, 14.1687, 10.6276],[0.7263,0.1835,1.6614,0.4354,1.0681]
300,[ 1.7504e+02,-3.7850e-03,-1.5439e-01, 7.0647e+00],[-0.8048,-0.7561,-0.7564,-0.1781,-1.7002]
301,[181.772 , -7.983 , 12.9592,  7.2218],[-0.961 ,-1.1832, 0.4599,-0.7229,-0.8949]
302,[178.932 ,  6.6293,-13.9251,  6.6732],[-0.3121, 0.6779,-1.615 ,-0.5747,-0.9082]
310,[171.6117, 11.9214, -7.316 ,  6.8067],[-1.1854,-1.0912, 0.6866,-0.8596,-0.8714]
312,[173.0236, 15.7547,-17.7302,  6.5802],[ 0.172 , 1.0357,-0.498 , 1.4482,-0.6108]
314,[188.487 , 25.6829,-32.8553,  6.737 ],[-0.4803, 0.7843,-0.982 , 0.2324,-0.1983]
320,[183.8433,-13.692 ,  5.6786,  7.0209],[-0.9126, 0.3036,-1.1382,-0.7791,-0.853 ]
321,[180.5644,-17.462 , 18.0448,  6.8308],[-0.4108,-0.2387, 0.7485, 0.8426,-0.659 ]
323,[189.7525,-26.1494, 32.3925,  6.1717],[-0.0588,-0.9571, 0.6829, 0.1067,-0.2968]
334,[198.6629, 30.0015,-39.7657,  5.4259],[ 0.679 , 0.5418,-0.3328, 1.3245,-0.6075]
343,[182.207 ,-40.2288, 46.0156,  6.7107],[-0.0457,-0.0163, 0.7566, 1.7087,-0.4951]
400,[168.7658,  0.835 , -1.16  ,  2.3739],[-0.7531, 0.2473, 0.367 , 1.2483,-1.4489]
401,[166.667 , -5.9351, 13.9764,  2.3   ],[-1.0738,-1.392 , 0.0924,-0.088 ,-1.6933]
402,[176.1036,  5.6788,-14.2142,  2.4737],[-1.2545, 0.0478,-1.2215,-0.4465,-1.6551]
410,[158.36  , 12.8523, -6.3296,  2.2313],[-1.0299,-1.2867, 0.2983,-1.3166,-1.0259]
412,[167.2853, 16.8491,-19.4438,  2.4676],[-0.0438, 1.7508, 0.0656, 2.5752,-0.8632]
414,[180.8032, 24.3125,-34.0353,  2.9681],[-0.3997, 0.9977,-1.2346, 0.8986,-1.0945]
420,[176.5368,-14.5233,  4.4659,  2.3333],[-1.7347, 0.3139,-1.3604,-0.2433,-1.19  ]
421,[172.0452,-18.8589, 20.0502,  2.3379],[ 0.0624,-0.8568, 1.0382, 1.8803,-1.5173]
423,[171.0445,-25.6894, 34.6583,  1.4711],[-0.6735,-1.1449, 1.014 , 0.1736,-0.9649]
432,[186.5572, 32.3015,-24.9269,  4.5287],[-1.2105,-1.1012, 0.4155,-0.7776,-1.0732]
434,[192.6675, 38.0615,-37.5342,  1.7399],[-0.22  , 1.3006,-0.6747, 0.791 ,-1.2885]
436,[186.8016, 33.9971,-52.7237,  4.3523],[ 0.3351, 0.9867,-0.8551, 0.1337,-0.2488]
441,[175.0917,-33.1492, 25.1879,  1.9715],[-0.8839, 0.4111,-0.7999,-0.532 ,-1.2655]
443,[174.8524,-34.8187, 37.5869,  1.898 ],[-0.1403,-0.4333, 0.6552, 1.6739,-1.0137]
500,[166.9852,  1.4177, -0.4118, -2.3321],[ 1.0638, 0.6731, 1.3317, 5.2027,-0.669 ]
501,[175.4647, -4.7758, 13.9456, -2.054 ],[-0.6171,-0.9254, 0.6706, 0.0097,-1.395 ]
502,[173.4887,  6.0398,-14.2906, -2.6484],[-0.7597, 2.0045,-1.3574,-0.6306,-1.2989]
510,[171.2086, 13.1932, -5.8995, -2.5965],[-0.4708,-1.253 , 1.8439,-0.4187,-1.138 ]
512,[165.1699, 17.6695,-17.8929, -2.556 ],[ 0.0199, 0.9364,-0.2401, 2.2742,-0.796 ]
514,[168.0511, 17.1559,-33.0241, -0.2984],[-0.1726, 0.9304,-0.7777,-0.2846,-1.313 ]
520,[173.1657,-14.159 ,  5.3799, -2.3089],[-0.4038, 0.7756,-1.341 ,-0.734 ,-1.8222]
521,[173.6742,-17.4748, 18.616 , -2.327 ],[ 0.8583,-0.6019, 1.1221, 1.497 ,-1.9478]
523,[175.5762,-26.4742, 33.1761, -2.6026],[-0.5719,-0.5682, 1.502 ,-0.2946,-0.9216]
532,[167.091 , 32.1413,-25.7552, -3.1813],[-0.5   ,-0.6088,-0.327 ,-0.4669,-1.3656]
534,[167.7646, 37.9276,-37.5416, -3.0119],[ 0.1394, 0.3959,-0.832 , 0.3571,-1.9925]
541,[187.4281,-35.4225, 25.0584, -2.2478],[-1.1642,-0.0738,-0.9036,-0.5023,-1.3102]
543,[183.6637,-37.8205, 39.7899, -2.4236],[-0.4348,-1.1158, 0.9596, 1.1078,-1.8116]
545,[193.0269,-45.7737, 51.3555, -0.8106],[ 0.0163,-0.7067, 1.258 , 0.6946,-0.8777]
563,[194.8513,-51.241 , 40.9887, -1.5696],[-1.0208,-0.5697,-0.8489,-0.5852,-1.3806]
600,[173.8552,  1.9735, -0.3934, -7.1541],[ 0.1099,-0.5975, 0.4505, 1.5081,-2.2947]
601,[178.0481, -7.1326, 13.2155, -8.1528],[ 0.4034,-0.9633, 0.6531, 0.7051,-1.4276]
602,[181.9573,  5.773 ,-14.3153, -6.1651],[-0.558 , 1.3565,-1.0444,-0.7253,-1.098 ]
610,[172.1015, 12.1017, -6.6113, -7.3757],[-0.7387,-1.1688, 0.8099, 0.0039,-1.5718]
612,[173.4153, 17.6511,-16.0904, -7.3828],[-1.8311,-0.9994,-2.1929,-0.5873,-3.3919]
614,[192.8712, 29.1513,-31.7105, -7.817 ],[-0.2121, 0.1762,-0.6061, 0.7276,-1.1974]
620,[184.4945,-13.2528,  3.968 , -5.9909],[-0.3818, 0.5762,-0.829 ,-0.6465,-1.4239]
621,[181.2395,-16.7954, 19.5781, -6.7616],[-0.395 ,-2.1487, 0.6675, 0.8175,-2.5802]
623,[177.5056,-24.3256, 34.6073, -7.0336],[-0.044 ,-0.8643, 1.5741, 0.4262,-0.7818]
632,[183.7375, 32.0201,-25.5067, -6.0169],[-1.1536,-1.2404,-0.821 ,-0.4981,-1.6727]
634,[173.7509, 36.0245,-35.5759, -7.2167],[-1.4327,-0.6569,-1.9129, 0.0101,-2.5142]
643,[184.444 ,-37.7034, 41.676 , -6.6595],[-0.6407,-1.5957, 0.7417, 0.6434,-1.3538]
700,[184.5725,  1.5771,  0.8497,-11.4253],[-4.4136,-4.8032,-3.9684,-3.361 ,-5.5684]
701,[191.0032, -6.7563, 13.3115,-11.6188],[ 0.2499,-0.8167, 0.011 , 1.2914,-1.1636]
702,[164.4029,  9.8233,-10.2587,-11.318 ],[-0.9727, 0.5704,-0.6443,-0.2868,-1.5951]
710,[183.5535, 11.6381, -7.5024,-11.8991],[-0.2672,-1.2652, 1.3071,-0.0628,-1.9168]
712,[180.6158, 15.562 ,-14.8173,-11.6933],[-5.4092,-4.2424,-4.7515,-2.9672,-6.0629]
714,[165.372 , 28.8246,-30.1265,-11.7008],[ 0.0811, 0.3783,-0.7978, 0.3128,-0.561 ]
720,[196.1786,-11.2521,  2.3085,-11.6609],[-1.0612,-0.1076,-1.2091,-0.5912,-0.7443]
721,[191.4757,-19.5241, 24.4706,-11.4066],[-2.205 ,-2.3594,-1.2833,-0.4771,-3.5487]
723,[184.8559,-24.8667, 30.8102,-10.3132],[-0.3588,-0.2266, 0.0345, 2.2607,-0.923 ]
734,[172.6164, 32.0044,-32.9232,-10.7072],[-2.695 ,-2.6743,-3.1976,-1.5476,-4.0157]
800,[199.3704,  8.3972, -7.3824,-15.018 ],[-6.1866,-6.2127,-6.246 ,-5.5827,-7.6106]
812,[185.706 , 18.0435,-18.2414,-15.4584],[-6.9362,-6.701 ,-6.7629,-6.0447,-7.8748]
1100,[267.3917, -2.0449,  1.1674, 15.486 ],[0.8785,1.0247,1.6015,0.1369,2.6191]
1112,[322.4427, 27.6179,-29.8177, 15.0102],[1.259 ,1.0971,0.4164,0.3724,2.578 ]
1114,[301.7275, 28.0929,-32.3568, 15.6057],[ 0.8547, 0.6186,-0.4039,-0.3468, 0.3223]
1200,[311.6988,  5.5182, -3.5709, 11.0186],[ 1.5094, 1.2704, 2.3616,-0.0201, 3.2425]
1201,[252.7623, -7.9324, 11.159 , 10.8531],[ 0.5413,-1.0351, 0.4371,-0.8615,-0.6423]
1202,[334.9891,  8.4343,-12.4703, 10.9696],[-0.3313, 0.6029,-0.6187,-0.9269, 0.4845]
1210,[335.2038, 12.5305, -6.2726, 10.5642],[-0.0808,-0.2922, 3.121 ,-0.3318, 3.5185]
1212,[324.0613, 18.8632,-17.2835, 10.7063],[0.6303,3.8738,0.0238,0.8276,6.7726]
1214,[291.739 , 25.911 ,-31.7867, 11.3745],[ 1.9054, 2.2471,-1.156 ,-0.2171, 0.3094]
1220,[301.9629,-15.3414,  3.7713, 11.2941],[-0.6422, 0.8285,-0.9539,-1.2341, 0.1543]
1221,[274.7423,-21.7553, 17.4943, 10.9181],[0.4138,0.8442,2.8366,1.4566,3.677 ]
1223,[267.664 ,-26.4298, 34.9575, 10.9468],[-0.2277,-0.6997, 2.3695, 0.1803, 0.634 ]
1232,[338.9492, 32.763 ,-24.1795, 10.882 ],[-0.3142,-0.3105, 1.0733,-0.3109, 0.3907]
1234,[314.2318, 33.9987,-38.0802, 11.0961],[2.1997,5.3252,0.0725,0.1232,2.1037]
1236,[358.3367, 49.4272,-57.8248, 11.0147],[ 0.1929, 0.8237,-0.5137, 0.2326, 1.693 ]
1241,[307.1199,-33.8671, 22.34  , 11.048 ],[ 0.0182, 1.437 ,-0.5042,-0.3842, 0.9456]
1243,[296.1162,-36.4451, 38.2399, 11.286 ],[ 1.6915,-0.3312, 4.6983, 0.6652, 2.1826]
1263,[355.5031,-50.0417, 44.4892, 10.2514],[0.7052,0.2672,0.1235,0.2898,0.6947]
1300,[361.7692,  2.182 , -2.212 ,  5.9724],[ 0.3647, 3.0869, 1.0764, 0.2973,30.5094]
1301,[370.4015, -6.7605, 12.5977,  5.5206],[-0.9754,-1.6639, 1.9005,-1.1371, 1.2857]
1302,[360.2007,  7.6674,-11.9028,  5.9408],[-0.2336,14.2508,-0.507 ,-0.219 , 1.826 ]
1310,[341.6846, 12.4527, -6.6534,  7.8141],[ 0.0317,-0.4676,11.3442, 0.2741, 0.6798]
1312,[329.694 , 15.2628,-16.6227,  7.1401],[ 1.5851,57.5221, 0.66  , 1.577 , 1.104 ]
1314,[286.4834, 26.15  ,-33.2187,  7.3228],[ 1.3469,11.7086,-0.4184,-0.1946, 1.4868]
1320,[331.2341,-13.341 ,  5.5751,  6.1404],[-2.8597,-1.7746,-3.0712,-2.6841,-2.5141]
1321,[336.0031,-15.7351, 17.4162,  5.9829],[ 0.3018,-1.186 , 0.9586, 0.0317, 1.6186]
1322,[296.973 ,-12.203 ,-10.4638,  7.0719],[-0.7778,-0.7138,-1.0825,-0.5982,-0.9144]
1323,[268.5662,-26.718 , 33.2879,  6.3528],[ 1.0264,-1.2019, 1.5862,-0.0665, 0.6611]
1332,[319.4135, 33.8795,-24.2578,  6.6718],[-1.1679,-1.5589,-0.3477,-0.7651,-0.7154]
1334,[292.5741, 35.9184,-38.7142,  7.4166],[ 1.5799,11.1152, 0.2887, 1.6225, 0.9031]
1336,[304.7081, 45.945 ,-55.9324,  7.1418],[ 3.2372, 3.799 ,-0.6847, 1.7849, 0.5145]
1340,[236.7077,-30.2641,  9.8587,  7.0474],[-0.6657, 0.0362,-1.1956,-0.4077,-0.9889]
1341,[300.7162,-34.3842, 23.4054,  6.9998],[-1.1877,-0.4582,-1.6167,-1.2827,-1.1794]
1343,[294.8659,-37.8732, 39.3815,  7.1097],[0.4696,0.2358,7.0114,0.9543,1.755 ]
1345,[395.4552,-48.3625, 55.8711,  5.2045],[ 0.583 ,-0.5436, 5.4952,-0.173 , 1.254 ]
1354,[314.6115, 56.4255,-41.1148,  6.5271],[-0.2151,-0.2515, 0.1241,-0.273 ,-0.4496]
1363,[334.8713,-51.8284, 44.6751,  6.184 ],[ 0.0428, 0.7538, 0.0183, 0.0884,-0.2158]
1365,[318.3712,-53.4197, 54.1585,  6.4136],[0.7358,0.1749,4.7642,2.5005,1.2635]
1400,[367.2739, -0.5827,  0.6429,  2.7469],[239.4783,  1.8027,  1.9796,  0.7645,  1.9611]
1401,[371.5172, -7.1539, 12.0036,  2.8658],[ 0.141 ,-0.7139,45.5002, 0.0607, 0.8714]
1402,[365.018 ,  6.793 ,-12.1608,  2.6304],[ 0.2457,56.7059,-0.5849, 0.2607, 0.4786]
1403,[212.7286, -8.6488, 32.4965,  2.1056],[-0.5544,-0.3904,-0.437 ,-0.4108,-0.4299]
1410,[364.1838, 11.7439, -7.0339,  1.9848],[ 0.6351, 0.1414,13.9999, 0.5406, 0.5496]
1412,[344.2845, 13.7069,-15.5655,  2.5221],[ 0.8591, 3.7523, 0.6123,36.4654, 2.1237]
1414,[280.6291, 26.0988,-33.0162,  2.5768],[ 0.2231, 5.928 ,-1.1203, 0.8101, 1.6811]
1420,[369.0717,-10.9951,  8.4753,  1.7345],[ 0.1295,86.1727,-0.2384, 0.1986,-0.1613]
1421,[364.2081,-12.3902, 13.5185,  2.1602],[ 1.3558, 0.2505,69.4258, 1.8126, 0.5003]
1423,[296.4948,-25.5382, 33.3669,  2.4591],[ 0.2704,-0.6427, 9.4119, 0.1613, 0.8343]
1430,[329.5459, 32.0575, -5.5211,  1.8949],[-0.2844,-0.4674, 0.0575,-0.3584,-0.5761]
1432,[308.0791, 33.4667,-24.2846,  2.8418],[-1.1713,-1.5845,-1.3137,-0.5631,-1.4241]
1434,[307.1838, 37.4988,-38.5152,  2.2682],[ 1.9617,10.4153, 0.5358, 3.572 , 0.7851]
1436,[339.4284, 45.3154,-53.6036,  1.992 ],[-0.4411,11.3736,-0.3808, 0.4647, 0.4058]
1441,[295.1936,-34.4488, 23.5992,  2.4061],[-3.1183,-2.8639,-3.381 ,-3.0516,-3.8405]
1443,[286.9527,-37.7223, 38.1411,  2.477 ],[1.6452,0.1646,7.8333,0.9216,0.6196]
1445,[308.459 ,-47.0789, 55.3412,  1.6999],[ 1.246 ,-0.6478, 8.4298,-0.127 ,-0.5321]
1454,[372.048 , 52.6759,-42.7795,  1.6622],[-1.0566,-0.576 ,-0.466 , 0.0124,-0.7187]
1456,[369.1358, 57.0809,-58.8273,  2.7683],[ 1.6332, 3.5915,-0.5699, 3.2307,-0.3306]
1458,[ 3.7962e+02, 6.8190e+01,-7.0970e+01, 3.5621e-01],[ 1.6703, 3.3435,-0.9116, 2.1633, 0.5774]
1463,[304.83  ,-52.735 , 45.4272,  2.5851],[-1.242 ,-1.1217,-1.4723,-1.238 ,-1.7637]
1465,[310.5167,-54.3079, 56.7824,  2.2202],[ 1.1935,-0.0202, 7.5127, 0.9334, 0.0084]
1500,[ 3.6510e+02, 1.8837e+00,-3.3546e-01,-2.1343e+00],[-4.861 ,-5.1358,-3.1396,-3.4147,-6.1281]
1501,[370.6497, -5.8693, 12.8345, -2.0669],[-3.9233,-5.1055,-1.932 ,-3.4178,-4.0982]
1502,[375.337 ,  7.0533,-12.4954, -2.0026],[-1.8398, 1.1091,-3.1979,-1.6544,-1.8407]
1510,[370.8169, 11.4196, -7.3837, -2.7473],[ 0.2866, 1.374 , 1.8534,19.8976, 0.2709]
1512,[370.0079, 13.5023,-14.4295, -2.8375],[ 0.3068,33.8132, 0.5854, 1.4842, 0.448 ]
1514,[302.2244, 25.9863,-33.6494, -2.5932],[ 0.3234,10.5881,-0.4138, 0.1803,-0.418 ]
1520,[368.7451,-11.2894,  8.3783, -2.3   ],[ 1.6131,32.0423, 0.5012, 1.5005, 0.4876]
1521,[368.6708,-12.6946, 13.2709, -2.5994],[ 2.8957, 0.2983,39.9356, 5.2385, 0.5062]
1523,[303.5704,-26.4331, 32.6467, -2.1884],[ 0.7641,-0.7271, 6.5001, 1.3219,-0.6545]
1532,[306.9557, 34.1834,-25.4939, -2.1848],[-1.4495,-1.5853,-0.5551,-0.826 ,-1.5837]
1534,[296.6452, 36.4438,-39.6554, -2.3248],[0.1508,2.5527,0.0788,6.4433,0.8491]
1536,[331.5179, 44.6909,-52.4916, -2.3741],[ 0.9045, 3.4223,-0.7249, 0.4562,-0.2554]
1540,[221.2615,-30.6226,  8.8784, -4.3526],[ 0.0192,-0.0068,-0.2825,-0.2133,-0.0674]
1541,[278.7551,-34.5717, 23.6552, -2.6633],[-0.9548,-0.6662,-0.928 ,-0.1318,-1.5894]
1543,[283.0462,-39.3012, 40.1421, -2.4746],[ 1.5429,-0.3916, 1.8908, 6.2246, 0.2876]
1545,[287.6479,-45.619 , 54.6719, -2.583 ],[ 0.2575,-1.0271, 3.1289, 1.4884,-0.3501]
1554,[393.6138, 51.9831,-44.6166, -1.7245],[-0.298 ,-0.5152,-0.4765, 0.1437,-0.615 ]
1556,[354.2991, 53.0077,-60.1312, -1.7622],[ 1.4553, 2.4251,-0.0478, 2.7607,-0.6014]
1558,[350.8811, 66.0244,-72.6122, -2.1656],[-0.1408, 5.5838,-0.6438, 1.5034,-0.1713]
1563,[318.9719,-53.0461, 44.6422, -2.4944],[-0.095 ,-0.5473,-0.8204, 0.2891,-0.5118]
1565,[329.0189,-56.1449, 58.7713, -2.4668],[ 0.7215,-0.4593, 1.0531, 5.5638,-0.2772]
1600,[367.0034,  1.7496, -0.6673, -6.4655],[ 1.9649, 0.2999, 1.4817,25.9547, 0.3401]
1601,[383.197 , -6.9071, 12.8045, -7.0562],[-0.2105,-0.7768,20.3759, 0.4013,-0.7638]
1602,[383.991 ,  7.3698,-13.0579, -6.8116],[ 0.1797,26.4237,-1.6929, 1.6273, 0.5358]
1610,[376.5059, 11.2969, -8.2188, -6.465 ],[-0.362 , 0.074 , 2.8532,16.6063,-0.6246]
1611,[384.7493, 10.689 , 10.266 , -7.5317],[-0.0452,-0.5439, 0.4401, 0.0722, 0.1453]
1612,[371.5815, 13.0597,-14.9368, -6.8208],[ 0.6677, 1.7632, 0.6313,60.8156,-0.2138]
1614,[301.4294, 24.5051,-34.0375, -7.3195],[ 1.1516, 1.0649,-0.6809, 1.4621,-0.6852]
1620,[370.9417,-11.2531,  8.331 , -5.9989],[ 0.5689, 4.2512, 0.9952, 3.478 ,-0.2525]
1621,[371.3303,-12.7222, 14.4263, -6.5658],[ 0.5165, 0.5531, 1.2489,38.2731,-0.2429]
1622,[244.6448,-14.4006,-10.3263, -5.4569],[-0.2194, 0.2909,-0.3181,-0.1256, 0.2659]
1623,[272.2962,-25.9862, 34.6494, -8.0668],[ 1.0847,-1.0665, 1.7009, 0.9144,-0.799 ]
1632,[305.6248, 33.0789,-25.2795, -6.9947],[-1.1872,-0.513 ,-0.9128,-0.4696,-1.3029]
1634,[311.9743, 36.4253,-38.8862, -7.2532],[ 0.8057, 3.8613, 0.5315, 0.9482,-0.8716]
1636,[340.6599, 45.2518,-53.954 , -7.4675],[-0.2529, 2.2334,-0.2493, 1.7705,-0.4587]
1641,[285.9724,-34.3924, 24.615 , -6.9067],[-0.3788,-0.5575,-0.9091,-0.5579,-1.0551]
1643,[295.1779,-38.1616, 40.3472, -7.4464],[ 1.2619,-0.7276, 2.7162, 2.0223,-0.8015]
1645,[323.9308,-44.9998, 54.0347, -7.6008],[-0.1378,-0.725 , 1.6745, 1.5559,-0.9188]
1656,[335.006 , 55.0709,-64.8332, -6.8976],[ 0.4023, 2.83  ,-0.8561, 3.4406,-1.1536]
1658,[313.1236, 61.9516,-70.2216, -5.2606],[ 0.4134, 2.0857,-0.8667, 1.869 ,-0.373 ]
1663,[303.041 ,-51.3926, 45.1583, -7.776 ],[ 0.0219,-0.6446,-0.0692, 0.4941,-0.4983]
1665,[335.9116,-55.2081, 60.1543, -7.2881],[ 1.0023,-0.3197, 3.7998, 2.699 ,-0.7037]
1700,[295.1968,  2.5979, -1.6417,-12.3091],[-5.7884,-5.7329,-5.2483,-4.9734,-6.7304]
1701,[321.1446, -6.6991, 14.2643,-11.6412],[-1.3166,-1.1955, 0.8119, 0.3046,-2.2262]
1702,[332.6567,  5.7153,-14.3203,-11.6241],[-0.5873, 0.6034,-1.2574, 0.2732,-2.0096]
1703,[283.2938, -9.8869, 30.9876,-10.9672],[-0.0199,-0.1871,-0.1453, 0.0081, 0.0916]
1710,[321.346 , 11.2503, -8.392 ,-12.2643],[-1.4585,-1.2694, 0.1144, 0.4652,-1.8861]
1712,[314.6912, 15.5206,-16.2627,-12.275 ],[-7.374 ,-7.6492,-7.9612,-7.0812,-9.2809]
1714,[321.5044, 26.6024,-33.2359,-12.6036],[ 0.392 , 2.5408,-0.7999, 0.1698,-0.4799]
1720,[326.5441,-14.0583,  5.0975,-12.4442],[-1.261 ,-1.3248,-2.5484,-1.6729,-2.9119]
1721,[336.1226,-17.0154, 18.4515,-11.9839],[-3.4128,-3.8164,-2.7076,-2.5184,-4.1687]
1723,[313.8499,-25.3526, 34.2727,-12.402 ],[ 0.0446,-0.3416, 2.7007, 0.9712,-1.2844]
1725,[320.6664,-29.4089, 50.6933,-12.2169],[-0.1869,-0.1589, 0.0503,-0.263 ,-0.1503]
1732,[292.0626, 33.205 ,-29.1149,-10.2824],[-0.1105, 0.5346,-0.2615, 0.3873,-0.6002]
1734,[326.0639, 35.5272,-38.1886,-11.7434],[ 2.1979, 1.0161,-0.9496, 7.5055,-0.6368]
1736,[349.5954, 41.3215,-53.9192,-11.1439],[ 0.1336, 3.4029,-0.409 , 0.8406,-0.8728]
1741,[299.3306,-32.2145, 25.403 ,-11.7771],[-0.552 ,-1.1221,-0.8287,-0.4036,-1.3602]
1743,[328.4474,-36.1525, 39.735 ,-12.2553],[ 0.0164,-0.4047, 2.1441, 2.6234,-0.9836]
1745,[332.8765,-45.0956, 53.4585,-11.9686],[-0.3329,-0.4616, 0.9558, 4.5325,-0.5968]
1763,[280.2517,-51.2079, 48.6775,-11.2375],[-0.0529,-0.0686,-0.0191, 0.3734,-0.4697]
1765,[327.3887,-51.3016, 53.6849,-10.7683],[ 0.5893, 0.0592, 1.0841, 4.2982,-0.6944]
1800,[321.7265,  5.6568, -2.4663,-17.2067],[-3.8725,-4.6718,-4.1657,-3.7735,-5.7091]
1801,[321.8015, -5.2507, 14.8787,-17.2165],[-0.6262,-1.909 ,-0.5103,-1.1426,-2.1275]
1802,[358.5463,  7.5673,-12.2912,-17.4106],[-0.1003, 1.316 ,-0.6882, 0.8525,-1.5734]
1810,[329.4357, 11.5604, -7.9427,-17.4667],[-1.4115,-0.9453,-1.1955,-0.4336,-2.9968]
1812,[324.1397, 15.2226,-15.4691,-17.4146],[-17.7281,-17.3012,-18.5431,-17.0452,-19.1287]
1814,[355.2239, 24.8161,-31.9793,-15.7839],[-0.1677, 0.5775,-0.462 , 4.92  ,-0.6011]
1820,[346.3477,-14.9286,  5.8589,-16.1361],[-0.8023, 0.1921,-1.1486,-0.0695,-1.7637]
1821,[358.0042,-20.6033, 20.4562,-17.1947],[-2.2435,-1.9489,-1.493 ,-1.2227,-3.8756]
1823,[347.2405,-25.9565, 33.4392,-17.2118],[-0.074 ,-0.3849, 2.8251, 3.2239,-0.8888]
1834,[363.7795, 37.1675,-40.9589,-16.8176],[-0.3708, 7.0469,-0.8752, 4.6832,-1.1607]
1841,[348.401 ,-31.4612, 26.9693,-16.9238],[-0.9161,-0.9434,-0.3326,-0.1743,-1.4213]
1843,[344.7638,-34.0021, 38.6286,-16.7055],[ 0.726 ,-0.4553, 1.6179, 2.1006,-1.7816]
1845,[358.1122,-40.8759, 50.0504,-15.2995],[ 0.0071,-0.3774, 2.2028, 2.3089,-0.9082]
1900,[366.8353,  6.275 , -4.5428,-22.2423],[-30.9527,-31.3396,-31.4067,-31.1131,-32.3012]
1901,[376.7163, -4.2519, 16.3326,-22.5694],[-2.978 ,-3.5964,-2.5953,-2.7502,-4.2025]
1902,[374.2847,  8.5078,-11.6311,-22.865 ],[ 0.1014,10.3277, 0.5459, 4.3622,-0.5029]
1910,[355.1275, 11.6991, -8.1023,-21.4903],[-23.6986,-24.7481,-23.9088,-24.1578,-24.9966]
1912,[360.9493, 13.5504,-13.597 ,-22.2502],[-71.934 ,-71.853 ,-72.9498,-71.7114,-73.3745]
1914,[377.898 , 26.5892,-34.0675,-23.0276],[ 0.8847, 0.2756, 0.0628, 8.0959,-0.6196]
1921,[376.3468,-18.9943, 23.5766,-21.6855],[-0.5515,-1.492 ,-0.1642, 0.3991,-1.6824]
1923,[361.8311,-24.5219, 32.8981,-21.188 ],[-0.1901,-0.4142, 0.1785, 3.8461,-1.3282]
1934,[376.2941, 34.1874,-38.4198,-20.7913],[-1.5766,-0.4806, 0.5473, 3.095 ,-2.3012]
1943,[381.5837,-30.5166, 35.099 ,-20.3467],[-0.9405,-2.6213,-1.0798,-1.2988,-3.3652]
2200,[433.6123,  6.5075, -5.0026, 10.8003],[-5.1402,-5.5472,-4.9369,-6.0297,-4.6363]
2201,[453.8089, -5.0083, 12.0577, 10.4042],[-1.6898,-2.6916,-1.1921,-2.2032,-1.4118]
2202,[421.7098,  9.1801,-10.3009, 10.3453],[-1.9352,-1.4678,-1.4482,-1.7228,-1.5015]
2210,[410.2404, 11.2844, -8.3991, 10.571 ],[-1.3721,-1.6333,-0.0889,-1.9138,-0.3767]
2212,[410.7009, 13.8892,-13.3796, 10.4485],[-1.5509,-1.3258,-1.6027,-2.1653, 0.3553]
2220,[461.2323,-11.3164,  6.9725, 10.3604],[-0.8049,-0.2735,-0.9733,-1.0014,-0.6434]
2221,[440.5102,-13.4497, 20.8552, 10.3919],[-1.3238,-0.7995,-0.0232,-1.4906, 0.1621]
2234,[403.3704, 41.9752,-33.1733, 10.2728],[ 0.8837, 1.5676,-0.541 ,-0.7611, 0.4768]
2300,[419.6723,  3.5376, -3.0869,  6.2061],[-21.7903,-22.0979,-21.9684,-22.8174,-21.3995]
2301,[414.3406, -7.2954, 12.7405,  5.7968],[ -9.8032,-10.2646, -8.3984,-10.0398, -8.6084]
2302,[414.9134,  8.2636,-11.8907,  6.0381],[-6.8013,-6.5918,-7.8948,-8.0196,-5.9519]
2310,[416.4565, 11.4737, -7.5523,  6.7948],[-4.3666,-4.4523,-3.673 ,-4.9729,-3.7113]
2312,[419.5429, 12.684 ,-14.6414,  6.442 ],[-3.5324,-2.8307,-5.0365,-4.7078,-1.9714]
2314,[430.3663, 23.5306,-32.3394,  6.4155],[-1.2103, 1.0582,-1.6481,-1.2495,-0.5811]
2320,[426.2429,-11.249 ,  7.8519,  6.4175],[-2.1356,-1.7385,-2.5888,-2.3381,-1.7497]
2321,[425.8563,-12.4582, 16.2659,  6.1308],[-4.6873,-6.1513,-4.406 ,-5.69  ,-4.5439]
2323,[433.3113,-22.3111, 33.6807,  6.1711],[-0.9923,-2.1275, 0.345 ,-1.4147,-0.4221]
2332,[411.8821, 32.7774,-25.1903,  5.8473],[-0.4265,-0.5209, 0.0953,-0.9408,-0.18  ]
2334,[418.0365, 42.5788,-41.3049,  7.5908],[-0.1626, 3.966 ,-0.3053, 0.2866, 1.3986]
2336,[431.61  , 46.1362,-51.4983,  7.544 ],[-0.4282, 2.094 ,-0.8295,-1.1948, 3.0703]
2341,[433.2638,-36.2686, 28.8896,  5.7517],[-0.5509, 0.5175,-0.9699,-0.8363, 0.6486]
2343,[427.0228,-38.2789, 37.4425,  5.8752],[ 0.4241,-1.0286, 3.2887,-0.1857, 3.5426]
2345,[413.0036,-48.969 , 52.1794,  5.6179],[-0.4228,-1.1851, 0.5371,-0.0888, 1.4994]
2354,[416.1133, 50.7243,-47.2432,  8.1564],[0.81  ,1.0645,0.8298,0.6755,1.3796]
2356,[410.1548, 52.3653,-55.1749,  6.451 ],[ 3.4079, 2.4155,-0.7568, 1.1502, 0.8091]
2363,[431.9842,-52.2122, 45.4071,  6.6801],[1.3747,0.6831,1.1632,0.9685,2.8722]
2365,[426.7758,-55.7853, 57.3992,  6.386 ],[ 0.3314,-0.1203,10.253 , 0.0563, 0.9594]
2400,[ 4.1364e+02,-2.5217e-02,-7.7307e-01, 2.4666e+00],[1.7956e+00,2.8679e+00,2.3832e+00,9.0422e-02,1.3371e+02]
2401,[414.4975, -7.0885, 12.3876,  2.6963],[-0.3413,-2.2406, 0.9902,-1.954 , 0.4419]
2402,[413.8023,  6.4892,-12.0524,  2.2703],[-0.3474,15.068 ,-2.3754,-2.3141, 0.4091]
2410,[427.7185, 11.4154, -7.6887,  2.1934],[-2.4382,-3.1174,-2.0183,-3.3039,-1.7189]
2412,[426.7807, 13.1257,-15.2067,  2.5896],[1.1094,8.3495,0.1433,0.7582,8.3106]
2414,[452.7533, 27.7037,-32.5581,  2.4139],[-0.5921,-0.2843,-2.7071,-0.8592, 1.1836]
2420,[416.5624,-11.2533,  8.1684,  1.5263],[ 0.3213, 1.0651,-0.2081,-0.8117, 3.7001]
2421,[418.9556,-13.0644, 15.6188,  2.1524],[ 2.7243,-0.3965, 2.5734, 1.5884,46.789 ]
2423,[452.3194,-25.1075, 33.1322,  1.8668],[-1.0006,-2.8211, 0.3012,-1.4256, 0.1418]
2432,[431.8323, 32.7913,-25.2139,  2.6668],[-0.2205,-0.6981,-0.483 ,-0.8158,-0.0454]
2434,[440.4256, 37.4302,-38.0089,  2.4292],[ 0.6793, 6.4566,-0.1985, 1.4789, 2.0033]
2436,[405.0015, 42.0696,-50.0831,  0.5108],[-0.268 , 2.1574,-1.8073,-0.7266, 1.1858]
2441,[437.7353,-32.558 , 25.9386,  2.5006],[ 0.697 , 0.2969,-0.3086,-0.5762, 0.9804]
2443,[441.908 ,-35.9177, 37.2241,  2.0447],[ 2.5091,-0.4498, 7.5852, 1.2388, 3.3583]
2445,[417.3087,-49.8431, 51.1893,  4.272 ],[-0.1763,-1.6529, 1.6474, 0.1374, 1.4949]
2454,[408.6655, 57.657 ,-46.0771,  1.8411],[0.108 ,1.0419,0.6931,0.9054,0.5795]
2456,[425.4984, 59.6674,-55.1144,  0.7013],[-2.7714e-03, 8.3809e+00, 3.9950e-02, 2.1354e-01, 4.9630e-01]
2463,[435.8206,-54.2519, 41.3113,  3.5934],[0.8458,0.4864,1.1744,1.9132,1.4122]
2465,[443.3798,-57.1989, 57.9463,  2.2292],[ 2.0616,-0.9018, 3.6791, 3.4045, 0.232 ]
2500,[415.7405,  1.1757, -1.1871, -2.0722],[  2.114 ,  2.4961,  3.7595,  0.8607,160.594 ]
2501,[419.6216, -5.7007, 12.3061, -2.625 ],[-0.7501,-1.2598,23.1883,-0.4518, 0.1649]
2502,[413.1031,  6.3875,-12.1554, -2.3762],[ 4.4339e-01, 1.0764e+02,-6.8464e-01,-8.8381e-02,-2.1371e-01]
2510,[421.8528, 11.3319, -8.4561, -2.9304],[ 0.3228, 0.1144,49.4349,-0.0497, 1.3011]
2512,[420.3176, 12.5805,-14.243 , -2.7713],[  1.8518,117.7546,  0.4836,  2.999 ,  0.292 ]
2514,[443.1394, 25.9462,-32.7795, -2.3287],[ 0.3768, 2.5802,-1.3664,-0.0167,-0.2375]
2520,[418.432 ,-11.7801,  8.1547, -2.6207],[7.0049e-01,7.0538e+01,1.0213e-02,2.8894e-01,2.0465e-01]
2521,[421.6914,-13.867 , 14.883 , -2.5625],[  1.5037,  0.907 ,162.35  ,  1.4857,  1.9529]
2523,[451.2333,-25.8606, 32.7459, -2.4001],[-0.351 ,-1.1669, 5.884 , 2.5587,-0.2167]
2532,[430.8369, 32.8244,-23.5022, -1.0971],[0.3275,0.0227,0.61  ,0.1202,0.4278]
2534,[442.5863, 36.3783,-38.3835, -2.0278],[ 0.0997, 1.8747,-0.6679, 3.5018, 0.4878]
2536,[412.3746, 44.6067,-51.354 , -1.7767],[ 0.1183, 1.1541,-1.131 , 0.3333,-0.0534]
2541,[453.0706,-32.4335, 24.5021, -1.9344],[1.4281,0.2349,0.4001,0.4897,1.2746]
2543,[477.5985,-34.3324, 37.3507, -2.7008],[ 1.4527,-0.4163,15.499 , 1.4299, 1.6591]
2545,[447.0704,-47.1517, 52.023 , -3.1588],[ 0.6029,-1.3822, 1.4279, 0.4825,-0.5673]
2554,[405.3451, 53.339 ,-48.3718, -2.542 ],[0.9518,1.672 ,0.6085,1.5581,0.7412]
2556,[415.2221, 55.9837,-58.0433, -2.4033],[ 0.5142, 6.0301,-0.2802, 1.1059,-0.1914]
2565,[467.0685,-58.6353, 64.11  , -2.2569],[ 0.3509,-0.7221, 2.861 , 2.9598, 0.938 ]
2567,[540.936 ,-65.7002, 71.021 , -2.48  ],[ 0.2469,-1.6831, 1.7897, 0.5949,-0.3397]
2600,[420.5309,  2.2221, -1.0493, -6.6722],[56.3787, 2.9429, 3.0889, 1.7244, 1.4996]
2601,[418.326 , -6.5889, 12.6657, -6.6005],[-0.4113,-2.0688,25.8075, 1.2499,-1.0217]
2602,[411.9664,  7.3955,-12.4353, -6.2098],[ 1.4697,23.817 ,-1.0483, 0.7621,-0.3709]
2610,[417.5126, 11.2655, -8.7864, -6.4875],[ 1.3895, 0.9882,20.7527, 2.1147, 1.319 ]
2612,[414.0454, 13.0352,-14.2097, -6.4124],[ 1.2948,65.5749, 0.4384, 2.399 , 1.9879]
2614,[449.8183, 27.4244,-31.9451, -7.3536],[ 0.5313, 2.9434,-1.1777, 0.2166,-0.3905]
2620,[417.4129,-11.7096,  8.2052, -5.8019],[ 0.4801,13.492 , 0.3676, 2.1306, 0.6941]
2621,[418.4103,-12.5498, 14.5513, -6.0853],[ 0.5989, 1.4675, 2.5605,26.7975, 1.0103]
2623,[448.5408,-27.3352, 33.1564, -5.7683],[-0.3349,-1.7525, 1.0751, 1.4892, 0.0147]
2632,[446.8277, 34.0132,-27.7385, -8.0704],[0.7493,0.2086,0.2802,0.9208,0.3554]
2634,[473.8694, 36.8323,-37.8728, -8.1578],[0.3649,4.4182,0.0376,0.9067,3.6751]
2636,[404.8145, 48.4526,-55.5254, -7.3244],[ 0.1588, 0.2726,-0.8829, 0.1726,-0.3872]
2641,[476.5053,-32.274 , 26.2928, -5.5113],[0.6316,1.2444,0.9355,1.5013,0.7376]
2643,[461.8109,-33.6882, 37.564 , -6.0347],[1.2649,0.2418,1.9302,5.0691,0.3138]
2645,[409.6172,-44.7795, 53.0121, -6.2661],[-0.0496,-0.8751, 1.0083, 0.1887,-0.8668]
2656,[414.3165, 51.9655,-55.873 , -6.5717],[ 0.3169, 1.7958,-0.5341, 3.5911, 0.293 ]
2665,[442.7517,-55.2833, 68.1623, -7.9192],[ 0.458 ,-0.3966, 1.6688, 2.237 , 0.3029]
2667,[488.9988,-60.5446, 71.6082, -7.0804],[-0.1748,-1.4762, 0.0473, 1.9284,-0.6063]
2700,[440.5426,  2.4618, -1.8397,-11.7542],[3.1488,3.3193,2.4547,6.1845,0.7383]
2701,[428.4068, -6.8792, 12.9565,-10.8117],[ 0.2867,-0.4031, 2.384 , 1.644 ,-0.1193]
2702,[451.1424,  7.5003,-12.7421,-11.9842],[-0.2152, 1.8485,-0.4811, 1.4034,-0.2901]
2710,[456.8542, 11.2948, -8.7724,-11.8919],[0.4273,0.6808,2.3187,2.4325,0.4664]
2712,[456.6291, 13.3933,-14.0955,-12.4801],[ 2.2265,21.6067, 0.9674, 2.9   , 1.0284]
2714,[456.8109, 25.5353,-32.6608,-13.1131],[ 0.7261, 1.0707,-0.9928, 0.8194,-0.3097]
2720,[444.9656,-12.9696,  6.4407,-12.306 ],[ 0.071 , 0.5414, 0.6907, 0.6672,-0.2218]
2721,[450.2816,-16.0064, 16.7001,-12.4149],[1.5423,0.537 ,5.    ,2.5157,0.225 ]
2723,[421.0021,-25.5167, 32.89  ,-12.2334],[ 0.1114,-0.1667, 0.9181, 0.0905,-0.5493]
2732,[489.2767, 36.3963,-26.0153,-10.0717],[0.4229,0.6182,0.0687,0.7318,0.7102]
2734,[452.1803, 36.7798,-40.1651,-11.8535],[ 3.4823, 2.3636,-0.0056, 3.0353, 0.4743]
2743,[402.7754,-30.1138, 35.9739,-10.4655],[1.1345,0.0532,0.9094,1.4123,0.0964]
2800,[475.8611,  5.8553, -4.2577,-17.9863],[ 1.2553, 1.4773,14.9861, 1.4952, 0.5437]
2801,[498.4174, -5.4614, 14.357 ,-18.3265],[0.17  ,0.0839,3.0161,0.3561,0.0853]
2802,[509.2445,  8.698 ,-11.6539,-17.6031],[0.5882,2.9613,0.11  ,0.2673,0.0373]
2810,[484.5795, 11.15  , -9.0576,-17.8491],[ 1.2678, 1.8925,11.2464, 1.6925, 0.9782]
2812,[485.2384, 12.7968,-13.1005,-17.4453],[ 0.4877, 2.878 , 0.4184,19.8236, 0.6686]
2814,[444.7451, 26.3172,-32.7613,-17.7786],[ 0.4785, 1.1853,-0.7119, 1.1742,-0.2235]
2820,[497.9407,-12.3262,  8.7161,-17.6078],[ 0.7259, 1.0445, 0.5727, 0.4665,-0.037 ]
2821,[458.2838,-18.4037, 20.1728,-17.8244],[1.7218,0.0441,6.2042,8.4915,1.0386]
2823,[407.1697,-24.7473, 30.7775,-15.4384],[ 0.4309,-0.2286, 0.7842, 0.8521,-0.1595]
2834,[423.8483, 33.0484,-37.7702,-16.7942],[ 1.5853, 2.46  ,-0.2251, 2.9489, 0.038 ]
2841,[411.4731,-31.065 , 27.9119,-17.8984],[0.4318,0.5652,0.3738,0.8129,0.2943]
2843,[429.951 ,-30.4899, 30.5138,-19.0924],[ 1.2727, 0.0425, 1.6622, 1.4659,-0.0171]
2900,[515.2377,  4.4842, -4.4681,-27.9565],[-8.2260e-02, 9.9222e-01, 2.4925e+00, 2.6457e+02, 5.1201e-02]
2901,[531.4301, -5.0909, 14.1204,-27.3266],[ 0.2007,-0.3634,37.9173, 1.0664, 0.2334]
2902,[511.4686,  7.7912,-11.6503,-28.333 ],[-3.9847e-02, 1.4494e+02,-1.9228e-01, 1.5719e-01,-6.7397e-01]
2910,[506.6938, 11.5197, -7.5994,-25.5652],[-14.2953,-14.5167,-13.8019,-13.9795,-15.5601]
2912,[495.1444, 12.7021,-12.8998,-25.8739],[ 0.2458, 6.5263,-1.1598,45.6345,-0.99  ]
2914,[480.1282, 24.319 ,-32.3548,-21.0538],[-0.0161, 1.744 ,-0.9788, 4.4265,-0.9817]
2920,[523.3435,-11.2277,  8.2141,-25.1203],[-1.081 ,-0.917 ,-0.8263,-0.2837,-1.0717]
2921,[470.0876,-15.6252, 21.0929,-23.8026],[ 0.5279,-0.7405, 2.7079,64.6234, 0.285 ]
2923,[438.6794,-25.6453, 32.5447,-21.8981],[-0.5973,-0.7061, 6.233 , 2.3225,-0.6783]
2934,[406.1421, 32.9188,-37.4673,-21.2119],[-0.4203, 4.9135,-0.2722, 0.5795,-0.9181]
3710,[645.1891, 13.3385, -5.7561,-14.3974],[ 0.2998,-0.0242, 0.7135, 0.3854, 0.4578]
3712,[707.6371, 13.5757,-14.3384,-14.2613],[ 0.376 , 1.0365, 0.0329,-0.0254, 1.7939]
3800,[653.4902,  2.2993, -3.1203,-18.624 ],[0.996 ,1.5392,0.7158,0.7698,1.166 ]
3801,[625.4154, -5.1032, 11.8314,-18.8622],[-0.2738,-0.0069, 0.4015, 0.5539,-0.5917]
3802,[675.1514,  7.9244,-13.2034,-19.0464],[-0.4394, 0.8448,-0.1945,-0.2337, 0.1582]
3810,[661.1012, 12.7905, -7.373 ,-17.1893],[0.7535,0.4543,1.6447,0.4111,0.0569]
3812,[666.6176, 15.0007,-16.5105,-17.9071],[0.6689,3.6891,0.5962,1.3667,1.2222]
3814,[608.4734, 24.359 ,-31.0932,-19.777 ],[-0.4746, 0.8985,-0.2379,-0.1883,-0.1826]
3820,[665.8869,-11.6368,  9.6636,-19.0364],[0.3371,0.1362,0.5478,0.5934,0.1023]
3821,[672.3228,-11.7706, 10.7337,-18.5146],[0.2606,0.4543,0.5026,1.1599,0.5281]
3900,[698.8881,  5.306 , -1.6582,-34.8596],[  1.8719,  1.3424,  4.5144,338.5446,  1.0114]
3901,[631.8996, -1.0429, 12.0881,-29.9873],[-1.1019,-2.0964, 3.3643, 0.605 ,-0.8821]
3902,[683.9784,  7.816 ,-12.8861,-32.1788],[-3.2109,-2.2095,-3.8766,-2.6341,-3.3602]
3910,[717.3627, 11.2156, -6.7062,-35.1778],[ 0.6427, 0.4292, 2.8449, 6.1732,-1.1663]
3912,[682.8048, 11.9586,-12.5177,-32.4757],[ 0.9918,11.6604,-0.5758,11.7241, 0.3746]
3914,[611.6588, 23.585 ,-30.8303,-20.7359],[ 0.1992,-0.3739,-1.226 ,-0.0767,-0.0124]
3920,[718.8325,-11.4923,  7.9394,-28.1057],[ 0.5268, 2.9708,-0.0838, 2.0708, 0.1277]
3921,[687.1137,-12.0101, 11.7497,-27.2092],[ 0.8708,-0.5103, 3.131 ,-0.0393, 0.9732]
4800,[821.8242, -5.6125, -6.4932,-19.7455],[0.0636,0.6462,0.3026,0.1243,0.6832]
4802,[ 8.0415e+02,-1.5103e-01,-1.1673e+01,-1.9182e+01],[-0.7208,-0.0131,-0.4616,-0.2946,-0.0701]
4820,[827.8687,-11.8078,  8.9063,-17.5591],[ 0.2514, 0.1344,-0.1511,-0.1812, 0.6101]
4821,[869.4812,-12.2897, 10.7091,-18.7925],[ 0.6144,-0.4196, 0.972 ,-0.1471, 0.5329]
4900,[896.2209,  5.9128, -1.3164,-36.2547],[  2.9506,  0.9442,205.9427,  2.037 ,  2.8262]
4901,[914.9636, -5.081 , 13.4798,-36.9582],[-0.5026,-1.8036, 0.8278,-1.1712,-1.0991]
4902,[943.7827,  8.0019,-12.3642,-35.1836],[ 0.1883,31.5599,-1.0512, 0.7912,-0.6156]
4910,[881.2077, 10.8143, -7.5225,-35.0516],[9.9836,1.2319,0.9869,0.9668,1.861 ]
4912,[908.3283, 10.9021,-11.6261,-35.1743],[ 1.2464,26.268 ,-0.1457, 1.0565, 1.3161]
4920,[910.5077,-12.627 ,  5.9819,-32.4358],[-0.2726, 0.731 ,-0.9505,-0.2479, 0.1964]
4921,[895.2111,-12.5163, 11.243 ,-29.7768],[ 1.1842,-0.164 , 6.7958, 0.7727, 0.327 ]
5700,[1091.3063,   5.5889,  -8.3   , -14.4909],[-0.0676,-0.0956, 0.5192,-0.2959, 0.3235]
5800,[1131.27  ,   1.2396,  -3.5953, -17.5181],[-0.1419,-0.1165, 0.2975,-1.0824, 0.6335]
5802,[1034.6287,   7.2373, -10.3819, -19.28  ],[-0.3963,-0.1736,-0.3339,-0.9182,-0.4306]
5810,[1131.2881,  10.8795,  -8.4243, -19.034 ],[-0.2641,-0.4572, 0.5272,-0.6016, 0.5179]
5812,[1161.1901,  10.8689, -11.2325, -17.875 ],[-0.2054, 0.9212,-0.5026,-0.4459, 0.504 ]
5820,[1049.6405, -10.865 ,   6.0832, -18.5341],[-0.192 , 0.113 ,-0.5585,-0.2079, 0.4711]
5821,[1074.6702, -11.2945,  10.0499, -19.8467],[ 0.3491,-0.1747, 0.4035,-0.2475, 0.8149]
5900,[1103.8013,   5.8916,  -4.7997, -29.8114],[  1.1293,  1.1688,  4.4756, -0.2306,203.2759]
5901,[1152.2911,  -6.9257,  13.0352, -28.1853],[-1.0236,-1.5206, 2.085 ,-0.4742, 0.3491]
5902,[1107.5137,   6.8375, -11.6715, -29.9077],[-4.6966e-02, 1.0848e+02,-7.5402e-01,-4.4981e-01, 8.1921e-01]
5910,[1081.1763,  11.108 ,  -8.4025, -30.5746],[ 1.5515, 0.5752, 8.57  ,-0.5479, 2.6728]
5912,[1068.7716,  11.4637, -11.7454, -30.7607],[ 0.7508,10.5308,-0.8975,-0.2338,11.1791]
5920,[1070.1941, -11.7817,   7.3602, -29.8618],[-0.6789,-0.6031,-0.882 ,-0.7095,-0.4973]
5921,[1121.7299, -13.8624,  14.4996, -29.5078],[ 0.8056,-0.6446, 4.5543,-0.0675, 2.2633]
6700,[ 1.3727e+03, 1.5107e-01, 1.4789e+00,-1.4094e+01],[-0.2339, 0.1694, 0.8936,-1.1632, 3.836 ]
6701,[1387.2699,  -2.2097,  12.4116, -13.6993],[-0.733 ,-1.7489, 0.3626,-1.3961,-0.0704]
6702,[1343.2633,   5.3013, -12.7141, -14.4131],[-0.646 , 0.1258,-1.8864,-1.5838, 0.5445]
6712,[1281.1432,  12.9434, -24.4955, -14.6422],[-0.7652, 0.5934,-1.3225,-1.2733, 1.2971]
6800,[ 1.3619e+03, 7.1937e-01,-4.8886e-01,-1.8180e+01],[-7.8492,-7.6515,-7.4341,-9.4069,-6.8631]
6801,[1368.8212,  -2.1202,  14.6206, -18.1871],[-1.5421,-2.97  , 0.3807,-2.925 ,-0.5956]
6802,[1350.0206,   5.1212, -13.1198, -18.0999],[-8.1508,-7.6882,-8.1789,-9.2092,-7.1196]
6810,[1354.9545,  11.1997,  -6.4322, -18.557 ],[-0.611 ,-0.4374, 0.1364,-1.5296, 0.6386]
6812,[1313.0352,  12.7362, -18.3969, -17.8894],[-0.6679, 0.2324,-1.9668,-2.1045, 0.7339]
6900,[1290.3344,   1.8412,  -4.2656, -23.7283],[ 0.2723, 0.9176,73.0657,-0.7719, 2.405 ]
6901,[1306.096 ,  -6.2251,  15.0364, -23.9188],[-0.0201,-1.368 ,19.0861,-0.9568, 0.3656]
6902,[1273.6054,   5.6922, -11.6462, -24.7723],[ 0.4763,63.1129,-0.5802,-0.8126, 0.8378]
6910,[1273.1884,  11.559 ,  -7.0286, -25.9721],[-0.2958,-2.0758, 0.1168,-2.8136,-0.153 ]
6912,[1286.4588,  13.1803, -16.6845, -24.8904],[-0.3613, 2.9883,-2.5403,-2.2353, 3.3077]
6921,[1254.1345, -12.7509,  19.2849, -26.6051],[-0.1883,-1.8831, 0.9664,-0.7282, 0.2983]
7422,[ 1.4873e+03,-2.4039e+01,-2.2141e+01, 9.9263e-01],[-3.0581,-2.1138,-4.9832,-3.9675,-2.0688]
7442,[ 1.5014e+03,-3.2841e+01,-1.6699e+01, 8.5411e-01],[-1.974 ,-1.7828,-3.3025,-2.4075,-0.9773]
7500,[1493.5449,  -1.691 ,  -6.9822,  -4.1293],[-0.7886,-1.7341,-0.4866,-2.1581, 0.1087]
7502,[1500.6062,  -7.0633, -22.0528,  -3.9915],[-1.7267,-0.4323,-3.4704,-3.1479,-0.249 ]
7522,[1480.2146, -22.9707, -22.7808,  -2.9827],[-2.229 ,-0.1706,-6.0897,-5.0531, 0.2073]
7542,[ 1.5129e+03,-3.5438e+01,-1.4324e+01,-4.2849e-01],[ -9.1312, -7.0555,-11.1604,-10.9277, -7.8688]
7600,[ 1.4691e+03, 1.9579e-01,-4.1492e+00,-8.6950e+00],[-1.227 ,-2.0249,-1.537 ,-2.2975, 0.8025]
7601,[ 1.4399e+03,-9.0501e-01, 1.1207e+01,-9.8569e+00],[-1.5376,-2.1494,-0.8452,-2.09  ,-1.5126]
7602,[1483.8025,  -6.0379, -22.4733,  -8.4212],[-7.0653,-6.0018,-9.6407,-8.5724,-5.8904]
7604,[1497.1294,  -7.1783, -30.8354,  -8.9146],[-7.6999,-6.7917,-9.7828,-8.3314,-7.2416]
7622,[1475.0735, -14.4844, -25.8331,  -6.5851],[-3.5294,-2.1255,-7.3216,-5.6153,-2.687 ]
7624,[1485.5081, -11.9488, -30.565 ,  -7.9139],[-3.2139,-2.5943,-5.281 ,-3.7674,-2.6872]
7700,[ 1.4469e+03, 4.1823e-01,-2.9541e+00,-1.3248e+01],[-5.1093,-5.4547,-5.794 ,-6.4608,-4.0747]
7701,[1430.3009,  -1.7317,  12.2207, -13.1743],[-2.4131,-3.4919,-0.8359,-3.2058,-2.108 ]
7702,[1473.5977,  -1.5435, -18.7346, -12.1502],[-11.5039,-10.2587,-13.849 ,-13.1262,-11.2762]
7704,[1500.8478,  -4.7936, -30.9645, -10.6805],[-6.1946,-5.1055,-7.9259,-6.5226,-5.6277]
7800,[ 1.4248e+03, 1.5318e+00,-1.3357e+00,-1.6793e+01],[-21.9908,-22.1095,-21.7748,-23.1957,-21.5041]
7801,[ 1.4165e+03,-8.6730e-01, 1.2463e+01,-1.6909e+01],[-3.364 ,-4.27  ,-1.4749,-4.0904,-3.1777]
7802,[1449.7596,   3.6194, -14.5823, -16.51  ],[-15.8446,-15.0512,-16.6676,-16.801 ,-15.5742]
7810,[1405.5953,  10.1653,  -7.2699, -16.1171],[-1.0647,-1.269 ,-0.4012,-1.7823,-0.5865]
7812,[1439.1415,  13.4149, -23.412 , -18.1528],[-0.5472,-0.3913,-2.5783,-2.3506,-0.1573]
7814,[1462.0585,  12.9116, -30.7012, -18.9939],[-1.7927e+00, 1.0439e-03,-2.3768e+00,-2.1738e+00,-9.6193e-01]
7900,[ 1.4123e+03, 4.6386e+00,-1.1369e+00,-2.0716e+01],[-3.7969,-3.9292,-3.7016,-4.5719,-3.5931]
7901,[ 1.4064e+03, 4.1307e-01, 1.4540e+01,-2.0825e+01],[-0.8686,-2.4789,-1.0562,-2.1417,-1.2193]
7902,[1417.9014,   6.8736, -14.1773, -20.7763],[-2.7586,-2.3568,-2.9588,-3.5838,-2.5042]
7904,[1466.2601,   9.0138, -31.3059, -20.4479],[-0.4409,-0.3463,-0.6399,-0.543 ,-0.4308]
7912,[1431.0687,  12.6149, -17.324 , -21.8467],[-1.4603,-0.4726,-2.8264,-2.3964,-0.5924]
7914,[1464.7324,  10.5796, -31.3973, -20.7327],[-0.6388, 1.9119,-2.0817,-0.8921,-0.0471]
