200,[192.2523, -8.6775,  9.4481, 10.3584],[0.1535,0.7893,0.4433,0.526 ,0.777 ]
212,[189.9613, 13.3268,-22.4226, 10.9569],[ 0.8416, 1.038 ,-0.0672, 1.021 , 0.6855]
300,[180.7844, -1.3248,  0.3732,  6.6363],[ 0.0367, 1.0923, 0.4751, 0.5952,-0.6808]
301,[180.2519, -8.3097, 11.5934,  7.8896],[-0.1716,-0.56  , 0.7525,-0.0733,-0.3122]
302,[179.6956,  6.3534,-13.7426,  7.5838],[-0.2379, 0.9487,-1.123 , 0.0079,-0.5414]
310,[177.1777, 11.5642, -8.71  ,  5.7017],[-0.2893,-0.6341, 0.8311,-0.0109, 0.1271]
312,[189.6019, 20.6793,-23.3224,  6.3736],[ 0.5931, 2.2333, 1.2487, 0.2796,-0.0666]
314,[181.7204, 19.6482,-32.6217,  6.2508],[-0.4538, 1.6787,-0.6633,-0.0999, 0.3389]
320,[192.5507,-13.1535,  5.0582,  7.3463],[-0.0408, 1.6093,-1.5084,-0.4256,-0.731 ]
321,[184.8642,-17.3849, 17.848 ,  6.7345],[ 0.7539,-0.2246, 1.6846, 1.6531, 0.2961]
323,[178.8365,-28.5038, 34.5665,  5.5316],[ 0.2958,-0.7362, 0.5587, 0.3491, 0.1469]
341,[180.7498,-32.4753, 25.5445,  5.905 ],[ 0.0124, 0.4455,-0.3266, 0.0107,-0.3045]
343,[187.1996,-32.6137, 36.5873,  5.8766],[ 0.3293,-0.2746, 0.7021, 1.1935,-0.1396]
400,[1.8153e+02,6.1905e-01,2.6549e-02,2.2045e+00],[ 0.4647, 0.8953, 0.106 , 1.2955,-0.7711]
401,[184.6185, -6.9796, 13.065 ,  1.7094],[-0.4786,-1.1114, 0.7984,-0.3464,-0.8794]
402,[179.7292,  6.4588,-13.8546,  1.9073],[-0.2111, 0.6772,-1.4516,-0.3609,-0.6665]
410,[180.4081, 13.0188, -5.9338,  1.3077],[-0.2937,-1.0874, 1.0418,-0.4881,-0.1738]
412,[183.6321, 18.4302,-20.2283,  1.9674],[ 0.2504, 1.9499, 0.5951, 2.1231,-0.5388]
414,[190.1324, 23.4019,-34.0828,  2.8244],[-0.5627, 0.9278,-0.7101, 0.426 ,-0.1506]
420,[180.8971,-12.6248,  5.8429,  2.042 ],[-1.1623, 1.1466,-0.8271,-0.1782,-0.6392]
421,[179.9296,-16.2176, 18.4231,  2.0582],[ 0.6287,-0.0195, 1.1196, 1.7001,-0.9186]
423,[173.5661,-26.5171, 32.1087,  1.4989],[ 0.3142,-0.7911, 0.1874, 0.2957,-0.9266]
434,[197.503 , 30.2205,-37.5559,  4.2297],[ 0.7436, 0.5793, 0.0323, 2.0835,-0.0696]
443,[183.4237,-37.1567, 39.1414,  2.0309],[-0.3854,-0.2458, 1.1385, 1.6199,-0.8343]
500,[180.0254,  1.0758,  1.0802, -2.4082],[ 1.1978, 1.7478, 0.245 , 3.1528,-0.5722]
501,[183.3522, -6.9174, 13.3167, -2.1093],[-0.3337,-1.0778, 1.1467,-0.4143,-1.3291]
502,[182.9952,  6.0041,-13.9697, -2.0955],[-0.5042, 1.2331,-0.7387,-0.2705,-0.9035]
510,[189.1407, 12.5648, -5.3441, -2.6355],[-0.4224,-1.3286, 1.7171,-0.8499,-0.7825]
512,[181.4818, 16.8534,-17.7122, -2.0335],[ 0.1537, 0.6319,-0.1552, 2.0844,-0.4096]
514,[191.2719, 19.887 ,-36.02  , -0.2871],[-0.1525, 0.7873,-0.6314, 0.2887,-0.9643]
520,[178.3866,-13.1848,  6.0213, -1.5404],[ 0.223 , 0.336 ,-0.7344,-0.4002,-1.0529]
521,[182.8242,-17.0859, 19.5918, -2.3342],[-0.3448, 0.0066, 0.9899, 2.8328,-1.0682]
523,[185.7337,-25.9389, 32.9276, -2.3207],[-0.6367,-0.9364, 0.6937,-0.2208,-0.8694]
532,[188.6093, 32.0673,-26.5812, -3.8342],[-0.7161,-0.8205,-0.1105,-0.4006,-1.1668]
541,[168.845 ,-33.525 , 26.5555, -3.8242],[-0.6845,-0.0646,-0.3606,-0.1542,-0.8965]
543,[187.753 ,-34.5302, 38.4256, -2.0743],[-0.4022,-0.4384, 0.4916, 1.6141,-1.5179]
600,[180.1651,  2.5287,  0.3149, -6.9486],[-0.6965, 0.3598, 1.5482, 2.3753,-1.681 ]
601,[184.8276, -4.7703, 13.8669, -6.6334],[-0.5163,-1.0489, 2.051 , 0.3883,-1.188 ]
602,[191.9027,  6.3782,-12.8247, -5.3479],[-0.2944, 1.0643,-0.601 , 0.0089,-0.7051]
610,[189.466 , 13.5201, -4.4125, -7.0192],[-0.9811,-0.7898, 0.4267,-1.0967,-1.7648]
612,[185.4041, 16.9073,-14.7428, -7.0169],[-1.5553,-0.1106,-1.2832,-0.1381,-2.5708]
620,[183.7816,-11.9227,  7.4914, -6.4118],[ 0.2213, 0.2979,-0.7881,-0.0464,-0.4554]
621,[186.9367,-17.5755, 21.0234, -6.7318],[-0.2512,-0.6316, 1.1446, 2.6135,-1.4118]
623,[191.8065,-26.1108, 33.4932, -6.3032],[ 0.0716,-0.6997, 0.0736, 2.0625,-1.2932]
632,[196.5817, 30.3003,-22.4204, -8.0489],[-1.2869,-1.3746,-0.4833,-1.062 ,-2.2339]
643,[191.9735,-34.8399, 36.6232, -7.272 ],[-0.138 ,-0.7291, 1.3861, 1.6269,-1.469 ]
700,[185.6686,  3.6402, -1.8691,-11.6158],[-1.045 ,-0.8965,-0.6513, 1.0304,-2.9862]
701,[180.3044, -8.2535, 13.7705,-11.0963],[ 0.4272,-0.6088, 2.2529,-0.0234,-1.2127]
710,[183.5154, 16.2329, -5.326 ,-10.7243],[-0.4118,-1.3795,-0.1904,-0.1815,-2.1689]
712,[193.8819, 20.8748,-11.5799,-11.3444],[-1.5679,-1.902 ,-2.1539,-2.08  ,-3.5471]
721,[194.3448,-12.9068, 20.7844,-10.3993],[-0.2588,-0.6586,-0.0064, 1.7503,-1.5605]
723,[199.8844,-29.1381, 34.1514,-10.0213],[-0.1072,-0.7318, 1.577 , 1.5386,-0.6848]
1200,[335.1762,  2.3066, -3.8146, 10.5469],[1.3083,2.6594,1.1068,0.3965,5.1889]
1201,[322.6671, -7.464 , 12.2856, 10.559 ],[-0.24  ,-0.563 , 0.5756,-0.2052, 0.9367]
1202,[344.901 ,  7.9185,-12.7827, 10.3926],[-0.2024, 7.3263,-0.7661,-0.1198, 2.2212]
1210,[307.5499, 13.9423, -4.395 , 10.5153],[ 0.3614,-0.7487, 2.1278,-0.3754, 0.3384]
1212,[332.463 , 14.519 ,-17.3121, 10.5342],[ 1.3538, 2.5026, 0.0817,-0.049 , 6.349 ]
1214,[248.3665, 21.92  ,-34.9757, 10.8809],[ 0.0906, 2.5779,-0.9185,-0.8757, 2.7635]
1220,[325.3144,-13.5265,  4.8494, 10.4918],[-0.8106, 1.3431,-0.4783,-0.969 ,-0.3273]
1221,[326.4863,-20.8356, 18.3315, 10.7397],[1.8065,0.3196,1.0762,0.7195,3.702 ]
1223,[382.7996,-27.8455, 38.6996, 10.1934],[ 0.7   ,-0.6215, 2.3494,-0.1062, 0.4432]
1232,[335.8012, 32.4986,-23.5458, 10.7096],[0.3403,0.4167,0.6641,0.0767,1.5694]
1234,[336.7422, 35.2031,-34.7264, 10.7677],[ 1.413 , 1.4154,-0.1029, 1.2876, 3.0225]
1241,[353.3611,-33.3913, 24.3024, 11.1313],[ 0.0739, 1.8015,-0.0822,-0.1521, 0.7066]
1243,[334.5018,-39.8027, 38.2008, 10.5935],[ 0.7137,-0.3237, 1.8856, 0.4685, 3.2228]
1245,[345.5183,-43.5803, 50.8014, 10.6394],[ 0.2111,-0.1937, 0.4792, 0.1082, 0.5716]
1300,[362.5167, -0.4696,  0.4782,  6.6155],[ 1.7341, 2.7736,16.5457, 0.8996, 3.5997]
1301,[371.3262, -8.4842, 11.5902,  5.6391],[ 0.6929,-0.0637,21.2176, 0.2469, 0.8323]
1302,[350.8544,  7.5134,-12.2739,  7.8841],[ 0.4865,18.9154,-0.2324, 0.0918, 0.898 ]
1310,[363.9302, 11.4716, -7.8689,  6.4832],[ 0.2272,-0.2724,11.8105,-0.049 , 1.6097]
1311,[293.5678, 10.494 , 10.745 ,  7.144 ],[-0.4071,-0.3502, 0.044 ,-0.3662, 0.087 ]
1312,[350.2812, 14.2387,-15.6063,  7.0223],[ 1.0684,32.5319, 0.6464, 2.3254, 3.6642]
1314,[309.309 , 26.4659,-32.5629,  6.9353],[ 0.5247, 5.6711,-1.1799, 0.9653, 3.3869]
1320,[331.6489,-12.8873,  5.7702,  7.4999],[-3.4597,-2.3471,-3.7577,-3.9426,-2.6275]
1321,[323.3495,-15.9762, 17.5329,  7.0955],[ 1.6173, 0.6656,22.8069, 1.1081, 2.3836]
1322,[300.7653,-14.5421,-11.3993,  7.4783],[-0.9079,-0.6349,-1.291 ,-1.2993,-0.4916]
1323,[301.3201,-25.7792, 32.2372,  7.4166],[-0.3659,-0.296 , 4.3311,-0.129 , 0.7068]
1332,[324.3951, 33.5419,-25.3067,  7.2513],[ 0.0526,-0.0748, 0.1824,-0.1158,-0.449 ]
1334,[309.4103, 35.9061,-37.8037,  7.0408],[ 1.3922,12.0631, 0.6293, 1.4881, 0.7539]
1336,[316.2368, 45.5885,-52.4571,  5.3601],[ 0.4847, 4.3758,-0.366 , 1.3075, 3.6377]
1340,[306.8667,-34.1707,  9.9936,  7.2061],[-0.7446,-0.2641,-1.4819,-1.0569,-1.1477]
1341,[319.7394,-33.7767, 24.1874,  7.1842],[-1.6817,-0.5367,-1.8797,-1.9774,-1.5994]
1343,[313.6084,-38.4605, 37.8668,  6.8232],[ 2.9248,-0.0568, 5.673 , 1.5157, 1.0353]
1345,[321.1216,-45.9431, 52.676 ,  7.0473],[ 0.3577,-0.8621, 2.8665, 0.287 , 2.2472]
1354,[364.2493, 51.3298,-43.6242,  5.5051],[0.4514,0.1795,0.4072,0.0164,0.1611]
1363,[345.1293,-51.2395, 45.7325,  6.0903],[-0.0314,-0.0067,-0.0768, 0.1231,-0.5357]
1365,[310.8963,-51.4522, 54.0462,  6.0954],[ 2.4549,-0.4384, 2.3911, 2.4501, 1.3954]
1400,[359.6281, -2.7486,  3.1949,  3.0674],[  2.0862,173.7849,  6.7984,  1.571 ,  1.6147]
1401,[372.9421, -8.9469, 11.1546,  3.3838],[ 1.0310e+00,-2.3582e-01, 6.5687e+01, 1.5937e-02, 8.8573e-01]
1402,[352.69  ,  7.6933,-12.3403,  2.1644],[ 0.3937, 6.1629,-0.5898, 0.0941, 0.0837]
1410,[357.2423, 11.2119, -8.3454,  2.5674],[ 0.2522,-0.6665,17.169 ,-0.0846, 0.0189]
1411,[387.4881, 11.1405, 13.4961,  2.2883],[-0.3578,-0.6704, 0.3076,-0.2982,-0.6165]
1412,[357.2489, 13.1923,-14.1884,  2.2777],[ 1.4496,84.1032, 1.1119, 1.4039, 0.8875]
1414,[322.9959, 24.9561,-32.8391,  2.0604],[ 0.6675,16.2303,-0.7672, 0.6534, 0.5151]
1416,[215.8083, 29.5964,-50.2787,  0.9345],[-0.7887,-0.3551,-0.9338,-0.8632,-0.4057]
1420,[364.0664,-11.1759,  8.4271,  1.9472],[ 1.0935e-01, 8.0445e+01,-7.3137e-01, 9.2104e-05, 1.4665e+00]
1421,[363.0261,-12.7228, 13.0491,  1.8642],[ 2.1843, 1.017 ,70.7319, 1.4038, 1.5366]
1422,[230.1306,-11.4544,-10.3119,  4.2318],[-1.1792,-0.6888,-1.5356,-0.9792,-1.3445]
1423,[291.7645,-26.94  , 33.1683,  1.6914],[ 1.1653,-1.3231, 2.4645, 0.6261,-0.3598]
1430,[241.0295, 33.5191, -9.5527,  3.31  ],[-0.4022,-0.5942, 0.5762,-0.1629,-0.6704]
1432,[288.1658, 34.067 ,-25.4468,  2.1648],[-0.4409,-1.1447,-0.3997,-0.0896,-0.8805]
1434,[308.5507, 35.8863,-36.5896,  2.4682],[1.4849,3.5407,0.0647,9.6087,1.2061]
1436,[306.3491, 44.8753,-53.1635,  2.933 ],[ 0.5286, 9.7806,-0.7664, 1.0607, 0.4259]
1440,[383.8209,-31.5029,  4.8284,  4.5294],[-1.3901,-0.6931,-1.6834,-1.2093,-1.4006]
1441,[292.6461,-33.4053, 25.3928,  2.8013],[-2.1656,-1.9803,-2.8029,-1.9704,-2.3621]
1443,[293.2295,-36.8006, 38.3397,  2.4182],[ 2.3363,-0.8751, 2.2837, 3.8256, 0.848 ]
1445,[309.0515,-46.1952, 53.0877,  2.053 ],[ 0.4477,-0.599 , 7.1124, 0.221 , 0.1767]
1454,[340.0707, 53.0197,-46.6094,  2.0666],[-0.1475,-0.2745,-0.0767, 0.0058,-0.2862]
1456,[369.6114, 54.7873,-55.8338,  2.3946],[ 1.5984, 4.1388,-0.4401, 1.8499, 1.0619]
1463,[341.1673,-52.621 , 44.7944,  3.2542],[-0.9112,-1.0869,-1.2121,-0.4888,-1.625 ]
1465,[357.3227,-55.6544, 56.2179,  1.7042],[3.9381e-01,1.8518e-03,7.8322e+00,1.8987e+00,7.9170e-01]
1500,[351.1728,  1.2619, -0.5197, -2.4099],[ 1.6668, 0.942 , 1.458 ,55.7726, 0.6448]
1501,[363.7574, -6.5984, 13.4123, -2.4177],[-4.8434,-6.2008,-3.9937,-5.1986,-5.5026]
1502,[366.9977,  6.6033,-12.1158, -2.1144],[ 0.395 ,16.5073,-1.3734, 0.1937,-0.7811]
1510,[355.7723, 11.6217, -7.8775, -2.6312],[ 0.683 ,-0.3898,40.8518, 1.2842,-0.1789]
1511,[215.8599, 10.2899, 10.6686, -1.7179],[-0.0538,-0.8373,-0.3497,-0.3334,-0.3102]
1512,[356.3737, 13.1774,-13.3341, -2.4593],[1.8580e+00,7.1305e+00,3.8258e-02,3.9193e+01,9.0113e-01]
1514,[338.8759, 26.1947,-32.8839, -1.8252],[-0.0155, 6.7993,-0.999 , 1.0867,-0.5562]
1520,[366.9987,-11.2121,  8.5494, -2.0061],[ 0.6205,64.3664,-0.2187, 0.7585, 0.1733]
1521,[365.6023,-13.2915, 14.0604, -2.4496],[  1.4784,  0.5136,117.921 ,  2.1934,  0.417 ]
1522,[243.1277,-12.9203,-12.7556, -0.3067],[-0.4525,-0.4604,-1.0296,-0.5691,-0.8553]
1523,[306.243 ,-26.0811, 33.2719, -2.5693],[ 1.0961,-0.6825, 8.1921, 2.1042, 0.0836]
1532,[267.7906, 33.9035,-24.7116, -2.5384],[-0.9409,-1.3106,-0.5715,-0.6878,-1.5119]
1534,[303.4034, 39.0133,-37.0745, -2.7384],[ 0.1656, 2.2739,-0.4689, 6.3612, 0.0797]
1536,[311.2225, 47.0517,-55.9265, -2.5409],[ 0.0603, 3.5745,-0.658 , 0.2069, 0.2989]
1540,[258.7859,-32.6588,  9.9016, -2.1198],[-0.4335,-0.0719,-1.0079,-0.4808,-0.5179]
1541,[288.5033,-33.1551, 25.2641, -1.8548],[-1.1223,-0.8929,-1.1565,-0.1813,-1.2716]
1543,[289.7739,-36.0166, 40.1049, -2.1487],[ 5.2755,-0.1671, 4.6995, 1.8286, 0.1992]
1545,[323.8996,-44.9238, 54.5503, -2.6645],[-0.2256,-0.7264, 7.3275, 1.6314, 0.2801]
1554,[337.7699, 52.172 ,-46.6902, -1.827 ],[-0.3656,-0.0841,-0.1878, 0.2833,-0.6352]
1556,[356.6612, 55.0795,-57.9175, -2.6323],[ 0.338 , 2.1796,-0.6506, 3.9378,-0.1591]
1563,[322.5684,-51.7742, 45.6009, -1.8458],[-0.4052,-0.2348,-0.5349, 0.3099,-0.5193]
1565,[347.2588,-54.9023, 59.1361, -2.2751],[ 1.0152,-0.4148, 2.1194, 8.0684,-0.0485]
1600,[ 3.5677e+02, 8.6815e-01, 1.1668e-01,-7.1039e+00],[ 0.6184, 1.2604, 1.91  ,13.225 , 0.3902]
1601,[367.9872, -6.8356, 13.5139, -7.3543],[-2.8254,-4.425 ,-0.6228,-2.3274,-3.5376]
1602,[387.2368,  7.1354,-12.8501, -7.4917],[ 0.7802,10.7192,-0.8338, 0.1419,-0.7453]
1603,[240.3396, -6.6281, 31.8763, -7.94  ],[-0.1069,-0.3419, 0.1415,-0.0314,-0.3423]
1610,[363.8956, 11.7297, -7.8259, -7.2404],[ 0.5727,-0.1111, 2.298 , 2.9439,-1.6165]
1611,[304.8794, 11.3729, 11.2646, -8.6798],[ 0.2128, 0.0217,-0.0131,-0.3254,-0.4149]
1612,[368.1014, 13.8363,-14.6402, -7.4327],[ 0.9447,22.2345, 0.0815,23.0165,-0.1673]
1614,[328.4092, 27.1822,-31.6658, -7.2977],[ 0.4802, 1.7624,-1.0416, 1.7017,-0.2712]
1620,[382.1461,-11.2281,  8.6644, -6.9636],[ 0.1836,25.5786, 0.0771, 2.93  ,-0.434 ]
1621,[376.0727,-12.8901, 14.3202, -7.1119],[ 1.9975, 0.2676, 2.1632,53.7102,-0.1961]
1623,[287.4105,-24.4648, 34.2734, -6.8291],[ 1.6114,-0.946 , 3.622 ,-0.0143,-0.5022]
1632,[280.9923, 32.9837,-25.6377, -7.5091],[-2.4442,-2.3387,-2.946 ,-2.4985,-3.1918]
1634,[301.8027, 38.2981,-38.0606, -7.7462],[ 0.2349, 0.6308,-1.8641, 2.0402,-1.4788]
1636,[345.8827, 46.135 ,-52.5243, -7.4294],[ 0.8664, 1.9039,-0.7865, 0.5372,-0.4879]
1641,[320.586 ,-33.2762, 25.048 , -7.001 ],[-0.1044,-0.8026, 0.3633,-0.0675,-0.4824]
1643,[300.2109,-35.3197, 41.4376, -7.1194],[ 2.0342,-0.4099, 1.9342, 7.1196, 0.3163]
1645,[311.0625,-43.6509, 54.1115, -6.9667],[ 0.2538,-0.4439, 4.9316, 2.4266,-0.3558]
1654,[340.7258, 51.665 ,-47.8632, -6.1148],[-0.1843, 0.0417,-0.8567,-0.2436,-1.092 ]
1656,[359.3411, 53.3726,-57.2385, -7.039 ],[ 0.7474, 1.9954,-0.1976, 2.4886,-0.8875]
1663,[341.345 ,-50.0428, 47.5213, -6.2439],[ 0.1804,-0.0449, 0.1278, 0.1573,-0.6353]
1665,[325.7223,-53.6594, 61.776 , -6.8005],[ 0.8149,-0.4474, 1.8351, 4.2229, 0.0639]
1700,[ 3.1203e+02, 4.2961e+00,-2.9626e-01,-1.1879e+01],[-7.925 ,-8.4784,-7.1012,-7.039 ,-8.5767]
1701,[325.6571, -5.3961, 14.7698,-11.5374],[-3.8814,-4.8161,-3.5573,-3.6919,-5.3066]
1702,[377.524 ,  8.3596,-13.1041,-11.0595],[-0.3564, 0.905 ,-0.9821, 0.5878,-1.1422]
1710,[330.3586, 12.5754, -6.7304,-12.3515],[-5.5059,-6.0794,-5.3156,-4.4582,-6.2976]
1712,[337.9018, 16.8369,-16.1184,-12.0706],[-13.3657,-13.2533,-14.3128,-12.411 ,-14.3554]
1714,[332.2672, 28.3122,-32.6556,-13.1684],[ 0.0606, 3.2837, 0.0921, 0.5347,-0.8737]
1720,[378.8894,-11.047 ,  8.6064,-10.641 ],[-0.2191,-0.5537,-0.2439, 1.2091,-1.1634]
1721,[365.0521,-13.1409, 16.6692,-10.9272],[-1.6135,-3.5247,-1.4855,-0.8703,-3.3385]
1723,[288.8581,-22.3879, 34.8652,-11.9558],[-0.1483,-0.7533, 3.1656, 0.3508,-0.9355]
1732,[300.7557, 32.6319,-25.6965,-12.3079],[-3.9527,-3.6593,-3.4569,-3.1382,-4.7002]
1734,[326.105 , 35.7016,-37.2124,-12.3803],[-1.456 ,-1.2937,-3.0312,-1.4114,-3.9711]
1736,[365.7417, 46.1208,-52.6882,-11.8261],[ 0.1013, 1.8639,-0.4147, 2.5437,-0.0998]
1741,[342.4917,-31.9238, 28.1752,-11.4059],[ 0.2794, 0.299 ,-0.3819, 0.2617,-0.3206]
1743,[311.4932,-33.5355, 41.0636,-12.1358],[ 0.4678,-0.6023, 0.517 , 5.3785,-0.3073]
1745,[291.4929,-43.0845, 53.6841,-11.2525],[ 0.564 ,-0.8642, 1.1842, 1.6992,-0.3294]
1754,[379.6501, 50.2092,-49.0793,-11.2891],[-0.3168,-0.1305,-1.0146, 0.4248,-1.3834]
1756,[373.5598, 50.996 ,-50.7382,-10.2986],[-0.1011, 2.5195,-0.9959, 2.1193,-1.1669]
1800,[322.0983,  6.2289, -0.9253,-16.8879],[-3.3711,-3.1591,-2.8769,-2.9752,-4.5942]
1801,[305.8761, -3.3012, 14.548 ,-16.7329],[-0.5961,-1.6345, 0.3998, 0.513 ,-1.6373]
1802,[361.9952,  7.6741,-14.783 ,-16.8808],[-0.1055, 0.0678,-0.5099,-0.24  ,-0.5168]
1810,[339.5144, 13.2616, -6.9238,-16.9197],[-3.6562,-3.9971,-3.0354,-3.0008,-4.9578]
1811,[350.5438, 10.8366, 10.9786,-18.8463],[ 0.0234,-0.2159, 0.365 ,-0.0908,-0.2353]
1812,[351.2799, 19.8609,-18.7211,-17.4549],[-15.5826,-15.5105,-16.8526,-15.6775,-17.1981]
1814,[358.3639, 27.4724,-32.4657,-17.4956],[ 1.5334, 3.8189,-0.132 , 5.5272,-0.3211]
1820,[321.7908,-12.1332,  9.2134,-15.5451],[ 0.1609, 0.6078, 0.0182, 0.2726,-0.092 ]
1821,[332.3601,-12.9865, 17.6307,-16.4297],[ 0.0696,-0.4052, 1.6622, 2.3757,-0.9818]
1823,[284.2963,-20.5221, 35.9274,-15.9849],[ 0.593 ,-0.4127, 0.9982, 2.2984,-1.1467]
1832,[340.6912, 31.4667,-27.0926,-16.7885],[-1.4373,-1.5902,-1.4539,-1.0759,-2.7149]
1834,[349.721 , 34.323 ,-36.6353,-16.8009],[-2.6522,-2.7754,-4.5788,-1.8506,-5.1987]
1900,[356.7422,  3.9349,  0.51  ,-21.753 ],[-13.3647,-12.8314,-13.5928,-12.8115,-14.1097]
1901,[344.2467,  3.6438, 11.5782,-21.0756],[-0.5664,-0.7623, 1.2888, 2.126 ,-1.9695]
1902,[373.1155,  3.9809,-18.4515,-20.8323],[-6.766 ,-6.6991,-6.9595,-6.0422,-7.125 ]
1910,[363.1219, 13.1752, -6.6884,-21.4819],[ -9.0441, -9.0228, -8.2401, -9.0436,-10.0119]
1912,[379.5615, 18.5452,-18.9875,-21.4873],[-68.4758,-68.7497,-68.8708,-67.8443,-68.8922]
1914,[379.2707, 26.0614,-32.2855,-21.4256],[ 0.7711,26.4207,-0.2323, 0.3273,-1.3738]
1920,[382.7382,-11.3822,  4.5186,-25.5644],[-2.8344,-2.2493,-2.8121,-2.5126,-3.4737]
1921,[390.196 ,-12.4612, 10.7572,-20.6858],[-2.4807,-3.0753,-2.5288,-2.8391,-4.2945]
1932,[385.1053, 30.8566,-28.7059,-20.6604],[-7.0172,-6.6208,-7.7302,-6.3734,-7.4443]
1934,[362.4409, 33.4112,-37.9983,-21.0677],[-7.9828,-7.6075,-8.5555,-6.6167,-8.9712]
2200,[440.409 ,  4.2346, -4.5441, 10.7782],[-12.7338,-12.5781,-12.8767,-13.4195,-12.3224]
2201,[466.6105, -8.6404, 11.1466, 10.7618],[-3.3415,-3.3906,-1.863 ,-3.4674,-2.356 ]
2202,[424.2157,  8.1437,-11.9474, 10.4618],[-4.3121,-3.6086,-5.015 ,-4.9825,-3.4148]
2210,[444.8043, 11.7005, -6.2472, 10.4981],[-2.003 ,-1.7543,-0.7762,-1.353 ,-0.5733]
2212,[433.7203, 12.4139,-16.8536, 10.404 ],[-4.8074,-3.9767,-5.6484,-5.2515,-3.8967]
2220,[418.376 ,-12.7892,  2.3519, 10.3781],[-0.9699, 0.0763,-1.5322,-1.4517,-0.5276]
2221,[419.0169,-13.1747, 14.9392, 10.4005],[-0.5592,-1.1618,-0.384 ,-1.1296, 0.1388]
2223,[403.3793,-29.6199, 39.573 , 10.5483],[-0.1525,-1.15  , 1.1909,-0.6945,-0.0527]
2232,[419.7647, 30.8461,-28.6813, 10.184 ],[0.5669,0.2874,0.0415,0.5291,0.4515]
2234,[414.4896, 31.7243,-31.0889, 10.4938],[-0.0057, 1.0426,-0.3875, 0.1323, 2.4795]
2243,[426.7857,-31.0237, 38.8453, 10.7581],[ 0.3596,-0.3043, 1.5524,-0.2722, 1.1417]
2300,[ 4.1984e+02,-4.9411e-01,-1.5725e-01, 6.7306e+00],[-29.3025,-28.4893,-29.1176,-30.1627,-27.9263]
2301,[418.347 , -8.4879, 11.7378,  6.0201],[-8.5207,-8.6804,-6.5902,-8.9476,-6.7615]
2302,[422.5711,  7.7519,-12.0813,  7.2647],[-12.88  ,-11.2604,-13.8906,-13.8067,-12.4462]
2304,[438.2111,  9.5848,-31.0563,  6.8945],[-1.1171,-0.6057,-1.3745,-1.2625,-0.8369]
2310,[417.0687, 11.3113, -7.9388,  6.9585],[-3.6049,-3.9009,-2.7675,-4.5929,-3.1608]
2312,[435.5241, 12.8277,-15.3538,  6.7736],[-10.4288, -9.9281,-11.6361,-11.37  , -9.9145]
2314,[488.3151, 22.2323,-33.0766,  6.3066],[-0.1662, 0.0123,-2.4824,-2.4546,-0.3882]
2320,[417.1967,-11.5858,  7.6229,  6.278 ],[-0.9122,-0.6103,-1.792 ,-2.4093,-1.2372]
2321,[421.394 ,-13.0865, 15.6116,  6.3581],[-0.4034,-1.8431, 1.4345,-1.9366, 3.0248]
2323,[439.0352,-25.8292, 31.4816,  6.0018],[-0.4774,-1.4782, 1.6743,-1.6094,-0.3425]
2332,[419.0358, 33.5152,-25.8847,  6.5402],[ 0.3981, 0.1078, 1.0315,-0.5655, 0.0953]
2334,[438.573 , 36.3962,-36.7827,  7.2895],[ 1.0655, 2.8226,-0.5509, 0.2609, 3.4482]
2341,[418.5651,-33.1269, 26.0466,  5.8566],[ 0.3197, 0.6929,-1.047 ,-0.5744, 0.6109]
2343,[445.0442,-37.8475, 34.4204,  6.4049],[-0.1318, 0.037 , 5.3151,-0.1736, 1.5727]
2354,[465.9505, 53.5188,-41.2503,  6.6258],[1.1358,1.2028,0.3881,0.2036,0.8763]
2356,[510.2568, 58.595 ,-56.4866,  5.529 ],[ 0.1547, 2.7487,-0.0294, 0.6207, 1.6863]
2363,[444.507 ,-52.507 , 44.2543,  6.0098],[1.4166,1.3619,0.6176,1.1514,2.2728]
2365,[443.4479,-55.3554, 52.9078,  5.4299],[ 1.5382,-0.461 , 5.2267, 0.4661, 2.175 ]
2400,[427.8556, -1.9373,  1.584 ,  2.6076],[1.2970e+00,5.1197e+00,2.8338e+00,1.0678e-02,1.0510e+02]
2401,[427.3254, -7.8735, 11.846 ,  2.515 ],[-1.2521,-2.9916, 3.8616,-2.8621, 0.3365]
2402,[434.5513,  6.7729,-13.0353,  2.478 ],[-3.8447,-1.6597,-5.3972,-4.8786,-3.2202]
2404,[442.1786,  9.268 ,-30.552 ,  3.4111],[-0.9005,-0.541 ,-1.4053,-1.1116,-0.7867]
2410,[431.0578, 11.5326, -7.5368,  2.1276],[-2.0135,-3.1446,-2.1323,-2.5427,-1.4177]
2412,[436.306 , 13.723 ,-16.5401,  2.3154],[ 2.4062, 4.0057,-0.3862, 0.4787,12.9901]
2414,[454.9267, 25.4576,-32.8578,  2.1155],[ 0.1819, 0.723 ,-2.8532,-1.8161, 0.0579]
2420,[426.1144,-11.8565,  7.6432,  2.2538],[-0.083 , 7.8734,-0.2598,-0.7038, 7.4458]
2421,[430.5827,-14.0358, 15.6894,  2.3926],[ 3.2271,-0.4188,21.5166,-0.1238, 2.7261]
2423,[433.0746,-25.1735, 32.023 ,  2.5578],[-0.4797,-2.5251, 0.7194,-1.4224, 0.7113]
2432,[445.1137, 34.4061,-24.2618,  2.629 ],[0.2708,0.6692,0.9897,0.3203,1.4658]
2434,[451.6842, 32.3683,-35.5874,  2.1437],[ 0.3793, 8.8939,-0.0657,-0.0365, 5.0258]
2441,[421.6972,-33.7667, 25.4103,  2.1963],[0.8952,1.8881,0.0842,0.5989,1.3994]
2443,[418.0512,-35.8159, 36.7085,  2.2909],[ 0.6266, 0.5307,10.8189, 1.7756, 1.0144]
2456,[469.1898, 58.3301,-62.7406,  2.6359],[ 1.2535, 6.5248,-0.5083, 2.0887, 0.4462]
2461,[472.0896,-51.1648, 29.6142,  1.4201],[-0.6921, 0.5485,-1.4311,-0.2069,-0.6345]
2463,[464.2685,-53.6976, 44.127 ,  3.1722],[0.7876,0.8645,2.1831,1.131 ,2.3248]
2465,[436.0748,-54.5862, 59.2303,  3.0882],[ 0.7093, 0.2505,10.1686, 0.6289, 0.2325]
2500,[427.7655, -2.0737,  1.571 , -2.1807],[  0.82  ,  2.282 ,  3.6832,  0.8457,154.0486]
2501,[436.0166, -6.743 , 12.1977, -2.5566],[-0.2801,-0.8428,35.9563,-0.9532,-0.2867]
2502,[425.7907,  5.4359,-12.4187, -2.8228],[-0.2759,43.1243,-1.3178,-0.6688, 0.4631]
2510,[433.0621, 11.9812, -8.1581, -2.8931],[ 0.4517,-0.0163,12.2486, 0.3766, 0.7228]
2512,[440.9509, 14.5821,-16.6581, -2.7102],[ 1.8082,60.7488, 0.303 , 0.3347, 3.2344]
2514,[470.6731, 25.7618,-32.3842, -2.4057],[-0.1425, 1.0404,-2.1984,-0.739 , 0.8258]
2520,[428.5074,-11.2607,  8.6204, -2.7225],[2.4392e-01,5.3911e+01,1.8393e-03,7.7884e-01,1.3267e+00]
2521,[434.5892,-12.8152, 14.3147, -2.7907],[ 1.6186, 0.3407,70.8444, 1.3984, 4.3988]
2523,[425.3071,-26.2554, 32.9971, -2.615 ],[-0.0149,-1.9498, 3.0067,-0.5255, 2.837 ]
2532,[461.3165, 31.9943,-25.8091, -2.6025],[0.5389,1.1775,0.5363,1.213 ,1.9666]
2534,[480.5289, 34.4385,-37.0017, -2.7184],[ 0.9782,11.7336, 0.4842, 1.0382, 0.7123]
2541,[418.7832,-35.1405, 24.0292, -1.6194],[0.9768,0.706 ,1.2558,1.1598,0.6609]
2543,[430.8499,-35.9199, 39.2308, -2.3172],[ 0.6983,-0.1681,14.7481, 0.2812, 0.9278]
2545,[417.8932,-46.5986, 55.4832, -3.9051],[-0.8935,-1.5681, 1.6937, 0.6357,-0.1325]
2556,[417.1003, 55.4296,-63.8782, -1.4208],[ 0.9602, 5.2642, 0.1205, 1.5497,-0.0657]
2563,[412.9768,-52.5397, 46.7047, -4.8703],[0.2312,0.6353,1.1049,2.4395,0.5237]
2565,[484.3656,-55.1763, 58.7806, -2.6613],[ 1.1031,-0.3582, 8.1692, 1.116 , 0.0086]
2600,[422.3201, -1.0919,  1.0979, -6.77  ],[ 1.771 ,53.368 , 3.0182, 4.2115, 5.0365]
2601,[427.3757, -7.0112, 12.8691, -7.0769],[-0.2074,-0.9059,39.2381,-0.1834,-0.3836]
2602,[416.4806,  6.9795,-12.607 , -6.4283],[-0.6253,30.2723,-0.5381, 0.7267,-0.5244]
2610,[423.9867, 12.0426, -8.3636, -7.0786],[ 0.6473,-0.0676,45.9044, 0.3921, 1.9911]
2612,[422.3113, 14.0141,-15.1767, -6.886 ],[2.1326e+00,1.0314e+02,1.8668e-02,2.4761e+00,1.5438e+00]
2614,[474.801 , 26.6573,-32.6224, -6.6192],[ 1.5052, 1.3237,-1.349 , 0.6507, 0.9415]
2620,[421.9848,-11.317 ,  8.7318, -6.9635],[ 2.0839,45.7946, 0.4932, 0.5864, 0.8418]
2621,[424.2702,-12.9361, 14.5236, -7.182 ],[  1.7473,  0.4149,105.9691,  4.0677,  1.5088]
2623,[424.9732,-26.5847, 33.266 , -6.4621],[-0.2576,-0.8934, 3.1247, 0.7177,-1.1081]
2632,[476.1853, 31.5752,-25.115 , -6.5714],[1.0878,0.7947,0.4099,2.3463,0.3212]
2634,[477.5598, 36.0648,-39.0779, -7.0254],[ 1.3601, 8.7907,-0.197 , 4.3997, 0.5515]
2636,[418.4153, 45.5832,-51.395 , -8.636 ],[ 0.3493, 0.0463,-1.4079, 0.9652,-0.7342]
2641,[410.3107,-31.4196, 23.959 , -7.6607],[0.6408,0.5096,1.4274,1.1626,0.3734]
2643,[423.9731,-35.487 , 40.6619, -6.7812],[ 1.0989,-0.0484,10.1486, 3.4929, 0.8651]
2645,[419.3017,-45.367 , 57.7158, -5.6015],[-1.0084,-1.2046, 2.1018, 0.9332,-1.2113]
2656,[411.07  , 55.6787,-56.8299, -8.5714],[ 0.3161, 3.1559, 0.1414, 1.8777,-0.228 ]
2663,[413.7082,-52.679 , 46.9049, -5.4049],[0.5788,0.4831,1.0807,0.6852,0.4675]
2665,[499.4147,-54.2971, 66.3375, -5.9225],[ 2.0412,-0.492 , 2.555 , 2.3765, 0.0234]
2700,[432.7509,  1.2118, -0.9627,-11.1328],[1.3315,2.509 ,7.9047,6.8587,0.6639]
2701,[425.6851, -7.9142, 14.9795,-10.7024],[-1.0482,-2.1063,-0.116 ,-0.3091,-0.7765]
2702,[443.5547,  7.7739,-12.3396,-11.3315],[ 0.2359, 1.0869,-0.8211, 0.7245,-0.9988]
2710,[429.5269, 12.3399, -8.1228,-12.6655],[0.7699,1.9279,8.4611,2.967 ,0.8063]
2712,[435.1729, 14.9087,-14.9648,-12.4271],[9.1782,4.3068,0.4753,4.6528,1.7571]
2714,[468.5811, 25.7707,-32.9911,-13.4395],[-0.0698, 2.1458,-0.7643, 0.4633,-0.2866]
2720,[432.3736,-11.1218,  8.7087,-10.6684],[0.2526,0.8006,0.2529,2.6765,0.9925]
2721,[420.0174,-12.2443, 15.8697,-10.5438],[ 1.3058,-0.1457, 2.0006, 7.166 , 0.4353]
2723,[400.5054,-22.8501, 35.0269,-10.0113],[-0.3089,-0.4229, 0.6275, 0.2459,-0.7055]
2732,[446.7982, 32.2971,-26.3389,-11.7773],[0.4852,0.4522,0.8926,1.1695,0.2033]
2734,[433.8882, 34.8731,-38.1121,-12.594 ],[ 3.2818, 1.8179,-0.2567, 2.9856, 0.1538]
2736,[407.2996, 43.3425,-52.6112,-10.9356],[-0.4206, 1.6958,-0.8787,-0.1742,-0.5266]
2741,[424.5634,-30.8889, 28.1021,-11.6836],[0.4822,0.6333,0.4027,2.0637,0.3755]
2743,[413.7756,-38.8117, 38.454 ,-11.1811],[ 0.2389,-0.3222, 4.2909, 2.9397, 1.0809]
2756,[408.7944, 51.5878,-58.7678,-10.8874],[ 1.4552e+00, 2.4161e-02,-3.9196e-01, 2.2690e+00,-6.3828e-04]
2800,[485.6303,  1.6676, -1.535 ,-17.7457],[1.1657,7.5561,4.7664,2.3002,1.4786]
2801,[447.793 , -2.3484, 13.3026,-17.062 ],[-0.1878,-0.4109, 2.1994, 0.6955,-0.0259]
2802,[536.6341,  6.3738,-14.1274,-17.9853],[-0.2884, 2.2056,-0.2879, 0.3288,-0.0064]
2810,[452.0642, 12.6318, -8.1647,-17.3286],[ 1.444 , 1.0967,17.0531, 2.1351, 0.4587]
2812,[454.7911, 15.6999,-16.4774,-17.7519],[ 1.0945,48.9888, 0.8937, 5.1782, 1.1749]
2814,[438.6971, 26.0702,-32.4202,-17.4687],[ 1.7336, 3.2109,-0.3192, 1.6508, 0.3404]
2820,[492.2162,-11.4343,  7.356 ,-17.0573],[0.511 ,1.4498,0.4106,1.1171,0.1616]
2821,[470.1669,-17.5264, 18.9048,-17.6189],[2.1121,1.0821,4.145 ,1.5062,0.3983]
2822,[582.0289,-10.3506,-11.1582,-18.9723],[-0.0993, 0.2601,-0.1655,-0.0091,-0.1613]
2823,[400.6583,-22.8715, 31.2526,-16.648 ],[ 0.1218,-0.1996, 0.8118, 0.3212,-0.3378]
2832,[449.2278, 31.5352,-22.7458,-17.9059],[ 0.5002, 0.9582, 0.5259, 1.1514,-0.033 ]
2834,[435.467 , 32.6672,-35.1964,-16.8819],[ 2.1955, 2.8083,-0.1148, 2.917 , 0.6862]
2900,[560.736 , -1.2025, -5.2185,-29.2798],[ 1.4203, 2.3356,20.2247, 2.0932,-0.8707]
2901,[492.0279,  3.4459, 11.4352,-21.2191],[-0.4315,-0.0049, 3.3006, 0.5846,-0.3909]
2902,[533.7372,  6.2926,-13.6516,-27.9476],[ 9.5019e-03, 1.5051e+02,-3.0751e-01,-6.6736e-01,-2.5119e-01]
2910,[501.0804, 13.0314, -7.6652,-24.1752],[ 0.3347, 0.2317, 2.0907, 2.6012,-1.3005]
2912,[482.1784, 15.0108,-16.9302,-25.2628],[ -0.5388,  2.8287, -1.9743,243.4621, -1.3546]
2914,[491.1595, 25.9749,-32.0818,-24.4747],[ 0.2299,12.694 ,-0.6481, 0.4441,-0.487 ]
2920,[539.6173,-12.4236,  4.2996,-27.7835],[ -8.5171, -8.9555, -9.2145, -8.0107,-10.4973]
2921,[528.0966,-15.6062, 14.9868,-25.9992],[ 1.3736,-0.4445, 3.2365, 2.1731,-0.7418]
2932,[502.0318, 32.2702,-25.7176,-22.6328],[ 2.9756, 2.7259, 0.0114, 1.9703,-0.1591]
2934,[515.0276, 32.6859,-33.7164,-23.9652],[-0.0267, 1.6636,-1.7515, 1.518 ,-1.0001]
3300,[613.1352, -3.2958,  2.2016,  7.6618],[ 0.5106, 0.4196, 0.5064,-1.3163, 0.8422]
3432,[637.5324, 33.1587,-26.4592,  3.5724],[ 0.8191, 0.0435, 0.5863,-0.2952, 1.4225]
3434,[628.7697, 33.8102,-38.3468,  2.1103],[-0.1184, 2.5009,-1.3295, 0.1442, 1.1701]
3543,[606.0271,-34.4869, 44.9675, -3.8182],[ 0.1358,-0.478 , 2.3923, 0.2638, 2.479 ]
3643,[619.6727,-39.6778, 44.4344, -7.8758],[ 1.7044,-0.7027, 0.5097, 0.0625, 2.1733]
3700,[603.939 , -9.8619,  8.3924,-14.7259],[0.5208,0.5171,0.465 ,0.1599,0.9641]
3743,[612.0502,-41.7507, 43.7996,-10.8013],[ 0.71  ,-0.5213, 1.3319, 1.159 , 0.9359]
3800,[649.8674, -5.6642, -2.614 ,-18.6937],[0.4234,0.9787,1.1945,1.2497,1.335 ]
3802,[643.7507,  5.4873,-14.7246,-18.746 ],[ 0.0155, 1.7234,-0.6868,-0.1211,-0.1396]
3810,[617.7299, 17.8388, -8.3886,-18.2487],[0.5635,0.0744,1.125 ,0.9822,0.7276]
3812,[655.6425, 16.2565,-18.7811,-18.6341],[0.7747,5.5162,0.3801,0.3026,1.2037]
3820,[638.6166,-11.9   ,  4.0931,-18.8819],[0.4361,1.134 ,0.35  ,0.3565,0.4072]
3900,[ 7.0487e+02,-1.8216e+00,-3.4143e-01,-3.5818e+01],[  0.7453,  5.0376,  3.0825,278.1901,  0.9372]
3901,[762.9168, -8.2219, 11.9903,-37.4354],[-0.0074,-1.1464, 2.5731, 0.8478,-0.3794]
3902,[679.2148,  5.353 ,-13.551 ,-33.0849],[-0.8322,14.7499,-2.1096, 0.5163,-1.908 ]
3910,[682.5554, 12.0823, -9.0384,-28.3413],[ 0.7654, 0.272 ,17.6593, 1.6972, 0.6721]
3912,[682.8219, 13.6098,-16.1495,-30.3533],[ 4.6348,18.3495,-0.8169, 1.5099, 0.0763]
3914,[642.0071, 25.1398,-32.4902,-29.7046],[-0.0942, 0.6463,-1.2807, 4.7286,-0.9665]
3920,[698.5628,-11.9362,  6.1014,-31.2679],[-1.4592,-1.8558,-1.2529, 0.835 ,-2.824 ]
3921,[727.045 ,-13.7478, 13.9593,-33.5926],[ 0.7427,-1.4327, 6.4699, 8.1073,-0.1568]
3934,[628.2667, 32.8617,-35.6281,-25.6604],[ 1.0499,10.2408,-0.9202, 1.1741, 0.1635]
4802,[846.8641,  6.5784,-16.6089,-18.344 ],[-0.5587, 0.3098,-0.961 ,-0.6693, 0.5153]
4812,[817.4098, 10.5512,-19.6765,-19.789 ],[ 0.2552, 1.0151,-0.6792,-0.13  , 1.1047]
4900,[ 9.0498e+02,-1.4974e-01, 2.2628e+00,-3.7355e+01],[  0.4678,  2.3271,220.8047,  0.3745,  0.7976]
4901,[926.4404, -7.1038, 12.5734,-35.66  ],[-0.4654,-1.0004,32.8051, 0.3656,-0.3361]
4902,[887.5242,  5.8519,-12.7641,-36.8992],[-7.774 ,-6.2687,-8.0304,-7.3336,-7.6641]
4910,[848.9781, 11.1148, -8.6689,-32.8714],[ 1.1857,-0.1324, 7.2685, 0.559 , 0.0578]
4912,[855.812 , 11.0754,-12.8558,-34.0327],[ 0.3164,12.5205,-0.5023, 0.0396, 1.6068]
4920,[886.5103,-11.4407,  7.1977,-33.9126],[-0.3349, 0.7531,-1.009 ,-0.6399, 0.0722]
4921,[875.1383,-11.9475, 13.9999,-33.3574],[ 0.9488,-2.0516, 2.1965, 0.3973, 1.4885]
5800,[1050.4329,   7.0666,  -5.6761, -19.6748],[-0.3834, 0.242 ,-0.2121,-1.0793, 1.0885]
5900,[ 1.1029e+03, 1.9998e+00, 7.2989e-01,-3.2873e+01],[256.652 ,  1.705 ,  3.8635, -0.5105,  4.8147]
5901,[1087.3951,  -5.1653,  11.4907, -33.1237],[-2.7386,-3.8185,-1.8857,-3.9365,-2.3341]
5902,[1121.8554,   6.5608, -11.2695, -32.1087],[ 0.3676,22.8105,-0.9293,-0.3372, 3.4694]
5910,[1114.4658,  12.2252,  -4.3579, -29.8167],[-0.2785, 0.3984, 2.4539,-1.1823, 4.5861]
5912,[1152.4581,  13.9175, -13.032 , -28.2915],[-0.2281, 5.3659,-0.4563, 0.0751, 0.9543]
5920,[1053.7311, -11.4399,   7.6812, -32.1208],[-1.6082,-1.2975,-1.8633,-1.7151,-1.0765]
5921,[1112.6827, -11.9031,  13.4983, -31.1084],[ 0.8652,-1.6971, 1.9977,-0.6582, 1.0849]
6602,[1358.146 ,   5.5927, -10.4815,  -9.9343],[-0.5151,-0.4467,-0.5958,-0.8143,-0.5641]
6700,[ 1.3754e+03, 1.2244e+00,-1.9853e+00,-1.4067e+01],[-0.4549,-0.4323, 0.2821,-1.3566, 2.5669]
6701,[1393.1742,  -1.5467,  12.2908, -14.7998],[-1.1381,-2.0324,-0.318 ,-2.056 ,-0.0282]
6702,[1362.7825,   4.4062, -12.052 , -13.6649],[-0.7573, 0.7993,-1.5694,-1.3824, 0.7804]
6710,[1350.433 ,  10.992 ,  -9.3886, -14.2076],[-0.0795,-0.335 , 0.0914,-0.6839, 0.2803]
6712,[1342.512 ,  11.2063, -12.6341, -14.4376],[-0.7372, 0.6158,-0.832 ,-0.8365, 0.7231]
6800,[ 1.3661e+03, 1.2225e+00,-1.8425e+00,-1.8229e+01],[-12.5311,-13.0401,-12.8371,-14.0205,-12.0991]
6801,[1372.9086,  -2.0624,  13.1155, -18.3066],[-3.6029,-4.6412,-2.3103,-4.7336,-2.9365]
6802,[1364.6116,   4.0872, -12.3109, -18.1902],[-3.7805,-2.7323,-4.6224,-5.2399,-2.7211]
6810,[1312.727 ,  11.017 ,  -2.4246, -18.3173],[-0.3925,-0.958 ,-0.1198,-1.1026, 0.7428]
6812,[1373.0986,  11.4669, -17.1083, -18.0354],[-0.9637, 1.0847,-1.6591,-1.2985,-0.1106]
6900,[ 1.2873e+03, 1.7888e+00,-1.2772e+00,-2.4782e+01],[  0.2396,  1.475 ,  4.5234, -0.4854,145.9641]
6901,[1295.8984,  -4.4444,  12.9283, -24.3677],[-0.6224,-1.8364, 3.7167,-1.6406, 1.8181]
6902,[1289.8613,   4.9659, -11.8215, -24.607 ],[ 0.1041,44.0137,-0.7079,-1.0514, 0.968 ]
6910,[1291.6647,  12.0052,  -5.1791, -25.1386],[-0.5678,-1.4648, 0.1544,-2.0866, 0.0531]
6912,[1307.9593,  12.3146, -16.071 , -24.6318],[-1.0318, 5.6578,-1.9347,-2.0707, 1.2346]
6920,[1222.4633, -10.1018,   7.7207, -25.5345],[-0.3627,-0.1546,-0.3166,-0.5018, 0.0317]
6921,[1229.9016, -11.1248,  16.1102, -27.1071],[ 0.1185,-2.118 ,-0.1128,-1.866 ,-0.7348]
7422,[ 1.4875e+03,-2.4537e+01,-2.1497e+01, 8.2912e-01],[-3.3977,-2.5701,-5.4383,-4.2856,-2.1169]
7442,[ 1.5012e+03,-3.2936e+01,-1.6687e+01, 6.6666e-01],[-1.9885,-1.2929,-3.3342,-2.5797,-0.9572]
7500,[ 1.4803e+03,-2.6238e-01,-8.0641e+00,-4.2017e+00],[-0.6546,-0.861 ,-0.5208,-1.744 , 0.2922]
7502,[1494.5905,  -5.2398, -18.7867,  -4.0741],[-1.3495,-0.2637,-2.939 ,-2.5644,-0.3469]
7522,[1480.0711, -23.0777, -22.6089,  -2.9243],[-2.7534, 0.9953,-5.7021,-4.1536, 1.6947]
7542,[ 1.5128e+03,-3.5421e+01,-1.4312e+01,-3.5839e-01],[ -9.5096, -7.0448,-11.6194,-11.0716, -7.6269]
7600,[ 1.4626e+03, 1.1990e-01,-3.9253e+00,-8.6606e+00],[-0.908 ,-1.8819,-1.1745,-2.0142, 0.8241]
7602,[1481.2951,  -6.6662, -22.4076,  -8.5715],[ -7.9307, -6.9836,-10.807 , -9.8523, -7.4484]
7604,[1499.4756,  -6.9413, -31.4547,  -8.8561],[-6.8736,-5.528 ,-8.7815,-7.4618,-6.1479]
7622,[1474.5384, -14.4   , -25.4635,  -6.6862],[-3.9759,-1.2572,-6.9533,-5.5212,-1.6524]
7624,[1485.7674, -12.3921, -30.9011,  -7.7267],[-2.6497,-2.5777,-5.1374,-3.5598,-2.4087]
7700,[ 1.4451e+03, 1.9734e-01,-4.1386e+00,-1.3403e+01],[-6.684 ,-7.3298,-7.1086,-7.9746,-5.7395]
7701,[ 1.4206e+03,-1.1039e+00, 1.2399e+01,-1.3220e+01],[-1.9847,-3.3877,-1.5912,-2.7373,-1.4627]
7702,[1469.5259,  -2.1745, -18.1602, -12.137 ],[ -9.1257, -6.9368,-11.3869,-10.9807, -7.7315]
7704,[1510.0916,  -2.376 , -31.4581, -11.3933],[-5.6572,-4.5187,-7.302 ,-5.9525,-5.0736]
7712,[1432.4365,  10.0208, -15.4528, -14.9137],[-0.4752, 0.4838,-1.6577,-1.4305, 0.6827]
7800,[ 1.4232e+03, 9.9106e-01,-2.3250e+00,-1.6643e+01],[-23.8397,-24.0514,-24.01  ,-25.1607,-23.0621]
7801,[ 1.4129e+03,-8.7863e-01, 1.3449e+01,-1.7040e+01],[-3.964 ,-4.2183,-2.2313,-4.2824,-3.009 ]
7802,[1441.5206,   3.2323, -14.8998, -16.7282],[-10.7761, -9.2216,-12.0016,-11.8672,-10.1637]
7804,[1503.9077,   7.6906, -33.3558, -17.3202],[-1.0536,-0.1418,-1.9409,-1.0313,-0.6302]
7810,[1408.8164,  10.2701,  -9.1412, -17.9299],[-0.6229,-1.4511,-0.6009,-1.6155,-0.0064]
7812,[1435.9051,  10.5094, -17.4977, -18.3067],[-1.0574, 0.1365,-1.6768,-2.0036,-0.3207]
7814,[1508.9267,  11.0338, -33.4863, -19.1891],[-1.5471, 0.3096,-2.9235,-1.7036,-0.9921]
7900,[1419.9776,   5.1505,  -2.6064, -20.7413],[-3.9535,-4.2872,-4.1919,-4.6403,-3.9846]
7901,[1419.5732,   2.0568,  13.481 , -21.5649],[-2.2891,-2.0919,-0.6225,-2.1761,-1.7984]
7902,[1419.5136,   7.3036, -15.9828, -20.7883],[-2.1654,-1.1834,-2.5378,-2.4698,-1.6757]
7910,[1410.5116,  11.4501,  -8.1746, -22.073 ],[-1.3779,-1.7669,-0.0291,-1.5612,-0.7618]
7912,[1439.7313,  13.6193, -19.9762, -22.7058],[-1.4196, 0.6514,-1.6802,-1.329 ,-0.122 ]
7914,[1500.5556,  14.8306, -31.5589, -22.1269],[-0.6964, 0.3323,-2.0283,-1.4468,-1.0584]
