201,[-0.9579, 0.0158, 0.1026, 0.2826],[-0.2827,-0.4687, 0.7284,-0.1176, 0.9925],[-0.9557,-0.0188, 0.1407, 0.2944],0.2486
210,[-0.9607, 0.0896, 0.0089, 0.2573],[-0.1512,-0.0199, 0.7688,-0.0043, 0.5578],[-0.9598, 0.0526, 0.0572, 0.2704],0.2576
212,[-0.9587, 0.0887,-0.1014, 0.2741],[1.4219,1.229 ,0.2468,1.0055,0.3193],[-0.9573, 0.0902,-0.1049, 0.2857],0.2324
243,[-0.9583,-0.1963, 0.2449, 0.2757],[0.5148,0.1944,1.3717,0.6061,0.5975],[-0.9561,-0.2006, 0.2441, 0.2899],0.1349
300,[-0.9681,-0.0153,-0.0126, 0.1734],[-2.0193,-2.4097,-2.2655,-1.7815,-3.2071],[-0.9673,-0.0037,-0.0258, 0.1817],0.2524
301,[-9.6436e-01,-3.6013e-04, 1.1910e-01, 1.6831e-01],[-0.6653,-2.0108,-0.2249,-0.2773,-1.4037],[-0.9624,-0.0393, 0.1547, 0.1737],0.2146
302,[-0.9626, 0.0326,-0.0897, 0.2076],[-0.553 , 0.167 ,-1.7549,-0.9798,-1.5034],[-0.9612, 0.0502,-0.1068, 0.208 ],0.2334
303,[-0.9582,-0.0184, 0.2189, 0.1566],[-0.4584,-0.6345, 0.9241, 0.2538, 0.1546],[-0.9542,-0.0687, 0.2596, 0.1714],0.1891
310,[-0.9639, 0.1072, 0.0024, 0.2029],[-0.9284,-1.2487, 0.7414,-1.0784,-0.9965],[-0.9634, 0.0656, 0.0466, 0.2157],0.2431
311,[-0.9598, 0.1136, 0.1006, 0.1358],[ 0.2272,-0.7083, 0.5419,-0.4394,-0.1442],[-0.9585, 0.0465, 0.1593, 0.1507],0.2237
312,[-0.9617, 0.1241,-0.1186, 0.203 ],[ 0.1035, 0.3324,-1.309 , 0.9057,-0.8219],[-0.9608, 0.1194,-0.1161, 0.2172],0.2036
314,[-0.9676, 0.1053,-0.2329, 0.1344],[ 0.4629, 2.313 ,-1.0377, 0.4118, 0.0158],[-0.9641, 0.1445,-0.274 , 0.1468],0.1204
316,[-0.9626, 0.1495,-0.2792, 0.1535],[-0.1216, 0.3514,-0.407 , 0.9305,-0.0144],[-0.9586, 0.1777,-0.3011, 0.1648],0.1132
320,[-0.9623,-0.1038, 0.0026, 0.1829],[-1.4838,-0.8648,-2.1605,-0.5879,-1.5776],[-0.962 ,-0.069 ,-0.0285, 0.1802],0.2532
321,[-0.9698,-0.0983, 0.1302, 0.1742],[-1.2131,-1.3325,-1.1838,-1.1239,-2.1611],[-0.9684,-0.1099, 0.1434, 0.1888],0.1708
323,[-0.961 ,-0.1313, 0.2025, 0.1764],[ 0.6816,-1.065 , 0.4052,-0.0768, 0.2681],[-0.9588,-0.1475, 0.2159, 0.1878],0.1594
330,[-0.9568, 0.176 , 0.0428, 0.1312],[-0.2344,-0.5939, 0.7537, 0.2955,-0.103 ],[-0.9572, 0.1105, 0.1004, 0.1442],0.2264
332,[-0.9616, 0.2085,-0.1223, 0.1852],[-0.5056,-0.7293, 1.0817, 0.5552,-0.9223],[-0.9624, 0.1804,-0.0986, 0.1924],0.1808
336,[-0.9604, 0.182 ,-0.3044, 0.1558],[ 0.3875, 4.5676,-0.2343, 0.9504, 0.0528],[-0.9562, 0.2055,-0.3278, 0.1684],0.0986
341,[-0.9612,-0.2068, 0.089 , 0.1649],[-0.7799, 0.7082,-1.2341,-0.5546,-0.632 ],[-0.9624,-0.1685, 0.057 , 0.1676],0.2024
343,[-0.9639,-0.1768, 0.2345, 0.2398],[ 0.1036,-0.1683, 0.6879, 1.3552,-0.0944],[-0.9616,-0.1864, 0.2413, 0.2542],0.1244
352,[-0.9571, 0.2852,-0.1617, 0.1567],[-0.6972,-0.5537, 1.3817,-0.5254, 0.2595],[-0.9597, 0.2492,-0.123 , 0.1709],0.1529
363,[-0.9588,-0.2936, 0.1876, 0.144 ],[-0.4253,-0.0186,-1.052 ,-0.6512,-0.766 ],[-0.9614,-0.2596, 0.1431, 0.1567],0.135
400,[-0.9659, 0.0233, 0.0283, 0.0475],[-2.472 ,-3.022 ,-2.6318,-1.8296,-3.3248],[-0.9655, 0.0015, 0.0522, 0.0597],0.2533
401,[-0.9612,-0.0173, 0.0948, 0.0579],[-2.0941,-2.0193,-0.8091,-1.2086,-2.16  ],[-0.9602,-0.0434, 0.122 , 0.0712],0.2341
402,[-0.9629,-0.0074,-0.1116, 0.0549],[-1.5628, 0.5377,-2.4708,-1.0315,-2.0714],[-0.9614, 0.0351,-0.1531, 0.0648],0.2197
404,[-0.9664, 0.0194,-0.172 , 0.0413],[ 0.3424, 1.8934,-1.1655,-0.5527,-0.5171],[-0.9639, 0.0734,-0.2214, 0.0464],0.1699
410,[-0.9635, 0.0984,-0.006 , 0.0692],[-1.3035,-1.502 , 0.2373,-0.9787,-1.6217],[-0.9636, 0.0645, 0.0253, 0.0773],0.2491
411,[-0.9583, 0.0808, 0.0901, 0.0318],[-0.1356,-0.508 , 0.4383, 0.3871, 0.5185],[-0.9574, 0.0253, 0.1467, 0.0168],0.2414
412,[-0.9665, 0.1278,-0.0885, 0.0469],[ 0.4745, 0.9922,-0.5883, 1.5988,-0.8893],[-0.9667, 0.109 ,-0.0696, 0.0473],0.2052
414,[-0.9633, 0.1075,-0.223 , 0.039 ],[ 1.2411, 1.4819,-1.4164, 0.0416,-1.0131],[-0.9605, 0.1412,-0.2533, 0.05  ],0.1414
416,[-0.9604, 0.152 ,-0.2987, 0.055 ],[-0.2488, 0.9931,-1.0057, 1.217 , 0.2059],[-0.9561, 0.1841,-0.324 , 0.0602],0.109
420,[-0.9682,-0.1058,-0.0054, 0.0666],[-1.0272, 0.3727,-1.8521,-0.4125,-2.1547],[-0.9682,-0.0583,-0.0493, 0.0757],0.2223
421,[-0.9609,-0.0891, 0.1281, 0.0682],[-0.8906,-1.4448,-0.5114, 0.2168,-2.1937],[-0.96  ,-0.0996, 0.1394, 0.0804],0.2052
422,[-0.9644,-0.0853,-0.0821, 0.0572],[-0.484 , 1.8635,-0.8334,-0.4984,-0.999 ],[-0.9635,-0.0207,-0.1468, 0.058 ],0.2198
423,[-0.9611,-0.1111, 0.1991, 0.0617],[ 0.0048,-1.2561, 0.8762, 0.5781,-1.2212],[-0.9589,-0.136 , 0.2238, 0.0677],0.1603
424,[-0.9575,-0.0664,-0.1715, 0.0854],[ 0.0858, 0.2714,-0.3761, 0.1274,-0.1589],[-0.9545, 0.0022,-0.2367, 0.0702],0.2246
430,[-0.9581, 0.2084,-0.02  , 0.0991],[-0.1486,-0.9654, 1.8936, 0.232 ,-0.6324],[-0.9597, 0.1493, 0.0334, 0.0986],0.2251
432,[-0.967 , 0.2039,-0.1262, 0.0664],[-0.7943,-1.4057, 0.0285,-0.4372,-1.0397],[-0.9682, 0.1721,-0.094 , 0.0745],0.1666
434,[-0.9638, 0.2292,-0.2123, 0.0573],[-0.1771, 1.1779,-0.1284, 1.4727,-0.7683],[-0.964 , 0.2214,-0.2036, 0.0715],0.1182
436,[-0.9592, 0.2149,-0.3222, 0.0418],[ 0.435 , 4.0785,-0.212 , 0.5824,-0.425 ],[-0.9557, 0.2352,-0.3391, 0.0526],0.0832
440,[-0.9672,-0.2022, 0.0243, 0.0591],[ 0.0589, 0.8937,-0.7124,-0.6597,-0.5679],[-0.9688,-0.1302,-0.0441, 0.0627],0.1995
441,[-0.9677,-0.2321, 0.1106, 0.0377],[-1.43  ,-0.1887,-1.5185,-0.8083,-2.1263],[-0.9698,-0.1836, 0.0646, 0.0451],0.1675
443,[-0.9601,-0.2251, 0.2685, 0.0266],[ 0.2202,-0.7253, 0.789 , 0.9788,-1.6677],[-0.9587,-0.2343, 0.2762, 0.041 ],0.1003
445,[-0.9571,-0.2389, 0.2854, 0.0471],[ 0.3762,-0.267 , 3.3104, 0.2727,-0.202 ],[-0.9555,-0.2471, 0.2932, 0.0619],0.0978
454,[-0.9654, 0.3064,-0.2236, 0.0386],[-0.5683,-1.0455,-0.3373,-0.6626,-1.3494],[-0.9678, 0.281 ,-0.1982, 0.0536],0.0859
456,[-0.9681, 0.339 ,-0.2784, 0.0156],[ 0.0618, 0.4875,-0.5874, 1.6871,-0.8209],[-0.9701, 0.3219,-0.2613, 0.0312],0.0392
461,[-0.9634,-0.3077, 0.1406, 0.0597],[-0.8327, 1.3924,-0.8593,-0.2247,-0.542 ],[-0.9673,-0.2534, 0.0879, 0.057 ],0.1402
463,[-0.9597,-0.352 , 0.1977, 0.0429],[-1.3777,-1.044 ,-2.1135,-1.184 ,-2.1392],[-0.9642,-0.3129, 0.1608, 0.043 ],0.0981
500,[-0.9616, 0.0299, 0.0145,-0.0039],[ 0.9006, 1.7483, 1.2329, 3.333 ,-1.1013],[-0.9615, 0.016 , 0.0287,-0.0057],0.2677
501,[-0.9605, 0.0024, 0.0833,-0.0199],[-0.4361,-1.2814, 0.672 , 0.0465,-1.6642],[-0.9599,-0.0278, 0.114 ,-0.0093],0.2446
502,[-0.9643,-0.0043,-0.1142,-0.0204],[-0.564 , 1.3313,-0.7473, 0.6239,-1.6485],[-0.9632, 0.0396,-0.1567,-0.0106],0.2107
503,[-0.9575, 0.0095, 0.1706,-0.0136],[-0.4851,-0.3642, 0.5301, 1.1413,-0.6986],[-0.9551,-0.0425, 0.2174, 0.0021],0.2139
504,[-0.9565, 0.0263,-0.2186,-0.0595],[-0.1561, 0.5548,-0.6258,-0.0014, 0.2185],[-0.953 , 0.0787,-0.2687,-0.0443],0.1853
510,[-0.9602, 0.0894,-0.0201,-0.0016],[-0.2948,-1.2902, 1.5299,-0.2205,-1.0986],[-9.6057e-01, 6.4909e-02, 4.8934e-03, 1.3441e-04],0.2658
511,[-0.9586, 0.1291, 0.0591,-0.013 ],[-0.5788,-0.1842, 1.074 ,-0.1918,-0.1914],[-0.9587, 0.0679, 0.1166, 0.002 ],0.2315
512,[-0.9593, 0.133 ,-0.1116,-0.0343],[ 1.3164, 1.147 , 0.4856, 2.6013,-1.7771],[-0.9598, 0.1252,-0.1016,-0.031 ],0.2106
514,[-0.9638, 0.0966,-0.2068,-0.0154],[-0.0337, 2.3474,-0.9288, 1.1014,-0.7463],[-0.9613, 0.1325,-0.2419,-0.007 ],0.1469
520,[-9.6315e-01,-1.2356e-01,-4.0155e-04,-1.7411e-02],[-0.5006, 1.6888,-1.1577, 0.1192,-1.2877],[-0.9639,-0.0764,-0.0476,-0.0179],0.2361
521,[-0.9586,-0.1085, 0.0981,-0.0111],[ 0.4651,-0.5252, 1.7381, 3.9215,-0.7581],[-0.9587,-0.1039, 0.0932,-0.0033],0.2263
522,[-0.9603,-0.0908,-0.0705,-0.0515],[-0.3221, 1.1049,-0.2649,-0.4061,-0.6167],[-0.9601,-0.0352,-0.125 ,-0.0434],0.2362
523,[-0.9664,-0.1301, 0.1979, 0.    ],[ 0.0382,-1.1472, 2.5241, 0.1579,-0.8023],[-0.9649,-0.153 , 0.2206, 0.    ],0.1354
530,[-0.9569, 0.1889, 0.0022,-0.0287],[-0.1675,-0.6797,-0.0352, 0.1514, 0.2786],[-0.9586, 0.1291, 0.0591,-0.013 ],0.2305
532,[-0.9569, 0.1799,-0.1412,-0.023 ],[-0.6057,-1.0668, 0.2181,-0.3877,-1.565 ],[-0.9579, 0.1691,-0.13  ,-0.0375],0.1882
534,[-0.9582, 0.2231,-0.2213, 0.    ],[-0.5073, 0.4253,-0.7943, 1.0156,-1.3337],[-0.9583, 0.2224,-0.2209, 0.0117],0.1288
536,[-0.9638, 0.189 ,-0.3088, 0.    ],[ 2.2415, 3.2807,-0.4641, 0.2865,-0.7505],[-0.96  , 0.2176,-0.3357, 0.0156],0.0793
540,[-0.9572,-0.2033, 0.0386,-0.0078],[-0.0441,-0.025 ,-1.2209, 0.8267,-0.6651],[-0.9594,-0.1519,-0.0116,-0.0235],0.2375
541,[-0.9609,-0.2092, 0.1119,-0.0266],[-1.1939, 0.1151,-1.5954,-0.3645,-1.9612],[-0.9628,-0.1785, 0.0822,-0.0333],0.187
543,[-0.9621,-0.2025, 0.2435,-0.007 ],[-0.3455,-0.8865, 0.0592, 1.9812,-1.2213],[-0.9609,-0.2131, 0.2536,-0.0034],0.111
545,[-0.9589,-0.2022, 0.2857,-0.0088],[ 1.1165,-0.6191, 0.5831, 1.6094,-0.6336],[-0.9564,-0.2203, 0.2995, 0.0069],0.1033
556,[-0.9608, 0.3267,-0.328 , 0.    ],[-0.5048,-0.043 ,-1.111 , 1.1327,-1.0371],[-0.9607, 0.3242,-0.3255, 0.0078],0.0387
1100,[-0.9445, 0.0275, 0.0262, 0.392 ],[ 3.2158, 0.8164, 1.6459, 1.0809,21.7636],[-0.9428, 0.0158, 0.0353, 0.3849],0.3505
1110,[-0.9486, 0.0617,-0.0047, 0.3798],[ 0.5701, 1.1484, 9.1918,-0.0969, 1.3817],[-0.9471, 0.0468, 0.0098, 0.3929],0.33
1132,[-0.9344, 0.251 ,-0.1305, 0.3823],[0.4296,0.2497,6.868 ,0.3118,2.6857],[-0.9358, 0.2239,-0.0894, 0.3686],0.2621
1134,[-0.9223, 0.2245,-0.1979, 0.3863],[ 1.2712, 2.8953,-0.0817, 0.4162, 5.8013],[-0.9218, 0.2157,-0.1814, 0.3843],0.277
1200,[-0.9277, 0.0145, 0.0304, 0.2858],[0.9744,1.1012,0.7731,0.0191,5.9988],[-0.9265, 0.0071, 0.0347, 0.2748],0.4166
1201,[-0.9356,-0.0089, 0.1052, 0.2938],[-0.3105,-1.1192, 2.2712,-0.5007, 2.3729],[-0.9337,-0.0259, 0.1168, 0.2798],0.346
1202,[-0.9308, 0.0148,-0.1211, 0.3107],[ 0.5241, 2.5454,-1.3337,-0.5834, 1.0549],[-0.9286, 0.0321,-0.1305, 0.3087],0.3521
1203,[-0.9531,-0.051 , 0.1715, 0.3058],[ 0.0928,-1.2007, 0.3195,-0.9101, 0.6261],[-0.9501,-0.0767, 0.1905, 0.2917],0.2288
1210,[-0.9299, 0.1053,-0.0219, 0.2846],[ 0.1282,-0.4568, 7.6646,-0.2374, 1.9309],[-0.9293, 0.0896,-0.012 , 0.2784],0.3803
1211,[-0.9427, 0.0711, 0.0696, 0.334 ],[-0.3214,-1.3701,-0.8871,-0.7736, 0.5553],[-0.9412, 0.0422, 0.087 , 0.3201],0.3228
1212,[-0.9336, 0.1281,-0.1031, 0.2964],[ 2.2271, 2.917 ,-0.0708, 0.7778, 4.7479],[-0.9327, 0.1212,-0.0928, 0.2902],0.3201
1214,[-0.9315, 0.1437,-0.188 , 0.276 ],[ 0.0557, 7.8193,-0.2934, 1.0482, 0.1139],[-0.9297, 0.1465,-0.1818, 0.2871],0.2757
1220,[-0.9315,-0.1025, 0.0174, 0.2702],[ 0.1687, 4.067 ,-0.8496,-0.3   , 1.0417],[-0.9309,-0.0852, 0.0022, 0.2637],0.3749
1221,[-0.9288,-0.1443, 0.11  , 0.2815],[ 1.6155,-0.1997, 1.6487,-0.2125, 2.5137],[-0.9282,-0.1364, 0.1029, 0.273 ],0.3264
1223,[-0.9444,-0.1176, 0.2082, 0.2694],[ 2.0403,-0.3487, 4.4049,-0.1894, 0.9913],[-0.9417,-0.1314, 0.2127, 0.2616],0.2263
1230,[-0.9373, 0.1882,-0.0309, 0.2809],[-0.4286,-1.7148, 0.6614,-1.0567,-0.838 ],[-0.9379, 0.1562,-0.0117, 0.2879],0.3152
1232,[-0.9298, 0.2012,-0.1194, 0.2936],[ 3.1594, 0.1482, 1.6679,-0.0341, 5.2267],[-0.9303, 0.1835,-0.0957, 0.2903],0.2999
1234,[-0.9264, 0.2546,-0.2187, 0.2915],[ 2.2666,12.0522, 0.0241, 1.2142, 1.837 ],[-0.9265, 0.2445,-0.2019, 0.2996],0.2349
1236,[-0.9213, 0.2758,-0.3102, 0.2678],[-0.3634,11.1696,-0.0535,-0.4762, 1.2557],[-0.9198, 0.2742,-0.2951, 0.275 ],0.2005
1240,[-0.945 ,-0.1913, 0.0395, 0.2665],[-0.72  , 0.2265,-1.5988,-1.2208,-1.392 ],[-0.9457,-0.1552, 0.0073, 0.2801],0.2901
1241,[-0.9288,-0.192 , 0.133 , 0.2763],[ 0.0467, 0.7501,-0.4145,-0.2013, 1.1335],[-0.9288,-0.1794, 0.1201, 0.2791],0.2957
1243,[-0.9326,-0.2276, 0.2255, 0.2783],[ 0.5737,-0.1127, 5.8748, 0.2758, 2.8822],[-0.9318,-0.2228, 0.216 , 0.2785],0.2187
1245,[-0.9343,-0.2164, 0.3009, 0.2616],[ 0.4931,-0.6706, 2.2886, 0.5339, 4.1998],[-0.9312,-0.2233, 0.3003, 0.257 ],0.183
1252,[-0.9419, 0.3061,-0.1285, 0.2706],[-1.0053,-1.1387, 0.1801,-0.8206,-0.4268],[-0.9451, 0.2704,-0.1002, 0.2739],0.2037
1254,[-0.9272, 0.3024,-0.2367, 0.2898],[1.1267,0.0871,1.2075,1.8524,0.7182],[-0.9282, 0.29  ,-0.2263, 0.2973],0.1963
1256,[-0.9222, 0.3382,-0.307 , 0.2748],[2.8968,4.1036,0.1117,1.5185,0.9084],[-0.9227, 0.3309,-0.2958, 0.2849],0.1623
1263,[-0.9316,-0.3169, 0.2201, 0.283 ],[ 0.4689, 1.0543,-0.828 , 0.2095, 0.4221],[-0.9335,-0.3006, 0.2094, 0.2925],0.1808
1300,[-9.1607e-01,-1.4630e-04,-1.6600e-03, 1.3503e-01],[5.6116e-01,2.3107e+00,1.1795e+00,1.2022e-03,4.1148e+02],[-9.1550e-01, 2.0547e-04,-2.4769e-03, 1.3066e-01],0.4448
1301,[-0.9167,-0.0459, 0.0666, 0.1399],[ 1.3169,-1.0436,19.6239,-0.6299, 6.4049],[-0.9159,-0.0486, 0.0673, 0.1432],0.423
1302,[-0.9169, 0.0466,-0.0655, 0.139 ],[ 1.2882e+00, 1.1283e+02,-1.5483e+00, 9.7262e-02, 3.4830e+00],[-0.9161, 0.0489,-0.0658, 0.1436],0.4233
1303,[-0.9317,-0.0182, 0.203 , 0.1649],[-1.3136,-1.6178, 0.5567,-2.2726, 0.301 ],[-0.9283,-0.049 , 0.2269, 0.1702],0.3028
1304,[-0.9314, 0.035 ,-0.1955, 0.165 ],[-1.5879,-1.3768,-2.3758,-2.2921,-1.2118],[-0.9282, 0.0611,-0.2149, 0.1638],0.3035
1310,[-0.922 , 0.0796,-0.0261, 0.1549],[-0.9966,-2.1819, 6.2951,-1.3774,-0.5622],[-0.9217, 0.0701,-0.0207, 0.1547],0.4128
1311,[-0.9316, 0.0863, 0.0878, 0.1596],[-1.9172,-3.0802,-1.4722,-2.172 ,-2.5668],[-0.9306, 0.0537, 0.1122, 0.1643],0.3514
1312,[-0.9188, 0.0771,-0.0904, 0.1454],[ 0.4349, 2.4551,-0.2239, 0.6453,42.3111],[-0.9181, 0.078 ,-0.0878, 0.1402],0.3927
1313,[-0.9394, 0.0643, 0.1734, 0.1262],[ 0.012 ,-1.0768,-0.1098,-0.7655,-0.5322],[-0.9366, 0.0168, 0.2146, 0.1375],0.296
1314,[-0.9272, 0.1224,-0.1951, 0.161 ],[ 3.6648,14.9534,-0.4959, 2.538 ,-0.1113],[-0.9253, 0.1316,-0.1964, 0.1657],0.2904
1316,[-0.9188, 0.1485,-0.2958, 0.1771],[-0.71  ,-0.0212,-2.1789,-0.7558, 1.2979],[-0.9143, 0.1637,-0.3056, 0.19  ],0.2449
1320,[-0.9165,-0.0641, 0.0437, 0.1358],[-3.835 ,-3.4057,-3.6584,-3.9121,-2.5719],[-0.9161,-0.0603, 0.0409, 0.1344],0.4286
1321,[-0.9173,-0.0784, 0.0807, 0.1408],[ 2.2945, 0.4383, 4.6044, 0.9702,40.1333],[-0.9167,-0.0777, 0.077 , 0.137 ],0.4013
1322,[-0.929 ,-0.0881,-0.0888, 0.155 ],[-3.7181,-2.7537,-3.8379,-3.6388,-3.799 ],[-0.928 ,-0.0558,-0.1149, 0.1555],0.3591
1323,[-0.9277,-0.1314, 0.1955, 0.1647],[-0.0207,-0.6822,13.6434, 0.0286, 0.8684],[-0.9259,-0.1391, 0.1958, 0.1694],0.2867
1325,[-0.9373,-0.1445, 0.2941, 0.2021],[ 1.0104,-1.8618,-0.0151,-0.6545, 1.335 ],[-0.9329,-0.1641, 0.3017, 0.2053],0.204
1330,[-0.9304, 0.2011,-0.028 , 0.1894],[-1.7442,-3.0603,-0.6752,-2.2368,-1.4627],[-9.3174e-01, 1.6883e-01,-6.2934e-04, 1.9761e-01],0.335
1332,[-0.926 , 0.2025,-0.1216, 0.1777],[-2.4576,-2.886 ,-3.403 ,-3.4917,-3.4965],[-0.9269, 0.187 ,-0.104 , 0.18  ],0.3059
1334,[-0.9265, 0.2239,-0.218 , 0.1763],[ 5.6858, 8.3965,-0.7674, 2.4586, 1.7602],[-0.9262, 0.2196,-0.2053, 0.1826],0.2454
1336,[-0.9284, 0.241 ,-0.3255, 0.1778],[ 0.3507,26.5725,-0.3923,-0.0464, 0.6707],[-0.9254, 0.2474,-0.3229, 0.1869],0.1761
1340,[-0.9285,-0.1893, 0.0184, 0.1517],[-3.3032,-2.381 ,-4.1415,-3.07  ,-2.7698],[-0.9297,-0.158 ,-0.0052, 0.1536],0.3409
1341,[-0.9249,-0.1955, 0.1294, 0.1795],[-8.7675,-8.8548,-9.4638,-9.1691,-8.8848],[-0.9254,-0.1831, 0.1172, 0.184 ],0.3075
1343,[-0.9257,-0.2156, 0.2127, 0.1779],[-0.0747,-0.5585, 3.9147, 2.4752, 1.0122],[-0.9253,-0.212 , 0.2021, 0.1855],0.2523
1345,[-0.9265,-0.2341, 0.303 , 0.1639],[ 2.2176,-0.3736,19.022 , 0.2615, 1.4146],[-0.9241,-0.2391, 0.2996, 0.1698],0.1934
1352,[-0.9236, 0.31  ,-0.1346, 0.1626],[-1.4816,-2.8226,-0.062 ,-1.7355,-2.0147],[-0.9274, 0.2836,-0.1123, 0.1648],0.2566
1354,[-0.9252, 0.31  ,-0.2353, 0.1925],[-1.0689,-1.532 ,-1.185 ,-0.8708,-1.4774],[-0.9271, 0.2969,-0.2166, 0.1974],0.2018
1356,[-0.9233, 0.3328,-0.3272, 0.1723],[ 1.0697,11.8888, 0.3878, 0.9684, 0.4109],[-0.9233, 0.3285,-0.3143, 0.1838],0.1513
1361,[-0.9223,-0.3061, 0.1395, 0.164 ],[-2.573 ,-2.0925,-3.3875,-2.4837,-2.9516],[-0.9259,-0.2817, 0.121 , 0.1745],0.2592
1363,[-0.9241,-0.3068, 0.2311, 0.1663],[-1.6739,-2.0519,-2.535 ,-2.1227,-2.5188],[-0.926 ,-0.2949, 0.2181, 0.1733],0.2058
1365,[-0.9236,-0.3251, 0.3191, 0.168 ],[0.9759,0.0319,6.7656,1.5226,0.06  ],[-0.9236,-0.3211, 0.3085, 0.1794],0.1544
1374,[-0.9322, 0.4112,-0.2337, 0.2094],[-1.0818,-1.3253, 0.1223,-0.8495,-1.0854],[-0.9377, 0.3873,-0.2127, 0.2235],0.1274
1376,[-0.9179, 0.4139,-0.3373, 0.1759],[-0.0298,-0.4144, 0.0892,-0.0028,-0.2614],[-0.9207, 0.4056,-0.3265, 0.1894],0.1148
1378,[-0.9114, 0.437 ,-0.4755, 0.1358],[ 1.44  , 2.2803,-0.1363, 1.089 , 0.3611],[-0.91  , 0.4354,-0.4658, 0.1488],0.0344
1383,[-0.9159,-0.4033, 0.2362, 0.1541],[-1.1078,-0.7624,-2.2324,-1.7039,-1.3857],[-0.9212,-0.3861, 0.2228, 0.1683],0.1763
1385,[-0.9238,-0.4061, 0.3502, 0.1605],[-0.8629,-0.3571,-0.6457, 0.5515,-1.3734],[-0.9258,-0.399 , 0.3375, 0.1653],0.1003
1387,[-0.9317,-0.4308, 0.3922, 0.1352],[ 1.0155,-0.4615, 2.7987, 1.6501,-0.1889],[-0.9333,-0.4252, 0.3811, 0.1494],0.0462
1400,[-0.9164, 0.0072,-0.0077, 0.0687],[2.5344e+00,6.5225e+02,6.8637e+02,4.7219e-01,2.7864e+00],[-0.9161, 0.0073,-0.0084, 0.0721],0.446
1401,[-0.9165,-0.0396, 0.0672, 0.0592],[9.2290e-01,3.5030e-02,1.8360e+02,3.0229e-01,6.0888e-01],[-0.916 ,-0.0435, 0.0684, 0.0646],0.4248
1402,[-0.9164, 0.0441,-0.0652, 0.0673],[ 1.9039e-01, 3.2004e+02,-4.9352e-01,-5.0012e-01, 2.1630e+00],[-0.9159, 0.047 ,-0.0663, 0.0708],0.4262
1403,[-0.9307,-0.0279, 0.1899, 0.0543],[-1.8173,-2.224 ,-0.9232,-0.3821,-1.3062],[-0.928 ,-0.0562, 0.211 , 0.0597],0.3119
1404,[-0.9298, 0.0284,-0.1923, 0.0595],[-2.1546,-2.4587,-3.5445,-1.6784,-1.241 ],[-0.9271, 0.0568,-0.2151, 0.0614],0.3104
1410,[-0.9164, 0.063 ,-0.0457, 0.0429],[1.1637e+00,3.5864e-01,7.1486e+02,8.8815e-02,6.4157e+00],[-0.9163, 0.0603,-0.0455, 0.0498],0.4312
1411,[-0.9281, 0.0858, 0.0832, 0.0547],[-3.576 ,-4.0021,-3.3732,-1.9239,-3.6316],[-0.9276, 0.0545, 0.1085, 0.0591],0.3617
1412,[-0.9166, 0.068 ,-0.0715, 0.0478],[ 2.6292e+00, 4.7329e+02,-2.2293e-01, 1.3360e+00, 2.1852e+00],[-0.9164, 0.0679,-0.0687, 0.0546],0.4158
1414,[-0.925 , 0.1203,-0.2009, 0.0585],[ 1.8165e+00, 6.4922e+01,-3.3138e-01,-3.1066e-03, 1.0111e+00],[-0.9232, 0.132 ,-0.2067, 0.0637],0.2918
1416,[-0.9311, 0.1399,-0.297 , 0.068 ],[ 0.1721, 1.7921,-1.7129,-0.8599, 0.0153],[-0.9266, 0.1618,-0.3132, 0.0698],0.2175
1420,[-0.9167,-0.0638, 0.0449, 0.0648],[ 1.0553e+00, 4.3408e+02,-4.9877e-04, 3.8761e-01, 6.0724e-01],[-0.9165,-0.0608, 0.0445, 0.0727],0.431
1421,[-0.9164,-0.0708, 0.0751, 0.0569],[  1.1548,  1.3361,865.0333,  1.2523,  2.6643],[-0.916 ,-0.0708, 0.0726, 0.0669],0.413
1422,[-0.9294,-0.0872,-0.086 , 0.0619],[-4.7204,-4.0673,-5.1928,-4.8041,-4.4088],[-0.9289,-0.0544,-0.1134, 0.0633],0.357
1423,[-0.9249,-0.1266, 0.1948, 0.0623],[ 0.5334,-0.1669,67.0614, 1.3163, 1.3178],[-0.9233,-0.1361, 0.1988, 0.0711],0.2947
1424,[-0.9488,-0.0642,-0.1816, 0.0293],[-0.6622, 0.1375,-1.3633,-0.4864,-0.1429],[-0.946 ,-0.005 ,-0.2338, 0.0147],0.2562
1425,[-0.9258,-0.1386, 0.2931, 0.0634],[-0.7515,-1.7568, 2.84  , 0.0549, 0.2943],[-0.9216,-0.1582, 0.3048, 0.0659],0.2298
1430,[-0.9273, 0.1982,-0.0219, 0.0497],[-3.9893,-4.4946,-2.596 ,-3.7533,-4.2666],[-0.9293, 0.166 , 0.006 , 0.0553],0.3447
1431,[-0.9314, 0.1762, 0.0753, 0.1087],[-1.1163,-1.7022,-0.0018,-0.8214,-0.6314],[-0.9318, 0.1272, 0.1205, 0.1221],0.3084
1432,[-0.9241, 0.2074,-0.115 , 0.0557],[-6.6392,-6.5334,-6.3953,-5.7646,-7.02  ],[-0.9257, 0.1916,-0.0989, 0.0596],0.3118
1434,[-0.9252, 0.2202,-0.2159, 0.0586],[ 1.8534, 6.6227,-1.0017,18.4955, 0.4283],[-0.9252, 0.218 ,-0.2079, 0.0674],0.2469
1436,[-0.9248, 0.2304,-0.3242, 0.0565],[ 7.142 ,30.515 ,-0.7078, 0.7009, 1.2064],[-0.9217, 0.2398,-0.3276, 0.0666],0.1866
1438,[-0.9202, 0.225 ,-0.4018, 0.0642],[ 6.7357, 0.2053,-0.4528, 0.1503,-0.7808],[-0.914 , 0.2391,-0.4081, 0.0781],0.1636
1440,[-0.9256,-0.1994, 0.0232, 0.0633],[-5.3636,-4.8131,-6.3959,-5.3787,-5.409 ],[-0.9275,-0.1681,-0.0043, 0.0648],0.3512
1441,[-0.9239,-0.21  , 0.1109, 0.064 ],[-8.8094,-8.8617,-9.3158,-9.051 ,-9.0373],[-0.9255,-0.1931, 0.0946, 0.0686],0.3139
1442,[-0.9341,-0.1825,-0.0656, 0.0716],[-7.3853e-01,-5.9029e-01,-1.7904e+00,-7.2045e-01, 7.6999e-04],[-0.935 ,-0.1304,-0.1088, 0.0563],0.3014
1443,[-0.9243,-0.2161, 0.2167, 0.0643],[ 8.9985e-01,-1.2372e-02, 2.5928e+00, 1.3562e+01, 1.1877e+00],[-0.9241,-0.2147, 0.211 , 0.0776],0.2512
1445,[-0.9308,-0.2305, 0.3016, 0.0644],[ 1.2702e+00,-3.4755e-01, 2.5166e+01,-4.3843e-03, 8.8556e-01],[-0.9285,-0.2381, 0.303 , 0.0709],0.1795
1450,[-0.9193, 0.2956,-0.0477, 0.0455],[-1.076 ,-1.8311,-1.0048,-0.192 ,-0.6759],[-0.9239, 0.2579,-0.0137, 0.0496],0.3293
1452,[-0.9251, 0.3132,-0.1249, 0.0448],[-2.8821,-4.4769,-2.7652,-3.4678,-3.6096],[-0.9297, 0.284 ,-0.0996, 0.0498],0.2535
1454,[-0.9214, 0.3126,-0.2174, 0.0485],[-2.4543,-2.5328,-2.6551,-2.2804,-2.9353],[-0.9242, 0.2999,-0.2041, 0.0529],0.2157
1456,[-0.9231, 0.3146,-0.3373, 0.0678],[ 2.0222, 5.1007,-0.3669, 4.0064, 0.2163],[-0.9223, 0.3151,-0.3325, 0.0804],0.15
1458,[-0.9296, 0.3367,-0.3943, 0.0741],[ 0.2392,21.7152,-0.3176, 0.8648, 0.3447],[-0.9273, 0.3395,-0.3931, 0.0874],0.0976
1460,[-0.942 ,-0.293 , 0.0418, 0.0446],[-1.0874,-0.5796,-1.7116,-1.0811,-1.0482],[-0.9463,-0.2375,-0.0097, 0.0589],0.2523
1461,[-0.9242,-0.3094, 0.1269, 0.0536],[-4.3516,-3.6235,-5.1808,-4.4312,-4.8611],[-0.9286,-0.2817, 0.1013, 0.0613],0.2582
1463,[-0.9233,-0.3266, 0.2083, 0.0608],[-3.849 ,-3.726 ,-3.9787,-3.3132,-4.0007],[-0.9268,-0.3103, 0.1909, 0.0667],0.2085
1465,[-0.9242,-0.3129, 0.3233, 0.0697],[ 1.4742,-0.2965, 2.8208, 3.3601,-0.377 ],[-0.9237,-0.3122, 0.319 , 0.0833],0.1544
1474,[-0.9222, 0.4339,-0.213 , 0.0504],[-1.3139,-2.5087,-0.8186,-1.4744,-1.9928],[-0.9297, 0.4102,-0.1917, 0.0641],0.1512
1476,[-0.9277, 0.4238,-0.3302, 0.0705],[-0.5035,-0.5016,-1.0134, 0.4635,-1.995 ],[-0.9312, 0.4146,-0.3196, 0.0845],0.085
1478,[-0.9217, 0.4313,-0.4351, 0.0694],[ 0.7275, 4.0589, 0.4803, 0.632 ,-0.1607],[-0.9217, 0.4294,-0.4297, 0.0829],0.0487
1479,[-0.9256, 0.4414,-0.5106, 0.0466],[ 0.8215,-0.0695,-0.5739,17.9741,-0.1802],[-0.9228, 0.4412,-0.5071, 0.062 ],0.0073
1481,[-0.9219,-0.4129, 0.1398, 0.023 ],[-0.9573,-0.7861,-1.8321,-1.12  ,-1.3646],[-0.9301,-0.3787, 0.1077, 0.0375],0.2035
1483,[-0.9336,-0.4131, 0.2369, 0.0388],[-2.3883,-1.7593,-3.1154,-1.7136,-2.6536],[-0.9397,-0.3906, 0.2156, 0.0477],0.1191
1485,[-0.9256,-0.4186, 0.3301, 0.0679],[-1.4812,-1.6891,-1.609 ,-0.483 ,-2.234 ],[-0.9289,-0.4097, 0.3194, 0.077 ],0.0936
1487,[-0.9218,-0.4224, 0.4094, 0.0621],[ 0.805 ,-0.9719, 2.0381, 1.5365,-0.5682],[-0.9223,-0.4205, 0.4057, 0.077 ],0.0676
1500,[-0.9166, 0.0054,-0.0036,-0.0537],[  2.7225,  4.8578,  8.6221,235.8714,  0.4679],[-0.9167, 0.0051,-0.0032,-0.0425],0.448
1501,[-0.9147,-0.0327, 0.0715,-0.056 ],[-51.8962,-53.4017,-50.4985,-51.3949,-50.2771],[-0.9147,-0.0387, 0.0745,-0.05  ],0.4266
1502,[-0.9154, 0.0351,-0.0728,-0.0511],[-110.4197,-108.7913,-112.4712,-111.222 ,-110.9984],[-0.9153, 0.041 ,-0.0762,-0.0465],0.4243
1503,[-0.9226,-0.0302, 0.1845,-0.0383],[-2.1902,-2.7387,-0.1999,-1.6165,-1.4298],[-0.9204,-0.0553, 0.2038,-0.0386],0.3364
1504,[-0.9277, 0.0327,-0.1873,-0.0421],[-3.5212,-3.7131,-5.2217,-3.5063,-4.658 ],[-0.9255, 0.0598,-0.2079,-0.0435],0.3206
1510,[-0.9167, 0.0644,-0.0445,-0.0606],[ 3.3519e-01,-1.8145e-01, 6.6425e+02, 4.8999e+00, 1.4215e-01],[-0.9171, 0.0616,-0.0441,-0.0544],0.4313
1511,[-0.9256, 0.0814, 0.0787,-0.0356],[-3.4632,-4.3466,-2.2953,-2.8183,-3.6157],[-0.9255, 0.052 , 0.1026,-0.0348],0.3738
1512,[-0.9162, 0.074 ,-0.0788,-0.0649],[  2.0829,135.5727,  0.3872,  9.7499,  0.2682],[-0.9164, 0.0744,-0.0758,-0.0575],0.4102
1514,[-0.9203, 0.1286,-0.1922,-0.0516],[  0.9931,107.6092, -1.1393,  0.7305,  0.7116],[-0.9192, 0.1383,-0.1978,-0.0453],0.306
1516,[-0.9323, 0.1413,-0.3065,-0.0241],[ 0.0066,-1.0649,-1.9155, 1.3095,-1.3417],[-0.9277, 0.1655,-0.3254,-0.0188],0.2065
1520,[-0.9165,-0.0657, 0.0424,-0.0621],[ 1.1417e+00, 6.4767e+02,-5.8881e-01, 1.1235e+00, 3.9127e-01],[-0.9169,-0.0625, 0.0422,-0.0523],0.4333
1521,[-0.9159,-0.0718, 0.0786,-0.0603],[1.8580e+00,5.9629e-02,3.7984e+00,2.3149e+02,1.3309e+00],[-0.916 ,-0.0727, 0.0771,-0.0463],0.4123
1522,[-0.9234,-0.0842,-0.0796,-0.0529],[-5.6882,-5.031 ,-6.4866,-5.4301,-5.8364],[-0.9234,-0.0549,-0.1035,-0.0568],0.3826
1523,[-0.9231,-0.1255, 0.1942,-0.0468],[ 0.68  ,-0.9606,40.1181, 1.9118,-0.1094],[-0.9219,-0.1361, 0.1997,-0.0382],0.2995
1525,[-0.9232,-0.1474, 0.2885,-0.0359],[-0.4855,-1.9454, 0.7383,-0.3649, 0.0234],[-0.9196,-0.1661, 0.2978,-0.0333],0.2399
1530,[-0.922 , 0.1958,-0.0301,-0.0411],[-4.689 ,-4.0234,-2.8808,-3.3616,-4.023 ],[-0.9244, 0.1677,-0.0048,-0.0392],0.365
1532,[-0.9232, 0.2073,-0.1168,-0.0368],[-6.9704,-7.8705,-8.1999,-7.3784,-8.9042],[-0.9252, 0.1924,-0.1007,-0.0354],0.3123
1534,[-0.9216, 0.2057,-0.2169,-0.0334],[ 2.5237,19.6429,-0.7796, 5.484 , 0.1404],[-0.9215, 0.2067,-0.2121,-0.0303],0.2637
1536,[-0.926 , 0.2101,-0.3057,-0.025 ],[ 0.9878, 0.7629,-1.0693,34.9797,-0.2992],[-0.9232, 0.222 ,-0.3125,-0.0157],0.199
1540,[-0.9234,-0.1927, 0.0262,-0.04  ],[-5.4518,-4.6017,-6.2286,-5.2393,-4.9842],[-0.9257,-0.163 ,-0.0017,-0.0415],0.3618
1541,[-0.9233,-0.2097, 0.1116,-0.0372],[-8.5763,-8.5252,-8.8002,-8.1566,-9.2129],[-0.9254,-0.1934, 0.095 ,-0.0349],0.3145
1542,[-0.915 ,-0.1726,-0.0777,-0.0761],[-1.0889,-0.6877,-1.9532,-0.773 ,-1.051 ],[-0.9166,-0.1345,-0.1011,-0.0912],0.3778
1543,[-0.921 ,-0.2056, 0.2141,-0.0441],[ 1.5968,-0.6585, 7.9233, 8.5721, 0.3705],[-0.921 ,-0.2064, 0.2094,-0.0339],0.266
1545,[-0.9273,-0.2379, 0.3179,-0.0212],[ 0.1988,-0.3731,24.355 , 1.4629, 0.0247],[-0.9248,-0.2476, 0.3221,-0.0246],0.1786
1552,[-0.9217, 0.3059,-0.1251,-0.0216],[-2.8085,-3.1209,-1.9504,-2.5077,-2.832 ],[-0.9264, 0.2801,-0.1017,-0.0189],0.2674
1554,[-0.9217, 0.3167,-0.2131,-0.0141],[-1.7969,-2.1422,-1.937 ,-1.8715,-3.1018],[-0.9249, 0.3037,-0.2007,-0.0143],0.2135
1556,[-0.9262, 0.3157,-0.35  ,-0.0012],[ 0.7841, 2.1365,-0.6733, 1.9287,-1.277 ],[-0.9249, 0.3189,-0.3519, 0.0038],0.1338
1558,[-0.923 , 0.3459,-0.3911, 0.    ],[ 0.5656,23.1738,-0.1334, 0.5567, 0.761 ],[-0.9212, 0.3488,-0.3931, 0.0156],0.1115
1561,[-0.9265,-0.3079, 0.1285,-0.0226],[-3.4724,-3.1159,-3.5629,-3.2397,-3.7112],[-0.9312,-0.2801, 0.1029,-0.025 ],0.2485
1563,[-0.9259,-0.3202, 0.2095,-0.016 ],[-3.3325,-3.4178,-3.2614,-3.0597,-3.8482],[-0.9294,-0.3053, 0.1942,-0.0148],0.1996
1565,[-0.923 ,-0.2979, 0.3411,-0.0217],[ 1.3769,-0.9115, 2.0898, 3.7186,-0.2179],[-0.9216,-0.3019, 0.3413,-0.0148],0.1504
1567,[-0.9131,-0.3267, 0.3916, 0.    ],[ 1.3518,-0.4481, 0.4231,14.9084, 0.7851],[-0.9105,-0.331 , 0.3959, 0.    ],0.1207
1574,[-0.9203, 0.4012,-0.2079, 0.    ],[-1.5649,-0.9693,-0.3315,-0.9554,-1.6878],[-0.9269, 0.3801,-0.1859, 0.0078],0.1779
1578,[-0.9224, 0.4326,-0.4153, 0.    ],[ 0.3335, 3.8161,-0.5496, 3.4632,-0.2141],[-0.9231, 0.4316,-0.4143, 0.0156],0.0556
1579,[-0.9365, 0.4399,-0.5149, 0.    ],[ 0.7837, 0.1733, 0.6238,35.3438, 0.2318],[-0.9333, 0.4409,-0.5154, 0.0078],-0.0224
1581,[-0.9116,-0.4051, 0.1643,-0.0446],[-1.0188,-0.7119,-1.305 ,-0.6448,-1.5298],[-0.9195,-0.3809, 0.1448,-0.058 ],0.2229
1583,[-0.9223,-0.4341, 0.2479,-0.002 ],[-1.825 ,-0.8546,-2.6214,-1.7578,-2.6284],[-0.9292,-0.4165, 0.2307, 0.0076],0.1333
1585,[-0.9238,-0.4608, 0.3009,-0.0078],[-1.1712,-1.852 ,-1.4744,-0.6154,-2.6019],[-0.9302,-0.4489, 0.2889, 0.0051],0.0869
1587,[-0.919 ,-0.4375, 0.4248, 0.    ],[ 1.4449,-1.8715, 2.2289, 1.9388,-1.7558],[-0.9195,-0.4371, 0.4242, 0.0045],0.0584
1600,[-0.9165,-0.0019, 0.001 ,-0.1685],[-253.9148,-254.1048,-253.7852,-251.6879,-253.8395],[-9.1718e-01,-1.6978e-03, 6.2569e-04,-1.6323e-01],0.4513
1601,[-0.9136,-0.0393, 0.0718,-0.1672],[-33.4507,-35.6164,-27.6963,-28.5679,-35.1861],[-0.9141,-0.0447, 0.0752,-0.1672],0.4267
1602,[-0.9139, 0.0382,-0.0741,-0.1707],[-53.8265,-52.6269,-55.1532,-52.8734,-54.0853],[-0.9143, 0.0442,-0.078 ,-0.1717],0.4248
1603,[-0.924 ,-0.0365, 0.1889,-0.1568],[-0.841 ,-2.1036, 0.2024,-1.3868,-1.0296],[-0.9222,-0.0625, 0.2075,-0.1518],0.3301
1604,[-0.9147, 0.0255,-0.1822,-0.1491],[-2.2953,-1.987 ,-3.2023,-2.4399,-3.0321],[-0.9131, 0.0491,-0.1974,-0.1538],0.3647
1610,[-0.9162, 0.0632,-0.0451,-0.1406],[-1.9577,-2.2152,-1.2464,89.0499,-2.2729],[-0.9169, 0.0605,-0.0424,-0.1337],0.4334
1611,[-0.92  , 0.0833, 0.0777,-0.1566],[-1.4848,-2.485 ,-0.6246,-1.4435,-1.7709],[-0.9205, 0.056 , 0.0972,-0.15  ],0.3975
1612,[-0.9155, 0.0708,-0.0855,-0.1622],[ 0.8752,17.3543,-5.6061,26.9075,-4.9339],[-0.916 , 0.0734,-0.0855,-0.1521],0.4076
1614,[-0.917 , 0.1263,-0.1879,-0.1688],[ 0.8207, 6.8281,-0.3005, 0.1866,-0.0185],[-0.9165, 0.1361,-0.1927,-0.1611],0.3192
1616,[-0.9225, 0.1632,-0.281 ,-0.1488],[-0.605 , 0.0703,-1.2564,-0.2664,-1.0287],[-0.9198, 0.1802,-0.2913,-0.1605],0.2481
1620,[-0.9155,-0.0666, 0.0412,-0.162 ],[-61.8854,-61.748 ,-63.3237,-62.0224,-63.1271],[-0.9163,-0.0626, 0.0363,-0.1553],0.4375
1621,[-0.9148,-0.0746, 0.0832,-0.1703],[ 0.7645,-1.124 ,48.1588,50.6054,-1.0795],[-0.9154,-0.076 , 0.081 ,-0.1608],0.41
1622,[-0.9187,-0.0746,-0.0724,-0.1753],[-3.5394,-3.1436,-4.5937,-3.7193,-3.8511],[-0.9193,-0.0495,-0.0932,-0.1785],0.4077
1623,[-0.921 ,-0.1347, 0.1882,-0.1722],[ 1.2991,-1.2164, 9.7369, 4.7982,-0.9042],[-0.9205,-0.1439, 0.1934,-0.161 ],0.3082
1630,[-0.9163, 0.1849, 0.0041,-0.1475],[-0.8176,-1.4416,-0.3928,-0.333 ,-0.7862],[-0.9189, 0.1554, 0.0277,-0.1561],0.3887
1632,[-0.9165, 0.1744,-0.1433,-0.1755],[-4.1116,-4.7822,-4.8462,-4.2006,-5.0424],[-0.9179, 0.1703,-0.1347,-0.1671],0.3347
1634,[-0.9176, 0.1832,-0.213 ,-0.1584],[-0.1261, 2.6711,-0.3064,13.1167,-0.7729],[-0.9174, 0.188 ,-0.2123,-0.1475],0.2805
1636,[-0.9172, 0.1944,-0.298 ,-0.1444],[ 0.5109,15.6815,-0.1889, 0.5134,-0.7524],[-0.9146, 0.2073,-0.3029,-0.1288],0.2374
1640,[-0.912 ,-0.1767,-0.0028,-0.1387],[-2.4752,-0.9484,-3.3352,-2.2702,-2.3931],[-0.9143,-0.1503,-0.0217,-0.1426],0.4034
1641,[-0.919 ,-0.1763, 0.1251,-0.1754],[-7.1465,-7.0602,-7.3653,-6.6002,-7.5076],[-0.9207,-0.1688, 0.1127,-0.1629],0.3338
1643,[-0.9193,-0.1872, 0.2153,-0.1749],[ 0.6185,-1.4801, 2.1048, 2.0672,-1.696 ],[-0.9192,-0.1919, 0.2153,-0.1635],0.2732
1645,[-0.9193,-0.2636, 0.3762,-0.1332],[ 1.4255,-0.9244, 1.9158,11.4032,-0.2239],[-0.9157,-0.2751, 0.381 ,-0.1267],0.1639
1652,[-0.9152, 0.3104,-0.1048,-0.1296],[-1.0873,-1.1362,-0.2052,-0.8521,-1.0028],[-0.9207, 0.2846,-0.0889,-0.1134],0.2928
1654,[-0.9197, 0.364 ,-0.1901,-0.1359],[-0.4837,-1.0264,-1.1136,-0.8549,-1.7828],[-0.9257, 0.3442,-0.1686,-0.1203],0.2067
1700,[-0.9188,-0.0048, 0.0031,-0.2825],[-163.6521,-163.6034,-163.3199,-162.9483,-164.0025],[-0.92  ,-0.0045, 0.003 ,-0.277 ],0.4456
1701,[-0.9169,-0.042 , 0.0716,-0.281 ],[-32.5186,-33.4862,-32.4783,-31.9713,-33.6731],[-0.9178,-0.0478, 0.0763,-0.2764],0.4226
1702,[-0.9175, 0.037 ,-0.0772,-0.2752],[-26.3436,-25.5341,-26.8277,-25.3047,-26.9185],[-0.9183, 0.0446,-0.083 ,-0.2725],0.4163
1704,[-0.9131, 0.0364,-0.1726,-0.2542],[-0.3174, 0.1459,-1.3389,-1.1283,-1.2572],[-0.9123, 0.0571,-0.1815,-0.267 ],0.3663
1710,[-0.9188, 0.0633,-0.0453,-0.2836],[-18.1259,-17.7955,-17.642 ,-17.7547,-18.3834],[-0.9201, 0.0606,-0.0408,-0.2729],0.4245
1711,[-0.9241, 0.1489, 0.0743,-0.2539],[-0.9996,-1.8903,-0.5132,-1.2399,-1.4644],[-0.9257, 0.1088, 0.106 ,-0.2385],0.3483
1712,[-0.9174, 0.0744,-0.0943,-0.2775],[-66.9945,-66.5613,-68.1331,-66.471 ,-67.8887],[-0.9183, 0.0786,-0.0966,-0.2698],0.3952
1714,[-0.917 , 0.1222,-0.1927,-0.2792],[ 0.3969, 2.7436,-1.7879, 2.1143,-1.9598],[-0.9166, 0.1344,-0.2001,-0.2721],0.3216
1720,[-0.9167,-0.0643, 0.0437,-0.2796],[-26.5817,-26.2395,-26.4746,-25.435 ,-26.9105],[-0.9181,-0.0612, 0.0394,-0.2743],0.4322
1721,[-0.9171,-0.0763, 0.091 ,-0.2776],[-104.5276,-105.2082,-103.7224,-103.8238,-105.1553],[-0.9181,-0.0796, 0.092 ,-0.27  ],0.3979
1723,[-0.9196,-0.134 , 0.1799,-0.283 ],[-0.3899,-1.403 , 2.7016, 2.7699,-1.5661],[-0.9197,-0.143 , 0.186 ,-0.2682],0.3178
1730,[-0.9169, 0.2251, 0.0126,-0.2764],[-1.2834,-1.2692,-0.0692,-0.7651,-0.7272],[-0.9209, 0.1878, 0.0429,-0.2703],0.3615
1734,[-0.9151, 0.1782,-0.2377,-0.305 ],[-0.2702,-0.137 ,-2.3767, 1.1677,-2.519 ],[-0.9144, 0.1883,-0.2438,-0.2973],0.2744
1736,[-0.9121, 0.2032,-0.2834,-0.3196],[ 0.2554,11.8108,-0.8021, 2.0968,-0.6468],[-0.9104, 0.216 ,-0.2974,-0.3031],0.2245
1743,[-0.9197,-0.1754, 0.1997,-0.2626],[-2.5932,-4.4653,-2.4404,-1.4761,-5.003 ],[-0.9202,-0.1801, 0.1957,-0.2518],0.2934
1800,[-0.9167,-0.0227, 0.0197,-0.3885],[-27.9379,-28.6644,-28.2   ,-27.525 ,-29.3553],[-0.9184,-0.0218, 0.0159,-0.3798],0.4535
1801,[-0.9148,-0.03  , 0.077 ,-0.3813],[-6.2928,-7.1465,-5.6322,-5.5002,-7.5487],[-0.9161,-0.0397, 0.0895,-0.3743],0.4276
1802,[-0.9221, 0.0554,-0.0681,-0.379 ],[-4.7419,-4.0315,-5.4611,-4.0023,-5.4482],[-0.9236, 0.0592,-0.0724,-0.3614],0.3978
1812,[-0.9123, 0.116 ,-0.149 ,-0.3801],[-14.9242,-14.3766,-14.7101,-13.4475,-15.394 ],[-0.9132, 0.123 ,-0.1528,-0.3626],0.352
1820,[-0.9153,-0.0601, 0.0448,-0.3983],[-5.2934,-4.9489,-5.2963,-4.4759,-6.0376],[-0.9172,-0.0572, 0.0351,-0.3924],0.4432
1821,[-0.9153,-0.0655, 0.0779,-0.3865],[-22.047 ,-21.5122,-21.1401,-20.2895,-22.4969],[-0.9168,-0.0689, 0.0799,-0.3754],0.4144
2200,[-8.9926e-01,-6.4021e-03, 3.2850e-04, 2.6181e-01],[-35.0418,-35.1269,-34.8621,-35.5056,-34.3041],[-8.9814e-01,-5.6161e-03,-1.9225e-04, 2.5551e-01],0.3826
2201,[-0.8971,-0.0365, 0.0757, 0.2581],[-10.6867,-11.2656,-10.137 ,-11.5231,-10.4367],[-0.8957,-0.0404, 0.0756, 0.2546],0.353
2202,[-0.8909, 0.0345,-0.0658, 0.2691],[-9.5576,-8.7783,-9.9542,-9.8105,-8.8913],[-0.8896, 0.0373,-0.0653, 0.268 ],0.3333
2210,[-0.9002, 0.0738,-0.0206, 0.2635],[-6.5759,-6.5294,-6.0609,-6.8283,-5.835 ],[-0.8994, 0.0649,-0.0025, 0.2494],0.3785
2212,[-0.901 , 0.0916,-0.0874, 0.2744],[ -9.2025, -9.2422,-10.1994, -9.7781, -8.6628],[-0.8999, 0.089 ,-0.077 , 0.2702],0.3481
2214,[-0.893 , 0.1104,-0.1977, 0.2595],[ 0.6716, 0.3876,-1.6334,-1.2187, 0.5609],[-0.8905, 0.1175,-0.1976, 0.2523],0.2432
2221,[-0.8941,-0.0952, 0.1178, 0.262 ],[-7.361 ,-7.6433,-6.7052,-7.8686,-6.5938],[-0.8927,-0.0967, 0.1185, 0.2588],0.2962
2234,[-0.9103, 0.2334,-0.2258, 0.2631],[ 0.3199, 2.2255,-0.6989,-0.4245, 2.6968],[-0.91  , 0.2285,-0.2082, 0.2542],0.2601
2243,[-0.9063,-0.1856, 0.2372, 0.2654],[ 0.155 ,-1.3127, 1.2259,-0.6746, 1.5455],[-0.9042,-0.1886, 0.2359, 0.2513],0.2444
2300,[-0.908 , 0.0068,-0.0071, 0.146 ],[-260.926 ,-260.5593,-260.6366,-261.4513,-260.6159],[-0.9074, 0.0068,-0.007 , 0.1393],0.4225
2301,[-0.9077,-0.0471, 0.068 , 0.1456],[-69.0798,-69.3078,-68.2832,-69.2285,-68.5887],[-0.907 ,-0.0494, 0.0686, 0.144 ],0.4015
2302,[-0.908 , 0.0479,-0.0676, 0.1434],[-82.9905,-82.5261,-84.4215,-83.5695,-81.8378],[-0.9072, 0.05  ,-0.068 , 0.1422],0.4027
2303,[-0.9079,-0.0431, 0.2695, 0.1659],[-1.5051,-3.1392,-1.099 ,-2.4717,-1.9405],[-0.9028,-0.0687, 0.2877, 0.1519],0.2709
2304,[-0.9079, 0.0301,-0.185 , 0.1905],[-2.0945,-1.2741,-3.1104,-2.9452,-1.6629],[-0.905 , 0.0485,-0.1929, 0.2029],0.3343
2310,[-0.9043, 0.0619,-0.0446, 0.157 ],[-22.0308,-22.2096,-21.4653,-22.5873,-21.3775],[-0.9038, 0.0588,-0.0388, 0.1504],0.3962
2311,[-0.9092, 0.0565, 0.1263, 0.1319],[-2.9162,-3.7863,-2.0128,-3.3802,-2.915 ],[-0.9076, 0.032 , 0.139 , 0.1455],0.3789
2312,[-0.9052, 0.0675,-0.0871, 0.1509],[-101.593 ,-101.1692,-103.1503,-102.5553,-101.0938],[-0.9044, 0.0693,-0.0861, 0.1442],0.3727
2314,[-0.899 , 0.1253,-0.1949, 0.164 ],[-5.3896,-3.4737,-5.8623,-4.696 ,-4.3481],[-0.8971, 0.1315,-0.1929, 0.1592],0.2648
2316,[-0.9075, 0.1627,-0.2839, 0.1412],[-0.9692,-0.134 ,-2.1295,-1.3502,-0.1971],[-0.9039, 0.1735,-0.2867, 0.1561],0.2262
2320,[-0.9088,-0.0607, 0.0469, 0.1428],[-20.3199,-20.0283,-20.0944,-20.6682,-19.9362],[-0.9083,-0.0581, 0.0429, 0.1377],0.4156
2321,[-0.9065,-0.0699, 0.0813, 0.1483],[-67.9671,-69.0346,-67.1578,-68.5101,-67.284 ],[-0.9058,-0.0706, 0.0794, 0.1425],0.3814
2323,[-0.9007,-0.147 , 0.1966, 0.1548],[-3.7142,-5.7621,-2.4056,-4.2341,-3.3492],[-0.8991,-0.151 , 0.1943, 0.1528],0.2627
2325,[-0.9019,-0.1075, 0.2911, 0.139 ],[ 0.4766,-1.9632, 1.447 ,-0.8612,-0.5457],[-0.8971,-0.1251, 0.2997, 0.1343],0.2183
2330,[-0.9095, 0.1821,-0.0198, 0.1369],[-2.6626,-3.5795,-2.4065,-3.2296,-2.4247],[-0.9108, 0.1618,-0.0238, 0.1227],0.3859
2332,[-0.8963, 0.2034,-0.1411, 0.1413],[-3.0397,-3.2529,-3.6552,-3.7029,-1.6368],[-0.8972, 0.1947,-0.127 , 0.1312],0.2668
2334,[-0.8949, 0.2192,-0.2194, 0.1498],[ 1.5143, 2.3738,-1.7293,-0.1139,13.3014],[-0.8947, 0.217 ,-0.2077, 0.1437],0.2101
2336,[-0.8963, 0.2346,-0.3047, 0.1488],[ 0.7708, 2.0522,-0.6507,-0.0424,12.5193],[-0.8941, 0.2384,-0.2973, 0.1433],0.1586
2338,[-0.8999, 0.2433,-0.4185, 0.1312],[-0.1754, 1.8449,-1.129 , 0.2507, 2.1411],[-0.8936, 0.2527,-0.4173, 0.1296],0.0961
2340,[-0.9011,-0.2009,-0.0072, 0.1306],[-1.6618,-1.4514,-2.606 ,-2.2716,-2.1627],[-0.9029,-0.1739,-0.0276, 0.1156],0.3442
2341,[-0.9036,-0.2168, 0.1325, 0.1391],[-1.2849,-1.8992,-2.3572,-2.6672,-1.2379],[-0.9049,-0.2053, 0.1203, 0.1344],0.2946
2343,[-0.8984,-0.2078, 0.2219, 0.1501],[ 0.5818,-0.5152, 2.382 , 0.5065,15.4919],[-0.8977,-0.2071, 0.2128, 0.1428],0.2237
2345,[-0.8916,-0.228 , 0.2935, 0.1533],[ 0.9499,-1.6623, 4.4682, 0.7547, 9.45  ],[-0.8894,-0.2313, 0.2872, 0.155 ],0.1518
2352,[-0.9015, 0.3317,-0.1216, 0.1543],[-0.5013,-1.357 , 2.1496,-1.0585,-0.3126],[-0.9064, 0.3079,-0.1016, 0.1535],0.2595
2354,[-0.8974, 0.3182,-0.2391, 0.1709],[ 0.9912, 3.948 , 1.3177, 0.4408,11.4211],[-0.8996, 0.3087,-0.2221, 0.1658],0.1793
2356,[-0.8933, 0.321 ,-0.3238, 0.1634],[ 1.3309,15.8179,-0.5697, 0.3737, 1.3816],[-0.8931, 0.3186,-0.3117, 0.1724],0.113
2361,[-0.9035,-0.3118, 0.1394, 0.1392],[-0.9567, 0.0459,-2.1541,-0.6657,-0.1663],[-0.9076,-0.2917, 0.1204, 0.1358],0.2632
2363,[-0.8947,-0.3176, 0.225 , 0.1343],[1.1645,1.0713,2.6229,0.685 ,4.7943],[-0.8973,-0.3076, 0.2108, 0.1329],0.1776
2365,[-0.8969,-0.329 , 0.3157, 0.1457],[ 0.9061,-0.6773, 2.5375, 0.7314, 7.661 ],[-0.8974,-0.3258, 0.3039, 0.1411],0.1278
2372,[-0.8874, 0.4083,-0.1512, 0.1481],[-1.0917,-1.8874, 0.1468,-0.471 ,-0.722 ],[-0.8948, 0.3867,-0.1342, 0.1591],0.167
2374,[-0.8876, 0.4349,-0.2347, 0.1601],[-0.0297,-1.5374, 3.1392,-0.0985, 0.0292],[-0.8943, 0.4208,-0.2249, 0.1662],0.1097
2376,[-0.8983, 0.4067,-0.3569, 0.1437],[0.9143,3.1319,0.2658,1.3647,1.0199],[-0.9001, 0.4018,-0.3482, 0.1564],0.0806
2378,[-0.8959, 0.4233,-0.431 , 0.1625],[ 0.1475, 5.599 ,-0.1687, 0.2783, 1.269 ],[-0.8958, 0.4208,-0.4189, 0.1676],0.0273
2383,[-0.8981,-0.4141, 0.2346, 0.1321],[-0.8405, 0.2743,-1.4607,-0.7753,-0.4311],[-0.9039,-0.3992, 0.2238, 0.139 ],0.1513
2385,[-0.8993,-0.4076, 0.3627, 0.1575],[ 1.4771,-0.1177, 2.0831, 2.2219, 1.4984],[-0.9011,-0.4026, 0.3498, 0.1715],0.0808
2387,[-0.9038,-0.4293, 0.3938, 0.1344],[ 1.9449,-0.6817, 4.8819, 2.0327, 0.9048],[-0.9053,-0.4255, 0.3844, 0.1477],0.0653
2400,[-0.9089, 0.0078,-0.0072, 0.0597],[1.4201e+00,6.4147e-01,2.4623e+00,1.0536e+00,1.3800e+03],[-0.9087, 0.0077,-0.0069, 0.0462],0.4328
2401,[-0.9085,-0.0413, 0.0692, 0.0584],[ -9.187 ,-12.6659, -6.2798,-11.2922, -7.8642],[-0.9081,-0.0449, 0.0708, 0.0509],0.4079
2402,[-0.9087, 0.0418,-0.0687, 0.0605],[-0.0567,10.3687,-0.7623, 0.176 , 0.2982],[-0.9083, 0.0452,-0.0696, 0.0542],0.4092
2403,[-0.9006,-0.03  , 0.1899, 0.043 ],[-2.8003,-3.6622,-1.8403,-2.1175,-1.8335],[-0.8981,-0.0494, 0.2022, 0.0424],0.3016
2404,[-0.9031, 0.033 ,-0.189 , 0.0686],[-2.9972,-2.1835,-4.2602,-2.9492,-3.6372],[-0.9005, 0.0519,-0.1991, 0.0727],0.3115
2410,[-0.9068, 0.0667,-0.0436, 0.0391],[ 7.8147e-01,-1.0500e-01, 4.3472e+00,-1.5993e-01, 1.2202e+02],[-0.9068, 0.0631,-0.0385, 0.0297],0.4079
2411,[-0.8965, 0.0892, 0.0871, 0.0311],[-5.3242,-6.5645,-4.2397,-5.7114,-5.2526],[-0.8962, 0.0666, 0.1036, 0.0261],0.3319
2412,[-0.9063, 0.0755,-0.0878, 0.0526],[ 5.4442e+00, 2.9100e+00,-2.3842e-01, 4.4437e-01, 3.4519e+02],[-0.9061, 0.0766,-0.0855, 0.0408],0.3767
2414,[-0.8987, 0.143 ,-0.1915, 0.0402],[-16.965 ,-16.3374,-19.0563,-17.263 ,-16.8271],[-0.8976, 0.1477,-0.1905, 0.0418],0.2602
2416,[-0.9028, 0.1417,-0.2927, 0.0399],[-0.4578,-0.0687,-3.3211,-1.6303,-0.928 ],[-0.8987, 0.1566,-0.3007, 0.0387],0.2093
2420,[-0.9082,-0.0645, 0.0423, 0.0602],[ 0.6084, 2.006 , 0.0588,-0.3234,41.4618],[-0.9081,-0.0606, 0.035 , 0.0481],0.4168
2421,[-0.9078,-0.0752, 0.0852, 0.0561],[8.8732e-01,1.7890e-01,2.2887e+00,5.4252e-01,6.2632e+02],[-0.9075,-0.076 , 0.0831, 0.044 ],0.3845
2422,[-0.8955,-0.08  ,-0.0726, 0.0443],[-4.4812,-3.907 ,-5.4987,-4.7884,-4.4742],[-0.8953,-0.0607,-0.0849, 0.0364],0.3393
2423,[-0.901 ,-0.1367, 0.1905, 0.0569],[ 1.0603,-1.0217, 9.1886,-0.4065, 0.2457],[-0.8997,-0.1419, 0.1902, 0.0613],0.2712
2425,[-0.8978,-0.149 , 0.3025, 0.069 ],[-8.0941e-01,-1.9907e+00, 6.2689e-01,-1.1106e+00,-1.0116e-04],[-0.8935,-0.1627, 0.3084, 0.0719],0.1854
2430,[-0.8949, 0.2069,-0.0264, 0.034 ],[-3.5945,-5.3111,-2.6938,-3.8099,-4.0439],[-0.8973, 0.1849,-0.0099, 0.0278],0.3173
2431,[-0.905 , 0.171 , 0.057 , 0.0271],[-0.8003,-2.0187,-1.3274,-1.3246,-0.7754],[-0.9062, 0.1396, 0.0815, 0.0426],0.3487
2432,[-0.8948, 0.2104,-0.1208, 0.0502],[ 8.2690e-01, 3.8644e-01,-1.3704e-02, 5.4734e-01, 2.7181e+01],[-0.8966, 0.199 ,-0.1036, 0.0418],0.2729
2434,[-0.8954, 0.2013,-0.212 , 0.0586],[ 4.1651e-01, 9.1613e+01,-3.5519e-02, 4.8052e-01, 8.0318e+00],[-0.8951, 0.201 ,-0.2034, 0.0613],0.2211
2436,[-0.8953, 0.2388,-0.3167, 0.0698],[ 0.1329,49.6441,-0.879 , 1.6475, 0.7301],[-0.8929, 0.2439,-0.3124, 0.0745],0.1454
2438,[-0.8933, 0.2618,-0.4091, 0.0968],[ 0.3131,14.2086,-0.8445,-0.052 ,-0.3618],[-0.8881, 0.2694,-0.4053, 0.0946],0.0787
2440,[-0.8956,-0.2043, 0.0305, 0.0443],[-3.9803,-2.9146,-5.7921,-4.8677,-4.909 ],[-0.8979,-0.183 , 0.0147, 0.0367],0.3229
2441,[-0.895 ,-0.2132, 0.1217, 0.052 ],[ 1.5091e+00,-3.8685e-01,-5.8043e-01,-1.1090e-02, 1.3096e+01],[-0.8968,-0.2018, 0.1067, 0.0437],0.2714
2443,[-0.8946,-0.2107, 0.2138, 0.0739],[1.0237e+00,2.0747e-02,6.7732e+01,3.6907e-01,1.9041e+00],[-0.8945,-0.2095, 0.2045, 0.0738],0.2148
2445,[-0.8903,-0.2178, 0.3079, 0.0701],[ 0.5498,-0.5055,30.051 , 1.7717,-0.3683],[-0.8875,-0.2241, 0.3062, 0.0753],0.14
2450,[-0.8873, 0.3021,-0.0276, 0.0524],[-2.1167,-2.0343,-1.0104,-0.7548,-0.1818],[-0.8923, 0.2729,-0.0054, 0.0512],0.2633
2452,[-0.8904, 0.3168,-0.1303, 0.0332],[-0.8231,-1.8195, 4.6987,-0.4883,-0.4146],[-0.8952, 0.2983,-0.115 , 0.0373],0.2179
2454,[-0.8913, 0.3288,-0.2185, 0.0348],[ 1.5799, 3.2573, 2.0048, 1.518 ,18.4452],[-0.8948, 0.319 ,-0.2075, 0.0299],0.1657
2456,[-0.8925, 0.3402,-0.315 , 0.0638],[ 0.2799,18.8854,-0.6312, 0.8682, 1.0378],[-0.8934, 0.3375,-0.3075, 0.0741],0.1078
2458,[-0.8886, 0.2844,-0.3967, 0.099 ],[-0.3752,16.5067,-0.9109, 2.7146, 0.3816],[-0.8847, 0.2892,-0.3891, 0.1043],0.067
2460,[-0.9075,-0.2939, 0.0372, 0.0657],[-0.6366,-0.5912,-2.713 ,-1.6276,-1.2388],[-0.9121,-0.2605, 0.0107, 0.0785],0.3472
2461,[-0.891 ,-0.3198, 0.13  , 0.0485],[-0.7229, 1.4734,-2.7782,-1.5505,-0.8827],[-0.8959,-0.3009, 0.1149, 0.051 ],0.2192
2463,[-0.8907,-0.3268, 0.2219, 0.0579],[26.0042, 0.3818, 1.76  , 1.6468, 2.135 ],[-0.8939,-0.317 , 0.2093, 0.0624],0.1626
2465,[-0.8916,-0.333 , 0.3177, 0.062 ],[ 0.1401,-0.1804,24.4169, 1.576 , 0.529 ],[-0.8922,-0.3308, 0.3103, 0.0713],0.1063
2467,[-0.8979,-0.3447, 0.4018, 0.0686],[ 0.1842,-0.3113,17.7265, 0.0564,-0.1891],[-0.8957,-0.3466, 0.4004, 0.0808],0.0675
2472,[-0.891 , 0.4028,-0.145 , 0.0319],[-0.6736,-2.3349,-0.6331,-0.6196,-0.5127],[-0.8988, 0.38  ,-0.1254, 0.0403],0.1858
2474,[-0.8838, 0.4173,-0.2158, 0.0498],[-0.785 ,-2.1341, 0.1965,-0.9125,-1.166 ],[-0.8907, 0.4031,-0.2039, 0.0529],0.1167
2476,[-0.8901, 0.4115,-0.3467, 0.0619],[0.6983,1.5636,0.4457,5.1378,0.2117],[-0.8926, 0.4073,-0.3405, 0.0749],0.0588
2478,[-0.8826, 0.4084,-0.4198, 0.0687],[ 2.1707, 8.5673,-0.8454, 1.3452,-0.3391],[-0.8821, 0.4076,-0.4159, 0.0802],-0.0013
2481,[-0.8821,-0.4048, 0.1449, 0.0479],[-1.4069,-0.4452,-2.1909,-0.8954,-2.0725],[-0.8899,-0.3838, 0.1274, 0.0574],0.1561
2483,[-0.8844,-0.4191, 0.2176, 0.0502],[-1.3649,-0.2759,-2.0276,-0.165 ,-1.2536],[-0.8912,-0.405 , 0.2058, 0.0584],0.1161
2485,[-0.8881,-0.4211, 0.3308, 0.053 ],[ 0.657 ,-0.1327, 2.4764, 1.9526,-0.2072],[-0.8916,-0.4157, 0.3227, 0.0658],0.0599
2487,[-0.8905,-0.4263, 0.4195, 0.0545],[ 0.3291,-0.9491, 6.3671, 2.7216, 0.3638],[-0.8908,-0.4251, 0.4157, 0.0675],0.0128
2496,[-0.8802, 0.5149,-0.312 , 0.0832],[-3.9403,-3.0774,-2.6204,-2.6943,-4.4082],[-0.8881, 0.5075,-0.3099, 0.0968],0.0161
2500,[-0.9082, 0.008 ,-0.0035,-0.05  ],[1.1331e+00,2.5490e+00,1.0446e+00,7.8249e-01,1.7695e+03],[-0.9085, 0.0072,-0.0022,-0.0655],0.4343
2501,[-0.9078,-0.0306, 0.0701,-0.0679],[-4.8080e-03,-7.5894e-01, 4.9395e+02, 1.8090e-01, 8.8504e-01],[-0.9079,-0.0361, 0.0717,-0.0809],0.4107
2502,[-0.9081, 0.0347,-0.0705,-0.0602],[ 1.6264e-02, 7.9899e+02,-5.3419e-01, 3.3650e-01, 2.1389e+00],[-0.9082, 0.0397,-0.0719,-0.0729],0.4104
2503,[-0.8974,-0.0285, 0.1844,-0.0551],[-5.8398,-7.0146,-5.1826,-5.7558,-5.7659],[-0.8954,-0.0475, 0.1959,-0.0578],0.2944
2504,[-0.8993, 0.0362,-0.1804,-0.0821],[-4.5452,-3.8398,-5.3735,-4.0456,-3.987 ],[-0.8976, 0.0544,-0.1915,-0.0859],0.3019
2510,[-0.905 , 0.0716,-0.0402,-0.0633],[8.0565e-01,3.2268e-01,7.9600e+02,3.5277e-01,1.5208e+00],[-0.9056, 0.0676,-0.0386,-0.0668],0.4001
2511,[-0.8965, 0.0834, 0.078 ,-0.0513],[-11.3823,-11.7347,-10.9105,-11.1403,-11.3701],[-0.8967, 0.0624, 0.0928,-0.0554],0.3405
2512,[-0.9069, 0.0824,-0.0913,-0.0674],[2.0781e-01,3.0437e+03,3.8776e-01,1.9269e+00,1.1944e+00],[-0.9072, 0.0834,-0.0881,-0.0713],0.377
2514,[-0.9028, 0.1365,-0.1868,-0.0438],[ 0.7419, 2.4144,-1.1703, 8.7501, 0.3033],[-0.9019, 0.1425,-0.1882,-0.0324],0.2803
2516,[-0.8973, 0.153 ,-0.2987,-0.0312],[-1.224 , 1.7565,-2.7158,-1.8891,-1.8179],[-0.8934, 0.1671,-0.3043,-0.0284],0.1849
2520,[-0.9042,-0.0732, 0.0389,-0.0622],[  1.017 ,308.0265,  0.4117,  1.0192,  1.3953],[-0.9047,-0.069 , 0.0371,-0.0705],0.3968
2521,[-0.9067,-0.0798, 0.0896,-0.0637],[3.2894e+00,2.1689e-01,1.3082e+03,8.5299e-01,1.3033e+00],[-0.9069,-0.081 , 0.0869,-0.0735],0.3779
2522,[-0.895 ,-0.0878,-0.0783,-0.0596],[-7.6305,-8.2409,-9.157 ,-8.2302,-8.3941],[-0.8952,-0.0663,-0.0942,-0.0643],0.3321
2523,[-0.8971,-0.1292, 0.194 ,-0.0485],[-0.0546,-0.7873,31.0737, 0.5832, 2.169 ],[-0.896 ,-0.1365, 0.1959,-0.0521],0.2574
2525,[-0.889 ,-0.1565, 0.2827, 0.    ],[ 0.3586,-2.7433,-0.8148,-0.7984,-1.5577],[-0.8857,-0.1678, 0.2878, 0.    ],0.1651
2530,[-0.8932, 0.199 ,-0.0291,-0.0451],[ -9.4024,-10.7047, -7.9821, -9.1992, -9.3648],[-0.8957, 0.1787,-0.014 ,-0.0511],0.3158
2531,[-0.8916, 0.1944, 0.0635,-0.0213],[-2.0373,-2.8569,-1.5696,-1.3265,-1.6578],[-0.8935, 0.1632, 0.0871,-0.0213],0.2835
2532,[-0.8911, 0.2114,-0.1115,-0.0424],[ 5.6849,-0.334 ,-0.4389, 2.0885, 2.8509],[-0.8933, 0.1999,-0.0977,-0.0497],0.2633
2534,[-0.8928, 0.2141,-0.2149,-0.0366],[  1.3157,150.8701,  0.4322,  1.1803,  0.621 ],[-0.8931, 0.2138,-0.208 ,-0.0371],0.2067
2536,[-0.8899, 0.2346,-0.3042,-0.0324],[ 2.2891,49.4199,-1.285 , 1.7436, 1.861 ],[-0.8879, 0.2402,-0.3024,-0.0341],0.1361
2540,[-0.8895,-0.1963, 0.0327,-0.0597],[ -9.9637, -9.4509,-10.8418, -9.7539, -9.7576],[-0.8921,-0.1772, 0.0178,-0.0684],0.3001
2541,[-0.8894,-0.2107, 0.1123,-0.0461],[ 1.6019, 0.4788,-0.6004, 2.2727, 6.6701],[-0.8917,-0.1997, 0.1001,-0.0557],0.256
2543,[-0.8886,-0.2166, 0.2207,-0.0278],[ 1.1306,-0.4715,75.6408, 1.6146, 0.7524],[-0.8887,-0.2166, 0.2142,-0.0295],0.1873
2545,[-0.8925,-0.2323, 0.2955,-0.0366],[31.5206,-1.0396, 1.5516, 0.8511,-0.1616],[-0.8908,-0.2377, 0.2934,-0.0396],0.15
2550,[-0.8836, 0.2995,-0.0414,-0.0474],[-2.064 ,-2.2574,-0.9481,-1.9768,-2.1049],[-0.8891, 0.2732,-0.0229,-0.0558],0.248
2552,[-0.8856, 0.311 ,-0.1259,-0.028 ],[-0.5479,-2.0075, 4.4352,-0.2785,-1.5266],[-0.8905, 0.2934,-0.1109,-0.0298],0.2052
2554,[-0.8863, 0.3305,-0.2117,-0.0186],[ 0.9116, 2.7603, 3.9359,20.4366, 0.8885],[-0.8902, 0.3207,-0.2015,-0.0162],0.1522
2556,[-0.8901, 0.3412,-0.3312,-0.0045],[ 5.5153, 8.5984,-1.1089, 1.1255, 0.8304],[-0.8906, 0.3404,-0.3273,-0.0028],0.089
2560,[-0.8949,-0.3026, 0.0344,-0.0508],[-2.4786,-1.651 ,-3.0344,-2.4121,-2.3409],[-0.9004,-0.2724, 0.0124,-0.0646],0.2921
2561,[-0.885 ,-0.3101, 0.1293,-0.0317],[-3.1941,-1.8309,-4.5709,-3.5228,-3.6617],[-0.8899,-0.2931, 0.1152,-0.0333],0.2012
2563,[-0.8844,-0.3269, 0.2169,-0.0181],[1.5353,1.2851,4.3007,7.2436,1.1176],[-0.888 ,-0.3179, 0.207 ,-0.0149],0.144
2565,[-0.8854,-0.3326, 0.3232,-0.0082],[ 0.8634,-0.2296,14.2369, 3.7324,-0.2858],[-0.8859,-0.332 , 0.3192,-0.0039],0.083
2567,[-0.8895,-0.3773, 0.4593, 0.    ],[-0.0879,-0.1639,14.2404, 2.7781,-0.0521],[-0.8862,-0.3799, 0.4604, 0.0011],0.0018
2572,[-0.883 , 0.4029,-0.1477,-0.0068],[-1.6405,-2.1168,-1.0575,-0.5749,-1.347 ],[-0.891 , 0.3826,-0.13  ,-0.0037],0.1584
2574,[-0.8821, 0.4173,-0.2224,-0.0099],[-0.6792,-1.6209, 0.7412,-0.2335,-1.1188],[-0.8891, 0.4045,-0.2117,-0.0084],0.1072
2576,[-0.8831, 0.413 ,-0.3324,-0.0092],[ 0.7512, 2.2118,-0.0094, 1.4409,-0.4606],[-0.8864, 0.409 ,-0.3273,-0.0045],0.0467
2578,[-0.8904, 0.4138,-0.4205, 0.    ],[-0.3762, 1.7632,-0.9796, 7.2161,-0.4758],[-0.8901, 0.4139,-0.4204, 0.0089],0.0137
2581,[-0.8777,-0.4083, 0.1285,-0.0253],[-1.0881,-0.9337,-2.2805,-1.328 ,-1.3945],[-0.8862,-0.387 , 0.1131,-0.0177],0.1478
2583,[-0.8843,-0.4177, 0.2197,-0.017 ],[-1.578 ,-0.5965,-2.0147,-1.5137,-2.3724],[-0.8914,-0.4042, 0.2067,-0.0146],0.1163
2585,[-0.8772,-0.4152, 0.3217,-0.019 ],[ 0.4825,-0.8564, 1.8589, 3.5136,-0.5797],[-0.881 ,-0.4107, 0.3148,-0.0133],0.0364
2587,[-0.8832,-0.4166, 0.4321, 0.    ],[ 0.6526,-0.9554, 1.1189, 6.5447,-0.2598],[-0.8826,-0.4168, 0.4306, 0.0078],-0.0104
2594,[-0.8907, 0.5131,-0.2581, 0.    ],[-5.0031,-6.3188,-5.7013,-5.1585,-6.0952],[-0.9007, 0.5007,-0.2462, 0.0039],0.0826
2595,[-0.895 ,-0.5097, 0.3202, 0.    ],[-5.5915,-3.8034,-4.039 ,-5.1185,-5.0047],[-0.9029,-0.5027, 0.3132,-0.0078],0.0558
2596,[-0.8726, 0.5336,-0.2782, 0.    ],[-3.0845,-3.64  ,-3.3334,-2.7316,-3.6225],[-0.8829, 0.525 ,-0.2695, 0.    ],0.012
2600,[-0.9039, 0.0051,-0.0015,-0.1696],[  2.8835,  3.7725,379.0493,  1.558 ,  1.9955],[-0.9047, 0.005 ,-0.0043,-0.1808],0.4182
2601,[-0.9079,-0.0375, 0.0719,-0.1547],[-16.9007,-18.8345, -6.4606,-17.5144,-17.2476],[-0.9084,-0.0428, 0.0745,-0.1653],0.4083
2602,[-0.9062, 0.0373,-0.0731,-0.1681],[ 2.1067e-01, 1.0829e+02,-1.4270e+00,-8.3514e-02,-4.3731e-01],[-0.9068, 0.0428,-0.076 ,-0.1792],0.4005
2603,[-0.895 ,-0.031 , 0.1927,-0.1374],[-7.1603,-8.2543,-7.3459,-7.3998,-7.5777],[-0.8931,-0.0511, 0.2056,-0.1461],0.2808
2604,[-0.8905, 0.0404,-0.1798,-0.1576],[-3.0254,-2.1075,-4.0995,-2.3727,-2.5341],[-0.8891, 0.0569,-0.1869,-0.1617],0.2706
2610,[-0.9031, 0.0693,-0.0395,-0.1468],[-13.6469,-12.188 ,-12.6937,-13.7089,-15.0403],[-0.9039, 0.0656,-0.037 ,-0.1469],0.3945
2611,[-0.9053, 0.084 , 0.0726,-0.1564],[-16.4326,-17.0047,-16.0161,-16.3269,-17.1147],[-0.9059, 0.0612, 0.0905,-0.1508],0.3806
2612,[-0.9066, 0.0753,-0.0881,-0.1508],[  0.4822,  2.7008,  0.5362,189.3491,  1.5518],[-0.9071, 0.0773,-0.0869,-0.1448],0.3803
2614,[-0.9001, 0.1196,-0.1948,-0.1744],[ 0.2435,16.3283,-1.0018, 0.5909, 0.0762],[-0.8994, 0.1292,-0.197 ,-0.1727],0.2726
2620,[-0.9017,-0.0725, 0.0392,-0.1711],[ -4.0653,351.451 , -2.2149, -4.1259, -4.7442],[-0.9027,-0.0687, 0.038 ,-0.1772],0.3875
2621,[-0.9066,-0.0833, 0.0924,-0.1624],[  0.8895,  0.6591,528.5285,  5.6779,  0.6445],[-0.9073,-0.0847, 0.0896,-0.1687],0.3764
2622,[-0.8942,-0.081 ,-0.0765,-0.1681],[-6.5111,-5.8704,-7.4363,-6.2385,-5.9557],[-0.8949,-0.0608,-0.0892,-0.1781],0.3354
2623,[-0.8958,-0.1313, 0.194 ,-0.1691],[-0.3048,-1.3078,13.8995,-0.0154,-0.3071],[-0.8952,-0.1391, 0.1951,-0.1764],0.2532
2625,[-0.8704,-0.1033, 0.2809,-0.1816],[-0.5044,-3.1144,-0.6588,-1.4175,-1.6949],[-0.8669,-0.1192, 0.2857,-0.1931],0.1253
2630,[-0.8927, 0.1972,-0.0306,-0.1518],[ -9.0678,-10.0886, -8.3849, -9.1011, -9.1277],[-0.8957, 0.1774,-0.0159,-0.1518],0.3146
2632,[-0.8888, 0.206 ,-0.1119,-0.1552],[-4.3916,-4.8421,-5.0454,-3.9757,-5.4613],[-0.8914, 0.1963,-0.1034,-0.1578],0.2547
2634,[-0.8943, 0.2043,-0.2223,-0.1707],[  1.6179,  3.3542, -0.4535,102.5314,  0.9696],[-0.8946, 0.2069,-0.2178,-0.1596],0.2108
2636,[-0.8922, 0.2293,-0.2984,-0.1679],[-0.0305,22.174 ,-0.8594,-0.0589,-0.3159],[-0.8907, 0.2365,-0.2964,-0.172 ],0.1489
2640,[-0.8873,-0.1961, 0.0277,-0.1589],[-5.7797,-5.2989,-6.3188,-5.5682,-5.8791],[-0.8903,-0.1773, 0.0159,-0.159 ],0.2935
2641,[-0.8906,-0.1942, 0.1189,-0.1706],[ 0.3717, 0.2537, 0.6213,23.6403, 0.9138],[-0.8928,-0.1857, 0.1044,-0.1636],0.2644
2642,[-0.8848,-0.1728,-0.056 ,-0.1333],[-1.3287,-0.4761,-1.9068,-1.0304,-0.9879],[-0.8867,-0.1464,-0.075 ,-0.117 ],0.27
2643,[-0.8911,-0.1936, 0.206 ,-0.1776],[  0.5501, -0.5979,141.5104,  1.6209,  0.9034],[-0.8917,-0.1952, 0.1984,-0.181 ],0.2141
2645,[-0.8901,-0.238 , 0.2923,-0.1309],[-2.1776e-01,-9.2519e-01, 3.3726e+00, 1.2153e+01,-5.4926e-03],[-0.8889,-0.2433, 0.2917,-0.1276],0.1412
2652,[-0.8789, 0.3054,-0.1223,-0.1689],[-0.4451,-1.827 , 0.9436,-0.3011,-1.2681],[-0.8842, 0.2897,-0.1126,-0.1684],0.1837
2654,[-0.8944, 0.3704,-0.2017,-0.1425],[0.6658,1.0749,0.2244,3.8467,0.0732],[-0.9005, 0.3569,-0.1885,-0.1265],0.1722
2656,[-0.8936, 0.2944,-0.3452,-0.1686],[ 0.0629,10.9825,-0.8539, 1.9879,-0.5209],[-0.8923, 0.2993,-0.3432,-0.1567],0.1043
2660,[-0.8713,-0.2964, 0.0499,-0.143 ],[-1.2782,-0.4753,-1.534 , 0.0752,-0.9314],[-0.8771,-0.2742, 0.0344,-0.1553],0.1978
2661,[-0.8767,-0.3061, 0.1139,-0.1614],[-1.5118,-0.2244,-2.4481,-1.623 ,-1.9618],[-0.8822,-0.2895, 0.1008,-0.1668],0.1819
2663,[-0.8809,-0.3506, 0.2259,-0.1421],[ 1.7696, 0.11  , 1.8547, 2.1713,-0.2012],[-0.8857,-0.342 , 0.2143,-0.1326],0.1229
2672,[-0.8747, 0.3894,-0.1231,-0.1968],[-0.1545,-0.4825, 0.2631,-0.6293,-0.5334],[-0.8834, 0.3694,-0.1061,-0.2116],0.149
2674,[-0.8893, 0.4213,-0.2443,-0.1479],[-0.1105,-0.8345,-0.3714, 0.0039,-0.8036],[-0.8963, 0.411 ,-0.2354,-0.1546],0.1162
2700,[-8.9485e-01,-5.7019e-04,-4.6596e-03,-3.0272e-01],[ 1.4721,21.9017,19.5508, 2.7231, 0.936 ],[-8.9620e-01,-2.7214e-04,-1.8566e-03,-3.0640e-01],0.382
2701,[-0.8954,-0.0345, 0.0743,-0.3057],[-37.8923,-38.7477,-36.4453,-38.0139,-38.7353],[-0.8965,-0.0404, 0.0782,-0.3051],0.3559
2702,[-0.8974, 0.0355,-0.0783,-0.2793],[-23.3134,-22.6503,-24.899 ,-22.043 ,-23.4129],[-0.8983, 0.0416,-0.0804,-0.2808],0.362
2710,[-0.8861, 0.0704,-0.0354,-0.3021],[-22.1151,-22.9741,-21.7413,-22.0149,-23.2215],[-0.8877, 0.0666,-0.0317,-0.2997],0.3265
2712,[-0.8972, 0.0731,-0.0891,-0.2947],[  1.707 ,144.3657,  0.2881,  8.252 ,  0.5259],[-0.8983, 0.0758,-0.0879,-0.2902],0.3434
2714,[-0.8958, 0.1196,-0.1793,-0.2906],[-0.6319,39.9587,-1.3162, 3.6187,-0.9186],[-0.8959, 0.1276,-0.1774,-0.2863],0.2686
2720,[-0.8919,-0.0724, 0.0345,-0.2915],[ 0.322 ,85.8289,-0.7543, 0.7082,-0.6073],[-0.8934,-0.0687, 0.0344,-0.2955],0.3495
2721,[-0.9002,-0.0753, 0.0855,-0.2926],[-3.8795,-6.1421,72.8898,-2.1928,-4.9382],[-0.9014,-0.0773, 0.0841,-0.2892],0.3576
2722,[-0.8834,-0.0881,-0.0714,-0.3239],[-4.7261,-3.6049,-6.1042,-4.2917,-4.7473],[-0.885 ,-0.0695,-0.0791,-0.3395],0.2948
2723,[-0.9035,-0.1354, 0.1898,-0.2732],[-2.8244e-01,-6.7619e-01, 2.2964e+01, 1.9498e-02,-5.2870e-01],[-0.9035,-0.1436, 0.1908,-0.2834],0.2849
2730,[-0.8742, 0.2044,-0.046 ,-0.264 ],[-4.2699,-4.9958,-3.467 ,-4.1135,-4.155 ],[-0.8778, 0.1888,-0.0341,-0.2583],0.2359
2732,[-0.8974, 0.1766,-0.1579,-0.2803],[-1.6311,-2.2988,-1.6928,-1.2275,-2.1443],[-0.8989, 0.1762,-0.1554,-0.2768],0.2684
2734,[-0.8996, 0.1771,-0.169 ,-0.3001],[ 1.3018,24.7873, 0.122 , 1.6391, 0.8195],[-0.901 , 0.1781,-0.1688,-0.298 ],0.2685
2736,[-0.9076, 0.2333,-0.3134,-0.2786],[-0.5532, 2.5415,-0.7556, 6.5268,-0.1136],[-0.9056, 0.2442,-0.3227,-0.2622],0.1818
2740,[-0.8758,-0.1821,-0.0031,-0.303 ],[-1.581 ,-2.3655,-3.2623,-1.4338,-2.6518],[-0.879 ,-0.1636,-0.0083,-0.3193],0.2439
2741,[-0.8752,-0.2082, 0.124 ,-0.2826],[ 7.3198, 0.5624, 1.5078, 1.1238,-0.3667],[-0.8783,-0.1998, 0.1041,-0.2769],0.2041
2743,[-0.8942,-0.1907, 0.2169,-0.2674],[ 7.1674e-01,-1.3385e-02, 1.2925e+00, 3.4092e+01, 3.9122e-01],[-0.8947,-0.1948, 0.2106,-0.2594],0.2193
2750,[-0.906 , 0.2927,-0.0427,-0.256 ],[ 0.0873,-0.0929, 0.0194,-0.186 ,-0.0708],[-0.9121, 0.2609,-0.0166,-0.2719],0.3465
2800,[-0.8873,-0.004 , 0.01  ,-0.4036],[ 2.0959, 2.5301, 1.3781,95.9649, 0.23  ],[-0.889 ,-0.005 , 0.0115,-0.3949],0.3488
2801,[-0.8893,-0.0336, 0.0791,-0.399 ],[ 0.2789,-0.591 ,88.6046, 0.8892,-0.3993],[-0.8907,-0.0401, 0.0819,-0.4032],0.33
2802,[-0.8806, 0.0302,-0.0753,-0.3946],[-2.7177, 0.0215,-4.5734,-0.7573,-3.7604],[-0.8819, 0.0365,-0.0799,-0.3889],0.2953
2810,[-0.8774, 0.0703,-0.0325,-0.4091],[  1.4872,  0.547 ,124.6771,  2.4351,  0.1573],[-0.8795, 0.0668,-0.0316,-0.4138],0.2936
2812,[-0.8829, 0.0713,-0.0784,-0.4102],[ 0.7768, 9.4241, 0.7757,77.3621, 0.227 ],[-0.8845, 0.0734,-0.0808,-0.3994],0.2904
2814,[-0.9029, 0.1354,-0.1686,-0.3887],[-0.4671, 0.5618,-0.583 ,13.0709,-0.4518],[-0.9039, 0.1412,-0.165 ,-0.3852],0.299
2820,[-0.8832,-0.0683, 0.0366,-0.3962],[ 1.1147e-01, 1.1381e+00, 5.0907e-01, 1.2674e+01,-1.1029e-02],[-0.8851,-0.0654, 0.0358,-0.3891],0.3153
2821,[-0.8961,-0.0725, 0.0949,-0.4036],[ 2.2753,-0.3591, 1.0501,60.1881, 0.717 ],[-0.8975,-0.0766, 0.0957,-0.3949],0.3359
2841,[-0.8777,-0.1719, 0.0635,-0.378 ],[1.9808,0.5435,0.896 ,6.6962,0.3282],[-0.8812,-0.1592, 0.0366,-0.3928],0.2596
2910,[-0.8734, 0.0625,-0.0474,-0.5259],[5.0458e-01,1.5350e+00,3.0520e+00,6.7681e+02,2.0760e-01],[-0.8758, 0.0609,-0.0398,-0.5076],0.2786
2912,[-0.8686, 0.0634,-0.0587,-0.5395],[ 6.5872e-01, 1.5799e+00,-2.3292e-01, 2.8545e+02, 3.0995e-01],[-0.871 , 0.0634,-0.054 ,-0.5442],0.2534
2920,[-0.8692,-0.0651, 0.0549,-0.5042],[-26.9799,-26.7855,-27.1079,-26.9639,-27.7752],[-0.8714,-0.0648, 0.0535,-0.4861],0.2546
3334,[-0.8617, 0.2441,-0.257 , 0.147 ],[-0.0938, 2.8203,-0.894 ,-0.7232, 3.1303],[-0.8611, 0.2434,-0.2498, 0.1442],0.0737
3336,[-0.8655, 0.2471,-0.3046, 0.1301],[ 0.7854, 3.1443,-1.2919,-0.2488, 2.5958],[-0.8636, 0.2492,-0.2971, 0.1273],0.0606
3343,[-0.8633,-0.1988, 0.2502, 0.1331],[ 0.7963,-0.9326, 2.0837,-0.7334, 1.8489],[-0.8617,-0.2012, 0.2442, 0.1304],0.0937
3345,[-0.8652,-0.2482, 0.3031, 0.1278],[ 0.2008,-1.4275, 5.8411,-0.7965, 0.8384],[-0.8636,-0.2501, 0.2908, 0.1128],0.0627
3352,[-0.8605, 0.3149,-0.1105, 0.1441],[-0.3792,-1.4441, 3.1107,-0.9568, 2.8953],[-0.8651, 0.299 ,-0.1033, 0.1476],0.1208
3354,[-0.86  , 0.3556,-0.2344, 0.1372],[ 2.6985, 1.2301, 0.9211, 1.2628,10.2331],[-0.8637, 0.3475,-0.2289, 0.1355],0.0493
3363,[-0.856 ,-0.3498, 0.2667, 0.1324],[0.7475,0.3315,1.431 ,0.3459,2.8642],[-0.8588,-0.3438, 0.2536, 0.1225],0.0281
3365,[-0.8591,-0.3749, 0.3193, 0.1387],[-0.5086,-0.8661, 1.6575,-0.1897, 6.2313],[-0.8612,-0.3708, 0.3067, 0.1317],0.0039
3374,[-0.8604, 0.4515,-0.2518, 0.1418],[0.2816,1.2018,6.9156,0.1785,3.8412],[-0.8674, 0.4413,-0.2451, 0.1474],0.0165
3376,[-0.8425, 0.4572,-0.3036, 0.1301],[ 0.3635, 7.5741,-0.0337, 0.6306, 1.6164],[-0.8486, 0.4505,-0.2862, 0.1392],-0.0478
3383,[-0.8507,-0.4301, 0.2701, 0.1343],[-0.1689, 2.8437,-0.4909, 0.0874, 0.9544],[-0.8567,-0.4221, 0.2552, 0.1198],-0.0057
3385,[-0.8507,-0.4085, 0.3426, 0.137 ],[ 1.0716,-0.0162, 3.1907, 0.4153, 3.246 ],[-0.8533,-0.4045, 0.3297, 0.1349],-0.0355
3387,[-0.8478,-0.3998, 0.3995, 0.1339],[ 0.1696,-1.1465, 3.7656, 0.5439, 1.6183],[-0.848 ,-0.3983, 0.3881, 0.1435],-0.0668
3394,[-0.8534, 0.5   ,-0.2214, 0.1254],[-0.6551,-1.2542,-1.0589,-0.3998,-1.3169],[-0.8633, 0.4881,-0.2167, 0.1347],-0.0013
3396,[-0.8642, 0.5043,-0.2845, 0.1325],[ 0.244 ,-0.1886,-0.7274,-1.0948,-1.612 ],[-0.8726, 0.4954,-0.2759, 0.1475],-0.0044
3400,[-0.8546,-0.0097, 0.0028, 0.0173],[ 0.1221, 0.3237, 1.6259,-0.1966, 4.1607],[-0.8546,-0.0087,-0.0014, 0.0067],0.2149
3401,[-0.8365, 0.0333, 0.0768, 0.0344],[-0.6468,-1.293 , 8.7328, 0.0923, 4.4871],[-0.8361, 0.0245, 0.0804, 0.0201],0.1368
3402,[-0.8595, 0.0108,-0.1008, 0.0387],[ 0.4604, 4.4162,-1.2626,-1.0404, 3.2011],[-0.8587, 0.0189,-0.1043, 0.0357],0.2025
3410,[-0.8454, 0.0989,-0.0115, 0.0286],[ 1.0771,-0.9855, 2.2106,-1.5297, 2.0001],[-0.8459, 0.0913,-0.0054, 0.0247],0.1621
3411,[-0.8376, 0.062 , 0.0595, 0.0643],[-0.979 ,-2.4757, 1.0421,-1.7741, 0.9473],[-0.8373, 0.052 , 0.0666, 0.0631],0.1361
3412,[-0.8539, 0.1045,-0.0842, 0.013 ],[ 1.0452, 1.7269,-0.9777,-1.1002, 1.7674],[-0.8542, 0.1025,-0.0811, 0.0049],0.1683
3414,[-0.8578, 0.1529,-0.2062, 0.0196],[-0.8818, 1.9282,-1.7159,-0.627 , 3.5493],[-0.8567, 0.1564,-0.2008, 0.0193],0.1124
3420,[-0.8577,-0.1192, 0.0176, 0.0069],[-0.24  , 2.2692,-0.7659,-0.7925, 2.922 ],[-0.8586,-0.1094, 0.0073,-0.0044],0.2048
3421,[-0.857 ,-0.1234, 0.1036, 0.0183],[ 0.0506,-0.7778, 2.6972,-0.3205, 3.1465],[-0.8573,-0.1209, 0.095 , 0.0105],0.1673
3423,[-0.8554,-0.1579, 0.2234, 0.0494],[ 0.3325,-1.9596, 2.048 , 0.8901, 4.0989],[-0.8537,-0.1624, 0.2243, 0.0474],0.0924
3430,[-0.8594, 0.2119,-0.0398, 0.0442],[-1.7747,-3.0595, 0.3191,-2.3029,-1.3232],[-0.8619, 0.1963,-0.0268, 0.0358],0.1797
3432,[-0.855 , 0.2331,-0.1077, 0.0252],[ 1.221 ,-0.0731, 1.8764,-0.9865, 3.586 ],[-0.8576, 0.2225,-0.0973, 0.0153],0.1292
3434,[-0.8583, 0.2416,-0.2073, 0.0393],[ 0.5857, 8.0272,-0.7481,-0.1386, 2.6254],[-0.8593, 0.2382,-0.1962, 0.0388],0.0913
3436,[-0.8592, 0.2578,-0.3056, 0.0978],[ 1.011 , 5.0326,-1.5473,-0.2752,11.6066],[-0.8579, 0.2593,-0.2936, 0.0829],0.0422
3440,[-0.8574,-0.1993, 0.036 , 0.027 ],[ 0.0423, 1.0674,-1.9194,-1.4073,-0.5725],[-0.8597,-0.1849, 0.0265, 0.012 ],0.1767
3441,[-0.8514,-0.2256, 0.1115, 0.0277],[0.6204,0.4481,0.1086,0.0504,4.5825],[-0.8538,-0.2162, 0.1012, 0.0167],0.1188
3443,[-0.8569,-0.2225, 0.2247, 0.043 ],[ 0.5385,-0.5088, 5.3969,-0.1843, 6.1719],[-0.8569,-0.2218, 0.2166, 0.0356],0.0826
3445,[-0.8601,-0.226 , 0.3246, 0.0455],[-0.1365,-0.6965,17.3278, 0.1691,-0.7716],[-0.8571,-0.2313, 0.3185, 0.0325],0.0417
3450,[-0.8627, 0.3654,-0.049 , 0.0601],[-1.455 ,-2.5771, 0.0779,-0.288 ,-1.7362],[-0.8701, 0.3403,-0.0317, 0.0448],0.1485
3452,[-0.8507, 0.3287,-0.1259, 0.0365],[ 0.0403,-0.9321, 3.571 ,-0.1524, 1.8624],[-0.856 , 0.3144,-0.1151, 0.04  ],0.0839
3454,[-0.8495, 0.3474,-0.2242, 0.035 ],[ 1.8927, 1.8588, 0.6297, 0.8257,17.036 ],[-0.8535, 0.3399,-0.2154, 0.0298],0.0305
3456,[-0.8497, 0.3279,-0.3049, 0.0495],[ 1.8621,10.1904,-1.0286, 1.5706, 2.9843],[-0.8506, 0.3262,-0.2985, 0.0544],-0.0024
3461,[-0.8567,-0.3269, 0.1399, 0.0254],[-0.1056, 5.7528,-0.9933,-0.6828, 0.1469],[-0.8618,-0.3132, 0.1276, 0.0302],0.0966
3463,[-0.8505,-0.3557, 0.2209, 0.0441],[ 1.0472, 0.3554, 1.6358, 1.1199,12.8529],[-0.8549,-0.3474, 0.2109, 0.0394],0.0334
3465,[-0.8474,-0.3609, 0.3208, 0.0668],[ 2.3628,-1.0757,10.0462, 0.111 , 0.8475],[-0.8489,-0.3583, 0.3135, 0.0716],-0.0235
3467,[-0.823 ,-0.3853, 0.4151, 0.023 ],[-5.7738e-03,-1.1524e+00, 1.0462e+01, 5.1714e-01, 5.4495e-01],[-0.8218,-0.3857, 0.4151, 0.0375],-0.1249
3472,[-0.8456, 0.4207,-0.1326, 0.0276],[-1.1025,-1.778 , 0.0331,-0.4899,-0.8156],[-0.8544, 0.4039,-0.1217, 0.0319],0.044
3474,[-0.8454, 0.4291,-0.2263, 0.0367],[ 0.3858, 0.8809,10.262 , 0.5122, 0.4069],[-0.8526, 0.4193,-0.218 , 0.0407],-0.0015
3476,[-0.842 , 0.4394,-0.3055, 0.0476],[ 1.7642, 5.7773,-0.0074, 1.3303, 2.5123],[-0.8473, 0.4342,-0.2975, 0.0549],-0.0483
3481,[-0.8553,-0.4246, 0.1371, 0.0163],[-0.4294, 0.4732,-1.963 ,-1.1877,-1.1456],[-0.8642,-0.4069, 0.124 , 0.0186],0.0687
3483,[-0.85  ,-0.4256, 0.2245, 0.0362],[ 0.6443, 9.5253,-0.1058, 0.9723, 1.841 ],[-0.8571,-0.4154, 0.2167, 0.0476],0.0115
3485,[-0.8471,-0.4198, 0.3317, 0.0528],[1.7079,0.1435,6.2034,1.6416,1.3076],[-0.8506,-0.4159, 0.3248, 0.064 ],-0.0444
3487,[-0.8504,-0.4075, 0.4243, 0.0646],[-0.1571,-0.7836, 9.1369, 1.8385,-0.385 ],[-0.8499,-0.4071, 0.4181, 0.0776],-0.0765
3494,[-0.8377, 0.5158,-0.2279, 0.1104],[-7.5164,-7.2724,-6.892 ,-7.6133,-7.9001],[-0.8482, 0.5054,-0.2237, 0.1205],-0.046
3496,[-0.8435, 0.5241,-0.3108, 0.0622],[-5.1218,-5.3118,-5.203 ,-4.2459,-4.7599],[-0.8521, 0.5184,-0.3062, 0.0769],-0.0715
3500,[-0.8522,-0.0029,-0.0041,-0.0562],[ 2.065 , 0.0767, 0.282 ,-1.1207, 1.838 ],[-0.8525,-0.0023,-0.0043,-0.0692],0.2112
3501,[-0.8528,-0.0018, 0.0804,-0.065 ],[-0.3272,-1.392 , 5.0588, 0.2232, 3.623 ],[-0.8527,-0.0089, 0.0813,-0.0757],0.1937
3502,[-0.8553, 0.0124,-0.093 ,-0.0636],[ 0.0636, 2.4889,-1.8056,-1.2237, 1.5852],[-0.8551, 0.0198,-0.097 ,-0.0768],0.1931
3503,[-0.8621,-0.0495, 0.1692,-0.1128],[-1.0748,-3.1798, 0.0279,-1.0562,-1.0089],[-0.8609,-0.0607, 0.1726,-0.1286],0.1722
3504,[-0.8431, 0.0417,-0.1742,-0.092 ],[-0.2331, 0.7129,-2.8637,-1.4441, 0.8451],[-0.8417, 0.0524,-0.1761,-0.1072],0.1123
3510,[-0.8529, 0.1037,-0.0167,-0.0563],[-2.0051,-3.4872,-0.8021,-3.4365,-1.0953],[-0.8538, 0.0959,-0.0113,-0.0663],0.1893
3511,[-0.856 , 0.0979, 0.0698,-0.089 ],[-1.6571,-3.9103,-1.5614,-2.904 ,-2.1194],[-0.8567, 0.0823, 0.078 ,-0.1043],0.1856
3512,[-0.8511, 0.1076,-0.0943,-0.0568],[ 0.0268, 1.1084,-1.2266,-0.9151, 2.2193],[-0.8516, 0.1064,-0.0905,-0.0696],0.1555
3514,[-0.8517, 0.1221,-0.1991,-0.0541],[ 0.0296, 9.7191,-1.6999, 1.0984,-0.0415],[-0.8505, 0.1283,-0.1995,-0.0601],0.1043
3520,[-0.8553,-0.1013, 0.0148,-0.046 ],[-2.1573,-1.7685,-3.7479,-3.5878,-1.4068],[-0.8562,-0.0933, 0.0085,-0.0567],0.1986
3521,[-0.8535,-0.1196, 0.1145,-0.0549],[ 0.9256,-1.2169, 2.5218,-1.025 , 2.0348],[-0.8539,-0.119 , 0.1107,-0.065 ],0.1508
3522,[-0.8481,-0.0911,-0.0841,-0.0267],[-2.466 ,-0.8113,-4.0858,-2.0224,-1.2051],[-0.8482,-0.0755,-0.0962,-0.0353],0.1533
3523,[-0.8613,-0.14  , 0.1877,-0.0188],[-0.1745,-1.1609,19.5866,-0.0746, 0.172 ],[-0.8605,-0.1437, 0.1847,-0.0186],0.1347
3530,[-0.8463, 0.2033,-0.024 ,-0.0486],[-4.7363,-6.3956,-3.3993,-5.4963,-4.3742],[-0.8491, 0.1884,-0.0129,-0.0589],0.1418
3532,[-0.8507, 0.2165,-0.1144,-0.0414],[-1.7833,-1.9295,-2.0765,-1.8164,-1.1178],[-0.8531, 0.2084,-0.107 ,-0.0525],0.1174
3534,[-0.853 , 0.2365,-0.205 ,-0.0285],[ 0.5125, 4.1927,-0.4907, 0.7523, 1.1161],[-0.8541, 0.234 ,-0.1986,-0.0336],0.0769
3536,[-0.8624, 0.2332,-0.3057,-0.0903],[ 6.9863, 8.7196,-1.5552, 0.1806, 2.5697],[-0.8607, 0.238 ,-0.2985,-0.1002],0.0563
3540,[-0.8558,-0.2009, 0.0368,-0.048 ],[-3.3901,-2.2341,-5.0563,-3.9609,-3.4322],[-0.8585,-0.1865, 0.0258,-0.0572],0.1711
3541,[-0.8509,-0.2209, 0.1084,-0.0426],[ 1.815 , 1.0553,-0.254 , 0.2568,11.747 ],[-0.8534,-0.2118, 0.0995,-0.0551],0.1198
3543,[-0.849 ,-0.2275, 0.2125,-0.0224],[ 0.6524,-0.3774,23.2882, 0.8147, 0.6509],[-0.8496,-0.2262, 0.2056,-0.0271],0.0651
3545,[-0.8593,-0.2464, 0.2954,-0.0501],[ 0.0686,-0.8335,21.2454, 1.5257,-0.668 ],[-0.858 ,-0.2497, 0.2942,-0.061 ],0.0463
3550,[-0.8401, 0.2877,-0.042 ,-0.0242],[-2.3204,-3.3957,-1.5309,-1.7152,-1.4735],[-0.8451, 0.2694,-0.0275,-0.0243],0.0994
3552,[-0.8505, 0.3304,-0.1308,-0.0238],[ 0.2338,-1.7106, 7.068 ,-0.1029, 0.6209],[-0.8561, 0.3165,-0.1187,-0.028 ],0.0822
3554,[-0.8491, 0.3409,-0.2201,-0.0287],[ 4.2827,25.0879, 0.7192, 1.3288, 3.1609],[-0.8532, 0.3336,-0.2099,-0.0314],0.0344
3556,[-0.8414, 0.3536,-0.2989,-0.0257],[ 1.1769, 5.6011,-1.2785, 3.4991,-0.2208],[-0.8436, 0.3513,-0.2941,-0.0305],-0.0265
3560,[-0.8517,-0.2952, 0.0431,-0.0783],[-1.6398,-2.5538,-3.6253,-1.8029,-2.3095],[-0.8572,-0.275 , 0.0271,-0.09  ],0.135
3561,[-0.8462,-0.3159, 0.1318,-0.0387],[-0.4187,12.8095,-1.0003, 0.1753,-0.1726],[-0.8513,-0.3032, 0.1206,-0.0438],0.0728
3563,[-0.8455,-0.3355, 0.2169,-0.0223],[ 0.9244, 0.9917,20.6015, 1.1973, 1.516 ],[-0.8495,-0.3283, 0.2068,-0.0255],0.0276
3565,[-0.8467,-0.3533, 0.3121,-0.0204],[-0.1196,-0.6299,10.9313, 0.8204,-0.4016],[-0.8485,-0.3514, 0.3066,-0.0238],-0.0196
3567,[-0.8249,-0.3844, 0.4142, 0.    ],[ 0.3857,-1.019 ,16.9469,-0.2019,-0.1447],[-0.8237,-0.385 , 0.4148, 0.0156],-0.121
3572,[-0.8416, 0.4106,-0.1436,-0.0334],[-1.6973,-2.168 ,-0.2572,-1.692 ,-0.8217],[-0.8501, 0.3955,-0.1319,-0.0342],0.0321
3574,[-0.8433, 0.4235,-0.2281,-0.0095],[ 2.2448, 0.7877,12.5531, 1.5754, 0.6862],[-0.8504, 0.4143,-0.2206,-0.0097],-0.0063
3576,[-0.8465, 0.4179,-0.3144,-0.0105],[0.4843,5.7015,0.1424,1.642 ,0.3233],[-0.8507, 0.414 ,-0.3093,-0.0115],-0.0377
3581,[-0.8431,-0.4264, 0.1486,-0.0364],[-2.1031,-0.8953,-2.4463,-1.9761,-1.3718],[-0.8523,-0.4112, 0.1376,-0.0365],0.03
3583,[-0.8415,-0.434 , 0.2218,-0.0171],[ 0.4383, 1.4198, 0.7333,10.0752, 0.1038],[-0.8492,-0.4243, 0.2132,-0.0146],-0.0101
3585,[-0.8448,-0.4252, 0.3234,-0.0173],[ 1.2996,-0.0795, 4.8662, 2.4421, 0.4426],[-0.8489,-0.4217, 0.3186,-0.0193],-0.0476
3587,[-0.8438,-0.4195, 0.4134,-0.0022],[-0.4602,-1.0463, 3.2094, 6.7248,-0.2912],[-0.8441,-0.4193, 0.413 , 0.0022],-0.091
3593,[-0.8336,-0.5103, 0.2552,-0.0051],[-7.7275,-8.1153,-6.7357,-6.6436,-7.0432],[-0.8436,-0.5024, 0.2485,-0.0033],-0.0637
3594,[-0.8223, 0.5023,-0.2706, 0.    ],[-7.2689,-6.8209,-7.8329,-6.0998,-7.3257],[-0.8315, 0.4957,-0.2641, 0.    ],-0.0926
3595,[-0.8315,-0.5083, 0.2954, 0.    ],[-5.2903,-4.2795,-4.967 ,-3.5463,-5.2872],[-0.8402,-0.5027, 0.2894, 0.0078],-0.0856
3596,[-0.8425, 0.5448,-0.3076, 0.    ],[-3.0381,-1.4133,-2.1922,-0.5645,-3.0729],[-0.8522, 0.5395,-0.3028, 0.0039],-0.0762
3600,[-8.5576e-01, 4.1342e-04, 3.5530e-03,-1.8868e-01],[ 1.9936, 1.7246, 2.3506,-0.8017, 3.7666],[-8.5666e-01,-1.3109e-04, 5.0314e-03,-2.0209e-01],0.2249
3601,[-0.8549,-0.0183, 0.0786,-0.1892],[-3.8049,-5.2944,-2.6084,-4.0798,-2.3247],[-0.8555,-0.0238, 0.0772,-0.2025],0.2007
3602,[-0.8545, 0.0192,-0.0909,-0.1805],[-1.3286, 2.3528,-2.5507,-2.1866, 1.3487],[-0.8547, 0.0259,-0.0924,-0.1937],0.1945
3610,[-0.8541, 0.0947,-0.0278,-0.1879],[-0.1947,-0.5397, 7.4832,-0.6585, 8.6842],[-0.8556, 0.089 ,-0.0254,-0.2024],0.1965
3611,[-0.8497, 0.0771, 0.084 ,-0.1696],[-5.0032,-6.054 ,-4.2608,-4.9641,-4.8736],[-0.8504, 0.0626, 0.0898,-0.1787],0.1674
3612,[-0.8526, 0.1057,-0.0935,-0.1848],[ 1.1051,14.6495, 0.0929, 0.1814, 2.758 ],[-0.8538, 0.1046,-0.0861,-0.1976],0.1653
3614,[-0.847 , 0.1285,-0.1925,-0.1544],[ 4.1164, 5.3822,-1.8984,-1.0665, 5.4342],[-0.8465, 0.1339,-0.1895,-0.163 ],0.0941
3620,[-0.86  ,-0.1087, 0.0245,-0.1799],[-6.9229,-4.9867,-7.5127,-7.2917,-6.0219],[-0.8616,-0.101 , 0.0199,-0.1937],0.2151
3621,[-0.8566,-0.1302, 0.0959,-0.1764],[-1.6521,-3.3423,-0.9925,-3.4955, 0.8013],[-0.8579,-0.1272, 0.0893,-0.1878],0.1689
3623,[-0.8616,-0.1058, 0.1922,-0.1869],[-4.7190e-01,-1.4864e+00, 1.1936e+01, 8.9472e-03, 7.5496e-01],[-0.8609,-0.1136, 0.1893,-0.1999],0.1455
3625,[-0.8604,-0.1458, 0.288 ,-0.2193],[-1.9782,-3.443 ,-1.1389,-1.387 ,-1.9292],[-0.8576,-0.1575, 0.2867,-0.2343],0.0822
3630,[-0.8553, 0.1963,-0.0433,-0.1604],[-6.7979,-8.2272,-5.4963,-6.4689,-6.4497],[-0.8583, 0.1833,-0.0376,-0.1763],0.1692
3632,[-0.8459, 0.189 ,-0.1066,-0.1728],[0.8198,1.3886,1.146 ,0.4309,7.5311],[-0.8483, 0.1825,-0.0978,-0.1873],0.1153
3634,[-0.856 , 0.2233,-0.2129,-0.1657],[ 2.2312, 5.9229,-0.6353, 1.6693, 0.2879],[-0.8572, 0.2226,-0.2013,-0.1759],0.0886
3636,[-0.8553, 0.2471,-0.2944,-0.1396],[ 2.6108, 7.2834,-1.4064, 0.4525, 0.7112],[-0.8547, 0.2503,-0.2822,-0.1481],0.0413
3640,[-0.8589,-0.2068, 0.0397,-0.1786],[-4.0623,-2.3501,-5.3497,-4.458 ,-4.0734],[-0.8623,-0.1923, 0.0325,-0.1924],0.1785
3641,[-0.854 ,-0.2077, 0.0955,-0.1529],[ 1.6515, 0.8075,-0.7879, 0.5345,12.9476],[-0.8569,-0.1987, 0.0874,-0.1649],0.1397
3643,[-0.8564,-0.2314, 0.234 ,-0.1764],[ 0.6447,-0.7894,10.7697, 2.5336, 2.3827],[-0.8572,-0.232 , 0.2246,-0.1804],0.0767
3645,[-0.8543,-0.2703, 0.2854,-0.1396],[ 2.8878,-1.4173,13.5245, 0.8826, 1.2847],[-0.8544,-0.2719, 0.2796,-0.152 ],0.0335
3652,[-0.8507, 0.3347,-0.1272,-0.1538],[-0.7422,-1.9901, 0.9598,-1.0217,-1.344 ],[-0.857 , 0.3211,-0.12  ,-0.1608],0.0823
3654,[-0.8502, 0.3319,-0.2268,-0.1294],[1.5889,1.8052,0.4124,7.7284,0.5253],[-0.8543, 0.3258,-0.2144,-0.1278],0.038
3656,[-0.8571, 0.3021,-0.3358,-0.1383],[-0.124 , 5.1769,-0.6877, 3.5659, 0.7406],[-0.8567, 0.3042,-0.3246,-0.1364],0.0107
3660,[-0.8493,-0.3009, 0.039 ,-0.1867],[-1.0949,-1.0119,-1.8881,-1.4763,-0.876 ],[-0.8555,-0.2808, 0.0261,-0.2012],0.1273
3661,[-0.8496,-0.3178, 0.1222,-0.1555],[-0.7418, 3.3483,-2.0076,-0.1089,-1.1645],[-0.8555,-0.3043, 0.1111,-0.1624],0.0878
3663,[-0.8473,-0.3414, 0.2169,-0.1438],[3.5675,0.2651,2.6749,2.9297,1.2377],[-0.8521,-0.3344, 0.2035,-0.1472],0.033
3672,[-0.8446, 0.4114,-0.1562,-0.1601],[-0.5473,-0.3384, 0.4417,-0.4932,-0.3744],[-0.8535, 0.3975,-0.1466,-0.1671],0.0356
3674,[-0.8303, 0.432 ,-0.1992,-0.1601],[ 0.3934, 0.2927, 2.3596, 0.852 ,-0.0072],[-0.839 , 0.4224,-0.1939,-0.1581],-0.0281
3681,[-0.8387,-0.3961, 0.1563,-0.1405],[-0.9142,-0.0979,-1.3995, 0.2169,-0.9455],[-0.8468,-0.3834, 0.1484,-0.1392],0.0209
3683,[-0.8349,-0.4052, 0.2151,-0.1579],[ 0.4569, 0.6158,-0.5166, 1.1536,-0.4908],[-0.842 ,-0.3971, 0.2113,-0.154 ],-0.018
3700,[-8.5797e-01, 4.4877e-03, 3.3940e-06,-2.9921e-01],[  0.8544,  3.9899,128.6798,  0.9929,  1.3956],[-0.8594, 0.0046,-0.0053,-0.3111],0.2322
3701,[-0.8584,-0.0314, 0.081 ,-0.2893],[ 0.9748,-1.9398, 8.0489,-1.4882, 0.9554],[-0.8594,-0.036 , 0.0763,-0.304 ],0.2125
3702,[-0.8554, 0.0323,-0.0739,-0.3243],[-0.7082,57.0389,-1.4032,-0.5004, 0.0578],[-0.8565, 0.0368,-0.0756,-0.3353],0.2035
3710,[-0.8579, 0.089 ,-0.0334,-0.2981],[6.9190e-02,4.6667e-02,1.1614e+02,5.6219e-01,6.3272e-01],[-0.8597, 0.0843,-0.0324,-0.3095],0.2119
3712,[-0.8514, 0.0988,-0.0835,-0.3054],[4.4006e-01,1.1033e+02,5.6226e-02,2.0814e+00,3.9677e-01],[-0.8531, 0.0976,-0.0768,-0.3172],0.1687
3714,[-0.8582, 0.1151,-0.2011,-0.3178],[ 0.2331,13.3174,-1.1964, 2.7435,-0.69  ],[-0.8578, 0.1239,-0.2037,-0.3293],0.1265
3720,[-0.8588,-0.0879, 0.0388,-0.2896],[4.3045e-02,4.7028e+00,1.3155e+00,4.2765e-01,9.3523e+01],[-0.8606,-0.0836, 0.0368,-0.3043],0.2144
3721,[-0.859 ,-0.1235, 0.1001,-0.2789],[ 0.114 ,-0.3621,74.843 , 0.2631, 2.6151],[-0.8607,-0.1216, 0.0926,-0.2919],0.1788
3723,[-0.8646,-0.1372, 0.1765,-0.2604],[ 2.7122,-1.7904, 9.929 ,-0.6669, 0.3088],[-0.8652,-0.1408, 0.1651,-0.2704],0.1585
3732,[-0.8633, 0.1732,-0.1503,-0.3017],[2.1562,0.4056,0.2854,3.8833,0.7513],[-0.8652, 0.171 ,-0.1341,-0.2855],0.1589
3734,[-0.859 , 0.171 ,-0.1859,-0.35  ],[ 1.3513,10.3158,-0.477 , 1.4211,-0.067 ],[-0.8602, 0.173 ,-0.1761,-0.3334],0.126
3740,[-0.8571,-0.1826, 0.0256,-0.2646],[-2.9967,-2.6113,-5.2359,-3.7977,-3.6969],[-0.8603,-0.1689, 0.018 ,-0.2711],0.188
3741,[-0.8623,-0.2129, 0.1456,-0.3071],[ 3.8891, 1.0531, 1.7925, 1.3852,23.4491],[-0.8654,-0.2069, 0.1233,-0.3202],0.1499
3743,[-0.857 ,-0.2237, 0.227 ,-0.2768],[ 0.9002,-0.5829,11.4103, 2.6333, 0.553 ],[-0.8582,-0.2245, 0.2145,-0.2821],0.0861
3745,[-0.8537,-0.1735, 0.2823,-0.2588],[-0.1322,-1.4518, 3.0223, 9.2943,-0.9556],[-0.8519,-0.1822, 0.2765,-0.2757],0.0605
3800,[-0.8589,-0.0033,-0.0043,-0.4147],[2.1673e+00,5.2958e+02,3.4780e+00,2.7078e+00,4.9500e-01],[-8.6080e-01,-2.9647e-03,-8.5101e-04,-4.2543e-01],0.2351
3801,[-0.8633,-0.0318, 0.066 ,-0.4165],[  0.4277, -1.3039,247.9591,  1.5695, -1.3253],[-0.8649,-0.0357, 0.0655,-0.4261],0.2371
3802,[-0.8481, 0.0381,-0.0657,-0.4147],[  0.2078,183.8867, -0.938 ,  1.597 ,  2.0122],[-0.8498, 0.041 ,-0.0641,-0.4246],0.1835
3810,[-0.8587, 0.0757,-0.0467,-0.4018],[  1.9457,  0.6692,252.8649,  3.2785,  1.3305],[-0.8607, 0.0738,-0.0477,-0.4101],0.2142
3812,[-0.8604, 0.0679,-0.0635,-0.4183],[  0.6632,261.3136,  1.2137,  2.2609,  1.6075],[-0.8623, 0.068 ,-0.0604,-0.4265],0.2173
3814,[-0.857 , 0.1614,-0.2029,-0.3804],[-0.5182, 2.928 ,-1.59  , 6.2986, 0.9684],[-0.8576, 0.1661,-0.1975,-0.3759],0.1125
3820,[-0.8594,-0.0656, 0.0549,-0.4433],[  0.4829,471.5261,  0.7704,  0.4758,  0.6761],[-0.8615,-0.0654, 0.0551,-0.458 ],0.2173
3821,[-0.8572,-0.0661, 0.0557,-0.4229],[  1.4775,  0.8143,311.581 , 13.7483,  0.5841],[-0.8592,-0.0659, 0.0559,-0.4386],0.2089
3910,[-0.8603, 0.0617,-0.0522,-0.5208],[ 4.1287e+00,-5.4845e-01, 9.1723e+02, 1.7573e+00, 4.9019e-01],[-0.8626, 0.0617,-0.0524,-0.5265],0.2238
3912,[-0.8603, 0.0618,-0.0609,-0.5202],[ 2.7704e+00, 6.2707e+02,-3.6869e-01, 1.0105e+00, 5.4795e-01],[-0.8626, 0.0624,-0.0593,-0.5259],0.221
4432,[-0.8065, 0.2671,-0.133 , 0.0286],[-0.0267,-0.4607, 1.0523,-0.517 , 5.1671],[-0.8098, 0.2592,-0.126 , 0.0193],-0.0235
4452,[-0.8075, 0.3091,-0.1152, 0.0296],[ 0.008 ,-1.5688, 1.0981,-0.5481, 3.5375],[-0.8123, 0.2978,-0.1045, 0.0243],-0.0219
4454,[-0.8011, 0.3505,-0.1972, 0.0301],[ 1.9997, 2.712 , 0.5361,-0.1842, 4.8905],[-0.806 , 0.3433,-0.1903, 0.0333],-0.0754
4456,[-0.817 , 0.3831,-0.3048, 0.0443],[-0.3227, 6.0573,-1.0464,-0.2658, 1.0678],[-0.8199, 0.3798,-0.2998, 0.0577],-0.0906
4461,[-0.8191,-0.2859, 0.1395, 0.0192],[-0.5895, 2.0123,-0.6516,-0.3346, 4.0739],[-0.8229,-0.2769, 0.1311, 0.0188],0.0009
4463,[-0.8055,-0.3692, 0.2186, 0.0246],[ 1.0643, 0.8447, 1.5448,-0.189 , 6.6405],[-0.8106,-0.3623, 0.2102, 0.018 ],-0.077
4465,[-0.8179,-0.3807, 0.356 , 0.057 ],[ 0.4979,-1.2563, 4.5442,-0.1189, 1.0115],[-0.8192,-0.3792, 0.3453, 0.0422],-0.106
4467,[-0.8181,-0.3857, 0.4055, 0.0816],[-0.7867,-1.2968, 7.0631,-0.201 , 2.4649],[-0.8174,-0.3854, 0.4012, 0.0896],-0.1287
4472,[-0.8067, 0.4579,-0.1371, 0.028 ],[-1.0384,-1.932 ,-0.0694,-0.1133, 0.38  ],[-0.8171, 0.4442,-0.128 , 0.0153],-0.0625
4474,[-0.8036, 0.4523,-0.2184, 0.037 ],[4.2064,0.5832,3.619 ,1.2013,6.9995],[-0.812 , 0.4439,-0.2119, 0.0368],-0.0987
4476,[-0.8103, 0.4558,-0.3178, 0.0384],[1.2513,5.088 ,0.3845,1.1993,1.5828],[-0.8159, 0.4518,-0.3109, 0.0523],-0.1236
4478,[-0.7986, 0.4863,-0.3932, 0.023 ],[-0.2234, 7.459 ,-0.911 ,-0.0627, 1.0528],[-0.8026, 0.4847,-0.388 , 0.0375],-0.1795
4481,[-0.8059,-0.4092, 0.1629, 0.015 ],[-0.5006, 1.3544,-1.4421,-1.3438, 0.1245],[-8.1397e-01,-3.9815e-01, 1.5358e-01,-5.5393e-04],-0.0643
4483,[-0.8   ,-0.4307, 0.2229, 0.0226],[1.462 ,0.5361,0.3169,0.5236,9.0953],[-0.8075,-0.4231, 0.2162, 0.0173],-0.1028
4485,[-0.8048,-0.4278, 0.3067, 0.0427],[ 1.0675,-0.0708, 8.5568, 0.7357, 1.5527],[-0.8095,-0.424 , 0.301 , 0.0488],-0.1244
4491,[-0.7905,-0.5301, 0.1463, 0.0021],[-6.0333,-5.2272,-5.6713,-6.2694,-6.4987],[-0.804 ,-0.518 , 0.139 ,-0.0111],-0.1155
4492,[-0.7845, 0.5005,-0.1241, 0.0456],[-5.1843,-5.844 ,-4.7146,-5.9451,-5.8005],[-0.797 , 0.4873,-0.1172, 0.0302],-0.1143
4493,[-0.7974,-0.5126, 0.2547, 0.0079],[-6.494 ,-6.6667,-6.145 ,-7.2406,-6.6103],[-0.8075,-0.5063, 0.2505,-0.0073],-0.1376
4494,[-0.7982, 0.5211,-0.2303, 0.0481],[-6.1729,-7.3893,-6.9596,-6.4662,-7.5138],[-0.8092, 0.5131,-0.2241, 0.0575],-0.1284
4495,[-0.7847,-0.5032, 0.335 , 0.053 ],[-6.8728,-6.008 ,-5.7955,-5.2501,-7.2255],[-0.7916,-0.5   , 0.3304, 0.0666],-0.1853
4496,[-0.8026, 0.5242,-0.3096, 0.0377],[-3.9084,-5.1691,-4.4169,-4.7633,-5.8397],[-0.8114, 0.5199,-0.3051, 0.0521],-0.1506
4500,[-0.8107, 0.0044, 0.044 ,-0.0491],[ 1.0306, 0.398 , 0.6784,-0.9823, 2.4472],[-0.8108, 0.0011, 0.0443,-0.0632],0.077
4530,[-0.818 , 0.2332,-0.0393,-0.0468],[-1.6024,-1.9974, 1.6943,-1.7273, 0.0536],[-0.8216, 0.2198,-0.0262,-0.0619],0.0484
4532,[-0.8128, 0.2262,-0.1125,-0.0402],[ 1.6703,-0.3394, 0.9647,-0.2768, 2.5403],[-0.8154, 0.2191,-0.1071,-0.0532],0.0077
4541,[-0.8143,-0.2636, 0.1108, 0.    ],[-0.7702,-0.954 ,-0.5723,-2.5724,-0.3232],[-0.8179,-0.2541, 0.1035,-0.0039],0.0041
4543,[-0.8191,-0.2553, 0.2233, 0.    ],[-0.1259,-2.5647, 1.2797,-1.2657, 0.6562],[-0.8201,-0.2534, 0.2193,-0.0026],-0.026
4552,[-0.8084, 0.321 ,-0.1267,-0.0249],[-0.2433,-1.315 ,10.1416,-0.8168, 0.7012],[-0.8138, 0.3103,-0.1175,-0.0292],-0.0266
4554,[-0.8074, 0.3442,-0.2123,-0.0161],[ 3.21  ,11.2616, 0.4962, 0.3628, 0.7625],[-0.8119, 0.338 ,-0.2051,-0.0201],-0.0658
4556,[-0.814 , 0.3734,-0.2949,-0.014 ],[ 0.6512, 5.2629,-1.6075, 0.2837, 1.4678],[-0.8171, 0.3706,-0.2919,-0.0276],-0.0911
4561,[-0.8096,-0.3355, 0.1432,-0.0399],[ 0.1601, 9.2996,-0.6487,-0.8325, 0.2996],[-0.8154,-0.3253, 0.1339,-0.0494],-0.0324
4563,[-0.8072,-0.359 , 0.2106,-0.0228],[ 1.2628, 0.2638,11.0289, 1.024 , 2.0786],[-0.8122,-0.3523, 0.2028,-0.0285],-0.0683
4565,[-0.8131,-0.355 , 0.2859, 0.    ],[-0.0098,-0.9499, 6.4937, 0.3145, 0.3332],[-0.8156,-0.3522, 0.2829, 0.    ],-0.0857
4572,[-0.8067, 0.4223,-0.149 ,-0.0467],[-1.8265,-2.0336,-0.2587,-1.0982,-0.6667],[-0.8158, 0.4102,-0.14  ,-0.0556],-0.0592
4574,[-0.8028, 0.4383,-0.2235,-0.0143],[ 1.602 , 0.0496,20.1871, 0.8407, 1.9476],[-0.8106, 0.4307,-0.2178,-0.0165],-0.0992
4576,[-0.8031, 0.4511,-0.3127,-0.0025],[ 0.5363,11.0308,-0.0538, 1.1912, 0.6441],[-0.8087, 0.4475,-0.3085,-0.0024],-0.1343
4578,[-0.787 , 0.4897,-0.4024, 0.    ],[ 1.5749, 4.0956,-0.9845, 0.8009,-0.3739],[-0.7908, 0.4887,-0.4001, 0.0039],-0.2021
4581,[-0.8071,-0.4127, 0.1446,-0.034 ],[-1.2092, 0.5165,-2.3373,-1.8009,-0.6481],[-0.8158,-0.4003, 0.1338,-0.0434],-0.0542
4583,[-0.8035,-0.4386, 0.222 ,-0.0258],[ 2.9733,12.7733, 0.9225, 1.7994, 1.3167],[-0.8115,-0.4308, 0.2152,-0.0327],-0.0969
4585,[-0.8036,-0.4451, 0.3082,-0.0018],[ 1.9841,-0.4655, 9.164 , 1.4965, 0.3827],[-0.8091,-0.4414, 0.3033,-0.0016],-0.1307
4591,[-0.8106,-0.5113, 0.135 ,-0.0174],[-8.2754,-8.1425,-8.6266,-8.2427,-8.3243],[-0.8236,-0.497 , 0.1266,-0.0158],-0.0652
4592,[-0.7788, 0.5005,-0.1492, 0.    ],[-7.5634,-8.0469,-7.4774,-7.3534,-8.5045],[-0.791 , 0.4889,-0.1393, 0.0156],-0.1321
4593,[-0.8014,-0.5181, 0.229 ,-0.0038],[-6.3077,-7.1711,-6.9323,-7.4058,-7.3114],[-0.8125,-0.5101, 0.2221,-0.0061],-0.1205
4594,[-0.793 , 0.5078,-0.2486,-0.0042],[-8.0667,-7.6717,-7.3241,-7.2092,-6.7055],[-0.8032, 0.5011,-0.2425,-0.0062],-0.1414
4595,[-0.8148,-0.5268, 0.2802, 0.    ],[-4.2298,-4.9184,-3.7482,-4.9241,-5.7297],[-0.8248,-0.5211, 0.2745, 0.    ],-0.1174
4596,[-0.7936, 0.5235,-0.3231, 0.    ],[ 3.1998, 0.4396,-3.024 ,-0.4882,-2.0755],[-0.8019, 0.5202,-0.3197, 0.0156],-0.1699
4600,[-0.8154,-0.0107, 0.0032,-0.1872],[-0.3114, 0.2812,-0.3686,-2.0711, 1.0693],[-0.8162,-0.0095,-0.0049,-0.2003],0.0985
4632,[-0.8192, 0.1827,-0.1142,-0.1338],[ 0.1657, 0.3695, 0.333 ,-0.8345, 1.4269],[-0.8209, 0.1788,-0.1171,-0.1338],0.0309
4652,[-0.818 , 0.3546,-0.1072,-0.1375],[-0.6496,-1.978 , 6.9808,-1.0082,-0.3683],[-0.8253, 0.3411,-0.0996,-0.152 ],-0.0034
4661,[-0.8191,-0.3229, 0.1115,-0.1352],[-0.6119, 6.9761,-1.4276, 0.8793, 0.2414],[-0.8253,-0.3107, 0.1011,-0.1485],0.0058
4663,[-0.8135,-0.3688, 0.1884,-0.1449],[1.1377,0.4718,7.6956,1.8984,0.3085],[-0.82  ,-0.3606, 0.1796,-0.1576],-0.0473
4674,[-0.8044, 0.478 ,-0.2012,-0.1517],[1.2801,2.0833,1.5951,3.4243,0.4517],[-0.8151, 0.4692,-0.1952,-0.1666],-0.0953
4683,[-0.8146,-0.4233, 0.2352,-0.144 ],[0.7559,0.9201,0.3667,6.0332,0.3229],[-0.8219,-0.4169, 0.2316,-0.1567],-0.0767
4700,[-0.821 , 0.002 ,-0.0382,-0.2671],[ 0.4193, 1.4493, 2.3345, 1.3201,10.4315],[-0.8221, 0.005 ,-0.0402,-0.284 ],0.1127
5474,[-0.7633, 0.486 ,-0.2216, 0.06  ],[0.4886,0.8407,6.4608,0.6487,3.8142],[-0.773 , 0.4787,-0.2153, 0.064 ],-0.1792
5483,[-0.7609,-0.4412, 0.2331, 0.0269],[1.6791,1.4365,0.1592,0.7727,5.3572],[-0.7686,-0.4352, 0.2276, 0.0295],-0.1786
5485,[-0.7713,-0.4339, 0.2991, 0.0302],[ 0.6271,-0.3689, 4.7761, 0.5984, 2.4903],[-0.7766,-0.4303, 0.2947, 0.0347],-0.1817
5491,[-0.7766,-0.5411, 0.1634, 0.016 ],[-4.7866,-5.4643,-5.5305,-4.6087,-5.1311],[-0.7905,-0.5301, 0.1463, 0.0021],-0.1459
5492,[-0.7584, 0.5235,-0.1369, 0.0651],[-4.5547,-5.5331,-5.3282,-4.9645,-5.1332],[-0.7716, 0.5123,-0.1306, 0.0603],-0.169
5493,[-0.7484,-0.5589, 0.1711, 0.046 ],[-5.3592,-4.0519,-4.9659,-4.1116,-5.1587],[-0.7626,-0.5502, 0.1672, 0.0309],-0.2009
5494,[-0.7568, 0.532 ,-0.2493, 0.0397],[-4.7175,-4.5732,-6.1834,-6.0212,-5.7104],[-0.7678, 0.5263,-0.2441, 0.0515],-0.2057
5495,[-0.7708,-0.5088, 0.3409, 0.0234],[-3.8573,-5.7118,-4.5884,-4.6646,-4.9948],[-0.7778,-0.5062, 0.3383, 0.0386],-0.2098
5552,[-0.7733, 0.3489,-0.1564,-0.0235],[ 0.4669,-0.5835, 8.4848,-0.7798, 2.1117],[-0.7793, 0.3407,-0.1481,-0.0388],-0.1176
5554,[-0.7702, 0.3384,-0.1771, 0.    ],[ 0.6295, 3.2443,-0.5853, 1.1935, 4.8976],[-0.7752, 0.3317,-0.1704, 0.    ],-0.1286
5563,[-0.7667,-0.373 , 0.1926,-0.0114],[ 0.2568,-0.3425, 4.6634, 0.1413, 3.8215],[-0.7728,-0.3661, 0.1836,-0.0171],-0.1445
5572,[-0.7671, 0.4432,-0.156 ,-0.0248],[-1.425 ,-1.9127, 2.1364,-1.2738, 0.2048],[-0.7769, 0.4333,-0.1482,-0.0372],-0.145
5574,[-0.7607, 0.4674,-0.2231,-0.0121],[ 2.028 , 1.0481,14.9166, 1.1981, 1.4903],[-0.7698, 0.4607,-0.2173,-0.0158],-0.1804
5576,[-0.7731, 0.468 ,-0.3319, 0.    ],[ 0.2222, 9.1658,-0.1563,-0.3437, 1.3245],[-0.7786, 0.4653,-0.329 , 0.    ],-0.1958
5581,[-0.7622,-0.4458, 0.1497,-0.046 ],[-0.9849, 0.2758,-1.9035,-1.3003, 0.1979],[-0.7723,-0.4357, 0.1398,-0.0615],-0.1515
5583,[-0.761 ,-0.4543, 0.2293,-0.0134],[ 1.5831, 2.7521, 0.5441, 0.8884,13.7168],[-0.7694,-0.4481, 0.2235,-0.0225],-0.1795
5585,[-0.7651,-0.4609, 0.2989, 0.    ],[ 0.3827,-0.1786, 7.2524, 1.4057, 1.1891],[-0.7716,-0.4574, 0.2953, 0.    ],-0.196
5592,[-0.7663, 0.5108,-0.1587, 0.    ],[-8.305 ,-9.0646,-8.4953,-8.3792,-8.991 ],[-0.7788, 0.5005,-0.1492, 0.    ],-0.1592
5593,[-0.7575,-0.5184, 0.2241,-0.0118],[-6.5502,-6.4176,-7.0267,-5.6933,-7.0524],[-0.7689,-0.5118, 0.2181,-0.0182],-0.1944
5594,[-0.7576, 0.5181,-0.2312,-0.0158],[-6.9524,-7.3145,-6.6319,-6.8476,-7.1895],[-0.7687, 0.5117,-0.2248,-0.0169],-0.196
5595,[-0.7603,-0.5124, 0.3445, 0.    ],[-4.9696,-4.0115,-3.9431,-4.284 ,-4.6494],[-0.7674,-0.5101, 0.3422, 0.0156],-0.2265
5596,[-0.7636, 0.5395,-0.3138, 0.    ],[-0.2176, 0.5927,-2.354 ,-0.5544,-2.0368],[-0.773 , 0.5364,-0.3104, 0.    ],-0.2175
6492,[-0.7168, 0.5516,-0.1552, 0.0302],[-3.2041,-3.7412,-3.134 ,-2.5598,-4.068 ],[-0.731 , 0.5431,-0.1491, 0.045 ],-0.2395
6493,[-0.7045,-0.5809, 0.1833, 0.0311],[-2.9696,-2.9881,-3.6015,-3.3755,-3.5414],[-0.7194,-0.5742, 0.1791, 0.0464],-0.2657
6494,[-0.7219, 0.5168,-0.2458, 0.035 ],[-3.2489,-2.9372,-3.3645,-1.189 ,-3.2712],[-0.7324, 0.5116,-0.24  , 0.0455],-0.25
6496,[-0.7071, 0.5233,-0.2818, 0.023 ],[-0.1648,-1.0167,-2.3757,-1.1675,-2.5513],[-0.7169, 0.5196,-0.276 , 0.0382],-0.2769
6574,[-0.7268, 0.4859,-0.2081,-0.0074],[ 1.8702, 3.3624, 1.9478, 0.0804,11.6205],[-0.7372, 0.4793,-0.2019,-0.0074],-0.2297
6583,[-0.7268,-0.4851, 0.2331, 0.    ],[6.8636,2.5311,0.3825,0.3328,1.6328],[-0.7364,-0.4795, 0.2275, 0.    ],-0.2358
6593,[-0.724 ,-0.5198, 0.2246, 0.    ],[-6.8775,-6.6918,-6.0513,-5.3165,-6.3444],[-0.7354,-0.514 , 0.2186,-0.0039],-0.2425
6594,[-0.7109, 0.5227,-0.2391,-0.0127],[-5.5788,-6.0481,-6.6338,-5.3065,-6.4632],[-0.7221, 0.5177,-0.2341,-0.0179],-0.2624
6596,[-0.6925, 0.5282,-0.2884, 0.    ],[-2.1918, 0.5672,-1.2522, 2.7905,-1.9063],[-0.7022, 0.5251,-0.2844, 0.0156],-0.2951
7542,[-0.6601,-0.2149,-0.0628, 0.    ],[-219.5953,-219.5575,-218.8397,-218.3753,-218.176 ],[-8.7571e-01, 4.0939e-03,-8.2104e-04, 0.0000e+00],0.1475
7593,[-0.6665,-0.5953, 0.1949, 0.    ],[-6.1774,-6.2047,-6.0731,-5.552 ,-6.2564],[-0.6819,-0.59  , 0.19  , 0.0078],-0.3102
7594,[-0.681 , 0.5466,-0.2173, 0.    ],[-4.581 ,-3.8964,-4.5146,-4.6187,-5.348 ],[-0.6936, 0.5414,-0.212 , 0.0039],-0.2944
7596,[-0.6777, 0.5325,-0.2927, 0.    ],[-1.8131, 1.571 ,-2.6941,-0.9614,-2.2985],[-0.6876, 0.5297,-0.2899, 0.    ],-0.3112
