200,[-0.9578, 0.0346,-0.0452, 0.2746],[-2.5644,-2.7128,-2.3194,-2.3305,-3.6334],[-0.9565, 0.0381,-0.0542, 0.2864],0.2774
202,[-0.9685, 0.0359,-0.0692, 0.2685],[-0.884 , 1.2038,-2.1643,-1.061 ,-0.9553],[-0.9671, 0.0459,-0.0753, 0.2684],0.2259
210,[-0.9606, 0.0585,-0.0522, 0.2586],[-1.9337,-2.8482,-0.6552,-2.0996,-2.415 ],[-0.9595, 0.052 ,-0.0366, 0.2729],0.2671
212,[-0.9596, 0.0958,-0.1239, 0.2653],[ 2.1732, 3.4972,-0.4718, 4.5475,-0.8466],[-0.9581, 0.1003,-0.126 , 0.2726],0.2167
220,[-0.9567,-0.1362,-0.0085, 0.2586],[-1.4376, 0.7039,-2.3377,-0.9014,-1.4258],[-0.9563,-0.0919,-0.0525, 0.2726],0.2568
222,[-0.9559,-0.071 ,-0.0655, 0.2794],[ 0.5946, 0.5825,-0.6855,-0.5558,-0.1864],[-0.9545,-0.0348,-0.0891, 0.2924],0.2721
300,[-0.9663,-0.021 ,-0.0177, 0.2037],[-15.1966,-15.8261,-15.4543,-14.7792,-16.0768],[-0.9654,-0.0055,-0.0332, 0.2167],0.2608
302,[-0.9681, 0.0315,-0.08  , 0.1643],[-4.6603,-3.7445,-5.6374,-4.9038,-5.9217],[-0.967 , 0.0496,-0.0976, 0.1781],0.2165
304,[-0.9854, 0.0066,-0.1767, 0.1739],[ 0.3447, 1.1787,-1.0536,-0.0099, 0.2864],[-0.9815, 0.1205,-0.287 , 0.1873],0.0725
312,[-0.9633, 0.0728,-0.0994, 0.2222],[-4.2233,-4.0742,-5.0108,-2.3042,-5.2438],[-0.9621, 0.0781,-0.1001, 0.233 ],0.2219
314,[-0.9599, 0.1629,-0.2546, 0.1375],[-0.3594, 2.638 ,-1.409 , 1.3386,-1.1106],[-0.957 , 0.1819,-0.2695, 0.1505],0.1292
316,[-0.9815, 0.1205,-0.287 , 0.1873],[ 0.5363, 0.7294,-0.4052, 1.5003, 0.3731],[-0.9763, 0.1874,-0.3495, 0.202 ],0.0399
320,[-0.9727,-0.0924, 0.0233, 0.1768],[-5.5202,-3.4414,-6.2128,-5.0562,-5.545 ],[-0.972 ,-0.0438,-0.0244, 0.1911],0.2197
321,[-0.9669,-0.1131, 0.0937, 0.1476],[-3.3937,-4.1448,-3.7875,-2.3857,-5.1043],[-0.9665,-0.0996, 0.078 , 0.1615],0.207
323,[-0.9572,-0.0893, 0.193 , 0.1361],[-0.9519,-1.9377, 0.9183, 0.5577,-1.7128],[-0.9547,-0.1144, 0.2142, 0.1482],0.1871
334,[-0.957 , 0.1819,-0.2695, 0.1505],[ 1.3856, 1.235 ,-0.1752, 5.2973,-0.7455],[-0.9542, 0.1972,-0.28  , 0.1654],0.1277
336,[-0.9734, 0.2075,-0.367 , 0.2093],[ 1.1272, 1.578 ,-1.0586, 3.9651,-0.6105],[-0.9677, 0.2403,-0.3943, 0.2239],0.026
338,[-0.9619, 0.2618,-0.4093, 0.2384],[0.2303,3.8282,0.0696,1.8251,0.3517],[-0.9563, 0.2764,-0.4167, 0.2525],0.033
341,[-0.9657,-0.1922, 0.1114, 0.1838],[-2.0575,-0.7018,-3.0865,-1.4546,-3.3391],[-0.9663,-0.1595, 0.0706, 0.1978],0.1884
361,[-0.9838,-0.3033, 0.1285, 0.1448],[-0.9625, 1.3453,-1.3571,-0.4977, 0.1965],[-0.9864,-0.1557,-0.0172, 0.1597],0.141
383,[-0.9788,-0.3964, 0.2205, 0.1312],[-0.5854, 0.7463,-1.1729, 0.3625,-0.6269],[-0.9838,-0.3033, 0.1285, 0.1448],0.0574
400,[-9.6008e-01,-7.5446e-04, 6.9098e-03, 5.7005e-02],[-29.4692,-29.5627,-29.4738,-29.5115,-30.6695],[-0.9598,-0.0016, 0.0073, 0.0624],0.2898
401,[-0.9597, 0.0012, 0.11  , 0.0703],[-8.8249,-9.8269,-7.9621,-8.7567,-9.7354],[-0.9584,-0.033 , 0.1415, 0.0795],0.2369
402,[-0.9601, 0.026 ,-0.1044, 0.0377],[-10.0796, -9.2772,-10.2443, -9.6061,-10.5673],[-0.959 , 0.0526,-0.1324, 0.0522],0.2308
403,[-0.9588,-0.0164, 0.19  , 0.0586],[-0.3493,-1.4333, 3.1502, 0.0517,-0.4582],[-0.9557,-0.0647, 0.2326, 0.073 ],0.1963
404,[-0.962 , 0.0023,-0.1957, 0.0306],[-0.7428, 0.0988,-1.0351, 2.3872,-0.977 ],[-0.9589, 0.0608,-0.2476, 0.0457],0.1818
410,[-0.9607, 0.1134, 0.0011, 0.0566],[-7.9256,-8.1878,-6.66  ,-7.5603,-8.2643],[-0.9609, 0.075 , 0.0377, 0.0707],0.2482
411,[-0.9583, 0.0863, 0.0878, 0.0711],[-1.1587,-1.6748,-0.387 , 1.9091,-0.8533],[-0.9573, 0.0322, 0.1372, 0.0855],0.2428
412,[-0.96  , 0.1395,-0.0751, 0.0156],[ -9.6091, -9.0801,-11.1925, -9.6475,-11.8456],[-0.9608, 0.118 ,-0.0528, 0.0208],0.2295
414,[-0.9619, 0.1094,-0.2189, 0.072 ],[-1.5165,-0.5404,-3.2487,-1.8778,-3.2158],[-0.9591, 0.1387,-0.244 , 0.0867],0.1504
416,[-0.9598, 0.1451,-0.3002, 0.0459],[ 0.1736, 4.3143,-1.0687, 0.7217, 0.4185],[-0.9553, 0.1788,-0.3269, 0.0606],0.1124
420,[-0.9712,-0.0963, 0.032 , 0.0586],[-7.4684,-6.0338,-7.8296,-7.3659,-8.1236],[-9.7126e-01,-6.5314e-02, 1.1100e-04, 7.2416e-02],0.2223
421,[-0.9637,-0.1059, 0.1059, 0.0627],[ -9.228 , -8.6212, -8.5159, -7.3422,-10.3613],[-0.9634,-0.1027, 0.1019, 0.0773],0.2068
422,[-0.958 ,-0.1097,-0.1172, 0.0301],[-0.3465, 0.4594,-1.7438, 0.055 ,-0.8668],[-0.9568,-0.0403,-0.1796, 0.0456],0.2241
423,[-0.9591,-0.0875, 0.2234, 0.0199],[-1.7596,-3.3442, 0.1192,-1.0391,-3.0893],[-0.9561,-0.124 , 0.2567, 0.0229],0.1613
430,[-0.9587, 0.2429,-0.0062, 0.058 ],[-0.23  ,-1.9726, 1.7681,-0.6893,-0.716 ],[-0.9612, 0.1681, 0.0615, 0.0733],0.2046
431,[-0.9612, 0.1681, 0.0615, 0.0733],[0.7642,0.0747,1.0153,0.1925,0.1966],[-0.9614, 0.091 , 0.1307, 0.0879],0.2071
432,[-0.9599, 0.2107,-0.0979, 0.023 ],[-5.3014,-5.6305,-4.5696,-4.7316,-5.7868],[-0.9618, 0.174 ,-0.0607, 0.0375],0.2005
440,[-0.9572,-0.1821,-0.0512, 0.0446],[-0.6295, 0.4013,-1.7612,-0.1488,-0.7119],[-0.958 ,-0.1097,-0.1172, 0.0301],0.2168
441,[-0.9646,-0.1843, 0.1269, 0.0613],[-5.3294,-4.2072,-5.6731,-5.1038,-6.2601],[-0.9653,-0.1618, 0.105 , 0.0762],0.1755
443,[-0.9682,-0.2349, 0.2006, 0.0579],[-1.0082,-2.9471, 0.1644, 1.046 ,-3.1817],[-0.9688,-0.2202, 0.1848, 0.0726],0.1114
445,[-0.96  ,-0.1831, 0.3003, 0.0386],[ 0.5299,-0.7102, 6.1819, 2.1718,-0.5471],[-0.9564,-0.208 , 0.3207, 0.053 ],0.0996
463,[-0.9712,-0.2948, 0.2554, 0.0302],[-5.0663,-4.5354,-5.0692,-4.3038,-5.2422],[-0.9723,-0.2812, 0.2443, 0.0443],0.055
483,[-0.9726,-0.4508, 0.2748, 0.1168],[-0.64  ,-0.1672,-1.4065,-0.2946,-0.8057],[-0.9788,-0.3964, 0.2205, 0.1312],0.0041
485,[-0.9658,-0.4841, 0.3073, 0.1017],[-4.2859,-4.39  ,-4.618 ,-4.1547,-5.2806],[-0.9726,-0.4508, 0.2748, 0.1168],-0.0209
495,[-0.9588,-0.5059, 0.3274, 0.0885],[-2.1511,-2.6462,-2.7397,-2.5145,-2.1775],[-0.9658,-0.4841, 0.3073, 0.1017],-0.03
500,[-0.9585,-0.0171,-0.0283,-0.0059],[-0.403 , 0.3369,-0.4079, 1.6748,-3.0676],[-0.9585,-0.0016,-0.0444, 0.0034],0.2827
501,[-0.9625, 0.0143, 0.1164,-0.028 ],[-3.2948,-4.0476,-1.0539,-3.3505,-4.3698],[-0.9613,-0.0326, 0.1625,-0.021 ],0.218
502,[-0.9641,-0.019 ,-0.1258,-0.0039],[-4.2872,-3.1961,-6.4159,-5.0038,-6.1476],[-9.6247e-01, 3.5471e-02,-1.7819e-01, 1.9531e-04],0.2073
503,[-0.9637,-0.0258, 0.1689,-0.0368],[-0.2729,-0.8855, 1.6885, 0.2765,-0.5683],[-0.9616,-0.0747, 0.2144,-0.0288],0.1802
504,[-0.9702, 0.0545,-0.2098,-0.0305],[-0.2432, 0.5821,-1.1737, 0.6941,-0.7172],[-0.9671, 0.1152,-0.2696,-0.0446],0.1241
510,[-0.9628, 0.1169, 0.0166,-0.0207],[-4.4504,-4.7465,-2.8014,-3.2577,-5.2308],[-0.9634, 0.0663, 0.0666,-0.0259],0.235
511,[-0.9606, 0.0811, 0.0749,-0.0589],[-0.3653,-1.1875, 0.5825,-0.1981, 0.0589],[-0.9603, 0.0277, 0.1252,-0.044 ],0.2384
512,[-0.9606, 0.1569,-0.1117, 0.    ],[-3.6703,-3.6893,-5.5937,-2.474 ,-6.0312],[-0.9614, 0.1419,-0.0962, 0.0078],0.2006
514,[-0.9603, 0.1232,-0.2466,-0.0111],[-2.0901,-1.5892,-3.3123,-1.6269,-3.8767],[-0.9572, 0.1571,-0.2801,-0.0033],0.1348
516,[-0.9631, 0.1631,-0.3158,-0.0287],[ 0.08  , 3.4761,-0.8099,-0.0594,-0.1618],[-0.9584, 0.2   ,-0.3503,-0.0137],0.0851
520,[-0.9579,-0.0856, 0.0053,-0.0155],[-5.0839,-3.449 ,-5.5887,-4.7525,-6.1202],[-0.9583,-0.0586,-0.0239,-0.011 ],0.2716
521,[-0.9607,-0.1065, 0.1068,-0.0548],[-1.947 ,-3.053 ,-1.119 ,-0.2963,-4.3754],[-0.961 ,-0.1049, 0.1022,-0.0468],0.215
522,[-0.9663,-0.0859,-0.0726, 0.    ],[-0.4486, 1.7707,-0.8436,-0.7203,-1.591 ],[-0.9657,-0.0192,-0.1379,-0.0052],0.2175
523,[-0.9646,-0.0905, 0.2261,-0.0244],[-1.2455,-2.2705, 0.9817, 0.2082,-2.0835],[-0.9615,-0.133 , 0.2664,-0.0089],0.1358
525,[-0.958 ,-0.1514, 0.2891,-0.0137],[ 0.6108,-0.5527, 2.0212, 1.2212,-0.5039],[-9.5411e-01,-1.8267e-01, 3.1711e-01, 6.3568e-04],0.1186
530,[-0.9578, 0.1774,-0.0266,-0.0192],[-0.1451,-1.0524, 1.4995,-0.9736,-0.516 ],[-0.9594, 0.129 , 0.021 ,-0.0037],0.2431
532,[-0.9579, 0.2096,-0.1305,-0.0116],[-5.8925,-6.4763,-4.9656,-5.6031,-6.6028],[-0.9595, 0.1863,-0.1073,-0.0053],0.1848
536,[-0.9584, 0.2   ,-0.3503,-0.0137],[ 0.8679, 3.4657,-1.0876, 3.406 ,-1.0707],[-9.5338e-01, 2.2835e-01,-3.7543e-01, 6.3568e-04],0.0778
540,[-9.6869e-01,-1.7948e-01, 4.7678e-04, 0.0000e+00],[-0.8469, 0.4189,-1.6942, 0.3491,-0.6425],[-0.97  ,-0.1018,-0.0739, 0.    ],0.1949
541,[-0.967 ,-0.2193, 0.1322, 0.    ],[-6.2003,-5.4646,-6.7829,-6.2086,-6.92  ],[-0.9687,-0.1869, 0.1003, 0.0031],0.1564
543,[-0.9573,-0.2611, 0.2233,-0.0078],[-3.5279,-4.1467,-2.5529,-2.2525,-4.6409],[-0.9584,-0.2521, 0.2143,-0.0078],0.1189
545,[-0.9575,-0.2443, 0.3204, 0.    ],[ 0.2267,-0.085 , 6.4621, 1.0031,-0.8833],[-0.9549,-0.259 , 0.3351, 0.    ],0.0773
556,[-0.9567, 0.3189,-0.3654, 0.    ],[-3.262 ,-2.1146,-4.5113,-2.4203,-4.8242],[-0.9549, 0.3256,-0.3717, 0.    ],0.0349
561,[-0.9587,-0.3281, 0.1445, 0.    ],[-1.2156, 0.3761,-1.378 ,-0.3115,-1.4814],[-0.9636,-0.2773, 0.0949, 0.    ],0.14
563,[-0.9687,-0.3199, 0.2777, 0.    ],[-6.047 ,-5.5431,-6.5226,-5.3556,-6.9458],[-0.9701,-0.3081, 0.2667, 0.0156],0.0427
565,[-0.9672,-0.3305, 0.2882, 0.    ],[-1.5853,-3.3918,-1.3396,-1.176 ,-3.5999],[-0.9687,-0.3199, 0.2777, 0.    ],0.0377
1100,[-0.9341, 0.0414, 0.0139, 0.3839],[ 1.9564, 5.4574, 1.9271, 0.3726,53.7504],[-0.9325, 0.0308, 0.0223, 0.3786],0.3942
1110,[-0.9389, 0.0797,-0.0279, 0.3773],[ 1.3044,-0.1874,20.1536,-0.0602, 4.706 ],[-0.9376, 0.067 ,-0.0122, 0.3706],0.3595
1112,[-0.9401, 0.0977,-0.0753, 0.3851],[ 1.1395, 1.493 , 0.4358, 0.3513,42.7091],[-0.9387, 0.0895,-0.0611, 0.3825],0.3235
1134,[-0.9177, 0.2763,-0.235 , 0.3865],[ 0.7179, 0.8684, 0.4134, 0.7316,20.7997],[-0.9182, 0.2648,-0.2035, 0.3728],0.2556
1154,[-0.9177, 0.2856,-0.2634, 0.3794],[1.5539,0.6461,0.6732,1.5089,3.0565],[-0.9177, 0.2763,-0.235 , 0.3865],0.2363
1200,[-0.926 ,-0.0137, 0.003 , 0.2799],[ 0.7131, 1.1465, 0.5701, 0.3749,80.7475],[-0.9248,-0.0124, 0.0046, 0.2706],0.4241
1201,[-0.9247,-0.0273, 0.0907, 0.2745],[-0.1546,-1.6072, 7.6005,-0.5138, 6.0266],[-0.923 ,-0.0372, 0.0976, 0.2633],0.3956
1202,[-0.9329, 0.0099,-0.087 , 0.2776],[-0.0659, 7.3181,-1.6808,-1.1331, 6.5679],[-0.9313, 0.0226,-0.0925, 0.2707],0.3704
1204,[-0.9201, 0.0338,-0.17  , 0.2591],[ 0.1181, 8.988 ,-2.2854,-1.0469, 0.249 ],[-0.9175, 0.0511,-0.1714, 0.2448],0.3801
1210,[-0.9355, 0.0879,-0.0132, 0.3147],[ 0.6284,-0.5115,70.0042,-0.1174, 1.805 ],[-0.9345, 0.0725,-0.001 , 0.317 ],0.3691
1211,[-0.9342, 0.066 , 0.1153, 0.2598],[-3.3639,-4.0174,-2.2126,-3.2798,-3.2325],[-0.9322, 0.0327, 0.1408, 0.2717],0.3402
1212,[-0.9387, 0.1091,-0.0965, 0.3136],[  2.4421,116.2128,  0.534 ,  0.4942,  5.3182],[-0.9375, 0.1036,-0.0865, 0.3178],0.3101
1220,[-0.927 ,-0.0794, 0.0122, 0.2691],[ 0.7542,37.4555,-1.0292,-0.4553, 3.5217],[-0.9262,-0.0676, 0.0066, 0.2725],0.4054
1221,[-0.9227,-0.1313, 0.0943, 0.2772],[ 2.9229, 0.4001, 2.9395, 0.3117,29.8377],[-0.9221,-0.1234, 0.086 , 0.2713],0.3647
1222,[-0.934 ,-0.0888,-0.0826, 0.2751],[-0.0633, 2.2272,-2.9816,-0.8516, 3.1159],[-0.9327,-0.0572,-0.1039, 0.2755],0.3443
1223,[-0.9218,-0.064 , 0.1728, 0.2539],[ 0.5199,-0.4333,39.8431, 0.188 , 0.9517],[-0.9191,-0.0787, 0.1845, 0.2395],0.3531
1230,[-0.9423, 0.1762,-0.0347, 0.2578],[-3.5308,-4.6918,-2.8242,-3.8   ,-3.6975],[-0.9428, 0.1436,-0.0041, 0.2715],0.3082
1232,[-0.9363, 0.1965,-0.1141, 0.2979],[ 0.7667, 1.1117,41.956 , 0.1894, 1.8496],[-0.9366, 0.1787,-0.0988, 0.3033],0.2761
1234,[-0.9332, 0.2339,-0.2109, 0.2868],[6.6787e-01,5.6337e+01,1.8942e-02,2.3752e-01,2.3325e+00],[-0.933 , 0.2245,-0.1913, 0.2916],0.2266
1240,[-0.9306,-0.1964, 0.0227, 0.2991],[-0.1029, 5.9601,-2.3992,-1.973 ,-0.2907],[-0.9314,-0.1647,-0.0013, 0.3058],0.3423
1241,[-0.9266,-0.2052, 0.107 , 0.2821],[ 0.6501,41.1915, 0.0959,-0.2421, 2.0838],[-0.9272,-0.1876, 0.0949, 0.29  ],0.3103
1243,[-0.9213,-0.2409, 0.2059, 0.2676],[ 0.3214,-0.2767,26.0031, 0.8131, 5.0433],[-0.9216,-0.2318, 0.1854, 0.2705],0.2611
1254,[-0.9402, 0.2882,-0.2259, 0.265 ],[ 1.2294,-0.0188,16.4009, 1.2653, 0.8455],[-0.9411, 0.2738,-0.2119, 0.2789],0.1662
1256,[-0.9219, 0.3022,-0.3381, 0.351 ],[ 0.8924,19.5528, 0.0387, 0.7677, 0.5531],[-0.9203, 0.2986,-0.3186, 0.3595],0.1756
1258,[-0.9415, 0.2974,-0.4098, 0.2899],[ 0.5396, 8.9474,-0.9042, 0.2063, 1.1527],[-0.9371, 0.3015,-0.4033, 0.3015],0.0818
1261,[-0.9188,-0.3193, 0.134 , 0.2615],[ 0.3228, 4.6968,-1.6071,-1.3489,-1.4877],[-0.9225,-0.2937, 0.1154, 0.2712],0.268
1263,[-0.9221,-0.3031, 0.2439, 0.2856],[1.3014,0.1755,0.1349,3.1725,5.5253],[-0.9234,-0.291 , 0.2204, 0.2792],0.2157
1265,[-0.9204,-0.3197, 0.3009, 0.2804],[ 0.3093, 0.1334,30.4846, 0.9784, 1.0757],[-0.9204,-0.3134, 0.2922, 0.2896],0.1804
1300,[-0.9154,-0.0025, 0.001 , 0.1365],[2.1270e+00,2.9023e+00,2.0433e+00,5.8981e-01,1.4607e+03],[-9.1479e-01,-2.2122e-03, 7.1369e-04, 1.3159e-01],0.4482
1301,[-0.9161,-0.0402, 0.0664, 0.1417],[ -0.3092, -0.2972,277.7163, -0.3427,  2.2217],[-0.9153,-0.0435, 0.0664, 0.1453],0.4274
1302,[-0.9162, 0.0396,-0.0675, 0.1426],[ 2.8518e-01, 2.6915e+02,-8.3581e-01, 3.2242e-02, 2.1269e+00],[-0.9154, 0.0432,-0.0679, 0.1466],0.4267
1303,[-0.9309,-0.0366, 0.1811, 0.2066],[-4.7497,-6.135 ,-5.4334,-5.2974,-5.0629],[-0.9281,-0.0605, 0.1958, 0.2038],0.3142
1304,[-0.9262, 0.0365,-0.1829, 0.1692],[-0.4901,-0.4121,-2.4544, 0.3094, 5.4151],[-0.9234, 0.059 ,-0.1972, 0.1728],0.3359
1310,[-0.9184, 0.0712,-0.0357, 0.1447],[-0.5257,-0.6634,73.7766,-0.1659, 0.7419],[-0.918 , 0.0652,-0.0333, 0.1483],0.4232
1311,[-0.932 , 0.081 , 0.0725, 0.1652],[-11.8883,-12.2541,-11.6691,-12.1045,-11.6775],[-0.9311, 0.0521, 0.0938, 0.165 ],0.3572
1312,[-0.9161, 0.0709,-0.0842, 0.1427],[  0.8299,  1.2872,  0.5164,  1.4587,175.8337],[-0.9154, 0.072 ,-0.0823, 0.1379],0.4054
1314,[-0.9242, 0.1203,-0.2011, 0.1615],[ 0.4912,54.4209,-0.7497, 0.8439, 0.5598],[-0.9221, 0.1301,-0.2023, 0.1603],0.3007
1316,[-0.9306, 0.1486,-0.2956, 0.1438],[ 0.4717, 7.6149,-1.838 ,-0.7903,-0.3891],[-0.9263, 0.1666,-0.307 , 0.1553],0.2234
1320,[-0.9213,-0.0773, 0.028 , 0.1753],[ 5.5927e-01, 3.3493e+02, 3.3354e-01,-1.5138e-01, 1.9064e+00],[-0.9208,-0.0688, 0.0238, 0.1812],0.4171
1321,[-0.9191,-0.0789, 0.0867, 0.1601],[1.0477e+00,5.6411e-01,5.2603e+02,3.5265e-01,2.2674e+00],[-0.9183,-0.0786, 0.0817, 0.1661],0.3933
1322,[-0.9305,-0.0806,-0.0795, 0.1799],[-2.3462,-2.2198,-4.6343,-2.0481,-0.6204],[-0.9295,-0.0514,-0.0996, 0.1873],0.3633
1323,[-0.9276,-0.1231, 0.1913, 0.1716],[ 2.7956,-0.6646,71.2443, 0.3449, 5.9519],[-0.9258,-0.1313, 0.1912, 0.1727],0.2919
1325,[-0.9467,-0.1213, 0.3036, 0.1353],[-1.6478,-2.9174,-0.5699,-0.9549,-0.883 ],[-0.9416,-0.1512, 0.3217, 0.1299],0.1701
1330,[-0.9296, 0.1918,-0.0262, 0.1607],[-11.6887,-12.1695,-10.4977,-11.4026,-11.6702],[-9.3094e-01, 1.6102e-01,-7.5944e-04, 1.6486e-01],0.3421
1332,[-0.9263, 0.2055,-0.1173, 0.1769],[-14.2753,-15.8045,-14.7751,-15.283 ,-14.6011],[-0.9274, 0.1884,-0.0973, 0.1829],0.3072
1334,[-0.9275, 0.2204,-0.2155, 0.1729],[ 1.4347e+00, 3.5613e+01,-8.4624e-03, 1.2944e+00, 2.1931e+00],[-0.9272, 0.2161,-0.2027, 0.1806],0.2446
1336,[-0.9259, 0.2116,-0.307 , 0.1597],[ 1.2449,71.9075,-0.7119, 0.6781, 1.4201],[-0.9228, 0.2197,-0.3051, 0.1705],0.2019
1340,[-0.928 ,-0.1984, 0.0261, 0.178 ],[-2.1315,-1.0068,-4.4492,-2.8188,-2.9099],[-0.9294,-0.1675, 0.0016, 0.1865],0.3441
1341,[-0.9248,-0.2051, 0.1156, 0.1738],[10.8385, 1.9427,-0.697 , 1.0551,-1.0161],[-0.9259,-0.1886, 0.0968, 0.1809],0.3136
1343,[-0.9233,-0.2278, 0.2098, 0.1653],[ 0.5036, 0.5359,55.3889, 0.9397, 1.3409],[-0.9235,-0.2218, 0.1933, 0.1736],0.2593
1345,[-0.9199,-0.2419, 0.3206, 0.1455],[ 0.4104,-0.1482,52.6884, 0.5693, 1.3792],[-0.9172,-0.2472, 0.3165, 0.1539],0.202
1352,[-0.9232, 0.3138,-0.1274, 0.155 ],[-8.8834,-8.8408,-7.1099,-8.4168,-8.4043],[-0.9273, 0.286 ,-0.103 , 0.1625],0.2597
1354,[-0.9272, 0.3142,-0.2261, 0.1701],[-5.3016,-6.3346,-5.9135,-4.9263,-6.4417],[-0.9294, 0.2998,-0.2079, 0.1825],0.1961
1356,[-0.9272, 0.3183,-0.3211, 0.1569],[ 2.8324,25.0965,-0.5065, 3.8275, 0.6537],[-0.927 , 0.3146,-0.3095, 0.1682],0.1459
1360,[-0.9162,-0.2836, 0.0519, 0.1503],[-2.3557,-1.5038,-3.5492,-2.5099,-2.3385],[-0.9199,-0.2505, 0.0276, 0.1652],0.3423
1361,[-0.9207,-0.3076, 0.126 , 0.1666],[-1.7332, 0.9088,-3.9065,-1.7023,-3.1719],[-0.9245,-0.2813, 0.1045, 0.1752],0.2717
1363,[-0.9228,-0.3085, 0.227 , 0.1862],[ 0.2314,-1.7412,-1.2476, 2.6856,-1.4568],[-0.9248,-0.2949, 0.2074, 0.1959],0.2134
1365,[-0.9211,-0.3222, 0.3218, 0.1735],[8.5128e-01,9.7237e-03,3.0506e+01,8.0007e-01,2.4920e-01],[-0.921 ,-0.3185, 0.3087, 0.1867],0.1647
1367,[-0.9203,-0.3713, 0.4007, 0.1455],[ 0.9396,-0.6551, 1.4286,16.078 , 1.4306],[-0.9193,-0.37  , 0.3905, 0.1591],0.1084
1374,[-0.9119, 0.3923,-0.1922, 0.1423],[-4.0259,-4.7807,-3.4645,-3.6667,-4.1678],[-0.918 , 0.3706,-0.1707, 0.1547],0.2206
1400,[-0.9164,-0.0017, 0.0012, 0.0763],[3.5414e+03,1.1289e+00,8.2851e+00,1.2233e+00,2.9800e+00],[-0.9161,-0.0016, 0.001 , 0.0792],0.4481
1401,[-0.9161,-0.0423, 0.064 , 0.0734],[5.3490e-01,9.4393e-02,5.3071e+02,6.2262e-01,1.2548e+00],[-0.9157,-0.0453, 0.0647, 0.0767],0.4307
1402,[-0.9161, 0.0416,-0.0647, 0.0708],[ 1.1111e+00, 9.0220e+02,-1.5724e-01, 7.2126e-02, 5.4536e-01],[-0.9156, 0.0447,-0.0656, 0.0744],0.4305
1403,[-0.9271,-0.0264, 0.1885, 0.0553],[-6.0793,-7.4657,-5.3385,-6.0841,-6.0947],[-0.9245,-0.0534, 0.2089, 0.0609],0.3237
1404,[-0.9264, 0.0268,-0.1868, 0.0619],[-2.9681,-1.2577,-4.3545,-1.7319,-2.2348],[-0.9238, 0.0529,-0.206 , 0.0668],0.3301
1410,[-0.9171, 0.062 ,-0.0465, 0.0493],[ 3.9975e-01, 1.4435e+00, 2.1608e+03,-5.0415e-01,-1.6096e-01],[-0.9169, 0.0596,-0.0462, 0.0569],0.4338
1411,[-0.9288, 0.0816, 0.0788, 0.0527],[-15.3981,-16.2488,-15.4746,-15.6389,-15.5668],[-0.9283, 0.0515, 0.1035, 0.0558],0.3649
1412,[-0.9165, 0.068 ,-0.0725, 0.0543],[8.9451e-01,1.6031e+03,9.8280e-01,2.7187e+00,2.2696e+00],[-0.9162, 0.068 ,-0.0699, 0.0618],0.418
1414,[-0.923 , 0.1273,-0.1949, 0.0565],[-4.9271e-02, 1.4304e+02,-2.4925e-01, 1.1881e+00, 1.7910e+00],[-0.9214, 0.1368,-0.199 , 0.0629],0.2993
1416,[-0.9296, 0.1408,-0.2958, 0.0578],[ 0.0374, 2.439 ,-2.0025,-0.8877,-1.5848],[-0.9254, 0.1616,-0.3077, 0.0714],0.2214
1420,[-0.9177,-0.0627, 0.0457, 0.0485],[-5.5388e-01, 2.7754e+03,-5.0233e-01, 1.3698e-01, 9.2150e-01],[-0.9176,-0.0601, 0.0457, 0.0564],0.4329
1421,[-0.9171,-0.0682, 0.0703, 0.0503],[4.8602e+00,1.0522e+00,1.3990e+03,2.5564e+00,1.2328e+00],[-0.9168,-0.0679, 0.0673, 0.0585],0.4187
1422,[-0.9277,-0.087 ,-0.0807, 0.057 ],[-7.4076,-6.8538,-8.5018,-6.9083,-6.838 ],[-0.9272,-0.0561,-0.1052, 0.0625],0.3669
1423,[-0.924 ,-0.1288, 0.1936, 0.0512],[  0.7435, -0.6674,146.728 ,  0.2182,  1.1923],[-0.9225,-0.1381, 0.1975, 0.0576],0.2956
1425,[-0.9356,-0.1437, 0.2963, 0.075 ],[ 0.461 ,-2.0034, 1.9887,-0.2496,-0.8973],[-0.9313,-0.1656, 0.3109, 0.0783],0.2016
1430,[-0.9258, 0.1942,-0.0307, 0.0533],[-17.8128,-19.0907,-17.7958,-17.9925,-18.3285],[-0.9277, 0.1648,-0.0057, 0.0579],0.3528
1431,[-0.9267, 0.1725, 0.0751, 0.0156],[-0.6696,-2.9335,-0.4515,-0.9464,-1.6867],[-0.9275, 0.1276, 0.116 , 0.0312],0.3273
1432,[-0.9214, 0.2084,-0.1103, 0.0571],[-28.2304,-28.8767,-28.265 ,-27.7048,-29.1668],[-0.9231, 0.1919,-0.0925, 0.061 ],0.3243
1434,[-0.9196, 0.2076,-0.2105, 0.0619],[ 1.3529,70.3404,-0.7723, 6.7514, 1.2522],[-0.9195, 0.2064,-0.2027, 0.069 ],0.2737
1436,[-0.9282, 0.2237,-0.3217, 0.0752],[ 4.5288e-02, 7.4890e+01,-3.0424e-01, 5.6494e-01,-4.2553e-02],[-0.925 , 0.2341,-0.3245, 0.0856],0.183
1438,[-0.9456, 0.2591,-0.3998, 0.0207],[ 0.2021, 2.3766,-1.2652,13.9564,-0.3012],[-0.9405, 0.2746,-0.4102, 0.0349],0.0805
1440,[-0.924 ,-0.1979, 0.0238, 0.0552],[-7.5934,-7.0916,-8.8938,-8.1558,-8.0577],[-0.9259,-0.1678,-0.0019, 0.0589],0.358
1441,[-0.9222,-0.2094, 0.1162, 0.0614],[-12.5011,-13.7138,-13.5962,-12.8361,-14.1878],[-0.9238,-0.1938, 0.1   , 0.0685],0.3181
1442,[-0.9254,-0.1781,-0.0805, 0.0229],[-1.7775, 0.2271,-1.9731,-0.9183,-1.7233],[-0.9264,-0.133 ,-0.1149, 0.0074],0.3297
1443,[-0.922 ,-0.2164, 0.2158, 0.0579],[ 1.4695e+00,-9.9331e-02, 1.5652e+02, 6.1592e-01, 6.2959e-01],[-0.9219,-0.2148, 0.2084, 0.0684],0.2598
1445,[-0.9298,-0.2293, 0.3095, 0.0658],[ 0.447 ,-0.4346,87.4548, 0.2811,-0.4306],[-0.9272,-0.2378, 0.3102, 0.0753],0.1823
1450,[-0.9237, 0.2918,-0.0289, 0.0108],[-1.8269,-3.2564,-1.5994,-1.0769,-1.8679],[-0.9284, 0.2495, 0.0072,-0.0047],0.3175
1452,[-0.9229, 0.3114,-0.1215, 0.0477],[-12.509 ,-13.0747,-11.7608,-12.058 ,-12.1806],[-0.9274, 0.2828,-0.0959, 0.0495],0.2645
1454,[-0.9218, 0.3184,-0.228 , 0.0634],[-13.3184,-13.8353,-13.2218,-13.1029,-14.3473],[-0.9245, 0.3065,-0.2155, 0.0752],0.2066
1456,[-0.9257, 0.3164,-0.3298, 0.0584],[ 0.4422, 7.8199,-1.1247, 7.5345,-0.8186],[-0.9252, 0.316 ,-0.3251, 0.0715],0.1441
1458,[-0.923 , 0.3205,-0.4073, 0.0737],[ 0.8913,43.5098,-0.4435, 0.6354,-0.0846],[-0.9197, 0.3252,-0.4058, 0.0874],0.1162
1460,[-9.2846e-01,-2.8447e-01, 4.6842e-02, 6.3568e-04],[-2.233 ,-1.3007,-2.9034, 0.7334,-2.0855],[-0.9329,-0.2435, 0.0098, 0.0142],0.301
1461,[-0.9212,-0.3052, 0.1289, 0.0582],[-6.6919,-5.8482,-7.6687,-6.543 ,-6.8926],[-0.9254,-0.2795, 0.1063, 0.0685],0.269
1463,[-0.9212,-0.3101, 0.2156, 0.0573],[-7.5748,-7.5896,-7.477 ,-7.4078,-8.2705],[-0.9239,-0.2974, 0.2028, 0.0712],0.2188
1465,[-0.9237,-0.3261, 0.3361, 0.068 ],[ 0.3775,-0.7959, 4.3472,18.0284, 0.0643],[-0.9233,-0.3255, 0.3324, 0.0827],0.1436
1467,[-0.9339,-0.3658, 0.4296, 0.0686],[ 0.7391, 0.4954,41.1926, 0.0959, 0.5918],[-0.9313,-0.3683, 0.4288, 0.0808],0.0563
1472,[-0.9262, 0.4075,-0.1477, 0.0234],[-1.1074,-2.2656,-0.1177,-1.9312,-1.773 ],[-0.934 , 0.3724,-0.117 , 0.0231],0.1898
1474,[-0.9224, 0.4   ,-0.2112, 0.016 ],[-3.4625,-4.3294,-3.0732,-3.639 ,-3.8567],[-0.9287, 0.3787,-0.1908, 0.0309],0.17
1476,[-0.9189, 0.4067,-0.3545, 0.0795],[-3.9563,-3.2644,-4.1749,-3.2822,-4.768 ],[-0.9208, 0.4019,-0.3512, 0.0931],0.1064
1481,[-0.936 ,-0.3976, 0.1467, 0.0156],[-1.618 , 0.6521,-2.7757,-2.2771,-1.8002],[-0.9434,-0.3585, 0.1108, 0.0312],0.1659
1483,[-0.9156,-0.4142, 0.2051, 0.0661],[-3.5626,-2.3463,-4.2802,-2.6505,-3.4265],[-0.9224,-0.3926, 0.186 , 0.0797],0.1866
1485,[-0.9243,-0.3891, 0.3798, 0.0568],[-3.0635,-2.975 ,-2.3457,-2.2472,-3.7333],[-0.9248,-0.387 , 0.3733, 0.0703],0.0892
1487,[-0.9152,-0.3991, 0.4323, 0.045 ],[ 2.6839e-01, 3.3042e-03, 1.5451e+01, 8.4805e-01,-2.5830e-01],[-0.9139,-0.3991, 0.4285, 0.059 ],0.0811
1495,[-0.9367,-0.538 , 0.3604, 0.045 ],[-10.8307,-12.0498,-12.0817,-11.4585,-12.0362],[-0.9441,-0.5291, 0.3513, 0.0596],-0.0146
1500,[-0.918 , 0.0017,-0.0015,-0.0567],[-959.5886,-959.6426,-959.6092,-959.5264,-960.809 ],[-0.9182, 0.0017,-0.0017,-0.0489],0.4503
1501,[-0.9159,-0.0353, 0.0728,-0.053 ],[-461.5141,-461.9989,-459.288 ,-461.0683,-461.3013],[-0.9159,-0.0412, 0.0764,-0.0514],0.4255
1502,[-0.9161, 0.0347,-0.073 ,-0.0507],[-380.3239,-378.9247,-381.6253,-380.5938,-380.7452],[-0.916 , 0.0408,-0.0766,-0.0485],0.4256
1503,[-0.9263,-0.031 , 0.192 ,-0.03  ],[-9.06  ,-9.6982,-8.4614,-8.6797,-9.3962],[-0.9239,-0.0581, 0.2122,-0.0315],0.3233
1504,[-0.9271, 0.0303,-0.1883,-0.057 ],[-7.4058,-6.5442,-7.6273,-6.4702,-7.0539],[-0.9249, 0.0581,-0.2097,-0.0581],0.3232
1510,[-0.9168, 0.0636,-0.0445,-0.062 ],[3.7079e-01,1.8804e-02,1.6441e+03,7.4895e-01,1.4589e-01],[-0.9172, 0.061 ,-0.0443,-0.054 ],0.4347
1511,[-0.9237, 0.0857, 0.0804,-0.0452],[-13.8442,-15.4055,-13.5635,-13.2833,-13.8939],[-0.9237, 0.0559, 0.1044,-0.0476],0.3804
1512,[-0.9164, 0.0709,-0.076 ,-0.0657],[  1.2618,259.4757,  0.6914,259.1088,  0.3447],[-0.9166, 0.0714,-0.0734,-0.0567],0.4152
1514,[-0.9182, 0.1326,-0.1862,-0.0506],[ 5.3607e-01, 2.3414e+02,-5.0648e-02, 1.7934e+00,-8.6289e-03],[-0.9174, 0.1404,-0.1898,-0.0435],0.3165
1516,[-0.9191, 0.1328,-0.2981,-0.0468],[-0.6499, 0.0607,-2.3759, 0.1315,-1.6576],[-0.9149, 0.1536,-0.3117,-0.0433],0.2439
1520,[-0.9181,-0.0654, 0.0432,-0.0545],[-5.3677e-01, 1.2800e+03, 1.0377e+00, 9.5706e-01,-1.9688e+00],[-0.9185,-0.0622, 0.0425,-0.0442],0.432
1521,[-0.9169,-0.0759, 0.0816,-0.0641],[ 8.9303e+00,-1.2682e-01, 1.0201e+03, 1.2280e+00,-3.2520e-01],[-0.9171,-0.0764, 0.0785,-0.0543],0.4093
1522,[-0.9246,-0.0853,-0.0809,-0.0319],[-10.1018, -9.4859,-11.3184,-10.3144,-10.3888],[-0.9245,-0.0554,-0.1036,-0.0347],0.3797
1523,[-0.9193,-0.1333, 0.1904,-0.057 ],[-5.7961e-02,-5.3093e-01, 3.2742e+02, 1.4279e+00, 1.0711e-02],[-0.9184,-0.1419, 0.1946,-0.05  ],0.3094
1525,[-0.9215,-0.1424, 0.2933,-0.0511],[ 0.3029,-2.2835, 2.3265,-1.0307, 0.2233],[-0.9177,-0.1621, 0.3051,-0.0576],0.2403
1530,[-0.9229, 0.1982,-0.0234,-0.0307],[-11.2071,-11.1215,-10.0627,-10.729 ,-10.8583],[-0.9252, 0.1682, 0.0029,-0.0325],0.3597
1532,[-0.9219, 0.2022,-0.1185,-0.028 ],[-23.717 ,-24.0336,-24.3438,-22.8696,-24.2689],[-0.9237, 0.1881,-0.1018,-0.0253],0.3189
1534,[-0.9191, 0.211 ,-0.2169,-0.0254],[ 1.7216e+00, 2.8515e+01,-5.5222e-01, 1.5592e+00,-2.0054e-02],[-0.9192, 0.2113,-0.212 ,-0.0223],0.2677
1536,[-0.928 , 0.2387,-0.3077,-0.0094],[ 0.6292,84.4754,-0.4976, 2.188 , 0.1625],[-0.9258, 0.2471,-0.3127,-0.0095],0.1798
1540,[-0.9209,-0.1987, 0.0228,-0.0222],[-9.1246,-8.3475,-9.7424,-9.5577,-9.1244],[-0.9232,-0.1694,-0.0021,-0.0211],0.3687
1541,[-0.9175,-0.1935, 0.1178,-0.0409],[-16.884 ,-18.4038,-17.9448,-16.5871,-18.8542],[-0.9192,-0.1814, 0.1017,-0.0363],0.3383
1543,[-0.9204,-0.1941, 0.214 ,-0.0425],[-0.0775, 0.0677, 3.5948,38.8254, 0.0622],[-0.9201,-0.1967, 0.2122,-0.0306],0.2712
1545,[-0.9259,-0.2132, 0.2992,-0.0396],[ 3.3194,-0.7568, 3.8023,42.4815, 0.5046],[-0.9235,-0.2238, 0.3026,-0.0293],0.1994
1550,[-0.921 , 0.2873,-0.0365,-0.0077],[-1.0603,-2.3504,-0.5734,-1.1558,-1.8235],[-9.2559e-01, 2.4810e-01,-1.5527e-03, 1.1718e-04],0.3319
1552,[-0.926 , 0.3083,-0.1287,-0.0262],[-7.1714,-7.7052,-6.2697,-6.708 ,-7.6656],[-0.9307, 0.2806,-0.1023,-0.0293],0.2504
1554,[-0.9209, 0.3116,-0.2253,-0.0218],[ -9.5606, -9.6653,-10.2306, -9.6227,-10.5706],[-0.9237, 0.3008,-0.2144,-0.0263],0.2121
1556,[-0.9271, 0.3029,-0.33  ,-0.0157],[ 0.4224, 1.1541,-2.0949, 1.4221,-2.029 ],[-0.9262, 0.3054,-0.3295,-0.0095],0.1443
1560,[-0.9185,-0.3005, 0.0332,-0.0113],[-1.9806,-0.9405,-2.87  ,-1.0517,-1.5973],[-0.9235,-0.2605,-0.0018,-0.0042],0.3313
1561,[-0.9249,-0.3123, 0.1241,-0.0138],[-7.2646,-6.9675,-7.8282,-7.6392,-7.0488],[-0.9297,-0.2836, 0.0973,-0.0123],0.2548
1563,[-0.9236,-0.3274, 0.2132,-0.0014],[-12.691 ,-13.9836,-13.3797,-12.7404,-13.5497],[-0.9272,-0.3127, 0.1986, 0.0054],0.2016
1565,[-0.9232,-0.3085, 0.3243,-0.0053],[-1.0566,-2.1501, 1.8765, 1.4134,-1.887 ],[-0.9227,-0.3101, 0.3249, 0.001 ],0.1579
1567,[-0.9341,-0.3673, 0.4157, 0.    ],[ 3.5269e-01,-1.4667e-02, 4.0885e+01, 5.0672e-01, 4.4188e-01],[-0.9321,-0.371 , 0.4195, 0.0078],0.0575
1574,[-0.9201, 0.4331,-0.213 ,-0.0053],[-3.526 ,-3.7342,-2.6997,-2.9329,-3.8522],[-9.2784e-01, 4.1108e-01,-1.9200e-01, 4.9804e-04],0.1568
1583,[-0.9288,-0.4278, 0.2077, 0.    ],[-4.6595,-4.2393,-5.51  ,-4.6375,-5.4449],[-0.9365,-0.4022, 0.1832, 0.0031],0.138
1585,[-0.9254,-0.3917, 0.3659, 0.    ],[-5.2451,-5.9667,-4.7761,-4.1665,-6.0831],[-0.9264,-0.3898, 0.364 , 0.0078],0.0907
1587,[-0.9207,-0.3997, 0.4494, 0.    ],[ 0.7952,-0.8253, 1.6495, 7.0992,-0.9801],[-0.9186,-0.4012, 0.4501, 0.0078],0.0658
1595,[-0.9141,-0.5544, 0.3768, 0.    ],[-9.3301,-8.7952,-9.1965,-8.501 ,-9.3458],[-0.9217,-0.5508, 0.3732, 0.0156],0.0217
1600,[-0.9165,-0.0048, 0.003 ,-0.1635],[-901.7374,-901.5792,-902.056 ,-901.7898,-902.4992],[-0.9172,-0.0046, 0.0034,-0.158 ],0.454
1601,[-0.914 ,-0.0391, 0.0747,-0.1707],[-181.9194,-183.5315,-180.6546,-181.4029,-182.756 ],[-0.9145,-0.0451, 0.0784,-0.172 ],0.4247
1602,[-0.9143, 0.0392,-0.0728,-0.1672],[-162.9642,-162.6982,-165.1059,-162.9009,-163.9321],[-0.9148, 0.0449,-0.0765,-0.1686],0.4253
1603,[-0.9177,-0.0412, 0.1801,-0.1702],[-4.6211,-5.564 ,-4.6797,-4.6566,-5.3555],[-0.9163,-0.0629, 0.1914,-0.1711],0.3541
1604,[-0.9123, 0.0367,-0.1685,-0.1333],[-5.7236,-5.1681,-6.2229,-5.4815,-5.6642],[-0.9112, 0.0557,-0.1762,-0.1479],0.365
1610,[-0.9145, 0.0652,-0.043 ,-0.1551],[-0.4225, 0.8154,77.0067,84.6041,-1.6811],[-0.9153, 0.0618,-0.0391,-0.1456],0.4384
1611,[-0.9196, 0.0716, 0.0687,-0.158 ],[ -8.8799,-10.1165, -8.0485, -9.2694, -9.5225],[-0.9202, 0.0479, 0.0863,-0.1498],0.4118
1612,[-0.9145, 0.0721,-0.0806,-0.1621],[  1.3527,  5.0704, -1.0102,731.0503, -0.9531],[-0.915 , 0.0735,-0.0788,-0.1515],0.4124
1614,[-0.9169, 0.1281,-0.1869,-0.1538],[ -8.848 , -7.0421,-10.7882, -8.8489,-10.1476],[-0.9163, 0.1375,-0.1928,-0.1447],0.3196
1616,[-0.9204, 0.1544,-0.287 ,-0.1493],[-2.5743,-1.8085,-3.2717,-2.0032,-2.8975],[-0.9173, 0.1722,-0.2954,-0.133 ],0.2596
1620,[-0.9152,-0.0651, 0.0423,-0.1736],[-0.4658,79.4847,-1.1433,79.4131,-1.1902],[-0.916 ,-0.0616, 0.0379,-0.1627],0.4396
1621,[-0.9146,-0.0734, 0.0829,-0.1706],[ 5.8637e-02,-1.9903e-01, 7.9254e+00, 1.4786e+03,-4.4300e-01],[-0.9152,-0.0751, 0.0816,-0.1593],0.4111
1622,[-0.9157,-0.0698,-0.0801,-0.1773],[-7.2968,-6.8658,-7.7799,-6.8853,-7.168 ],[-0.9162,-0.046 ,-0.0954,-0.1714],0.4144
1623,[-0.918 ,-0.1288, 0.1841,-0.1629],[-2.2476,-3.9853, 0.0675,-1.423 ,-3.6889],[-0.9175,-0.138 , 0.1896,-0.1514],0.3172
1625,[-0.9284,-0.1649, 0.2825,-0.1347],[-0.647 ,-2.5472,-0.9536,-1.0048,-1.2829],[-0.9255,-0.1828, 0.2957,-0.1185],0.224
1630,[-0.9204, 0.1926,-0.0172,-0.1547],[-4.6187,-4.9627,-3.7117,-4.5012,-4.6114],[-0.9231, 0.1643, 0.0045,-0.1448],0.3727
1632,[-0.9202, 0.1836,-0.1296,-0.1562],[-15.7839,-16.4569,-16.2527,-16.0234,-16.8224],[-0.922 , 0.1746,-0.1152,-0.1529],0.327
1634,[-0.9174, 0.1885,-0.2087,-0.1503],[ 1.6078, 3.0176,-0.4702,26.6894,-0.1173],[-0.9175, 0.1916,-0.2056,-0.1407],0.2848
1636,[-0.9173, 0.1722,-0.2954,-0.133 ],[ 0.5853,39.8599,-0.1423, 0.1152,-0.2578],[-0.9143, 0.1874,-0.3005,-0.1174],0.2512
1640,[-0.9277,-0.2088, 0.0193,-0.1374],[-4.7373,-3.8627,-5.4481,-4.5446,-4.7735],[-0.9307,-0.1744,-0.0075,-0.1304],0.3393
1641,[-0.9157,-0.1772, 0.1425,-0.1617],[-39.09  ,-38.9753,-38.5   ,-38.3132,-39.4452],[-0.9171,-0.1721, 0.1305,-0.1538],0.3373
1643,[-0.9168,-0.1874, 0.206 ,-0.1782],[-23.5425,-25.3843,-22.9257,-22.5362,-25.4517],[-0.917 ,-0.1909, 0.2048,-0.1644],0.2874
1645,[-0.9146,-0.1975, 0.3065,-0.134 ],[ 1.0521,-0.9137,31.6137, 2.2529,-0.7295],[-0.9118,-0.2101, 0.3096,-0.1177],0.2264
1656,[-0.9175, 0.2881,-0.352 ,-0.1254],[ 0.899 , 7.5976,-0.7042, 2.9051,-1.2342],[-0.9157, 0.2948,-0.3521,-0.1091],0.1762
1661,[-0.9206,-0.3107, 0.0907,-0.16  ],[-2.0844,-2.4104,-3.2516,-2.9245,-3.5575],[-0.9264,-0.2793, 0.0631,-0.1597],0.2845
1700,[-0.9176,-0.0041, 0.0087,-0.2752],[-362.9553,-363.0964,-363.0906,-362.3274,-363.6829],[-0.9188,-0.0052, 0.0108,-0.2698],0.4515
1701,[-0.9164,-0.0392, 0.077 ,-0.2737],[-81.2355,-81.9703,-80.8846,-80.8045,-81.8428],[-0.9173,-0.0462, 0.0819,-0.27  ],0.4206
1702,[-0.9177, 0.0445,-0.0721,-0.269 ],[-87.5976,-86.7321,-88.2326,-87.2721,-88.5177],[-0.9186, 0.05  ,-0.0765,-0.268 ],0.4178
1710,[-0.9157, 0.067 ,-0.0403,-0.2764],[-49.656 ,-50.1152,-49.5052,-48.5855,-50.3566],[-0.9171, 0.0627,-0.0343,-0.2686],0.4357
1711,[-0.9228, 0.0576, 0.0668,-0.2647],[-2.7657,-2.8697,-1.4369,-2.2095,-2.8762],[-0.9232, 0.0299, 0.1175,-0.2513],0.3915
1712,[-0.9156, 0.0756,-0.086 ,-0.2724],[-174.6522,-174.0497,-175.0502,-173.4794,-175.7901],[-0.9166, 0.078 ,-0.0855,-0.2658],0.4059
1714,[-0.9175, 0.13  ,-0.1957,-0.2721],[-0.1344, 5.7321,-0.769 , 1.0743,-0.6899],[-0.9171, 0.1414,-0.2021,-0.2566],0.3217
1720,[-0.9146,-0.0675, 0.043 ,-0.2624],[-117.2249,-116.1607,-116.9409,-116.5609,-117.4411],[-0.9158,-0.0641, 0.0393,-0.2531],0.437
1721,[-0.9156,-0.0754, 0.0889,-0.2707],[-368.7817,-369.8256,-368.3703,-368.6739,-369.9823],[-0.9165,-0.0784, 0.0896,-0.2621],0.4034
1723,[-0.9189,-0.1322, 0.1894,-0.2937],[-5.3961,-7.3641,-4.5084,-4.7621,-7.3166],[-0.9188,-0.1431, 0.1961,-0.2865],0.3129
1732,[-0.9132, 0.1779,-0.161 ,-0.2708],[-17.2773,-17.3423,-17.4718,-17.032 ,-17.5782],[-0.9148, 0.176 ,-0.1492,-0.2542],0.334
1734,[-0.9112, 0.1778,-0.1745,-0.2744],[-0.2766, 0.5143,-1.0745, 4.9994,-0.3482],[-0.9125, 0.1783,-0.1662,-0.2793],0.3152
1741,[-0.9161,-0.1683, 0.1625,-0.2536],[-39.3746,-39.2662,-38.96  ,-38.9006,-39.8603],[-0.9172,-0.1693, 0.1614,-0.2523],0.3202
1743,[-0.9164,-0.1751, 0.1999,-0.2655],[-37.0957,-38.6723,-37.0402,-36.3018,-38.6541],[-0.9167,-0.1808, 0.2041,-0.2545],0.2944
1800,[-0.9285, 0.035 , 0.0079,-0.4021],[-64.6301,-64.0004,-64.2456,-63.7326,-65.6616],[-0.9303, 0.0249, 0.0239,-0.3985],0.4043
1801,[-0.9315,-0.021 , 0.0652,-0.381 ],[-10.1515,-10.865 , -9.8997, -9.6946,-10.9962],[-0.9327,-0.0335, 0.0851,-0.3647],0.3635
1810,[-0.9236, 0.0683,-0.0275,-0.3861],[-6.7144,-7.6536,-7.3173,-6.7744,-8.3315],[-0.9255, 0.0594,-0.0088,-0.3843],0.4182
1812,[-0.9243, 0.0944,-0.0784,-0.3897],[-26.6535,-26.4865,-27.5153,-25.9504,-28.0476],[-0.9262, 0.0916,-0.0676,-0.3721],0.3728
1821,[-0.9118,-0.0639, 0.0857,-0.382 ],[-140.9001,-141.1169,-140.8342,-139.7174,-141.5187],[-0.9131,-0.069 , 0.0919,-0.3644],0.4082
2200,[-0.899 ,-0.018 , 0.0157, 0.266 ],[-111.1483,-111.5879,-111.126 ,-111.872 ,-110.9865],[-0.8978,-0.0175, 0.0152, 0.2624],0.3763
2201,[-0.8946,-0.0509, 0.0654, 0.269 ],[-35.9815,-36.6989,-35.9795,-36.785 ,-35.598 ],[-0.8934,-0.0522, 0.0681, 0.266 ],0.3413
2202,[-0.8953, 0.0525,-0.0595, 0.2612],[-33.872 ,-33.174 ,-34.2932,-34.3948,-33.3469],[-0.8941, 0.0528,-0.0599, 0.2579],0.3481
2210,[-0.8972, 0.0677,-0.0454, 0.2681],[-21.5965,-22.2705,-21.0579,-22.1031,-20.9591],[-0.8963, 0.0644,-0.0432, 0.254 ],0.3592
2212,[-0.8987, 0.0735,-0.0986, 0.2634],[-27.9664,-27.9669,-29.1715,-29.3974,-28.0808],[-0.8973, 0.0752,-0.0963, 0.2587],0.3345
2220,[-0.9036,-0.0639, 0.0482, 0.2583],[-23.3286,-22.894 ,-23.7   ,-24.0331,-22.9638],[-0.9027,-0.0601, 0.036 , 0.2444],0.3929
2221,[-0.9007,-0.0759, 0.1017, 0.2648],[-36.4756,-37.0827,-36.091 ,-37.5093,-36.2223],[-0.8994,-0.0775, 0.0983, 0.258 ],0.3416
2234,[-0.8847, 0.2425,-0.2543, 0.2597],[-0.4967, 0.448 ,-2.0035,-1.2187, 0.7304],[-0.884 , 0.2399,-0.2349, 0.2556],0.1513
2236,[-0.8865, 0.2441,-0.2796, 0.2503],[ 0.3363, 5.0134,-1.0687, 0.1436, 2.7714],[-0.8852, 0.2435,-0.2634, 0.2567],0.1412
2243,[-0.9012,-0.2582, 0.2135, 0.2509],[-0.8194,-1.6146, 2.5532,-1.4671, 1.3346],[-0.9021,-0.2494, 0.1858, 0.2365],0.2314
2254,[-0.9049, 0.2972,-0.2269, 0.2766],[ 2.0822, 0.9269, 1.1252, 0.2566,22.1305],[-0.9065, 0.286 ,-0.2021, 0.2677],0.2229
2256,[-0.9014, 0.3254,-0.2961, 0.2658],[ 0.2872,21.7744,-0.4973, 0.4013, 1.69  ],[-0.9021, 0.3191,-0.2791, 0.2739],0.1552
2263,[-0.9107,-0.2809, 0.2287, 0.2516],[ 1.246 , 1.3398, 1.3616, 0.4451,31.6365],[-0.9117,-0.2712, 0.2084, 0.2602],0.2455
2300,[-9.0845e-01,-2.2378e-03, 8.2124e-04, 1.4359e-01],[-618.0688,-618.6627,-618.2335,-619.2486,-617.482 ],[-9.0787e-01,-2.0388e-03, 7.2243e-04, 1.3591e-01],0.4251
2301,[-0.9082,-0.0427, 0.0674, 0.1469],[-192.4527,-192.7826,-191.6041,-192.7505,-192.0245],[-0.9074,-0.0456, 0.0681, 0.1445],0.4058
2302,[-0.9083, 0.0436,-0.0667, 0.1475],[-239.529 ,-238.4704,-241.0238,-240.5379,-239.0949],[-0.9075, 0.0462,-0.0673, 0.1452],0.4061
2310,[-0.9074, 0.0611,-0.0464, 0.1513],[-55.5333,-55.8244,-56.2212,-56.5232,-55.811 ],[-0.9068, 0.0584,-0.0419, 0.1474],0.4091
2311,[-0.9104, 0.0948, 0.0804, 0.1465],[-8.6978,-9.4931,-8.3842,-9.2199,-8.8882],[-0.9098, 0.0698, 0.0973, 0.1324],0.3903
2312,[-0.9068, 0.0664,-0.0835, 0.1514],[-178.1738,-176.5996,-179.2358,-178.4566,-176.6145],[-0.906 , 0.0679,-0.0823, 0.1437],0.3821
2314,[-0.9047, 0.132 ,-0.2008, 0.1556],[-16.4197,-16.6136,-18.2164,-17.3116,-15.8861],[-0.9029, 0.1382,-0.1981, 0.1508],0.281
2320,[-0.9071,-0.0643, 0.0411, 0.157 ],[-89.6951,-88.6909,-89.7157,-89.9149,-88.8053],[-0.9066,-0.0603, 0.035 , 0.1518],0.4103
2321,[-0.9066,-0.0723, 0.0865, 0.1529],[-181.4019,-182.902 ,-181.054 ,-182.0243,-180.8917],[-0.9059,-0.0732, 0.0838, 0.1476],0.3782
2322,[-0.9048,-0.0795,-0.0725, 0.1936],[-7.9321,-7.5623,-9.1647,-8.647 ,-7.9431],[-0.904 ,-0.06  ,-0.0791, 0.189 ],0.378
2323,[-0.9038,-0.1322, 0.1906, 0.1493],[-19.0614,-20.4619,-17.3962,-19.4211,-17.0673],[-0.9022,-0.1375, 0.1884, 0.1471],0.2835
2325,[-0.891 ,-0.1386, 0.2952, 0.1433],[-3.1029,-4.462 ,-2.8257,-4.3726,-3.7939],[-0.8866,-0.1514, 0.2989, 0.1393],0.1707
2330,[-0.9071, 0.1906,-0.0083, 0.1316],[ -9.2927,-10.3505, -9.3683, -9.5648, -9.473 ],[-0.9086, 0.1655, 0.0107, 0.1283],0.3751
2332,[-0.8984, 0.2283,-0.1276, 0.1439],[-10.9777,-12.1897,-10.6751,-11.9731,-10.5383],[-0.9001, 0.2153,-0.1117, 0.1354],0.2754
2334,[-0.8996, 0.2226,-0.225 , 0.1572],[ 0.364 , 8.2549,-0.8316, 0.4631,15.6332],[-0.8993, 0.2205,-0.2129, 0.1486],0.2229
2336,[-0.9033, 0.2307,-0.3033, 0.1744],[ 1.8867,31.2454,-0.886 ,-0.2638, 0.6821],[-0.9009, 0.2344,-0.2939, 0.1833],0.184
2340,[-0.9043,-0.2076, 0.0262, 0.1521],[-8.0859,-7.0168,-8.9429,-8.3424,-8.1744],[-0.9061,-0.1845, 0.0147, 0.1508],0.3543
2341,[-0.9053,-0.2227, 0.1239, 0.1696],[-5.7359,-5.9617,-7.3732,-6.4405,-4.4411],[-0.9068,-0.2085, 0.1048, 0.1662],0.3077
2343,[-0.9   ,-0.2359, 0.2224, 0.1713],[ 0.4151,-2.1266, 6.0103,-0.6688, 4.2134],[-0.9   ,-0.2318, 0.2079, 0.17  ],0.2228
2345,[-0.8983,-0.2623, 0.3045, 0.1688],[ 5.8974e-01,-9.9533e-01, 2.8430e+01, 2.4744e-03, 7.1326e-01],[-0.8968,-0.263 , 0.2942, 0.1762],0.1579
2352,[-0.9014, 0.3006,-0.1369, 0.1393],[-3.2848,-5.3428,-3.2938,-4.182 ,-2.943 ],[-0.9051, 0.2818,-0.1215, 0.1295],0.2586
2354,[-0.8951, 0.3174,-0.2272, 0.1501],[ 1.5988, 0.7924, 2.1221, 2.775 ,23.2584],[-0.8977, 0.3074,-0.2103, 0.1446],0.1792
2356,[-0.9013, 0.3215,-0.3293, 0.1731],[ 2.0403,31.539 ,-0.675 , 0.1839, 2.573 ],[-0.9009, 0.3191,-0.3174, 0.1825],0.1339
2358,[-0.9092, 0.3256,-0.3981, 0.1356],[ 1.1124,11.6785,-1.2152, 0.0636, 1.0892],[-0.9066, 0.3275,-0.3881, 0.1464],0.1141
2361,[-0.9069,-0.3302, 0.1334, 0.1423],[ 3.7491e-01, 9.6621e+00,-2.4119e+00,-1.5871e+00,-7.2085e-03],[-0.9115,-0.3072, 0.1152, 0.1504],0.2726
2363,[-0.9019,-0.331 , 0.2096, 0.1614],[53.0299, 0.7907, 1.2008, 0.911 , 2.6043],[-0.9051,-0.318 , 0.1986, 0.1704],0.2045
2365,[-0.9058,-0.3197, 0.3117, 0.1846],[ 0.234 ,-0.3969,21.3465, 0.0387, 1.2939],[-0.906 ,-0.316 , 0.2983, 0.1939],0.1604
2374,[-0.893 , 0.4123,-0.2107, 0.1397],[-3.2519,-4.2084,-2.6364,-2.6226,-3.0083],[-0.8994, 0.3958,-0.1956, 0.1467],0.1511
2381,[-0.9004,-0.4069, 0.137 , 0.146 ],[-2.0073,-3.0113,-4.0785,-3.2239,-2.7957],[-0.908 ,-0.3806, 0.1166, 0.1582],0.2239
2383,[-0.8883,-0.4162, 0.2185, 0.1585],[ 0.1866,21.4227,-1.1338, 0.132 ,-0.0487],[-0.8946,-0.401 , 0.207 , 0.1691],0.1282
2385,[-0.8966,-0.3989, 0.3644, 0.1824],[ 2.5062, 0.8955,12.1868, 2.4468, 0.9689],[-0.8981,-0.394 , 0.3459, 0.1896],0.0775
2387,[-0.8952,-0.4103, 0.4214, 0.1492],[ 1.2808,-0.2384,21.9077, 1.7393, 1.0948],[-0.895 ,-0.4082, 0.409 , 0.1581],0.0336
2400,[-9.0873e-01,-5.6535e-05, 3.1063e-04, 6.4037e-02],[1.6437e+00,4.0985e+00,3.3006e+00,3.6928e-01,4.0371e+03],[-9.0851e-01,-1.4401e-04, 6.8069e-04, 5.0194e-02],0.434
2401,[-0.9081,-0.0329, 0.067 , 0.0537],[ 1.7404e+00,-1.7784e+00, 5.1149e+02,-4.2497e-01, 1.7749e-01],[-0.9078,-0.0373, 0.0679, 0.0436],0.4112
2402,[-0.9082, 0.0326,-0.0677, 0.0539],[-16.6863, -0.5237,-17.9902,-17.6833, -4.5231],[-0.9078, 0.0372,-0.0688, 0.0438],0.4111
2403,[-0.9042,-0.0376, 0.1806, 0.0529],[-12.7594,-13.9885,-12.7893,-13.0037,-12.2133],[-0.9019,-0.0555, 0.1938, 0.0602],0.3177
2404,[-0.9055, 0.0416,-0.1898, 0.092 ],[-7.9252,-6.7859,-9.5069,-7.9917,-8.463 ],[-0.9029, 0.0593,-0.1975, 0.0954],0.3183
2410,[-0.907 , 0.0678,-0.0407, 0.0528],[-0.0763,-0.9164, 2.3761,-0.4213, 7.6872],[-0.9071, 0.0632,-0.0325, 0.04  ],0.4116
2411,[-0.9063, 0.0798, 0.0745, 0.0319],[-18.9009,-19.347 ,-17.6426,-18.9139,-18.3694],[-0.9061, 0.058 , 0.0906, 0.0166],0.3833
2412,[-0.9072, 0.0766,-0.0894, 0.0583],[ 1.0591e+00, 2.0777e+00,-2.5732e-01, 5.5637e-01, 1.2045e+03],[-0.9068, 0.0777,-0.0867, 0.0455],0.3789
2414,[-0.9043, 0.1353,-0.1907, 0.0487],[-13.6622,-11.3348,-15.3783,-13.346 ,-10.7822],[-0.903 , 0.1411,-0.1904, 0.0453],0.2841
2416,[-0.8963, 0.1551,-0.2874, 0.0556],[-0.3542, 3.7413,-2.8919,-1.647 ,-2.5292],[-0.8927, 0.167 ,-0.2915, 0.0487],0.188
2420,[-0.9056,-0.0667, 0.0385, 0.0592],[-67.5048,-68.1263,-68.615 ,-68.4795,-68.1942],[-0.9056,-0.0622, 0.0311, 0.0505],0.4056
2421,[-0.9057,-0.077 , 0.0894, 0.0654],[5.7077e-01,1.2991e-01,1.5427e+02,7.7479e-01,1.5409e+02],[-0.9053,-0.0779, 0.0859, 0.0576],0.3725
2422,[-0.9023,-0.0875,-0.0766, 0.0412],[-16.7541,-16.4868,-18.302 ,-17.2875,-17.4514],[-0.9021,-0.0656,-0.0902, 0.0378],0.3627
2423,[-0.9021,-0.1364, 0.1897, 0.0556],[-10.9037,-13.7365,-10.8265,-11.5333,-11.0326],[-0.9008,-0.1419, 0.1902, 0.052 ],0.2755
2425,[-0.8968,-0.1323, 0.2974, 0.0817],[-4.3995,-6.4471,-4.0555,-4.4332,-4.5918],[-0.8923,-0.1474, 0.3036, 0.0878],0.1902
2430,[-0.8974, 0.2029,-0.0292, 0.0439],[-24.3131,-25.078 ,-23.2301,-24.4628,-24.0052],[-0.8997, 0.1813,-0.0131, 0.0371],0.3313
2432,[-0.8962, 0.2169,-0.1159, 0.0533],[ 1.0725, 0.1657, 0.3774, 0.8632,23.8593],[-0.8982, 0.2042,-0.0992, 0.0446],0.279
2434,[-0.8972, 0.2144,-0.2091, 0.0592],[1.5309e-01,2.9349e+02,2.6007e-01,9.3948e-01,5.2377e-01],[-0.8973, 0.2126,-0.1995, 0.0615],0.2259
2436,[-0.8881, 0.2204,-0.2987, 0.0484],[ 1.0326,37.8897,-1.0128, 0.192 ,-0.2071],[-0.8859, 0.2257,-0.2926, 0.0578],0.1399
2440,[-0.8952,-0.2085, 0.0192, 0.0422],[-13.048 ,-12.0738,-14.2416,-13.7326,-12.7852],[-0.8976,-0.1855, 0.003 , 0.0379],0.32
2441,[-0.8996,-0.2301, 0.1206, 0.0455],[ 0.2296,-0.2089,-0.4042,-0.925 ,38.2676],[-0.9018,-0.2168, 0.1081, 0.0379],0.2828
2443,[-0.9014,-0.2108, 0.2128, 0.0372],[ 1.2803e+00,-1.7206e-01, 3.0016e+00,-3.3543e-01, 2.3677e+02],[-0.9014,-0.2102, 0.2065, 0.0293],0.2384
2445,[-0.893 ,-0.2295, 0.305 , 0.0549],[ 1.402 ,-0.2956,68.1556,-0.5288, 0.6088],[-0.8907,-0.2346, 0.301 , 0.0572],0.1476
2450,[-0.8734, 0.2915,-0.046 , 0.0513],[-3.0579,-4.4631,-2.5625,-1.9323,-2.8397],[-0.8781, 0.2684,-0.0273, 0.0503],0.2067
2452,[-0.8905, 0.3114,-0.1324, 0.0459],[-7.2301,-8.7353,-5.0698,-7.4145,-7.5459],[-0.895 , 0.2932,-0.1159, 0.0534],0.2189
2454,[-0.8912, 0.3227,-0.2188, 0.0543],[2.451 ,3.6414,0.3342,3.1848,1.7258],[-0.8944, 0.3129,-0.2072, 0.0622],0.1668
2456,[-0.8912, 0.3164,-0.304 , 0.0607],[ 2.9437,45.8948,-0.3898, 1.5845, 0.6268],[-0.8917, 0.3144,-0.2973, 0.0731],0.1173
2460,[-0.8931,-0.2918, 0.0515, 0.0706],[-2.5445,-2.9328,-4.335 ,-2.8049,-2.8834],[-0.8976,-0.2646, 0.0306, 0.0829],0.2808
2461,[-0.8929,-0.3178, 0.1317, 0.0457],[-0.9881,17.5401,-2.1963,-0.9276,-0.8439],[-0.8976,-0.2989, 0.116 , 0.0561],0.2257
2463,[-0.8925,-0.3233, 0.2153, 0.0471],[62.9764, 1.1066, 2.5953, 2.2983, 0.5451],[-0.8957,-0.3132, 0.2048, 0.058 ],0.1724
2465,[-0.8848,-0.3437, 0.295 , 0.0319],[ 0.6812,-0.7483, 2.2496, 0.024 ,18.3193],[-0.8865,-0.3402, 0.2903, 0.0336],0.0929
2472,[-0.8933, 0.4148,-0.1456, 0.0385],[-1.5883,-3.691 ,-1.4098,-3.0511,-1.87  ],[-0.9016, 0.3911,-0.1248, 0.0433],0.1932
2474,[-0.8856, 0.4176,-0.2297, 0.0594],[-4.261 ,-5.272 ,-3.6234,-3.9964,-4.6671],[-0.892 , 0.4045,-0.2186, 0.0709],0.1133
2476,[-0.889 , 0.4131,-0.3044, 0.0417],[ 0.5669, 1.6819,-0.368 , 5.7429, 0.5358],[-0.893 , 0.4063,-0.2978, 0.057 ],0.0799
2481,[-0.8837,-0.4092, 0.1473, 0.0838],[-1.9302,-0.5391,-3.0571,-0.8273,-2.4348],[-0.8915,-0.3882, 0.1314, 0.0962],0.1568
2483,[-0.8842,-0.4231, 0.2283, 0.0682],[-2.9126e-03, 7.3697e+00,-1.5824e+00, 3.4243e-02,-5.0162e-01],[-0.8909,-0.4097, 0.2164, 0.0803],0.1086
2485,[-0.8815,-0.4276, 0.2875, 0.041 ],[ 0.8875,-0.228 , 5.7773, 7.1397, 0.2255],[-0.8868,-0.4196, 0.2783, 0.0557],0.0651
2487,[-0.9031,-0.415 , 0.4684, 0.0912],[ 0.3954,-0.6394,15.5858, 1.1851, 0.3295],[-0.901 ,-0.4148, 0.4622, 0.1029],0.022
2500,[-0.9074,-0.0011, 0.0027,-0.05  ],[2.0195e+00,1.1422e+00,1.3605e+00,1.1886e+00,3.7694e+03],[-0.9077,-0.0014, 0.0029,-0.0655],0.4311
2501,[-0.908 ,-0.0335, 0.0691,-0.0599],[-2.0842e-01,-6.0766e-01, 3.9940e+03,-1.9592e-01, 8.0784e-01],[-0.9081,-0.0385, 0.0709,-0.0722],0.4108
2502,[-0.9079, 0.0333,-0.0699,-0.059 ],[-1.3333e-02, 2.8894e+03,-8.4028e-01, 5.7639e-01, 3.6657e-01],[-0.9079, 0.0384,-0.0717,-0.0714],0.4096
2503,[-0.8964,-0.0392, 0.1765,-0.0649],[-18.8866,-19.7236,-19.0512,-18.9032,-18.9075],[-0.8948,-0.0559, 0.1855,-0.0681],0.2935
2504,[-0.8997, 0.0308,-0.1833,-0.0592],[-6.0195,-4.9913,-7.5649,-6.4782,-6.1911],[-0.8978, 0.0496,-0.192 ,-0.058 ],0.3049
2510,[-0.9047, 0.0727,-0.0387,-0.0656],[ 4.5742e-01, 3.7961e-01, 9.9641e+02,-5.3768e-02, 1.3293e+00],[-0.9053, 0.0685,-0.037 ,-0.0746],0.3989
2511,[-0.9002, 0.0806, 0.0769,-0.044 ],[-40.4529,-41.0445,-40.0805,-40.2721,-40.2362],[-0.9003, 0.0593, 0.0927,-0.0529],0.357
2512,[-0.9066, 0.0764,-0.0873,-0.0685],[2.1301e+00,3.9957e+03,9.3440e-01,3.1576e+00,2.0569e+00],[-0.9069, 0.0777,-0.0844,-0.0782],0.3803
2514,[-0.901 , 0.1377,-0.1875,-0.0503],[ 0.3637,10.2025,-1.4767, 1.2477, 5.9437],[-0.9003, 0.1436,-0.1885,-0.0549],0.2732
2516,[-0.9075, 0.153 ,-0.3204,-0.0522],[-2.5807,-0.5765,-3.8066,-1.3526,-1.5923],[-0.903 , 0.1703,-0.3282,-0.0566],0.2051
2520,[-0.9027,-0.0764, 0.0361,-0.0604],[8.0920e-01,5.7931e+02,2.9158e-01,2.3026e-01,1.9129e+00],[-0.9033,-0.0715, 0.0342,-0.0712],0.3889
2521,[-0.9059,-0.0746, 0.0869,-0.0702],[7.2533e-01,4.5808e-01,3.6130e+00,4.7765e-01,2.8343e+03],[-0.9062,-0.0762, 0.0852,-0.0844],0.3777
2522,[-0.8974,-0.0841,-0.0788,-0.0524],[-15.8639,-15.9415,-17.509 ,-15.9111,-15.9714],[-0.8976,-0.0627,-0.0938,-0.0583],0.3431
2523,[-0.9005,-0.1376, 0.1905,-0.0539],[-6.3778,-9.3926,-3.9352,-5.5428,-4.8602],[-0.8997,-0.1439, 0.1917,-0.0573],0.2699
2525,[-0.9073,-0.1524, 0.2964,-0.0588],[-5.9359,-7.5918,-4.7616,-5.8702,-5.8622],[-0.9037,-0.1678, 0.3007,-0.0672],0.2218
2530,[-0.8947, 0.1945,-0.0308,-0.0365],[-35.5998,-36.428 ,-35.8982,-35.7425,-36.0112],[-0.8971, 0.1743,-0.0139,-0.0422],0.323
2531,[-0.8835, 0.1681, 0.0571,-0.0749],[-5.4248,-6.5374,-4.5896,-5.2176,-5.2675],[-0.8853, 0.1426, 0.0737,-0.0909],0.2667
2532,[-0.892 , 0.2018,-0.1168,-0.0311],[12.9781,-1.5182,-2.493 ,-0.3695, 4.9477],[-0.8939, 0.1918,-0.1034,-0.0343],0.2663
2534,[-0.8938, 0.2081,-0.2095,-0.0386],[4.8464e-01,4.0992e+02,6.3687e-02,5.5284e-01,1.2619e+00],[-0.8941, 0.2079,-0.2029,-0.0392],0.2148
2536,[-0.8976, 0.2404,-0.3026,-0.0161],[ 1.6863,77.2439,-1.0173, 1.0642, 0.5021],[-0.8959, 0.2455,-0.3015,-0.014 ],0.1591
2540,[-0.8913,-0.2007, 0.0317,-0.0408],[-17.2915,-16.4758,-18.7526,-17.3282,-17.1791],[-0.8939,-0.1807, 0.0163,-0.0439],0.307
2541,[-0.8936,-0.2028, 0.1149,-0.0408],[254.6498,  1.6006,  1.0075,  3.1301,  3.0981],[-0.8956,-0.1923, 0.1006,-0.043 ],0.2741
2542,[-0.8994,-0.1694,-0.061 ,-0.0622],[-3.5819,-3.3688,-4.7231,-3.4943,-3.5617],[-0.901 ,-0.1391,-0.0831,-0.0781],0.3264
2543,[-0.896 ,-0.2084, 0.2125,-0.0458],[ 6.3675e+00,-2.5491e-01, 9.6255e+02, 4.3361e-01, 4.8184e-01],[-0.8962,-0.2085, 0.2059,-0.0481],0.221
2545,[-0.8924,-0.2218, 0.303 ,-0.0567],[ -0.3014, -0.6972,140.5795,  0.2036,  0.6225],[-0.8903,-0.2288, 0.3009,-0.0556],0.1494
2550,[-0.8994, 0.2874,-0.0493,-0.0496],[-4.4116,-6.0445,-4.5249,-4.7292,-5.2541],[-0.9043, 0.2591,-0.0282,-0.0419],0.3104
2552,[-0.8844, 0.318 ,-0.1276,-0.0282],[-11.9002,-12.8995,-10.6192,-11.9256,-11.5977],[-0.8895, 0.3002,-0.1121,-0.0261],0.1987
2554,[-0.8858, 0.3307,-0.213 ,-0.012 ],[ 1.8125, 1.7578, 1.3179,11.7755, 1.0787],[-0.8896, 0.321 ,-0.2029,-0.0067],0.1494
2556,[-0.8961, 0.3147,-0.3119,-0.0041],[ 1.5363, 2.8147,-0.5454,29.1613, 0.6631],[-0.8964, 0.3143,-0.3074, 0.004 ],0.1273
2560,[-0.8933,-0.2996, 0.0431,-0.0413],[-2.774 ,-3.074 ,-5.1672,-3.8841,-2.86  ],[-0.8986,-0.2708, 0.0209,-0.0361],0.2862
2561,[-0.885 ,-0.3186, 0.1232,-0.0292],[ 0.1678,-0.3765,-3.9996,-1.4863,-2.1436],[-0.8903,-0.3002, 0.1081,-0.0289],0.2026
2563,[-0.8856,-0.3351, 0.2164,-0.0246],[ 0.8707, 0.5968, 1.6561,61.9383, 2.1564],[-0.8895,-0.3255, 0.2065,-0.0181],0.1458
2565,[-0.8854,-0.3312, 0.3091,-0.0054],[ 2.8816e+00,-2.6595e-01, 6.3058e+01, 1.0374e+00, 4.7444e-02],[-0.8864,-0.3295, 0.3032,-0.0068],0.0928
2567,[-0.8863,-0.375 , 0.4266, 0.    ],[ 0.6961,-0.8971,42.1374, 5.5248, 0.1953],[-0.8844,-0.3767, 0.4233, 0.    ],0.0138
2572,[-0.8837, 0.4023,-0.1513,-0.0301],[-1.1154,-2.947 ,-0.3387,-1.6677,-2.7324],[-0.8917, 0.3824,-0.1341,-0.0313],0.1594
2574,[-0.8819, 0.4243,-0.2142,-0.0183],[-4.0175,-4.8083,-3.3923,-3.3878,-4.6048],[-0.8893, 0.4105,-0.2021,-0.0166],0.1093
2576,[-0.8851, 0.4266,-0.305 ,-0.0151],[-0.2932,-0.1627,-1.6353, 0.0513,-1.7575],[-0.8899, 0.4205,-0.2997,-0.0071],0.0635
2581,[-0.8763,-0.404 , 0.142 ,-0.0242],[-2.9239,-1.1105,-3.1096,-1.74  ,-2.4504],[-0.8845,-0.3844, 0.1264,-0.0232],0.1382
2583,[-0.8824,-0.4164, 0.2197,-0.0165],[-1.8289,-0.3703,-2.2742,-1.4339,-3.1682],[-0.8894,-0.4033, 0.2079,-0.0172],0.1096
2585,[-0.8785,-0.4366, 0.2946, 0.    ],[ 0.0146,-0.8278, 1.7536, 2.7387,-1.2721],[-0.8841,-0.4296, 0.2876, 0.0094],0.0483
2594,[-0.8819, 0.5226,-0.2572, 0.    ],[-12.887 ,-12.8825,-13.1453,-12.7786,-12.2161],[-0.8924, 0.5112,-0.246 , 0.    ],0.0544
2600,[-0.9043,-0.0049, 0.0064,-0.1665],[  2.4046,411.8724, 17.5761,  4.9919,  1.7052],[-0.9051,-0.0057, 0.0106,-0.1779],0.4198
2601,[-0.9066,-0.0381, 0.0728,-0.1673],[ -0.9071, -2.9995,460.6827, -1.0829, -2.3261],[-0.9071,-0.0434, 0.0758,-0.1785],0.402
2602,[-0.9079, 0.0396,-0.0722,-0.1546],[  6.8715,206.939 , -3.3171, -1.5505, -1.6167],[-0.9084, 0.0446,-0.0746,-0.1664],0.4073
2603,[-0.893 ,-0.0373, 0.1844,-0.1618],[-11.0276,-12.7623,-11.1928,-11.4092,-11.5326],[-0.8915,-0.0552, 0.1939,-0.1703],0.2768
2604,[-0.8973, 0.0411,-0.1735,-0.1797],[-8.017 ,-7.2952,-9.2116,-8.2574,-7.8521],[-0.8962, 0.0577,-0.1793,-0.1879],0.301
2610,[-0.9056, 0.0687,-0.0433,-0.1659],[7.2607e-01,2.8842e-02,8.7367e+02,1.2069e+00,3.5868e-01],[-0.9065, 0.0658,-0.0431,-0.1728],0.4039
2611,[-0.8974, 0.0749, 0.0742,-0.1604],[-24.7813,-26.299 ,-25.0929,-25.7808,-25.3458],[-0.898 , 0.0551, 0.0856,-0.1696],0.3532
2612,[-0.9075, 0.0787,-0.0883,-0.161 ],[2.6202e+00,2.1864e+03,1.6319e-01,2.8980e+00,9.8629e-01],[-0.9082, 0.0801,-0.0853,-0.1688],0.3844
2614,[-0.9005, 0.1399,-0.1893,-0.1623],[ 0.8939,24.603 ,-0.8294,-0.0797, 0.7415],[-0.9002, 0.1465,-0.19  ,-0.1701],0.2709
2620,[-0.9043,-0.0699, 0.0422,-0.1828],[ 6.1772e-01, 1.4772e+03,-2.3733e-01, 6.5395e-01, 8.5581e-01],[-0.9053,-0.0667, 0.0416,-0.1909],0.3987
2621,[-0.9067,-0.0761, 0.085 ,-0.1714],[7.2255e-01,1.1582e+00,4.0444e+03,2.1406e+00,1.6830e+00],[-0.9074,-0.0775, 0.0824,-0.1818],0.3839
2622,[-0.8907,-0.0831,-0.068 ,-0.1556],[-17.0101,-16.2561,-17.8933,-16.7271,-16.3871],[-0.8915,-0.0641,-0.0789,-0.1626],0.3244
2623,[-0.8994,-0.1389, 0.1883,-0.1725],[  0.1537, -0.7587,153.2662,  0.3884,  1.0676],[-0.8992,-0.1456, 0.1892,-0.1822],0.2683
2630,[-0.8863, 0.201 ,-0.0279,-0.1661],[-27.458 ,-28.3714,-27.0573,-27.792 ,-27.632 ],[-0.8894, 0.1816,-0.0139,-0.1681],0.2901
2632,[-0.8927, 0.201 ,-0.12  ,-0.1489],[-1.9671,-5.6542,-5.6536,-0.9951,-4.2603],[-0.895 , 0.1921,-0.1072,-0.1437],0.2684
2634,[-0.8999, 0.185 ,-0.2111,-0.1617],[ 8.5805e-01, 1.6606e+00,-6.8505e-02, 2.6064e+02, 9.5319e-01],[-0.8999, 0.1884,-0.208 ,-0.1524],0.2423
2636,[-0.8971, 0.2184,-0.2803,-0.1337],[ 1.0177,41.761 ,-1.0256, 0.6594, 0.093 ],[-0.8958, 0.2251,-0.2808,-0.1363],0.1768
2640,[-0.887 ,-0.1944, 0.0297,-0.1594],[-12.1448,-11.5637,-13.2407,-12.4525,-12.47  ],[-0.8899,-0.1761, 0.018 ,-0.1572],0.294
2641,[-0.8905,-0.203 , 0.1128,-0.1487],[ 1.5045,-0.4315, 0.0768,21.0224, 0.5668],[-0.8929,-0.1932, 0.1009,-0.1434],0.2631
2643,[-0.9005,-0.1893, 0.2094,-0.1663],[  1.2693, -0.381 ,  1.5379,293.9269,  1.4286],[-0.9007,-0.1922, 0.2058,-0.1572],0.2445
2645,[-0.8853,-0.2322, 0.3276,-0.1357],[ 0.4561,-0.9096, 0.7681,24.0973,-0.3885],[-0.8827,-0.2401, 0.3267,-0.1315],0.1085
2652,[-0.8812, 0.3029,-0.1135,-0.1507],[-8.6381,-9.8046,-8.5396,-8.6241,-8.8101],[-0.8866, 0.2856,-0.0996,-0.1523],0.1994
2654,[-0.8798, 0.3501,-0.1913,-0.1477],[ 0.7311, 2.7596, 0.1611,10.9728,-0.1157],[-0.8854, 0.3384,-0.1785,-0.1426],0.1381
2661,[-0.8818,-0.3151, 0.1189,-0.1493],[-1.8883,-0.1844,-3.1745,-1.5355,-2.2163],[-0.8875,-0.2978, 0.1069,-0.1522],0.1942
2663,[-0.8732,-0.3165, 0.1973,-0.1338],[ 0.8799, 0.5475, 2.5835,14.866 , 0.152 ],[-0.8773,-0.3079, 0.188 ,-0.1229],0.1215
2676,[-0.8671, 0.4287,-0.3154,-0.1254],[-0.807 ,-0.5143,-1.799 ,-0.3405,-1.7335],[-0.8721, 0.4245,-0.3045,-0.1091],0.0114
2683,[-0.8916,-0.4015, 0.1838,-0.1254],[-1.5791,-1.1691,-1.5739,-1.1899,-2.1102],[-0.8995,-0.3841, 0.1618,-0.1347],0.171
2700,[-0.896 ,-0.0036, 0.0129,-0.2913],[  0.7458,113.1314,111.6034,  2.8831, -1.401 ],[-0.8972,-0.0054, 0.0168,-0.2945],0.3863
2701,[-0.8971,-0.0397, 0.0761,-0.2819],[-120.9741,-121.7527,-119.8054,-120.2808,-121.1933],[-0.8981,-0.0451, 0.078 ,-0.2844],0.3608
2702,[-0.8998, 0.0318,-0.0729,-0.2819],[-76.8647,-75.6683,-77.2826,-76.3987,-76.8561],[-0.9008, 0.0377,-0.075 ,-0.2834],0.3765
2710,[-0.9006, 0.0683,-0.0396,-0.277 ],[-23.6482,-24.3803, 63.6047,-23.4712,-24.3575],[-0.902 , 0.0651,-0.0378,-0.2788],0.3861
2711,[-0.9072, 0.0647, 0.0578,-0.2924],[-12.6791,-14.4977,-12.8997,-13.2398,-13.4653],[-0.9086, 0.0472, 0.0644,-0.3054],0.4118
2712,[-0.9029, 0.0827,-0.0859,-0.2737],[  0.7953,289.8057,  1.2377,  0.943 ,  0.3726],[-0.9041, 0.0835,-0.0813,-0.2772],0.3674
2714,[-0.9006, 0.1188,-0.184 ,-0.2659],[ 1.2384,15.1451,-2.3352, 1.0429,-1.9411],[-0.9006, 0.1277,-0.1805,-0.2761],0.2866
2720,[-0.9027,-0.0693, 0.0415,-0.2598],[ 1.2172, 1.7231, 0.2455,33.9234,-1.2024],[-0.904 ,-0.066 , 0.0394,-0.2551],0.3941
2721,[-0.903 ,-0.0727, 0.0843,-0.2687],[  1.8159, -0.3769,  2.9694,146.119 ,  0.5235],[-0.9041,-0.0748, 0.0832,-0.2619],0.3702
2723,[-0.8934,-0.1402, 0.1842,-0.2664],[-0.9815,-2.9605, 6.6112, 5.0348,-1.2975],[-0.8936,-0.1464, 0.1823,-0.2678],0.2512
2732,[-0.8854, 0.2101,-0.1277,-0.276 ],[ 0.2148,-1.1687,-1.3607, 2.4289,-1.3939],[-0.8884, 0.2023,-0.1156,-0.2679],0.2359
2734,[-0.8992, 0.1758,-0.1964,-0.2716],[ 2.5027e+00, 1.8025e+02,-3.4939e-01, 4.1022e+00, 7.6095e-02],[-0.8999, 0.1794,-0.1912,-0.2758],0.2542
2741,[-0.8789,-0.1829, 0.1328,-0.2934],[-2.1566,-4.124 ,-4.3857, 0.3601,-3.9959],[-0.8813,-0.1777, 0.115 ,-0.2817],0.2198
2743,[-0.8871,-0.1771, 0.2001,-0.2756],[  0.6808, -0.1219,121.7113,  2.6875,  0.1771],[-0.8878,-0.1806, 0.1946,-0.2734],0.209
2800,[-0.8916, 0.003 , 0.0062,-0.403 ],[  3.3408,  3.0498,  1.8953,192.7372,  0.3034],[-0.8934, 0.0017, 0.007 ,-0.3935],0.3698
2801,[-0.8872,-0.0331, 0.0644,-0.3944],[  0.171 , -0.5817,144.1315,  0.8024, -0.2895],[-0.8887,-0.0379, 0.0668,-0.3914],0.33
2802,[-0.8798, 0.024 ,-0.0812,-0.4273],[ 1.9387,64.2473,-1.6144, 1.4751,-0.9633],[-0.8813, 0.0311,-0.0827,-0.4387],0.2951
2810,[-0.885 , 0.0729,-0.0302,-0.4101],[1.0469e+00,7.4961e-01,2.4849e+02,2.2613e+00,2.4620e-01],[-0.8871, 0.0688,-0.0307,-0.4189],0.3247
2812,[-0.8894, 0.076 ,-0.0878,-0.4258],[1.8827e+00,1.4434e+00,1.2300e-01,1.7425e+02,4.8383e-01],[-0.891 , 0.0784,-0.0866,-0.413 ],0.3119
2820,[-0.8914,-0.0586, 0.0479,-0.4313],[ 1.1005e+00, 2.1789e+00, 1.9330e-01, 1.9656e+02,-3.9697e-01],[-0.8934,-0.0575, 0.0424,-0.4208],0.3505
2821,[-0.8783,-0.0589, 0.0611,-0.4272],[3.9643e-01,5.3809e-01,1.3959e+03,4.4402e+00,2.1625e-01],[-0.8802,-0.0598, 0.0593,-0.433 ],0.2885
2900,[-0.8912, 0.0494,-0.0426,-0.5084],[1.1672e+00,2.4316e+00,1.7160e+00,1.5095e+03,4.1028e-01],[-0.8935, 0.0475,-0.0281,-0.504 ],0.3619
2912,[-0.8832, 0.0671,-0.1156,-0.5073],[ 8.3270e-01, 3.7284e+00, 2.5403e-01, 5.6756e+02,-1.2171e+00],[-0.8847, 0.074 ,-0.1157,-0.4891],0.2757
3354,[-0.8538, 0.379 ,-0.2455, 0.1325],[ 1.4162, 1.3498, 0.1303, 0.5156,19.087 ],[-0.8582, 0.3707,-0.2369, 0.135 ],0.0232
3356,[-0.865 , 0.3678,-0.3183, 0.1254],[-0.9002,15.0826,-1.2992, 0.3079, 1.9294],[-0.8669, 0.364 ,-0.3072, 0.1104],0.021
3383,[-0.8623,-0.4748, 0.2622, 0.1711],[ 0.6938,50.869 ,-0.5375,-0.5181, 1.3791],[-0.87  ,-0.4644, 0.2522, 0.1842],0.0112
3385,[-0.8465,-0.4921, 0.2831, 0.1426],[ 1.1575,-0.0282,13.5421, 0.6325, 5.1836],[-0.8545,-0.4841, 0.2737, 0.1572],-0.0422
3400,[-0.8614,-0.0033, 0.0053, 0.0079],[7.4151e-01,1.2146e+00,1.2272e+00,2.5193e-03,2.5898e+01],[-0.8615,-0.0035, 0.0055,-0.0077],0.2432
3410,[-8.6066e-01, 9.3752e-02,-3.2036e-04, 1.5347e-02],[-0.1728,-0.8958, 1.5563,-1.0103, 1.9038],[-0.8612, 0.0847, 0.0075, 0.008 ],0.226
3412,[-0.8608, 0.1148,-0.1007, 0.0173],[ 0.1019, 1.2535,-2.403 ,-1.8113, 1.2963],[-0.861 , 0.1134,-0.0982, 0.0106],0.181
3420,[-8.5865e-01,-1.1681e-01, 5.1765e-02, 7.8125e-05],[ 0.9392, 2.8437,-1.3874,-1.2772, 2.7496],[-0.8595,-0.1108, 0.0458,-0.0151],0.1971
3421,[-0.8499,-0.1585, 0.0588, 0.0156],[ 3.2766,-0.5927, 5.5271,-0.2136, 6.0353],[-8.5129e-01,-1.4971e-01, 5.0058e-02, 7.8125e-05],0.1527
3432,[-0.8599, 0.2551,-0.1052, 0.0411],[-0.5583,-0.8473,-0.4717,-1.5211, 1.0132],[-0.863 , 0.2425,-0.0948, 0.0327],0.1393
3434,[-0.8609, 0.2328,-0.213 , 0.0153],[ 6.4014e-01, 2.9248e+00,-1.4443e+00,-2.2966e-03, 3.1863e+00],[-0.8614, 0.2311,-0.2101, 0.008 ],0.0947
3441,[-0.8585,-0.2119, 0.1106, 0.0127],[20.7123, 1.6926, 0.1599,-0.3639, 1.348 ],[-0.8605,-0.203 , 0.0997, 0.0015],0.1445
3443,[-0.8632,-0.223 , 0.2272, 0.026 ],[ 0.0612,-0.7853, 8.2647,-0.1305, 3.2793],[-0.8633,-0.2221, 0.2132, 0.0226],0.1027
3445,[-0.8667,-0.1967, 0.282 , 0.08  ],[ 0.4998,-0.9274,30.0384,-0.4815, 3.6772],[-0.8643,-0.2017, 0.2738, 0.0691],0.09
3452,[-0.8574, 0.3241,-0.1367, 0.0267],[-1.8591,-2.9243,-0.3992,-2.5377,-1.8748],[-0.8624, 0.31  ,-0.1232, 0.0358],0.1008
3454,[-0.8585, 0.3475,-0.2155, 0.0445],[0.3537,9.7132,4.2579,0.2013,0.7353],[-0.8627, 0.3387,-0.2063, 0.0543],0.0588
3456,[-0.86  , 0.3794,-0.339 , 0.059 ],[ 2.3904,11.5345,-1.436 , 0.2054, 5.8248],[-0.8615, 0.3768,-0.3337, 0.0717],-0.0077
3461,[-0.855 ,-0.3373, 0.1237, 0.0313],[ 0.2511,14.2524,-1.2179, 0.1141, 0.8177],[-0.8607,-0.3216, 0.1096, 0.0365],0.097
3463,[-0.8526,-0.3509, 0.2203, 0.0372],[ 1.1962, 0.5498, 0.8932, 0.9436,37.3287],[-0.8569,-0.3428, 0.2102, 0.0268],0.0401
3465,[-0.8544,-0.3387, 0.2937, 0.0431],[ 1.1435e+00,-4.8920e-01, 1.5681e+01, 5.6270e-03, 1.8615e+00],[-0.8562,-0.3359, 0.2852, 0.054 ],0.013
3472,[-0.8553, 0.4038,-0.1536, 0.0302],[-1.8556,-3.8618,-2.3058,-2.1647,-1.2929],[-0.8631, 0.3878,-0.1388, 0.045 ],0.0669
3474,[-0.8497, 0.4349,-0.2397, 0.0473],[0.426 ,0.043 ,7.2877,1.4997,0.724 ],[-0.8568, 0.4255,-0.2312, 0.0558],0.0017
3476,[-0.8403, 0.4536,-0.295 , 0.036 ],[ 1.7915, 5.2265,-0.1418, 1.8673, 1.0089],[-0.8465, 0.4477,-0.2879, 0.0503],-0.0516
3481,[-0.8556,-0.408 , 0.1599, 0.0383],[-1.5041,-0.9432,-3.3747,-2.8671,-1.7257],[-0.8634,-0.3924, 0.1461, 0.0517],0.0631
3483,[-0.8504,-0.4383, 0.2251, 0.0366],[32.4359, 3.8126, 0.3943, 0.5723, 0.7688],[-0.858 ,-0.4277, 0.2149, 0.0472],0.0097
3485,[-0.8495,-0.4358, 0.3011, 0.0372],[ 1.5372,-0.0726,23.7681, 1.4795, 1.4455],[-0.8548,-0.4303, 0.2937, 0.0515],-0.0283
3493,[-0.8339,-0.5126, 0.2277, 0.0464],[-16.5247,-16.0373,-16.2955,-16.2168,-16.4895],[-0.8446,-0.5024, 0.2182, 0.061 ],-0.0505
3494,[-0.8226, 0.5022,-0.2567, 0.0446],[-13.8132,-15.5187,-13.9534,-14.4098,-14.7495],[-0.8321, 0.4944,-0.2481, 0.06  ],-0.0858
3495,[-0.8303,-0.5055, 0.2974, 0.1133],[-10.3126,-10.9302, -9.9813, -9.3832,-11.4113],[-0.8385,-0.4992, 0.2907, 0.1276],-0.0883
3500,[-8.5977e-01, 5.3191e-03,-2.7708e-04,-5.4415e-02],[ 0.9928, 2.1675, 2.5228,-0.312 ,51.9023],[-0.8601, 0.0046, 0.0024,-0.0677],0.2367
3501,[-0.8631,-0.0182, 0.0808,-0.0662],[ 0.2427,-0.6833,24.6142,-0.3168, 1.4   ],[-0.8631,-0.0243, 0.0838,-0.0792],0.226
3502,[-0.8622, 0.0114,-0.0747,-0.0368],[ 1.6933,10.2663,-0.5571,-0.7439,-0.3255],[-0.8621, 0.0173,-0.0762,-0.0455],0.2253
3510,[-0.8587, 0.1077,-0.0211,-0.0506],[-6.3544,-7.2087,-4.9515,-6.8065,-5.5031],[-0.8597, 0.0995,-0.0152,-0.0617],0.2094
3511,[-0.8651, 0.117 , 0.075 ,-0.0684],[-3.1832,-4.7891,-1.023 ,-4.1501,-2.5801],[-0.8659, 0.0979, 0.0883,-0.0786],0.2074
3512,[-0.8565, 0.1225,-0.1023,-0.0403],[-4.4721,-4.0482,-6.2199,-6.2667,-3.9923],[-0.857 , 0.1206,-0.098 ,-0.051 ],0.1652
3514,[-0.8593, 0.1175,-0.1892,-0.0738],[ 0.5108, 2.5149,-1.0261, 0.02  ,15.532 ],[-0.8582, 0.1238,-0.1901,-0.0893],0.133
3520,[-0.8583,-0.0953, 0.0148,-0.031 ],[ 0.9171,45.3288, 0.0887,-0.141 , 1.2013],[-0.859 ,-0.0877, 0.0091,-0.0368],0.2115
3521,[-0.8555,-0.1177, 0.0938,-0.0482],[-0.8649,-3.1895, 0.9575,-2.985 , 0.2671],[-0.8562,-0.1156, 0.0901,-0.0602],0.1673
3523,[-0.8628,-0.1459, 0.204 ,-0.0902],[ 3.1188,-1.162 ,19.6174,-0.5725, 0.0865],[-0.8621,-0.1506, 0.1985,-0.1034],0.132
3530,[-0.8589, 0.2   ,-0.0303,-0.0671],[-8.4331,-9.8771,-7.1146,-8.7648,-7.4437],[-0.8616, 0.1848,-0.0197,-0.0813],0.1803
3532,[-0.8564, 0.2358,-0.1085,-0.0309],[-1.5624,-3.5786,-2.6203,-3.1186,-0.9426],[-0.8593, 0.2253,-0.099 ,-0.0408],0.133
3534,[-0.8599, 0.2433,-0.2088,-0.0048],[ 1.002 ,37.2821,-0.2313, 0.3231, 0.4824],[-0.861 , 0.2405,-0.2028,-0.0063],0.0927
3540,[-0.8613,-0.2101, 0.0425,-0.0596],[-3.2416,-2.1835,-5.5266,-4.5407,-2.8202],[-0.8642,-0.1951, 0.0321,-0.0737],0.1857
3541,[-0.8565,-0.2294, 0.1096,-0.0377],[ 0.87  , 1.6129, 1.2798, 0.6403,18.2736],[-0.8593,-0.2196, 0.1005,-0.0494],0.1346
3543,[-0.8604,-0.2333, 0.207 ,-0.026 ],[-0.1517,-0.1828,25.4191, 0.7682, 0.1558],[-0.8613,-0.231 , 0.1999,-0.0299],0.0983
3545,[-0.8663,-0.2226, 0.278 ,-0.0449],[ 0.2037,-1.0797, 1.9039,13.1352, 1.8702],[-0.8652,-0.2262, 0.2691,-0.0551],0.0849
3550,[-0.851 , 0.2955,-0.0405,-0.0428],[-4.983 ,-7.0712,-5.096 ,-5.2964,-3.9244],[-0.8563, 0.275 ,-0.0236,-0.0502],0.1336
3552,[-0.8506, 0.3291,-0.1337,-0.0396],[-7.99  ,-9.4591,-6.9101,-8.278 ,-8.679 ],[-0.8562, 0.3155,-0.1216,-0.0427],0.0816
3554,[-0.8488, 0.3382,-0.2115,-0.0216],[2.8128,6.9193,0.7534,0.2306,1.5664],[-0.8531, 0.3305,-0.2016,-0.0254],0.0379
3556,[-0.8397, 0.3609,-0.3046,-0.0279],[ 0.704 ,19.234 ,-0.8317, 1.3463, 0.428 ],[-0.842 , 0.3585,-0.2993,-0.0321],-0.0346
3561,[-0.8501,-0.326 , 0.132 ,-0.0294],[-0.3828,32.9048,-1.4649,-0.8666,-0.1343],[-0.8556,-0.3125, 0.12  ,-0.0367],0.0817
3563,[-0.85  ,-0.3458, 0.2076,-0.0257],[ 1.5496, 1.1856, 3.6728, 0.1394,39.1803],[-0.8547,-0.3376, 0.1994,-0.0359],0.0403
3565,[-0.8537,-0.3491, 0.3224,-0.0137],[ 0.9746,-0.7208,28.6303, 0.0866, 0.3769],[-0.8549,-0.3477, 0.3176,-0.0159],-0.0066
3572,[-0.8435, 0.4042,-0.1521,-0.0363],[-5.3391,-6.2376,-5.1171,-5.0655,-5.8958],[-0.8516, 0.3898,-0.1406,-0.04  ],0.0346
3574,[-0.8435, 0.4294,-0.2168,-0.0239],[ 0.83  ,-0.1671,15.2702, 4.5326,-0.2861],[-0.8512, 0.4193,-0.2075,-0.0279],-0.0013
3576,[-0.8388, 0.439 ,-0.3224,-0.0294],[ 1.0134, 3.2573,-0.7394, 2.3245, 0.131 ],[-0.8436, 0.4353,-0.3169,-0.0316],-0.0639
3581,[-0.8479,-0.4132, 0.1526,-0.0334],[-2.3678,-1.5273,-3.6051,-1.4833,-2.2757],[-0.8564,-0.3981, 0.1403,-0.0389],0.0445
3583,[-0.844 ,-0.428 , 0.2163,-0.0098],[ 1.1115,32.064 ,-0.1143, 1.3682, 1.2072],[-0.8516,-0.4178, 0.2075,-0.0118],0.0003
3585,[-0.8393,-0.4472, 0.3041,-0.0087],[ 1.2223,-0.0439, 2.5244,13.4594, 0.5678],[-8.4506e-01,-4.4240e-01, 2.9866e-01,-5.3526e-04],-0.0567
3593,[-0.8482,-0.5097, 0.2349,-0.0206],[-15.9562,-15.8171,-16.7207,-16.7871,-15.9306],[-0.8588,-0.4997, 0.2254,-0.0256],-0.0197
3594,[-0.8395, 0.511 ,-0.234 , 0.    ],[-15.0526,-14.7778,-14.718 ,-15.3184,-15.5311],[-0.8503, 0.5013,-0.224 , 0.    ],-0.0398
3595,[-0.8321,-0.5022, 0.3051, 0.    ],[-11.2792,-11.0747,-11.4099,-10.4185,-12.2912],[-0.8402,-0.4972, 0.3   , 0.    ],-0.0875
3596,[-0.8371, 0.5008,-0.2995, 0.    ],[-10.8149,-11.4246,-11.7342,-11.3196,-11.922 ],[-0.8452, 0.4952,-0.2939, 0.0156],-0.0741
3600,[-0.8615, 0.0043, 0.0096,-0.1702],[  1.4071,  1.6614,  1.6296,  1.3048,212.3458],[-0.8624, 0.003 , 0.0098,-0.1863],0.244
3601,[-0.8614,-0.0303, 0.0978,-0.184 ],[ -0.3157, -1.2198,115.837 , -0.3144,  1.9234],[-0.8616,-0.0369, 0.0977,-0.196 ],0.2117
3602,[-0.8571, 0.0468,-0.0761,-0.2037],[-4.434 ,-3.0553,-5.8965,-4.4032,-2.7137],[-0.8578, 0.0496,-0.0748,-0.2184],0.2024
3610,[-0.8605, 0.0877,-0.0206,-0.162 ],[-28.7875,-29.2406,-28.3255,-29.4861,-27.8014],[-0.8617, 0.0813,-0.0155,-0.1692],0.225
3612,[-0.8567, 0.1154,-0.1215,-0.1808],[-10.5545,-10.12  ,-11.3023,-11.2546, -9.2698],[-0.8576, 0.1159,-0.1141,-0.1955],0.1626
3614,[-0.8573, 0.1543,-0.188 ,-0.1649],[ 1.6296,21.8454,-1.8331,-0.4744,-0.516 ],[-0.8574, 0.1572,-0.1813,-0.1793],0.1212
3620,[-0.8557,-0.0958, 0.0306,-0.1927],[ 8.5475e-01, 2.4551e+00,-8.0765e-01, 7.4471e-02, 2.5103e+02],[-0.8572,-0.0896, 0.0221,-0.2079],0.2049
3621,[-0.8601,-0.093 , 0.0893,-0.1651],[1.0188e+00,8.4874e-02,1.6852e+02,2.4498e-01,1.0601e+00],[-0.861 ,-0.0923, 0.0794,-0.1748],0.1962
3623,[-0.8632,-0.1612, 0.202 ,-0.1615],[ 3.8819,-1.8818, 5.5302, 0.086 ,-0.484 ],[-0.8631,-0.1646, 0.1931,-0.1732],0.1318
3632,[-0.8637, 0.2356,-0.1262,-0.1546],[ 6.0159,-0.6004,-1.0785,-0.7041,20.5596],[-0.8669, 0.2271,-0.1208,-0.1682],0.1476
3640,[-0.8636,-0.2213, 0.0448,-0.1687],[-4.977 ,-2.39  ,-6.6534,-5.3282,-4.6754],[-0.8673,-0.2055, 0.0344,-0.1844],0.1915
3641,[-0.8557,-0.2385, 0.1068,-0.1609],[ 0.3933, 1.9594, 0.8236, 0.4388,47.0948],[-0.8592,-0.2283, 0.0979,-0.1748],0.1317
3643,[-0.8624,-0.1943, 0.2178,-0.1964],[ 0.2098,-0.8934,19.3093, 1.274 , 0.903 ],[-0.8628,-0.1967, 0.2101,-0.2053],0.1119
3652,[-0.8566, 0.3246,-0.123 ,-0.1631],[-7.2974,-9.7629,-4.7466,-8.2921,-7.6927],[-0.8627, 0.3102,-0.1113,-0.1742],0.1064
3654,[-0.8505, 0.3235,-0.205 ,-0.1558],[21.1563, 1.2637, 0.4433, 1.7947, 0.4322],[-0.8549, 0.3163,-0.1934,-0.1667],0.0515
3661,[-0.8525,-0.3165, 0.1276,-0.1411],[-0.4353, 8.5294,-2.8968,-0.3774, 1.0296],[-0.8582,-0.3033, 0.1179,-0.1504],0.0933
3663,[-0.8609,-0.3311, 0.226 ,-0.1352],[ 0.9355, 0.6362, 1.8006,21.4178, 0.5708],[-0.8649,-0.325 , 0.2186,-0.1384],0.0652
3674,[-0.8402, 0.3965,-0.1778,-0.134 ],[-0.1196,-1.3538, 1.3412, 2.1638,-0.6073],[-0.848 , 0.3851,-0.1668,-0.1499],0.0166
3683,[-0.8588,-0.4   , 0.2151,-0.1301],[ 1.4119, 0.8332,-0.5619, 3.4244,-0.1793],[-0.8656,-0.3905, 0.2103,-0.1266],0.0451
3700,[-0.861 ,-0.0218, 0.0031,-0.3022],[  2.1558,936.6176,  4.6676,  3.9294,  2.307 ],[-0.8624,-0.0203, 0.0051,-0.3169],0.2369
3701,[-0.863 ,-0.036 , 0.0619,-0.3083],[ 7.0145e-01,-1.7159e+00, 3.6824e+02,-1.8267e-01,-1.3309e-01],[-0.8643,-0.0392, 0.0637,-0.3224],0.2343
3710,[-0.8649, 0.0705,-0.0074,-0.2821],[1.2040e-01,2.3377e-02,2.9447e+01,1.1128e-01,1.3864e-01],[-0.8665, 0.0649,-0.0086,-0.2974],0.2537
3712,[-0.8628, 0.1221,-0.1017,-0.2918],[ 1.5813,39.5373,-0.4469, 0.5292, 1.2224],[-0.8646, 0.1201,-0.0904,-0.3064],0.1936
3720,[-0.8598,-0.0812,-0.014 ,-0.2884],[ 1.7024e+00, 5.4145e+02,-2.3445e-01, 4.1309e-01, 1.3905e+00],[-0.8615,-0.0717,-0.0218,-0.304 ],0.2267
3732,[-0.8648, 0.2635,-0.1493,-0.2577],[ 2.1918,-0.0273, 0.4515,13.1659, 1.5754],[-0.8688, 0.2553,-0.142 ,-0.2746],0.1342
3743,[-0.8633,-0.1942, 0.2005,-0.2626],[ 0.8143,-0.4165,27.0115, 0.9279, 0.2696],[-0.8645,-0.1951, 0.1871,-0.2698],0.1268
3800,[-0.8646,-0.0458, 0.0417,-0.3831],[1.6535e+00,1.2163e+03,4.7857e+00,3.3735e+00,1.1466e+00],[-0.8664,-0.0466, 0.0484,-0.3941],0.2449
3801,[-0.8662,-0.0544, 0.0606,-0.4011],[ 4.2893e-01,-1.4431e+00, 1.0793e+03, 1.7648e+00,-1.0436e+00],[-0.8679,-0.0563, 0.0669,-0.4113],0.2396
4454,[-0.8211, 0.3412,-0.2176, 0.0156],[ 5.2283, 1.893 ,-0.2825,-0.3532, 2.7984],[-8.2515e-01, 3.3500e-01,-2.1134e-01, 7.8125e-05],-0.0375
4463,[-0.8218,-0.3703, 0.2028, 0.0156],[ 1.709 , 0.1472, 1.4133, 0.4029,11.4354],[-0.8273,-0.3619, 0.1944, 0.0305],-0.0357
4474,[-0.8076, 0.451 ,-0.2215, 0.0137],[ 1.0748, 0.8565, 4.2642, 0.4651,10.2534],[-0.816 , 0.4428,-0.2138, 0.0042],-0.091
4476,[-0.8106, 0.4264,-0.2912, 0.0439],[ 2.2079, 6.9406,-0.1419, 1.0538, 1.2149],[-0.8157, 0.4216,-0.2847, 0.0573],-0.1069
4483,[-0.8036,-0.4517, 0.223 , 0.0196],[ 0.5719, 0.7939, 0.4277, 0.2113,41.3539],[-0.8119,-0.4436, 0.2157, 0.0159],-0.0997
4485,[-0.8184,-0.4835, 0.3195, 0.0156],[ 1.7245,-0.4918, 9.8635, 0.709 , 2.136 ],[-0.825 ,-0.4794, 0.3154, 0.0305],-0.1168
4493,[-0.8059,-0.5177, 0.2512, 0.0247],[-14.8004,-15.4977,-15.521 ,-15.6065,-15.7402],[-0.8163,-0.5106, 0.2455, 0.0356],-0.1208
4494,[-0.8102, 0.5086,-0.2621, 0.0206],[-14.0847,-14.7774,-12.8269,-13.2469,-13.5806],[-0.8199, 0.5019,-0.2548, 0.0354],-0.1145
4495,[-0.7963,-0.5212, 0.3031, 0.0459],[-11.4333,-12.1378,-11.3757,-10.0474,-12.3364],[-0.8051,-0.5166, 0.2982, 0.0573],-0.1582
4541,[-0.8159,-0.2534, 0.1389,-0.0188],[ 0.51  , 2.0719, 0.1567,-0.5255, 6.0225],[-0.8189,-0.2464, 0.1319,-0.0314],0.0002
4552,[-0.8176, 0.3584,-0.137 ,-0.0365],[-1.1299,-1.7884,21.9597,-0.9158, 0.7114],[-0.8242, 0.3463,-0.1252,-0.0465],-0.0158
4554,[-0.8109, 0.3536,-0.2252,-0.026 ],[ 2.2884, 1.7446, 0.0443, 1.3995,15.4475],[-0.8154, 0.3478,-0.2194,-0.0353],-0.0652
4556,[-0.8205, 0.379 ,-0.3292, 0.    ],[ 2.3088, 4.6627,-1.9531,-0.3561, 1.5307],[-0.8225, 0.3772,-0.3267,-0.0045],-0.093
4561,[-0.8166,-0.3498, 0.1475,-0.0287],[ 1.2396e-01, 4.5646e+01,-1.2763e+00,-1.2215e-02, 8.6462e-01],[-0.8228,-0.3389, 0.1369,-0.0389],-0.0206
4563,[-0.8068,-0.3641, 0.2028,-0.0243],[ 2.3404, 1.0252,26.778 , 0.704 , 1.3437],[-0.8123,-0.3567, 0.1943,-0.0313],-0.0667
4572,[-0.8093, 0.4207,-0.1496,-0.0317],[-4.1681,-5.2405,-1.7473,-3.899 ,-4.137 ],[-0.8183, 0.4085,-0.1403,-0.0456],-0.053
4574,[-0.8043, 0.4345,-0.2161,-0.0186],[ 0.1587, 0.4451, 1.476 , 0.3796,23.8487],[-0.8122, 0.4263,-0.2085,-0.0291],-0.0919
4576,[-0.8047, 0.4553,-0.3029, 0.    ],[ 0.1468,18.7475,-0.0784, 1.4419, 0.0966],[-0.8109, 0.4512,-0.2976, 0.002 ],-0.1285
4581,[-0.813 ,-0.4078, 0.1595,-0.0185],[-2.6685,-0.2267,-3.6286,-2.6981,-1.8783],[-0.8212,-0.3961, 0.1486,-0.0256],-0.0458
4583,[-0.8061,-0.4442, 0.2186,-0.0131],[ 3.1634,38.1177, 0.1768, 1.033 , 0.6998],[-0.8144,-0.4359, 0.2109,-0.018 ],-0.0912
4585,[-0.813 ,-0.4647, 0.3105,-0.0042],[ 1.1478,-0.4074,15.4563, 0.116 , 0.5126],[-0.8192,-0.4607, 0.3059,-0.0057],-0.1188
4593,[-0.7948,-0.5226, 0.232 ,-0.0063],[-15.6297,-16.2016,-16.0425,-15.6854,-16.741 ],[-0.8061,-0.515 , 0.225 ,-0.0053],-0.135
4594,[-0.7957, 0.5124,-0.2537, 0.    ],[-15.7503,-15.1196,-15.8296,-15.4167,-15.8169],[-0.8059, 0.5059,-0.2469, 0.0078],-0.1396
4595,[-0.7957,-0.5046, 0.3162,-0.0031],[-7.1365,-7.4335,-6.9053,-7.1544,-7.1193],[-0.8035,-0.5009, 0.3124,-0.0092],-0.1609
4596,[-0.8135, 0.504 ,-0.3181, 0.    ],[-10.0463,-10.4639, -9.3511, -9.642 ,-10.37  ],[-0.8212, 0.5   ,-0.3137, 0.0078],-0.1299
5474,[-0.76  , 0.4661,-0.1966, 0.0237],[ 1.5658,-0.1586, 0.8203, 0.0214,19.5594],[-0.7697, 0.4582,-0.1894, 0.0168],-0.1736
5483,[-0.7682,-0.4685, 0.2175, 0.0104],[ 1.0119, 2.4253, 0.1406, 0.4105,42.9502],[-0.7776,-0.4613, 0.2103,-0.0051],-0.1667
5494,[-0.7339, 0.5052,-0.1974, 0.0156],[-12.4474,-12.7452,-11.5807,-11.6455,-11.9015],[-0.7453, 0.4978,-0.19  , 0.0305],-0.2199
5495,[-0.7756,-0.5329, 0.3253, 0.0156],[-13.4316,-14.6941,-13.309 ,-13.0949,-14.3217],[-0.7842,-0.5298, 0.3223, 0.0305],-0.2024
5574,[-0.7636, 0.4597,-0.2196,-0.0019],[26.1776, 0.8271, 1.3795, 0.5464, 3.708 ],[-0.7725, 0.4528,-0.2128,-0.002 ],-0.1732
5576,[-0.7728, 0.4931,-0.3177, 0.    ],[ 0.5578,25.9297,-0.7229, 1.5769, 1.2517],[-0.78  , 0.4899,-0.3145, 0.    ],-0.1965
5583,[-0.7663,-0.4635, 0.2338,-0.0016],[ 1.2663, 2.8404, 1.1663, 0.6846,40.0466],[-0.775 ,-0.4572, 0.227 ,-0.0016],-0.1739
5585,[-0.7547,-0.4846, 0.2851, 0.    ],[ 1.7687,-0.4355,15.5533, 0.5672, 0.9964],[-0.7627,-0.4806, 0.2808, 0.    ],-0.2114
5593,[-0.7699,-0.525 , 0.2399,-0.0017],[-16.1657,-15.5437,-15.3479,-14.6513,-16.8423],[-0.7811,-0.5187, 0.2338,-0.0034],-0.1815
5595,[-0.768 ,-0.5319, 0.3105, 0.    ],[-4.3198,-5.5076,-4.0727,-3.27  ,-5.5619],[-0.7771,-0.5285, 0.307 , 0.0156],-0.2086
6594,[-0.7224, 0.5119,-0.2041, 0.    ],[-14.7694,-15.1392,-14.3826,-15.1076,-15.8304],[-0.7339, 0.5052,-0.1974, 0.0156],-0.2384
7542,[-0.6601,-0.2149,-0.0628, 0.    ],[-527.6995,-527.7715,-527.4477,-528.3007,-525.7858],[-0.8867,-0.02  , 0.0118, 0.    ],0.2017
