100,[-0.9606, 0.0228,-0.0042, 0.3945],[2.9097,2.3054,0.5895,1.7926,1.1002],[-0.9589, 0.0172,-0.0018, 0.393 ],0.297
200,[-0.9619, 0.0532, 0.0095, 0.3151],[ 0.9637,-0.4088, 1.0054, 0.7444,-0.1394],[-0.9605, 0.0338, 0.0233, 0.3268],0.272
201,[-0.956 , 0.027 , 0.0569, 0.2722],[-0.12  ,-0.7505, 1.1931,-0.0834,-0.4273],[-0.9545, 0.0041, 0.0761, 0.284 ],0.29
210,[-0.9685, 0.0826,-0.0384, 0.3529],[-0.0997,-1.2568, 1.8685,-0.2707,-0.8457],[-0.9672, 0.0625,-0.0187, 0.3647],0.2411
212,[-0.971 , 0.1349,-0.1001, 0.3205],[1.7154,1.7788,0.0531,0.3667,0.091 ],[-0.9701, 0.1139,-0.0766, 0.3339],0.1888
220,[-0.9563,-0.0904, 0.0187, 0.3019],[-0.552 , 0.4906,-1.1088,-0.6683, 0.1033],[-0.9553,-0.0661,-0.0124, 0.3145],0.2862
221,[-0.9574,-0.1359, 0.0694, 0.2748],[-0.0722,-0.2708, 1.2922,-0.2935,-0.1103],[-0.957 ,-0.1138, 0.048 , 0.2887],0.2473
232,[-0.9724, 0.1774,-0.1543, 0.2932],[ 0.0283,-0.7654, 0.7704, 0.7783,-0.0755],[-0.9718, 0.1569,-0.125 , 0.3067],0.1485
234,[-0.9737, 0.2086,-0.2004, 0.2657],[1.4055,2.1326,0.3676,0.8541,0.2481],[-0.973 , 0.1939,-0.1785, 0.2793],0.1106
241,[-0.9576,-0.1703, 0.0916, 0.2533],[-0.2213, 0.9147,-0.091 , 0.014 , 0.0533],[-0.9576,-0.1467, 0.0767, 0.2676],0.22
243,[-0.9575,-0.1882, 0.2067, 0.2751],[0.8691,0.0345,1.0204,0.8418,0.4799],[-0.9563,-0.1848, 0.1922, 0.2889],0.162
300,[-0.9584, 0.016 ,-0.0115, 0.1647],[-4.7963,-4.2725,-4.4069,-3.9319,-5.3168],[-0.9576, 0.0142,-0.0087, 0.1714],0.288
301,[-0.9764,-0.018 , 0.1033, 0.1474],[-2.9551,-4.2618,-1.6546,-2.7599,-3.3891],[-0.9749,-0.06  , 0.1423, 0.1584],0.1681
302,[-0.9575, 0.0166,-0.0842, 0.1907],[-2.012 ,-0.6122,-2.4678,-1.2812,-2.0624],[-0.9561, 0.0344,-0.0967, 0.2001],0.263
303,[-0.961 ,-0.0138, 0.2065, 0.1449],[ 0.2377,-1.3974,-0.0407,-0.4776,-0.6481],[-0.9572,-0.0665, 0.2514, 0.1587],0.1831
304,[-0.9556, 0.0102,-0.1843, 0.1425],[-0.0756, 0.8582,-0.3684, 0.0647,-0.4739],[-0.9525, 0.0545,-0.2232, 0.1538],0.216
310,[-0.9599, 0.0914,-0.0141, 0.1727],[-3.5786,-3.9599,-1.9799,-3.3189,-4.0056],[-0.9595, 0.0639, 0.0135, 0.184 ],0.2663
311,[-0.9612, 0.0992, 0.1199, 0.1378],[-0.7639,-1.6153,-0.0217,-0.275 ,-0.795 ],[-0.9594, 0.0302, 0.1795, 0.1513],0.2172
312,[-0.9575, 0.0776,-0.0875, 0.1563],[ 0.5323, 0.849 ,-1.2239, 0.8092,-1.1688],[-0.9568, 0.077 ,-0.079 , 0.1645],0.2504
314,[-0.9568, 0.0849,-0.1757, 0.1359],[-0.2744, 1.0528,-1.0141, 1.0058,-0.8671],[-0.9546, 0.1066,-0.1921, 0.149 ],0.1997
316,[-0.96  , 0.1391,-0.3136, 0.1378],[ 0.001 , 0.1052,-0.3568, 0.1071, 0.4018],[-0.9547, 0.1743,-0.3408, 0.1524],0.1104
320,[-0.9613,-0.0975, 0.0129, 0.1667],[-1.7138,-0.7874,-2.2583,-1.9251,-2.1229],[-0.961 ,-0.0687,-0.0128, 0.1796],0.2618
321,[-0.9605,-0.093 , 0.0905, 0.1549],[-1.8319,-2.8509,-0.6136,-1.247 ,-2.7403],[-0.9598,-0.0919, 0.0918, 0.165 ],0.2282
322,[-0.9561,-0.1177,-0.0815, 0.1376],[-0.4008, 0.372 ,-0.97  ,-0.3582, 0.7305],[-0.9552,-0.0598,-0.1327, 0.1526],0.2411
323,[-0.9675,-0.1246, 0.2157, 0.1749],[-0.4182,-1.2311, 1.1685, 0.011 ,-0.8277],[-0.9649,-0.1483, 0.2339, 0.1874],0.1321
325,[-0.9566,-0.1014, 0.2847, 0.1551],[ 0.7822,-0.7672, 0.3895,-0.2559,-0.3293],[-0.9515,-0.1391, 0.3153, 0.1674],0.1456
332,[-0.9571, 0.194 ,-0.1038, 0.1904],[-1.7926,-2.7155,-0.1464,-1.5502,-2.1112],[-0.9578, 0.1658,-0.0764, 0.1972],0.2114
334,[-0.9757, 0.253 ,-0.2426, 0.2191],[ 0.1259, 1.6504,-0.8295, 2.6031,-0.896 ],[-0.9753, 0.2397,-0.2295, 0.2322],0.0678
341,[-0.9574,-0.2075, 0.1236, 0.1849],[-0.6164, 0.0091,-1.1949,-0.2065,-0.9545],[-0.9583,-0.1797, 0.0921, 0.198 ],0.1978
343,[-0.9634,-0.1779, 0.2292, 0.2266],[ 0.4458,-0.6288, 1.9461, 2.4985,-0.4238],[-0.9615,-0.185 , 0.228 , 0.2404],0.1307
356,[-0.9784, 0.2939,-0.3106, 0.1567],[-0.1991, 1.0537,-0.5839, 1.0853,-0.8765],[-0.9775, 0.2892,-0.3001, 0.171 ],0.0175
400,[-9.6207e-01,-9.4186e-04,-4.6608e-03, 6.7676e-02],[-3.9282,-3.2238,-3.1483,-3.6521,-5.311 ],[-0.9617, 0.0015,-0.0084, 0.0782],0.267
401,[-0.96  ,-0.0145, 0.1058, 0.0544],[-3.3704,-4.3024,-2.7517,-3.7197,-5.1533],[-0.9588,-0.0433, 0.1344, 0.0629],0.2339
402,[-9.6130e-01,-6.9135e-04,-9.7085e-02, 6.5145e-02],[-2.3893,-0.9894,-2.5803,-2.3555,-3.4856],[-0.9601, 0.0324,-0.1284, 0.0762],0.2355
404,[-0.9629, 0.0058,-0.1853, 0.0481],[ 0.4149, 1.3064,-0.7637, 0.0203,-0.7274],[-0.96  , 0.0634,-0.2368, 0.0461],0.1813
410,[-0.9611, 0.1024,-0.007 , 0.068 ],[-3.1298,-4.38  ,-2.1718,-2.8642,-3.9459],[-0.9612, 0.0693, 0.0236, 0.0733],0.2513
411,[-0.9617, 0.0862, 0.0825, 0.0673],[-0.1934,-1.5345, 0.3714,-0.1009,-1.3795],[-0.9608, 0.0284, 0.1354, 0.0756],0.2323
412,[-0.9597, 0.1078,-0.0952, 0.0495],[-0.0573, 0.3368,-1.8968, 0.5782,-2.2836],[-0.9596, 0.1021,-0.0887, 0.0608],0.2259
414,[-0.9649, 0.112 ,-0.2152, 0.0563],[-0.979 , 0.6193,-1.609 , 0.004 ,-1.4136],[-0.9623, 0.1439,-0.2456, 0.0636],0.1378
416,[-0.9629, 0.1484,-0.2936, 0.0368],[ 0.5419, 1.5385,-0.7897, 0.778 ,-0.1656],[-0.9585, 0.1844,-0.3283, 0.0366],0.0999
420,[-0.9615,-0.1032, 0.001 , 0.0537],[-1.8623,-1.0203,-2.4377,-1.764 ,-2.4858],[-0.9617,-0.0669,-0.0336, 0.0652],0.2511
421,[-0.9603,-0.0896, 0.0984, 0.0761],[-1.3127,-2.1869,-0.1944,-0.5387,-2.6383],[-0.9599,-0.0904, 0.096 , 0.0887],0.2265
422,[-0.9602,-0.102 ,-0.1024, 0.0601],[-0.0396, 1.4876,-0.7579,-0.3695,-0.5976],[-0.9591,-0.0344,-0.1657, 0.0623],0.2239
423,[-0.9572,-0.0945, 0.19  , 0.0694],[-0.4658,-1.5503, 2.459 , 1.6411,-1.4191],[-0.9551,-0.118 , 0.208 , 0.0839],0.1867
430,[-0.96  , 0.2061,-0.022 , 0.0759],[-1.4105,-1.4122, 0.4815, 0.0341,-0.7203],[-0.9617, 0.1454, 0.0323, 0.0813],0.2196
432,[-0.96  , 0.2047,-0.1155, 0.0515],[-3.2484,-3.6664,-2.414 ,-2.0552,-3.6431],[-0.9614, 0.1747,-0.0855, 0.0622],0.1917
434,[-0.9656, 0.204 ,-0.2071, 0.0641],[ 0.4003, 0.7571,-1.9168, 1.8283,-1.8502],[-0.9651, 0.2056,-0.2127, 0.0793],0.119
436,[-0.9728, 0.2219,-0.303 , 0.0826],[ 0.5592, 2.2949,-0.5278, 1.8663,-0.8783],[-0.97  , 0.2414,-0.3213, 0.0958],0.0496
440,[-0.9593,-0.1983, 0.0058, 0.0694],[ 0.0243, 0.564 ,-0.5012, 0.3965,-0.6572],[-0.9608,-0.1351,-0.0519, 0.0695],0.2223
441,[-0.96  ,-0.2139, 0.1109, 0.0406],[-1.6047,-0.1702,-2.2423,-0.9605,-1.8173],[-0.9617,-0.1796, 0.0765, 0.0468],0.1916
443,[-0.9561,-0.2523, 0.1709, 0.0926],[ 0.2198,-1.4198, 0.775 , 1.9507,-1.2835],[-0.9579,-0.2288, 0.1449, 0.1058],0.1582
445,[-0.966 ,-0.2375, 0.3083, 0.0337],[ 0.5682,-0.4985, 7.4171, 1.2167,-0.5971],[-0.9636,-0.2534, 0.3237, 0.0483],0.0598
452,[-0.958 , 0.3016,-0.0961, 0.0564],[-0.9643,-1.663 , 0.486 ,-1.0555,-1.2375],[-0.9621, 0.2413,-0.0382, 0.0595],0.1818
454,[-0.9688, 0.3264,-0.2297, 0.0457],[-3.3711,-4.0173,-3.1993,-3.2842,-4.0937],[-0.9717, 0.2943,-0.1989, 0.0608],0.0689
456,[-0.9734, 0.3078,-0.3213, 0.0639],[-0.8473,-0.4185,-1.645 ,-0.0367,-2.5242],[-0.9728, 0.3089,-0.3204, 0.0778],0.0151
461,[-0.9631,-0.3381, 0.1313, 0.047 ],[-0.3794, 0.68  ,-0.604 , 0.3802,-0.5837],[-0.9681,-0.2721, 0.0682, 0.061 ],0.1381
463,[-0.9568,-0.3873, 0.1785, 0.0322],[-1.3435,-0.6728,-1.3895,-1.0033,-1.7741],[-0.9631,-0.3381, 0.1313, 0.047 ],0.1033
465,[-0.96  ,-0.289 , 0.3529, 0.0858],[-0.3978,-1.2332, 0.2794, 2.112 ,-1.1173],[-0.9575,-0.2973, 0.3611, 0.0978],0.0439
500,[-0.9622,-0.024 , 0.0268,-0.0014],[ 0.5128, 2.9451, 1.4249, 7.7344,-0.4865],[-0.9621,-0.0252, 0.0281, 0.0015],0.2629
501,[-0.9582, 0.0091, 0.1026,-0.0165],[-1.1019,-1.4412, 1.8192, 0.0314,-1.7251],[-0.9573,-0.0271, 0.1386,-0.0196],0.244
502,[-0.9664, 0.0025,-0.1082, 0.    ],[-1.4556, 0.2423,-2.3043,-1.3234,-2.7978],[-0.9653, 0.0435,-0.1486, 0.0078],0.2047
503,[-0.9587,-0.0298, 0.1903,-0.0232],[ 0.4348,-0.9454, 1.9451, 0.509 ,-0.9667],[-0.956 ,-0.0769, 0.2347,-0.0197],0.1895
504,[-0.9639, 0.0486,-0.1737, 0.    ],[ 0.1559, 1.0217,-1.2173, 0.016 , 0.1979],[-0.9618, 0.0904,-0.2131, 0.    ],0.1732
510,[-0.9575, 0.1031, 0.0048,-0.006 ],[ 0.1063,-1.2506, 3.8227,-0.7801,-1.1209],[-0.9579, 0.0678, 0.0393,-0.0114],0.2628
511,[-0.9625, 0.0767, 0.0954,-0.0082],[ 0.3013,-1.1949, 0.4747, 0.2967,-0.2936],[-0.9616, 0.0153, 0.155 ,-0.0152],0.2267
512,[-0.9654, 0.1195,-0.1079,-0.0013],[ 3.2954, 0.9585,-0.5851, 4.9469,-1.7945],[-0.9655, 0.1227,-0.1111, 0.0072],0.1901
514,[-0.9605, 0.1389,-0.2365,-0.0063],[-0.4463, 1.68  ,-1.7382,-0.4373,-1.3522],[-0.9581, 0.1657,-0.2613,-0.0169],0.1356
520,[-0.9592,-0.096 , 0.0043,-0.004 ],[-1.3151, 0.3578,-1.373 ,-0.9618,-1.9998],[-0.9596,-0.0642,-0.0269, 0.001 ],0.2635
521,[-0.9624,-0.0942, 0.0841,-0.0178],[-0.3124,-0.3428, 1.5707, 4.2116,-0.2435],[-0.9625,-0.0891, 0.0787,-0.0137],0.2244
522,[-0.9703,-0.0562,-0.0833, 0.    ],[ 0.6078,-0.7817,-0.6306, 0.603 ,-0.1501],[-0.9694, 0.0067,-0.1462, 0.0156],0.2056
523,[-0.9588,-0.0995, 0.2159, 0.    ],[-0.4458,-1.0421, 2.0976, 1.6765,-0.3693],[-0.9562,-0.1313, 0.2472, 0.0052],0.162
532,[-0.9577, 0.2128,-0.0958, 0.    ],[-1.9931,-2.3082, 0.5528,-0.8493,-2.7213],[-0.9597, 0.1772,-0.0606, 0.0156],0.2068
534,[-0.9587, 0.1902,-0.2256,-0.0126],[-0.0829, 0.2609,-1.8751, 0.7312,-2.6182],[-0.9576, 0.1991,-0.2356,-0.0076],0.134
536,[-0.9613, 0.236 ,-0.3284,-0.0118],[-0.0042, 3.0744,-1.173 , 1.1505,-1.0164],[-0.9581, 0.2555,-0.3475,-0.0117],0.0647
540,[-0.9719,-0.1971, 0.0445, 0.    ],[-0.0476, 0.578 ,-1.2   , 0.0898,-0.0818],[-0.9735,-0.1226,-0.03  , 0.0156],0.1913
541,[-0.9587,-0.2075, 0.1154,-0.0031],[-1.4033,-0.7729,-2.1237,-1.2442,-2.0289],[-0.9605,-0.1786, 0.0847,-0.0031],0.1933
543,[-0.9685,-0.2361, 0.2146,-0.0078],[-0.1298,-1.1848, 0.3166, 0.858 ,-1.5442],[-0.9689,-0.2305, 0.2078, 0.0079],0.0984
545,[-0.9596,-0.1834, 0.2827, 0.    ],[ 0.5396,-0.4459, 2.7388, 5.2775,-0.5545],[-0.9566,-0.2064, 0.3048, 0.0156],0.1063
556,[-0.9584, 0.2857,-0.3496,-0.0147],[-0.2954, 0.9417,-1.3725, 1.2023,-1.8249],[-0.956 , 0.2966,-0.3605, 0.001 ],0.0485
563,[-0.9584,-0.316 , 0.2114, 0.    ],[-1.696 ,-1.5752,-1.8111,-1.6075,-2.0159],[-0.9617,-0.2902, 0.1843,-0.0078],0.1056
576,[-0.9588, 0.3922,-0.3007, 0.    ],[-3.2027,-3.4257,-2.95  ,-2.5732,-4.146 ],[-0.9623, 0.3758,-0.2825, 0.0156],0.031
1100,[-0.9397, 0.0343, 0.0415, 0.4152],[ 1.8411, 1.9669, 1.35  , 0.3752,19.5047],[-0.9378, 0.0189, 0.0553, 0.4122],0.3616
1101,[-0.9348,-0.0013, 0.0712, 0.3921],[ 0.0776,-0.5198, 6.793 , 0.2718, 1.5385],[-0.9328,-0.0132, 0.0793, 0.3792],0.3749
1110,[-0.9443, 0.0881,-0.0102, 0.39  ],[ 0.6826, 0.6515,11.6086,-0.238 , 0.8249],[-0.943 , 0.0692, 0.0082, 0.3988],0.3343
1120,[-0.9438,-0.0976, 0.0321, 0.3777],[ 0.6455, 2.1947,-0.6504, 0.5502, 2.6903],[-0.9427,-0.078 ,-0.0022, 0.364 ],0.3379
1121,[-0.9454,-0.1221, 0.077 , 0.3871],[ 1.8538, 1.2709, 1.8098, 0.6875,16.6071],[-0.9443,-0.1062, 0.0476, 0.3845],0.2994
1200,[-0.9272, 0.027 , 0.0028, 0.2808],[ 0.8568, 0.11  , 1.1252, 0.0293,13.0666],[-0.926 , 0.0223, 0.0038, 0.2713],0.4184
1201,[-0.9341,-0.0064, 0.0993, 0.2912],[-0.4928,-1.5938, 3.184 ,-1.1514, 3.9986],[-0.9322,-0.0232, 0.111 , 0.2833],0.3574
1202,[-0.9303, 0.0105,-0.0871, 0.2745],[-0.2276, 1.0147,-2.1698,-1.7485,-0.169 ],[-0.9287, 0.0234,-0.0962, 0.265 ],0.3731
1203,[-0.9443,-0.0426, 0.1789, 0.2611],[-0.8733,-1.926 , 0.3586,-0.8383,-0.9354],[-0.9412,-0.0687, 0.2002, 0.2468],0.2613
1210,[-0.9255, 0.0794,-0.0197, 0.2692],[-0.0404,-0.5502,20.2369,-0.1378, 3.7146],[-0.9246, 0.0682,-0.0121, 0.2717],0.4072
1211,[-0.9465, 0.0697, 0.0756, 0.2632],[-0.5028,-2.3306,-0.9994,-1.3824,-0.5604],[-0.945 , 0.0352, 0.1038, 0.2751],0.304
1212,[-0.9276, 0.1085,-0.0859, 0.2758],[ 1.1826,11.0929,-0.3209, 0.1216, 7.6969],[-0.9267, 0.1022,-0.0762, 0.2746],0.359
1214,[-0.9344, 0.1102,-0.1954, 0.2593],[ 1.1041, 2.0732,-0.2392, 0.152 , 5.4945],[-0.9318, 0.1216,-0.2022, 0.2554],0.2732
1220,[-0.9247,-0.1045,-0.0061, 0.2842],[-0.9466, 3.6381,-0.8135,-1.151 , 1.0487],[-0.9241,-0.0857,-0.0168, 0.2779],0.3983
1221,[-0.926 ,-0.1148, 0.0997, 0.2915],[ 0.325 ,-0.0465, 9.2005,-0.2454, 3.9622],[-0.925 ,-0.1104, 0.0934, 0.283 ],0.3536
1222,[-0.9316,-0.0937,-0.0828, 0.3147],[-0.6134, 0.0561,-1.8973,-0.9572,-0.0167],[-0.9302,-0.0623,-0.1037, 0.3012],0.3524
1223,[-0.9421,-0.1059, 0.1915, 0.2794],[ 0.6697, 0.1504,15.6181,-0.363 , 0.5368],[-0.9395,-0.1184, 0.1987, 0.2697],0.2468
1230,[-0.9411, 0.1836,-0.0532, 0.2582],[-1.5889,-2.4265,-0.4801,-1.2002,-0.6247],[-0.9417, 0.1549,-0.0299, 0.2707],0.2963
1232,[-0.9365, 0.1994,-0.1304, 0.2938],[ 0.97  ,-0.1265, 7.218 , 0.1629, 1.2279],[-0.9366, 0.1837,-0.1174, 0.2999],0.2649
1234,[-0.9305, 0.2457,-0.2099, 0.2796],[ 2.3073,10.6411, 0.0124, 0.3972, 3.6495],[-0.9304, 0.2356,-0.1982, 0.2875],0.2221
1236,[-0.9202, 0.2505,-0.309 , 0.2553],[ 0.7866, 1.6018,-0.3899, 0.2458, 6.6769],[-0.918 , 0.2522,-0.2988, 0.2524],0.2095
1240,[-0.933 ,-0.1968,-0.0052, 0.3209],[-0.6745, 0.369 ,-1.5168,-0.6383,-0.2687],[-0.9336,-0.1569,-0.0462, 0.3323],0.3208
1241,[-0.9227,-0.2084, 0.1182, 0.3057],[ 0.687 , 1.6126, 0.0546,-0.1295, 2.0138],[-0.9233,-0.1907, 0.0931, 0.3038],0.3248
1243,[-0.9189,-0.2369, 0.2168, 0.2925],[ 0.3599,-0.3886,12.1425, 0.6832, 2.2406],[-0.9186,-0.2299, 0.2003, 0.304 ],0.2633
1245,[-0.9156,-0.2592, 0.2944, 0.2554],[ 1.1447,-0.825 , 2.5366, 8.4258, 1.1101],[-0.9142,-0.258 , 0.2783, 0.2657],0.2267
1254,[-0.9346, 0.3082,-0.2334, 0.2667],[1.3674,0.1867,2.7309,1.1536,1.939 ],[-0.9361, 0.2928,-0.2157, 0.2711],0.1729
1256,[-0.925 , 0.3369,-0.2844, 0.2524],[ 0.7057, 8.9533,-0.4667, 0.7007, 1.0116],[-0.9263, 0.3268,-0.2683, 0.2627],0.1657
1261,[-0.9208,-0.3152, 0.1405, 0.2756],[-0.3162, 0.1256,-0.9087,-0.1228,-0.3067],[-0.9242,-0.2903, 0.1248, 0.2886],0.2586
1263,[-0.9198,-0.2971, 0.2423, 0.2645],[ 1.1075, 0.46  ,-0.2828, 0.603 , 0.5799],[-0.9206,-0.2876, 0.2339, 0.2642],0.2198
1265,[-0.9232,-0.329 , 0.3713, 0.2552],[0.9578,0.0725,5.8249,0.1431,3.0462],[-0.9213,-0.3278, 0.3641, 0.2525],0.1354
1300,[-0.9157, 0.004 ,-0.0084, 0.1383],[1.8016e+00,2.3636e+00,2.4018e+00,1.4091e-01,5.4846e+02],[-0.9151, 0.0049,-0.0102, 0.1337],0.445
1301,[-0.9171,-0.0428, 0.0678, 0.1437],[ 0.3788,-0.4896, 6.6057,-0.2822, 5.2065],[-0.9163,-0.0463, 0.069 , 0.1444],0.4204
1302,[-0.9159, 0.0455,-0.0653, 0.1388],[ -1.5046,192.643 , -3.0068, -2.0813,  0.5631],[-0.9151, 0.0479,-0.0655, 0.1425],0.426
1303,[-0.9321,-0.0321, 0.1878, 0.1606],[-3.6539,-4.4851,-2.0953,-3.8734,-2.8778],[-0.9292,-0.0582, 0.2055, 0.1601],0.3122
1304,[-0.9367, 0.0308,-0.1963, 0.1578],[-1.112 ,-0.8241,-2.5031,-0.9527,-1.4703],[-0.9336, 0.0607,-0.2171, 0.1565],0.2881
1310,[-0.9222, 0.0755,-0.0296, 0.1809],[-0.353 ,-1.0444,79.248 ,-0.9731,-0.2723],[-0.9217, 0.0672,-0.0245, 0.1858],0.4138
1311,[-0.9309, 0.0837, 0.0763, 0.1721],[-5.7856,-6.8216,-5.9106,-5.604 ,-5.6069],[-0.93  , 0.0538, 0.0971, 0.1784],0.3594
1312,[-0.9203, 0.0799,-0.0919, 0.1641],[2.0314e-01,2.7814e+02,2.8078e-01,4.6590e-01,5.5698e+00],[-0.9194, 0.0803,-0.088 , 0.1704],0.3852
1314,[-0.9288, 0.1197,-0.1984, 0.1772],[ 0.8276,37.7548,-0.2996, 0.0894, 0.6743],[-0.9266, 0.13  ,-0.202 , 0.1797],0.2859
1316,[-0.9401, 0.1462,-0.2938, 0.1645],[-0.4412, 0.4947,-1.1304,-0.4475,-1.4064],[-0.9358, 0.1668,-0.3059, 0.1505],0.1902
1320,[-0.9166,-0.0646, 0.0427, 0.142 ],[-1.531 ,40.4989,-1.9207,-1.262 , 1.0795],[-0.9161,-0.0608, 0.0417, 0.1477],0.4283
1321,[-0.9159,-0.0699, 0.0751, 0.1413],[ 1.1742,-1.5637, 5.4332, 0.6201,39.3021],[-0.9153,-0.0699, 0.073 , 0.1383],0.4093
1322,[-0.9296,-0.085 ,-0.0763, 0.1658],[-2.539 ,-2.4626,-3.8402,-3.4487,-3.0535],[-0.9287,-0.055 ,-0.0979, 0.1701],0.3619
1323,[-0.9269,-0.1157, 0.2122, 0.1578],[ 1.9201,-0.9931, 4.3731, 0.3935,11.2174],[-0.9245,-0.1285, 0.2172, 0.1513],0.2864
1325,[-0.9312,-0.1413, 0.3033, 0.1561],[-1.7128,-2.5975,-0.0803,-1.9093,-1.7112],[-0.9264,-0.162 , 0.3166, 0.1576],0.2066
1330,[-0.9277, 0.1932,-0.026 , 0.1729],[-6.7247,-7.4129,-5.6235,-6.4936,-6.2593],[-0.9289, 0.163 ,-0.0032, 0.1797],0.347
1332,[-0.9263, 0.212 ,-0.1209, 0.1679],[-2.8465,-5.9381,-2.6905,-4.4908,-5.936 ],[-0.9274, 0.1954,-0.1054, 0.1722],0.3008
1334,[-0.9259, 0.2389,-0.2135, 0.1704],[ 1.1774,11.6405,-1.1087, 0.9317, 3.0598],[-0.9262, 0.2321,-0.1995, 0.1702],0.2408
1336,[-0.9304, 0.2326,-0.3191, 0.1923],[ 0.1052,22.0287, 0.0304, 0.8823, 1.5789],[-0.9274, 0.2397,-0.3173, 0.1974],0.1768
1338,[-0.9449, 0.2492,-0.3891, 0.1319],[ 3.4936, 0.507 ,-0.972 , 0.0038,-0.0633],[-0.9398, 0.2635,-0.3984, 0.1169],0.0928
1340,[-0.9309,-0.1952, 0.0284, 0.1647],[-2.9778,-1.6643,-3.7284,-3.266 ,-2.3981],[-0.9322,-0.1622,-0.002 , 0.1677],0.3363
1341,[-0.9256,-0.204 , 0.1155, 0.169 ],[-6.018 ,-6.2759,-6.5118,-5.859 ,-6.0659],[-0.9266,-0.1876, 0.0974, 0.1746],0.3088
1343,[-0.9245,-0.2202, 0.2149, 0.161 ],[ 0.0106,-1.4519, 6.0995, 0.378 , 1.0374],[-0.9243,-0.2164, 0.2025, 0.1642],0.2535
1345,[-0.9238,-0.2337, 0.3201, 0.1681],[ 0.2332,-0.5048,36.3084, 0.9044, 3.3926],[-0.9209,-0.2404, 0.3169, 0.1738],0.1962
1350,[-0.9164, 0.2784,-0.0536, 0.1424],[-1.4122,-2.124 ,-0.1757,-0.985 ,-0.7973],[-0.92  , 0.2462,-0.0304, 0.1537],0.3426
1352,[-0.926 , 0.3069,-0.1416, 0.1615],[-5.6587,-6.0731,-5.2149,-5.8436,-5.6101],[-0.9296, 0.2812,-0.1216, 0.1705],0.2452
1354,[-0.9268, 0.3139,-0.2216, 0.1707],[-1.7071,-3.099 ,-1.9481,-2.0117,-3.1134],[-0.9291, 0.2992,-0.206 , 0.1785],0.1989
1356,[-0.9257, 0.3277,-0.3177, 0.1743],[ 1.9587,15.898 ,-0.1989, 1.9966, 1.3303],[-0.9259, 0.3229,-0.3048, 0.1853],0.1515
1358,[-0.9167, 0.3601,-0.4011, 0.1383],[ 0.1182, 8.2672,-0.6053, 0.8143, 0.5105],[-0.9151, 0.3599,-0.3956, 0.1477],0.1126
1361,[-0.9236,-0.3096, 0.1228, 0.1463],[-2.0457,-1.1852,-2.8599,-2.0812,-2.3741],[-0.9277,-0.2804, 0.0961, 0.1562],0.2641
1363,[-0.9274,-0.3056, 0.2318, 0.1638],[-1.7448,-1.8518,-2.0785,-0.9305,-1.9226],[-0.9292,-0.2931, 0.217 , 0.1715],0.1955
1365,[-0.9274,-0.3179, 0.336 , 0.1798],[ 0.6476,-0.6657, 8.39  , 2.8139, 0.8439],[-0.9265,-0.3156, 0.3264, 0.1888],0.142
1367,[-0.9365,-0.3283, 0.389 , 0.1983],[-0.2666,-0.229 ,17.7313, 0.9166, 0.9235],[-0.9338,-0.3294, 0.3887, 0.2099],0.085
1374,[-0.9204, 0.4025,-0.2275, 0.136 ],[-3.2282,-3.7515,-2.4781,-2.7553,-3.5914],[-0.926 , 0.383 ,-0.2111, 0.1496],0.1675
1376,[-0.9195, 0.4062,-0.325 , 0.1639],[-0.828 ,-1.4744,-1.2523,-0.9721,-1.7825],[-0.9222, 0.3977,-0.3201, 0.1775],0.1201
1400,[-0.9163, 0.0074,-0.0097, 0.0694],[  6.3143,212.4061,670.7959,  1.9432,  4.3563],[-0.916 , 0.008 ,-0.0118, 0.0737],0.4471
1401,[-0.916 ,-0.0386, 0.0687, 0.0587],[ 3.6144e-01,-1.9643e-01, 2.1624e+02,-1.9860e-01, 7.6205e-01],[-0.9155,-0.0428, 0.0702, 0.0658],0.4273
1402,[-0.9159, 0.0441,-0.0656, 0.0722],[ 9.4296e-01, 6.4600e+02,-2.3732e-01, 4.2489e-01, 2.3622e+00],[-0.9154, 0.0471,-0.0668, 0.0748],0.4276
1403,[-0.929 ,-0.0206, 0.1932, 0.0639],[-3.8277,-4.3487,-3.851 ,-3.5373,-4.124 ],[-0.9261,-0.0498, 0.2165, 0.0676],0.318
1404,[-0.9306, 0.0267,-0.1939, 0.0637],[-1.3274,-1.4348,-3.8241,-1.8659,-2.5575],[-0.9277, 0.0559,-0.2158, 0.0656],0.3093
1406,[-0.9395, 0.0542,-0.2801, 0.0611],[-0.2793, 0.9589,-1.3056, 0.2558,-0.4269],[-0.9345, 0.0923,-0.3049, 0.0474],0.2289
1410,[-0.9175, 0.0622,-0.0465, 0.0444],[ 2.6999e-03,-8.4171e-02, 7.5680e+02, 1.7277e-01, 1.0297e+00],[-0.9173, 0.0597,-0.0461, 0.0524],0.4326
1411,[-0.9293, 0.0875, 0.0843, 0.0537],[-7.3584,-8.7602,-7.6604,-7.6412,-7.787 ],[-0.9288, 0.0551, 0.1114, 0.0589],0.3576
1412,[-0.917 , 0.0664,-0.0714, 0.0482],[7.9830e-01,5.7881e+02,4.5350e-01,1.2196e+00,8.2901e-01],[-0.9167, 0.0666,-0.0691, 0.0559],0.4171
1413,[-0.9206, 0.0883, 0.1681, 0.086 ],[-0.7706,-1.9576, 0.7249,-1.3721,-0.3381],[-0.9183, 0.048 , 0.2013, 0.1012],0.3632
1414,[-0.9218, 0.1191,-0.1988, 0.0467],[-2.6304e-03, 3.5274e+00,-6.2705e-01, 1.3183e+00, 2.9257e+01],[-0.9201, 0.1304,-0.2045, 0.0392],0.3032
1416,[-0.9269, 0.1355,-0.2995, 0.0368],[ 1.1562,-0.0785,-1.8327,-0.4942,-0.6176],[-0.9225, 0.1573,-0.3117, 0.0288],0.228
1420,[-0.917 ,-0.0639, 0.0446, 0.0545],[ -0.5651,316.4742, -2.0692, -1.1349, -1.2344],[-0.9168,-0.0608, 0.0433, 0.0626],0.4333
1421,[-0.9164,-0.0719, 0.0766, 0.0477],[ 1.3915e+00,-5.1075e-01, 7.2712e+02, 3.6773e+00, 7.0619e+00],[-0.9161,-0.072 , 0.0741, 0.054 ],0.4127
1422,[-0.9278,-0.0857,-0.0826, 0.0469],[-5.4673,-4.5135,-6.2797,-4.2117,-5.8269],[-0.9273,-0.0543,-0.1087, 0.0508],0.3638
1423,[-0.9221,-0.13  , 0.192 , 0.0574],[  0.1806, -0.8578,163.0236,  0.6874,  1.2653],[-0.9206,-0.1385, 0.1954, 0.064 ],0.3031
1425,[-0.9218,-0.1415, 0.2922, 0.0673],[-1.3414,-2.3473, 1.4445,-1.197 , 0.0276],[-0.9177,-0.1598, 0.3032, 0.0665],0.2426
1430,[-0.9262, 0.1989,-0.0269, 0.0534],[-10.1499,-10.9824, -8.8142,-10.1204,-10.3166],[-0.9281, 0.1678, 0.0019, 0.059 ],0.3493
1431,[-0.9251, 0.1727, 0.0872, 0.0446],[-1.011 ,-2.2747, 0.4866,-1.4198,-1.5117],[-0.9257, 0.1273, 0.1252, 0.0583],0.3306
1432,[-0.924 , 0.2069,-0.1161, 0.0628],[-11.3072,-11.7801,-11.7852, -9.9855,-12.2997],[-0.9256, 0.1912,-0.0993, 0.0655],0.3121
1434,[-0.923 , 0.2229,-0.2146, 0.0585],[ 0.6356,24.2479,-0.8171, 5.1353, 1.2857],[-0.9232, 0.2199,-0.2047, 0.0652],0.2551
1436,[-0.926 , 0.2403,-0.3134, 0.0497],[ 0.2945,36.7361,-0.4368, 0.6067, 1.1181],[-0.9237, 0.2475,-0.3132, 0.0591],0.186
1438,[-0.929 , 0.26  ,-0.3978, 0.08  ],[ 1.2633, 4.5078,-0.8134, 3.0168,-0.7119],[-0.924 , 0.2711,-0.402 , 0.0757],0.119
1440,[-0.9255,-0.1944, 0.0218, 0.0509],[-5.3833,-4.1674,-5.9258,-5.6327,-5.6997],[-0.9274,-0.1632,-0.0057, 0.0499],0.354
1441,[-0.9241,-0.2086, 0.1147, 0.0645],[-13.9282,-14.5305,-14.0457,-13.4912,-14.9447],[-0.9257,-0.1921, 0.0967, 0.0654],0.3116
1442,[-0.9389,-0.1803,-0.079 , 0.0729],[-1.3049, 0.3061,-1.6414,-0.7309,-0.5708],[-0.9394,-0.1236,-0.1255, 0.0726],0.2781
1443,[-0.9231,-0.2065, 0.2168, 0.0662],[ 4.6094,-1.3179,41.8884, 4.1602,-0.3383],[-0.9227,-0.2063, 0.2109, 0.0722],0.257
1445,[-0.927 ,-0.2262, 0.3168, 0.0682],[ 1.2963,-0.6709,63.7828, 0.9158, 1.3275],[-0.9241,-0.2354, 0.3199, 0.074 ],0.1872
1450,[-0.9334, 0.2998,-0.0429, 0.0556],[-1.5717,-2.7904,-1.4877,-0.4812,-1.4411],[-0.9381, 0.2512,-0.0021, 0.0546],0.2779
1452,[-0.925 , 0.3146,-0.1199, 0.0698],[-10.0153,-11.4305, -9.421 , -9.9473,-10.5385],[-0.9295, 0.2841,-0.0924, 0.0748],0.2582
1454,[-0.9235, 0.3134,-0.2187, 0.0647],[ -8.9217, -9.4616, -9.1728, -8.9431,-10.041 ],[-0.9262, 0.3   ,-0.2042, 0.0722],0.2086
1456,[-0.9293, 0.3267,-0.3373, 0.0653],[ 1.9760e+00, 2.0877e+00,-5.8620e-01, 1.1583e+01,-1.4895e-03],[-0.9289, 0.3263,-0.3333, 0.077 ],0.1264
1458,[-0.9263, 0.342 ,-0.4155, 0.0677],[20.8757, 3.066 ,-0.6598, 0.5179, 0.5605],[-0.9234, 0.3457,-0.4152, 0.0763],0.0926
1460,[-0.9309,-0.299 , 0.0357, 0.04  ],[-0.6831,-0.7704,-1.4153,-0.5194,-1.1373],[-0.9355,-0.2514,-0.004 , 0.0537],0.2839
1461,[-0.9267,-0.3143, 0.131 , 0.0566],[-4.5719,-3.3651,-5.0006,-4.3327,-4.0783],[-0.9312,-0.2854, 0.1057, 0.0646],0.2447
1463,[-0.9229,-0.3169, 0.2171, 0.0569],[-3.924 ,-4.6516,-4.7453,-4.4111,-5.0876],[-0.9258,-0.3031, 0.2032, 0.065 ],0.2089
1465,[-0.929 ,-0.3468, 0.3291, 0.0705],[ 1.9618,-1.3884, 2.5687, 3.3048,-0.4125],[-0.9296,-0.3434, 0.3215, 0.083 ],0.122
1467,[-0.9156,-0.3544, 0.4313, 0.0309],[ 0.4632,-0.2304,27.2131, 0.4997, 0.2767],[-0.9124,-0.3577, 0.4336, 0.0457],0.095
1472,[-0.9394, 0.4217,-0.1644, 0.0825],[-1.7998,-2.3759,-1.1611,-1.2883,-0.6983],[-0.9472, 0.3813,-0.1287, 0.0961],0.136
1474,[-0.9234, 0.4221,-0.227 , 0.0692],[-7.6411,-7.7154,-6.2335,-7.0465,-7.902 ],[-0.93  , 0.4009,-0.2076, 0.0787],0.1475
1476,[-0.9207, 0.4132,-0.3301, 0.0684],[-6.0653,-6.0455,-6.1211,-5.8829,-7.3663],[-0.9238, 0.4057,-0.3225, 0.0818],0.1097
1481,[-0.9341,-0.4134, 0.1512, 0.0823],[-0.8232,-0.6609,-1.8422,-0.568 ,-0.9586],[-0.9418,-0.3753, 0.1202, 0.0968],0.1597
1483,[-0.9247,-0.4285, 0.2154, 0.0542],[-1.6468,-1.321 ,-2.533 ,-2.1975,-2.4819],[-0.9319,-0.4049, 0.1933, 0.0608],0.1467
1485,[-0.9143,-0.4452, 0.3066, 0.0309],[-0.8147,-1.1141,-0.7979,-0.3186,-1.5482],[-0.9196,-0.4364, 0.3012, 0.0309],0.113
1494,[-0.9153, 0.5012,-0.2376, 0.0305],[-5.0444,-4.7632,-4.5198,-4.8269,-4.8219],[-0.9252, 0.4817,-0.2189, 0.0446],0.119
1500,[-0.9166, 0.0089,-0.0041,-0.0547],[ 3.0000e+00, 4.1870e+00, 3.8704e+00, 6.5673e+02,-5.1441e-01],[-0.9168, 0.0081,-0.0031,-0.0423],0.4495
1501,[-0.9151,-0.0298, 0.0738,-0.0559],[-105.5682,-107.2767,-104.7623,-106.133 ,-105.1721],[-0.915 ,-0.0366, 0.0773,-0.0489],0.429
1502,[-0.9155, 0.0355,-0.0732,-0.0466],[-91.5385,-90.2302,-92.7823,-92.1908,-92.4687],[-0.9155, 0.0414,-0.0763,-0.0424],0.4252
1503,[-0.9246,-0.0275, 0.1882,-0.0408],[-4.1648,-4.9605,-2.9217,-4.411 ,-4.5239],[-0.9223,-0.0545, 0.2099,-0.0455],0.3305
1504,[-0.9271, 0.0272,-0.1884,-0.0483],[-3.877 ,-3.1644,-4.727 ,-3.7436,-4.0444],[-0.9248, 0.0556,-0.211 ,-0.0519],0.3202
1510,[-0.9172, 0.0646,-0.0434,-0.0682],[ 6.9913e+00,-4.7422e-01, 5.2516e+02, 8.3909e-01,-4.3040e-01],[-0.9176, 0.0616,-0.0425,-0.0612],0.4333
1511,[-0.9239, 0.0804, 0.0792,-0.0489],[-6.4941,-7.901 ,-6.8446,-7.3347,-7.5275],[-0.9239, 0.0517, 0.1025,-0.0501],0.382
1512,[-0.9164, 0.0733,-0.0778,-0.0662],[ 1.1434,15.0479, 0.3077, 3.2466, 1.0453],[-0.9166, 0.0738,-0.0751,-0.0593],0.4123
1514,[-0.9195, 0.1306,-0.1916,-0.0482],[ 8.8825e-01, 1.1792e+02,-5.2649e-01, 1.8753e+00, 4.9963e-02],[-0.9185, 0.1398,-0.1962,-0.0446],0.3102
1516,[-0.9306, 0.139 ,-0.2936,-0.0467],[-0.7806, 0.3713,-1.952 , 0.8612,-1.2628],[-0.9266, 0.162 ,-0.3084,-0.0433],0.2175
1520,[-0.9172,-0.066 , 0.0426,-0.0581],[-1.8255e-01, 6.6716e+02,-2.3526e-01, 1.6545e+00, 4.8787e-01],[-0.9176,-0.0626, 0.042 ,-0.0507],0.4321
1521,[-0.9164,-0.0736, 0.0793,-0.0581],[  1.3594,  1.0037, 68.441 ,333.048 ,  1.0906],[-0.9166,-0.0743, 0.0773,-0.0474],0.4118
1522,[-0.9242,-0.0814,-0.0803,-0.0462],[-5.2501,-4.9397,-6.2191,-5.6613,-5.5357],[-0.9242,-0.0518,-0.1046,-0.0491],0.3811
1523,[-0.9198,-0.1276, 0.1913,-0.0467],[-1.8001e-02, 3.8299e-02, 9.4693e+01, 1.5019e+00, 3.9688e-01],[-0.9187,-0.1372, 0.1964,-0.0391],0.3093
1525,[-0.9339,-0.1367, 0.2963,-0.0555],[-0.8845,-1.7144, 1.9434,-0.6864,-0.6411],[-0.9297,-0.1619, 0.3149,-0.0497],0.2077
1530,[-0.9247, 0.1992,-0.0221,-0.0374],[-6.0433,-6.3814,-4.7413,-6.0312,-6.64  ],[-0.9271, 0.1677, 0.006 ,-0.0374],0.3537
1532,[-0.922 , 0.2022,-0.1189,-0.0359],[-15.1108,-15.3892,-15.5349,-14.2446,-16.262 ],[-0.9239, 0.188 ,-0.1007,-0.0326],0.3193
1534,[-0.9205, 0.2011,-0.2131,-0.0338],[ 0.4687,31.5784,-0.8163, 2.6699, 0.0503],[-0.9204, 0.2021,-0.2087,-0.0311],0.2703
1536,[-0.9275, 0.2178,-0.307 ,-0.0328],[ 2.3481, 1.7697,-0.9805,37.6721, 0.7766],[-0.9249, 0.2291,-0.3125,-0.024 ],0.1922
1538,[-0.9278, 0.2617,-0.3971,-0.0407],[-0.1212, 5.7154,-0.8105,-0.7472, 0.6946],[-0.923 , 0.2747,-0.4043,-0.0333],0.1214
1540,[-0.9247,-0.2028, 0.0257,-0.0363],[-5.0415,-4.3251,-5.9547,-5.4044,-5.5572],[-0.9272,-0.1716,-0.0021,-0.0391],0.3525
1541,[-0.9242,-0.2042, 0.1143,-0.0346],[-13.8221,-13.8644,-13.8115,-12.9877,-14.0604],[-0.9262,-0.1887, 0.0969,-0.0344],0.312
1542,[-0.9421,-0.174 ,-0.0684,-0.005 ],[-1.1232,-0.3677,-1.8239,-0.6804,-0.4823],[-0.9431,-0.1185,-0.1162,-0.0207],0.2689
1543,[-0.9228,-0.2059, 0.2121,-0.0371],[ 0.5165,-1.2367, 5.2035,13.0481,-0.8068],[-0.9229,-0.2062, 0.207 ,-0.0332],0.2598
1545,[-0.9243,-0.222 , 0.3136,-0.0109],[ 0.081 ,-0.4301,37.905 , 1.0858, 1.1365],[-0.9215,-0.2327, 0.3191,-0.0099],0.1953
1547,[-0.9146,-0.2287, 0.3893,-0.0249],[ 0.2991,-0.7804, 1.1425, 0.3723, 6.8877],[-0.9093,-0.2425, 0.392 ,-0.0406],0.1618
1550,[-0.9393, 0.299 ,-0.0469,-0.0888],[-1.5164,-2.0767,-0.9006,-1.1657,-1.9002],[-0.9445, 0.2487,-0.0047,-0.1032],0.2556
1552,[-0.924 , 0.3073,-0.1279,-0.0227],[-3.8817,-4.4582,-3.8045,-3.6128,-3.8267],[-0.9286, 0.2804,-0.1023,-0.0246],0.2583
1554,[-0.9258, 0.3184,-0.2136,-0.0173],[-5.3805,-5.9022,-5.9298,-5.02  ,-6.4851],[-0.9292, 0.3046,-0.2003,-0.0144],0.1987
1556,[-0.9176, 0.3295,-0.3366,-0.0188],[ 0.4887, 2.7974,-1.4687, 2.357 ,-0.842 ],[-0.9174, 0.3299,-0.335 ,-0.0169],0.152
1558,[-0.9342, 0.3165,-0.4152,-0.0241],[ 2.2685, 3.4634,-0.0697,17.6204, 0.2152],[-0.9304, 0.3252,-0.4208,-0.0157],0.0795
1560,[-0.9167,-0.298 , 0.048 ,-0.0185],[-1.5311,-0.1187,-1.8126,-1.2688,-1.332 ],[-0.9218,-0.262 , 0.0183,-0.0225],0.3335
1561,[-0.9261,-0.3119, 0.1173,-0.0159],[-3.8177,-2.7269,-3.7661,-2.9116,-3.7033],[-0.931,-0.282, 0.09 ,-0.018],0.2542
1563,[-0.927 ,-0.3235, 0.216 ,-0.0086],[-4.6283,-5.1217,-5.2212,-3.4225,-5.1902],[-0.9304,-0.3091, 0.2017,-0.0059],0.1916
1565,[-0.9225,-0.3343, 0.3488,-0.0015],[ 0.164 ,-1.    , 1.4803, 1.7849,-1.4066],[-0.9221,-0.3352, 0.3457, 0.0022],0.1267
1567,[-0.923 ,-0.3559, 0.4056, 0.    ],[ 1.1463,-0.169 ,26.3509, 2.0709, 0.1418],[-0.9211,-0.359 , 0.4063, 0.001 ],0.099
1572,[-0.9166, 0.4094,-0.1369,-0.0444],[-0.8503,-2.5581,-0.5828,-1.2686,-1.7782],[-0.9251, 0.3788,-0.1124,-0.0578],0.2193
1574,[-0.9244, 0.4192,-0.2353,-0.0136],[-2.935 ,-2.833 ,-0.9894,-1.9948,-2.7006],[-0.931 , 0.4001,-0.2169,-0.0069],0.1401
1576,[-0.9319, 0.4109,-0.3214, 0.    ],[-2.4654,-2.5265,-2.8543,-1.1821,-3.8505],[-0.9354, 0.4024,-0.3125, 0.0052],0.0835
1581,[-0.9194,-0.4114, 0.1157,-0.028 ],[-1.0481,-0.4654,-1.5582,-1.1505,-0.5627],[-0.928 ,-0.3751, 0.0853,-0.0132],0.2234
1583,[-0.9216,-0.3996, 0.2251,-0.007 ],[-1.7061,-0.5412,-2.1754,-1.9694,-1.57  ],[-0.9277,-0.3811, 0.2069,-0.0017],0.1647
1600,[-0.9157, 0.005 ,-0.0023,-0.1665],[-181.3885,-181.2796,-180.4036,-179.8436,-182.1063],[-0.9164, 0.0045,-0.0014,-0.1591],0.454
1601,[-0.9133,-0.0378, 0.0735,-0.1741],[-5.7442,-7.6787,32.3279,31.2929,-6.1431],[-0.9138,-0.0437, 0.0771,-0.1755],0.4273
1602,[-0.9142, 0.038 ,-0.0735,-0.1692],[-58.4568,-56.5772,-59.2088,-57.4604,-58.9764],[-0.9147, 0.044 ,-0.0775,-0.1691],0.4252
1603,[-0.925 ,-0.0257, 0.1938,-0.1549],[-1.6483,-3.0812,-1.1282,-2.2345,-1.9556],[-0.9229,-0.0558, 0.218 ,-0.1603],0.3243
1604,[-0.9233, 0.0368,-0.1848,-0.1655],[-3.2712,-2.9675,-3.889 ,-3.518 ,-3.5014],[-0.9217, 0.0624,-0.2046,-0.1739],0.336
1610,[-0.9146, 0.0666,-0.0423,-0.1537],[-7.4807e-02,-1.1639e+00, 1.4234e+00, 2.6718e+02,-1.0069e+00],[-0.9154, 0.0629,-0.0379,-0.1439],0.4382
1611,[-0.9233, 0.0834, 0.0809,-0.1562],[-4.4957,-5.4373,-2.3914,-4.2643,-4.2611],[-0.9236, 0.0528, 0.1038,-0.1422],0.3856
1612,[-0.9147, 0.0739,-0.08  ,-0.1628],[  0.4002,  4.3753, -0.646 ,315.4176, -0.5083],[-0.9153, 0.075 ,-0.0782,-0.1523],0.4117
1614,[-0.919 , 0.1276,-0.194 ,-0.1637],[-2.704 ,-0.8053,-4.1971,-2.329 ,-3.6458],[-0.9182, 0.1386,-0.2006,-0.1574],0.3086
1616,[-0.9239, 0.138 ,-0.2939,-0.1412],[-1.356 ,-0.5899,-1.8536,-0.5457,-1.5144],[-0.9202, 0.1605,-0.3074,-0.1536],0.2359
1620,[-0.9151,-0.0668, 0.0406,-0.1585],[-66.3767,-66.1959,-65.8754,-65.4674,-65.9264],[-0.9159,-0.0627, 0.0353,-0.1505],0.4383
1621,[-0.9147,-0.0738, 0.0856,-0.171 ],[ 0.5704,-0.469 , 1.953 ,61.3563,-0.5052],[-0.9153,-0.0758, 0.0844,-0.1589],0.4098
1622,[-0.9172,-0.0685,-0.0726,-0.1499],[-4.1324,-3.581 ,-4.9228,-4.5017,-4.5064],[-0.9175,-0.0444,-0.0963,-0.147 ],0.4187
1623,[-0.9175,-0.1296, 0.1918,-0.1682],[ 2.3617,-1.6793,11.3227, 1.8857,-1.5378],[-0.9168,-0.1396, 0.1964,-0.1604],0.3177
1625,[-0.9222,-0.1089, 0.3018,-0.216 ],[ 0.0552,-1.505 ,-0.1428,-0.0446,-0.8079],[-0.9179,-0.1369, 0.3207,-0.2234],0.2579
1630,[-0.926 , 0.1999,-0.0057,-0.1711],[-2.5362,-3.2837,-1.8882,-2.637 ,-2.478 ],[-0.929 , 0.1646, 0.0242,-0.1677],0.3417
1631,[-0.9327, 0.1678, 0.0787,-0.1718],[-0.74  ,-0.7599,-0.4234,-0.2209,-0.7699],[-0.9343, 0.1184, 0.1188,-0.1882],0.3025
1632,[-0.9192, 0.1862,-0.1317,-0.1557],[-9.3507,-9.3186,-9.286 ,-8.9423,-9.939 ],[-0.921 , 0.1781,-0.1194,-0.1468],0.327
1634,[-0.92  , 0.1895,-0.216 ,-0.1637],[ 0.2833, 1.2766,-1.2036,10.3405,-0.5968],[-0.92  , 0.1938,-0.2129,-0.1546],0.2758
1636,[-0.9251, 0.2042,-0.3056,-0.173 ],[ 0.1568,21.2216,-0.3739, 2.4388,-0.2458],[-0.9225, 0.2186,-0.3117,-0.1642],0.2021
1640,[-0.9167,-0.1778, 0.0355,-0.1532],[-2.5605,-2.3498,-3.642 ,-2.6923,-3.1234],[-0.9191,-0.1566, 0.0227,-0.1532],0.3927
1641,[-0.9198,-0.194 , 0.1188,-0.1584],[-9.1286,-9.0825,-9.2461,-9.0816,-9.8577],[-0.9219,-0.1824, 0.1023,-0.1495],0.3289
1643,[-0.9174,-0.193 , 0.211 ,-0.1644],[-2.0332,-4.0329,-1.4204,-0.0443,-3.7203],[-0.9176,-0.1961, 0.2081,-0.1545],0.2823
1645,[-0.9154,-0.1771, 0.3142,-0.134 ],[ 0.7012,-0.4245,20.0783, 2.1021,-0.5765],[-0.9117,-0.1934, 0.324 ,-0.118 ],0.2272
1650,[-0.9196, 0.3016,-0.031 ,-0.1254],[-0.5862,-1.0038, 0.0308,-0.9506,-1.0182],[-0.9253, 0.2609, 0.0024,-0.1416],0.327
1656,[-0.9162, 0.2916,-0.3179,-0.1739],[ 0.2733, 2.1666,-1.6141, 3.1211,-2.0218],[-0.9161, 0.295 ,-0.3086,-0.1582],0.1962
1661,[-0.9126,-0.2828, 0.0978,-0.1357],[-1.7951,-1.7105,-2.3458,-1.4653,-2.2088],[-0.9172,-0.2597, 0.084 ,-0.1194],0.3212
1663,[-0.9115,-0.2864, 0.2103,-0.1428],[-3.4163,-3.4708,-3.0503,-2.9586,-4.0539],[-0.9146,-0.2769, 0.1856,-0.1264],0.2652
1700,[-0.9178, 0.0016,-0.0017,-0.2734],[-138.264 ,-137.6791,-138.4865,-137.2129,-139.0626],[-0.919 , 0.0017,-0.0018,-0.2674],0.4478
1701,[-0.9153,-0.0432, 0.0761,-0.2668],[-27.165 ,-28.3122,-26.5737,-26.0168,-28.0993],[-0.9162,-0.0494, 0.0805,-0.2659],0.4233
1702,[-0.9167, 0.0411,-0.0749,-0.272 ],[-34.1849,-33.0811,-34.7942,-33.5919,-35.0436],[-0.9176, 0.0476,-0.0798,-0.2717],0.4202
1710,[-0.9155, 0.0632,-0.0449,-0.2774],[-19.6878,-20.0882,-19.4831,-19.5354,-20.8751],[-0.9168, 0.0606,-0.041 ,-0.27  ],0.435
1712,[-0.9162, 0.0759,-0.089 ,-0.2787],[-69.4265,-69.1674,-69.9751,-68.3184,-70.2186],[-0.9172, 0.0788,-0.0896,-0.2699],0.4019
1714,[-0.9164, 0.1242,-0.1856,-0.2953],[-1.0287, 1.1972,-2.7146, 0.3609,-3.4282],[-0.9163, 0.1353,-0.1932,-0.2834],0.3212
1720,[-0.917 ,-0.0645, 0.0423,-0.2818],[-45.7307,-45.1979,-45.5419,-45.3001,-46.5633],[-0.9183,-0.0611, 0.0374,-0.2727],0.4321
1721,[-0.9159,-0.0761, 0.0918,-0.2768],[-138.3497,-139.7574,-138.4031,-137.6866,-139.1846],[-0.9169,-0.0794, 0.0924,-0.27  ],0.4008
1723,[-0.9181,-0.1382, 0.1836,-0.2931],[ 0.4928,-1.0693,18.2367, 2.2035,-1.0485],[-0.9182,-0.1474, 0.1917,-0.2787],0.3192
1725,[-0.9133,-0.1542, 0.3417,-0.2665],[-0.686 ,-1.0325,-0.1089,-0.415 ,-1.211 ],[-0.9085,-0.1771, 0.3529,-0.2834],0.2095
1732,[-0.9426, 0.2292,-0.1309,-0.2799],[-6.7441,-7.1589,-6.8005,-6.4227,-7.4065],[-0.946 , 0.2069,-0.0951,-0.2631],0.2289
1734,[-0.922 , 0.2257,-0.2103,-0.3173],[-0.1614, 2.216 ,-2.3408, 2.8663,-2.2646],[-0.9238, 0.2253,-0.2016,-0.3042],0.2544
1736,[-0.9241, 0.2403,-0.3284,-0.26  ],[ 1.6693, 2.4255,-0.712 ,19.0799,-0.3231],[-0.922 , 0.2533,-0.333 ,-0.255 ],0.1844
1743,[-0.9185,-0.1763, 0.2137,-0.2704],[-2.1252,-4.0177,-2.0932,-1.7191,-4.725 ],[-0.9184,-0.1839, 0.2187,-0.2551],0.2873
1800,[-0.9233,-0.0084,-0.0072,-0.3922],[-38.8693,-38.7596,-39.1445,-38.1518,-40.1751],[-0.925 ,-0.0041,-0.0168,-0.3753],0.4282
1810,[-0.9143, 0.0672,-0.0365,-0.3816],[-4.703 ,-5.6143,-4.5702,-3.6236,-5.7528],[-0.9161, 0.0606,-0.0178,-0.3641],0.4581
1812,[-0.9121, 0.0999,-0.1108,-0.3777],[-13.3534,-14.0032,-14.0161,-12.6264,-14.5265],[-0.9136, 0.1029,-0.1098,-0.3602],0.3848
1820,[-0.9176,-0.0609, 0.0401,-0.4037],[-13.7658,-13.7469,-15.0131,-13.4173,-15.8023],[-0.9195,-0.0576, 0.0337,-0.4136],0.4355
1821,[-0.9137,-0.0651, 0.0652,-0.4033],[-35.3569,-35.7927,-35.3802,-35.0459,-36.6863],[-0.9155,-0.0661, 0.0641,-0.3924],0.4278
1834,[-0.9159, 0.2733,-0.2559,-0.4097],[ 0.2661, 2.3973,-0.1065,12.7724,-0.9866],[-0.9179, 0.2755,-0.2533,-0.3967],0.2219
1854,[-0.9187, 0.2785,-0.2468,-0.379 ],[-1.3605,-0.7477,-1.4885,-0.1448,-2.3264],[-0.9212, 0.2778,-0.2353,-0.3615],0.2228
2200,[-0.8982, 0.0052,-0.0013, 0.2686],[-63.801 ,-63.8927,-63.6222,-64.1672,-63.2518],[-0.8971, 0.0047,-0.0016, 0.2648],0.3799
2201,[-0.8976,-0.0338, 0.074 , 0.2594],[-16.4936,-17.0852,-15.5415,-16.4551,-15.5588],[-0.8961,-0.0383, 0.0792, 0.2557],0.3541
2202,[-0.8938, 0.039 ,-0.0666, 0.2644],[-14.3055,-13.3416,-14.6448,-14.3524,-13.6978],[-0.8925, 0.0417,-0.0688, 0.2566],0.3422
2210,[-0.9048, 0.0611,-0.0414, 0.2573],[-9.1586,-9.7167,-9.4574,-9.7979,-9.1792],[-0.9038, 0.0577,-0.0362, 0.2522],0.3976
2212,[-0.9017, 0.0979,-0.1052, 0.2608],[-16.7096,-16.7626,-17.7026,-17.368 ,-16.5033],[-0.9006, 0.0971,-0.1007, 0.2514],0.3365
2214,[-0.9097, 0.1528,-0.1711, 0.2566],[-0.0943, 0.6761,-1.8147,-1.1883, 0.4778],[-0.9086, 0.1513,-0.1549, 0.264 ],0.3181
2220,[-0.9001,-0.057 , 0.0485, 0.2718],[-6.2192,-5.5634,-6.5961,-6.5178,-5.6449],[-0.899 ,-0.0545, 0.0393, 0.2714],0.3774
2221,[-0.8966,-0.0638, 0.0907, 0.269 ],[-8.3102,-8.5823,-7.6115,-9.1229,-8.3755],[-0.8951,-0.0657, 0.0897, 0.2719],0.3329
2234,[-0.9105, 0.2172,-0.2186, 0.2671],[-0.0328, 2.1333,-0.4986,-0.1153, 1.4964],[-0.9099, 0.2132,-0.2002, 0.2532],0.2712
2241,[-0.9081,-0.1798, 0.1532, 0.2738],[-1.413 ,-1.1262,-1.9046,-2.1458,-0.9   ],[-0.9076,-0.1751, 0.1542, 0.2603],0.3026
2243,[-0.9069,-0.1816, 0.191 , 0.2673],[-0.3911,-1.3242, 0.6604,-0.867 , 1.0495],[-0.9058,-0.18  , 0.1849, 0.2651],0.2789
2245,[-0.9054,-0.2481, 0.3597, 0.2634],[ 0.2699,-1.2754, 3.6245, 0.5105, 1.9598],[-0.9015,-0.2529, 0.3481, 0.2577],0.1522
2254,[-0.9053, 0.3005,-0.243 , 0.2589],[ 1.4251, 0.7251, 0.9135, 0.9574,11.0039],[-0.9067, 0.2908,-0.2203, 0.252 ],0.2123
2263,[-0.9038,-0.3343, 0.2535, 0.2568],[ 1.0541, 0.9468, 1.424 ,-0.1277, 1.2104],[-0.9061,-0.323 , 0.2296, 0.2584],0.1905
2300,[-0.9077, 0.0199,-0.0183, 0.1485],[-319.7527,-319.5418,-319.6219,-320.268 ,-318.3497],[-0.9071, 0.0195,-0.0176, 0.1413],0.4198
2301,[-0.9074,-0.0449, 0.0695, 0.1452],[-84.4157,-84.9271,-83.4085,-85.0921,-83.7322],[-0.9066,-0.0477, 0.0703, 0.1426],0.3998
2302,[-0.9084, 0.0471,-0.0692, 0.1439],[-101.8609,-100.6911,-102.7138,-101.8868, -99.6094],[-0.9076, 0.0496,-0.0696, 0.1422],0.4039
2303,[-0.9074,-0.0331, 0.1746, 0.1422],[-4.1778,-4.8832,-3.5283,-4.1664,-4.0861],[-0.905 ,-0.05  , 0.1798, 0.1468],0.3396
2304,[-0.8917, 0.0323,-0.2149, 0.1529],[-2.7544,-1.7897,-3.0656,-1.9187,-1.836 ],[-0.8882, 0.0509,-0.2246, 0.1673],0.2522
2310,[-0.9058, 0.0656,-0.0394, 0.1662],[-42.4448,-42.6673,-42.0638,-42.8731,-42.2292],[-0.9053, 0.0611,-0.0317, 0.1589],0.4052
2311,[-0.9015, 0.0705, 0.0922, 0.1507],[-3.2423,-4.3447,-3.2681,-3.5226,-3.0699],[-0.9004, 0.0487, 0.1139, 0.1454],0.3519
2312,[-0.9059, 0.0703,-0.089 , 0.1574],[-124.8111,-124.1619,-125.8746,-125.0309,-124.1017],[-0.905 , 0.0719,-0.0873, 0.1512],0.3735
2314,[-0.9005, 0.1278,-0.1997, 0.1739],[-4.8461,-3.5432,-6.1487,-5.9645,-4.3545],[-0.8986, 0.1339,-0.1961, 0.1708],0.2679
2320,[-0.9088,-0.0613, 0.0459, 0.1502],[-19.6261,-19.309 ,-18.9958,-19.5124,-18.0839],[-0.9083,-0.0587, 0.0429, 0.1477],0.4149
2321,[-0.9073,-0.069 , 0.0813, 0.1468],[-49.2998,-49.9401,-48.4259,-49.2762,-48.2665],[-0.9066,-0.0699, 0.0795, 0.1403],0.3851
2322,[-0.9   ,-0.0801,-0.0725, 0.2269],[-2.3786,-2.302 ,-3.7648,-2.8312,-2.1479],[-0.899 ,-0.0616,-0.0753, 0.2381],0.3584
2323,[-0.9018,-0.1446, 0.1932, 0.1455],[-6.7763,-8.4903,-6.3949,-7.0901,-5.6195],[-0.9004,-0.1486, 0.1915, 0.1455],0.2701
2325,[-0.9031,-0.1488, 0.3151, 0.1464],[-1.9609,-3.0555,-0.0352,-2.3145,-1.4501],[-0.8981,-0.1633, 0.3224, 0.1497],0.1941
2330,[-0.8965, 0.1943,-0.035 , 0.1512],[-4.0515,-4.758 ,-2.4745,-3.7922,-3.1829],[-0.8981, 0.1747,-0.0217, 0.139 ],0.3265
2332,[-0.8958, 0.2284,-0.116 , 0.1515],[-1.0241,-2.5189,-1.3614,-2.3636, 0.4287],[-0.8976, 0.2145,-0.1011, 0.1445],0.2709
2334,[-0.8966, 0.2359,-0.2112, 0.159 ],[ 4.5787, 3.4105,-1.0673,-0.9676, 5.7632],[-0.897 , 0.231 ,-0.1968, 0.1533],0.2173
2336,[-0.8984, 0.2562,-0.2941, 0.1496],[-0.2463, 8.0261,-1.3555, 1.4016, 2.0215],[-0.8971, 0.2569,-0.2842, 0.1548],0.1658
2340,[-0.9093,-0.2121, 0.0273, 0.1505],[-2.4667,-1.7075,-2.6881,-2.5292,-2.169 ],[-0.9112,-0.1858, 0.0031, 0.1576],0.377
2341,[-0.9045,-0.2285, 0.1333, 0.1402],[-2.3641,-3.5332,-3.4706,-3.5905,-2.1374],[-0.9061,-0.2158, 0.1197, 0.1305],0.2943
2343,[-0.8949,-0.212 , 0.2159, 0.1496],[ 1.1469,-0.4775, 4.3057, 0.0775,14.6401],[-0.8945,-0.2104, 0.2064, 0.1435],0.2139
2345,[-0.8937,-0.2304, 0.3063, 0.1582],[ 0.2372,-1.213 ,12.3871,-0.7816, 3.832 ],[-0.8912,-0.2345, 0.3001, 0.161 ],0.1496
2352,[-0.8935, 0.3131,-0.1337, 0.1474],[-0.9776,-2.3649, 1.7889,-1.5735,-0.2665],[-0.8976, 0.2943,-0.1195, 0.1471],0.2261
2354,[-0.8927, 0.3181,-0.2268, 0.1579],[ 2.6938, 1.8405, 0.9462, 0.1514,33.0089],[-0.8954, 0.3079,-0.2083, 0.1527],0.1718
2356,[-0.8921, 0.3315,-0.3236, 0.1641],[ 0.2838,29.6973,-0.1858, 1.0486, 0.997 ],[-0.8923, 0.3282,-0.3105, 0.1736],0.1063
2358,[-0.9058, 0.3636,-0.4024, 0.1569],[ 2.1173, 7.289 ,-1.1138,-0.2228, 1.8843],[-0.9042, 0.363 ,-0.396 , 0.1654],0.0864
2361,[-0.8992,-0.3063, 0.1382, 0.1455],[-0.7381,-0.5802,-2.3402,-1.1057,-0.1179],[-0.9031,-0.2878, 0.1242, 0.143 ],0.2465
2363,[-0.8993,-0.312 , 0.2229, 0.1598],[0.7741,1.0492,1.5148,0.6602,8.7199],[-0.9016,-0.3018, 0.21  , 0.1566],0.1948
2365,[-0.8927,-0.3353, 0.3209, 0.1714],[ 0.4769,-0.3572,17.0011, 0.8984, 1.1436],[-0.8932,-0.3318, 0.3062, 0.1808],0.1104
2367,[-0.8873,-0.364 , 0.3995, 0.1399],[ 0.0804,-0.919 ,13.0408, 0.0912, 0.934 ],[-0.886 ,-0.3635, 0.3908, 0.149 ],0.0374
2372,[-0.8799, 0.4025,-0.1366, 0.1343],[-1.4522,-1.5172,-0.2031,-1.7961,-1.0279],[-0.8873, 0.3814,-0.1223, 0.1477],0.15
2374,[-0.8834, 0.4018,-0.2237, 0.1484],[-0.2802,-1.1411, 1.1491,-0.8761,-0.3002],[-0.889 , 0.3883,-0.2141, 0.1558],0.1131
2376,[-0.8846, 0.4102,-0.3082, 0.14  ],[1.4516,3.6889,0.0523,0.811 ,0.5209],[-0.8884, 0.4028,-0.2948, 0.1539],0.0697
2381,[-0.8903,-0.4102, 0.156 , 0.1498],[-1.0896, 0.0128,-1.1358,-1.2839,-0.9694],[-0.8978,-0.3886, 0.1415, 0.1512],0.1736
2383,[-0.8841,-0.4392, 0.2194, 0.1648],[-0.8572, 0.1963,-1.6308, 0.0404,-0.5364],[-0.8913,-0.4241, 0.2097, 0.1693],0.1063
2385,[-0.8798,-0.3949, 0.3417, 0.1379],[1.1508,0.4987,2.5785,1.7451,1.2877],[-0.8818,-0.3906, 0.3317, 0.1417],0.0399
2400,[-0.9085, 0.0148,-0.013 , 0.0604],[1.2920e+00,9.7057e+00,1.0071e+01,4.8729e-01,1.6459e+03],[-0.9083, 0.0145,-0.0124, 0.0467],0.4298
2401,[-0.908 ,-0.0404, 0.0704, 0.0602],[-36.4831,-37.8953,-33.6691,-37.0725,-35.4031],[-0.9076,-0.0442, 0.0716, 0.0534],0.4052
2402,[-0.9087, 0.0412,-0.0707, 0.0599],[  0.4377,229.9465, -0.917 , -0.2745,  2.0066],[-0.9083, 0.045 ,-0.0717, 0.0522],0.4083
2403,[-0.9007,-0.0465, 0.19  , 0.0324],[-5.4282,-6.5149,-5.4714,-5.7818,-5.4763],[-0.8983,-0.0634, 0.1985, 0.0259],0.2976
2404,[-0.8971, 0.0324,-0.1853, 0.0564],[-3.8126,-2.2593,-4.5061,-3.4393,-2.6156],[-0.8946, 0.0504,-0.198 , 0.0599],0.2892
2410,[-0.9046, 0.0683,-0.0387, 0.0489],[-14.5285,-16.9336,-15.3583,-16.4233,-13.0458],[-0.9046, 0.0638,-0.0322, 0.0378],0.4
2411,[-0.8961, 0.0839, 0.0762, 0.0475],[-8.5298,-9.2087,-8.2663,-8.5825,-8.4531],[-0.8959, 0.0637, 0.0904, 0.0454],0.3377
2412,[-0.9056, 0.0746,-0.0922, 0.0562],[1.1382e+00,8.0734e-01,1.9353e-01,7.4202e-01,3.6598e+02],[-0.9053, 0.0765,-0.0907, 0.0435],0.3708
2414,[-0.9004, 0.1317,-0.1921, 0.037 ],[-10.8465,-10.7035,-13.0593,-12.0091, -9.4656],[-0.8991, 0.1381,-0.1934, 0.032 ],0.2693
2416,[-0.8992, 0.1499,-0.2964, 0.0368],[-0.6346,-0.7405,-3.0684,-0.7514,-0.5914],[-0.8952, 0.1637,-0.3027, 0.0284],0.1929
2420,[-0.907 ,-0.0672, 0.0408, 0.0521],[ 0.8526,-2.3982,-3.9436,-3.5465,61.1693],[-0.907 ,-0.0628, 0.0329, 0.0401],0.4114
2421,[-0.9074,-0.0793, 0.0912, 0.0563],[1.1084e+00,2.6112e-01,1.9427e+00,8.6697e-01,9.6135e+02],[-0.9071,-0.0803, 0.0888, 0.0441],0.378
2422,[-0.8939,-0.0933,-0.0842, 0.0317],[-5.849 ,-5.4099,-7.0501,-6.2787,-5.6527],[-0.8937,-0.0711,-0.1005, 0.0259],0.3208
2423,[-0.9042,-0.1409, 0.1896, 0.0593],[ 3.4852,-1.4751,63.2931,-0.9258, 1.8555],[-0.903 ,-0.1458, 0.1893, 0.0631],0.2822
2425,[-0.899 ,-0.1251, 0.3068, 0.044 ],[-0.2843,-3.5908,-0.8928,-2.5223,-2.0761],[-0.8943,-0.1424, 0.3136, 0.0303],0.1945
2430,[-0.895 , 0.2033,-0.0312, 0.0462],[ -9.335 ,-10.6714, -8.6658,-10.0457, -9.4767],[-0.8973, 0.1823,-0.0152, 0.0386],0.3208
2432,[-0.8963, 0.2179,-0.1144, 0.0524],[ 2.7856,-0.3404, 0.2737, 0.3418,29.8261],[-0.8983, 0.2051,-0.0988, 0.0437],0.2789
2434,[-0.8976, 0.2131,-0.2127, 0.0541],[ 6.6476e-01, 1.1101e+02,-8.1134e-02, 1.3786e+00, 3.4597e+00],[-0.8976, 0.2116,-0.2026, 0.0563],0.2257
2436,[-0.8993, 0.2316,-0.3125, 0.0588],[ 3.2635,25.4466,-1.3098, 1.0407, 1.9876],[-0.8968, 0.2371,-0.3075, 0.0674],0.1635
2438,[-0.9024, 0.261 ,-0.3923, 0.049 ],[-0.4029,11.2458,-0.5627, 0.279 ,-0.454 ],[-0.8978, 0.269 ,-0.3903, 0.0624],0.1137
2440,[-0.894 ,-0.205 , 0.0263, 0.0342],[-5.4705,-4.0463,-6.1789,-4.4051,-5.5739],[-0.8964,-0.1832, 0.0081, 0.029 ],0.3172
2441,[-0.8958,-0.2121, 0.1199, 0.0574],[ 1.179 ,-0.6981,-0.6297,-0.3491,25.5253],[-0.8976,-0.2005, 0.1046, 0.0477],0.276
2442,[-0.8721,-0.1676,-0.0669, 0.0381],[-1.1844, 0.2795,-2.5981,-1.0731,-1.2732],[-0.8732,-0.1435,-0.0851, 0.0492],0.2166
2443,[-0.8976,-0.1979, 0.2064, 0.0662],[  1.3175,  0.1632,133.202 ,  0.5035,  0.394 ],[-0.8974,-0.1974, 0.1981, 0.0683],0.2336
2445,[-0.8929,-0.2215, 0.3104, 0.0632],[-0.2632,-0.5562,46.4286, 0.5388, 0.3412],[-0.8903,-0.2278, 0.3068, 0.0628],0.1468
2450,[-0.9024, 0.301 ,-0.0412, 0.0258],[-1.487 ,-2.8317,-1.3251,-1.8201,-1.3072],[-0.9074, 0.2688,-0.0145, 0.0343],0.3217
2452,[-0.8891, 0.3144,-0.1299, 0.0604],[-2.3628,-4.1219,-0.5779,-2.394 ,-2.2542],[-0.8937, 0.296 ,-0.1142, 0.0653],0.214
2454,[-0.8915, 0.3295,-0.2211, 0.0645],[44.5315, 1.0577, 0.8977, 1.3738, 1.6351],[-0.8948, 0.3194,-0.2087, 0.0724],0.1649
2456,[-0.89  , 0.3349,-0.3206, 0.0631],[ 1.2132,43.3247,-0.2382, 0.8452, 0.9178],[-0.8905, 0.3328,-0.3143, 0.0763],0.0979
2458,[-0.8974, 0.3426,-0.3999, 0.0488],[-0.531 , 6.0719,-1.0317, 5.9632,-0.5162],[-0.8953, 0.3447,-0.3962, 0.0614],0.0692
2460,[-0.9067,-0.2823, 0.0411, 0.0085],[-1.4357,-1.1168,-2.4754, 0.1903,-0.9203],[-0.9111,-0.2513, 0.0177, 0.024 ],0.3464
2461,[-0.8918,-0.3104, 0.1333, 0.05  ],[-0.5355, 3.6432,-2.3495,-1.0002,-0.5536],[-0.8963,-0.2921, 0.1166, 0.0579],0.2236
2463,[-0.8899,-0.3284, 0.2156, 0.0524],[ 1.4477, 1.2261, 1.6384,17.8097, 1.4886],[-0.8933,-0.318 , 0.204 , 0.0652],0.1622
2465,[-0.8957,-0.347 , 0.317 , 0.0553],[ 0.0385,-0.1873,16.7587, 1.3612, 0.6099],[-0.8968,-0.3439, 0.309 , 0.0648],0.115
2467,[-0.8959,-0.3557, 0.4191, 0.0776],[-0.0822,-0.3715,17.1302,-0.3091, 0.1503],[-0.8934,-0.3573, 0.4169, 0.0896],0.0488
2472,[-0.8874, 0.419 ,-0.1484, 0.051 ],[-1.6805,-2.7295,-1.5507,-2.1707,-2.4125],[-0.8957, 0.3969,-0.1315, 0.0547],0.1669
2474,[-0.8845, 0.4236,-0.2266, 0.0534],[-3.1328,-5.1688,-2.9757,-3.4543,-4.5301],[-0.8913, 0.4101,-0.214 , 0.0619],0.1102
2476,[-0.8892, 0.4265,-0.3283, 0.0485],[ 0.9762, 3.625 ,-0.5575, 3.8298,-0.5182],[-0.8931, 0.4209,-0.3202, 0.0621],0.0637
2478,[-0.8864, 0.442 ,-0.4092, 0.0513],[ 0.6441, 8.277 ,-0.806 , 1.1573, 0.6521],[-0.8879, 0.4402,-0.403 , 0.0622],0.0038
2481,[-0.8803,-0.4126, 0.1449, 0.0304],[-1.3686,-0.5292,-2.0043,-0.9674,-0.7467],[-0.8886,-0.392 , 0.1291, 0.0261],0.1469
2483,[-0.8852,-0.4292, 0.2286, 0.0485],[-1.0375, 0.1446,-2.1293, 0.1926,-1.3691],[-0.8922,-0.4158, 0.2169, 0.0533],0.1093
2485,[-0.8908,-0.4096, 0.3383, 0.0521],[ 0.4849,-0.0042, 2.3516, 2.6841, 0.4613],[-0.8937,-0.405 , 0.3302, 0.0645],0.0683
2487,[-0.8859,-0.4233, 0.4002, 0.0492],[ 1.4213,-0.9387, 6.9221, 1.5891, 0.2415],[-0.8869,-0.4218, 0.3959, 0.0626],0.0127
2493,[-0.8831,-0.5194, 0.2374, 0.0733],[-6.1511,-6.1973,-7.0254,-6.4171,-6.4597],[-0.8937,-0.5056, 0.2271, 0.0733],0.0689
2494,[-0.8883, 0.5177,-0.2525, 0.0274],[-8.4945,-8.1602,-7.5335,-7.7506,-8.6616],[-0.8985, 0.5047,-0.2408, 0.0416],0.0775
2495,[-0.8941,-0.5124, 0.2954, 0.0208],[-4.8973,-4.7177,-6.2184,-4.5719,-6.0154],[-0.9029,-0.5028, 0.2841, 0.0258],0.0674
2496,[-0.8669, 0.5174,-0.2801, 0.0156],[-6.4796,-6.6616,-6.9503,-6.6071,-7.4257],[-0.8764, 0.509 ,-0.2718, 0.0305],0.0012
2500,[-0.9079, 0.0116,-0.0044,-0.0514],[2.7140e+00,1.5532e+00,2.1323e+00,2.9070e+00,1.8066e+03],[-0.9082, 0.0104,-0.0021,-0.0669],0.4325
2501,[-0.9073,-0.0283, 0.0688,-0.0714],[ 3.7625e-03,-1.5046e+00, 6.1483e+02, 1.0395e+00,-5.1032e-01],[-0.9074,-0.0339, 0.0703,-0.0843],0.4101
2502,[-0.908 , 0.038 ,-0.0711,-0.0539],[ 2.3790e-01, 7.7001e+02,-2.1535e-01, 1.6652e-01, 1.1354e+00],[-0.9081, 0.0426,-0.0722,-0.0661],0.408
2503,[-0.8978,-0.035 , 0.185 ,-0.0519],[-6.0351,-7.1057,-5.7245,-5.8621,-5.7166],[-0.8958,-0.0532, 0.1959,-0.0525],0.2936
2504,[-0.8941, 0.0256,-0.1881,-0.0526],[-4.4929,-3.9206,-5.9672,-4.5603,-4.1205],[-0.892 , 0.0449,-0.2   ,-0.0591],0.2813
2510,[-0.9035, 0.0735,-0.0396,-0.0694],[ 2.0112e+00,-4.0333e-01, 6.4360e+02, 6.3174e-01, 1.0177e+00],[-0.9041, 0.0693,-0.038 ,-0.0781],0.3928
2511,[-0.8989, 0.083 , 0.077 ,-0.0524],[-11.3013,-12.4558,-10.9575,-11.0845,-11.2036],[-0.8991, 0.0616, 0.0927,-0.0577],0.3506
2512,[-0.9064, 0.0829,-0.0954,-0.0661],[8.4291e-01,2.8948e+03,9.7733e-01,1.0554e+00,1.9346e+00],[-0.9066, 0.0844,-0.0927,-0.0748],0.3718
2514,[-0.8994, 0.1367,-0.1946,-0.0559],[ 1.1073,73.2425,-0.4079, 0.9247, 1.9369],[-0.8984, 0.1433,-0.1961,-0.0606],0.2631
2516,[-0.9036, 0.157 ,-0.2936,-0.0168],[-1.6094, 0.2949,-2.9832,-1.3375,-0.8865],[-0.9   , 0.1709,-0.299 ,-0.0211],0.2081
2520,[-0.9034,-0.0753, 0.0376,-0.062 ],[ 8.9583e-01, 3.3695e+02,-1.6440e-01, 7.5732e-01, 6.3230e+00],[-0.904 ,-0.0706, 0.0354,-0.071 ],0.3933
2521,[-0.9056,-0.0859, 0.0941,-0.0608],[1.2123e+00,8.7848e-01,1.1181e+03,1.0676e+00,1.0422e+00],[-0.9058,-0.0867, 0.0905,-0.0703],0.3686
2522,[-0.8952,-0.0878,-0.0803,-0.0421],[ -9.8781, -9.545 ,-10.9392,-10.3617, -9.6716],[-0.8954,-0.0662,-0.0956,-0.0492],0.3325
2523,[-0.8987,-0.1354, 0.1916,-0.0539],[ 0.5433,-1.097 ,63.1685, 0.5605, 0.398 ],[-0.8978,-0.1418, 0.1928,-0.0553],0.263
2525,[-0.9004,-0.1439, 0.3019,-0.06  ],[-1.3817,-3.7337,-0.8228,-0.6426,-2.2528],[-0.8963,-0.1601, 0.3098,-0.0687],0.1957
2530,[-0.8896, 0.1969,-0.0285,-0.0499],[-10.6709,-11.4078, -9.5114,-10.2276,-10.5541],[-0.8922, 0.1772,-0.0131,-0.0563],0.3023
2531,[-0.904 , 0.1827, 0.058 ,-0.0892],[-1.9263,-2.7891,-1.8339,-2.0009,-2.84  ],[-0.906 , 0.1495, 0.0831,-0.1053],0.3424
2532,[-0.8913, 0.2044,-0.1185,-0.0337],[ 8.5855,-0.7116,-1.1079, 0.2444, 3.4261],[-0.8933, 0.1943,-0.1044,-0.0384],0.2625
2534,[-0.8938, 0.2063,-0.2177,-0.0382],[1.7047e+00,1.6274e+02,1.6231e-01,2.1882e+00,1.0329e+00],[-0.8938, 0.2071,-0.2113,-0.0393],0.2109
2536,[-0.8919, 0.2357,-0.2969,-0.0236],[-0.6038,55.3482,-1.0657, 1.0586,-0.7015],[-0.8902, 0.2407,-0.295 ,-0.025 ],0.1461
2538,[-0.9082, 0.2713,-0.3953,-0.0073],[ 2.0012, 1.4551,-1.5028, 2.0157, 2.9998],[-0.9039, 0.2796,-0.3939, 0.0063],0.1259
2540,[-0.8909,-0.1972, 0.027 ,-0.0492],[ -9.4886, -8.8299,-10.4383, -9.1954, -9.3313],[-0.8935,-0.1773, 0.0128,-0.0568],0.306
2541,[-0.8885,-0.208 , 0.1085,-0.0404],[ 0.6753, 0.0285,-0.136 , 1.6383,12.3698],[-0.8907,-0.1967, 0.0945,-0.0501],0.2563
2542,[-0.8867,-0.1734,-0.074 ,-0.0223],[-2.1109,-1.4649,-3.0963,-1.9474,-2.2972],[-0.8881,-0.1445,-0.0964,-0.0212],0.2667
2543,[-0.8915,-0.2065, 0.2203,-0.0317],[ 2.6213,-0.7482,91.8293, 3.8217, 1.2438],[-0.8914,-0.2074, 0.2137,-0.0319],0.2013
2545,[-0.8903,-0.2264, 0.3083,-0.0373],[ 0.1758,-0.9616,49.4002, 0.6076, 0.2291],[-0.888 ,-0.233 , 0.3062,-0.0378],0.1372
2547,[-0.9045,-0.2538, 0.3914,-0.0553],[-0.112 ,-1.089 ,11.9472, 1.8312,-0.2845],[-0.9001,-0.2642, 0.3894,-0.0696],0.1232
2550,[-0.8819, 0.2958,-0.0413,-0.042 ],[-2.1509,-3.34  ,-1.3449,-1.2883,-2.1667],[-0.8872, 0.2702,-0.022 ,-0.0485],0.2418
2552,[-0.886 , 0.317 ,-0.122 ,-0.0197],[-3.0531,-4.5371,-2.3319,-2.7123,-3.1347],[-0.8911, 0.2982,-0.1052,-0.0205],0.2079
2554,[-0.8877, 0.3339,-0.2176,-0.0185],[1.4808,2.3921,1.8276,6.0068,0.5853],[-0.8916, 0.3243,-0.2072,-0.016 ],0.1528
2556,[-0.8887, 0.3368,-0.3236,-0.0041],[ 0.1422, 4.6771,-0.4897,27.7527, 0.0677],[-0.8892, 0.3359,-0.3214, 0.0033],0.0904
2558,[-0.8935, 0.351 ,-0.3991,-0.0023],[ 0.3309,22.751 ,-0.8609,-0.1894, 0.3891],[-0.8917, 0.3533,-0.3988, 0.0022],0.0542
2560,[-0.8791,-0.2905, 0.0393,-0.0336],[-1.7584,-1.0174,-2.7621,-1.9266,-2.3962],[-0.8842,-0.2655, 0.0194,-0.0348],0.2329
2561,[-0.8839,-0.3147, 0.1179,-0.0301],[-1.3443, 0.0127,-3.7877,-1.6939,-2.0659],[-0.889 ,-0.2961, 0.1019,-0.029 ],0.2029
2563,[-0.8836,-0.3359, 0.2248,-0.0208],[ 1.0759, 1.4245, 2.7981,12.6299, 0.3767],[-0.8874,-0.3269, 0.2129,-0.0138],0.1356
2565,[-0.8837,-0.3319, 0.3291,-0.0147],[ 2.7169,-0.8473,27.0937, 1.0324,-0.3782],[-0.8841,-0.3316, 0.3235,-0.0161],0.0753
2567,[-0.8953,-0.3167, 0.3937, 0.    ],[-0.0619,-0.3944,31.0112,-0.1134, 0.7249],[-0.8924,-0.3209, 0.3936, 0.0014],0.0727
2572,[-0.8847, 0.4096,-0.1395,-0.0385],[-1.6233,-2.8007,-1.3967,-1.4811,-2.342 ],[-0.8932, 0.3878,-0.121 ,-0.0388],0.1669
2574,[-0.8838, 0.4261,-0.2311,-0.0123],[-2.2612,-3.0756,-0.7899,-1.3263,-3.0187],[-0.8909, 0.4136,-0.2196,-0.0103],0.1049
2576,[-0.886 , 0.4197,-0.344 ,-0.0094],[ 0.0623, 0.7324,-1.0251, 4.0356,-1.3224],[-0.8891, 0.4163,-0.3402,-0.0068],0.0453
2578,[-0.8846, 0.4341,-0.4341, 0.    ],[ 5.627 ,18.3882,-0.6954, 1.8466,-0.9257],[-0.8847, 0.4341,-0.4327, 0.0052],-0.0145
2581,[-0.8909,-0.4143, 0.1499,-0.0175],[-1.3951,-0.3095,-2.0116,-1.3112,-1.5068],[-0.8994,-0.3921, 0.1309,-0.0139],0.1815
2583,[-0.8829,-0.4183, 0.2267,-0.0176],[-1.5621,-0.5382,-2.0571,-0.645 ,-1.398 ],[-0.8898,-0.4058, 0.2156,-0.0197],0.1072
2585,[-0.8864,-0.4084, 0.34  ,-0.0065],[-0.0964,-0.3701, 1.3915, 0.8201,-0.9373],[-0.8892,-0.4051, 0.3357,-0.0048],0.0522
2587,[-0.8781,-0.4422, 0.4108, 0.    ],[ 1.6837,-1.1812, 2.4094, 4.887 ,-1.0877],[-0.8795,-0.4413, 0.4076, 0.0078],-0.0184
2593,[-0.8806,-0.5124, 0.2052,-0.0049],[-6.627 ,-5.9722,-7.064 ,-7.2371,-7.1786],[-0.892 ,-0.4965, 0.1935,-0.0049],0.0823
2594,[-0.8893, 0.5333,-0.2705, 0.    ],[-8.4517,-9.3381,-9.4924,-9.577 ,-8.5833],[-0.8998, 0.5224,-0.2601, 0.0078],0.063
2595,[-0.8822,-0.5325, 0.3209, 0.    ],[-5.7503,-5.9775,-5.8167,-5.5069,-5.7935],[-0.891 ,-0.5263, 0.3144, 0.0052],0.0131
2600,[-0.9031, 0.0041,-0.0018,-0.1742],[  1.4328,227.4199,228.0942,  1.0565,  1.8461],[-9.0390e-01, 3.6771e-03,-5.4604e-04,-1.8336e-01],0.4152
2601,[-0.9073,-0.0359, 0.072 ,-0.161 ],[ -7.4048, -9.2548,137.8461, -8.1101, -8.7492],[-0.9078,-0.0414, 0.0749,-0.1719],0.4064
2602,[-0.9062, 0.0368,-0.0716,-0.1625],[-49.7682,-48.9573,-51.122 ,-50.2009,-50.3144],[-0.9067, 0.042 ,-0.0742,-0.1702],0.4013
2603,[-0.9004,-0.0278, 0.1831,-0.1551],[-4.3453,-5.5896,-4.5191,-3.8644,-3.869 ],[-0.8989,-0.0482, 0.1948,-0.164 ],0.3078
2604,[-0.8907, 0.029 ,-0.1734,-0.1355],[-5.0898,-4.4971,-5.8678,-5.3846,-5.561 ],[-0.8894, 0.0459,-0.1811,-0.1436],0.278
2610,[-0.9047, 0.0689,-0.0439,-0.1653],[ 6.8027e-01,-2.3693e-01, 6.1740e+02, 8.1931e-01, 3.6551e+00],[-0.9057, 0.0661,-0.0439,-0.1723],0.3996
2611,[-0.8919, 0.0821, 0.0758,-0.1619],[-8.7647,-9.7664,-8.7207,-8.5216,-9.418 ],[-0.8926, 0.0619, 0.0898,-0.1656],0.3251
2612,[-0.907 , 0.0827,-0.0867,-0.1586],[8.2805e-01,9.3975e+02,5.6943e-01,8.3325e-01,8.3427e-01],[-0.9077, 0.0833,-0.0829,-0.1653],0.3818
2614,[-0.8987, 0.136 ,-0.1934,-0.1565],[ 0.3007, 7.2573,-2.0955, 6.243 , 0.3149],[-0.8981, 0.1432,-0.1941,-0.1552],0.2631
2616,[-0.9042, 0.15  ,-0.2924,-0.1775],[-2.4734,-1.0055,-2.5643,-1.7162,-2.3103],[-0.9009, 0.1665,-0.3008,-0.1722],0.2124
2620,[-0.9014,-0.0718, 0.0391,-0.1738],[ 2.6706e+00, 3.0803e+02,-4.1779e-02, 8.2235e-01, 1.1647e+00],[-0.9024,-0.0681, 0.0384,-0.1799],0.3864
2621,[-0.9059,-0.0813, 0.09  ,-0.168 ],[1.7362e+01,1.1225e-02,7.8691e+02,1.6614e+00,4.2657e-01],[-0.9066,-0.0827, 0.0873,-0.1748],0.3756
2622,[-0.8925,-0.0714,-0.0695,-0.1753],[ -9.3041, -8.6441,-10.1335, -9.4015, -9.5477],[-0.8932,-0.0538,-0.0784,-0.1808],0.337
2623,[-0.8993,-0.1287, 0.1862,-0.1566],[ 0.0814,-1.6765, 6.0115, 7.705 , 0.6793],[-0.8988,-0.1361, 0.1874,-0.1506],0.2719
2625,[-0.8992,-0.1444, 0.2826,-0.1871],[-1.4102,-2.9054,-0.7839,-1.6865,-2.6827],[-0.8962,-0.1596, 0.2871,-0.1716],0.205
2630,[-0.8932, 0.197 ,-0.0251,-0.1634],[-7.0548,-8.4503,-7.177 ,-7.8252,-7.8018],[-0.8962, 0.1763,-0.01  ,-0.1623],0.3185
2632,[-0.8941, 0.1905,-0.1236,-0.1711],[ 0.8417,-0.6711,-1.3386,22.0768, 0.1097],[-0.8962, 0.1823,-0.1071,-0.1661],0.2781
2634,[-0.8927, 0.2008,-0.2082,-0.1607],[  0.9206,191.521 , -0.3397,  4.929 ,  0.6862],[-0.8933, 0.2018,-0.1994,-0.1651],0.2164
2636,[-0.8927, 0.2202,-0.2958,-0.177 ],[ 0.1907,20.0618,-1.1909, 5.4859,-0.3791],[-0.8912, 0.2279,-0.2919,-0.1768],0.1562
2640,[-0.8888,-0.1952, 0.0327,-0.1542],[-7.6727,-7.5943,-9.0564,-8.4782,-8.1414],[-0.8918,-0.177 , 0.0219,-0.1548],0.2996
2641,[-0.8939,-0.1996, 0.1182,-0.1705],[ 0.5403,-1.2526, 0.1034, 8.2761,-0.1471],[-0.8963,-0.1902, 0.1032,-0.1646],0.2767
2643,[-0.8942,-0.2061, 0.2075,-0.1636],[ 0.2726,-0.2206,90.176 , 1.1232, 1.0142],[-0.895 ,-0.2066, 0.1988,-0.1684],0.2209
2645,[-0.8844,-0.2261, 0.3081,-0.1703],[ 1.8097e-01,-1.0252e+00, 2.5300e+01,-4.0829e-03,-5.7382e-01],[-0.8827,-0.2335, 0.3028,-0.1732],0.1216
2650,[-0.8908, 0.2975,-0.0498,-0.1543],[-0.828 ,-1.3065,-1.0024,-0.1554,-0.8402],[-0.8964, 0.2711,-0.0307,-0.1386],0.2717
2652,[-0.8753, 0.3126,-0.0977,-0.1738],[-1.8851,-3.1242,-1.1125,-1.5725,-2.5879],[-0.8813, 0.2938,-0.0824,-0.1746],0.1846
2654,[-0.8755, 0.33  ,-0.2165,-0.1383],[ 0.2614, 2.3926, 0.0617, 2.523 ,-0.065 ],[-0.8797, 0.3224,-0.2079,-0.1373],0.1146
2660,[-0.9013,-0.2865, 0.0463,-0.1511],[-0.5685,-0.8763,-1.3458,-0.3569,-0.5666],[-0.9066,-0.2576, 0.0239,-0.1348],0.3215
2661,[-0.8814,-0.3092, 0.1197,-0.1588],[-2.2637,-1.5681,-3.7065,-2.0507,-2.6307],[-0.8869,-0.2924, 0.107 ,-0.1584],0.1945
2663,[-0.8832,-0.309 , 0.2298,-0.1637],[ 0.9177,-0.4311, 0.8525, 1.9217, 0.0218],[-0.8866,-0.303 , 0.2142,-0.1607],0.1429
2665,[-0.8842,-0.3009, 0.3121,-0.1507],[-0.0204,-0.0721,14.5724, 1.4313, 0.1495],[-0.8846,-0.3023, 0.3009,-0.1569],0.0987
2681,[-0.8765,-0.4191, 0.1494,-0.1327],[-0.3703,-0.0722,-0.6021,-0.3758,-0.3735],[-0.8856,-0.4004, 0.136 ,-0.1259],0.1308
2700,[-8.9564e-01,-2.4913e-03, 3.5403e-04,-2.8106e-01],[-13.0606,-15.1312,-13.953 ,-13.701 ,-16.0319],[-8.9687e-01,-2.2051e-03, 1.2691e-04,-2.7725e-01],0.386
2701,[-0.8958,-0.0369, 0.076 ,-0.2756],[-39.5314,-40.6722,-38.411 ,-39.2804,-40.1723],[-0.8967,-0.0425, 0.0791,-0.2778],0.3559
2702,[-0.8945, 0.0308,-0.077 ,-0.2778],[-30.3968,-29.2504,-31.4503,-30.0353,-30.4771],[-0.8954, 0.0374,-0.0807,-0.2796],0.3514
2703,[-0.87  ,-0.0554, 0.1705,-0.2744],[-3.9903,-4.5875,-3.1788,-3.8795,-4.1657],[-0.8694,-0.0678, 0.176 ,-0.2853],0.1972
2710,[-0.8936, 0.0697,-0.0408,-0.2922],[-4.59  ,-5.2978,77.5009,-3.7916,-5.9872],[-0.895 , 0.0669,-0.0403,-0.2916],0.355
2712,[-0.8972, 0.0763,-0.0851,-0.2933],[  0.3958,216.7532,  0.7109,  1.3946,  0.5504],[-0.8983, 0.0781,-0.0827,-0.2954],0.3454
2714,[-0.9078, 0.1266,-0.1913,-0.2784],[ 0.6191,31.0516,-0.7666, 2.5237,-1.0748],[-0.9076, 0.137 ,-0.1977,-0.2797],0.3001
2720,[-0.8952,-0.0683, 0.0394,-0.2856],[-5.6563,-6.5143,-7.4899,-6.4879,-7.8775],[-0.8966,-0.0651, 0.0364,-0.2834],0.3644
2721,[-0.8992,-0.0758, 0.0858,-0.2858],[ 9.9486e-01,-5.4646e-03, 1.7320e+02, 4.7504e+00, 1.7198e+00],[-0.9003,-0.0777, 0.0835,-0.2881],0.3532
2722,[-0.8884,-0.0805,-0.0675,-0.2578],[-7.3159,-6.6184,-7.9171,-6.9014,-7.6248],[-0.8896,-0.0621,-0.08  ,-0.271 ],0.3159
2723,[-0.8905,-0.1101, 0.1847,-0.2924],[ 9.6804,-1.5614, 7.8597, 5.3814,-0.1881],[-0.8903,-0.12  , 0.1877,-0.2864],0.2476
2732,[-0.8761, 0.1773,-0.1288,-0.2891],[ 0.0313,-0.3142,-0.4335, 2.0368,-1.082 ],[-0.8783, 0.1729,-0.1186,-0.2798],0.2098
2734,[-0.8917, 0.1872,-0.2089,-0.3322],[ 0.8012,35.8317,-0.4447, 1.64  , 0.4095],[-0.8924, 0.1923,-0.2089,-0.3417],0.2133
2736,[-0.8983, 0.1966,-0.2966,-0.2584],[ 1.1834, 0.8907,-1.2284,12.0089,-1.3744],[-0.8962, 0.2081,-0.2993,-0.2531],0.1774
2740,[-0.8691,-0.1888, 0.0266,-0.2627],[-3.7666,-3.2531,-4.5449,-4.3345,-4.7408],[-0.8724,-0.1733, 0.0178,-0.2619],0.229
2741,[-0.8776,-0.1895, 0.1244,-0.2704],[-0.1796,-0.7962,-0.2659, 2.0523,-1.2635],[-0.8799,-0.1839, 0.1174,-0.2537],0.2107
2743,[-0.8819,-0.2149, 0.2097,-0.2916],[ 1.3008,-0.2917,20.4806, 3.6857,-0.1037],[-0.8832,-0.2162, 0.2062,-0.287 ],0.1717
2745,[-0.8961,-0.2133, 0.3457,-0.2766],[ 0.08  ,-1.8947, 6.5452, 9.3229, 0.0386],[-0.8927,-0.2269, 0.3457,-0.2721],0.1371
2800,[-0.8761,-0.004 ,-0.0011,-0.407 ],[ 2.7564, 1.3346, 2.5355,89.154 , 0.8265],[-0.8778,-0.0034,-0.0018,-0.3959],0.3026
2801,[-0.8764,-0.0348, 0.0697,-0.4291],[-0.253 ,-1.0907,36.799 , 4.6057,-0.8672],[-0.878 ,-0.0396, 0.0729,-0.4255],0.2821
2802,[-0.8822, 0.0434,-0.0921,-0.407 ],[ 0.1039,66.8589,-0.5473, 0.4155, 0.4304],[-0.8835, 0.0505,-0.0977,-0.4173],0.2906
2810,[-0.8856, 0.0755,-0.0373,-0.386 ],[ 0.4734, 0.0288, 5.4017,10.123 ,-0.3911],[-0.8875, 0.0719,-0.0359,-0.3785],0.3214
2811,[-0.8805, 0.067 , 0.0572,-0.3764],[-3.7423,-4.7068,-3.0151,-3.8913,-4.1878],[-0.8821, 0.0524, 0.0663,-0.3604],0.2957
2812,[-0.8903, 0.0829,-0.0943,-0.3983],[  1.2267,  1.7551,  0.348 ,120.4738,  0.6332],[-0.8919, 0.0853,-0.0919,-0.3908],0.311
2820,[-0.8795,-0.0699, 0.0372,-0.4094],[ 1.7785,75.708 , 0.3359, 2.3528,-0.079 ],[-0.8815,-0.0669, 0.0357,-0.4078],0.3013
2821,[-0.8851,-0.0771, 0.0826,-0.4059],[ 1.6186, 0.7856, 2.7529,92.9988, 0.3588],[-0.8868,-0.0786, 0.081 ,-0.3974],0.2981
2834,[-0.9088, 0.2399,-0.2691,-0.4015],[ 1.5718,23.7702,-0.1339, 2.8621, 0.0258],[-0.9093, 0.2472,-0.2708,-0.4081],0.2182
2921,[-0.8801,-0.0582, 0.0618,-0.5018],[-1.3495e-01,-6.5398e-01, 6.3538e+02, 4.2314e+00, 1.0896e+00],[-0.8821,-0.0602, 0.0669,-0.4836],0.2923
3200,[-0.8637, 0.033 ,-0.0286, 0.2834],[-0.0285,-0.7752,-1.1528,-2.1712,-0.0925],[-0.8625, 0.0323,-0.028 , 0.2698],0.2439
3300,[-0.8568, 0.0296,-0.0281, 0.1882],[ 0.4868, 0.8552, 0.4712,-0.7553, 3.4566],[-0.856 , 0.0293,-0.0279, 0.1741],0.2214
3302,[-0.8565,-0.0442,-0.0662, 0.1365],[-0.4868, 0.5839,-1.6569,-1.8671, 0.2487],[-0.8558,-0.0349,-0.0641, 0.122 ],0.205
3314,[-0.8631, 0.1359,-0.2096, 0.1451],[-1.0139,-0.0076,-1.9206,-1.3751, 0.4169],[-0.8613, 0.1401,-0.1979, 0.1338],0.1336
3322,[-0.8578,-0.0661,-0.0649, 0.1304],[-0.77  ,-0.0856,-2.1906,-1.4227,-0.8193],[-0.8571,-0.0546,-0.0665, 0.1396],0.2015
3334,[-0.8539, 0.2546,-0.2466, 0.1412],[-0.0609, 2.1929,-1.253 ,-0.9829, 1.7346],[-0.854 , 0.2524,-0.2341, 0.1383],0.0563
3336,[-0.8588, 0.2561,-0.3013, 0.1405],[ 0.9944, 3.5613,-1.1787,-0.815 , 2.1482],[-0.8574, 0.257 ,-0.2884, 0.1428],0.0437
3343,[-0.8652,-0.1733, 0.2168, 0.1287],[-0.1286,-1.4781, 1.7903,-1.0981, 2.2001],[-0.864 ,-0.1752, 0.2062, 0.1137],0.1255
3352,[-0.8613, 0.3389,-0.1328, 0.1368],[-1.3286,-0.9576, 1.7253,-1.4475, 1.0674],[-0.8665, 0.323 ,-0.1191, 0.1362],0.1096
3354,[-0.8568, 0.3563,-0.2312, 0.1415],[ 1.0381, 2.3905, 0.4724, 0.5363,14.5742],[-0.8607, 0.3475,-0.2187, 0.1445],0.0455
3356,[-0.8607, 0.3739,-0.31  , 0.1523],[ 0.0556, 9.1992,-0.9156,-0.0705, 1.8361],[-0.8629, 0.3689,-0.2966, 0.1662],0.0131
3374,[-0.8588, 0.4145,-0.2244, 0.1294],[ 1.022 ,-0.2882, 7.0484, 0.1744, 0.2889],[-0.8651, 0.4033,-0.2149, 0.1437],0.0369
3376,[-0.8637, 0.4139,-0.3014, 0.1353],[ 6.5382, 4.0419,-0.025 , 1.7673, 1.5957],[-0.8679, 0.4071,-0.2881, 0.1496],0.014
3383,[-0.8582,-0.497 , 0.1936, 0.1551],[-0.1264, 0.8873,-0.411 ,-0.1078, 1.2613],[-0.8685,-0.4824, 0.1893, 0.17  ],0.025
3385,[-0.854 ,-0.4467, 0.315 , 0.1469],[0.3435,0.056 ,3.1213,1.3322,4.6207],[-0.8588,-0.4411, 0.3113, 0.1479],-0.0294
3393,[-0.8417,-0.5162, 0.1989, 0.1337],[-1.1198,-1.8204,-1.7774, 0.5032,-1.8454],[-0.8528,-0.5036, 0.1954, 0.1476],-0.0244
3400,[-0.8508, 0.0136,-0.013 , 0.0368],[0.6835,1.5094,1.5538,0.2812,8.2587],[-0.8507, 0.0133,-0.0097, 0.0249],0.2082
3401,[-0.8599, 0.0341, 0.1304, 0.0085],[-0.3001,-1.0366, 4.5646, 0.2443, 1.1018],[-0.8588, 0.0189, 0.1394, 0.0021],0.1932
3402,[-0.8508, 0.0265,-0.0763, 0.0368],[-0.034 , 4.3152,-0.915 ,-0.7521, 2.6772],[-0.8503, 0.0307,-0.0771, 0.0365],0.1792
3410,[-0.8533, 0.0943,-0.0189, 0.0266],[-0.2285,-1.2887, 1.1403,-1.3807, 1.1568],[-0.8538, 0.0876,-0.0144, 0.018 ],0.1922
3412,[-0.8552, 0.0998,-0.1071, 0.0453],[-0.0393, 1.2999,-1.0026,-0.7813, 2.2453],[-0.855 , 0.0997,-0.1009, 0.0376],0.1655
3414,[-0.86  , 0.127 ,-0.1931, 0.0399],[-0.8178, 6.4466,-1.8771, 0.2473, 0.9614],[-0.8587, 0.1317,-0.1876, 0.0337],0.1325
3420,[-0.8583,-0.1105,-0.0139, 0.0416],[-0.1788, 1.1753,-1.1688,-0.902 , 1.5688],[-0.8588,-0.0989,-0.0224, 0.0483],0.2032
3421,[-0.8573,-0.1395, 0.1092, 0.0172],[ 0.3484,-1.0274, 2.329 ,-1.1384, 3.3463],[-0.8577,-0.1365, 0.1041, 0.0094],0.1594
3422,[-0.8619,-0.0978,-0.0701, 0.0585],[-0.9285, 0.6822,-2.0797,-0.8893, 0.3649],[-0.8618,-0.082 ,-0.0773, 0.0556],0.2035
3423,[-0.8584,-0.1621, 0.1917, 0.0372],[ 0.2767,-1.9785, 1.3975,-1.1634, 1.3589],[-0.8576,-0.1642, 0.1925, 0.0509],0.1149
3430,[-0.8579, 0.2166,-0.0411, 0.0285],[-1.4989,-2.8428, 2.1386,-2.2085,-0.5222],[-0.8606, 0.2013,-0.0325, 0.0167],0.1715
3432,[-0.8542, 0.2399,-0.1095, 0.0468],[2.0515,0.5305,1.126 ,0.5919,4.9927],[-0.8568, 0.2291,-0.0984, 0.0385],0.1243
3434,[-0.858 , 0.2486,-0.199 , 0.0771],[ 0.5059, 7.4696,-0.3696, 0.0872, 0.7145],[-0.8593, 0.2436,-0.1842, 0.0807],0.0938
3436,[-0.8608, 0.2528,-0.2936, 0.0736],[ 0.4537,10.5146,-1.0136, 0.7426, 0.1106],[-0.8594, 0.2545,-0.2912, 0.0855],0.0491
3440,[-0.8558,-0.2183, 0.0308, 0.0204],[-1.2547, 0.2367,-2.6607,-1.676 ,-0.5914],[-0.8586,-0.202 , 0.0206, 0.019 ],0.1665
3441,[-0.856 ,-0.2276, 0.1245, 0.0335],[ 0.1332,-0.5145,-0.6337,-1.2329, 1.4871],[-0.8582,-0.2188, 0.1132, 0.0258],0.1268
3443,[-0.8542,-0.2336, 0.2106, 0.0463],[ 0.4484,-1.0598, 7.111 , 0.164 , 6.929 ],[-0.8548,-0.2312, 0.2021, 0.0416],0.0789
3445,[-0.8599,-0.25  , 0.2991, 0.048 ],[ 0.2678,-0.7892,22.2767,-0.4197,-0.1952],[-0.8585,-0.2521, 0.2901, 0.0557],0.0482
3452,[-0.8484, 0.322 ,-0.1245, 0.0386],[-1.0471,-1.0893, 5.9678,-0.7428, 0.4538],[-0.8535, 0.3078,-0.1123, 0.0457],0.0802
3454,[-0.8529, 0.3533,-0.217 , 0.0556],[ 0.7026,13.1   , 0.5475, 1.1003, 3.0593],[-0.8573, 0.3445,-0.2067, 0.0628],0.0423
3456,[-0.8488, 0.3782,-0.3066, 0.0647],[-0.252 , 3.4436,-1.575 , 4.2488, 0.6626],[-0.8514, 0.3741,-0.2992, 0.0796],-0.0181
3461,[-0.8515,-0.3185, 0.1235, 0.0245],[-0.4558, 1.6501,-1.5961,-0.124 , 0.3542],[-0.8565,-0.3043, 0.1112, 0.0276],0.0907
3463,[-0.8498,-0.3385, 0.2272, 0.0376],[1.311 ,0.3083,4.3052,0.4137,2.5649],[-0.8534,-0.3316, 0.2189, 0.0391],0.032
3465,[-0.8514,-0.3483, 0.3105, 0.0288],[ 0.356 ,-1.0147, 2.4016,-0.1864, 7.365 ],[-0.8529,-0.3462, 0.3058, 0.0231],-0.0065
3472,[-0.8442, 0.4098,-0.1437, 0.0396],[-1.552 ,-2.4419,-0.963 ,-1.7163,-0.6274],[-0.8525, 0.3941,-0.1312, 0.0362],0.0389
3474,[-0.8472, 0.4311,-0.225 , 0.0471],[2.5615,0.4164,3.0278,6.4888,2.2252],[-0.8544, 0.4209,-0.2164, 0.0574],0.0028
3476,[-0.8471, 0.4258,-0.3277, 0.0467],[1.7082,7.7582,0.3968,4.6236,0.7655],[-0.851 , 0.4217,-0.3202, 0.0591],-0.0437
3481,[-0.8528,-0.4058, 0.1503, 0.0471],[-1.1511,-0.0736,-1.8216,-1.4822,-0.1192],[-0.8607,-0.3898, 0.1378, 0.047 ],0.0609
3483,[-0.847 ,-0.4342, 0.2183, 0.0392],[ 1.6131, 6.3777,-0.2187, 1.8687, 0.6232],[-0.8545,-0.4235, 0.2091, 0.0444],0.005
3485,[-0.8458,-0.4327, 0.3264, 0.0592],[1.0163,0.7343,6.4092,1.3047,0.3733],[-0.85  ,-0.4283, 0.319 , 0.0685],-0.0477
3487,[-0.8574,-0.4164, 0.3944, 0.0329],[ 2.1813,-1.2701, 6.4858, 0.8454, 0.8468],[-0.8583,-0.4153, 0.3912, 0.047 ],-0.0513
3493,[-0.8406,-0.526 , 0.2478, 0.0511],[-7.3663,-7.849 ,-7.5004,-5.9771,-7.1451],[-0.8513,-0.517 , 0.2403, 0.0612],-0.0487
3494,[-0.8446, 0.5131,-0.2203, 0.0533],[-10.4289, -9.631 , -9.2731, -9.2373, -9.8155],[-0.8555, 0.5017,-0.2106, 0.063 ],-0.0216
3495,[-0.8351,-0.5041, 0.3045, 0.0156],[-5.7317,-6.1167,-4.9692,-5.9632,-6.4828],[-0.8432,-0.4987, 0.2991, 0.0305],-0.0814
3500,[-0.8503, 0.0063, 0.0023,-0.0541],[-1.5828,-0.9802,-0.8915,-2.9968,-0.3059],[-0.8506, 0.0055, 0.0029,-0.0669],0.2065
3501,[-0.8495,-0.0104, 0.0866,-0.0669],[ 0.5021,-1.2936, 4.1386,-0.7524, 2.2063],[-0.8493,-0.0173, 0.0908,-0.0796],0.1763
3502,[-0.855 , 0.0129,-0.0887,-0.0601],[-0.2389, 3.0847,-0.985 ,-0.8792, 0.6865],[-0.8548, 0.0199,-0.0921,-0.0705],0.1945
3504,[-0.8638, 0.0336,-0.1811,-0.0741],[ 0.2528, 0.8735,-2.9148,-0.8894, 0.0998],[-0.8621, 0.047 ,-0.1841,-0.0808],0.1772
3510,[-0.8503, 0.1014,-0.0159,-0.0577],[-5.1873,-5.7678,-4.1864,-5.6771,-4.213 ],[-0.8512, 0.0939,-0.0109,-0.0685],0.1821
3511,[-0.8468, 0.0732, 0.0686,-0.0424],[-2.5096,-4.8713,-2.6096,-3.1517,-2.9107],[-0.8469, 0.0602, 0.0807,-0.0443],0.1614
3512,[-0.8526, 0.1186,-0.0995,-0.0495],[ 0.1797, 1.9201,-1.331 ,-1.5453, 1.1658],[-0.8532, 0.1168,-0.095 ,-0.0601],0.1552
3514,[-0.8616, 0.1239,-0.192 ,-0.0684],[ 2.1278,10.803 ,-1.8373, 0.5484, 3.2616],[-0.8607, 0.1296,-0.1897,-0.0804],0.1389
3520,[-0.8548,-0.1027, 0.019 ,-0.0537],[-3.2392,-2.4582,-4.2628,-4.1146,-2.4984],[-0.8557,-0.095 , 0.0135,-0.0647],0.197
3521,[-0.8526,-0.1204, 0.1075,-0.0454],[ 0.6134,-1.693 , 1.9592,-0.6813, 1.221 ],[-0.853 ,-0.1191, 0.1036,-0.0568],0.1509
3522,[-0.8606,-0.0925,-0.0827,-0.0245],[-2.1783,-0.0409,-3.8438,-2.863 ,-0.817 ],[-0.8608,-0.0757,-0.0937,-0.0328],0.1962
3523,[-0.8621,-0.1344, 0.1945,-0.0567],[ 0.1831,-0.4343,19.4195, 0.0891, 0.1074],[-0.8611,-0.1397, 0.1952,-0.0647],0.1344
3530,[-0.8552, 0.2013,-0.0366,-0.0624],[-4.6008,-6.3012,-3.1526,-4.895 ,-4.2335],[-0.858 , 0.187 ,-0.0266,-0.0727],0.1701
3532,[-0.8507, 0.2208,-0.1084,-0.0406],[ 0.8997,-0.1784, 1.7061, 0.707 , 5.0741],[-0.8532, 0.2118,-0.0998,-0.0526],0.1191
3534,[-0.8544, 0.232 ,-0.2161,-0.0247],[ 2.1618,10.9869,-0.7834, 0.3252,-0.0979],[-0.8551, 0.2306,-0.2097,-0.0288],0.0771
3536,[-0.8635, 0.2676,-0.2958,-0.0308],[ 0.1531,23.1062,-0.7598,-0.4847,-0.3867],[-0.8629, 0.2693,-0.291 ,-0.034 ],0.0532
3540,[-0.8562,-0.2126, 0.032 ,-0.0417],[-2.386 ,-0.4635,-4.1126,-2.8807,-2.7086],[-0.8592,-0.1968, 0.0202,-0.048 ],0.1706
3541,[-0.8533,-0.2216, 0.1135,-0.0387],[ 3.6341e+00, 5.8385e-02,-6.8007e-03,-5.1073e-03, 5.1347e+00],[-0.8557,-0.2128, 0.1048,-0.047 ],0.1248
3543,[-0.856 ,-0.2249, 0.2126,-0.0127],[ 0.9659,-0.5738,23.5211, 0.2874, 0.4211],[-0.8566,-0.2236, 0.2054,-0.0158],0.0854
3545,[-0.8622,-0.2582, 0.3022, 0.    ],[ 0.8608,-1.3553,24.5174,-0.3858, 0.1393],[-0.8608,-0.2608, 0.3017, 0.0022],0.0469
3550,[-0.859 , 0.2817,-0.0539,-0.0156],[-2.5153,-3.4596,-2.1111,-2.076 ,-2.5313],[-8.6365e-01, 2.6213e-01,-3.5236e-02, 7.8125e-05],0.1567
3552,[-0.846 , 0.3207,-0.1255,-0.0252],[-0.0892,-1.9377, 9.9836,-0.6632, 0.8968],[-0.8514, 0.3072,-0.1136,-0.0287],0.0742
3554,[-0.8473, 0.3339,-0.2139,-0.0149],[ 0.9389,18.8402, 0.7928, 1.3991, 0.9421],[-0.8513, 0.3266,-0.2046,-0.0162],0.0336
3556,[-0.8552, 0.3437,-0.3067,-0.0051],[ 1.6441,10.946 ,-0.8324, 0.0212, 1.5728],[-0.8567, 0.3418,-0.3026,-0.0072],0.0055
3560,[-0.853 ,-0.2931, 0.0462,-0.0465],[-3.0727,-1.8177,-3.6216,-2.5419,-2.9973],[-0.8582,-0.273 , 0.0285,-0.045 ],0.1381
3561,[-0.8467,-0.3245, 0.1264,-0.0261],[-0.8029, 7.3919,-1.8603,-0.2583,-0.1221],[-0.8522,-0.3109, 0.1145,-0.0285],0.0747
3563,[-0.8471,-0.3451, 0.222 ,-0.0271],[ 1.3624, 1.3073,16.7009, 2.17  , 1.7621],[-0.8514,-0.3379, 0.2124,-0.0315],0.0269
3565,[-0.853 ,-0.3435, 0.3154,-0.0146],[ 0.0448,-0.6468,20.0018, 0.8185, 0.3482],[-0.8542,-0.3421, 0.3106,-0.0175],-0.0037
3572,[-0.8447, 0.415 ,-0.1491,-0.0344],[-1.02  ,-1.9333,-0.6357,-1.1459,-1.5637],[-0.8533, 0.3998,-0.1372,-0.0366],0.0374
3574,[-0.8422, 0.4293,-0.2197,-0.0232],[ 1.2811, 1.0098, 1.4209,11.7473, 0.2521],[-0.8498, 0.4195,-0.2111,-0.0221],-0.0062
3576,[-0.841 , 0.4375,-0.3258,-0.0082],[ 1.3147, 8.0074,-0.4007, 7.0564, 0.8094],[-0.8456, 0.4338,-0.3209,-0.0039],-0.0601
3581,[-0.8457,-0.4094, 0.1519,-0.0383],[-1.3175,-1.0682,-2.5603,-1.9644,-0.8098],[-0.854 ,-0.3946, 0.1403,-0.0434],0.0396
3583,[-0.8429,-0.4264, 0.228 ,-0.0165],[ 1.1172e+00, 1.4281e+01,-2.5183e-02, 1.1546e+00,-8.6958e-03],[-0.8501,-0.4172, 0.22  ,-0.0177],-0.0077
3585,[-0.8458,-0.4163, 0.3096,-0.0067],[1.1038,0.0516,9.153 ,1.6291,0.3363],[-0.8501,-0.4121, 0.3036,-0.0075],-0.0361
3587,[-0.8469,-0.4501, 0.4176, 0.    ],[ 2.4008,-0.8631, 8.0604, 0.4657,-0.302 ],[-0.8483,-0.4495, 0.415 , 0.0021],-0.0939
3593,[-0.842 ,-0.5305, 0.2427,-0.0107],[-8.0988,-8.1409,-7.9051,-8.3403,-8.4972],[-0.8533,-0.5214, 0.2343,-0.0121],-0.0435
3594,[-0.8465, 0.5213,-0.2375,-0.0097],[-10.921 ,-10.9175,-11.0879,-11.1702,-11.3836],[-0.8576, 0.5115,-0.2283,-0.0094],-0.0281
3595,[-0.8454,-0.5179, 0.2941, 0.    ],[-4.2455,-4.9397,-3.1838,-3.3281,-4.4745],[-0.8545,-0.5117, 0.2884, 0.0094],-0.0568
3596,[-0.8427, 0.521 ,-0.3199,-0.0012],[-4.1675,-3.291 ,-5.1194,-3.1164,-5.3774],[-8.5101e-01, 5.1633e-01,-3.1504e-01, 6.0096e-05],-0.0764
3600,[-8.5228e-01, 3.2589e-03,-8.3135e-04,-1.8636e-01],[-7.046 ,-7.0905,-7.1004,-8.0059,-6.3751],[-0.8531, 0.0032,-0.0017,-0.2007],0.2142
3601,[-0.8517,-0.0272, 0.0855,-0.1741],[-3.0828,-4.8802,-2.7324,-4.6461,-3.1735],[-0.8521,-0.0327, 0.0864,-0.1877],0.1846
3602,[-0.8602, 0.0233,-0.0822,-0.18  ],[-3.8286,-2.1604,-5.2935,-4.6113,-2.6445],[-0.8606, 0.0291,-0.0839,-0.1889],0.2158
3610,[-0.8543, 0.0918,-0.03  ,-0.1783],[-7.9653,-8.8444,-7.289 ,-9.4901,-7.3321],[-0.8556, 0.0864,-0.0268,-0.1913],0.1972
3611,[-0.844 , 0.0945, 0.071 ,-0.2005],[-5.9737,-7.385 ,-5.4972,-6.1797,-5.9872],[-0.8452, 0.0804, 0.0745,-0.2166],0.1489
3612,[-0.856 , 0.1063,-0.1025,-0.1782],[0.2251,5.7431,0.1846,0.9055,7.9194],[-0.8569, 0.106 ,-0.0973,-0.1894],0.1704
3614,[-0.8582, 0.1342,-0.1997,-0.1721],[ 1.8357, 6.6283,-1.4386, 0.045 , 8.0159],[-0.8578, 0.1399,-0.1938,-0.1865],0.1241
3620,[-0.8552,-0.0918, 0.0264,-0.1843],[ -9.327 , -8.6337,-10.5007,-10.1829, -9.0221],[-0.8565,-0.0858, 0.0216,-0.1972],0.2021
3621,[-0.8528,-0.1038, 0.1048,-0.1907],[-0.7882,-1.6521, 1.3983,-0.9026, 1.3588],[-0.8538,-0.1039, 0.0985,-0.2025],0.1605
3622,[-0.8655,-0.1104,-0.0659,-0.1914],[-4.6139,-4.106 ,-6.0797,-4.9383,-5.3829],[-0.8668,-0.0926,-0.0758,-0.2071],0.2176
3623,[-0.861 ,-0.1558, 0.2011,-0.1442],[-0.2434,-1.0716,12.0896, 0.4951,-0.5111],[-0.8608,-0.1595, 0.193 ,-0.1521],0.1267
3630,[-0.8493, 0.2043,-0.0238,-0.1598],[-7.8854,-9.018 ,-6.9414,-7.8967,-7.6544],[-0.8526, 0.1894,-0.0155,-0.172 ],0.1532
3632,[-0.8578, 0.2034,-0.1121,-0.1674],[ 5.3326,-0.1607, 0.5076,-0.3333, 8.7871],[-0.8604, 0.1962,-0.1051,-0.1799],0.1455
3634,[-0.8584, 0.1978,-0.2127,-0.1718],[ 0.9878,11.7905,-0.6223, 1.6237, 0.8134],[-0.859 , 0.1993,-0.2035,-0.1787],0.1023
3636,[-0.8624, 0.2721,-0.2815,-0.1259],[-0.5129,18.6318,-0.736 , 0.1424,-0.8567],[-0.8631, 0.2726,-0.265 ,-0.1353],0.0625
3640,[-0.8536,-0.2142, 0.0269,-0.1648],[-6.8623,-5.877 ,-7.8345,-7.0306,-5.9613],[-0.8571,-0.1982, 0.0166,-0.1713],0.1653
3641,[-0.8539,-0.2054, 0.1077,-0.1698],[1.477 ,1.9654,0.6319,1.2024,6.7485],[-0.8566,-0.1977, 0.1002,-0.1834],0.1346
3643,[-0.8581,-0.2218, 0.1953,-0.1555],[ 0.396 ,-0.7942,11.8591, 0.8304, 0.6231],[-0.8596,-0.2202, 0.1871,-0.1652],0.1018
3652,[-0.8561, 0.3349,-0.1293,-0.1455],[-1.5402,-2.5396, 3.2079,-1.6012,-1.4206],[-0.8624, 0.3207,-0.1188,-0.1554],0.0987
3654,[-0.8285, 0.3707,-0.1896,-0.1392],[ 0.8053, 2.7884,-0.0877, 3.9396, 1.5634],[-0.8351, 0.3613,-0.1736,-0.1355],-0.0098
3660,[-0.8605,-0.2792, 0.0346,-0.1254],[-1.4918,-1.4672,-2.3175,-1.6197,-1.6297],[-0.8656,-0.2583, 0.0203,-0.1091],0.1703
3661,[-0.8499,-0.3221, 0.1285,-0.1536],[-1.7395, 0.1821,-3.6901,-1.773 ,-1.5001],[-0.8558,-0.309 , 0.1182,-0.1596],0.0842
3663,[-0.8514,-0.3398, 0.2274,-0.1465],[2.031 ,0.7021,2.2501,2.3807,1.7695],[-0.8559,-0.3334, 0.2136,-0.1514],0.0399
3665,[-0.8442,-0.3459, 0.2894,-0.1301],[ 0.7881,-0.1714, 7.4025, 1.1172,-0.2868],[-0.8469,-0.3439, 0.2804,-0.1392],-0.0114
3672,[-0.8378, 0.4035,-0.1493,-0.1493],[-0.4431,-0.7033,-0.0879,-0.5004,-0.86  ],[-0.8465, 0.3891,-0.1298,-0.1484],0.0246
3674,[-0.834 , 0.4141,-0.1893,-0.1306],[-0.0312,-0.0718, 0.3576, 2.1682,-0.3755],[-0.8421, 0.4036,-0.1807,-0.1354],-0.0095
3681,[-0.8364,-0.3991, 0.1538,-0.145 ],[-0.3355, 0.2805,-0.8743,-0.7696,-0.4038],[-0.8447,-0.3863, 0.1455,-0.1586],0.0155
3683,[-0.8574,-0.3937, 0.2218,-0.133 ],[ 0.4135, 0.7073,-0.1544, 0.4836,-0.7508],[-0.864 ,-0.3846, 0.2104,-0.1484],0.0429
3700,[-0.8551, 0.0078,-0.0035,-0.3104],[18.2414, 7.878 , 4.3713, 0.7559, 7.752 ],[-0.8565, 0.0075,-0.0038,-0.3222],0.2255
3701,[-0.8534,-0.0312, 0.0793,-0.2976],[-0.8566,-2.2027, 2.1125,-0.9532,-0.0444],[-0.8544,-0.036 , 0.0794,-0.3118],0.1934
3702,[-0.8589, 0.0288,-0.0871,-0.2969],[-0.219 ,31.8933,-0.523 ,-0.0962,-0.1652],[-0.8597, 0.0347,-0.0882,-0.3067],0.2095
3710,[-0.8583, 0.0813,-0.0299,-0.3054],[ 5.3384,-1.3239, 7.1765,-1.9775,-0.3233],[-0.8601, 0.0768,-0.0279,-0.3183],0.217
3712,[-0.8574, 0.0896,-0.0866,-0.3074],[ 2.92  ,37.7037, 0.3898, 0.7642, 0.726 ],[-0.8589, 0.0894,-0.0785,-0.3168],0.1903
3714,[-0.8524, 0.1287,-0.1686,-0.2573],[-0.6937,19.9642,-1.3797, 0.9615, 0.9271],[-0.853 , 0.132 ,-0.1568,-0.2724],0.1257
3720,[-0.8578,-0.0739, 0.0385,-0.2982],[ 3.4498,18.7913,-1.1934,-0.6282,15.7768],[-0.8594,-0.0711, 0.0386,-0.3101],0.2141
3721,[-0.8573,-0.0878, 0.0906,-0.3059],[ 2.4121,-0.3758,22.8041, 1.63  , 2.8643],[-0.8587,-0.0884, 0.0857,-0.313 ],0.1876
3730,[-0.8548, 0.1781,-0.0285,-0.2986],[-7.8097,-8.6951,-5.9462,-7.8613,-7.9925],[-0.8581, 0.1651,-0.0198,-0.315 ],0.1811
3732,[-0.8581, 0.1894,-0.112 ,-0.2737],[8.6909,1.7546,1.1428,3.7217,0.2888],[-0.8608, 0.1833,-0.1019,-0.2834],0.1524
3734,[-0.863 , 0.1796,-0.1873,-0.2731],[ 0.7596,16.6729, 0.1439,-0.0172, 0.0916],[-0.864 , 0.1811,-0.1809,-0.2862],0.133
3740,[-0.865 ,-0.1851, 0.0522,-0.2588],[-7.9978,-7.3825,-9.079 ,-8.0086,-7.8236],[-0.8683,-0.1719, 0.0321,-0.2748],0.2089
3741,[-0.8609,-0.2043, 0.124 ,-0.2717],[1.6671,0.2018,0.2317,7.5917,2.7225],[-0.8637,-0.1985, 0.1195,-0.2782],0.149
3800,[-0.8592,-0.0025, 0.0111,-0.4065],[323.2793,  2.0263,  1.7841,  4.3383,  1.9021],[-0.861 ,-0.0034, 0.0112,-0.415 ],0.2421
3801,[-0.8575,-0.043 , 0.0588,-0.4167],[ 0.3645,-0.5603,93.9245, 1.7689,-0.4252],[-0.8593,-0.0451, 0.0588,-0.4266],0.2157
3802,[-0.8595, 0.0151,-0.0696,-0.4262],[  0.454 ,132.6606, -1.3343,  1.0482, -0.6068],[-0.8611, 0.0209,-0.0703,-0.4377],0.2266
3810,[-0.8613, 0.0662,-0.0546,-0.3804],[56.6933,-2.0006, 0.8121, 0.1779,-1.4224],[-0.8631, 0.066 ,-0.057 ,-0.3842],0.2221
3812,[-0.8626, 0.0916,-0.1093,-0.401 ],[ 1.5135,66.3844,-0.1985, 3.0828,-0.1443],[-0.8641, 0.094 ,-0.1057,-0.406 ],0.1961
3820,[-0.8519,-0.0604, 0.0476,-0.3888],[-1.1043, 0.5126,-1.8772, 1.7309,-1.2001],[-0.8537,-0.0599, 0.0492,-0.3886],0.1943
3821,[-0.8621,-0.0716, 0.0824,-0.4119],[3.8603e-01,6.4304e-01,9.1075e+01,5.0279e+00,6.8577e-02],[-0.8638,-0.0734, 0.0802,-0.4188],0.2128
3900,[-0.8619, 0.013 ,-0.0482,-0.5078],[2.7935e+00,1.0374e+00,1.0440e+00,1.3966e+03,2.6504e+00],[-0.864 , 0.0167,-0.0463,-0.5052],0.2483
4410,[-0.8182, 0.1596,-0.0505, 0.0079],[ 0.0161,-0.3413, 3.3582,-0.8137, 2.471 ],[-0.8197, 0.1517,-0.0426,-0.0077],0.0591
4432,[-0.8171, 0.2726,-0.1115, 0.0215],[ 0.6857, 0.0393, 0.0323,-0.6509, 1.4299],[-0.8208, 0.2625,-0.1027, 0.0215],0.009
4443,[-0.8198,-0.2738, 0.2178, 0.0443],[ 0.6003,-1.3363, 2.6492,-0.6107, 0.7002],[-0.8213,-0.2702, 0.2126, 0.0577],-0.0265
4452,[-0.8138, 0.3303,-0.1309, 0.0165],[-0.1911,-1.0889, 5.9093,-0.7598, 0.1193],[-0.8193, 0.3191,-0.1202, 0.0197],-0.0177
4454,[-0.8128, 0.3476,-0.2173, 0.0154],[1.9262,2.1783,0.3718,0.1599,6.8843],[-0.8171, 0.3414,-0.2106, 0.0114],-0.057
4461,[-0.8049,-0.3423, 0.1573, 0.0345],[-0.3644, 2.1491,-1.1204,-0.8922, 2.994 ],[-0.8103,-0.3332, 0.1541, 0.0194],-0.0527
4463,[-0.8012,-0.3672, 0.2278, 0.0296],[ 0.5953,-0.213 , 1.2624,-0.2083, 4.5076],[-0.8058,-0.3613, 0.224 , 0.0288],-0.0905
4472,[-0.8214, 0.4344,-0.1477, 0.0293],[-1.1586,-1.992 ,-0.1687,-1.7648,-1.199 ],[-0.8307, 0.4207,-0.1369, 0.0294],-0.0283
4474,[-0.8066, 0.4522,-0.2236, 0.0379],[1.3378,0.2298,8.0356,0.8799,3.5176],[-0.8148, 0.4439,-0.2164, 0.0449],-0.0946
4476,[-0.8049, 0.4519,-0.2824, 0.0232],[ 0.5378, 6.7631,-0.1734, 1.7516, 1.7554],[-0.8115, 0.4468,-0.2761, 0.0384],-0.1205
4478,[-0.8211, 0.4396,-0.3934, 0.0079],[ 1.7803, 6.3957,-1.38  ,-0.1403, 0.5599],[-0.8232, 0.4386,-0.3896,-0.0073],-0.1308
4483,[-0.8043,-0.438 , 0.2308, 0.0328],[1.3984,2.6652,0.5513,0.8603,5.0886],[-0.8118,-0.4304, 0.2239, 0.036 ],-0.0986
4485,[-0.8073,-0.463 , 0.3192, 0.0168],[ 1.3854,-0.6425, 2.3285, 0.2098, 3.1952],[-0.813 ,-0.4592, 0.3148, 0.0207],-0.1322
4493,[-0.8038,-0.5326, 0.2318, 0.0475],[-6.7209,-4.6747,-6.6361,-4.9846,-6.7225],[-0.8152,-0.5246, 0.2264, 0.0617],-0.1216
4494,[-0.7993, 0.5259,-0.2346, 0.0163],[-9.6133,-9.7705,-9.2693,-8.8988,-9.8788],[-0.8106, 0.5182,-0.227 , 0.0285],-0.1282
4495,[-0.8026,-0.5186, 0.3261, 0.0592],[-5.3482,-5.0744,-5.2144,-5.3068,-5.3072],[-0.8105,-0.5147, 0.3207, 0.0739],-0.1547
4510,[-0.8212, 0.1437,-0.0346,-0.0234],[-0.7196,-1.1917, 1.2972,-1.7783, 0.9417],[-0.8226, 0.1355,-0.0265,-0.0391],0.0774
4530,[-0.8173, 0.2558,-0.0201,-0.0826],[-1.3422,-1.9274, 1.8067,-1.88  , 0.3471],[-0.8217, 0.2399,-0.0081,-0.0941],0.0472
4532,[-0.8183, 0.207 ,-0.0807,-0.01  ],[ 1.2952,-0.4319, 0.1358,-0.3105, 2.4958],[-0.8207, 0.1985,-0.0729,-0.0149],0.0378
4541,[-0.8166,-0.2381, 0.1399,-0.0182],[-0.088 , 0.8478, 0.3073,-0.3849, 5.0159],[-0.819 ,-0.232 , 0.1331,-0.0275],0.0046
4543,[-0.8205,-0.2614, 0.1926, 0.    ],[ 0.3787,-1.2562, 2.7623,-0.22  , 1.617 ],[-0.8225,-0.2574, 0.1886,-0.0078],-0.012
4550,[-0.8074, 0.2863,-0.0448,-0.058 ],[-2.0856,-2.9204, 0.6904,-1.5465,-2.6243],[-0.8126, 0.2714,-0.0323,-0.0707],0.0068
4552,[-0.8067, 0.3392,-0.1319,-0.0218],[-0.3107,-1.3488, 8.7254, 0.111 , 0.5339],[-0.8127, 0.3282,-0.1218,-0.0277],-0.0359
4554,[-0.8064, 0.3484,-0.2058,-0.019 ],[ 9.6999e-01, 1.5174e+01,-1.5108e-02, 1.1285e+00, 1.5420e+00],[-0.8112, 0.3417,-0.1987,-0.0239],-0.0662
4556,[-0.8216, 0.3105,-0.2916, 0.    ],[ 0.0321, 7.039 ,-0.8007, 0.4358, 0.8298],[-0.8223, 0.3096,-0.2903, 0.    ],-0.0608
4561,[-0.8104,-0.3482, 0.133 ,-0.0362],[-0.5634, 9.0302,-1.2131,-0.9601, 0.5647],[-0.8168,-0.3368, 0.1227,-0.0454],-0.0292
4563,[-0.8079,-0.3482, 0.2162,-0.0278],[1.527 ,0.2464,7.9186,0.5311,4.0625],[-0.8124,-0.3422, 0.2088,-0.035 ],-0.0668
4565,[-0.8088,-0.3645, 0.301 ,-0.0099],[-0.0218,-0.6298,10.3291, 0.2015, 0.2555],[-0.8113,-0.3621, 0.2968,-0.0136],-0.1013
4572,[-0.8085, 0.418 ,-0.1512,-0.0412],[-1.4237,-2.3354, 0.0259,-0.8204,-1.2414],[-0.8173, 0.406 ,-0.1418,-0.0449],-0.055
4574,[-0.8023, 0.4407,-0.2183,-0.0196],[ 0.5151, 0.5179,20.5359, 0.7277, 0.9058],[-0.8104, 0.4327,-0.2116,-0.0245],-0.0985
4576,[-0.8048, 0.4477,-0.3134,-0.0063],[ 0.5668,14.0327, 0.2088, 1.753 , 0.4117],[-0.8103, 0.4441,-0.3075,-0.0079],-0.1306
4578,[-0.8001, 0.4473,-0.3984, 0.    ],[-0.2519,20.0289,-1.3082, 2.0321,-0.2106],[-0.8022, 0.4464,-0.3964, 0.0016],-0.1711
4581,[-0.8041,-0.4109, 0.153 ,-0.0317],[-1.606 ,-0.142 ,-2.3652,-1.9711,-0.57  ],[-0.8126,-0.3994, 0.1432,-0.043 ],-0.0637
4583,[-0.8023,-0.4309, 0.2167,-0.0186],[ 0.6661,13.1442, 0.7593, 0.745 ,-0.0379],[-0.8101,-0.423 , 0.2097,-0.0231],-0.0957
4585,[-0.8068,-0.4338, 0.3068,-0.009 ],[ 0.4808,-0.3312,10.8499, 0.8208, 0.755 ],[-0.8119,-0.4302, 0.3024,-0.013 ],-0.1219
4593,[-0.7998,-0.5375, 0.2497,-0.0072],[-8.8654,-8.2463,-8.67  ,-9.0121,-9.1615],[-0.8112,-0.5309, 0.2434,-0.0094],-0.1354
4594,[-0.799 , 0.5262,-0.2376,-0.0068],[-10.8207,-10.7182,-10.7233, -9.7001,-10.6579],[-0.8103, 0.5188,-0.2308,-0.0059],-0.1292
4595,[-0.799 ,-0.5666, 0.2847, 0.    ],[-2.1381,-2.3679,-2.1231,-2.0066,-1.8049],[-0.8105,-0.5619, 0.2801, 0.0104],-0.1575
4596,[-0.7937, 0.5074,-0.2906, 0.    ],[-3.397 ,-4.9862,-4.4607,-3.3515,-5.1866],[-0.8025, 0.5026,-0.2852, 0.0039],-0.1547
4632,[-0.8217, 0.2739,-0.128 ,-0.1867],[ 1.0534, 0.5356, 1.1309,-0.5311, 1.1896],[-0.8262, 0.2653,-0.1199,-0.2024],0.0164
4634,[-0.8202, 0.2754,-0.1974,-0.1471],[-0.1979, 2.2387,-1.2882, 0.5535, 0.5262],[-0.8232, 0.2713,-0.1895,-0.1605],-0.015
4652,[-0.8108, 0.2935,-0.1179,-0.1481],[-1.1498,-2.5983, 1.9766,-1.8998,-1.3053],[-0.8158, 0.2836,-0.1095,-0.1618],-0.0116
4654,[-0.8174, 0.3318,-0.2031,-0.1255],[ 1.0378,10.4457, 0.3709, 1.5916, 1.4405],[-0.822 , 0.3262,-0.1994,-0.1375],-0.0384
4661,[-0.8202,-0.344 , 0.1196,-0.1303],[-0.0766, 4.8594,-1.585 ,-1.0422,-0.2743],[-0.8271,-0.3314, 0.1086,-0.1456],0.0011
4663,[-0.8191,-0.3289, 0.2011,-0.1307],[0.7611,0.0099,7.5812,1.3817,6.741 ],[-0.8237,-0.3226, 0.1906,-0.1444],-0.0301
4681,[-0.8209,-0.4236, 0.157 ,-0.1375],[-0.7551,-0.3238,-1.6038,-1.0796,-0.4722],[-0.8302,-0.4115, 0.1487,-0.1538],-0.0301
5463,[-0.7749,-0.3858, 0.1812, 0.0281],[ 0.6897,-0.3401, 2.9115,-0.7661, 2.4023],[-0.7815,-0.3777, 0.1753, 0.0409],-0.1299
5474,[-0.7537, 0.4666,-0.2405, 0.0151],[0.959 ,0.7278,8.3329,0.2199,3.3256],[-0.7622, 0.4608,-0.2353, 0.0124],-0.1963
5476,[-0.7333, 0.47  ,-0.2789, 0.0305],[ 0.5696, 1.9528,-0.9299, 1.3596, 3.8975],[-0.7408, 0.4659,-0.274 , 0.0446],-0.237
5483,[-0.7642,-0.4314, 0.2306, 0.0243],[1.2883,1.0794,1.0298,0.3278,6.2754],[-0.7715,-0.4252, 0.2239, 0.0384],-0.171
5485,[-0.776 ,-0.463 , 0.2872, 0.0156],[ 0.6108,-0.7397, 4.102 , 0.0212, 2.6972],[-7.8296e-01,-4.5872e-01, 2.8297e-01, 7.8125e-05],-0.1758
5493,[-0.7626,-0.5479, 0.2281, 0.0324],[-2.4798,-1.8472,-3.816 ,-3.0794,-4.7277],[-0.7749,-0.5413, 0.2233, 0.042 ],-0.1937
5494,[-0.758 , 0.5283,-0.2518, 0.0368],[-8.032 ,-8.4818,-8.2618,-7.9027,-7.7206],[-0.7689, 0.5227,-0.2463, 0.0356],-0.2036
5495,[-0.7751,-0.5201, 0.3483, 0.0156],[-1.9682,-2.1863,-0.7062,-1.7723,-3.3993],[-0.7823,-0.5177, 0.3442, 0.0305],-0.2077
5552,[-0.7647, 0.3768,-0.1455,-0.0307],[-0.4792,-0.3919,10.0915,-0.6448, 0.7177],[-0.7719, 0.3676,-0.1367,-0.0424],-0.1349
5554,[-0.7658, 0.3526,-0.2049,-0.0235],[ 0.133 , 1.3345,-0.0871,-0.2152, 8.4866],[-0.7708, 0.3471,-0.1994,-0.0393],-0.1473
5561,[-0.7743,-0.3724, 0.1433, 0.    ],[ 0.0195,11.0473,-1.0771,-0.6286, 2.1443],[-0.7813,-0.3626, 0.1338,-0.0052],-0.1158
5563,[-0.7749,-0.3777, 0.2292, 0.    ],[ 0.6068,-0.4596, 2.5736,-0.6415, 3.2276],[-0.7801,-0.3723, 0.2236,-0.0104],-0.1433
5572,[-0.7587, 0.4245,-0.1633,-0.0223],[-0.6629,-2.1751, 0.3749, 0.3014, 0.0988],[-0.7676, 0.4156,-0.1552,-0.0368],-0.1584
5574,[-0.7621, 0.4652,-0.2224,-0.0124],[ 1.9517, 2.359 ,12.9851, 0.3817, 2.8566],[-0.7712, 0.4585,-0.2163,-0.02  ],-0.1776
5576,[-0.7622, 0.4775,-0.323 , 0.    ],[ 0.8636, 5.4308,-0.7573, 0.8115, 0.9181],[-0.7686, 0.4746,-0.3184, 0.    ],-0.2098
5581,[-0.7762,-0.422 , 0.1651, 0.    ],[-0.136 , 1.4544,-1.9249,-1.1121,-0.136 ],[-0.7848,-0.4122, 0.1554, 0.    ],-0.1275
5583,[-0.7621,-0.4457, 0.2275,-0.0168],[1.2801,3.4438,1.8761,0.4772,9.793 ],[-0.7702,-0.4394, 0.2213,-0.0241],-0.1756
5585,[-0.7615,-0.4695, 0.2938, 0.    ],[ 0.7285,-0.2684, 9.2984, 0.2399, 0.8486],[-0.7685,-0.4657, 0.2898, 0.0052],-0.201
5593,[-0.762 ,-0.5368, 0.2586,-0.0022],[-7.9029,-8.1074,-7.9916,-7.9993,-8.2566],[-7.7309e-01,-5.3161e-01, 2.5356e-01, 1.1161e-05],-0.2016
5594,[-0.7594, 0.5277,-0.2409,-0.0065],[ -9.5068, -9.5755, -9.2126,-10.0448, -9.2236],[-0.7707, 0.5217,-0.2348,-0.0049],-0.1981
5595,[-0.7642,-0.5233, 0.3506, 0.    ],[-3.0583,-3.9017,-3.7381,-3.2318,-3.7605],[-0.7715,-0.5212, 0.349 , 0.0078],-0.2251
5596,[-0.7585, 0.534 ,-0.2948,-0.0101],[-4.9571,-5.1265,-5.89  ,-4.4818,-5.5106],[-0.7683, 0.5304,-0.291 ,-0.0115],-0.2172
6476,[-0.7258, 0.4738,-0.2827, 0.0156],[ 0.6893, 3.5121,-1.0644,-0.1413, 1.6483],[-0.7333, 0.47  ,-0.2789, 0.0305],-0.2485
6493,[-0.7241,-0.5884, 0.2242, 0.0088],[-2.1919,-3.3297,-3.4778,-2.552 ,-4.0535],[-0.7383,-0.5831, 0.221 , 0.024 ],-0.2534
6494,[-0.7188, 0.5216,-0.2482, 0.0282],[-5.3499,-5.018 ,-6.0808,-6.7176,-6.7635],[-0.7295, 0.5167,-0.2429, 0.0283],-0.2552
6496,[-0.7099, 0.5478,-0.2838, 0.0307],[-4.874 ,-4.6668,-5.6027,-5.1269,-5.7436],[-0.7206, 0.5442,-0.2794, 0.0459],-0.2778
6574,[-0.7267, 0.495 ,-0.2517,-0.0078],[ 2.0539, 1.3678, 1.3334, 0.3631,11.5126],[-0.7363, 0.4902,-0.2469,-0.0078],-0.2423
6576,[-0.7182, 0.4773,-0.2862, 0.    ],[ 0.5803, 6.3851,-0.5896, 0.9072, 0.2134],[-0.7258, 0.4738,-0.2827, 0.0156],-0.2592
6583,[-0.7289,-0.4538, 0.2352, 0.    ],[ 1.4695, 0.6042, 2.4512, 0.0318,13.2819],[-0.7371,-0.4486, 0.2299,-0.0078],-0.2292
6593,[-0.7024,-0.5955, 0.2296,-0.0147],[-6.9211,-6.3815,-6.0381,-5.8734,-5.8375],[-0.7169,-0.591 , 0.2259, 0.001 ],-0.2809
6594,[-0.7142, 0.534 ,-0.2537, 0.    ],[-8.9845,-8.922 ,-9.0362,-8.051 ,-8.7296],[-0.7253, 0.5295,-0.2495, 0.0026],-0.2638
6596,[-0.7242, 0.5754,-0.2913, 0.    ],[-4.9837,-4.4565,-5.2214,-3.6925,-5.2897],[-0.7359, 0.5724,-0.2883,-0.0156],-0.268
7493,[-0.6805,-0.6016, 0.2357, 0.0079],[-2.0198,-1.8034,-1.9937,-1.076 ,-1.8406],[-0.6951,-0.5976, 0.2317,-0.0073],-0.3054
7542,[-0.6601,-0.2149,-0.0628, 0.    ],[-265.896 ,-265.2313,-266.5102,-264.7544,-265.6947],[-0.8759, 0.005 ,-0.0045, 0.    ],0.1484
7593,[-0.6586,-0.607 , 0.2411, 0.    ],[-5.9766,-5.1371,-5.2513,-5.6522,-5.7694],[-0.6732,-0.6035, 0.2376, 0.0156],-0.3275
7596,[-0.6884, 0.554 ,-0.2903, 0.    ],[-3.4459,-2.6957,-2.6757,-3.0918,-2.5266],[-0.6992, 0.5511,-0.2874, 0.0156],-0.3031
