100,[-9.6077e-01,-1.4435e-04, 2.8023e-02, 4.1467e-01],[1.4997,3.8086,5.0449,0.7402,1.0002],[-0.9588,-0.0072, 0.0309, 0.4262],0.2886
200,[-0.9586, 0.0416,-0.0025, 0.2797],[-2.4574,-3.5342,-2.4843,-2.1003,-3.7842],[-0.9574, 0.0302, 0.0037, 0.2936],0.2846
201,[-0.9714,-0.0494, 0.0809, 0.2539],[-2.0792,-3.1673,-1.6976,-2.0399,-2.2798],[-0.97  ,-0.0589, 0.0863, 0.2653],0.2064
202,[-0.9576,-0.0236,-0.0825, 0.2872],[-2.008 ,-0.4406,-2.788 ,-1.3621,-2.1778],[-0.9558, 0.0054,-0.1056, 0.2913],0.2673
210,[-0.9649, 0.0717,-0.0138, 0.3195],[-2.7102,-3.4441,-0.6842,-2.7006,-2.8896],[-0.9637, 0.0495, 0.0054, 0.3329],0.265
212,[-0.9606, 0.1172,-0.1021, 0.2916],[ 0.9663, 2.5758,-0.5078, 2.1246,-0.3625],[-0.9596, 0.1069,-0.0871, 0.304 ],0.2249
214,[-0.9596, 0.1659,-0.1748, 0.2634],[ 1.2068, 5.5569,-0.4624, 0.5955, 0.0633],[-0.9586, 0.1612,-0.1614, 0.2771],0.1764
220,[-0.9588,-0.0922,-0.0106, 0.2841],[-1.9997,-0.4618,-2.7959,-2.6224,-2.7862],[-0.9578,-0.059 ,-0.0431, 0.2961],0.2656
221,[-0.9621,-0.1018, 0.1031, 0.2954],[ 0.8977,-0.2435, 3.6866, 1.9185, 0.0487],[-0.9607,-0.0993, 0.1006, 0.3079],0.2183
232,[-0.9727, 0.1996,-0.1587, 0.2859],[-0.6113,-1.7453, 0.9823,-0.8285,-1.3885],[-0.9724, 0.1753,-0.1357, 0.2998],0.1356
234,[-0.9727, 0.2488,-0.2194, 0.2573],[0.6463,4.096 ,0.4098,9.8921,0.313 ],[-0.9728, 0.2243,-0.183 , 0.2716],0.0982
241,[-0.9579,-0.2302, 0.1234, 0.2655],[-1.0608, 1.414 ,-1.5527, 0.0083,-1.2106],[-0.9589,-0.197 , 0.0937, 0.2795],0.188
300,[-0.9609, 0.0047,-0.0097, 0.17  ],[-19.5062,-19.9932,-19.7983,-19.6303,-21.0623],[-0.9601, 0.0057,-0.0128, 0.1804],0.2773
301,[-0.9645,-0.0379, 0.0922, 0.1593],[-7.2973,-7.8678,-6.1266,-7.0929,-7.7409],[-0.9633,-0.0551, 0.1065, 0.1614],0.2241
302,[-0.959 , 0.0048,-0.1111, 0.1652],[-6.2185,-5.0073,-6.8299,-6.0177,-6.6922],[-0.9573, 0.035 ,-0.1341, 0.1745],0.2424
304,[-0.9621, 0.0268,-0.1918, 0.1415],[ 2.0889e-02, 7.2623e-01,-1.3564e+00,-2.3106e-01,-1.2173e-03],[-0.9588, 0.075 ,-0.2345, 0.1551],0.181
310,[-0.9606, 0.0898,-0.0325, 0.2044],[-8.2138,-9.1401,-6.9947,-8.2431,-8.4716],[-0.9601, 0.0686,-0.01  , 0.2142],0.267
312,[-0.9614, 0.1087,-0.1068, 0.1751],[-3.2495,-1.7562,-3.7681,-1.2321,-4.2831],[-0.9607, 0.1048,-0.0997, 0.1884],0.2167
314,[-0.9623, 0.1178,-0.2116, 0.1845],[-1.1266,-0.0198,-2.5001,-0.4871,-2.0293],[-0.9597, 0.1388,-0.2252, 0.1982],0.1561
320,[-0.96  ,-0.1151, 0.0072, 0.1797],[-6.2468,-5.2605,-7.5779,-6.2907,-7.2109],[-0.9598,-0.0794,-0.0258, 0.1889],0.2539
321,[-0.9588,-0.1099, 0.1232, 0.158 ],[-2.7174,-3.8571,-2.3737,-1.9855,-4.4484],[-0.9579,-0.1113, 0.121 , 0.1664],0.2152
322,[-0.9613,-0.0581,-0.0804, 0.1476],[-1.0992, 1.0521,-1.3735, 0.3536,-1.1317],[-0.9601,-0.0138,-0.1178, 0.1614],0.2477
323,[-0.9643,-0.1447, 0.2235, 0.1365],[-0.8044,-2.3101, 0.1426,-0.1235,-2.2071],[-0.9619,-0.1645, 0.2399, 0.145 ],0.1324
332,[-0.959 , 0.1957,-0.1282, 0.1808],[-3.7126,-4.451 ,-2.6997,-3.5345,-4.5617],[-0.9596, 0.1718,-0.1022, 0.1873],0.1925
334,[-0.9599, 0.2137,-0.2112, 0.1797],[ 0.3319, 2.3756,-1.1889, 1.5445,-1.6171],[-0.9594, 0.2067,-0.1969, 0.1937],0.1414
336,[-0.9599, 0.2171,-0.3141, 0.1442],[ 0.4101, 9.1106,-0.5275, 3.0316,-0.0695],[-0.9565, 0.2332,-0.3275, 0.1583],0.0866
340,[-0.9608,-0.1965, 0.0266, 0.2301],[-0.7042, 0.7609,-1.772 ,-0.4164,-0.665 ],[-0.9617,-0.143 ,-0.0132, 0.2164],0.2318
341,[-0.9583,-0.2192, 0.1113, 0.2148],[-3.0402,-2.6159,-4.2535,-3.2243,-4.0824],[-0.9594,-0.1856, 0.0816, 0.2214],0.1959
343,[-0.9582,-0.1945, 0.2477, 0.1663],[-0.3851,-1.7013, 0.1571, 1.4436,-1.7497],[-0.9563,-0.2021, 0.2498, 0.1799],0.1314
347,[-0.9591,-0.2569, 0.4003, 0.1306],[ 0.693 ,-0.5789, 1.3022, 3.1378, 0.195 ],[-0.9537,-0.2739, 0.4109, 0.1456],0.0433
354,[-0.9573, 0.29  ,-0.1777, 0.1902],[-4.0524,-4.3077,-3.1095,-3.958 ,-4.5204],[-0.9597, 0.2581,-0.1458, 0.1755],0.1401
356,[-0.9755, 0.3086,-0.3283, 0.1794],[-0.1679, 0.3831,-1.9116, 0.3682,-2.3594],[-0.9746, 0.3033,-0.3155, 0.1935],0.0142
400,[-0.9615, 0.0054,-0.0131, 0.0657],[-13.146 ,-13.5039,-12.6494,-12.9513,-14.6644],[-0.9611, 0.0081,-0.0152, 0.0772],0.2733
401,[-0.9642,-0.0033, 0.0959, 0.0691],[-5.2261,-5.7842,-3.556 ,-4.647 ,-5.8151],[-0.963 ,-0.0374, 0.128 , 0.0804],0.2239
402,[-0.9669, 0.0175,-0.0905, 0.0596],[-8.091 ,-7.1661,-8.6613,-7.3904,-8.7203],[-0.9659, 0.0466,-0.118 , 0.0706],0.2138
403,[-0.9665,-0.0336, 0.205 , 0.0305],[ 1.121 ,-0.8045, 2.7548, 0.5415,-0.5867],[-0.9631,-0.0914, 0.2604, 0.046 ],0.1499
404,[-0.9587, 0.0357,-0.1686, 0.0901],[-0.1599, 1.3072,-1.2686, 0.0641,-1.3646],[-0.956 , 0.0752,-0.2137, 0.1005],0.1988
410,[-0.9643, 0.0945,-0.0062, 0.0451],[-5.8555,-6.6528,-4.7048,-5.4855,-6.739 ],[-0.9644, 0.0584, 0.0295, 0.0539],0.2455
411,[-0.9615, 0.0826, 0.0909, 0.0796],[-0.0625,-1.3407, 1.989 ,-0.7752, 0.0106],[-0.9604, 0.024 , 0.1464, 0.0885],0.2307
412,[-0.9643, 0.0946,-0.1017, 0.07  ],[-2.1735,-1.0142,-3.8366,-0.1632,-4.1321],[-0.9639, 0.0966,-0.1025, 0.0835],0.2077
414,[-0.965 , 0.1261,-0.207 , 0.0689],[-2.1417,-0.3707,-3.4114,-1.5775,-3.1492],[-0.9628, 0.1523,-0.2319, 0.083 ],0.1386
416,[-0.9644, 0.1622,-0.2842, 0.1094],[ 1.3211, 2.1893,-1.0902,-0.0292, 0.4319],[-0.9606, 0.1903,-0.3066, 0.1238],0.0999
420,[-0.962 ,-0.1022, 0.008 , 0.0672],[-8.1399,-7.0133,-9.2503,-7.7213,-9.1868],[-0.9621,-0.0668,-0.0257, 0.0795],0.2507
421,[-0.9598,-0.1132, 0.1107, 0.067 ],[-1.5488,-3.113 ,-2.1752,-0.6862,-4.4617],[-0.9595,-0.111 , 0.1073, 0.0789],0.2154
422,[-0.9597,-0.082 ,-0.0803, 0.113 ],[-1.1146, 0.459 ,-2.2037,-0.8815,-1.5039],[-0.9587,-0.0306,-0.127 , 0.1272],0.2424
423,[-0.9635,-0.1185, 0.2117, 0.0598],[-0.7566,-2.04  , 2.0813, 0.5057,-1.6896],[-0.9612,-0.1455, 0.2333, 0.0714],0.1454
425,[-0.9668,-0.1437, 0.3057, 0.0733],[-0.3388,-0.4336, 7.2773,-0.4319,-0.2665],[-0.9618,-0.1862, 0.3441, 0.0879],0.084
430,[-0.9626, 0.193 , 0.0082, 0.0445],[ 0.2759,-1.4507, 1.0224, 0.4182,-0.4186],[-0.9639, 0.1204, 0.0779, 0.0582],0.2074
432,[-0.9672, 0.1983,-0.1154, 0.0438],[-4.1147,-4.8959,-2.5806,-3.982 ,-4.77  ],[-0.9684, 0.1625,-0.0805, 0.0562],0.1738
434,[-0.963 , 0.2215,-0.2206, 0.0676],[ 0.1579,-0.072 ,-2.2273, 1.4348,-2.6238],[-0.9628, 0.2189,-0.2163, 0.0824],0.1184
436,[-0.9786, 0.2329,-0.3054, 0.0873],[ 0.2875, 4.8261,-1.2763, 3.0415,-1.4315],[-0.9761, 0.2562,-0.3257, 0.102 ],0.026
440,[-0.9625,-0.1914, 0.0229, 0.0779],[-1.0977, 0.1544,-2.2273,-0.8   ,-1.6024],[-0.9638,-0.1307,-0.034 , 0.0914],0.2205
441,[-0.9624,-0.2122, 0.102 , 0.0542],[-8.2753,-7.4368,-8.9291,-8.1294,-9.0252],[-0.964 ,-0.1734, 0.0651, 0.0634],0.1912
443,[-0.9582,-0.1938, 0.2238, 0.0364],[-2.1362,-3.4102,-1.3963,-0.4303,-3.244 ],[-0.9573,-0.1991, 0.2256, 0.0512],0.1393
445,[-0.9644,-0.2012, 0.3409, 0.0816],[-0.1206,-0.6331, 1.2633, 4.9922,-0.4363],[-0.9597,-0.2286, 0.363 , 0.0966],0.0651
454,[-0.9679, 0.303 ,-0.2066, 0.0209],[-3.7225,-3.979 ,-3.2663,-3.1078,-4.1413],[-0.9705, 0.2688,-0.1737, 0.0236],0.0919
456,[-0.9828, 0.2997,-0.3454, 0.1066],[-1.5661,-0.9359,-3.3161,-0.4633,-3.3945],[-0.981 , 0.3086,-0.3509, 0.1214],-0.0168
461,[-0.959 ,-0.3166, 0.1424, 0.0774],[-1.337 , 0.3787,-2.2896,-0.9925,-1.2729],[-0.9631,-0.2671, 0.0964, 0.0907],0.1452
463,[-0.9596,-0.3424, 0.2247, 0.0354],[ -9.4661, -8.7367, -9.7404, -8.9362,-10.021 ],[-0.9631,-0.3142, 0.1978, 0.034 ],0.0866
465,[-0.9597,-0.3161, 0.3417, 0.0329],[-5.0469,-6.0957,-4.5319,-4.4453,-6.746 ],[-0.9586,-0.3186, 0.3444, 0.0408],0.0388
500,[-0.9619, 0.0113,-0.0106,-0.0043],[ 0.2234, 0.6539, 0.9418,23.2448,-0.3109],[-0.9618, 0.0151,-0.0138, 0.0049],0.2658
501,[-0.9595,-0.0193, 0.1004,-0.0026],[-1.4634,-2.8163, 0.5999,-0.6468,-2.8437],[-9.5869e-01,-4.6197e-02, 1.2584e-01,-7.7279e-04],0.2366
502,[-0.9619, 0.0088,-0.0932,-0.0143],[-2.946 ,-1.9312,-4.0813,-2.9194,-3.9737],[-0.9611, 0.0386,-0.1211,-0.0066],0.2329
503,[-0.9673,-0.0549, 0.1831,-0.0147],[ 0.0305,-0.5038, 2.7842, 0.2877,-0.4067],[-9.6503e-01,-1.0109e-01, 2.2605e-01, 2.9707e-04],0.1531
504,[-0.9624, 0.0282,-0.1829,-0.0352],[-0.3351, 1.6235,-0.9996,-0.4722,-0.9942],[-0.9599, 0.0786,-0.2306,-0.0279],0.1772
510,[-0.9614, 0.0998,-0.0122,-0.0023],[ 0.0406,-1.5419, 3.2507, 0.4883,-1.3474],[-9.6183e-01, 6.8511e-02, 1.7294e-02, 2.8861e-05],0.2516
511,[-0.9694, 0.0571, 0.0752,-0.0156],[ 0.0078,-0.3897, 1.4666, 0.5501,-0.508 ],[-0.9689,-0.0014, 0.1321,-0.0305],0.2148
512,[-0.9627, 0.1134,-0.1087,-0.0022],[ 1.4514, 1.014 ,-0.2043,19.0494,-1.1227],[-0.9627, 0.1117,-0.1072, 0.0034],0.2035
514,[-0.9601, 0.116 ,-0.2358,-0.0062],[ 0.0276, 1.4679,-2.0342, 0.5781,-2.447 ],[-0.9572, 0.1491,-0.2677,-0.0047],0.1427
516,[-0.9579, 0.1196,-0.2824,-0.042 ],[-0.1941,-0.0401,-0.8666, 3.9512, 0.0343],[-0.9536, 0.1581,-0.3147,-0.0262],0.1312
520,[-0.9625,-0.103 , 0.0104,-0.0475],[-2.947 ,-1.6047,-3.6704,-1.9251,-4.2788],[-0.963 ,-0.0687,-0.0235,-0.0318],0.2434
521,[-0.9594,-0.116 , 0.1087,-0.013 ],[ 0.2978, 0.6764, 1.5827,17.2829,-0.5569],[-0.9595,-0.1126, 0.1039,-0.0072],0.2161
523,[-0.9586,-0.1053, 0.2012,-0.002 ],[-0.8021,-1.612 , 1.6096,-0.3635,-2.1705],[-9.5655e-01,-1.3154e-01, 2.2479e-01, 9.7656e-06],0.1697
530,[-0.9647, 0.1745,-0.0455, 0.    ],[-0.0402,-0.9154, 0.0019, 1.5746, 0.1971],[-0.9662, 0.1249, 0.0024, 0.    ],0.2224
532,[-0.9629, 0.2154,-0.1095,-0.0026],[-3.3359,-3.6246,-2.7543,-3.1469,-4.1598],[-0.9649, 0.1792,-0.0744, 0.0014],0.1825
534,[-0.9611, 0.2145,-0.2287,-0.0026],[-1.4416, 0.0536,-2.4189,-0.036 ,-3.0445],[-0.9607, 0.217 ,-0.231 , 0.0026],0.1192
536,[-0.9561, 0.2035,-0.2847, 0.    ],[ 3.8005, 4.3744,-1.1721, 0.9811,-1.1258],[-0.9536, 0.2203,-0.2998, 0.0156],0.1118
540,[-0.9628,-0.1917, 0.0095,-0.0867],[-1.5024, 0.1025,-1.8036,-0.1586,-1.0349],[-0.9649,-0.1247,-0.0551,-0.1019],0.2111
541,[-0.964 ,-0.2048, 0.136 ,-0.0052],[-7.6865,-6.3893,-8.0064,-7.0286,-7.9182],[-9.6535e-01,-1.7810e-01, 1.0926e-01,-5.6752e-05],0.1676
543,[-0.9619,-0.2248, 0.1985,-0.0222],[-2.4074,-4.296 ,-2.3639,-1.8648,-4.6101],[-0.9627,-0.2154, 0.1882,-0.0161],0.1309
545,[-0.9666,-0.2439, 0.2988, 0.    ],[-0.0602,-0.9787, 0.8457, 1.9656,-1.6427],[-0.9649,-0.2576, 0.3115, 0.    ],0.0595
552,[-0.9606, 0.303 ,-0.1316, 0.    ],[-0.241 ,-0.2391, 1.0572,-0.4157,-0.3719],[-0.9648, 0.2503,-0.0772, 0.    ],0.1537
554,[-0.9644, 0.3179,-0.2204, 0.    ],[-3.1981,-3.2814,-3.1224,-3.0233,-3.999 ],[-0.9674, 0.2916,-0.1944, 0.0104],0.0849
556,[-0.97 , 0.326,-0.286, 0.   ],[-1.5073,-0.7671,-2.7839,-0.5009,-3.2447],[-0.9714, 0.3147,-0.2743, 0.    ],0.0335
561,[-0.9668,-0.3016, 0.1622, 0.    ],[-1.7376,-0.0275,-2.4075,-1.5153,-1.662 ],[-0.9704,-0.2526, 0.1133, 0.0156],0.1211
563,[-0.9649,-0.3071, 0.2329,-0.0214],[-12.0782,-11.7153,-12.3125,-11.8939,-12.9221],[-0.9674,-0.2872, 0.2127,-0.0314],0.0789
565,[-0.961 ,-0.3179, 0.3118, 0.    ],[-6.2571,-6.4012,-5.7444,-5.2968,-7.3889],[-0.9612,-0.3174, 0.3127, 0.0078],0.0452
574,[-0.9662, 0.4069,-0.2404, 0.    ],[-0.5199,-0.7978, 0.4093, 0.2056,-1.0064],[-0.972 , 0.3627,-0.1962, 0.0078],0.043
576,[-0.9567, 0.45  ,-0.2835, 0.    ],[-1.4874,-1.1133,-1.3024,-0.4378,-2.0993],[-0.9632, 0.4247,-0.2582, 0.    ],0.019
1100,[-0.9469,-0.0269, 0.0372, 0.4266],[  3.0761,  1.3045,  1.6217,  0.4237,131.6225],[-0.945 ,-0.0277, 0.0348, 0.4159],0.3362
1102,[-0.9491, 0.0466,-0.1209, 0.3788],[ 0.5425, 2.4307,-1.2019, 0.4461,14.492 ],[-0.9468, 0.0588,-0.1209, 0.3913],0.2787
1112,[-0.9457, 0.0631,-0.1186, 0.3845],[ 1.2023,85.605 , 1.1747, 0.5263, 2.8129],[-0.9436, 0.0701,-0.1121, 0.3711],0.2899
1123,[-0.9478,-0.1329, 0.1679, 0.39  ],[ 2.9393,-0.6653, 8.1061, 0.1599, 2.6764],[-0.9457,-0.1352, 0.1671, 0.3879],0.2302
1200,[-0.9285, 0.0169,-0.0037, 0.2747],[ 0.4956, 0.3625, 0.2027, 0.336 ,56.7813],[-0.9274, 0.0147,-0.0032, 0.2652],0.4095
1201,[-0.9287, 0.0043, 0.0793, 0.2743],[-0.5021,-1.3335, 5.2761,-0.5325, 0.5823],[-0.927 ,-0.0101, 0.0897, 0.2703],0.3902
1202,[-0.9258, 0.0439,-0.0704, 0.2678],[ 2.358 ,32.3238,-1.1476,-0.0911, 1.6606],[-0.9244, 0.048 ,-0.0713, 0.2671],0.3929
1203,[-0.9324,-0.0291, 0.1821, 0.2922],[-1.2614,-2.6899,-0.8077,-1.8508,-1.288 ],[-0.9291,-0.0525, 0.1959, 0.3051],0.3185
1210,[-0.9275, 0.0801,-0.0159, 0.2664],[ 0.6504,-1.494 ,10.4945,-0.3494,10.638 ],[-0.9267, 0.0684,-0.0089, 0.2666],0.3992
1211,[-0.9394, 0.0641, 0.1058, 0.286 ],[-2.631 ,-3.2889,-1.4095,-2.4274,-2.1803],[-0.9375, 0.03  , 0.1339, 0.2861],0.3228
1212,[-0.9252, 0.1007,-0.0995, 0.2711],[  0.9923,  1.6823,  0.7755,  0.6949,111.4867],[-0.9242, 0.0981,-0.0925, 0.2661],0.3618
1214,[-0.9311, 0.1385,-0.1812, 0.293 ],[ 0.0632,57.0015,-0.7728,-0.5303, 1.4359],[-0.9293, 0.1423,-0.1781, 0.2907],0.2804
1220,[-0.9282,-0.0837, 0.0141, 0.2701],[ 1.0535e+00, 4.2542e+01,-6.5347e-01, 4.0992e-04, 4.6593e+00],[-0.9274,-0.0713, 0.0088, 0.2741],0.3994
1221,[-0.9308,-0.1333, 0.1108, 0.2818],[ 2.5957, 0.3535, 3.9152,-0.2425, 9.6596],[-0.93  ,-0.1269, 0.101 , 0.2754],0.3238
1223,[-0.9229,-0.116 , 0.1953, 0.2746],[ 0.4871, 0.1097,28.3639, 1.0855, 1.3337],[-0.9206,-0.1242, 0.1941, 0.2648],0.3148
1230,[-0.9387, 0.1878,-0.0299, 0.2618],[-2.4476,-3.5829,-1.8084,-2.3554,-2.9539],[-0.9394, 0.1536, 0.0036, 0.2758],0.3118
1232,[-0.9274, 0.1943,-0.1225, 0.2905],[ 0.5956, 0.0742,17.1394,-0.0918, 0.8672],[-0.9275, 0.1809,-0.1161, 0.2992],0.3024
1234,[-0.9291, 0.2357,-0.2208, 0.2865],[ 0.8415,24.3707,-0.1976, 0.771 , 2.2407],[-0.9289, 0.2277,-0.1965, 0.2916],0.2372
1236,[-0.9318, 0.2439,-0.301 , 0.2598],[ 0.2908,30.8611,-0.1873, 0.3182, 5.0608],[-0.9296, 0.2453,-0.2898, 0.27  ],0.1719
1241,[-0.9278,-0.2022, 0.1338, 0.287 ],[ 0.9371,30.3972,-0.3392, 0.3787, 1.6358],[-0.928 ,-0.1891, 0.1257, 0.2822],0.2917
1243,[-0.9324,-0.2282, 0.197 , 0.2892],[ 3.3003, 0.0272, 1.3826, 0.3576,21.5595],[-0.9323,-0.2191, 0.1825, 0.2847],0.2359
1254,[-0.9215, 0.2954,-0.2414, 0.2816],[ 0.8385, 0.4201,-0.2293, 0.5395, 1.8832],[-0.9226, 0.2834,-0.216 , 0.2773],0.2244
1256,[-0.9216, 0.2945,-0.3308, 0.2792],[ 0.7726,31.9466, 0.061 , 0.3954, 2.2657],[-0.9199, 0.2927,-0.3186, 0.2868],0.1798
1261,[-0.9554,-0.3017, 0.1065, 0.2588],[-0.5827, 1.7736,-2.485 ,-1.5988,-1.9943],[-0.9587,-0.2505, 0.0676, 0.2445],0.1778
1263,[-0.924 ,-0.2981, 0.2376, 0.2975],[ 3.3035,-0.1417, 0.1001,11.5117, 2.0981],[-0.925 ,-0.2859, 0.22  , 0.3082],0.2115
1265,[-0.9213,-0.3227, 0.3069, 0.2795],[ 0.9524,-0.0715,25.0461, 0.5776, 1.4215],[-0.9214,-0.3158, 0.2906, 0.2927],0.1742
1300,[-0.9164,-0.0015, 0.002 , 0.1421],[1.3451e+00,1.4255e+00,9.9656e-01,1.1191e+00,3.5955e+03],[-0.9158,-0.0017, 0.0026, 0.1378],0.4472
1301,[-0.9163,-0.0415, 0.0645, 0.1398],[ 8.5049e-01,-4.1752e-01, 1.8007e+00, 1.2965e-01, 8.0522e+02],[-0.9155,-0.0447, 0.0661, 0.1344],0.4275
1302,[-0.9165, 0.0419,-0.0639, 0.1483],[ 1.2213,37.4287,-0.4191, 0.1983, 5.3815],[-0.9157, 0.0446,-0.0636, 0.1548],0.4264
1303,[-0.9299,-0.0306, 0.1884, 0.1433],[-4.8119,-6.2641,-3.9348,-4.9443,-5.0761],[-0.9271,-0.0563, 0.2054, 0.1403],0.3192
1304,[-0.9369, 0.0226,-0.1899, 0.1524],[ 0.0053,-0.561 ,-3.2302,-0.2684,-1.1314],[-0.9339, 0.0534,-0.2119, 0.1473],0.2874
1310,[-0.9217, 0.0794,-0.0258, 0.1756],[ 4.0495e-01,-6.0376e-01, 2.7093e+02,-1.0478e-01, 1.1136e-01],[-0.9212, 0.07  ,-0.0208, 0.1817],0.4157
1311,[-0.9322, 0.0791, 0.0761, 0.1693],[ -8.7905,-10.2133, -8.6415, -8.7094, -8.6961],[-0.9312, 0.0493, 0.0978, 0.1796],0.3576
1312,[-0.9201, 0.0781,-0.0867, 0.1711],[1.2020e+00,5.0061e+02,1.7985e-01,4.5734e-01,2.9600e+00],[-0.9193, 0.0779,-0.082 , 0.1781],0.39
1314,[-0.9336, 0.1191,-0.2034, 0.1805],[ 0.9382,99.3663,-0.6473, 0.8425, 1.1308],[-0.9313, 0.1307,-0.2058, 0.1837],0.2679
1316,[-0.9328, 0.1465,-0.2877, 0.1736],[-1.0438, 0.4563,-2.0262, 1.361 , 2.5601],[-0.9287, 0.1646,-0.2959, 0.182 ],0.2142
1320,[-0.9163,-0.0635, 0.0433, 0.1527],[-1.9172e-01, 6.2970e+02,-7.6504e-01, 1.0030e+00, 2.9226e+00],[-0.9157,-0.0601, 0.0428, 0.1605],0.4292
1321,[-0.9164,-0.0762, 0.0769, 0.1492],[1.1572e+00,3.1611e-01,4.1776e+02,8.3943e-01,1.6845e+00],[-0.9158,-0.075 , 0.0722, 0.1558],0.4075
1322,[-0.9302,-0.0872,-0.0862, 0.168 ],[-3.5169,-3.1106,-5.4379,-4.3977,-2.3736],[-0.9292,-0.055 ,-0.1095, 0.1718],0.3569
1323,[-0.9283,-0.1286, 0.197 , 0.1616],[ 1.5012e-02,-4.6519e-01, 5.8271e+01, 1.2775e-01, 9.5367e-01],[-0.9264,-0.1371, 0.1976, 0.1675],0.2821
1325,[-0.9376,-0.1663, 0.2907, 0.1546],[-2.1074,-3.1147,-0.8669,-1.7693,-2.242 ],[-0.9337,-0.1823, 0.301 , 0.1639],0.1925
1330,[-0.9286, 0.1928,-0.0304, 0.1645],[-8.8647,-9.8612,-8.6171,-8.5747,-8.7041],[-0.93  , 0.1632,-0.0074, 0.1696],0.3446
1332,[-0.9264, 0.2091,-0.115 , 0.1656],[ 0.7725,-1.2666, 3.0565, 9.1007, 0.1882],[-0.9276, 0.192 ,-0.0981, 0.1739],0.3048
1334,[-0.9278, 0.2335,-0.2143, 0.1688],[ 1.0127,11.8612,-1.0915, 3.3351, 5.0893],[-0.928 , 0.2277,-0.2014, 0.1672],0.237
1336,[-0.9342, 0.2366,-0.314 , 0.182 ],[ 0.852 ,48.6633,-0.0567, 1.0493, 1.1667],[-0.9316, 0.2427,-0.3103, 0.189 ],0.1666
1340,[-0.9262,-0.2113, 0.0144, 0.1538],[-3.7336,-2.1918,-5.0193,-2.9449,-3.2418],[-0.928 ,-0.1767,-0.0136, 0.1564],0.3436
1341,[-0.9313,-0.1929, 0.1308, 0.1855],[ 6.8738,-2.62  ,-2.0521,-2.2286,-1.2878],[-0.9318,-0.1792, 0.1139, 0.1877],0.2866
1343,[-0.9286,-0.2047, 0.2144, 0.1792],[8.3071e-01,9.5607e-02,1.4705e+02,1.0116e+00,2.5126e+00],[-0.9279,-0.2025, 0.2035, 0.1889],0.248
1345,[-0.924 ,-0.2389, 0.3103, 0.1636],[ 1.5003,-0.5841,59.3686, 0.8901, 3.8326],[-0.9216,-0.2434, 0.3042, 0.1729],0.1958
1347,[-0.9408,-0.2687, 0.4024, 0.1402],[ 1.2804,-1.573 , 0.6052, 8.0051, 1.0248],[-0.9358,-0.2798, 0.4055, 0.1398],0.0957
1352,[-0.9251, 0.3064,-0.1343, 0.1564],[-7.9703,-8.4587,-6.0807,-7.5354,-7.3729],[-0.9289, 0.2795,-0.1108, 0.1642],0.2531
1354,[-0.9248, 0.3173,-0.2235, 0.1677],[-6.9887,-7.2776,-6.4867,-6.1902,-7.4177],[-0.9272, 0.3023,-0.2048, 0.1759],0.2046
1356,[-0.9199, 0.3121,-0.3286, 0.1637],[ 0.9328,22.1214,-0.0855, 2.1176, 0.6917],[-0.9191, 0.3102,-0.3187, 0.1766],0.1649
1360,[-0.9271,-0.2899, 0.0529, 0.1611],[-1.6978, 0.0532,-2.7918,-1.6868,-1.8687],[-0.931 ,-0.25  , 0.0173, 0.1471],0.3018
1361,[-0.9272,-0.3108, 0.1088, 0.163 ],[-3.4072,-0.7305,-4.4562,-3.4899,-3.3215],[-0.9313,-0.278 , 0.082 , 0.17  ],0.2596
1363,[-0.9289,-0.3239, 0.232 , 0.177 ],[-1.2551,-2.5373,-3.1124,-0.2423,-2.1758],[-0.9313,-0.3083, 0.2152, 0.1862],0.1832
1365,[-0.9209,-0.3453, 0.3379, 0.1751],[ 0.9705,-0.4901, 5.0056,12.9216, 0.2735],[-0.921 ,-0.3411, 0.3261, 0.1888],0.1438
1367,[-0.9347,-0.3005, 0.4081, 0.186 ],[ 1.6234,-0.8029,15.105 , 0.783 , 0.1345],[-0.9306,-0.3057, 0.4032, 0.1992],0.0986
1374,[-0.921 , 0.4131,-0.2155, 0.1559],[-3.6611,-4.2402,-3.0624,-3.1959,-3.577 ],[-0.9272, 0.3907,-0.1942, 0.1699],0.1677
1383,[-0.9298,-0.4384, 0.2404, 0.1742],[-2.8424,-1.0312,-3.6535,-2.7971,-2.9951],[-0.9363,-0.4159, 0.2247, 0.1875],0.1126
1385,[-0.9179,-0.4093, 0.3421, 0.1481],[-0.5162,-1.3195,-1.1591,-0.6011,-2.209 ],[-0.9203,-0.4015, 0.3328, 0.1612],0.1123
1387,[-0.9148,-0.3949, 0.3935, 0.1573],[ 1.522 ,-0.0489, 9.0499, 2.814 , 0.4271],[-0.9146,-0.3921, 0.3903, 0.1699],0.106
1400,[-0.9175,-0.002 , 0.0031, 0.0782],[2.4211e+00,3.3714e-01,2.1939e+00,5.4280e+03,8.2956e-01],[-0.9171,-0.0022, 0.0034, 0.0891],0.4475
1401,[-0.9161,-0.041 , 0.0681, 0.0738],[-1.5663e-02,-5.8193e-01, 2.1308e+03, 4.2467e-01, 4.8239e-03],[-0.9156,-0.0448, 0.0693, 0.0789],0.4273
1402,[-0.9171, 0.0425,-0.0657, 0.0768],[ 3.0563e-01, 3.4942e+02,-2.3699e-01, 5.9013e-01, 7.3214e-01],[-0.9165, 0.0458,-0.0667, 0.0842],0.4275
1403,[-0.9305,-0.0283, 0.1864, 0.0749],[-3.9652,-6.8595,-4.1335,-4.7758,-4.5723],[-0.9279,-0.0558, 0.2071, 0.0792],0.3078
1404,[-0.9286, 0.0263,-0.1953, 0.0686],[-4.0875,-4.0827,-5.9085,-3.4036,-4.7892],[-0.9257, 0.0543,-0.2168, 0.0715],0.3193
1410,[-0.9181, 0.0644,-0.0444, 0.0487],[-4.6455e-01,-3.6393e-01, 1.2866e+03, 1.3733e+00, 1.0054e+00],[-0.918 , 0.0611,-0.0434, 0.0563],0.4308
1411,[-0.9272, 0.0879, 0.0813, 0.055 ],[-10.8179,-11.6679, -9.8646, -9.9274,-10.3496],[-0.9268, 0.0571, 0.1051, 0.058 ],0.3675
1412,[-0.9173, 0.0716,-0.0769, 0.0494],[3.5499e+00,7.7854e+02,7.5311e-02,3.5895e+00,7.0082e+00],[-0.917 , 0.0717,-0.0741, 0.0567],0.4125
1414,[-0.9216, 0.1234,-0.1965, 0.04  ],[  0.27  ,  5.1417, -0.9913,  1.8045,152.984 ],[-0.92  , 0.1338,-0.2017, 0.0324],0.3031
1416,[-0.928 , 0.1403,-0.2968, 0.0559],[-1.03  , 1.395 ,-2.8866,-0.7588,-1.6536],[-0.9237, 0.1611,-0.3103, 0.0476],0.2221
1420,[-0.9174,-0.0643, 0.0452, 0.0669],[ 1.0059e+00, 1.9814e+03,-2.8400e-01, 2.5488e-01, 1.0780e+00],[-0.9172,-0.0612, 0.0443, 0.0774],0.4302
1421,[-0.9165,-0.0697, 0.0766, 0.0562],[1.2468e+00,9.1894e-01,4.0067e+03,7.8467e-01,5.9040e-01],[-0.9162,-0.0702, 0.0746, 0.0644],0.4126
1422,[-0.9305,-0.0902,-0.0894, 0.0564],[-10.8893,-10.4782,-11.7298,-10.6688,-11.0133],[-0.9299,-0.0556,-0.1188, 0.0578],0.3474
1423,[-0.9249,-0.1272, 0.1929, 0.0634],[245.8126, -0.7283,  2.1261,  1.6263,  0.4547],[-0.9234,-0.1366, 0.1969, 0.0693],0.2945
1425,[-0.9357,-0.1416, 0.2999, 0.0598],[ 1.3045e-03,-2.7967e+00,-4.7298e-01,-2.3458e-01,-8.5734e-01],[-0.9313,-0.1642, 0.3136, 0.0663],0.2037
1430,[-0.9252, 0.1961,-0.0263, 0.0707],[-11.1156,-12.1747,-10.8752,-11.1332,-11.8608],[-0.927 , 0.166 ,-0.0015, 0.0757],0.3561
1432,[-0.9233, 0.2037,-0.1193, 0.0659],[-11.3254,-10.412 ,-10.9881, -7.386 ,-11.0889],[-0.9247, 0.1886,-0.1003, 0.0731],0.3162
1434,[-0.9231, 0.2113,-0.2088, 0.0514],[  0.6722,165.2467,  0.5843,  0.9691,  0.6581],[-0.9231, 0.2092,-0.1998, 0.0613],0.2619
1436,[-0.9314, 0.2356,-0.3231, 0.0562],[ 0.9645,96.2612,-0.3832, 1.0221, 0.3129],[-0.9284, 0.2451,-0.3279, 0.0674],0.1657
1440,[-0.9277,-0.198 , 0.0248, 0.0518],[-11.7477,-10.946 ,-12.7205,-12.1465,-12.1679],[-0.9297,-0.1657,-0.0039, 0.0606],0.3428
1441,[-0.9262,-0.2106, 0.1121, 0.0558],[-12.7307,-13.0221,-13.2345,-12.4407,-14.0166],[-0.928 ,-0.193 , 0.0933, 0.0641],0.3048
1443,[-0.9274,-0.2065, 0.2144, 0.0683],[ 1.3607e+00,-8.5048e-02, 3.1566e+00, 1.2335e+02, 9.9909e-01],[-0.927 ,-0.206 , 0.21  , 0.0804],0.2451
1445,[-0.9271,-0.2151, 0.3042, 0.0797],[ 3.3931e-01,-2.0521e-01, 7.2020e+01,-2.6192e-02, 6.3906e-01],[-0.9243,-0.2245, 0.3059, 0.0919],0.1982
1447,[-0.9279,-0.2627, 0.3927, 0.1218],[ 0.9007,-1.2655,16.7226, 2.6227, 0.8059],[-0.9232,-0.272 , 0.3934, 0.1347],0.1423
1452,[-0.9228, 0.3076,-0.126 , 0.0743],[ -9.0384,-10.3556, -8.797 , -9.5061, -9.3846],[-0.9271, 0.2805,-0.1023, 0.0822],0.2639
1454,[-0.9226, 0.3166,-0.2192, 0.0672],[-12.3967,-12.1183,-12.6617,-12.0187,-13.0217],[-0.9254, 0.3034,-0.2061, 0.0749],0.2093
1456,[-0.9206, 0.3295,-0.3359, 0.0675],[ 1.2579, 1.9207,-0.5245,14.2297,-0.2797],[-0.9204, 0.3284,-0.3299, 0.0817],0.1511
1460,[-0.9241,-0.2972, 0.0381, 0.0863],[-2.3008,-0.3787,-2.7036,-0.4755,-1.758 ],[-9.2859e-01,-2.5469e-01, 6.0464e-04, 8.5990e-02],0.3169
1461,[-0.9281,-0.3123, 0.1274, 0.0517],[ -9.5167, -8.1699,-10.2667, -9.8736, -9.5779],[-0.9325,-0.2822, 0.099 , 0.0574],0.2447
1463,[-0.9294,-0.3167, 0.2219, 0.0499],[-10.9154,-11.4373,-11.3002,-10.6764,-11.1546],[-0.9322,-0.3026, 0.2077, 0.0577],0.1859
1465,[-0.9278,-0.3304, 0.3358, 0.0712],[ 0.616 ,-0.6399,11.1407, 3.9503, 0.2106],[-0.9276,-0.3291, 0.3305, 0.0837],0.1295
1467,[-0.9222,-0.3488, 0.4042, 0.0572],[ 2.1517,-0.855 ,26.4291, 2.3048, 0.8093],[-0.9199,-0.3513, 0.4048, 0.0702],0.1056
1472,[-0.9353, 0.4044,-0.1611, 0.0156],[-1.7835,-2.956 , 0.0494,-1.9267,-2.1423],[-0.9428, 0.3681,-0.1273, 0.0312],0.1566
1474,[-0.9189, 0.4068,-0.2185, 0.073 ],[-6.5424,-6.8574,-5.4397,-5.8262,-6.5423],[-0.9252, 0.3868,-0.2009, 0.0846],0.1731
1476,[-0.923 , 0.4144,-0.3322, 0.0694],[-4.601 ,-4.4185,-5.356 ,-4.1397,-5.7425],[-0.9261, 0.4065,-0.3228, 0.0839],0.1001
1478,[-0.9113, 0.3992,-0.3954, 0.0444],[ 1.9197, 7.5111,-0.6699, 3.2859,-0.7245],[-0.9114, 0.398 ,-0.3925, 0.0588],0.0924
1481,[-0.9156,-0.4066, 0.1399, 0.0783],[-1.7191,-1.2913,-2.5782,-1.1893,-1.3326],[-0.9234,-0.3749, 0.1078, 0.0932],0.2294
1483,[-0.9294,-0.4145, 0.2362, 0.041 ],[-4.4177,-4.0499,-4.9443,-4.1331,-4.7402],[-0.9356,-0.3931, 0.216 , 0.0503],0.1297
1485,[-0.9194,-0.4221, 0.3375, 0.0819],[-4.3536,-4.6061,-4.2463,-4.2547,-5.5657],[-0.9226,-0.4143, 0.3288, 0.0952],0.103
1487,[-0.9126,-0.4062, 0.4175, 0.0452],[ 1.8303,-0.7483, 4.8106, 3.7256,-1.1564],[-0.9121,-0.4057, 0.416 , 0.06  ],0.079
1500,[-0.9176,-0.0021, 0.0044,-0.0633],[ -9.6072, -8.511 , -7.9964,633.2424,-11.3874],[-0.9179,-0.0025, 0.0056,-0.0507],0.4517
1501,[-0.916 ,-0.0332, 0.0731,-0.0541],[-483.7776,-485.4239,-483.2842,-484.401 ,-484.9856],[-0.9159,-0.0395, 0.077 ,-0.0456],0.4279
1502,[-0.9189, 0.0336,-0.0761,-0.0582],[-406.0938,-405.4413,-406.9574,-406.4661,-406.5666],[-0.9188, 0.0407,-0.081 ,-0.05  ],0.42
1503,[-0.9256,-0.0265, 0.1822,-0.0492],[-13.2831,-13.4185,-12.8106,-13.1692,-13.259 ],[-0.9236,-0.0532, 0.2036,-0.0522],0.3317
1504,[-0.9238, 0.0252,-0.1894,-0.0496],[-15.4337,-15.4433,-16.4454,-15.0603,-15.7019],[-0.9215, 0.0524,-0.2105,-0.0472],0.3359
1510,[-0.9175, 0.0644,-0.0423,-0.0631],[ 9.1122e-02,-6.4095e-01, 1.6259e+03, 3.0828e+01,-5.5701e-01],[-0.9179, 0.0611,-0.0406,-0.0542],0.4333
1511,[-0.9225, 0.0809, 0.0794,-0.0536],[-18.3292,-19.212 ,-17.6375,-18.1268,-18.5029],[-0.9225, 0.0528, 0.1015,-0.057 ],0.3871
1512,[-0.9175, 0.0739,-0.0801,-0.0627],[1.7967e+00,1.0234e+03,9.5542e-02,3.4411e+00,8.6242e-01],[-0.9177, 0.0747,-0.0779,-0.0549],0.4089
1514,[-0.9197, 0.1343,-0.1903,-0.0459],[ 1.1332e+00, 3.7353e+02,-2.0032e-01, 4.1896e-01, 4.8178e-01],[-0.9187, 0.1427,-0.1944,-0.0416],0.3098
1516,[-0.932 , 0.1412,-0.2928,-0.0579],[-2.511 ,-2.2775,-3.8134,-2.486 ,-2.4291],[-0.9281, 0.1643,-0.3092,-0.052 ],0.2107
1520,[-0.9186,-0.0667, 0.042 ,-0.0633],[-3.9306e-01, 1.8613e+03,-7.4682e-02,-9.6395e-01, 3.3127e-02],[-0.919 ,-0.0631, 0.0412,-0.051 ],0.4279
1521,[-0.9167,-0.0739, 0.0785,-0.0573],[1.3498e+00,3.4908e-01,3.1285e+00,8.6307e+02,4.5854e-01],[-0.9168,-0.0745, 0.0774,-0.0433],0.41
1522,[-0.926 ,-0.0822,-0.0803,-0.0571],[-15.8739,-15.5749,-17.0698,-15.7247,-16.1476],[-0.926 ,-0.052 ,-0.1054,-0.0613],0.3726
1523,[-0.9213,-0.1257, 0.1934,-0.04  ],[ 2.3982,-0.9358,79.327 , 1.003 ,-0.1382],[-0.9201,-0.136 , 0.1995,-0.0328],0.3043
1525,[-0.9259,-0.1597, 0.2857,-0.0478],[-0.2503,-2.6327,-0.2403,-1.5861,-1.7704],[-0.9226,-0.1773, 0.2989,-0.0532],0.2255
1530,[-0.9204, 0.198 ,-0.0221,-0.03  ],[-13.5049,-13.9229,-12.5853,-13.3103,-13.1126],[-0.9227, 0.169 , 0.0031,-0.0328],0.3725
1531,[-0.9135, 0.182 , 0.0702,-0.1044],[-0.641 ,-2.6401,-1.0186,-1.3025,-1.3118],[-0.9152, 0.1431, 0.1018,-0.0883],0.3758
1532,[-0.9213, 0.1983,-0.1188,-0.0293],[-21.5313,-21.6862,-21.6141,-20.8547,-22.4384],[-0.923 , 0.1852,-0.1038,-0.0257],0.3217
1534,[-0.9205, 0.193 ,-0.217 ,-0.0412],[ 3.2028e+00, 5.5045e+00,-9.3995e-01, 1.6734e+02,-4.6479e-02],[-0.9201, 0.1958,-0.2138,-0.0303],0.2701
1536,[-0.9239, 0.2233,-0.3122,-0.0315],[  1.0898,105.3346, -0.3779,  0.9278,  0.1404],[-0.9212, 0.234 ,-0.3178,-0.0319],0.1958
1540,[-0.9219,-0.1953, 0.0275,-0.044 ],[-16.0518,-15.2971,-16.387 ,-16.1116,-16.4288],[-0.9242,-0.1668, 0.0018,-0.0465],0.3678
1541,[-0.9219,-0.1988, 0.1207,-0.0426],[-28.1341,-29.1084,-28.3748,-28.0909,-28.7119],[-0.9237,-0.1858, 0.1042,-0.0405],0.3193
1543,[-0.9246,-0.2076, 0.2104,-0.0308],[ 2.2533, 0.4131,55.9472, 1.0099, 0.3079],[-0.9248,-0.2073, 0.2044,-0.0274],0.2554
1545,[-0.9242,-0.2211, 0.3035,-0.0282],[-1.4670e-01,-6.7992e-03, 8.1023e+01, 3.6116e-01,-1.4800e-01],[-0.9219,-0.2308, 0.3059,-0.027 ],0.2009
1550,[-0.9143, 0.2812,-0.0493, 0.    ],[-1.7529,-2.3186,-0.6942,-1.6654,-1.8952],[-0.9188, 0.248 ,-0.0194, 0.    ],0.3524
1552,[-0.9228, 0.3073,-0.1258,-0.0092],[-5.5002,-6.9277,-4.8446,-6.474 ,-6.8916],[-0.9275, 0.2808,-0.1011,-0.0064],0.2633
1554,[-0.9268, 0.3108,-0.2186,-0.0037],[-8.311 ,-8.1922,-9.2028,-8.6021,-9.1582],[-0.9297, 0.2978,-0.2034, 0.003 ],0.1986
1556,[-0.9179, 0.3121,-0.3279,-0.0285],[-0.6569, 1.365 ,-2.5853, 1.3972,-1.5527],[-0.9175, 0.3133,-0.3233,-0.0223],0.1691
1558,[-0.9204, 0.3642,-0.3993, 0.    ],[-4.7179e-01, 6.7672e+01, 2.3224e-01, 1.5315e+00, 6.3836e-02],[-0.9191, 0.3662,-0.3981, 0.    ],0.1066
1561,[-0.9238,-0.3056, 0.1291,-0.0162],[-10.3472,-10.0237,-11.2655,-10.3512,-10.9356],[-0.9284,-0.279 , 0.1038,-0.018 ],0.2592
1563,[-0.9213,-0.3271, 0.2256,-0.0071],[-17.4521,-17.634 ,-16.87  ,-16.9077,-18.2934],[-0.9246,-0.3146, 0.212 ,-0.001 ],0.2038
1565,[-9.3019e-01,-3.3041e-01, 3.1751e-01,-7.4405e-04],[ 0.7639,-1.6726, 1.9854, 1.3558,-1.985 ],[-0.9307,-0.3291, 0.315 , 0.0045],0.1294
1567,[-0.9279,-0.3446, 0.3967,-0.0039],[-0.0902,-0.2126, 1.2254,34.0557, 0.6831],[-9.2585e-01,-3.4921e-01, 4.0128e-01, 1.9531e-05],0.0935
1574,[-0.9333, 0.4219,-0.2305, 0.    ],[-2.2674,-2.5242,-1.38  ,-0.8868,-2.8115],[-0.9401, 0.3993,-0.2085, 0.0063],0.1161
1576,[-0.9165, 0.4071,-0.3242, 0.    ],[-1.9173,-1.8567,-2.0407,-1.2517,-2.8253],[-0.9198, 0.401 ,-0.3177, 0.0039],0.1272
1583,[-0.924 ,-0.4157, 0.2311,-0.0016],[-6.6043,-5.8565,-7.3031,-6.2713,-7.2538],[-9.3055e-01,-3.9630e-01, 2.1202e-01,-7.0312e-04],0.1457
1585,[-0.919 ,-0.4192, 0.2913, 0.    ],[-7.442 ,-8.0479,-7.2823,-6.9672,-8.8405],[-0.9239,-0.4091, 0.2812, 0.0117],0.1284
1587,[-0.9144,-0.406 , 0.4186, 0.    ],[ 0.6354,-1.9233, 1.8699, 1.9217,-2.3753],[-0.9139,-0.4065, 0.4194, 0.0078],0.0822
1600,[-0.9162,-0.009 , 0.0035,-0.1631],[-813.8087,-813.2079,-814.0059,-813.2043,-814.4575],[-0.9169,-0.0081, 0.0028,-0.1565],0.4541
1601,[-0.9147,-0.0408, 0.0717,-0.1575],[-178.7252,-179.7104,-177.0315,-178.2249,-178.8247],[-0.9151,-0.0461, 0.0751,-0.1582],0.424
1602,[-0.9159, 0.0375,-0.0725,-0.1694],[-229.1996,-227.7473,-230.4318,-229.0455,-230.2875],[-0.9163, 0.0437,-0.0764,-0.1671],0.4232
1603,[-0.924 ,-0.0345, 0.1815,-0.1676],[-8.4463,-9.4939,-7.7866,-8.6653,-8.8003],[-0.9226,-0.0595, 0.1971,-0.1774],0.3346
1604,[-0.924 , 0.0376,-0.1807,-0.1363],[ -9.705 , -9.4387,-10.9977, -9.5615,-10.0037],[-0.9223, 0.062 ,-0.1985,-0.1309],0.3377
1610,[-0.9145, 0.0656,-0.0416,-0.1589],[-0.2665,-1.2945,17.2411,95.6491,-2.6087],[-0.9153, 0.0617,-0.0357,-0.1477],0.4398
1611,[-0.9202, 0.0699, 0.0732,-0.1701],[-16.0929,-16.9652,-15.3034,-15.8977,-16.1264],[-0.9206, 0.0454, 0.0918,-0.1563],0.4069
1612,[-0.9149, 0.0726,-0.0782,-0.1659],[ 7.2122e-01, 9.4463e-01,-8.5879e-01, 7.0761e+02,-4.7198e-01],[-0.9155, 0.0735,-0.0757,-0.1551],0.4128
1614,[-0.9198, 0.1283,-0.1911,-0.1662],[-20.4186,-18.5106,-22.4084,-18.9028,-21.4274],[-0.9192, 0.1387,-0.1972,-0.1568],0.3121
1616,[-0.927 , 0.1399,-0.2952,-0.1338],[-1.8885,-2.1172,-3.3906,-1.9074,-2.4986],[-0.9232, 0.1626,-0.3103,-0.1325],0.235
1620,[-0.916 ,-0.0652, 0.0422,-0.1797],[-294.2646,-292.4044,-294.7408,-292.7036,-295.2914],[-0.9169,-0.0615, 0.0375,-0.1712],0.4364
1621,[-0.9147,-0.0804, 0.0837,-0.1797],[ -4.3058, -6.4674,256.4564,257.1306, -5.8624],[-0.9154,-0.081 , 0.0807,-0.1709],0.4077
1622,[-0.9211,-0.0769,-0.0746,-0.162 ],[-10.9075,-10.3471,-11.8369,-10.6799,-11.3619],[-0.9216,-0.0501,-0.0984,-0.1638],0.3969
1623,[-0.9168,-0.1371, 0.1854,-0.1886],[-1.0929,-3.4152, 1.1771, 0.4764,-2.2457],[-0.9165,-0.1452, 0.1891,-0.1769],0.3174
1630,[-0.9132, 0.1999,-0.0078,-0.157 ],[-9.4201,-9.7478,-8.5881,-9.0133,-9.0113],[-0.9162, 0.1714, 0.014 ,-0.165 ],0.3967
1632,[-0.9144, 0.1854,-0.1177,-0.1711],[-33.689 ,-34.3461,-34.1973,-33.0747,-34.2512],[-0.9165, 0.1747,-0.0977,-0.1649],0.3532
1634,[-0.9194, 0.1934,-0.2261,-0.1682],[ 0.4033, 8.4465,-1.9757,10.54  ,-1.1561],[-0.9191, 0.1988,-0.2255,-0.1548],0.2671
1636,[-0.9237, 0.2266,-0.3239,-0.1502],[ 0.3239,42.1053,-0.5753,10.9854, 0.0463],[-0.9211, 0.2393,-0.3296,-0.1513],0.1894
1640,[-0.9227,-0.186 , 0.03  ,-0.1373],[-4.8575,-4.0687,-5.6114,-4.8821,-5.1556],[-0.9252,-0.1605, 0.0108,-0.14  ],0.3618
1641,[-0.9173,-0.1777, 0.1377,-0.1598],[-34.3941,-34.8809,-34.1608,-34.365 ,-35.1614],[-0.9188,-0.1716, 0.1258,-0.15  ],0.3305
1643,[-0.9188,-0.1872, 0.2024,-0.1775],[-10.9065,-13.0131,-10.0332, -9.7924,-12.8258],[-0.9192,-0.1898, 0.1976,-0.1636],0.2858
1645,[-0.9198,-0.2068, 0.2913,-0.1403],[-0.2579,-0.6081, 3.0183,34.1938,-0.2665],[-0.9178,-0.218 , 0.2956,-0.1287],0.2196
1700,[-0.9208,-0.0186, 0.0042,-0.2763],[-530.8963,-530.817 ,-531.1229,-531.0363,-532.1678],[-0.922 ,-0.0161, 0.0015,-0.2706],0.4379
1701,[-0.9202,-0.0383, 0.0803,-0.2797],[-74.7419,-75.8885,-74.6625,-75.3915,-76.0795],[-0.9211,-0.0463, 0.0859,-0.2766],0.404
1702,[-0.9201, 0.0302,-0.0877,-0.2752],[-134.1606,-133.4123,-135.0119,-133.6005,-134.766 ],[-0.9207, 0.0412,-0.0968,-0.2745],0.4045
1704,[-0.9169, 0.0452,-0.1709,-0.3065],[-2.9838,-1.3804,-3.6679,-2.763 ,-3.6546],[-0.9163, 0.0669,-0.1883,-0.3236],0.3693
1710,[-0.9153, 0.0657,-0.0413,-0.2797],[-57.779 ,-57.977 ,-57.2263,-56.5916,-58.6924],[-0.9167, 0.0623,-0.0382,-0.2735],0.4357
1712,[-0.9178, 0.0734,-0.0933,-0.2764],[-240.9196,-240.132 ,-241.4264,-240.2586,-241.7304],[-0.9187, 0.0778,-0.0958,-0.2689],0.3935
1714,[-0.9203, 0.1287,-0.1917,-0.299 ],[-5.9639,-3.7188,-8.046 ,-5.3281,-8.1344],[-0.92  , 0.1407,-0.201 ,-0.2865],0.3067
1720,[-0.9164,-0.0668, 0.0419,-0.2694],[-156.0037,-156.2543,-156.5523,-155.1014,-157.3467],[-0.9178,-0.0631, 0.0377,-0.2649],0.4342
1721,[-0.9159,-0.0886, 0.0885,-0.2693],[-398.3538,-398.8802,-398.2721,-397.7439,-399.1639],[-0.9171,-0.0893, 0.0863,-0.2632],0.3979
1723,[-0.9169,-0.1494, 0.183 ,-0.2839],[-7.2654,-8.2248,-5.7618,-6.3199,-8.6903],[-0.9172,-0.1566, 0.1883,-0.2772],0.3079
1732,[-0.9204, 0.1681,-0.0784,-0.2591],[-20.4333,-20.0713,-20.3248,-19.5807,-20.5824],[-0.9232, 0.1517,-0.048 ,-0.276 ],0.3666
1734,[-0.9233, 0.1795,-0.2312,-0.2799],[-10.3748,-10.0522,-12.683 , -9.7638,-12.9908],[-0.9228, 0.1899,-0.2397,-0.27  ],0.2504
1743,[-0.9211,-0.1817, 0.1988,-0.2843],[-19.0528,-20.3889,-17.8987,-18.0128,-20.9312],[-0.9218,-0.1864, 0.1992,-0.2704],0.2798
1800,[-0.9331,-0.0148,-0.0156,-0.3906],[-175.5427,-175.4691,-175.6205,-174.6374,-176.2482],[-0.9348,-0.007 ,-0.0269,-0.3876],0.3867
1802,[-0.9384, 0.0324,-0.0986,-0.3944],[-35.1719,-34.7361,-36.0391,-34.7414,-36.3688],[-0.9394, 0.0492,-0.1125,-0.3771],0.316
1812,[-0.9202, 0.0881,-0.116 ,-0.3802],[-74.034 ,-73.8813,-75.0514,-73.2342,-75.1943],[-0.9213, 0.0953,-0.1228,-0.3704],0.3608
1821,[-0.9148,-0.0649, 0.0703,-0.381 ],[-73.6089,-73.2229,-73.3383,-72.1805,-74.5989],[-0.9163,-0.0676, 0.0753,-0.3635],0.4208
2100,[-0.8907,-0.0472, 0.0466, 0.3776],[-36.1918,-35.7382,-36.003 ,-36.5805,-35.5854],[-0.889 ,-0.0464, 0.0458, 0.3914],0.3353
2200,[-0.9012, 0.0246,-0.0161, 0.2753],[-271.7968,-271.5217,-271.613 ,-272.0804,-271.0557],[-0.9   , 0.0231,-0.0136, 0.2694],0.394
2201,[-0.8982,-0.0396, 0.0783, 0.2841],[-66.6516,-67.4705,-66.5303,-67.4596,-66.5289],[-0.8967,-0.0435, 0.082 , 0.2838],0.3538
2202,[-0.9025, 0.0497,-0.0624, 0.2626],[-73.536 ,-72.7365,-74.0229,-74.1391,-72.7496],[-0.9013, 0.0503,-0.0601, 0.2589],0.38
2210,[-0.9035, 0.0615,-0.0433, 0.2697],[-45.6913,-47.0054,-45.6264,-46.7345,-45.8876],[-0.9024, 0.0578,-0.0347, 0.2653],0.3932
2212,[-0.9028, 0.0661,-0.0783, 0.2662],[-132.7003,-131.7505,-132.948 ,-132.9146,-131.9706],[-0.9016, 0.0665,-0.0764, 0.2638],0.3662
2214,[-0.9108, 0.1613,-0.175 , 0.2725],[-3.0701,-3.0771,-5.1681,-3.8264,-3.0026],[-0.9098, 0.1593,-0.1593, 0.2597],0.3168
2220,[-0.9102,-0.0588, 0.0177, 0.2566],[-16.8383,-16.129 ,-17.8095,-17.4224,-16.6443],[-0.9092,-0.0533, 0.019 , 0.2541],0.4338
2221,[-0.8889,-0.0787, 0.1134, 0.2766],[-24.5734,-25.2892,-23.6798,-24.6322,-23.3752],[-0.8874,-0.0807, 0.1114, 0.2629],0.2879
2236,[-0.9045, 0.2464,-0.3224, 0.2678],[ 1.1912, 1.0681,-1.385 ,-0.1459, 8.0444],[-0.9018, 0.2489,-0.3114, 0.2616],0.1719
2243,[-0.8995,-0.2716, 0.2055, 0.2579],[-1.0552,-2.7538, 0.5192,-1.8279, 0.2059],[-0.901 ,-0.2605, 0.1738, 0.2435],0.228
2254,[-0.9051, 0.2851,-0.2556, 0.2575],[ 0.8771, 1.9955, 0.4879, 0.4983,12.9407],[-0.9057, 0.2781,-0.234 , 0.2432],0.2085
2256,[-0.8996, 0.29  ,-0.2829, 0.2507],[ 0.5707,15.1338,-0.797 ,-0.2132, 4.6305],[-0.8995, 0.2855,-0.2658, 0.2597],0.1685
2263,[-0.9012,-0.2828, 0.2424, 0.2631],[ 2.386 , 0.2619, 0.3182, 1.4241,31.3417],[-0.9021,-0.2746, 0.2164, 0.2568],0.2056
2265,[-0.8977,-0.2923, 0.2828, 0.252 ],[ 1.6805,-0.337 ,18.9379, 0.4028, 1.2592],[-0.8978,-0.2872, 0.2598, 0.2623],0.1649
2300,[-9.0808e-01, 1.5270e-03, 5.5268e-05, 1.5245e-01],[-981.4846,-982.4152,-982.1023,-982.9649,-980.7183],[-9.0746e-01, 1.2836e-03, 3.7235e-04, 1.4381e-01],0.4249
2301,[-0.9078,-0.0419, 0.0651, 0.149 ],[-307.7819,-308.6517,-307.2032,-308.5523,-306.8934],[-0.907 ,-0.0446, 0.0658, 0.1445],0.4054
2302,[-0.9075, 0.0419,-0.0659, 0.1613],[-387.8465,-387.1259,-388.8185,-388.6283,-386.5932],[-0.9066, 0.0446,-0.0667, 0.1584],0.4033
2304,[-0.9086, 0.0402,-0.2012, 0.153 ],[-5.1342,-3.2429,-6.1232,-5.5684,-4.8632],[-0.9056, 0.0595,-0.2098, 0.1404],0.3234
2310,[-0.9066, 0.0627,-0.0422, 0.1692],[-111.9673,-111.6337,-111.6624,-112.1197,-111.5058],[-0.906 , 0.0591,-0.0365, 0.1635],0.4075
2312,[-0.9055, 0.0701,-0.0831, 0.1662],[-385.2138,-384.7126,-386.1425,-386.0729,-385.1528],[-0.9047, 0.0709,-0.0809, 0.1603],0.3754
2314,[-0.8955, 0.1289,-0.1945, 0.1641],[-26.0621,-25.8716,-27.6617,-26.9315,-25.714 ],[-0.8936, 0.1348,-0.1966, 0.1539],0.2489
2316,[-0.9003, 0.1463,-0.2855, 0.2134],[-1.7566, 1.5204,-2.9213,-1.3275, 0.3139],[-0.8962, 0.1575,-0.2847, 0.2194],0.2074
2320,[-0.9096,-0.0624, 0.0458, 0.1536],[-0.4405, 1.1516,-2.5146,-2.1947,19.292 ],[-0.909 ,-0.0594, 0.0415, 0.1461],0.4188
2321,[-0.9075,-0.0777, 0.0864, 0.1428],[-10.5328,-13.0949, -7.9728,-11.8685, 93.7435],[-0.9069,-0.0779, 0.0831, 0.1367],0.3807
2322,[-0.9045,-0.0965,-0.0861, 0.1588],[ -9.8278, -9.0995,-10.5235, -9.6594, -9.2566],[-0.9038,-0.0725,-0.1007, 0.1532],0.3613
2323,[-0.9031,-0.1337, 0.1955, 0.1525],[-25.823 ,-27.6708,-25.6884,-26.5909,-25.1064],[-0.9014,-0.1391, 0.1935, 0.1515],0.2772
2325,[-0.882 ,-0.1458, 0.3008, 0.1456],[-2.4536,-3.7506,-1.1109,-2.855 ,-1.6954],[-0.8776,-0.157 , 0.2998, 0.1456],0.1385
2330,[-0.9087, 0.2447,-0.0269, 0.1352],[-4.6137,-5.3868,-3.857 ,-4.8876,-4.2534],[-0.9116, 0.2155,-0.0079, 0.1204],0.3684
2332,[-0.9044, 0.228 ,-0.1312, 0.1456],[-5.1013,-6.5112,-5.702 ,-5.7788,-4.787 ],[-0.9061, 0.2149,-0.1166, 0.1387],0.2963
2334,[-0.8986, 0.2412,-0.2154, 0.1564],[ 0.8872, 4.4014,-1.34  ,-0.8238,33.0972],[-0.899 , 0.2361,-0.2008, 0.1495],0.2207
2336,[-0.8957, 0.2565,-0.3048, 0.165 ],[ 0.2692,22.6423,-1.0516, 0.6514, 0.3352],[-0.894 , 0.2578,-0.2952, 0.17  ],0.151
2340,[-9.0041e-01,-2.0212e-01,-2.4552e-04, 1.3320e-01],[-8.6853,-7.507 ,-9.8508,-8.9294,-7.8999],[-0.9022,-0.176 ,-0.0192, 0.1373],0.3398
2341,[-0.9056,-0.2044, 0.1448, 0.1498],[-14.5971,-14.6601,-15.6434,-15.4218,-14.0117],[-0.9064,-0.1957, 0.1331, 0.1383],0.2987
2343,[-0.9009,-0.2135, 0.219 , 0.16  ],[ 0.2779,-0.9911, 3.6405,-0.3105,53.9221],[-0.9005,-0.2118, 0.2094, 0.1517],0.2328
2345,[-0.9023,-0.2255, 0.2952, 0.1581],[ 0.8184,-0.9076,16.5532, 0.525 , 1.4308],[-0.9   ,-0.2294, 0.2884, 0.1655],0.1859
2350,[-0.9038, 0.2888,-0.0455, 0.1296],[-0.2248,-2.2768,-0.6823,-1.2204,-0.3031],[-0.9079, 0.2588,-0.0246, 0.1423],0.3263
2352,[-0.9037, 0.3068,-0.1346, 0.139 ],[-0.5631,-1.5525, 5.4977,-0.5556, 0.2043],[-0.9075, 0.2872,-0.1224, 0.149 ],0.2642
2354,[-0.8992, 0.3307,-0.216 , 0.1485],[ 1.6691, 1.588 , 1.2956, 1.1525,53.3107],[-0.9025, 0.3186,-0.2027, 0.1448],0.1934
2356,[-0.9016, 0.2964,-0.318 , 0.1815],[ 0.2874,22.7233,-0.9395, 1.8197, 2.7749],[-0.9007, 0.2949,-0.3052, 0.1916],0.1504
2361,[-0.8972,-0.3176, 0.1251, 0.1531],[-1.705 ,12.7246,-2.1247,-1.4539,-0.6141],[-0.9015,-0.2962, 0.1076, 0.1519],0.2456
2363,[-0.8914,-0.3339, 0.2428, 0.1615],[ 2.0438, 2.7941, 2.0726, 1.0083,44.3442],[-0.8941,-0.3245, 0.2257, 0.1567],0.1524
2365,[-0.8982,-0.3308, 0.3216, 0.1716],[ 5.2609e-01,-5.4111e-03, 2.4113e+01, 1.1893e+00, 4.1266e-01],[-0.8984,-0.3274, 0.3085, 0.181 ],0.127
2367,[-0.8955,-0.3595, 0.4087, 0.139 ],[ 0.9589,-1.2816,12.6741, 1.089 , 0.9173],[-0.8936,-0.3596, 0.4004, 0.1477],0.0556
2374,[-0.8877, 0.4112,-0.2268, 0.1419],[-1.0373,-2.0597, 0.655 , 0.0803,-0.8398],[-0.8936, 0.3972,-0.2165, 0.1481],0.1219
2376,[-0.8805, 0.3907,-0.2964, 0.1388],[ 1.7708, 3.6307,-0.331 , 0.9985, 0.3689],[-0.8839, 0.3833,-0.2818, 0.1538],0.0697
2381,[-0.9022,-0.4095, 0.1637, 0.1331],[-2.0692,-1.4831,-3.1693,-0.591 ,-0.5533],[-0.9096,-0.3856, 0.1407, 0.1481],0.2152
2383,[-0.8737,-0.4013, 0.2463, 0.1561],[-0.6212,17.9912,-1.0451,-0.0207, 0.057 ],[-0.8787,-0.391 , 0.2404, 0.1639],0.0691
2385,[-0.8903,-0.4023, 0.3189, 0.1529],[2.1727,1.4205,7.2976,4.3029,1.1266],[-0.8933,-0.3953, 0.305 , 0.1664],0.0821
2387,[-0.9105,-0.3979, 0.3928, 0.1352],[ 0.6275,-0.5014,13.2486, 1.8051, 0.1439],[-0.9107,-0.3951, 0.3846, 0.1468],0.0955
2393,[-0.8951,-0.5218, 0.2587, 0.1466],[-4.4625,-3.6082,-4.4774,-3.7313,-5.0005],[-0.9048,-0.5079, 0.2504, 0.1604],0.0893
2400,[-0.9078,-0.0094, 0.0055, 0.0643],[1.0748e+00,4.3712e-01,2.8312e+00,5.6779e-01,5.8674e+03],[-0.9076,-0.0086, 0.0037, 0.0505],0.4294
2401,[-0.9075,-0.0377, 0.0674, 0.0637],[  0.6687, -0.9813,392.9643, -0.5876,  2.5158],[-0.9071,-0.0415, 0.0681, 0.0533],0.4063
2402,[-0.9069, 0.0316,-0.0681, 0.0542],[ 1.8545,22.9841,-0.7189,-0.6096, 2.9827],[-0.9065, 0.0363,-0.0692, 0.0419],0.4051
2403,[-0.906 ,-0.0369, 0.2019, 0.0639],[-7.9909,-9.3127,-7.2017,-8.0598,-7.9192],[-0.9031,-0.0572, 0.2161, 0.0736],0.3114
2404,[-0.9019, 0.0273,-0.1959, 0.047 ],[ -8.8762, -7.9559,-10.1499, -9.0144, -7.5511],[-0.8992, 0.0475,-0.2088, 0.0446],0.304
2406,[-0.8857, 0.049 ,-0.2826, 0.0074],[-1.5288, 4.3151,-2.3146,-1.3261,-1.0565],[-0.8808, 0.0714,-0.2942,-0.0081],0.1868
2410,[-0.9042, 0.0677,-0.0398, 0.0548],[-136.3659,-137.561 ,-135.6039,-136.8267,-136.1252],[-0.9042, 0.0635,-0.0347, 0.0457],0.3975
2411,[-0.8996, 0.0914, 0.0823, 0.0391],[-15.38  ,-16.3872,-14.9729,-15.2827,-15.5449],[-0.8994, 0.0684, 0.0991, 0.0355],0.3461
2412,[-0.9042, 0.0763,-0.0889, 0.0559],[-12.293 ,-12.5959,-14.8874,-14.4307,-10.5746],[-0.9039, 0.0774,-0.0864, 0.0442],0.3665
2414,[-0.9018, 0.135 ,-0.1904, 0.0409],[-24.1553,-23.3842,-25.925 ,-24.6497,-22.9449],[-0.9006, 0.1407,-0.1905, 0.0357],0.2752
2416,[-0.8991, 0.1418,-0.2984, 0.0484],[-2.336 , 0.253 ,-3.737 ,-2.1509,-0.1857],[-0.8949, 0.1564,-0.3038, 0.0457],0.1948
2420,[-0.9068,-0.066 , 0.0377, 0.0594],[ 1.4195,17.0904,-0.6689,-0.5993,99.4498],[-0.9067,-0.0608, 0.0258, 0.0475],0.413
2421,[-0.9066,-0.0773, 0.087 , 0.0682],[1.3636e+00,2.8148e-01,1.8343e+03,7.4726e-01,2.8457e+00],[-0.9063,-0.0778, 0.0836, 0.0622],0.3778
2422,[-0.9019,-0.0873,-0.0787, 0.0316],[-28.4966,-28.0645,-29.342 ,-28.9106,-28.3012],[-0.9017,-0.065 ,-0.0949, 0.0186],0.359
2423,[-0.9026,-0.1385, 0.1901, 0.0581],[ 2.5409,-2.7762, 8.3513,-0.3988, 6.6136],[-0.9014,-0.1437, 0.1902, 0.0539],0.2767
2424,[-0.9021,-0.0865,-0.1866, 0.075 ],[-2.0902, 0.7214,-2.9764,-1.6254,-1.1499],[-0.8997,-0.0516,-0.214 , 0.0606],0.3011
2425,[-0.8961,-0.1016, 0.2889, 0.1149],[-3.2127,-4.7064,-1.0574,-3.8876,-3.0365],[-0.8913,-0.1189, 0.2964, 0.1254],0.2019
2430,[-0.8991, 0.2047,-0.0236, 0.0539],[-15.3716,-16.4956,-14.0811,-15.8715,-14.9218],[-0.9013, 0.1818,-0.0077, 0.047 ],0.3363
2431,[-0.8977, 0.1762, 0.059 , 0.0255],[-2.2122,-4.0659,-1.3348,-3.0436,-1.9684],[-0.8991, 0.1462, 0.0805, 0.0116],0.3165
2432,[-0.8991, 0.2109,-0.1214, 0.0615],[ 0.9596,-0.5517,-0.2525, 0.3204,66.0046],[-0.9009, 0.1991,-0.1046, 0.0521],0.2894
2434,[-0.8994, 0.2119,-0.2126, 0.0571],[  1.5797,333.1674, -0.4464,  0.7019,  4.4322],[-0.8994, 0.2105,-0.2027, 0.0636],0.2328
2436,[-0.8986, 0.2238,-0.3092, 0.0572],[-0.0672,43.2955,-0.7003, 0.2637, 1.5729],[-0.896 , 0.2299,-0.3063, 0.0637],0.1645
2440,[-0.8976,-0.2128, 0.0231, 0.0511],[-14.4418,-13.0641,-16.0155,-15.0543,-14.1156],[-0.9   ,-0.1892, 0.0047, 0.0501],0.3278
2441,[-0.8973,-0.2102, 0.1226, 0.0435],[-21.0244,-22.3555,-22.1504,-22.6436,-19.2722],[-0.899 ,-0.1991, 0.108 , 0.0353],0.2803
2442,[-0.9028,-0.201 ,-0.0906, 0.1052],[-2.8041,-2.5013,-4.5618,-2.9114,-2.7529],[-0.9038,-0.1621,-0.1241, 0.1036],0.308
2443,[-0.8965,-0.2054, 0.2109, 0.06  ],[ 0.7474,-0.6897,22.8185, 0.5792,19.526 ],[-0.8963,-0.2047, 0.2027, 0.0588],0.2244
2445,[-0.8929,-0.2349, 0.2897, 0.0596],[43.3636,-1.256 , 5.4596,-0.4408, 0.2535],[-0.8913,-0.2385, 0.2869, 0.0641],0.1536
2450,[-0.8955, 0.2955,-0.0468, 0.0458],[-2.1062,-3.7993,-2.4386,-1.7908,-2.1631],[-0.9003, 0.267 ,-0.0235, 0.049 ],0.2926
2452,[-0.8927, 0.3218,-0.1295, 0.0564],[-0.5572,-2.26  , 5.2076,-1.2862,-0.9788],[-0.8975, 0.3024,-0.1137, 0.0658],0.2248
2454,[-0.8927, 0.3332,-0.216 , 0.0594],[ 0.6565, 1.7011, 1.8263,81.8017, 8.1761],[-0.8962, 0.3224,-0.2047, 0.071 ],0.1698
2456,[-0.896 , 0.3332,-0.3071, 0.0602],[ 0.529 ,39.5234,-0.2345, 0.6653, 0.9235],[-0.897 , 0.3304,-0.2998, 0.0731],0.1254
2460,[-0.8966,-0.3058, 0.0349, 0.0605],[-2.7276,-1.6414,-4.1002,-2.9618,-2.7039],[-0.9017,-0.2742, 0.0069, 0.0698],0.2965
2461,[-0.8894,-0.3274, 0.1269, 0.0517],[-2.1776, 2.2066,-3.6852,-1.7361,-1.9228],[-0.8946,-0.3078, 0.1114, 0.0562],0.2132
2463,[-0.8896,-0.3341, 0.2163, 0.0399],[ 1.562 , 0.9731, 1.2985, 1.0298,37.1001],[-0.8933,-0.3237, 0.2039, 0.0328],0.1601
2465,[-0.8925,-0.3431, 0.3205, 0.0606],[ 1.0589,-0.6315,55.7926, 0.5804, 1.198 ],[-0.8933,-0.3406, 0.3139, 0.0712],0.1028
2467,[-0.9058,-0.3547, 0.4297, 0.0995],[ 0.3222,-0.8256,27.7128, 0.3664, 0.5062],[-0.9029,-0.3566, 0.4263, 0.1102],0.0712
2472,[-0.8774, 0.4   ,-0.1468, 0.0443],[-1.8368,-4.0815,-1.2059,-2.147 ,-3.0357],[-0.885 , 0.3806,-0.1317, 0.0558],0.1393
2474,[-0.8844, 0.4192,-0.2307, 0.0571],[-2.0599,-2.224 , 0.5341,-0.1117,-1.7873],[-0.8909, 0.4062,-0.2196, 0.0686],0.1084
2476,[-0.8832, 0.4305,-0.3047, 0.0476],[ 0.293 , 1.4394,-1.377 , 1.5028,-0.9628],[-0.8881, 0.4235,-0.2963, 0.0613],0.0585
2481,[-0.8855,-0.4041, 0.1523, 0.0528],[-1.3773,-0.1642,-2.9532,-2.4253,-3.1309],[-0.8931,-0.3834, 0.1362, 0.065 ],0.1631
2483,[-0.881 ,-0.4242, 0.2105, 0.0464],[-0.1351, 0.49  ,-2.2289,-0.9229,-1.8562],[-0.8883,-0.4095, 0.1971, 0.0585],0.1089
2485,[-0.8909,-0.4152, 0.3346, 0.049 ],[ 0.9567, 0.5185, 2.0955, 7.108 ,-0.0679],[-0.894 ,-0.4103, 0.3288, 0.0641],0.067
2487,[-0.9103,-0.4058, 0.4004, 0.0668],[ 0.1461,-0.441 ,11.4363, 0.3564, 0.0998],[-0.9105,-0.4043, 0.3966, 0.0805],0.0847
2493,[-0.8746,-0.5443, 0.2718, 0.1188],[-14.9833,-15.3357,-16.0087,-15.5434,-16.2046],[-0.8851,-0.5342, 0.2659, 0.1332],0.0151
2495,[-0.8831,-0.5097, 0.3039, 0.0731],[-16.4756,-17.1951,-17.0605,-15.8141,-17.6024],[-0.8912,-0.5015, 0.2982, 0.0858],0.0317
2500,[-9.0737e-01,-6.7179e-03, 5.6670e-04,-5.8498e-02],[7.4069e-01,5.3240e+03,2.2021e+00,2.9214e+00,4.6090e+00],[-0.9077,-0.0063, 0.0033,-0.0709],0.4312
2501,[-0.9066,-0.0368, 0.0728,-0.0666],[ 1.3625e-02,-3.8945e-01, 1.1856e+03,-1.8115e-01, 5.3892e-01],[-0.9066,-0.0419, 0.0752,-0.0771],0.4005
2502,[-0.9065, 0.0337,-0.0696,-0.0576],[ 1.2165e+00, 1.9079e+03,-4.7757e-01, 3.1045e-01, 1.8357e+00],[-0.9066, 0.0387,-0.0715,-0.0693],0.4033
2503,[-0.9   ,-0.0283, 0.1827,-0.0612],[-11.0627,-12.7959,-10.7137,-11.0027,-10.9438],[-0.8981,-0.0476, 0.1922,-0.0658],0.3073
2504,[-0.9001, 0.0316,-0.187 ,-0.0525],[-11.5438,-11.4685,-13.4354,-11.924 ,-12.3011],[-0.898 , 0.0508,-0.1976,-0.056 ],0.3028
2510,[-0.9049, 0.0685,-0.0431,-0.0749],[ 1.6526e+00,-7.8405e-01, 1.2445e+03, 6.6612e-01, 6.2367e-01],[-0.9054, 0.0655,-0.0426,-0.0825],0.3987
2511,[-0.8969, 0.0832, 0.0818,-0.0598],[-23.4683,-24.8704,-23.3947,-24.0271,-24.4346],[-0.897 , 0.0616, 0.0971,-0.0636],0.3397
2512,[-0.9049, 0.0747,-0.0845,-0.0695],[1.8791e+00,3.9015e+03,5.3381e-01,1.2352e+00,1.2659e+00],[-0.9052, 0.0758,-0.0815,-0.0781],0.3752
2514,[-0.9014, 0.1392,-0.1932,-0.045 ],[-3.7040e-02, 4.2184e+01,-4.0453e-01, 7.3596e-02, 4.4398e-01],[-0.9006, 0.1454,-0.1938,-0.0481],0.2714
2516,[-0.8941, 0.1319,-0.2939,-0.048 ],[-6.2829,-5.6458,-7.9055,-6.6684,-6.1635],[-0.8902, 0.1476,-0.3   ,-0.0513],0.1845
2520,[-0.9047,-0.0719, 0.0367,-0.0626],[6.8973e-01,7.6537e+02,9.8038e-01,3.2287e-01,1.9831e-01],[-0.9053,-0.0674, 0.0343,-0.0748],0.3997
2521,[-0.9052,-0.074 , 0.0868,-0.0686],[2.5709e+00,4.6293e-01,5.6961e+00,3.8147e-01,2.8645e+03],[-0.9054,-0.0757, 0.0849,-0.0822],0.3749
2522,[-0.895 ,-0.0816,-0.0749,-0.0421],[-33.1755,-32.3314,-34.1832,-32.9553,-33.4064],[-0.8951,-0.0615,-0.0888,-0.0485],0.3368
2523,[-0.9001,-0.1341, 0.1932,-0.0531],[-57.2929,-59.2997,-56.7288,-56.8719,-57.1449],[-0.8992,-0.1411, 0.1951,-0.0583],0.2674
2525,[-0.8989,-0.1653, 0.278 ,-0.0092],[-6.771 ,-8.055 ,-6.3247,-7.4179,-7.0969],[-0.896 ,-0.1766, 0.2844,-0.0248],0.1977
2530,[-0.8914, 0.2007,-0.0282,-0.0528],[-21.7473,-23.0096,-21.5125,-22.381 ,-21.6697],[-0.8941, 0.1804,-0.013 ,-0.0618],0.3072
2532,[-0.8918, 0.2055,-0.1138,-0.0426],[ 3.0057,-0.4803, 0.2413, 1.2018,12.2823],[-0.8939, 0.1948,-0.1005,-0.0536],0.2663
2534,[-0.8954, 0.2032,-0.2193,-0.0376],[1.4742e+00,5.1703e+02,3.1146e-02,1.6033e+00,1.6470e+00],[-0.8953, 0.2045,-0.2132,-0.0382],0.2165
2536,[-0.8931, 0.2387,-0.3018,-0.0248],[ -0.3064,130.9837, -0.9188,  3.1044,  2.1579],[-0.8913, 0.2438,-0.2999,-0.0268],0.1458
2540,[-0.8937,-0.1953, 0.0336,-0.0522],[-26.2423,-25.1591,-27.1896,-25.8979,-26.2107],[-0.8962,-0.1759, 0.0185,-0.0611],0.3182
2541,[-0.8931,-0.2083, 0.1152,-0.0469],[ 4.1748, 0.3344, 0.5873, 2.0691,94.2816],[-0.8952,-0.1974, 0.101 ,-0.0581],0.2702
2543,[-0.8948,-0.2074, 0.212 ,-0.0468],[5.6459e-01,3.4934e-01,6.6784e+02,1.3615e+00,1.1891e+00],[-0.895 ,-0.2075, 0.2048,-0.0456],0.2178
2545,[-0.8934,-0.2379, 0.3033,-0.0219],[  1.4932, -0.7381,120.0727,  0.5886, -0.4185],[-0.8915,-0.2432, 0.3022,-0.0197],0.1461
2550,[-0.8783, 0.2894,-0.0444,-0.0665],[-2.9301,-4.575 ,-2.4241,-2.9244,-3.751 ],[-0.8835, 0.2654,-0.0261,-0.0805],0.2283
2552,[-0.8844, 0.3112,-0.1262,-0.0353],[-4.5622,-6.3398,-3.2927,-5.0015,-5.0365],[-0.8893, 0.2937,-0.1104,-0.0368],0.2013
2554,[-0.8836, 0.3245,-0.2208,-0.0199],[ 1.4348, 6.1332,-0.2449, 6.0901, 0.6893],[-0.8871, 0.316 ,-0.2098,-0.0169],0.1403
2556,[-0.8889, 0.3144,-0.3195,-0.0061],[ 2.2705,55.3424,-1.1056, 3.227 , 1.1218],[-0.8889, 0.3144,-0.3136,-0.0058],0.1016
2560,[-0.8894,-0.2901, 0.0436,-0.0298],[-4.5251,-3.5416,-5.3395,-4.3068,-3.8515],[-0.8943,-0.2634, 0.0237,-0.0235],0.2717
2561,[-0.8841,-0.3067, 0.1272,-0.0301],[-7.5867,-5.229 ,-9.0137,-7.2523,-7.6047],[-0.8888,-0.2897, 0.1122,-0.0322],0.2004
2563,[-0.8867,-0.3228, 0.2127,-0.0112],[1.1497,0.5926,5.393 ,5.3004,0.5102],[-0.8903,-0.3134, 0.2016,-0.0116],0.1559
2565,[-0.8974,-0.3265, 0.3035,-0.0048],[19.4442,-1.0048, 6.0175, 5.008 , 0.1334],[-0.8983,-0.3249, 0.3007,-0.0024],0.1315
2572,[-0.8787, 0.4011,-0.157 ,-0.0091],[-2.5505,-3.2477,-1.1003,-1.7478,-2.5734],[-0.8865, 0.3827,-0.1409,-0.0014],0.1387
2574,[-0.8834, 0.4229,-0.2174,-0.0112],[-1.9108,-3.0726,-1.9827,-1.4808,-3.1473],[-0.8907, 0.4091,-0.2046,-0.0042],0.1125
2576,[-0.8817, 0.4347,-0.3082,-0.0023],[-0.1797, 1.4124,-0.8905, 1.6945,-0.9002],[-0.8867, 0.4286,-0.302 , 0.0041],0.0502
2578,[-0.9111, 0.4012,-0.3991, 0.    ],[ 1.1744,15.5999,-0.5208, 1.1693,-0.3578],[-0.9111, 0.4009,-0.3987, 0.0156],0.0871
2581,[-0.879 ,-0.3952, 0.15  ,-0.0222],[-1.9264,-1.7058,-3.5175,-2.5899,-2.6371],[-0.8867,-0.3762, 0.1348,-0.0145],0.1461
2583,[-0.8852,-0.4207, 0.2322,-0.0034],[-4.9185,-4.4097,-5.2266,-4.3467,-5.3781],[-0.892 ,-0.4081, 0.2195,-0.0009],0.1105
2585,[-0.8868,-0.4201, 0.3349,-0.0081],[-0.9592,-2.2051, 0.3639, 0.6029,-2.497 ],[-0.8902,-0.416 , 0.3302,-0.0038],0.053
2587,[-0.9086,-0.4111, 0.3955, 0.    ],[ 0.6214,-0.7428,12.7304, 0.8874,-0.1816],[-0.9092,-0.4102, 0.3946, 0.0156],0.079
2600,[-9.0679e-01, 3.5856e-05,-1.9707e-04,-1.5783e-01],[  2.1962, 14.4939,276.4049,  1.1272,  2.9563],[-9.0751e-01, 3.0183e-04,-1.9080e-03,-1.6529e-01],0.4334
2601,[-0.9068,-0.041 , 0.0786,-0.1446],[-245.8241,-246.8423,-245.0489,-246.4048,-245.3954],[-0.9072,-0.0466, 0.0806,-0.1519],0.3982
2602,[-0.9068, 0.0422,-0.0719,-0.1604],[-22.5469,288.2545,-24.0173,-23.2581,-23.1103],[-0.9073, 0.0468,-0.0746,-0.1678],0.4018
2603,[-0.9043,-0.0326, 0.1735,-0.1517],[-11.7126,-12.7525,-11.6522,-10.9325,-12.1104],[-0.9029,-0.0518, 0.1858,-0.1504],0.3271
2604,[-0.9074, 0.0347,-0.1922,-0.1517],[-5.9973,-6.0912,-8.1155,-6.5992,-7.0632],[-0.9054, 0.0569,-0.2099,-0.1504],0.3239
2610,[-0.905 , 0.0701,-0.0428,-0.1666],[1.0522e+00,1.4001e-01,1.5285e+03,8.0517e-01,1.1724e+00],[-0.906 , 0.0669,-0.0423,-0.1728],0.4013
2611,[-0.8983, 0.0787, 0.0747,-0.1721],[-24.673 ,-25.8933,-24.7528,-24.8732,-24.8379],[-0.899 , 0.0583, 0.087 ,-0.177 ],0.3541
2612,[-0.9071, 0.0772,-0.0861,-0.1611],[7.6314e-01,2.9914e+03,6.1961e-01,1.3864e+00,8.3606e-01],[-0.9078, 0.0785,-0.0829,-0.1678],0.3846
2614,[-0.9025, 0.1363,-0.1925,-0.1632],[ 2.7054, 5.7342,-3.3499, 3.097 ,-1.9294],[-0.902 , 0.1438,-0.1941,-0.1587],0.2775
2620,[-0.9049,-0.0702, 0.0432,-0.1795],[ 2.0011e+00, 1.4836e+03, 6.8626e-03, 2.6708e+00,-7.4105e-02],[-0.906 ,-0.0672, 0.0426,-0.1895],0.4008
2621,[-0.9068,-0.0797, 0.0938,-0.1727],[1.7430e+00,7.8240e-01,3.3648e+03,3.6873e+00,8.8128e-01],[-0.9074,-0.082 , 0.0927,-0.1833],0.3767
2622,[-0.8987,-0.0662,-0.0672,-0.1779],[-13.6302,-13.1235,-14.7215,-13.9024,-13.4331],[-0.8995,-0.0482,-0.0779,-0.1907],0.3656
2623,[-0.9039,-0.1413, 0.1882,-0.1898],[-2.8077e-02,-3.8523e-01, 3.3729e+02, 5.6003e-01,-1.2752e-01],[-0.9037,-0.1482, 0.1908,-0.1976],0.2833
2630,[-0.8917, 0.1917,-0.0323,-0.1576],[-29.3733,-30.2211,-28.9061,-29.1796,-29.732 ],[-0.8946, 0.1731,-0.019 ,-0.1618],0.3119
2632,[-0.8946, 0.1996,-0.1161,-0.1623],[-12.2465,-13.0651,-13.2903,-10.2464,-12.7908],[-0.897 , 0.19  ,-0.1016,-0.1618],0.2802
2634,[-0.8976, 0.2003,-0.2035,-0.1595],[1.4970e+00,2.8739e+02,1.2045e-01,1.8871e+00,3.4691e-01],[-0.8984, 0.2007,-0.1935,-0.1636],0.2382
2636,[-0.8915, 0.2341,-0.3021,-0.1795],[-0.5042,34.8089,-0.9191, 0.8709, 0.8069],[-0.8901, 0.241 ,-0.2987,-0.1846],0.1438
2640,[-0.8914,-0.1905, 0.0344,-0.1501],[-14.7549,-14.4691,-16.2249,-14.6289,-15.2139],[-0.8942,-0.1723, 0.0213,-0.1542],0.3113
2641,[-0.8916,-0.1979, 0.1103,-0.1452],[-1.4315,-2.6404,-1.9844,10.8094,-1.4634],[-0.8939,-0.1884, 0.0991,-0.1439],0.2702
2643,[-0.9012,-0.1883, 0.2108,-0.1741],[ 1.3496e+00,-4.0734e-03, 5.9246e+00, 4.3249e+02, 6.9567e-01],[-0.9014,-0.1915, 0.2075,-0.1628],0.2467
2645,[-0.8859,-0.2297, 0.2848,-0.1529],[ 5.3928,-1.3706,49.2249, 2.7004, 0.3762],[-0.8848,-0.2353, 0.2835,-0.1542],0.1356
2650,[-0.8992, 0.2944,-0.0424,-0.1458],[-1.8925,-1.7152,-1.4579,-1.6957,-1.0283],[-0.9048, 0.2648,-0.0196,-0.1493],0.313
2652,[-0.876 , 0.2995,-0.1286,-0.1804],[-5.4555,-6.2215,-3.9742,-5.3794,-5.2485],[-0.8811, 0.2854,-0.1203,-0.1883],0.1717
2654,[-0.8962, 0.2985,-0.229 ,-0.1477],[-0.4302,-0.7388,-2.4901,-0.2043,-1.7689],[-0.8991, 0.2923,-0.213 ,-0.1385],0.1891
2656,[-0.8991, 0.2882,-0.2957,-0.1886],[ 2.0092,22.5262,-1.0113, 1.3027, 0.0531],[-0.8997, 0.2899,-0.2865,-0.1845],0.1577
2661,[-0.8751,-0.2951, 0.1186,-0.1397],[-3.0008,-1.7195,-4.193 ,-2.7616,-3.4838],[-0.88  ,-0.2801, 0.1081,-0.1457],0.1752
2663,[-0.8687,-0.3387, 0.1855,-0.1272],[ 0.0904,-0.4639, 2.2917, 1.5667,-0.4461],[-0.8737,-0.3288, 0.1837,-0.1109],0.1034
2700,[-8.9903e-01,-3.5881e-04, 1.6342e-05,-2.8619e-01],[-79.338 ,-78.5542,-78.6233,-78.3088,-80.4543],[-9.0030e-01,-1.8263e-04,-7.9806e-04,-2.8103e-01],0.4005
2701,[-0.8949,-0.0217, 0.0773,-0.2893],[-113.4252,-114.0137,-112.8515,-112.7816,-114.0001],[-0.8958,-0.0293, 0.0803,-0.2929],0.3558
2702,[-0.898 , 0.0277,-0.0872,-0.2772],[-107.8371,-106.6038,-108.8689,-107.4905,-108.6362],[-0.8988, 0.0363,-0.092 ,-0.2797],0.3608
2703,[-0.9106,-0.045 , 0.1767,-0.2861],[-7.8547,-9.4757,-7.8334,-8.4981,-8.3874],[-0.9098,-0.0652, 0.1884,-0.3031],0.3486
2710,[-0.8939, 0.0711,-0.0376,-0.2907],[ -7.9615,-10.0979,344.0313, -6.9096,-10.0456],[-0.8954, 0.0677,-0.0372,-0.2936],0.3574
2711,[-0.8838, 0.0664, 0.0739,-0.2612],[-13.0459,-14.6143,-13.7473,-12.9957,-13.7313],[-0.8849, 0.0497, 0.0831,-0.2781],0.3007
2712,[-0.8992, 0.0741,-0.0822,-0.2884],[ 9.8756e-01, 6.2605e+02,-1.4596e+00, 2.7749e+00,-5.9015e-01],[-0.9003, 0.0757,-0.0798,-0.2895],0.3559
2714,[-0.9033, 0.121 ,-0.187 ,-0.2904],[ 3.6448, 9.3583,-1.7633, 9.098 ,-1.2687],[-0.9031, 0.1308,-0.1903,-0.2803],0.2892
2720,[-0.9007,-0.0703, 0.0396,-0.2744],[  1.7446,400.3963, -1.6187,  1.1305, -2.4262],[-0.9021,-0.0671, 0.0395,-0.2782],0.3854
2721,[-0.9043,-0.0883, 0.0916,-0.2657],[ -0.4132, -1.3707, 28.3125,230.357 , -0.3893],[-0.9054,-0.0894, 0.0896,-0.2623],0.3658
2723,[-0.9055,-0.1435, 0.1863,-0.2645],[ 0.2878,-1.4795,-0.5976,33.6936,-0.8068],[-0.9057,-0.1505, 0.1889,-0.2595],0.2906
2732,[-0.8913, 0.2135,-0.1031,-0.2837],[-1.6277,-2.4754,-2.4977,-0.0719,-2.373 ],[-0.8947, 0.2021,-0.0921,-0.2731],0.269
2734,[-0.8919, 0.2177,-0.2201,-0.294 ],[ 1.7387,57.1486,-0.4228, 2.7945, 0.0824],[-0.8932, 0.2196,-0.2092,-0.2931],0.2033
2736,[-0.907 , 0.2354,-0.2921,-0.2799],[-0.0341, 9.7208,-1.4117, 3.3606, 0.0922],[-0.906 , 0.2439,-0.2966,-0.2658],0.1958
2740,[-0.8784,-0.1995, 0.029 ,-0.2972],[-5.5594,-4.9144,-6.2372,-5.3495,-4.9912],[-0.8821,-0.1827, 0.0229,-0.3037],0.2595
2741,[-0.8915,-0.172 , 0.146 ,-0.3091],[ 2.0705,-1.8343,-0.0515, 5.0015,-0.769 ],[-0.8933,-0.1701, 0.1375,-0.302 ],0.2597
2743,[-0.9034,-0.1808, 0.2126,-0.2629],[53.986 ,-0.9164, 4.6274, 9.3359, 0.1203],[-0.9036,-0.186 , 0.2116,-0.2529],0.2555
2756,[-0.8966, 0.2888,-0.3269,-0.2576],[-0.0931, 3.983 ,-0.7701,17.0247,-0.2924],[-0.8964, 0.2936,-0.3185,-0.2531],0.1304
2800,[-0.885 , 0.0443,-0.0286,-0.3905],[1.1976e+00,1.2098e+00,8.7165e+02,2.4020e+00,1.4786e-01],[-0.8868, 0.0427,-0.028 ,-0.3866],0.3367
2801,[-0.8787,-0.0399, 0.0815,-0.4217],[ 5.3454e-01,-4.4549e-01, 1.2457e+02, 1.0863e+00, 4.1628e-02],[-0.8801,-0.0457, 0.0846,-0.4333],0.2833
2802,[-0.8854, 0.0368,-0.1092,-0.4099],[-3.1731e-01, 3.5559e+02,-3.9782e-01, 1.2615e+00,-2.2110e-01],[-0.8864, 0.0469,-0.1156,-0.4215],0.2942
2810,[-0.8893, 0.0687,-0.039 ,-0.3927],[ 1.2015, 0.387 , 2.2651,57.0424,-0.0789],[-0.8912, 0.0653,-0.0336,-0.3843],0.3415
2812,[-0.8899, 0.0833,-0.1073,-0.4018],[1.1603e+00,2.1712e+00,3.9135e-01,3.7025e+02,1.7001e-01],[-0.8912, 0.0871,-0.1052,-0.3943],0.3012
2814,[-0.8933, 0.0962,-0.1732,-0.3986],[ 1.1432,51.966 ,-0.5167, 1.683 ,-0.9749],[-0.8934, 0.1071,-0.177 ,-0.3814],0.2681
2820,[-0.8892,-0.0655, 0.0396,-0.4159],[-0.3214,18.6409,-2.0356,21.2094,-3.0121],[-0.8911,-0.0628, 0.0372,-0.4051],0.3422
2821,[-0.8827,-0.0704, 0.0914,-0.4402],[ 1.2308e+00,-1.0549e+00, 6.7291e+02, 1.2128e+01, 1.8522e-02],[-0.8843,-0.0737, 0.0904,-0.4312],0.2865
2823,[-0.8935,-0.1084, 0.1689,-0.3785],[  1.5406, -0.9208,108.2192,  2.1535, -1.5055],[-0.8939,-0.117 , 0.1697,-0.361 ],0.2687
2841,[-0.8748,-0.173 , 0.1192,-0.3761],[ 1.007 , 0.3076, 0.5245, 7.9438,-0.4289],[-0.8776,-0.1672, 0.0977,-0.3586],0.2175
2920,[-0.8735,-0.0593, 0.054 ,-0.5166],[  -9.7841, -10.6915,  -8.9486,1951.791 , -13.6317],[-0.8757,-0.0594, 0.052 ,-0.4984],0.2738
2921,[-0.8823,-0.0686, 0.0767,-0.5076],[ 9.7543e+00,-4.5669e-01, 5.7103e-01, 3.4693e+03, 6.6503e-01],[-0.8844,-0.0705, 0.0747,-0.5057],0.2938
3221,[-0.8663,-0.0923, 0.152 , 0.259 ],[-1.9824,-3.3562,-1.0552,-3.3017,-0.4375],[-0.8644,-0.0967, 0.1552, 0.2447],0.1766
3321,[-0.8577,-0.1116, 0.1625, 0.1912],[-2.5256,-4.2798,-1.2595,-4.0991,-1.1467],[-0.8561,-0.115 , 0.1628, 0.1774],0.14
3323,[-0.8555,-0.1166, 0.1668, 0.1751],[-7.6767,-8.9314,-6.7375,-8.0624,-6.6503],[-0.854 ,-0.1198, 0.166 , 0.1612],0.1301
3332,[-0.8605, 0.2245,-0.1585, 0.1309],[-2.0616,-2.375 ,-1.8414,-3.5877,-1.4057],[-0.862 , 0.2167,-0.1306, 0.1159],0.1324
3334,[-0.8592, 0.2328,-0.2271, 0.1285],[-1.5887,-0.4102,-2.6384,-2.3253,-0.3902],[-0.8592, 0.2306,-0.2134, 0.1285],0.087
3363,[-0.8592,-0.3708, 0.2453, 0.1579],[ 1.6511, 0.6003,13.7803, 0.149 , 2.1134],[-0.8634,-0.3617, 0.2259, 0.1657],0.0444
3365,[-0.8599,-0.377 , 0.283 , 0.1254],[ 1.088 ,-1.1334, 4.6974,-0.2247, 1.7151],[-0.8632,-0.3707, 0.2694, 0.1347],0.0234
3374,[-0.8582, 0.4212,-0.2535, 0.1369],[0.9004,0.8144,4.1849,0.3238,3.543 ],[-0.864 , 0.4118,-0.2435, 0.1456],0.0197
3376,[-0.8565, 0.4227,-0.2955, 0.1301],[ 1.4889,13.6102, 0.2262, 0.273 , 1.2769],[-0.8613, 0.4157,-0.2809, 0.1392],-0.0029
3383,[-0.8599,-0.4246, 0.2578, 0.1346],[ 1.633 ,39.7075,-0.2721, 0.834 , 1.5966],[-0.8656,-0.4155, 0.2511, 0.1435],0.0195
3385,[-0.8444,-0.3956, 0.2956, 0.1346],[ 0.5153, 0.5442,14.801 , 0.3881, 2.1677],[-0.8481,-0.3898, 0.2819, 0.1435],-0.0259
3400,[-0.8545,-0.0056,-0.0262, 0.0153],[-0.0667,-0.3373, 0.4131,-1.9142, 1.7367],[-0.8545,-0.0026,-0.0296, 0.0042],0.2154
3402,[-8.6600e-01, 2.8915e-02,-5.6238e-02, 7.8125e-05],[-0.36  , 1.1009,-1.2254,-1.1492, 0.6351],[-0.8659, 0.0317,-0.0591,-0.0147],0.2447
3410,[-0.8531, 0.0596, 0.0088, 0.0156],[-4.9263,-6.2727,-3.7723,-6.3755,-4.6851],[-0.8532, 0.0533, 0.0133, 0.0305],0.2077
3412,[-0.8605, 0.1056,-0.105 , 0.0128],[-1.4295, 2.3811,-2.5912,-3.0752, 1.0619],[-8.6049e-01, 1.0539e-01,-1.0349e-01, 8.2257e-05],0.1805
3414,[-0.8658, 0.1379,-0.192 , 0.0084],[ 0.2878, 2.7437,-1.1747,-0.9677,-0.6229],[-0.8649, 0.1418,-0.1849,-0.0031],0.1494
3420,[-0.8582,-0.1118,-0.0473, 0.0102],[-2.8747,-2.2607,-4.2249,-3.9809,-1.6516],[-0.8588,-0.0963,-0.0622,-0.0051],0.1933
3421,[-0.8542,-0.1413, 0.1288, 0.0594],[ 0.5662,-2.2466, 1.1526,-2.2523, 1.6864],[-0.8543,-0.1396, 0.1228, 0.0489],0.14
3430,[-0.8619, 0.2362,-0.0258, 0.0382],[-2.7499,-4.0459,-1.4909,-2.9727,-2.02  ],[-0.8651, 0.2176,-0.0163, 0.0236],0.1849
3432,[-0.8565, 0.2243,-0.12  , 0.0383],[-1.4491,-2.2396,-1.7243,-2.8741,-0.3871],[-0.8587, 0.2152,-0.1078, 0.0292],0.1323
3434,[-0.8578, 0.23  ,-0.2183, 0.0599],[ 0.9707, 3.1169,-0.6761,-0.4847, 0.7792],[-0.858 , 0.2283,-0.2107, 0.062 ],0.086
3436,[-0.8633, 0.2337,-0.2981, 0.078 ],[ 1.0966,17.763 ,-1.2909, 0.8352,-0.4048],[-0.8614, 0.2365,-0.2875, 0.0859],0.0629
3440,[-0.8625,-0.2135, 0.0159, 0.0267],[-1.388 , 0.8415,-3.8453,-3.2771, 0.3414],[-0.8652,-0.195 ,-0.0009, 0.0175],0.1906
3441,[-0.8576,-0.2259, 0.1292, 0.0254],[-1.0394,-3.2018,-2.986 ,-3.3419,-0.7041],[-0.8598,-0.2177, 0.1196, 0.0156],0.1295
3443,[-0.857 ,-0.2207, 0.2203, 0.0358],[ 1.4696,-2.0196, 2.4183,-0.727 , 1.9646],[-0.8572,-0.22  , 0.2119, 0.0315],0.0867
3445,[-0.865 ,-0.1861, 0.2805, 0.1031],[ 1.4661,-1.5408,17.7831, 0.4953, 2.3814],[-0.8624,-0.1914, 0.2703, 0.0904],0.0897
3450,[-0.8454, 0.308 ,-0.0432, 0.0767],[-0.6788,-3.7606,-0.0049,-1.5001,-1.7109],[-0.8507, 0.2883,-0.0329, 0.071 ],0.1071
3452,[-0.8501, 0.3398,-0.1236, 0.0407],[ 0.3976,-1.5268, 2.7558,-0.9078, 1.4096],[-0.8558, 0.3247,-0.112 , 0.0473],0.0809
3454,[-0.8529, 0.3688,-0.2143, 0.0311],[ 2.2584, 2.0725, 0.6923, 0.8526,29.0009],[-0.858 , 0.3596,-0.2073, 0.0239],0.0378
3456,[-0.8561, 0.3335,-0.3144, 0.0435],[ 0.0968,11.9778,-1.1326,-0.2426, 5.2175],[-0.8569, 0.3319,-0.3082, 0.0428],0.0072
3461,[-0.8536,-0.3434, 0.1448, 0.0221],[-0.551 ,18.8119,-2.3452,-1.1819, 1.0431],[-0.8593,-0.3295, 0.1327, 0.0217],0.0811
3463,[-0.849 ,-0.3602, 0.2143, 0.0248],[ 3.4349, 1.2786, 3.3288, 0.886 ,19.8408],[-0.8538,-0.3515, 0.2053, 0.0213],0.0314
3465,[-0.859 ,-0.3762, 0.3193, 0.0628],[ 2.0628,-0.9075,10.4664, 0.73  , 0.1974],[-0.8611,-0.3728, 0.313 , 0.0757],0.0008
3472,[-0.8489, 0.4181,-0.149 , 0.0302],[-1.0643,-3.2524, 0.0728,-2.1687,-1.0352],[-0.8574, 0.4021,-0.136 , 0.034 ],0.0474
3474,[-0.8505, 0.4321,-0.2307, 0.0376],[ 1.1495, 0.0697,30.6274, 0.3992, 0.7631],[-0.8576, 0.4221,-0.2221, 0.0502],0.0082
3476,[-0.8492, 0.4336,-0.3123, 0.0416],[ 1.2076,17.2312,-0.1925, 0.066 , 2.0239],[-0.854 , 0.4286,-0.3041, 0.0538],-0.0334
3481,[-0.8563,-0.4135, 0.14  , 0.0244],[-1.4711,-2.2584,-3.6475,-1.7283,-1.3368],[-0.8647,-0.396 , 0.126 , 0.0316],0.0737
3483,[-0.8492,-0.4293, 0.2123, 0.0255],[ 0.9637,23.8661,-0.1872, 1.6252, 1.9107],[-0.8567,-0.4182, 0.2037, 0.0338],0.0146
3485,[-0.845 ,-0.4251, 0.3351, 0.0665],[1.0711,0.3695,8.7407,1.2147,0.5283],[-0.8485,-0.4212, 0.3281, 0.0788],-0.052
3493,[-0.8435,-0.5186, 0.2597, 0.0415],[-17.3592,-17.0146,-16.8255,-17.0992,-17.969 ],[-0.8536,-0.51  , 0.2509, 0.0566],-0.0452
3494,[-0.8486, 0.5106,-0.2736, 0.0386],[-14.1625,-14.9268,-15.4391,-14.6926,-15.0635],[-0.858 , 0.5026,-0.2652, 0.053 ],-0.0379
3495,[-0.8497,-0.5475, 0.3034, 0.0521],[-18.2024,-18.7687,-18.1992,-18.6666,-19.912 ],[-0.8596,-0.5415, 0.2984, 0.0671],-0.0608
3496,[-0.845 , 0.518 ,-0.3223, 0.0388],[-12.3551,-13.3236,-13.3436,-12.6342,-13.9388],[-0.853 , 0.513 ,-0.316 , 0.0451],-0.0705
3500,[-0.8538, 0.006 , 0.0012,-0.0473],[-7.077 ,-7.1977,-7.6848,-9.2278,-6.3985],[-0.8541, 0.0053, 0.0017,-0.0597],0.2173
3501,[-0.8635,-0.0076, 0.08  ,-0.0805],[-4.6278,-6.6682,-3.9633,-5.8762,-4.0561],[-0.8635,-0.0149, 0.0852,-0.0912],0.2293
3502,[-0.8575, 0.0145,-0.0811,-0.0724],[-1.059 ,-0.0425,-2.8906,-2.8064,-0.205 ],[-0.8574, 0.0208,-0.0843,-0.0866],0.2076
3504,[-0.8633, 0.015 ,-0.1713,-0.1226],[-1.369 , 2.6217,-3.34  ,-1.3929,-1.9649],[-0.8619, 0.0299,-0.1781,-0.1379],0.1852
3510,[-0.8565, 0.0957,-0.0154,-0.049 ],[-13.2532,-14.1103,-12.9726,-14.8824,-13.0596],[-0.8574, 0.0882,-0.01  ,-0.0613],0.2051
3512,[-0.8592, 0.1184,-0.1113,-0.0552],[-4.9174,-3.3347,-5.8534,-6.0379,-3.0367],[-0.8596, 0.1177,-0.1077,-0.0673],0.1711
3514,[-0.8623, 0.1418,-0.1913,-0.0405],[ 0.1494, 0.2184,-1.6706,-0.3998,20.5562],[-0.8616, 0.1457,-0.1878,-0.0544],0.1364
3516,[-0.8596, 0.1443,-0.31  ,-0.0688],[ 0.8086, 2.4683,-3.6159,-1.5844, 1.5101],[-0.8555, 0.1561,-0.3073,-0.0806],0.0693
3520,[-0.858 ,-0.0914, 0.0112,-0.0299],[-10.0738, -9.5661,-11.7009,-11.769 ,-10.1788],[-0.8587,-0.0836, 0.0037,-0.0383],0.2116
3521,[-0.862 ,-0.1186, 0.116 ,-0.0475],[-2.3375,-3.6526, 0.3987,-3.1556,-0.9373],[-0.8624,-0.1182, 0.1113,-0.0581],0.1788
3522,[-0.8585,-0.0681,-0.0747,-0.0228],[-2.8109, 0.3313,-4.8023,-3.6872,-3.0038],[-0.8585,-0.0543,-0.0869,-0.0383],0.1988
3523,[-0.8623,-0.1405, 0.1904,-0.0609],[ 0.8618,-1.5605,26.1628,-0.8623, 0.8489],[-0.8616,-0.1446, 0.1874,-0.0655],0.1367
3530,[-0.8605, 0.2039,-0.0391,-0.0165],[ -8.6474,-10.3088, -8.1075, -9.4661, -8.5177],[-0.8631, 0.1891,-0.0296,-0.0243],0.1853
3532,[-0.8544, 0.2226,-0.1164,-0.043 ],[-2.5491,-2.9236,-2.9545,-4.0047,-1.6348],[-0.8569, 0.214 ,-0.1082,-0.0541],0.1267
3534,[-0.8554, 0.2203,-0.2099,-0.0234],[ 2.0627,27.5468,-0.7617, 1.1595, 0.9608],[-0.8559, 0.2192,-0.2029,-0.0257],0.0862
3536,[-0.8536, 0.2214,-0.3132,-0.063 ],[ 0.0658,41.3239,-0.831 , 0.2297, 0.1315],[-0.8513, 0.2269,-0.3042,-0.0725],0.0327
3540,[-0.863 ,-0.1974, 0.0373,-0.0352],[-6.4633,-4.6188,-8.4898,-7.583 ,-5.714 ],[-0.8656,-0.1825, 0.0249,-0.0444],0.1974
3541,[-0.8568,-0.2235, 0.1205,-0.0356],[-1.7882,-3.2334,-2.7996,-2.8872,-0.1077],[-0.8593,-0.2151, 0.1132,-0.0463],0.1315
3543,[-0.853 ,-0.2282, 0.1937,-0.0263],[ 1.0536,-0.3302,29.8572, 1.0475, 1.533 ],[-0.8542,-0.2257, 0.1879,-0.0328],0.085
3552,[-0.8508, 0.3205,-0.1341,-0.0344],[-4.4189e-01,-1.6395e+00, 1.0115e+01,-1.0116e+00, 7.1372e-03],[-0.856 , 0.3074,-0.123 ,-0.0422],0.0839
3554,[-0.8468, 0.3456,-0.2056,-0.0271],[ 0.8806, 2.297 , 1.0673, 0.6157,34.5292],[-0.8515, 0.3374,-0.197 ,-0.0375],0.033
3556,[-0.8566, 0.3569,-0.3238,-0.0075],[ 0.8085,28.2191,-0.7547, 1.6815, 1.2706],[-0.858 , 0.3552,-0.3192,-0.0087],-0.0025
3561,[-0.8508,-0.3242, 0.1338,-0.0328],[-0.2388,15.2601,-1.7059,-0.2568, 0.3239],[-0.8562,-0.3109, 0.1223,-0.037 ],0.0835
3563,[-0.8502,-0.3426, 0.2185,-0.0235],[ 1.1049, 0.4223,32.3904, 0.9778, 3.1467],[-0.8545,-0.3351, 0.2087,-0.027 ],0.0375
3565,[-0.8519,-0.3434, 0.2992, 0.    ],[ 2.2205,-0.8345,22.6913, 0.2047,-0.138 ],[-8.5362e-01,-3.4101e-01, 2.9400e-01, 5.8962e-04],0.0014
3572,[-0.8453, 0.413 ,-0.1475,-0.043 ],[-2.343 ,-3.5536,-0.3517,-2.4401,-2.7932],[-0.8539, 0.3977,-0.135 ,-0.044 ],0.0402
3574,[-0.8409, 0.4383,-0.2223,-0.017 ],[ 1.4085e+00,-1.8003e-01, 1.4395e+00, 3.0985e+01, 1.0121e-02],[-0.8488, 0.4285,-0.2136,-0.0115],-0.0129
3576,[-0.8435, 0.4467,-0.3094,-0.0009],[ 1.1585, 4.0757,-0.0497,10.1484, 0.1829],[-0.849 , 0.4419,-0.3036, 0.0048],-0.0493
3578,[-0.8551, 0.4126,-0.4314, 0.    ],[ 0.3062,28.0954,-1.1987, 2.7632, 0.0486],[-0.8545, 0.4129,-0.427 , 0.    ],-0.0725
3581,[-0.8427,-0.4148, 0.149 ,-0.0375],[-2.849 ,-1.099 ,-3.5104,-1.6469,-3.0832],[-0.8513,-0.3999, 0.1377,-0.0376],0.0316
3583,[-0.8423,-0.4283, 0.2193,-0.0196],[-0.0567, 1.311 ,-0.5904,18.6529,-0.312 ],[-0.8498,-0.4185, 0.211 ,-0.0147],-0.0059
3585,[-0.847 ,-0.4296, 0.3113, 0.    ],[ 0.752 ,-0.2244, 9.6087, 2.2562, 0.4906],[-0.8517,-0.4251, 0.3058, 0.0025],-0.0378
3587,[-0.8521,-0.4441, 0.389 , 0.    ],[ 1.1563,-1.438 ,17.5756, 2.4797,-0.3882],[-0.8544,-0.4426, 0.3875, 0.0156],-0.0691
3593,[-0.8434,-0.5093, 0.2446, 0.    ],[-17.4667,-17.4886,-17.1674,-16.7241,-17.9661],[-0.8537,-0.4999, 0.2351, 0.0117],-0.0342
3594,[-0.8303, 0.5072,-0.248 ,-0.0546],[-16.3045,-16.8491,-17.5394,-16.0962,-17.1353],[-0.8405, 0.4994,-0.2422,-0.0484],-0.0675
3595,[-0.8405,-0.5375, 0.329 , 0.    ],[-14.852 ,-15.0011,-15.1124,-14.5913,-15.2238],[-0.8492,-0.5335, 0.3249, 0.0156],-0.0904
3596,[-0.8311, 0.5084,-0.2993, 0.    ],[-7.7738,-8.1233,-9.6309,-7.702 ,-9.3759],[-0.8396, 0.5031,-0.294 , 0.0039],-0.0885
3600,[-0.8534, 0.0161,-0.0101,-0.1795],[ 3.3635, 3.0043, 1.6669, 1.0506,60.4687],[-0.8542, 0.0154,-0.0074,-0.1946],0.217
3601,[-0.8589,-0.0341, 0.0872,-0.1693],[ 2.9782e-02,-1.5276e+00, 7.1829e+01, 1.2173e-01, 3.5640e+00],[-0.8592,-0.0394, 0.0885,-0.1806],0.2068
3602,[-0.8576, 0.0377,-0.0893,-0.1715],[ -9.0914, -8.4975,-11.0526, -9.7385, -9.1483],[-0.8579, 0.0427,-0.0904,-0.1866],0.2
3604,[-0.8612, 0.0368,-0.1807,-0.1452],[-3.1812,-0.8502,-5.1663,-2.3791,-3.9218],[-0.8598, 0.0502,-0.1851,-0.1594],0.1678
3610,[-0.8619, 0.0896,-0.0339,-0.1776],[-11.2243,-12.2046,-10.0542,-11.7253,-10.2934],[-0.8632, 0.0846,-0.0327,-0.1907],0.2233
3612,[-0.8603, 0.1133,-0.1088,-0.1876],[ 0.6289, 8.2881,-0.6202,-0.092 , 7.1651],[-0.8614, 0.1128,-0.101 ,-0.2013],0.1813
3614,[-0.8565, 0.117 ,-0.1838,-0.1759],[-0.1951,17.4285,-1.8142, 1.5129, 2.2264],[-0.8561, 0.1229,-0.1796,-0.1907],0.1306
3620,[-0.8604,-0.0995, 0.0339,-0.197 ],[-12.1556,-10.1796,-13.0082,-12.6076,-11.2146],[-0.862 ,-0.0936, 0.0308,-0.2072],0.2178
3621,[-0.8618,-0.1049, 0.1156,-0.1945],[ 0.9566,-0.6146, 4.8588, 0.4209,35.1063],[-0.8626,-0.1061, 0.1106,-0.2071],0.1844
3623,[-0.8653,-0.1477, 0.2192,-0.2212],[ 2.2501,-1.9278, 2.664 ,-0.2542,19.9853],[-0.8646,-0.1547, 0.2172,-0.2369],0.1311
3630,[-0.8624, 0.1746,-0.0432,-0.1774],[-19.6035,-20.681 ,-18.6715,-19.8866,-19.7414],[-0.865 , 0.163 ,-0.0387,-0.1931],0.1983
3632,[-0.8587, 0.2013,-0.1085,-0.1643],[-4.6264,-6.1964,-5.5308,-5.1688,-1.4926],[-0.8614, 0.1934,-0.0978,-0.1774],0.1519
3634,[-0.8473, 0.2169,-0.2075,-0.1456],[ 1.1517,26.1479,-0.3672, 1.611 , 1.2649],[-0.8485, 0.2156,-0.19  ,-0.1547],0.0709
3640,[-0.8618,-0.1945, 0.0373,-0.1903],[ -9.1615, -8.4268,-11.1514, -8.8871, -8.7157],[-0.865 ,-0.1801, 0.0258,-0.2038],0.1965
3641,[-0.8561,-0.2139, 0.0986,-0.1651],[32.947 , 1.6737, 0.1046,-0.6802, 1.5193],[-0.8591,-0.2045, 0.0889,-0.1771],0.1442
3643,[-0.8554,-0.1963, 0.174 ,-0.1596],[ 0.2437,-0.2192,37.7433, 1.1899, 0.2487],[-0.8567,-0.1955, 0.1695,-0.1734],0.1112
3652,[-0.857 , 0.3341,-0.1327,-0.156 ],[ -9.0518,-10.392 , -7.8263, -9.0765, -9.102 ],[-0.8633, 0.3201,-0.1211,-0.1591],0.1006
3654,[-0.849 , 0.3471,-0.2042,-0.1603],[-0.0418, 1.6539,-0.5024, 0.7154,-0.1206],[-0.8543, 0.3389,-0.1922,-0.1689],0.0414
3661,[-0.8524,-0.3104, 0.123 ,-0.1546],[-1.0848,23.3093,-2.2263,-1.1364,-0.7633],[-0.858 ,-0.2973, 0.1132,-0.1626],0.0965
3663,[-0.8458,-0.36  , 0.19  ,-0.1498],[ 0.8786, 0.9186, 3.3023,25.1087, 1.6473],[-0.8519,-0.3505, 0.1795,-0.1445],0.0351
3674,[-0.8256, 0.3918,-0.2075,-0.1638],[-0.1401,-0.6219, 0.2896, 0.7193,-0.6493],[-0.8325, 0.384 ,-0.2036,-0.1756],-0.0338
3683,[-0.8336,-0.3969, 0.2038,-0.1581],[ 0.3784, 0.9347, 0.1735, 1.5569,-0.1829],[-0.8408,-0.3882, 0.1979,-0.1549],-0.0133
3700,[-0.8588, 0.0155, 0.0122,-0.2866],[  4.5579,127.0414,  1.3944,  1.5314,  0.6903],[-0.86  , 0.0123, 0.0187,-0.3021],0.2397
3701,[-0.8588,-0.0224, 0.071 ,-0.3363],[ 1.5614e-02,-8.7534e-01, 2.2101e+02, 1.7736e-01,-4.4869e-01],[-0.86  ,-0.0279, 0.0757,-0.3474],0.2185
3702,[-0.8578, 0.0383,-0.0724,-0.29  ],[-0.1137, 0.8718,-3.3833,-1.5499,-0.9486],[-0.8588, 0.0421,-0.0746,-0.305 ],0.2099
3710,[-0.8634, 0.0881,-0.0433,-0.3021],[ 0.6801,-0.1917,33.6302, 0.2674, 2.407 ],[-0.8652, 0.0842,-0.0405,-0.3137],0.2289
3712,[-0.8579, 0.0958,-0.0952,-0.3004],[  1.4299,102.3498,  0.1754,  1.6049,  1.0957],[-0.8593, 0.0954,-0.0839,-0.3117],0.1877
3714,[-0.8545, 0.1119,-0.1722,-0.2536],[ 0.7165,21.0616,-1.3347,-0.0668, 0.48  ],[-0.8547, 0.1172,-0.1636,-0.2657],0.1341
3720,[-0.8479,-0.057 , 0.0509,-0.3225],[ 2.8032, 9.965 ,-0.9408, 0.8298,91.1725],[-0.8494,-0.0569, 0.0504,-0.3386],0.1801
3721,[-0.8583,-0.085 , 0.0871,-0.2931],[  1.097 , -0.6129,117.6631,  0.9531,  5.2416],[-0.8596,-0.0853, 0.0809,-0.3059],0.1934
3723,[-0.864 ,-0.1641, 0.2124,-0.2621],[ 0.2872,-1.5266,39.8783, 0.1955, 0.7424],[-0.8641,-0.1691, 0.2069,-0.279 ],0.1278
3734,[-0.8616, 0.2451,-0.2447,-0.3126],[ 0.1839,38.7534, 0.2728, 0.3947,-0.1533],[-0.8631, 0.246 ,-0.2302,-0.3187],0.0863
3736,[-0.8623, 0.2207,-0.2926,-0.2725],[-0.0489,19.1466,-0.842 , 0.7704,-0.1741],[-0.8612, 0.2272,-0.2874,-0.2806],0.0659
3740,[-0.864 ,-0.2596, 0.0529,-0.2683],[-5.9999, 7.9624,-7.2205,-5.8216,-5.4005],[-0.8691,-0.2421, 0.044 ,-0.2853],0.1794
3741,[-0.8584,-0.2767, 0.0622,-0.2575],[  4.6375,  1.4056,  0.8123,  1.3414,104.3286],[-0.864 ,-0.2596, 0.0529,-0.2683],0.1518
3743,[-0.8651,-0.1742, 0.1946,-0.3023],[ 4.0078,-0.7944,50.4044, 1.1137, 0.8906],[-0.8661,-0.1767, 0.185 ,-0.3173],0.1397
3801,[-0.8613,-0.0402, 0.0783,-0.4075],[ 2.4669e-01,-4.4789e-01, 2.0975e+02, 1.3698e-01, 2.7575e-01],[-0.8628,-0.0447, 0.0803,-0.417 ],0.2203
3812,[-0.8578, 0.0768,-0.0819,-0.4299],[2.2790e+00,3.0369e+02,1.8283e-01,3.5923e+00,6.2990e-01],[-0.8597, 0.0782,-0.081 ,-0.44  ],0.1964
3820,[-0.8594,-0.0583, 0.0481,-0.4188],[ 4.0930e-01, 9.9426e+02,-3.8355e-01, 6.3542e+00, 2.3811e-01],[-0.8614,-0.0579, 0.0475,-0.4335],0.2228
4452,[-0.8141, 0.3528,-0.1283, 0.0305],[-0.4173,-1.2032, 7.0737,-0.3649, 1.1365],[-0.8203, 0.3406,-0.1186, 0.0388],-0.021
4454,[-0.8145, 0.3152,-0.1937, 0.0181],[ 0.8786, 0.4957, 0.5425, 0.2042,13.2906],[-0.8182, 0.3086,-0.1859, 0.0177],-0.0373
4463,[-0.8167,-0.3717, 0.2397, 0.0116],[ 0.7375, 0.8351,12.4064, 0.4597, 3.9076],[-0.8213,-0.3658, 0.2341, 0.0036],-0.0628
4465,[-0.8199,-0.3864, 0.2802, 0.0459],[-0.2856,-2.0884, 2.6267,-0.6656, 2.0277],[-0.8237,-0.3818, 0.2747, 0.06  ],-0.0756
4472,[-0.813 , 0.4199,-0.1394, 0.0152],[-0.4006,-1.8483, 3.9621,-1.54  ,-1.1939],[-0.8218, 0.4066,-0.1285, 0.01  ],-0.0418
4474,[-0.8015, 0.4528,-0.2328, 0.0229],[ 2.1882, 0.7494, 1.4593, 1.2089,42.8391],[-0.8096, 0.4453,-0.2256, 0.0174],-0.1079
4476,[-0.8068, 0.4723,-0.3208, 0.0379],[6.5527e-01,2.5439e+01,2.3735e-02,5.9010e-01,1.7415e+00],[-0.8128, 0.4683,-0.3155, 0.0516],-0.1357
4481,[-0.8103,-0.4634, 0.1619, 0.0127],[-0.6196, 2.6495,-2.5993,-1.5943,-0.7419],[-0.8206,-0.4513, 0.1561,-0.0029],-0.0669
4483,[-0.8046,-0.4466, 0.2203, 0.0329],[ 1.4234, 1.7005, 0.0876, 0.3985,36.6403],[-0.8127,-0.4384, 0.2131, 0.0316],-0.096
4485,[-0.8073,-0.432 , 0.3164, 0.0347],[ 0.5706,-0.4741,19.4076, 0.6785, 0.9325],[-0.8118,-0.4284, 0.3118, 0.0487],-0.1248
4493,[-7.8310e-01,-5.1298e-01, 2.3055e-01, 2.9707e-04],[-15.581 ,-16.0803,-14.8946,-16.3229,-15.7861],[-0.7939,-0.506 , 0.2276,-0.0137],-0.1553
4494,[-0.7942, 0.5082,-0.2413, 0.0385],[-12.7462,-13.2523,-12.3919,-13.1409,-13.7481],[-0.8044, 0.5009,-0.2352, 0.0441],-0.1369
4495,[-0.8074,-0.581 , 0.3007, 0.0302],[-17.809 ,-17.4888,-17.661 ,-16.0404,-17.7124],[-0.8189,-0.5768, 0.2963, 0.0443],-0.1521
4496,[-0.8182, 0.5138,-0.3118, 0.0208],[-12.6191,-12.8473,-11.4588,-12.2374,-12.3148],[-0.8264, 0.5093,-0.3072, 0.0361],-0.1211
4543,[-0.8191,-0.274 , 0.2229,-0.0627],[-0.3643,-2.8167, 0.7961,-2.2712, 0.4117],[-0.8211,-0.2714, 0.2163,-0.0778],-0.0285
4552,[-0.8159, 0.3427,-0.1465,-0.0015],[ 0.0938,-1.2846,10.5414,-1.2667, 0.1789],[-0.8217, 0.3321,-0.1368,-0.0043],-0.021
4554,[-0.8141, 0.3603,-0.224 ,-0.0171],[1.7059,8.9018,0.504 ,1.4415,1.0864],[-0.8188, 0.354 ,-0.2171,-0.0209],-0.0592
4556,[-0.8104, 0.3801,-0.3002,-0.0113],[ 0.0604, 7.7628,-1.3399, 0.6608, 1.1683],[-0.8135, 0.3773,-0.2964,-0.0186],-0.1016
4561,[-0.8142,-0.3541, 0.1504,-0.0306],[ 0.6152,30.1881,-1.5547,-1.3102, 2.8725],[-0.8205,-0.3435, 0.1412,-0.0398],-0.0287
4563,[-0.8101,-0.362 , 0.2148,-0.0197],[ 1.6535, 0.5916, 2.3649, 1.3995,30.7566],[-0.8151,-0.3554, 0.2084,-0.03  ],-0.0649
4565,[-0.8175,-0.3761, 0.2895, 0.    ],[ 3.0819,-1.7141, 6.5802,-0.2772, 0.4934],[-0.8207,-0.3728, 0.2857, 0.    ],-0.0824
4572,[-0.8012, 0.415 ,-0.1445,-0.0197],[-3.0988,-3.5601,-0.9787,-1.051 ,-2.028 ],[-0.8099, 0.403 ,-0.135 ,-0.0225],-0.0681
4574,[-0.806 , 0.4454,-0.2236,-0.0188],[ 1.1137, 0.3543,25.8315, 0.5641, 1.2144],[-0.8142, 0.4375,-0.2163,-0.0248],-0.0936
4576,[-0.8107, 0.4501,-0.3183, 0.    ],[ 0.9735,21.6022,-0.1192, 1.2109, 0.1412],[-8.1609e-01, 4.4654e-01,-3.1366e-01, 5.0403e-04],-0.1224
4581,[-0.811 ,-0.4288, 0.1564,-0.0345],[-1.6487, 1.6701,-2.8641,-2.5056,-1.2535],[-0.8202,-0.4168, 0.1468,-0.0456],-0.0536
4583,[-0.8032,-0.4413, 0.2123,-0.0263],[ 1.4256,38.3535, 0.556 , 0.8013, 0.8201],[-0.8116,-0.433 , 0.2057,-0.0319],-0.0944
4585,[-0.7971,-0.4373, 0.3045, 0.    ],[ 1.4014,-0.085 , 9.6042, 1.5977, 0.2716],[-0.8023,-0.4336, 0.3005, 0.0087],-0.1402
4593,[-0.8014,-0.5104, 0.2433,-0.0055],[-17.6195,-17.6781,-17.9168,-17.2864,-17.406 ],[-0.8119,-0.5032, 0.2368,-0.0089],-0.1242
4594,[-0.7939, 0.5157,-0.2432,-0.0139],[-15.553 ,-15.74  ,-14.8004,-15.614 ,-15.8363],[-0.8046, 0.5089,-0.237 ,-0.0163],-0.1392
4595,[-0.797 ,-0.5566, 0.293 , 0.    ],[-11.1114,-11.3138,-11.0429,-11.5882,-11.8485],[-0.8078,-0.5522, 0.2886, 0.0078],-0.1604
4596,[-0.8064, 0.5231,-0.3081,-0.0026],[-6.3199,-6.6422,-5.6816,-5.1999,-5.9084],[-0.8153, 0.5189,-0.3038,-0.0025],-0.1432
4661,[-0.8125,-0.3721, 0.1263,-0.1715],[-1.2567,39.5647,-2.1158,-0.9452,-0.713 ],[-0.8205,-0.3595, 0.1131,-0.1866],-0.0249
4674,[-0.815 , 0.4027,-0.2142,-0.1449],[ 0.8074,-0.0325, 0.2046, 1.364 , 0.1837],[-0.8221, 0.3955,-0.2096,-0.1576],-0.0628
4681,[-0.7916,-0.3993, 0.1481,-0.1542],[-1.5353, 0.3488,-1.6838,-1.0833,-0.8869],[-0.8001,-0.389 , 0.1415,-0.1583],-0.0871
4683,[-0.8104,-0.4165, 0.2281,-0.1405],[1.3942,8.2322,1.0969,2.8757,0.2713],[-0.8177,-0.4098, 0.2228,-0.1515],-0.0803
5474,[-0.7684, 0.4738,-0.2541, 0.016 ],[ 0.1178, 0.6231, 1.7278, 0.2009,22.0847],[-0.7769, 0.4682,-0.2483, 0.0108],-0.179
5476,[-0.7724, 0.4234,-0.2806, 0.0156],[ 0.8742,25.1281,-0.7628, 0.7787, 2.1226],[-0.7778, 0.4193,-0.2764, 0.0312],-0.1724
5483,[-0.7518,-0.4863, 0.1996, 0.0194],[ 1.2631, 2.6978, 0.6051, 0.3044,31.2764],[-0.7622,-0.4786, 0.1958, 0.0042],-0.1903
5493,[-0.7614,-0.5159, 0.2167, 0.0343],[-13.416 ,-14.6103,-14.435 ,-14.054 ,-15.1603],[-0.7726,-0.5086, 0.2113, 0.0399],-0.1864
5494,[-0.7565, 0.5211,-0.2453, 0.0347],[-10.946 ,-10.5283,-10.3561,-10.4493,-11.4798],[-0.7672, 0.5152,-0.2382, 0.0392],-0.2026
5496,[-0.7505, 0.5238,-0.2939, 0.0443],[ -9.7552, -9.7229, -9.3063, -9.4362,-10.4462],[-0.7599, 0.5197,-0.2858, 0.0577],-0.2255
5572,[-0.7555, 0.4628,-0.1465, 0.    ],[-1.8571,-2.502 , 9.0591,-1.6998,-0.9141],[-0.7662, 0.4525,-0.1374, 0.    ],-0.165
5574,[-0.7624, 0.4678,-0.2326,-0.0146],[ 2.4602, 0.6403, 0.9168, 2.9191,17.6999],[-0.7713, 0.4615,-0.2263,-0.0249],-0.1805
5576,[-0.7684, 0.4425,-0.2944, 0.    ],[ 0.5432, 1.5395,-0.7958,19.6383, 0.1365],[-0.7742, 0.4389,-0.2908, 0.0078],-0.1869
5583,[-0.7638,-0.4619, 0.2183,-0.0344],[ 0.7524,32.5238, 1.268 , 0.1867, 2.1459],[-0.7729,-0.4551, 0.2132,-0.0451],-0.1731
5593,[-0.7541,-0.5155, 0.2355,-0.0063],[-17.9953,-17.1643,-17.1997,-17.1135,-17.4329],[-0.765 ,-0.5094, 0.2299,-0.0098],-0.2022
5594,[-0.7607, 0.5172,-0.2566,-0.0026],[-14.4105,-13.5992,-13.7025,-14.2379,-14.2249],[-0.771 , 0.5119,-0.251 ,-0.0051],-0.1992
5596,[-0.7472, 0.5119,-0.2803, 0.    ],[-1.6881, 1.5351,-3.9206,-2.7485,-4.0091],[-0.7566, 0.5078,-0.2762, 0.    ],-0.2254
5681,[-0.7738,-0.4185, 0.1615,-0.1383],[-0.9047, 2.7697,-1.4415,-1.2613,-1.3763],[-0.7828,-0.4093, 0.1547,-0.1514],-0.1302
6483,[-0.7325,-0.49  , 0.1991, 0.0156],[ 0.181 , 1.5363, 0.1473,-0.0843,25.0712],[-7.4316e-01,-4.8304e-01, 1.9542e-01, 7.8125e-05],-0.2209
6493,[-0.7245,-0.53  , 0.2058, 0.023 ],[-11.7044,-11.6886,-11.6816,-10.9209,-12.4518],[-0.7367,-0.5233, 0.1995, 0.0375],-0.2387
6496,[-0.7319, 0.5307,-0.3069, 0.0156],[-5.268 ,-4.2897,-5.5076,-4.6185,-6.6417],[-0.7412, 0.5275,-0.3012, 0.0305],-0.2551
6583,[-0.7171,-0.4769, 0.225 ,-0.0188],[ 4.1491, 1.3628, 0.6156, 0.2828,36.7182],[-0.7267,-0.4713, 0.2202,-0.0267],-0.2452
6593,[-0.7115,-0.5254, 0.2336, 0.    ],[-16.3435,-15.9968,-15.665 ,-15.682 ,-16.5762],[-0.7228,-0.5202, 0.2288, 0.0017],-0.2611
6594,[-0.7306, 0.515 ,-0.2612, 0.    ],[-13.8689,-12.1704,-13.3524,-12.7068,-12.699 ],[-0.7406, 0.5104,-0.2566, 0.0156],-0.2429
6596,[-0.7135, 0.536 ,-0.3144, 0.    ],[-1.6837,-2.5621,-4.9008,-4.1775,-3.917 ],[-0.7227, 0.5334,-0.311 , 0.0052],-0.2795
7542,[-0.6601,-0.2149,-0.0628, 0.    ],[-514.5035,-515.146 ,-513.8559,-515.3649,-513.5941],[-0.8882, 0.0065,-0.006 , 0.    ],0.1878
7583,[-0.6874,-0.4793, 0.2199, 0.    ],[5.0665e-01,2.4546e-01,1.4647e+00,1.1154e-02,2.4920e+01],[-0.6972,-0.4741, 0.2147,-0.0156],-0.28
7593,[-0.6881,-0.514 , 0.2181, 0.    ],[-14.4605,-15.9705,-15.5921,-15.0636,-15.932 ],[-0.6994,-0.5086, 0.2127, 0.    ],-0.2831
