200,[-0.9574, 0.0074,-0.0379, 0.2871],[-0.9955,-2.1447,-1.402 ,-0.6391,-2.2696],[-0.9561, 0.0145,-0.0387, 0.2869],0.2893
202,[-0.9569,-0.0131,-0.0636, 0.2661],[-1.1686, 0.2919,-2.2019,-0.7566,-1.0086],[-0.9553, 0.0107,-0.0934, 0.254 ],0.2771
210,[-0.9589, 0.0707,-0.0403, 0.2687],[-1.2149,-2.4645, 0.6928,-1.5686,-1.412 ],[-0.9578, 0.0606,-0.0335, 0.2823],0.2715
212,[-0.9576, 0.1503,-0.1562, 0.2649],[ 0.3888, 4.5937, 0.4906, 0.3719,-0.8811],[-0.9564, 0.1481,-0.1554, 0.2785],0.1917
220,[-0.9601,-0.0951, 0.0097, 0.2968],[-1.4128,-0.1489,-1.8216,-0.432 ,-1.285 ],[-0.9592,-0.0655,-0.0224, 0.2924],0.2658
221,[-0.961 ,-0.1537, 0.0838, 0.2797],[0.337 ,0.8819,2.0953,9.3991,0.7218],[-0.9607,-0.1257, 0.0486, 0.2921],0.2282
241,[-0.9607,-0.1935, 0.1091, 0.2598],[-0.5981, 1.8387,-0.9613,-0.5858,-0.3852],[-0.961 ,-0.1666, 0.0922, 0.2732],0.1938
300,[-0.9632,-0.0055, 0.0046, 0.1556],[-17.0548,-16.8172,-16.9452,-17.1467,-18.0011],[-0.9624,-0.005 , 0.0035, 0.1633],0.2703
301,[-0.9596,-0.0251, 0.0878, 0.1564],[-5.2418,-5.9132,-3.8366,-5.2613,-5.6031],[-0.9583,-0.0432, 0.1023, 0.1699],0.2482
302,[-0.9596, 0.0127,-0.104 , 0.1761],[-4.4229,-3.6377,-4.983 ,-3.629 ,-5.0712],[-0.958 , 0.0392,-0.1273, 0.1831],0.2415
304,[-0.9585, 0.0324,-0.1995, 0.1676],[-0.6947, 1.3443,-1.5342, 0.0266,-0.4479],[-0.9551, 0.0754,-0.2351, 0.1774],0.1931
310,[-0.9684, 0.0601, 0.0067, 0.1275],[-5.4004,-6.5134,-4.3247,-5.7863,-6.3301],[-0.9679, 0.031 , 0.0369, 0.1425],0.2436
312,[-0.9595, 0.1139,-0.1194, 0.1974],[-2.7372,-1.5649,-3.6368,-1.5955,-4.4026],[-0.9586, 0.1123,-0.1173, 0.2042],0.2139
314,[-0.9593, 0.1038,-0.1941, 0.1502],[-0.6384, 1.309 ,-2.0035, 0.5274,-1.3872],[-0.957 , 0.1256,-0.211 , 0.1632],0.1761
320,[-0.9617,-0.0916, 0.0158, 0.1434],[-4.9845,-3.6869,-5.5034,-4.1612,-4.8297],[-0.9614,-0.0646,-0.0116, 0.1499],0.2579
321,[-0.9604,-0.1029, 0.1258, 0.1775],[-4.3153,-4.9162,-3.6218,-3.068 ,-5.3282],[-0.9592,-0.1086, 0.1324, 0.18  ],0.207
322,[-0.9608,-0.0848,-0.0663, 0.1744],[-0.8196, 0.4788,-1.8206,-0.9725,-0.5604],[-0.9597,-0.0364,-0.1077, 0.1868],0.2441
323,[-0.962 ,-0.1385, 0.189 , 0.1772],[-0.2347,-1.9919, 1.3083,-0.1405,-1.4966],[-0.9603,-0.1496, 0.1988, 0.1898],0.1606
332,[-0.9626, 0.1834,-0.155 , 0.1518],[-2.2815,-2.6904,-0.8436,-2.2315,-2.3593],[-0.9626, 0.1713,-0.1425, 0.165 ],0.1664
334,[-0.9627, 0.1848,-0.1929, 0.1557],[ 1.9401, 2.4313,-1.443 , 1.7924,-1.4832],[-0.9619, 0.1826,-0.1889, 0.1702],0.1457
336,[-0.9566, 0.2471,-0.2925, 0.1422],[ 0.3613, 2.2489,-0.7848, 6.9181,-0.5105],[-0.9547, 0.2523,-0.2973, 0.1565],0.0963
340,[-0.9597,-0.1897, 0.027 , 0.1489],[-0.8334, 0.4091,-1.8262,-0.7808,-0.4594],[-0.9608,-0.1369,-0.0204, 0.162 ],0.2348
341,[-0.9591,-0.2508, 0.1256, 0.2082],[-1.9701,-0.6096,-2.911 ,-1.4217,-2.7829],[-0.9607,-0.2138, 0.0989, 0.2206],0.1731
343,[-0.9582,-0.1924, 0.2177, 0.1807],[ 0.4705,-0.9878, 1.3311, 2.7808,-1.0593],[-0.9568,-0.195 , 0.2205, 0.1935],0.1445
361,[-0.957 ,-0.2892, 0.1391, 0.1462],[-0.9378, 0.5734,-2.0813,-1.0826,-1.0037],[-0.9601,-0.2458, 0.0944, 0.1585],0.1642
400,[-0.9601,-0.0082,-0.0156, 0.0679],[-38.4097,-38.7403,-38.7452,-37.5225,-38.9793],[-9.5971e-01, 1.6511e-04,-2.4376e-02, 7.5100e-02],0.2775
401,[-0.962 ,-0.0031, 0.1058, 0.0604],[-11.0259,-11.8129,-10.6024,-10.2304,-12.1171],[-0.9607,-0.0378, 0.1386, 0.0717],0.2271
402,[-0.961 , 0.0163,-0.0953, 0.0642],[-10.2968, -9.0003,-10.0331, -8.7715,-10.5358],[-0.9599, 0.0425,-0.1197, 0.0758],0.2363
403,[-0.96  ,-0.0366, 0.1796, 0.0553],[-0.7238,-0.9066, 1.1309, 1.047 , 0.1265],[-0.9574,-0.079 , 0.2194, 0.0604],0.1903
404,[-0.9648,-0.0045,-0.1865, 0.0494],[-0.3977, 2.7562,-1.9022,-0.4739,-0.7432],[-0.9615, 0.0622,-0.2484, 0.0632],0.1724
410,[-0.9616, 0.1062,-0.0072, 0.0642],[-7.782 ,-8.7205,-6.8776,-7.4561,-8.4386],[-0.9617, 0.0713, 0.0263, 0.0744],0.2496
411,[-0.9594, 0.0743, 0.0718, 0.0437],[-1.0242,-1.6357, 1.5248,-0.0228,-0.1066],[-0.9588, 0.0258, 0.1192, 0.0532],0.2473
412,[-0.9639, 0.0952,-0.1176, 0.0614],[ -8.6207, -7.4938, -9.4065, -8.182 ,-10.7614],[-0.9632, 0.1019,-0.1229, 0.0717],0.1999
414,[-0.965 , 0.1257,-0.2077, 0.0548],[-1.9191,-0.3872,-2.7224,-1.3015,-3.338 ],[-0.9629, 0.1504,-0.2314, 0.0632],0.1387
416,[-0.9645, 0.1383,-0.3304, 0.0943],[ 0.6153, 1.6935,-0.384 , 3.8236,-0.2866],[-0.9586, 0.1812,-0.3662, 0.1052],0.0857
420,[-0.9613,-0.0963, 0.0043, 0.0544],[-8.1599,-6.8118,-8.4856,-8.1869,-9.2714],[-0.9614,-0.0638,-0.0271, 0.0636],0.256
421,[-0.9638,-0.1206, 0.0935, 0.0772],[-15.7756,-16.1602,-14.7453,-15.809 ,-16.8232],[-0.9638,-0.1106, 0.0835, 0.0869],0.2097
422,[-0.9608,-0.094 ,-0.0877, 0.0575],[-0.9114, 1.4388,-1.6793,-0.1646,-1.2783],[-0.96  ,-0.0319,-0.1449, 0.0594],0.2304
423,[-0.9621,-0.1098, 0.2015, 0.0634],[-2.0233,-3.2605,-1.2525,-1.6082,-3.5089],[-0.9598,-0.1355, 0.2251, 0.0775],0.1573
424,[-0.9579,-0.0594,-0.1673, 0.0349],[ 0.2779, 2.3426,-0.3707, 0.8964,-0.7922],[-0.9553, 0.0063,-0.2257, 0.0504],0.2246
430,[-0.9602, 0.1939,-0.043 , 0.0401],[-0.4175,-1.3082, 1.3682,-0.3225,-0.7969],[-0.9618, 0.1427, 0.0077, 0.0542],0.2316
432,[-0.9614, 0.2083,-0.1066, 0.0465],[-4.2055,-5.3598,-3.9067,-4.2471,-4.7872],[-0.963 , 0.1744,-0.0724, 0.0611],0.1916
434,[-0.9631, 0.2065,-0.2268, 0.0752],[-0.1192, 0.571 ,-1.6118, 2.061 ,-2.1162],[-0.9622, 0.2099,-0.2301, 0.0888],0.1176
436,[-0.9586, 0.2087,-0.301 , 0.0847],[ 0.9672,10.6312,-0.6733, 1.7284,-0.9345],[-0.9555, 0.2254,-0.3151, 0.0987],0.0977
440,[-0.9612,-0.201 ,-0.0013, 0.0571],[-1.1722, 1.3594,-1.5373,-1.1105,-0.0669],[-0.9626,-0.1285,-0.0694, 0.0705],0.2127
441,[-0.9601,-0.201 , 0.1193, 0.0584],[-5.5643,-5.1924,-5.6286,-4.6813,-6.2454],[-0.9614,-0.1743, 0.0926, 0.0714],0.1892
443,[-0.9615,-0.216 , 0.2168, 0.0546],[-2.7828,-3.4913,-1.904 ,-1.341 ,-3.8968],[-0.9612,-0.2143, 0.2131, 0.0647],0.1257
445,[-0.9589,-0.2233, 0.2963, 0.0899],[ 0.4214,-0.5875, 5.2141, 1.2219,-0.9723],[-0.9564,-0.236 , 0.3048, 0.1034],0.0948
454,[-0.9572, 0.2895,-0.2534, 0.023 ],[-3.2513,-3.4277,-2.7299,-2.9182,-3.2363],[-0.9583, 0.2808,-0.2451, 0.0375],0.0953
461,[-0.9661,-0.3433, 0.1258, 0.023 ],[-0.6401,-0.1435,-2.1383, 0.1854,-0.9703],[-0.9713,-0.2661, 0.0515, 0.0375],0.1362
463,[-0.9567,-0.2854, 0.229 , 0.0763],[-4.7046,-4.364 ,-5.1828,-4.4201,-5.1905],[-0.9582,-0.2701, 0.2122, 0.0908],0.1132
467,[-0.9676,-0.3566, 0.4543, 0.0504],[ 0.9495, 0.3688, 6.7859, 2.6756,-0.0076],[-0.9635,-0.3658, 0.462 , 0.0635],-0.0389
500,[-0.9613,-0.0138,-0.0126,-0.0337],[-5.5405,-4.7008,-4.5797,-3.5207,-7.7261],[-0.9613,-0.0034,-0.0223,-0.0268],0.2765
501,[-0.9585,-0.0201, 0.1065,-0.0566],[-4.7993,-5.7985,-3.766 ,-5.2028,-5.8895],[-0.9578,-0.0475, 0.1317,-0.0471],0.237
502,[-0.9644, 0.0199,-0.0988,-0.0043],[-4.8969,-2.3921,-4.7433,-3.6449,-5.6286],[-9.6350e-01, 5.0997e-02,-1.2984e-01, 1.4835e-04],0.2164
504,[-0.961 , 0.0235,-0.1975,-0.0173],[-1.5887, 2.139 ,-1.8304,-0.356 ,-0.6689],[-0.9581, 0.076 ,-0.2432,-0.0028],0.1794
510,[-0.959 , 0.1056,-0.0104,-0.0391],[-4.6577,-5.2819,-2.3895,-4.3389,-5.0765],[-0.9598, 0.0721, 0.0234,-0.0431],0.2611
512,[-0.9634, 0.1226,-0.1437, 0.    ],[-2.8159,-0.6756,-2.3592, 2.4678,-4.0414],[-0.963 , 0.1298,-0.151 , 0.0104],0.1785
514,[-0.9618, 0.0828,-0.204 ,-0.0042],[ 0.9218, 1.5381,-1.6771, 1.0304,-2.1343],[-0.9592, 0.119 ,-0.2383, 0.0029],0.1603
516,[-0.965 , 0.1503,-0.2797, 0.    ],[ 0.6764, 3.1851,-0.8189, 0.3259,-0.9146],[-0.9613, 0.1868,-0.3162,-0.0156],0.0955
520,[-0.965 ,-0.1052, 0.0094,-0.0076],[-6.1544,-5.3321,-6.8476,-5.1481,-7.0689],[-0.9655,-0.0679,-0.0269,-0.0011],0.2393
521,[-0.9619,-0.1028, 0.1229,-0.0146],[-5.3165,-5.759 ,-4.9398,-3.5809,-7.3765],[-0.9615,-0.108 , 0.1275,-0.01  ],0.2011
522,[-0.9649,-0.091 ,-0.1022,-0.0445],[-0.46  , 1.3321,-2.328 ,-1.4397,-1.4912],[-0.964 ,-0.0186,-0.1692,-0.0294],0.2111
523,[-0.962 ,-0.1182, 0.2117,-0.022 ],[-1.273 ,-2.6606,-0.7103,-1.1576,-3.0283],[-0.96  ,-0.1453, 0.237 ,-0.0162],0.148
530,[-0.9576, 0.1737,-0.0347, 0.    ],[-0.0177,-1.2755, 0.4486, 0.4675,-0.9538],[-0.9591, 0.1292, 0.0098, 0.0156],0.2486
532,[-0.9634, 0.2291,-0.1043, 0.    ],[-4.1873,-5.2772,-3.4898,-4.1711,-4.7682],[-0.9658, 0.1845,-0.0599, 0.    ],0.183
536,[-0.9588, 0.2304,-0.34  ,-0.0115],[-0.1922,18.5752,-0.1894, 2.6989,-0.0301],[-0.9551, 0.252 ,-0.3612,-0.0113],0.0691
540,[-0.9605,-0.202 , 0.0312,-0.0188],[-1.912 , 0.3981,-2.1492,-0.1632,-2.0488],[-0.9625,-0.1449,-0.0224,-0.0107],0.2244
541,[-0.9607,-0.2291, 0.117 , 0.    ],[-8.9711,-8.1996,-9.1356,-8.2378,-9.6073],[-0.963 ,-0.193 , 0.0811, 0.0078],0.1808
543,[-0.9601,-0.2424, 0.2291,-0.0152],[-4.302 ,-5.4516,-4.1664,-3.7932,-6.2123],[-0.9605,-0.2406, 0.2282,-0.0071],0.1113
545,[-0.9855,-0.2527, 0.354 , 0.    ],[-0.057 ,-0.5846, 0.7772, 3.4895,-0.9483],[-0.9817,-0.2973, 0.3986, 0.    ],-0.0316
554,[-0.9601, 0.2784,-0.2131, 0.    ],[-2.6484,-3.0452,-2.4488,-2.3598,-3.2283],[-0.962 , 0.261 ,-0.1957, 0.0156],0.1118
561,[-0.9565,-0.2919, 0.0869,-0.0313],[-2.564 ,-0.4749,-2.616 ,-0.6922,-2.6177],[-0.9609,-0.2338, 0.0321,-0.0462],0.191
567,[-0.9654,-0.3523, 0.4169,-0.0052],[ 0.8621, 0.4299,12.3597, 0.7772, 0.0561],[-0.9628,-0.3649, 0.4292,-0.0102],-0.024
583,[-0.9557,-0.4212, 0.2008, 0.    ],[-2.605 ,-0.746 ,-2.7572,-1.7692,-2.8744],[-0.9631,-0.3757, 0.157 , 0.0156],0.0785
600,[-0.9564,-0.0349, 0.0307,-0.2185],[-4.4041,-4.6962,-4.196 ,-4.0421,-6.9452],[-0.9574,-0.034 , 0.0295,-0.218 ],0.2853
601,[-0.9583,-0.0264, 0.1023,-0.1324],[-2.5498,-3.2824,-0.9434,-1.3775,-3.568 ],[-0.9581,-0.0511, 0.1239,-0.1161],0.2378
1100,[-0.9309,-0.0365,-0.0031, 0.3871],[ 1.2904e+00, 1.7433e+00, 5.2419e+00,-3.9417e-02, 6.4394e+01],[-0.9293,-0.0293,-0.0083, 0.3803],0.4071
1102,[-0.9272,-0.0115,-0.0582, 0.3762],[ 6.2466e-01, 1.2994e+01,-3.4655e-03,-3.5356e-01, 7.4350e-02],[-9.2531e-01, 3.1207e-05,-6.8991e-02, 3.6244e-01],0.4195
1110,[-0.9422, 0.0729,-0.0279, 0.3905],[ 0.3527,-0.3148, 4.9085,-0.0243,17.5837],[-0.9408, 0.0622,-0.0204, 0.391 ],0.3452
1114,[-0.9203, 0.0968,-0.1692, 0.3791],[ 0.2332,10.4358,-0.56  ,-0.4617, 0.744 ],[-0.9177, 0.1039,-0.1689, 0.3653],0.3543
1120,[-0.933 ,-0.0654, 0.0071, 0.3813],[ 4.5986e-01, 4.1812e+01, 3.5881e-02,-6.8284e-02, 9.2185e-01],[-0.9315,-0.0545, 0.0021, 0.3876],0.392
1200,[-0.9264, 0.0207,-0.0015, 0.2913],[  1.0523,  0.5531,  1.6845,  0.3995,118.3552],[-0.9251, 0.0172, 0.0011, 0.2817],0.4266
1201,[-0.9282,-0.0086, 0.0932, 0.2846],[ 1.9121,-1.2991, 7.0089,-0.4695, 6.78  ],[-0.9264,-0.0224, 0.1018, 0.2756],0.385
1202,[-0.931 , 0.0164,-0.0782, 0.2936],[-0.3661,17.1458,-1.0082,-0.9913, 1.7481],[-0.9294, 0.0266,-0.0816, 0.2912],0.3798
1203,[-0.9374,-0.0449, 0.1784, 0.2743],[-0.4454,-1.7269, 4.3551,-1.268 ,-0.0509],[-0.9345,-0.0668, 0.1905, 0.2603],0.293
1210,[-0.9308, 0.0822,-0.0145, 0.2806],[ 0.5271, 0.3299,74.8103, 0.1284, 0.7892],[-0.9299, 0.0694,-0.0072, 0.2881],0.3901
1211,[-0.935 , 0.0621, 0.0685, 0.3062],[ 0.0652,-3.4068, 0.6432,-1.0906,-0.9747],[-0.9334, 0.0381, 0.0835, 0.3179],0.3589
1212,[-0.9335, 0.122 ,-0.1012, 0.2823],[  1.1745,110.1987,  1.0141,  0.8047,  1.0496],[-0.9326, 0.1142,-0.0855, 0.284 ],0.3246
1214,[-0.9257, 0.13  ,-0.1962, 0.2751],[ 0.4318, 2.4242,-0.2673, 0.1135,31.639 ],[-0.9235, 0.1365,-0.1931, 0.2715],0.2989
1220,[-0.9371,-0.0891, 0.0132, 0.3262],[ 0.7089,29.2472,-1.1486,-0.64  , 1.5286],[-0.936 ,-0.0731, 0.0017, 0.3337],0.3623
1221,[-0.9368,-0.1402, 0.1035, 0.3139],[ 4.2863, 0.4953,60.9127, 1.1046, 2.1841],[-0.936 ,-0.1294, 0.0888, 0.3184],0.3049
1223,[-0.9311,-0.1236, 0.2165, 0.2763],[ 2.4773,-0.5539,21.4491,-0.2468, 5.3544],[-0.9283,-0.135 , 0.2214, 0.2783],0.2675
1230,[-0.9338, 0.1743,-0.0362, 0.2588],[-1.8306,-3.2786, 0.1831,-2.5032,-0.2283],[-0.9343, 0.1472,-0.015 , 0.2612],0.3363
1232,[-0.9294, 0.1952,-0.1208, 0.2787],[0.3011,0.1249,4.2747,0.3889,9.0572],[-0.9297, 0.1799,-0.106 , 0.2748],0.299
1234,[-0.9284, 0.2284,-0.2084, 0.2726],[33.7708, 5.2304,-0.106 , 0.5491, 2.8197],[-0.9282, 0.2205,-0.1903, 0.2797],0.2466
1240,[-0.94  ,-0.1761, 0.047 , 0.265 ],[-2.3878,-1.9362,-3.0802,-2.5263,-2.1942],[-0.9405,-0.1481, 0.024 , 0.2787],0.307
1241,[-0.9388,-0.2002, 0.1171, 0.2843],[ 0.8682,22.8657, 0.0571,-0.3839, 1.9293],[-0.9392,-0.1812, 0.0992, 0.2888],0.264
1243,[-0.9401,-0.2056, 0.2027, 0.2813],[ 1.4244,-0.1179,21.4943, 0.6365, 4.6789],[-0.9393,-0.1998, 0.1889, 0.2885],0.2154
1252,[-0.9306, 0.2803,-0.1391, 0.2602],[-1.0653,-2.9398, 0.0944,-0.2346,-1.4407],[-0.9332, 0.2521,-0.0953, 0.2746],0.2566
1254,[-0.9361, 0.2801,-0.2091, 0.2524],[-0.1287,-0.1434,-0.873 , 2.8261, 0.3233],[-0.9373, 0.2647,-0.1906, 0.2631],0.1931
1256,[-0.9228, 0.2835,-0.2866, 0.2572],[ 0.9204,24.7293, 0.3412, 0.4582, 1.246 ],[-0.9223, 0.2789,-0.2713, 0.2634],0.201
1261,[-0.9334,-0.2987, 0.1631, 0.2727],[-1.5116,-1.6075,-2.4936,-2.2734,-2.0119],[-0.936 ,-0.274 , 0.1402, 0.2857],0.2159
1263,[-0.9314,-0.3016, 0.2188, 0.2702],[3.0611,0.6784,0.7729,1.4303,0.6803],[-0.9331,-0.2853, 0.1976, 0.2776],0.1948
1265,[-0.9297,-0.326 , 0.2811, 0.2582],[ 1.1499, 0.1379,14.0744, 0.7729, 0.7676],[-0.9307,-0.3159, 0.2655, 0.2676],0.1577
1300,[-9.1574e-01, 1.5659e-03, 5.0652e-05, 1.3765e-01],[1.2370e+00,8.4002e-01,1.4752e+00,1.9396e-01,1.6837e+03],[-9.1517e-01, 1.3164e-03, 1.3042e-04, 1.3244e-01],0.4475
1301,[-0.9167,-0.039 , 0.068 , 0.1429],[ 3.9049e-01,-7.8408e-01, 3.9226e+02,-5.9858e-01, 3.5146e+00],[-0.9159,-0.0428, 0.0684, 0.1468],0.4258
1302,[-0.9166, 0.0405,-0.0665, 0.1431],[ 8.3352e-01, 3.2911e+02, 2.7934e-01,-5.6616e-01, 2.8381e+00],[-0.9158, 0.0438,-0.0666, 0.1468],0.4259
1303,[-0.9303,-0.0267, 0.1885, 0.1652],[-2.8596,-4.5917,-2.7664,-3.1885,-1.9914],[-0.9274,-0.0531, 0.2065, 0.1637],0.3202
1304,[-0.9354, 0.0292,-0.1848, 0.1611],[-4.0333,-3.9056,-5.4752,-3.7198,-3.3247],[-0.9325, 0.0562,-0.2029, 0.1715],0.2979
1310,[-0.9199, 0.0743,-0.0308, 0.1694],[  1.7026,  0.5244,452.6946, -0.6229,  3.561 ],[-0.9194, 0.0669,-0.0272, 0.1752],0.4215
1311,[-0.9333, 0.078 , 0.0831, 0.169 ],[ -9.261 ,-10.2161, -9.2347, -9.3185, -8.6069],[-0.9322, 0.0469, 0.107 , 0.1746],0.3504
1312,[-0.9188, 0.0788,-0.086 , 0.1579],[1.6527e+00,6.1868e+02,5.4841e-01,2.1348e-01,2.1413e+00],[-0.9181, 0.0784,-0.0808, 0.1642],0.3953
1314,[-0.9313, 0.1306,-0.2001, 0.175 ],[ 1.2334,93.0954,-0.3211, 0.5191,-0.1314],[-0.9293, 0.1394,-0.2004, 0.1803],0.2718
1316,[-0.9277, 0.1456,-0.2877, 0.1477],[-0.3194,-0.5993,-3.2249,-2.7093,-1.1456],[-0.9237, 0.1629,-0.2934, 0.1522],0.2361
1320,[-0.9203,-0.0764, 0.0288, 0.1469],[-4.8775e-02, 9.8362e+01,-2.3415e-01, 8.4594e-01, 3.8249e+00],[-0.9199,-0.0682, 0.0249, 0.1502],0.4204
1321,[-0.9168,-0.075 , 0.086 , 0.144 ],[  0.4865,  0.5345,  4.7547,  0.7709,143.9882],[-0.9162,-0.0755, 0.083 , 0.139 ],0.4023
1322,[-0.9314,-0.0876,-0.079 , 0.1456],[-7.1737,-6.9509,-8.2472,-7.4187,-7.1662],[-0.9306,-0.056 ,-0.1017, 0.1499],0.3514
1323,[-0.9248,-0.1192, 0.2028, 0.1638],[ 1.3978,-1.0015,63.8996, 0.6201, 2.9137],[-0.9226,-0.1298, 0.2051, 0.1667],0.297
1325,[-0.934 ,-0.1558, 0.299 , 0.1425],[-0.8927,-2.629 ,-0.021 ,-0.9487, 4.2693],[-0.9297,-0.1739, 0.3094, 0.144 ],0.2066
1330,[-0.93  , 0.1934,-0.0286, 0.1657],[-7.6282,-8.5798,-6.723 ,-7.6101,-7.1613],[-0.9313, 0.1624,-0.0041, 0.1756],0.3393
1332,[-0.9273, 0.2061,-0.1175, 0.174 ],[-6.1152,-7.5067,-6.5914,-6.4365,-7.2294],[-0.9283, 0.1897,-0.1016, 0.1803],0.3011
1334,[-0.9286, 0.2215,-0.2178, 0.1763],[13.7956,74.4206, 0.2522, 0.5164, 1.99  ],[-0.9283, 0.2174,-0.204 , 0.184 ],0.2393
1336,[-0.9392, 0.2515,-0.3141, 0.178 ],[ 1.6519,67.3123,-0.6949,-0.3902, 3.071 ],[-0.9369, 0.2559,-0.3124, 0.1894],0.1432
1338,[-0.9375, 0.2567,-0.4101, 0.139 ],[-0.3571,12.8152,-1.0171,-0.634 ,-0.2741],[-0.932 , 0.269 ,-0.4117, 0.1476],0.1077
1340,[-0.9296,-0.2012, 0.0189, 0.1707],[-6.8452,-6.5954,-7.954 ,-6.7529,-7.303 ],[-0.9311,-0.1675,-0.0098, 0.1683],0.3374
1341,[-0.9252,-0.1959, 0.1258, 0.1783],[-8.5084,-9.4496,-8.4389,-9.0099,-8.6915],[-0.9259,-0.1812, 0.104 , 0.1821],0.3127
1343,[-0.9255,-0.2169, 0.2175, 0.1723],[ 0.5328,-0.5109,41.4945, 4.4585, 4.5728],[-0.9251,-0.2134, 0.2043, 0.1782],0.2514
1345,[-0.9298,-0.2266, 0.3086, 0.156 ],[ 3.5993,-0.0811,44.8448, 0.0797, 3.0974],[-0.927 ,-0.2337, 0.3072, 0.1616],0.1861
1350,[-0.9266, 0.2895,-0.0235, 0.1567],[-2.0177,-2.9311,-2.0522,-1.961 ,-1.4085],[-0.9305, 0.2451, 0.0129, 0.1716],0.3083
1352,[-0.9227, 0.3104,-0.117 , 0.153 ],[-4.4838,-5.8296,-3.4441,-4.5003,-4.8923],[-0.9268, 0.2814,-0.0927, 0.1609],0.2687
1354,[-0.9238, 0.3077,-0.236 , 0.1801],[-5.6982,-5.982 ,-6.3587,-5.8457,-6.352 ],[-0.9256, 0.2954,-0.2172, 0.1887],0.2062
1356,[-0.922 , 0.3225,-0.3233, 0.1682],[ 0.9095,19.5104,-0.2226, 1.1885, 0.1884],[-0.9219, 0.3193,-0.3115, 0.177 ],0.1611
1358,[-0.9197, 0.2898,-0.4026, 0.1676],[ 0.1353,28.7308,-0.5121, 0.7549, 1.5292],[-0.9157, 0.2949,-0.3942, 0.1748],0.1471
1361,[-0.9255,-0.313 , 0.1148, 0.1609],[-6.7462,-5.5868,-7.4445,-6.7517,-6.5706],[-0.9297,-0.2823, 0.0906, 0.1615],0.2585
1363,[-0.9304,-0.3275, 0.2241, 0.1839],[-4.3314,-3.7884,-4.7475,-2.7304,-5.2721],[-0.933 ,-0.3108, 0.2083, 0.195 ],0.1791
1365,[-0.9289,-0.3407, 0.3207, 0.1816],[ 1.3932,-0.3903,23.9512, 1.9232, 0.9452],[-0.9294,-0.335 , 0.3089, 0.1919],0.1303
1367,[-0.9353,-0.3854, 0.43  , 0.1551],[ 2.5106,-0.6372,11.5303, 0.5014,-0.2365],[-0.9337,-0.3841, 0.419 , 0.1629],0.0469
1374,[-0.9316, 0.3928,-0.2545, 0.1791],[-2.5228,-3.1   ,-1.9394,-2.4258,-2.4223],[-0.9362, 0.3727,-0.2257, 0.1938],0.132
1376,[-0.9209, 0.4107,-0.315 , 0.1444],[-1.6829,-2.0173,-2.303 ,-0.7113,-2.4311],[-0.9242, 0.4007,-0.3042, 0.1534],0.12
1378,[-0.9138, 0.3901,-0.3944, 0.1255],[ 1.0951,13.4438, 0.1754, 2.2282, 0.5456],[-0.9137, 0.388 ,-0.387 , 0.1348],0.1067
1381,[-0.9229,-0.398 , 0.157 , 0.1395],[-1.4435,-0.4101,-1.743 ,-1.152 ,-1.3025],[-0.9298,-0.3672, 0.1303, 0.1544],0.1996
1383,[-0.9139,-0.3967, 0.2336, 0.2029],[-4.7177,-3.2198,-4.9958,-3.9526,-4.2443],[-0.9187,-0.38  , 0.2254, 0.2175],0.1864
1385,[-0.9282,-0.3982, 0.3431, 0.1319],[-1.716 ,-1.5555,-1.351 ,-1.0027,-2.5682],[-0.9301,-0.3911, 0.3336, 0.1369],0.0936
1400,[-9.1661e-01, 1.3090e-03,-8.5868e-04, 7.3059e-02],[3.9810e+03,2.4734e+00,5.9123e+00,3.5140e+00,5.6982e+00],[-9.1628e-01, 1.2425e-03,-8.3817e-04, 7.5679e-02],0.4474
1401,[-0.9162,-0.0416, 0.0647, 0.0713],[ 4.1110e-01,-2.9076e-01, 7.9924e+02, 1.5973e-01, 1.0235e+00],[-0.9158,-0.0448, 0.0655, 0.075 ],0.4299
1402,[-0.9163, 0.0425,-0.0647, 0.0691],[ 4.3730e-01, 5.2411e+02,-1.9795e-01,-1.7677e-01, 4.1872e-01],[-0.9159, 0.0456,-0.0655, 0.0729],0.4292
1403,[-0.9347,-0.0342, 0.1846, 0.0634],[-5.1643,-6.7808,-5.074 ,-4.9286,-5.6461],[-0.9322,-0.062 , 0.2056, 0.0674],0.2964
1404,[-0.9277, 0.0312,-0.1936, 0.057 ],[-6.293 ,-5.3341,-7.9703,-6.3866,-5.9749],[-0.925 , 0.0584,-0.213 , 0.0626],0.3152
1410,[-0.9174, 0.0624,-0.046 , 0.0473],[ 3.4403e-01,-5.0302e-01, 2.2705e+03, 2.5314e+00, 6.0550e-01],[-0.9173, 0.0599,-0.0456, 0.0554],0.4331
1411,[-0.9287, 0.0855, 0.0769, 0.054 ],[-11.3919,-12.6337,-11.0433,-11.4671,-11.5539],[-0.9283, 0.0549, 0.1015, 0.0566],0.3608
1412,[-0.9168, 0.0682,-0.0726, 0.0518],[1.3926e+00,1.5766e+03,7.8566e-01,1.9857e+00,8.2636e-01],[-0.9165, 0.0682,-0.0699, 0.0602],0.4172
1414,[-0.9226, 0.1286,-0.1926, 0.0507],[  0.7076,182.7673, -0.2336,  2.2217,  0.3389],[-0.9212, 0.1375,-0.1958, 0.059 ],0.3019
1416,[-0.9354, 0.1369,-0.3119, 0.0641],[-0.4768, 0.1378,-3.4163,-0.6547,-1.287 ],[-0.9305, 0.1615,-0.3273, 0.0779],0.1985
1420,[-0.9175,-0.0629, 0.0456, 0.0496],[2.5103e+00,2.7232e+03,3.3695e-01,2.3688e-01,6.4170e-01],[-0.9173,-0.0602, 0.0453, 0.0566],0.4326
1421,[-0.917 ,-0.0689, 0.0717, 0.0533],[9.5366e-01,1.2499e+00,1.5308e+03,3.8162e-01,2.3147e+00],[-0.9167,-0.0686, 0.0687, 0.0603],0.4171
1422,[-0.9256,-0.0891,-0.0827, 0.056 ],[-16.4801,-15.9808,-17.2924,-16.3902,-16.771 ],[-0.9251,-0.058 ,-0.1074, 0.0612],0.3718
1423,[-0.9252,-0.1275, 0.2003, 0.054 ],[ 1.5445e+02,-7.5555e-01, 1.8388e+00, 1.0307e+00, 1.2218e-01],[-0.9235,-0.1381, 0.2054, 0.0599],0.2897
1425,[-0.9264,-0.1414, 0.2919, 0.0621],[-0.7894,-1.9961, 1.0307,-0.4084,-0.5468],[-0.9222,-0.1606, 0.304 , 0.0673],0.2368
1430,[-0.9257, 0.1943,-0.0279, 0.0612],[-14.7598,-15.6215,-13.7499,-14.6485,-15.0263],[-0.9275, 0.1642,-0.0011, 0.0676],0.3547
1431,[-0.926 , 0.179 , 0.0616, 0.1156],[-0.8524,-2.6809, 0.7889,-1.3233,-1.2691],[-0.9268, 0.137 , 0.0957, 0.1275],0.3354
1432,[-0.9215, 0.2087,-0.1127, 0.0638],[-12.9349,-13.6298,-13.5273,-12.0281,-14.3386],[-0.9231, 0.1926,-0.095 , 0.0718],0.3229
1434,[-0.9226, 0.2055,-0.2086, 0.0533],[1.0443e+00,1.4196e+02,9.2207e-02,7.0196e-01,2.1075e+00],[-0.9224, 0.2043,-0.2006, 0.0617],0.2658
1436,[-0.9303, 0.2237,-0.3241, 0.0744],[ 5.1234,94.4891,-0.4978, 0.7832, 0.2531],[-0.9271, 0.2343,-0.3262, 0.0801],0.1747
1438,[-0.948 , 0.2442,-0.3949, 0.065 ],[-0.1889,21.0516,-1.383 , 0.4284, 0.2485],[-0.9425, 0.2619,-0.4067, 0.0767],0.0815
1440,[-0.9265,-0.1978, 0.0278, 0.0464],[-17.0408,-15.7731,-17.5549,-16.6455,-16.6625],[-9.2850e-01,-1.6675e-01, 4.9723e-04, 5.0290e-02],0.3489
1441,[-0.9239,-0.2016, 0.1171, 0.0556],[-29.772 ,-29.8032,-30.1394,-28.3902,-30.4015],[-0.9253,-0.1864, 0.099 , 0.063 ],0.315
1443,[-0.9226,-0.2086, 0.2138, 0.0564],[ 5.5619e-01,-1.5311e-01, 1.7364e+02, 5.2251e-01, 6.1725e-01],[-0.9224,-0.2076, 0.2066, 0.0669],0.2624
1445,[-0.9258,-0.2251, 0.3085, 0.0679],[ 0.991 ,-0.3847,83.8258, 5.4697, 0.2507],[-0.9232,-0.2335, 0.3104, 0.0757],0.1948
1450,[-0.9161, 0.2987,-0.039 , 0.076 ],[-1.4365,-2.1983, 0.6134,-1.8635,-1.7938],[-0.9207, 0.2612,-0.0071, 0.0899],0.344
1452,[-0.924 , 0.3108,-0.1266, 0.0611],[-10.2025,-11.239 , -9.1866,-10.4402,-10.4549],[-0.9284, 0.283 ,-0.1017, 0.0681],0.258
1454,[-0.921 , 0.3137,-0.2223, 0.0608],[-12.4766,-12.7885,-12.9661,-12.5058,-13.3039],[-0.9237, 0.3014,-0.2086, 0.0714],0.2149
1456,[-0.9215, 0.3203,-0.3324, 0.065 ],[ 0.2899,12.1058,-0.0435, 3.0981, 0.5811],[-0.921 , 0.3198,-0.3278, 0.0777],0.1541
1458,[-0.931 , 0.3237,-0.4037, 0.065 ],[ 2.8284,72.8442,-0.533 , 2.9037, 0.1812],[-0.9279, 0.3285,-0.4032, 0.0781],0.0942
1460,[-0.9337,-0.2889, 0.0514, 0.0755],[-3.0106,-1.6955,-3.8437,-2.4652,-2.1907],[-0.9379,-0.2453, 0.0149, 0.0615],0.2779
1461,[-0.9282,-0.3131, 0.1272, 0.0581],[-13.3361,-12.6396,-14.1168,-12.7917,-13.202 ],[-0.9327,-0.2831, 0.1014, 0.0616],0.2425
1463,[-0.9291,-0.3253, 0.211 , 0.043 ],[-11.3239,-11.3387,-11.3037,-10.9573,-11.6776],[-0.9325,-0.3087, 0.1944, 0.0491],0.1885
1465,[-0.9274,-0.3174, 0.3238, 0.0549],[ 1.5876,-0.6441, 3.3074, 8.7425, 0.0794],[-0.9272,-0.3162, 0.3188, 0.0666],0.142
1467,[-0.9299,-0.3588, 0.4303, 0.0725],[ 1.8293,-0.433 ,33.5204, 1.6613, 0.1002],[-0.927 ,-0.3614, 0.43  , 0.085 ],0.0688
1472,[-0.9201, 0.3973,-0.1629, 0.0312],[-1.3393,-2.622 ,-0.3623,-1.6836,-1.4173],[-0.9272, 0.3695,-0.1383, 0.0459],0.2037
1474,[-0.9169, 0.4078,-0.2016, 0.0419],[-3.8047,-3.8778,-2.6348,-3.1502,-3.6546],[-0.9237, 0.3863,-0.1829, 0.0513],0.187
1476,[-0.9148, 0.4107,-0.3359, 0.1013],[-4.2697,-4.0322,-4.0265,-3.6563,-5.0766],[-0.9176, 0.404 ,-0.3274, 0.1141],0.1277
1478,[-0.916 , 0.394 ,-0.4072, 0.0632],[ 0.425 , 7.6021,-0.5126, 1.6534,-0.6585],[-0.9154, 0.3934,-0.4047, 0.076 ],0.0962
1481,[-0.9205,-0.4172, 0.1517, 0.0427],[-3.0936,-1.9766,-3.6378,-2.0676,-3.2099],[-0.9286,-0.386 , 0.1254, 0.0454],0.1973
1483,[-0.9244,-0.4197, 0.2197, 0.0413],[-5.0563,-3.8718,-6.002 ,-5.1156,-5.4147],[-0.9313,-0.3978, 0.2005, 0.0505],0.1481
1485,[-0.9206,-0.4074, 0.3397, 0.0738],[-2.8717,-2.7229,-2.247 ,-1.9442,-3.6523],[-0.9231,-0.4009, 0.3326, 0.0851],0.1093
1487,[-0.9439,-0.4032, 0.422 , 0.0541],[ 1.1536,-0.2676, 5.3921, 3.654 ,-0.7647],[-0.9433,-0.4024, 0.4144, 0.0687],0.0151
1500,[-0.9177, 0.0023,-0.0024,-0.0531],[-942.3987,-941.7024,-941.8166,-940.4165,-942.5093],[-0.9179, 0.0023,-0.0025,-0.0458],0.4511
1501,[-0.9162,-0.0348, 0.0723,-0.052 ],[-454.5805,-455.5259,-453.1102,-454.4465,-454.9017],[-0.9162,-0.0407, 0.0757,-0.0509],0.4256
1502,[-0.9163, 0.0346,-0.0729,-0.0519],[-393.7664,-393.4088,-395.6559,-393.9238,-394.6151],[-0.9163, 0.0407,-0.0766,-0.0497],0.425
1503,[-0.9287,-0.0337, 0.1857,-0.0418],[-10.6567,-11.186 , -9.359 ,-10.187 ,-10.7743],[-0.9265,-0.0607, 0.2069,-0.0398],0.3179
1504,[-0.9299, 0.0298,-0.1861,-0.0428],[-12.743 ,-11.0831,-12.9331,-12.038 ,-12.2881],[-0.9277, 0.058 ,-0.2089,-0.043 ],0.3121
1510,[-0.9169, 0.064 ,-0.044 ,-0.0618],[ 1.5470e-01,-1.9988e-01, 1.9178e+03, 1.3757e+01,-6.3996e-02],[-0.9172, 0.0611,-0.0433,-0.0532],0.4352
1511,[-0.9278, 0.0809, 0.0782,-0.0412],[-13.6196,-14.9655,-13.5157,-13.803 ,-14.5018],[-0.9277, 0.0503, 0.1038,-0.0426],0.3677
1512,[-0.9166, 0.0723,-0.0779,-0.0662],[2.4189e+01,3.6822e+02,4.4346e-01,3.1945e+00,2.5092e-01],[-0.9168, 0.0729,-0.0752,-0.0572],0.4129
1514,[-0.9195, 0.1342,-0.1863,-0.0504],[-6.8217e-02, 2.9689e+02,-5.1972e-01, 6.4725e-01,-1.4073e-01],[-0.9187, 0.1419,-0.1899,-0.041 ],0.3127
1516,[-0.9288, 0.1412,-0.2864,-0.009 ],[-0.8627,-1.0179,-3.6041,-0.6991,-2.7205],[-0.9249, 0.1618,-0.3031,-0.0042],0.2166
1520,[-0.918 ,-0.0645, 0.0436,-0.0546],[  2.9898,586.6505, -1.125 , -1.3378, -1.0262],[-0.9184,-0.0614, 0.0429,-0.0454],0.4322
1521,[-0.9171,-0.0737, 0.0796,-0.0645],[  1.3812, -0.7077,343.8408, 28.3736,  0.8533],[-0.9173,-0.0743, 0.0769,-0.0551],0.4103
1522,[-0.9233,-0.0823,-0.0782,-0.0414],[-19.8562,-20.1385,-20.3193,-20.0691,-20.0985],[-0.9234,-0.0537,-0.0999,-0.0454],0.3831
1523,[-0.9211,-0.1303, 0.1914,-0.0453],[8.4802e-01,2.4601e-01,2.7493e+02,1.0428e+00,4.3749e-01],[-0.9201,-0.1397, 0.1963,-0.0382],0.3057
1524,[-0.9541,-0.0631,-0.1801,-0.0018],[-1.5151, 0.2073,-2.5324,-1.1925,-1.3402],[-0.9514, 0.0014,-0.2347, 0.0139],0.2373
1525,[-0.9309,-0.147 , 0.2905,-0.0514],[-1.2538,-2.2561,-0.0432,-1.1778,-1.4818],[-0.9271,-0.1687, 0.3076,-0.0517],0.2201
1530,[-0.9247, 0.1998,-0.0252,-0.0311],[ -9.4039,-10.2127, -8.5299, -9.6062, -9.6253],[-0.9271, 0.1691, 0.0013,-0.0308],0.3525
1532,[-0.9228, 0.1991,-0.1238,-0.0319],[-31.6141,-32.1035,-31.9154,-31.0642,-32.7822],[-0.9244, 0.1863,-0.1086,-0.0279],0.3146
1534,[-0.919 , 0.2063,-0.2141,-0.0311],[1.6140e+00,1.2206e+02,4.2015e-03,5.1755e+00,2.4027e-01],[-0.919 , 0.2069,-0.2098,-0.0275],0.2731
1536,[-0.9247, 0.2364,-0.3006,-0.0178],[ 9.1111e-01, 1.1394e+02, 4.7072e-02, 1.1502e+00,-1.3762e-01],[-0.9228, 0.244 ,-0.3043,-0.0174],0.193
1538,[-0.9242, 0.2714,-0.3961, 0.    ],[ 0.1589,14.9576,-0.9818, 0.8318,-0.172 ],[-0.9195, 0.282 ,-0.4055, 0.    ],0.1435
1540,[-0.9233,-0.1942, 0.0253,-0.0327],[-19.4336,-19.5825,-20.5075,-19.2274,-19.8152],[-0.9255,-0.1645,-0.0021,-0.0298],0.3609
1541,[-0.9211,-0.2132, 0.1116,-0.0416],[-37.5722,-37.6016,-38.3307,-36.7417,-38.6434],[-0.9233,-0.1972, 0.0952,-0.0348],0.3206
1543,[-0.9215,-0.2055, 0.2145,-0.0363],[ 0.9098,-0.6771, 1.308 ,21.7036, 0.3531],[-0.9215,-0.2068, 0.2123,-0.0267],0.2625
1545,[-0.9214,-0.2202, 0.3017,-0.0293],[ 0.5338, 0.4081,65.6726, 0.7499,-0.2662],[-0.919 ,-0.2297, 0.3069,-0.0251],0.2064
1550,[-0.9245, 0.2896,-0.0524,-0.0893],[-2.0017,-2.8422,-1.4999,-0.9136,-2.0207],[-0.9295, 0.2519,-0.0214,-0.0887],0.3054
1552,[-0.926 , 0.3016,-0.1263,-0.0239],[-7.0434,-7.8537,-6.7293,-7.0203,-7.6602],[-0.9305, 0.2745,-0.1005,-0.0243],0.2554
1554,[-0.9228, 0.3184,-0.2239,-0.0071],[-10.629 ,-10.5262,-10.7102, -9.8989,-11.1896],[-0.9258, 0.3061,-0.2108,-0.0046],0.2045
1556,[-0.9234, 0.3083,-0.3279,-0.0144],[ 1.3672, 3.2725,-0.9152, 3.6285,-0.8479],[-0.9228, 0.3103,-0.3271,-0.0061],0.1546
1558,[-0.9148, 0.2913,-0.4127, 0.    ],[80.291 , 2.2058,-0.1129, 2.0634, 0.4752],[-0.9102, 0.2996,-0.4181, 0.    ],0.1243
1561,[-0.9235,-0.3113, 0.1311,-0.0172],[-12.9266,-12.4879,-13.7244,-12.6215,-13.1639],[-0.9283,-0.2843, 0.1058,-0.0178],0.2562
1563,[-0.9232,-0.3088, 0.2243,-0.0225],[-16.8018,-17.5237,-16.4541,-16.9571,-17.7588],[-0.926,-0.298, 0.212,-0.023],0.2071
1565,[-0.9293,-0.3032, 0.3058,-0.0044],[-1.5581,-2.8712,-0.2313, 0.5171,-2.874 ],[-9.2919e-01,-3.0333e-01, 3.0507e-01, 2.1957e-04],0.1505
1567,[-0.9434,-0.36  , 0.417 ,-0.0152],[ 3.1079e-01,-6.0067e-02, 7.7596e-01, 3.1288e+01,-3.0417e-03],[-0.9411,-0.3651, 0.4217,-0.0145],0.0359
1574,[-0.9199, 0.4059,-0.2503,-0.0073],[-3.9581,-4.1007,-3.4223,-3.5281,-4.4799],[-0.9256, 0.3912,-0.236 ,-0.0032],0.153
1578,[-0.9202, 0.3934,-0.4115,-0.0052],[ 0.1779, 3.2191,-0.1181, 7.4871,-0.5932],[-9.1948e-01, 3.9434e-01,-4.1249e-01, 2.6042e-05],0.085
1581,[-0.9325,-0.4112, 0.1567,-0.0491],[-2.7132,-2.2447,-4.2381,-3.2318,-2.5616],[-0.9406,-0.3757, 0.1239,-0.0333],0.1619
1583,[-0.9271,-0.4384, 0.2234,-0.0059],[-5.8088,-4.9279,-6.4064,-5.768 ,-6.1524],[-0.9349,-0.4151, 0.2005,-0.0058],0.1296
1585,[-0.9199,-0.4104, 0.3654, 0.    ],[-4.498 ,-4.8542,-4.2081,-3.6871,-6.0207],[-0.9217,-0.4074, 0.3627, 0.0104],0.0911
1587,[-0.9508,-0.3961, 0.4397,-0.0287],[ 0.3027,-1.9658, 1.7345, 2.7107,-2.1129],[-0.949 ,-0.3994, 0.4405,-0.013 ],-0.0094
1600,[-0.9172,-0.0025,-0.0015,-0.1606],[-1178.7761,-1179.4633,-1179.435 ,-1178.6212,-1179.9045],[-0.9179,-0.0018,-0.0022,-0.1549],0.4517
1601,[-0.9141,-0.0405, 0.0735,-0.1596],[-136.9879,-138.1025,-136.0139,-135.9378,-137.2325],[-0.9146,-0.0461, 0.0773,-0.1617],0.4236
1602,[-0.9152, 0.0389,-0.0742,-0.159 ],[-209.9487,-208.9751,-211.7129,-209.8166,-210.7384],[-0.9156, 0.0449,-0.0782,-0.1596],0.4217
1603,[-0.9205,-0.0288, 0.1907,-0.1849],[-4.4119,-5.4842,-3.9065,-4.801 ,-4.959 ],[-0.9188,-0.0551, 0.2065,-0.1804],0.3416
1604,[-0.9167, 0.0376,-0.1741,-0.1555],[-6.6707,-6.344 ,-7.2825,-6.2632,-6.8909],[-0.9155, 0.0579,-0.1802,-0.1499],0.3774
1610,[-0.9146, 0.0653,-0.0436,-0.156 ],[-0.3513,-0.0948,79.8648,94.281 ,-0.3006],[-0.9154, 0.0621,-0.0403,-0.1467],0.4377
1611,[-0.9212, 0.0956, 0.0864,-0.1669],[-8.1956,-8.7781,-7.0758,-7.7991,-7.7019],[-0.9217, 0.064 , 0.1102,-0.1644],0.3839
1612,[-0.9146, 0.0719,-0.0807,-0.159 ],[5.8365e-01,3.6505e+00,4.0838e-02,5.4173e+02,2.8670e-01],[-0.9151, 0.0734,-0.079 ,-0.1486],0.4111
1613,[-0.9319, 0.0643, 0.1743,-0.2035],[-0.1012,-1.2138,-0.569 ,-0.5528,-0.5354],[-0.9305, 0.0175, 0.2132,-0.2168],0.3212
1614,[-0.9186, 0.1327,-0.1873,-0.1668],[-6.1353,-0.1019,-7.9413,-4.4022,-7.7702],[-0.9182, 0.1417,-0.1913,-0.1564],0.3173
1616,[-0.9229, 0.1509,-0.2925,-0.1353],[-2.726 ,-0.353 ,-3.2646,-1.329 ,-2.5125],[-0.9194, 0.1707,-0.306 ,-0.134 ],0.247
1620,[-0.9151,-0.0642, 0.0427,-0.1733],[ 0.9736,64.5646,-0.7592,64.9266,-1.206 ],[-0.916 ,-0.0607, 0.0373,-0.1623],0.4398
1621,[-0.9145,-0.0722, 0.0803,-0.1667],[ 4.6542e-01, 8.2270e-03, 3.4503e+00, 1.5944e+03,-5.3744e-01],[-0.9152,-0.0737, 0.0787,-0.156 ],0.4121
1622,[-0.9329,-0.0698,-0.0732,-0.1594],[ -9.1689, -8.4885,-10.0368, -8.5304, -9.662 ],[-0.9333,-0.0403,-0.0908,-0.1431],0.3572
1623,[-0.9184,-0.1266, 0.1881,-0.1589],[-18.2626,-19.5739,-16.8098,-17.6049,-19.1747],[-0.9178,-0.1365, 0.193 ,-0.1533],0.3169
1625,[-0.9217,-0.1246, 0.3114,-0.1512],[-2.2037,-3.4422,-1.6008,-2.1943,-2.6423],[-0.9171,-0.1497, 0.327 ,-0.1449],0.2441
1630,[-0.9223, 0.2004, 0.0091,-0.1471],[-6.3418,-7.3722,-5.4602,-6.1233,-6.6809],[-0.9252, 0.1653, 0.036 ,-0.1623],0.354
1632,[-0.9162, 0.1891,-0.1202,-0.1559],[-21.9905,-23.3627,-23.1731,-22.1937,-23.4157],[-0.9183, 0.1781,-0.1009,-0.1499],0.3434
1634,[-0.9189, 0.186 ,-0.21  ,-0.1606],[-1.2447, 1.1097,-3.0404, 5.0753,-2.2941],[-0.919 , 0.1902,-0.2095,-0.1475],0.2802
1636,[-0.9173, 0.2285,-0.3109,-0.1291],[ 0.6946, 2.8667,-0.4456,45.572 ,-0.2383],[-0.9152, 0.2383,-0.3122,-0.1227],0.209
1640,[-0.9134,-0.1681, 0.034 ,-0.1452],[-8.5941,-7.6436,-9.297 ,-8.3865,-8.7802],[-0.9155,-0.1505, 0.0338,-0.1288],0.4078
1641,[-0.9152,-0.1828, 0.1328,-0.1681],[-41.7265,-42.9943,-42.9357,-42.5866,-42.9368],[-0.917 ,-0.1751, 0.1166,-0.1554],0.3436
1643,[-0.9193,-0.2041, 0.2042,-0.1763],[-10.4111,-12.2838, -9.0746, -8.9346,-12.0266],[-0.9201,-0.2047, 0.1977,-0.1653],0.2755
1645,[-0.9227,-0.1906, 0.3471,-0.1404],[ 1.5195,-0.5797,23.4583, 0.5853,-0.4772],[-0.918 ,-0.2094, 0.359 ,-0.1244],0.207
1650,[-0.9181, 0.2969,-0.0285,-0.1299],[-0.6761,-0.8203,-0.6268,-0.8608,-0.5376],[-0.9237, 0.2566, 0.0072,-0.1429],0.3335
1652,[-0.9116, 0.3087,-0.1021,-0.1386],[-3.8953,-4.2202,-3.394 ,-3.7706,-4.3548],[-0.9171, 0.2833,-0.0835,-0.1223],0.3103
1700,[-0.9177,-0.0075,-0.0025,-0.2885],[-646.6057,-646.1676,-646.6967,-645.7566,-647.0382],[-0.919 ,-0.0055,-0.0054,-0.2822],0.4505
1701,[-0.9168,-0.0407, 0.0757,-0.2746],[-101.1303,-101.7068,-100.4192,-100.4398,-101.4005],[-0.9177,-0.0473, 0.0808,-0.2728],0.4206
1702,[-0.9167, 0.0356,-0.0773,-0.2925],[-130.5244,-129.3066,-131.2688,-129.365 ,-130.8611],[-0.9176, 0.0436,-0.0841,-0.2858],0.4208
1710,[-0.9154, 0.0628,-0.0462,-0.2792],[-70.0403,-70.6338,-69.5186,-69.6325,-70.9557],[-0.9167, 0.0606,-0.0434,-0.2705],0.4349
1711,[-0.9166, 0.0875, 0.0566,-0.2869],[-2.8374,-3.3129,-3.0556,-3.0663,-3.4164],[-0.9181, 0.0667, 0.0539,-0.2706],0.4278
1712,[-0.9174, 0.0728,-0.0903,-0.289 ],[-320.5618,-320.004 ,-321.2987,-319.8182,-321.4815],[-0.9183, 0.0768,-0.0928,-0.2778],0.3984
1714,[-0.9196, 0.1269,-0.1877,-0.278 ],[ 0.3201,16.2638,-1.7504, 1.806 ,-1.8258],[-0.9194, 0.1381,-0.1946,-0.2628],0.3146
1720,[-0.9155,-0.0659, 0.0436,-0.2819],[-154.398 ,-153.5966,-153.398 ,-153.0647,-154.3006],[-0.9168,-0.0629, 0.0407,-0.2753],0.4354
1721,[-0.9166,-0.0766, 0.0792,-0.2804],[-400.0371,-400.3653,-399.3892,-399.5924,-400.5825],[-0.9177,-0.0778, 0.0781,-0.2728],0.4067
1723,[-0.9162,-0.1403, 0.1845,-0.2759],[-10.0512,-11.5531, -8.9035, -9.2983,-11.5502],[-0.9164,-0.1488, 0.1895,-0.2713],0.3158
1741,[-0.9137,-0.1668, 0.1618,-0.2544],[-13.1663,-12.4959,-12.4085,-12.328 ,-13.4459],[-0.9149,-0.1668, 0.1535,-0.2383],0.3373
1743,[-0.9133,-0.1811, 0.1879,-0.2596],[ -9.4902,-11.6701, -8.8758, -7.3967,-11.4934],[-0.9142,-0.1833, 0.1828,-0.2461],0.3057
1800,[-0.9205,-0.0087,-0.004 ,-0.3907],[-122.6034,-122.7807,-123.1123,-121.9353,-123.2895],[-0.9222,-0.0056,-0.0096,-0.3796],0.434
1802,[-0.9135, 0.0343,-0.0876,-0.3932],[-26.38  ,-25.962 ,-27.1548,-25.2085,-26.8669],[-0.9147, 0.0446,-0.0979,-0.3851],0.4218
1812,[-0.9144, 0.069 ,-0.0898,-0.3917],[-91.5595,-92.1433,-92.2805,-90.3839,-92.2817],[-0.9158, 0.0738,-0.0938,-0.3794],0.4053
1820,[-0.9188,-0.0611, 0.0473,-0.3844],[-23.3023,-23.0854,-23.467 ,-22.0961,-23.8662],[-0.9206,-0.0594, 0.0441,-0.3867],0.4219
1821,[-0.9198,-0.0663, 0.0662,-0.3841],[-71.4551,-72.0044,-71.4333,-70.7224,-72.8056],[-0.9215,-0.0675, 0.0668,-0.3763],0.4023
2200,[-0.9013, 0.0233,-0.0108, 0.2689],[-153.9995,-153.6489,-153.2787,-154.0238,-153.4013],[-0.9002, 0.0213,-0.0077, 0.261 ],0.3933
2201,[-0.8934,-0.0418, 0.0712, 0.2629],[-44.875 ,-45.1636,-44.0464,-45.1351,-44.3387],[-0.892 ,-0.0447, 0.074 , 0.2611],0.3366
2202,[-0.896 , 0.0521,-0.0584, 0.259 ],[-47.2271,-46.5932,-47.903 ,-47.6808,-47.0907],[-0.8948, 0.0522,-0.058 , 0.2625],0.3518
2210,[-0.9023, 0.0643,-0.0363, 0.2603],[-29.2877,-29.6928,-29.1349,-30.1809,-29.117 ],[-0.9014, 0.0605,-0.0367, 0.2463],0.385
2212,[-0.9061, 0.0947,-0.0924, 0.27  ],[-39.9552,-40.5729,-41.1319,-41.2337,-39.9725],[-0.9051, 0.0925,-0.0844, 0.2639],0.3653
2221,[-0.8959,-0.079 , 0.0921, 0.2606],[-23.8384,-24.2991,-23.4637,-23.9757,-23.2807],[-0.8947,-0.0791, 0.088 , 0.2578],0.3264
2223,[-0.9064,-0.1601, 0.2013, 0.3046],[-2.2347,-3.4651,-0.9306,-3.1105,-0.8753],[-0.9046,-0.1613, 0.19  , 0.2951],0.2805
2243,[-0.9005,-0.1763, 0.2608, 0.2545],[-0.2523,-1.6674, 1.7363,-1.0017, 1.0796],[-0.8977,-0.1819, 0.257 , 0.2401],0.2139
2300,[-0.9085, 0.003 ,-0.0019, 0.1434],[-679.8414,-680.1633,-680.5303,-680.7373,-677.6126],[-0.9079, 0.0028,-0.002 , 0.1357],0.4258
2301,[-0.9084,-0.0424, 0.0675, 0.1453],[-231.6136,-232.7504,-231.8403,-232.657 ,-230.7881],[-0.9076,-0.0453, 0.0683, 0.1433],0.4065
2302,[-0.908 , 0.043 ,-0.067 , 0.1475],[-229.3707,-228.5036,-230.0066,-229.447 ,-227.9343],[-0.9072, 0.0458,-0.0676, 0.1445],0.4049
2304,[-0.9024,-0.008 ,-0.1901, 0.1934],[-7.1411,-7.2838,-8.5134,-7.5222,-7.4028],[-0.8984, 0.018 ,-0.2367, 0.208 ],0.3012
2310,[-0.9079, 0.0629,-0.0435, 0.1634],[ -99.7255,-100.7212, -99.8098,-101.0129, -99.6277],[-0.9074, 0.0594,-0.0384, 0.1566],0.4126
2312,[-0.907 , 0.0708,-0.0845, 0.1578],[-213.3444,-212.8753,-215.0269,-214.9342,-212.1244],[-0.9063, 0.0716,-0.0819, 0.1517],0.3815
2314,[-0.9041, 0.1285,-0.1986, 0.1647],[-12.6962,-12.5737,-15.0801,-13.8898,-12.7213],[-0.9023, 0.1348,-0.1961, 0.1613],0.2811
2316,[-0.9061, 0.141 ,-0.314 , 0.1301],[-3.232 ,-1.9944,-4.4462,-3.1855,-1.8261],[-0.901 , 0.1571,-0.3233, 0.1273],0.2067
2320,[-0.9067,-0.0656, 0.041 , 0.1415],[-70.9422,-70.8356,-71.7697,-71.8444,-69.9872],[-0.9063,-0.0615, 0.035 , 0.1374],0.4077
2321,[-0.9063,-0.0733, 0.0891, 0.1439],[-149.7759,-151.2317,-149.6357,-151.0293,-148.919 ],[-0.9056,-0.0745, 0.0868, 0.1384],0.3748
2322,[-0.9081,-0.0687,-0.0702, 0.1677],[ -9.4719, -8.8185,-10.0772, -9.3692, -8.8967],[-0.9071,-0.0484,-0.0922, 0.1659],0.3913
2323,[-0.9022,-0.1274, 0.1937, 0.1574],[-19.9825,-21.7318,-19.7533,-20.9308,-19.6772],[-0.9004,-0.1334, 0.191 , 0.1539],0.2769
2330,[-0.9091, 0.2023,-0.039 , 0.1776],[-11.3416,-11.9325,-10.9192,-11.9749,-11.1377],[-0.9107, 0.1802,-0.028 , 0.1854],0.3742
2332,[-0.8989, 0.2179,-0.1298, 0.1513],[-11.7206,-12.4693,-11.8168,-12.587 ,-11.8567],[-0.9003, 0.206 ,-0.1147, 0.1463],0.279
2334,[-0.8978, 0.2142,-0.2216, 0.1523],[ 0.476 , 4.4949,-1.1093, 0.0864,25.5322],[-0.8974, 0.2126,-0.2096, 0.1476],0.2214
2336,[-0.8999, 0.2254,-0.3052, 0.1481],[-0.7295,25.632 ,-1.5847,-0.308 , 3.9086],[-0.8973, 0.2302,-0.2989, 0.1468],0.1718
2340,[-0.9051,-0.2007, 0.0151, 0.146 ],[-8.3189,-7.6653,-8.8643,-8.8095,-8.4275],[-0.9068,-0.176 ,-0.0017, 0.142 ],0.3637
2341,[-0.8952,-0.2114, 0.124 , 0.1374],[-7.5354,-7.2759,-8.3692,-8.3161,-7.1446],[-0.8965,-0.2004, 0.1106, 0.1313],0.2693
2343,[-0.8983,-0.2205, 0.2289, 0.1565],[ 0.4782,-0.9496, 1.6724,-0.077 ,34.9308],[-0.8978,-0.219 , 0.217 , 0.1483],0.2165
2345,[-0.8979,-0.2523, 0.3053, 0.1575],[ 0.2305,-0.9297,25.294 ,-0.1633, 0.5343],[-0.896 ,-0.2542, 0.2963, 0.1651],0.158
2352,[-0.9023, 0.312 ,-0.1225, 0.1437],[-0.8211,-2.6292, 3.1515,-1.3939,-0.7981],[-0.9065, 0.2904,-0.1067, 0.1449],0.2662
2354,[-0.8987, 0.3252,-0.2321, 0.1609],[ 1.1546, 1.7216, 2.1642, 0.5133,34.2612],[-0.9014, 0.3147,-0.2154, 0.1567],0.186
2356,[-0.9007, 0.3162,-0.32  , 0.1585],[ 1.7522,39.8126,-0.7271, 0.509 , 1.2202],[-0.9006, 0.3136,-0.3062, 0.1659],0.1409
2358,[-0.9067, 0.3354,-0.3975, 0.1393],[ 1.6564,14.9112,-1.3694, 0.5413, 1.9573],[-0.9044, 0.3365,-0.3879, 0.1498],0.1032
2360,[-0.9088,-0.2837, 0.0422, 0.1553],[-1.0805,-0.2179,-2.3958,-2.0537,-0.9888],[-0.9126,-0.2516, 0.0164, 0.1688],0.3532
2361,[-0.8981,-0.3277, 0.1049, 0.1351],[-2.6381,-1.9093,-3.7095,-2.8283,-2.6925],[-0.9031,-0.3032, 0.0848, 0.144 ],0.2571
2363,[-0.8975,-0.3338, 0.2395, 0.1475],[ 1.3115, 1.1299, 1.9997, 1.8337,10.2076],[-0.9003,-0.3241, 0.2265, 0.1438],0.173
2365,[-0.9009,-0.3138, 0.3251, 0.156 ],[ 0.4602,-0.9042, 2.3671, 0.212 ,20.9246],[-0.9005,-0.3121, 0.3131, 0.1516],0.1383
2367,[-0.9067,-0.3593, 0.404 , 0.1306],[-0.4829,-1.0457,13.2366, 0.4207, 0.7006],[-0.905 ,-0.3597, 0.3979, 0.1156],0.0893
2374,[-0.8857, 0.4087,-0.2277, 0.1452],[-0.0587,-1.4538, 8.6157, 0.6732,-0.2344],[-0.8915, 0.395 ,-0.2165, 0.1541],0.1163
2376,[-0.9081, 0.3931,-0.3572, 0.1381],[0.7666,7.8912,0.2152,1.9184,1.9739],[-0.9095, 0.3883,-0.3448, 0.1527],0.1146
2383,[-0.9029,-0.4132, 0.2514, 0.1773],[-0.3892, 1.8913,-2.0384,-0.7693,-1.0724],[-0.9081,-0.3993, 0.2405, 0.1855],0.1559
2385,[-0.8909,-0.4281, 0.3334, 0.1663],[ 0.912 ,-0.3367, 4.3602, 2.2981, 0.8578],[-0.8946,-0.4209, 0.3176, 0.18  ],0.0683
2387,[-0.894 ,-0.4057, 0.3977, 0.1456],[ 1.6173,-0.0738, 9.997 , 1.1141, 1.6648],[-0.8942,-0.4032, 0.3903, 0.1599],0.0423
2400,[-9.0868e-01, 1.2494e-03,-4.8947e-04, 6.4586e-02],[3.2108e+00,1.2192e+00,1.9618e+00,3.2135e-01,4.1103e+03],[-9.0846e-01, 1.1080e-03,-2.0375e-04, 5.0902e-02],0.4339
2401,[-0.9082,-0.0324, 0.0669, 0.0535],[ -0.4492, -2.4141,112.4127, -2.3128,  6.2501],[-0.9078,-0.0369, 0.0678, 0.0432],0.4116
2402,[-0.9081, 0.0332,-0.0675, 0.0551],[-12.7168,  0.0679,-14.4739,-13.5047, -5.284 ],[-0.9077, 0.0376,-0.0684, 0.0458],0.4105
2403,[-0.9004,-0.0375, 0.1841, 0.0593],[-7.4987,-8.8587,-6.2502,-7.9453,-7.4926],[-0.898 ,-0.0551, 0.1953, 0.0624],0.3023
2404,[-0.9028, 0.0244,-0.192 , 0.0632],[-13.0564,-12.6808,-14.0362,-13.3723,-13.131 ],[-0.9001, 0.0446,-0.2035, 0.0697],0.3114
2410,[-0.9063, 0.0683,-0.039 , 0.0565],[-7.5216,-8.9941,-6.9812,-7.9196,-1.0992],[-0.9063, 0.0636,-0.0314, 0.044 ],0.4081
2411,[-0.8964, 0.0915, 0.0733, 0.0256],[-13.5487,-14.8305,-12.7584,-14.2859,-13.9033],[-0.8964, 0.0707, 0.0844, 0.0142],0.3394
2412,[-0.9065, 0.0773,-0.0905, 0.0581],[1.5617e+00,1.3341e+00,3.6428e-01,6.1096e-01,6.3583e+02],[-0.9062, 0.0785,-0.0878, 0.0459],0.3751
2414,[-0.9032, 0.1333,-0.1897, 0.0437],[-30.4655,-29.6934,-32.6611,-30.9755,-30.0347],[-0.902 , 0.1392,-0.1904, 0.039 ],0.281
2416,[-0.9023, 0.1461,-0.3003, 0.0342],[-3.0257,-3.0464,-5.4853,-4.306 ,-3.8625],[-0.8981, 0.161 ,-0.3076, 0.0289],0.2018
2420,[-0.9056,-0.0699, 0.0372, 0.0566],[-54.9112,-54.6364,-55.8092,-56.409 ,-53.6356],[-0.9056,-0.0648, 0.0296, 0.0474],0.4048
2421,[-0.906 ,-0.078 , 0.088 , 0.0676],[1.5757e+00,2.8338e-01,3.6327e+02,5.7018e-01,2.5400e+00],[-0.9056,-0.0786, 0.0839, 0.0615],0.3746
2422,[-0.8984,-0.0828,-0.078 , 0.0358],[-32.2636,-31.6398,-32.3911,-32.0664,-31.982 ],[-0.8982,-0.0619,-0.0927, 0.0303],0.3469
2423,[-0.9018,-0.1322, 0.1927, 0.0554],[-15.1455,-18.2362,-14.1976,-17.0159,-16.0384],[-0.9004,-0.1384, 0.1932, 0.0504],0.2741
2424,[-0.9102,-0.0612,-0.1705, 0.0253],[-1.5956,-0.0779,-2.8896,-1.6752,-2.3855],[-0.9081,-0.0292,-0.1904, 0.0376],0.3577
2425,[-0.907 ,-0.1638, 0.3076, 0.0569],[-3.7413,-5.3976,-4.0929,-4.1657,-3.9147],[-0.9029,-0.1776, 0.3138, 0.0512],0.2078
2430,[-0.9001, 0.2047,-0.0222, 0.0433],[-14.9672,-16.164 ,-13.4219,-15.3766,-15.1547],[-0.9024, 0.1816,-0.006 , 0.0363],0.3405
2432,[-0.8976, 0.2175,-0.121 , 0.0553],[ 0.8933,-0.1109, 0.5129, 0.9028,90.3766],[-0.8995, 0.2053,-0.1053, 0.0472],0.2807
2434,[-0.8983, 0.2098,-0.2103, 0.0591],[  4.6043,383.4049, -0.4482,  0.4414,  1.0506],[-0.8983, 0.2086,-0.2011, 0.063 ],0.2304
2436,[-0.8949, 0.2352,-0.3094, 0.0635],[ 0.9045,47.2961,-1.5276, 7.8481, 0.6052],[-0.8926, 0.2401,-0.3055, 0.0681],0.1491
2440,[-0.8985,-0.1995, 0.0305, 0.0358],[-28.49  ,-27.7616,-29.6009,-28.4806,-28.9052],[-0.9007,-0.1783, 0.0151, 0.0324],0.3358
2441,[-0.8968,-0.2065, 0.1092, 0.0355],[ -8.8584,-10.6788,-11.286 ,-10.8149, -6.9954],[-0.8987,-0.1942, 0.0936, 0.032 ],0.2877
2443,[-0.9001,-0.2073, 0.2128, 0.0601],[  1.808 , -0.3105,151.635 ,  1.8084,  1.1807],[-0.8999,-0.2065, 0.2028, 0.061 ],0.2364
2445,[-0.9016,-0.2315, 0.3112, 0.0701],[ 0.9138,-1.0338,82.1898, 0.4598, 0.2723],[-0.8992,-0.2371, 0.3074, 0.0738],0.1709
2450,[-0.8907, 0.2933,-0.0416, 0.0508],[-1.3033,-3.006 , 0.3627,-2.3877,-1.1721],[-0.8954, 0.2659,-0.0228, 0.06  ],0.2743
2452,[-0.891 , 0.3124,-0.1318, 0.0486],[-1.4212,-2.9893,18.3647,-1.7203,-1.7852],[-0.8956, 0.2941,-0.1157, 0.0568],0.2209
2454,[-0.8897, 0.3242,-0.2153, 0.0422],[ 3.8714,24.4169, 2.2193, 1.1157, 1.4311],[-0.8931, 0.3141,-0.2028, 0.0514],0.1638
2456,[-0.8958, 0.3263,-0.3147, 0.0624],[ 0.6694,51.2323,-0.7897, 2.0289, 2.1578],[-0.8962, 0.3244,-0.3095, 0.0734],0.1208
2458,[-0.9108, 0.3325,-0.4092, 0.1226],[ 1.7247,53.5579,-0.5772, 0.5477, 0.117 ],[-0.9079, 0.3347,-0.4019, 0.1339],0.108
2460,[-0.8927,-0.2869, 0.0448, 0.0387],[-3.9612,-3.5173,-4.9061,-3.8861,-3.2471],[-0.8973,-0.2599, 0.0252, 0.038 ],0.2832
2461,[-0.887 ,-0.3228, 0.1258, 0.0479],[-8.543 ,-6.8007,-9.8203,-8.4331,-8.2655],[-0.892 ,-0.3039, 0.1105, 0.0454],0.2061
2463,[-0.8883,-0.3387, 0.2098, 0.0526],[ 0.9884, 1.085 , 1.9325, 1.0032,43.7018],[-0.8923,-0.3275, 0.1985, 0.0455],0.1574
2465,[-0.8903,-0.3272, 0.3148, 0.0696],[ 0.7014,-0.2054,53.2891, 0.4065,-0.1   ],[-0.8909,-0.3251, 0.3054, 0.0732],0.1061
2467,[-0.9071,-0.3591, 0.4028, 0.1117],[ 1.1336,-0.7788,23.8639, 1.0677, 0.7852],[-0.9054,-0.3595, 0.3969, 0.11  ],0.0911
2472,[-0.895 , 0.4079,-0.1452, 0.054 ],[-2.0371,-2.9133,-0.6721,-0.4264,-1.8039],[-0.9029, 0.3843,-0.126 , 0.0662],0.1998
2474,[-0.8852, 0.4304,-0.22  , 0.0521],[-1.7955,-3.1207,-1.9095,-1.5773,-2.5167],[-0.8925, 0.416 ,-0.2074, 0.0603],0.1148
2476,[-0.8907, 0.4203,-0.3295, 0.0604],[ 1.8184, 2.2387,-0.2172, 2.7365,-0.3412],[-0.8942, 0.4148,-0.3216, 0.0743],0.0685
2478,[-0.9027, 0.4233,-0.4062, 0.0474],[ 0.1273,17.0898,-0.2097, 2.2069, 0.4087],[-0.9035, 0.4217,-0.4016, 0.0607],0.054
2481,[-0.8854,-0.406 , 0.1514, 0.0659],[-3.8658,-2.5375,-4.4097,-3.0578,-4.0545],[-0.8931,-0.3851, 0.135 , 0.0774],0.1625
2483,[-0.8835,-0.4247, 0.2207, 0.0578],[-3.7408,-1.4471,-4.5529,-2.58  ,-4.1432],[-0.8905,-0.4107, 0.2093, 0.0674],0.1095
2485,[-0.8906,-0.4343, 0.3329, 0.0537],[ 0.9636,-0.6592, 2.8001, 2.8601,-0.3348],[-0.8947,-0.4286, 0.3248, 0.0638],0.0628
2487,[-0.8946,-0.4134, 0.4176, 0.0715],[ 0.2285,-0.5285,16.6223, 1.9622,-0.1796],[-0.8944,-0.4124, 0.4151, 0.0852],0.0274
2493,[-0.8749,-0.514 , 0.2343, 0.0638],[-17.5808,-16.7294,-18.0077,-17.2835,-17.9069],[-0.8854,-0.5007, 0.222 , 0.0703],0.05
2500,[-9.0758e-01, 4.7963e-04, 3.9233e-04,-4.9473e-02],[5.0741e+03,1.3683e+00,1.5807e+00,4.0878e-01,1.9168e+00],[-9.0781e-01, 3.2640e-04, 6.4334e-04,-6.1207e-02],0.4322
2501,[-0.908 ,-0.0338, 0.0687,-0.0621],[ 4.0240e-01,-2.4718e-01, 4.2867e+03, 2.6828e-01,-5.2528e-01],[-0.9081,-0.0387, 0.0705,-0.0732],0.4106
2502,[-0.9078, 0.033 ,-0.0693,-0.0626],[ 8.8155e-01, 3.3367e+03,-2.3443e-01, 1.7413e-01, 3.8657e-01],[-0.9079, 0.0381,-0.071 ,-0.0738],0.41
2503,[-0.8933,-0.0316, 0.1825,-0.0646],[ -8.8028,-10.3611, -7.4727, -8.4751, -7.9997],[-0.8913,-0.0495, 0.1945,-0.0674],0.2786
2504,[-0.8934, 0.0332,-0.1786,-0.0539],[-14.5873,-14.748 ,-16.6715,-15.6885,-15.5994],[-0.8916, 0.0505,-0.189 ,-0.0572],0.2824
2510,[-0.9059, 0.0709,-0.0408,-0.0726],[3.2238e-01,1.5278e-01,2.1169e+03,1.1769e+00,1.8484e+00],[-0.9065, 0.0672,-0.0395,-0.0814],0.4039
2511,[-0.8978, 0.0833, 0.0761,-0.0409],[-22.8403,-23.8616,-21.7109,-22.0239,-22.2839],[-0.8979, 0.0622, 0.0915,-0.0469],0.3468
2512,[-0.9066, 0.077 ,-0.0872,-0.0685],[1.3693e+00,4.6995e+03,2.8943e-01,1.7103e+00,3.7052e+00],[-0.9069, 0.0781,-0.0841,-0.0778],0.3802
2514,[-0.8998, 0.1369,-0.1897,-0.0542],[ 7.8273e-01, 9.4174e+01,-8.6424e-01, 4.8176e-02, 6.6380e-01],[-0.899 , 0.143 ,-0.1907,-0.0585],0.2678
2516,[-0.8953, 0.149 ,-0.2894,-0.046 ],[-2.9337,-2.2947,-5.7919,-4.2644,-4.5608],[-0.8918, 0.1627,-0.2936,-0.056 ],0.1858
2520,[-0.9033,-0.0739, 0.0356,-0.0579],[ 2.3300e+00, 6.9334e+02,-1.3012e-01, 2.3175e-01, 1.6692e+00],[-0.9039,-0.0692, 0.0337,-0.07  ],0.3929
2521,[-0.9063,-0.0701, 0.0833,-0.0702],[ 7.3460e+00,-6.0859e-02, 4.4781e+00, 1.2266e+00, 2.6444e+03],[-0.9066,-0.0719, 0.0819,-0.0844],0.3829
2522,[-0.8936,-0.0807,-0.0738,-0.0422],[-31.758 ,-31.2191,-32.8528,-32.0073,-30.8688],[-0.8938,-0.061 ,-0.0881,-0.0492],0.3317
2523,[-0.9   ,-0.1337, 0.1976,-0.0583],[-40.3965,-42.601 ,-40.3785,-40.6653,-39.4121],[-0.899 ,-0.1411, 0.1991,-0.0639],0.2651
2525,[-0.9061,-0.166 , 0.3339,-0.1193],[-5.7169,-7.0406,-4.8952,-4.7629,-5.4814],[-0.9015,-0.1828, 0.3377,-0.1045],0.1897
2530,[-0.8939, 0.1972,-0.0316,-0.0465],[-24.4609,-25.5472,-23.4912,-24.7156,-24.5023],[-0.8964, 0.1772,-0.0161,-0.0517],0.3187
2532,[-0.893 , 0.2103,-0.1095,-0.0382],[24.0506,-3.2513,-4.7628,-3.9582,-2.692 ],[-0.8952, 0.1989,-0.0987,-0.0434],0.2702
2534,[-0.8968, 0.2092,-0.2118,-0.043 ],[343.3027,  3.4645, -0.5248,  1.5636,  0.7501],[-0.897 , 0.2095,-0.2073,-0.0452],0.2227
2536,[-0.8933, 0.2482,-0.3003,-0.0221],[  0.8306,108.4288, -0.9358,  2.5448, -0.5001],[-0.8919, 0.2523,-0.2973,-0.0242],0.1452
2540,[-0.8955,-0.2004, 0.0288,-0.0318],[-29.5876,-29.0903,-31.1042,-29.9316,-29.9693],[-0.898 ,-0.1793, 0.0126,-0.0303],0.3248
2541,[-0.8934,-0.2202, 0.1134,-0.033 ],[ 5.1669, 0.4654, 0.2239,27.1898, 1.9231],[-0.8957,-0.2078, 0.099 ,-0.028 ],0.2681
2542,[-0.9097,-0.1912,-0.0767,-0.0231],[-4.7833,-3.8661,-5.8832,-4.65  ,-4.6068],[-0.9113,-0.1525,-0.106 ,-0.0084],0.3522
2543,[-0.8962,-0.2113, 0.2116,-0.0368],[  2.5309,  0.4246,271.8793,  0.3235,  1.5475],[-0.8965,-0.2109, 0.205 ,-0.0402],0.2213
2545,[-0.8939,-0.2455, 0.3111,-0.0414],[-3.2548e-02,-6.7699e-01, 7.9679e+01, 8.3129e-01, 2.5929e-01],[-0.8921,-0.2508, 0.3082,-0.0428],0.1419
2550,[-0.8894, 0.2973,-0.0407,-0.0732],[-1.8507,-4.2711,-2.7362,-2.7995,-1.7104],[-0.8948, 0.2699,-0.0213,-0.074 ],0.2713
2552,[-0.885 , 0.3207,-0.1205,-0.0296],[-2.244 ,-4.3202, 0.8147,-2.1427,-2.981 ],[-0.8903, 0.3019,-0.1053,-0.0304],0.2034
2554,[-0.8845, 0.3346,-0.2206,-0.015 ],[ 1.0805, 1.2315, 1.1526,34.6794, 0.9171],[-0.8883, 0.3255,-0.2104,-0.0086],0.1402
2556,[-0.8904, 0.327 ,-0.3166,-0.016 ],[ 1.3655,53.13  ,-0.2832, 0.3733, 0.1198],[-0.891 , 0.3262,-0.3106,-0.0154],0.104
2558,[-0.8871, 0.3559,-0.4108, 0.    ],[ 1.1237,56.8431,-0.2443, 2.3158,-0.7635],[-0.8851, 0.3583,-0.408 , 0.    ],0.0303
2560,[-0.8957,-0.3064, 0.0345,-0.0396],[-5.685 ,-5.2932,-6.8279,-5.3516,-5.7598],[-0.9013,-0.2754, 0.0103,-0.0441],0.293
2561,[-0.8882,-0.3073, 0.1302,-0.0242],[-11.3367,-10.2335,-12.5396,-11.3785,-11.3199],[-0.893 ,-0.29  , 0.1147,-0.0285],0.2139
2563,[-0.8892,-0.3177, 0.2184,-0.0162],[30.3904, 1.3582, 3.8391, 3.0173, 1.0701],[-0.8925,-0.309 , 0.207 ,-0.0195],0.1625
2565,[-0.8874,-0.3203, 0.3102,-0.0106],[ 1.2283,-0.675 ,46.9104, 1.7024, 0.8196],[-0.8879,-0.3193, 0.3045,-0.0105],0.1002
2572,[-0.8764, 0.4076,-0.1462,-0.0278],[-2.3196,-3.5868,-0.6446,-1.6983,-2.296 ],[-0.8847, 0.3883,-0.1298,-0.0293],0.1354
2574,[-0.8798, 0.4204,-0.2256,-0.0072],[-3.7791,-4.3051,-3.3025,-3.1651,-4.7471],[-0.8868, 0.4081,-0.2149,-0.0063],0.0972
2576,[-0.8848, 0.4144,-0.3155,-0.0025],[-1.0304,-0.6719,-2.3422,-0.8276,-1.6684],[-8.8877e-01, 4.0915e-01,-3.0905e-01, 7.2484e-04],0.0614
2578,[-0.8973, 0.4399,-0.4215, 0.    ],[ 0.2489, 4.8811,-1.1658, 3.5924,-0.6466],[-0.8981, 0.4393,-0.4203, 0.0052],0.0228
2581,[-0.8744,-0.3998, 0.1307,-0.026 ],[-5.0802,-4.9512,-6.7307,-5.301 ,-6.1599],[-0.8825,-0.3797, 0.1164,-0.0297],0.1378
2583,[-0.887 ,-0.4328, 0.2328,-0.0098],[-5.7116,-4.6464,-6.446 ,-5.2144,-6.0844],[-0.8943,-0.4198, 0.2201,-0.0046],0.1122
2585,[-0.8901,-0.4368, 0.3388,-0.0043],[ 0.1667,-1.4458, 1.1303, 1.7371,-1.7716],[-0.894 ,-0.4322, 0.333 , 0.0017],0.0552
2587,[-0.8963,-0.4159, 0.4223, 0.    ],[-0.3083,-0.637 , 2.4288,15.6191,-0.3634],[-0.896 ,-0.416 , 0.4228, 0.0078],0.0264
2593,[-0.8785,-0.5084, 0.2586,-0.0421],[-16.7095,-16.1369,-17.8122,-16.1254,-17.0168],[-0.8884,-0.4979, 0.2494,-0.033 ],0.0471
2600,[-0.9039,-0.0027, 0.0031,-0.162 ],[  1.9239,  2.2974,  1.3545, 11.9908,802.9155],[-0.9047,-0.0028, 0.0035,-0.1731],0.4185
2601,[-0.908 ,-0.041 , 0.0722,-0.148 ],[-2.0282e-01,-6.8445e-01, 6.6712e+02, 1.4831e-01, 5.7455e-01],[-0.9085,-0.0459, 0.0748,-0.1573],0.4071
2602,[-0.9077, 0.0421,-0.0729,-0.1463],[ 1.0022e+00, 4.9181e+02,-7.9617e-01, 4.7644e-01,-5.8368e-01],[-0.9082, 0.0469,-0.0754,-0.1552],0.405
2603,[-0.8964,-0.0322, 0.1872,-0.1467],[-4.4427,-5.9074,-2.8712,-5.1672,-5.1707],[-0.8947,-0.0521, 0.2008,-0.156 ],0.2882
2604,[-0.8928, 0.0433,-0.1742,-0.1426],[-5.7195,-5.2214,-7.5207,-5.7011,-5.6935],[-0.8914, 0.0594,-0.1835,-0.1483],0.2796
2610,[-0.9048, 0.0691,-0.0429,-0.167 ],[3.0802e-01,2.4586e-01,1.3102e+03,1.3224e+00,8.6372e-01],[-0.9057, 0.0661,-0.0427,-0.1731],0.4003
2611,[-0.8971, 0.0756, 0.0727,-0.1655],[-12.1218,-12.9663,-11.085 ,-11.5282,-12.3771],[-0.8977, 0.0557, 0.0862,-0.1768],0.3512
2612,[-0.9074, 0.0768,-0.0869,-0.1606],[1.2299e+00,2.6591e+03,7.9799e-01,8.8028e-01,7.2819e-01],[-0.908 , 0.0784,-0.0842,-0.1675],0.3852
2614,[-0.9011, 0.1374,-0.1868,-0.1587],[ 2.9762, 3.9022,-3.7767,17.2127,-0.5603],[-0.9008, 0.144 ,-0.1876,-0.1615],0.2755
2616,[-0.878 , 0.1508,-0.2889,-0.1375],[-2.9749,-2.3946,-4.8563,-2.7703,-2.8495],[-0.8748, 0.1632,-0.2925,-0.1533],0.13
2620,[-0.9053,-0.0678, 0.0445,-0.1787],[1.8525e+00,2.1487e+03,5.1812e-01,1.3084e+00,3.6167e-01],[-0.9063,-0.0652, 0.044 ,-0.1899],0.4032
2621,[-0.9079,-0.0732, 0.0839,-0.1659],[1.8183e+00,5.1851e-01,3.7567e+03,1.6144e+00,2.6771e+00],[-0.9085,-0.0749, 0.0818,-0.1778],0.3902
2622,[-0.8914,-0.0659,-0.0638,-0.1313],[-10.3278,-10.0018,-11.6407,-10.477 , -9.8043],[-0.8919,-0.0496,-0.0709,-0.1344],0.3366
2623,[-0.9016,-0.1343, 0.195 ,-0.1794],[ 2.1175,-1.2437,75.759 , 1.0665,-0.3861],[-0.9011,-0.1424, 0.1974,-0.1887],0.2735
2625,[-0.9107,-0.146 , 0.3263,-0.1349],[-3.7856,-5.1093,-3.8765,-3.3623,-3.5562],[-0.9061,-0.166 , 0.3339,-0.1193],0.2153
2630,[-0.8903, 0.2014,-0.0269,-0.1521],[-12.4038,-13.196 ,-11.2832,-12.2686,-12.7112],[-0.8934, 0.1814,-0.0151,-0.1547],0.3036
2632,[-0.8973, 0.1899,-0.1291,-0.1652],[ 2.4244e-02,-4.5193e-01,-1.1547e+00, 5.2553e+01, 1.9819e-01],[-0.8994, 0.1823,-0.1121,-0.1569],0.2874
2634,[-0.8937, 0.2026,-0.2094,-0.1693],[ 1.0380e+00, 4.1049e+02,-1.3751e-01, 1.4365e+00, 9.2179e-01],[-0.8943, 0.2038,-0.2022,-0.1744],0.2181
2636,[-0.8903, 0.2308,-0.2914,-0.1705],[ 0.6556,64.0402,-1.1948, 2.1277,-1.0954],[-0.8892, 0.2372,-0.2902,-0.1746],0.1458
2640,[-0.8891,-0.1899, 0.0287,-0.1428],[ -9.6659, -8.7468,-10.7476, -9.9093,-10.0706],[-0.8919,-0.172 , 0.0199,-0.137 ],0.3038
2641,[-0.8962,-0.1946, 0.1266,-0.1738],[ 1.1279, 0.5625, 0.1833,81.0031, 1.2548],[-0.8984,-0.1859, 0.1072,-0.1633],0.2843
2643,[-0.8957,-0.2034, 0.2132,-0.1854],[7.2382e-01,1.2011e-01,7.3277e+02,1.4900e+00,6.5711e-01],[-0.8963,-0.205 , 0.2056,-0.1877],0.2232
2645,[-0.8989,-0.2229, 0.3236,-0.1362],[ 0.3202,-1.1131,-0.2211,84.9727, 0.7747],[-0.8962,-0.2326, 0.3232,-0.1329],0.1562
2650,[-0.889 , 0.2908,-0.0467,-0.1254],[-1.4857,-1.7323,-0.6268,-1.1627,-1.5824],[-0.8944, 0.2649,-0.0275,-0.1347],0.2683
2652,[-0.8902, 0.3348,-0.1176,-0.1514],[-4.1139,-5.1473,-2.5174,-4.1741,-4.8192],[-0.8966, 0.3146,-0.1024,-0.149 ],0.2199
2654,[-0.8813, 0.2938,-0.2381,-0.1748],[-0.3866, 0.9298,-1.166 , 1.2819,-1.2349],[-0.8839, 0.2897,-0.223 ,-0.1653],0.1358
2656,[-0.8846, 0.3302,-0.3407,-0.1301],[ 1.8338, 3.8301,-0.8586,24.9469, 0.4445],[-0.8847, 0.3317,-0.3352,-0.1266],0.0719
2661,[-0.8816,-0.3174, 0.1154,-0.1623],[-3.1795,-2.898 ,-4.4074,-3.1366,-3.9376],[-0.8874,-0.2995, 0.1028,-0.1632],0.1956
2663,[-0.8927,-0.3013, 0.2155,-0.1348],[ 2.8548,-0.4098, 1.71  ,16.7857, 0.0719],[-0.896 ,-0.2935, 0.1985,-0.1313],0.1853
2665,[-0.8958,-0.2788, 0.3451,-0.1347],[ 1.1479,-0.5748,65.8133, 3.187 , 0.0837],[-0.8939,-0.2845, 0.3435,-0.1185],0.1157
2674,[-0.8712, 0.4099,-0.1918,-0.1488],[-1.8095,-2.2648,-1.9679,-1.5675,-2.1538],[-0.8794, 0.3959,-0.1719,-0.1636],0.0979
2700,[-0.8933, 0.0017,-0.0063,-0.3065],[  1.9811, 20.0004,634.7199,  1.1495,  0.6388],[-0.8947, 0.003 ,-0.0117,-0.3129],0.3776
2701,[-0.896 ,-0.0307, 0.0747,-0.2947],[-119.7009,-120.7671,-119.3867,-119.3445,-120.0451],[-0.897 ,-0.0369, 0.0771,-0.2984],0.3602
2702,[-0.8935, 0.0315,-0.0747,-0.3217],[ -2.8772,228.2722, -2.9078, -1.6516, -3.288 ],[-0.8946, 0.0377,-0.0777,-0.3247],0.3498
2710,[-0.8922, 0.0695,-0.0416,-0.3071],[5.5889e-01,4.2102e-01,3.8068e+02,1.1781e+00,3.5523e-01],[-0.8938, 0.067 ,-0.042 ,-0.3076],0.349
2712,[-0.8973, 0.072 ,-0.0757,-0.3044],[1.3210e+00,6.7273e+02,6.5750e-01,2.6751e+00,5.1934e-01],[-0.8986, 0.073 ,-0.0732,-0.2995],0.3526
2720,[-0.8955,-0.0718, 0.0404,-0.2972],[7.4209e-01,5.5725e+02,1.1857e+00,1.4321e+00,2.0922e-01],[-0.897 ,-0.0687, 0.0405,-0.3024],0.3629
2721,[-0.8976,-0.0779, 0.0753,-0.2961],[2.2532e+00,1.7257e-01,3.9383e+02,8.1916e-01,4.7517e-01],[-0.899 ,-0.078 , 0.0714,-0.2987],0.3533
2723,[-0.8969,-0.1496, 0.2108,-0.2664],[ -0.4419, -0.9021,153.079 , -0.3185, -0.8994],[-0.8965,-0.1579, 0.2113,-0.269 ],0.2439
2732,[-0.8861, 0.1865,-0.129 ,-0.2636],[-1.063 , 0.7825,-2.3002, 0.8221,-2.2136],[-0.8884, 0.1809,-0.1189,-0.258 ],0.2425
2734,[-0.8907, 0.2185,-0.2277,-0.2573],[ 1.0559, 3.56  ,-0.2084,43.5301,-0.1167],[-0.8916, 0.2204,-0.219 ,-0.2545],0.1919
2736,[-0.8989, 0.2272,-0.2824,-0.258 ],[ 0.7104, 1.3049,-1.1257,13.719 ,-0.7971],[-0.898 , 0.2347,-0.2857,-0.2411],0.1775
2740,[-0.8867,-0.1791, 0.0463,-0.333 ],[-6.3927,-6.1044,-8.1092,-5.8382,-6.4238],[-0.8899,-0.1664, 0.0508,-0.3161],0.2841
2741,[-0.8894,-0.195 , 0.1237,-0.274 ],[-0.1403,-0.3221, 0.1408,10.0394,-0.3064],[-0.8922,-0.1865, 0.1016,-0.257 ],0.2631
2743,[-0.8983,-0.1931, 0.2229,-0.261 ],[ 8.7768e-01,-2.0028e-01, 1.9521e+00, 2.7238e+02, 2.0791e-01],[-0.8986,-0.1976, 0.2193,-0.2551],0.2283
2800,[-0.8933, 0.0125,-0.0163,-0.3922],[  1.5289,  2.9459,  4.0123,164.806 ,  0.7264],[-0.895 , 0.0136,-0.0195,-0.3862],0.3739
2801,[-0.8774,-0.037 , 0.0722,-0.416 ],[-0.4929,-1.943 ,55.0898, 0.7234,-1.6327],[-0.879 ,-0.0417, 0.0738,-0.4232],0.2855
2802,[-0.891 , 0.0407,-0.0766,-0.3949],[ 9.6442e-01, 2.2323e+02,-1.2320e-01, 9.6679e-01,-1.0489e-01],[-0.8925, 0.0461,-0.0784,-0.402 ],0.3364
2810,[-0.8891, 0.0663,-0.0429,-0.3858],[ 1.4467,-0.0874, 5.3653,48.1586, 0.4174],[-0.891 , 0.0641,-0.0414,-0.3794],0.3382
2812,[-0.8954, 0.0662,-0.0849,-0.4012],[  1.0879,  4.2431,  0.6875,227.4573,  0.3471],[-0.8969, 0.0695,-0.0844,-0.3918],0.3419
2820,[-0.8904,-0.0726, 0.0463,-0.3838],[ 0.0245, 7.7701,-0.1579, 8.4998,-0.1834],[-0.8923,-0.0704, 0.0465,-0.3792],0.3397
2821,[-0.8885,-0.0719, 0.0848,-0.4039],[  1.0481,  1.1706,  2.2885,146.3709,  0.455 ],[-0.89  ,-0.0747, 0.0863,-0.3949],0.3103
2841,[-0.8736,-0.2203, 0.1307,-0.3851],[0.4705,0.2727,0.4038,8.5277,0.5363],[-0.8774,-0.2113, 0.1048,-0.3766],0.196
2900,[-0.9036,-0.05  , 0.004 ,-0.5089],[-2.4494e-01, 3.3758e+00, 1.1514e+00, 1.6839e+03,-2.5997e-02],[-0.9059,-0.0418,-0.013 ,-0.4907],0.4267
2920,[-0.8973,-0.062 , 0.0349,-0.5379],[  0.9317, -5.614 , -8.3971, 54.5331,-10.0622],[-0.8998,-0.0579, 0.0236,-0.5304],0.3868
2921,[-0.8817,-0.0633, 0.0663,-0.5209],[9.3049e-01,8.0602e-01,5.8685e+02,2.3936e+00,1.9893e-02],[-0.884 ,-0.0645, 0.0643,-0.5248],0.2992
3341,[-0.8599,-0.1924, 0.1443, 0.1254],[-0.73  ,-1.691 ,-2.5861,-2.9951,-1.1205],[-0.8606,-0.1872, 0.1318, 0.1104],0.1387
3354,[-0.8516, 0.3728,-0.2209, 0.1442],[ 0.8828, 1.4999, 0.3455, 0.4821,18.2667],[-0.8563, 0.3632,-0.2117, 0.1393],0.0306
3374,[-0.8556, 0.4087,-0.2414, 0.1353],[ 0.8902, 0.255 ,31.3939, 0.6177, 0.7553],[-0.8613, 0.3987,-0.2276, 0.1477],0.0241
3381,[-0.8624,-0.3894, 0.1661, 0.1343],[-0.6344,-0.2188,-2.35  ,-1.5356,-1.2538],[-0.869 ,-0.3743, 0.1565, 0.1209],0.0821
3383,[-0.8443,-0.4226, 0.1896, 0.1486],[ 2.4306, 0.9996,-0.9474,-0.2043, 3.322 ],[-0.8517,-0.4098, 0.1803, 0.1485],0.0131
3400,[-0.8593, 0.0018,-0.0227, 0.0209],[ 1.6984, 2.0226, 2.8779,-0.6367,12.0651],[-0.8592, 0.0035,-0.021 , 0.0118],0.2308
3402,[-0.8608, 0.013 ,-0.0787, 0.0158],[-0.4517, 3.7882,-1.6412,-1.2011, 4.624 ],[-0.8604, 0.0188,-0.0788, 0.0136],0.2177
3404,[-0.8631, 0.0427,-0.1713, 0.0149],[-0.7303, 2.4405,-2.6165,-0.5723,-0.018 ],[-8.6140e-01, 5.3990e-02,-1.7384e-01,-2.6338e-04],0.1759
3410,[-0.8573, 0.0994,-0.0105, 0.0258],[-1.2036,-2.6012,-0.282 ,-2.8618,-0.3659],[-0.8578, 0.091 ,-0.0039, 0.0217],0.2082
3411,[-0.8648, 0.0831, 0.066 , 0.016 ],[-1.1948,-4.174 ,-0.9113,-2.2664,-0.872 ],[-0.8648, 0.0685, 0.0751, 0.01  ],0.2203
3412,[-0.861 , 0.1026,-0.0937, 0.011 ],[ 1.1366, 6.0446,-0.4096,-0.4301, 5.9769],[-8.6104e-01, 1.0182e-01,-9.2241e-02, 2.7645e-04],0.1879
3414,[-0.8631, 0.1397,-0.2101, 0.0226],[-0.0392, 3.2876,-1.3728,-0.7281, 2.8969],[-0.8616, 0.1453,-0.2117, 0.013 ],0.1272
3420,[-0.8606,-0.1111, 0.0109, 0.0293],[-2.7376,-1.5063,-3.2857,-3.7706,-1.3977],[-0.8613,-0.1015, 0.0039, 0.0241],0.2127
3421,[-0.8626,-0.135 , 0.1047, 0.0157],[ 1.1941,-1.3442, 2.1971,-1.1408, 3.0206],[-0.8631,-0.1319, 0.0991, 0.0056],0.1806
3423,[-0.8642,-0.1335, 0.2268, 0.0121],[ 1.4745,-1.7286, 4.6299,-0.4838, 0.8431],[-0.8621,-0.1406, 0.2252, 0.0044],0.1258
3430,[-0.8651, 0.1721,-0.0545, 0.0156],[-3.6944,-5.1641,-2.461 ,-4.0194,-3.0448],[-8.6681e-01, 1.6071e-01,-4.3070e-02, 7.8125e-05],0.2039
3432,[-0.8478, 0.2307,-0.1105, 0.0167],[-1.0142,-2.8738,-2.4956,-3.3388,-1.8017],[-0.8504, 0.2213,-0.102 , 0.003 ],0.1059
3434,[-0.8505, 0.2515,-0.2261, 0.0212],[ 0.2558, 6.7741,-1.7578,-0.818 , 7.9093],[-0.8512, 0.2496,-0.2232, 0.0127],0.0541
3436,[-0.8647, 0.2406,-0.3062, 0.004 ],[-0.4812,24.2646,-0.843 ,-0.2943,-0.3892],[-0.8631, 0.2441,-0.2954,-0.006 ],0.0617
3440,[-0.8549,-0.2182, 0.0272, 0.0234],[-2.9197,-1.8924,-4.5553,-3.4347,-2.5463],[-0.8577,-0.2016, 0.0152, 0.0195],0.1661
3441,[-0.8517,-0.2261, 0.1229, 0.0409],[-0.8759,-1.5053,-2.2754,-2.5561,-0.6562],[-0.8539,-0.2175, 0.1122, 0.0331],0.1147
3443,[-0.8587,-0.2296, 0.1941, 0.0416],[-0.7814,-2.246 , 1.3092,-1.7195, 0.683 ],[-0.8595,-0.2264, 0.1878, 0.0546],0.0991
3452,[-0.8537, 0.3226,-0.1408, 0.0221],[-0.4144,-2.0724, 0.8022,-1.2387, 4.0661],[-0.8587, 0.3095,-0.1293, 0.0166],0.0881
3454,[-0.8522, 0.3372,-0.2134, 0.0267],[ 2.932 , 2.5406, 0.8626, 1.463 ,32.8807],[-0.8561, 0.3293,-0.2055, 0.0227],0.0449
3456,[-0.8456, 0.3401,-0.2946, 0.0487],[ 0.7811,11.3455,-1.6691, 2.2112, 2.8043],[-0.8472, 0.3372,-0.2888, 0.0619],-0.0118
3460,[-0.8397,-0.2923, 0.0502, 0.0554],[-1.3188, 1.4261,-3.1472,-0.9185,-1.6901],[-0.8446,-0.2745, 0.0364, 0.0401],0.0922
3461,[-0.8543,-0.3428, 0.1309, 0.034 ],[-1.4067, 0.1419,-2.8241,-2.5712,-0.8037],[-0.8601,-0.3277, 0.1176, 0.0397],0.0898
3463,[-0.8555,-0.3606, 0.2149, 0.0407],[1.1411,0.4512,7.8388,0.2015,6.123 ],[-0.8602,-0.3513, 0.2048, 0.046 ],0.0483
3465,[-0.8454,-0.3724, 0.3173, 0.0218],[ 0.6135,-0.7669,11.0705, 0.7863, 5.5479],[-0.8475,-0.3697, 0.3124, 0.0161],-0.0307
3472,[-0.8443, 0.4127,-0.1416, 0.0467],[-0.8961,-2.3507, 5.0421,-0.9727,-1.5516],[-0.8526, 0.3967,-0.128 , 0.0527],0.0398
3474,[-0.8454, 0.436 ,-0.2268, 0.0502],[ 0.2846, 0.455 ,23.6028, 0.8323, 3.2746],[-0.8528, 0.4259,-0.2183, 0.0591],-0.0035
3476,[-0.8497, 0.4351,-0.3084, 0.0411],[1.9441,4.2037,0.0698,6.1774,0.9946],[-0.8546, 0.4299,-0.3024, 0.053 ],-0.0317
3481,[-0.8536,-0.4141, 0.1528, 0.0377],[-2.0899,-1.8703,-4.0595,-2.8548,-2.0696],[-0.8618,-0.3981, 0.1404, 0.0444],0.059
3483,[-0.8486,-0.4284, 0.2229, 0.0346],[ 1.7436,16.6859,-0.1545, 0.4698, 0.5215],[-0.8558,-0.4181, 0.2154, 0.0454],0.0076
3485,[-0.8484,-0.4529, 0.3264, 0.0456],[ 1.3339,-0.5561,10.6953, 0.9798, 1.5937],[-0.8535,-0.4483, 0.3197, 0.0562],-0.0478
3487,[-0.8533,-0.4779, 0.4057, 0.0452],[ 0.3429,-0.8648,20.126 , 0.4542, 0.1119],[-0.8564,-0.476 , 0.4005, 0.0593],-0.0818
3493,[-0.8482,-0.526 , 0.2523, 0.0393],[-20.3649,-20.8539,-19.771 ,-19.9503,-20.9259],[-0.8588,-0.5168, 0.2437, 0.0506],-0.0326
3494,[-0.8444, 0.5126,-0.2313, 0.0177],[-13.5039,-13.3176,-13.4024,-13.2485,-13.7254],[-0.8551, 0.502 ,-0.2199, 0.0321],-0.0275
3495,[-0.8334,-0.5355, 0.2791, 0.0234],[-8.5725,-6.1479,-7.832 ,-6.1832,-8.6094],[-0.8437,-0.5289, 0.2725, 0.0386],-0.0813
3500,[-0.8566, 0.0118, 0.0011,-0.057 ],[ 0.3589,-1.0321,-0.269 ,-1.746 , 1.2848],[-0.8569, 0.0106, 0.002 ,-0.0703],0.2271
3501,[-0.8637,-0.0142, 0.0847,-0.0598],[-6.2341,-8.2469,-5.2431,-7.4805,-5.6033],[-0.8635,-0.021 , 0.0871,-0.0722],0.2274
3502,[-0.8594, 0.0204,-0.0833,-0.0473],[-0.2806, 5.2965,-1.2081, 0.5949, 0.0978],[-0.8593, 0.0262,-0.0846,-0.0545],0.2113
3503,[-0.8642,-0.0413, 0.1853,-0.0427],[-1.7607,-3.3561, 0.908 ,-1.0804, 0.5025],[-0.8623,-0.0545, 0.1921,-0.0563],0.1718
3510,[-0.8587, 0.1019,-0.0159,-0.0496],[-10.5635,-11.2134, -9.1977,-11.4858, -9.4262],[-0.8597, 0.0938,-0.0094,-0.0589],0.2123
3512,[-0.855 , 0.1184,-0.1103,-0.0515],[-1.2092,-0.0664,-2.9632,-2.7125, 0.4935],[-0.8555, 0.1175,-0.1048,-0.0635],0.159
3514,[-0.861 , 0.1368,-0.199 ,-0.0354],[ 1.6981,27.6016,-1.2862,-0.7373, 0.2064],[-0.86  , 0.1417,-0.1961,-0.043 ],0.1295
3520,[-0.857 ,-0.1035, 0.0148,-0.0565],[-6.1037,-5.4671,-7.4848,-7.4678,-5.7319],[-0.8579,-0.0953, 0.0084,-0.0667],0.2045
3521,[-0.8562,-0.1164, 0.1017,-0.0541],[-4.0735,-5.8399,-2.3542,-5.7638,-3.2598],[-0.8567,-0.115 , 0.097 ,-0.0659],0.1667
3522,[-0.8649,-0.0777,-0.0601,-0.0487],[-2.0485,-0.4342,-4.1302,-2.9466,-2.4297],[-0.8653,-0.0643,-0.0655,-0.0589],0.2272
3523,[-0.8603,-0.138 , 0.209 ,-0.0608],[ 1.0728,-0.9366,20.2822,-0.5754, 0.0496],[-0.8592,-0.1437, 0.2068,-0.0722],0.1224
3525,[-0.8586,-0.1405, 0.296 ,-0.0895],[-0.9892,-2.3913, 5.2967, 1.817 , 0.7282],[-0.8546,-0.1525, 0.3037,-0.1033],0.0695
3530,[-0.8548, 0.193 ,-0.0378,-0.0595],[-7.8506,-9.9058,-7.0908,-8.8411,-8.0474],[-0.8574, 0.1794,-0.0275,-0.0726],0.1699
3532,[-0.8506, 0.2162,-0.1075,-0.0363],[ 1.779 ,-0.3457, 0.2831, 0.392 , 5.5882],[-0.853 , 0.2074,-0.0985,-0.0474],0.1206
3534,[-0.8514, 0.2184,-0.2051,-0.0275],[-1.2318e-01, 3.3961e+01,-7.5756e-03,-1.4658e-01, 8.6542e-01],[-0.852 , 0.2172,-0.1983,-0.0328],0.0776
3536,[-0.8637, 0.2556,-0.2963,-0.0386],[-0.0943,39.5889,-1.3154, 0.7546, 0.2856],[-0.8629, 0.2579,-0.2868,-0.0484],0.0591
3540,[-0.8549,-0.204 , 0.0323,-0.0386],[-5.0229,-3.6058,-6.997 ,-6.395 ,-4.8293],[-0.8576,-0.1889, 0.0205,-0.0503],0.1693
3541,[-0.8508,-0.2151, 0.1127,-0.0358],[ 1.4011, 1.2036, 0.7869, 1.0362,11.797 ],[-0.8532,-0.2069, 0.1045,-0.0483],0.119
3543,[-0.8548,-0.2106, 0.1902,-0.0196],[ 1.1169,-0.2022,39.1144, 0.6084, 0.8451],[-0.8555,-0.2091, 0.1857,-0.022 ],0.095
3545,[-0.854 ,-0.2445, 0.3143,-0.0969],[-0.0986,-0.8763,52.1707,-0.583 , 1.7986],[-0.8522,-0.2489, 0.3108,-0.1057],0.0258
3550,[-0.8623, 0.3074,-0.0531,-0.0894],[-3.1145,-5.1701,-0.8552,-3.3993,-2.8829],[-0.8682, 0.2864,-0.0392,-0.0873],0.1606
3552,[-0.8501, 0.3289,-0.1297,-0.0348],[-0.0734,-1.4238,25.4041,-0.373 , 0.6511],[-0.8558, 0.3151,-0.1192,-0.0405],0.0816
3554,[-0.849 , 0.3471,-0.2159,-0.022 ],[ 1.6139, 3.8937, 0.8989,33.2606, 2.8427],[-0.8534, 0.3394,-0.2079,-0.0176],0.0332
3556,[-0.8443, 0.3625,-0.3079,-0.0255],[ 1.0479e+00, 4.3842e+01,-5.5052e-01,-2.1098e-02, 9.3780e-01],[-0.8465, 0.3601,-0.3024,-0.0293],-0.0259
3558,[-0.8643, 0.3818,-0.3981, 0.    ],[-2.0057e-01, 4.5591e+01,-1.7475e+00, 2.5738e+00, 1.2876e-02],[-0.8637, 0.3823,-0.3962, 0.    ],-0.0286
3561,[-0.8483,-0.3183, 0.1297,-0.0174],[-0.3276, 8.5827,-1.7537,-1.1557, 0.2254],[-0.8535,-0.3051, 0.1179,-0.0186],0.0791
3563,[-0.8488,-0.3445, 0.2188,-0.0169],[ 2.5114, 0.106 ,26.4332, 3.3183, 4.0661],[-0.853 ,-0.337 , 0.2093,-0.018 ],0.0327
3565,[-0.8544,-0.3673, 0.3087,-0.0114],[ 0.1549,-0.3207,25.6878, 0.338 , 0.2466],[-0.8567,-0.3644, 0.3028,-0.0142],-0.003
3572,[-0.8454, 0.4169,-0.1441,-0.0273],[-1.0288,-2.2328, 1.1484,-1.5892,-1.3943],[-0.8542, 0.4012,-0.1316,-0.0309],0.0407
3574,[-0.8449, 0.4276,-0.2239,-0.0133],[ 1.3602,-0.3372,25.1272, 1.3198, 1.4363],[-0.8522, 0.4179,-0.2159,-0.016 ],-0.0012
3576,[-8.4113e-01, 4.2431e-01,-3.1040e-01,-2.7902e-04],[ 1.3593,16.6528,-0.3063, 1.3697, 0.171 ],[-0.8457, 0.4202,-0.305 , 0.0014],-0.0498
3581,[-0.8457,-0.4199, 0.149 ,-0.0395],[-4.6374,-4.2505,-6.2359,-4.9671,-5.6032],[-0.8546,-0.4046, 0.1376,-0.0392],0.0386
3583,[-0.839 ,-0.4314, 0.2217,-0.0134],[ 0.5582, 2.2337,-0.3033,23.7743,-0.4011],[-0.8466,-0.4219, 0.2138,-0.0081],-0.0158
3585,[-0.8437,-0.4344, 0.3138,-0.0028],[ 2.6655,-0.5717,12.7752, 3.2194, 1.0031],[-0.8486,-0.4302, 0.3086,-0.0024],-0.0481
3587,[-0.843 ,-0.4827, 0.4164, 0.    ],[ 0.2851,-1.1472, 4.3397, 8.2275,-0.7294],[-0.8458,-0.4817, 0.4149, 0.0078],-0.1107
3593,[-0.8413,-0.5183, 0.2535,-0.0188],[-17.222 ,-16.669 ,-18.1191,-16.7283,-16.9749],[-0.8518,-0.5098, 0.2453,-0.013 ],-0.0464
3594,[-0.8395, 0.512 ,-0.2563,-0.0045],[-12.0107,-13.2773,-13.3227,-13.6617,-13.4592],[-0.8496, 0.5038,-0.2489, 0.0021],-0.0511
3595,[-0.8419,-0.5268, 0.2938,-0.034 ],[-7.1305,-6.504 ,-6.1765,-4.7791,-7.7417],[-0.8515,-0.5211, 0.287 ,-0.0283],-0.066
3596,[-0.8428, 0.5033,-0.2891, 0.    ],[-9.9673,-8.4714,-8.6659,-8.5441,-9.4497],[-0.8515, 0.4971,-0.2832,-0.0052],-0.0572
3600,[-8.5738e-01, 1.7393e-03,-5.1653e-04,-1.8257e-01],[ 1.1355, 2.1671, 6.1167,-0.1437, 6.5466],[-0.8583, 0.0018,-0.0021,-0.1983],0.2327
3601,[-0.8607,-0.0292, 0.0806,-0.1756],[-29.5082,-31.041 ,-28.8622,-30.4918,-29.5885],[-0.8611,-0.0342, 0.0808,-0.1851],0.2175
3602,[-0.8578, 0.0127,-0.0801,-0.1798],[-0.612 , 2.4721,-1.7857,-1.7601, 2.0294],[-0.8583, 0.0192,-0.0813,-0.1919],0.2099
3603,[-0.865 ,-0.041 , 0.1748,-0.1956],[-5.274 ,-6.7245,-3.6899,-5.1189,-4.9599],[-0.864 ,-0.054 , 0.179 ,-0.2072],0.1826
3610,[-0.8586, 0.0902,-0.0223,-0.181 ],[-27.3744,-28.4586,-26.9449,-28.9115,-27.6124],[-0.8599, 0.0841,-0.0189,-0.1922],0.216
3612,[-0.858 , 0.1154,-0.096 ,-0.1762],[ 0.6601,10.3618,-0.3043, 0.2609,10.2046],[-0.8592, 0.1135,-0.0883,-0.1915],0.1788
3614,[-0.8615, 0.1317,-0.1954,-0.1653],[ 1.7167,12.6798,-2.0156,-0.1378,-0.2803],[-0.8611, 0.1374,-0.1904,-0.1747],0.1368
3620,[-0.8588,-0.0995, 0.0206,-0.1716],[-17.7588,-17.1673,-19.3338,-18.9413,-17.3084],[-0.8602,-0.0923, 0.0164,-0.1837],0.2125
3621,[-0.8612,-0.1147, 0.097 ,-0.1795],[-12.9736,-15.0209,-12.9262,-14.0757,-12.2455],[-0.8624,-0.1132, 0.0903,-0.1938],0.1888
3622,[-0.8624,-0.0662,-0.0601,-0.1716],[-6.8746,-5.2287,-8.0044,-7.1976,-6.4334],[-0.8632,-0.0536,-0.0683,-0.1872],0.223
3623,[-0.8594,-0.1263, 0.1861,-0.1826],[-0.3794,-1.139 , 4.2591,-0.6867, 0.4869],[-0.8592,-0.1317, 0.1824,-0.1922],0.1361
3630,[-0.8629, 0.1868,-0.0391,-0.1694],[ -9.6078,-11.0705, -7.7161,-10.3847, -9.1013],[-0.8658, 0.1734,-0.0302,-0.1795],0.2003
3632,[-0.8514, 0.1992,-0.1027,-0.1645],[ 5.3647, 0.1444, 1.3682, 0.7905,94.3764],[-0.854 , 0.1914,-0.0928,-0.1793],0.1318
3634,[-0.8562, 0.1994,-0.2004,-0.1553],[ 0.5697,57.4487,-0.1811, 1.3942, 0.6341],[-0.8571, 0.1995,-0.188 ,-0.1652],0.1027
3636,[-0.8639, 0.2059,-0.2874,-0.2153],[-0.2942,24.0139,-1.1008, 1.4935, 0.1401],[-0.8625, 0.2128,-0.2819,-0.2273],0.0773
3640,[-0.8579,-0.1929, 0.0416,-0.1779],[-7.6733,-5.9613,-9.9234,-8.3299,-8.1337],[-0.861 ,-0.1797, 0.033 ,-0.193 ],0.1806
3641,[-0.8533,-0.2009, 0.1009,-0.1724],[ 2.1545, 1.6889, 0.4507, 0.616 ,39.0427],[-0.856 ,-0.1931, 0.0944,-0.1866],0.1366
3643,[-0.8573,-0.1919, 0.2234,-0.1648],[ 0.5252,-1.0443,24.4767, 2.283 ,10.6756],[-0.8573,-0.1948, 0.2185,-0.1757],0.0931
3645,[-0.8355,-0.201 , 0.3135,-0.136 ],[ 0.0521,-1.3404, 3.8922, 9.6697,-0.552 ],[-0.8326,-0.2081, 0.3119,-0.1354],-0.0106
3654,[-0.8519, 0.3135,-0.244 ,-0.139 ],[ 2.1824, 7.5028,-0.1846, 2.8097, 1.0485],[-0.8548, 0.3098,-0.2342,-0.1307],0.0379
3656,[-0.8591, 0.3067,-0.2985,-0.136 ],[ 0.4608,12.4927,-0.8731, 2.0326,-0.4501],[-0.8601, 0.3071,-0.2915,-0.1406],0.0318
3661,[-0.8484,-0.3341, 0.1311,-0.1796],[-1.4673, 8.6085,-2.6874,-0.8606,-0.4627],[-0.8548,-0.3213, 0.1247,-0.1862],0.0744
3663,[-0.8509,-0.3341, 0.2171,-0.1493],[ 1.0312,-0.0501,10.8901, 2.7179, 1.5856],[-0.8555,-0.3273, 0.2016,-0.1546],0.0457
3665,[-0.8602,-0.2895, 0.314 ,-0.1406],[ 0.0941,-0.6912,38.9013,-0.1013,-0.3233],[-0.8602,-0.2913, 0.3002,-0.1484],0.0341
3674,[-0.8589, 0.4272,-0.2065,-0.1285],[-0.1509,-0.3142,-0.0791, 1.8842,-0.5226],[-0.8671, 0.4163,-0.2015,-0.1423],0.0423
3700,[-0.8572, 0.0031, 0.002 ,-0.3047],[ 1.5832,81.5976, 2.1395, 1.0677, 1.081 ],[-0.8586, 0.0022, 0.0063,-0.3187],0.2333
3701,[-0.8626,-0.0212, 0.0653,-0.334 ],[-0.8173,-2.0889,18.6114,-1.2094, 0.7405],[-0.8639,-0.0264, 0.0706,-0.3462],0.2344
3702,[-0.8587, 0.0244,-0.0847,-0.2844],[-1.1524,-0.6028,-4.1786,-2.7923,-1.8713],[-0.8596, 0.0307,-0.0869,-0.2969],0.2116
3710,[-0.8548, 0.0943,-0.0343,-0.3061],[ 1.8947,-1.0236,15.5136,-0.3767,14.1296],[-0.8568, 0.0892,-0.0318,-0.3199],0.2011
3712,[-0.8601, 0.0959,-0.083 ,-0.3026],[  2.6616,162.5752,  0.7664,  0.6714,  1.3337],[-0.8617, 0.0947,-0.0747,-0.3165],0.1995
3720,[-0.8625,-0.0878, 0.0385,-0.2846],[ 2.396 ,10.5748,-0.9425,-1.2253,42.7545],[-0.8643,-0.0838, 0.0396,-0.2998],0.2262
3721,[-0.8623,-0.1066, 0.1032,-0.2895],[ 3.2737,-1.0738,29.5997,-0.4932, 0.7866],[-0.8637,-0.1067, 0.0971,-0.3041],0.193
3723,[-0.8585,-0.1218, 0.1857,-0.2621],[ 0.0138,-2.1192, 6.4476, 1.7912, 0.8132],[-0.8584,-0.1279, 0.181 ,-0.2565],0.1358
3732,[-0.8543, 0.1759,-0.0697,-0.2621],[ 1.4566, 8.4622,73.4031, 2.5589, 1.5297],[-0.8571, 0.1677,-0.0695,-0.2786],0.1584
3734,[-0.8627, 0.2309,-0.2275,-0.2609],[ 0.681 ,34.1876,-1.4749,10.1481, 0.6581],[-0.8639, 0.2316,-0.2188,-0.256 ],0.0986
3741,[-0.8469,-0.186 , 0.1141,-0.2574],[ 1.7106, 3.3233, 4.8313, 0.8808,82.9096],[-0.8492,-0.1816, 0.1179,-0.2405],0.1101
3743,[-0.8586,-0.23  , 0.2315,-0.3195],[ 1.0075e+00,-5.2589e-03, 2.3967e+01, 6.5643e-01, 6.7600e-01],[-0.86  ,-0.231 , 0.2199,-0.3323],0.0872
3800,[-0.8553, 0.0175,-0.0069,-0.4032],[  3.1686,613.3456,  6.1629,  1.9272,  1.139 ],[-0.8571, 0.0161,-0.0011,-0.4118],0.2214
3801,[-0.8627,-0.0269, 0.0721,-0.4234],[ 5.3742e-01,-8.2883e-01, 5.1516e+02, 3.8820e-01, 4.8554e-01],[-0.8643,-0.0319, 0.072 ,-0.4318],0.234
3810,[-0.8581, 0.0691,-0.0402,-0.3979],[ 1.9431e+00,-4.3760e-02, 5.1502e+02, 4.1824e+00, 2.8385e-01],[-0.8601, 0.0676,-0.0454,-0.4075],0.2152
3812,[-0.864 , 0.0729,-0.0979,-0.4158],[1.3858e+00,3.5984e+02,1.7626e+00,1.3340e+00,2.7149e-01],[-0.8656, 0.0761,-0.0964,-0.4267],0.2117
4452,[-0.8154, 0.3071,-0.1349, 0.0302],[-0.3168,-0.853 ,17.7348,-1.1855, 1.2361],[-0.8199, 0.2969,-0.1256, 0.0443],-0.0109
4454,[-0.8025, 0.3627,-0.2434, 0.0189],[ 0.3389, 1.0112, 0.1357, 0.4839,13.3412],[-0.8066, 0.3575,-0.2374, 0.0146],-0.0919
4461,[-0.8164,-0.3292, 0.1374, 0.0179],[-0.1386,13.1611,-1.0138,-0.1288, 0.0536],[-0.8217,-0.3183, 0.1269, 0.0179],-0.0137
4463,[-0.7998,-0.3368, 0.1844, 0.0192],[ 9.0387e-01, 3.0559e-03, 1.3288e+00,-5.3870e-02, 1.6520e+01],[-0.8045,-0.3293, 0.1763, 0.0188],-0.0708
4472,[-0.8131, 0.4481,-0.1589, 0.0482],[-1.6084,-2.3735, 0.5155,-1.3153, 4.508 ],[-0.8227, 0.4356,-0.1508, 0.0332],-0.0556
4474,[-0.804 , 0.4605,-0.2253, 0.0335],[ 0.9118, 0.7473,22.8611, 0.7931, 2.2021],[-0.8126, 0.4523,-0.2177, 0.0388],-0.1018
4476,[-0.8098, 0.4255,-0.3029, 0.0454],[0.6925,8.2233,0.3038,0.6096,1.2851],[-0.8145, 0.4212,-0.2969, 0.0589],-0.1129
4483,[-0.8027,-0.4559, 0.2265, 0.0323],[1.4498,2.4557,2.0068,0.6151,8.7351],[-0.8111,-0.4478, 0.2191, 0.0339],-0.1038
4485,[-0.8024,-0.4556, 0.3003, 0.0184],[ 0.206 ,-0.2799, 3.5503, 0.5399, 7.0708],[-0.8086,-0.4514, 0.2953, 0.012 ],-0.132
4493,[-0.7959,-0.5118, 0.2213, 0.0169],[-20.1821,-19.4725,-19.3082,-20.167 ,-20.9809],[-0.8069,-0.5035, 0.2142, 0.0314],-0.1267
4494,[-0.7971, 0.5023,-0.2547, 0.0206],[-12.7298,-12.8958,-13.3659,-12.6796,-13.0203],[-0.8067, 0.4956,-0.2469, 0.0352],-0.1347
4495,[-0.815 ,-0.5486, 0.2835, 0.0156],[-14.607 ,-14.7969,-14.8177,-15.8338,-16.4842],[-0.8257,-0.543 , 0.278 , 0.0312],-0.1238
4496,[-0.7954, 0.5309,-0.2947, 0.022 ],[-10.5969, -9.053 ,-10.2154, -9.8762,-11.7954],[-0.805 , 0.5263,-0.2895, 0.0136],-0.1587
4500,[-0.82  ,-0.0406, 0.0191,-0.0491],[ 2.3601, 0.2815,-0.0829,-0.461 , 4.663 ],[-0.8203,-0.039 , 0.0175,-0.0632],0.1037
4512,[-0.8149, 0.1639,-0.0915,-0.1228],[ 0.0298, 0.683 ,-2.0018,-1.7418, 0.4548],[-0.8167, 0.1591,-0.0868,-0.1391],0.035
4532,[-0.8086, 0.1949,-0.1157,-0.0477],[-1.7851,-2.1963,-2.3853,-4.3951,-1.7114],[-0.8105, 0.19  ,-0.1113,-0.0613],0.0023
4534,[-0.8136, 0.2459,-0.2123,-0.036 ],[ 0.9942, 1.6591,-2.2314,-1.4615, 2.7533],[-0.8148, 0.2439,-0.2061,-0.0463],-0.0314
4541,[-0.8181,-0.2705, 0.1042, 0.    ],[ 0.4495, 0.2327, 0.1074,-0.3787, 2.3883],[-0.822 ,-0.2599, 0.0942, 0.    ],0.0156
4543,[-0.8201,-0.2412, 0.2366,-0.0995],[ 0.1528,-1.3417, 4.7802,-0.35  , 1.6529],[-0.821 ,-0.2405, 0.2198,-0.1086],-0.0201
4545,[-0.8202,-0.2374, 0.2839,-0.1146],[-0.2828,-0.7705,34.3803, 0.1746, 0.578 ],[-0.8195,-0.2398, 0.2729,-0.0995],-0.04
4552,[-0.8102, 0.3343,-0.1383,-0.0191],[ 0.6699,-1.1031,29.9967,-1.2286, 0.7961],[-0.8159, 0.3237,-0.1289,-0.0247],-0.0292
4554,[-0.8071, 0.3526,-0.221 ,-0.0336],[ 1.3115,23.9889,-0.2381, 1.2015, 3.9386],[-0.8117, 0.3466,-0.2138,-0.0358],-0.0709
4556,[-0.8214, 0.3619,-0.3063, 0.    ],[ 0.4254,13.6155,-1.2851, 0.8706, 0.3332],[-0.8235, 0.3598,-0.3042,-0.0078],-0.0784
4561,[-0.8102,-0.3257, 0.1325,-0.0259],[-0.2473,27.0336,-1.6019,-0.8669, 0.7459],[-0.8157,-0.3151, 0.1227,-0.0329],-0.0251
4563,[-0.8134,-0.3599, 0.2188,-0.0174],[ 0.1704, 0.8891,23.5406, 0.6151, 1.8883],[-0.8182,-0.3534, 0.2126,-0.0223],-0.059
4565,[-0.8123,-0.3802, 0.2948, 0.    ],[ 2.6507,-2.0389, 6.8822, 0.2961, 0.1781],[-0.8156,-0.3769, 0.2891, 0.    ],-0.0952
4572,[-0.8086, 0.4305,-0.1467,-0.0209],[-0.4012,-2.8836, 1.4531,-1.3077, 4.1762],[-0.8179, 0.4179,-0.1374,-0.0265],-0.0559
4574,[-0.8036, 0.4439,-0.2146,-0.0086],[ 0.9305, 0.3514,28.6863, 1.0471, 1.3444],[-0.8119, 0.4355,-0.2072,-0.012 ],-0.0949
4576,[-0.8075, 0.4557,-0.2951, 0.    ],[ 0.8201, 8.11  ,-0.4682, 1.4722, 0.5132],[-0.8139, 0.4511,-0.2901, 0.0024],-0.1209
4581,[-0.8056,-0.4177, 0.1544,-0.0168],[-0.6124,-0.2124,-3.0446,-1.1029,-0.2579],[-0.8142,-0.406 , 0.1446,-0.0226],-0.0623
4583,[-0.8051,-0.4455, 0.2262,-0.0129],[ 1.0905,37.8126, 0.201 , 1.0265, 0.9936],[-0.8132,-0.4378, 0.2198,-0.0175],-0.0967
4585,[-0.8037,-0.4633, 0.2951,-0.0012],[ 1.46  ,-0.3325,16.0044, 0.8271, 0.7914],[-0.8104,-0.4589, 0.2899,-0.0012],-0.1296
4593,[-0.8009,-0.5191, 0.2505,-0.0085],[-18.8826,-19.0179,-18.7081,-19.216 ,-18.7404],[-0.8115,-0.5123, 0.2438,-0.0015],-0.1295
4594,[-0.7984, 0.5107,-0.239 ,-0.0011],[-12.9819,-12.7   ,-12.7535,-13.1631,-13.3001],[-0.809 , 0.5034,-0.2319,-0.0022],-0.128
4595,[-0.8051,-0.542 , 0.3053,-0.0325],[-1.1176,-1.8711, 0.4266,36.6052,-2.1642],[-0.815 ,-0.5381, 0.3007,-0.0357],-0.1482
4596,[-0.8008, 0.5191,-0.2839,-0.0056],[-7.8391,-8.1819,-7.9768,-7.6927,-7.4945],[-0.8104, 0.514 ,-0.2784,-0.004 ],-0.1412
4612,[-0.8194, 0.1521,-0.0818,-0.1636],[-1.54  ,-1.0806,-3.0091,-2.8091,-0.903 ],[-0.8213, 0.1475,-0.0792,-0.1801],0.0534
4645,[-0.8221,-0.2325, 0.2977,-0.1387],[ 0.879 ,-1.3683, 8.4862,-0.8749,-0.439 ],[-0.8207,-0.236 , 0.2891,-0.1223],-0.041
4661,[-0.8108,-0.3688, 0.1359,-0.1701],[-0.9703,30.5581,-1.7342,-0.093 ,-0.6181],[-0.8184,-0.3575, 0.1299,-0.1807],-0.0345
4681,[-0.7906,-0.3948, 0.1519,-0.1413],[-3.1255,-2.4973,-3.9658,-3.6274,-3.1809],[-0.7989,-0.3849, 0.1454,-0.1533],-0.0898
5474,[-0.7703, 0.4763,-0.2311, 0.0375],[ 2.2466,-0.2283, 0.8401, 0.4645,27.6443],[-0.7794, 0.4694,-0.2246, 0.0441],-0.1691
5476,[-0.7576, 0.4702,-0.2794, 0.0156],[ 0.5646,11.0744,-0.4347, 0.1349, 0.6172],[-0.765 , 0.4658,-0.275 , 0.0305],-0.2034
5483,[-0.7577,-0.4641, 0.2405, 0.0196],[ 0.9534, 2.1166, 2.2426, 0.0647,12.4324],[-0.7661,-0.4582, 0.2353, 0.0168],-0.1902
5485,[-0.7751,-0.4392, 0.2796, 0.0156],[ 1.4443,-0.4479, 8.8705, 0.2908, 2.1846],[-0.7812,-0.4348, 0.2751, 0.0305],-0.1705
5493,[-0.7577,-0.5036, 0.2661, 0.023 ],[-15.2356,-16.2709,-15.9654,-15.9071,-16.7703],[-0.767 ,-0.4986, 0.2615, 0.0375],-0.205
5494,[-0.7554, 0.5014,-0.2018, 0.0156],[-10.5186,-11.2649,-10.2836, -9.7209,-12.0944],[-0.7665, 0.4936,-0.194 , 0.0305],-0.1885
5496,[-0.7676, 0.5477,-0.3066, 0.0234],[-12.3262,-10.956 ,-13.0385,-11.5575,-12.9759],[-0.7775, 0.5442,-0.3052, 0.0386],-0.2115
5563,[-0.774 ,-0.3782, 0.1709, 0.    ],[-5.3092e-03,-5.0161e-01, 8.8692e-01,-2.3092e-01, 1.2312e+01],[-0.7807,-0.3698, 0.162 ,-0.0078],-0.1258
5572,[-0.771 , 0.4537,-0.1556,-0.0052],[ 0.0849,-1.9985,14.8928,-1.4027,-1.3834],[-0.7812, 0.4436,-0.1468,-0.0154],-0.1398
5574,[-0.7688, 0.4616,-0.2346,-0.015 ],[ 1.956 , 2.0999,30.2767, 0.9687, 1.1113],[-0.7774, 0.4554,-0.2288,-0.0174],-0.1701
5576,[-0.7529, 0.4253,-0.2845,-0.0853],[ 1.5471, 3.4359,-0.6467, 2.3294, 0.68  ],[-0.7586, 0.4222,-0.2813,-0.0778],-0.2039
5583,[-0.7659,-0.4721, 0.2232,-0.0133],[ 1.3036,24.0822, 2.9502, 0.9647, 0.8475],[-0.7753,-0.4652, 0.2168,-0.0159],-0.1728
5585,[-0.7701,-0.4735, 0.2936, 0.    ],[ 0.7947,-0.223 , 7.5338, 0.0864, 0.8591],[-0.7773,-0.4696, 0.2896, 0.0104],-0.1893
5592,[-0.7573, 0.514 ,-0.1592,-0.0235],[-17.9788,-17.3747,-16.8186,-17.3304,-17.3571],[-0.7701, 0.5042,-0.1514,-0.0351],-0.1746
5593,[-0.7552,-0.5194, 0.2419,-0.0041],[-19.8033,-19.9907,-20.2132,-19.6848,-20.1473],[-0.7661,-0.5135, 0.236 ,-0.0049],-0.2033
5594,[-0.7595, 0.5143,-0.2231, 0.    ],[-11.6837,-11.9024,-10.1017,-10.9383,-11.5381],[-0.7707, 0.5074,-0.2165, 0.0042],-0.1904
5595,[-0.7645,-0.5664, 0.3088,-0.0154],[-3.9707,-5.083 ,-3.1007,-3.9892,-4.7963],[-0.7753,-0.5635, 0.3057,-0.0302],-0.2193
5596,[-0.7569, 0.5367,-0.3022, 0.    ],[-5.3425,-4.3938,-5.3378,-2.2868,-5.2406],[-0.7666, 0.5333,-0.2987, 0.0039],-0.2221
5676,[-0.7487, 0.4119,-0.2865,-0.1394],[ 0.9112, 4.3149,-0.7686, 0.6949, 0.3409],[-0.7539, 0.4093,-0.2841,-0.1333],-0.2087
6576,[-0.7151, 0.4271,-0.301 ,-0.0528],[ 2.2634,12.1207,-0.9326, 0.7945, 0.8321],[-0.7203, 0.4248,-0.299 ,-0.0679],-0.2592
6583,[-0.717 ,-0.4634, 0.2139,-0.0157],[ 1.1798, 1.3977, 1.5395,-0.2541,27.3696],[-0.7263,-0.4574, 0.2079,-0.0236],-0.2404
6593,[-0.7265,-0.5195, 0.2397, 0.    ],[-16.8786,-17.4829,-17.0219,-16.8518,-17.3687],[-0.7374,-0.5142, 0.2341, 0.    ],-0.2432
6594,[-0.7245, 0.5365,-0.1908, 0.    ],[-11.0457,-10.0946,-10.6004,-11.6317,-12.4147],[-0.7375, 0.5293,-0.1838,-0.0052],-0.2356
7542,[-0.6601,-0.2149,-0.0628, 0.    ],[-514.5459,-513.5588,-512.6439,-513.064 ,-512.5592],[-0.882 , 0.0036,-0.0034, 0.    ],0.1712
