200,[-0.9572,-0.0049,-0.0241, 0.2954],[-4.1679,-5.2033,-4.7724,-3.7533,-4.8781],[-0.9558, 0.0035,-0.0324, 0.3074],0.2973
220,[-0.9604,-0.0767, 0.0135, 0.2874],[-1.487 , 0.3536,-1.7833,-1.4731,-1.5592],[-0.9593,-0.055 ,-0.0078, 0.3006],0.2782
221,[-0.9617,-0.1208, 0.07  , 0.2603],[ 0.673 ,-0.441 , 4.3971, 3.7523, 0.3973],[-0.9611,-0.0995, 0.0428, 0.2734],0.2395
300,[-0.9595,-0.0011,-0.0122, 0.1752],[-27.6181,-27.9452,-27.2725,-27.3153,-28.2729],[-0.9587, 0.0033,-0.0167, 0.1879],0.2849
301,[-0.9569, 0.0254, 0.1124, 0.1963],[ -9.9247,-10.5502, -8.7213, -9.1544,-10.3252],[-0.9547,-0.0129, 0.146 , 0.1961],0.2568
302,[-0.9584, 0.018 ,-0.1165, 0.1674],[-8.1487,-7.8047,-9.301 ,-8.647 ,-8.9714],[-0.9567, 0.0461,-0.1422, 0.175 ],0.2375
304,[-0.9568, 0.0109,-0.1856, 0.1267],[-0.4239, 1.2226,-0.847 ,-0.0281,-0.557 ],[-0.9538, 0.0564,-0.2235, 0.1267],0.2104
310,[-0.9584, 0.0968,-0.0114, 0.1846],[-10.434 ,-11.1681, -9.1629,-10.8027,-11.0252],[-0.9579, 0.0695, 0.0135, 0.1945],0.2683
311,[-0.9594, 0.0907, 0.1095, 0.1404],[-0.9578,-2.4742,-0.2715,-1.3106,-2.2009],[-0.9578, 0.029 , 0.1654, 0.1546],0.2309
312,[-0.9587, 0.1309,-0.1113, 0.1686],[-10.0566, -9.5576,-10.2999, -9.1405,-10.825 ],[-0.9583, 0.1223,-0.1012, 0.1763],0.2175
314,[-0.9596, 0.1119,-0.2   , 0.1442],[-1.9951,-0.05  ,-2.5803,-1.5285,-2.5962],[-0.9571, 0.1332,-0.2183, 0.1566],0.1696
316,[-0.9575, 0.1504,-0.2889, 0.1636],[ 0.1004, 1.5794,-0.7748, 0.1107, 0.7426],[-0.9532, 0.1768,-0.3104, 0.1765],0.1266
320,[-0.9605,-0.1055,-0.0349, 0.1458],[-8.0941,-6.8428,-8.3139,-8.1493,-8.2964],[-0.9601,-0.06  ,-0.074 , 0.1567],0.2466
321,[-0.9623,-0.1504, 0.0953, 0.2418],[-10.6517,-11.6317, -9.8332,-10.1771,-11.7613],[-0.962 ,-0.1312, 0.083 , 0.2544],0.208
322,[-0.9603,-0.0583,-0.1013, 0.1285],[-1.1627, 0.7792,-1.1157,-1.0343, 0.3516],[-0.9588,-0.0083,-0.1455, 0.1422],0.2435
332,[-0.9575, 0.192 ,-0.1264, 0.1443],[-5.1906,-5.5063,-3.5588,-4.3479,-5.9948],[-0.9581, 0.1716,-0.1077, 0.1513],0.1956
334,[-0.963 , 0.1711,-0.185 , 0.1468],[-0.3347, 0.7898,-2.3741, 1.6427,-2.5703],[-0.9623, 0.1693,-0.1736, 0.1608],0.1558
340,[-0.9596,-0.1771, 0.0284, 0.1283],[-0.2151, 0.6307,-1.1176,-1.087 ,-0.6184],[-0.9605,-0.1291,-0.0143, 0.1401],0.2414
341,[-0.9618,-0.1964, 0.1291, 0.2145],[-3.5148,-1.9649,-3.8965,-3.0778,-3.5223],[-0.9622,-0.1726, 0.1084, 0.2284],0.1807
343,[-0.9594,-0.2613, 0.2136, 0.1724],[-0.8193,-2.7207,-0.3255, 0.1852,-3.06  ],[-0.9603,-0.2427, 0.1869, 0.1865],0.1277
363,[-0.9574,-0.2956, 0.2648, 0.1371],[-1.7089,-1.3383,-2.1106,-1.3995,-2.7094],[-0.9582,-0.2839, 0.2471, 0.151 ],0.0935
400,[-0.9634,-0.0277, 0.0121, 0.0646],[-28.4624,-28.4784,-28.3297,-27.9023,-29.9708],[-0.963 ,-0.0216, 0.0047, 0.0791],0.2653
401,[-0.9603, 0.0067, 0.103 , 0.0418],[-12.7742,-13.6776,-12.0209,-12.6229,-13.5409],[-0.9592,-0.0279, 0.1349, 0.0519],0.2371
402,[-0.962 , 0.0042,-0.103 , 0.0704],[-12.6802,-10.7899,-12.3704,-11.7434,-12.9513],[-0.9608, 0.0371,-0.1333, 0.0826],0.2295
403,[-0.9594,-0.0242, 0.1886, 0.0656],[-0.2666,-1.7973, 1.7186,-0.171 ,-1.1137],[-0.9565,-0.0704, 0.2292, 0.0792],0.1933
404,[-0.9627, 0.0198,-0.1759, 0.0841],[-0.7449, 2.5353,-1.1406,-0.1243, 0.2843],[-0.9598, 0.0687,-0.2214, 0.0978],0.1853
410,[-0.9603, 0.0903, 0.0158, 0.0345],[-11.6576,-12.6229,-10.0266,-11.41  ,-12.3248],[-0.9604, 0.0548, 0.0499, 0.0367],0.2567
411,[-0.961 , 0.0963, 0.0888, 0.0612],[-1.107 ,-2.0753, 0.1104,-1.2358,-1.3153],[-0.9601, 0.0352, 0.1447, 0.0681],0.228
412,[-0.9603, 0.1165,-0.1254, 0.0752],[-11.3117, -9.932 ,-11.987 ,-10.3608,-12.8828],[-0.9598, 0.1181,-0.1261, 0.0848],0.2039
414,[-0.9642, 0.1157,-0.1924, 0.084 ],[-3.6159,-2.4051,-4.8545,-2.7214,-4.7935],[-0.9624, 0.1362,-0.2084, 0.098 ],0.1553
420,[-0.9619,-0.1017,-0.0029, 0.0659],[-10.6981, -9.1415,-11.0348,-10.1461,-11.0586],[-0.9619,-0.0637,-0.0411, 0.0771],0.2484
421,[-0.965 ,-0.0849, 0.0858, 0.0401],[-11.7248,-12.6561,-11.2628,-10.8866,-13.1556],[-0.9648,-0.0829, 0.0792, 0.0464],0.2186
422,[-0.9585,-0.0941,-0.0897, 0.0644],[-0.4353, 1.664 ,-1.5513, 0.062 ,-0.8943],[-0.9576,-0.0368,-0.142 , 0.0786],0.238
423,[-0.961 ,-0.1214, 0.2272, 0.0358],[-3.5698,-4.2967,-1.3555,-3.0455,-4.6682],[-0.9583,-0.1496, 0.2529, 0.0497],0.1449
425,[-0.9576,-0.1573, 0.2904, 0.0566],[ 0.9963,-0.7312,-0.0485, 4.3134,-0.9157],[-0.9537,-0.1852, 0.3139, 0.0694],0.1202
430,[-0.9569, 0.211 ,-0.0115, 0.0798],[-1.1656,-2.4225,-1.1113,-0.5947,-1.5512],[-0.9586, 0.1499, 0.0456, 0.0924],0.2275
432,[-0.9635, 0.1874,-0.1469, 0.0659],[ -9.0757,-10.0551, -8.4062, -9.2691,-10.1906],[-0.9641, 0.171 ,-0.128 , 0.0708],0.1672
434,[-0.959 , 0.2085,-0.1804, 0.0457],[-4.1354,-3.314 ,-5.6431,-3.0939,-6.2214],[-0.9595, 0.1993,-0.1708, 0.0607],0.1543
436,[-0.9604, 0.1988,-0.2995, 0.0234],[-0.2594, 1.9664,-1.4496, 2.0945,-1.422 ],[-0.9571, 0.2205,-0.319 , 0.0389],0.0931
440,[-0.9602,-0.1854, 0.0174, 0.0544],[-0.6577, 1.9768,-1.3032,-0.1985,-1.2734],[-0.9616,-0.1285,-0.0368, 0.0618],0.229
441,[-0.96  ,-0.2142, 0.101 , 0.0427],[-6.0473,-4.5268,-6.7069,-5.92  ,-6.5457],[-0.9618,-0.1769, 0.0644, 0.0545],0.1977
443,[-0.9576,-0.1674, 0.24  , 0.058 ],[-3.8714,-5.5624,-3.6437,-2.696 ,-5.935 ],[-0.9554,-0.184 , 0.2565, 0.0707],0.1388
445,[-0.9582,-0.2564, 0.3789, 0.0234],[ 0.4307,-0.7743, 8.4087, 0.8192,-0.6062],[-0.9537,-0.2749, 0.3946, 0.0386],0.0496
461,[-0.9614,-0.2898, 0.1272, 0.0376],[-1.0446, 0.1188,-1.287 , 0.0961,-0.133 ],[-0.965 ,-0.2383, 0.0761, 0.053 ],0.1584
463,[-0.9595,-0.3283, 0.1773, 0.0305],[-4.7582,-4.3642,-4.8609,-4.799 ,-5.1675],[-0.9637,-0.287 , 0.1352, 0.0459],0.1202
465,[-0.956 ,-0.3163, 0.2972, 0.1015],[-2.6383,-3.8042,-2.1853,-1.5701,-4.0646],[-0.9565,-0.309 , 0.2858, 0.1155],0.0724
500,[-0.9628,-0.0228, 0.0204,-0.0059],[-3.1323,-2.3715,-2.8664,-1.8107,-6.6739],[-0.9628,-0.0211, 0.0192, 0.0012],0.267
501,[-0.9627,-0.0091, 0.096 ,-0.017 ],[-4.8453,-5.1783,-3.2234,-2.955 ,-5.5598],[-0.9619,-0.0404, 0.1266,-0.0096],0.2267
502,[-0.9623, 0.0052,-0.1134,-0.0064],[-7.3373,-5.9695,-8.7569,-6.5016,-8.269 ],[-0.9612, 0.043 ,-0.1504,-0.003 ],0.2183
503,[-0.9625,-0.0548, 0.1736, 0.    ],[-0.3749,-1.4953, 2.2013,-0.8164,-0.7914],[-0.9604,-0.093 , 0.2093, 0.    ],0.1782
510,[-0.9604, 0.1137, 0.0045,-0.0158],[-4.9068,-5.5008,-3.442 ,-4.5155,-6.2332],[-0.9609, 0.0728, 0.0446,-0.0084],0.2485
512,[-0.9581, 0.1346,-0.112 , 0.    ],[-5.2509,-5.1676,-6.6683,-4.0784,-7.4988],[-0.9583, 0.127 ,-0.1041, 0.0052],0.214
514,[-0.9631, 0.1153,-0.2212, 0.    ],[-4.4346,-2.5527,-4.6447,-2.7436,-5.5923],[-0.9606, 0.1474,-0.2521, 0.0026],0.1388
520,[-0.9677,-0.1022, 0.01  ,-0.0037],[-6.896 ,-5.2607,-7.5921,-6.7397,-7.6681],[-0.9681,-0.0642,-0.028 , 0.0041],0.231
521,[-0.9613,-0.0698, 0.1548,-0.0085],[-5.2364,-6.2086,-4.6137,-3.7223,-7.4194],[-0.9599,-0.0967, 0.18  , 0.0059],0.1904
522,[-0.9614,-0.0747,-0.0675,-0.0147],[ 0.2531, 0.3858,-1.0829,-0.3768,-0.7177],[-0.9611,-0.0244,-0.1163,-0.0287],0.2402
523,[-9.6233e-01,-9.3180e-02, 2.0926e-01,-7.8494e-04],[-1.5057,-2.8161, 0.469 ,-0.2323,-2.7476],[-0.9598,-0.1291, 0.2435, 0.0079],0.1532
530,[-0.961 , 0.1901,-0.0405, 0.    ],[-1.1933,-1.2405,-0.3023, 0.9667,-1.5951],[-0.9628, 0.1374, 0.0117, 0.    ],0.2302
532,[-0.9599, 0.2025,-0.0784,-0.0157],[-7.1707,-7.294 ,-6.2399,-6.4986,-7.7296],[-0.962 , 0.1608,-0.0367,-0.0236],0.2147
534,[-0.9611, 0.2287,-0.1991,-0.0039],[ -8.1631, -7.5251, -9.0269, -6.9026,-10.0449],[-9.6186e-01, 2.1978e-01,-1.8999e-01, 1.9531e-05],0.131
541,[-0.9571,-0.215 , 0.0727, 0.    ],[-8.058 ,-7.0709,-8.191 ,-7.4176,-8.8467],[-0.9593,-0.1717, 0.0303, 0.0156],0.2224
543,[-0.9567,-0.2642, 0.1767,-0.0137],[-6.4974,-7.3691,-5.2012,-5.5355,-7.6132],[-0.9591,-0.2413, 0.1538, 0.002 ],0.1456
545,[-0.9668,-0.2013, 0.3273, 0.    ],[ 0.2393,-1.0418, 0.751 , 6.1931,-0.4775],[-0.9626,-0.2324, 0.3571, 0.0078],0.0573
712,[-0.9624, 0.0624,-0.0708,-0.3594],[-10.7609,-10.2782,-10.9413,-10.2719,-12.6441],[-0.9637, 0.0687,-0.0776,-0.3423],0.2284
802,[-0.9584, 0.0507,-0.0565,-0.4012],[-0.9025, 0.7341,-1.7148, 1.546 ,-2.1517],[-0.9601, 0.0548,-0.0598,-0.3844],0.2547
1200,[-0.9259, 0.0234, 0.0054, 0.2832],[2.5061e+00,2.5905e+00,2.7034e+00,4.0041e-02,7.2224e+01],[-0.9247, 0.0185, 0.0085, 0.275 ],0.4267
1201,[-0.9303,-0.0057, 0.0873, 0.2845],[-0.9899,-4.2925,-1.0014,-2.8127,-0.3894],[-0.9286,-0.0193, 0.0955, 0.2788],0.3796
1202,[-0.9381, 0.0126,-0.084 , 0.2866],[ 0.1937, 3.8526,-1.1923,-0.3084, 1.5945],[-0.9364, 0.026 ,-0.0933, 0.2827],0.3475
1210,[-0.9289, 0.0927,-0.007 , 0.2717],[ 0.3324,-1.1561,77.1251,-0.867 , 1.2147],[-0.9282, 0.0772, 0.0012, 0.2765],0.3912
1211,[-0.9374, 0.059 , 0.0664, 0.264 ],[-4.0455,-5.2519,-2.3543,-4.0902,-3.2732],[-0.936 , 0.0337, 0.0886, 0.2753],0.3477
1212,[-0.9296, 0.1153,-0.0994, 0.2696],[ 3.0244, 3.6616,-0.2964,-0.0426, 8.3981],[-0.9288, 0.1103,-0.0905, 0.2634],0.3408
1220,[-0.9281,-0.095 , 0.0136, 0.2923],[ 0.0041, 2.896 ,-2.4614,-1.1514, 0.98  ],[-0.9273,-0.0802, 0.0051, 0.2897],0.3932
1221,[-0.926 ,-0.1178, 0.1062, 0.2977],[ 0.7018,-0.6141, 6.4276,-0.1295, 4.8281],[-0.925 ,-0.1136, 0.0988, 0.2916],0.3527
1223,[-0.9219,-0.1515, 0.1912, 0.2704],[ 1.0409,-0.5987,38.2471,-0.8587, 1.5315],[-0.9203,-0.1528, 0.1789, 0.2802],0.3149
1230,[-0.9345, 0.1825,-0.032 , 0.2631],[-4.7411,-5.5659,-2.8388,-4.6342,-4.0521],[-0.9351, 0.1533,-0.0112, 0.2696],0.3254
1232,[-0.925 , 0.1971,-0.1191, 0.2816],[ 1.0961,-0.6606, 0.7926, 0.1794, 8.4555],[-0.9254, 0.1805,-0.0921, 0.277 ],0.3212
1234,[-0.9224, 0.2346,-0.2053, 0.2764],[ 5.4603e+00, 7.3603e+01,-3.9859e-02, 1.0912e+00, 2.9939e+00],[-0.9223, 0.226 ,-0.1865, 0.2843],0.2619
1236,[-0.9205, 0.258 ,-0.3073, 0.2647],[ 8.4677e-01, 2.2782e+01,-3.7723e-01, 1.9745e-02, 2.2755e+00],[-0.9186, 0.2582,-0.2939, 0.2726],0.2128
1240,[-0.9268,-0.1858, 0.0348, 0.2666],[-1.9321,-1.9548,-3.1739,-2.2044,-1.9145],[-0.9275,-0.1596, 0.0166, 0.2802],0.3592
1241,[-0.9295,-0.2096, 0.1231, 0.2834],[ 0.684 ,13.5109, 0.08  ,-0.1187, 0.8625],[-0.93  ,-0.1933, 0.1124, 0.2929],0.2878
1243,[-0.9252,-0.2609, 0.2053, 0.2537],[ 0.5876,-0.5941, 6.3126, 0.0778,14.2452],[-0.9262,-0.2485, 0.1802, 0.253 ],0.2452
1245,[-0.9144,-0.2216, 0.3072, 0.2596],[ 2.8842,-0.5898,42.7989,-0.6335, 1.5586],[-0.9115,-0.2259, 0.2962, 0.2692],0.2241
1254,[-0.9202, 0.301 ,-0.2108, 0.2664],[ 0.1226,-0.7051, 8.6132, 1.8505, 0.3896],[-0.9218, 0.2876,-0.2038, 0.2708],0.2297
1261,[-0.9245,-0.2981, 0.1593, 0.2659],[-1.8688,-1.736 ,-2.1823,-2.1462,-1.8911],[-0.9274,-0.2732, 0.1188, 0.2795],0.2578
1263,[-0.9214,-0.3188, 0.1946, 0.2515],[2.51  ,0.3635,0.6237,0.4639,0.7214],[-0.9245,-0.2981, 0.1593, 0.2659],0.2377
1300,[-0.9164,-0.0176, 0.0252, 0.1399],[1.3656e+00,1.9804e+00,1.9976e+00,1.2472e+00,2.0898e+03],[-0.9158,-0.019 , 0.0288, 0.1351],0.4422
1301,[-0.9163,-0.0434, 0.0695, 0.1409],[ 1.4125e+00,-4.2957e-01, 1.0620e+03,-5.3172e-01, 3.1323e+00],[-0.9155,-0.0468, 0.0703, 0.1456],0.4243
1302,[-0.9189, 0.0355,-0.0716, 0.1524],[-10.6716, -7.8224,-13.2071,-11.9003,-10.653 ],[-0.918 , 0.0408,-0.0736, 0.1511],0.4165
1303,[-0.9306,-0.0358, 0.1842, 0.1484],[-7.3142,-8.6488,-6.5329,-6.6668,-7.604 ],[-0.9279,-0.0608, 0.2012, 0.1501],0.3135
1304,[-0.9271, 0.0342,-0.1865, 0.1536],[-3.4011,-3.0545,-5.1703,-3.8409,-3.3872],[-0.9243, 0.0579,-0.2014, 0.1497],0.3289
1310,[-0.92  , 0.0743,-0.0312, 0.166 ],[-10.0502, -9.9192,120.2444, -8.1315, -7.4387],[-0.9195, 0.0668,-0.027 , 0.1723],0.4203
1311,[-0.9284, 0.0826, 0.0763, 0.1777],[-14.1724,-15.5912,-14.0478,-14.5035,-13.6078],[-0.9275, 0.0543, 0.0959, 0.1833],0.3684
1312,[-0.9178, 0.0818,-0.0846, 0.1545],[ -2.3477,130.1048, -5.823 , -4.0434,  1.8297],[-0.9172, 0.0808,-0.079 , 0.1597],0.397
1314,[-0.9299, 0.1257,-0.2016, 0.1635],[ 0.1966,55.4159,-0.7716,-0.0665, 0.7768],[-0.9279, 0.1353,-0.2033, 0.1703],0.2773
1316,[-0.9365, 0.1466,-0.3043, 0.1647],[-0.1053,-1.6312,-3.1724,-2.3972,-1.5106],[-0.9318, 0.1677,-0.3174, 0.1641],0.1972
1320,[-0.9168,-0.0656, 0.0425, 0.1413],[ 7.1905e-01, 5.1042e+02,-1.8760e-01, 1.7249e+00, 5.1735e-01],[-0.9163,-0.0617, 0.0416, 0.1471],0.4262
1321,[-0.9167,-0.0711, 0.0837, 0.1426],[1.1749e+00,3.4229e-01,2.4286e+00,3.5054e-01,9.1142e+02],[-0.916 ,-0.072 , 0.0819, 0.1379],0.4043
1322,[-0.9267,-0.0901,-0.0792, 0.1672],[-7.56  ,-6.6835,-8.2306,-7.2976,-7.1083],[-0.9259,-0.0605,-0.1014, 0.1719],0.3735
1323,[-0.9248,-0.1254, 0.1953, 0.1527],[ 1.5798,-1.1135,92.6728, 0.5654, 2.4588],[-0.923 ,-0.1341, 0.1965, 0.1549],0.2988
1325,[-0.93  ,-0.1395, 0.2913, 0.1609],[-3.3363,-4.2877,-1.5495,-3.1112,-3.6086],[-0.9257,-0.1583, 0.2991, 0.1736],0.2263
1330,[-0.928 , 0.2032,-0.0264, 0.1744],[-12.3602,-13.639 ,-11.9506,-12.6378,-12.5365],[-9.2959e-01, 1.7137e-01,-2.3499e-04, 1.7549e-01],0.3438
1332,[-0.9285, 0.2053,-0.1189, 0.181 ],[-5.3   ,-7.7479,-7.2939,-1.5706,-7.7922],[-0.9294, 0.1882,-0.0996, 0.1903],0.2984
1334,[-0.9253, 0.2218,-0.2207, 0.1806],[  0.4282,115.9618, -1.6374,  1.6278,  1.256 ],[-0.9249, 0.2183,-0.2089, 0.1894],0.2487
1336,[-0.9287, 0.222 ,-0.3114, 0.1721],[ 0.3347,74.488 ,-0.1495, 0.6082, 1.046 ],[-0.9257, 0.2296,-0.3084, 0.1798],0.1926
1340,[-0.9241,-0.1969, 0.0256, 0.162 ],[-7.3257,-6.4822,-7.8886,-6.9714,-6.7642],[-0.9256,-0.1676, 0.0017, 0.1662],0.3601
1341,[-0.9244,-0.2036, 0.12  , 0.1752],[ -9.4513,-10.9221,-10.4784, -9.8211, -9.4982],[-0.9253,-0.1877, 0.1004, 0.1779],0.3133
1343,[-0.9232,-0.2122, 0.2184, 0.1681],[ 1.5633,-1.0984,41.7813, 0.5505, 2.9293],[-0.9227,-0.2097, 0.2062, 0.1708],0.2611
1345,[-0.9277,-0.2328, 0.3002, 0.159 ],[ 2.99  ,-0.5634,84.196 , 0.3954, 0.935 ],[-0.9255,-0.2376, 0.2947, 0.1686],0.1974
1352,[-0.9255, 0.3109,-0.125 , 0.1695],[-8.2696,-9.3787,-7.1558,-8.3082,-8.3663],[-0.9295, 0.2821,-0.1002, 0.1776],0.2549
1354,[-0.9241, 0.311 ,-0.2267, 0.1717],[-9.3784,-9.9692,-9.4788,-9.1661,-9.6117],[-0.9262, 0.2978,-0.2116, 0.1773],0.2065
1356,[-0.9222, 0.3187,-0.3133, 0.17  ],[ 1.0535,18.8249,-0.5931, 2.5828, 0.4667],[-0.9222, 0.3147,-0.3006, 0.1829],0.169
1360,[-0.929 ,-0.2866, 0.0534, 0.1278],[-2.4572,-0.9321,-2.2804,-0.5015,-0.9119],[-0.9328,-0.247 , 0.022 , 0.1421],0.2939
1361,[-0.9204,-0.3097, 0.1271, 0.1707],[-4.6862,-3.7572,-5.9285,-5.1072,-4.8709],[-0.9243,-0.2831, 0.1034, 0.1812],0.2721
1363,[-0.9241,-0.3112, 0.2354, 0.1814],[-5.7758,-5.8409,-6.4093,-5.35  ,-6.3177],[-0.926 ,-0.2984, 0.217 , 0.1903],0.2044
1365,[-0.9211,-0.3113, 0.3269, 0.1588],[ 2.1094, 0.0618,20.8059, 0.8289, 0.997 ],[-0.9204,-0.3092, 0.3157, 0.1705],0.1645
1367,[-0.9217,-0.3351, 0.3988, 0.1402],[ 8.2343e-01,-6.8614e-01, 3.3375e+01, 1.7821e+00, 5.8887e-03],[-0.9193,-0.3365, 0.3899, 0.1495],0.1249
1372,[-0.9196, 0.3948,-0.1582, 0.1739],[-2.0692,-3.2124,-2.6535,-2.6802,-2.6174],[-0.9261, 0.3664,-0.1386, 0.1867],0.2092
1374,[-0.9174, 0.4147,-0.1955, 0.1491],[-5.1991,-6.6618,-4.5692,-5.1809,-5.705 ],[-0.9241, 0.3908,-0.1758, 0.1625],0.1865
1400,[-0.9173,-0.0057, 0.0114, 0.0679],[1.7720e+00,1.6161e+03,3.5988e+00,2.2737e+00,1.1808e+00],[-0.917 ,-0.0072, 0.0161, 0.073 ],0.4446
1401,[-0.9168,-0.04  , 0.0695, 0.0698],[ 5.5861e-01,-8.0313e-01, 3.5999e+03, 1.5967e-01, 1.6675e+00],[-0.9163,-0.0442, 0.0714, 0.0711],0.425
1402,[-0.9163, 0.0358,-0.0701, 0.0452],[  0.2386,113.4226, -0.167 ,  0.7925,  0.4981],[-0.9159, 0.0407,-0.0715, 0.0561],0.4244
1403,[-0.9281,-0.0251, 0.1896, 0.059 ],[ -9.5056,-10.5491, -8.9134, -9.6659, -9.4928],[-0.9254,-0.0529, 0.2104, 0.0597],0.3201
1404,[-0.9265, 0.0304,-0.1855, 0.0578],[-4.219 ,-3.4501,-5.2138,-4.5273,-3.6485],[-0.924 , 0.056 ,-0.2042, 0.0557],0.3258
1410,[-0.9177, 0.0631,-0.045 , 0.0429],[-83.9307,-84.7845, 49.5361,-84.9121,-83.607 ],[-0.9176, 0.0603,-0.0442, 0.0499],0.432
1411,[-0.9279, 0.0845, 0.0807, 0.0598],[-18.5147,-20.1534,-18.496 ,-18.4237,-18.681 ],[-0.9274, 0.0538, 0.1054, 0.0629],0.3662
1412,[-0.9172, 0.07  ,-0.0735, 0.0437],[-59.4889,-38.0273,-65.1686,-39.4718,-61.3894],[-0.917 , 0.07  ,-0.071 , 0.0494],0.4144
1414,[-0.9244, 0.1272,-0.1965, 0.0521],[3.6617e-01,1.8452e+02,1.4384e-01,6.5535e-03,3.5749e-01],[-0.9228, 0.1371,-0.2008, 0.0592],0.294
1416,[-0.9305, 0.15  ,-0.2868, 0.0486],[ 0.5802, 0.0631,-2.6498,-0.8412,-1.1086],[-0.9267, 0.1688,-0.2981, 0.0542],0.2204
1420,[-0.917 ,-0.0644, 0.0451, 0.066 ],[1.6390e+00,2.9817e+03,8.3472e-01,2.7939e-02,1.2245e+00],[-0.9168,-0.0613, 0.0442, 0.0721],0.4293
1421,[-0.9171,-0.0735, 0.0808, 0.0576],[2.2283e+00,2.8700e-01,5.6767e+03,2.3177e+00,3.8320e+00],[-0.9167,-0.074 , 0.0783, 0.0647],0.4064
1422,[-0.9291,-0.0892,-0.0809, 0.0568],[-10.1916, -9.5937,-10.9186, -9.9169,-10.1851],[-0.9286,-0.0575,-0.1058, 0.0586],0.3597
1423,[-0.9242,-0.1307, 0.191 , 0.0623],[ 6.7817e-01,-5.6280e-01, 4.0914e+02, 1.7600e+00, 3.3959e-01],[-0.9227,-0.1392, 0.1942, 0.0706],0.2977
1425,[-0.9331,-0.1424, 0.2936, 0.0627],[-1.561 ,-4.1535,-1.6916,-2.0515,-2.783 ],[-0.929 ,-0.1632, 0.3051, 0.0632],0.2162
1430,[-0.925 , 0.1948,-0.0244, 0.0576],[-22.3072,-22.9833,-21.6738,-22.1783,-22.4466],[-0.9268, 0.1644, 0.0021, 0.0601],0.3553
1431,[-0.9334, 0.177 , 0.0662, 0.1029],[-1.1803,-3.4037,-1.7581,-1.6453,-2.3286],[-0.9343, 0.1308, 0.0975, 0.0886],0.3067
1432,[-0.9241, 0.2091,-0.117 , 0.0579],[-40.8684,-42.2697,-42.0397,-40.9324,-42.3233],[-0.9257, 0.1931,-0.1007, 0.0638],0.3095
1434,[-0.9228, 0.2095,-0.2106, 0.0605],[  0.2307,  6.5179, -0.6548,186.5125,  0.463 ],[-0.9226, 0.2081,-0.2043, 0.0732],0.2605
1436,[-0.9312, 0.233 ,-0.3113, 0.0646],[-9.5061e-02, 8.9521e+01,-5.9167e-02, 1.3027e-01, 6.0915e-01],[-0.9287, 0.2414,-0.3134, 0.0749],0.1742
1440,[-0.9232,-0.2004, 0.0268, 0.0606],[-11.2391,-10.9664,-12.8509,-11.6617,-11.3421],[-0.9252,-0.1707, 0.0016, 0.0642],0.3611
1441,[-0.923 ,-0.203 , 0.1196, 0.0645],[-31.4449,-32.5609,-31.9786,-32.0979,-32.4998],[-0.9244,-0.1885, 0.1034, 0.0695],0.316
1442,[-0.9233,-0.1668,-0.0576, 0.0224],[ 0.4018, 0.8716,-2.1096,-1.5326,-0.1934],[-0.9244,-0.1284,-0.0875, 0.0069],0.3533
1443,[-0.9229,-0.2045, 0.2094, 0.0606],[  2.9663, -0.4053,158.0671,  2.3646,  1.8703],[-0.9226,-0.2037, 0.2027, 0.0695],0.2642
1445,[-0.93  ,-0.2256, 0.3125, 0.0647],[ 3.4316e-01,-2.1499e-01, 1.3692e+02, 5.6423e-01,-1.1090e-01],[-0.9272,-0.2349, 0.3146, 0.0733],0.1816
1450,[-0.9254, 0.2959,-0.0375, 0.0712],[-2.5407,-3.546 ,-1.6034,-2.602 ,-3.4808],[-0.9299, 0.2523,-0.0014, 0.073 ],0.31
1452,[-0.925 , 0.3122,-0.1253, 0.0552],[-20.0576,-20.7098,-19.7151,-19.8371,-19.9216],[-0.9295, 0.2831,-0.0991, 0.0599],0.2554
1454,[-0.9223, 0.3121,-0.228 , 0.0659],[-20.0688,-20.9523,-20.6019,-20.1114,-21.2135],[-0.9248, 0.3003,-0.2139, 0.0776],0.2086
1456,[-0.9212, 0.3264,-0.3216, 0.0652],[ 0.9859,10.2987,-0.9732, 8.937 ,-0.3666],[-0.9213, 0.3244,-0.3159, 0.0797],0.1563
1460,[-0.912 ,-0.2864, 0.0419, 0.058 ],[-0.8394, 0.8505,-1.9687,-1.9325,-0.872 ],[-0.9163,-0.2533, 0.018 , 0.0707],0.3613
1461,[-0.9227,-0.3045, 0.1152, 0.0544],[-8.0917,-7.1886,-8.5503,-7.9017,-7.7133],[-0.9271,-0.2756, 0.0886, 0.0624],0.2732
1463,[-0.9231,-0.3242, 0.2108, 0.0648],[-14.4692,-14.5371,-14.5881,-14.3296,-15.1642],[-0.9265,-0.3081, 0.1937, 0.0766],0.2092
1465,[-0.9274,-0.3161, 0.3409, 0.0726],[ 0.2788,-1.4628, 3.059 , 3.5413,-1.1861],[-0.9265,-0.3169, 0.3384, 0.0869],0.1351
1467,[-0.9389,-0.3108, 0.4129, 0.0847],[ 1.9305e+00,-4.2491e-01, 4.3280e+01,-1.8415e-02, 1.3696e+00],[-0.935 ,-0.318 , 0.4136, 0.0968],0.0756
1472,[-0.9129, 0.4006,-0.1532, 0.0826],[-2.3875,-3.1327,-1.6752,-2.0231,-2.887 ],[-0.9203, 0.3734,-0.1296, 0.0822],0.2311
1474,[-0.9214, 0.4252,-0.2088, 0.0612],[-9.5   ,-9.9542,-9.0533,-8.9517,-9.0542],[-0.9287, 0.402 ,-0.1885, 0.0714],0.1598
1476,[-0.9223, 0.3974,-0.3403, 0.0327],[-8.8442,-8.682 ,-9.3333,-8.5803,-9.9857],[-0.9244, 0.3923,-0.3352, 0.048 ],0.1083
1478,[-0.9148, 0.4028,-0.4662, 0.0302],[ 0.706 , 2.5914,-1.1495, 2.1161,-1.2154],[-0.9122, 0.4041,-0.465 , 0.0443],0.056
1483,[-0.9258,-0.4159, 0.2359, 0.0599],[-3.0317,-1.7893,-3.8131,-2.4811,-2.5356],[-0.932 ,-0.3954, 0.2159, 0.0719],0.1397
1485,[-0.9133,-0.4298, 0.2931, 0.0689],[-4.0859,-4.0946,-3.6383,-3.1071,-5.019 ],[-0.9184,-0.4187, 0.2794, 0.0839],0.1416
1500,[-0.9175,-0.0129, 0.0071,-0.0568],[1.8286e+00,4.1466e+00,1.0546e+01,2.1838e+03,1.5287e-01],[-0.9177,-0.0119, 0.0056,-0.0442],0.4471
1501,[-0.9173,-0.0401, 0.0705,-0.0404],[-10.3125,-12.1354,258.8108,-10.1067, -8.7934],[-0.9173,-0.0449, 0.0723,-0.0358],0.4221
1502,[-0.9154, 0.0299,-0.0742,-0.06  ],[-263.6734,-261.6163,-264.3546,-263.1768,-262.761 ],[-0.9153, 0.0368,-0.0781,-0.0522],0.4263
1503,[-0.9254,-0.0263, 0.1867,-0.0319],[-8.3123,-9.9542,-8.3377,-8.5412,-9.0524],[-0.9231,-0.0534, 0.2079,-0.034 ],0.3297
1504,[-0.9217, 0.031 ,-0.1873,-0.0538],[-10.1784, -8.7737,-10.7602,-10.151 ,-10.4904],[-0.9196, 0.056 ,-0.2048,-0.0597],0.3443
1510,[-0.9183, 0.0653,-0.0426,-0.0564],[-12.1526,-12.0867,692.2654,-12.0468,-12.7199],[-0.9186, 0.062 ,-0.0417,-0.0493],0.4298
1511,[-0.9229, 0.0762, 0.0772,-0.0405],[-17.0898,-17.591 ,-16.1691,-16.5317,-16.8885],[-0.9228, 0.0489, 0.099 ,-0.0427],0.3895
1512,[-0.9171, 0.0744,-0.0801,-0.0623],[ -4.3913,281.3566, -8.687 , 45.3652, -8.0609],[-0.9173, 0.075 ,-0.0772,-0.0529],0.4093
1514,[-0.9193, 0.1312,-0.1905,-0.0532],[-1.8729e-01, 2.7092e+02,-8.2865e-01, 5.1615e+00, 6.8467e-03],[-0.9183, 0.14  ,-0.1947,-0.0464],0.3106
1516,[-0.9325, 0.1527,-0.2837,-0.0331],[-1.8263,-0.6006,-3.1242,-0.7062,-1.1725],[-0.929 , 0.1723,-0.2971,-0.0366],0.2154
1520,[-0.9173,-0.0655, 0.0436,-0.0585],[ 3.1992e+00, 1.3737e+03,-4.5384e-01, 3.1674e-01, 2.6682e-01],[-0.9177,-0.0624, 0.0429,-0.0499],0.4291
1521,[-0.9167,-0.0733, 0.0765,-0.0521],[1.7241e+00,7.9480e-01,1.5559e+01,1.5266e+03,6.4689e-01],[-0.9169,-0.0738, 0.0758,-0.0399],0.4094
1522,[-0.9235,-0.0857,-0.0815,-0.0482],[-11.8411,-11.6207,-12.5012,-11.5256,-11.6344],[-0.9235,-0.0559,-0.1058,-0.0534],0.3816
1523,[-0.9219,-0.1347, 0.1914,-0.0443],[ 1.5837e+00,-1.0254e+00, 1.2392e+02, 1.8599e+00, 2.4312e-02],[-0.9208,-0.1435, 0.1966,-0.0371],0.301
1525,[-0.934 ,-0.1379, 0.3003,-0.075 ],[-1.4205,-3.3193, 0.556 ,-0.5379,-2.6318],[-0.9297,-0.1633, 0.3185,-0.0689],0.1998
1530,[-0.9247, 0.1875,-0.0246,-0.0353],[-14.7738,-15.8157,-14.0407,-14.9936,-14.9993],[-0.9268, 0.1582, 0.0013,-0.0357],0.3584
1531,[-0.9168, 0.1784, 0.0572,-0.067 ],[-2.2769,-3.0177,-0.9241,-1.7613,-2.634 ],[-0.9185, 0.1395, 0.096 ,-0.0806],0.369
1532,[-0.9216, 0.1989,-0.1168,-0.0354],[-42.5426,-43.087 ,-42.8398,-41.5458,-43.1518],[-0.9234, 0.1849,-0.0988,-0.0351],0.323
1534,[-0.9217, 0.2   ,-0.2096,-0.0306],[ 0.896 ,34.4431,-2.7929, 5.4278,-1.4657],[-0.9216, 0.2007,-0.205 ,-0.0247],0.2679
1536,[-0.92  , 0.2256,-0.3004,-0.0211],[  0.6407,121.8622, -0.7091,  0.2679,  0.2313],[-0.9178, 0.2343,-0.3042,-0.0214],0.2117
1540,[-0.9227,-0.2011, 0.018 ,-0.0394],[-9.595 ,-8.1965,-9.2751,-9.3265,-9.6142],[-0.9252,-0.1697,-0.0098,-0.0405],0.3606
1541,[-0.9229,-0.2009, 0.1209,-0.0325],[-29.5506,-30.4323,-29.4534,-29.6507,-30.6523],[-0.9247,-0.1873, 0.1051,-0.0298],0.3143
1542,[-0.9147,-0.1682,-0.0616,-0.0972],[-1.0312,-0.2948,-2.5246,-0.8814,-1.2641],[-0.9164,-0.1329,-0.0852,-0.1133],0.3873
1543,[-0.9222,-0.1985, 0.209 ,-0.0425],[ 0.8884,-0.4487, 2.2629,45.9456, 0.1483],[-0.9221,-0.1996, 0.2056,-0.0313],0.2685
1545,[-0.9284,-0.2343, 0.3234,-0.0296],[ 1.0101e+00,-3.7658e-01, 3.9326e+00, 7.5297e+01,-5.2888e-02],[-0.9257,-0.2449, 0.3283,-0.0194],0.1744
1552,[-0.9256, 0.3128,-0.1314,-0.0176],[-11.5255,-12.2344,-11.486 ,-11.1312,-11.7469],[-0.9304, 0.2851,-0.1043,-0.0198],0.2481
1554,[-0.9224, 0.3171,-0.2117,-0.0027],[-14.895 ,-15.0115,-15.3668,-14.6854,-15.6368],[-0.9256, 0.3035,-0.1982, 0.0032],0.2127
1556,[-0.9187, 0.3218,-0.3232,-0.0117],[ 0.2528, 4.9033,-1.3393, 5.6792,-0.8669],[-0.9187, 0.3218,-0.3214,-0.0079],0.1613
1561,[-0.9222,-0.312 , 0.1231,-0.0264],[-6.0543,-5.4439,-7.0659,-5.6236,-5.864 ],[-0.9271,-0.2848, 0.098 ,-0.0256],0.2639
1563,[-0.9276,-0.3239, 0.2185,-0.0185],[-15.4795,-15.6438,-15.2079,-14.3997,-15.4925],[-0.931 ,-0.31  , 0.205 ,-0.0191],0.1877
1565,[-0.9267,-0.3231, 0.3327,-0.0115],[-3.7507,-5.7091,-3.0888,-3.0654,-6.051 ],[-0.9265,-0.3238, 0.3304,-0.0026],0.1294
1574,[-0.9203, 0.3957,-0.1908, 0.    ],[-6.7217,-7.1182,-6.0364,-6.4625,-6.8045],[-0.9271, 0.3725,-0.1677,-0.0078],0.1889
1576,[-0.919 , 0.4077,-0.3532, 0.    ],[-7.0423,-7.2798,-7.6631,-6.9995,-8.0924],[-0.9212, 0.4041,-0.3498, 0.0104],0.1059
1578,[-0.9231, 0.3966,-0.4628, 0.    ],[-0.1183, 3.342 ,-1.2812, 3.682 ,-0.8879],[-0.9203, 0.399 ,-0.4649, 0.0052],0.0548
1583,[-0.9314,-0.4212, 0.2461, 0.    ],[-2.5408,-1.5275,-3.0999,-1.5909,-2.7977],[-0.9378,-0.4018, 0.2268, 0.0063],0.1143
1600,[-0.9166,-0.0146, 0.0047,-0.175 ],[-673.9483,-673.6206,-673.8844,-671.5627,-674.5862],[-0.9173,-0.0132, 0.0043,-0.1677],0.4533
1601,[-0.9149,-0.0398, 0.071 ,-0.1765],[-126.308 ,-127.0538,-123.8342,-125.8593,-126.7998],[-0.9154,-0.0452, 0.0746,-0.1745],0.4256
1602,[-0.9142, 0.0369,-0.0725,-0.1767],[-30.3131,-30.7178,-33.2829,-31.2095,-32.4859],[-0.9147, 0.0429,-0.0763,-0.1737],0.427
1603,[-0.9223,-0.0185, 0.2032,-0.1588],[-4.2883,-5.2711,-3.8419,-4.2236,-4.4442],[-0.92  ,-0.0497, 0.2275,-0.1596],0.3318
1604,[-0.9231, 0.0348,-0.1896,-0.1593],[-10.1499, -9.5842,-11.1524,-10.2202,-10.1343],[-0.9213, 0.0604,-0.2067,-0.1525],0.3412
1610,[-0.916 , 0.0679,-0.0396,-0.1623],[-11.0405,-10.8655, 45.4732, 50.7732,-12.3076],[-0.9169, 0.0634,-0.0346,-0.1525],0.4355
1611,[-0.9202, 0.082 , 0.0799,-0.1359],[-8.0187,-9.1635,-7.9867,-8.2476,-8.3629],[-0.9206, 0.0536, 0.1004,-0.1358],0.3923
1612,[-0.9153, 0.0755,-0.0863,-0.1726],[-20.327 ,-16.694 ,-24.7844,666.4529,-24.8394],[-0.9159, 0.0773,-0.0846,-0.1608],0.4073
1614,[-0.919 , 0.1304,-0.186 ,-0.1661],[-10.7073, -9.071 ,-13.0545,-10.4387,-12.2469],[-0.9185, 0.1396,-0.1907,-0.1549],0.3161
1620,[-0.9157,-0.0655, 0.0421,-0.167 ],[-214.2369,-213.3786,-214.1213,-212.6372,-214.8599],[-0.9166,-0.0619, 0.0379,-0.1611],0.4359
1621,[-0.916 ,-0.0745, 0.0785,-0.177 ],[-278.7122,-280.8304,-278.552 ,-277.8947,-280.7546],[-0.9167,-0.0754, 0.0767,-0.169 ],0.4098
1622,[-0.9198,-0.0725,-0.0763,-0.1733],[-14.8739,-13.6109,-15.2491,-14.6815,-14.5853],[-0.9203,-0.0466,-0.0977,-0.1754],0.4028
1623,[-0.9192,-0.1332, 0.1869,-0.1757],[ 0.1074,-0.9418,29.7788, 1.7711,-1.246 ],[-0.9188,-0.1425, 0.1928,-0.1648],0.3096
1625,[-0.9435,-0.1459, 0.29  ,-0.1598],[-2.0543,-2.1947,-0.0464,-0.5083,-1.2532],[-0.94  ,-0.1731, 0.3094,-0.1441],0.1715
1632,[-0.9188, 0.1802,-0.1252,-0.1575],[-19.2092,-18.9103,-19.0312,-18.009 ,-19.3559],[-0.9206, 0.1712,-0.1074,-0.1529],0.338
1634,[-0.9201, 0.1913,-0.2114,-0.1653],[-3.7787,-2.3497,-6.6007,-2.0792,-6.6653],[-0.9203, 0.1947,-0.2078,-0.1555],0.2771
1640,[-0.9168,-0.2024, 0.0104,-0.1507],[-5.6411,-4.9197,-6.2331,-5.8175,-6.2638],[-0.9198,-0.1729,-0.012 ,-0.1427],0.3828
1641,[-0.9154,-0.1824, 0.1294,-0.1744],[-49.6536,-50.4642,-49.8896,-49.8331,-50.5924],[-0.9172,-0.1747, 0.1152,-0.1682],0.3434
1643,[-0.9195,-0.1867, 0.2075,-0.176 ],[-23.5849,-26.2349,-23.2852,-22.6559,-25.8637],[-0.9197,-0.1905, 0.2058,-0.1641],0.2782
1645,[-0.9278,-0.2185, 0.3052,-0.1529],[ 0.5638,-0.4138,57.8015, 0.7264,-0.5385],[-0.9253,-0.2321, 0.3184,-0.1378],0.1904
1700,[-0.9189,-0.0105, 0.0015,-0.2735],[-825.0534,-824.7426,-825.1938,-824.8359,-825.6458],[-9.2011e-01,-9.0089e-03, 3.9854e-04,-2.6808e-01],0.4474
1701,[-0.917 ,-0.041 , 0.0719,-0.27  ],[-103.3358,-103.6984,-101.8025,-102.7725,-103.5715],[-0.918 ,-0.0469, 0.0755,-0.268 ],0.4201
1702,[-0.9164, 0.0433,-0.0719,-0.2679],[-172.5878,-172.2525,-173.566 ,-172.4716,-173.3718],[-0.9173, 0.0488,-0.0759,-0.2665],0.423
1710,[-0.9165, 0.0657,-0.0427,-0.283 ],[-122.4304,-122.6199,-122.1054,-122.1471,-122.9157],[-0.9179, 0.0622,-0.0382,-0.2749],0.4327
1712,[-0.9159, 0.0817,-0.0951,-0.2772],[-409.3779,-408.7653,-410.0869,-408.4906,-409.6043],[-0.9169, 0.0846,-0.0945,-0.2704],0.3967
1714,[-0.9165, 0.1428,-0.1857,-0.284 ],[-1.5216, 0.6135,-2.9894, 1.1763,-2.8678],[-0.9166, 0.1513,-0.1927,-0.2772],0.3182
1720,[-0.9172,-0.062 , 0.0459,-0.2803],[-223.3321,-223.4505,-223.4775,-222.3425,-224.0991],[-0.9186,-0.0598, 0.0428,-0.2761],0.4302
1721,[-0.9176,-0.0713, 0.0785,-0.2786],[-670.3859,-670.8134,-669.6255,-670.1426,-670.8254],[-0.9187,-0.0734, 0.0794,-0.273 ],0.4053
1723,[-0.924 ,-0.129 , 0.1859,-0.2768],[-4.5445,-6.5018,-3.6602,-3.314 ,-6.6833],[-0.9238,-0.1408, 0.1959,-0.2605],0.2947
1732,[-0.9194, 0.1942,-0.1298,-0.2997],[ -9.6362, -9.807 ,-10.4249, -9.4234,-10.4382],[-0.922 , 0.1852,-0.1162,-0.2837],0.3225
1734,[-0.9169, 0.1941,-0.2103,-0.3078],[-3.1978,-2.3559,-5.2326,-2.2778,-5.8982],[-0.9177, 0.1984,-0.2082,-0.2933],0.2878
1743,[-0.9217,-0.1744, 0.2083,-0.2517],[-43.1972,-45.1764,-43.1785,-42.8824,-45.2556],[-0.9217,-0.1814, 0.2097,-0.2348],0.2782
1800,[-0.9288,-0.0073, 0.0066,-0.3945],[-209.9463,-209.6308,-209.9097,-208.8545,-210.7851],[-0.9306,-0.008 , 0.0109,-0.3896],0.3949
1801,[-0.9334, 0.0051, 0.0746,-0.3958],[-26.5911,-26.9274,-25.9467,-25.2567,-27.3552],[-0.9343,-0.0161, 0.1072,-0.3782],0.3543
1810,[-0.9173, 0.0662,-0.0371,-0.3809],[-22.4189,-21.7634,-22.1327,-20.0374,-23.315 ],[-0.9192, 0.0626,-0.0367,-0.3772],0.43
1812,[-0.9293, 0.08  ,-0.0915,-0.3978],[-67.9594,-67.8981,-68.8593,-67.3445,-69.6782],[-0.9308, 0.0846,-0.0967,-0.3928],0.3429
1820,[-0.9136,-0.059 , 0.0404,-0.3871],[-79.4521,-79.1642,-79.4575,-78.2674,-80.5707],[-0.9155,-0.0566, 0.0372,-0.3917],0.4447
1821,[-0.92  ,-0.0787, 0.0955,-0.3893],[-303.0384,-303.8231,-302.5982,-302.0675,-304.5326],[-0.9214,-0.0836, 0.1005,-0.3831],0.3826
2200,[-0.8993, 0.0205,-0.0179, 0.2793],[-148.1538,-147.811 ,-148.58  ,-148.6297,-146.9944],[-0.8981, 0.0198,-0.0161, 0.2725],0.3893
2201,[-0.9007,-0.0144, 0.0663, 0.2619],[-41.3251,-41.7322,-40.5303,-41.818 ,-40.6903],[-0.8994,-0.02  , 0.0658, 0.2575],0.3805
2202,[-0.8782, 0.0107,-0.0668, 0.2969],[-34.1085,-33.1457,-34.2191,-34.6141,-33.9211],[-0.8767, 0.0158,-0.0662, 0.2904],0.2877
2210,[-0.909 , 0.0698,-0.0324, 0.2685],[-21.3805,-21.7464,-20.1906,-21.5183,-20.1122],[-0.908 , 0.064 ,-0.028 , 0.2678],0.4188
2212,[-0.9052, 0.0935,-0.1085, 0.2568],[-24.2361,-24.7387,-24.9057,-25.1477,-24.0239],[-0.904 , 0.0926,-0.0964, 0.2516],0.3552
2220,[-0.8996,-0.0606, 0.0401, 0.2819],[-16.701 ,-16.3897,-17.091 ,-17.4634,-16.557 ],[-0.8985,-0.0569, 0.0326, 0.2846],0.3771
2221,[-0.8997,-0.07  , 0.0878, 0.2573],[-35.7212,-36.3853,-35.0056,-36.1845,-35.5056],[-0.8985,-0.071 , 0.0854, 0.2536],0.3462
2234,[-0.9035, 0.2026,-0.2054, 0.2576],[-0.0908, 4.1121,-0.5508,-0.52  , 5.4911],[-0.9029, 0.1989,-0.1867, 0.2547],0.2579
2241,[-0.91  ,-0.2496, 0.1092, 0.2508],[-2.3729,-2.7274,-3.6634,-3.9916,-2.0592],[-0.912 ,-0.2306, 0.0965, 0.2364],0.3218
2243,[-0.9073,-0.244 , 0.2236, 0.2703],[-0.7997,-2.6924, 0.4186,-2.089 , 0.2608],[-0.9074,-0.237 , 0.1993, 0.2625],0.2509
2245,[-0.9101,-0.2275, 0.29  , 0.2739],[ 2.2705,-2.1548, 3.8029,-0.1223, 0.9408],[-0.9079,-0.2291, 0.275 , 0.2828],0.2198
2254,[-0.9083, 0.3544,-0.2592, 0.2546],[ 1.0999, 4.7329, 1.3545,-0.0353,31.7984],[-0.9112, 0.3411,-0.2291, 0.2634],0.1997
2263,[-0.9092,-0.2785, 0.2139, 0.2584],[ 1.0723, 0.8133, 0.8571, 0.2078,17.6802],[-0.9106,-0.2669, 0.1868, 0.2665],0.2542
2300,[-0.9077,-0.0284, 0.0276, 0.1512],[-685.5762,-685.2938,-685.2342,-686.5521,-684.8961],[-0.9071,-0.0281, 0.0275, 0.1433],0.4187
2301,[-0.9085,-0.0446, 0.0737, 0.1459],[-339.7566,-340.6336,-339.0153,-340.0908,-338.7614],[-0.9077,-0.048 , 0.0745, 0.1438],0.4027
2302,[-0.9069, 0.0463,-0.0673, 0.1488],[-150.8903,-149.024 ,-150.8014,-151.2701,-150.095 ],[-0.9061, 0.0486,-0.0677, 0.1453],0.3984
2303,[-0.906 ,-0.0448, 0.1762, 0.1553],[-8.1849,-9.1787,-7.5384,-8.3573,-7.7875],[-0.9035,-0.0603, 0.1834, 0.1537],0.3268
2304,[-0.9   , 0.0295,-0.189 , 0.1342],[-5.8694,-5.2338,-6.5286,-6.1674,-5.6821],[-0.8973, 0.0473,-0.1952, 0.1256],0.3029
2310,[-0.9083, 0.0666,-0.04  , 0.1665],[-54.4116,-54.1134,-53.8707,-55.1302,-53.6238],[-0.9078, 0.0622,-0.0348, 0.163 ],0.4135
2311,[-0.9051, 0.08  , 0.08  , 0.1396],[-11.1664,-11.7266,-10.2907,-11.1453,-10.5298],[-0.9044, 0.0585, 0.0933, 0.1336],0.3739
2312,[-0.9072, 0.0744,-0.0828, 0.1572],[-93.758 ,-92.5349,-94.8601,-94.4101,-92.1902],[-0.9065, 0.0745,-0.0791, 0.1525],0.3826
2314,[-0.9013, 0.1417,-0.2054, 0.1584],[-11.0914,-10.0553,-12.6747,-11.5405,-10.8332],[-0.8995, 0.1468,-0.2017, 0.1574],0.2626
2320,[-0.908 ,-0.065 , 0.0427, 0.1437],[-129.769 ,-129.6907,-130.2051,-129.9785,-128.151 ],[-0.9075,-0.0613, 0.0379, 0.1411],0.4124
2321,[-0.9064,-0.0725, 0.0874, 0.1482],[-487.315 ,-488.1865,-487.5439,-487.5786,-485.8113],[-0.9056,-0.0736, 0.0858, 0.1426],0.3759
2322,[-0.9109,-0.0656,-0.0682, 0.1293],[-6.2429,-5.7088,-7.6748,-6.468 ,-5.8765],[-0.9102,-0.0465,-0.081 , 0.1423],0.4114
2323,[-0.9053,-0.125 , 0.1869, 0.147 ],[-33.4369,-34.382 ,-31.8762,-33.665 ,-32.7935],[-0.9037,-0.1309, 0.1857, 0.1443],0.2932
2325,[-0.9022,-0.1072, 0.3044, 0.1418],[-3.6785,-4.9818,-1.4584,-3.7006,-2.535 ],[-0.8969,-0.126 , 0.3138, 0.1359],0.2108
2330,[-0.9019, 0.2117,-0.0283, 0.1353],[-10.6591,-11.5338, -9.8206,-11.0199,-10.3791],[-0.9039, 0.1882,-0.0119, 0.1262],0.3417
2332,[-0.8976, 0.2295,-0.1108, 0.1607],[-0.1513,-2.4432,-2.0059,-2.2328, 4.4524],[-0.8995, 0.2147,-0.0953, 0.154 ],0.2812
2334,[-0.9025, 0.2076,-0.2114, 0.1772],[ 2.0226,19.7305,-1.176 ,-0.4779, 2.    ],[-0.9021, 0.2052,-0.1976, 0.1774],0.247
2336,[-0.9075, 0.2433,-0.3158, 0.1879],[ 0.7751,19.2573,-0.6985, 0.0619, 0.8651],[-0.9051, 0.2468,-0.307 , 0.1932],0.1861
2340,[-0.9018,-0.2067, 0.0321, 0.1506],[-5.9921,-4.7558,-6.8573,-6.4354,-5.896 ],[-0.9036,-0.1846, 0.0179, 0.1429],0.3456
2341,[-0.9027,-0.2285, 0.1274, 0.1688],[-4.8032,-5.5483,-6.1363,-6.1883,-4.7867],[-0.9043,-0.2148, 0.1104, 0.1604],0.2922
2343,[-0.9017,-0.2314, 0.2229, 0.1742],[ 0.3416,-0.4235,10.408 , 0.3039, 7.7696],[-0.9017,-0.2275, 0.2056, 0.1715],0.2317
2345,[-0.9022,-0.2369, 0.2898, 0.1527],[ 0.852 ,-1.422 ,30.4206, 0.6656, 0.6511],[-0.9005,-0.2394, 0.2812, 0.1578],0.1865
2352,[-0.8928, 0.309 ,-0.1255, 0.1386],[-2.3384,-4.1987, 1.4813,-2.6746,-1.1941],[-0.8969, 0.2895,-0.1091, 0.1456],0.2308
2354,[-0.8954, 0.3233,-0.2282, 0.1553],[ 0.9314, 1.2803, 1.7098, 0.9258,43.7212],[-0.8982, 0.3127,-0.2103, 0.1507],0.178
2356,[-0.9018, 0.3336,-0.3081, 0.158 ],[ 0.1493,33.9705,-0.5225, 1.5013, 2.5773],[-0.9026, 0.3291,-0.2945, 0.1697],0.1454
2361,[-0.8982,-0.3027, 0.1337, 0.165 ],[-0.9036, 1.9982,-2.108 ,-1.4661,-0.4509],[-0.9018,-0.2839, 0.1197, 0.1719],0.2452
2363,[-0.8923,-0.3178, 0.2337, 0.1732],[32.5366, 1.0079, 1.1239, 1.8562, 2.7556],[-0.8947,-0.3081, 0.2141, 0.1817],0.167
2365,[-0.9014,-0.3164, 0.3131, 0.1773],[ 5.2122e-01,-4.0696e-01, 3.6811e+01, 7.7022e-01,-8.6495e-03],[-0.9014,-0.3131, 0.2994, 0.1874],0.1476
2372,[-0.8978, 0.4148,-0.1474, 0.1491],[-3.007 ,-4.668 ,-2.4363,-3.536 ,-3.7019],[-0.9055, 0.3901,-0.1278, 0.1625],0.2048
2374,[-0.8863, 0.4326,-0.2248, 0.1611],[-0.7002,-1.9085, 5.3839,-0.472 ,-2.0568],[-0.8931, 0.4176,-0.2136, 0.1717],0.113
2376,[-0.9005, 0.3933,-0.3584, 0.1647],[ 1.2275, 5.3818, 0.2775,13.6902, 0.9744],[-0.9019, 0.3886,-0.3451, 0.1779],0.0914
2378,[-0.8988, 0.4015,-0.4136, 0.1585],[ 1.7151,32.3167,-0.7728, 3.1501, 0.7045],[-0.8984, 0.3992,-0.4018, 0.172 ],0.0503
2383,[-0.8851,-0.4235, 0.2192, 0.1505],[-0.1976, 2.6582,-1.922 ,-0.1148,-0.66  ],[-0.8917,-0.4086, 0.2069, 0.1628],0.1156
2385,[-0.8952,-0.3951, 0.3401, 0.1416],[1.279 ,0.0448,3.4568,2.1796,0.7165],[-0.8973,-0.3897, 0.3271, 0.1561],0.0857
2400,[-0.9081,-0.0277, 0.023 , 0.0601],[1.2213e+00,2.8837e+00,1.4875e+00,6.8508e-01,4.6852e+03],[-0.9079,-0.027 , 0.0222, 0.0464],0.4261
2401,[-0.9085,-0.041 , 0.0727, 0.0593],[-3.3974e-01,-1.1888e+00, 3.4658e+02, 6.2976e-01, 1.7554e+00],[-0.9081,-0.0451, 0.0738, 0.049 ],0.406
2402,[-0.9074, 0.036 ,-0.0717, 0.0578],[-122.8348,-120.2698,-124.7232,-124.2067,-121.9927],[-0.9069, 0.0406,-0.0737, 0.0528],0.4029
2403,[-0.9004,-0.026 , 0.1889, 0.0472],[ -7.6216,-10.4322, -7.9931, -8.548 , -8.8154],[-0.8979,-0.0455, 0.2008, 0.0497],0.3026
2404,[-0.9028, 0.0313,-0.1849, 0.0777],[-10.1784, -9.2144,-11.1557, -9.7813, -9.68  ],[-0.9003, 0.0498,-0.1949, 0.0801],0.3136
2410,[-0.9064, 0.0714,-0.0383, 0.0486],[ 1.4329,-3.512 ,50.4676,-3.1017,-0.825 ],[-0.9064, 0.0668,-0.0355, 0.039 ],0.4045
2411,[-0.9058, 0.0912, 0.0876, 0.0476],[-15.1609,-16.5598,-15.4703,-15.5041,-15.0271],[-0.9054, 0.0665, 0.1051, 0.0452],0.3695
2412,[-0.9073, 0.0768,-0.0912, 0.0479],[1.3101e+00,2.2505e+00,1.4708e-01,1.6123e+00,1.2329e+03],[-0.907 , 0.0782,-0.0892, 0.0361],0.3782
2413,[-0.8892, 0.0775, 0.1743, 0.0168],[-2.3333,-3.0515, 1.2258,-1.9563,-1.6812],[-0.8874, 0.0486, 0.1941, 0.0012],0.2631
2414,[-0.9017, 0.1357,-0.1929, 0.0441],[-6.3926,-5.6956,-8.9282,-7.0244,-4.7757],[-0.9005, 0.1415,-0.1919, 0.0458],0.2736
2416,[-0.9038, 0.1403,-0.2929, 0.0349],[-2.4271, 1.4412,-3.3179,-1.0665,-0.2724],[-0.8997, 0.1556,-0.3002, 0.0362],0.2135
2420,[-0.9063,-0.0653, 0.0407, 0.0617],[-52.8315,-47.6412,-53.1959,-53.6045,-48.842 ],[-0.9062,-0.0614, 0.0355, 0.0521],0.4072
2421,[-0.9057,-0.0777, 0.0917, 0.0613],[ 5.8656e+00,-1.6118e-01, 4.2425e+02, 9.0231e-01, 7.7458e+00],[-0.9053,-0.0789, 0.089 , 0.0541],0.3706
2422,[-0.9001,-0.0931,-0.0818, 0.0527],[-10.7566, -9.8726,-11.5731,-10.5466, -9.8443],[-0.8999,-0.0704,-0.0959, 0.0491],0.3485
2423,[-0.9012,-0.1294, 0.189 , 0.0489],[ 0.5111,-1.6319, 7.7592,-0.3263, 9.5945],[-0.8999,-0.1355, 0.1891, 0.0415],0.2753
2425,[-0.8951,-0.1439, 0.2936, 0.0557],[-2.9596,-5.3658,-0.5665,-4.1875,-3.1378],[-0.8911,-0.1573, 0.2981, 0.0445],0.1838
2430,[-0.9007, 0.2026,-0.028 , 0.0621],[-14.8868,-16.1959,-13.4215,-15.4117,-14.4731],[-0.9028, 0.1801,-0.0105, 0.0542],0.3433
2431,[-0.8996, 0.175 , 0.0802, 0.0386],[-3.0432,-3.3665,-1.0086,-2.5563,-2.4075],[-0.9005, 0.1415, 0.1078, 0.0381],0.3133
2432,[-0.8943, 0.2296,-0.1058, 0.0555],[ 0.6908, 0.1075, 2.407 ,-0.4388,68.6758],[-0.8966, 0.2152,-0.0929, 0.0473],0.2709
2434,[-0.8968, 0.2071,-0.2107, 0.038 ],[ 5.5272e-01, 2.9499e+00,-2.1613e-01, 9.5980e-01, 2.1851e+02],[-0.8968, 0.2066,-0.2038, 0.0297],0.2246
2436,[-0.8957, 0.2215,-0.304 , 0.0452],[ 1.1057, 5.2435,-1.3679, 0.4382,59.892 ],[-0.8934, 0.2274,-0.2996, 0.0375],0.1602
2440,[-0.8957,-0.2073, 0.0261, 0.04  ],[-10.3744, -8.6189,-11.0405, -9.8972, -9.5336],[-0.898 ,-0.185 , 0.009 , 0.0365],0.3224
2441,[-0.8983,-0.2252, 0.1137, 0.0492],[ 0.1018, 1.0849,-1.3894,-0.8969, 3.7584],[-0.9005,-0.2117, 0.1008, 0.0408],0.2837
2442,[-0.8934,-0.1921,-0.0587, 0.0733],[-2.6248, 0.4695,-3.9107,-2.7182,-1.5595],[-0.8949,-0.1616,-0.0814, 0.0581],0.2924
2443,[-0.9017,-0.2106, 0.2087, 0.0457],[3.4463e-01,5.0454e-02,2.6029e+00,5.5489e-01,1.5903e+02],[-0.9018,-0.2095, 0.2016, 0.0362],0.2424
2445,[-0.8997,-0.2247, 0.3092, 0.0589],[61.9221,-1.0744, 2.7339, 0.553 , 0.944 ],[-0.8972,-0.2308, 0.3055, 0.0605],0.1683
2450,[-0.8967, 0.2965,-0.0437, 0.0656],[-2.6597,-4.1592,-1.6436,-3.8108,-2.1655],[-0.9014, 0.2672,-0.0203, 0.0718],0.2983
2452,[-0.887 , 0.3165,-0.129 , 0.0636],[-3.1474,-4.1308,12.9486,-3.0503,-2.5644],[-0.8917, 0.2982,-0.1126, 0.0737],0.2066
2454,[-0.8855, 0.3271,-0.2151, 0.0524],[ 2.2245,30.0095, 1.3199, 1.7698, 2.2995],[-0.8889, 0.3171,-0.2027, 0.0629],0.1491
2456,[-0.8956, 0.3467,-0.3243, 0.071 ],[ 2.6466,58.6837,-0.8313, 0.3821, 2.2734],[-0.8964, 0.344 ,-0.3179, 0.084 ],0.109
2460,[-0.8827,-0.2976, 0.0373, 0.032 ],[-2.289 ,-0.5382,-3.2294,-1.8819,-0.7984],[-0.8876,-0.2711, 0.0153, 0.0365],0.2439
2461,[-0.8939,-0.3165, 0.1286, 0.0493],[-1.0682, 5.8489,-2.4368,-1.5919,-0.9564],[-0.8986,-0.2969, 0.1104, 0.059 ],0.2327
2463,[-0.8901,-0.3235, 0.2157, 0.0461],[ 2.0125, 1.7582,16.9365, 1.0571, 1.464 ],[-0.8935,-0.3133, 0.2021, 0.0588],0.1657
2465,[-0.8948,-0.329 , 0.3253, 0.0633],[ 0.9609,-0.1362,47.8448, 0.8788, 1.2474],[-0.8949,-0.3276, 0.318 , 0.0755],0.1124
2472,[-0.8841, 0.423 ,-0.1373, 0.0722],[-3.7795,-4.6169,-3.2801,-3.4542,-4.3888],[-0.8927, 0.4002,-0.1203, 0.0774],0.1611
2474,[-0.8854, 0.4339,-0.2258, 0.0604],[-7.8218,-8.5895,-7.2715,-7.4144,-8.4402],[-0.8927, 0.4199,-0.2141, 0.0722],0.1101
2476,[-0.8889, 0.4129,-0.3386, 0.0544],[ 0.3263, 1.0193,-1.774 , 0.9866,-1.4856],[-0.8917, 0.4082,-0.3322, 0.0672],0.06
2478,[-0.9049, 0.4072,-0.4257, 0.0682],[ 0.0271, 7.4104,-0.8085,13.8302, 0.3293],[-0.9041, 0.4064,-0.4213, 0.083 ],0.0537
2481,[-0.8834,-0.3993, 0.1441, 0.0467],[-0.8266, 0.8356,-2.7941,-0.1442,-1.5922],[-0.891 ,-0.3786, 0.1289, 0.056 ],0.1608
2483,[-0.884 ,-0.4143, 0.2158, 0.0368],[-2.0328,-1.4034,-2.7537,-1.5038,-2.5879],[-0.8907,-0.4004, 0.2034, 0.0468],0.1175
2485,[-0.8958,-0.4211, 0.3146, 0.0439],[1.137 ,0.6681,2.7345,4.5798,0.07  ],[-0.8999,-0.4142, 0.3059, 0.0579],0.0924
2487,[-0.8983,-0.4116, 0.4071, 0.0566],[ 0.6606,-0.4135,12.6531, 1.9896, 0.2059],[-0.8985,-0.4104, 0.4034, 0.0694],0.0446
2494,[-0.8828, 0.506 ,-0.245 , 0.0451],[-14.6391,-13.6704,-14.3307,-14.3739,-14.8464],[-0.8927, 0.493 ,-0.2333, 0.0596],0.0689
2500,[-0.9075,-0.0285, 0.0117,-0.0565],[1.1873e+00,1.1388e+00,1.3806e+00,1.7074e+00,5.9340e+03],[-0.9079,-0.0257, 0.0067,-0.0722],0.4297
2501,[-0.9076,-0.042 , 0.0704,-0.0483],[ 1.4706e+00,-1.5150e+00, 1.8056e+03, 2.5120e-01, 1.1164e+00],[-0.9077,-0.0459, 0.0711,-0.0604],0.4052
2502,[-0.9065, 0.0226,-0.0701,-0.0755],[-1.9867e-01, 9.4815e+02,-8.4924e-01, 7.5383e-01, 6.8327e-01],[-0.9066, 0.0292,-0.0719,-0.0884],0.4076
2503,[-0.8958,-0.0228, 0.195 ,-0.062 ],[-7.682 ,-9.0668,-6.2587,-7.2711,-6.016 ],[-0.8935,-0.0434, 0.2071,-0.0676],0.2843
2504,[-0.8995, 0.0334,-0.1799,-0.0652],[-11.7567,-11.5331,-13.2551,-11.7916,-12.5933],[-0.8977, 0.0516,-0.1892,-0.0681],0.3052
2510,[-0.9048, 0.0747,-0.0387,-0.0647],[ 1.2909e+00,-8.1973e-02, 6.7511e+02, 1.0774e+00, 8.3440e-01],[-0.9054, 0.0702,-0.0369,-0.0746],0.3984
2511,[-0.9   , 0.085 , 0.0829,-0.0544],[-19.4347,-20.7113,-19.3607,-18.6025,-19.573 ],[-0.9   , 0.0623, 0.1001,-0.0596],0.3505
2512,[-0.9058, 0.0842,-0.094 ,-0.0605],[1.0156e+00,2.7965e+03,1.1158e+00,1.3965e+00,1.1885e+00],[-0.9061, 0.0853,-0.0907,-0.0701],0.3702
2513,[-0.9035, 0.0599, 0.1772,-0.1154],[-1.5314,-4.0421,-0.42  ,-1.9354,-2.8322],[-0.9018, 0.0281, 0.1995,-0.0992],0.3273
2514,[-0.901 , 0.1384,-0.1903,-0.0583],[ 1.0106,10.6471,-1.3243, 8.0678, 0.5322],[-0.9003, 0.1445,-0.1909,-0.0573],0.2716
2516,[-0.8995, 0.1457,-0.2914,-0.0558],[-6.2534,-5.9052,-7.5107,-7.052 ,-6.1522],[-0.8958, 0.1607,-0.2986,-0.0508],0.1985
2520,[-0.9048,-0.0703, 0.036 ,-0.0575],[ 2.7264e+00, 2.8075e+00,-2.7164e-01, 2.1570e-01, 8.0003e+02],[-0.9054,-0.0652, 0.0282,-0.0707],0.4046
2521,[-0.9058,-0.085 , 0.0939,-0.0597],[6.2766e+03,2.0127e-01,2.2074e+00,7.2426e-01,1.3067e+00],[-0.906 ,-0.0861, 0.0912,-0.0666],0.3693
2522,[-0.8996,-0.0835,-0.0815,-0.0598],[-25.4697,-25.3514,-26.3053,-25.589 ,-26.1769],[-0.8998,-0.0612,-0.0976,-0.0712],0.3518
2523,[-0.8971,-0.1374, 0.1908,-0.0466],[ 1.3078,-1.148 ,37.4572, 0.3116, 1.364 ],[-0.8963,-0.1434, 0.1909,-0.0509],0.2574
2525,[-0.897 ,-0.149 , 0.289 ,-0.0473],[-2.895 ,-5.2426,-3.174 ,-2.9245,-3.4396],[-0.8935,-0.1629, 0.2931,-0.0504],0.193
2530,[-0.8925, 0.1998,-0.0288,-0.0515],[-23.4989,-24.3461,-22.463 ,-23.3376,-22.5075],[-0.8951, 0.1793,-0.0126,-0.0618],0.3127
2531,[-0.8979, 0.1923, 0.0714,-0.0453],[-3.683 ,-5.1899,-2.9836,-4.2146,-4.0863],[-0.8997, 0.1581, 0.0992,-0.0489],0.3056
2532,[-0.893 , 0.2004,-0.1204,-0.0435],[  2.398 ,  0.5991, -0.7373,  0.2306,126.4853],[-0.8949, 0.1908,-0.106 ,-0.0533],0.2695
2534,[-0.8951, 0.2061,-0.209 ,-0.0402],[7.8653e-01,7.2445e+02,3.3627e-01,8.2554e-01,9.9253e-01],[-0.8954, 0.206 ,-0.2016,-0.0417],0.221
2536,[-0.8895, 0.237 ,-0.2994,-0.0334],[ 1.5629e-01, 1.8801e+02,-1.1553e+00, 3.0155e-02, 1.8033e+00],[-0.8879, 0.2421,-0.2969,-0.0372],0.1372
2540,[-0.8938,-0.1981, 0.03  ,-0.0558],[-24.4881,-23.6895,-25.8237,-24.5891,-24.8829],[-0.8964,-0.1778, 0.0141,-0.0646],0.318
2541,[-0.892 ,-0.2065, 0.1135,-0.0413],[ 3.0869,-3.7132,-3.3729,-1.0516, 2.805 ],[-0.8941,-0.1958, 0.1   ,-0.0487],0.2669
2543,[-0.8948,-0.2047, 0.2124,-0.0427],[1.2256e+00,2.7606e-02,3.5140e+02,1.1384e+00,1.7513e+00],[-0.8949,-0.2051, 0.2053,-0.0481],0.2185
2545,[-0.8922,-0.2178, 0.2976,-0.0399],[ 0.393 ,-0.8808,90.8613, 2.391 , 0.6898],[-0.8901,-0.2246, 0.2952,-0.0448],0.1528
2550,[-0.8857, 0.3   ,-0.0328,-0.0424],[-3.7355,-5.0677,-3.3295,-3.778 ,-3.8491],[-0.8911, 0.2719,-0.0096,-0.0502],0.2584
2552,[-0.8858, 0.3167,-0.1187,-0.0224],[-4.2919,-6.4175,-1.9371,-3.0911,-3.9382],[-0.891 , 0.2978,-0.1024,-0.0225],0.2089
2554,[-0.886 , 0.3268,-0.2195,-0.0108],[ 2.279 , 1.4059, 0.391 ,27.36  , 1.0206],[-0.8895, 0.3178,-0.2091,-0.0049],0.148
2556,[-0.8908, 0.3406,-0.3114,-0.0163],[ 1.122 ,97.1417,-0.3456, 2.212 , 0.7065],[-0.8921, 0.3387,-0.306 ,-0.0155],0.1041
2560,[-0.8872,-0.3025, 0.0372,-0.0661],[-3.6002,-3.0994,-5.3389,-3.3897,-2.4192],[-0.8927,-0.2744, 0.0166,-0.0615],0.2652
2561,[-0.8855,-0.3196, 0.1233,-0.0274],[-6.9865,-5.1858,-8.3446,-6.5067,-6.5664],[-0.8908,-0.3009, 0.1066,-0.0291],0.2052
2563,[-0.8843,-0.337 , 0.222 ,-0.0157],[ 1.7143, 0.1657, 2.1123,25.6544, 0.6393],[-0.8882,-0.3278, 0.2113,-0.009 ],0.1383
2565,[-0.8853,-0.3352, 0.3196,-0.0031],[1.1173e+00,2.6539e-03,7.9456e+01,3.9373e-01,4.2647e-01],[-0.886 ,-0.334 , 0.3146,-0.0028],0.0846
2572,[-0.8912, 0.3939,-0.1379, 0.    ],[-3.2726,-3.9793,-2.5315,-3.6748,-3.4386],[-0.899 , 0.3709,-0.1149, 0.    ],0.197
2574,[-0.8862, 0.4152,-0.2378,-0.0013],[-6.5141,-6.3113,-4.8453,-4.9777,-6.3867],[-0.8926, 0.4033,-0.2259,-0.0012],0.1116
2576,[-0.8884, 0.4155,-0.3383, 0.    ],[-4.3823,-3.358 ,-5.2449,-3.8204,-5.4309],[-0.8915, 0.4116,-0.3334, 0.0062],0.0576
2578,[-0.8955, 0.4054,-0.3932, 0.    ],[-0.0993, 8.3852,-0.7566, 6.8506,-0.4248],[-0.896 , 0.4048,-0.3921, 0.0016],0.046
2581,[-0.8774,-0.4068, 0.1503,-0.0261],[-1.3344,-1.3344,-2.9339,-2.1754,-2.1951],[-0.8856,-0.3879, 0.1349,-0.0315],0.1365
2583,[-0.8804,-0.4144, 0.2205,-0.0164],[-2.2436,-1.7955,-3.1641,-1.9011,-2.8048],[-0.8873,-0.4018, 0.2098,-0.0161],0.1035
2585,[-0.8835,-0.4325, 0.312 ,-0.0055],[-0.3494,-1.214 , 0.7811, 0.6949,-1.2465],[-0.8883,-0.4266, 0.3053,-0.0033],0.0536
2587,[-0.8981,-0.4143, 0.414 , 0.    ],[ 1.1173,-0.377 , 6.2272, 4.7638,-0.299 ],[-0.8981,-0.414 , 0.4137, 0.0156],0.0371
2594,[-0.8756, 0.5228,-0.2679, 0.    ],[-14.0824,-13.6682,-13.765 ,-12.3486,-14.0596],[-0.8857, 0.5129,-0.258 , 0.0156],0.0294
2600,[-9.0610e-01,-1.8511e-02,-7.4176e-04,-1.7149e-01],[1.5481e+00,1.9460e+03,1.9219e+00,1.5900e+00,1.4019e+00],[-9.0690e-01,-1.6065e-02,-1.8330e-04,-1.8389e-01],0.4304
2601,[-0.9046,-0.0379, 0.0703,-0.1745],[-0.1362,-0.5193,17.5283, 0.8904,-0.5613],[-0.9052,-0.0427, 0.0724,-0.1833],0.3952
2602,[-0.9078, 0.0315,-0.0717,-0.1651],[ -0.7314,582.2199, -5.6183, -2.0714, -3.5088],[-0.9083, 0.0376,-0.0745,-0.1764],0.4103
2603,[-0.8982,-0.0355, 0.1951,-0.1527],[-4.0487,-6.1582,-5.0493,-3.6131,-4.4669],[-0.8963,-0.0557, 0.2074,-0.1559],0.2891
2604,[-0.9042, 0.0326,-0.1881,-0.1703],[-11.9093,-11.7953,-13.1017,-12.142 ,-11.704 ],[-0.9026, 0.0537,-0.2005,-0.1742],0.3182
2610,[-0.9034, 0.0741,-0.0382,-0.1765],[ 1.6153e-01,-3.1735e-01, 8.2531e+02, 7.7088e-01, 5.6529e-01],[-0.9045, 0.0699,-0.037 ,-0.184 ],0.3949
2611,[-0.8943, 0.0803, 0.0734,-0.1639],[-12.153 ,-13.3043,-11.3086,-11.9192,-12.6468],[-0.895 , 0.0601, 0.0863,-0.1733],0.3375
2612,[-0.9062, 0.0829,-0.0953,-0.1737],[1.3743e+00,2.7384e+03,9.4880e-01,1.9631e+00,4.1667e-01],[-0.9069, 0.0849,-0.0928,-0.1811],0.3731
2614,[-0.903 , 0.1311,-0.1895,-0.1622],[  1.8057,  1.0649, -1.1664,141.6311, -0.3125],[-0.9025, 0.1389,-0.1919,-0.1525],0.2821
2616,[-0.9038, 0.1581,-0.2866,-0.1546],[-5.5119,-5.4657,-6.5504,-5.2967,-6.0308],[-0.9009, 0.1725,-0.2897,-0.1588],0.2147
2620,[-0.9044,-0.074 , 0.0358,-0.1683],[9.1246e-01,8.1008e+02,2.2284e-01,9.2648e-01,1.6427e+00],[-0.9054,-0.0693, 0.0335,-0.1781],0.4006
2621,[-0.907 ,-0.0837, 0.0885,-0.1601],[1.3055e+00,3.4487e-01,1.6322e+03,1.7419e+00,5.3095e-01],[-0.9077,-0.0845, 0.085 ,-0.1666],0.3803
2622,[-0.9028,-0.0786,-0.0695,-0.1697],[-23.8403,-23.56  ,-24.2611,-24.0721,-24.2246],[-0.9035,-0.0576,-0.084 ,-0.1788],0.3751
2623,[-0.8977,-0.1315, 0.1979,-0.1629],[-0.1674,-1.5412, 9.4643, 0.4455,-0.0398],[-0.8971,-0.1396, 0.1985,-0.1663],0.2594
2630,[-0.8861, 0.1946,-0.0242,-0.1519],[-10.1587,-11.3093, -9.4702, -9.6526, -9.951 ],[-0.8891, 0.1753,-0.0091,-0.1555],0.2897
2632,[-0.8937, 0.1902,-0.1109,-0.1408],[-1.0348,-1.5361,-3.6737,-0.2361,-2.3981],[-0.8959, 0.1805,-0.0945,-0.1416],0.2832
2634,[-0.8959, 0.2043,-0.2132,-0.1374],[ 1.2772, 1.6192,-0.3745,69.0416,-0.1103],[-0.8964, 0.2053,-0.2045,-0.1306],0.2239
2636,[-0.8977, 0.2114,-0.2862,-0.1455],[ 1.2763, 3.8105,-1.3002, 2.6561,-0.3869],[-0.8962, 0.2192,-0.2824,-0.143 ],0.181
2640,[-0.8914,-0.1981, 0.0329,-0.1614],[-16.7604,-15.6831,-17.5829,-16.7564,-17.1285],[-0.8944,-0.1789, 0.0209,-0.164 ],0.3075
2641,[-0.8907,-0.1958, 0.1177,-0.1685],[-12.7373,-15.0046,-13.6901,-12.5554,-13.3667],[-0.8931,-0.1869, 0.1019,-0.1682],0.2662
2643,[-0.8935,-0.196 , 0.2027,-0.1593],[  2.0293, -0.2623,103.3233,  2.1843,  1.0664],[-0.8941,-0.1969, 0.1941,-0.1649],0.2248
2645,[-0.8908,-0.229 , 0.2857,-0.1365],[ 1.5333,-0.8393,32.9176, 0.4057, 0.1852],[-0.8899,-0.2344, 0.2784,-0.1473],0.1548
2650,[-0.8833, 0.2976,-0.0468,-0.1436],[-1.6175,-2.3123,-1.6338,-1.9086,-1.7426],[-0.889 , 0.2724,-0.0278,-0.1521],0.2443
2652,[-0.8733, 0.3318,-0.0732,-0.1301],[-2.8217,-4.3113,-2.0787,-3.3192,-3.3306],[-0.88  , 0.3093,-0.0558,-0.1392],0.1847
2654,[-0.8894, 0.3286,-0.2563,-0.1352],[ 1.1674, 2.3626,-0.5285, 7.4105,-0.1269],[-0.8926, 0.3234,-0.2431,-0.1276],0.1391
2656,[-0.8837, 0.3363,-0.2783,-0.1254],[ 0.3278,44.4522,-0.3567, 1.2205,-0.133 ],[-0.8864, 0.333 ,-0.2683,-0.1347],0.1046
2660,[-0.8949,-0.3047, 0.0458,-0.1601],[-1.2822,-1.0652,-2.1378,-1.4262,-1.425 ],[-0.9009,-0.2756, 0.0237,-0.1591],0.2906
2661,[-0.8841,-0.3098, 0.1005,-0.1551],[-5.4861,-4.9038,-6.4714,-5.7443,-5.1665],[-0.8899,-0.2902, 0.0864,-0.1659],0.2153
2700,[-0.9003,-0.0085, 0.006 ,-0.2713],[ 1.4116, 1.6617,16.253 ,17.7659, 0.5939],[-0.9014,-0.0084, 0.0071,-0.2664],0.4064
2701,[-0.8986,-0.0382, 0.0773,-0.2648],[-91.5304,-92.2902,-91.2099,-90.6753,-92.1551],[-0.8995,-0.0439, 0.0796,-0.2646],0.3664
2702,[-0.9045, 0.0359,-0.0782,-0.265 ],[-30.1025,-28.7239,-30.9435,-28.6844,-30.5977],[-0.9053, 0.0425,-0.0821,-0.2664],0.3909
2703,[-0.8931,-0.0363, 0.1845,-0.2617],[-3.3933,-4.7939,-2.6299,-3.273 ,-4.1442],[-0.8919,-0.0546, 0.1927,-0.2627],0.2796
2710,[-0.8997, 0.0694,-0.0379,-0.2864],[ 5.7984e-01,-4.2137e-02, 3.4341e+02, 7.1576e-01, 2.6528e-02],[-0.9012, 0.0661,-0.0375,-0.2921],0.382
2712,[-0.9057, 0.0803,-0.0958,-0.2743],[8.4651e-01,3.2641e+02,3.0083e-01,5.2264e+00,2.0148e+00],[-0.9067, 0.0831,-0.0942,-0.28  ],0.3724
2714,[-0.9025, 0.1315,-0.1921,-0.2902],[ 0.3481,48.577 ,-1.0092, 1.6651,-0.4274],[-0.9025, 0.1406,-0.1949,-0.2952],0.28
2720,[-0.8989,-0.069 , 0.0377,-0.2862],[-7.3684e-02, 1.0168e+03,-1.1890e-01, 1.8973e+00,-3.2493e-03],[-0.9004,-0.0658, 0.0374,-0.2919],0.3799
2721,[-0.9044,-0.0727, 0.0804,-0.277 ],[2.0544e+00,2.3663e-01,9.8271e+02,3.9553e+00,1.4745e+00],[-0.9056,-0.0743, 0.0781,-0.2806],0.3796
2722,[-0.9052,-0.0995,-0.0761,-0.2657],[-8.1602,-7.645 ,-9.0346,-8.2095,-8.4588],[-0.9066,-0.0746,-0.0898,-0.2779],0.3775
2723,[-0.882 ,-0.1109, 0.2189,-0.3006],[-0.3956,-1.1715,40.7187, 5.6308,-0.24  ],[-0.8811,-0.1231, 0.2195,-0.3058],0.1987
2732,[-0.9038, 0.1755,-0.1398,-0.3606],[ 1.1905, 0.7038,-0.021 , 8.2265,-0.4653],[-0.9063, 0.1707,-0.1193,-0.351 ],0.3164
2734,[-0.8997, 0.1963,-0.2192,-0.3489],[ 0.7748,66.4746,-0.6132, 3.9282,-0.1463],[-0.9005, 0.2005,-0.2127,-0.3538],0.236
2740,[-0.8839,-0.171 , 0.0416,-0.2586],[-6.1542,-5.2616,-7.2779,-6.163 ,-7.1274],[-0.8869,-0.1567, 0.0282,-0.2737],0.2863
2741,[-0.8845,-0.1856, 0.1209,-0.3025],[ 0.9833,-1.0589, 0.1654, 8.9305,-0.6958],[-0.887 ,-0.1791, 0.1086,-0.2942],0.2433
2743,[-0.8808,-0.1891, 0.2096,-0.2919],[  2.3131, -0.3342,112.4901,  3.1047, -0.2695],[-0.8817,-0.1917, 0.1983,-0.2965],0.1797
2800,[-0.8871,-0.0441, 0.0239,-0.4303],[1.6674e+00,2.0819e+03,2.5335e+00,2.0864e+00,8.5838e-01],[-0.889 ,-0.0424, 0.0255,-0.4226],0.3455
2801,[-0.8727,-0.0448, 0.0642,-0.454 ],[ 1.7765e-02,-4.4540e-01, 4.4648e+02, 1.8710e+00,-2.7815e-01],[-0.8746,-0.0478, 0.0659,-0.4678],0.2685
2810,[-0.8994, 0.0597,-0.051 ,-0.3812],[1.0250e+00,5.1165e-01,1.1631e+03,2.8582e+00,6.5980e-01],[-0.9011, 0.0595,-0.0526,-0.3778],0.3804
2820,[-0.8915,-0.0611, 0.0491,-0.4321],[8.7536e-01,1.5338e+03,4.4497e-01,1.5951e+00,1.6794e-01],[-0.8934,-0.0607, 0.0502,-0.4196],0.3462
2821,[-0.8877,-0.0614, 0.0595,-0.4438],[1.1472e+00,5.1158e-01,2.1007e+03,2.2605e+00,5.8011e-01],[-0.8897,-0.0618, 0.0573,-0.4351],0.3272
2834,[-0.9054, 0.2381,-0.2169,-0.3808],[ 0.8186, 2.2577, 0.0555,25.0609, 0.0295],[-0.9077, 0.2376,-0.204 ,-0.3742],0.2492
2841,[-0.8732,-0.1973, 0.105 ,-0.379 ],[ 0.9327, 0.8874, 0.5603,12.8696, 0.5324],[-0.8765,-0.1898, 0.1006,-0.3615],0.203
2901,[-0.8756,-0.0516, 0.0745,-0.5109],[ 9.3267e-02,-1.2174e+00, 2.5756e+03, 1.5266e+01,-3.2127e-01],[-0.8777,-0.0551, 0.0742,-0.5219],0.2742
2920,[-0.8796,-0.0602, 0.0445,-0.5206],[ 6.5865e-01, 2.4578e+00, 4.1786e+00, 2.0149e+03,-8.7862e-01],[-0.882 ,-0.0586, 0.0379,-0.5089],0.3052
2921,[-0.8806,-0.0602, 0.0685,-0.5277],[ 4.8533e-01,-7.0523e-01, 1.2674e+00, 3.3569e+03, 3.2932e-01],[-0.8829,-0.0618, 0.065 ,-0.5189],0.2958
3202,[-0.8643, 0.0484,-0.083 , 0.2703],[-3.9977,-2.9008,-4.5066,-5.3668,-3.2639],[-0.8629, 0.0511,-0.0847, 0.2627],0.2164
3332,[-0.865 , 0.2645,-0.1385, 0.1355],[-0.2665,-1.4157, 0.4018,-1.8718, 1.1146],[-0.8675, 0.254 ,-0.1359, 0.1329],0.133
3354,[-0.86  , 0.3628,-0.222 , 0.1346],[ 1.5116, 1.5141, 0.5389, 0.0574,22.7407],[-0.8642, 0.3534,-0.2148, 0.1355],0.0539
3356,[-0.863 , 0.3485,-0.2868, 0.1301],[ 1.0115, 7.2902,-1.1749,-0.4382, 2.7055],[-0.8651, 0.3435,-0.2741, 0.1392],0.0372
3374,[-0.8663, 0.4029,-0.2446, 0.1254],[2.5576e+01,1.5110e-02,1.8522e+00,1.8447e-02,4.2722e-01],[-0.8717, 0.3931,-0.2349, 0.1104],0.0508
3376,[-0.857 , 0.4686,-0.3037, 0.1393],[ 3.4317,17.2327,-0.1111, 0.6589, 1.7532],[-0.8634, 0.4612,-0.2913, 0.1501],-0.0192
3400,[-0.8593,-0.0438, 0.0032, 0.009 ],[ 1.075 , 0.8559, 0.4012, 0.1943,29.0223],[-8.5945e-01,-3.9815e-02,-3.7508e-04,-6.3906e-03],0.2363
3410,[-0.8516, 0.1436, 0.0013, 0.0205],[-0.7285,-1.9285,-0.0767,-2.5748, 0.0523],[-0.8527, 0.1308, 0.011 , 0.0112],0.1743
3411,[-0.8406, 0.1284, 0.0579, 0.0109],[-0.1366,-3.7874,-0.3884,-1.8811,-0.8535],[-0.8414, 0.113 , 0.0655,-0.0047],0.1285
3412,[-0.8655, 0.1152,-0.1332, 0.0267],[ 0.5514, 2.4643,-1.5864,-1.6592, 2.5776],[-0.8651, 0.1167,-0.133 , 0.0232],0.18
3420,[-0.864 ,-0.0953,-0.0039, 0.0316],[ 0.3462, 1.9673,-0.984 ,-0.6667, 1.7711],[-0.8645,-0.0854,-0.0132, 0.0263],0.2322
3421,[-0.8581,-0.1393, 0.095 , 0.0079],[ 0.9723, 0.3102,15.0938, 0.129 , 1.1616],[-0.8588,-0.1353, 0.0909,-0.0073],0.1677
3430,[-0.8428, 0.2127,-0.0184, 0.0395],[-2.892 ,-4.9168,-2.0735,-4.0181,-2.4489],[-0.8454, 0.1969,-0.0059, 0.0323],0.129
3432,[-0.8571, 0.2515,-0.1094, 0.0574],[ 0.8142,-1.8958,-0.1152,-1.4206, 1.8624],[-0.8601, 0.2397,-0.1   , 0.0525],0.1296
3434,[-0.8606, 0.2653,-0.2136, 0.033 ],[ 0.4324, 6.6846,-0.4762, 0.0323, 6.7908],[-0.862 , 0.2612,-0.2077, 0.0339],0.0859
3440,[-0.8609,-0.2029, 0.0263, 0.0292],[-0.9992, 0.5763,-3.3082,-2.2455,-0.2756],[-0.8633,-0.1865, 0.0118, 0.0288],0.1878
3441,[-0.8562,-0.2376, 0.1102, 0.0282],[-0.0436, 2.0833, 0.3102,-0.8725, 6.0518],[-0.8589,-0.2271, 0.1018, 0.0182],0.1297
3443,[-0.8568,-0.209 , 0.2169, 0.0238],[ 0.2408,-1.3381, 7.7509,-0.4107, 7.8548],[-0.8566,-0.2092, 0.2137, 0.0201],0.0876
3445,[-0.8631,-0.2109, 0.2985, 0.0407],[-0.2604,-1.1559,50.4299,-0.6805, 0.4945],[-0.8608,-0.2158, 0.2876, 0.0314],0.0692
3450,[-8.6221e-01, 3.4981e-01,-4.9020e-02, 7.8125e-05],[-1.6415,-3.6201,-1.1165,-2.0202, 0.3796],[-0.8693, 0.3251,-0.0268,-0.0147],0.1538
3452,[-0.8547, 0.3262,-0.1405, 0.0446],[-1.2979,-1.9646,29.2808,-1.0947,-0.8178],[-0.8597, 0.3127,-0.1287, 0.0543],0.0897
3454,[-0.8525, 0.3506,-0.2095, 0.0431],[ 4.9379,31.1245, 0.674 , 0.6942, 3.6308],[-0.8569, 0.3415,-0.1987, 0.0523],0.0453
3456,[-0.8532, 0.3681,-0.3143, 0.0563],[ 0.3433,16.6774,-0.7428, 0.4291, 0.5669],[-0.8552, 0.3649,-0.3083, 0.0629],-0.0091
3461,[-0.8502,-0.3221, 0.1234, 0.032 ],[ 0.0678,13.2926,-1.7929,-1.2713,-0.4196],[-0.8553,-0.3078, 0.1113, 0.0382],0.086
3463,[-0.8509,-0.3456, 0.215 , 0.0215],[ 0.951 , 0.5851, 8.0586, 0.9114,12.1171],[-0.8552,-0.3376, 0.2065, 0.0176],0.039
3465,[-0.8627,-0.373 , 0.3361, 0.0537],[ 1.0707,-0.7264,35.9621,-0.087 , 0.0997],[-0.8641,-0.3706, 0.3314, 0.0667],0.0019
3472,[-0.8559, 0.4161,-0.1439, 0.0328],[-1.6996,-3.1149,-0.0569,-2.2455,-1.0518],[-0.8644, 0.3989,-0.13  , 0.0365],0.07
3474,[-0.8487, 0.4282,-0.2154, 0.0408],[ 0.9174, 0.0252,24.553 , 0.5467, 0.481 ],[-0.8561, 0.4173,-0.2065, 0.0542],0.0118
3476,[-0.8464, 0.4519,-0.3064, 0.0476],[ 3.0749, 5.7004,-0.3778, 1.7921, 0.8211],[-0.8521, 0.4464,-0.2999, 0.0614],-0.0425
3481,[-0.853 ,-0.4149, 0.1422, 0.0332],[-2.0777, 0.2589,-2.6596, 0.1279,-0.5523],[-0.8614,-0.3981, 0.1301, 0.0381],0.0621
3483,[-0.8448,-0.4453, 0.2168, 0.0352],[ 0.3421,13.3505,-0.5048, 2.0268, 1.1733],[-0.8529,-0.4344, 0.2071, 0.0395],-0.0022
3485,[-0.8518,-0.4385, 0.315 , 0.0603],[2.0774,0.0922,6.7971,5.7867,0.8129],[-0.8566,-0.4334, 0.3079, 0.0722],-0.0303
3492,[-0.851 , 0.5133,-0.1619, 0.0384],[-11.1418,-11.5308,-11.2622,-11.5514,-11.7687],[-0.8632, 0.4971,-0.1522, 0.0534],0.0201
3493,[-0.8366,-0.5101, 0.2368, 0.0307],[-12.1299,-11.6448,-11.4224, -9.5159,-12.0372],[-0.8469,-0.5006, 0.229 , 0.0457],-0.0487
3494,[-0.8363, 0.5208,-0.2262, 0.0491],[-16.1085,-15.5257,-16.0126,-15.6623,-16.146 ],[-0.8473, 0.5105,-0.2181, 0.0636],-0.0475
3495,[-0.8226,-0.5039, 0.2966, 0.0459],[-14.9374,-15.0694,-14.4257,-14.8846,-15.4202],[-0.8309,-0.4984, 0.2919, 0.06  ],-0.1039
3496,[-0.8459, 0.5177,-0.3009, 0.0396],[-16.0288,-17.892 ,-16.9721,-16.7511,-17.63  ],[-0.8546, 0.5115,-0.2941, 0.0486],-0.0583
3500,[-0.8585, 0.0089, 0.0111,-0.0535],[ 0.6317, 0.6957, 2.357 , 0.655 ,32.7311],[-0.8588, 0.0072, 0.0109,-0.0672],0.2322
3501,[-0.8559,-0.0026, 0.0772,-0.0758],[-0.2084,-0.6658,12.8325,-0.5641,-0.095 ],[-0.8559,-0.0093, 0.0783,-0.0891],0.2053
3502,[-0.8652, 0.0031,-0.1385,-0.0949],[-0.2855,15.1439,-1.0574, 0.0452, 0.1388],[-0.8644, 0.0161,-0.1424,-0.1074],0.2123
3510,[-0.858 , 0.1013,-0.0076,-0.0516],[-10.257 ,-11.6327, -9.9617,-11.1713, -9.3094],[-0.859 , 0.0925,-0.0014,-0.0635],0.21
3511,[-0.8422, 0.085 , 0.0756,-0.0329],[-3.0114,-4.6089,-2.0635,-3.4893,-1.6257],[-0.8425, 0.0717, 0.0791,-0.047 ],0.1416
3512,[-0.86  , 0.1184,-0.1051,-0.0422],[-4.2017,-2.7821,-5.5905,-5.6793,-3.691 ],[-0.8604, 0.1172,-0.1016,-0.0526],0.1765
3514,[-0.8648, 0.1568,-0.2083,-0.0643],[ 0.5008,16.2305,-1.6178, 0.4257,-0.0588],[-0.8641, 0.161 ,-0.2046,-0.0761],0.1318
3520,[-0.861 ,-0.1224, 0.0212,-0.0595],[-3.2031,-1.9042,-4.117 ,-4.3513,-2.4024],[-0.8622,-0.1128, 0.014 ,-0.0729],0.2144
3521,[-0.8579,-0.123 , 0.1059,-0.0472],[-0.9833,-1.6911, 1.3206,-1.7499, 0.5174],[-0.8584,-0.1213, 0.1021,-0.0601],0.1682
3523,[-0.8549,-0.1361, 0.1847,-0.0567],[ 4.4962,-1.653 , 9.5856,-0.3856, 8.8237],[-0.8542,-0.1401, 0.1836,-0.0695],0.1172
3530,[-0.8552, 0.205 ,-0.0292,-0.0523],[-8.7641,-9.6142,-6.8155,-9.1299,-7.5182],[-0.858 , 0.1896,-0.0177,-0.0638],0.171
3532,[-0.8524, 0.2283,-0.1039,-0.0355],[ 0.8833, 1.4265, 3.8871, 1.0149,35.8493],[-0.8552, 0.2182,-0.0946,-0.0477],0.125
3534,[-0.859 , 0.2348,-0.2001,-0.0215],[ 0.2782,17.1158,-0.1862,-0.1243, 2.0528],[-0.8602, 0.232 ,-0.1933,-0.0267],0.0971
3540,[-0.8577,-0.208 , 0.0364,-0.0398],[-4.1373,-3.3259,-6.153 ,-5.2326,-4.4477],[-0.8605,-0.1928, 0.0247,-0.051 ],0.1773
3541,[-0.8562,-0.2257, 0.1151,-0.0405],[ 0.8581, 1.9417, 1.3858,-0.168 ,27.3618],[-0.8588,-0.2166, 0.1059,-0.0522],0.1324
3543,[-0.8572,-0.2274, 0.2219,-0.0317],[ 1.0946,-0.1736,42.4213, 0.5879, 0.6157],[-0.8576,-0.2268, 0.2158,-0.0396],0.083
3545,[-0.8592,-0.2385, 0.3029,-0.0195],[ 0.4831,-1.1286,36.7455, 0.4408, 0.9827],[-0.8575,-0.2424, 0.2969,-0.0236],0.0466
3550,[-0.8417, 0.2821,-0.0517,-0.0445],[-4.6272,-5.4597,-2.0865,-3.802 ,-3.6818],[-0.8466, 0.2649,-0.0403,-0.0497],0.1019
3552,[-0.8475, 0.3271,-0.1268,-0.0215],[ 2.6535e-02,-1.5871e+00, 3.2653e+01, 4.8545e-02,-5.7105e-01],[-0.853 , 0.3133,-0.1149,-0.0244],0.0761
3554,[-0.8498, 0.3501,-0.2204,-0.0166],[ 1.6573, 0.7598, 1.6287,34.373 , 1.2142],[-0.8541, 0.3424,-0.2118,-0.0102],0.0327
3556,[-0.8505, 0.363 ,-0.2955,-0.0277],[ 1.8076,29.2917,-1.2714, 0.5652, 0.7219],[-0.8532, 0.3599,-0.2909,-0.0353],-0.0057
3561,[-0.8503,-0.3261, 0.1354,-0.0328],[-2.2841,-0.265 ,-3.9514,-2.5567,-1.8792],[-0.8557,-0.3128, 0.1234,-0.0395],0.0808
3563,[-0.8496,-0.3445, 0.2126,-0.0213],[ 1.0599, 0.7059,18.7783, 1.6907, 1.8574],[-0.8541,-0.3366, 0.2034,-0.0258],0.0376
3565,[-0.8585,-0.354 , 0.3162, 0.    ],[ 0.3464,-0.7092,25.3322, 1.0332, 0.0443],[-8.6000e-01,-3.5209e-01, 3.1124e-01, 5.3879e-04],0.0065
3572,[-0.8403, 0.4166,-0.1482,-0.0349],[-2.714 ,-4.0837,-1.4814,-1.678 ,-2.4551],[-0.849 , 0.4017,-0.1362,-0.032 ],0.025
3574,[-0.8393, 0.4286,-0.2181,-0.0147],[ 3.6466e-01,-3.3606e-03, 7.0113e-01, 2.7691e+01,-2.9173e-01],[-0.8469, 0.4189,-0.2095,-0.0079],-0.0127
3576,[-0.8476, 0.4297,-0.3124,-0.0035],[ 1.0372,13.8724,-0.8372, 3.7691, 0.4414],[-0.8522, 0.4253,-0.3075,-0.0027],-0.0381
3581,[-0.8428,-0.4206, 0.1428,-0.043 ],[-2.2776,-1.6911,-4.0551,-2.4397,-3.5987],[-0.8518,-0.4051, 0.1312,-0.0505],0.0335
3583,[-0.845 ,-0.4266, 0.2232,-0.011 ],[ 0.7578,18.6795,-0.0917, 1.2274, 0.1868],[-0.8523,-0.4169, 0.2148,-0.0133],-0.0001
3585,[-0.8435,-0.4287, 0.3029,-0.0027],[ 1.6698,-0.5271, 8.9207, 1.4679, 0.9183],[-0.8485,-0.424 , 0.2972,-0.0042],-0.0418
3593,[-0.8259,-0.5029, 0.2757,-0.0156],[-15.39  ,-15.301 ,-14.9526,-15.1867,-15.04  ],[-8.3498e-01,-4.9657e-01, 2.6932e-01, 7.8125e-05],-0.0876
3594,[-0.848 , 0.51  ,-0.2501, 0.    ],[-16.5652,-16.8172,-16.2145,-17.0988,-16.9645],[-0.8581, 0.5008,-0.2409, 0.0052],-0.0275
3595,[-0.8237,-0.503 , 0.2863,-0.0156],[-13.4415,-12.8779,-13.8055,-13.8969,-14.2463],[-0.8326,-0.4975, 0.2808,-0.0305],-0.0966
3596,[-0.8539, 0.5057,-0.2829, 0.    ],[-11.4497, -9.9347,-11.177 ,-10.1669,-11.2673],[-0.8628, 0.4984,-0.2756, 0.0078],-0.0291
3600,[-0.858 , 0.0066, 0.0179,-0.1857],[ 3.6127, 3.2347, 3.0135, 1.1482,72.0996],[-0.8589, 0.0044, 0.0171,-0.2018],0.2349
3601,[-0.8556,-0.0327, 0.07  ,-0.154 ],[-1.4685,-2.9331, 2.1883,-1.9164, 0.998 ],[-0.8562,-0.0356, 0.0633,-0.1689],0.2066
3602,[-0.8627, 0.0263,-0.0894,-0.1803],[ 0.6242, 8.2752,-1.2734, 0.9558, 0.2264],[-0.863 , 0.0325,-0.0907,-0.1934],0.2217
3610,[-0.8597, 0.1107,-0.0128,-0.1775],[-18.9461,-20.1385,-18.486 ,-19.8613,-19.0873],[-0.8613, 0.1015,-0.0061,-0.1907],0.2136
3612,[-0.8609, 0.1153,-0.093 ,-0.1631],[-7.4522,-6.8596,-9.6223,-8.4341,-7.2929],[-0.8621, 0.1129,-0.0827,-0.1763],0.1906
3614,[-0.8658, 0.1652,-0.1819,-0.1301],[-0.1981,11.0789,-1.6308, 0.3373, 5.1789],[-0.8662, 0.1668,-0.1766,-0.1392],0.147
3620,[-0.8583,-0.0875, 0.0165,-0.1795],[-0.1133,26.8523,-0.5624, 0.3083,26.675 ],[-0.8597,-0.0808, 0.0117,-0.195 ],0.2169
3621,[-0.8566,-0.1438, 0.113 ,-0.1835],[ 1.5408, 0.312 ,27.4825, 0.8931, 1.4916],[-0.858 ,-0.1406, 0.1004,-0.1969],0.1604
3623,[-0.8526,-0.1494, 0.2051,-0.1787],[ 1.2176,-1.4072, 7.8807, 0.271 ,-0.6243],[-0.8523,-0.154 , 0.1976,-0.1918],0.1009
3630,[-0.8563, 0.1757,-0.0552,-0.1272],[-6.0857,-8.0196,-4.9593,-6.5587,-6.1149],[-0.8586, 0.1656,-0.0517,-0.1435],0.1705
3632,[-0.8514, 0.2128,-0.0882,-0.1672],[ 0.808 , 3.9628,21.6368, 0.323 , 3.6248],[-0.8545, 0.2029,-0.0809,-0.1802],0.1333
3634,[-0.8664, 0.1675,-0.1736,-0.1436],[ 2.8461, 9.8054,-1.2861, 0.1314, 9.7606],[-0.867 , 0.1681,-0.1662,-0.1521],0.1533
3640,[-0.8644,-0.1765, 0.0426,-0.1353],[-6.4969,-5.7915,-8.1446,-6.9749,-6.6933],[-0.867 ,-0.1636, 0.0297,-0.1512],0.2085
3641,[-0.8555,-0.2212, 0.1134,-0.177 ],[ 1.8203, 2.7342, 0.92  , 0.7131,23.2756],[-0.8586,-0.2126, 0.1036,-0.1923],0.1344
3643,[-0.8598,-0.2128, 0.2178,-0.1574],[ 0.9875,-0.5019,27.5747, 0.5302, 0.6119],[-0.8606,-0.2132, 0.2063,-0.1649],0.1005
3652,[-0.8447, 0.3134,-0.1191,-0.1515],[-0.784 ,-2.135 ,11.5158,-1.2316,-0.4905],[-0.8504, 0.3003,-0.1084,-0.1589],0.0762
3654,[-0.8311, 0.3645,-0.1791,-0.1483],[ 0.513 , 1.7603, 1.3125,19.5753, 0.2538],[-0.8376, 0.3547,-0.1671,-0.1457],0.0007
3661,[-0.8509,-0.3087, 0.1325,-0.1604],[-0.1909, 8.7313,-2.0674,-0.7365,-0.9793],[-0.8564,-0.2965, 0.1214,-0.1708],0.0893
3663,[-0.8463,-0.324 , 0.1818,-0.1458],[ 1.09  , 0.2027,14.8043, 3.1853, 1.1514],[-0.8513,-0.3153, 0.1699,-0.1588],0.0498
3681,[-0.8391,-0.3927, 0.1282,-0.135 ],[-1.0729,-0.5641,-1.6198,-1.2294,-0.9441],[-0.8476,-0.3773, 0.1156,-0.1392],0.0373
3700,[-0.8534,-0.0216, 0.0402,-0.3096],[  1.5457,  1.5206,  1.1806,  1.217 ,503.7917],[-0.8548,-0.0237, 0.0418,-0.3266],0.2135
3701,[-0.8659,-0.0309, 0.0588,-0.3011],[-0.2373,-1.3656,45.535 , 0.3266, 0.125 ],[-0.8671,-0.0341, 0.0591,-0.3178],0.2484
3702,[-0.8657, 0.0471,-0.0815,-0.2588],[ 0.5663,20.6425,-0.9713, 0.3371,-0.6132],[-0.8666, 0.0507,-0.0797,-0.2694],0.2319
3710,[-0.8636, 0.0906,-0.0135,-0.2761],[ 1.5451, 0.0813,22.091 , 0.6395, 0.2989],[-0.8654, 0.0832,-0.0082,-0.2898],0.2383
3712,[-0.8585, 0.1565,-0.0681,-0.2648],[ 0.6067,33.1514,-0.2092, 1.1318, 1.3742],[-0.8609, 0.1488,-0.0594,-0.2746],0.1819
3720,[-0.8573,-0.0956, 0.027 ,-0.294 ],[  0.3039,295.9953, -0.5138,  6.8589,  0.8301],[-0.8592,-0.0893, 0.0222,-0.3051],0.2125
3721,[-0.8539,-0.1473, 0.0883,-0.2687],[  0.8414,  0.2048,169.5838,  1.7851,  1.105 ],[-0.8561,-0.1412, 0.0678,-0.2776],0.1659
3741,[-0.8572,-0.2143, 0.1229,-0.2965],[ 1.0407,70.5352, 8.9733, 1.8361, 0.6649],[-0.8604,-0.208 , 0.1195,-0.3101],0.1358
3743,[-0.8612,-0.1787, 0.1937,-0.268 ],[ 1.7171,-0.135 , 7.3405, 1.9547, 0.5996],[-0.8622,-0.1802, 0.1802,-0.2766],0.1279
3800,[-0.8575,-0.0335, 0.0471,-0.4037],[1.2476e+00,2.0934e+03,3.8900e+00,9.5861e+00,1.7079e+00],[-0.8593,-0.0356, 0.0513,-0.4201],0.2228
3801,[-0.8508,-0.0383, 0.0613,-0.4407],[ 1.7396e+00,-4.4351e-01, 1.3223e+03, 3.6512e-01,-1.5354e-01],[-0.8526,-0.041 , 0.0618,-0.4552],0.1933
3821,[-0.863 ,-0.0577, 0.0644,-0.4323],[ 2.3252e+00,-6.0679e-02, 4.3287e+02, 2.8431e+00, 6.9953e-01],[-0.8649,-0.0591, 0.0639,-0.4473],0.2285
3901,[-0.8543,-0.0525, 0.0669,-0.5193],[ 1.5393e+00,-1.3363e+00, 2.2401e+03, 6.5535e+00, 2.6969e-01],[-0.8565,-0.0549, 0.0683,-0.5298],0.1984
3921,[-0.8622,-0.0601, 0.068 ,-0.5537],[4.3201e+00,3.7191e-02,1.7807e+03,1.0723e+00,9.2334e-02],[-0.8646,-0.0617, 0.0664,-0.5625],0.2257
4430,[-0.8182, 0.272 ,-0.0495, 0.0305],[-1.341 ,-1.9341, 3.1041,-2.1155,-0.4497],[-0.8224, 0.2571,-0.0355, 0.0446],0.0359
4452,[-0.8113, 0.3365,-0.0953, 0.0079],[ 0.2026,-1.17  , 9.93  ,-0.7363, 0.2007],[-0.8175, 0.3229,-0.0829, 0.0079],-0.0116
4454,[-0.8194, 0.3592,-0.2202, 0.0266],[ 1.7371, 3.859 ,-0.4207,-0.2537, 9.3024],[-0.824 , 0.3524,-0.2132, 0.034 ],-0.0461
4456,[-0.8138, 0.3712,-0.3305, 0.0627],[ 0.0537, 3.1959,-1.9306,-0.6973, 1.784 ],[-0.8154, 0.369 ,-0.3216, 0.0752],-0.1029
4461,[-0.8137,-0.3535, 0.1564, 0.0117],[ 1.7705,17.8517,-0.8924,-0.9763, 0.601 ],[-0.8196,-0.3431, 0.1467, 0.004 ],-0.0323
4463,[-0.7881,-0.3311, 0.2301, 0.0079],[ 1.6561, 0.3366,10.2557,-0.1054, 3.367 ],[-0.7915,-0.3267, 0.2258,-0.0073],-0.1104
4472,[-0.8009, 0.399 ,-0.1374, 0.0156],[-1.5489,-2.4347, 5.2969,-2.0355,-0.666 ],[-8.0899e-01, 3.8683e-01,-1.2686e-01, 7.8125e-05],-0.0638
4474,[-0.8079, 0.4401,-0.2292, 0.0272],[ 1.5406, 0.3045,21.8712, 0.28  , 2.5645],[-0.8155, 0.4322,-0.222 , 0.0394],-0.0915
4476,[-0.8165, 0.4733,-0.3162, 0.036 ],[5.8205e-01,7.1589e+00,1.1423e-03,4.5386e-01,1.2284e+00],[-0.8228, 0.469 ,-0.3116, 0.0506],-0.1166
4481,[-0.8103,-0.4849, 0.1584, 0.0463],[-1.1295, 4.401 ,-2.048 ,-1.0559,-0.1752],[-0.8214,-0.4722, 0.1513, 0.0317],-0.0695
4483,[-0.8095,-0.4652, 0.2215, 0.0191],[ 4.0272e-01, 1.0514e+00,-1.4979e-01,-1.0148e-03, 1.3898e+01],[-0.8184,-0.4566, 0.2141, 0.0195],-0.0905
4485,[-0.8149,-0.4959, 0.2796, 0.0312],[ 2.5624,-0.1212, 8.8534, 0.3815, 1.3638],[-0.8235,-0.4899, 0.2735, 0.0459],-0.1099
4493,[-0.7911,-0.5101, 0.2404, 0.0311],[-11.9202,-11.4838,-11.0952, -9.6491,-11.034 ],[-0.8014,-0.5028, 0.2324, 0.0462],-0.1424
4494,[-0.8084, 0.538 ,-0.2373, 0.017 ],[-14.6747,-14.8552,-15.0199,-16.0396,-15.3013],[-0.82  , 0.53  ,-0.2301, 0.0289],-0.1148
4495,[-0.8088,-0.5079, 0.2975, 0.0208],[-11.1741,-11.526 ,-12.014 ,-10.6434,-12.0352],[-0.8173,-0.5029, 0.2926, 0.0361],-0.1315
4496,[-0.807 , 0.5033,-0.3514, 0.0311],[-18.3396,-18.7504,-18.2232,-19.1337,-19.3859],[-0.8133, 0.5005,-0.3485, 0.0466],-0.1547
4500,[-0.8175,-0.006 ,-0.0193,-0.0491],[ 3.839 , 0.9888, 1.0509,-0.1069, 9.1374],[-0.8177,-0.0043,-0.0179,-0.0631],0.1063
4532,[-0.8199, 0.2462,-0.1587,-0.0429],[-2.6305,-2.3005,-2.3443,-3.497 ,-1.7224],[-0.8224, 0.2409,-0.1526,-0.0525],0.0041
4534,[-0.811 , 0.2678,-0.1781,-0.0227],[-0.2742, 0.5984,-2.5071,-1.4697,-0.1497],[-0.8136, 0.2629,-0.1732,-0.0372],-0.0301
4552,[-0.8096, 0.3598,-0.1263,-0.0145],[-0.0683,-1.1441,28.5809,-0.9549, 0.1103],[-0.8164, 0.3475,-0.1157,-0.0174],-0.0315
4554,[-0.813 , 0.3673,-0.1982,-0.0301],[ 1.9343,17.7495, 0.5731, 1.238 , 4.5375],[-0.8187, 0.3593,-0.1899,-0.0346],-0.0528
4556,[-0.8071, 0.3784,-0.3637, 0.    ],[ 2.4129e-02, 4.1348e+00,-1.8973e+00, 1.0694e+00, 1.0397e-03],[-0.8078, 0.3779,-0.3615, 0.0031],-0.1323
4561,[-0.8145,-0.3423, 0.1493,-0.0181],[ 1.2034,24.9064,-1.3809,-0.5589, 1.008 ],[-0.8203,-0.332 , 0.1399,-0.0209],-0.0252
4563,[-0.8079,-0.351 , 0.2187,-0.0295],[ 1.5419, 0.4489, 1.8157, 0.5117,26.1463],[-0.8125,-0.345 , 0.2121,-0.0392],-0.0684
4572,[-0.8032, 0.4216,-0.1583,-0.0168],[-1.5935,-3.2833, 1.7773,-2.1152, 0.1574],[-0.812 , 0.4101,-0.1481,-0.0218],-0.0699
4574,[-0.8023, 0.4477,-0.2113,-0.0174],[ 0.5238, 0.919 ,45.352 , 1.4762, 1.0224],[-0.8109, 0.4391,-0.2035,-0.023 ],-0.0969
4576,[-0.8014, 0.4427,-0.2929, 0.    ],[ 2.0216,12.3624,-0.1417, 0.8537, 0.825 ],[-0.8073, 0.4385,-0.2879, 0.0016],-0.1288
4581,[-0.8106,-0.4367, 0.1544,-0.0487],[-0.8711, 2.6989,-3.3527,-1.8545,-1.2601],[-0.8202,-0.4245, 0.1447,-0.0587],-0.0553
4583,[-0.8037,-0.4469, 0.2277,-0.0095],[22.4848, 1.4962, 1.9556, 1.4885, 3.9165],[-0.8118,-0.4392, 0.2209,-0.0125],-0.1004
4585,[-0.8041,-0.4363, 0.2917, 0.    ],[ 1.4341,-0.9089,12.5478, 1.9091, 2.3571],[-0.8097,-0.432 , 0.2874, 0.    ],-0.1216
4593,[-0.7929,-0.5139, 0.2267,-0.0113],[-13.4539,-13.7641,-13.431 ,-13.01  ,-13.9137],[-0.8039,-0.5062, 0.2194,-0.011 ],-0.1349
4594,[-0.7983, 0.5287,-0.2274,-0.0084],[-18.3079,-18.051 ,-18.4107,-17.2933,-17.9699],[-0.8099, 0.5207,-0.2201,-0.0026],-0.1281
4595,[-0.8031,-0.5123, 0.2972, 0.    ],[-10.8511,-10.5765,-10.5015, -9.5039, -9.9814],[-0.8118,-0.5076, 0.2926, 0.    ],-0.1421
4596,[-0.8051, 0.5211,-0.3088, 0.    ],[-9.0734,-9.302 ,-9.1806,-8.8237,-9.7681],[-0.8138, 0.5168,-0.3044, 0.0117],-0.1443
4600,[-8.2065e-01,-7.7738e-04, 1.0627e-02,-1.5900e-01],[ 0.4707, 1.1678, 1.5123,-0.1937,10.8321],[-0.8214,-0.0019, 0.0161,-0.1754],0.1188
4654,[-0.8211, 0.3775,-0.1975,-0.1311],[ 1.9386,12.9375, 0.5913, 2.3889, 1.0543],[-0.8278, 0.3691,-0.1852,-0.1428],-0.0339
4663,[-0.8158,-0.2978, 0.1889,-0.1571],[ 1.113 , 0.4012, 2.2274, 0.9033,28.2093],[-0.8199,-0.292 , 0.1758,-0.1735],-0.0251
5493,[-0.7682,-0.5245, 0.2122, 0.0156],[ -8.7291, -8.0809,-10.281 , -9.7101,-10.5285],[-0.78  ,-0.5168, 0.2061, 0.0158],-0.1756
5494,[-0.7761, 0.5731,-0.1986, 0.0156],[-15.3088,-15.0452,-14.3427,-14.7921,-15.1551],[-7.9043e-01, 5.6499e-01,-1.9295e-01, 7.8125e-05],-0.1678
5574,[-0.7644, 0.4641,-0.234 ,-0.0052],[ 3.2042, 0.8701, 2.3974, 0.6107,31.2146],[-0.7732, 0.4579,-0.2267,-0.0137],-0.1767
5581,[-0.775 ,-0.4871, 0.1658,-0.0305],[-0.241 ,14.0955,-1.8222,-0.6   , 0.3834],[-0.7865,-0.4769, 0.1565,-0.0446],-0.1416
5583,[-0.7645,-0.4743, 0.2214,-0.0154],[ 2.0747,28.8704, 0.5572,-0.1281, 2.8542],[-0.774 ,-0.4674, 0.2147,-0.0238],-0.175
5585,[-0.7745,-0.4548, 0.2846, 0.    ],[ 1.1066,-0.705 ,16.4355, 0.5815, 1.157 ],[-0.7812,-0.4505, 0.2803, 0.    ],-0.1759
5593,[-0.7557,-0.5214, 0.2182,-0.0063],[-10.7893,-12.1528,-12.2778,-11.365 ,-12.3887],[-0.7672,-0.5144, 0.2121,-0.008 ],-0.1961
5594,[-0.7628, 0.5483,-0.2352, 0.    ],[-20.0452,-19.9775,-20.8025,-20.2172,-20.4268],[-0.7751, 0.5422,-0.2295,-0.0026],-0.1955
6483,[-7.3102e-01,-4.8955e-01, 2.1714e-01, 7.8125e-05],[ 0.8588, 2.4895, 0.6274, 0.3583,11.3651],[-0.7414,-0.4833, 0.2109,-0.0155],-0.2267
6583,[-0.7207,-0.4954, 0.223 ,-0.0156],[ 1.1305, 1.8373, 0.8306, 0.3031,38.4028],[-7.3102e-01,-4.8955e-01, 2.1714e-01, 7.8125e-05],-0.243
6593,[-0.7197,-0.529 , 0.2139, 0.    ],[-11.4585,-11.6128,-11.8526,-12.1324,-12.2769],[-0.7318,-0.5229, 0.208 ,-0.0039],-0.2467
6594,[-0.7323, 0.5926,-0.2156, 0.    ],[-18.4606,-19.1299,-18.5567,-17.8724,-19.5782],[-0.747 , 0.5868,-0.2098, 0.    ],-0.2409
6596,[-0.7101, 0.5095,-0.2898, 0.    ],[-7.8196,-7.2511,-7.4998,-6.8943,-7.9876],[-0.719 , 0.5061,-0.2854, 0.    ],-0.2732
7542,[-0.6601,-0.2149,-0.0628, 0.    ],[-542.1508,-543.0988,-542.8054,-542.6844,-543.1022],[-0.8883, 0.0094,-0.0043, 0.    ],0.1974
