100,[-0.9574, 0.0449,-0.0269, 0.4164],[1.4189,0.4387,0.9921,1.3526,0.6038],[-0.9556, 0.038 ,-0.0196, 0.4291],0.2951
110,[-0.9608, 0.0605,-0.0402, 0.3906],[ 0.4288,-0.1062, 1.6711, 0.6072,-0.0334],[-0.9591, 0.0522,-0.0325, 0.4031],0.2702
200,[-0.9614,-0.017 , 0.0016, 0.2887],[-0.1319, 1.003 , 0.2401, 0.1525,-0.3844],[-0.96  ,-0.013 ,-0.0017, 0.3014],0.2845
201,[-0.9661,-0.0254, 0.0759, 0.2835],[ 0.2047,-0.6165, 1.2298, 0.2586,-0.5314],[-0.9645,-0.0405, 0.0897, 0.2968],0.2325
210,[-0.9631, 0.0746,-0.0534, 0.373 ],[ 0.227 ,-1.0868, 0.5681, 0.2639,-0.398 ],[-0.9616, 0.065 ,-0.0445, 0.3849],0.2509
212,[-0.9657, 0.1142,-0.0993, 0.3177],[ 0.6601, 1.4295, 1.0552, 1.6115,-0.0161],[-0.9645, 0.1044,-0.0925, 0.3297],0.206
214,[-0.9591, 0.1538,-0.172 , 0.27  ],[0.3906,0.0714,0.2574,0.3633,0.3401],[-0.9576, 0.1543,-0.173 , 0.283 ],0.1778
220,[-0.9585,-0.063 , 0.055 , 0.3614],[-0.0921, 1.0527,-0.7475,-0.0433, 0.1169],[-0.9569,-0.0555, 0.0376, 0.374 ],0.2752
221,[-0.9617,-0.0759, 0.1108, 0.3123],[ 1.0274,-0.0167, 0.9052, 1.4942, 0.2824],[-0.9599,-0.0819, 0.1117, 0.3226],0.2233
232,[-0.9704, 0.191 ,-0.1498, 0.2846],[ 0.2632,-0.4471, 1.822 ,-0.0349,-0.0136],[-0.97  , 0.1685,-0.1277, 0.2951],0.1488
234,[-0.9706, 0.2345,-0.2044, 0.262 ],[0.8752,2.03  ,0.7565,0.6083,0.5573],[-0.9705, 0.2139,-0.1787, 0.2736],0.1106
300,[-0.9612,-0.0069, 0.0075, 0.1798],[-2.0579,-1.899 ,-1.3682,-1.7221,-2.659 ],[-0.9603,-0.0072, 0.0086, 0.1879],0.2734
301,[-0.9604,-0.0079, 0.1022, 0.1818],[-1.4588,-1.6362, 0.1029,-0.3035,-1.5073],[-0.9587,-0.0363, 0.1278, 0.1876],0.2385
302,[-0.9603, 0.0194,-0.1067, 0.166 ],[-0.9701, 0.5702,-1.4052,-0.8339,-1.3345],[-0.9587, 0.0453,-0.1297, 0.1769],0.2355
303,[-0.9579,-0.0549, 0.1843, 0.1737],[ 0.0411,-0.6835, 0.0233, 0.0588,-0.1167],[-0.9551,-0.0882, 0.2136, 0.1598],0.1968
304,[-0.9664,-0.0054,-0.2266, 0.1543],[-0.2009,-0.3282,-0.1733,-0.2742, 0.4323],[-0.9618, 0.0669,-0.2914, 0.1691],0.1513
310,[-0.9626, 0.0926,-0.0022, 0.1762],[-0.9038,-2.4056,-0.0843,-1.518 ,-2.2304],[-0.9621, 0.0605, 0.0277, 0.1897],0.257
311,[-0.9632, 0.0755, 0.056 , 0.1608],[-0.1535,-1.1198, 0.0338, 0.4638,-0.7382],[-0.9622, 0.0274, 0.1075, 0.1749],0.2386
312,[-0.9653, 0.1165,-0.1246, 0.1867],[ 0.3539, 0.217 ,-0.645 , 0.948 ,-1.006 ],[-0.9643, 0.1146,-0.1219, 0.1982],0.1915
314,[-0.96  , 0.1323,-0.1837, 0.1832],[ 0.2445, 0.6309,-1.1996, 0.6267,-0.8614],[-0.9583, 0.1427,-0.1909, 0.1899],0.1729
316,[-0.959 , 0.0977,-0.3183, 0.1765],[-0.0825, 0.4002,-0.5597, 0.0332, 0.0739],[-0.9526, 0.1421,-0.354 , 0.1913],0.1247
320,[-0.9607,-0.1078, 0.0067, 0.1706],[-1.3477, 0.0156,-1.181 ,-0.851 ,-1.4284],[-0.9604,-0.0734,-0.027 , 0.1782],0.2567
321,[-0.9667,-0.1155, 0.105 , 0.1709],[-0.369 , 0.0885, 2.1954, 1.34  ,-0.1272],[-0.9661,-0.1068, 0.0889, 0.1846],0.2008
322,[-0.9612,-0.0949,-0.0683, 0.1378],[-0.864 , 0.9755,-0.8638, 0.0196,-0.1668],[-0.9602,-0.0379,-0.1208, 0.1448],0.2369
323,[-0.9634,-0.1229, 0.2142, 0.1403],[ 0.5924,-0.1995, 2.6525, 0.0413, 0.2276],[-0.9608,-0.1521, 0.2407, 0.1464],0.1419
325,[-0.9804,-0.1536, 0.311 , 0.1497],[-0.0628,-0.3111, 1.1404,-0.0723,-0.1118],[-0.9751,-0.2106, 0.3669, 0.1639],0.0282
330,[-0.9603, 0.1737,-0.0406, 0.1381],[-0.3164,-0.9903, 0.4504, 0.1046,-0.4685],[-0.9611, 0.1289, 0.0019, 0.1529],0.2433
332,[-0.9676, 0.1993,-0.125 , 0.1566],[-0.7494,-1.556 , 1.3152, 0.0348,-1.1316],[-0.9683, 0.1689,-0.0982, 0.1694],0.1661
334,[-0.9742, 0.2505,-0.2076, 0.1747],[ 1.4607, 1.6831,-0.797 , 0.9401,-0.788 ],[-0.9747, 0.2268,-0.1866, 0.1882],0.0902
336,[-0.9592, 0.2035,-0.3026, 0.1345],[ 0.0885, 1.4908,-0.2916, 0.4957,-0.1682],[-0.956 , 0.2201,-0.3089, 0.1393],0.1007
340,[-0.9611,-0.1988, 0.0521, 0.1454],[ 0.1852, 0.007 ,-0.5226,-0.3749, 0.0271],[-0.9624,-0.1504, 0.0113, 0.1603],0.2275
341,[-0.9603,-0.2073, 0.1019, 0.1501],[-0.3778, 1.033 ,-0.6541,-0.197 ,-0.6101],[-0.9615,-0.1716, 0.0657, 0.147 ],0.2007
343,[-0.9602,-0.2525, 0.1819, 0.1331],[ 0.29  ,-0.3089, 0.8002, 1.7547,-0.3311],[-0.9617,-0.2279, 0.1508, 0.1462],0.1438
345,[-0.9607,-0.2201, 0.3144, 0.1464],[ 0.2104, 0.011 , 3.3357, 1.989 ,-0.0696],[-0.9573,-0.2363, 0.3262, 0.1596],0.0839
347,[-0.9663,-0.2576, 0.4106, 0.1838],[0.1463,0.2439,0.5369,0.8034,0.6208],[-0.9604,-0.2778, 0.4275, 0.1828],0.0172
354,[-0.9701, 0.2912,-0.2448, 0.2234],[-0.6839,-0.9702, 0.1019,-0.3781,-0.5666],[-0.9705, 0.2714,-0.2337, 0.2369],0.0678
356,[-0.9665, 0.3586,-0.327 , 0.1691],[ 0.1546, 0.8272,-0.767 , 0.6781,-1.0302],[-0.9674, 0.3441,-0.3074, 0.1829],0.0202
361,[-0.9585,-0.311 , 0.1451, 0.1384],[ 0.1008, 0.0469,-0.5302,-0.2589,-0.377 ],[-0.9621,-0.2661, 0.1091, 0.1384],0.1435
367,[-0.9575,-0.2863, 0.4342, 0.1755],[0.1256,0.0443,2.9942,0.4773,0.241 ],[-0.9517,-0.2985, 0.442 , 0.1902],0.0257
376,[-0.9637, 0.3963,-0.3818, 0.1482],[-0.5561,-0.3971, 0.0134,-0.2413,-0.6031],[-0.9643, 0.3885,-0.3675, 0.1342],-0.0125
378,[-0.9632, 0.41  ,-0.4061, 0.1486],[ 0.1787, 1.1617,-0.4196, 0.6974,-0.5931],[-0.9634, 0.4034,-0.3944, 0.1534],-0.0268
400,[-9.6416e-01,-1.5577e-02,-3.6936e-04, 6.0288e-02],[-1.9756,-2.4047,-2.51  ,-0.8494,-3.4823],[-0.9638,-0.0094,-0.006 , 0.0709],0.2615
401,[-0.9636,-0.0159, 0.099 , 0.0457],[-0.6629,-1.5269, 0.527 ,-0.0378,-1.7057],[-0.9625,-0.0455, 0.1262, 0.0557],0.2234
402,[-0.961 , 0.0095,-0.1043, 0.061 ],[-1.7015, 0.1557,-2.4523,-1.2418,-1.8605],[-0.9598, 0.0408,-0.135 , 0.0665],0.2315
403,[-0.9662,-0.0318, 0.1876, 0.0669],[-0.1359,-0.9268, 1.0359,-0.4811, 0.7709],[-0.9633,-0.0874, 0.2396, 0.061 ],0.1598
404,[-0.9594, 0.0211,-0.1956, 0.0895],[ 0.166 , 0.318 ,-0.6403,-0.1322, 0.4267],[-0.9561, 0.0701,-0.2413, 0.1027],0.1894
410,[-0.9631, 0.1038, 0.001 , 0.0606],[-1.3153,-1.8178, 0.6261, 0.0964,-2.1356],[-0.9633, 0.0642, 0.0387, 0.0721],0.2456
411,[-0.9697, 0.0773, 0.0693, 0.0618],[-0.396 ,-1.1771, 1.7205, 0.2326,-0.9744],[-0.9688, 0.0035, 0.1398, 0.0763],0.2042
412,[-0.9653, 0.0956,-0.116 , 0.071 ],[ 0.1613, 0.2146,-0.7318, 1.0676,-1.4215],[-0.9646, 0.1023,-0.1218, 0.0801],0.1958
414,[-0.9622, 0.1091,-0.2165, 0.0492],[-0.3078, 0.9664,-1.1701, 0.1622,-1.5076],[-0.9597, 0.1403,-0.2446, 0.0595],0.1485
420,[-0.9623,-0.1021, 0.0039, 0.0694],[-1.5762, 0.5154,-1.9032,-0.4035,-1.5992],[-0.9624,-0.0669,-0.0298, 0.0764],0.2502
421,[-0.9658,-0.1013, 0.1096, 0.062 ],[-0.7066,-0.0063, 1.7299, 2.5869,-1.5147],[-0.9653,-0.1025, 0.1095, 0.0734],0.1977
422,[-0.9635,-0.0861,-0.0855, 0.0402],[ 0.3487, 1.2816,-0.7147,-0.3475,-0.965 ],[-0.9626,-0.024 ,-0.144 , 0.0449],0.223
423,[-0.9642,-0.1153, 0.2082, 0.0737],[ 0.1692,-0.7825, 2.6707, 1.3167,-0.2118],[-0.9618,-0.1435, 0.236 , 0.0842],0.1436
425,[-0.9671,-0.1349, 0.303 , 0.0387],[-0.295 ,-0.6696, 1.1806, 1.8473, 0.7063],[-0.9622,-0.1803, 0.344 , 0.0524],0.0845
430,[-0.9679, 0.1846,-0.0245, 0.0354],[-0.4062,-0.8248, 0.656 , 0.2668,-0.6756],[-0.9692, 0.1153, 0.0406, 0.0362],0.2055
432,[-0.9656, 0.2256,-0.0963, 0.0807],[-1.151 ,-1.5853, 0.4979,-0.6609,-2.0094],[-0.9675, 0.1709,-0.0441, 0.0883],0.1835
434,[-0.9665, 0.2244,-0.2435, 0.0393],[ 0.7129, 0.2562,-1.4381, 1.7846,-0.9697],[-0.9657, 0.2256,-0.2438, 0.0542],0.0951
436,[-0.9639, 0.2351,-0.3197, 0.068 ],[-0.6561, 2.6303,-0.6694, 0.9121,-0.5396],[-0.9609, 0.2523,-0.3334, 0.0821],0.0638
440,[-0.9619,-0.1984, 0.02  , 0.0588],[-0.1173, 0.7418,-0.5048,-0.1824,-0.5504],[-0.9634,-0.134 ,-0.0426, 0.0738],0.218
441,[-0.9607,-0.1979, 0.1015, 0.0654],[-0.893 ,-0.2739,-1.1716,-0.5946,-1.4317],[-0.962 ,-0.1644, 0.067 , 0.0782],0.2008
443,[-0.9607,-0.201 , 0.213 , 0.0518],[-0.3383,-0.3851, 1.0969, 1.3698,-1.3082],[-0.9602,-0.2028, 0.2134, 0.0667],0.1338
445,[-0.9627,-0.2075, 0.326 , 0.0618],[ 1.3123,-0.3698, 3.8651, 1.3075,-0.5322],[-0.9587,-0.2313, 0.3469, 0.0713],0.0728
447,[-0.9571,-0.231 , 0.3945, 0.0452],[ 1.2516,-0.351 , 1.6482, 0.2475, 1.807 ],[-0.9512,-0.2545, 0.4129, 0.0596],0.0576
452,[-0.9653, 0.2972,-0.1375, 0.0452],[-0.403 ,-1.2189, 1.1215,-0.7349,-0.1536],[-0.9689, 0.2417,-0.0835, 0.0599],0.1413
454,[-0.9659, 0.3227,-0.2165, 0.0659],[-1.4109,-1.6493,-0.4235,-0.7318,-2.1307],[-0.9688, 0.2869,-0.1809, 0.0784],0.0868
456,[-0.9678, 0.3616,-0.318 , 0.0447],[-0.6664, 0.052 ,-1.4005, 1.4828,-1.7254],[-0.9693, 0.3496,-0.306 , 0.0597],0.0137
458,[-0.9589, 0.2865,-0.3919, 0.077 ],[ 0.8802, 2.639 , 0.4632, 1.3523,-0.1659],[-0.9549, 0.299 ,-0.4003, 0.0909],0.0343
461,[-0.9663,-0.3087, 0.1044, 0.0593],[ 0.7672, 0.3879,-0.9886,-0.0993,-0.6371],[-0.9703,-0.2349, 0.0346, 0.074 ],0.158
463,[-0.9642,-0.3076, 0.2135, 0.0376],[-0.7164,-0.3756,-0.872 ,-0.7036,-0.9596],[-0.967 ,-0.2751, 0.1778, 0.0375],0.0984
474,[-0.9763, 0.41  ,-0.2508, 0.1052],[ 0.0044,-0.5739,-0.1359,-0.4947,-0.229 ],[-0.9815, 0.3444,-0.1852, 0.0901],0.0286
476,[-0.9639, 0.4539,-0.3236, 0.062 ],[-0.927 ,-1.1744,-1.0886,-0.8442,-1.8088],[-0.9689, 0.4303,-0.3   , 0.0743],-0.014
478,[-0.9647, 0.4313,-0.4393, 0.0677],[-0.395 , 0.3491,-1.0074, 0.9695,-1.5351],[-0.9644, 0.4287,-0.4356, 0.0824],-0.055
481,[-0.956 ,-0.3959, 0.14  , 0.0879],[-0.291 , 0.1711,-0.2544,-0.1903, 0.0888],[-0.9629,-0.333 , 0.0809, 0.1031],0.1259
500,[-9.6260e-01,-2.9477e-03, 4.0952e-03,-9.1912e-04],[ 0.0907, 0.0577, 0.536 , 9.4799,-0.2273],[-0.9626,-0.0042, 0.0056, 0.0046],0.2643
501,[-0.9648, 0.0077, 0.1095,-0.0032],[-0.6791,-1.181 , 2.0329,-0.2382,-0.8122],[-0.9636,-0.0385, 0.1544, 0.0035],0.211
502,[-0.9654,-0.0084,-0.1112,-0.0216],[-0.0654,-0.1555,-1.9856, 0.3621,-1.3331],[-0.9642, 0.0399,-0.1581,-0.0123],0.2074
503,[-0.9727,-0.0529, 0.2391, 0.    ],[ 0.3459,-0.2938, 0.888 , 0.2811,-0.8908],[-0.9684,-0.1248, 0.3095, 0.0156],0.1011
504,[-0.9582, 0.0117,-0.171 ,-0.0486],[-0.0707, 1.5179,-0.623 ,-0.3629,-0.5681],[-0.956 , 0.0595,-0.2159,-0.0476],0.2045
510,[-0.964 , 0.1132, 0.0195,-0.0062],[-0.7695,-1.0622, 2.4571, 0.5988,-0.3094],[-0.9643, 0.0574, 0.0739,-0.0023],0.2331
511,[-0.9576, 0.0956, 0.0778, 0.    ],[ 0.3092,-1.4183, 1.1496,-0.0736,-0.2776],[-0.9572, 0.0411, 0.1284, 0.    ],0.2432
512,[-0.9681, 0.1357,-0.0675, 0.    ],[ 0.8737, 0.7391,-0.1617, 4.3638,-0.995 ],[-0.9689, 0.1066,-0.0376, 0.0052],0.2107
514,[-0.9627, 0.0962,-0.2128,-0.0153],[-0.7926, 1.4279,-0.972 ,-0.2224,-1.4842],[-0.9602, 0.1344,-0.248 ,-0.0089],0.1476
520,[-0.9638,-0.1117,-0.0018,-0.0206],[-1.1098, 0.4035,-1.6295,-1.1267,-1.4518],[-0.9644,-0.0659,-0.046 ,-0.0187],0.2384
521,[-0.9635,-0.1036, 0.1113,-0.0073],[-0.1385,-0.5878, 2.1347, 1.736 ,-1.7744],[-0.9634,-0.1048, 0.1133,-0.0037],0.2018
522,[-0.9576,-0.1106,-0.063 ,-0.058 ],[-0.2431,-0.427 , 0.1507, 0.13  , 0.4179],[-0.9578,-0.0538,-0.1191,-0.0707],0.2396
523,[-0.969 ,-0.0865, 0.2107,-0.0034],[ 0.4122,-1.1219, 1.5473, 0.8397,-1.0603],[-0.9662,-0.1343, 0.2574, 0.0041],0.1252
530,[-0.9627, 0.2006,-0.0288,-0.0052],[ 0.5837,-0.8792,-0.1565, 0.4906,-0.5992],[-9.6462e-01, 1.3487e-01, 3.4762e-02, 2.6042e-05],0.2167
532,[-0.9628, 0.2115,-0.0942,-0.0051],[-0.5409,-1.4555, 0.3907,-0.5351,-1.1165],[-0.9648, 0.1675,-0.0509,-0.0074],0.1935
534,[-0.969 , 0.1785,-0.2216, 0.    ],[ 0.5084, 0.414 ,-0.9777, 1.859 ,-1.5124],[-0.9678, 0.1935,-0.2369, 0.0078],0.1042
536,[-0.9586, 0.199 ,-0.3117, 0.    ],[ 0.1038, 3.4316,-0.709 , 0.2586,-0.4036],[-0.955 , 0.2231,-0.3356, 0.    ],0.0918
540,[-0.9596,-0.1782, 0.0386,-0.0073],[ 0.105 , 0.522 ,-0.6777, 0.0526,-0.4269],[-0.9612,-0.1317,-0.0071,-0.0073],0.2382
541,[-0.9648,-0.2122, 0.1099,-0.018 ],[-1.1936,-0.243 ,-2.0509,-0.5521,-2.2609],[-0.9667,-0.1725, 0.0706,-0.0144],0.179
543,[-0.9642,-0.1863, 0.1942,-0.0116],[-0.7323,-1.2436,-0.1154, 0.3579,-2.3981],[-0.964 ,-0.1879, 0.1953,-0.0138],0.1343
545,[-0.959 ,-0.2345, 0.3406,-0.0109],[ 0.6659,-0.2004, 1.2903, 2.0469,-0.0895],[-0.9553,-0.2548, 0.3601,-0.0026],0.0678
552,[-0.9681, 0.318 ,-0.1408,-0.0098],[-0.5778,-1.1512, 1.3688, 0.0762,-0.9042],[-0.9726, 0.2511,-0.075 ,-0.0095],0.1292
554,[-0.9656, 0.3437,-0.2196, 0.    ],[-0.3778,-1.507 ,-0.7423,-0.5414,-1.7789],[-0.9695, 0.3071,-0.183 , 0.    ],0.0764
561,[-0.9572,-0.2787, 0.1085, 0.    ],[-0.1771, 0.3412,-0.471 ,-0.1085,-0.3477],[-0.9609,-0.2292, 0.0591, 0.0156],0.1822
563,[-0.9637,-0.3595, 0.2145, 0.    ],[-0.7591,-0.7056,-1.0238,-0.7583,-1.9484],[-0.9682,-0.3202, 0.1763, 0.0104],0.0776
576,[-0.9601, 0.399 ,-0.3535,-0.0078],[-1.1556,-0.9886,-0.6586, 0.0173,-1.7352],[-0.962 , 0.393 ,-0.3474,-0.0078],-0.0006
578,[-0.9666, 0.4374,-0.4464, 0.    ],[ 0.2541, 0.5284,-0.0701, 6.4975,-0.6153],[-0.9662, 0.4374,-0.4465, 0.0156],-0.0667
585,[-0.9616,-0.3948, 0.2797, 0.    ],[-0.7139,-0.8223,-0.7385,-0.5311,-1.3511],[-0.9659,-0.372 , 0.2569, 0.    ],0.033
1100,[-0.9468, 0.0093, 0.0145, 0.4016],[ 1.1978, 0.3037, 2.7737, 0.2073,22.5854],[-0.9451, 0.0038, 0.0225, 0.3918],0.3437
1110,[-0.9424, 0.085 ,-0.0223, 0.3896],[3.661 ,0.2376,6.9912,0.0666,1.2455],[-0.9411, 0.0701,-0.0087, 0.3971],0.3438
1112,[-0.9313, 0.1506,-0.1139, 0.3845],[ 1.6472,11.0376, 1.7314, 0.164 , 4.4978],[-0.9304, 0.1415,-0.1058, 0.3708],0.3137
1121,[-0.9325,-0.1409, 0.13  , 0.398 ],[ 1.1577, 0.0278, 2.1265, 0.4741,11.373 ],[-0.9313,-0.1337, 0.1107, 0.3843],0.3114
1123,[-0.9394,-0.1532, 0.1825, 0.3938],[ 1.6827,-0.2922, 5.4904, 0.5405, 1.2557],[-0.9374,-0.1525, 0.173 , 0.4038],0.2506
1132,[-0.9334, 0.1761,-0.1317, 0.3809],[1.6099,0.1696,5.2001,0.4469,4.1861],[-0.9326, 0.1654,-0.125 , 0.3776],0.2848
1200,[-9.2837e-01, 1.1410e-03,-3.8001e-04, 2.8554e-01],[ 0.7611, 0.5702, 1.2447, 0.5225,18.8286],[-9.2716e-01, 1.0876e-03,-8.4758e-04, 2.7752e-01],0.4139
1201,[-0.9351,-0.0204, 0.0799, 0.2808],[ 0.5496,-1.1167, 5.108 ,-0.8278, 3.4353],[-0.9335,-0.0313, 0.0882, 0.2706],0.3579
1202,[-0.9302, 0.0102,-0.0924, 0.2841],[-0.6171, 0.8722,-1.6725,-0.8423, 1.6239],[-0.9284, 0.024 ,-0.1026, 0.2752],0.3734
1203,[-0.9416,-0.0389, 0.1873, 0.2613],[-0.9925,-1.6862, 0.9725,-1.1237,-0.7913],[-0.9381,-0.0662, 0.2133, 0.2721],0.2684
1210,[-0.9301, 0.084 ,-0.019 , 0.2775],[ 1.2216,-0.8728,22.4872, 0.3905, 1.1275],[-0.9293, 0.0714,-0.0111, 0.2823],0.3904
1212,[-0.9304, 0.1232,-0.1075, 0.287 ],[ 1.7704,10.7097, 1.1245, 0.5703, 6.1789],[-0.9295, 0.1173,-0.0968, 0.2825],0.3301
1214,[-0.9408, 0.1257,-0.1861, 0.2861],[ 0.835 , 8.0152,-0.1134,-0.9615, 1.5657],[-0.9387, 0.1325,-0.1839, 0.2918],0.2513
1220,[-0.9303,-0.0928, 0.0131, 0.2788],[ 1.1786, 9.6514,-0.2604,-0.1497, 0.184 ],[-0.9296,-0.0776, 0.0025, 0.2815],0.3862
1221,[-0.9283,-0.1178, 0.0947, 0.277 ],[ 0.532 ,-0.2956, 6.0525, 0.2132, 7.0514],[-0.9275,-0.1109, 0.0819, 0.2752],0.3513
1222,[-0.9452,-0.0876,-0.0754, 0.2999],[-1.1988,-0.991 ,-1.4289,-0.3601,-0.3588],[-0.9438,-0.051 ,-0.1043, 0.2861],0.3007
1223,[-0.9363,-0.1315, 0.2039, 0.2837],[ 0.6303,-0.0565,16.6404, 0.2294, 3.2655],[-0.9338,-0.1399, 0.2048, 0.2861],0.2562
1225,[-0.9176,-0.1581, 0.286 , 0.2518],[-0.3953,-1.6265, 1.7164,-0.3731,-0.9058],[-0.9135,-0.1701, 0.2917, 0.2396],0.2614
1232,[-0.9287, 0.1945,-0.1344, 0.2891],[ 0.9052, 0.2578, 7.8928,-0.0606, 1.4638],[-0.9287, 0.182 ,-0.1256, 0.2955],0.2934
1234,[-0.9328, 0.2141,-0.2207, 0.2832],[ 1.5009, 8.2712,-0.0611, 1.9768, 4.3044],[-0.9317, 0.2097,-0.2096, 0.2879],0.2299
1240,[-0.9367,-0.1926, 0.0315, 0.2799],[-0.9574,-0.8844,-1.5039,-0.9576,-0.2258],[-9.3750e-01,-1.5830e-01, 4.1428e-05, 2.7616e-01],0.3168
1241,[-0.9287,-0.201 , 0.1173, 0.2739],[ 1.7402, 1.0829,-0.0512, 0.1043, 1.8997],[-0.9292,-0.1836, 0.0974, 0.277 ],0.3019
1243,[-0.9244,-0.2485, 0.2213, 0.2915],[ 0.8748, 0.1182,10.3374, 1.0904, 4.5357],[-0.9242,-0.2402, 0.2089, 0.2901],0.2351
1245,[-0.9234,-0.2252, 0.2903, 0.2699],[ 0.1245,-0.8345,11.0803, 0.1268, 1.8957],[-0.9208,-0.2287, 0.2872, 0.2746],0.2227
1254,[-0.9404, 0.3002,-0.2343, 0.2691],[ 0.3984, 0.0197, 6.672 ,-0.0089, 1.597 ],[-0.9414, 0.2854,-0.2248, 0.282 ],0.1546
1261,[-0.936 ,-0.3256, 0.134 , 0.2628],[-0.8619, 0.1856,-1.1433,-1.153 ,-0.6275],[-0.9399,-0.2907, 0.1018, 0.2768],0.2116
1263,[-0.9214,-0.3087, 0.2465, 0.2913],[ 0.3638, 1.9017, 0.1129,-0.1976, 2.0228],[-0.9226,-0.2975, 0.233 , 0.2916],0.2088
1265,[-0.9215,-0.3158, 0.3113, 0.282 ],[ 1.2794,-0.1883, 4.9696, 1.5788, 1.5659],[-0.9211,-0.3107, 0.3011, 0.2946],0.1747
1267,[-0.9215,-0.3281, 0.4279, 0.2561],[-0.0349,-0.9271, 2.0669, 0.0212, 2.8559],[-0.9176,-0.3298, 0.4196, 0.2501],0.1158
1300,[-0.9162, 0.0213,-0.0245, 0.1415],[  3.0964,  0.7802,  1.2856,  0.653 ,534.7009],[-0.9156, 0.0219,-0.0264, 0.1365],0.4425
1301,[-0.9196,-0.037 , 0.0723, 0.151 ],[ 0.834 ,-0.5124,23.2623, 0.1654, 0.0994],[-0.9187,-0.0423, 0.0745, 0.1521],0.4108
1302,[-0.916 , 0.0465,-0.0654, 0.1391],[-7.4022e-01, 2.1661e+02,-3.6255e-01,-1.4854e-02, 1.0939e+00],[-0.9152, 0.0488,-0.0656, 0.1428],0.4247
1303,[-0.931 ,-0.0253, 0.1855, 0.1428],[-2.4207,-3.5497,-1.2772,-2.7708,-1.5539],[-0.9281,-0.0521, 0.2042, 0.1417],0.3157
1304,[-0.9264, 0.0253,-0.1925, 0.1666],[-1.2358, 0.1463,-2.206 ,-0.654 ,-0.9137],[-0.9233, 0.0511,-0.2096, 0.169 ],0.3296
1310,[-0.9215, 0.0745,-0.0301, 0.173 ],[ 6.1433e-02,-2.5126e-01, 7.5494e+01, 4.5897e-01, 2.9875e+00],[-0.921 , 0.0665,-0.0257, 0.1782],0.4154
1311,[-0.9338, 0.0792, 0.0808, 0.1692],[-4.7403,-5.0994,-3.5702,-4.2592,-4.0713],[-0.9328, 0.0473, 0.1045, 0.1753],0.3489
1312,[-0.9189, 0.0794,-0.0911, 0.1611],[  1.7305,138.8086,  0.5437,  0.5025,  3.6255],[-0.9181, 0.0797,-0.0872, 0.1672],0.3905
1314,[-0.9281, 0.1224,-0.1985, 0.1758],[-4.7567e-01, 3.2737e+01,-3.8518e-01, 1.3300e-02, 4.2076e+00],[-0.926 , 0.132 ,-0.2001, 0.1791],0.2867
1316,[-0.9326, 0.1286,-0.3077, 0.1461],[ 0.2634,-0.0251,-1.8573,-0.4345, 0.9007],[-0.9273, 0.1526,-0.3257, 0.1469],0.2133
1320,[-0.9205,-0.0758, 0.0307, 0.1708],[ 0.2193,47.8576, 0.7139, 0.5894, 8.4312],[-0.92  ,-0.0678, 0.0258, 0.1751],0.419
1321,[-0.918 ,-0.0813, 0.0847, 0.1534],[  1.6992,  0.3888,158.513 ,  1.7116,  5.138 ],[-0.9173,-0.0804, 0.0797, 0.1599],0.3963
1322,[-0.9295,-0.0868,-0.082 , 0.1684],[-2.9295,-2.258 ,-3.4993,-3.5644,-2.4368],[-0.9286,-0.0561,-0.1052, 0.1701],0.3608
1323,[-0.9309,-0.1228, 0.1971, 0.1749],[ 0.767 ,-0.3669,51.0554, 0.3416, 0.0592],[-0.9288,-0.1327, 0.1995, 0.1787],0.2773
1330,[-0.9371, 0.1928,-0.0261, 0.1656],[-4.6556,-5.239 ,-3.8869,-4.3501,-3.7524],[-0.9384, 0.1569, 0.0081, 0.1713],0.3138
1331,[-0.9489, 0.1747, 0.0625, 0.1869],[-1.0768,-1.4281, 0.0328,-1.0118,-0.7283],[-0.9491, 0.1155, 0.1121, 0.1722],0.2493
1332,[-0.9305, 0.2015,-0.1246, 0.1746],[-1.5837,-3.6306,-2.1566,-2.604 ,-3.6618],[-0.9313, 0.1854,-0.1054, 0.179 ],0.2903
1334,[-0.9283, 0.2248,-0.2155, 0.1806],[ 1.8559,23.136 ,-1.1101, 0.759 , 2.3524],[-0.9281, 0.22  ,-0.2029, 0.1854],0.2401
1336,[-0.9312, 0.2349,-0.3174, 0.1566],[ 1.48  ,14.3043,-0.5446,-0.0897, 0.8163],[-0.9283, 0.2414,-0.3164, 0.1637],0.171
1338,[-0.9328, 0.2184,-0.3995, 0.1496],[-0.2088, 2.4581,-0.0052,-0.6254, 1.7246],[-0.9266, 0.2345,-0.4039, 0.137 ],0.1443
1340,[-0.9298,-0.1952, 0.0243, 0.1649],[-2.1067,-1.7945,-4.2503,-2.8047,-2.2299],[-0.9312,-0.1631,-0.0033, 0.1712],0.3393
1341,[-0.9267,-0.2071, 0.1169, 0.1788],[-1.1127, 0.4084,-1.846 ,-0.0224,-1.7693],[-0.9277,-0.19  , 0.0986, 0.184 ],0.3039
1342,[-0.9279,-0.18  ,-0.0578, 0.1825],[-0.7644,-0.9119,-1.5063,-0.5044,-0.0924],[-0.9285,-0.1374,-0.093 , 0.1678],0.3292
1343,[-0.9263,-0.2305, 0.2148, 0.179 ],[ 0.7327,-0.2423,23.4543, 0.7999, 1.6651],[-0.9263,-0.2248, 0.2011, 0.1849],0.2431
1345,[-0.9308,-0.2321, 0.3045, 0.1777],[ 0.6939,-0.2393,32.8319, 0.3426, 1.7598],[-0.9282,-0.2376, 0.3016, 0.1888],0.1823
1347,[-0.9319,-0.2661, 0.3973, 0.1481],[ 0.432 ,-1.0703, 2.1087, 1.5945, 0.4864],[-0.9271,-0.2751, 0.3968, 0.1623],0.127
1350,[-0.9434, 0.2893,-0.0352, 0.1599],[-1.2642,-1.7568,-0.5458,-0.9139,-0.9786],[-0.947 , 0.2339, 0.0121, 0.1722],0.2492
1352,[-0.9296, 0.3127,-0.1361, 0.1598],[-3.8693,-4.6547,-2.6146,-3.6782,-3.6832],[-0.9335, 0.2838,-0.1119, 0.1629],0.2337
1354,[-0.9288, 0.3122,-0.2336, 0.1629],[-1.8053,-2.7802,-1.8875,-1.6624,-3.1662],[-0.9309, 0.2986,-0.2167, 0.1668],0.1876
1356,[-0.9254, 0.3271,-0.3171, 0.1685],[ 2.0714, 6.3585,-0.8676, 0.7542, 0.7987],[-0.9256, 0.3223,-0.3042, 0.1778],0.1517
1358,[-0.932 , 0.3347,-0.413 , 0.1598],[ 0.7212, 4.2818,-0.6141, 1.3116, 0.074 ],[-0.9289, 0.3371,-0.4078, 0.1695],0.0873
1360,[-0.919 ,-0.3   , 0.0451, 0.1273],[-0.7291,-0.2356,-1.4234,-0.744 ,-1.0056],[-0.9234,-0.2618, 0.0118, 0.1398],0.33
1361,[-0.9253,-0.3115, 0.1327, 0.166 ],[-1.8648,-1.2636,-2.9297,-2.2016,-1.8003],[-0.9293,-0.2838, 0.1087, 0.1709],0.2511
1363,[-0.9248,-0.3143, 0.2216, 0.1816],[-0.8688,-0.3918,-1.1409,-0.5354,-1.5578],[-0.9271,-0.2998, 0.2062, 0.1888],0.205
1365,[-0.925 ,-0.3279, 0.3311, 0.1735],[ 0.8678,-0.2244, 7.6097, 2.6318, 1.3045],[-0.9247,-0.3245, 0.3194, 0.1832],0.1447
1367,[-0.9256,-0.32  , 0.4345, 0.1783],[ 2.6627,-0.7441,10.4063, 1.35  , 0.1554],[-0.9212,-0.3242, 0.4302, 0.1875],0.0926
1374,[-0.9242, 0.4002,-0.2476, 0.1775],[-1.8926,-2.5384,-0.5639,-1.4471,-1.1324],[-0.929 , 0.3825,-0.2332, 0.1813],0.148
1376,[-0.9276, 0.4089,-0.3583, 0.1472],[-0.3534,-0.3637,-0.5306, 0.1498,-1.2239],[-0.9295, 0.4017,-0.3459, 0.1572],0.084
1381,[-0.9139,-0.4124, 0.1547, 0.1677],[-1.1092,-0.6736,-1.2698,-0.7297,-1.146 ],[-0.9214,-0.3843, 0.1339, 0.1537],0.2198
1383,[-0.9179,-0.4017, 0.2186, 0.1681],[-0.8956,-0.6715,-1.8474,-1.0763,-1.3774],[-0.9235,-0.3816, 0.2027, 0.1801],0.1806
1385,[-0.9205,-0.401 , 0.3241, 0.1353],[-0.1338,-0.0572,-0.452 , 0.1558,-0.4109],[-0.9232,-0.3925, 0.3147, 0.1422],0.1222
1387,[-0.9205,-0.3928, 0.4023, 0.1556],[1.1581,0.3037,4.7725,2.0165,0.5937],[-0.9201,-0.3903, 0.3963, 0.1694],0.0932
1400,[-0.9162, 0.0239,-0.0237, 0.0674],[   1.6767,  33.5431,1480.3231,   2.5202,  11.649 ],[-0.9159, 0.0241,-0.0261, 0.0728],0.4459
1401,[-0.9169,-0.0379, 0.0719, 0.0524],[ 1.0170e-01,-7.4874e-01, 2.4725e+02,-2.0599e-01, 2.2469e+00],[-0.9164,-0.0428, 0.0735, 0.0617],0.4259
1402,[-0.9154, 0.0467,-0.064 , 0.0738],[ 7.7837e-01, 7.8479e+02,-3.7258e-01, 9.8683e-01, 4.3640e-01],[-0.915 , 0.049 ,-0.0648, 0.0776],0.4279
1403,[-0.9285,-0.0305, 0.1878, 0.0432],[-3.1339,-3.8997,-2.5445,-2.6831,-2.6567],[-0.926 ,-0.0573, 0.2076, 0.0463],0.3145
1404,[-0.9263, 0.0269,-0.1889, 0.0615],[-1.0662,-0.299 ,-2.368 ,-1.5184,-0.3182],[-0.9236, 0.0534,-0.2084, 0.0628],0.327
1410,[-0.9171, 0.0607,-0.0485, 0.0436],[ 9.7215e-01, 4.7657e-01, 9.0202e+02,-2.1154e-01, 5.1259e-01],[-0.9169, 0.0587,-0.0481, 0.0518],0.4337
1411,[-0.9278, 0.0859, 0.0837, 0.0522],[-6.485 ,-6.8885,-5.5565,-5.9667,-5.8329],[-0.9273, 0.0547, 0.1086, 0.0562],0.3642
1412,[-0.9165, 0.0644,-0.068 , 0.0473],[7.3446e-01,7.4125e+02,1.0306e+00,1.7909e+00,8.5814e-01],[-0.9163, 0.0644,-0.0659, 0.0554],0.4214
1414,[-0.9238, 0.1202,-0.1979, 0.0553],[ 6.1153e-01, 7.3449e+01,-6.8329e-02, 6.1138e-01, 4.1062e-01],[-0.9221, 0.1313,-0.2029, 0.0594],0.2966
1416,[-0.9334, 0.1399,-0.2969, 0.0731],[ 0.511 , 3.4892,-1.3733,-1.0702,-1.0274],[-0.929 , 0.1619,-0.3119, 0.0745],0.211
1420,[-0.9185,-0.0706, 0.0383, 0.0625],[3.9514e-01,2.9001e+01,8.1439e-03,2.0624e+00,1.6236e+00],[-0.9184,-0.0652, 0.0359, 0.0713],0.4257
1421,[-0.9168,-0.0766, 0.0882, 0.0633],[237.2915,  0.4725,  4.4262,  1.5827,  2.4045],[-0.9164,-0.0776, 0.0865, 0.0731],0.4004
1422,[-0.9283,-0.0895,-0.0857, 0.0604],[-3.0549,-2.3537,-4.3763,-2.6924,-2.8932],[-0.9278,-0.0568,-0.1126, 0.0645],0.3582
1423,[-0.9244,-0.1271, 0.1987, 0.0593],[ 0.7033,-0.5681,77.1077, 1.705 , 0.2508],[-0.9227,-0.1372, 0.2029, 0.0668],0.2934
1425,[-0.9333,-0.1402, 0.2914, 0.053 ],[-0.1515,-2.1606, 0.5252, 0.2597,-1.2554],[-0.9292,-0.1617, 0.3043, 0.055 ],0.2145
1430,[-0.9268, 0.1942,-0.0266, 0.0529],[-7.1515,-8.2979,-6.9363,-7.4714,-7.9087],[-9.2868e-01, 1.6376e-01,-3.2857e-04, 5.7546e-02],0.3483
1432,[-0.926 , 0.2081,-0.1176, 0.06  ],[ -9.6915,-10.172 , -9.7579, -9.3908,-10.3257],[-0.9276, 0.1919,-0.1008, 0.0662],0.3036
1434,[-0.9251, 0.2154,-0.2145, 0.0585],[ 1.0978,72.0769, 0.1966, 1.3213, 0.397 ],[-0.925 , 0.2137,-0.2073, 0.0683],0.2505
1436,[-0.9255, 0.2273,-0.3117, 0.057 ],[42.3196, 1.3223,-0.7895,-0.5582, 1.2681],[-0.9228, 0.2359,-0.3141, 0.0639],0.193
1438,[-0.9259, 0.2589,-0.3968, 0.0486],[ 3.0726, 2.3446,-1.1666, 0.8075,-0.1672],[-0.921 , 0.2702,-0.4012, 0.0571],0.1265
1440,[-0.9277,-0.1991, 0.0234, 0.0554],[-3.698 ,-2.2588,-4.2044,-3.1972,-3.1063],[-0.9296,-0.1665,-0.0059, 0.0638],0.3439
1441,[-0.9243,-0.2126, 0.1127, 0.0628],[-2.2119,-4.3461,-3.4845,-0.9488,-3.5162],[-0.9261,-0.195 , 0.0938, 0.0699],0.3113
1442,[-0.9311,-0.1965,-0.0673, 0.0747],[-0.493 , 0.4657,-1.9359,-0.201 ,-1.1285],[-0.9323,-0.1469,-0.1086, 0.0871],0.3024
1443,[-0.9262,-0.2156, 0.2158, 0.0624],[ 0.9027,-0.2414,35.7461, 2.0524, 1.269 ],[-0.9261,-0.2137, 0.2074, 0.0707],0.2464
1445,[-0.9281,-0.2198, 0.3074, 0.0728],[ 0.368 ,-0.6864, 2.5659,29.9217, 1.0039],[-0.9253,-0.229 , 0.3101, 0.0864],0.1909
1447,[-0.9469,-0.2595, 0.4136, 0.0719],[-0.1673,-0.2683, 8.887 , 0.6824,-0.1459],[-0.941 ,-0.2751, 0.4263, 0.0857],0.0719
1450,[-0.9138, 0.2956,-0.0528, 0.0145],[-0.9074,-1.671 ,-0.8312,-0.8588,-0.6278],[-0.9185, 0.2617,-0.0237, 0.0281],0.3447
1452,[-0.9265, 0.3089,-0.1353, 0.0514],[-6.5137,-7.5991,-5.6557,-5.2397,-6.1664],[-0.9307, 0.2821,-0.1121, 0.056 ],0.2449
1454,[-0.9246, 0.317 ,-0.2212, 0.0608],[-5.996 ,-6.6133,-5.8514,-5.2467,-6.4202],[-0.9274, 0.3036,-0.2083, 0.0666],0.2019
1456,[-0.9254, 0.3209,-0.3241, 0.065 ],[1.0098,7.2237,0.0241,1.5216,0.0108],[-0.9252, 0.3196,-0.3189, 0.0769],0.147
1458,[-0.9299, 0.3099,-0.4183, 0.0828],[ 2.0007,15.704 ,-0.4557, 0.758 ,-0.1224],[-0.9256, 0.3167,-0.4203, 0.0953],0.0944
1460,[-0.9262,-0.2994, 0.0356, 0.0436],[-1.1875,-0.0322,-1.6578,-0.6712,-1.0588],[-9.3086e-01,-2.5522e-01,-6.2419e-04, 5.0601e-02],0.3012
1461,[-0.9254,-0.3098, 0.1271, 0.057 ],[-2.4156,-1.2521,-3.1927,-2.3644,-2.452 ],[-0.9298,-0.2816, 0.1017, 0.065 ],0.2536
1463,[-0.9256,-0.3211, 0.2184, 0.0584],[-1.6463,-1.3917,-1.3607,-0.4746,-2.2312],[-0.9287,-0.3064, 0.2028, 0.069 ],0.1983
1465,[-0.9246,-0.3263, 0.3276, 0.0631],[ 0.2434,-0.628 , 3.0441, 3.2286,-0.488 ],[-0.9245,-0.3248, 0.3215, 0.0759],0.1451
1467,[-0.9289,-0.3241, 0.4171, 0.0773],[ 0.2796,-0.2646,12.6919, 2.5804, 0.5105],[-0.9253,-0.3294, 0.418 , 0.0899],0.0939
1472,[-0.9192, 0.4292,-0.1532, 0.1114],[-1.1244,-1.9451,-0.6426,-0.7505,-1.0306],[-0.9275, 0.3975,-0.1268, 0.1261],0.195
1474,[-0.927 , 0.4087,-0.2381, 0.0551],[-3.1507,-3.855 ,-2.6738,-3.062 ,-3.3476],[-0.9329, 0.3891,-0.2194, 0.0561],0.1394
1476,[-0.9217, 0.4156,-0.3302, 0.0586],[-2.2273,-2.3089,-2.4761,-2.1259,-3.1195],[-0.925 , 0.4079,-0.3222, 0.072 ],0.1057
1478,[-0.9201, 0.427 ,-0.4073, 0.0688],[ 1.4434, 5.1776,-0.9914, 2.3885,-0.373 ],[-0.9209, 0.4246,-0.4035, 0.0819],0.0701
1481,[-0.9205,-0.4103, 0.1417, 0.0523],[-1.1766, 0.347 ,-1.7362,-0.468 ,-1.5012],[-0.9284,-0.3779, 0.1153, 0.0533],0.2072
1483,[-0.9248,-0.4194, 0.235 , 0.0571],[-1.5167,-1.279 ,-1.7601,-1.2616,-1.4961],[-0.9311,-0.3989, 0.2159, 0.0686],0.1414
1485,[-0.9184,-0.4079, 0.332 , 0.0674],[-0.9006,-0.5343,-0.8262, 0.0933,-1.2606],[-0.9212,-0.4012, 0.3252, 0.076 ],0.1189
1487,[-0.9178,-0.4097, 0.4216, 0.0511],[ 0.6539,-0.034 , 3.2271, 2.9314,-0.2303],[-0.9174,-0.409 , 0.4177, 0.0646],0.0717
1493,[-0.9192,-0.514 , 0.26  , 0.0305],[-3.4236,-3.2637,-3.7617,-3.8879,-4.1186],[-0.929 ,-0.4971, 0.2479, 0.0446],0.0868
1496,[-0.9414, 0.5226,-0.3629, 0.0372],[-3.7611,-3.9374,-3.2202,-3.2633,-4.6302],[-0.948 , 0.5134,-0.3539, 0.0509],-0.0186
1500,[-0.9163, 0.0155,-0.0125,-0.0589],[-13.6467,179.3114, -9.3277,338.4305,-17.5209],[-0.9166, 0.015 ,-0.012 ,-0.0478],0.4516
1501,[-0.9172,-0.0358, 0.0727,-0.0525],[-93.5627,-94.6512,-92.1575,-93.3367,-93.0076],[-0.9171,-0.0418, 0.0767,-0.0458],0.4259
1502,[-0.9154, 0.0436,-0.0682,-0.0485],[ -97.9076, -97.3794,-100.958 , -99.0302, -99.2981],[-0.9154, 0.0476,-0.0706,-0.0445],0.4254
1503,[-0.9286,-0.0305, 0.1906,-0.0417],[-3.8918,-5.2105,-3.778 ,-3.6253,-4.3991],[-0.9263,-0.0588, 0.2125,-0.0412],0.3153
1504,[-0.9288, 0.0348,-0.1883,-0.0469],[-6.2656,-5.9566,-7.0302,-6.3568,-6.0255],[-0.9266, 0.062 ,-0.2099,-0.0513],0.3134
1510,[-0.9169, 0.0623,-0.047 ,-0.0652],[-3.7761e-01, 5.3262e-01, 5.8692e+02, 1.5606e+00, 9.1760e+00],[-0.9172, 0.0601,-0.0466,-0.058 ],0.433
1511,[-0.9242, 0.0843, 0.08  ,-0.0552],[-7.2648,-8.5112,-6.9832,-7.1849,-7.582 ],[-0.9243, 0.0545, 0.1038,-0.0556],0.3789
1512,[-0.9162, 0.0684,-0.0717,-0.0655],[  2.3222,166.6042, -0.3672, 20.8725,  1.0572],[-0.9165, 0.0687,-0.0697,-0.058 ],0.4184
1513,[-0.9166, 0.0739, 0.1692,-0.0501],[-0.5421,-1.0763,-0.1191,-1.0062,-0.5781],[-0.915 , 0.0363, 0.1971,-0.066 ],0.3807
1514,[-0.9209, 0.1283,-0.1949,-0.0489],[ 0.2918,92.9199,-0.369 , 1.0952, 1.0258],[-0.9197, 0.1385,-0.2006,-0.0442],0.3046
1516,[-0.9297, 0.1495,-0.2947,-0.0394],[-0.3653, 0.6092,-2.3408, 0.1986,-1.4353],[-0.9258, 0.1706,-0.3113,-0.0436],0.2148
1520,[-0.9175,-0.0653, 0.0403,-0.0675],[-41.4443,-38.8552,-40.5778,-38.9299,-39.5556],[-0.9179,-0.0609, 0.0342,-0.0622],0.4332
1521,[-0.9174,-0.0723, 0.0821,-0.0642],[ 0.8334,-0.9868,51.0669,48.1516, 0.7415],[-0.9176,-0.0736, 0.0803,-0.0542],0.4074
1522,[-0.925 ,-0.0809,-0.0798,-0.0356],[-8.1372,-6.9774,-8.2366,-8.0751,-7.8712],[-0.9249,-0.0513,-0.1054,-0.0358],0.3771
1523,[-0.9216,-0.1276, 0.1985,-0.0427],[ 0.6954,-0.628 ,70.9866, 2.9174, 0.1104],[-0.9203,-0.1383, 0.2041,-0.0364],0.3008
1525,[-0.9282,-0.145 , 0.2906,-0.0361],[ 1.4743,-1.9805,-0.6515,-1.0864, 0.2752],[-0.9244,-0.1656, 0.3049,-0.042 ],0.2241
1530,[-0.9237, 0.1973,-0.0242,-0.0372],[-6.9081,-6.6155,-6.205 ,-5.7937,-6.6538],[-0.9261, 0.1666, 0.0039,-0.0386],0.3581
1531,[-0.9148, 0.1971, 0.0705,-0.0982],[-0.5076,-1.2975,-0.7018,-0.9366,-0.7801],[-0.9168, 0.1554, 0.1048,-0.0821],0.3646
1532,[-0.92  , 0.2045,-0.1096,-0.0443],[-8.0246,-8.5083,-8.4353,-7.5937,-8.6052],[-0.922 , 0.1894,-0.0933,-0.0427],0.329
1534,[-0.9219, 0.2069,-0.2226,-0.0366],[-0.4417, 2.5434, 0.3445,39.8123, 0.3976],[-0.9217, 0.2088,-0.2199,-0.0265],0.2559
1536,[-0.9306, 0.2255,-0.3189,-0.0331],[ 0.5132, 5.4745,-0.6198,28.8798, 0.0776],[-0.9277, 0.2375,-0.3268,-0.025 ],0.1685
1540,[-0.9233,-0.196 , 0.0237,-0.0322],[-4.1473,-3.5716,-4.8299,-4.2486,-4.2796],[-0.9256,-0.166 ,-0.003 ,-0.0309],0.3609
1541,[-0.9242,-0.2078, 0.1159,-0.0269],[-12.2441,-11.8387,-11.625 ,-11.0556,-12.7059],[-0.9262,-0.192 , 0.0986,-0.0243],0.3096
1543,[-0.9222,-0.2108, 0.2184,-0.028 ],[ 1.3104,-0.8035,11.0068, 4.973 ,-0.4533],[-0.9222,-0.2112, 0.213 ,-0.0257],0.2558
1545,[-0.9256,-0.2324, 0.3105,-0.0345],[ 1.0654,-0.2429,32.4161, 1.3996,-0.1555],[-0.9233,-0.2419, 0.3153,-0.0373],0.1879
1547,[-0.9517,-0.275 , 0.389 ,-0.013 ],[-0.3549,-0.6375, 0.377 , 6.6841, 0.4414],[-0.9474,-0.29  , 0.4037, 0.002 ],0.0571
1550,[-0.9341, 0.2863,-0.04  ,-0.0638],[-0.6516,-1.6845,-0.377 ,-0.9832,-1.3244],[-0.9389, 0.2391, 0.0021,-0.0635],0.2832
1552,[-0.9249, 0.3166,-0.1284,-0.0232],[-3.6493,-4.128 ,-3.0466,-3.3686,-4.0404],[-0.9299, 0.2885,-0.1034,-0.0261],0.249
1554,[-0.9218, 0.325 ,-0.222 ,-0.0148],[-1.7886,-2.1447,-1.9376,-1.1334,-2.2701],[-0.9251, 0.3125,-0.2103,-0.0117],0.2037
1556,[-0.9235, 0.3159,-0.3317,-0.0147],[ 0.6115, 1.0316, 0.0568,12.3061,-0.4806],[-0.9231, 0.3174,-0.3311,-0.006 ],0.1476
1558,[-0.9111, 0.3456,-0.3963, 0.    ],[ 0.1478,28.1675, 0.1469, 1.878 ,-0.2636],[-0.9091, 0.3484,-0.3991, 0.0156],0.1063
1560,[-0.9258,-0.2867, 0.0455,-0.055 ],[-0.1558,-1.267 ,-1.2643,-1.0571,-0.9284],[-0.9305,-0.2461, 0.0114,-0.0513],0.3095
1561,[-0.9267,-0.3125, 0.1229,-0.0244],[-1.9513,-1.6688,-2.1909,-1.7677,-2.1403],[-0.9316,-0.2834, 0.0959,-0.0202],0.2491
1563,[-0.9248,-0.3199, 0.2202,-0.0192],[-1.2401,-1.723 ,-1.7908,-0.8308,-2.9375],[-0.928 ,-0.3069, 0.2072,-0.0136],0.1975
1565,[-0.9235,-0.3171, 0.3291,-0.0285],[ 0.469 ,-0.5847, 3.7916, 3.6939,-0.6345],[-0.9232,-0.3183, 0.3265,-0.0238],0.1474
1567,[-0.9232,-0.3773, 0.4292, 0.    ],[ 6.2686,-0.1039,10.8673, 0.8304, 1.5825],[-0.9211,-0.3799, 0.4299, 0.0022],0.0775
1574,[-0.9271, 0.4108,-0.2311,-0.0119],[-2.0241,-2.5785,-1.2765,-1.502 ,-2.6127],[-0.9335, 0.3898,-0.2105,-0.0116],0.1409
1576,[-0.9239, 0.4403,-0.3365,-0.0038],[-1.8764,-1.5127,-2.3735,-1.1349,-3.0294],[-0.9281, 0.4329,-0.3288, 0.0041],0.081
1578,[-0.9146, 0.4405,-0.418 , 0.    ],[ 0.9097, 1.9264,-1.0809, 5.3494,-0.6139],[-0.9155, 0.4396,-0.4175, 0.0094],0.0616
1581,[-0.9172,-0.4099, 0.1413,-0.0604],[-1.4352, 0.1042,-1.1455,-0.8605,-0.9109],[-0.9257,-0.3798, 0.1166,-0.0739],0.2146
1583,[-0.9272,-0.406 , 0.2261,-0.0094],[-0.9793,-0.2311,-1.3911,-0.2018,-1.0936],[-0.9335,-0.3853, 0.2063,-0.0095],0.1452
1585,[-0.9186,-0.4026, 0.3231,-0.002 ],[-0.8104,-0.7048,-0.4895, 1.2017,-1.0943],[-0.9217,-0.3965, 0.317 , 0.002 ],0.1228
1587,[-0.9178,-0.4041, 0.4357,-0.0012],[ 1.1753,-0.6901, 2.807 , 3.5743,-0.5732],[-0.9165,-0.4052, 0.4356, 0.0036],0.0685
1596,[-0.9245, 0.5378,-0.3778, 0.    ],[-3.3931,-3.7364,-2.7037,-2.6311,-3.8956],[-0.9313, 0.5333,-0.3733, 0.0156],0.0054
1600,[-0.9154, 0.0057,-0.0047,-0.1583],[-195.715 ,-196.0105,-195.7456,-194.5471,-196.3102],[-0.9161, 0.0057,-0.0051,-0.1516],0.4546
1601,[-0.9138,-0.0432, 0.0669,-0.1615],[-13.2279,-13.8249,-10.4083,-11.8579,-13.6464],[-0.9143,-0.0472, 0.0688,-0.1587],0.4293
1602,[-0.9153, 0.0416,-0.0701,-0.1548],[-92.2189,-90.7761,-92.5979,-91.5373,-92.1413],[-0.9158, 0.0467,-0.0738,-0.1538],0.4224
1603,[-0.9278,-0.0375, 0.1932,-0.1573],[-2.9385,-2.9963,-1.3312,-1.5053,-2.1926],[-0.9258,-0.0658, 0.2173,-0.1649],0.3163
1604,[-0.9235, 0.0229,-0.1957,-0.1884],[-4.9659,-4.2405,-5.9052,-5.1916,-5.2318],[-0.9216, 0.0533,-0.2162,-0.1885],0.3264
1610,[-0.9145, 0.0633,-0.0461,-0.1548],[-8.005 ,-8.2272, 5.8754,93.7495,-8.7111],[-0.9152, 0.0609,-0.0443,-0.1472],0.4359
1611,[-0.9228, 0.0779, 0.0792,-0.1426],[-3.9792,-5.0435,-3.4404,-4.1478,-4.1125],[-0.9232, 0.0499, 0.1032,-0.1473],0.3854
1612,[-0.9144, 0.071 ,-0.0743,-0.156 ],[-3.6746e-01,-1.3187e-02,-1.6625e+00, 1.6600e+02,-1.0586e+00],[-0.915 , 0.0718,-0.0733,-0.1463],0.4156
1614,[-0.9196, 0.1212,-0.192 ,-0.1617],[-5.1339,-4.8446,-7.6009,-4.6215,-7.3009],[-0.9187, 0.133 ,-0.1994,-0.1533],0.3111
1616,[-0.9292, 0.1345,-0.3044,-0.1816],[-1.7888,-0.2884,-2.4229,-1.3232,-1.5357],[-0.9252, 0.1604,-0.32  ,-0.1655],0.2228
1620,[-0.9157,-0.0649, 0.0411,-0.1706],[-75.6391,-74.127 ,-76.5821,-74.4973,-76.4153],[-0.9166,-0.0612, 0.0365,-0.1643],0.4377
1621,[-0.9155,-0.0701, 0.0754,-0.1703],[-57.8998,-59.4858,-57.9115,-56.47  ,-59.8673],[-0.9162,-0.0711, 0.0731,-0.163 ],0.4151
1622,[-0.9244,-0.0921,-0.0877,-0.1663],[-6.536 ,-5.4055,-7.1748,-6.7006,-6.9494],[-0.9248,-0.0583,-0.1149,-0.1667],0.3703
1623,[-0.9185,-0.1191, 0.1882,-0.1653],[ 0.0214,-1.7675, 2.822 , 3.2371,-0.7262],[-0.9177,-0.1304, 0.1952,-0.1544],0.3177
1625,[-0.9286,-0.1548, 0.2949,-0.1339],[-0.5726,-1.3211, 0.7379,-0.0788,-1.7009],[-0.925 ,-0.1756, 0.311 ,-0.1176],0.2218
1630,[-0.9167, 0.1879,-0.0328,-0.1876],[-2.0983,-2.5764,-0.9353,-2.0142,-2.4089],[-0.9195, 0.1638,-0.0112,-0.18  ],0.3945
1632,[-0.9193, 0.1845,-0.1229,-0.161 ],[-9.3465,-9.4155,-9.3797,-8.7386,-9.719 ],[-0.9212, 0.1748,-0.1079,-0.1528],0.3322
1634,[-0.922 , 0.1982,-0.2238,-0.1822],[ 1.1926, 6.996 ,-0.3678, 1.4198,-0.4501],[-0.922 , 0.203 ,-0.223 ,-0.1751],0.26
1636,[-0.9202, 0.2227,-0.3065,-0.1721],[ 0.3327, 1.3734,-0.4448,22.1118,-0.1289],[-0.9182, 0.234 ,-0.3113,-0.1601],0.2132
1640,[-9.2189e-01,-1.9159e-01, 7.7657e-04,-1.4790e-01],[-3.6951,-2.9604,-4.2222,-3.5031,-3.3816],[-0.9245,-0.1577,-0.0286,-0.1553],0.3608
1641,[-0.9162,-0.1881, 0.1217,-0.1665],[-26.2326,-26.6111,-26.7128,-26.3376,-26.8246],[-0.9183,-0.1777, 0.1035,-0.1708],0.3419
1643,[-0.9191,-0.2065, 0.2191,-0.1532],[-7.5293,-8.5342,-6.5235,-6.606 ,-8.6317],[-0.9195,-0.2083, 0.2127,-0.1462],0.2585
1645,[-0.9183,-0.239 , 0.3288,-0.1361],[ 0.3242,-0.7384,15.7675, 1.1877,-0.1464],[-0.9159,-0.2494, 0.3294,-0.1459],0.1947
1654,[-0.9134, 0.291 ,-0.1888,-0.1442],[-0.9092,-1.1628,-0.9928, 0.0674,-1.5974],[-0.917 , 0.2797,-0.1748,-0.1601],0.2658
1663,[-0.9214,-0.309 , 0.2563,-0.1309],[-1.3478,-1.8922,-1.019 ,-0.842 ,-2.2784],[-0.9238,-0.3028, 0.2416,-0.123 ],0.1988
1665,[-0.9191,-0.2923, 0.3109,-0.1516],[ 0.6914,-0.9667, 1.2603, 2.3939,-1.402 ],[-0.9186,-0.2964, 0.3185,-0.1434],0.1796
1672,[-0.9224, 0.3959,-0.1547,-0.1315],[-0.2339,-0.4005,-0.3793,-0.1882,-0.3651],[-0.9303, 0.3674,-0.1307,-0.1152],0.1976
1700,[-0.92  ,-0.0039,-0.0037,-0.2758],[-107.6872,-107.6225,-107.6441,-107.0826,-108.3893],[-0.9212,-0.0024,-0.0055,-0.2695],0.4423
1701,[-0.9166,-0.0397, 0.0783,-0.2772],[-18.3537,-18.8398,-17.4247,-17.7353,-18.6106],[-0.9175,-0.0468, 0.0829,-0.2746],0.4172
1702,[-0.9199, 0.0303,-0.0812,-0.2804],[-26.8522,-25.6532,-27.0985,-26.0541,-26.766 ],[-0.9207, 0.0401,-0.0895,-0.2755],0.4064
1710,[-0.9156, 0.0662,-0.0438,-0.2794],[-19.4594,-19.7167,-19.3632,-18.8737,-20.6502],[-0.917 , 0.0631,-0.0411,-0.271 ],0.4338
1712,[-0.9162, 0.0843,-0.0935,-0.2815],[-59.5681,-59.1906,-59.7018,-59.2924,-59.8682],[-0.9173, 0.0867,-0.0929,-0.2729],0.3938
1714,[-0.9186, 0.1399,-0.1853,-0.2877],[-0.2929, 3.1414,-1.8399, 2.4998,-1.9697],[-0.9187, 0.1491,-0.1909,-0.278 ],0.3057
1720,[-0.9169,-0.0653, 0.0395,-0.2762],[-31.7063,-31.052 ,-30.3411,-30.4132,-32.4479],[-0.9183,-0.0612, 0.0342,-0.271 ],0.4325
1721,[-0.9175,-0.0732, 0.0798,-0.2779],[-77.0701,-77.4526,-76.774 ,-76.8277,-78.1252],[-0.9186,-0.0751, 0.08  ,-0.2713],0.4036
1723,[-0.9129,-0.1297, 0.1738,-0.2628],[-0.5001,-2.0071, 1.8526, 1.2793,-1.8396],[-0.913 ,-0.1378, 0.1803,-0.2464],0.3303
1732,[-0.9243, 0.1908,-0.1354,-0.3099],[-5.4713,-5.4342,-5.6675,-5.2429,-6.2624],[-0.9268, 0.182 ,-0.1169,-0.3012],0.3048
1734,[-0.9148, 0.1931,-0.2032,-0.3022],[-0.2877, 1.3332,-1.5656, 1.8186,-1.3101],[-0.9157, 0.1967,-0.2028,-0.289 ],0.2923
1800,[-0.9187,-0.0166, 0.0118,-0.3929],[-18.1138,-17.2108,-17.7449,-17.0515,-18.6985],[-0.9204,-0.0159, 0.0106,-0.3755],0.452
1810,[-0.9164, 0.0608,-0.0393,-0.3786],[-3.0945,-3.0575,-2.0834,-1.6231,-3.6544],[-0.9181, 0.0594,-0.0456,-0.3611],0.4356
1812,[-0.9137, 0.0682,-0.071 ,-0.3877],[-7.8234,-7.2537,-8.3035,-6.1646,-8.9514],[-0.9153, 0.0698,-0.0714,-0.3783],0.4222
1820,[-0.9127,-0.063 , 0.0494,-0.3857],[-5.9758,-4.3578,-5.9512,-4.2199,-6.8061],[-0.9145,-0.0626, 0.0533,-0.3834],0.4346
1821,[-0.914 ,-0.0633, 0.0663,-0.3905],[-23.9166,-25.4594,-24.2033,-23.507 ,-25.6792],[-0.9155,-0.0652, 0.0688,-0.373 ],0.4296
2100,[-0.8932,-0.0122,-0.003 , 0.3847],[-4.0818,-4.2183,-4.1075,-5.1382,-3.6544],[-0.8915,-0.0094,-0.008 , 0.3892],0.3715
2200,[-0.8993, 0.0175,-0.0062, 0.2761],[-58.7136,-58.0828,-58.6421,-59.3104,-58.1322],[-0.8981, 0.0159,-0.0053, 0.2718],0.3902
2201,[-0.9009,-0.0465, 0.082 , 0.2659],[-15.3906,-15.7725,-15.0363,-15.5353,-14.7609],[-0.8994,-0.05  , 0.0816, 0.2717],0.362
2202,[-0.8997, 0.0378,-0.0721, 0.279 ],[-13.8812,-12.8538,-13.5217,-13.7561,-12.8901],[-0.8983, 0.0414,-0.0745, 0.2714],0.3641
2210,[-0.9052, 0.0671,-0.0297, 0.2662],[ -9.3281, -9.9278, -8.5185,-10.3473, -8.5197],[-0.9042, 0.0616,-0.0255, 0.2625],0.4039
2212,[-0.903 , 0.0866,-0.095 , 0.2715],[-12.6646,-12.3608,-13.3159,-12.9847,-11.7112],[-0.9019, 0.0854,-0.0842, 0.2645],0.3551
2214,[-0.9057, 0.1194,-0.2171, 0.2636],[-0.6252, 0.6533,-2.1429,-1.7985, 1.1285],[-0.9029, 0.1281,-0.2173, 0.2615],0.2767
2220,[-0.8982,-0.0594, 0.0451, 0.2645],[-4.8478,-4.7653,-5.6109,-5.8516,-4.7285],[-0.8971,-0.0565, 0.038 , 0.2564],0.3694
2221,[-0.8995,-0.0999, 0.0952, 0.2711],[-8.0482,-8.445 ,-7.0036,-8.2462,-6.8735],[-0.8985,-0.0978, 0.0891, 0.2638],0.3335
2234,[-0.8979, 0.2362,-0.2596, 0.2551],[ 0.5704, 1.3287,-1.3013,-0.986 , 1.4329],[-0.8969, 0.2351,-0.2454, 0.2474],0.192
2241,[-0.9097,-0.2017, 0.126 , 0.293 ],[-0.2771,-0.1402,-0.7861,-1.5449,-0.1302],[-0.9102,-0.1899, 0.114 , 0.2794],0.3256
2243,[-0.9073,-0.2514, 0.2016, 0.285 ],[ 0.4655,-1.0414, 1.3097,-0.7328, 1.3153],[-0.908 ,-0.2416, 0.1783, 0.2825],0.261
2245,[-0.9057,-0.1883, 0.2949, 0.2584],[ 0.4608,-1.0654, 4.0027, 0.6845, 2.2457],[-0.9021,-0.1956, 0.2936, 0.2534],0.2064
2254,[-0.9028, 0.3555,-0.2673, 0.2511],[ 1.0819, 0.4634, 1.4617, 0.4977,11.3398],[-0.9055, 0.3449,-0.2478, 0.2367],0.1693
2256,[-0.8971, 0.3771,-0.3072, 0.267 ],[ 0.6404, 3.2129,-0.8547, 0.2962, 4.1935],[-0.8993, 0.3689,-0.2921, 0.266 ],0.1176
2263,[-0.9044,-0.3087, 0.2354, 0.2635],[0.8316,1.4787,0.4121,0.5685,6.052 ],[-0.906 ,-0.2984, 0.2192, 0.2605],0.2068
2265,[-0.9079,-0.3692, 0.3038, 0.2592],[ 0.1331,-0.8891, 5.7982, 0.3948, 1.4306],[-0.9098,-0.3605, 0.2898, 0.2621],0.1556
2300,[-0.9078, 0.0302,-0.0296, 0.1475],[-343.4361,-342.7564,-342.2477,-343.8073,-342.0648],[-0.9072, 0.0299,-0.0291, 0.1405],0.4183
2301,[-0.9069,-0.0465, 0.0672, 0.1517],[-70.3455,-71.0177,-69.5185,-70.683 ,-69.848 ],[-0.9061,-0.0487, 0.0674, 0.1509],0.3988
2302,[-0.9086, 0.0487,-0.066 , 0.1408],[-71.6113,-70.8925,-72.449 ,-72.1447,-71.257 ],[-0.9078, 0.0506,-0.0659, 0.1384],0.4062
2303,[-0.8947,-0.0302, 0.1818, 0.1339],[-4.0152,-5.0798,-2.912 ,-4.1624,-4.7082],[-0.892 ,-0.0473, 0.1962, 0.134 ],0.2813
2304,[-0.9054, 0.0219,-0.1893, 0.1781],[-3.043 ,-2.2421,-3.6695,-3.2369,-2.8336],[-0.9024, 0.0418,-0.1997, 0.1637],0.3234
2310,[-0.9069, 0.0639,-0.0416, 0.1682],[-43.7198,-44.3841,-43.0324,-44.1536,-43.3417],[-0.9063, 0.0603,-0.0373, 0.1622],0.408
2311,[-0.908 , 0.0908, 0.1034, 0.1312],[-4.5844,-5.3663,-3.5107,-4.5092,-4.4462],[-0.9071, 0.0638, 0.1232, 0.1262],0.3691
2312,[-0.9064, 0.0708,-0.088 , 0.1591],[-91.5287,-90.8001,-92.9049,-92.5178,-90.877 ],[-0.9056, 0.0722,-0.0864, 0.1527],0.376
2314,[-0.9009, 0.1279,-0.2076, 0.1689],[-3.4979,-2.3916,-4.4929,-3.559 ,-1.4086],[-0.8987, 0.135 ,-0.2068, 0.1638],0.2629
2316,[-0.9038, 0.1457,-0.2809, 0.1638],[-0.4443,-1.1658,-2.1801,-1.6351,-1.1717],[-0.9   , 0.1578,-0.2833, 0.163 ],0.2212
2320,[-0.9083,-0.0652, 0.0404, 0.1575],[-22.8739,-22.5338,-22.8189,-23.5219,-21.5345],[-0.9077,-0.061 , 0.0346, 0.1526],0.4144
2321,[-0.9075,-0.076 , 0.0866, 0.1483],[-26.2197,-27.6739,-25.1816,-26.4025,-25.7728],[-0.9068,-0.0764, 0.0831, 0.1425],0.3813
2322,[-0.9096,-0.0748,-0.1125, 0.1469],[-3.7952,-2.7404,-4.5595,-3.7925,-3.2715],[-0.9083,-0.0489,-0.1293, 0.1481],0.3787
2323,[-0.8981,-0.1389, 0.1961, 0.1478],[-3.4423,-4.5919,-1.8446,-2.9099,-2.0674],[-0.8965,-0.1434, 0.1929, 0.1472],0.2572
2325,[-0.8851,-0.1599, 0.2911, 0.1301],[-1.9322,-3.3003,-0.87  ,-1.7448,-1.3331],[-0.8812,-0.1698, 0.2945, 0.1273],0.1468
2330,[-0.9098, 0.181 ,-0.0412, 0.1655],[-4.8148,-5.578 ,-4.3174,-4.5697,-4.5806],[-0.9109, 0.1615,-0.0302, 0.169 ],0.3834
2332,[-0.9024, 0.2113,-0.1195, 0.1702],[-3.8236,-4.3747,-3.5534,-3.8043,-3.4879],[-0.9036, 0.1987,-0.1054, 0.1645],0.299
2334,[-0.8957, 0.2259,-0.2323, 0.1646],[ 0.4055, 5.3184,-0.9318,-0.3536, 5.0487],[-0.8953, 0.2239,-0.2185, 0.1584],0.2044
2336,[-0.8983, 0.2502,-0.308 , 0.1582],[ 2.1027, 8.2693,-1.18  ,-0.8432, 0.2295],[-0.8963, 0.2524,-0.2991, 0.1659],0.1586
2340,[-0.9023,-0.2099, 0.0257, 0.1452],[-2.9271,-1.8295,-3.6637,-2.7346,-2.8563],[-0.9043,-0.1866, 0.0129, 0.1417],0.348
2341,[-0.9021,-0.2237, 0.1247, 0.1498],[-2.2562,-2.5376,-3.5677,-3.2533,-1.6786],[-0.9037,-0.2106, 0.1122, 0.1452],0.291
2343,[-0.8984,-0.2284, 0.2185, 0.157 ],[ 0.415 ,-1.5772, 2.5792, 0.1431,13.0153],[-0.8984,-0.2251, 0.207 , 0.1501],0.2205
2345,[-0.899 ,-0.2494, 0.308 , 0.1759],[ 3.403 ,-1.3735,11.1942, 1.3389, 6.4698],[-0.897 ,-0.2516, 0.2985, 0.1778],0.1618
2350,[-0.9067, 0.3064,-0.04  , 0.1421],[-0.9117,-1.6727,-0.3883,-0.4965,-1.3401],[-0.9114, 0.2729,-0.0167, 0.1276],0.3377
2352,[-0.8926, 0.3314,-0.123 , 0.146 ],[-2.1147,-3.2701,-0.2646,-2.4571,-1.0569],[-0.8975, 0.3105,-0.1098, 0.1505],0.222
2354,[-0.8907, 0.3219,-0.2406, 0.1489],[ 1.702 , 1.4219, 0.9387, 1.0624,17.956 ],[-0.8931, 0.3132,-0.2268, 0.1431],0.1541
2356,[-0.8927, 0.3237,-0.3291, 0.1415],[ 1.6196, 4.0454,-1.0326, 0.3513, 8.0807],[-0.8925, 0.3218,-0.3182, 0.1369],0.1072
2358,[-0.9007, 0.3288,-0.4015, 0.1412],[ 0.6311, 3.8302,-1.3653,-0.3102, 0.7738],[-0.898 , 0.3305,-0.3931, 0.1479],0.0849
2361,[-0.8961,-0.3161, 0.1233, 0.1473],[-1.1561, 1.9074,-2.0425,-1.2307, 0.0605],[-0.9004,-0.2957, 0.1096, 0.1532],0.2404
2363,[-0.8947,-0.3257, 0.231 , 0.1717],[1.9044,3.186 ,5.9605,2.1884,4.8271],[-0.8973,-0.3156, 0.2185, 0.1735],0.1703
2365,[-0.897 ,-0.3348, 0.3268, 0.1763],[ 1.0952,-0.0603,11.2765, 0.2183, 1.6646],[-0.8972,-0.3314, 0.3131, 0.1841],0.1191
2367,[-0.9038,-0.3388, 0.4121, 0.1624],[ 1.6189,-0.9255,11.4839,-0.5014, 0.603 ],[-0.901 ,-0.3399, 0.4025, 0.1704],0.0848
2374,[-0.8964, 0.4042,-0.2469, 0.1455],[-0.4842,-1.874 , 0.2187,-0.4879,-0.3751],[-0.9017, 0.3908,-0.2307, 0.1556],0.1436
2376,[-0.8853, 0.4154,-0.3375, 0.1557],[2.1356,4.1322,0.3662,1.7931,0.4498],[-0.8881, 0.4093,-0.327 , 0.1649],0.0516
2381,[-0.8792,-0.4037, 0.1359, 0.1301],[-1.0809,-0.1457,-1.1752,-1.0482,-0.8341],[-0.8868,-0.3825, 0.1208, 0.1392],0.1484
2383,[-0.8869,-0.4245, 0.2325, 0.1513],[ 0.0534, 1.1912,-1.0621,-0.6514,-0.2807],[-0.8933,-0.4105, 0.2213, 0.159 ],0.1128
2385,[-0.8862,-0.42  , 0.3286, 0.165 ],[2.2227,1.2771,2.2766,1.5666,0.9747],[-0.8896,-0.4134, 0.319 , 0.1736],0.0576
2387,[-0.8866,-0.4016, 0.4135, 0.1361],[ 0.9706,-0.3321, 6.8188, 0.8951, 0.3316],[-0.8863,-0.3999, 0.4024, 0.1449],0.0189
2393,[-0.8679,-0.5058, 0.2236, 0.1293],[-2.5276,-1.9929,-2.3983,-2.5135,-2.4768],[-0.8781,-0.4922, 0.2132, 0.1436],0.0367
2400,[-0.9082, 0.0335,-0.0284, 0.0611],[6.6588e-01,1.8011e+00,1.6370e+00,3.7710e-01,3.2237e+03],[-0.908 , 0.0324,-0.026 , 0.0476],0.4255
2401,[-0.9053,-0.0364, 0.0711, 0.0588],[-90.5291,-91.3261,-88.8613,-91.1376,-90.1639],[-0.9048,-0.0408, 0.0732, 0.0518],0.3938
2402,[-0.9086, 0.0461,-0.0659, 0.0706],[ -0.7884,604.6322, -2.5124, -1.4239, -1.0867],[-0.9082, 0.0485,-0.0659, 0.0623],0.4089
2403,[-0.8967,-0.026 , 0.1922, 0.0595],[-6.512 ,-7.4031,-5.7303,-6.2604,-6.153 ],[-0.894 ,-0.0451, 0.2047, 0.0634],0.2861
2404,[-0.9036, 0.0328,-0.1874, 0.0749],[-4.3124,-3.9397,-5.0997,-4.2564,-4.0182],[-0.9011, 0.0514,-0.1967, 0.0718],0.3152
2410,[-0.9052, 0.0666,-0.0417, 0.0469],[ 0.6698, 1.0311, 7.6382, 0.2352,46.2251],[-0.9052, 0.0628,-0.0365, 0.0363],0.4017
2411,[-0.8928, 0.0885, 0.0817, 0.0441],[-7.7564,-8.1693,-6.5026,-7.5488,-7.8077],[-0.8925, 0.0673, 0.0984, 0.0464],0.3184
2412,[-0.9056, 0.0725,-0.086 , 0.0571],[  0.6987,  2.6413,  0.4833,  0.6544,398.9326],[-0.9053, 0.0738,-0.0843, 0.0443],0.3752
2414,[-0.9002, 0.1282,-0.1956, 0.0484],[-0.1853, 5.7642,-1.3448,-0.1649, 3.5311],[-0.8988, 0.1351,-0.1957, 0.0425],0.2682
2416,[-0.8979, 0.1479,-0.3096, 0.0863],[-1.4503, 2.2573,-2.3992,-0.8062,-1.6042],[-0.8933, 0.1622,-0.3158, 0.0821],0.1811
2420,[-0.9051,-0.0707, 0.0375, 0.0554],[-52.6754,-52.7274,-52.924 ,-52.9244,-53.1494],[-0.9051,-0.0659, 0.0328, 0.047 ],0.4008
2421,[-0.9059,-0.0842, 0.0937, 0.0695],[7.8354e-01,4.4554e-01,8.0141e+00,1.5930e-02,1.4470e+02],[-0.9056,-0.0847, 0.0903, 0.0612],0.3685
2422,[-0.8966,-0.0906,-0.0849, 0.0519],[-8.266 ,-8.3339,-9.6601,-8.878 ,-8.8359],[-0.8964,-0.0682,-0.1006, 0.0462],0.3331
2423,[-0.901 ,-0.133 , 0.1909, 0.066 ],[ 3.0581,-2.2707, 2.9221,-1.8438,-0.7633],[-0.8997,-0.1388, 0.1908, 0.0683],0.2724
2425,[-0.8954,-0.142 , 0.2862, 0.0507],[-0.0848,-3.1756, 0.0653,-1.6478,-1.8954],[-0.8917,-0.1549, 0.2885, 0.0543],0.1922
2430,[-0.8948, 0.2088,-0.0244, 0.0396],[-8.1431,-8.8482,-6.5452,-7.791 ,-8.1829],[-0.8972, 0.1864,-0.0071, 0.0372],0.3172
2432,[-0.8965, 0.2176,-0.117 , 0.0334],[ 2.8369,-0.3923,-0.3691,-0.1913, 5.3869],[-0.8985, 0.2055,-0.1039, 0.0274],0.2774
2434,[-0.8933, 0.2177,-0.2218, 0.0395],[  0.7382,  5.8686, -0.1308,  0.6897,130.6546],[-0.8933, 0.2173,-0.2142, 0.0297],0.203
2436,[-0.8914, 0.2403,-0.3087, 0.0545],[ 1.7719,36.2673,-1.454 , 1.7209, 4.3171],[-0.8893, 0.2447,-0.3049, 0.0594],0.1368
2438,[-0.9026, 0.2651,-0.3985, 0.0729],[10.1458, 1.0296,-1.1299, 0.2285,-0.2746],[-0.8978, 0.2727,-0.3967, 0.0799],0.1092
2440,[-0.8964,-0.2069, 0.0171, 0.0443],[-7.044 ,-6.0646,-7.4494,-7.0249,-6.3772],[-0.8987,-0.1833,-0.0016, 0.0436],0.3237
2441,[-0.8963,-0.2115, 0.1172, 0.0534],[ 0.5725,-4.45  ,-4.3458,-3.5087, 0.1421],[-0.8982,-0.1994, 0.1001, 0.0478],0.2807
2442,[-0.9018,-0.1731,-0.0596, 0.0525],[-1.3076,-0.8378,-2.8451,-2.2511,-1.6027],[-0.903 ,-0.1422,-0.0819, 0.048 ],0.3341
2443,[-0.8944,-0.2118, 0.2121, 0.0666],[ 1.3624,-0.689 ,64.4446, 2.8044, 1.3155],[-0.8944,-0.2103, 0.2019, 0.0682],0.2154
2445,[-0.8977,-0.2301, 0.3027, 0.0752],[26.2099,-1.2385, 2.9272, 0.4245, 3.1444],[-0.8953,-0.2351, 0.3007, 0.0834],0.1623
2450,[-0.8901, 0.2844,-0.0452, 0.0375],[-2.2253,-2.8861,-1.4287,-1.6327,-1.787 ],[-0.8945, 0.2576,-0.0236, 0.0507],0.2764
2452,[-0.8927, 0.3145,-0.1284, 0.0339],[-3.7852,-5.1466,-1.7402,-3.6308,-3.3829],[-0.8974, 0.2956,-0.1132, 0.0336],0.2276
2454,[-0.89  , 0.3243,-0.2252, 0.054 ],[ 3.5478, 3.116 , 0.914 , 2.9147,22.1477],[-0.8931, 0.3151,-0.2127, 0.0492],0.1594
2456,[-0.8892, 0.3275,-0.3209, 0.0692],[6.2234e-01,3.8166e+01,2.0791e-02,2.0554e+00,9.0019e-01],[-0.8894, 0.3258,-0.3136, 0.0769],0.0979
2458,[-0.8999, 0.3418,-0.3979, 0.0614],[-1.6190e-01, 2.1221e+01,-1.8253e-03, 2.0086e+00, 2.3167e-01],[-0.8977, 0.3437,-0.3958, 0.0743],0.0764
2460,[-0.8912,-0.2966, 0.0412, 0.047 ],[-2.338 ,-0.7958,-2.399 ,-1.1828,-1.2518],[-0.896 ,-0.2685, 0.0194, 0.0491],0.2773
2461,[-0.892 ,-0.3194, 0.1255, 0.0562],[-1.0944, 3.4258,-2.6372,-0.8493,-1.0476],[-0.8968,-0.2997, 0.1086, 0.0605],0.2261
2463,[-0.8915,-0.3314, 0.2197, 0.0542],[1.4979,1.5752,5.0582,9.7318,5.5293],[-0.8949,-0.321 , 0.2069, 0.0596],0.1654
2465,[-0.8917,-0.3373, 0.3184, 0.0684],[ 0.7232,-0.3197,13.4943, 2.345 , 0.2642],[-0.8924,-0.3349, 0.3114, 0.0807],0.1037
2472,[-0.884 , 0.4124,-0.141 , 0.0545],[-1.5025,-2.1945,-0.9588,-0.6437,-2.0068],[-0.8922, 0.3906,-0.1241, 0.0542],0.1618
2474,[-0.8853, 0.4232,-0.2268, 0.0584],[-1.6402,-3.3576,-1.7305,-1.0138,-2.2265],[-0.8921, 0.4096,-0.2148, 0.0646],0.1128
2476,[-0.8894, 0.4295,-0.3353, 0.0667],[ 0.6361, 2.0111,-1.1181, 1.5766,-0.4119],[-0.8931, 0.424 ,-0.3269, 0.0781],0.0592
2478,[-0.8832, 0.4237,-0.4013, 0.0468],[ 1.1939, 3.8352,-0.3262, 1.5318,-0.1771],[-0.8842, 0.4222,-0.3957, 0.0593],0.0061
2481,[-0.8871,-0.4134, 0.1431, 0.0532],[-1.1775,-0.7449,-1.7393,-0.4742,-1.0464],[-0.8953,-0.3911, 0.126 , 0.0572],0.1716
2483,[-0.8854,-0.4265, 0.2341, 0.0593],[ 0.377 , 1.4555,-1.6081, 0.3052,-0.6617],[-0.8922,-0.4135, 0.2234, 0.0688],0.1075
2485,[-0.8845,-0.4179, 0.3323, 0.0553],[1.3594,0.3488,2.3586,5.7594,0.5344],[-0.8879,-0.4128, 0.3239, 0.0673],0.0509
2487,[-0.8924,-0.4078, 0.4376, 0.0554],[ 0.9119,-0.4884, 5.33  , 0.627 , 0.1204],[-0.8913,-0.4076, 0.4317, 0.0678],0.0158
2493,[-0.8896,-0.5165, 0.2676, 0.0158],[-6.3561,-5.6595,-6.2901,-5.7747,-6.4388],[-0.8995,-0.505 , 0.2574, 0.0162],0.0619
2494,[-0.8793, 0.5097,-0.2204, 0.0513],[-7.0547,-6.6601,-6.918 ,-6.2771,-7.0383],[-0.8901, 0.4948,-0.2076, 0.0657],0.0715
2495,[-0.8811,-0.5184, 0.3029, 0.0382],[-7.3594,-6.6343,-6.8928,-7.0309,-7.3296],[-0.8897,-0.5106, 0.298 , 0.0456],0.0243
2500,[-0.908 , 0.0231,-0.0121,-0.0564],[1.6962e+00,1.6725e+00,3.1208e+03,4.4032e-01,3.3616e+00],[-0.9083, 0.0218,-0.0132,-0.0689],0.4324
2501,[-0.9058,-0.0297, 0.0688,-0.0682],[-7.6281e-01,-1.3670e+00, 2.5891e+02, 1.2447e-01, 9.3761e+00],[-0.9059,-0.0351, 0.0708,-0.0797],0.4027
2502,[-0.9074, 0.0425,-0.0697,-0.0593],[-14.4144,131.6818,-16.6627,-15.6453,-15.2811],[-0.9075, 0.0463,-0.0711,-0.0699],0.4041
2503,[-0.8975,-0.0265, 0.1913,-0.0454],[-6.7382,-7.7604,-6.4232,-6.255 ,-7.2354],[-0.8953,-0.0466, 0.2049,-0.0514],0.2903
2504,[-0.8927, 0.0269,-0.1841,-0.0604],[-6.7868,-6.7141,-8.0049,-6.9086,-6.3803],[-0.8908, 0.0454,-0.1942,-0.0646],0.2789
2510,[-0.9051, 0.0686,-0.0434,-0.0712],[8.4435e-01,4.5978e-01,7.6871e+02,7.2863e-02,2.3323e+00],[-0.9056, 0.0655,-0.0425,-0.0792],0.3999
2511,[-0.8952, 0.086 , 0.0773,-0.0532],[-14.5912,-15.5444,-15.1177,-15.1349,-14.6821],[-0.8954, 0.0648, 0.0928,-0.0585],0.3341
2512,[-0.9062, 0.0773,-0.0865,-0.0655],[2.2008e+00,2.3972e+03,2.9481e-01,7.3221e-01,2.9085e+00],[-0.9064, 0.0783,-0.0839,-0.0735],0.3782
2514,[-0.898 , 0.1357,-0.1931,-0.0583],[-0.3383,11.0294,-1.3799, 1.0825, 0.7171],[-0.8971, 0.1423,-0.1948,-0.0629],0.2592
2516,[-0.8948, 0.1501,-0.2959,-0.0578],[-3.7668,-2.9345,-4.7968,-3.2045,-3.871 ],[-0.8911, 0.1644,-0.3023,-0.0581],0.1787
2520,[-0.9041,-0.0725, 0.0397,-0.0638],[ 1.2736e+00, 4.2629e+02,-3.0482e-01, 1.2307e+00, 3.1911e+00],[-0.9046,-0.0685, 0.0387,-0.0711],0.3953
2521,[-0.9038,-0.0839, 0.0881,-0.0638],[1.2818e+00,3.2583e-01,5.1094e+02,1.1096e+00,1.3734e+00],[-0.9041,-0.0842, 0.0845,-0.0715],0.3656
2522,[-0.8907,-0.0872,-0.0842,-0.0458],[-12.2723,-11.7122,-12.8403,-12.2726,-12.2331],[-0.8908,-0.066 ,-0.099 ,-0.0492],0.3128
2523,[-0.8968,-0.1347, 0.1936,-0.0614],[ 1.4567,-2.1286,47.4976,-0.0973, 2.3525],[-0.8959,-0.1414, 0.195 ,-0.0633],0.2551
2525,[-0.8908,-0.1372, 0.2978,-0.0554],[-1.9299,-3.0364, 0.3259,-0.9129,-1.2802],[-0.8868,-0.1524, 0.3034,-0.0572],0.1698
2530,[-0.8912, 0.1977,-0.0298,-0.0497],[-15.6471,-15.6128,-14.9249,-15.0823,-15.0983],[-0.8938, 0.1779,-0.0144,-0.0528],0.3075
2531,[-0.9033, 0.1788, 0.0585,-0.0147],[-3.077 ,-3.5602,-1.6259,-2.164 ,-2.6879],[-0.9048, 0.1458, 0.0891,-0.0304],0.3365
2532,[-0.8935, 0.2058,-0.1197,-0.0582],[45.8473, 1.337 , 1.5241, 1.1287, 2.3905],[-0.8956, 0.1954,-0.1038,-0.0604],0.2708
2534,[-0.8936, 0.2066,-0.213 ,-0.0535],[3.0123e+00,2.8498e+02,1.6172e-01,4.9101e+00,2.0616e+00],[-0.8938, 0.2069,-0.2056,-0.0566],0.2132
2536,[-0.8922, 0.2231,-0.3003,-0.0449],[ 1.6195, 3.4912,-0.5539,18.8881, 0.4093],[-0.8901, 0.2296,-0.3   ,-0.0343],0.148
2540,[-0.8904,-0.2024, 0.025 ,-0.0524],[-10.6025,-10.0615,-11.6809,-10.5857,-10.2391],[-0.8931,-0.1815, 0.0082,-0.0584],0.3037
2541,[-0.8892,-0.2073, 0.1149,-0.0428],[-0.3056,-2.6619,-2.3345,-1.9404, 3.8089],[-0.8913,-0.1968, 0.1023,-0.0493],0.255
2542,[-0.8913,-0.1819,-0.0676,-0.0724],[-2.2784,-1.8282,-3.0068,-2.0236,-2.0571],[-0.8931,-0.151 ,-0.0931,-0.086 ],0.2862
2543,[-0.891 ,-0.2074, 0.216 ,-0.0335],[ 3.3608, 0.1058,86.0402, 0.8285, 0.7861],[-0.891 ,-0.2078, 0.21  ,-0.0322],0.201
2545,[-0.893 ,-0.2402, 0.3116,-0.0473],[22.308 ,-1.1401, 1.8444, 3.2988, 0.3146],[-0.891 ,-0.2461, 0.311 ,-0.0483],0.1394
2550,[-0.8854, 0.298 ,-0.0412,-0.0463],[-2.0968,-3.7381,-1.8428,-2.6527,-1.9547],[-0.8908, 0.2709,-0.0194,-0.0528],0.2564
2552,[-0.8858, 0.3134,-0.1276,-0.0365],[-4.7448,-6.2662,-4.5303,-5.124 ,-5.4683],[-0.8908, 0.2959,-0.1126,-0.0362],0.2044
2554,[-0.8853, 0.3255,-0.2111,-0.0295],[0.9337,3.3162,1.1397,9.9812,0.8302],[-0.8891, 0.3162,-0.2017,-0.0285],0.1505
2556,[-0.8894, 0.3335,-0.3215,-0.011 ],[ 0.6952, 1.6181,-0.7141,12.6095,-0.4923],[-0.8899, 0.3327,-0.3187,-0.0025],0.0945
2558,[-0.9006, 0.3221,-0.3913,-0.0218],[ 0.5696,20.9245,-0.5016, 1.6565,-0.5762],[-0.8982, 0.326 ,-0.3878,-0.0063],0.0895
2560,[-0.881 ,-0.2993, 0.0446,-0.0426],[-2.0273,-0.8757,-2.3256,-1.8056,-1.3114],[-0.8864,-0.2739, 0.0247,-0.0467],0.2363
2561,[-0.8852,-0.3209, 0.1218,-0.0375],[-1.8175,-0.5003,-3.344 ,-1.5601,-2.1869],[-0.8906,-0.3021, 0.1056,-0.0358],0.2042
2563,[-0.887 ,-0.3315, 0.2253,-0.0299],[2.532 ,0.8548,2.453 ,7.1563,0.7855],[-0.8906,-0.3229, 0.215 ,-0.0243],0.1466
2565,[-0.8864,-0.3292, 0.3271,-0.0169],[ 0.5873,-0.2814,17.151 , 1.3289, 0.7319],[-0.8867,-0.3288, 0.3215,-0.0169],0.0857
2567,[-0.8899,-0.3332, 0.3991, 0.    ],[-0.1886,-0.5748,19.9377, 1.4117,-0.2244],[-0.8874,-0.3365, 0.399 , 0.0012],0.0503
2572,[-0.879 , 0.4098,-0.1451,-0.0211],[-1.3241,-2.2253,-0.9255,-1.7215,-1.2894],[-0.8873, 0.3896,-0.1281,-0.0223],0.1446
2574,[-0.885 , 0.4197,-0.2218,-0.0215],[-2.1408,-2.294 ,-0.4895,-1.3006,-1.8272],[-0.892 , 0.4064,-0.2102,-0.0212],0.1161
2576,[-0.8905, 0.4265,-0.3392,-0.0056],[ 0.1733, 0.5281,-0.717 , 2.5734,-0.6761],[-0.894 , 0.4224,-0.3347,-0.0015],0.0586
2578,[-0.8791, 0.4431,-0.4361,-0.0055],[ 0.3711, 9.981 ,-0.4485, 1.9673,-0.1835],[-0.8794, 0.4428,-0.4345,-0.0048],-0.0304
2581,[-0.8831,-0.4126, 0.1507,-0.0457],[-1.1896,-0.7323,-1.4956,-0.6356,-1.4191],[-0.8916,-0.3922, 0.1333,-0.0421],0.1551
2583,[-0.8822,-0.4211, 0.2191,-0.02  ],[-0.1977,-0.3714,-0.981 , 0.2313,-1.1946],[-0.8894,-0.4078, 0.2065,-0.0219],0.1089
2585,[-0.8849,-0.4256, 0.3134,-0.0035],[ 0.954 ,-0.3195, 0.9069, 3.4675,-0.0121],[-0.8893,-0.4198, 0.3074, 0.0031],0.0601
2587,[-0.8881,-0.4163, 0.4267,-0.0128],[ 0.6438,-0.7894, 5.3986, 2.6326,-0.514 ],[-0.8877,-0.4168, 0.4245,-0.0114],0.0049
2593,[-0.8846,-0.5146, 0.2427, 0.    ],[-5.9786,-6.2504,-5.7125,-6.3567,-5.8066],[-0.8951,-0.5018, 0.2315, 0.0052],0.072
2595,[-0.8826,-0.5512, 0.2867, 0.    ],[-5.0193,-5.4129,-5.4745,-4.7846,-5.1846],[-0.8934,-0.5429, 0.2804, 0.    ],0.0269
2600,[-0.9054, 0.0044,-0.0018,-0.1623],[-3.7703,41.8643,41.2137,-3.9027,-1.7892],[-0.9061, 0.004 ,-0.0012,-0.1686],0.4264
2601,[-0.9067,-0.0408, 0.0699,-0.1553],[-15.759 ,-20.4861, 18.8523,-18.7359,-18.6801],[-0.9072,-0.0452, 0.0721,-0.1617],0.4029
2602,[-0.9049, 0.0411,-0.0769,-0.1517],[-110.357 ,-110.3774,-110.9302,-110.8554,-110.6841],[-0.9053, 0.0463,-0.0794,-0.1572],0.391
2603,[-0.8952,-0.0309, 0.1884,-0.1574],[-4.9081,-6.3401,-4.4831,-4.6349,-5.169 ],[-0.8935,-0.0506, 0.2011,-0.1579],0.2838
2604,[-0.8935, 0.0202,-0.201 ,-0.1631],[-5.8258,-4.9256,-6.0123,-5.3923,-4.8485],[-0.8914, 0.0423,-0.2147,-0.1722],0.2738
2610,[-0.9047, 0.0683,-0.0445,-0.1653],[ 3.2709e-01,-8.2899e-02, 8.4866e+02, 6.8272e-01, 2.9328e-01],[-0.9056, 0.0657,-0.0445,-0.1715],0.3992
2611,[-0.8938, 0.0823, 0.0775,-0.1623],[-11.4068,-12.5203,-11.6913,-11.1349,-11.7091],[-0.8944, 0.0616, 0.0913,-0.1661],0.3319
2612,[-0.9064, 0.079 ,-0.087 ,-0.1617],[2.2671e+00,6.9491e+02,3.5509e-01,4.9811e+00,1.6343e+00],[-0.907 , 0.0803,-0.0849,-0.1679],0.3795
2614,[-0.8983, 0.1388,-0.19  ,-0.168 ],[-1.1633,39.6015,-2.1667,-0.2644,-1.3069],[-0.898 , 0.1454,-0.1907,-0.171 ],0.2628
2620,[-0.8998,-0.074 , 0.0381,-0.1783],[-3.1412e-01, 7.4590e+02,-1.1201e+00,-2.9246e-01,-3.1175e-01],[-0.9009,-0.0699, 0.037 ,-0.1832],0.3792
2621,[-0.9047,-0.0806, 0.0877,-0.1673],[ 7.9212e-01,-2.3649e-01, 7.4335e+02, 2.7107e+00, 1.0838e+00],[-0.9054,-0.0817, 0.0843,-0.173 ],0.3725
2622,[-0.893 ,-0.0877,-0.0855,-0.1591],[-10.9116,-10.9145,-11.1563,-10.    ,-10.606 ],[-0.8935,-0.0655,-0.1013,-0.167 ],0.3217
2623,[-0.8972,-0.1324, 0.1917,-0.1509],[-0.7698,-1.7072, 5.5285,16.7667,-0.6745],[-0.8966,-0.1397, 0.1934,-0.1448],0.259
2624,[-0.8959,-0.0587,-0.1736,-0.1416],[-0.755 ,-0.259 ,-1.4175,-0.9157,-0.9844],[-0.8943,-0.0293,-0.1957,-0.1252],0.298
2625,[-0.9004,-0.1274, 0.2825,-0.145 ],[-1.0429,-2.8756,-0.7231,-2.1386,-2.1456],[-0.897 ,-0.1442, 0.287 ,-0.1289],0.215
2630,[-0.8881, 0.1911,-0.0311,-0.155 ],[-11.7965,-12.1787,-11.0014,-11.3961,-11.6767],[-0.8909, 0.173 ,-0.019 ,-0.1533],0.2968
2631,[-0.8847, 0.1785, 0.0559,-0.1574],[-1.1527,-1.5242,-1.0024,-0.9446,-1.3249],[-0.887 , 0.1515, 0.075 ,-0.1685],0.2688
2632,[-0.8895, 0.2033,-0.115 ,-0.1569],[-3.4377,-3.9419,-4.962 ,-0.8222,-3.4645],[-0.8919, 0.1938,-0.1018,-0.1537],0.2588
2634,[-0.8949, 0.1909,-0.206 ,-0.1535],[ 0.3071, 3.15  ,-0.1984,72.8914,-0.0986],[-0.8952, 0.1929,-0.2012,-0.1462],0.2263
2636,[-0.8981, 0.218 ,-0.3095,-0.1975],[-0.397 ,21.1827,-1.1751, 0.7563, 1.3311],[-0.8959, 0.2282,-0.3129,-0.1934],0.1621
2640,[-0.8883,-0.1946, 0.0348,-0.1657],[-11.0876,-10.3713,-11.6288,-11.3618,-11.373 ],[-0.8913,-0.1761, 0.0208,-0.1652],0.2965
2641,[-0.8885,-0.2069, 0.1166,-0.163 ],[-3.5814,-5.7018,-4.6842,-1.8085,-4.3417],[-0.8911,-0.1974, 0.1049,-0.1608],0.2526
2643,[-0.8891,-0.2017, 0.2044,-0.1543],[ 1.0265, 0.0981,76.5982, 2.0945, 0.4602],[-0.8898,-0.2023, 0.1968,-0.1597],0.2055
2645,[-0.8974,-0.2379, 0.3124,-0.1472],[ 0.2438,-1.4732, 8.086 , 6.5468, 0.8132],[-0.8956,-0.2453, 0.311 ,-0.1458],0.1539
2652,[-0.8818, 0.3006,-0.1348,-0.1583],[-2.264 ,-3.4338,-1.9601,-2.5322,-2.967 ],[-0.8868, 0.2861,-0.1232,-0.1604],0.1896
2654,[-0.8746, 0.3078,-0.194 ,-0.1578],[ 0.4456, 1.1376,-0.3242, 2.1562, 0.5333],[-0.8788, 0.2993,-0.1813,-0.163 ],0.1323
2656,[-0.8838, 0.2836,-0.2999,-0.1709],[ 1.068 ,11.2574,-0.7147, 2.6913,-0.1805],[-0.884 , 0.2854,-0.2898,-0.1578],0.1086
2660,[-0.8993,-0.2977, 0.0396,-0.1308],[-0.3813,-0.4001,-0.8969,-0.7763,-0.8374],[-0.905 ,-0.2669, 0.0128,-0.1407],0.3159
2661,[-0.8837,-0.3027, 0.1323,-0.1632],[-2.3525,-1.5883,-3.3229,-2.4413,-2.4451],[-0.8889,-0.2873, 0.1193,-0.1655],0.1981
2663,[-0.8759,-0.3226, 0.2059,-0.1469],[ 0.061 ,-0.3874, 0.3797, 2.2885,-0.0757],[-0.8801,-0.3145, 0.1971,-0.1423],0.1234
2665,[-0.8962,-0.2927, 0.3307,-0.1405],[ 0.3842,-0.2496, 6.9053, 3.2719, 0.1045],[-0.8954,-0.296 , 0.3241,-0.1346],0.1267
2683,[-0.8711,-0.4066, 0.1749,-0.1366],[-0.2344, 0.2347,-0.6056,-0.3704,-0.5212],[-0.8793,-0.3919, 0.163 ,-0.1529],0.1031
2700,[-8.9290e-01,-7.3835e-03,-1.8732e-04,-2.9708e-01],[-19.8889,-19.5995,-19.4589,-19.3198,-20.3527],[-0.8942,-0.0064,-0.001 ,-0.2939],0.3748
2701,[-0.8903,-0.0317, 0.0801,-0.2976],[-50.13  ,-50.93  ,-49.4811,-50.4628,-50.6341],[-0.8912,-0.0384, 0.0832,-0.2999],0.3333
2702,[-0.8941, 0.0254,-0.0804,-0.2928],[-30.5751,-29.3868,-32.0023,-30.3883,-31.3881],[-0.895 , 0.0333,-0.086 ,-0.2902],0.3489
2703,[-0.8883,-0.0341, 0.173 ,-0.2797],[-2.9819,-4.457 ,-3.7249,-3.6626,-3.7797],[-0.8876,-0.0504, 0.1755,-0.2733],0.2712
2710,[-0.8911, 0.0719,-0.0396,-0.2953],[-4.2164,-5.0816,82.7345,-2.3449,-5.264 ],[-0.8926, 0.0688,-0.0394,-0.2933],0.3444
2712,[-0.8945, 0.0816,-0.0893,-0.296 ],[ -3.1983,115.654 , -4.6266, -2.277 , -3.6793],[-0.8956, 0.0832,-0.0874,-0.2955],0.3295
2714,[-0.8996, 0.1236,-0.192 ,-0.2966],[ 3.165 ,26.8942,-1.5455, 1.0312,-0.4684],[-0.8994, 0.1334,-0.1965,-0.2942],0.2712
2720,[-0.89  ,-0.0737, 0.0344,-0.2982],[ 4.0100e-01, 2.8920e+02,-1.2047e-01, 9.3856e-01,-1.1997e-01],[-0.8916,-0.0698, 0.0335,-0.3019],0.3409
2721,[-0.8922,-0.0781, 0.0811,-0.3044],[1.0818e+00,1.2879e-01,4.9338e+02,2.9225e+00,3.2238e-02],[-0.8935,-0.0789, 0.0779,-0.3003],0.3271
2722,[-0.8786,-0.0628,-0.0582,-0.3331],[-6.4769,-6.32  ,-7.6302,-6.6004,-7.1742],[-0.8801,-0.0487,-0.068 ,-0.3461],0.2887
2723,[-0.8927,-0.1123, 0.1834,-0.3288],[ 0.3306,-1.0177,31.6925, 0.1604,-0.1652],[-0.8928,-0.122 , 0.1848,-0.3379],0.2555
2730,[-0.8764, 0.21  ,-0.0536,-0.2615],[-3.0116,-4.0371,-2.4409,-3.1414,-3.7959],[-0.88  , 0.1947,-0.0431,-0.2454],0.2378
2732,[-0.8778, 0.1931,-0.1001,-0.281 ],[ 1.8464,-0.3949,-0.6067, 1.7661,-1.087 ],[-0.8807, 0.1837,-0.0851,-0.2722],0.2281
2734,[-0.8941, 0.1891,-0.2128,-0.3195],[ 5.7058e-01, 5.2734e+01, 2.6379e-03, 1.0232e+00,-9.6552e-02],[-0.8949, 0.1929,-0.205 ,-0.3195],0.2242
2736,[-0.8901, 0.2486,-0.3251,-0.2593],[-0.2095, 1.7883,-1.3228,22.9788,-0.7003],[-0.8884, 0.2567,-0.326 ,-0.255 ],0.1185
2740,[-0.874 ,-0.1736, 0.0304,-0.2533],[-4.7851,-3.9063,-5.7526,-4.3705,-4.9504],[-0.8769,-0.1595, 0.024 ,-0.2516],0.2487
2741,[-0.8854,-0.1867, 0.1164,-0.2818],[ 1.0583,-0.2118, 0.0287, 4.6954,-0.0217],[-0.8879,-0.1803, 0.1095,-0.2779],0.2449
2800,[-0.8837,-0.0288, 0.0136,-0.4046],[  2.3858,  1.2813,  1.4304,119.9075,  0.3247],[-0.8855,-0.0271, 0.0122,-0.3955],0.3332
2801,[-0.8737,-0.0386, 0.0768,-0.4233],[  0.2002, -0.5547,112.948 ,  0.7958, -0.6474],[-0.8753,-0.0435, 0.0783,-0.4275],0.2681
2802,[-0.8913, 0.0098,-0.0878,-0.4045],[-2.301 , 1.2918,-3.8069, 1.2138,-2.7371],[-0.8925, 0.0206,-0.0954,-0.393 ],0.3385
2810,[-0.8795, 0.0727,-0.0408,-0.4016],[ 0.6768, 0.4375, 5.1428, 9.5095,-0.1504],[-0.8815, 0.0701,-0.042 ,-0.3949],0.2969
2812,[-0.8842, 0.0848,-0.0861,-0.3964],[ 0.9317, 3.0075, 0.5416,51.2805, 0.208 ],[-0.8859, 0.0858,-0.0834,-0.3881],0.2904
2814,[-0.8916, 0.1058,-0.1685,-0.3771],[ 1.7433,26.2375,-1.2501, 1.7106,-0.1172],[-0.8919, 0.1147,-0.1713,-0.3595],0.2615
2820,[-0.8826,-0.0737, 0.0304,-0.4016],[  0.7573,140.5811,  0.3745,  2.4648,  0.2907],[-0.8847,-0.0697, 0.0307,-0.4044],0.3116
2821,[-0.8846,-0.0766, 0.0863,-0.4105],[9.5290e-01,3.4559e-02,1.5572e+00,2.2669e+02,2.1106e-01],[-0.8862,-0.0788, 0.0864,-0.4   ],0.2932
2823,[-0.8936,-0.1499, 0.1792,-0.3998],[-0.3192,-0.9425,49.0013, 1.805 ,-1.0265],[-0.8948,-0.1548, 0.173 ,-0.4103],0.2538
2834,[-0.88  , 0.2058,-0.2424,-0.3815],[-0.3068, 1.8694,-0.2528,24.7466, 0.5864],[-0.8807, 0.2107,-0.2318,-0.3775],0.1541
2841,[-0.879 ,-0.1687, 0.1471,-0.3905],[0.8188,0.2589,0.8336,9.5092,0.0401],[-0.8812,-0.1674, 0.1358,-0.3729],0.2157
2843,[-0.8963,-0.1675, 0.1701,-0.3821],[ 1.9133e+00, 3.9055e-02, 1.6819e+00, 6.3132e+01,-5.3376e-02],[-0.898 ,-0.1689, 0.1591,-0.3883],0.2657
2910,[-0.8707, 0.0671,-0.0494,-0.5018],[ 0.6862, 1.6683, 1.7571,96.2431, 0.1668],[-0.8729, 0.0668,-0.0558,-0.4837],0.2583
2921,[-0.8691,-0.0835, 0.0942,-0.5064],[ 1.5778e+00,-3.4323e-01, 1.5302e+00, 1.2858e+03, 1.0546e+00],[-0.8712,-0.0854, 0.0895,-0.4997],0.2309
3300,[-0.8608, 0.0539,-0.0041, 0.1257],[ 0.3858, 0.3533, 0.7501,-0.8717, 4.2836],[-0.8605, 0.0495,-0.0057, 0.1107],0.2383
3310,[-0.8616, 0.0766,-0.0106, 0.1254],[ 0.2128,-0.6453, 2.481 ,-0.7628, 2.5959],[-0.8615, 0.0703,-0.0072, 0.1104],0.2336
3312,[-0.866 , 0.0726,-0.1053, 0.1446],[ 0.7669, 2.3568,-0.8849,-1.1309, 1.833 ],[-0.8652, 0.0741,-0.0938, 0.1297],0.212
3323,[-0.864 ,-0.1261, 0.2177, 0.1388],[-1.1834,-3.1415,-0.1189,-2.1587,-0.6056],[-0.8617,-0.1324, 0.2159, 0.1239],0.131
3330,[-0.8481, 0.2381,-0.0554, 0.1347],[-1.2499,-3.0805,-0.0895,-1.9621,-1.0193],[-0.8509, 0.2235,-0.0489, 0.1198],0.1251
3332,[-0.845 , 0.2528,-0.0629, 0.1254],[ 1.0539,-0.606 , 1.3963,-1.0347, 1.9025],[-0.8481, 0.2381,-0.0554, 0.1347],0.109
3334,[-0.8591, 0.242 ,-0.2614, 0.1463],[-0.5888, 1.3764,-1.6818,-1.2138, 0.9587],[-0.8585, 0.2416,-0.2494, 0.1317],0.0672
3336,[-0.8631, 0.2395,-0.2938, 0.1515],[ 0.522 , 3.0987,-2.1599,-0.7934, 4.8204],[-0.8613, 0.2414,-0.2861, 0.1501],0.0612
3343,[-0.8659,-0.1811, 0.1938, 0.1362],[-0.1897,-1.8121, 1.2614,-0.9933, 0.6817],[-0.8654,-0.1807, 0.1842, 0.1216],0.1361
3354,[-0.8471, 0.3414,-0.2415, 0.1546],[0.8794,3.3331,0.6275,0.3426,7.3814],[-0.8501, 0.3347,-0.234 , 0.1492],0.0167
3356,[-0.8524, 0.3537,-0.3158, 0.1345],[ 1.2414, 2.7032,-1.1959,-0.1713, 3.8996],[-0.8538, 0.3506,-0.3059, 0.1357],-0.0058
3363,[-0.8646,-0.3731, 0.2462, 0.1466],[1.1437,0.6165,0.8184,0.1557,6.0922],[-0.8687,-0.3642, 0.2325, 0.1317],0.0554
3365,[-0.8529,-0.3381, 0.3403, 0.1395],[-0.1643,-1.0303, 5.0545,-0.7343, 5.2079],[-0.8528,-0.3367, 0.3304, 0.1368],-0.0124
3367,[-0.8466,-0.3587, 0.3909, 0.1254],[-0.6338,-1.6078, 6.709 , 0.2755, 1.9354],[-0.8454,-0.3584, 0.3834, 0.1347],-0.0571
3374,[-0.8491, 0.4213,-0.255 , 0.132 ],[ 0.8309,-0.2735, 2.0201,-0.4932, 4.7502],[-0.855 , 0.4127,-0.2462, 0.1251],-0.0034
3376,[-0.8635, 0.4   ,-0.3072, 0.1301],[2.2574,5.107 ,0.1111,1.9757,2.405 ],[-0.867 , 0.3941,-0.2936, 0.1392],0.0147
3381,[-0.8615,-0.3967, 0.156 , 0.1254],[-0.6957, 0.3582,-1.417 ,-0.9585,-0.5885],[-0.8685,-0.3806, 0.1471, 0.1404],0.0817
3383,[-0.8545,-0.4248, 0.2219, 0.1381],[ 0.5266, 4.5385,-0.0223, 0.5322, 2.294 ],[-0.8613,-0.4133, 0.2113, 0.1419],0.0248
3385,[-0.8523,-0.4141, 0.3171, 0.13  ],[0.7626,0.043 ,3.5532,0.9646,3.8175],[-0.856 ,-0.4087, 0.3033, 0.1312],-0.0211
3387,[-0.8666,-0.4018, 0.4007, 0.1479],[ 0.9623,-0.762 , 2.6799,-0.1324, 2.1224],[-0.867 ,-0.3998, 0.3856, 0.1561],-0.0237
3393,[-0.8656,-0.5017, 0.1973, 0.1331],[-1.5074, 0.1757,-1.517 ,-1.2978,-1.778 ],[-0.8762,-0.4862, 0.1867, 0.1481],0.0449
3400,[-0.8561, 0.0058, 0.003 , 0.0273],[ 0.7661, 0.5518, 1.1236,-1.1805, 3.247 ],[-0.8561, 0.005 , 0.0022, 0.0133],0.2188
3401,[-0.8429,-0.0456, 0.0943, 0.057 ],[-0.7506,-1.4761, 3.141 ,-1.045 , 3.0481],[-0.8422,-0.0496, 0.0951, 0.0542],0.1439
3402,[-0.8566, 0.0139,-0.0979, 0.0319],[ 0.2689, 3.6156,-1.315 ,-0.2564, 3.2457],[-0.8558, 0.0214,-0.0995, 0.0269],0.1965
3410,[-0.8585, 0.1009,-0.0238, 0.0417],[-0.3823,-1.4993, 2.6857,-0.6418, 1.9949],[-0.8589, 0.0937,-0.0185, 0.039 ],0.2092
3412,[-0.8559, 0.0958,-0.085 , 0.0312],[ 0.5659, 5.1792, 0.9256,-0.2505, 2.8263],[-0.8559, 0.0943,-0.0806, 0.022 ],0.1788
3414,[-0.864 , 0.1363,-0.2093, 0.0028],[ 0.0581, 1.7481,-1.6274,-0.4334, 0.9761],[-0.8626, 0.1418,-0.2042,-0.0128],0.1347
3420,[-0.855 ,-0.1032, 0.0063, 0.0252],[-0.6945, 1.3442,-0.6323,-1.362 , 0.8787],[-0.8556,-0.0943,-0.0014, 0.0201],0.1962
3421,[-0.856 ,-0.1087, 0.1181, 0.0418],[ 0.2306, 0.2672, 4.4111,-0.4039, 3.4364],[-0.8558,-0.1088, 0.1118, 0.034 ],0.161
3422,[-0.8391,-0.0846,-0.0756, 0.0202],[-0.8509, 2.67  ,-1.9148,-1.6526,-0.3423],[-0.8391,-0.0714,-0.0838, 0.0057],0.1295
3423,[-0.8579,-0.137 , 0.2365, 0.0493],[ 0.3183,-1.7429, 2.4584,-0.9963, 1.3494],[-0.8555,-0.1441, 0.2369, 0.0378],0.1001
3430,[-0.8576, 0.2081,-0.0274, 0.0749],[-1.5231,-3.2125,-0.8429,-2.0219,-1.8349],[-0.86  , 0.1923,-0.0197, 0.0664],0.1743
3432,[-0.8561, 0.2263,-0.1122, 0.0291],[ 0.823 ,-0.818 ,-0.2353,-1.0364, 1.3034],[-0.8584, 0.2168,-0.1051, 0.0237],0.1312
3434,[-0.8588, 0.2365,-0.2281, 0.0491],[ 0.7281, 2.7955,-0.6778, 0.1843,17.3046],[-0.8591, 0.2352,-0.2202, 0.0375],0.0825
3436,[-0.8622, 0.2367,-0.2941, 0.0657],[-0.3572,17.9375,-0.8242,-0.8169, 0.9805],[-0.8605, 0.2393,-0.2863, 0.0746],0.0598
3440,[-0.8571,-0.2521, 0.0279, 0.0141],[-1.7433, 0.0747,-2.7443,-1.5927,-0.8073],[-0.8609,-0.2327, 0.0132, 0.0121],0.1634
3441,[-0.8489,-0.2281, 0.1207, 0.0216],[-0.4903, 0.407 ,-0.5801,-1.7628, 1.0021],[-0.8512,-0.2196, 0.112 , 0.0122],0.1063
3443,[-0.8552,-0.2177, 0.2193, 0.0283],[ 2.2973,-1.2679, 5.2518,-0.1096, 4.8219],[-0.8553,-0.2171, 0.2113, 0.0227],0.0824
3445,[-0.8581,-0.1965, 0.2844, 0.039 ],[ 1.5682,-1.2269,20.2282,-0.6408, 2.3061],[-0.8557,-0.2016, 0.2778, 0.0382],0.0639
3450,[-0.8482, 0.2849,-0.0472, 0.0466],[-1.6273,-2.4335,-0.7425,-1.2481,-1.08  ],[-0.8527, 0.2663,-0.0339, 0.06  ],0.1206
3452,[-0.8482, 0.3269,-0.1142, 0.0266],[-1.2115,-1.8702, 1.4584,-1.4031, 1.1227],[-0.8536, 0.3118,-0.1021, 0.0269],0.0831
3454,[-0.8513, 0.3466,-0.2342, 0.0449],[1.6999,6.3643,0.3174,0.6551,6.709 ],[-0.8551, 0.3397,-0.2263, 0.0418],0.0309
3456,[-0.8553, 0.3527,-0.3213, 0.0597],[ 0.7958,13.895 ,-1.2591, 0.5263, 2.0331],[-0.8565, 0.3504,-0.3142, 0.0662],-0.0025
3460,[-0.8564,-0.3024, 0.0385, 0.0215],[-1.3652, 0.601 ,-2.4314,-1.8112,-1.2372],[-0.8616,-0.2804, 0.019 , 0.024 ],0.148
3461,[-0.8517,-0.3369, 0.119 , 0.0353],[-0.413 , 1.8907,-1.6535,-1.1757,-0.0501],[-0.8574,-0.3213, 0.1057, 0.0364],0.0891
3463,[-0.8529,-0.3357, 0.2217, 0.0368],[3.7952,0.025 ,7.1677,0.5772,3.3786],[-0.8567,-0.3282, 0.2109, 0.0359],0.0445
3465,[-0.8521,-0.3623, 0.3172, 0.0703],[ 1.4348,-0.9786, 9.6402, 0.4107, 1.2368],[-0.8538,-0.3592, 0.3082, 0.0774],-0.0099
3467,[-0.8565,-0.3551, 0.4091, 0.0686],[ 0.5237,-0.8676, 9.671 , 0.7681, 0.3827],[-0.8544,-0.3561, 0.4068, 0.0808],-0.0444
3472,[-0.8478, 0.4252,-0.1498, 0.0443],[-1.5664,-2.6359,-0.7251,-2.2033,-1.3238],[-0.8566, 0.4093,-0.1368, 0.0406],0.0424
3474,[-0.8472, 0.4277,-0.2387, 0.0391],[ 1.3337,-0.306 , 5.6982, 1.675 , 1.1921],[-0.854 , 0.4185,-0.2305, 0.043 ],-0.0025
3476,[-0.8494, 0.4272,-0.3383, 0.0463],[1.1195,9.281 ,0.7019,1.9825,1.3115],[-0.853 , 0.4235,-0.3319, 0.0584],-0.0445
3478,[-0.8634, 0.4479,-0.417 , 0.0335],[ 0.6421,13.9119,-0.744 , 0.4589, 0.2068],[-0.8648, 0.4466,-0.4111, 0.0486],-0.0568
3481,[-0.8428,-0.4192, 0.1481, 0.0478],[ 0.3203, 0.0696,-2.4219,-1.526 ,-1.0638],[-0.8513,-0.4038, 0.137 , 0.0429],0.0301
3483,[-0.8461,-0.4455, 0.2259, 0.049 ],[ 1.7268, 8.0744,-0.1337, 0.5622, 0.9143],[-0.8539,-0.4351, 0.2171, 0.0578],-0.0037
3485,[-0.8504,-0.4266, 0.3289, 0.0515],[ 2.0692,-0.1801, 8.5494, 2.6417, 0.861 ],[-0.8543,-0.4224, 0.3215, 0.063 ],-0.0369
3487,[-0.8418,-0.4455, 0.3958, 0.0448],[ 1.2286,-0.9433, 6.8447, 1.0731, 0.5798],[-0.8438,-0.444 , 0.393 , 0.0581],-0.0935
3493,[-0.8439,-0.5171, 0.2433, 0.0564],[-7.4934,-7.38  ,-7.6447,-7.2526,-8.4861],[-0.8543,-0.5074, 0.2351, 0.0693],-0.0365
3494,[-0.8464, 0.5222,-0.2454, 0.02  ],[-7.6307,-8.5345,-7.4429,-7.6769,-8.3711],[-0.8571, 0.5127,-0.2377, 0.0351],-0.0325
3495,[-0.8435,-0.5183, 0.312 , 0.0549],[-7.6848,-7.8819,-7.8563,-6.9789,-7.7332],[-0.8518,-0.5126, 0.3056, 0.0667],-0.0694
3496,[-0.8542, 0.5053,-0.3235, 0.0147],[-6.7231,-5.7931,-6.7502,-6.7427,-7.5745],[-0.8616, 0.5003,-0.3201, 0.0296],-0.0495
3500,[-0.8524, 0.0021, 0.004 ,-0.061 ],[-2.242 ,-2.1952,-2.2321,-3.3042,-0.576 ],[-0.8527, 0.0015, 0.0041,-0.0745],0.2111
3501,[-0.8535,-0.0156, 0.0886,-0.0602],[-2.5459,-4.2131,-1.7704,-3.3614,-2.1209],[-0.8533,-0.0224, 0.0924,-0.072 ],0.1882
3502,[-0.8545, 0.0138,-0.1027,-0.054 ],[ 0.0502, 4.0785,-1.5313,-0.9158, 2.5798],[-0.8541, 0.0217,-0.105 ,-0.064 ],0.1866
3503,[-0.8635,-0.0449, 0.1793,-0.0843],[-2.3307,-3.0389, 0.26  ,-1.2887,-2.4484],[-0.8619,-0.0575, 0.1869,-0.0834],0.1711
3504,[-0.8595, 0.0349,-0.1744,-0.0985],[-2.1308, 1.0101,-3.1822,-2.5147,-0.1869],[-0.858 , 0.0478,-0.1809,-0.111 ],0.1644
3510,[-0.8492, 0.0995,-0.0147,-0.0544],[-5.4142,-5.6995,-3.8788,-5.7618,-4.1246],[-0.8501, 0.0919,-0.0085,-0.0653],0.1797
3511,[-0.8597, 0.0783, 0.0712,-0.0594],[-3.3181,-4.4212,-1.46  ,-3.2069,-3.0812],[-0.86  , 0.0638, 0.0808,-0.074 ],0.203
3512,[-0.8524, 0.107 ,-0.1072,-0.0515],[ 0.0768, 0.6143,-1.7763,-2.1858, 0.3437],[-0.8527, 0.107 ,-0.104 ,-0.0629],0.1546
3514,[-0.8571, 0.1197,-0.186 ,-0.0662],[ 3.3849,10.5513,-1.1889,-0.6283, 1.9028],[-0.8562, 0.1253,-0.1848,-0.0782],0.1286
3520,[-0.8515,-0.1059, 0.0096,-0.0563],[-5.8285,-4.8022,-6.8123,-6.6398,-5.2282],[-0.8524,-0.0973, 0.0033,-0.0668],0.1851
3521,[-0.8512,-0.1204, 0.1059,-0.0528],[-1.3574,-2.7708,-0.2504,-2.5891,-0.5999],[-0.8518,-0.1191, 0.1014,-0.0638],0.1475
3522,[-0.851 ,-0.079 ,-0.076 ,-0.0408],[-2.3073,-0.8318,-3.9061,-2.6223,-3.0293],[-0.8511,-0.0648,-0.0871,-0.0479],0.1704
3523,[-0.8586,-0.1373, 0.2109,-0.0509],[-0.3996,-0.7207,13.8988,-0.1278, 0.0669],[-0.8574,-0.143 , 0.2082,-0.0575],0.1166
3525,[-0.862 ,-0.1522, 0.2904,-0.03  ],[-1.853 ,-3.2531, 0.3266,-1.0333,-0.9881],[-0.8585,-0.1621, 0.2896,-0.022 ],0.0821
3530,[-0.8523, 0.2018,-0.034 ,-0.0501],[-4.7319,-6.4318,-4.6713,-5.4548,-5.2528],[-0.855 , 0.1872,-0.0223,-0.0619],0.162
3532,[-0.8492, 0.221 ,-0.1117,-0.0496],[-1.6262,-2.7925,-2.2233,-2.0143,-0.5583],[-0.8517, 0.2124,-0.1036,-0.0608],0.113
3534,[-0.8574, 0.2198,-0.2097,-0.0343],[ 0.5105,22.9166,-0.3029, 0.3573, 0.602 ],[-0.858 , 0.2188,-0.2016,-0.0423],0.0929
3536,[-0.8649, 0.218 ,-0.2871,-0.0092],[ 2.7012,14.4898,-1.5287, 0.6647, 0.9875],[-0.8633, 0.2221,-0.2771,-0.0056],0.0778
3540,[-0.8521,-0.2024, 0.0272,-0.0451],[-4.7017,-3.9894,-6.5915,-5.8849,-5.1149],[-0.8548,-0.1873, 0.0155,-0.0515],0.1623
3541,[-0.8506,-0.2159, 0.1143,-0.0477],[ 0.2497,-1.1102,-0.9967,-1.9987, 0.6651],[-0.853 ,-0.2077, 0.1056,-0.0592],0.1179
3543,[-0.8533,-0.2267, 0.2122,-0.0327],[ 0.4191,-0.3237,31.5543, 0.4142,-0.0821],[-0.854 ,-0.2254, 0.2052,-0.0385],0.0776
3545,[-0.8587,-0.2507, 0.2996,-0.0172],[-0.4012,-1.472 ,18.724 , 1.0461, 1.1894],[-0.8574,-0.2535, 0.2951,-0.0112],0.0428
3550,[-0.8636, 0.299 ,-0.0481,-0.0456],[-3.1975,-3.8188,-1.596 ,-2.394 ,-2.914 ],[-0.869 , 0.2775,-0.032 ,-0.0598],0.1698
3552,[-0.8475, 0.3223,-0.1307,-0.0447],[-3.6118,-4.8649,-2.7652,-3.8458,-3.6144],[-0.8529, 0.3092,-0.12  ,-0.0495],0.0755
3554,[-0.8463, 0.3394,-0.2128,-0.0461],[ 1.5301, 2.4327, 0.7958, 1.921 ,12.7174],[-0.8507, 0.3321,-0.205 ,-0.0584],0.0298
3556,[-0.8507, 0.3689,-0.3178,-0.0208],[ 1.2455, 5.3937,-1.1405, 2.8075, 0.1164],[-0.8528, 0.3666,-0.313 ,-0.0183],-0.0166
3558,[-0.8503, 0.3695,-0.3988, 0.    ],[ 0.373 ,11.5018,-1.357 , 4.5422, 0.4082],[-0.8492, 0.3704,-0.3969, 0.    ],-0.0577
3560,[-0.8516,-0.2948, 0.0388,-0.0413],[-2.3326,-2.9755,-3.3303,-2.8771,-2.0428],[-0.8569,-0.2741, 0.022 ,-0.0499],0.1371
3561,[-0.8473,-0.3211, 0.1271,-0.0354],[-0.885 , 1.5039,-2.4903,-0.2362,-0.505 ],[-0.8527,-0.3077, 0.1154,-0.0416],0.0769
3563,[-0.8455,-0.3402, 0.2095,-0.0324],[3.1308,0.3809,2.5145,2.3063,9.9069],[-0.8499,-0.3326, 0.201 ,-0.0417],0.0292
3565,[-0.8538,-0.3494, 0.3196,-0.0179],[ 0.9661,-0.6804,10.7307, 1.9207, 0.3775],[-0.8551,-0.3479, 0.3138,-0.0153],-0.0044
3572,[-0.8456, 0.4039,-0.1495,-0.0345],[-2.6667,-3.4311,-1.5801,-2.1741,-2.1071],[-0.8537, 0.3889,-0.1369,-0.0315],0.0422
3574,[-0.8416, 0.4243,-0.2207,-0.0233],[ 0.3296,-0.9077, 1.5894, 3.2782, 1.1761],[-0.849 , 0.4146,-0.2124,-0.0233],-0.0068
3576,[-0.8404, 0.4359,-0.3254,-0.0065],[0.7183,2.0431,0.0218,4.5974,1.0358],[-0.8448, 0.4323,-0.3212,-0.0036],-0.0617
3578,[-0.8571, 0.4587,-0.4254, 0.    ],[-0.13  , 1.6957,-1.1258, 7.7958,-0.0673],[-0.8586, 0.458 ,-0.4217, 0.0063],-0.0784
3581,[-0.8464,-0.4156, 0.1413,-0.0344],[-1.653 , 0.5602,-1.8539,-0.614 ,-1.3568],[-0.8552,-0.3996, 0.1285,-0.0352],0.0451
3583,[-0.8437,-0.4283, 0.2227,-0.0284],[0.2859,6.1875,0.9779,3.4132,0.127 ],[-0.8512,-0.4187, 0.2142,-0.0304],-0.0034
3585,[-0.8435,-0.4285, 0.3226,-0.0105],[0.6697,0.1322,3.7167,4.1311,0.7895],[-0.8477,-0.4248, 0.3181,-0.0075],-0.0513
3587,[-0.8465,-0.4523, 0.3983, 0.    ],[ 2.6207,-0.3988, 7.4164, 0.0338,-0.2959],[-0.8488,-0.4511, 0.3971, 0.0156],-0.0864
3591,[-0.8439,-0.513 , 0.1594,-0.0508],[-6.1619,-6.4322,-6.509 ,-6.3704,-6.6737],[-0.8564,-0.4978, 0.1521,-0.0359],0.0026
3593,[-0.8359,-0.5151, 0.2315,-0.0112],[-7.3717,-6.365 ,-6.9447,-7.0184,-7.358 ],[-0.8468,-0.5055, 0.2231,-0.0073],-0.0485
3594,[-0.8381, 0.5203,-0.2439,-0.0247],[-7.411 ,-8.2114,-7.6581,-7.4764,-7.4598],[-0.849 , 0.5115,-0.2361,-0.0239],-0.0502
3595,[-0.8392,-0.5246, 0.2999, 0.    ],[-4.6228,-5.0105,-4.3497,-3.0911,-4.9667],[-0.8484,-0.519 , 0.2946, 0.0067],-0.0752
3596,[-0.8327, 0.5165,-0.3153,-0.0123],[-4.2974,-4.2419,-4.9044,-2.3929,-4.6019],[-0.8411, 0.5119,-0.3102,-0.0121],-0.0938
3598,[-0.8328, 0.5009,-0.3927, 0.    ],[1.7791,3.2581,0.1064,4.0056,0.4902],[-0.8374, 0.4994,-0.3911, 0.    ],-0.1246
3600,[-8.5364e-01,-7.9104e-04,-1.5614e-03,-1.8678e-01],[2.5614,6.3825,6.235 ,0.3012,7.1586],[-8.5452e-01,-4.0193e-04,-3.3386e-03,-2.0208e-01],0.216
3601,[-0.8519,-0.0157, 0.0895,-0.1826],[-8.1588,-9.5393,-7.8699,-8.7753,-7.9322],[-0.8523,-0.0227, 0.0917,-0.1949],0.1849
3602,[-0.8527, 0.017 ,-0.0784,-0.1892],[-1.491 , 1.4086,-3.2758,-1.6782,-0.3346],[-0.8532, 0.0226,-0.0781,-0.2009],0.1941
3604,[-0.861 , 0.044 ,-0.1812,-0.1256],[-3.1379,-1.8176,-4.4201,-2.5652,-2.6469],[-0.8595, 0.0567,-0.1863,-0.1361],0.1639
3610,[-0.851 , 0.0965,-0.0178,-0.1838],[-13.798 ,-14.5437,-13.0373,-14.5853,-13.072 ],[-0.8524, 0.0896,-0.0135,-0.1958],0.1872
3611,[-0.8568, 0.0626, 0.0571,-0.2486],[ -9.3891,-10.3983, -9.0019, -9.385 , -9.5267],[-0.8578, 0.0499, 0.0756,-0.2645],0.2023
3612,[-0.8524, 0.1091,-0.1027,-0.1847],[ 1.7069, 7.3349,-0.248 , 0.7123, 7.0927],[-0.8534, 0.1084,-0.0949,-0.1991],0.1592
3614,[-0.8544, 0.1027,-0.1919,-0.1764],[-0.2422,23.5362,-0.9234,-0.1333,-0.4591],[-0.8536, 0.1104,-0.1882,-0.1873],0.1245
3620,[-0.8544,-0.0962, 0.024 ,-0.1873],[ -9.5309, -8.9227,-10.4481,-10.0714, -9.318 ],[-0.8559,-0.0898, 0.0208,-0.2001],0.1989
3621,[-0.8559,-0.1073, 0.0982,-0.1791],[-4.9328,-6.181 ,-4.5632,-5.2535,-4.0931],[-0.8569,-0.1065, 0.0923,-0.1901],0.1724
3622,[-0.8366,-0.075 ,-0.0752,-0.1609],[-5.6832,-4.5417,-6.8632,-5.7603,-5.8008],[-0.8373,-0.0625,-0.082 ,-0.1697],0.1281
3623,[-0.8538,-0.1429, 0.2092,-0.1476],[ 0.6127,-2.5043, 1.137 ,-0.7523,-0.0194],[-0.8531,-0.1482, 0.2035,-0.1506],0.1031
3630,[-0.8525, 0.1982,-0.0398,-0.1845],[-10.9312,-12.1411, -9.8674,-11.3722,-10.7744],[-0.8557, 0.1847,-0.03  ,-0.1967],0.1625
3632,[-0.8512, 0.2195,-0.1087,-0.1819],[ 0.6952,-1.6266,-1.0306,-1.1132, 6.5046],[-0.8543, 0.2111,-0.1015,-0.1942],0.1221
3634,[-0.8515, 0.2227,-0.2122,-0.1678],[ 0.3494,18.9176,-0.4718, 1.7466, 0.3451],[-0.8527, 0.2224,-0.2034,-0.1771],0.0759
3640,[-0.8557,-0.1871, 0.0421,-0.182 ],[-8.3806,-7.7923,-9.3083,-8.1903,-8.0935],[-0.8587,-0.1746, 0.0347,-0.1926],0.1748
3641,[-0.8513,-0.2116, 0.1035,-0.165 ],[-0.152 ,-2.1392,-2.2192,-1.2909,-1.1865],[-0.8543,-0.203 , 0.0941,-0.1764],0.1276
3643,[-0.8544,-0.2188, 0.2134,-0.1666],[ 0.9653, 0.3267,22.8377, 0.8279, 0.0237],[-0.8554,-0.2187, 0.2037,-0.1753],0.0848
3645,[-0.8524,-0.2531, 0.3635,-0.1703],[ 9.3760e-04,-1.2345e+00, 1.2833e+01, 3.2508e-01,-9.2864e-01],[-0.8493,-0.2599, 0.3576,-0.1806],-0.0035
3652,[-0.85  , 0.3118,-0.131 ,-0.1627],[-2.7293,-4.7209,-1.6407,-3.2351,-3.1274],[-0.8555, 0.2996,-0.1217,-0.1706],0.0857
3654,[-0.8497, 0.323 ,-0.2065,-0.1378],[1.6466,2.7346,0.1802,3.4248,1.4027],[-0.8539, 0.3164,-0.2002,-0.1396],0.0464
3661,[-0.8457,-0.3006, 0.1224,-0.1485],[-2.707 ,-2.2469,-4.0899,-3.6439,-2.5323],[-0.8509,-0.2884, 0.1122,-0.1599],0.0801
3663,[-0.8533,-0.3395, 0.2055,-0.1501],[ 2.1182,-0.4528, 3.5206, 2.3317, 1.8175],[-0.8583,-0.3314, 0.1933,-0.1581],0.055
3665,[-0.8484,-0.2937, 0.3298,-0.1958],[ 1.1673e+00,-7.4212e-01, 4.8896e+00, 1.3466e+00, 1.3587e-04],[-0.848 ,-0.2964, 0.3198,-0.1954],-0.0066
3672,[-0.8237, 0.3921,-0.116 ,-0.1357],[-0.5817,-0.8199,-0.2236, 0.0847,-0.4526],[-0.8324, 0.3777,-0.1088,-0.152 ],-0.0007
3674,[-0.8367, 0.4152,-0.203 ,-0.1509],[ 0.7897,-0.6459,-0.3203, 0.1685,-0.5008],[-0.8446, 0.4056,-0.1941,-0.1621],-0.0079
3681,[-0.8538,-0.3993, 0.1369,-0.1257],[-1.0308,-0.1279,-0.8634,-0.0117,-0.5822],[-0.8623,-0.383 , 0.1238,-0.1094],0.0722
3683,[-0.8505,-0.4313, 0.2362,-0.1391],[ 0.1221, 0.1875,-0.5369, 0.5362,-0.4934],[-0.8582,-0.4225, 0.2263,-0.1356],0.0076
3685,[-0.8346,-0.4419, 0.2904,-0.1254],[ 0.292 ,-0.4497, 1.3859, 1.785 , 0.1037],[-0.8413,-0.4371, 0.2775,-0.1347],-0.0567
3700,[-0.8554, 0.0052,-0.0013,-0.309 ],[ 2.3948,89.5394, 2.7637, 0.9182, 4.8241],[-0.8569, 0.0043, 0.0053,-0.3223],0.2259
3701,[-0.8557,-0.0226, 0.08  ,-0.3182],[-0.6529,-1.0954,80.3838,-0.4478, 0.835 ],[-0.8568,-0.0285, 0.0818,-0.3301],0.204
3702,[-0.8529, 0.0345,-0.0843,-0.2901],[-12.9346,-12.4528,-15.0459,-12.5632,-12.8958],[-0.8538, 0.0395,-0.0852,-0.2994],0.1883
3710,[-0.8552, 0.0838,-0.0351,-0.2992],[ 0.2848, 1.6105,12.7207,-0.9709, 0.4756],[-0.857 , 0.0798,-0.034 ,-0.3124],0.2034
3712,[-0.8583, 0.1044,-0.0901,-0.3095],[10.2082,22.2362,-0.146 , 1.1426, 0.8096],[-0.86  , 0.1035,-0.0851,-0.3227],0.1862
3714,[-0.8633, 0.1206,-0.1939,-0.3062],[-2.5393e-02, 3.2302e+01,-1.4586e+00, 2.8193e+00, 1.0862e+00],[-0.8631, 0.1284,-0.1945,-0.3197],0.1451
3720,[-0.8576,-0.0757, 0.0309,-0.2996],[ 1.7466, 6.1888,-0.8095, 2.9755,59.0128],[-0.8592,-0.0717, 0.0276,-0.3114],0.2161
3721,[-0.8551,-0.0871, 0.0936,-0.3074],[ 1.0822e+00,-8.5644e-04, 1.0090e+02, 1.6878e+00, 1.4944e+00],[-0.8564,-0.088 , 0.0886,-0.3187],0.1792
3730,[-0.8568, 0.1861,-0.0305,-0.2655],[-7.4828,-8.4929,-6.3084,-7.6607,-7.6412],[-0.86  , 0.1725,-0.0221,-0.261 ],0.1841
3732,[-0.8506, 0.2015,-0.1107,-0.2712],[3.6439,0.4579,0.5453,9.8857,0.2039],[-0.8536, 0.1946,-0.1026,-0.2763],0.1256
3734,[-0.8628, 0.185 ,-0.2213,-0.3101],[ 7.9278e-01, 2.3989e+01,-3.5307e-01, 3.8418e-01, 5.3904e-03],[-0.8634, 0.1885,-0.2092,-0.3126],0.1173
3740,[-0.8592,-0.1879, 0.0378,-0.3249],[-4.5544,-3.0614,-5.5704,-4.5918,-4.5057],[-0.8628,-0.1747, 0.029 ,-0.3365],0.1901
3741,[-0.8524,-0.2014, 0.1093,-0.3021],[11.0232, 0.6029, 0.5801, 0.6065, 0.8517],[-0.8556,-0.1945, 0.0999,-0.3153],0.1327
3743,[-0.849 ,-0.2105, 0.2112,-0.282 ],[-4.6547e-02,-1.7430e-01, 7.4531e+01, 9.4530e-01, 1.0694e+00],[-0.8503,-0.211 , 0.1972,-0.2918],0.0746
3763,[-0.8471,-0.2848, 0.2283,-0.2573],[ 0.7647,-0.2156, 2.4615, 3.6226, 0.4817],[-0.8503,-0.2812, 0.2046,-0.2558],0.0467
3800,[-0.8575,-0.0205, 0.023 ,-0.4097],[  1.3321,385.8037,  2.9105,  3.3364,  0.707 ],[-0.8594,-0.0217, 0.0294,-0.4196],0.2326
3801,[-0.8594,-0.0269, 0.0755,-0.4136],[-5.2630e-02,-1.3193e+00, 1.7177e+02, 1.0350e+00,-3.8651e-01],[-0.8609,-0.0323, 0.0776,-0.4213],0.2193
3802,[-0.8509, 0.0439,-0.0855,-0.3824],[ -0.4154,148.8734, -0.6308,  2.4514, -0.6419],[-0.8521, 0.0482,-0.0852,-0.3649],0.1796
3810,[-0.863 , 0.0755,-0.0394,-0.4139],[  0.9853,  0.3704,330.3229,  0.7757,  0.3984],[-0.8651, 0.0728,-0.0401,-0.4252],0.2333
3812,[-0.8595, 0.0788,-0.0726,-0.4059],[7.1571e-01,2.6659e+02,8.1344e-01,2.7521e+00,2.9335e-02],[-0.8614, 0.0787,-0.0689,-0.4165],0.2067
3814,[-0.8634, 0.1614,-0.2071,-0.3852],[ 1.5964, 2.3521,-1.5821,17.6468,-0.5972],[-0.8639, 0.1669,-0.2043,-0.3817],0.129
3820,[-0.8614,-0.0745, 0.0356,-0.3908],[ 0.6046, 2.4474,-0.4223,14.9526, 0.3903],[-0.8634,-0.0705, 0.0268,-0.3885],0.2305
3821,[-0.8601,-0.0877, 0.1142,-0.4292],[  0.499 ,  0.6194,166.8773,  7.341 ,  0.7429],[-0.8617,-0.0911, 0.1112,-0.4362],0.1867
3841,[-0.8664,-0.1695, 0.1581,-0.3878],[ 1.4249, 0.9826,-0.1671, 5.4912, 0.4093],[-0.8684,-0.1693, 0.1463,-0.4003],0.1654
3900,[-0.8583,-0.0331, 0.0265,-0.512 ],[6.6994e-01,8.6948e-01,1.0972e+00,6.2191e+02,1.7356e-01],[-0.8606,-0.033 , 0.027 ,-0.5036],0.2368
3921,[-0.866 ,-0.0955, 0.1014,-0.5013],[ 1.3396e+03,-9.2288e-01, 2.2317e+00,-1.4948e-01,-1.4803e+00],[-0.8682,-0.0968, 0.0943,-0.5063],0.2136
4400,[-0.8201, 0.0474, 0.0312, 0.0204],[-0.0655, 0.2148, 0.8996, 0.0638, 7.5286],[-0.8201, 0.0414, 0.0373, 0.015 ],0.0962
4421,[-0.8208,-0.1598, 0.0742, 0.0079],[ 0.1897,-0.8387, 2.2499,-0.6788, 2.5118],[-0.8221,-0.1536, 0.068 ,-0.0077],0.0574
4432,[-0.8143, 0.2069,-0.1161, 0.0154],[ 0.9835,-0.2791, 0.5393,-0.1635, 3.6084],[-0.8161, 0.201 ,-0.1107, 0.0059],0.0137
4440,[-0.8117,-0.2238, 0.0462, 0.0079],[-0.7223, 2.5029,-1.7886,-1.7952,-0.4063],[-0.8148,-0.2118, 0.0342,-0.0077],0.0299
4441,[-0.8178,-0.2499, 0.1437, 0.0305],[ 0.0784, 0.4717, 0.0975,-0.811 , 2.2958],[-0.8204,-0.2431, 0.1349, 0.0184],0.0042
4443,[-0.8112,-0.2565, 0.1697, 0.023 ],[-0.2377,-1.9617, 1.3245,-1.1685, 0.0924],[-0.8134,-0.2512, 0.164 , 0.0375],-0.0246
4452,[-0.8058, 0.35  ,-0.1375, 0.0289],[-0.1047,-0.82  , 2.3343,-1.1853, 0.0602],[-0.8119, 0.3389,-0.1277, 0.0256],-0.0427
4454,[-0.806 , 0.358 ,-0.2254, 0.0261],[ 1.1568, 3.2963,-0.1404,-0.1897, 2.5487],[-0.8105, 0.352 ,-0.2182, 0.0186],-0.0769
4456,[-0.8112, 0.3808,-0.3169, 0.0575],[-0.0862, 5.5617,-0.7074,-0.3922, 0.4912],[-0.8135, 0.378 ,-0.3118, 0.0715],-0.1066
4461,[-0.8109,-0.34  , 0.1398, 0.0139],[-0.3056, 2.828 ,-1.3562,-1.1846, 1.9451],[-0.8166,-0.3292, 0.1305, 0.0141],-0.0292
4463,[-0.8044,-0.3   , 0.2234, 0.0234],[1.6678,0.2958,3.5675,0.2542,3.1305],[-0.8068,-0.2958, 0.2133, 0.0204],-0.0665
4465,[-0.7965,-0.3151, 0.2793, 0.0156],[ 0.5054,-1.1525, 6.0817,-0.3996,-0.1557],[-0.7977,-0.3134, 0.2751, 0.0305],-0.1084
4472,[-0.8011, 0.4175,-0.1442, 0.0309],[ 0.0471,-2.2634,-0.3528,-1.1757,-1.4132],[-0.8097, 0.4053,-0.1348, 0.0369],-0.0691
4474,[-0.8069, 0.4505,-0.2293, 0.0424],[1.2197,0.192 ,2.4848,0.4624,6.8287],[-0.8149, 0.4424,-0.2215, 0.0437],-0.0954
4476,[-0.8095, 0.4376,-0.3314, 0.0403],[ 0.8273, 6.0665,-0.2552, 0.7761, 2.5246],[-0.8137, 0.4345,-0.3263, 0.0467],-0.1269
4481,[-0.8131,-0.4104, 0.1568, 0.0237],[-1.1194, 0.8684,-2.1314,-0.7015,-0.3281],[-0.8213,-0.3983, 0.1463, 0.0186],-0.0457
4483,[-0.8044,-0.4591, 0.2145, 0.037 ],[ 0.9778, 6.6387,-0.0497, 0.82  , 1.8592],[-0.8132,-0.4502, 0.2063, 0.0421],-0.0966
4485,[-0.8031,-0.4709, 0.3095, 0.0343],[ 0.9751,-0.0814, 7.4107, 0.694 , 1.3974],[-0.8095,-0.4666, 0.3034, 0.0469],-0.1375
4493,[-0.7981,-0.5372, 0.2442, 0.0379],[-6.8435,-8.2443,-7.961 ,-7.3855,-7.8014],[-0.8095,-0.53  , 0.2371, 0.0526],-0.1362
4494,[-0.797 , 0.5238,-0.2226, 0.0277],[-7.5714,-6.8519,-6.5957,-6.5581,-7.8119],[-0.8084, 0.5154,-0.215 , 0.0323],-0.1267
4495,[-0.8157,-0.5324, 0.3379, 0.023 ],[-7.645 ,-7.4301,-6.8974,-6.7719,-7.4436],[-0.8237,-0.5291, 0.3351, 0.0375],-0.1411
4496,[-8.2061e-01, 5.2334e-01,-2.9274e-01, 7.8125e-05],[-7.0063,-7.7734,-7.1453,-6.1946,-7.8494],[-0.8301, 0.5182,-0.2876,-0.0155],-0.1106
4500,[-0.8198, 0.0378, 0.0279,-0.0504],[ 3.7609, 1.8401, 1.2349,-0.8288, 4.6509],[-0.82  , 0.0328, 0.0312,-0.0661],0.0991
4501,[-0.8201, 0.0018, 0.0757,-0.0819],[ 1.0137,-1.7834, 4.9437,-0.467 , 1.4582],[-0.8201,-0.0043, 0.0808,-0.0959],0.0925
4510,[-0.8182, 0.0742,-0.0171,-0.0503],[-0.2957,-0.7803, 1.936 ,-1.0479, 2.5243],[-0.8188, 0.0698,-0.0119,-0.0616],0.0899
4512,[-0.8185, 0.1262,-0.0757,-0.0243],[ 0.1488, 3.1064,-0.8517,-0.3336, 3.0888],[-0.8193, 0.1225,-0.071 ,-0.0369],0.0583
4532,[-0.8133, 0.2427,-0.1152,-0.0345],[ 0.1053,-0.3084, 0.1912,-1.4562, 1.3188],[-0.8164, 0.2348,-0.1086,-0.0455],0.0049
4534,[-0.8179, 0.2736,-0.2402,-0.0705],[-0.2532, 1.1789,-1.7628,-0.7592, 0.2968],[-0.8192, 0.2722,-0.2381,-0.0859],-0.0398
4540,[-0.8195,-0.1938, 0.025 ,-0.0468],[-1.3966, 0.0234,-3.5475,-2.6204,-0.7395],[-0.822 ,-0.1817, 0.0138,-0.0624],0.0637
4541,[-0.8136,-0.242 , 0.1042,-0.0239],[-2.6362,-2.2877,-2.7203,-3.0422,-1.7797],[-0.8167,-0.2333, 0.0962,-0.0311],0.0099
4543,[-0.8147,-0.2568, 0.1988, 0.    ],[-1.2361,-2.9303, 0.0799,-1.5477, 0.2019],[-0.8163,-0.2534, 0.1955, 0.0078],-0.0279
4545,[-0.8152,-0.257 , 0.2859,-0.0617],[-1.3149e-01,-1.3427e+00, 1.0897e+01,-8.3075e-03, 8.2850e-01],[-0.8146,-0.2587, 0.2848,-0.0743],-0.0604
4552,[-0.8079, 0.3219,-0.139 ,-0.0411],[-0.3242,-1.8215, 2.369 ,-1.3596, 1.6959],[-0.8132, 0.3122,-0.1309,-0.0506],-0.0325
4554,[-0.8065, 0.3483,-0.2113,-0.0371],[0.4806,3.2543,0.4082,0.9039,6.935 ],[-0.8112, 0.3421,-0.205 ,-0.0463],-0.0682
4556,[-0.8093, 0.379 ,-0.2941,-0.0101],[-0.0432, 3.2602,-1.347 , 0.4928, 1.4742],[-0.8126, 0.376 ,-0.29  ,-0.013 ],-0.1011
4560,[-0.8167,-0.3112, 0.0449, 0.    ],[-1.4053, 1.1658,-3.3156,-2.2184,-2.2464],[-0.8224,-0.2945, 0.0336, 0.    ],0.0248
4561,[-0.8084,-0.3311, 0.1353,-0.0391],[-0.4493, 8.177 ,-0.6529,-0.625 , 0.2483],[-0.8141,-0.3207, 0.126 ,-0.046 ],-0.0317
4563,[-0.8081,-0.354 , 0.2178,-0.0121],[2.9121,0.1263,9.7096,0.3337,1.8382],[-0.8128,-0.3477, 0.2093,-0.0162],-0.0678
4565,[-0.8042,-0.3653, 0.301 ,-0.025 ],[ 0.317 ,-0.9803, 6.3127, 0.3817, 1.4396],[-0.8068,-0.363 , 0.2949,-0.0238],-0.1098
4572,[-0.8009, 0.4169,-0.1464,-0.05  ],[-1.967 ,-3.3625,-0.4626,-2.2291,-1.9054],[-0.8098, 0.4051,-0.1379,-0.0567],-0.0696
4574,[-0.8003, 0.4283,-0.2255,-0.0378],[1.4757,0.6925,3.7635,3.8876,5.3493],[-0.8078, 0.421 ,-0.2187,-0.0418],-0.1022
4576,[-0.8027, 0.4462,-0.315 ,-0.0072],[ 0.2622, 8.7435,-0.5443, 1.0038, 1.3503],[-0.808 , 0.4427,-0.3102,-0.0081],-0.135
4581,[-0.8024,-0.4241, 0.1458,-0.0346],[-0.9647,-0.7398,-2.5592,-2.1755,-1.6409],[-0.8115,-0.412 , 0.1357,-0.0375],-0.0677
4583,[-0.8048,-0.4476, 0.2272,-0.0228],[2.6695,7.8117,0.3272,1.1357,2.0547],[-0.813 ,-0.44  , 0.2202,-0.027 ],-0.098
4585,[-0.8001,-0.4368, 0.3183,-0.019 ],[ 0.2097,-0.0138, 7.887 , 0.7399, 0.8097],[-0.8049,-0.4338, 0.3135,-0.0245],-0.139
4593,[-0.7942,-0.5189, 0.2379,-0.0132],[-7.3037,-7.5291,-7.1088,-6.569 ,-6.976 ],[-0.8051,-0.5118, 0.2315,-0.0154],-0.1375
4594,[-0.8027, 0.5376,-0.2453,-0.0013],[-8.5874,-8.9528,-8.2514,-8.0735,-8.3465],[-0.8142, 0.5306,-0.2394,-0.0036],-0.1288
4595,[-0.8069,-0.5301, 0.3072, 0.    ],[-2.6457,-3.8619,-3.7105,-3.438 ,-4.1523],[-0.816 ,-0.5259, 0.3032, 0.0043],-0.1436
4596,[-0.8064, 0.5302,-0.2996,-0.0078],[-3.1212,-4.0646,-3.6993,-3.1976,-4.0976],[-0.8159, 0.5257,-0.2951,-0.0078],-0.1417
4600,[-0.8211, 0.0434,-0.0091,-0.1423],[ 2.5207, 1.1174, 0.9088,-1.039 , 1.8584],[-0.8219, 0.0412,-0.0129,-0.1583],0.1091
4601,[-0.8207,-0.0344, 0.0944,-0.1733],[ 0.1228,-1.0853, 2.9364,-1.0825, 0.3844],[-0.8211,-0.039 , 0.0937,-0.1866],0.0821
4632,[-0.8134, 0.2249,-0.1066,-0.1796],[-0.0743,-0.0655, 0.4116,-0.8752, 0.7494],[-0.8166, 0.2181,-0.1063,-0.1955],0.0112
4643,[-0.8162,-0.2658, 0.2455,-0.1619],[-0.0684,-2.2845, 1.2842,-0.7314, 0.6977],[-0.8176,-0.2651, 0.2358,-0.1744],-0.0404
4652,[-0.8112, 0.3238,-0.1206,-0.1515],[-1.075 ,-3.0409, 1.6041,-2.1547,-0.1441],[-0.8174, 0.3129,-0.1118,-0.1633],-0.0176
4654,[-0.8171, 0.3486,-0.2071,-0.1392],[ 1.367 , 2.4343,-0.0423, 2.2082, 2.1392],[-0.8223, 0.3423,-0.201 ,-0.1425],-0.043
4661,[-0.8109,-0.3077, 0.1263,-0.1452],[-0.9571, 2.2794,-2.2585,-1.4384,-0.1629],[-0.8163,-0.298 , 0.121 ,-0.1586],-0.0178
4665,[-0.8013,-0.3843, 0.3142,-0.1301],[ 1.9847,-1.3695, 4.8535, 1.8002,-0.5353],[-0.8046,-0.3825, 0.3054,-0.1266],-0.1232
4674,[-0.8072, 0.4406,-0.2171,-0.1393],[ 0.7862,-0.1756, 0.8359, 1.3054, 0.6713],[-0.8158, 0.4328,-0.2106,-0.1424],-0.0874
5454,[-0.7758, 0.3518,-0.1999, 0.0156],[ 0.7725, 2.5368,-0.7046,-0.6313, 2.8797],[-0.7806, 0.3455,-0.1936, 0.0305],-0.128
5461,[-0.7695,-0.3725, 0.1487, 0.023 ],[ 0.4544, 1.8767,-1.0104,-0.5952, 1.9388],[-0.7763,-0.3631, 0.1398, 0.0227],-0.1268
5472,[-0.7724, 0.4441,-0.1606, 0.0312],[-0.6012,-1.5391, 0.5243,-1.4594, 0.8832],[-0.7819, 0.4341,-0.1539, 0.0157],-0.1381
5474,[-0.7537, 0.4691,-0.2293, 0.0388],[ 0.4923, 1.0187, 1.7772,-0.0481, 6.4087],[-0.7626, 0.4627,-0.2236, 0.0319],-0.1936
5476,[-0.76  , 0.4911,-0.2924, 0.0683],[ 0.4333, 5.8105,-0.8144, 0.3477, 0.6989],[-0.7678, 0.4868,-0.2867, 0.0829],-0.2066
5483,[-0.7585,-0.4539, 0.2165, 0.0244],[0.2082,1.6828,1.292 ,0.3539,5.9987],[-0.7672,-0.447 , 0.2096, 0.0272],-0.1796
5485,[-0.7596,-0.4825, 0.2955, 0.0214],[ 1.0062,-0.5735, 2.4526, 1.3248, 1.4567],[-0.7671,-0.4786, 0.2909, 0.0181],-0.2067
5493,[-0.7664,-0.5207, 0.2409, 0.0198],[-6.4712,-6.7321,-7.5112,-5.392 ,-7.0852],[-0.7772,-0.5144, 0.2346, 0.0262],-0.1867
5494,[-0.7587, 0.531 ,-0.24  , 0.0237],[-6.9687,-6.0671,-7.0421,-6.0768,-7.0712],[-0.77  , 0.5249,-0.2348, 0.032 ],-0.1996
5495,[-0.7435,-0.5343, 0.2806, 0.0382],[-2.5125,-4.7581,-3.2501,-2.0348,-5.0567],[-0.7538,-0.5301, 0.2754, 0.0382],-0.2339
5496,[-0.7402, 0.5006,-0.3027, 0.0305],[-6.629 ,-6.7681,-6.5164,-5.7227,-7.3781],[-0.7482, 0.4972,-0.2993, 0.0459],-0.2394
5552,[-0.7629, 0.3297,-0.1373,-0.0177],[-1.0137,-1.8141, 3.683 ,-1.0177, 3.7966],[-0.7685, 0.3215,-0.1306,-0.0264],-0.1285
5554,[-0.7674, 0.3648,-0.1961,-0.0185],[ 0.7839, 5.5228,-0.2351,-0.0827, 2.6659],[-0.7731, 0.3584,-0.1895,-0.0239],-0.1437
5561,[-0.7676,-0.3712, 0.1614,-0.025 ],[-0.1963, 2.7415,-1.0683,-0.5162, 3.739 ],[-0.7743,-0.3628, 0.1528,-0.029 ],-0.1335
5563,[-0.7671,-0.3732, 0.2132,-0.0276],[ 0.5105,-0.1926, 6.626 ,-0.1575, 1.7302],[-0.7728,-0.3672, 0.2033,-0.0391],-0.1497
5565,[-0.7579,-0.3721, 0.2931, 0.    ],[-0.5083,-0.8721, 5.2463, 0.3515, 0.1814],[-0.761 ,-0.3697, 0.2887, 0.    ],-0.1901
5572,[-0.7599, 0.444 ,-0.1559,-0.0553],[ 0.0495,-2.5946, 0.2233,-1.7984,-0.4502],[-0.7698, 0.4345,-0.149 ,-0.0704],-0.1577
5574,[-0.7599, 0.4475,-0.2282,-0.021 ],[ 1.1528, 1.1624, 1.8596, 1.1117,15.6957],[-0.7681, 0.4414,-0.2222,-0.0326],-0.1797
5576,[-0.7605, 0.4628,-0.2942,-0.0024],[-0.0394,15.9663,-0.336 , 0.3175, 0.7389],[-0.7673, 0.4591,-0.2904,-0.0047],-0.2016
5581,[-0.765 ,-0.4395, 0.1424,-0.0128],[-0.0726, 1.8531,-2.3059,-1.8486,-1.0529],[-0.7748,-0.4289, 0.1336,-0.0225],-0.144
5583,[-0.7594,-0.4462, 0.228 ,-0.0072],[1.8006,2.3543,1.7183,0.186 ,8.3498],[-0.7675,-0.44  , 0.2219,-0.012 ],-0.1802
5585,[-7.6026e-01,-4.6789e-01, 3.1933e-01,-7.4405e-04],[ 1.9493,-0.8027, 7.9717, 0.3546, 1.767 ],[-7.6635e-01,-4.6504e-01, 3.1542e-01, 3.7202e-05],-0.21
5591,[-0.7633,-0.5065, 0.16  ,-0.0156],[-9.2936,-9.8551,-9.5403,-9.2668,-8.9949],[-0.7757,-0.4965, 0.1517,-0.0305],-0.1641
5593,[-0.757 ,-0.5242, 0.2224,-0.0097],[-5.6504,-5.8514,-6.835 ,-6.3938,-6.5908],[-0.7686,-0.5175, 0.216 ,-0.014 ],-0.1957
5594,[-0.7543, 0.5388,-0.237 ,-0.0022],[-6.5225,-7.9629,-7.2743,-7.4742,-8.2684],[-0.7661, 0.5328,-0.2314, 0.0045],-0.2067
5595,[-0.7606,-0.5328, 0.2939, 0.    ],[-3.0309,-3.247 ,-3.4837,-3.3076,-3.5499],[-0.7703,-0.5291, 0.29  , 0.0031],-0.2137
6474,[-0.728 , 0.4896,-0.236 , 0.0305],[ 0.6908, 0.1699, 0.7593,-0.308 , 8.9558],[-0.7377, 0.484 ,-0.2301, 0.015 ],-0.2357
6493,[-6.9145e-01,-6.0181e-01, 2.0948e-01, 7.8125e-05],[-4.2102,-5.0465,-4.1767,-3.9644,-5.9964],[-0.7068,-0.5968, 0.2044,-0.0147],-0.2889
6494,[-0.7084, 0.5094,-0.2427, 0.0905],[-4.2559,-5.8299,-5.4652,-5.7008,-5.5865],[-0.7186, 0.5041,-0.2348, 0.1057],-0.2642
6495,[-0.7282,-0.54  , 0.2895, 0.0156],[-1.0891,-2.5376,-1.6386,-0.908 ,-3.7508],[-0.7384,-0.5363, 0.2833, 0.0305],-0.2566
6496,[-0.7322, 0.5038,-0.3059, 0.0156],[-4.054 ,-3.9403,-4.7486,-3.6631,-5.4845],[-0.7402, 0.5006,-0.3027, 0.0305],-0.251
6574,[-0.7199, 0.4832,-0.215 ,-0.0116],[0.7377,1.2768,1.8952,1.7283,9.7408],[-0.73  , 0.4771,-0.209 ,-0.0163],-0.2398
6576,[-0.7325, 0.4406,-0.288 , 0.    ],[ 1.8684,10.4369,-0.8607, 0.3633, 0.8131],[-0.7385, 0.4373,-0.2847, 0.    ],-0.2363
6583,[-0.7272,-0.4573, 0.2274, 0.    ],[11.5914, 0.7543, 1.3473, 0.0493, 0.8875],[-0.7358,-0.4517, 0.2216, 0.0026],-0.2299
6585,[-0.7302,-0.4884, 0.353 , 0.    ],[ 1.595 ,-1.0503, 9.1268, 0.2433, 3.6913],[-0.7359,-0.4866, 0.3513, 0.    ],-0.2634
6593,[-0.7178,-0.5572, 0.2135,-0.0109],[-5.6822,-7.0722,-6.1992,-6.1677,-6.856 ],[-0.7311,-0.5514, 0.2084,-0.0143],-0.2533
6594,[-0.709 , 0.5216,-0.2178,-0.0087],[-6.3886,-7.2049,-7.311 ,-6.7927,-7.1011],[-0.7206, 0.5159,-0.2123,-0.0064],-0.26
6595,[-0.7075,-0.5462, 0.2934, 0.    ],[-1.9038,-2.0295,-1.7306,-0.79  ,-3.1109],[-0.7179,-0.5431, 0.2912, 0.0052],-0.2829
6596,[-0.72  , 0.5082,-0.3102, 0.    ],[-2.143 ,-2.2013,-3.8141,-1.9209,-3.6368],[-0.7281, 0.5053,-0.3074, 0.0078],-0.2674
7493,[-0.6761,-0.6064, 0.2141, 0.0156],[-0.4287,-1.7512,-1.8029,-2.2283,-2.5263],[-6.9145e-01,-6.0181e-01, 2.0948e-01, 7.8125e-05],-0.3062
7494,[-0.6724, 0.5245,-0.2607, 0.0387],[-2.4545,-2.2692,-0.5882,-1.4819,-3.5337],[-0.6828, 0.5206,-0.2565, 0.0536],-0.3086
7542,[-0.6601,-0.2149,-0.0628, 0.    ],[-233.0456,-230.4451,-232.1627,-231.9767,-232.4692],[-0.8729,-0.0131, 0.0082, 0.    ],0.1263
7593,[-0.6607,-0.6106, 0.2183, 0.    ],[-6.028 ,-7.1806,-6.3638,-6.0243,-7.2474],[-0.6761,-0.6064, 0.2141, 0.0156],-0.3219
7594,[-0.6693, 0.5189,-0.2308, 0.    ],[-6.7769,-6.1861,-6.961 ,-5.9477,-6.6559],[-0.6805, 0.5142,-0.2261,-0.0052],-0.3044
