200,[-0.9596, 0.0263, 0.0026, 0.2954],[-1.8957,-2.0878,-0.9   ,-0.6719,-2.1518],[-0.9582, 0.0175, 0.0091, 0.3081],0.2945
210,[-0.956 , 0.1119, 0.0081, 0.2638],[-1.7315,-2.378 , 0.2349,-1.4088,-1.3604],[-0.9555, 0.0794, 0.0273, 0.2679],0.2753
212,[-0.9618, 0.1266,-0.1237, 0.2777],[-0.727 , 0.3988,-1.7208,-0.9339,-0.5209],[-0.9606, 0.121 ,-0.1182, 0.285 ],0.2028
300,[-0.9589,-0.0159,-0.0017, 0.1924],[-15.8978,-15.401 ,-16.1297,-15.9024,-16.9827],[-0.958 ,-0.01  ,-0.0081, 0.204 ],0.2866
301,[-0.9573, 0.0068, 0.1032, 0.1461],[-4.8816,-5.4693,-4.2553,-4.7001,-5.0876],[-0.9557,-0.0245, 0.1307, 0.1502],0.2544
302,[-0.9611, 0.0283,-0.0988, 0.1616],[-6.1942,-4.8971,-6.4878,-4.9882,-6.6865],[-0.9597, 0.0494,-0.1187, 0.1751],0.2347
304,[-0.9767, 0.0538,-0.2641, 0.1624],[-0.2512, 1.2253,-1.8812, 1.3358,-0.9812],[-0.9711, 0.1337,-0.3383, 0.1753],0.0786
310,[-0.9588, 0.0918,-0.0192, 0.1935],[-4.1568,-4.8141,-2.7803,-4.2396,-4.2773],[-0.9582, 0.0682, 0.0035, 0.2074],0.2655
311,[-0.9573, 0.0708, 0.0861, 0.1807],[ 0.2364,-1.1089, 1.3947,-0.506 ,-0.1538],[-0.956 , 0.0246, 0.1275, 0.18  ],0.2548
312,[-0.9635, 0.1136,-0.1164, 0.1806],[-4.7873,-3.9115,-6.2301,-4.2966,-6.0892],[-0.9627, 0.1112,-0.1101, 0.1903],0.2033
314,[-0.9634, 0.1348,-0.1907, 0.1642],[-0.4408, 3.173 ,-1.7672, 1.6334,-1.4109],[-0.9616, 0.1479,-0.2016, 0.1738],0.1557
316,[-0.9647, 0.1443,-0.3181, 0.1424],[ 0.1169, 4.6238,-1.0351,-0.4291,-0.1495],[-0.9592, 0.1829,-0.3516, 0.1518],0.0891
320,[-0.96  ,-0.0835, 0.0255, 0.1811],[-6.4487,-5.3954,-6.9983,-6.5657,-6.7814],[-0.9595,-0.0641, 0.0077, 0.1875],0.2704
321,[-0.9618,-0.1313, 0.0914, 0.1781],[-5.1703,-6.064 ,-4.8713,-5.211 ,-6.4723],[-0.9615,-0.1156, 0.075 , 0.1887],0.219
322,[-0.9644,-0.087 ,-0.1231, 0.1438],[-1.1192, 0.2875,-1.9297,-1.206 ,-0.4703],[-0.9623,-0.0073,-0.195 , 0.1578],0.1992
330,[-0.957 , 0.2071,-0.0285, 0.1406],[-0.2694,-1.1691, 0.3012,-0.5191, 0.9809],[-0.9585, 0.1535, 0.0189, 0.1552],0.2353
332,[-0.964 , 0.1831,-0.1513, 0.185 ],[-1.9966,-2.6178,-0.5649,-1.8702,-2.6494],[-0.964 , 0.1681,-0.1338, 0.1984],0.1669
334,[-0.9647, 0.2117,-0.2232, 0.1666],[ 0.0224, 0.6564,-2.0627, 0.8224,-2.3049],[-0.9638, 0.2078,-0.2186, 0.1808],0.1184
336,[-0.9601, 0.1968,-0.3381, 0.1504],[ 2.1915, 9.8611,-0.9477, 1.1962,-0.2658],[-0.9552, 0.2207,-0.3569, 0.1598],0.0834
338,[-0.9578, 0.2202,-0.4109, 0.1457],[ 6.6128, 0.2369,-0.6451, 2.759 ,-0.3362],[-0.951 , 0.2451,-0.4277, 0.1316],0.0559
340,[-0.9798,-0.2116,-0.0079, 0.1346],[-1.5018, 0.5696,-2.2161,-0.5665,-0.9422],[-0.9801,-0.0672,-0.1481, 0.1488],0.1462
341,[-0.9596,-0.1833, 0.1091, 0.1357],[-2.7865,-1.0818,-3.1063,-1.8616,-2.9749],[-0.9602,-0.1595, 0.0882, 0.1385],0.201
345,[-0.9563,-0.2456, 0.2985, 0.1346],[-0.1014,-0.3217, 3.0879, 0.4332,-0.0594],[-0.9542,-0.2523, 0.3049, 0.1495],0.0946
400,[-0.9619,-0.0083,-0.0223, 0.0543],[-19.5251,-18.7001,-19.2835,-18.314 ,-20.1049],[-0.9615, 0.0043,-0.0355, 0.0649],0.2723
401,[-0.9628, 0.0065, 0.1089, 0.0497],[-6.5281,-7.2137,-5.1262,-5.7511,-7.1648],[-0.9615,-0.0346, 0.1481, 0.0641],0.2215
402,[-0.9648, 0.0122,-0.1011, 0.0658],[-6.9596,-6.5294,-8.0558,-7.1258,-7.9441],[-0.9636, 0.0448,-0.1322, 0.0771],0.2172
403,[-0.9699,-0.0289, 0.2214, 0.0281],[-0.2786,-0.788 , 3.8788, 0.0143,-0.5794],[-0.966 ,-0.0993, 0.2878, 0.0143],0.1268
404,[-0.9661, 0.0216,-0.1995, 0.0768],[-0.6341, 1.3337,-1.8551, 0.4059,-1.5315],[-0.9627, 0.082 ,-0.2545, 0.0844],0.1576
410,[-0.9616, 0.1066,-0.0023, 0.0608],[-5.2008,-6.0406,-4.451 ,-4.9324,-5.8878],[-0.9617, 0.068 , 0.0339, 0.0642],0.2463
411,[-0.9656, 0.0694, 0.1104, 0.0215],[ 0.1034,-1.484 , 1.3614, 0.5704,-0.6817],[-0.9642,-0.0013, 0.1782, 0.0064],0.204
412,[-0.964 , 0.0968,-0.1016, 0.071 ],[-4.4242,-4.0516,-5.8961,-4.2845,-6.4834],[-0.9636, 0.098 ,-0.1018, 0.0793],0.2085
414,[-0.9624, 0.1117,-0.2038, 0.0703],[-0.5503, 1.3701,-1.7024, 1.4926,-2.0916],[-0.9602, 0.1371,-0.2237, 0.0804],0.1559
416,[-0.9637, 0.1296,-0.3019, 0.0832],[-0.1552, 0.0744,-1.0735, 4.9059,-0.0331],[-0.9586, 0.1719,-0.3385, 0.0873],0.1006
420,[-0.9647,-0.1012, 0.0103, 0.0605],[-6.9821,-6.2402,-8.0158,-6.7632,-7.816 ],[-0.9648,-0.0654,-0.0224, 0.0695],0.2436
421,[-0.9653,-0.1194, 0.1034, 0.0475],[-7.2582,-8.3599,-6.8835,-6.0906,-8.9635],[-0.9652,-0.1118, 0.095 , 0.0572],0.1995
422,[-0.9668,-0.0864,-0.0909, 0.0642],[-1.7144,-0.5747,-2.44  ,-0.3594,-2.1135],[-0.9657,-0.0148,-0.1579, 0.0699],0.2086
423,[-0.9627,-0.1141, 0.2067, 0.0402],[-1.6652,-2.392 ,-0.3188,-0.258 ,-2.4082],[-0.9605,-0.1411, 0.2322, 0.0487],0.1501
425,[-0.9634,-0.126 , 0.3121, 0.0077],[2.4922,0.0876,2.0732,0.6548,0.4427],[-0.9581,-0.1727, 0.3537,-0.0051],0.0954
430,[-0.9619, 0.2039,-0.038 , 0.0303],[-9.2978e-04,-1.1885e+00, 1.0289e+00, 6.1984e-01,-1.9365e-01],[-0.9637, 0.1426, 0.0221, 0.0345],0.2195
432,[-0.9591, 0.1934,-0.1206, 0.0463],[-3.1077,-3.7103,-2.5246,-3.1096,-3.7467],[-0.9603, 0.1707,-0.0993, 0.0529],0.1918
434,[-0.9577, 0.2105,-0.2302, 0.0761],[-1.2038,-0.0785,-1.9   , 0.7263,-2.6821],[-0.9568, 0.2132,-0.2318, 0.0903],0.1325
440,[-0.9656,-0.2079, 0.0135, 0.059 ],[-1.2417,-0.3548,-2.5436,-0.8824,-2.0147],[-0.9671,-0.1301,-0.0599, 0.0738],0.1996
441,[-0.9645,-0.2101, 0.1121, 0.0416],[-5.907 ,-4.6858,-6.4674,-5.6655,-6.6442],[-0.9661,-0.1736, 0.0768, 0.0551],0.1796
443,[-0.9613,-0.2253, 0.2145, 0.0527],[-2.9795,-4.0689,-2.4052,-1.5551,-4.3879],[-0.9614,-0.2207, 0.2094, 0.0657],0.1242
445,[-0.9582,-0.2236, 0.3003, 0.0838],[ 0.296 ,-0.9947, 2.3891, 2.2459,-0.7382],[-0.9555,-0.237 , 0.3118, 0.0978],0.0941
452,[-0.9653, 0.3148,-0.1139, 0.0305],[ 0.0355,-0.8967, 1.2462,-0.0075,-0.554 ],[-0.9697, 0.2431,-0.043 , 0.0446],0.1537
454,[-0.9657, 0.3172,-0.2206, 0.0807],[-2.9776,-2.9739,-2.3357,-2.239 ,-3.5506],[-0.9683, 0.2876,-0.1913, 0.0955],0.0844
456,[-0.9649, 0.3373,-0.3113, 0.0531],[-0.6333,-0.0632,-1.8614, 0.9948,-1.9713],[-0.9658, 0.3284,-0.2987, 0.0681],0.0338
461,[-0.9692,-0.3237, 0.1269, 0.0601],[-1.7705,-1.0337,-2.738 ,-0.8364,-2.1199],[-0.9735,-0.2406, 0.0452, 0.0751],0.1401
463,[-0.9643,-0.3162, 0.2221, 0.0452],[-5.5179,-4.9985,-6.1472,-4.8896,-6.0532],[-0.9672,-0.2863, 0.1881, 0.037 ],0.0889
465,[-0.9559,-0.3659, 0.2883, 0.06  ],[-2.1403,-3.5464,-1.5424,-0.9056,-3.4255],[-0.9587,-0.3498, 0.2689, 0.0747],0.0567
481,[-0.9599,-0.3891, 0.1641, 0.0459],[-0.9472, 0.8511,-0.6401, 0.4747,-0.081 ],[-0.9664,-0.3292, 0.1059, 0.0606],0.1067
483,[-0.9642,-0.4268, 0.2105, 0.0758],[-1.9596,-1.4917,-2.8469,-1.5976,-2.2336],[-0.9711,-0.3679, 0.1531, 0.09  ],0.0599
500,[-0.9614, 0.0057, 0.0018,-0.0198],[-0.3363, 0.7128, 0.969 , 2.5731,-2.858 ],[-9.6135e-01, 4.0483e-03, 1.0476e-04,-1.8848e-02],0.2724
501,[-0.9623,-0.0071, 0.095 ,-0.0237],[-2.2026,-3.3335,-0.9552,-1.7257,-3.4275],[-0.9615,-0.0381, 0.1255,-0.0155],0.2294
502,[-0.9652, 0.0308,-0.1073,-0.0027],[-2.183 , 0.2804,-3.2193,-1.5234,-3.2419],[-0.9643, 0.0585,-0.1344, 0.0059],0.2085
503,[-0.9571,-0.0242, 0.1823,-0.0301],[ 0.1723,-0.9173, 0.444 , 1.7727,-0.4468],[-0.9546,-0.069 , 0.2231,-0.0143],0.2026
510,[-0.962 , 0.0815,-0.0222,-0.0443],[-2.6076,-3.1543,-0.723 ,-2.6569,-3.5927],[-0.9625, 0.0615,-0.0047,-0.0457],0.254
512,[-0.9649, 0.0716,-0.0733,-0.0393],[-1.3615, 0.0683,-2.0645, 0.9083,-2.3557],[-0.965 , 0.0737,-0.078 ,-0.0316],0.2216
514,[-0.9621, 0.1181,-0.1955,-0.0026],[ 0.0036, 0.7559,-1.0246, 2.3407,-1.4535],[-0.9604, 0.1425,-0.2198, 0.0052],0.1551
516,[-0.9686, 0.1623,-0.311 , 0.    ],[-0.2713, 3.4488,-0.9086, 0.767 , 0.9107],[-0.964 , 0.2043,-0.353 , 0.    ],0.0663
520,[-0.9596,-0.0905,-0.0094, 0.    ],[-2.0706, 0.095 ,-3.3151,-2.7526,-3.2165],[-0.9598,-0.0557,-0.0431, 0.0052],0.2566
521,[-0.9661,-0.1004, 0.1224,-0.0099],[ 0.595 ,-2.1891, 0.5736, 1.6479,-2.6636],[-0.9657,-0.1056, 0.127 , 0.0051],0.1876
530,[-0.9695, 0.1704,-0.0351, 0.    ],[-0.5882,-0.7403, 1.7017, 0.1635,-0.5403],[-0.9708, 0.1103, 0.0234, 0.0156],0.2081
532,[-0.9618, 0.2376,-0.1175, 0.    ],[-2.9278,-3.3475,-2.215 ,-3.0469,-3.4906],[-0.9642, 0.197 ,-0.0771, 0.0078],0.1766
534,[-0.9574, 0.2545,-0.1778, 0.    ],[-0.9388,-0.8792,-2.2588, 0.0258,-2.476 ],[-0.9594, 0.2341,-0.1574, 0.    ],0.1458
536,[-0.9614, 0.2202,-0.3684, 0.    ],[ 2.1851, 7.7027,-0.0557, 0.8408,-0.7848],[-0.9562, 0.2483,-0.3953, 0.    ],0.0535
540,[-0.9619,-0.209 , 0.0429, 0.    ],[ 0.4093, 1.0156,-1.8996,-0.3127,-1.0403],[-0.964 ,-0.149 ,-0.0162, 0.0052],0.2204
541,[-0.9651,-0.2218, 0.128 ,-0.009 ],[-4.8286,-4.1236,-5.2267,-3.8797,-5.3724],[-9.6704e-01,-1.8886e-01, 9.5322e-02, 2.4613e-04],0.1634
543,[-0.9596,-0.2616, 0.2005, 0.    ],[-3.1373,-4.7742,-3.6945,-2.3095,-4.9307],[-0.9613,-0.2443, 0.1827, 0.0078],0.1256
545,[-0.9574,-0.2287, 0.3086, 0.    ],[-0.2565,-1.5408, 0.6085, 1.2891,-1.47  ],[-0.9547,-0.2447, 0.3242, 0.0104],0.0883
554,[-0.9602, 0.3088,-0.1725, 0.    ],[-2.6382,-2.3317,-1.9118,-1.8036,-2.9077],[-0.964 , 0.2707,-0.1345, 0.    ],0.1258
556,[-0.9615, 0.3609,-0.3426, 0.    ],[-0.521 , 0.8609,-1.5917, 0.8053,-1.6728],[-0.9622, 0.3576,-0.3391, 0.0052],0.0162
561,[-0.9616,-0.3207, 0.1346, 0.    ],[-1.0447,-0.0973,-2.1881,-1.6297,-1.4093],[-0.9663,-0.2634, 0.0781, 0.0078],0.1436
563,[-0.9613,-0.3309, 0.2125,-0.0031],[-5.9608,-5.6126,-6.182 ,-5.3997,-7.1061],[-0.965 ,-0.3003, 0.1818,-0.003 ],0.0928
583,[-0.9574,-0.3965, 0.2756, 0.    ],[-2.2711,-0.5503,-2.4159,-1.6138,-2.3311],[-0.9619,-0.3749, 0.2539, 0.    ],0.0438
600,[-0.9591, 0.0549,-0.0508,-0.2285],[-5.7517,-5.5934,-5.056 ,-3.9004,-7.8463],[-0.9601, 0.0555,-0.0532,-0.2226],0.2569
610,[-0.9562, 0.0561,-0.0504,-0.2195],[-2.845 ,-3.3882,-1.513 ,-2.3912,-3.7454],[-0.9573, 0.0546,-0.0461,-0.2353],0.2707
612,[-0.9628, 0.0581,-0.0569,-0.1701],[-1.7594,-1.0437,-3.2258,-0.147 ,-3.465 ],[-0.9635, 0.0584,-0.0566,-0.1545],0.2415
700,[-0.9585, 0.0542,-0.0492,-0.2503],[-11.3982,-11.0924,-10.0383, -9.4178,-12.2671],[-0.9595, 0.0547,-0.052 ,-0.2334],0.2599
1100,[-0.9509,-0.0182, 0.0438, 0.3766],[ 1.3975, 1.9853,67.1655, 0.5964, 1.8528],[-0.9492,-0.0243, 0.0519, 0.3628],0.313
1101,[-0.9486, 0.0243, 0.0646, 0.377 ],[ 2.9464,-1.0264, 2.5557, 0.0335, 5.8989],[-0.9466, 0.0038, 0.0828, 0.3633],0.319
1200,[-0.935 ,-0.0109, 0.0145, 0.2838],[-0.165 ,-0.9527,-1.6102,-1.8719, 0.5463],[-0.9337,-0.0121, 0.015 , 0.2768],0.3831
1201,[-0.9285,-0.0348, 0.0748, 0.2852],[ 0.2296,-0.717 , 4.6846,-0.3313, 5.5638],[-0.927 ,-0.0406, 0.0756, 0.2814],0.3802
1202,[-0.9393,-0.0069,-0.0809, 0.2596],[ 0.5406,12.7557,-1.2033,-0.5858, 2.337 ],[-0.9377, 0.0098,-0.0932, 0.2499],0.3445
1210,[-0.9342, 0.1036,-0.0203, 0.278 ],[-0.2109,-1.5416, 6.348 ,-0.7836, 0.6313],[-0.9336, 0.0867,-0.0092, 0.2734],0.363
1211,[-0.9341, 0.0695, 0.0707, 0.3055],[-1.7738,-2.897 ,-1.3972,-1.6711,-1.1956],[-0.9326, 0.0445, 0.0833, 0.3172],0.3595
1212,[-0.9289, 0.1225,-0.0964, 0.2729],[7.5862e-01,2.1594e+00,8.7077e-03,1.8391e-01,1.0612e+01],[-0.9282, 0.1159,-0.0885, 0.2672],0.3415
1214,[-0.9347, 0.1585,-0.1836, 0.2659],[ 1.3674,29.247 ,-0.8695,-0.6816, 3.9015],[-0.9332, 0.1589,-0.1773, 0.2709],0.2594
1220,[-9.3493e-01,-1.0065e-01,-8.9009e-05, 2.8107e-01],[ 0.2398, 5.8533,-0.9771,-0.6366, 7.639 ],[-0.9343,-0.08  ,-0.0175, 0.2753],0.3628
1221,[-0.9239,-0.1061, 0.0967, 0.2757],[1.5188,0.0386,2.9866,0.3605,6.2249],[-0.923 ,-0.1021, 0.0898, 0.2691],0.365
1222,[-0.9366,-0.0826,-0.085 , 0.279 ],[ 0.2885, 0.8028,-2.8023,-1.7603,-0.0175],[-0.9352,-0.0498,-0.1103, 0.2653],0.3341
1223,[-0.9244,-0.1364, 0.2022, 0.2668],[-0.2145,-0.9234, 7.3507,-0.0146, 2.5782],[-0.9222,-0.1424, 0.1975, 0.2677],0.2964
1230,[-0.9401, 0.1895,-0.0377, 0.2609],[-2.3856,-2.754 ,-0.7262,-2.2995,-2.3388],[-0.9409, 0.1548,-0.005 , 0.2561],0.3088
1232,[-0.9248, 0.1989,-0.1207, 0.2866],[-1.1451,-2.3114,-1.8163,-1.9388,-0.3414],[-0.9252, 0.1827,-0.1025, 0.2869],0.3126
1234,[-0.9311, 0.2333,-0.2219, 0.2822],[ 1.1413,29.1522, 0.1121,-0.1742, 1.6997],[-0.9306, 0.2266,-0.205 , 0.2885],0.2279
1236,[-0.9243, 0.2503,-0.3041, 0.2705],[ 0.9334, 2.4895,-0.7477, 1.1162,23.9536],[-0.9221, 0.2516,-0.2971, 0.2722],0.1999
1240,[-0.9366,-0.208 , 0.0213, 0.2588],[-1.4706, 2.3495,-2.564 ,-0.8066,-0.6118],[-0.9378,-0.1692,-0.0175, 0.2634],0.3051
1241,[-0.9369,-0.2024, 0.1207, 0.2733],[ 6.9978e-01, 2.8382e+01,-1.3268e-01, 2.8170e-04, 2.0038e+00],[-0.9374,-0.1844, 0.1045, 0.28  ],0.2678
1243,[-0.9269,-0.2279, 0.2347, 0.2725],[ 2.2453,-0.2887, 7.1398, 0.5127, 3.1093],[-0.9261,-0.2232, 0.2203, 0.2705],0.2344
1252,[-0.9462, 0.3109,-0.161 , 0.2694],[-1.0678,-2.1672,-0.5836,-1.1985,-1.0316],[-0.9494, 0.2728,-0.1048, 0.2813],0.1848
1254,[-0.9426, 0.3406,-0.208 , 0.257 ],[-0.7217,-1.5548,-1.2245,-0.4175,-1.1387],[-0.9462, 0.3109,-0.161 , 0.2694],0.1556
1256,[-0.9219, 0.2864,-0.3242, 0.2628],[ 1.1954,10.9315,-0.4028, 2.0447, 0.9671],[-0.9203, 0.2847,-0.3093, 0.2664],0.1746
1261,[-0.9267,-0.3087, 0.083 , 0.2618],[-2.4978,-0.5975,-2.7449,-1.2308, 0.2481],[-0.9306,-0.2733, 0.0595, 0.2566],0.2731
1263,[-0.9255,-0.3034, 0.2391, 0.2756],[1.1864,0.9073,0.0066,0.3941,4.8279],[-0.9268,-0.2911, 0.2224, 0.2711],0.2029
1265,[-0.9321,-0.3554, 0.3217, 0.2811],[ 1.2162, 0.3151,13.4624, 0.7649, 0.8891],[-0.9327,-0.3464, 0.3088, 0.2917],0.117
1300,[-0.9167,-0.0074, 0.0054, 0.1401],[1.6116e+00,1.4460e+00,2.4341e+00,6.1528e-01,3.8698e+03],[-0.9161,-0.0069, 0.0039, 0.136 ],0.4477
1301,[-0.9168,-0.0413, 0.0654, 0.1501],[ 1.1526e-01,-1.1402e+00, 3.5229e+02, 1.6872e-01, 3.4223e-01],[-0.9159,-0.0443, 0.0655, 0.1578],0.4263
1302,[-0.9166, 0.0347,-0.0681, 0.1382],[ 1.9091e-01, 3.0277e+00,-1.1181e+00,-2.8118e-01, 3.9635e+02],[-0.9158, 0.0395,-0.0707, 0.1331],0.4263
1303,[-0.9333,-0.0358, 0.1877, 0.1635],[-3.5231,-4.655 ,-2.8371,-3.6853,-2.85  ],[-0.9305,-0.0611, 0.2041, 0.1709],0.3035
1304,[-0.9308, 0.0325,-0.1813, 0.1656],[-4.7915,-4.1645,-6.6508,-5.7945,-3.6879],[-0.928 , 0.0576,-0.1994, 0.1593],0.3141
1310,[-0.9173, 0.0693,-0.0372, 0.1465],[ 8.7205e-01,-2.8083e-01, 1.5134e+00,-3.8893e-02, 2.1146e+02],[-0.9169, 0.0635,-0.0311, 0.1427],0.4307
1311,[-0.9317, 0.0832, 0.078 , 0.1484],[-8.957 ,-9.9528,-8.6616,-9.6127,-9.4078],[-0.9309, 0.0526, 0.1003, 0.1419],0.3567
1312,[-0.9179, 0.084 ,-0.0857, 0.1537],[ 1.9837e+02, 1.6934e+00,-1.2472e-02, 4.8386e-01, 2.6074e+00],[-0.9173, 0.0829,-0.0807, 0.1592],0.3955
1314,[-0.9255, 0.1267,-0.199 , 0.1616],[ 1.7296e-01, 1.1242e+02,-6.9264e-01, 3.9702e-03, 4.2249e-01],[-0.9236, 0.1355,-0.1998, 0.1673],0.2938
1316,[-0.9331, 0.1531,-0.2944, 0.134 ],[-1.206 ,-1.0471,-2.8468,-0.8489, 2.6874],[-0.9289, 0.1712,-0.3046, 0.1389],0.2136
1320,[-0.9207,-0.0748, 0.0308, 0.1475],[ 1.3280e+00, 1.5128e+02,-1.2001e-02, 7.0687e-01, 2.7301e+00],[-0.9203,-0.067 , 0.027 , 0.151 ],0.4169
1321,[-0.9177,-0.0737, 0.0858, 0.1537],[  0.5263,  0.5472,  1.2518,  1.3283,398.0288],[-0.917 ,-0.0744, 0.0834, 0.1481],0.4017
1322,[-0.9328,-0.0812,-0.0766, 0.1675],[-11.0413,-10.611 ,-12.8498,-11.2387,-11.1314],[-0.9319,-0.0512,-0.0984, 0.1754],0.3532
1323,[-0.9262,-0.1278, 0.2058, 0.1656],[ 1.5207,-0.6283,56.5908, 0.7022, 1.7262],[-0.924 ,-0.1373, 0.2073, 0.1713],0.2894
1325,[-0.9298,-0.1457, 0.2931, 0.1591],[-0.2604,-2.4904, 0.1058,-0.4931, 1.6797],[-0.9255,-0.1634, 0.3012, 0.1633],0.2307
1330,[-0.9264, 0.1926,-0.0334, 0.1575],[-7.5727,-8.2366,-5.9983,-7.1604,-7.509 ],[-0.9277, 0.1641,-0.011 , 0.1591],0.3539
1332,[-0.9239, 0.2014,-0.1228, 0.1751],[-19.4867,-19.8545,-19.077 ,-19.5666,-19.5535],[-0.9247, 0.1869,-0.1061, 0.1786],0.314
1334,[-0.9227, 0.2165,-0.2164, 0.1708],[ 0.4979,25.1615,-0.5251, 0.5048, 1.3834],[-0.9223, 0.2131,-0.2035, 0.1772],0.2607
1336,[-0.9312, 0.2364,-0.3107, 0.1704],[  1.1068,109.1116, -0.4199,  0.5664,  0.6073],[-0.9286, 0.2424,-0.3085, 0.1799],0.1767
1338,[-0.9374, 0.2503,-0.4083, 0.1895],[ 1.0939,19.5579,-1.0665,-0.1381,-0.4108],[-0.9316, 0.2628,-0.411 , 0.1988],0.1101
1340,[-0.9336,-0.1987, 0.0275, 0.1678],[-10.692 ,-10.2404,-11.7964,-10.7718,-11.2394],[-9.3507e-01,-1.6491e-01,-7.0331e-04, 1.7370e-01],0.3254
1341,[-0.9266,-0.2047, 0.1179, 0.1764],[-7.3385,-7.9337,-9.2645,-8.0055,-7.7904],[-0.9276,-0.1881, 0.0996, 0.1788],0.3051
1343,[-0.925 ,-0.2204, 0.2097, 0.1745],[ 1.2286,-0.2749,46.8016, 0.633 , 1.6543],[-0.9249,-0.2154, 0.196 , 0.1812],0.2554
1345,[-0.9282,-0.2338, 0.3078, 0.1615],[ 2.5571,-0.8177,43.5481,-0.0738, 1.2631],[-0.9256,-0.2393, 0.3052, 0.1656],0.184
1352,[-0.9224, 0.305 ,-0.1338, 0.1648],[-4.9445,-5.3817,-3.7362,-4.1189,-4.522 ],[-0.9261, 0.2791,-0.1127, 0.1711],0.2629
1354,[-0.9242, 0.3099,-0.2238, 0.1681],[-5.7786,-5.3393,-5.5184,-4.9692,-6.308 ],[-0.9264, 0.2963,-0.2095, 0.1749],0.2053
1356,[-0.9221, 0.3087,-0.3144, 0.1823],[ 1.1511,11.3275,-0.8308, 1.8604, 0.1607],[-0.9217, 0.3055,-0.3028, 0.1943],0.1675
1358,[-0.9215, 0.2981,-0.4184, 0.1919],[ 0.57  ,36.8844,-0.5702, 0.2205, 2.0079],[-0.917 , 0.3029,-0.4107, 0.2033],0.1279
1361,[-0.9277,-0.3163, 0.1279, 0.1761],[ -9.0403, -8.4507,-10.6934, -9.1448, -9.6709],[-0.9317,-0.2864, 0.1028, 0.1861],0.2431
1363,[-0.9253,-0.3105, 0.2227, 0.1753],[ 1.6752e-03,-6.1379e-01,-2.5664e+00, 1.5284e+00,-2.4146e+00],[-0.9274,-0.2964, 0.2062, 0.1832],0.2051
1365,[-0.9229,-0.3265, 0.3239, 0.1747],[ 0.9272,-0.5679,10.6552, 1.3171, 0.4512],[-0.9228,-0.3227, 0.3133, 0.1848],0.1573
1374,[-0.9238, 0.4331,-0.2318, 0.1776],[-2.1476,-2.7859,-1.6286,-1.8095,-2.2271],[-0.9304, 0.4111,-0.2139, 0.1916],0.1382
1376,[-0.9284, 0.4105,-0.3438, 0.1979],[-1.2171,-1.6652,-2.021 ,-0.6781,-2.2779],[-0.9311, 0.4002,-0.3203, 0.2096],0.0918
1378,[-0.9214, 0.4369,-0.4193, 0.1519],[ 0.8253,12.9509, 0.1196, 2.4931, 0.161 ],[-0.9223, 0.4328,-0.4057, 0.1626],0.0615
1383,[-0.9163,-0.4103, 0.2104, 0.1639],[-5.9095,-4.6076,-6.5063,-6.0581,-5.8606],[-0.9226,-0.3887, 0.191 , 0.1774],0.1858
1385,[-0.9259,-0.4094, 0.3714, 0.1771],[-1.1263,-1.3931,-1.5511,-0.7038,-2.0359],[-0.927 ,-0.4036, 0.367 , 0.1916],0.0804
1387,[-0.9212,-0.4274, 0.3964, 0.1306],[ 0.893 ,-0.3654, 2.5743, 6.4291, 0.4674],[-0.9224,-0.4232, 0.3877, 0.1404],0.0744
1400,[-9.1732e-01,-2.8983e-04, 2.0441e-03, 6.4323e-02],[1.9020e+00,4.0295e+00,8.4081e+00,4.9449e+03,1.1765e+01],[-9.1701e-01,-5.0492e-04, 1.9124e-03, 7.1645e-02],0.4494
1401,[-0.9172,-0.0383, 0.0676, 0.0705],[  1.239 , -0.6761,298.6246,  0.5434,  2.1323],[-0.9167,-0.0425, 0.0692, 0.0771],0.4261
1402,[-0.9169, 0.0371,-0.0712, 0.0698],[ 4.2796e-01, 1.4642e+03,-6.2171e-01, 4.4307e-01, 2.6727e-01],[-0.9163, 0.042 ,-0.0731, 0.0735],0.4256
1403,[-0.932 ,-0.0326, 0.1891, 0.0621],[-7.6053,-8.7316,-7.3604,-7.9651,-7.6043],[-0.9293,-0.0606, 0.2122, 0.067 ],0.307
1404,[-0.9302, 0.0274,-0.1886, 0.0563],[-6.8085,-6.4223,-8.8943,-7.5287,-7.2621],[-0.9276, 0.0552,-0.2089, 0.0595],0.3136
1410,[-0.9174, 0.0679,-0.0385, 0.0665],[ 1.6344e+00,-2.9960e-02, 2.1464e+03, 5.1711e-01, 1.5004e+00],[-0.9172, 0.0632,-0.0364, 0.0751],0.4295
1411,[-0.9292, 0.0766, 0.0746, 0.0524],[-18.6109,-19.1888,-18.6474,-18.5407,-18.9902],[-0.9287, 0.0476, 0.098 , 0.0587],0.3682
1412,[-0.9161, 0.0761,-0.0841, 0.0543],[5.8788e+00,4.1944e+03,3.1657e-01,1.4415e+00,1.1841e+00],[-0.9158, 0.0766,-0.0812, 0.0623],0.4038
1413,[-0.9535, 0.059 , 0.1892, 0.0288],[ 0.6712,-1.7958, 3.3732,-0.8424,-0.8362],[-0.9505,-0.0043, 0.2396, 0.0442],0.2371
1414,[-0.9247, 0.1261,-0.1945, 0.0607],[ 4.0395e-01, 2.8994e+02,-3.3451e-01, 1.0930e+00,-1.0867e-01],[-0.9231, 0.1358,-0.1984, 0.0677],0.2949
1416,[-0.9308, 0.1327,-0.2984, 0.0592],[-0.4482, 0.1709,-2.6543,-0.6223,-1.1269],[-0.9263, 0.155 ,-0.3114, 0.0639],0.2239
1420,[-0.918 ,-0.0647, 0.0431, 0.0529],[ 1.0442e+00, 2.2680e+03,-3.2277e-01, 5.3874e-01, 8.0249e-01],[-0.9178,-0.0613, 0.0421, 0.0592],0.4297
1421,[-0.9175,-0.0741, 0.0784, 0.0549],[2.3138e+00,8.2769e-01,1.9741e+03,8.9872e-01,9.3868e-01],[-0.9172,-0.074 , 0.075 , 0.0615],0.4085
1422,[-0.9292,-0.0842,-0.0824, 0.0575],[-15.9073,-16.1446,-17.5552,-16.2898,-16.3016],[-0.9287,-0.0528,-0.1078, 0.0649],0.3607
1423,[-0.9248,-0.1266, 0.1938, 0.06  ],[  2.3244, -0.793 ,179.4899,  0.3671,  1.2946],[-0.9232,-0.1361, 0.1978, 0.0659],0.2957
1425,[-0.9302,-0.1388, 0.2973, 0.07  ],[ 1.5433,-2.3231, 0.7032, 1.2868,-0.3591],[-0.9258,-0.1601, 0.3101, 0.0777],0.2179
1430,[-0.9271, 0.1952,-0.0289, 0.0586],[-11.2421,-12.3418, -9.9818,-11.6136,-11.144 ],[-0.929 , 0.1646,-0.0015, 0.0611],0.349
1431,[-0.9533, 0.2073, 0.0642, 0.0023],[-1.0044,-2.4754, 1.8471,-1.4374,-0.7616],[-0.9546, 0.1316, 0.1287, 0.0159],0.2156
1432,[-0.9233, 0.2064,-0.1164, 0.0608],[-28.8412,-28.6332,-29.1339,-28.405 ,-28.4461],[-0.9249, 0.1908,-0.0994, 0.0634],0.3148
1434,[-0.9231, 0.2091,-0.216 , 0.0608],[ 1.0391e+00, 5.5263e+01,-4.0795e-02, 2.1679e+00, 5.8048e-01],[-0.9228, 0.2085,-0.2102, 0.0714],0.258
1436,[-0.9261, 0.2268,-0.3065, 0.0748],[  0.2038,113.6063, -0.5432,  2.0917,  0.5507],[-0.9236, 0.235 ,-0.3084, 0.0838],0.1945
1438,[-0.9354, 0.255 ,-0.4151, 0.0673],[ 0.7408, 4.4663,-1.1124,16.5398, 0.2066],[-0.9297, 0.2688,-0.4193, 0.0768],0.1117
1440,[-0.9254,-0.1976, 0.0264, 0.0597],[-17.2574,-17.0771,-18.0175,-17.3152,-17.6033],[-9.2731e-01,-1.6730e-01, 6.9219e-04, 6.5302e-02],0.3528
1441,[-0.9246,-0.205 , 0.1163, 0.0552],[-15.7296,-17.164 ,-18.3754,-16.2346,-17.4164],[-0.9261,-0.1891, 0.0981, 0.0636],0.3116
1442,[-0.9388,-0.1882,-0.0616, 0.0727],[-1.8381, 0.7857,-2.9611,-1.4036,-2.0068],[-0.9397,-0.1345,-0.1076, 0.0763],0.2791
1443,[-0.9228,-0.2064, 0.2067, 0.0555],[1.1844e+00,1.6939e-01,1.8143e+02,1.3993e+00,5.9942e-01],[-0.9227,-0.2049, 0.1996, 0.0643],0.2653
1445,[-0.9275,-0.2273, 0.3217, 0.0733],[ 0.9799,-0.3985,66.134 , 0.24  , 0.157 ],[-0.9243,-0.237 , 0.3261, 0.0825],0.181
1450,[-0.9206, 0.2847,-0.0477, 0.0707],[-1.5971,-2.2128, 0.9755,-1.5931,-1.3266],[-0.9248, 0.2485,-0.0179, 0.0828],0.3278
1452,[-0.9244, 0.3079,-0.1313, 0.0593],[-7.9533,-8.7196,-7.6022,-7.7504,-8.0536],[-0.9287, 0.2812,-0.1085, 0.0679],0.2545
1454,[-0.9225, 0.3212,-0.2103, 0.0582],[-11.3719,-11.9589,-11.2821,-10.9445,-12.3901],[-0.9257, 0.3064,-0.1954, 0.0687],0.2119
1456,[-0.9216, 0.3363,-0.3214, 0.0599],[ 0.1718, 0.8084,-2.3813, 1.1144,-1.5718],[-0.9221, 0.3335,-0.3151, 0.0737],0.1521
1458,[-0.9267, 0.3078,-0.4389, 0.0747],[ 0.215 ,54.9415,-0.1692, 0.8316, 0.54  ],[-0.9217, 0.3152,-0.4382, 0.0881],0.0963
1460,[-0.931 ,-0.296 , 0.0426, 0.0641],[-1.7424,-2.2763,-3.5756,-1.3274,-1.8061],[-0.9355,-0.2509, 0.0041, 0.0765],0.2854
1461,[-0.9256,-0.3123, 0.1218, 0.0566],[-17.3523,-15.8185,-17.4445,-17.0302,-17.1393],[-0.9301,-0.2827, 0.095 , 0.066 ],0.2553
1463,[-0.9272,-0.3228, 0.2228, 0.0567],[-22.3951,-22.1879,-22.5152,-21.9022,-22.9028],[-0.9302,-0.3087, 0.2088, 0.065 ],0.1889
1465,[-0.9246,-0.3266, 0.3313, 0.0583],[ 0.1941,-1.9435, 2.5802, 1.3161,-1.025 ],[-0.9244,-0.3255, 0.3265, 0.0715],0.143
1472,[-0.9168, 0.3978,-0.1488, 0.058 ],[-1.4179,-2.3277,-0.5626, 0.6398,-1.7872],[-0.9242, 0.3688,-0.1239, 0.0707],0.2218
1474,[-0.9242, 0.4149,-0.2338, 0.0376],[-2.7327,-3.9316,-2.1622,-3.133 ,-3.2489],[-0.9305, 0.3945,-0.2146, 0.0491],0.1462
1476,[-0.9178, 0.4027,-0.301 , 0.0612],[-3.1463,-2.8669,-3.1781,-2.6869,-4.0161],[-0.9215, 0.3941,-0.2947, 0.0467],0.1364
1478,[-0.9232, 0.4501,-0.4742, 0.0673],[ 0.5972, 3.8409,-0.3605, 3.1897,-1.0187],[-0.9223, 0.449 ,-0.4687, 0.0815],0.0233
1481,[-0.9181,-0.3963, 0.1577, 0.0541],[-2.0764,-1.869 ,-3.7192,-2.2741,-3.0042],[-0.9252,-0.3676, 0.1315, 0.0691],0.2155
1483,[-0.929 ,-0.4213, 0.2304, 0.0486],[-8.3445,-7.1328,-8.3736,-7.4383,-8.1896],[-0.9356,-0.3979, 0.2086, 0.0632],0.1319
1485,[-0.928 ,-0.4086, 0.3352, 0.0453],[-5.0952,-6.518 ,-5.5008,-4.982 ,-6.6497],[-0.9307,-0.4014, 0.3279, 0.0596],0.0893
1487,[-0.9166,-0.4408, 0.4198, 0.0711],[ 0.6956, 0.1003, 7.1414, 3.1425,-0.3755],[-0.9174,-0.4385, 0.4161, 0.0838],0.066
1495,[-0.9301,-0.5344, 0.3039, 0.061 ],[-7.0969,-7.6407,-7.7581,-7.1102,-9.0155],[-0.9393,-0.5195, 0.2905, 0.0685],0.0283
1500,[-0.9179, 0.0024,-0.0019,-0.0524],[-798.964 ,-798.3568,-799.0008,-748.9514,-800.0425],[-0.9181, 0.0023,-0.0017,-0.0449],0.4527
1501,[-0.9174,-0.0357, 0.0725,-0.0578],[-333.0491,-334.5076,-332.0935,-332.0965,-333.2662],[-0.9174,-0.0417, 0.0761,-0.0553],0.4238
1502,[-0.9175, 0.0352,-0.0732,-0.0575],[-259.5936,-257.9945,-260.2228,-259.4728,-259.0345],[-0.9175, 0.0413,-0.0763,-0.0548],0.4252
1503,[-0.9237,-0.0268, 0.1902,-0.0212],[ -9.545 ,-10.6244, -8.5579, -9.5085, -9.5984],[-0.9213,-0.0539, 0.2129,-0.0251],0.3267
1504,[-0.9295, 0.0312,-0.1912,-0.0566],[ -9.4085, -8.4603,-10.0047, -9.1003, -8.9303],[-0.9272, 0.06  ,-0.213 ,-0.0552],0.3149
1510,[-0.9151, 0.0636,-0.0437,-0.063 ],[ 0.1133,-0.2681, 9.9652,37.7405,-0.2799],[-0.9155, 0.06  ,-0.0378,-0.0497],0.4331
1511,[-0.9237, 0.0805, 0.0788,-0.0347],[-18.1532,-18.9761,-16.946 ,-18.6052,-18.3465],[-0.9236, 0.0519, 0.1003,-0.0281],0.3857
1512,[-0.9162, 0.0744,-0.0833,-0.06  ],[2.7839e+00,1.2002e+01,6.7965e-01,7.7490e+02,5.4371e-01],[-0.9163, 0.0756,-0.0821,-0.0462],0.4053
1514,[-0.9202, 0.1328,-0.1881,-0.052 ],[  0.7932,167.0453, -0.9245,  0.8605,  0.2472],[-0.9193, 0.1412,-0.1924,-0.0424],0.3093
1516,[-0.9286, 0.1379,-0.2945,-0.0555],[-0.6747,-1.1922,-3.4173,-1.4973,-0.9576],[-0.9246, 0.1604,-0.3089,-0.0568],0.2269
1520,[-0.9177,-0.064 , 0.0438,-0.0599],[ 3.1119e-01, 1.1661e+03,-1.7451e+00, 1.7314e+01,-1.2198e+00],[-0.918 ,-0.0608, 0.0412,-0.0513],0.4315
1521,[-0.9174,-0.074 , 0.0807,-0.0652],[ 2.0986e+00,-5.6314e-01, 9.2038e+02, 7.7916e+00, 2.6921e-01],[-0.9176,-0.0748, 0.0782,-0.056 ],0.4075
1522,[-0.9251,-0.0838,-0.0781,-0.0394],[-16.7814,-16.3075,-17.2051,-16.6494,-16.8226],[-0.925 ,-0.0539,-0.1023,-0.038 ],0.3783
1523,[-0.9213,-0.1376, 0.1844,-0.0463],[224.289 , -0.9186,  1.5565,  4.2111, -0.415 ],[-0.9205,-0.1449, 0.1882,-0.038 ],0.305
1525,[-0.9301,-0.1534, 0.2966,-0.0151],[-2.0601,-3.2628,-0.7897,-1.2483,-2.4204],[-0.9262,-0.1733, 0.3089,-0.0192],0.2198
1530,[-0.9246, 0.19  ,-0.0283,-0.0228],[-10.6383,-11.3335, -9.5954,-10.856 ,-11.1449],[-0.9268, 0.1611,-0.0014,-0.0227],0.3578
1532,[-0.923 , 0.2013,-0.1204,-0.0324],[-25.1335,-26.2204,-25.8621,-25.9123,-26.3268],[-0.9247, 0.1879,-0.1058,-0.0254],0.3134
1534,[-0.9211, 0.2   ,-0.2103,-0.0444],[ 0.5739, 4.8694,-0.439 ,71.7575,-0.4518],[-0.9211, 0.201 ,-0.2067,-0.033 ],0.2689
1536,[-0.9248, 0.2212,-0.3219,-0.0243],[ 0.2967,86.0969,-0.9616, 1.2193, 0.1321],[-0.9217, 0.2327,-0.327 ,-0.019 ],0.1906
1538,[-0.9535, 0.2605,-0.4067, 0.    ],[ 1.2153, 0.5406,-1.4198,14.3098, 0.5287],[-0.948 , 0.2797,-0.4234, 0.    ],0.0513
1540,[-0.924 ,-0.2007, 0.0257,-0.0405],[-13.022 ,-13.4819,-14.4068,-13.9197,-13.7661],[-0.9265,-0.1701,-0.0011,-0.0382],0.356
1541,[-0.9247,-0.2096, 0.1201,-0.0252],[-32.0189,-32.45  ,-32.2944,-31.7747,-33.1742],[-0.9267,-0.1947, 0.1045,-0.0211],0.3043
1542,[-0.9298,-0.1763,-0.068 ,-0.0294],[-1.5563,-0.695 ,-2.8513,-0.4355,-1.8349],[-0.9309,-0.1303,-0.1063,-0.0157],0.3164
1543,[-0.9206,-0.2128, 0.214 ,-0.0264],[  0.9387,  0.1657,118.2962,  1.242 , -0.2244],[-0.9208,-0.2125, 0.2087,-0.0222],0.2639
1545,[-0.9239,-0.2378, 0.312 ,-0.0113],[ 6.3151e-01,-5.6200e-02, 1.0044e+02, 1.3896e+00,-1.5288e-01],[-0.9216,-0.2466, 0.3167,-0.0126],0.1896
1547,[-0.9435,-0.2455, 0.4105,-0.0343],[ 0.5768,-0.1738,10.4422,-0.0714,-0.1921],[-0.9377,-0.265 , 0.4224,-0.045 ],0.0875
1550,[-0.9356, 0.3038,-0.0308,-0.0279],[-1.8015,-2.1401, 0.8047,-2.0469,-1.7324],[-0.9406, 0.2482, 0.0161,-0.0231],0.2624
1552,[-0.9288, 0.3093,-0.1394,-0.0097],[-5.4716,-6.3872,-5.4104,-5.6411,-6.583 ],[-0.9333, 0.2827,-0.1143,-0.006 ],0.2339
1554,[-0.9256, 0.3263,-0.2039,-0.0088],[-7.5388,-7.2734,-7.5275,-6.6138,-7.9275],[-0.9294, 0.3103,-0.1879,-0.0076],0.201
1556,[-0.9191, 0.3246,-0.3391,-0.0033],[-0.4385,-0.0438,-2.6146,-0.2595,-2.0648],[-9.1858e-01, 3.2563e-01,-3.3887e-01,-5.5761e-04],0.1462
1558,[-0.948 , 0.2797,-0.4234, 0.    ],[ 0.1821,43.9733,-0.2694, 3.8866, 1.0396],[-0.9425, 0.2946,-0.4351, 0.0156],0.055
1560,[-0.9154,-0.2951, 0.0465,-0.0759],[-0.8249,-2.3231,-2.6927,-1.1613,-2.5277],[-0.9206,-0.2598, 0.0173,-0.0725],0.3401
1561,[-0.9222,-0.3085, 0.1212,-0.0401],[-9.4975,-8.8139,-9.9268,-9.2634,-9.6762],[-0.927 ,-0.2813, 0.0973,-0.0409],0.2665
1563,[-0.9229,-0.3182, 0.2083,-0.0137],[-11.6834,-12.0108,-12.0942,-11.3049,-12.7371],[-0.9263,-0.304 , 0.1941,-0.0099],0.2118
1565,[-0.9229,-0.3095, 0.329 ,-0.0196],[-1.32  ,-3.3626, 0.1158, 0.0253,-2.7799],[-0.9223,-0.3115, 0.329 ,-0.0162],0.1538
1567,[-0.9185,-0.3217, 0.4122,-0.0499],[ 0.695 ,-0.1059,42.1146, 0.8173, 0.7916],[-0.9152,-0.3284, 0.4132,-0.0526],0.1175
1572,[-0.9221, 0.4176,-0.1297,-0.0214],[-1.1899,-1.834 , 0.7605,-1.1175,-1.3805],[-0.9308, 0.3812,-0.0996,-0.0247],0.2035
1574,[-0.9187, 0.412 ,-0.219 ,-0.0024],[-2.5071,-2.6175,-1.8715,-1.787 ,-2.5378],[-0.9254, 0.3922,-0.1994, 0.0079],0.1716
1576,[-0.9124, 0.4016,-0.3123, 0.    ],[-2.0892,-1.3548,-2.183 ,-1.5489,-2.732 ],[-0.9158, 0.395 ,-0.3062, 0.    ],0.1464
1578,[-0.9297, 0.4514,-0.4879, 0.    ],[-0.0627, 2.42  ,-0.7953, 3.1917,-1.1123],[-0.9281, 0.4519,-0.488 , 0.0078],-0.0023
1581,[-0.9179,-0.4139, 0.1486,-0.0522],[-1.6686,-0.601 ,-2.8253,-1.424 ,-2.2348],[-0.9264,-0.3842, 0.1227,-0.0523],0.2071
1583,[-0.9272,-0.4351, 0.2299,-0.0176],[-7.0422,-5.8377,-7.2766,-7.117 ,-7.4103],[-0.9346,-0.4131, 0.2096,-0.0084],0.1271
1585,[-0.9284,-0.4133, 0.3114,-0.0017],[ -8.9891, -9.1598, -8.4886, -8.0953,-10.0634],[-9.3237e-01,-4.0387e-01, 3.0180e-01, 8.6806e-06],0.097
1587,[-0.9124,-0.4289, 0.4322, 0.    ],[ 0.2558,-1.3306, 2.478 , 3.0804,-1.215 ],[-0.9122,-0.4291, 0.4324, 0.0052],0.0598
1600,[-0.916 , 0.0041,-0.0038,-0.1661],[-759.8239,-758.8419,-759.5694,-758.2349,-761.1368],[-0.9167, 0.0042,-0.0046,-0.1605],0.4549
1601,[-0.9148,-0.0382, 0.0719,-0.1702],[-55.6545,-57.1539,-50.8346,-53.6019,-56.737 ],[-0.9153,-0.0439, 0.0756,-0.1692],0.4258
1602,[-0.9147, 0.0388,-0.0734,-0.1761],[-94.3437,-89.9733,-96.0385,-93.6906,-95.6229],[-0.9152, 0.0447,-0.0769,-0.1758],0.4258
1603,[-0.9259,-0.0243, 0.1858,-0.1785],[-4.9807,-5.9798,-4.4362,-4.7601,-5.6363],[-0.9244,-0.0521, 0.2023,-0.1803],0.3352
1604,[-0.9245, 0.037 ,-0.191 ,-0.1545],[-7.2205,-6.9464,-8.0753,-7.1891,-7.893 ],[-0.9226, 0.0634,-0.2092,-0.1491],0.3291
1610,[-0.9162, 0.0592,-0.0485,-0.1587],[-139.0848,-139.5354,-139.6155,-139.8317,-140.2533],[-0.917 , 0.0573,-0.0441,-0.1492],0.4315
1611,[-0.929 , 0.0608, 0.1415,-0.1348],[-6.9965,-7.1231,-5.7869,-6.8647,-6.9993],[-0.9282, 0.023 , 0.1699,-0.1502],0.3482
1612,[-0.9162, 0.0722,-0.0884,-0.1751],[-79.0333,-78.1134,-82.8381,-75.9908,-81.5882],[-0.9167, 0.0751,-0.0887,-0.1635],0.4042
1614,[-0.9193, 0.1375,-0.1842,-0.1756],[ 0.8035,67.3321,-0.8965, 2.1485,-0.8786],[-0.919 , 0.1456,-0.1888,-0.1647],0.3137
1620,[-0.9151,-0.0648, 0.0435,-0.1541],[-26.8144, -6.752 ,-26.0689, 18.187 ,-26.9495],[-0.9159,-0.0615, 0.0392,-0.1442],0.4364
1621,[-0.9153,-0.0753, 0.0842,-0.1675],[ 2.0874e-01, 9.6454e-02, 2.5032e+00, 3.7442e+02,-9.2123e-02],[-0.9159,-0.0769, 0.0828,-0.1561],0.4072
1622,[-0.9201,-0.0756,-0.0741,-0.1662],[-13.1314,-11.7871,-13.7207,-12.9314,-13.2405],[-0.9206,-0.0497,-0.0932,-0.1638],0.3997
1623,[-0.9187,-0.1404, 0.1837,-0.1761],[-0.8811,-3.3053, 7.6954, 0.28  ,-2.8814],[-0.9185,-0.1478, 0.1869,-0.1654],0.3103
1632,[-0.9249, 0.1866,-0.1383,-0.1504],[-30.0128,-29.9977,-30.0649,-29.2845,-30.1875],[-0.9264, 0.1793,-0.1293,-0.1368],0.3015
1634,[-0.9209, 0.1908,-0.2074,-0.1728],[-11.611 ,-10.3496,-13.6991,-10.5395,-12.6594],[-0.9212, 0.1939,-0.2044,-0.1596],0.2762
1636,[-0.9166, 0.1921,-0.2799,-0.1254],[ 0.4093,37.9538,-0.5283, 1.2598,-0.4515],[-0.9145, 0.2033,-0.2844,-0.1091],0.2522
1640,[-0.9198,-0.1964, 0.0053,-0.1575],[-7.8647,-6.7736,-8.669 ,-7.899 ,-7.6802],[-0.9227,-0.1646,-0.0216,-0.1728],0.3713
1641,[-0.9188,-0.1875, 0.1251,-0.1768],[-32.0271,-32.2793,-32.3141,-31.7733,-32.5719],[-0.9208,-0.1781, 0.111 ,-0.1679],0.3322
1643,[-0.9197,-0.1934, 0.2104,-0.1681],[ 1.0348,-1.1548, 1.7768,39.1633,-1.511 ],[-0.92  ,-0.1968, 0.2094,-0.1556],0.27
1654,[-0.9119, 0.2793,-0.2253,-0.1445],[-4.8894,-4.4733,-5.2143,-4.1253,-5.445 ],[-0.9143, 0.2731,-0.2076,-0.1281],0.255
1663,[-0.9132,-0.2868, 0.2293,-0.1402],[-3.8371,-4.0066,-3.3885,-3.3725,-4.2281],[-0.9156,-0.281 , 0.2188,-0.1392],0.2426
1700,[-9.1846e-01,-6.7955e-04,-4.8388e-03,-2.7694e-01],[-572.9247,-572.0925,-572.4423,-571.9672,-573.0854],[-9.1966e-01, 2.8478e-04,-5.8946e-03,-2.7146e-01],0.4478
1701,[-0.9178,-0.0423, 0.073 ,-0.2723],[-110.8673,-110.9735,-109.8211,-110.4285,-111.3969],[-0.9187,-0.0484, 0.0776,-0.2683],0.4175
1702,[-0.916 , 0.039 ,-0.0796,-0.271 ],[-106.3898,-105.4776,-106.9483,-105.1112,-106.7211],[-0.9168, 0.0464,-0.0848,-0.2687],0.4196
1704,[-0.9165, 0.0512,-0.1722,-0.3312],[-3.683 ,-2.7123,-4.5718,-3.3484,-3.6758],[-0.916 , 0.0712,-0.1835,-0.3139],0.3708
1710,[-0.9193, 0.0606,-0.0473,-0.2881],[-118.0557,-118.0504,-117.7978,-117.4242,-118.5064],[-0.9207, 0.0585,-0.0426,-0.2833],0.4237
1712,[-0.9172, 0.0753,-0.0949,-0.2788],[-402.448 ,-401.8519,-402.8334,-400.8595,-402.7886],[-0.9181, 0.0794,-0.0973,-0.2722],0.3953
1714,[-0.9179, 0.1378,-0.1834,-0.289 ],[-7.6222,-4.8639,-8.4561,-5.6009,-8.006 ],[-0.918 , 0.1469,-0.1903,-0.2753],0.3176
1720,[-0.9162,-0.0689, 0.038 ,-0.2841],[-105.6023,-104.5864,-105.1888,-104.4969,-106.0028],[-0.9176,-0.064 , 0.0317,-0.2776],0.4355
1721,[-0.917 ,-0.077 , 0.087 ,-0.2786],[-294.1412,-295.0242,-293.9577,-293.4383,-294.9185],[-0.9181,-0.0795, 0.0868,-0.2719],0.3994
1722,[-0.9129,-0.0858,-0.0731,-0.3187],[-4.7372,-4.4097,-5.1102,-4.7055,-4.4329],[-0.9142,-0.0603,-0.0917,-0.3226],0.4173
1723,[-0.9221,-0.1503, 0.1771,-0.2907],[-6.916 ,-8.4041,-5.5338,-6.3287,-8.418 ],[-0.9226,-0.157 , 0.1819,-0.2802],0.2958
1734,[-0.9199, 0.1877,-0.2149,-0.2949],[-17.222 ,-17.235 ,-18.2526,-16.5601,-18.7943],[-0.9203, 0.1941,-0.2174,-0.285 ],0.274
1741,[-0.9142,-0.1998, 0.1561,-0.2535],[-28.7235,-29.025 ,-29.0472,-28.7685,-29.3017],[-0.9164,-0.1937, 0.1386,-0.2434],0.3277
1743,[-0.9174,-0.1856, 0.1957,-0.2785],[-13.7134,-15.5526,-13.4839,-12.6203,-15.7079],[-0.9182,-0.1893, 0.1963,-0.2667],0.2888
1800,[-0.9255, 0.0122,-0.0224,-0.3953],[-104.0401,-104.0668,-103.7552,-103.0563,-105.0742],[-0.9272, 0.0151,-0.027 ,-0.389 ],0.4132
1801,[-0.9134,-0.0458, 0.0676,-0.3855],[-29.5424,-30.6042,-28.9362,-28.8076,-30.5346],[-0.9149,-0.05  , 0.0685,-0.3788],0.4373
1802,[-0.9166,-0.0185,-0.1244,-0.3828],[-21.3734,-19.8454,-22.0348,-20.4716,-21.69  ],[-0.9169, 0.0061,-0.1424,-0.3652],0.4194
1810,[-0.9164, 0.0605,-0.0463,-0.3822],[-40.7773,-41.0977,-40.5384,-40.0578,-41.6782],[-0.9182, 0.0589,-0.0441,-0.3814],0.4348
1812,[-0.9193, 0.0916,-0.1124,-0.3833],[-94.3942,-94.1628,-94.922 ,-94.31  ,-95.2571],[-0.9206, 0.0965,-0.114 ,-0.374 ],0.3685
1814,[-0.9139, 0.1217,-0.1734,-0.3758],[-2.3321,-0.7033,-3.1587, 0.52  ,-3.0857],[-0.9142, 0.1319,-0.181 ,-0.3583],0.338
1820,[-0.9131,-0.0643, 0.0505,-0.3808],[-25.9188,-25.4937,-25.9242,-25.3278,-26.6581],[-0.9149,-0.0639, 0.0546,-0.3849],0.4342
1821,[-0.9146,-0.0642, 0.0641,-0.382 ],[-70.4319,-70.77  ,-70.2357,-68.6452,-70.9009],[-0.9162,-0.0658, 0.0677,-0.3763],0.4256
2200,[-0.9002,-0.0331, 0.0294, 0.2704],[-160.8609,-160.7461,-160.9735,-161.4326,-160.1832],[-0.899 ,-0.0322, 0.0281, 0.2669],0.3858
2201,[-0.903 ,-0.0501, 0.0618, 0.271 ],[-46.0302,-46.4566,-46.3504,-46.8909,-45.5742],[-0.9018,-0.0507, 0.0599, 0.267 ],0.3821
2202,[-0.8978, 0.0551,-0.0616, 0.2731],[-44.8243,-44.0956,-45.1321,-45.234 ,-44.2317],[-0.8965, 0.0554,-0.063 , 0.2798],0.3553
2212,[-0.9016, 0.0966,-0.0933, 0.2659],[-43.3217,-43.0505,-43.4928,-43.6174,-42.4447],[-0.9007, 0.0946,-0.0888, 0.258 ],0.3429
2214,[-0.8977, 0.1627,-0.1981, 0.2694],[-2.3087,-0.6969,-3.746 ,-2.7659,-1.4702],[-0.8959, 0.1644,-0.198 , 0.266 ],0.2423
2220,[-0.8978,-0.07  , 0.0498, 0.2753],[-24.7052,-24.1988,-25.0085,-24.7804,-24.0928],[-0.8968,-0.0662, 0.0425, 0.268 ],0.3615
2221,[-0.9065,-0.1033, 0.1002, 0.2732],[-73.0344,-73.2368,-72.9403,-73.701 ,-72.2697],[-0.9056,-0.1007, 0.0902, 0.2697],0.3607
2223,[-0.8887,-0.1438, 0.2263, 0.2725],[-2.1641,-3.3257,-0.7289,-2.5585,-0.7104],[-0.886 ,-0.1487, 0.2222, 0.2724],0.2061
2232,[-0.9039, 0.1956,-0.148 , 0.2592],[-2.6993,-3.8784,-2.0036,-4.0473,-1.8767],[-0.904 , 0.1873,-0.1344, 0.2544],0.2922
2234,[-0.9073, 0.2192,-0.2084, 0.2636],[-0.2652, 1.1449,-1.3097,-0.9055, 1.4247],[-0.907 , 0.2139,-0.1891, 0.2664],0.265
2254,[-0.8983, 0.3044,-0.2592, 0.2564],[ 1.4462, 1.0349,-0.158 ,-0.1198, 3.07  ],[-0.8996, 0.2958,-0.2286, 0.2531],0.1812
2256,[-0.9017, 0.2937,-0.332 , 0.2691],[ 0.3032, 6.4404,-0.7028, 0.3775, 6.4256],[-0.9002, 0.2921,-0.313 , 0.2661],0.146
2300,[-0.9084,-0.0082, 0.0052, 0.1492],[-602.459 ,-602.0299,-602.1981,-603.0359,-601.2756],[-0.9078,-0.0076, 0.0038, 0.1404],0.4276
2301,[-0.908 ,-0.0414, 0.0689, 0.1568],[-270.6646,-271.7485,-269.2647,-270.8813,-269.0133],[-0.9071,-0.0446, 0.0697, 0.1535],0.404
2302,[-0.9082, 0.038 ,-0.0685, 0.1456],[-349.8833,-348.5899,-350.1102,-349.7931,-348.6277],[-0.9074, 0.0417,-0.07  , 0.1412],0.4065
2304,[-0.8962, 0.0259,-0.1872, 0.1527],[-8.7173,-7.8981,-9.7036,-9.1043,-7.9678],[-0.8934, 0.0437,-0.1938, 0.1563],0.29
2310,[-0.9081, 0.0663,-0.0419, 0.1437],[-57.4556,-57.7748,-56.2147,-57.9419,-55.5564],[-0.9077, 0.0621,-0.0355, 0.1366],0.414
2311,[-0.9098, 0.07  , 0.0638, 0.1462],[-8.1203,-8.9883,-7.7174,-8.5709,-7.7682],[-0.9092, 0.052 , 0.069 , 0.1505],0.4099
2312,[-0.907 , 0.0816,-0.0881, 0.1442],[-185.2014,-184.7231,-186.8111,-186.0195,-184.2308],[-0.9063, 0.0814,-0.084 , 0.1402],0.3761
2314,[-0.9014, 0.1347,-0.1936, 0.1647],[-38.4609,-37.4461,-38.9325,-38.309 ,-36.1462],[-0.8997, 0.1397,-0.1915, 0.1634],0.2713
2320,[-0.9058,-0.0652, 0.0406, 0.1451],[-97.012 ,-96.8688,-97.1579,-97.0778,-96.3978],[-0.9054,-0.0612, 0.035 , 0.1417],0.4039
2321,[-0.9053,-0.0717, 0.0889, 0.153 ],[-350.2856,-352.1161,-349.8248,-351.3961,-350.1346],[-0.9045,-0.0731, 0.0871, 0.1459],0.3706
2323,[-0.9016,-0.1262, 0.2056, 0.1502],[-29.6768,-31.4515,-29.6955,-30.7771,-28.7628],[-0.8995,-0.1337, 0.2062, 0.1465],0.2664
2325,[-0.91  ,-0.1549, 0.306 , 0.1339],[-2.1534,-3.9514,-1.6863,-2.1519,-1.4686],[-0.9055,-0.1689, 0.3112, 0.1458],0.2226
2330,[-0.9038, 0.2066,-0.0276, 0.153 ],[-7.6317,-8.8256,-6.9247,-8.0972,-7.3668],[-0.9056, 0.1833,-0.0126, 0.145 ],0.3551
2332,[-0.9038, 0.2177,-0.1215, 0.1662],[-7.7468,-9.351 ,-8.9253,-9.6779,-7.8458],[-0.9052, 0.2044,-0.1049, 0.1613],0.3032
2334,[-0.9003, 0.2145,-0.217 , 0.157 ],[ 0.6006, 6.3603,-0.5538, 0.3696,25.8822],[-0.8999, 0.2126,-0.208 , 0.1542],0.231
2336,[-0.9016, 0.2403,-0.3146, 0.148 ],[-0.2016, 0.5524,-0.5619, 0.9634,37.3888],[-0.8991, 0.2444,-0.3094, 0.1415],0.1662
2341,[-0.8981,-0.2001, 0.1415, 0.1426],[-6.7781,-7.7875,-7.8072,-7.337 ,-5.7116],[-0.8989,-0.1916, 0.1276, 0.138 ],0.2739
2343,[-0.8975,-0.214 , 0.214 , 0.1512],[ 0.6778,-0.7804, 3.8615,-0.0879,35.6853],[-0.8972,-0.212 , 0.2046, 0.146 ],0.2231
2345,[-0.8998,-0.2208, 0.2991, 0.1423],[ 0.5282,-1.3203, 0.4822, 0.1051,22.7288],[-0.8973,-0.226 , 0.2949, 0.1366],0.1759
2350,[-0.8952, 0.2968,-0.0507, 0.1306],[-1.0997,-2.4799,-1.2712,-0.9572,-0.5773],[-0.8996, 0.2693,-0.0327, 0.1404],0.2838
2352,[-0.8946, 0.3199,-0.1388, 0.1547],[-1.8524,-4.1589,-1.3341,-2.3172,-2.3969],[-0.8989, 0.3012,-0.1258, 0.155 ],0.2247
2354,[-0.8975, 0.3154,-0.2252, 0.1646],[7.4179e-01,1.7160e+00,6.9528e-03,4.0466e-01,1.3917e+01],[-0.8999, 0.305 ,-0.2087, 0.1646],0.1879
2356,[-0.8959, 0.3268,-0.3202, 0.1663],[ 0.4025,24.3669,-1.0768, 1.0192, 1.646 ],[-0.8961, 0.3235,-0.3056, 0.1749],0.1229
2358,[-0.9027, 0.3271,-0.4038, 0.164 ],[ 1.6269,21.5915,-1.3652, 0.4185, 1.2251],[-0.8999, 0.3287,-0.3919, 0.1737],0.092
2361,[-0.9045,-0.2966, 0.1536, 0.1686],[-0.1433,12.7279,-2.087 ,-1.0293,-0.2366],[-0.9076,-0.2795, 0.1395, 0.1775],0.2599
2363,[-0.8952,-0.3254, 0.2135, 0.1563],[ 0.759 ,78.1232, 1.6939, 0.743 , 3.2697],[-0.8982,-0.3141, 0.2042, 0.1636],0.18
2365,[-0.8944,-0.3233, 0.3192, 0.1426],[ 0.5566,-0.8912, 6.3432, 0.2361, 7.7322],[-0.8945,-0.3209, 0.3065, 0.1435],0.1188
2372,[-0.8716, 0.3987,-0.1663, 0.1779],[-1.4124,-2.2874, 0.6227,-1.2777,-1.667 ],[-0.8782, 0.3822,-0.1611, 0.1881],0.1042
2374,[-0.8902, 0.4182,-0.2078, 0.1391],[-1.1593,-1.8843,-0.0625,-0.8895,-0.8791],[-0.8969, 0.402 ,-0.1967, 0.1503],0.1381
2381,[-0.9003,-0.4235, 0.1535, 0.2168],[-3.417 ,-0.9442,-3.7556,-2.7348,-2.3424],[-0.9079,-0.3986, 0.1381, 0.2259],0.2051
2383,[-0.8932,-0.4447, 0.2127, 0.1634],[-0.1198,24.7307,-0.8452, 0.1662,-0.915 ],[-0.9008,-0.4272, 0.1986, 0.1763],0.1398
2385,[-0.8894,-0.4181, 0.3164, 0.1511],[8.48  ,0.4854,3.0194,1.3116,0.124 ],[-0.8933,-0.4101, 0.3002, 0.1648],0.0783
2400,[-0.9079, 0.0044,-0.0037, 0.0629],[1.0324e+00,2.7352e+00,2.2951e+00,8.7022e-01,7.0801e+03],[-0.9076, 0.0043,-0.0038, 0.0491],0.4293
2401,[-0.9074,-0.0352, 0.0689, 0.0615],[ -1.2335, -2.7143,525.5341, -2.6719, -0.9842],[-0.907 ,-0.0396, 0.0699, 0.0515],0.4054
2402,[-0.9076, 0.0372,-0.0682, 0.0599],[-6.0301e-01, 5.4489e+02,-7.7460e-01,-1.1392e+00, 4.5010e-01],[-0.9072, 0.0412,-0.0691, 0.0485],0.406
2403,[-0.8947,-0.0411, 0.178 , 0.0612],[-15.3429,-15.5828,-14.4164,-14.3891,-14.7336],[-0.8924,-0.057 , 0.1902, 0.0631],0.2821
2404,[-0.9022, 0.0385,-0.1829, 0.0271],[-14.6726,-14.9165,-15.8705,-14.4116,-14.6083],[-0.8999, 0.0564,-0.1944, 0.0233],0.3094
2410,[-0.9065, 0.0671,-0.0392, 0.0597],[ 3.7764e-01,-6.9369e-01, 2.3484e+02, 8.3626e-02, 2.3623e+02],[-0.9065, 0.0627,-0.0334, 0.0505],0.4083
2411,[-0.9007, 0.0852, 0.0749, 0.0357],[-31.6777,-32.4604,-31.4555,-32.2637,-31.7524],[-0.9006, 0.0641, 0.0877, 0.028 ],0.3583
2412,[-0.9068, 0.0787,-0.0877, 0.065 ],[8.9117e-01,9.5136e+02,3.1007e-01,3.8471e-01,2.4680e+00],[-0.9065, 0.0792,-0.0844, 0.0614],0.3779
2414,[-0.9026, 0.1365,-0.1866, 0.0547],[-21.9653,-20.0808,-24.004 ,-22.3039,-21.0788],[-0.9015, 0.1416,-0.1866, 0.0502],0.2797
2416,[-0.9021, 0.1537,-0.304 , 0.0317],[-3.3479,-3.848 ,-5.9464,-4.8955,-3.2932],[-0.8979, 0.1679,-0.3096, 0.0214],0.1975
2420,[-0.9049,-0.0691, 0.0394, 0.0539],[-126.9032,-127.259 ,-127.2586,-127.6246,-125.3219],[-0.9049,-0.0648, 0.035 , 0.0466],0.3999
2421,[-0.905 ,-0.0791, 0.0913, 0.0603],[1.3876e+00,6.7344e-02,6.3125e+00,8.0817e-01,2.5946e+02],[-0.9047,-0.08  , 0.0879, 0.0521],0.368
2422,[-0.8999,-0.0844,-0.0751, 0.0433],[-32.4899,-32.4374,-33.8134,-33.2085,-32.6271],[-0.8997,-0.0631,-0.0922, 0.0424],0.3528
2423,[-0.901 ,-0.1376, 0.1897, 0.0485],[-53.4089,-55.0878,-52.7987,-53.9308,-53.2945],[-0.8998,-0.1429, 0.1895, 0.045 ],0.2715
2425,[-0.908 ,-0.1446, 0.2887, 0.0846],[-4.3171,-5.5984,-3.5224,-4.7396,-3.9999],[-0.904 ,-0.1592, 0.2973, 0.0924],0.2284
2430,[-0.8954, 0.2021,-0.0319, 0.0332],[-23.5705,-24.9856,-23.388 ,-24.4023,-23.571 ],[-0.8977, 0.1815,-0.0174, 0.0259],0.3227
2432,[-0.8976, 0.2133,-0.1161, 0.0493],[ 0.3288,-0.2381, 0.3034, 0.1787, 9.2218],[-0.8995, 0.201 ,-0.101 , 0.0418],0.2845
2434,[-0.8986, 0.2069,-0.2083, 0.0667],[  2.7532,172.747 , -0.5873,  0.7305,  1.0256],[-0.8985, 0.2057,-0.1993, 0.069 ],0.2334
2436,[-0.8961, 0.2368,-0.3089, 0.0762],[ 1.3055,97.2327,-0.9631, 0.9457, 1.3174],[-0.8939, 0.2415,-0.3041, 0.0745],0.1535
2440,[-0.8991,-0.2028, 0.0312, 0.0304],[-19.8984,-18.8931,-21.0529,-19.9431,-19.8797],[-0.9014,-0.1808, 0.0136, 0.0253],0.3388
2441,[-0.8962,-0.2021, 0.1271, 0.0511],[-6.7542,-8.7011,-8.1098,-8.325 ,40.5306],[-0.8976,-0.1923, 0.1119, 0.0445],0.2763
2443,[-0.8967,-0.2137, 0.2119, 0.0582],[  9.1992, -0.8254,312.8497,  1.2472,  0.6368],[-0.8967,-0.2122, 0.2032, 0.0643],0.2223
2445,[-0.8953,-0.2453, 0.3025, 0.0689],[ 0.7332,-0.7919,86.7944,-0.5541, 0.4938],[-0.8935,-0.2489, 0.2991, 0.0705],0.1506
2450,[-0.8876, 0.3098,-0.0411, 0.0575],[-3.3258,-4.2153,-2.1333,-2.8806,-2.8524],[-0.8929, 0.282 ,-0.0231, 0.049 ],0.2582
2452,[-0.8898, 0.3128,-0.13  , 0.0528],[-4.6882,-6.5335,-3.4638,-4.9642,-4.0228],[-0.8943, 0.2946,-0.1154, 0.0603],0.2161
2454,[-0.8927, 0.3274,-0.2123, 0.0517],[ 1.3094, 4.2313, 3.8628,30.1921, 0.7948],[-0.8962, 0.3166,-0.2004, 0.064 ],0.1744
2456,[-0.8953, 0.3334,-0.3288, 0.0616],[ 0.9088,31.4325,-0.1899, 0.7057, 0.4757],[-0.8955, 0.332 ,-0.3218, 0.0714],0.1101
2458,[-0.9053, 0.3518,-0.4056, 0.07  ],[ 1.6777,29.8253,-0.5929,-0.1356, 0.0517],[-0.9033, 0.3534,-0.4018, 0.0826],0.0855
2460,[-0.9019,-0.2823, 0.0298, 0.06  ],[-2.6063,-2.5374,-4.7249,-2.3343,-3.0446],[-0.9061,-0.2506, 0.0022, 0.0733],0.3333
2461,[-0.8947,-0.3196, 0.1245, 0.0375],[-1.9743,11.73  ,-3.4687,-2.5526,-2.4497],[-0.8996,-0.2992, 0.1068, 0.0453],0.2371
2463,[-0.8911,-0.332 , 0.2279, 0.0605],[ 1.3706, 2.1608,36.541 , 2.4314, 1.5455],[-0.8943,-0.3222, 0.2144, 0.0672],0.1596
2465,[-0.8965,-0.3352, 0.3322, 0.0662],[ 1.3343,-0.5932,40.9214, 2.6316, 1.1478],[-0.8968,-0.3335, 0.3211, 0.0754],0.1135
2467,[-0.9054,-0.3346, 0.3902, 0.0099],[ 0.3666,-1.0135,16.8078, 0.3743, 2.4838],[-0.9034,-0.3374, 0.3875, 0.0242],0.1002
2472,[-0.8846, 0.4156,-0.1414, 0.0534],[-1.4878,-3.3534,-0.2076,-0.8982,-1.5011],[-0.8929, 0.3937,-0.1249, 0.0548],0.1617
2474,[-0.8842, 0.421 ,-0.219 , 0.0519],[-1.5042,-2.3094, 1.1699,-0.2369,-1.478 ],[-0.8911, 0.407 ,-0.2081, 0.062 ],0.1141
2476,[-0.8883, 0.4122,-0.3222, 0.0433],[ 1.0184, 2.3115,-0.114 , 2.8226, 0.2315],[-0.8919, 0.4065,-0.3129, 0.0544],0.0699
2481,[-0.892 ,-0.4057, 0.1451, 0.0348],[-2.1624,-0.6885,-4.0001,-1.8594,-2.4943],[-0.8999,-0.3827, 0.1256, 0.0426],0.1902
2483,[-0.887 ,-0.4265, 0.2273, 0.0495],[-2.2042, 1.9025,-3.1552, 1.5702,-3.42  ],[-0.8939,-0.4126, 0.2147, 0.0605],0.1169
2485,[-0.8897,-0.4259, 0.3205, 0.0474],[ 1.1268,-0.7504, 4.267 , 4.9974,-0.2206],[-0.8938,-0.4196, 0.3114, 0.0609],0.0706
2493,[-0.8669,-0.5025, 0.2304, 0.0156],[-17.4564,-17.3573,-17.3118,-17.9894,-18.0027],[-0.8772,-0.4901, 0.218 , 0.0312],0.0333
2494,[-0.8804, 0.5242,-0.189 , 0.0312],[ -9.6124,-10.6934, -8.9033, -8.6505, -9.2128],[-0.8926, 0.5064,-0.1768, 0.0166],0.0884
2495,[-0.9014,-0.562 , 0.3258, 0.0234],[-7.576 ,-7.906 ,-8.1721,-7.438 ,-9.2402],[-0.9112,-0.5552, 0.3193, 0.0386],0.0495
2496,[-0.8773, 0.511 ,-0.3024, 0.0898],[-12.5783,-12.4903,-12.2321,-12.1969,-12.6984],[-0.8856, 0.5027,-0.2938, 0.1048],0.0185
2500,[-0.907 , 0.0093,-0.0054,-0.0571],[8.2047e-01,1.3461e+00,2.9721e+00,1.0571e+00,9.3073e+03],[-0.9073, 0.0087,-0.0046,-0.0724],0.4279
2501,[-0.9068,-0.0312, 0.0693,-0.0642],[ 8.8548e-01,-7.0794e-01, 2.4975e+03,-4.4307e-01, 5.5509e-02],[-0.9069,-0.0365, 0.0711,-0.0769],0.406
2502,[-0.9066, 0.0359,-0.0679,-0.061 ],[-3.7812e-01, 1.8200e+03,-1.5669e+00,-3.1931e-01,-5.0705e-01],[-0.9067, 0.0403,-0.0694,-0.0735],0.4043
2503,[-0.8999,-0.0255, 0.1883,-0.0561],[-27.2009,-28.7116,-26.9411,-27.1896,-26.7977],[-0.8978,-0.0459, 0.2019,-0.0591],0.3015
2504,[-0.8955, 0.0295,-0.1923,-0.0464],[-23.6416,-22.6248,-24.234 ,-23.2131,-23.0386],[-0.8933, 0.0488,-0.2048,-0.0469],0.2818
2510,[-0.9058, 0.0662,-0.0435,-0.0646],[ 7.8122e-01,-1.4134e-01, 2.6788e+03, 6.8828e-01, 1.6334e+00],[-0.9063, 0.0635,-0.0431,-0.0688],0.4033
2511,[-0.8974, 0.0772, 0.0733,-0.042 ],[-50.6071,-51.9347,-51.06  ,-51.3905,-51.057 ],[-0.8975, 0.0575, 0.0868,-0.051 ],0.3491
2512,[-0.9061, 0.074 ,-0.0789,-0.0634],[2.5204e+00,4.1367e+03,8.9728e-01,2.4739e+00,1.9701e+00],[-0.9064, 0.0743,-0.0753,-0.0663],0.3843
2514,[-0.8981, 0.1348,-0.1941,-0.0447],[ -9.2201, -8.936 ,-12.5897, -8.8572, -8.855 ],[-0.8972, 0.1415,-0.1953,-0.0465],0.2597
2516,[-0.8958, 0.1402,-0.2872,-0.0615],[-4.4689,-4.7314,-6.918 ,-4.1923,-4.7582],[-0.8922, 0.155 ,-0.2936,-0.0702],0.1915
2520,[-0.9051,-0.0658, 0.0444,-0.0681],[-5.6192e-01, 2.2336e+03,-2.3858e+00,-9.2942e-01, 1.7144e+00],[-0.9056,-0.0633, 0.0442,-0.0739],0.4
2521,[-0.9055,-0.0731, 0.0798,-0.0659],[1.0806e+00,4.0605e-01,4.8399e+03,3.2125e+00,5.7235e+00],[-0.9058,-0.0738, 0.0769,-0.0736],0.3808
2522,[-0.8948,-0.0811,-0.0799,-0.0657],[-41.9338,-41.4391,-42.597 ,-41.3435,-41.3352],[-0.895 ,-0.0604,-0.0944,-0.0725],0.3344
2523,[-0.8997,-0.137 , 0.1899,-0.0439],[  0.7993, -1.9361,217.733 ,  2.5288,  2.4066],[-0.8989,-0.1431, 0.1914,-0.0464],0.2672
2524,[-0.8928,-0.0756,-0.1737,-0.0994],[-3.682 ,-2.1357,-4.5541,-2.982 ,-2.9809],[-0.8913,-0.0449,-0.197 ,-0.1155],0.2785
2525,[-0.8902,-0.1491, 0.2924,-0.0486],[-5.7007,-6.9256,-4.4283,-5.6142,-5.5201],[-0.8866,-0.1626, 0.2985,-0.0541],0.1664
2530,[-0.8918, 0.1948,-0.0303,-0.0299],[-39.3018,-40.0178,-38.9066,-39.0779,-39.4692],[-0.8942, 0.1752,-0.015 ,-0.029 ],0.3104
2531,[-0.9028, 0.1835, 0.0693,-0.0568],[-5.0627,-6.1405,-3.9858,-4.8331,-5.1955],[-0.9045, 0.1495, 0.0927,-0.0539],0.3316
2532,[-0.8917, 0.2012,-0.1177,-0.0366],[-12.7854,-15.1741,-15.2872,-13.4649,-14.9125],[-0.8935, 0.1914,-0.1041,-0.0356],0.2648
2534,[-0.8943, 0.2053,-0.2115,-0.0494],[ 4.6884e-01, 4.7622e+02,-1.3621e-01, 1.3355e+00, 1.2851e+00],[-0.8945, 0.2057,-0.2054,-0.0507],0.2164
2536,[-0.8929, 0.2289,-0.3003,-0.0571],[ -0.2092,  2.1361, -0.6576,  0.6955,100.0448],[-0.8911, 0.2352,-0.2989,-0.0688],0.1497
2540,[-0.8941,-0.1979, 0.0288,-0.0469],[-42.1633,-41.8717,-43.0425,-42.2672,-42.4088],[-0.8967,-0.1772, 0.0125,-0.0496],0.3201
2541,[-0.8938,-0.2149, 0.1105,-0.0285],[-16.2855,-18.3607,-17.5979,-17.3941,-17.0351],[-0.8961,-0.2028, 0.0981,-0.0302],0.2722
2542,[-0.891 ,-0.1901,-0.0797,-0.0591],[-5.6946,-4.209 ,-7.0357,-5.633 ,-5.4722],[-0.8927,-0.1571,-0.1077,-0.0594],0.2739
2543,[-0.8977,-0.2108, 0.2099,-0.0325],[  0.8812, -0.3109,  1.6765,176.5883,  1.1854],[-0.898 ,-0.2104, 0.2045,-0.0229],0.2271
2545,[-0.8959,-0.2412, 0.3123,-0.0327],[ 0.4964,-0.5697,98.9877, 0.5062,-0.2416],[-0.8938,-0.247 , 0.3119,-0.0348],0.1475
2550,[-0.8911, 0.2957,-0.034 ,-0.0207],[-4.3543,-5.1267,-3.3936,-3.8434,-3.811 ],[-0.8963, 0.2667,-0.0107,-0.0282],0.2801
2552,[-0.8838, 0.3144,-0.1311,-0.0208],[-9.0687,-9.9484,-7.8485,-8.2157,-8.9251],[-0.8887, 0.2973,-0.1158,-0.0185],0.1952
2554,[-0.8864, 0.3367,-0.2208,-0.0194],[ 2.0423, 2.7852, 0.4447,11.3603, 1.0487],[-0.8902, 0.3273,-0.2109,-0.0126],0.1453
2556,[-0.8884, 0.3328,-0.3202,-0.0096],[-0.1934,43.117 ,-0.7712, 5.0471, 1.0177],[-0.889 , 0.3319,-0.3158,-0.0098],0.093
2558,[-0.8849, 0.3526,-0.3949, 0.    ],[-0.679 ,43.7349,-0.7345, 1.1352, 0.3311],[-0.8833, 0.3544,-0.3943, 0.0017],0.0329
2560,[-0.8819,-0.307 , 0.035 ,-0.0447],[-5.7793,-4.7813,-6.1993,-4.7325,-4.9206],[-0.8875,-0.2799, 0.0151,-0.0433],0.2393
2561,[-0.8874,-0.3212, 0.1286,-0.033 ],[-11.8946,-10.6322,-12.8619,-11.1245,-11.8206],[-0.8927,-0.3028, 0.1128,-0.0339],0.2082
2563,[-0.888 ,-0.3178, 0.2255,-0.0185],[41.1265, 1.1764, 1.4488, 2.1303, 0.8677],[-0.8911,-0.3099, 0.2154,-0.0204],0.154
2565,[-0.8876,-0.3116, 0.3117,-0.0175],[ 2.8341,-0.7953,82.5534, 1.4611, 0.1807],[-0.8878,-0.3115, 0.3072,-0.0189],0.1024
2567,[-0.9036,-0.3464, 0.4041,-0.0576],[ 0.9449,-1.157 , 1.5894,30.1616, 1.9997],[-0.9017,-0.3498, 0.3987,-0.0462],0.0839
2572,[-0.885 , 0.4026,-0.1507,-0.0105],[-1.4415,-2.6321, 0.1262,-1.6288,-2.1391],[-0.8929, 0.3821,-0.1322,-0.0106],0.1645
2574,[-0.8839, 0.4212,-0.2279,-0.01  ],[-1.4928,-2.3203,-0.8475,-0.569 ,-2.2884],[-0.8909, 0.4085,-0.2162,-0.0084],0.1087
2576,[-0.8859, 0.4114,-0.3312,-0.013 ],[ 0.215 , 0.7681,-0.9985, 1.4846,-0.6009],[-0.8892, 0.4074,-0.3258,-0.0106],0.0561
2578,[-0.8945, 0.404 ,-0.4203, 0.    ],[ 1.0377,11.8668,-0.9772, 1.0187,-0.344 ],[-0.8939, 0.4044,-0.4166, 0.    ],0.0293
2581,[-0.8815,-0.4145, 0.152 ,-0.0428],[-2.8792,-0.9603,-3.1745,-1.938 ,-2.578 ],[-0.89  ,-0.3947, 0.1361,-0.0381],0.1473
2583,[-0.8838,-0.4312, 0.2172,-0.0256],[-3.3414,-2.5589,-4.6245,-2.2777,-4.0061],[-0.8915,-0.4174, 0.2053,-0.0262],0.111
2585,[-8.8119e-01,-4.2679e-01, 3.2132e-01,-8.4459e-04],[-1.5836e-03,-1.3530e+00, 2.2278e+00, 2.1704e+00,-1.0985e+00],[-0.8854,-0.4217, 0.3155, 0.003 ],0.0439
2587,[-0.9036,-0.3978, 0.4246, 0.    ],[ 0.7485,-0.432 ,20.8145, 4.6244,-0.8391],[-0.9027,-0.3986, 0.4199, 0.0014],0.054
2593,[-0.8783,-0.5078, 0.2496,-0.0374],[-17.3132,-16.6616,-17.2472,-16.4527,-17.2144],[-0.8885,-0.4967, 0.2399,-0.0487],0.0519
2595,[-0.8768,-0.5734, 0.3427, 0.    ],[-5.3644,-0.0784,-3.6681,-1.0635,-5.4488],[-0.8866,-0.5695, 0.3371, 0.0052],-0.0265
2600,[-0.9058, 0.0053,-0.004 ,-0.165 ],[1.0250e+00,2.0617e+00,2.6452e+03,7.4458e-01,1.1451e+00],[-0.9066, 0.0056,-0.0072,-0.1769],0.426
2601,[-0.9075,-0.038 , 0.0715,-0.1572],[-1.0469e-01,-7.1084e-01, 7.5463e+02, 8.2799e-01, 4.4783e-02],[-0.908 ,-0.0431, 0.0737,-0.1694],0.4067
2602,[-0.9059, 0.0376,-0.0724,-0.1722],[ 3.1420e-01, 5.8794e+02,-9.7153e-01, 9.5497e-01,-1.0320e+00],[-0.9065, 0.0429,-0.0752,-0.1834],0.3996
2603,[-0.8891,-0.0437, 0.1833,-0.1626],[-24.6245,-25.5537,-24.9202,-24.3191,-24.2546],[-0.8876,-0.0605, 0.1948,-0.1754],0.2595
2604,[-0.8981, 0.0462,-0.1709,-0.1857],[-16.368 ,-16.7123,-17.5274,-16.1575,-16.8144],[-0.8971, 0.0618,-0.1731,-0.1819],0.3056
2610,[-0.905 , 0.0615,-0.0466,-0.1465],[-11.7622, -6.5549,-13.1685,-12.0953,-14.5727],[-0.9058, 0.0595,-0.0429,-0.1446],0.4038
2611,[-0.8973, 0.0724, 0.0668,-0.1339],[-48.682 ,-48.8724,-47.7514,-48.5069,-48.0109],[-0.8979, 0.0539, 0.0801,-0.1463],0.3541
2612,[-0.9069, 0.0671,-0.082 ,-0.159 ],[  0.5548,  2.5877,  0.5966,189.3057,  0.7851],[-0.9074, 0.0694,-0.0812,-0.1524],0.3881
2614,[-0.8983, 0.1284,-0.1916,-0.1676],[-17.3105,-15.7835,-19.4705,-17.2829,-18.1049],[-0.8977, 0.1364,-0.1924,-0.1645],0.2656
2620,[-0.9063,-0.0675, 0.0427,-0.1551],[-105.6482,-104.4969,-106.2463,-105.6653,-105.2244],[-0.9072,-0.0642, 0.039 ,-0.1576],0.4092
2621,[-0.9073,-0.0788, 0.0909,-0.166 ],[7.0082e+02,5.0150e-01,3.7452e+00,2.0871e+00,1.0643e+00],[-0.908 ,-0.0807, 0.0889,-0.1738],0.3816
2622,[-0.8916,-0.0829,-0.0739,-0.1531],[-37.85  ,-37.3674,-38.7757,-37.9656,-38.1639],[-0.8923,-0.0632,-0.0879,-0.1591],0.3253
2623,[-0.9   ,-0.1367, 0.1867,-0.1827],[  0.653 , -1.1066,271.301 ,  9.8893,  0.5659],[-0.8997,-0.1435, 0.1876,-0.1861],0.2721
2630,[-0.8899, 0.1921,-0.0453,-0.155 ],[-31.1626,-31.4509,-30.7147,-31.1137,-31.2144],[-0.8927, 0.1761,-0.039 ,-0.1548],0.2972
2632,[-0.8885, 0.2008,-0.1235,-0.1546],[-21.7107,-22.5546,-22.4706,-21.3464,-22.6275],[-0.8908, 0.1927,-0.1124,-0.1526],0.2502
2634,[-0.8922, 0.2097,-0.2174,-0.1519],[  0.5562,  1.3723, -0.345 ,205.4125,  1.2746],[-0.8927, 0.2108,-0.2101,-0.1444],0.2064
2636,[-0.8844, 0.2347,-0.3004,-0.1694],[ 0.9002,80.273 ,-1.578 ,-0.1587, 0.7071],[-0.8831, 0.241 ,-0.2966,-0.1793],0.1228
2640,[-0.8876,-0.1951, 0.0345,-0.1878],[-31.7364,-31.9121,-33.3197,-32.5071,-32.3895],[-0.8907,-0.177 , 0.0226,-0.1905],0.2937
2641,[-0.8866,-0.2073, 0.1143,-0.1878],[ 4.9914e+01, 2.6812e-01, 1.3058e-01, 3.7186e-01,-2.3887e-02],[-0.8893,-0.198 , 0.1031,-0.1926],0.2467
2643,[-0.8992,-0.1892, 0.2047,-0.1831],[ 9.3497e-01,-1.0266e-02, 4.9429e+02, 2.2752e+00, 3.8022e-01],[-0.8997,-0.1918, 0.2   ,-0.1828],0.2438
2645,[-0.8865,-0.2345, 0.285 ,-0.2119],[ 1.3234,-1.158 ,62.2243, 1.9786, 0.3091],[-0.8857,-0.2402, 0.2835,-0.2083],0.1359
2652,[-0.8728, 0.2964,-0.1449,-0.135 ],[-4.8184,-5.7133,-4.5127,-4.1906,-4.8688],[-0.8774, 0.2841,-0.1343,-0.1274],0.1535
2654,[-0.8957, 0.297 ,-0.2495,-0.1675],[ 0.7263, 0.8829, 0.7128,31.2073, 0.1204],[-0.898 , 0.2937,-0.238 ,-0.1587],0.1737
2656,[-0.8917, 0.2837,-0.2924,-0.1887],[ 8.2019e-01, 6.5044e+01,-6.9316e-01, 2.8075e+00,-1.4950e-03],[-0.8923, 0.2855,-0.2832,-0.2019],0.1382
2661,[-0.8795,-0.301 , 0.1196,-0.1588],[-10.8306, -9.8935,-11.7972,-10.6004,-10.8629],[-0.8848,-0.2848, 0.106 ,-0.1635],0.1911
2663,[-0.894 ,-0.3154, 0.2386,-0.144 ],[ 0.3013,-1.0647, 0.3067, 2.5996,-0.9163],[-0.8972,-0.3091, 0.2249,-0.1393],0.171
2665,[-0.8957,-0.3026, 0.3035,-0.1431],[ 2.0215,-0.4056,32.2981, 3.2183, 0.108 ],[-0.8964,-0.3035, 0.2952,-0.1491],0.1368
2681,[-0.8673,-0.4004, 0.1649,-0.1373],[-1.1256,-0.9475,-1.8423,-0.8522,-1.6373],[-0.8753,-0.3855, 0.156 ,-0.1217],0.0962
2700,[-8.9886e-01, 2.2841e-04,-7.3188e-03,-2.8686e-01],[-20.2411, 63.1164,  3.8995,-17.8754,-21.0221],[-0.9001, 0.0013,-0.008 ,-0.2864],0.3998
2701,[-0.8991,-0.0389, 0.072 ,-0.2953],[-107.5199,-108.3933,-105.3698,-106.9319,-108.3101],[-0.9002,-0.0441, 0.0749,-0.295 ],0.3721
2702,[-0.8986, 0.0394,-0.0774,-0.2743],[-104.6965,-104.2733,-105.8875,-104.6417,-104.9985],[-0.8995, 0.0449,-0.0793,-0.2768],0.3668
2710,[-0.8891, 0.0722,-0.0396,-0.3159],[ -2.094 , -3.3745,379.1147, -1.4917, -3.6619],[-0.8907, 0.069 ,-0.0375,-0.3146],0.3382
2712,[-0.8994, 0.0688,-0.0864,-0.2933],[1.0100e+00,6.9224e+02,1.0410e-01,1.4563e+00,7.4439e-01],[-0.9005, 0.0718,-0.0859,-0.2917],0.3556
2714,[-0.8992, 0.1222,-0.1765,-0.2641],[ 0.4539, 4.8258,-1.6984, 4.9737, 0.0489],[-0.8993, 0.1299,-0.1778,-0.254 ],0.2806
2720,[-0.8932,-0.08  , 0.0322,-0.3065],[-0.2884,91.7034, 0.1138, 2.8991,-0.134 ],[-0.8949,-0.0748, 0.0301,-0.3098],0.3545
2721,[-0.9007,-0.0904, 0.0926,-0.2785],[  1.0484,  0.7298,481.6518,  1.4191,  0.5663],[-0.9019,-0.0912, 0.0881,-0.2832],0.3518
2722,[-0.8914,-0.0711,-0.0618,-0.3036],[-13.9216,-12.871 ,-14.4991,-13.5199,-13.6005],[-0.8927,-0.0539,-0.0742,-0.317 ],0.3351
2723,[-0.9025,-0.1424, 0.1849,-0.2611],[ 0.4664,-1.2961,12.8676,12.3783, 0.1583],[-0.9027,-0.149 , 0.1862,-0.2573],0.2819
2732,[-0.8735, 0.1936,-0.0918,-0.3248],[-4.5215,-4.059 ,-4.9719,-4.3595,-3.8527],[-0.8768, 0.1837,-0.0771,-0.3327],0.2172
2734,[-0.8886, 0.2689,-0.2062,-0.2601],[ 0.909 ,68.7299,-0.632 , 2.6606, 0.466 ],[-0.8915, 0.2632,-0.1891,-0.2434],0.1875
2740,[-0.9   ,-0.1805, 0.0387,-0.2813],[-8.3389,-7.8297,-9.6036,-8.4958,-8.4038],[-0.9031,-0.1619, 0.0198,-0.2711],0.3525
2741,[-0.8888,-0.205 , 0.1057,-0.2763],[-2.0374,-3.2866,-3.1776,-0.0461,-2.973 ],[-0.892 ,-0.1945, 0.0919,-0.2775],0.2626
2743,[-0.8873,-0.2023, 0.2168,-0.2821],[  0.7223, -0.2255,103.0011,  3.6138, -0.1176],[-0.8882,-0.2045, 0.2066,-0.2873],0.1948
2745,[-0.8867,-0.232 , 0.2902,-0.2538],[-0.4925,-0.9932, 0.7895,26.4428,-0.2815],[-0.8857,-0.2387, 0.2908,-0.2491],0.1334
2754,[-0.8838, 0.2875,-0.2398,-0.2745],[ 0.7668, 2.0572,-0.8186, 3.6282,-0.5205],[-0.8867, 0.2839,-0.2181,-0.2776],0.1488
2800,[-0.8896, 0.0099, 0.006 ,-0.4084],[ 2.0235, 1.6187, 2.1046,77.1813, 0.4929],[-0.8914, 0.0081, 0.0051,-0.3971],0.3616
2801,[-0.8851,-0.0327, 0.0802,-0.3991],[ 1.1760e-01,-4.5124e-02, 9.2896e+01, 9.1624e-01,-3.4278e-01],[-0.8865,-0.0392, 0.0817,-0.4026],0.3135
2802,[-0.8758, 0.036 ,-0.0844,-0.4145],[ 0.1565,57.1074,-1.6351, 1.2457,-0.7486],[-0.8772, 0.0423,-0.0868,-0.4185],0.273
2810,[-0.8818, 0.0721,-0.0277,-0.4106],[3.2908e+02,2.6185e-01,1.2951e+00,2.8140e+00,3.6529e-01],[-0.8839, 0.0674,-0.0242,-0.4138],0.3137
2812,[-0.8888, 0.0712,-0.0845,-0.4057],[ 1.3611e+00, 2.2586e+00,-1.1681e-01, 3.9205e+02, 3.8771e-01],[-0.8904, 0.0737,-0.0833,-0.3969],0.3135
2820,[-0.8914,-0.0667, 0.0411,-0.3934],[ 7.5592e-02, 2.3121e+00, 2.8317e-01, 1.1397e+02,-5.1678e-01],[-0.8933,-0.0637, 0.0359,-0.387 ],0.3513
2821,[-0.8883,-0.072 , 0.0784,-0.413 ],[3.4272e+00,4.9536e-01,5.3831e+02,1.9681e+00,6.5426e-01],[-0.8901,-0.0731, 0.0732,-0.4144],0.3164
2902,[-0.8808, 0.0532,-0.068 ,-0.5015],[ 5.4747e-01, 7.7028e+02,-1.1785e+00, 7.6044e-03,-2.1572e-01],[-0.8829, 0.0561,-0.0701,-0.5067],0.2957
2912,[-0.8791, 0.0593,-0.0668,-0.5066],[ 7.5028e-01, 2.5474e+00,-1.7631e-01, 4.1144e+03, 1.4492e+00],[-0.8812, 0.0611,-0.0662,-0.4961],0.2891
2921,[-0.8843,-0.0931, 0.1293,-0.5069],[  4.4783, -1.2279,  0.9208,430.7994, -0.8481],[-0.886 ,-0.0985, 0.1259,-0.5033],0.2658
3223,[-0.8636,-0.16  , 0.2519, 0.2585],[-1.421 ,-3.5488,-0.1982,-2.7071,-0.9104],[-0.8605,-0.1654, 0.2554, 0.2442],0.0994
3300,[-0.8636, 0.016 ,-0.055 , 0.1598],[-2.1097,-1.3388,-1.2147,-3.8435,-0.1147],[-0.8628, 0.0196,-0.0581, 0.1453],0.2382
3302,[-0.8644, 0.0126,-0.0584, 0.1717],[-2.9934,-1.7295,-4.8519,-4.249 ,-2.9326],[-0.8635, 0.0167,-0.0599, 0.1572],0.2414
3323,[-0.8605,-0.1654, 0.2554, 0.2442],[-2.9526,-4.4387,-1.5596,-3.4314,-1.9972],[-0.8573,-0.1706, 0.2598, 0.2306],0.0866
3343,[-0.8441,-0.1898, 0.2682, 0.1935],[-1.0707,-2.8399,-0.6224,-2.1854,-0.3717],[-0.8414,-0.1936, 0.2681, 0.1825],0.0313
3352,[-0.8656, 0.3746,-0.1637, 0.199 ],[-0.6236,-1.3571, 2.164 ,-1.1476, 0.7249],[-0.8713, 0.3594,-0.1552, 0.1844],0.0954
3354,[-0.8605, 0.3466,-0.2351, 0.1346],[5.7689,2.628 ,0.4454,0.0605,4.175 ],[-0.864 , 0.3382,-0.2201, 0.1357],0.0572
3365,[-0.8654,-0.3785, 0.3215, 0.1404],[ 0.1383,-0.924 , 6.7717,-0.8035, 0.1799],[-0.8675,-0.3739, 0.3078, 0.1504],0.0184
3374,[-0.8474, 0.4284,-0.1929, 0.1638],[ 1.2648,-0.0115, 5.8969, 0.2443, 1.6726],[-0.8548, 0.4154,-0.1857, 0.1739],0.0176
3393,[-0.8477,-0.5162, 0.2105, 0.1559],[-3.3835,-1.225 ,-3.6784,-3.8334,-3.7769],[-0.8585,-0.5034, 0.2028, 0.1681],-0.0123
3400,[-0.8562,-0.006 , 0.0063, 0.0079],[-0.0238, 0.3299,-0.0596,-2.3013, 6.3314],[-0.8561,-0.0057, 0.0061,-0.0077],0.224
3401,[-0.8489, 0.0061, 0.1209, 0.0147],[-1.3872,-2.2858, 1.8613,-1.904 , 0.6525],[-0.8479,-0.0046, 0.125 , 0.0112],0.162
3402,[-0.859 , 0.0401,-0.0829, 0.0826],[-1.618 ,-0.2019,-3.3091,-2.5174, 0.0632],[-0.8583, 0.044 ,-0.0859, 0.0788],0.2025
3410,[-0.858 , 0.1005,-0.0239, 0.0277],[-3.3657,-4.8234,-2.1964,-5.1887,-2.4747],[-0.8585, 0.0934,-0.0184, 0.0213],0.2066
3411,[-0.855 , 0.1006, 0.0757, 0.0341],[-1.3017,-3.2684,-0.6212,-1.8202,-1.2067],[-0.8551, 0.0844, 0.0865, 0.0198],0.176
3412,[-0.8578, 0.125 ,-0.0925, 0.0471],[-1.6043, 0.6055,-3.4258,-3.1227, 0.4826],[-0.8582, 0.1216,-0.0868, 0.0408],0.1726
3414,[-0.865 , 0.0954,-0.203 , 0.015 ],[-1.0369, 0.9293,-3.544 ,-2.033 , 0.6142],[-8.6298e-01, 1.0474e-01,-2.0833e-01,-5.5393e-04],0.1485
3420,[-0.8561,-0.1246, 0.0395, 0.0225],[-3.2099,-2.715 ,-4.6173,-4.7878,-2.7575],[-0.8569,-0.117 , 0.0344, 0.008 ],0.1903
3421,[-0.8574,-0.1383, 0.1075, 0.0409],[-1.485 ,-2.3157, 1.0045,-2.1643, 1.5436],[-0.8577,-0.1353, 0.1029, 0.0362],0.1597
3423,[-0.8594,-0.1448, 0.2301, 0.0123],[ 0.9618,-1.8192, 1.7231,-0.8536, 2.1953],[-0.8574,-0.1514, 0.2324, 0.0034],0.1047
3430,[-0.8518, 0.2089,-0.0349, 0.0096],[-3.8205,-5.5208,-3.3757,-4.8878,-4.4562],[-0.8544, 0.1939,-0.0232, 0.0053],0.1545
3432,[-0.8537, 0.2138,-0.1051, 0.0205],[-3.6839,-4.1503,-3.7182,-4.2218,-2.3957],[-0.8559, 0.2045,-0.0958, 0.0181],0.131
3434,[-0.859 , 0.2246,-0.2032, 0.027 ],[-1.2767e+00,-3.7424e-03,-3.8330e+00,-2.6914e+00,-1.0139e+00],[-0.8597, 0.2224,-0.1945, 0.0187],0.0994
3440,[-0.8524,-0.2201, 0.0373, 0.0374],[-5.0932,-3.6235,-6.3344,-5.5821,-4.4396],[-0.8552,-0.2043, 0.0238, 0.0319],0.1562
3441,[-0.8459,-0.2141, 0.1071, 0.0504],[-3.1933,-3.7654,-3.9946,-4.5595,-1.9939],[-0.8478,-0.2055, 0.0994, 0.0503],0.105
3443,[-0.8509,-0.2328, 0.2148, 0.0368],[ 1.6886,-1.9321, 5.4884,-0.1284, 6.0564],[-0.8514,-0.2309, 0.2092, 0.0326],0.0675
3445,[-0.8635,-0.2472, 0.2954, 0.0432],[-0.3498,-1.1594,25.2533,-0.1093, 1.719 ],[-0.8621,-0.2497, 0.2903, 0.0321],0.0589
3452,[-0.8521, 0.3395,-0.1305, 0.0407],[-5.7136,-7.1611,-4.589 ,-5.9507,-6.2714],[-0.8578, 0.3247,-0.1185, 0.0461],0.0841
3454,[-0.855 , 0.367 ,-0.2214, 0.0545],[ 0.6215, 2.1011,-0.4668, 0.3071, 3.3266],[-0.8597, 0.3579,-0.212 , 0.0568],0.0416
3456,[-0.8532, 0.3772,-0.3035, 0.0711],[ 1.7446e+00, 1.0924e+01,-8.8526e-01, 1.7915e-03, 2.8591e-01],[-0.8559, 0.373 ,-0.2964, 0.0832],-0.0061
3461,[-0.8485,-0.3193, 0.1308, 0.0262],[-1.9608,-1.192 ,-4.1132,-3.079 ,-1.9044],[-0.8535,-0.306 , 0.1193, 0.0216],0.0781
3463,[-0.8522,-0.3458, 0.2204, 0.0315],[ 5.2342, 0.7772, 1.635 , 0.8379,14.3253],[-0.8563,-0.338 , 0.2113, 0.0305],0.0402
3465,[-0.8562,-0.3764, 0.2981, 0.0438],[ 1.112 ,-0.775 , 8.9263,-0.3629, 1.0717],[-0.8591,-0.3721, 0.2918, 0.0539],0.0041
3472,[-0.8464, 0.4256,-0.1386, 0.0503],[-1.8666,-3.2816,-0.2718,-1.7149,-1.4836],[-0.8552, 0.4089,-0.127 , 0.0514],0.0427
3474,[-0.8431, 0.4309,-0.2241, 0.0462],[ 0.7105, 0.0578,17.6787, 0.8591, 1.5023],[-0.8504, 0.421 ,-0.2165, 0.0546],-0.0071
3476,[-0.8468, 0.4061,-0.3167, 0.0399],[1.1949,7.5587,0.1198,0.9838,0.7655],[-0.8502, 0.402 ,-0.3107, 0.0537],-0.0348
3481,[-0.8442,-0.4204, 0.1488, 0.0187],[-2.5941,-0.8523,-3.881 ,-2.1677,-2.7646],[-0.8529,-0.405 , 0.1375, 0.0137],0.0343
3483,[-0.8485,-0.4366, 0.2306, 0.0328],[ 0.7925,28.728 ,-0.2553, 1.0871, 1.7774],[-0.8559,-0.4267, 0.2219, 0.0349],0.0022
3485,[-0.8521,-0.4229, 0.3188, 0.0442],[ 1.3234, 0.0548,21.2017, 2.5624, 2.1565],[-0.8561,-0.4184, 0.3124, 0.0565],-0.0281
3487,[-0.8584,-0.4553, 0.395 , 0.0227],[-0.4666,-1.0975,18.1531, 0.1137, 0.3715],[-0.8609,-0.4535, 0.3926, 0.0372],-0.0609
3493,[-0.8376,-0.5176, 0.2458, 0.0569],[-20.9468,-20.5459,-20.9908,-20.025 ,-21.2417],[-0.848 ,-0.5082, 0.2352, 0.0711],-0.0516
3494,[-0.8428, 0.5336,-0.2366, 0.0522],[-10.1018, -9.1341,-10.5072,-10.8343,-10.3613],[-0.8541, 0.5238,-0.2292, 0.0567],-0.0403
3495,[-0.8433,-0.5102, 0.3106, 0.0286],[-16.3319,-15.9429,-15.9545,-15.5023,-16.2903],[-0.8514,-0.5047, 0.3058, 0.0437],-0.0679
3496,[-0.8476, 0.5318,-0.3224, 0.0377],[-11.1477,-10.2809,-10.3075, -9.7679,-10.9398],[-0.8562, 0.5268,-0.3174, 0.0524],-0.0698
3500,[-8.5847e-01, 4.3574e-03,-7.4373e-04,-5.1886e-02],[-6.353 ,-6.4558,-6.7908,-9.0435,-4.4644],[-0.8588, 0.0041,-0.0014,-0.0653],0.2329
3501,[-0.8486,-0.0147, 0.0931,-0.0639],[ 0.1717,-2.2729, 3.0766,-2.2274, 0.1989],[-0.8484,-0.0216, 0.0954,-0.0757],0.1711
3502,[-0.8606, 0.0128,-0.0863,-0.0739],[-7.7749,-6.47  ,-9.2335,-9.1016,-7.0391],[-0.8605, 0.0201,-0.0916,-0.0865],0.2135
3510,[-0.8547, 0.1072,-0.0124,-0.0525],[ -8.7528,-10.2124, -7.9096,-10.0697, -8.3687],[-0.8557, 0.0987,-0.007 ,-0.0631],0.195
3511,[-0.8517, 0.0753, 0.0786,-0.0568],[-3.5314,-4.8784,-1.755 ,-3.5186,-3.129 ],[-0.8518, 0.0611, 0.0898,-0.0655],0.1725
3512,[-0.8513, 0.1219,-0.1019,-0.0556],[-13.3156,-12.3712,-14.8384,-14.3669,-12.9233],[-0.8519, 0.1202,-0.0995,-0.0692],0.1486
3514,[-0.8548, 0.1336,-0.2076,-0.0554],[ 2.6338,12.4658,-1.5438,-0.1887, 2.8014],[-0.8534, 0.1397,-0.2091,-0.0644],0.1054
3516,[-0.8639, 0.122 ,-0.2788,-0.1144],[-1.6187,-1.5294,-3.8472,-2.5778,-1.8632],[-0.8606, 0.1346,-0.2775,-0.1274],0.1032
3520,[-0.8546,-0.1014, 0.0119,-0.0539],[-13.569 ,-13.1189,-15.0981,-15.1097,-13.3057],[-0.8555,-0.0931, 0.0047,-0.0656],0.1971
3521,[-0.8546,-0.1289, 0.1136,-0.0614],[ -8.3977,-10.0504, -8.0242,-10.2099, -7.771 ],[-0.8552,-0.1275, 0.1093,-0.0716],0.1522
3522,[-0.8572,-0.081 ,-0.0685,-0.0868],[-5.2587,-4.7857,-7.3143,-5.7786,-4.6836],[-0.8577,-0.0666,-0.0791,-0.1012],0.1946
3523,[-0.8592,-0.136 , 0.1911,-0.0551],[ 0.4532,-1.1149,26.9254, 0.6501, 2.6171],[-0.8583,-0.1407, 0.1907,-0.0668],0.1268
3525,[-0.8631,-0.1616, 0.2854,-0.0078],[-3.8274,-5.209 ,-3.409 ,-4.5358,-3.3643],[-0.8599,-0.1706, 0.2863,-0.023 ],0.0841
3530,[-0.85  , 0.1976,-0.0338,-0.0284],[-10.7181,-12.0427, -9.9779,-11.1308,-11.0272],[-0.8525, 0.1835,-0.0217,-0.0374],0.1553
3532,[-0.8514, 0.2176,-0.118 ,-0.0307],[-15.6901,-16.3134,-15.6781,-15.5511,-15.3098],[-0.8536, 0.2096,-0.1104,-0.0372],0.1175
3534,[-0.8518, 0.2259,-0.2105,-0.0415],[-0.6306, 2.66  ,-2.5113,-1.0325, 3.0057],[-0.8525, 0.2248,-0.2055,-0.052 ],0.0737
3536,[-0.8624, 0.2496,-0.3211,-0.0836],[ 8.4444e-01, 4.2201e+01,-1.0300e+00, 4.2049e-01,-5.3571e-03],[-0.8603, 0.2545,-0.3225,-0.0949],0.0401
3540,[-0.855 ,-0.2213, 0.0311,-0.0425],[-13.5857,-12.1118,-14.5032,-14.1318,-13.1334],[-0.8582,-0.2049, 0.0205,-0.0511],0.1651
3541,[-0.8509,-0.2197, 0.1136,-0.0495],[-10.6538,-12.1194,-12.0216,-12.2008,-10.4567],[-0.8534,-0.2113, 0.1063,-0.0598],0.1174
3543,[-0.8567,-0.2257, 0.2146,-0.0442],[ 0.4859,-0.529 ,19.809 , 0.6785, 2.3808],[-0.8573,-0.2247, 0.2082,-0.051 ],0.0859
3545,[-0.8577,-0.2009, 0.2909,-0.08  ],[-0.5159,-1.2533,50.4708, 0.9459, 0.8449],[-0.8555,-0.2072, 0.2879,-0.0927],0.0574
3550,[-0.8602, 0.2912,-0.0481,-0.0738],[-5.0456,-5.8698,-4.5624,-4.4752,-5.2276],[-0.8655, 0.2707,-0.0322,-0.0889],0.1607
3552,[-0.8484, 0.3235,-0.1282,-0.0311],[-11.7127,-13.0401,-11.2953,-12.1354,-12.0503],[-0.8538, 0.3099,-0.1164,-0.0346],0.079
3554,[-0.8514, 0.3422,-0.2101,-0.0259],[ 1.5161, 1.5056,-0.8981, 0.546 , 0.6671],[-0.8559, 0.3341,-0.2014,-0.0298],0.0443
3556,[-0.852 , 0.3605,-0.2961,-0.0222],[ 1.1629,18.9966,-0.8093, 0.1216, 1.1101],[-0.8546, 0.3575,-0.2911,-0.0285],-0.0007
3560,[-0.8463,-0.2895, 0.0397,-0.0772],[-6.0506,-5.8011,-7.5625,-6.1253,-6.0377],[-0.8516,-0.2705, 0.0286,-0.0755],0.1177
3561,[-0.8478,-0.3233, 0.1261,-0.0426],[-12.396 ,-11.8279,-13.7594,-12.7054,-12.2564],[-0.8534,-0.3096, 0.1143,-0.0495],0.0784
3563,[-0.8496,-0.3335, 0.2166,-0.028 ],[1.2531,0.5934,4.4843,0.834 ,2.2581],[-0.8535,-0.3264, 0.2077,-0.0332],0.0384
3565,[-0.8496,-0.3424, 0.3042,-0.0181],[ 1.458 ,-1.006 ,21.681 , 0.7295, 1.8653],[-0.8511,-0.3407, 0.3005,-0.0205],-0.0069
3572,[-0.8459, 0.4006,-0.1548,-0.0221],[-2.3134,-4.3473,-2.1486,-2.5057,-3.5896],[-0.8538, 0.3861,-0.1428,-0.0245],0.0416
3574,[-0.8464, 0.4238,-0.2276,-0.0129],[5.8549e-01,9.9841e-04,1.9384e+01,1.6709e+00,6.3716e-01],[-0.8535, 0.4144,-0.219 ,-0.0144],0.0022
3576,[-0.8468, 0.4269,-0.3067,-0.0106],[ 1.3053,10.609 , 0.1549, 3.1643, 0.2891],[-0.8516, 0.4224,-0.301 ,-0.0104],-0.0355
3578,[-0.8647, 0.4144,-0.4053, 0.    ],[ 0.2736,11.0915,-1.046 , 1.053 , 0.3473],[-0.8651, 0.4141,-0.4029, 0.    ],-0.0403
3581,[-0.847 ,-0.4053, 0.1469,-0.048 ],[-5.6018,-4.425 ,-6.3296,-5.1326,-5.885 ],[-0.8553,-0.3901, 0.1351,-0.0549],0.0468
3583,[-0.8438,-0.4349, 0.2158,-0.0326],[ 0.301 ,16.5318,-0.3687, 4.6974, 0.2347],[-0.8518,-0.4247, 0.207 ,-0.0364],-0.0014
3585,[-0.8434,-0.4341, 0.3121,-0.0156],[ 1.0347,-0.2143, 9.1999, 3.5999, 0.6266],[-0.8483,-0.4298, 0.3067,-0.0131],-0.0479
3587,[-0.853 ,-0.4287, 0.3946,-0.0039],[ 1.0088,-1.4044, 1.4886,16.8682,-0.0201],[-8.5446e-01,-4.2798e-01, 3.9365e-01, 1.9531e-05],-0.0658
3593,[-0.8437,-0.5171, 0.2473,-0.0092],[-21.6282,-20.7698,-21.8117,-21.0867,-20.8497],[-0.8543,-0.5081, 0.2386,-0.015 ],-0.0377
3594,[-0.8426, 0.5183,-0.2543, 0.    ],[-11.8328,-12.5679,-10.9079,-12.2677,-12.3146],[-0.853 , 0.5098,-0.2464, 0.0039],-0.0445
3595,[-0.841,-0.526, 0.314, 0.   ],[ -8.74  ,-10.129 , -9.9771, -9.2531,-10.4554],[-0.8498,-0.5212, 0.3092, 0.0022],-0.0785
3596,[-0.8259, 0.5419,-0.333 , 0.    ],[-3.4899,-2.6303,-1.7914,-2.3625,-4.9621],[-0.8346, 0.5384,-0.3295, 0.0156],-0.1223
3600,[-0.8574,-0.0143, 0.004 ,-0.1842],[  0.7833,  1.1047,  1.0615,  0.6994,190.421 ],[-0.8583,-0.0134, 0.0039,-0.1994],0.2295
3601,[-0.849 ,-0.0135, 0.0819,-0.1871],[-3.1961,-5.7859,-0.6138,-4.4949,-2.1185],[-0.8495,-0.0196, 0.0821,-0.1986],0.1782
3602,[-0.8578, 0.0075,-0.0891,-0.182 ],[-0.4564,55.8249,-1.1861,-0.1248, 1.0273],[-0.8581, 0.0152,-0.0895,-0.1958],0.207
3603,[-0.8539,-0.0386, 0.1736,-0.1692],[-2.6944,-5.4059,-2.0475,-4.1969,-2.8467],[-0.8527,-0.0508, 0.179 ,-0.1714],0.1463
3610,[-0.8547, 0.0931,-0.0177,-0.1906],[-0.8648,-2.1615, 0.4309,-1.7161, 0.451 ],[-0.8561, 0.0865,-0.0141,-0.2057],0.1997
3611,[-0.8529, 0.068 , 0.063 ,-0.1849],[-8.4306,-9.9091,-7.9829,-8.5629,-8.0148],[-0.8537, 0.0558, 0.0705,-0.1965],0.189
3612,[-0.8561, 0.1133,-0.1043,-0.1851],[ 1.4259, 6.8518,-0.8036, 0.4678,11.9839],[-0.8572, 0.1125,-0.0977,-0.197 ],0.1692
3614,[-0.8508, 0.1451,-0.1912,-0.1592],[ 3.5973, 6.2587,-2.0225,-0.7134, 1.7949],[-0.8506, 0.1491,-0.1871,-0.1697],0.1013
3620,[-0.8579,-0.1003, 0.0285,-0.1893],[-16.106 ,-16.3127,-18.059 ,-17.7101,-15.5349],[-0.8594,-0.0939, 0.025 ,-0.2018],0.2087
3621,[-0.8568,-0.1272, 0.1042,-0.1875],[ 0.7702,-0.4948, 5.7252, 0.6401,29.9575],[-0.8581,-0.1251, 0.0959,-0.1984],0.1676
3622,[-0.8624,-0.0709,-0.0916,-0.144 ],[-12.8068,-12.4153,-14.0287,-13.2337,-13.0281],[-0.8628,-0.0548,-0.1014,-0.1582],0.208
3623,[-0.8564,-0.118 , 0.1822,-0.1716],[-0.1766,-1.7051,14.4653, 1.3297,-0.3098],[-0.8561,-0.1236, 0.1783,-0.1765],0.1308
3630,[-0.841 , 0.1815,-0.0344,-0.1817],[-18.4069,-19.6638,-17.1317,-18.7312,-18.3332],[-0.8439, 0.1692,-0.0204,-0.1959],0.1335
3632,[-0.8482, 0.2001,-0.1224,-0.1804],[ 0.8998,-1.6066,-1.9802,-1.5316,17.4791],[-0.8506, 0.1941,-0.1125,-0.1926],0.1131
3634,[-0.85  , 0.2181,-0.2055,-0.1666],[ 2.6323,14.1953,-1.1474, 1.1598, 0.5947],[-0.8512, 0.2176,-0.1952,-0.1748],0.0762
3636,[-0.8612, 0.2722,-0.2904,-0.1498],[-0.4244,45.5806,-0.7977,-0.6337, 0.6371],[-0.8614, 0.274 ,-0.2827,-0.1629],0.0504
3640,[-0.8584,-0.2224, 0.038 ,-0.1558],[-14.393 ,-13.3209,-15.859 ,-15.0653,-14.3938],[-0.8621,-0.2064, 0.0275,-0.1623],0.1747
3641,[-0.8541,-0.2032, 0.1062,-0.1746],[31.2898, 1.0805, 0.7018, 0.6961, 3.1772],[-0.8569,-0.1951, 0.0938,-0.1861],0.1389
3643,[-0.8545,-0.2187, 0.2117,-0.1601],[ 1.132 ,-0.7078,22.3394, 1.0975, 0.4641],[-0.8555,-0.2182, 0.1998,-0.1683],0.0863
3645,[-0.8572,-0.2354, 0.3258,-0.1445],[-0.4763,-0.7879,42.7876, 0.4133, 0.1122],[-0.8548,-0.2415, 0.3217,-0.1538],0.0306
3652,[-0.8592, 0.2822,-0.1056,-0.1311],[-8.6895,-9.7373,-7.9237,-8.7522,-8.7454],[-0.864 , 0.2684,-0.0949,-0.1428],0.1325
3654,[-0.8531, 0.3485,-0.2301,-0.1393],[ 0.4998, 2.0491,-0.8346, 2.2755, 0.7441],[-0.8577, 0.3417,-0.2169,-0.1294],0.0408
3656,[-0.8349, 0.3678,-0.2868,-0.1361],[ 0.4654,37.7854,-0.9725, 0.3703, 1.5314],[-0.8387, 0.3647,-0.2739,-0.1474],-0.0364
3661,[-0.8512,-0.3215, 0.1314,-0.164 ],[-4.4679,-3.5936,-6.4711,-5.1902,-4.4542],[-0.8571,-0.3086, 0.1198,-0.1739],0.0878
3663,[-0.8477,-0.318 , 0.2188,-0.1677],[1.9357,0.2746,4.0038,2.2205,0.6816],[-0.8517,-0.3125, 0.2053,-0.1727],0.0394
3665,[-0.8467,-0.2888, 0.3198,-0.1993],[ 0.7866,-0.706 ,13.6428, 0.5523, 0.5088],[-0.8466,-0.2912, 0.3077,-0.2064],-0.0037
3683,[-0.8536,-0.4069, 0.2357,-0.1376],[-0.1575, 0.2383,-1.4574, 0.0935,-1.0468],[-0.8601,-0.399 , 0.2312,-0.1382],0.0197
3700,[-0.8582,-0.0027,-0.0052,-0.2999],[  0.7186,  3.154 ,261.7171,  0.5982,  0.362 ],[-0.8595,-0.0011,-0.0133,-0.3128],0.2344
3701,[-0.8367,-0.034 , 0.088 ,-0.2821],[-0.1586,-2.2519,29.9096,-0.2093, 7.4295],[-0.8375,-0.0387, 0.0872,-0.2928],0.1334
3702,[-0.8602, 0.022 ,-0.0792,-0.3318],[ -0.986 ,236.2844, -1.3651,  0.4125,  0.3645],[-0.8613, 0.0283,-0.0827,-0.3436],0.2203
3710,[-0.8556, 0.0916,-0.0348,-0.3093],[1.0426e+00,1.0576e-01,1.3871e+02,7.5681e-01,1.3752e-02],[-0.8575, 0.0868,-0.0324,-0.3227],0.2045
3712,[-0.8562, 0.1258,-0.0997,-0.2917],[  1.2098,161.4986,  0.2091,  1.0322,  1.159 ],[-0.858 , 0.1235,-0.0893,-0.3023],0.1714
3714,[-0.8502, 0.1506,-0.1688,-0.263 ],[ 0.1327,28.0654,-1.9558, 0.0584,-1.465 ],[-0.8511, 0.1526,-0.1617,-0.2766],0.1106
3720,[-0.8569,-0.0854, 0.0248,-0.2974],[ 2.5668,81.1077, 0.7906,-0.7836, 1.0378],[-0.8587,-0.0801, 0.023 ,-0.3072],0.2116
3721,[-0.8505,-0.1037, 0.0951,-0.2967],[  2.5101,  0.377 ,221.493 ,  2.4852,  1.2754],[-0.852 ,-0.103 , 0.0893,-0.3045],0.1588
3723,[-0.8454,-0.1077, 0.1795,-0.3354],[ 2.5653,-1.8984,14.1945, 4.8007,-0.9529],[-0.8455,-0.1143, 0.1768,-0.3298],0.1021
3732,[-0.8488, 0.1829,-0.0971,-0.2636],[ 1.1524e+00, 2.5832e+00, 1.2480e+02, 1.7016e+00,-5.5043e-02],[-0.8516, 0.1761,-0.0891,-0.2798],0.1316
3740,[-0.8332,-0.1722, 0.0543,-0.2677],[ -9.7639, -7.9537,-11.1228, -9.7344, -9.723 ],[-0.8361,-0.1641, 0.054 ,-0.282 ],0.099
3741,[-0.847 ,-0.2283, 0.1123,-0.2513],[ 1.8955,91.1635, 1.1532, 0.7119, 2.0084],[-0.8507,-0.219 , 0.0927,-0.2612],0.11
3800,[-0.8568, 0.035 ,-0.0253,-0.4003],[-29.3893,-30.2348,-29.3536,-28.0467,-30.444 ],[-0.8586, 0.0342,-0.0231,-0.3966],0.2286
3802,[-0.8576, 0.0262,-0.0723,-0.4026],[  0.7412,195.3105, -0.7486,  0.2814, -0.6519],[-0.8591, 0.0312,-0.0724,-0.4123],0.216
3810,[-0.8573, 0.0847,-0.0344,-0.42  ],[ 1.6512e+00,-1.3913e-01, 7.7292e+02, 2.1061e+00, 1.7218e+00],[-0.8596, 0.0808,-0.0345,-0.4286],0.2124
3812,[-0.8536, 0.0857,-0.0657,-0.4303],[4.6545e-01,5.8817e+02,1.8339e+00,1.9134e+00,8.2735e-01],[-0.8559, 0.0845,-0.0609,-0.4384],0.1888
3820,[-0.8647,-0.0632, 0.0514,-0.4063],[  0.9486,703.0891,  1.3543,  1.4166,  1.105 ],[-0.8666,-0.0621, 0.0455,-0.4093],0.2409
3821,[-0.8542,-0.0631, 0.0614,-0.3987],[1.0825e+00,5.6303e-01,5.5416e+02,5.6661e+00,5.0494e-01],[-0.856 ,-0.0634, 0.0585,-0.4029],0.1981
4374,[-0.815 , 0.4585,-0.2235, 0.1312],[2.989 ,0.565 ,1.5641,0.3426,2.1015],[-0.8232, 0.4492,-0.2151, 0.1436],-0.0792
4393,[-0.814 ,-0.5472, 0.2305, 0.1339],[ 0.5995,18.7996,-1.7318,-1.1793,-0.4467],[-0.826 ,-0.5377, 0.2153, 0.1463],-0.1015
4434,[-0.8212, 0.2577,-0.1775, 0.023 ],[-0.3826, 7.1681,-1.3107,-0.2401, 2.8415],[-0.8233, 0.2527,-0.172 , 0.0227],-0.0035
4441,[-0.819 ,-0.2691, 0.1061, 0.023 ],[-1.1391,-1.6026,-1.219 ,-2.2059,-0.3289],[-0.8227,-0.2585, 0.096 , 0.0227],0.0173
4452,[-0.8171, 0.3761,-0.1559, 0.0526],[-0.403 ,-1.7539, 1.3337,-1.2465, 0.5887],[-0.8236, 0.3648,-0.1483, 0.0518],-0.0302
4454,[-0.7996, 0.3681,-0.1864, 0.0065],[ 0.59  , 1.0497,-0.7979,-0.8843, 1.3777],[-0.8056, 0.3596,-0.1764,-0.0086],-0.0762
4461,[-0.8134,-0.3677, 0.1385, 0.0042],[ 0.1019,14.9485,-0.9957,-0.3499, 6.3545],[-0.8203,-0.3557, 0.1281,-0.0102],-0.0292
4463,[-0.803 ,-0.3225, 0.2075, 0.0289],[ 0.4419,-0.2284, 3.6865,-0.2122, 4.1217],[-0.8066,-0.3168, 0.2008, 0.0326],-0.0685
4472,[-0.8164, 0.4396,-0.1495, 0.0454],[-2.0895,-2.3371, 1.4742,-1.2504,-0.5652],[-0.8257, 0.4264,-0.1403, 0.0475],-0.0425
4474,[-0.8071, 0.4504,-0.2159, 0.0356],[7.1995,0.4642,3.9582,0.0369,3.8799],[-0.8155, 0.4416,-0.2083, 0.045 ],-0.09
4476,[-0.8059, 0.468 ,-0.2908, 0.0455],[ 0.8104, 8.1694,-0.1723, 1.2563, 0.6408],[-0.8129, 0.4629,-0.2841, 0.0556],-0.1238
4481,[-0.7989,-0.434 , 0.1375, 0.0268],[-1.6451,-0.4099,-3.3158,-2.4493,-0.2347],[-0.8084,-0.4214, 0.1282, 0.0189],-0.0754
4483,[-0.8077,-0.4467, 0.2272, 0.0234],[ 0.4214, 1.0825,-0.1894, 0.1987,26.3778],[-0.8157,-0.4388, 0.2198, 0.0185],-0.0923
4485,[-0.8078,-0.4593, 0.2869, 0.0231],[ 0.6233, 0.0585,11.9481, 1.3231, 0.8068],[-0.8146,-0.4542, 0.2797, 0.038 ],-0.1175
4492,[-0.7889, 0.5186,-0.1432, 0.0796],[-11.2871,-10.2586,-10.1032,-10.9154,-10.2271],[-0.8016, 0.5059,-0.1348, 0.092 ],-0.1153
4493,[-0.7966,-0.5369, 0.2477, 0.0627],[-19.6635,-20.5513,-19.9491,-19.5781,-20.294 ],[-0.8078,-0.5299, 0.2407, 0.0739],-0.1409
4494,[-0.7985, 0.55  ,-0.2344, 0.0378],[-10.1736,-10.6203,-11.0062, -9.3727,-10.94  ],[-0.8107, 0.5426,-0.2287, 0.0525],-0.1358
4496,[-0.7993, 0.5101,-0.2986, 0.0206],[-2.2441,12.3348, 2.5041,-0.4158,-2.6022],[-0.8079, 0.5053,-0.2925, 0.0352],-0.1486
4500,[-8.1735e-01, 2.8182e-04, 1.1193e-02,-4.9003e-02],[ 0.2886, 0.4171,-0.3706,-1.0108, 3.4371],[-8.1762e-01,-4.9368e-04, 1.0548e-02,-6.3088e-02],0.1025
4512,[-0.8073, 0.1555,-0.1067,-0.0583],[-1.6231, 0.0761,-2.8194,-2.849 , 0.4677],[-0.8085, 0.1523,-0.1017,-0.0702],0.0113
4530,[-0.8202, 0.1988,-0.0526,-0.1015],[-0.7958,-3.1219,-0.0283,-1.9229,-1.9052],[-0.8231, 0.1882,-0.0381,-0.1168],0.0587
4532,[-0.8065, 0.2072,-0.1295,-0.0454],[ 1.4038, 0.8449,-0.0542,-0.8131,10.1378],[-0.8084, 0.2026,-0.125 ,-0.0521],-0.0102
4534,[-0.8123, 0.2438,-0.2058,-0.0579],[ 1.5471, 9.2601,-1.1014,-0.554 , 1.8784],[-0.8137, 0.2419,-0.202 ,-0.0671],-0.0323
4541,[-0.8093,-0.2591, 0.1059,-0.0735],[-2.4325,-3.4096,-3.1711,-4.1698,-1.8121],[-0.8132,-0.2501, 0.1006,-0.0845],-0.0054
4552,[-0.8028, 0.3122,-0.1257,-0.0552],[-0.3968,-0.6975,20.3316,-1.3263,-0.434 ],[-0.808 , 0.3021,-0.1164,-0.063 ],-0.0369
4554,[-0.8133, 0.3663,-0.2138,-0.0096],[ 1.6063, 2.4251,-0.2902, 0.4795,15.2195],[-0.8184, 0.3593,-0.2066,-0.0192],-0.0586
4556,[-0.8143, 0.3805,-0.342 ,-0.0141],[ 0.2602,11.1987,-1.1027,-0.7843, 4.0991],[-0.8159, 0.3792,-0.3381,-0.0211],-0.1103
4561,[-0.8054,-0.333 , 0.1322,-0.0323],[ 0.2183,27.5175,-1.2946,-0.6078, 0.3382],[-0.8113,-0.3224, 0.123 ,-0.0398],-0.0379
4563,[-0.8093,-0.354 , 0.218 ,-0.0253],[ 1.3814, 0.1286, 1.5011, 0.3778,23.8523],[-0.814 ,-0.3479, 0.2128,-0.0341],-0.0664
4565,[-0.7955,-0.3857, 0.2834, 0.    ],[ 0.5   ,-0.9318,11.2837, 0.4903,-0.0218],[-0.7993,-0.3822, 0.2799,-0.0039],-0.1258
4572,[-0.8022, 0.416 ,-0.1503,-0.0068],[-3.0302,-4.2382,-1.0979,-3.4189,-3.101 ],[-0.8108, 0.4042,-0.1401,-0.0111],-0.0681
4574,[-0.8029, 0.449 ,-0.2225,-0.0106],[ 1.999 , 0.7582, 2.1505,14.9513, 2.9171],[-0.8112, 0.441 ,-0.2149,-0.0069],-0.1004
4576,[-0.8046, 0.4425,-0.2992,-0.0149],[ 0.9809,16.5848, 0.1424, 1.0859, 0.7691],[-0.8104, 0.4385,-0.2938,-0.0209],-0.1246
4581,[-0.798 ,-0.4096, 0.1535,-0.0394],[-4.4748,-3.5108,-5.49  ,-4.3083,-4.0018],[-0.8065,-0.3985, 0.144 ,-0.0428],-0.0768
4583,[-0.8028,-0.4504, 0.2218,-0.0294],[ 2.2898, 3.3087, 1.2039, 0.8313,14.1183],[-0.8113,-0.4425, 0.2148,-0.0387],-0.1006
4585,[-0.8056,-0.4495, 0.3003,-0.0146],[ 0.7262,-0.7364,13.5192, 2.0218, 1.9113],[-0.8116,-0.4454, 0.2952,-0.0231],-0.1249
4591,[-7.7852e-01,-5.1047e-01, 1.5900e-01,-5.5393e-04],[-19.6258,-19.1475,-19.7098,-19.2493,-18.9937],[-0.7909,-0.4997, 0.1522, 0.0137],-0.1386
4593,[-0.8005,-0.5228, 0.2325,-0.013 ],[-21.1993,-22.0949,-21.7493,-21.6692,-22.3865],[-0.8118,-0.5152, 0.2264,-0.0141],-0.1245
4594,[-0.7917, 0.5084,-0.2371,-0.0033],[-11.9887,-11.9037,-10.8887,-11.7164,-12.038 ],[-0.8021, 0.5012,-0.2303,-0.001 ],-0.14
4595,[-0.8034,-0.5212, 0.3044,-0.0017],[-14.819 ,-14.8308,-14.5802,-15.2607,-14.3314],[-8.1234e-01,-5.1690e-01, 3.0003e-01, 8.6806e-06],-0.1461
4596,[-0.8053, 0.5206,-0.306 , 0.    ],[-1.3381,-2.2529,-0.2388,-2.2592,-3.1484],[-0.8141, 0.5163,-0.3014, 0.0078],-0.143
4600,[-0.8201,-0.0054, 0.0077,-0.1551],[-3.3332,-3.5117,-2.9066,-4.965 ,-1.8376],[-0.8208,-0.0055, 0.0065,-0.1711],0.1005
4601,[-0.8216,-0.0305, 0.0624,-0.2048],[-1.0935,-3.2443, 1.5465,-2.0769, 0.5482],[-0.8224,-0.0328, 0.0589,-0.2197],0.0989
4610,[-0.8201, 0.1201,-0.045 ,-0.198 ],[-13.0888,-14.7204,-12.3077,-13.8069,-12.1425],[-0.8219, 0.1147,-0.0399,-0.2142],0.0776
4612,[-0.8152, 0.1345,-0.0735,-0.1494],[-2.1609,-1.8492,-4.207 ,-4.1608,-1.6166],[-0.8168, 0.1301,-0.0649,-0.1655],0.0508
4632,[-0.8182, 0.1873,-0.1443,-0.1716],[ 0.5042,-0.0905, 1.596 ,-0.0528,19.135 ],[-0.8199, 0.1851,-0.1414,-0.1871],0.0188
4641,[-0.8139,-0.2224, 0.0793,-0.1704],[ 1.4477, 0.6719,-0.1631, 0.4974, 3.2456],[-0.8174,-0.2138, 0.0787,-0.1868],0.0229
4661,[-0.8178,-0.3857, 0.156 ,-0.1375],[-0.5063,35.5087,-1.3508,-0.1719, 0.3039],[-0.8256,-0.3748, 0.1496,-0.1529],-0.0295
4663,[-0.8121,-0.3274, 0.1881,-0.1524],[0.9401,0.2879,6.5742,2.3049,0.768 ],[-0.817 ,-0.3211, 0.1837,-0.1609],-0.0431
5454,[-0.7644, 0.3557,-0.2043, 0.0186],[-0.3372, 3.8926, 0.0235,-0.4095, 5.6075],[-0.7694, 0.35  ,-0.1984, 0.0133],-0.1503
5463,[-0.7672,-0.3673, 0.2444, 0.0396],[ 0.9436, 0.1814, 1.5385,-0.3353, 6.3261],[-0.7714,-0.3629, 0.2403, 0.0425],-0.16
5474,[-0.7606, 0.4745,-0.2173, 0.0386],[ 2.1907, 0.7941, 0.6446, 0.4553,14.0364],[-0.77  , 0.4673,-0.2117, 0.0399],-0.1805
5476,[-0.7727, 0.4746,-0.3108, 0.023 ],[ 1.3702, 8.0177,-0.838 , 0.4713, 2.9993],[-0.7793, 0.4711,-0.3069, 0.0227],-0.1908
5481,[-0.7684,-0.4355, 0.1466, 0.023 ],[ 3.0751, 2.1717,-2.3174,-1.4638, 1.504 ],[-0.7778,-0.4248, 0.1363, 0.0375],-0.1386
5483,[-0.7698,-0.4866, 0.26  , 0.0123],[ 0.4685, 1.733 , 0.2671, 0.2593,28.1377],[-0.7786,-0.4811, 0.2538, 0.0085],-0.1807
5485,[-0.7518,-0.489 , 0.318 , 0.0282],[ 0.9985,-0.8026, 1.1944, 0.3387,10.4341],[-0.7589,-0.4859, 0.3129, 0.0182],-0.2253
5492,[-0.7622, 0.5401,-0.1587, 0.053 ],[ -9.9496, -9.9385, -9.4706,-10.0447, -9.5042],[-0.7758, 0.5299,-0.1511, 0.0666],-0.1719
5493,[-0.7608,-0.573 , 0.256 , 0.0543],[-17.6551,-18.1881,-17.745 ,-16.7956,-18.0622],[-0.7733,-0.5678, 0.2538, 0.0695],-0.2101
5494,[-0.7533, 0.5196,-0.2219, 0.0183],[-11.3341,-10.6308,-10.0629,-10.9865, -9.6432],[-0.7646, 0.5127,-0.2154, 0.0223],-0.2005
5495,[-0.7414,-0.5273, 0.2826, 0.0156],[-15.5644,-16.4921,-15.2379,-15.6375,-16.9287],[-0.7513,-0.5234, 0.2787, 0.0309],-0.2366
5496,[-0.7637, 0.5071,-0.2985, 0.0382],[-1.4525,-1.4102,-2.1983,-1.6864,-4.2135],[-0.772 , 0.5031,-0.2942, 0.0526],-0.2061
5552,[-0.7689, 0.3595,-0.1487,-0.0154],[-0.4327,-1.1102, 6.0185,-0.6925,10.6188],[-0.7754, 0.3506,-0.1402,-0.0302],-0.1253
5554,[-0.7643, 0.3145,-0.181 ,-0.0117],[ 0.5546,15.3399, 0.1552,-0.3294, 2.9678],[-0.7683, 0.3089,-0.1754,-0.0154],-0.1365
5561,[-0.7671,-0.3173, 0.132 ,-0.0227],[-0.5689,19.1372,-1.0624,-1.057 , 4.8681],[-0.7723,-0.3089, 0.1243,-0.0372],-0.1169
5563,[-0.7673,-0.3481, 0.2027,-0.0135],[ 0.9143,-0.3661, 8.331 ,-0.5464, 3.7466],[-0.7721,-0.3425, 0.1982,-0.023 ],-0.1433
5574,[-0.7599, 0.4556,-0.2333,-0.0139],[ 0.9588, 1.5428, 3.7367, 0.844 ,18.6319],[-0.7683, 0.4496,-0.2273,-0.017 ],-0.1828
5576,[-0.7585, 0.4797,-0.3252, 0.    ],[ 1.1339,16.2258,-0.4659, 1.4808, 0.3336],[-0.7649, 0.4768,-0.3211, 0.0016],-0.2161
5581,[-0.7538,-0.4501, 0.1612, 0.    ],[-0.716 , 5.0583,-2.3399,-1.9591,-1.1978],[-0.7636,-0.4406, 0.1518, 0.0156],-0.1707
5583,[-0.7612,-0.4529, 0.2195,-0.0224],[20.6032, 4.3007, 1.1811, 1.3142, 3.0957],[-0.7699,-0.4462, 0.2131,-0.0311],-0.1758
5585,[-0.7723,-0.4784, 0.3081,-0.0144],[ 0.1604,-0.5074,18.7825, 0.2821, 0.7335],[-0.7794,-0.4749, 0.2999,-0.0301],-0.1898
5591,[-0.7658,-0.5203, 0.1656,-0.0155],[-20.7092,-20.7436,-20.6417,-20.5452,-21.3051],[-7.7852e-01,-5.1047e-01, 1.5900e-01,-5.5393e-04],-0.1647
5593,[-0.7532,-0.5331, 0.2368,-0.0099],[-21.919 ,-21.2856,-20.9696,-20.7841,-21.4887],[-0.7648,-0.5272, 0.2317,-0.0099],-0.2074
5594,[-0.7542, 0.5238,-0.2272,-0.0059],[-11.2678,-10.9154,-11.2343,-11.5116,-11.8201],[-0.7657, 0.5174,-0.221 ,-0.0054],-0.2008
5595,[-0.7564,-0.533 , 0.3012,-0.0052],[-16.0034,-16.1518,-15.9291,-16.2417,-16.2112],[-7.6589e-01,-5.2965e-01, 2.9786e-01, 2.6042e-05],-0.2217
5596,[-0.7577, 0.5149,-0.3125, 0.    ],[-1.3718,-1.1283,-0.7967,16.0541,-0.593 ],[-0.766 , 0.5117,-0.3093, 0.0078],-0.2202
6485,[-0.7322,-0.4948, 0.3369, 0.0156],[ 0.6004,-0.5086, 7.2721, 0.5157, 0.8287],[-0.7387,-0.4925, 0.3345, 0.0305],-0.2578
6493,[-0.7189,-0.5897, 0.2526, 0.0234],[-14.1255,-14.0243,-14.26  ,-14.0298,-14.2218],[-0.7323,-0.5856, 0.2505, 0.0389],-0.267
6494,[-0.7205, 0.52  ,-0.2183, 0.0271],[-6.8345,-4.9085,-5.9999,-7.5675,-6.9473],[-0.7319, 0.5139,-0.213 , 0.0421],-0.2456
6574,[-0.7273, 0.4075,-0.2487,-0.0052],[ 2.1522, 0.4396, 1.1318, 0.037 ,25.1296],[-0.7333, 0.4033,-0.2446,-0.0154],-0.2282
6583,[-0.7265,-0.4666, 0.2051, 0.    ],[ 1.0416, 1.4676, 2.1365, 0.8426,28.0545],[-0.7361,-0.46  , 0.1985,-0.0156],-0.2265
6585,[-0.7257,-0.497 , 0.339 , 0.    ],[ 0.3071,-0.7126,16.484 , 0.5529, 1.8883],[-0.7322,-0.4948, 0.3369, 0.0156],-0.2664
6593,[-0.7184,-0.5382, 0.2446,-0.0058],[-19.5712,-19.5598,-19.8776,-19.5046,-19.2231],[-0.7299,-0.5334, 0.24  ,-0.0113],-0.2571
6594,[-0.7139, 0.5347,-0.2253,-0.0013],[-11.7273,-11.3871,-11.3574,-10.6755,-11.7378],[-0.7259, 0.5292,-0.2199, 0.0026],-0.257
6595,[-0.7242,-0.5448, 0.2876, 0.    ],[-15.1305,-15.5225,-15.5954,-14.2126,-15.7335],[-0.7347,-0.5415, 0.2843, 0.    ],-0.2623
7542,[-0.6601,-0.2149,-0.0628, 0.    ],[-565.9524,-565.0549,-564.4311,-564.5395,-565.0283],[-0.8867,-0.0038, 0.0026, 0.    ],0.1875
7593,[-0.6848,-0.5986, 0.2598, 0.    ],[-18.3584,-17.6578,-17.8106,-17.8904,-18.0644],[-0.6986,-0.5953, 0.2565, 0.    ],-0.306
7594,[-0.6835, 0.5802,-0.196 , 0.    ],[-9.1892,-9.8672,-9.5647,-8.6571,-9.786 ],[-0.6982, 0.5745,-0.1902, 0.    ],-0.2916
