100,[-0.9584,-0.003 ,-0.0031, 0.3942],[0.5306,1.6773,1.5315,0.7472,1.8683],[-9.5662e-01, 3.3618e-04,-1.2048e-02, 3.9803e-01],0.3084
200,[-0.9637, 0.0114, 0.031 , 0.3241],[-2.0801,-1.3844,-1.1514,-0.7427,-2.3442],[-9.6223e-01,-1.7455e-05, 3.2296e-02, 3.3181e-01],0.2733
201,[-0.9585,-0.0209, 0.0566, 0.3044],[-0.3762,-1.7734, 0.6509,-0.8603,-0.6148],[-0.957 ,-0.0283, 0.056 , 0.3182],0.2787
202,[-0.9817, 0.0492,-0.1244, 0.2608],[-0.4872, 0.8972,-1.4375,-0.2528,-0.858 ],[-0.9797, 0.0839,-0.146 , 0.2733],0.1422
210,[-0.9708, 0.0791,-0.0436, 0.3445],[-1.3436,-1.5069, 0.9933,-0.7185,-0.7511],[-0.9695, 0.0531, 0.002 , 0.3572],0.2424
212,[-0.971 , 0.1078,-0.126 , 0.2895],[ 2.735 , 2.21  ,-0.5247, 1.3482,-0.4027],[-0.9696, 0.1064,-0.1122, 0.302 ],0.1805
214,[-0.9569, 0.1171,-0.1878, 0.2657],[ 0.5331, 5.5585,-0.5514, 0.4359,-0.0192],[-0.9541, 0.1335,-0.2141, 0.2793],0.1813
300,[-0.9708,-0.0129,-0.0057, 0.1646],[-11.7279,-12.3568,-11.4915,-11.2809,-13.3961],[-0.97  ,-0.0042,-0.0153, 0.1697],0.2456
301,[-0.9681,-0.0033, 0.0987, 0.1524],[-4.5329,-5.5297,-3.5797,-3.993 ,-5.0801],[-0.9664,-0.0414, 0.1406, 0.1669],0.2047
302,[-0.9632, 0.0121,-0.1117, 0.182 ],[-4.4703,-3.3157,-5.1014,-4.7634,-5.2017],[-0.9613, 0.0445,-0.1424, 0.1954],0.2214
304,[-0.9593, 0.0524,-0.1765, 0.1432],[-0.7829, 1.321 ,-1.6877,-0.5189,-0.4799],[-0.9567, 0.0855,-0.2046, 0.1581],0.1959
310,[-0.9664, 0.0712,-0.0035, 0.2034],[-4.3155,-4.9821,-2.9808,-3.8799,-5.0675],[-0.9656, 0.0389, 0.041 , 0.2165],0.2477
312,[-0.9642, 0.1156,-0.1191, 0.206 ],[-4.2994,-3.5241,-5.2572,-3.5061,-4.8996],[-0.9633, 0.1118,-0.1097, 0.2198],0.2006
314,[-0.9646, 0.1154,-0.1824, 0.1567],[ 0.1375, 2.736 ,-1.2908, 0.7212,-0.7241],[-0.9628, 0.13  ,-0.1898, 0.1693],0.1639
320,[-0.966 ,-0.1181, 0.0015, 0.1633],[-5.3318,-3.563 ,-5.9292,-4.8135,-5.8552],[-0.9658,-0.0683,-0.0447, 0.1707],0.2344
321,[-0.9655,-0.0597, 0.1606, 0.174 ],[-4.582 ,-5.4666,-4.502 ,-3.6821,-6.4758],[-0.963 ,-0.0924, 0.1954, 0.1887],0.1752
322,[-0.9625,-0.0561,-0.0703, 0.1592],[-0.9737,-0.2562,-1.3117,-0.4982,-1.1821],[-0.9612,-0.0125,-0.1139, 0.174 ],0.2456
323,[-0.96  ,-0.1193, 0.2229, 0.2025],[-0.3424,-2.5381, 0.0393,-0.0554,-1.0037],[-0.9569,-0.1435, 0.247 , 0.2159],0.1544
332,[-0.9559, 0.1862,-0.1343, 0.214 ],[-1.9868,-2.4773,-0.63  ,-1.1365,-2.4229],[-0.956 , 0.168 ,-0.1128, 0.2274],0.2021
334,[-0.9556, 0.2497,-0.2489, 0.1338],[-0.1405, 2.1406,-0.9598, 2.3516,-0.7935],[-0.9553, 0.2449,-0.2376, 0.1488],0.122
341,[-0.9667,-0.2068, 0.088 , 0.1638],[-2.3576,-1.3391,-3.1895,-2.3287,-3.4327],[-0.9678,-0.1513, 0.0356, 0.1683],0.1999
363,[-0.9787,-0.3593, 0.2272, 0.1981],[-2.2118,-1.3207,-2.6158,-2.0953,-2.9464],[-0.982 ,-0.2918, 0.1682, 0.1981],0.0522
385,[-0.9668,-0.4615, 0.3115, 0.1789],[-1.6318,-1.2823,-1.5822,-1.6685,-1.8825],[-0.972 ,-0.4284, 0.285 , 0.1924],-0.0152
400,[-0.9772,-0.0292,-0.0439, 0.0466],[-10.3947,-11.1531,-10.1745, -9.995 ,-11.9181],[-0.9767, 0.0117,-0.0812, 0.06  ],0.2023
401,[-0.9615,-0.0087, 0.1181, 0.0671],[-5.8119,-5.9819,-4.2458,-5.0172,-6.4672],[-0.9601,-0.0433, 0.1496, 0.0816],0.2235
402,[-0.9616,-0.0119,-0.1143, 0.0826],[-4.787 ,-4.4884,-5.8244,-5.2063,-6.8384],[-0.9601, 0.0285,-0.151 , 0.0872],0.2282
403,[-0.9579,-0.0397, 0.2053, 0.1043],[ 0.237 ,-0.5303, 3.1517, 0.7832,-0.493 ],[-0.9547,-0.0817, 0.2371, 0.1194],0.1912
404,[-0.9581, 0.0177,-0.195 , 0.0265],[ 0.1072, 1.2806,-1.9211,-0.0668,-1.6406],[-0.9551, 0.0664,-0.237 , 0.0408],0.196
410,[-0.9627, 0.1202, 0.0095, 0.0715],[-4.0896,-4.8818,-2.6848,-3.8246,-4.6729],[-0.9629, 0.0745, 0.05  , 0.0777],0.2398
411,[-0.9619, 0.0715, 0.112 , 0.076 ],[ 0.2518,-0.7903, 0.6306, 0.975 ,-0.3712],[-0.9605, 0.0116, 0.1633, 0.0905],0.2289
412,[-0.9741, 0.09  ,-0.1467, 0.0968],[-2.6911,-2.1281,-3.7667,-1.9761,-4.3138],[-0.9728, 0.1117,-0.162 , 0.1102],0.1482
414,[-0.9609, 0.0992,-0.2034, 0.0581],[-0.2204, 2.0022,-2.1295, 0.4732,-1.8416],[-0.9586, 0.1266,-0.2276, 0.0715],0.1637
420,[-9.6454e-01,-1.0979e-01, 2.4518e-04, 6.9943e-02],[-5.2074,-3.938 ,-5.6264,-4.3596,-5.6969],[-0.9647,-0.0693,-0.039 , 0.0836],0.2365
421,[-0.9737,-0.1151, 0.1009, 0.0463],[-4.4447,-5.9944,-4.416 ,-4.554 ,-6.6233],[-0.9736,-0.1051, 0.0913, 0.0615],0.1745
422,[-0.9595,-0.0796,-0.0842, 0.0776],[-0.5913, 0.3781,-2.4229,-0.7314,-1.8869],[-0.9585,-0.0274,-0.1321, 0.0775],0.2423
423,[-0.9596,-0.1209, 0.2007, 0.0678],[-0.9253,-2.3465,-0.4819,-0.5436,-2.4191],[-0.9576,-0.1408, 0.2161, 0.0819],0.1656
425,[-0.9612,-0.154 , 0.3066, 0.0156],[ 1.6191,-0.4674, 3.08  , 0.046 , 0.5086],[-0.9566,-0.189 , 0.3391, 0.0305],0.0995
430,[-0.9591, 0.1988,-0.0333, 0.0509],[-0.1092,-1.0194, 2.4821, 0.3052,-0.8393],[-0.9609, 0.145 , 0.0162, 0.0456],0.2282
432,[-0.9642, 0.2289,-0.1011, 0.0647],[-3.0889,-3.4876,-1.9409,-2.9902,-3.764 ],[-0.9662, 0.1847,-0.0604, 0.0797],0.1812
434,[-0.9583, 0.2505,-0.267 , 0.0676],[-0.3792, 0.4222,-1.7749, 1.2129,-2.3771],[-0.9577, 0.2517,-0.2652, 0.0824],0.1008
440,[-0.96  ,-0.1946, 0.0208, 0.0887],[-0.5639, 0.2353,-1.9926,-1.0102,-1.6224],[-0.9615,-0.138 ,-0.0299, 0.084 ],0.2279
441,[-0.9582,-0.2298, 0.0983, 0.0793],[-5.073 ,-3.6037,-5.3511,-4.7989,-5.4645],[-0.9603,-0.1894, 0.059 , 0.0936],0.2002
443,[-0.9562,-0.1706, 0.2245, 0.1156],[-1.9187,-2.7691,-0.7255,-1.1819,-3.9902],[-0.9546,-0.1799, 0.227 , 0.13  ],0.1554
445,[-0.9566,-0.189 , 0.3391, 0.0305],[ 0.1177,-0.2854, 4.7564, 0.578 ,-0.3335],[-0.9516,-0.2163, 0.3631, 0.0446],0.0931
454,[-0.9589, 0.312 ,-0.207 , 0.0309],[-2.4985,-3.4645,-2.6995,-2.4906,-3.2181],[-0.9619, 0.2848,-0.1801, 0.0461],0.1086
500,[-0.9623, 0.0456, 0.0404,-0.0078],[ 1.4144, 0.1417, 0.851 , 4.0079,-1.9461],[-0.9622, 0.0144, 0.07  ,-0.0152],0.2586
501,[-0.9608, 0.005 , 0.115 ,-0.0147],[-2.4597,-3.2404,-0.8825,-2.3401,-3.5883],[-0.9596,-0.0362, 0.1553,-0.0126],0.2259
502,[-0.9607,-0.0111,-0.1178,-0.0101],[-2.3119, 0.96  ,-2.6192,-0.8966,-3.0798],[-0.9595, 0.0319,-0.1585,-0.0099],0.2258
503,[-0.9628,-0.0372, 0.1862,-0.014 ],[-0.6444,-0.7416, 0.4461, 2.4549,-0.7828],[-0.9602,-0.0859, 0.2322,-0.013 ],0.1732
510,[-0.9608, 0.0981, 0.0053, 0.    ],[-1.3499,-2.4226, 0.8375,-1.055 ,-2.4042],[-0.9612, 0.0617, 0.0414,-0.0026],0.2549
511,[-0.9609, 0.0723, 0.0734,-0.0049],[-0.7251,-0.7266, 2.3576,-0.2119,-0.523 ],[-0.9604, 0.0214, 0.123 ,-0.0096],0.2414
512,[-0.9576, 0.089 ,-0.1531, 0.    ],[ 1.5032, 0.8071,-0.6453, 5.0681,-1.8538],[-0.9566, 0.1082,-0.1723,-0.0156],0.2004
514,[-0.9604, 0.1019,-0.1992,-0.0256],[-0.0609, 2.1539,-1.321 , 2.291 ,-1.4322],[-0.9584, 0.1302,-0.2235,-0.0104],0.1643
520,[-0.9614,-0.1142,-0.018 ,-0.0031],[-1.6471, 1.6047,-2.3737,-0.8616,-2.6321],[-0.9619,-0.067 ,-0.0644,-0.0092],0.2413
521,[-0.9744,-0.1515, 0.1344, 0.    ],[ 0.4322,-1.4822, 0.9587, 2.4259,-1.951 ],[-0.9746,-0.1429, 0.1258, 0.0078],0.1442
522,[-0.9605,-0.1269,-0.0705,-0.0231],[-1.2576, 1.6304,-1.0996,-0.8569,-0.9802],[-0.9604,-0.0597,-0.1349,-0.0073],0.2212
523,[-0.9606,-0.102 , 0.2535,-0.0312],[-0.5379,-1.8682, 0.3321, 0.0462,-1.7134],[-0.9569,-0.1428, 0.2899,-0.0156],0.1373
532,[-0.9574, 0.2621,-0.0924, 0.    ],[-2.6211,-2.8676,-1.6667,-1.7852,-2.8311],[-0.9607, 0.2117,-0.0429, 0.0156],0.1962
534,[-0.9617, 0.2353,-0.2577, 0.    ],[-0.9938,-1.1335,-2.4573, 1.1847,-2.9675],[-0.961 , 0.2406,-0.2629, 0.0156],0.0961
540,[-9.5968e-01,-2.0164e-01, 2.6950e-02,-2.9394e-06],[-0.5213,-0.4828,-1.7549, 0.7804,-1.5333],[-0.9617,-0.1441,-0.029 ,-0.0104],0.2252
541,[-0.9648,-0.2231, 0.116 ,-0.0083],[-3.8293,-3.2092,-4.7418,-3.2459,-5.143 ],[-9.6689e-01,-1.8497e-01, 7.8481e-02, 9.3950e-04],0.1723
543,[-0.9705,-0.2617, 0.1815,-0.0446],[-2.7348,-4.0871,-3.3026,-2.0666,-4.2606],[-0.9727,-0.2316, 0.1523,-0.0287],0.1073
561,[-0.9558,-0.2822, 0.1578, 0.    ],[-1.5846,-0.0962,-1.3093,-0.2831,-1.9672],[-0.959 ,-0.2498, 0.1254, 0.    ],0.1537
563,[-0.9653,-0.3084, 0.2283,-0.0154],[-4.7842,-4.284 ,-4.9463,-4.4139,-5.5394],[-0.9679,-0.2861, 0.2059,-0.0302],0.0802
1100,[-0.9455,-0.0114,-0.0137, 0.384 ],[ 3.2158, 0.8164, 1.6459, 1.0809,71.4854],[-0.9439,-0.0067,-0.016 , 0.3706],0.3544
1134,[-0.9318, 0.1794,-0.2177, 0.3793],[ 1.2958, 3.0535,-0.0817, 0.4162,15.1112],[-0.9296, 0.1805,-0.2171, 0.3765],0.2468
1200,[-0.9338,-0.0043, 0.0156, 0.2936],[1.0286e+00,1.1278e+00,7.9595e-01,2.2302e-02,3.6122e+01],[-0.9326,-0.0067, 0.0172, 0.2824],0.3944
1201,[-0.9317,-0.0137, 0.0799, 0.3163],[-0.6278,-2.4806, 0.3645,-1.6577, 0.1203],[-0.9301,-0.0238, 0.0801, 0.3142],0.3781
1210,[-0.9283, 0.1041,-0.0168, 0.2828],[ 0.1451,-0.4568,15.2028,-0.2374, 1.9436],[-0.9277, 0.0882,-0.0091, 0.2783],0.3857
1212,[-0.923 , 0.1564,-0.1021, 0.2973],[ 2.5025, 6.0597,-0.335 , 0.6459, 6.4693],[-0.9228, 0.1441,-0.08  , 0.2894],0.3552
1214,[-0.9451, 0.1496,-0.222 , 0.2905],[ 0.0557,20.7366,-0.2934, 1.0482, 0.1114],[-0.9425, 0.1582,-0.223 , 0.302 ],0.2077
1220,[-0.9263,-0.1029, 0.0174, 0.2865],[ 0.0925,25.2199,-1.0083,-0.3763, 1.0722],[-0.9256,-0.0877, 0.0064, 0.2857],0.4003
1221,[-0.9257,-0.1391, 0.1051, 0.2752],[ 1.7319,-0.6801,35.9353,-0.1711, 2.9376],[-0.9251,-0.1308, 0.093 , 0.2726],0.3434
1223,[-0.9142,-0.1538, 0.1843, 0.2578],[ 2.0566,-0.511 ,13.769 ,-0.1807, 1.054 ],[-0.9128,-0.1541, 0.1717, 0.2638],0.3258
1232,[-0.923 , 0.1922,-0.1262, 0.2808],[ 3.2281, 0.1704, 1.6285,-0.0223,16.3183],[-0.9233, 0.1778,-0.1006, 0.2776],0.3245
1234,[-0.9246, 0.1992,-0.2082, 0.3028],[2.2666e+00,5.2018e+01,2.4143e-02,1.2142e+00,1.8370e+00],[-0.9235, 0.196 ,-0.1955, 0.3077],0.2696
1236,[-0.9329, 0.1904,-0.2789, 0.2868],[-0.3634,34.3291,-0.0535,-0.4762, 1.2557],[-0.9297, 0.1978,-0.278 , 0.2965],0.21
1241,[-0.9291,-0.1859, 0.126 , 0.2627],[-0.6408, 0.5132,-2.4463,-1.9128, 0.2353],[-0.9292,-0.1723, 0.1052, 0.2697],0.3051
1243,[-0.9264,-0.2065, 0.2303, 0.2586],[ 0.5596,-0.1127,19.0418, 0.2764, 2.9085],[-0.9251,-0.2048, 0.2218, 0.2583],0.2353
1245,[-0.9351,-0.2231, 0.3029, 0.2626],[ 0.6622,-0.755 , 2.5767, 0.4573, 7.685 ],[-0.9321,-0.2294, 0.3028, 0.2594],0.1759
1254,[-0.9216, 0.2787,-0.1709, 0.2515],[ 1.0219,-0.1561, 0.5531, 2.4527, 0.4233],[-0.9232, 0.2638,-0.1723, 0.264 ],0.2527
1300,[-0.9158,-0.0019, 0.0009, 0.1359],[5.6116e-01,2.3107e+00,1.1795e+00,1.2022e-03,1.2749e+03],[-9.1528e-01,-1.7224e-03, 3.6235e-04, 1.3150e-01],0.4449
1301,[-0.9168,-0.0457, 0.0655, 0.1407],[  1.2946, -1.0436,100.2092, -0.6299,  6.3646],[-0.916 ,-0.0483, 0.066 , 0.1445],0.4235
1302,[-0.9164, 0.0467,-0.065 , 0.1388],[ 1.2882e+00, 1.9832e+02,-1.5483e+00, 9.7262e-02, 3.4830e+00],[-0.9157, 0.0489,-0.0653, 0.1428],0.4243
1303,[-0.9319,-0.0239, 0.1978, 0.158 ],[-1.4506,-2.6075, 0.496 ,-2.5833, 2.367 ],[-0.9287,-0.0525, 0.2178, 0.163 ],0.3077
1304,[-0.936 , 0.0424,-0.197 , 0.1539],[-5.5434,-5.8228,-7.0895,-6.2834,-5.8431],[-0.9328, 0.0696,-0.2197, 0.1503],0.2853
1310,[-0.9175, 0.0689,-0.0387, 0.1454],[-1.008 ,-2.1819,89.4291,-1.3774,-0.7355],[-0.9171, 0.0638,-0.0371, 0.15  ],0.4257
1311,[-0.9325, 0.0857, 0.081 , 0.1558],[-4.1371,-5.7852,-3.5525,-4.4224,-4.2674],[-0.9316, 0.0533, 0.1047, 0.1605],0.3515
1312,[-0.9168, 0.0745,-0.083 , 0.1435],[  0.4349,  2.4551, -0.2239,  0.6453,201.24  ],[-0.9162, 0.0748,-0.0804, 0.1391],0.4027
1314,[-0.9293, 0.1285,-0.2056, 0.1563],[ 3.6648,42.8791,-0.4959, 2.538 ,-0.1113],[-0.9272, 0.1387,-0.2076, 0.1629],0.2776
1316,[-0.9166, 0.1456,-0.2937, 0.1898],[-2.3994,-1.9383,-3.2441,-2.7768,-2.6459],[-0.9121, 0.1604,-0.3029, 0.2029],0.2498
1320,[-0.9163,-0.0643, 0.0438, 0.136 ],[-9.8451,-8.3578,-9.5356,-8.9617,39.9098],[-0.9158,-0.0607, 0.0413, 0.1347],0.4291
1321,[-0.9166,-0.0766, 0.0793, 0.1391],[  2.2945,  0.4383,  4.6044,  0.9702,183.3342],[-0.916 ,-0.0759, 0.0755, 0.1358],0.405
1322,[-0.9302,-0.0862,-0.0783, 0.1648],[-10.0503,-10.5115,-11.3807,-10.5407,-10.563 ],[-0.9293,-0.0554,-0.1029, 0.1617],0.3609
1323,[-0.9237,-0.1279, 0.1995, 0.1602],[-2.0726e-02,-6.8216e-01, 3.6411e+01, 2.8601e-02, 8.6842e-01],[-0.9218,-0.1364, 0.1998, 0.1653],0.3005
1325,[-0.928 ,-0.1571, 0.2836, 0.1574],[ 2.5036,-2.2362, 0.3964,-0.6848, 3.6134],[-0.9243,-0.1713, 0.2861, 0.1689],0.2392
1330,[-0.9331, 0.2001,-0.0107, 0.1621],[-3.2053,-4.6615,-1.9683,-4.3933,-4.0273],[-0.9345, 0.1629, 0.0192, 0.1681],0.3209
1332,[-0.9247, 0.1979,-0.1221, 0.1844],[-8.2312,-8.6592,-9.3601,-8.5871,-8.7523],[-0.9255, 0.1827,-0.1007, 0.1891],0.314
1334,[-0.924 , 0.215 ,-0.2213, 0.1796],[ 5.6845,61.1816,-0.7674, 2.4704, 1.7602],[-0.9234, 0.2123,-0.2086, 0.1888],0.2553
1336,[-0.9248, 0.2219,-0.2962, 0.1708],[ 3.5068e-01, 8.0591e+01,-3.9228e-01,-4.6365e-02, 6.7066e-01],[-0.9223, 0.2278,-0.2928, 0.1793],0.2096
1338,[-0.9124, 0.2388,-0.3906, 0.1299],[-0.782 , 7.4322,-0.2382, 0.4152, 0.8371],[-0.9071, 0.2484,-0.3878, 0.1423],0.1538
1340,[-0.9242,-0.1941, 0.0269, 0.1597],[ -9.7449, -8.1327,-10.5342, -9.9236, -8.9955],[-0.9256,-0.1649, 0.0013, 0.1642],0.3608
1341,[-0.9247,-0.1998, 0.124 , 0.177 ],[-27.2633,-26.8356,-27.6033,-26.747 ,-27.2956],[-0.9255,-0.1859, 0.11  , 0.1819],0.3102
1343,[-0.9236,-0.211 , 0.2128, 0.1707],[-0.1071,-0.7564,13.7839, 2.5338, 1.1946],[-0.9231,-0.2079, 0.2006, 0.1803],0.2624
1345,[-0.9218,-0.2224, 0.2917, 0.1633],[ 2.2176,-0.3736,47.859 , 0.2615, 1.4146],[-0.9195,-0.2275, 0.2862, 0.1697],0.2206
1350,[-0.9446, 0.2803,-0.0524, 0.1392],[-1.7119,-2.4656,-0.9278,-1.1769,-1.1758],[-0.9481, 0.2303,-0.0127, 0.1516],0.2467
1352,[-0.9278, 0.3062,-0.1221, 0.1681],[-4.1345,-4.4946,-2.6483,-3.686 ,-3.4995],[-0.9316, 0.2762,-0.0959, 0.1777],0.2517
1354,[-0.9222, 0.3109,-0.2358, 0.1843],[-6.0064,-6.1734,-6.262 ,-5.6541,-6.4436],[-0.9241, 0.2987,-0.218 , 0.1916],0.2106
1356,[-0.9191, 0.3216,-0.3204, 0.1569],[ 1.0697,20.5777, 0.3878, 0.9684, 0.4109],[-0.919 , 0.3181,-0.3083, 0.1683],0.1683
1361,[-0.9231,-0.2914, 0.1354, 0.1551],[-8.7235,-8.08  ,-9.8575,-9.0148,-9.1827],[-0.9263,-0.2681, 0.1185, 0.1669],0.265
1363,[-0.9257,-0.3027, 0.2319, 0.1586],[-8.9292,-8.785 ,-9.1681,-8.0205,-9.595 ],[-0.9276,-0.2902, 0.2125, 0.1693],0.2055
1365,[-0.9201,-0.3472, 0.3285, 0.178 ],[ 0.9397, 0.031 ,13.3674, 1.5317, 0.0608],[-0.9208,-0.3416, 0.3117, 0.1866],0.156
1367,[-0.9203,-0.353 , 0.4064, 0.1399],[ 1.3856,-0.5822,13.3204,-0.1996, 0.9487],[-0.9183,-0.3536, 0.3986, 0.149 ],0.1098
1374,[-0.9148, 0.3981,-0.2289, 0.1684],[-1.719 ,-2.8996,-1.1771,-1.6207,-2.1958],[-0.92  , 0.3804,-0.2155, 0.1811],0.1866
1395,[-0.9461,-0.5212, 0.3554, 0.1406],[-3.3211,-1.7633,-3.9896,-2.2165,-3.4989],[-0.9527,-0.5079, 0.346 , 0.1454],-0.0241
1400,[-0.9162, 0.0024,-0.0033, 0.0677],[2.5344e+00,1.5977e+03,1.5869e+03,4.7219e-01,2.7864e+00],[-0.9159, 0.0026,-0.0039, 0.0713],0.4472
1401,[-0.9161,-0.0404, 0.0669, 0.0596],[9.2290e-01,3.5030e-02,7.9691e+02,3.0229e-01,6.0888e-01],[-0.9157,-0.0442, 0.0681, 0.0641],0.4257
1402,[-0.9161, 0.0429,-0.0656, 0.0658],[ 1.9039e-01, 8.2437e+02,-4.9352e-01,-5.0012e-01, 2.1630e+00],[-0.9156, 0.0461,-0.0669, 0.0695],0.4268
1403,[-0.9305,-0.0254, 0.1885, 0.0583],[-2.3746,-3.2199, 0.4811,-0.7396,-2.3672],[-0.9278,-0.0535, 0.2105, 0.0607],0.3149
1404,[-0.932 , 0.0315,-0.1899, 0.0557],[-6.6949,-6.1322,-8.0341,-7.1458,-6.99  ],[-0.9294, 0.0595,-0.2114, 0.0575],0.304
1410,[-0.9161, 0.0637,-0.045 , 0.0502],[1.1637e+00,3.5864e-01,1.7974e+03,8.8815e-02,6.4157e+00],[-0.9159, 0.0609,-0.0449, 0.0583],0.4315
1411,[-0.9279, 0.0884, 0.0855, 0.0595],[-5.1875,-7.6015,-5.7194,-5.3555,-6.7019],[-0.9274, 0.0562, 0.1118, 0.0649],0.3619
1412,[-0.9159, 0.0695,-0.0731, 0.0511],[ 2.6292e+00, 2.2202e+03,-2.2293e-01, 1.3360e+00, 2.1852e+00],[-0.9156, 0.0694,-0.0704, 0.0598],0.4149
1414,[-0.9249, 0.1247,-0.1972, 0.0569],[ 1.8165e+00, 2.3331e+02,-3.3138e-01,-3.1066e-03, 1.0111e+00],[-0.9233, 0.1352,-0.2016, 0.0646],0.2932
1416,[-0.9285, 0.1453,-0.2967, 0.0543],[-0.7359,-0.4786,-3.3187,-0.8257,-2.0361],[-0.9242, 0.1655,-0.3095, 0.0576],0.2265
1420,[-0.9165,-0.0637, 0.045 , 0.0647],[ 1.0553e+00, 1.3855e+03,-4.9877e-04, 3.8761e-01, 6.0724e-01],[-0.9163,-0.0608, 0.0446, 0.0727],0.4316
1421,[-0.9162,-0.0702, 0.0745, 0.0568],[1.1548e+00,1.3361e+00,2.9308e+03,1.2523e+00,2.6643e+00],[-0.9159,-0.0702, 0.072 , 0.067 ],0.4141
1422,[-0.9294,-0.0875,-0.0842, 0.0551],[-12.3166,-13.0663,-13.6915,-12.8166,-12.2409],[-0.9289,-0.055 ,-0.11  , 0.0529],0.3561
1423,[-0.924 ,-0.1253, 0.1953, 0.0606],[ 5.3345e-01,-1.6694e-01, 1.8337e+02, 1.3163e+00, 1.3178e+00],[-0.9224,-0.135 , 0.1995, 0.069 ],0.2982
1425,[-0.9238,-0.1454, 0.2848, 0.0813],[-0.8791,-1.8168, 6.8333, 0.1891, 0.4905],[-0.9201,-0.1621, 0.2909, 0.0851],0.2401
1430,[-0.9258, 0.2019,-0.0209, 0.0465],[-7.0924,-8.4635,-5.5852,-7.2048,-7.7432],[-0.9279, 0.1698, 0.0069, 0.0515],0.3491
1431,[-0.9149, 0.1724, 0.0762, 0.0176],[-0.6114,-2.6215, 1.4134,-1.1758,-0.9463],[-0.9159, 0.1341, 0.1068, 0.0325],0.3782
1432,[-0.9236, 0.2078,-0.1125, 0.0513],[-14.0596,-14.4526,-14.221 ,-13.5342,-14.4787],[-0.9253, 0.1915,-0.0951, 0.057 ],0.315
1434,[-0.9222, 0.2204,-0.2128, 0.0615],[ 1.8534, 6.6227,-1.0017,74.9711, 0.4283],[-0.9223, 0.2179,-0.2052, 0.0726],0.2579
1436,[-0.9244, 0.2333,-0.3166, 0.056 ],[  7.142 ,106.7319, -0.7078,  0.7009,  1.2064],[-0.9217, 0.2415,-0.3191, 0.0685],0.1888
1438,[-0.918 , 0.2268,-0.3905, 0.1168],[16.3402, 0.2102,-0.4528, 0.1503,-0.7808],[-0.9124, 0.2388,-0.3906, 0.1299],0.1745
1440,[-0.9249,-0.2015, 0.0251, 0.0631],[-14.3174,-13.7915,-15.4182,-14.61  ,-15.5636],[-9.2694e-01,-1.7069e-01,-1.9056e-04, 6.4405e-02],0.3523
1441,[-0.9222,-0.2092, 0.1119, 0.0633],[-26.5039,-25.9083,-26.7236,-26.016 ,-26.9316],[-0.9238,-0.193 , 0.0959, 0.0667],0.3196
1443,[-0.9224,-0.2162, 0.2138, 0.0627],[ 8.9985e-01,-1.2372e-02, 2.5928e+00, 2.3791e+01, 1.1877e+00],[-0.9223,-0.2145, 0.2081, 0.0767],0.2587
1445,[-0.9263,-0.2254, 0.3056, 0.0733],[ 1.2702e+00,-3.4755e-01, 4.6710e+01,-4.3843e-03, 8.8556e-01],[-0.9238,-0.2336, 0.306 , 0.0842],0.1939
1447,[-0.9389,-0.2614, 0.3966, 0.0767],[15.7165,-0.5303, 1.8813, 1.6611, 1.684 ],[-0.934 ,-0.2737, 0.4029, 0.0885],0.1036
1450,[-0.9249, 0.2986,-0.0525, 0.0807],[-1.5019,-2.3882,-0.5642,-0.1234,-1.6469],[-0.9294, 0.2584,-0.0183, 0.093 ],0.3048
1452,[-0.9248, 0.3095,-0.1219, 0.0424],[-6.0333,-7.413 ,-5.5029,-5.8635,-6.5719],[-0.9293, 0.2808,-0.0963, 0.0484],0.2578
1454,[-0.9192, 0.313 ,-0.2167, 0.0432],[-8.1366,-8.4729,-8.3306,-8.0979,-8.702 ],[-0.922 , 0.3005,-0.2041, 0.0472],0.2221
1456,[-0.9216, 0.3043,-0.3264, 0.0706],[ 2.0147, 5.1122,-0.5936, 5.6604, 0.0098],[-0.9207, 0.3048,-0.3235, 0.0848],0.1659
1458,[-0.9264, 0.3445,-0.3953, 0.067 ],[ 0.2392,45.4304,-0.3176, 0.8648, 0.3447],[-0.9244, 0.3467,-0.3944, 0.08  ],0.1024
1460,[-0.9214,-0.2968, 0.0476, 0.0886],[-2.4782,-0.8021,-2.8786,-2.257 ,-2.2386],[-0.926 ,-0.2587, 0.0167, 0.0742],0.3186
1461,[-0.9246,-0.3099, 0.127 , 0.0598],[-12.9473,-11.9547,-13.8123,-12.3791,-13.3811],[-0.9289,-0.2819, 0.1021, 0.0693],0.2566
1463,[-0.9234,-0.3196, 0.2103, 0.0588],[-13.2654,-13.8107,-13.8301,-13.1364,-14.2429],[-0.9266,-0.304 , 0.1933, 0.0668],0.2112
1465,[-0.9215,-0.3099, 0.3136, 0.066 ],[ 0.8705,-1.1563, 3.4348, 3.0616,-1.0189],[-0.9213,-0.3086, 0.309 , 0.0807],0.1667
1467,[-0.9338,-0.351 , 0.4255, 0.0796],[ 1.7722,-0.3083,25.7228, 1.371 , 0.3571],[-0.9308,-0.3544, 0.425 , 0.0917],0.0664
1472,[-0.9179, 0.4044,-0.1531, 0.0724],[-1.3223,-2.0875, 0.8258,-1.2067,-1.698 ],[-0.9254, 0.3751,-0.1289, 0.0859],0.2125
1474,[-0.9116, 0.4078,-0.2136, 0.0079],[-1.718 ,-3.6649,-1.7333,-1.5547,-3.0902],[-0.9182, 0.3893,-0.1968, 0.0234],0.1976
1483,[-0.9245,-0.4136, 0.2195, 0.0441],[-5.8646,-5.0721,-6.351 ,-5.3979,-5.9545],[-0.931 ,-0.3917, 0.1994, 0.0584],0.1522
1485,[-0.9186,-0.4076, 0.3014, 0.0395],[-6.101 ,-6.3299,-5.4673,-5.8659,-7.1186],[-0.9226,-0.3984, 0.2912, 0.0502],0.132
1495,[-0.9258,-0.5458, 0.3736, 0.1103],[-7.3199,-4.736 ,-5.7922,-4.8776,-7.1093],[-0.9329,-0.5387, 0.368 , 0.1249],0.0014
1500,[-0.9162, 0.0018,-0.0012,-0.0537],[2.7225e+00,4.8578e+00,8.6221e+00,8.1903e+02,4.6794e-01],[-0.9164, 0.0017,-0.0009,-0.0424],0.4491
1501,[-0.9147,-0.0334, 0.0708,-0.0552],[-137.6121,-139.9497,-110.4137,-139.6587,-138.5843],[-0.9147,-0.0392, 0.0736,-0.0491],0.427
1502,[-0.9151, 0.0344,-0.0728,-0.0527],[-291.7686,-290.8219,-293.238 ,-291.5081,-291.739 ],[-0.9151, 0.0404,-0.0761,-0.0479],0.4252
1503,[-0.922 ,-0.0301, 0.186 ,-0.0371],[-3.3355,-4.323 ,-2.452 ,-2.6386,-2.8094],[-0.9198,-0.0549, 0.2033,-0.0365],0.3379
1504,[-0.9268, 0.0289,-0.1861,-0.0427],[-10.6933,-10.3586,-11.965 ,-10.7032,-10.9206],[-0.9246, 0.0557,-0.2052,-0.0447],0.3259
1510,[-0.9162, 0.065 ,-0.0439,-0.0596],[ 3.3519e-01,-1.8145e-01, 1.7902e+03, 4.8999e+00, 1.4215e-01],[-0.9165, 0.0621,-0.0435,-0.0526],0.4323
1511,[-0.9227, 0.0776, 0.0758,-0.0411],[-7.2247,-7.2311,-6.175 ,-6.9089,-7.3243],[-0.9227, 0.0505, 0.0977,-0.0427],0.3875
1512,[-0.9157, 0.0737,-0.079 ,-0.0635],[2.0829e+00,1.3760e+01,3.8724e-01,5.3985e+02,2.6818e-01],[-0.9158, 0.0743,-0.0765,-0.0539],0.4111
1514,[-0.9196, 0.1306,-0.1896,-0.0485],[  0.9931,187.074 , -1.1393,  0.7305,  0.7116],[-0.9186, 0.1394,-0.1944,-0.0412],0.3099
1516,[-0.9237, 0.146 ,-0.2872,-0.0741],[-1.4219,-1.3417,-3.4617,-0.1353,-1.612 ],[-0.9202, 0.1652,-0.297 ,-0.0659],0.2333
1520,[-0.9166,-0.0658, 0.0422,-0.062 ],[ 1.1417e+00, 1.8755e+03,-5.8881e-01, 1.1235e+00, 3.9127e-01],[-0.9169,-0.0625, 0.042 ,-0.0519],0.4335
1521,[-0.9157,-0.0717, 0.078 ,-0.0603],[1.8580e+00,5.9629e-02,3.7984e+00,7.5412e+02,1.3309e+00],[-0.9158,-0.0725, 0.0764,-0.0464],0.4132
1522,[-0.9231,-0.0786,-0.0749,-0.0423],[-15.8171,-14.4637,-15.7828,-14.4007,-14.8235],[-0.9231,-0.051 ,-0.0977,-0.0476],0.3877
1523,[-0.9221,-0.1253, 0.1959,-0.043 ],[ 0.68  ,-0.9606,77.4699, 1.9118,-0.1094],[-0.9208,-0.1361, 0.2013,-0.0366],0.3026
1525,[-0.9407,-0.156 , 0.2894,-0.0547],[-0.9834,-2.3155, 1.1397, 0.6447, 0.2127],[-0.9371,-0.1789, 0.3066,-0.0539],0.1803
1530,[-0.9204, 0.1903,-0.0306,-0.045 ],[-7.6125,-8.0557,-6.4933,-7.3909,-7.6794],[-0.9226, 0.1637,-0.0064,-0.0439],0.3745
1532,[-0.9221, 0.2066,-0.1177,-0.0299],[-24.1393,-23.9837,-24.6682,-23.258 ,-24.0164],[-0.924 , 0.1922,-0.1017,-0.0278],0.3166
1534,[-0.9203, 0.2091,-0.2144,-0.0266],[ 2.5237,53.0859,-0.7796, 5.484 , 0.1404],[-0.9204, 0.2093,-0.2098,-0.0233],0.2674
1536,[-0.9279, 0.2213,-0.301 ,-0.0186],[ 0.9878, 0.7629,-1.0693,89.478 ,-0.2992],[-0.9255, 0.2313,-0.3064,-0.0096],0.1941
1540,[-0.9226,-0.1949, 0.0271,-0.038 ],[-14.5806,-14.195 ,-14.5018,-14.3647,-15.0417],[-9.2493e-01,-1.6565e-01, 6.0662e-04,-3.9388e-02],0.3643
1541,[-0.9228,-0.2034, 0.1125,-0.0259],[-33.1269,-33.7154,-33.052 ,-32.4361,-33.3591],[-0.9247,-0.1883, 0.0962,-0.0253],0.3187
1543,[-0.9206,-0.2034, 0.2152,-0.0298],[ 1.5967,-0.6585,24.7074, 8.1277, 0.4118],[-0.9205,-0.2047, 0.2115,-0.0245],0.2669
1545,[-0.9225,-0.2263, 0.3087,-0.0323],[ 1.9882e-01,-3.7307e-01, 5.2244e+01, 1.4629e+00, 2.4673e-02],[-0.9202,-0.236 , 0.3119,-0.0307],0.2028
1550,[-0.9325, 0.2861,-0.0364,-0.0305],[-1.102 ,-2.1982,-1.241 ,-1.6479,-1.4783],[-0.9371, 0.2403, 0.004 ,-0.0147],0.2884
1552,[-0.9226, 0.3163,-0.1295,-0.0106],[-4.7892,-5.8421,-5.0241,-5.55  ,-6.094 ],[-0.9275, 0.2893,-0.1044,-0.0081],0.2574
1554,[-0.9216, 0.3115,-0.2068,-0.0111],[-6.9374,-7.1442,-7.2586,-6.8717,-7.4566],[-0.9248, 0.298 ,-0.193 ,-0.0091],0.2204
1556,[-0.9247, 0.3129,-0.3313,-0.001 ],[ 0.2356, 1.0661,-2.0529, 0.8309,-2.3935],[-0.9239, 0.3145,-0.3328, 0.0049],0.1497
1558,[-0.923 , 0.3459,-0.3911, 0.    ],[ 0.5656,60.3188,-0.1334, 0.5567, 0.761 ],[-0.9212, 0.3488,-0.3931, 0.0156],0.1115
1560,[-0.953 ,-0.2901, 0.0493,-0.0157],[-2.5343,-1.7032,-3.5364,-1.8322,-1.918 ],[-9.5730e-01,-2.2484e-01,-1.2785e-02,-8.8181e-06],0.2152
1561,[-0.9266,-0.3197, 0.1273,-0.0291],[-10.3128, -9.6983,-10.9819,-10.4992,-10.6459],[-0.9318,-0.29  , 0.1   ,-0.031 ],0.2426
1563,[-0.924 ,-0.3149, 0.2019,-0.0011],[-13.5829,-14.2095,-13.7893,-13.4395,-14.4126],[-0.9274,-0.2996, 0.186 , 0.0044],0.2129
1565,[-0.9198,-0.3023, 0.3313,-0.0061],[ 0.0501,-2.3132, 2.0592, 1.6832,-1.845 ],[-9.1877e-01,-3.0458e-01, 3.3130e-01, 8.4244e-04],0.1627
1567,[-0.9493,-0.3546, 0.4197, 0.    ],[ 1.3518,-0.4481, 0.4231,24.7543, 0.7851],[-0.9466,-0.3601, 0.4251, 0.0156],0.0201
1572,[-0.9121, 0.3909,-0.1291, 0.    ],[-1.4384,-2.2166,-1.5752,-0.5366,-1.4043],[-0.9198, 0.3612,-0.1027, 0.    ],0.252
1574,[-0.9253, 0.4211,-0.2045, 0.    ],[-2.2459,-2.5075,-1.4058,-1.4766,-2.7063],[-0.9327, 0.3964,-0.1817, 0.0031],0.1524
1581,[-0.9176,-0.4032, 0.1583,-0.0647],[-1.8928,-1.4674,-3.1638,-2.2598,-2.4213],[-0.9255,-0.3759, 0.1353,-0.0587],0.2082
1583,[-0.9216,-0.4421, 0.2008,-0.0342],[-6.7195,-6.4785,-7.5915,-6.9297,-7.1964],[-0.9301,-0.417 , 0.1764,-0.0189],0.1535
1585,[-0.9224,-0.4158, 0.2985,-0.007 ],[-5.9416,-6.4754,-5.9502,-5.2591,-6.9538],[-0.9269,-0.4061, 0.2886,-0.0019],0.1165
1600,[-0.9163,-0.0028, 0.0011,-0.1682],[-691.8541,-692.3907,-693.049 ,-691.371 ,-693.3908],[-9.1697e-01,-2.5036e-03, 5.7909e-04,-1.6268e-01],0.4522
1601,[-0.9134,-0.0396, 0.072 ,-0.1672],[-89.1797,-90.8932,-88.6759,-88.8437,-89.9962],[-0.9139,-0.0451, 0.0754,-0.1678],0.4267
1602,[-0.9137, 0.0381,-0.0739,-0.1712],[-136.9999,-134.2223,-139.4948,-135.8164,-138.9324],[-0.9142, 0.0441,-0.0776,-0.1723],0.4254
1603,[-0.9218,-0.0423, 0.1777,-0.1376],[-2.5281,-3.6099,-2.2198,-2.3348,-2.893 ],[-0.9202,-0.0651, 0.1954,-0.1395],0.3385
1604,[-0.9164, 0.037 ,-0.1838,-0.1405],[-6.6309,-6.544 ,-7.8717,-7.0069,-7.2495],[-0.9147, 0.0597,-0.1997,-0.1374],0.3644
1610,[-0.9159, 0.0633,-0.0452,-0.1419],[-1.9577,-2.2152,-1.2464,29.7017,-2.2729],[-0.9167, 0.0605,-0.0418,-0.1344],0.4341
1611,[-0.9196, 0.0848, 0.0732,-0.1368],[-3.9726,-4.7878,-3.5761,-4.2908,-4.2048],[-0.9201, 0.0581, 0.0931,-0.1353],0.3998
1612,[-0.9154, 0.0709,-0.0859,-0.1653],[  0.8752, 92.8715, -5.6061,108.5533, -4.9339],[-0.9159, 0.0735,-0.0859,-0.1549],0.408
1614,[-0.9172, 0.1293,-0.1898,-0.1698],[-3.5157,-2.5918,-5.9855,-2.6296,-4.6058],[-0.9167, 0.139 ,-0.1946,-0.1612],0.3196
1620,[-0.9154,-0.0665, 0.0413,-0.1628],[-181.6499,-180.4914,-182.4739,-179.9235,-183.0475],[-0.9163,-0.0626, 0.0365,-0.1559],0.4376
1621,[-0.9147,-0.0749, 0.0831,-0.1699],[ 0.7645,-1.124 ,95.285 ,94.5307,-1.0795],[-0.9153,-0.0763, 0.0808,-0.1606],0.4103
1622,[-0.9198,-0.0718,-0.071 ,-0.1646],[ -9.56  , -8.5857,-10.1656,-10.1967, -9.5005],[-0.9204,-0.047 ,-0.0916,-0.1681],0.4081
1623,[-0.9209,-0.1291, 0.1863,-0.168 ],[ 1.3131,-1.2164,28.9045, 4.8298,-0.9042],[-0.9204,-0.1389, 0.1918,-0.1566],0.3102
1630,[-0.9258, 0.2312,-0.0297,-0.1629],[-1.8045,-2.8064,-1.4115,-1.4582,-2.025 ],[-0.9296, 0.1973,-0.0032,-0.1766],0.3313
1632,[-0.9142, 0.1857,-0.1339,-0.1583],[-16.0367,-15.833 ,-16.1898,-15.9022,-17.2947],[-0.9158, 0.1787,-0.1245,-0.1466],0.3407
1634,[-0.9172, 0.1848,-0.2178,-0.151 ],[-0.1261, 2.6711,-0.3064,14.335 ,-0.7729],[-0.917 , 0.1902,-0.2184,-0.138 ],0.2813
1636,[-0.9406, 0.1975,-0.2929,-0.1341],[ 0.5109,38.2236,-0.1889, 0.5134,-0.7524],[-0.9382, 0.2138,-0.3009,-0.1182],0.163
1640,[-0.9161,-0.1709, 0.0268,-0.1509],[-6.0192,-5.6333,-6.2628,-6.228 ,-6.6285],[-0.9184,-0.1489, 0.011 ,-0.1493],0.3968
1641,[-0.9163,-0.1837, 0.1216,-0.1709],[-25.2268,-25.5441,-24.7244,-25.4816,-26.4418],[-0.9183,-0.1737, 0.1022,-0.1596],0.3465
1643,[-0.9163,-0.1894, 0.2148,-0.158 ],[-5.0233,-8.8773,-4.4035,-4.1561,-8.4282],[-0.9163,-0.1933, 0.2117,-0.1547],0.281
1645,[-0.9222,-0.2368, 0.3443,-0.1348],[ 1.4255,-0.9244, 1.9158,30.4199,-0.2239],[-0.919 ,-0.2492, 0.3479,-0.1278],0.1851
1652,[-0.9161, 0.2932,-0.0784,-0.1436],[-1.9486,-2.3903,-1.218 ,-1.5819,-1.578 ],[-0.9214, 0.2639,-0.0552,-0.1521],0.3161
1700,[-0.9186,-0.0015,-0.0012,-0.2798],[-453.9627,-453.7189,-454.0664,-453.1712,-454.8187],[-0.9198,-0.0011,-0.0013,-0.2742],0.4483
1701,[-0.9171,-0.0432, 0.0712,-0.2797],[-94.3105,-94.9279,-93.6683,-93.4532,-94.4474],[-0.9181,-0.0487, 0.0751,-0.2763],0.4215
1702,[-0.9164, 0.039 ,-0.0784,-0.2734],[-74.5044,-73.9198,-75.5715,-73.6623,-75.4578],[-0.9172, 0.0463,-0.0836,-0.2713],0.4186
1710,[-0.9177, 0.0617,-0.0427,-0.2825],[-54.8629,-55.9822,-54.691 ,-54.281 ,-55.8545],[-0.919 , 0.0586,-0.0367,-0.271 ],0.4307
1712,[-0.917 , 0.0736,-0.0948,-0.275 ],[-208.2291,-207.8407,-209.5362,-207.97  ,-209.2939],[-0.9179, 0.0781,-0.0975,-0.2677],0.3972
1714,[-0.9157, 0.1164,-0.1801,-0.2643],[-2.0789,-0.2222,-3.7612,-0.7725,-3.928 ],[-0.9155, 0.1275,-0.1881,-0.248 ],0.3306
1720,[-0.9165,-0.0635, 0.0435,-0.282 ],[-76.2755,-76.08  ,-76.429 ,-75.2838,-77.3239],[-0.9178,-0.0607, 0.0402,-0.276 ],0.4335
1721,[-0.9169,-0.0746, 0.0892,-0.2747],[-302.2782,-302.283 ,-301.5472,-300.3708,-302.5557],[-0.9179,-0.0779, 0.0901,-0.2669],0.4007
1723,[-0.918 ,-0.1352, 0.1768,-0.2778],[-0.3173,-1.8709, 7.1522, 6.3956,-1.9224],[-0.9183,-0.143 , 0.1793,-0.2648],0.322
1734,[-0.9144, 0.1888,-0.2391,-0.2695],[-7.8541,-7.1412,-9.7496,-7.8871,-9.6916],[-0.9139, 0.198 ,-0.2473,-0.2653],0.2709
1743,[-0.9245,-0.1678, 0.1686,-0.2579],[-13.9321,-16.2109,-13.9556,-13.2837,-16.0777],[-0.9256,-0.1691, 0.1633,-0.2432],0.293
1800,[-0.9173,-0.0047, 0.0213,-0.3819],[-83.3058,-84.042 ,-83.7462,-82.957 ,-84.4897],[-0.9189,-0.0079, 0.0242,-0.3755],0.4561
1801,[-0.9198,-0.0304, 0.0794,-0.3876],[-24.8283,-25.6039,-23.3593,-24.2849,-26.1046],[-0.921 ,-0.0407, 0.0905,-0.3755],0.4034
1802,[-0.9179, 0.0554,-0.067 ,-0.376 ],[-12.6508,-12.6488,-13.4329,-12.1656,-13.8472],[-0.9194, 0.0578,-0.065 ,-0.3585],0.4206
1821,[-0.9135,-0.0613, 0.0735,-0.3826],[-65.5213,-67.4126,-65.659 ,-64.8991,-67.4325],[-0.915 ,-0.0649, 0.0782,-0.3721],0.4236
2200,[-0.8984, 0.0071,-0.0061, 0.262 ],[-141.2074,-140.749 ,-140.8784,-141.4732,-140.3297],[-0.8973, 0.0067,-0.0047, 0.2562],0.3846
2201,[-0.8958,-0.0258, 0.0775, 0.2657],[-38.7425,-39.1648,-38.6768,-39.3453,-38.2944],[-0.8942,-0.0321, 0.0882, 0.264 ],0.3451
2202,[-0.8913, 0.0339,-0.0655, 0.2684],[-36.6368,-35.8766,-37.1323,-37.3077,-36.1649],[-0.8899, 0.0367,-0.0652, 0.2679],0.335
2203,[-0.8928,-0.0474, 0.1722, 0.2733],[-1.6932,-2.7602,-0.2393,-2.2292,-0.9071],[-0.8902,-0.059 , 0.1688, 0.2594],0.2808
2210,[-0.9097, 0.0961,-0.0527, 0.2713],[-20.7553,-21.6581,-20.7305,-22.2709,-20.6505],[-0.9089, 0.09  ,-0.054 , 0.2585],0.3977
2212,[-0.9012, 0.087 ,-0.0947, 0.2519],[-35.0274,-34.6192,-35.4657,-35.5436,-33.9622],[-0.9002, 0.0864,-0.089 , 0.2376],0.3448
2220,[-0.9091,-0.1217, 0.0538, 0.2537],[-16.7288,-16.4403,-17.1829,-17.5344,-16.4287],[-0.9089,-0.1086, 0.0224, 0.2394],0.404
2221,[-0.8989,-0.1123, 0.1211, 0.2642],[-29.7656,-30.5749,-30.2003,-30.2282,-29.442 ],[-0.8978,-0.1114, 0.1161, 0.259 ],0.3113
2243,[-0.9063,-0.1856, 0.2372, 0.2654],[-0.3831,-1.911 , 0.7545,-1.1891, 0.9557],[-0.9042,-0.1886, 0.2359, 0.2513],0.2444
2300,[-0.9083, 0.0076,-0.0076, 0.1458],[-893.4469,-893.2862,-893.3926,-894.2247,-891.7356],[-0.9077, 0.0075,-0.0075, 0.1386],0.4233
2301,[-0.9083,-0.0479, 0.0669, 0.145 ],[-244.8489,-245.4573,-243.51  ,-245.385 ,-243.3473],[-0.9076,-0.05  , 0.0674, 0.1431],0.4045
2302,[-0.9082, 0.0484,-0.0665, 0.1442],[-265.4956,-264.5022,-266.2348,-265.909 ,-265.1007],[-0.9075, 0.0503,-0.0667, 0.1424],0.4042
2303,[-0.9089,-0.0393, 0.1778, 0.1358],[-4.4202,-5.4789,-3.2869,-4.9444,-4.3048],[-0.9064,-0.0565, 0.1881, 0.1485],0.3384
2310,[-0.909 , 0.0598,-0.0485, 0.1461],[-73.0966,-73.1404,-73.521 ,-74.1856,-72.5133],[-0.9085, 0.0577,-0.0459, 0.143 ],0.4152
2312,[-0.9065, 0.066 ,-0.0804, 0.1484],[-318.5893,-319.6823,-320.6403,-319.9142,-319.0822],[-0.9057, 0.0672,-0.0793, 0.1418],0.3825
2314,[-0.9023, 0.1318,-0.199 , 0.1448],[-15.8805,-15.2329,-17.1616,-17.138 ,-14.7785],[-0.9005, 0.1379,-0.1979, 0.1418],0.2722
2316,[-0.9075, 0.1627,-0.2839, 0.1412],[-2.2831,-1.8145,-4.2511,-3.4819,-2.6781],[-0.9039, 0.1735,-0.2867, 0.1561],0.2262
2320,[-0.909 ,-0.061 , 0.0465, 0.1423],[-62.1401,-61.5641,-62.4771,-62.7201,-61.5011],[-0.9085,-0.0584, 0.0426, 0.1372],0.4165
2321,[-0.9073,-0.0689, 0.0794, 0.1467],[-262.2385,-263.8301,-262.2679,-263.4531,-261.567 ],[-0.9066,-0.0694, 0.0773, 0.1405],0.3863
2322,[-0.9078,-0.1098,-0.0982, 0.1442],[-5.9037,-5.0266,-5.7902,-5.6205,-5.1428],[-0.9071,-0.081 ,-0.119 , 0.1395],0.3629
2323,[-0.9038,-0.1384, 0.2014, 0.158 ],[-14.9015,-16.393 ,-14.0387,-15.428 ,-14.4564],[-0.9019,-0.1439, 0.1994, 0.155 ],0.2744
2325,[-0.8905,-0.1606, 0.2973, 0.1333],[ 0.7207,-2.5284, 4.4542,-0.8875, 0.4251],[-0.8865,-0.1712, 0.2995, 0.1318],0.1612
2330,[-0.9087, 0.2619,-0.0359, 0.1628],[-6.0338,-7.2232,-5.4198,-6.4709,-5.4791],[-0.9119, 0.2317,-0.0146, 0.1746],0.3608
2332,[-0.9004, 0.2077,-0.146 , 0.1409],[-10.5839,-10.8873,-11.0149,-11.0466, -9.7261],[-0.9013, 0.199 ,-0.1336, 0.1305],0.277
2334,[-0.9006, 0.2228,-0.2205, 0.1496],[ 1.5143, 2.3738,-1.7293,-0.1139,48.3772],[-0.9005, 0.22  ,-0.2065, 0.1423],0.2304
2336,[-0.8975, 0.2291,-0.3122, 0.1517],[ 0.7708, 2.0522,-0.6507,-0.0424,25.5267],[-0.8947, 0.2339,-0.3065, 0.1453],0.1581
2340,[-0.9052,-0.2164, 0.0164, 0.1448],[-4.0851,-3.6826,-5.2708,-5.0579,-4.3701],[-0.9073,-0.1898,-0.0036, 0.1455],0.3566
2341,[-0.9033,-0.2201, 0.1287, 0.1416],[-5.5366,-5.3813,-6.3692,-5.8197,-5.1095],[-0.9048,-0.2077, 0.1162, 0.1371],0.2947
2343,[-0.9006,-0.2057, 0.2236, 0.1508],[ 0.5818,-0.5152, 2.382 , 0.5065,40.5068],[-0.8998,-0.2054, 0.2148, 0.1438],0.2306
2345,[-0.9075,-0.2152, 0.2827, 0.1542],[ 0.9499,-1.6623, 4.4605, 0.7547,19.4042],[-0.9054,-0.2196, 0.2771, 0.1543],0.2143
2352,[-0.9023, 0.3167,-0.1267, 0.1486],[-0.4373,-1.4847,10.4483,-1.009 ,-0.1036],[-0.9064, 0.2955,-0.1149, 0.144 ],0.2586
2354,[-0.8981, 0.3164,-0.2397, 0.1741],[ 0.9912, 3.948 , 1.3177, 0.4408,36.0866],[-0.9003, 0.3071,-0.2214, 0.1695],0.1823
2356,[-0.8993, 0.3117,-0.3157, 0.1637],[ 1.3309,40.1722,-0.5697, 0.3737, 1.3816],[-0.8991, 0.3095,-0.3039, 0.1735],0.139
2361,[-0.9036,-0.3098, 0.1265, 0.1381],[-1.4591, 0.9456,-2.9305,-1.6125,-1.2341],[-0.9077,-0.2887, 0.111 , 0.1441],0.2694
2363,[-0.895 ,-0.3104, 0.2275, 0.1312],[ 1.1686, 1.0477, 2.8185, 0.6919,17.6717],[-0.8973,-0.3012, 0.2147, 0.1312],0.1786
2365,[-0.9051,-0.3186, 0.3399, 0.1398],[ 0.9061,-0.6773, 2.5144, 0.7314,15.6535],[-0.9044,-0.3177, 0.3301, 0.133 ],0.1395
2367,[-0.9111,-0.31  , 0.3925, 0.1436],[ 0.9199,-0.6711,11.0955, 0.5039,-0.0378],[-0.9081,-0.3129, 0.3843, 0.1521],0.1275
2374,[-0.8976, 0.4182,-0.2424, 0.1472],[ 3.6485e-02,-1.4376e+00, 8.8306e+00,-6.1692e-02,-5.1508e-03],[-0.9034, 0.4041,-0.231 , 0.1599],0.1429
2376,[-0.8811, 0.4025,-0.341 , 0.1475],[1.29  ,6.2953,0.2239,1.4096,1.1106],[-0.8835, 0.3971,-0.3284, 0.1605],0.045
2400,[-0.9089, 0.0057,-0.0049, 0.0593],[1.4201e+00,6.4147e-01,2.4623e+00,1.0536e+00,2.9871e+03],[-0.9087, 0.0055,-0.0044, 0.0458],0.4327
2401,[-0.9087,-0.0417, 0.0688, 0.0578],[-67.0093,-67.2024,-64.1502,-67.2319,-66.4985],[-0.9083,-0.0453, 0.0703, 0.0502],0.4088
2402,[-0.9088, 0.042 ,-0.0685, 0.0596],[-43.1894,-39.8784,-44.3503,-43.6325,-41.2161],[-0.9084, 0.0455,-0.0695, 0.0527],0.4092
2403,[-0.8984,-0.0349, 0.1874, 0.0338],[-5.1417,-7.1448,-4.738 ,-5.7399,-4.9372],[-0.8962,-0.0529, 0.1953, 0.0235],0.2965
2404,[-0.8993, 0.0372,-0.1788, 0.0769],[-6.7601,-6.0536,-8.0446,-6.9774,-6.3518],[-0.8971, 0.0533,-0.1846, 0.0841],0.3034
2410,[-0.9079, 0.066 ,-0.0432, 0.0477],[ 7.8147e-01,-1.0500e-01, 4.3472e+00,-1.5993e-01, 3.4350e+02],[-0.9079, 0.0622,-0.0368, 0.0373],0.4141
2411,[-0.8986, 0.0906, 0.0836, 0.0356],[-13.0816,-13.7556,-12.4339,-13.0598,-12.8171],[-0.8984, 0.068 , 0.0992, 0.0283],0.3419
2412,[-0.9073, 0.0743,-0.085 , 0.0538],[ 5.4442e+00, 2.9100e+00,-2.3842e-01, 4.4437e-01, 1.0328e+03],[-0.9071, 0.0753,-0.0829, 0.0422],0.3829
2414,[-0.9006, 0.1428,-0.1903, 0.0407],[-32.1169,-24.8258,-35.8694,-34.0853,-26.3469],[-0.8996, 0.1475,-0.1892, 0.0414],0.2684
2416,[-0.9047, 0.1387,-0.291 , 0.0186],[-2.8909,-2.8494,-5.0087,-3.3363,-2.8121],[-0.9007, 0.1546,-0.3012, 0.0035],0.2168
2420,[-0.9086,-0.0637, 0.043 , 0.0617],[ 6.0839e-01, 2.0060e+00, 5.8849e-02,-3.2336e-01, 1.3233e+02],[-0.9086,-0.0599, 0.0357, 0.0492],0.4189
2421,[-0.9081,-0.0738, 0.0841, 0.0554],[8.8732e-01,1.7890e-01,2.2887e+00,5.4252e-01,1.4177e+03],[-0.9078,-0.0747, 0.0821, 0.0434],0.3867
2422,[-0.9038,-0.0877,-0.0784, 0.0379],[ -9.3334, -7.9425,-10.0987, -9.0025, -9.1829],[-0.9036,-0.0654,-0.0914, 0.0347],0.3685
2423,[-0.9028,-0.1389, 0.1928, 0.0515],[-11.4767,-12.2804,-10.187 ,-11.1731,-10.408 ],[-0.9015,-0.1443, 0.1917, 0.0545],0.2762
2425,[-0.8971,-0.1443, 0.2863, 0.0767],[-0.8493,-2.2516, 4.1674,-1.7627, 0.4534],[-0.8932,-0.1572, 0.2895, 0.0745],0.1949
2430,[-0.8971, 0.2001,-0.0254, 0.0308],[-10.8632,-12.8981, -9.7641,-11.4664,-11.7084],[-0.8993, 0.1783,-0.009 , 0.0278],0.3297
2432,[-0.896 , 0.2123,-0.1197, 0.0483],[ 8.2690e-01, 3.8644e-01,-1.3704e-02, 5.4734e-01, 6.9839e+01],[-0.8978, 0.2005,-0.1027, 0.0406],0.2773
2434,[-0.8965, 0.206 ,-0.2117, 0.0551],[ 4.1651e-01, 2.4623e+02,-3.5519e-02, 4.8052e-01, 8.0318e+00],[-0.8963, 0.2053,-0.2027, 0.0571],0.224
2436,[-0.8989, 0.2362,-0.3074, 0.0818],[  0.1329,110.2037, -0.879 ,  1.6475,  0.7301],[-0.8967, 0.2409,-0.3023, 0.0869],0.1637
2440,[-0.8984,-0.2102, 0.0281, 0.0468],[ -9.3713, -8.5958,-11.0288, -9.9418, -9.9047],[-0.9008,-0.1873, 0.0109, 0.0418],0.3326
2441,[-0.8973,-0.2181, 0.1218, 0.0532],[ 1.5091e+00,-3.8685e-01,-5.8043e-01,-1.1090e-02, 3.6101e+01],[-0.8992,-0.2061, 0.1072, 0.0441],0.2783
2443,[-0.8972,-0.2086, 0.2119, 0.0691],[1.0237e+00,2.0747e-02,1.7184e+02,3.6907e-01,1.9041e+00],[-0.8971,-0.2075, 0.2025, 0.0687],0.2256
2445,[-0.893 ,-0.2169, 0.2909, 0.0656],[ 0.5498,-0.5055,61.593 , 1.7717,-0.3683],[-0.8908,-0.2223, 0.2886, 0.0661],0.1591
2450,[-0.8936, 0.2978,-0.0265, 0.0297],[-2.192 ,-3.1826,-0.6763,-1.7456,-0.5811],[-0.8985, 0.2672,-0.0035, 0.0445],0.2921
2452,[-0.8909, 0.3142,-0.132 , 0.033 ],[-0.8132,-1.8684,12.4827,-0.4559,-0.4185],[-0.8955, 0.2959,-0.1166, 0.037 ],0.2195
2454,[-0.8921, 0.323 ,-0.2144, 0.0279],[ 1.5799, 3.2573, 2.0048, 1.518 ,39.3197],[-0.8955, 0.3131,-0.2037, 0.0248],0.1724
2456,[-0.895 , 0.3322,-0.3168, 0.0684],[ 0.2799,43.127 ,-0.6312, 0.8682, 1.0378],[-0.8955, 0.3301,-0.3106, 0.0785],0.1162
2460,[-0.8977,-0.2913, 0.0444, 0.0501],[-1.4624, 0.4783,-3.5533,-2.3212,-1.9691],[-0.9023,-0.2621, 0.0211, 0.0577],0.3045
2461,[-0.8915,-0.3207, 0.1266, 0.0546],[-1.045 , 1.312 ,-3.6981,-2.371 ,-1.5895],[-0.8964,-0.3011, 0.1102, 0.0626],0.2231
2463,[-0.8918,-0.3261, 0.2149, 0.0516],[74.5174, 0.3818, 1.76  , 1.6468, 2.135 ],[-0.8953,-0.3155, 0.2017, 0.0611],0.1711
2465,[-0.8925,-0.3287, 0.3101, 0.0629],[ 0.1401,-0.1804,48.7688, 1.576 , 0.529 ],[-0.8932,-0.3263, 0.3022, 0.0716],0.1141
2472,[-0.8728, 0.4023,-0.1364, 0.0563],[-0.2744,-2.8928, 0.6203,-0.6001,-1.7249],[-0.8806, 0.3825,-0.1217, 0.059 ],0.128
2474,[-0.8872, 0.4308,-0.2085, 0.0497],[-0.5942,-2.5183, 1.3181,-0.7931,-1.3043],[-0.8948, 0.4148,-0.194 , 0.0589],0.1284
2476,[-0.8851, 0.4217,-0.3267, 0.0639],[0.7157,1.5294,0.44  ,7.5619,0.1859],[-0.8887, 0.4162,-0.3191, 0.0789],0.0538
2478,[-0.8704, 0.4102,-0.4192, 0.0711],[ 2.1707,18.535 ,-0.8454, 1.3452,-0.3391],[-0.8701, 0.4094,-0.4135, 0.0838],-0.0311
2481,[-0.8802,-0.4038, 0.1532, 0.0504],[-2.3293,-1.5587,-3.6617,-1.9125,-2.7382],[-0.8878,-0.3842, 0.1376, 0.0646],0.1442
2483,[-0.8847,-0.4205, 0.2184, 0.0437],[-2.183 ,-0.7225,-3.8665,-0.4523,-2.9719],[-0.8917,-0.4063, 0.2057, 0.0555],0.1168
2485,[-0.8887,-0.4043, 0.3083, 0.029 ],[ 0.0376,-1.3102, 0.7273, 1.261 ,-1.0936],[-0.8924,-0.3983, 0.2996, 0.0439],0.0802
2493,[-0.8855,-0.5074, 0.2746, 0.0156],[-13.4145,-12.1662,-13.3744,-13.1726,-12.4898],[-0.8947,-0.497 , 0.2643, 0.0305],0.0581
2494,[-0.8743, 0.509 ,-0.2255, 0.023 ],[-10.287 ,-10.8285,-10.4413,-10.6252,-11.3016],[-0.8849, 0.4955,-0.2157, 0.0375],0.0533
2495,[-0.906 ,-0.5599, 0.3861, 0.0773],[ -8.745 , -8.5189,-10.8248, -8.2671,-10.6012],[-0.9133,-0.5561, 0.3824, 0.0926],0.0247
2497,[-0.8875,-0.566 , 0.3923, 0.0389],[-0.9907,-0.8152, 0.6232,60.9257, 0.6723],[-0.8949,-0.5638, 0.39  , 0.0543],-0.0277
2500,[-0.9084, 0.0059,-0.0019,-0.0497],[1.1331e+00,2.5490e+00,1.0446e+00,7.8249e-01,4.3820e+03],[-9.0864e-01, 5.2042e-03,-8.5982e-04,-6.5223e-02],0.4352
2501,[-0.9081,-0.0311, 0.0698,-0.0671],[-4.8080e-03,-7.5894e-01, 1.2064e+03, 1.8090e-01, 8.8504e-01],[-0.9082,-0.0365, 0.0714,-0.08  ],0.4118
2502,[-0.9082, 0.0339,-0.0702,-0.0613],[ 1.6264e-02, 1.7631e+03,-5.3419e-01, 3.3650e-01, 2.1389e+00],[-0.9083, 0.039 ,-0.0716,-0.0742],0.4112
2503,[-0.899 ,-0.0335, 0.1863,-0.0601],[-13.597 ,-14.7637,-13.8132,-13.5169,-13.0527],[-0.897 ,-0.0524, 0.1971,-0.0629],0.2982
2504,[-0.9022, 0.0392,-0.182 ,-0.0603],[ -8.7393, -8.4137,-10.0129, -9.0428, -8.2006],[-0.9003, 0.0573,-0.1914,-0.057 ],0.3117
2510,[-0.9058, 0.0714,-0.0398,-0.0606],[8.0565e-01,3.2268e-01,1.6190e+03,3.5277e-01,1.5208e+00],[-0.9063, 0.0673,-0.0379,-0.0651],0.4038
2511,[-0.8988, 0.0838, 0.0765,-0.0418],[-29.5235,-30.2252,-29.3172,-29.3865,-29.488 ],[-0.8989, 0.0625, 0.0921,-0.0473],0.3498
2512,[-0.9073, 0.0827,-0.0917,-0.0669],[2.0781e-01,7.3360e+03,3.8776e-01,1.9269e+00,1.1944e+00],[-0.9075, 0.0837,-0.0885,-0.0714],0.3781
2514,[-0.9028, 0.1377,-0.1867,-0.0487],[ 0.141 , 0.3246,-3.741 , 0.6057,-0.248 ],[-0.902 , 0.1435,-0.188 ,-0.042 ],0.28
2516,[-0.8987, 0.1622,-0.3057,-0.0039],[-2.8438,-1.3431,-4.4402,-3.0724,-2.6612],[-0.8947, 0.1758,-0.3125,-0.0178],0.181
2520,[-0.9054,-0.0724, 0.0394,-0.0623],[1.0170e+00,1.0353e+03,4.1165e-01,1.0192e+00,1.3953e+00],[-0.906 ,-0.0682, 0.0375,-0.0718],0.4021
2521,[-0.9071,-0.0791, 0.0895,-0.0641],[3.2894e+00,2.1689e-01,4.0725e+03,8.5299e-01,1.3033e+00],[-0.9074,-0.0803, 0.087 ,-0.0741],0.3799
2522,[-0.8993,-0.0852,-0.077 ,-0.047 ],[-18.7814,-19.1406,-20.0658,-18.4902,-18.5002],[-0.8994,-0.0636,-0.0927,-0.05  ],0.3512
2523,[-0.8994,-0.1295, 0.1925,-0.0493],[-5.4597e-02,-7.8727e-01, 6.3005e+01, 5.8322e-01, 2.1690e+00],[-0.8984,-0.1367, 0.1936,-0.0534],0.2671
2525,[-0.9057,-0.1614, 0.2817,-0.0534],[-1.8571,-3.5399,-1.4482,-1.9119,-2.6695],[-0.9028,-0.1743, 0.2841,-0.063 ],0.2232
2530,[-0.8941, 0.2025,-0.0286,-0.0388],[-23.8828,-24.4848,-23.5505,-23.4131,-24.3138],[-0.8967, 0.1815,-0.0125,-0.0423],0.3186
2531,[-0.9077, 0.1745, 0.0601,-0.1155],[-2.9832,-4.0806,-1.2711,-2.7573,-3.1265],[-0.9096, 0.1403, 0.0882,-0.1317],0.3597
2532,[-0.893 , 0.211 ,-0.1109,-0.0339],[31.2058,-0.6687,-1.4637, 1.1579, 4.0712],[-0.8952, 0.1993,-0.0965,-0.0396],0.2712
2534,[-0.8945, 0.2118,-0.2102,-0.0349],[1.3157e+00,4.5052e+02,4.3220e-01,1.1803e+00,6.2098e-01],[-0.8949, 0.2114,-0.2034,-0.0353],0.216
2536,[-0.8925, 0.224 ,-0.292 ,-0.0228],[  2.2891,104.7354, -1.285 ,  1.7436,  1.861 ],[-0.8907, 0.2297,-0.2899,-0.0232],0.1552
2540,[-0.891 ,-0.1972, 0.0312,-0.0494],[-25.2089,-24.4179,-26.23  ,-25.3214,-25.1277],[-0.8935,-0.1775, 0.0154,-0.0579],0.3065
2541,[-0.8909,-0.2075, 0.1121,-0.0431],[ 1.672 , 0.4185,-0.5958, 2.3104,24.8023],[-0.8931,-0.1966, 0.0995,-0.0544],0.2629
2543,[-0.8922,-0.2125, 0.2163,-0.029 ],[  1.1306, -0.4715,257.8122,  1.6146,  0.7524],[-0.8924,-0.2125, 0.2103,-0.0322],0.2033
2545,[-0.8985,-0.2351, 0.2938,-0.026 ],[74.4227,-1.0396, 1.5516, 0.8511,-0.1616],[-0.897 ,-0.24  , 0.2896,-0.0278],0.1706
2550,[-0.8903, 0.2981,-0.0421,-0.0393],[-3.3954,-4.0049,-2.3406,-1.8648,-3.0562],[-0.8956, 0.2702,-0.0206,-0.041 ],0.2741
2552,[-0.8844, 0.3135,-0.1225,-0.0184],[-0.5911,-2.0075, 8.7361,-0.2981,-1.5075],[-0.8894, 0.2954,-0.1064,-0.0206],0.2025
2554,[-0.8873, 0.3288,-0.2146,-0.0143],[ 0.9116, 2.7603, 3.9359,40.3941, 0.8885],[-0.891 , 0.3193,-0.2046,-0.0101],0.1543
2556,[-0.8906, 0.3375,-0.3041,-0.0047],[ 5.4663,29.7418,-1.1089, 1.1255, 0.8304],[-0.892 , 0.3353,-0.2999,-0.0043],0.1072
2560,[-0.8841,-0.2868, 0.049 ,-0.0316],[-4.106 ,-3.7997,-5.6079,-4.0212,-4.0819],[-0.889 ,-0.2624, 0.0306,-0.0382],0.248
2561,[-0.8819,-0.3118, 0.1269,-0.0248],[ -9.4057, -8.8542,-11.1161, -9.3055,-10.1135],[-0.8868,-0.2947, 0.1119,-0.0254],0.191
2563,[-0.8859,-0.3286, 0.2172,-0.0114],[ 1.5643, 1.3067, 4.3125,23.9386, 1.1097],[-0.8896,-0.3194, 0.2066,-0.0068],0.1483
2565,[-0.8865,-0.3406, 0.3179,-0.0063],[ 0.8634,-0.2296,42.6608, 3.7324,-0.2858],[-0.8875,-0.3391, 0.3125,-0.0034],0.0878
2572,[-0.8837, 0.4017,-0.1478,-0.0088],[-1.6229,-3.2727,-2.3558,-0.768 ,-1.9768],[-0.8917, 0.3813,-0.131 ,-0.0093],0.161
2574,[-0.8827, 0.4206,-0.2195,-0.0057],[-0.9719,-2.2524,-0.5463,-0.4598,-1.8206],[-0.8898, 0.4072,-0.2075,-0.0061],0.11
2576,[-0.8851, 0.4123,-0.3292, 0.    ],[ 0.4722, 2.0235,-0.2741, 1.2682,-0.664 ],[-0.8884, 0.4079,-0.3247, 0.0056],0.054
2578,[-0.8743, 0.4107,-0.4347, 0.    ],[-0.3762, 1.7581,-0.9796,12.3313,-0.4758],[-0.8733, 0.4113,-0.4348, 0.0078],-0.0328
2581,[-0.8792,-0.397 , 0.1503,-0.0168],[-3.265 ,-2.0951,-4.6394,-3.109 ,-3.546 ],[-0.8869,-0.3782, 0.1353,-0.0092],0.1442
2583,[-0.8847,-0.4267, 0.2186,-0.0166],[-4.5276,-4.195 ,-5.8986,-4.6207,-6.0892],[-0.8922,-0.4128, 0.2054,-0.017 ],0.1154
2585,[-0.878 ,-0.4102, 0.3119,-0.0099],[-8.6698e-01,-2.3130e+00,-7.4539e-04, 3.0107e-01,-2.2523e+00],[-0.882 ,-0.4052, 0.3043,-0.0051],0.046
2593,[-0.8798,-0.5092, 0.2634,-0.0078],[-12.0105,-13.5975,-12.7113,-12.6031,-13.1676],[-0.8896,-0.4988, 0.253 ,-0.023 ],0.0484
2595,[-0.8762,-0.5161, 0.2834, 0.    ],[-11.323 ,-10.2373,-10.5116, -9.9057, -9.7446],[-0.8855,-0.5074, 0.2746, 0.0156],0.024
2597,[-0.869 ,-0.5699, 0.3962, 0.    ],[-0.1094,-0.9452, 0.322 ,67.1845,-0.6116],[-0.8764,-0.5687, 0.395 , 0.0156],-0.074
2600,[-0.9053, 0.0056,-0.0023,-0.1667],[   2.8835,   3.7725,1062.1849,   1.558 ,   1.9955],[-0.9061, 0.0056,-0.0052,-0.1789],0.4244
2601,[-0.9086,-0.0375, 0.0712,-0.1523],[-108.3958,-109.348 ,-107.9833,-108.6581,-108.8823],[-0.909 ,-0.0427, 0.0739,-0.1625],0.4115
2602,[-0.9071, 0.0373,-0.0725,-0.1661],[ 2.1067e-01, 5.0380e+02,-1.4270e+00,-8.3514e-02,-4.3731e-01],[-0.9076, 0.0427,-0.0753,-0.1776],0.4045
2603,[-0.9022,-0.0143, 0.1891,-0.1399],[-20.8255,-21.9002,-20.3212,-21.2318,-21.4578],[-0.9003,-0.0375, 0.2047,-0.1393],0.3149
2604,[-0.8953, 0.0464,-0.1724,-0.1532],[-4.0294,-3.565 ,-6.3117,-4.3446,-5.438 ],[-0.8942, 0.0619,-0.1781,-0.161 ],0.2915
2610,[-0.9053, 0.0665,-0.0415,-0.1426],[-50.9107,-50.7049,-51.4513,-49.7952,-52.1888],[-0.9061, 0.0633,-0.039 ,-0.1432],0.4043
2611,[-0.9011, 0.0868, 0.0823,-0.1538],[-39.1278,-39.5089,-38.5118,-38.9258,-38.987 ],[-0.9016, 0.0631, 0.1009,-0.1545],0.3578
2612,[-0.9075, 0.0756,-0.0891,-0.1485],[4.8220e-01,2.7008e+00,5.3624e-01,5.9345e+02,1.5518e+00],[-0.908 , 0.0777,-0.0879,-0.143 ],0.3835
2614,[-0.9018, 0.13  ,-0.1928,-0.1669],[ 0.2435,70.2379,-1.0018, 0.5909, 0.0762],[-0.9013, 0.1383,-0.1945,-0.1662],0.2764
2620,[-0.9038,-0.0724, 0.0396,-0.1687],[  -4.0653,1129.8188,  -2.2149,  -4.1259,  -4.7442],[-0.9048,-0.0685, 0.0386,-0.1759],0.3963
2621,[-0.9075,-0.0835, 0.0928,-0.1597],[8.8953e-01,6.5914e-01,1.6867e+03,5.6779e+00,6.4449e-01],[-0.9081,-0.0849, 0.09  ,-0.1669],0.3795
2622,[-0.8935,-0.0714,-0.0694,-0.1729],[-12.9046,-12.0646,-13.7006,-12.5443,-12.1871],[-0.8942,-0.0534,-0.08  ,-0.1823],0.3394
2623,[-0.897 ,-0.1369, 0.1954,-0.16  ],[ 2.5331,-2.5724, 4.8202,12.4224,-1.3714],[-0.8965,-0.1442, 0.1956,-0.1677],0.2552
2630,[-0.8889, 0.209 ,-0.0324,-0.1406],[-20.3271,-21.146 ,-19.2795,-20.5045,-20.338 ],[-0.8921, 0.1892,-0.019 ,-0.1367],0.2937
2632,[-0.892 , 0.2017,-0.116 ,-0.148 ],[-11.6968,-12.8085,-13.3932,-11.4137,-12.6194],[-0.8944, 0.1927,-0.1067,-0.1506],0.266
2634,[-0.8985, 0.195 ,-0.2181,-0.1606],[  1.6179,  3.3542, -0.4535,323.2057,  0.9696],[-0.8986, 0.198 ,-0.2132,-0.1508],0.2307
2636,[-0.9032, 0.1936,-0.2837,-0.1673],[-3.0513e-02, 3.1673e+01,-8.5944e-01,-5.8883e-02,-3.1591e-01],[-0.9014, 0.2038,-0.2825,-0.1746],0.2053
2640,[-0.8917,-0.1927, 0.0325,-0.1513],[-13.0236,-12.1769,-13.7189,-12.2517,-12.7407],[-0.8945,-0.1742, 0.0208,-0.1567],0.3126
2641,[-0.8947,-0.1895, 0.1228,-0.1683],[ 0.3717, 0.2537, 0.6213,83.8123, 0.9138],[-0.8968,-0.1814, 0.1062,-0.1612],0.2806
2642,[-0.8848,-0.1728,-0.056 ,-0.1333],[-2.4298,-2.1204,-3.2799,-1.825 ,-2.7985],[-0.8867,-0.1464,-0.075 ,-0.117 ],0.27
2643,[-0.895 ,-0.1971, 0.2065,-0.1728],[  0.5501, -0.5979,435.2235,  1.6209,  0.9034],[-0.8956,-0.1985, 0.1984,-0.1776],0.2265
2645,[-0.8996,-0.2244, 0.2925,-0.1903],[-2.1776e-01,-9.2519e-01, 3.3726e+00, 2.9345e+01,-5.4926e-03],[-0.8983,-0.232 , 0.2917,-0.1839],0.1767
2652,[-0.8843, 0.3045,-0.0883,-0.1407],[-0.9372,-2.5957,-0.0936,-0.6453,-1.563 ],[-0.8899, 0.2836,-0.0732,-0.1463],0.2238
2654,[-0.8731, 0.3433,-0.239 ,-0.1254],[0.6036,1.2402,0.0959,6.1175,0.1347],[-0.8773, 0.3364,-0.2254,-0.1091],0.0938
2660,[-0.8825,-0.2784, 0.0457,-0.16  ],[-2.3204,-2.3077,-3.0986,-2.6276,-2.8504],[-0.8877,-0.2552, 0.0304,-0.1685],0.2458
2661,[-0.8742,-0.2983, 0.0883,-0.1461],[-4.0477,-3.7786,-4.7631,-3.4795,-4.2252],[-0.8797,-0.2798, 0.0743,-0.1499],0.1881
2700,[-0.8976,-0.0009,-0.0074,-0.2956],[ 1.4721,52.3264,23.2346, 2.7231, 0.936 ],[-8.9889e-01,-8.8686e-05,-5.3339e-03,-3.0100e-01],0.3948
2701,[-0.8977,-0.0372, 0.0737,-0.3078],[-104.9189,-105.82  ,-103.2488,-104.241 ,-105.31  ],[-0.8988,-0.0428, 0.0769,-0.3085],0.3658
2702,[-0.9012, 0.0371,-0.0761,-0.2715],[-57.4246,-56.9776,-58.7585,-56.9724,-58.4561],[-0.9022, 0.0429,-0.0778,-0.2731],0.3792
2710,[-0.8936, 0.0712,-0.0404,-0.3015],[-62.3188,-63.3945,-62.0232,-62.3727,-63.5786],[-0.8951, 0.0679,-0.0381,-0.3004],0.3562
2712,[-0.9015, 0.0718,-0.0899,-0.2909],[1.7070e+00,4.5014e+02,2.8813e-01,8.2520e+00,5.2591e-01],[-0.9026, 0.0749,-0.0891,-0.2889],0.3612
2714,[-0.8983, 0.1221,-0.1818,-0.2798],[ -0.6319,104.8163, -1.3162,  3.6187, -0.9186],[-0.8984, 0.1303,-0.1798,-0.2793],0.2758
2720,[-0.896 ,-0.0698, 0.0389,-0.292 ],[ 3.2205e-01, 3.5562e+02,-7.5429e-01, 7.0817e-01,-6.0731e-01],[-0.8975,-0.0668, 0.0389,-0.295 ],0.366
2721,[-0.9019,-0.075 , 0.0827,-0.2899],[ -3.8795, -6.1421,423.1347, -2.1928, -4.9382],[-0.9031,-0.0767, 0.0806,-0.29  ],0.3667
2722,[-0.9089,-0.0726,-0.0715,-0.2713],[-8.0162,-7.171 ,-9.2925,-7.6372,-7.7284],[-0.9101,-0.0517,-0.0788,-0.2852],0.4097
2723,[-0.9011,-0.1339, 0.1893,-0.2777],[-2.8244e-01,-6.7619e-01, 8.4368e+01, 1.9498e-02,-5.2870e-01],[-0.9012,-0.142 , 0.1896,-0.2885],0.2764
2732,[-0.8927, 0.2172,-0.1179,-0.3103],[-6.0864,-7.082 ,-7.166 ,-5.888 ,-6.6596],[-0.896 , 0.207 ,-0.107 ,-0.2997],0.2663
2734,[-0.8713, 0.2623,-0.1917,-0.3118],[ 1.3018,65.8538, 0.122 , 1.6391, 0.8195],[-0.8748, 0.2574,-0.176 ,-0.3229],0.1391
2740,[-0.8743,-0.1821, 0.0553,-0.3624],[-3.4155,-1.6642,-4.5964,-2.8384,-3.6631],[-0.8777,-0.1719, 0.0635,-0.378 ],0.2303
2741,[-0.8689,-0.1987, 0.0983,-0.3374],[18.477 , 0.5492, 1.5078, 1.1238,-0.3667],[-0.8725,-0.1881, 0.0702,-0.3542],0.2022
2743,[-0.8986,-0.1931, 0.2265,-0.2697],[ 7.1674e-01,-1.3385e-02, 1.2925e+00, 7.9104e+01, 3.9122e-01],[-0.8989,-0.1978, 0.2198,-0.2627],0.228
2800,[-0.8909,-0.0116, 0.0155,-0.3955],[2.0959e+00,2.5301e+00,1.3781e+00,3.1099e+02,2.3002e-01],[-0.8926,-0.0126, 0.0173,-0.3893],0.3641
2801,[-0.8915,-0.0373, 0.0762,-0.3899],[ 2.7889e-01,-5.9096e-01, 2.9106e+02, 8.8917e-01,-3.9931e-01],[-0.8929,-0.0433, 0.0789,-0.3921],0.3395
2810,[-0.881 , 0.0723,-0.0343,-0.4124],[1.4872e+00,5.4703e-01,4.0126e+02,2.4351e+00,1.5727e-01],[-0.8831, 0.069 ,-0.0359,-0.4215],0.305
2812,[-0.8946, 0.0797,-0.0823,-0.407 ],[7.7682e-01,9.4241e+00,7.7570e-01,2.9077e+02,2.2703e-01],[-0.8962, 0.0815,-0.0848,-0.397 ],0.3328
2820,[-0.8906,-0.0765, 0.0365,-0.3825],[ 1.1147e-01, 1.1381e+00, 5.0907e-01, 4.9759e+01,-1.1029e-02],[-0.8926,-0.0722, 0.0329,-0.3761],0.3452
2821,[-0.897 ,-0.0682, 0.083 ,-0.3852],[  2.2753, -0.3591,  1.0501,180.4532,  0.717 ],[-0.8984,-0.0711, 0.0828,-0.3782],0.3477
2841,[-0.8777,-0.1719, 0.0635,-0.378 ],[ 1.954 , 0.5665, 0.9057,14.1069, 0.3329],[-0.8812,-0.1592, 0.0366,-0.3928],0.2596
3363,[-0.8567,-0.3491, 0.2655, 0.134 ],[0.439 ,0.2044,1.609 ,0.4337,4.1124],[-0.8595,-0.343 , 0.2527, 0.1193],0.0306
3365,[-0.8529,-0.3618, 0.2954, 0.1464],[-0.5086,-0.8661, 1.6448,-0.2164, 9.3431],[-0.8551,-0.3571, 0.2857, 0.1499],0.0017
3374,[-0.8603, 0.4198,-0.2352, 0.1346],[ 0.2816, 1.1885,22.8896, 0.1785, 3.913 ],[-0.8665, 0.4091,-0.2252, 0.1435],0.0348
3412,[-0.8566, 0.1329,-0.0879, 0.0101],[ 0.1726, 2.9712,-1.7961,-1.6432, 3.7544],[-8.5727e-01, 1.2863e-01,-8.2728e-02, 4.5686e-04],0.1685
3420,[-0.8573,-0.1038, 0.0036, 0.0079],[-1.2218, 0.4307,-2.1035,-1.9726, 1.3285],[-0.858 ,-0.0942,-0.006 ,-0.0077],0.2122
3421,[-0.8613,-0.1261, 0.1117, 0.0138],[-0.3886,-1.5552, 2.7371,-1.3872, 2.6803],[-0.8615,-0.1246, 0.1091, 0.0048],0.1743
3423,[-0.8501,-0.1647, 0.1885, 0.0302],[-0.1231,-2.8656, 1.2025,-0.7441, 1.9414],[-0.8494,-0.1663, 0.1893, 0.0443],0.0908
3430,[-0.8573, 0.2125,-0.0442, 0.015 ],[-2.8883,-4.6381, 1.1729,-3.5417,-0.9102],[-8.5998e-01, 1.9747e-01,-3.0908e-02,-5.5393e-04],0.1709
3432,[-0.8565, 0.2321,-0.1003, 0.0265],[ 0.409 ,-1.3022,-1.0726,-2.2755, 0.9884],[-0.8592, 0.2209,-0.0903, 0.0191],0.1377
3434,[-0.8568, 0.241 ,-0.1887, 0.03  ],[ 0.3982, 2.7921,-1.3961,-0.6741, 1.5492],[-0.8581, 0.2369,-0.1833, 0.0399],0.0937
3441,[-0.8586,-0.2357, 0.1099, 0.0264],[-0.405 ,-0.8493,-0.8939,-1.4327, 0.7053],[-0.8612,-0.2251, 0.1009, 0.0193],0.138
3443,[-0.8581,-0.2095, 0.2102, 0.0284],[ 0.6032,-0.545 ,12.8342,-0.2094,11.9341],[-0.8583,-0.2089, 0.2016, 0.015 ],0.0967
3452,[-0.8548, 0.322 ,-0.1259, 0.0308],[ 0.0504,-1.4795, 2.344 ,-0.58  , 2.6508],[-0.8599, 0.3075,-0.1139, 0.0332],0.0981
3454,[-0.8482, 0.3594,-0.2118, 0.0282],[ 1.8927, 1.8588, 0.6297, 0.8257,24.6769],[-0.853 , 0.3505,-0.2025, 0.0253],0.0299
3456,[-0.8432, 0.3725,-0.2882, 0.0439],[ 1.8621,20.6886,-1.0286, 1.5706, 2.9843],[-0.8463, 0.3681,-0.2824, 0.0573],-0.0216
3461,[-0.855 ,-0.3442, 0.1434, 0.0282],[-0.0921, 6.1966,-0.9933,-0.6812, 0.1363],[-0.8607,-0.3301, 0.1314, 0.0301],0.0856
3463,[-0.851 ,-0.3603, 0.222 , 0.0422],[ 1.0472, 0.3554, 1.6358, 1.1199,24.997 ],[-0.8555,-0.3519, 0.2131, 0.0369],0.0324
3465,[-0.8443,-0.3732, 0.3005, 0.0658],[ 2.3628,-1.0757,19.5903, 0.111 , 0.816 ],[-0.8469,-0.3692, 0.2945, 0.0778],-0.0252
3472,[-0.8433, 0.4227,-0.1437, 0.0276],[-1.1382,-2.7511,-0.2219,-0.5702,-0.9594],[-0.8521, 0.407 ,-0.1339, 0.0285],0.0321
3474,[-0.8466, 0.4327,-0.2236, 0.0342],[ 0.3858, 0.8809,20.6901, 0.5122, 0.4069],[-0.854 , 0.4225,-0.2147, 0.038 ],0.0018
3476,[-0.8476, 0.4334,-0.3165, 0.03  ],[ 1.7908e+00, 8.9085e+00,-7.3881e-03, 1.3502e+00, 2.5407e+00],[-0.8523, 0.4289,-0.3099, 0.0376],-0.0401
3481,[-0.8569,-0.4061, 0.1591, 0.0349],[-1.1374, 2.288 ,-2.559 ,-1.8713,-1.0454],[-0.8647,-0.3903, 0.1447, 0.0494],0.0681
3483,[-0.8495,-0.4269, 0.2126, 0.0289],[ 0.6443,25.2296,-0.1058, 0.9723, 1.8432],[-0.857 ,-0.4157, 0.2031, 0.0409],0.0164
3485,[-0.8476,-0.4055, 0.3078, 0.0298],[ 1.6828, 0.1342,10.5496, 1.7006, 1.2753],[-0.8514,-0.4011, 0.3025, 0.0388],-0.0289
3494,[-0.8297, 0.5002,-0.2166, 0.0312],[-13.188 ,-13.8285,-14.0484,-13.6315,-13.2046],[-0.8402, 0.4899,-0.2088, 0.0459],-0.0537
3500,[-0.8592,-0.0026, 0.0014,-0.0563],[ 2.753 ,-1.2708,-1.1022,-1.9423, 6.3077],[-0.8595,-0.0025, 0.0022,-0.0706],0.2373
3501,[-0.8576,-0.0424, 0.0856,-0.0156],[-0.3594,-1.3918, 9.0445, 0.185 , 5.188 ],[-0.8572,-0.0464, 0.0887,-0.0196],0.1965
3502,[-0.864 , 0.0049,-0.0646,-0.0941],[-1.1453,-0.6763,-3.5532,-3.4645,-1.6387],[-0.8642, 0.011 ,-0.0689,-0.1099],0.2387
3510,[-0.8619, 0.1128,-0.0288,-0.058 ],[-7.7326,-9.2778,-7.0986,-9.2491,-7.4559],[-0.863 , 0.1046,-0.021 ,-0.072 ],0.2197
3512,[-0.8535, 0.1122,-0.0979,-0.041 ],[-1.7311, 0.2719,-3.4233,-3.6103,-0.0798],[-0.854 , 0.1107,-0.0937,-0.0506],0.1602
3520,[-0.8585,-0.0938, 0.0245,-0.0501],[-10.2855,-10.0432,-11.5965,-11.7028,-10.1926],[-0.8593,-0.0874, 0.0192,-0.0615],0.2114
3521,[-0.8584,-0.1141, 0.1121,-0.05  ],[-0.8077,-3.2343,-0.6399,-2.7822, 0.572 ],[-0.8587,-0.1137, 0.107 ,-0.0602],0.1698
3523,[-0.8609,-0.1199, 0.1817,-0.0594],[-0.1745,-1.1609,32.8809,-0.0746, 0.172 ],[-0.86  ,-0.1252, 0.181 ,-0.0699],0.1417
3530,[-0.8526, 0.2093,-0.0377,-0.0634],[-12.6551,-13.8678,-11.7521,-13.0575,-12.4495],[-0.8556, 0.1947,-0.0276,-0.0775],0.1598
3532,[-0.8559, 0.2365,-0.1116,-0.0371],[-11.5601,-12.5447,-12.2741,-12.2519,-11.7522],[-0.8588, 0.2264,-0.1027,-0.0465],0.1297
3534,[-0.8602, 0.2557,-0.2308,-0.0255],[-2.2458,-0.5049,-4.4102,-3.007 ,-1.4396],[-0.861 , 0.2538,-0.2273,-0.0334],0.0788
3536,[-0.8662, 0.2597,-0.2795, 0.    ],[ 7.5822,19.1768,-1.5552, 0.1806, 2.5865],[-0.8657, 0.2609,-0.2773, 0.    ],0.0695
3540,[-0.8591,-0.2034, 0.0395,-0.0454],[-8.4691,-7.5071,-9.4093,-8.4416,-8.1148],[-0.8618,-0.1886, 0.0263,-0.0558],0.1815
3541,[-0.8529,-0.2294, 0.1083,-0.0412],[ 1.815 , 1.0553,-0.254 , 0.2568,13.7841],[-0.8557,-0.2197, 0.1002,-0.0533],0.1237
3543,[-0.8597,-0.2228, 0.1998,-0.0325],[ 0.6524,-0.3774,57.6493, 0.8147, 0.6509],[-0.8605,-0.221 , 0.1952,-0.0436],0.1017
3545,[-0.8592,-0.2443, 0.288 ,-0.0617],[ 0.0686,-0.8335,44.024 , 1.5257,-0.668 ],[-0.858 ,-0.2476, 0.2885,-0.0743],0.0491
3550,[-0.8579, 0.2823,-0.0493,-0.0414],[-2.2326,-5.0031,-2.4136,-3.2965,-3.3515],[-0.8628, 0.2626,-0.0315,-0.0471],0.1553
3552,[-0.8524, 0.3332,-0.1336,-0.0205],[ 0.0984,-1.7106,10.1058,-0.1305, 0.5841],[-0.8581, 0.3192,-0.121 ,-0.0251],0.0862
3554,[-0.8523, 0.349 ,-0.2137,-0.0125],[ 4.2827,53.4735, 0.7192, 1.3288, 3.1609],[-0.8568, 0.3406,-0.2041,-0.0154],0.0434
3556,[-0.8425, 0.37  ,-0.2899,-0.0231],[ 1.2109,15.859 ,-1.2785, 3.5275,-0.1349],[-0.8456, 0.3665,-0.2852,-0.0294],-0.024
3560,[-0.8642,-0.2954, 0.0402,-0.058 ],[-3.2882,-2.8113,-4.9236,-2.1198,-3.4458],[-0.8696,-0.2731, 0.0217,-0.0707],0.1777
3561,[-0.849 ,-0.3194, 0.1317,-0.0233],[-0.4187,29.4066,-1.0003, 0.1753,-0.1726],[-0.8542,-0.3062, 0.1199,-0.0282],0.0802
3563,[-0.8494,-0.343 , 0.2076,-0.0098],[ 0.9244, 0.9917,38.07  , 1.1973, 1.516 ],[-0.8539,-0.3346, 0.1977,-0.0133],0.0401
3565,[-0.8518,-0.3642, 0.3141,-0.0112],[-0.1196,-0.6299,22.0176, 0.8204,-0.4016],[-0.8538,-0.3618, 0.3093,-0.0132],-0.0111
3572,[-0.8453, 0.409 ,-0.1455,-0.0136],[-1.7719,-2.7046, 2.354 ,-1.9813,-1.6337],[-0.8537, 0.3935,-0.1327,-0.0119],0.042
3574,[-0.8421, 0.4214,-0.2209,-0.0052],[ 2.2448, 0.7877,36.27  , 1.5754, 0.6862],[-0.8492, 0.4118,-0.2125,-0.006 ],-0.0052
3576,[-0.846 , 0.4245,-0.308 , 0.    ],[0.4991,9.2499,0.143 ,1.6303,0.356 ],[-0.8506, 0.42  ,-0.3022, 0.0024],-0.0372
3581,[-0.8455,-0.4132, 0.1457,-0.0362],[-2.7801,-1.192 ,-3.9527,-3.0539,-3.1774],[-0.8541,-0.3978, 0.1343,-0.0356],0.0409
3583,[-0.8401,-0.432 , 0.2167,-0.0184],[ 0.4383, 1.4198, 0.7333,29.9669, 0.1038],[-0.8478,-0.4221, 0.208 ,-0.0144],-0.0109
3585,[-0.8499,-0.4246, 0.3187,-0.0069],[ 1.2819,-0.0846,12.0662, 2.5146, 0.4223],[-0.8542,-0.4206, 0.3139,-0.004 ],-0.0338
3593,[-0.8426,-0.5135, 0.2553, 0.    ],[-16.0178,-16.5088,-16.9426,-16.4434,-16.3617],[-0.8528,-0.505 , 0.2467,-0.0052],-0.043
3594,[-0.8415, 0.5234,-0.2511, 0.    ],[-11.385 ,-11.4455,-12.5145,-11.1086,-12.2251],[-0.8522, 0.5147,-0.2432, 0.0045],-0.0461
3595,[-0.8517,-0.5009, 0.2859, 0.    ],[-10.4941, -9.7809,-10.1239, -9.4993,-10.073 ],[-0.8604,-0.4941, 0.2792,-0.0156],-0.0344
3596,[-0.8402, 0.5031,-0.3382, 0.    ],[-3.5058,-1.5979,-3.5512,-1.8565,-3.4083],[-0.847 , 0.4993,-0.3345, 0.0156],-0.086
3600,[-0.8616,-0.0164, 0.006 ,-0.1919],[ 1.5851, 3.52  , 0.0523,-1.9135, 3.9136],[-0.8626,-0.0156, 0.0076,-0.2062],0.2478
3601,[-0.8585,-0.025 , 0.0704,-0.1949],[ -9.3016,-10.8244, -6.9615,-10.1186, -8.7464],[-0.8592,-0.0296, 0.0727,-0.2104],0.2157
3602,[-0.8625, 0.0098,-0.0972,-0.177 ],[ -8.7413, -8.1147,-10.7443, -9.5213, -8.8242],[-0.8627, 0.0184,-0.0999,-0.1928],0.2202
3610,[-0.8586, 0.0937,-0.0229,-0.1887],[-5.8558,-6.223 ,-5.3889,-6.534 ,-5.0894],[-0.8601, 0.0874,-0.0197,-0.2033],0.2133
3612,[-0.8569, 0.1399,-0.0997,-0.1759],[ 1.7135, 3.0333,-0.709 ,-0.9304, 3.8883],[-0.8583, 0.1366,-0.0938,-0.1885],0.1645
3620,[-0.862 ,-0.0916, 0.0275,-0.1746],[-17.6291,-16.3727,-18.3847,-17.649 ,-16.5968],[-0.8633,-0.0856, 0.0235,-0.1877],0.2265
3621,[-0.8609,-0.1382, 0.0975,-0.1666],[-2.8351,-4.9273,-2.1231,-4.1879,-1.5319],[-0.8623,-0.1343, 0.0875,-0.1815],0.1814
3622,[-0.8587,-0.0952,-0.0776,-0.147 ],[-8.8137,-7.6438,-9.9839,-9.0196,-8.109 ],[-0.8593,-0.0784,-0.0913,-0.1469],0.191
3623,[-0.8615,-0.1662, 0.2654,-0.1254],[-4.7190e-01,-1.4864e+00, 2.0120e+01, 8.9472e-03, 7.5496e-01],[-0.8593,-0.1744, 0.2677,-0.1347],0.0881
3630,[-0.8531, 0.1814,-0.037 ,-0.172 ],[-14.1786,-15.6376,-13.5185,-14.7883,-14.3531],[-0.8559, 0.1695,-0.0336,-0.1865],0.167
3632,[-0.8493, 0.2098,-0.0795,-0.1756],[-3.1497,-4.0275,-4.0601,-4.115 ,-2.5529],[-0.8525, 0.1997,-0.0728,-0.1913],0.1312
3634,[-0.8544, 0.2699,-0.265 ,-0.1871],[ 1.9292, 3.7831,-1.4789, 0.3867, 0.3766],[-0.8553, 0.2706,-0.2609,-0.2022],0.0434
3640,[-0.8599,-0.206 , 0.0446,-0.1497],[-6.5959,-4.674 ,-7.964 ,-7.186 ,-6.2238],[-0.8631,-0.192 , 0.0382,-0.1652],0.1811
3641,[-0.8565,-0.1935, 0.0987,-0.1619],[ 1.6515, 0.8075,-0.7879, 0.5345,35.0516],[-0.859 ,-0.1859, 0.0934,-0.1779],0.1492
3643,[-0.8565,-0.2288, 0.2381,-0.1689],[ 0.6447,-0.7894,39.3528, 2.5336, 2.3827],[-0.857 ,-0.2299, 0.2297,-0.1766],0.0751
3645,[-0.854 ,-0.2622, 0.2814,-0.1301],[ 2.8878,-1.4173,32.384 , 0.8826, 1.2847],[-0.854 ,-0.264 , 0.2762,-0.1392],0.0366
3652,[-0.8541, 0.3455,-0.1217,-0.1346],[-0.9346,-3.1615,-1.0043,-1.6305,-2.179 ],[-0.8608, 0.33  ,-0.111 ,-0.1372],0.0939
3654,[-0.8517, 0.3422,-0.199 ,-0.1285],[ 1.5757, 1.8352, 0.4267,10.3795, 0.5253],[-0.8568, 0.3337,-0.1881,-0.1293],0.0512
3661,[-0.8609,-0.3307, 0.1177,-0.1339],[-7.3562e-01, 1.7433e+01,-2.0322e+00, 8.5749e-03,-1.1685e+00],[-0.8672,-0.3148, 0.1049,-0.143 ],0.1206
3663,[-0.8593,-0.3527, 0.2721,-0.1301],[7.7433,0.2903,3.6606,4.2282,1.2876],[-0.8629,-0.3487, 0.261 ,-0.1266],0.0342
3700,[-0.8649,-0.0246, 0.0295,-0.2773],[  0.8544,  3.9899,364.1121,  0.9929,  1.3956],[-0.8663,-0.0249, 0.0257,-0.2904],0.2568
3701,[-0.8625,-0.0464, 0.0738,-0.2747],[ 2.4355,-2.188 , 7.7987,-1.3524, 1.5113],[-0.8635,-0.0494, 0.0729,-0.2891],0.2239
3710,[-0.8643, 0.0707,-0.0376,-0.274 ],[6.9190e-02,4.6667e-02,2.3206e+02,5.6219e-01,6.3272e-01],[-0.8658, 0.0681,-0.0388,-0.2878],0.235
3712,[-0.8588, 0.0897,-0.1233,-0.3052],[4.4006e-01,2.5379e+02,5.6226e-02,2.0814e+00,3.9677e-01],[-0.8597, 0.0929,-0.117 ,-0.318 ],0.1772
3721,[-0.8643,-0.1299, 0.0883,-0.2931],[ 1.1396e-01,-3.6208e-01, 1.6082e+02, 2.6307e-01, 2.6151e+00],[-0.8663,-0.1264, 0.082 ,-0.3037],0.2003
3734,[-0.8628, 0.2707,-0.2284,-0.2751],[ 1.3513,17.7677,-0.477 , 1.4527,-0.067 ],[-0.8653, 0.2688,-0.2178,-0.288 ],0.0888
3741,[-0.8591,-0.1935, 0.1175,-0.2845],[  3.8891,  1.0531,  1.7925,  1.3852,105.9027],[-0.862 ,-0.187 , 0.1028,-0.2995],0.1542
3743,[-0.8546,-0.2205, 0.204 ,-0.2727],[ 0.9002,-0.5829,26.0704, 2.6333, 0.553 ],[-0.8564,-0.2196, 0.1893,-0.2831],0.092
3812,[-0.8643, 0.1027,-0.077 ,-0.3888],[6.6316e-01,7.0960e+02,1.2137e+00,2.2609e+00,1.6075e+00],[-0.8664, 0.0992,-0.0568,-0.3984],0.2214
4432,[-0.8219, 0.2679,-0.1108, 0.0305],[-0.3144,-0.9876,-0.0581,-1.4731, 1.9458],[-0.8255, 0.2577,-0.1015, 0.015 ],0.023
4452,[-0.7993, 0.3202,-0.1126, 0.0192],[-0.0616,-1.793 , 1.4582,-0.5707,10.016 ],[-0.8047, 0.309 ,-0.102 , 0.0188],-0.0424
4454,[-0.8217, 0.3499,-0.198 , 0.0156],[ 1.7013, 3.3965, 0.4365,-0.4747, 4.1862],[-0.8265, 0.3419,-0.19  , 0.0305],-0.0298
4463,[-0.815 ,-0.3565, 0.1861, 0.0204],[ 1.0464, 0.8491, 1.5925,-0.2218, 9.2534],[-0.8204,-0.3479, 0.177 , 0.015 ],-0.0415
4472,[-0.8177, 0.4468,-0.159 , 0.0319],[-1.6341,-2.3697, 3.2956,-0.6401, 1.0596],[-0.8273, 0.434 ,-0.1496, 0.0166],-0.0444
4474,[-0.8088, 0.4416,-0.2032, 0.0352],[ 4.2242, 0.6128, 3.6781, 1.2014,20.2195],[-0.8171, 0.4322,-0.1952, 0.0377],-0.08
4476,[-0.805 , 0.465 ,-0.2987, 0.0404],[1.2926,6.833 ,0.3786,1.2443,1.5351],[-0.8116, 0.4602,-0.2925, 0.0543],-0.1284
4481,[-0.8059,-0.4092, 0.1629, 0.015 ],[-0.6457, 5.2031,-1.8733,-1.3578,-0.0997],[-8.1397e-01,-3.9815e-01, 1.5358e-01,-5.5393e-04],-0.0643
4483,[-0.8066,-0.4285, 0.2191, 0.0228],[ 1.462 , 0.5337, 0.3169, 0.5236,20.7535],[-0.8141,-0.4204, 0.2112, 0.0224],-0.0875
4485,[-0.8114,-0.4106, 0.3064, 0.0404],[ 1.0675,-0.0708,14.3178, 0.7357, 1.5527],[-0.8154,-0.4069, 0.3014, 0.0507],-0.1082
4494,[-0.8011, 0.5096,-0.1963, 0.0206],[-14.3263,-14.2328,-13.602 ,-13.035 ,-15.1664],[-0.8126, 0.4997,-0.1882, 0.0359],-0.1074
4532,[-0.8204, 0.2713,-0.0586,-0.0451],[-1.198 ,-1.3627,-0.9654,-2.9407,-0.9566],[-0.8249, 0.2573,-0.0494,-0.0585],0.0381
4541,[-0.8182,-0.2729, 0.1364,-0.0665],[-5.5161,-5.1551,-5.1874,-5.9294,-4.29  ],[-0.8219,-0.2648, 0.1296,-0.0647],0.0027
4552,[-0.807 , 0.3235,-0.1182,-0.0228],[-0.2433,-1.315 ,15.7985,-0.8168, 0.7012],[-0.8126, 0.3122,-0.1082,-0.0324],-0.0268
4554,[-0.811 , 0.3453,-0.2146,-0.0239],[ 3.21  ,12.7007, 0.4962, 0.3628, 0.7625],[-0.8154, 0.3391,-0.2078,-0.0309],-0.059
4561,[-0.81  ,-0.3248, 0.145 ,-0.0252],[ 0.1601,21.7568,-0.6487,-0.8325, 0.2996],[-0.8152,-0.3151, 0.1362,-0.0343],-0.0306
4563,[-0.8063,-0.3511, 0.1961,-0.0021],[ 1.2628, 0.2638,16.4771, 1.024 , 2.0786],[-0.8113,-0.3437, 0.1883,-0.0027],-0.0636
4572,[-0.8083, 0.4537,-0.1542,-0.0343],[-1.2378,-2.8715, 0.3224,-0.617 , 0.8598],[-0.8186, 0.4413,-0.144 ,-0.0448],-0.0634
4574,[-0.8083, 0.4348,-0.221 ,-0.0032],[ 1.602 , 0.0496,44.4459, 0.8407, 1.9476],[-0.8161, 0.4267,-0.2135,-0.0035],-0.0859
4576,[-0.8053, 0.4444,-0.3026,-0.0026],[ 0.5363,17.3504,-0.0538, 1.1912, 0.6441],[-0.811 , 0.4404,-0.2982,-0.0033],-0.1252
4581,[-0.8128,-0.4301, 0.1552,-0.0313],[-1.4865, 4.611 ,-2.8026,-2.0374,-1.0866],[-0.8221,-0.4179, 0.1451,-0.0405],-0.0493
4583,[-0.8058,-0.4422, 0.2202,-0.0127],[ 2.9733,33.461 , 0.9225, 1.7994, 1.3167],[-0.814 ,-0.4342, 0.2127,-0.0181],-0.0921
4585,[-0.8015,-0.429 , 0.2921, 0.    ],[ 2.0154,-0.4655,15.8074, 1.4965, 0.3827],[-0.8068,-0.4249, 0.2875, 0.0043],-0.1256
4593,[-0.7948,-0.5107, 0.2299,-0.0061],[-15.8066,-16.9007,-17.2968,-15.9847,-17.1816],[-0.8056,-0.5031, 0.2232,-0.012 ],-0.1321
4594,[-0.8059, 0.5169,-0.2489, 0.    ],[-12.633 ,-12.8082,-12.2675,-10.9732,-11.7063],[-0.8164, 0.5098,-0.2421, 0.0052],-0.1198
5474,[-0.7638, 0.4851,-0.2067, 0.0302],[ 0.4886, 0.8396,15.8437, 0.647 , 3.9676],[-0.774 , 0.4772,-0.1997, 0.0443],-0.1736
5483,[-0.7635,-0.4778, 0.2239, 0.0154],[ 1.6808, 1.4316, 0.1592, 0.7881,12.2346],[-0.7731,-0.471 , 0.2173, 0.0075],-0.1782
5494,[-0.741 , 0.5212,-0.2117, 0.015 ],[-13.2658,-11.8506,-11.5327,-12.2237,-12.8224],[-7.5278e-01, 5.1440e-01,-2.0485e-01,-5.5393e-04],-0.2162
5574,[-0.7643, 0.4839,-0.2132,-0.009 ],[ 2.028 , 1.0481,33.1542, 1.1981, 1.4903],[-0.7744, 0.4765,-0.2061,-0.0088],-0.1741
5583,[-0.7688,-0.4814, 0.232 , 0.    ],[ 1.5831, 2.7521, 0.5441, 0.8884,37.1504],[-0.7783,-0.4748, 0.2255,-0.0039],-0.1724
5593,[-0.7545,-0.5173, 0.2108,-0.002 ],[-15.4345,-14.7894,-15.7635,-13.4421,-15.6526],[-0.7661,-0.51  , 0.2039,-0.0038],-0.1947
5594,[-0.7622, 0.5202,-0.1941,-0.0023],[-12.7393,-11.6368,-12.9218,-13.0669,-12.3646],[-0.7744, 0.5119,-0.1861,-0.0064],-0.1782
6494,[-0.7232, 0.5304,-0.2208, 0.023 ],[-7.5113,-6.2119,-7.6513,-7.2087,-7.676 ],[-0.7351, 0.5243,-0.2148, 0.0227],-0.2442
6593,[-0.7286,-0.5412, 0.2292, 0.    ],[-14.7944,-13.4494,-14.4018,-13.5439,-14.4979],[-0.7408,-0.5355, 0.2236, 0.    ],-0.241
6594,[-0.7052, 0.5385,-0.229 , 0.    ],[-11.0716,-11.3369,-11.6943,-10.5915,-11.4127],[-0.7172, 0.5333,-0.2237, 0.0156],-0.2694
7542,[-0.6601,-0.2149,-0.0628, 0.    ],[-471.5108,-469.1557,-471.041 ,-470.9216,-471.1909],[-0.8885, 0.003 ,-0.0012, 0.    ],0.2
