100,[-0.9649,-0.0402, 0.0537, 0.3768],[0.8219,1.6228,1.0683,1.2544,1.3485],[-0.9631,-0.0432, 0.0582, 0.3853],0.2484
101,[-0.9594,-0.0468, 0.0591, 0.4047],[ 0.2389,-0.2125, 0.9061, 0.8571, 0.5111],[-0.9575,-0.0476, 0.0576, 0.4158],0.2682
200,[-9.6520e-01,-9.0706e-04, 6.5486e-03, 3.0390e-01],[-0.2823, 0.0303,-0.1729, 0.2599,-0.8025],[-0.9638,-0.0024, 0.0101, 0.3142],0.2574
201,[-0.9587,-0.0264, 0.0913, 0.2633],[-0.4703,-0.8946, 1.7761,-0.6352,-0.3704],[-0.9569,-0.0443, 0.1088, 0.2757],0.251
202,[-0.9645, 0.0393,-0.0733, 0.2834],[-0.48  , 0.9092,-0.9608,-0.0623, 0.2378],[-0.963 , 0.0497,-0.0847, 0.2789],0.2356
210,[-0.9579, 0.103 ,-0.0061, 0.2948],[-0.5313,-1.0968, 0.6579,-0.5783,-0.6919],[-0.9571, 0.0716, 0.0271, 0.3032],0.271
211,[-0.9558, 0.0901, 0.072 , 0.2899],[-0.0781,-0.6232, 0.0108,-0.355 ,-0.0043],[-0.9542, 0.0439, 0.1164, 0.3028],0.2583
212,[-0.9583, 0.1026,-0.1151, 0.2693],[ 0.7944, 2.0238,-0.1315, 1.0239,-0.2113],[-0.957 , 0.1028,-0.1144, 0.2772],0.2246
220,[-0.9758,-0.0629, 0.0464, 0.2706],[-0.7767, 1.8866,-0.8379,-0.4811,-0.4694],[-0.9747,-0.0498, 0.0291, 0.2703],0.2146
221,[-0.9694,-0.0781, 0.1022, 0.2645],[ 0.2781,-0.2887, 1.4716, 1.3393,-0.2475],[-0.9679,-0.0786, 0.0985, 0.2737],0.2012
230,[-0.9557, 0.1884,-0.0253, 0.2619],[ 0.3525,-0.3454,-0.0737,-0.154 ,-0.6301],[-0.9563, 0.1391, 0.0238, 0.2763],0.2493
232,[-0.9586, 0.2143,-0.1236, 0.2983],[-0.0857,-0.3993, 0.9807,-0.1501,-0.4473],[-0.9591, 0.1847,-0.0968, 0.3021],0.191
234,[-0.957 , 0.2566,-0.2366, 0.2634],[0.7825,1.9561,0.1924,0.808 ,0.5068],[-0.9567, 0.2447,-0.2221, 0.2768],0.124
300,[-0.9677, 0.0032, 0.0033, 0.19  ],[-4.7274,-4.7113,-4.5179,-4.7666,-5.4213],[-0.9668,-0.0011, 0.0099, 0.2023],0.2553
301,[-0.9672,-0.012 , 0.085 , 0.1979],[-2.3392,-2.7295,-0.8995,-1.424 ,-2.1267],[-0.9657,-0.0386, 0.1156, 0.2004],0.2191
302,[-0.9644,-0.0054,-0.1138, 0.1886],[-2.0603,-0.2738,-2.3519,-1.9664,-2.3857],[-0.9625, 0.0358,-0.1526, 0.1929],0.2166
303,[-0.9588,-0.0174, 0.1784, 0.1585],[ 0.2787,-0.6142, 0.0101,-0.5523,-0.1271],[-0.9558,-0.0601, 0.2126, 0.1733],0.2063
304,[-0.9628, 0.022 ,-0.1885, 0.1703],[ 0.2007, 0.8126,-0.6985, 0.0186,-0.1406],[-0.9595, 0.0704,-0.2311, 0.1844],0.1818
310,[-0.9709, 0.0761,-0.0312, 0.1773],[-2.1851,-2.6424,-0.8945,-1.3892,-3.0177],[-0.9703, 0.0537,-0.0077, 0.1842],0.2338
311,[-0.9621, 0.0921, 0.067 , 0.1331],[-0.9501,-0.9055, 1.3536,-0.7669,-0.4165],[-0.961 , 0.0338, 0.1349, 0.1462],0.2297
312,[-0.9671, 0.1219,-0.1188, 0.1744],[-1.245 ,-0.3098,-1.9644, 0.1709,-1.9475],[-0.9663, 0.1164,-0.1133, 0.1858],0.187
314,[-0.9616, 0.1052,-0.2248, 0.1811],[-0.3696, 1.0129,-0.8881, 2.0938,-0.6626],[-0.9583, 0.1345,-0.2496, 0.1866],0.1526
320,[-0.9648,-0.0984, 0.0032, 0.158 ],[-1.9753,-0.4112,-2.1046,-1.6828,-1.9944],[-0.9645,-0.0609,-0.0321, 0.1673],0.2452
321,[-0.9698,-0.1042, 0.1292, 0.1936],[-0.7695,-1.3531, 0.0499,-0.1287,-1.9923],[-0.9686,-0.107 , 0.1286, 0.2022],0.1765
322,[-0.9648,-0.0926,-0.0703, 0.1671],[-0.1697, 1.0772,-1.0955,-0.2948, 0.141 ],[-0.9636,-0.033 ,-0.127 , 0.1812],0.2234
323,[-0.9577,-0.1216, 0.2048, 0.192 ],[ 0.046 ,-0.8357, 1.9599, 0.0215,-0.8288],[-0.9553,-0.1384, 0.2165, 0.2048],0.1744
332,[-0.9622, 0.1953,-0.1273, 0.1696],[-0.6521,-1.9104, 0.0102,-0.41  ,-1.4896],[-0.9628, 0.1694,-0.1003, 0.1842],0.1833
334,[-0.9625, 0.2317,-0.2527, 0.1693],[ 8.6480e-01, 1.3893e+00,-2.7924e-04, 3.6249e+00,-6.4867e-01],[-0.9613, 0.2324,-0.2509, 0.1835],0.1036
336,[-0.9621, 0.2372,-0.2817, 0.1918],[ 0.8937, 0.9452,-0.8468, 1.5383,-0.3703],[-0.9603, 0.2412,-0.2809, 0.2054],0.091
340,[-0.9641,-0.1821, 0.017 , 0.147 ],[ 0.4068, 0.4063,-0.6711, 0.1459,-0.5797],[-0.9649,-0.1203,-0.043 , 0.1597],0.2177
341,[-0.9664,-0.2173, 0.1059, 0.1545],[-0.6879, 0.4794,-1.3186,-0.3435,-1.127 ],[-0.9677,-0.1734, 0.0596, 0.1684],0.1811
343,[-0.9781,-0.2369, 0.1977, 0.1577],[ 0.4949,-0.5895, 2.291 , 2.1288,-0.9609],[-0.9784,-0.2136, 0.1796, 0.1724],0.0869
345,[-0.987 ,-0.2515, 0.3539, 0.1293],[ 0.206 ,-0.6166, 2.0318, 1.3763, 0.3886],[-0.9828,-0.2903, 0.3965, 0.1412],-0.031
361,[-0.9574,-0.2858, 0.1316, 0.1423],[-0.39  , 0.1972,-0.6348,-0.1949, 0.4724],[-0.9604,-0.2416, 0.0895, 0.1547],0.1668
363,[-0.9604,-0.3301, 0.1861, 0.1513],[-0.6208,-0.1698,-1.0977,-0.5852,-0.93  ],[-0.964 ,-0.2891, 0.1465, 0.1504],0.1138
367,[-0.9714,-0.3268, 0.4361, 0.1761],[ 1.1822,-0.7161, 3.6278, 0.6411,-0.1484],[-0.9668,-0.337 , 0.4467, 0.1898],-0.0293
400,[-0.9594, 0.004 , 0.0071, 0.0522],[-11.583 ,-10.9993,-10.8466,-10.9289,-12.4357],[-9.5911e-01, 8.6548e-04, 1.0411e-02, 6.1829e-02],0.2862
401,[-0.9657,-0.0135, 0.1069, 0.0576],[-3.7253,-4.3125,-2.771 ,-3.0133,-4.472 ],[-0.9644,-0.0539, 0.1458, 0.0671],0.2068
402,[-0.9639, 0.0153,-0.1051, 0.0496],[-3.0789,-2.556 ,-4.1425,-3.1392,-3.9009],[-0.9627, 0.0487,-0.138 , 0.0638],0.2167
403,[-0.9657,-0.0293, 0.1766, 0.0621],[-0.3661,-1.1044, 1.0466, 0.2354, 0.1726],[-0.9631,-0.08  , 0.2239, 0.0648],0.169
404,[-0.9685, 0.0411,-0.184 , 0.0575],[-0.6807, 0.2351,-0.6626, 1.9579,-0.7129],[-0.9656, 0.0971,-0.2401, 0.0599],0.1481
410,[-9.6494e-01, 1.1329e-01,-8.1152e-04, 6.4180e-02],[-3.0448,-3.0335,-1.727 ,-2.4936,-3.2306],[-0.9651, 0.0678, 0.0426, 0.0734],0.2319
411,[-0.9674, 0.0642, 0.0892, 0.0959],[-0.2   ,-0.9018,-0.2826, 0.1052, 0.3022],[-0.9661, 0.0026, 0.1469, 0.0958],0.2145
412,[-0.968 , 0.0982,-0.1051, 0.05  ],[-2.0843,-3.1773,-4.1678,-2.7353,-4.5173],[-0.9677, 0.1007,-0.107 , 0.0569],0.1913
414,[-0.9677, 0.1097,-0.2179, 0.0511],[-0.8821, 1.3779,-1.7412,-0.4701,-1.7423],[-0.965 , 0.1444,-0.249 , 0.0631],0.1281
416,[-0.9689, 0.1369,-0.2878, 0.0452],[-0.1356, 1.8957,-0.9173, 0.5757, 0.1911],[-0.9644, 0.1812,-0.3291, 0.0505],0.0833
420,[-0.9643,-0.1162,-0.0125, 0.06  ],[-2.5067,-1.0417,-3.269 ,-2.254 ,-2.8968],[-0.9644,-0.0649,-0.0636, 0.0712],0.2317
421,[-0.9639,-0.0942, 0.105 , 0.0802],[-2.3949,-4.1423,-2.108 ,-2.6354,-4.7928],[-0.9634,-0.0955, 0.1029, 0.0945],0.2093
422,[-0.9614,-0.0852,-0.0813, 0.1025],[ 0.2927, 0.6454,-1.2113, 0.3043,-0.45  ],[-0.9603,-0.0258,-0.1378, 0.116 ],0.2339
423,[-0.9613,-0.1144, 0.2255, 0.0573],[-0.6769,-2.0778, 0.4585, 0.0497,-1.7435],[-0.9585,-0.1446, 0.2529, 0.0638],0.1465
425,[-0.9593,-0.1386, 0.3   , 0.0477],[ 0.0725,-0.364 , 1.1426,-0.2894, 1.0907],[-0.9547,-0.1742, 0.3291, 0.0489],0.1154
430,[-0.9651, 0.1974,-0.0386, 0.084 ],[ 0.266 ,-0.9948, 0.6129,-0.3348,-0.3948],[-0.9665, 0.1366, 0.0184, 0.0924],0.2143
432,[-0.9677, 0.2311,-0.1044, 0.0761],[-1.6846,-2.3209,-0.3282,-1.6315,-2.4779],[-0.9695, 0.1693,-0.0459, 0.0883],0.17
434,[-0.9755, 0.2209,-0.2325, 0.0899],[-0.5188, 0.1653,-1.5806, 0.3621,-2.0355],[-0.9749, 0.2162,-0.2231, 0.1046],0.0799
436,[-0.9623, 0.201 ,-0.331 , 0.0682],[-0.1079, 1.6651,-0.2575, 3.305 ,-0.1589],[-0.958 , 0.2263,-0.3507, 0.083 ],0.0753
438,[-0.9579, 0.2405,-0.39  , 0.083 ],[ 1.0824, 2.2559,-0.0897, 1.4808, 0.0994],[-0.9525, 0.261 ,-0.4056, 0.0982],0.0543
440,[-0.9644,-0.1812, 0.0366, 0.0573],[-0.4793, 0.311 ,-0.6165,-0.3683, 0.0843],[-0.9656,-0.1212,-0.0223, 0.0706],0.2198
441,[-0.9665,-0.2227, 0.1105, 0.0691],[-1.8627,-1.2322,-1.9974,-1.6186,-2.6373],[-0.9682,-0.1764, 0.0643, 0.0834],0.1749
443,[-0.9616,-0.2336, 0.2125, 0.0499],[-0.4981,-1.5432, 0.0453, 1.3819,-1.9047],[-0.9619,-0.2222, 0.1989, 0.064 ],0.1258
445,[-0.9621,-0.2007, 0.3114, 0.0561],[ 0.4585,-0.6138, 3.3627, 1.7166,-0.3267],[-0.9584,-0.2271, 0.3343, 0.0704],0.0812
452,[-0.9624, 0.3074,-0.1352, 0.0716],[-0.5401,-0.5995, 0.1218,-0.159 ,-0.635 ],[-0.9662, 0.2524,-0.0827, 0.0804],0.1459
454,[-0.9711, 0.3124,-0.22  , 0.0533],[-1.5602,-2.0087,-0.9682,-1.4097,-2.2937],[-0.9736, 0.2667,-0.1725, 0.0684],0.0849
456,[-0.9724, 0.2916,-0.2979, 0.0401],[-0.5643,-0.3227,-1.7249, 0.7138,-1.9394],[-0.9722, 0.29  ,-0.2934, 0.0459],0.0338
461,[-0.9632,-0.3053, 0.1405, 0.044 ],[ 0.4598,-0.0598,-0.7097,-0.2994,-0.7621],[-0.9671,-0.2506, 0.0865, 0.0503],0.1428
463,[-0.9637,-0.3421, 0.2298, 0.0541],[-1.8906,-1.0757,-2.1881,-1.7751,-2.2546],[-0.9672,-0.3102, 0.1971, 0.0652],0.0765
465,[-0.9721,-0.3592, 0.3343, 0.0763],[-0.1761,-1.3878, 0.0084, 0.7585,-1.5512],[-0.973 ,-0.3481, 0.3203, 0.0876],-0.0005
476,[-0.9801, 0.4678,-0.3563, 0.0382],[-1.3794,-1.2686,-1.1191,-0.7224,-1.6961],[-0.9845, 0.4302,-0.3194, 0.0531],-0.0577
485,[-0.9689,-0.3921, 0.3741, 0.0156],[-1.7091,-1.42  ,-1.8352,-1.2962,-2.0665],[-0.9696,-0.3877, 0.3688, 0.0305],-0.0254
500,[-0.96  , 0.0065,-0.0134,-0.0212],[ 0.3067, 0.151 , 0.626 , 1.8627,-2.3825],[-0.96  , 0.0096,-0.0173,-0.01  ],0.2786
501,[-0.9644,-0.0019, 0.1071,-0.011 ],[-1.0862,-1.4261, 0.8126,-0.5678,-2.0812],[-0.9634,-0.0411, 0.1451,-0.0146],0.2138
502,[-0.9628, 0.0107,-0.0914,-0.0161],[-1.3149,-0.9784,-2.5529,-1.7793,-3.0095],[-0.9621, 0.0418,-0.1222,-0.0095],0.2281
503,[-0.962 ,-0.0428, 0.1835,-0.0287],[-0.3711,-0.6303, 1.1312, 0.1313,-0.3377],[-0.9596,-0.0874, 0.2257,-0.013 ],0.1769
504,[-0.957 , 0.0234,-0.1868,-0.058 ],[-0.3446, 1.0714,-0.8662, 0.3161,-0.6218],[-0.9544, 0.0703,-0.2313,-0.0421],0.1992
510,[-0.9617, 0.0917, 0.0019,-0.0145],[-1.5737,-2.2993, 0.5012,-1.0916,-2.1166],[-0.9621, 0.0565, 0.0366,-0.0132],0.2523
511,[-0.9687, 0.0667, 0.0738,-0.0143],[-0.2355,-0.5857, 0.6113, 0.0123,-0.2455],[-0.9681, 0.0022, 0.1371,-0.0145],0.2122
512,[-0.9637, 0.0895,-0.0834,-0.0188],[-1.7101,-1.1724,-1.8811, 1.0035,-3.1374],[-0.9639, 0.088 ,-0.0809,-0.0126],0.2199
514,[-0.9581, 0.1135,-0.2246,-0.0037],[-0.7615, 0.982 ,-1.6955,-0.4927,-1.9713],[-0.9554, 0.1431,-0.2542, 0.004 ],0.1564
520,[-0.9647,-0.1037, 0.0025,-0.0108],[-1.5218,-0.4735,-2.2626,-1.3444,-2.8326],[-0.9651,-0.0595,-0.0428,-0.0083],0.24
521,[-0.9616,-0.084 , 0.1021,-0.0539],[-0.3076,-1.1265,-0.6645, 1.0431,-2.2439],[-0.9615,-0.0903, 0.1049,-0.0472],0.2175
522,[-0.9636,-0.0781,-0.0703,-0.0103],[ 0.3082, 1.3888,-0.7031,-0.7586,-1.0265],[-0.9632,-0.019 ,-0.1276,-0.0098],0.2305
523,[-0.9647,-0.1075, 0.2176,-0.0194],[-0.6952,-0.9884, 1.7489, 0.4759,-1.4902],[-0.9623,-0.1435, 0.2523,-0.0159],0.1355
525,[-0.9656,-0.1528, 0.2891,-0.0221],[-0.0029,-0.5739, 1.5398, 0.9304,-0.572 ],[-0.9617,-0.1924, 0.3268,-0.022 ],0.0886
530,[-0.9615, 0.1692,-0.0243,-0.021 ],[ 0.0533,-0.8551, 0.9125,-0.5754,-0.0766],[-0.963 , 0.1178, 0.0266,-0.0213],0.232
532,[-0.9618, 0.2222,-0.0957,-0.0116],[-2.4036,-2.4419,-1.4156,-1.3941,-2.8018],[-0.9641, 0.1799,-0.0546,-0.0022],0.1926
536,[-0.974 , 0.2755,-0.2932, 0.    ],[ 0.7022, 1.8396,-0.7312, 1.91  ,-0.7459],[-0.9733, 0.2806,-0.2983, 0.0156],0.0323
540,[-0.9578,-0.1818, 0.0322,-0.0078],[-0.339 , 0.7556,-1.0479, 0.6288,-0.5881],[-0.9595,-0.1338,-0.0158,-0.0078],0.2427
541,[-9.6468e-01,-2.4595e-01, 1.0151e-01,-1.1079e-04],[-2.0057,-1.708 ,-2.8028,-1.9143,-2.8854],[-0.9675,-0.1916, 0.0485,-0.0032],0.1787
543,[-0.9597,-0.2714, 0.2095, 0.    ],[-1.0478,-1.8118,-0.368 , 0.0465,-2.6207],[-0.9614,-0.2553, 0.1951, 0.0156],0.116
545,[-0.9644,-0.2331, 0.3335,-0.0114],[ 0.2968,-0.1858, 3.3356, 0.8098,-0.8624],[-0.961 ,-0.2561, 0.3556,-0.0112],0.0529
547,[-0.9602,-0.2664, 0.3969,-0.0421],[ 0.9844,-0.3294, 1.1952, 0.5329, 0.4074],[-0.9553,-0.2873, 0.4147,-0.0269],0.0319
552,[-0.9599, 0.2873,-0.1605, 0.    ],[-0.7302,-0.7176,-0.0273, 0.2995,-0.1101],[-0.9632, 0.2518,-0.1275, 0.    ],0.1387
554,[-9.5778e-01, 3.4242e-01,-2.0179e-01,-5.0810e-04],[-1.4551,-1.6694,-1.2621,-1.4801,-2.4456],[-0.9621, 0.3086,-0.1679, 0.0073],0.1036
556,[-0.9657, 0.3244,-0.3463, 0.    ],[-1.3127,-0.0649,-1.7157, 0.5368,-2.1862],[-0.9648, 0.3242,-0.3459, 0.0052],0.02
561,[-9.7181e-01,-3.1274e-01, 1.4969e-01,-5.5393e-04],[-0.4679, 0.277 ,-0.7829,-0.1711,-0.6597],[-0.9758,-0.2425, 0.0794, 0.0137],0.1207
563,[-0.9605,-0.3244, 0.21  ,-0.0031],[-1.913 ,-1.4594,-2.2948,-1.4821,-2.5897],[-9.6399e-01,-2.9335e-01, 1.7908e-01,-1.1079e-04],0.0995
565,[-0.9569,-0.2869, 0.3781,-0.0073],[-0.5498,-1.287 , 0.2562, 1.2749,-1.7145],[-9.5357e-01,-3.0029e-01, 3.8893e-01, 1.4854e-04],0.0419
583,[-0.9593,-0.3999, 0.2356,-0.0157],[-0.2841,-0.1322,-0.5029,-0.4275,-0.7563],[-9.6504e-01,-3.6483e-01, 2.0046e-01, 3.9258e-05],0.0601
585,[-0.967 ,-0.3996, 0.3809, 0.    ],[-1.8027,-1.7427,-2.23  ,-1.3367,-2.9162],[-0.9678,-0.3968, 0.3782, 0.0039],-0.0282
598,[-0.9659, 0.5119,-0.401 , 0.    ],[ 0.3191,-0.8533, 0.6586, 7.6302,-0.7237],[-0.9707, 0.5043,-0.3929, 0.0078],-0.0815
1100,[-0.9422,-0.0018, 0.0275, 0.4027],[ 1.9564, 5.4574, 1.9271, 0.3726,13.5309],[-0.9404,-0.0048, 0.0245, 0.3976],0.3563
1101,[-0.9405, 0.0068, 0.0841, 0.3811],[ 1.031 ,-0.9596, 6.0177, 0.5168, 1.8971],[-0.9384,-0.0109, 0.0979, 0.3678],0.3426
1110,[-0.9349, 0.0794,-0.0176, 0.3858],[ 1.3301,-0.1874, 5.3337,-0.0602, 4.195 ],[-0.9335, 0.0642, 0.0044, 0.3824],0.376
1112,[-0.9414, 0.1318,-0.0793, 0.3816],[ 1.1395, 1.493 , 0.4358, 0.3513,15.7903],[-0.9405, 0.1176,-0.0633, 0.3805],0.3034
1123,[-0.9369,-0.142 , 0.1717, 0.3839],[ 1.6045,-0.6291, 5.1139, 0.1554, 3.2121],[-0.9348,-0.1431, 0.1711, 0.3819],0.2655
1134,[-0.9268, 0.1706,-0.1944, 0.3835],[ 0.7179, 0.8684, 0.4134, 0.7316,10.0627],[-0.925 , 0.1688,-0.1826, 0.3772],0.2862
1163,[-0.913 ,-0.2988, 0.2695, 0.3792],[1.6739,1.7407,0.0672,0.5282,3.4935],[-0.9132,-0.2901, 0.2474, 0.3654],0.2227
1165,[-0.913 ,-0.3255, 0.3173, 0.3827],[ 1.403 ,-0.2929, 1.7936, 0.736 , 3.6355],[-0.9128,-0.3184, 0.2955, 0.38  ],0.1835
1200,[-9.2765e-01,-9.2043e-03, 3.7588e-04, 2.8853e-01],[ 0.7131, 1.1465, 0.5701, 0.3749,26.019 ],[-0.9264,-0.0081, 0.0014, 0.2788],0.4186
1201,[-0.9329,-0.0131, 0.0934, 0.2948],[-0.2827,-1.5378, 4.2754,-0.3767, 3.8387],[-0.931 ,-0.0274, 0.1041, 0.2865],0.3624
1202,[-0.9263, 0.0216,-0.0794, 0.2838],[ 0.2639, 1.8522,-1.4176,-1.0383, 2.1211],[-0.9248, 0.0298,-0.0807, 0.2787],0.3998
1203,[-0.9488,-0.0349, 0.1891, 0.2745],[-1.2194,-1.9233,-0.6633,-1.8839,-0.5476],[-0.9454,-0.0668, 0.2168, 0.2602],0.2393
1210,[-0.9373, 0.0917,-0.0152, 0.3189],[ 0.6284,-0.5115,21.3496,-0.1174, 1.805 ],[-0.9363, 0.0751,-0.0018, 0.3211],0.3598
1212,[-0.9407, 0.1288,-0.0959, 0.3199],[ 2.4421,30.8593, 0.534 , 0.4942, 5.3182],[-0.9398, 0.1189,-0.0821, 0.3229],0.2977
1214,[-0.9389, 0.1458,-0.2072, 0.2967],[ 0.9294,11.6528,-0.3991,-0.5107, 0.6161],[-0.9364, 0.1521,-0.208 , 0.3059],0.2379
1216,[-0.9215, 0.148 ,-0.2848, 0.2571],[-0.6288, 0.2377,-1.4487,-0.8115, 1.0335],[-0.9171, 0.162 ,-0.2956, 0.2551],0.2628
1220,[-0.9277,-0.0851, 0.0189, 0.275 ],[ 0.7542,14.8719,-1.0292,-0.4553, 3.5217],[-0.9269,-0.0731, 0.012 , 0.2766],0.4004
1221,[-0.9269,-0.1262, 0.1089, 0.2879],[ 2.933 , 0.4001, 2.9395, 0.3117,11.3466],[-0.926 ,-0.1214, 0.1035, 0.2802],0.3408
1223,[-0.9376,-0.1289, 0.1818, 0.2896],[ 0.5199,-0.4333,19.0579, 0.188 , 0.9517],[-0.9355,-0.135 , 0.1825, 0.2921],0.2617
1230,[-0.9407, 0.1786,-0.0438, 0.2897],[-1.9273,-2.5096,-1.4966,-1.8307,-1.0864],[-0.9411, 0.1486,-0.0172, 0.3016],0.307
1232,[-0.9373, 0.2103,-0.1216, 0.2939],[ 0.7667, 1.1117,12.5267, 0.1894, 1.8504],[-0.9379, 0.1911,-0.106 , 0.3004],0.2616
1234,[-0.9377, 0.2219,-0.2194, 0.2915],[6.6787e-01,2.0467e+01,1.8942e-02,2.3752e-01,2.3325e+00],[-0.9369, 0.2146,-0.2026, 0.3008],0.2085
1236,[-0.9311, 0.2187,-0.3106, 0.2664],[ 0.7495, 1.3691,-0.2694, 0.0271, 6.8392],[-0.9278, 0.2254,-0.3072, 0.2634],0.1906
1240,[-0.924 ,-0.1868, 0.0386, 0.271 ],[-0.8534,-0.105 ,-1.9482,-1.152 , 0.2583],[-0.9248,-0.1616, 0.0216, 0.261 ],0.3562
1241,[-0.9255,-0.2054, 0.12  , 0.2879],[ 0.6501,13.8078, 0.0959,-0.2421, 2.0838],[-0.926 ,-0.1898, 0.1081, 0.2923],0.3081
1243,[-0.9237,-0.2323, 0.2126, 0.2802],[ 0.3214,-0.2767,14.0558, 0.8131, 5.0433],[-0.9235,-0.225 , 0.1945, 0.2834],0.2555
1245,[-0.9215,-0.2532, 0.2895, 0.2508],[ 7.5672,-0.6103, 4.235 , 0.3231, 2.6898],[-0.92  ,-0.2525, 0.276 , 0.2586],0.2196
1252,[-0.9282, 0.2887,-0.1462, 0.2667],[-1.4522,-1.9864,-0.813 ,-1.4493,-1.8057],[-0.9307, 0.2644,-0.1238, 0.2804],0.2473
1254,[-0.9394, 0.3102,-0.2277, 0.2721],[ 1.2037,-0.0132, 4.9692, 1.242 , 0.7928],[-0.941 , 0.293 ,-0.2123, 0.2832],0.1586
1256,[-0.9337, 0.3494,-0.2849, 0.2504],[0.8924,9.3332,0.0387,0.7677,0.5531],[-0.9353, 0.3369,-0.2687, 0.2623],0.1315
1263,[-0.9186,-0.2974, 0.2326, 0.2987],[0.9756,0.4724,0.2416,1.8823,3.0237],[-0.9198,-0.2853, 0.2142, 0.3019],0.2288
1265,[-0.9197,-0.3369, 0.321 , 0.2886],[ 0.3093, 0.1334,13.4275, 0.9784, 1.0757],[-0.9198,-0.3304, 0.3082, 0.2972],0.1652
1267,[-0.9312,-0.3526, 0.4316, 0.3034],[ 0.0547,-0.508 , 5.4191, 0.5752, 0.7432],[-0.9279,-0.3513, 0.423 , 0.3152],0.0771
1300,[-0.9158,-0.0035, 0.003 , 0.1365],[  2.127 ,  2.9023,  2.0433,  0.5898,555.4683],[-0.9152,-0.0035, 0.0031, 0.1314],0.4477
1301,[-0.9165,-0.0402, 0.067 , 0.1425],[ -0.3092, -0.2972,122.795 , -0.3427,  2.2217],[-0.9157,-0.0436, 0.0672, 0.146 ],0.4266
1302,[-0.9167, 0.0392,-0.0685, 0.143 ],[ 2.8518e-01, 1.3235e+02,-8.3581e-01, 3.2242e-02, 2.1269e+00],[-0.9158, 0.043 ,-0.0689, 0.1472],0.426
1303,[-0.9309,-0.041 , 0.1965, 0.1461],[-2.2231,-3.1098,-2.0434,-2.5648,-1.9659],[-0.9278,-0.0664, 0.2171, 0.1477],0.3081
1304,[-0.9352, 0.0287,-0.1898, 0.1725],[-0.5374,-0.86  ,-2.2258,-0.386 , 0.7774],[-0.9321, 0.0572,-0.2123, 0.1727],0.2942
1310,[-0.9201, 0.0752,-0.031 , 0.1456],[-0.5257,-0.6634,16.9582,-0.1659, 0.7419],[-0.9197, 0.0673,-0.0268, 0.1486],0.4188
1311,[-0.9347, 0.0748, 0.0682, 0.1623],[-4.6984,-5.8287,-4.9883,-5.5393,-4.9194],[-0.9339, 0.0465, 0.0903, 0.1652],0.3511
1312,[-0.9164, 0.0717,-0.0871, 0.1425],[ 0.8299, 1.2872, 0.5164, 1.4587,61.3301],[-0.9157, 0.0731,-0.0855, 0.1373],0.4031
1314,[-0.9301, 0.1187,-0.2067, 0.1699],[ 0.4912,21.7566,-0.7497, 0.8439, 0.5598],[-0.9278, 0.1305,-0.2116, 0.1726],0.278
1316,[-0.932 , 0.1369,-0.2985, 0.1752],[-0.3214, 2.2734,-1.7061,-0.1527,-0.7887],[-0.9274, 0.1569,-0.3081, 0.1768],0.2176
1320,[-0.9205,-0.0748, 0.0312, 0.1717],[  0.5593,138.1512,  0.3335, -0.1514,  1.9064],[-0.92  ,-0.0672, 0.0272, 0.1765],0.4191
1321,[-0.9189,-0.0795, 0.0868, 0.1613],[  1.0477,  0.5641,244.5016,  0.3527,  2.2674],[-0.9182,-0.0791, 0.0822, 0.1669],0.3936
1322,[-0.9363,-0.0851,-0.0828, 0.1728],[-1.6844,-1.5568,-3.2173,-2.0133,-0.3502],[-0.9353,-0.0514,-0.1079, 0.1805],0.3349
1323,[-0.9303,-0.124 , 0.1983, 0.1757],[ 2.7956,-0.6646,23.1209, 0.3449, 5.9519],[-0.9283,-0.1339, 0.2014, 0.1739],0.2796
1325,[-0.9393,-0.1593, 0.2786, 0.1824],[-0.3359,-1.7419,-0.0296,-0.2583,-0.9984],[-0.9356,-0.1755, 0.2884, 0.1809],0.1958
1330,[-0.9305, 0.1889,-0.0325, 0.1532],[-4.7376,-5.7582,-4.4126,-5.3379,-4.6579],[-0.9319, 0.1593,-0.0071, 0.1506],0.3414
1332,[-0.9277, 0.2106,-0.1108, 0.1763],[-5.3158,-6.3943,-5.3666,-5.0626,-5.3906],[-0.9289, 0.1913,-0.0893, 0.1832],0.3044
1334,[-0.9283, 0.2243,-0.2171, 0.1763],[ 1.4347e+00, 1.5412e+01,-8.4624e-03, 1.2944e+00, 2.1931e+00],[-0.9281, 0.2193,-0.2021, 0.1804],0.2405
1336,[-0.9307, 0.212 ,-0.3008, 0.1873],[ 1.2449,30.0609,-0.7119, 0.6781, 1.4201],[-0.9277, 0.22  ,-0.2995, 0.1905],0.1944
1338,[-0.9406, 0.2704,-0.4152, 0.1292],[ 0.6732, 4.6289,-0.7713,-0.7797,-0.1851],[-0.9351, 0.2816,-0.4206, 0.1441],0.0886
1340,[-0.9316,-0.1962, 0.0286, 0.1633],[-2.7706,-0.1369,-2.9701,-2.3478,-2.1369],[-0.933 ,-0.1636, 0.001 , 0.1701],0.3306
1341,[-0.9255,-0.2032, 0.1198, 0.1769],[ 1.2111, 1.3471,-1.0541, 0.4785,-0.9739],[-0.9264,-0.1879, 0.1045, 0.1818],0.3081
1343,[-0.9272,-0.2273, 0.2126, 0.1707],[ 0.5036, 0.5359,24.7179, 0.9397, 1.3409],[-0.9272,-0.2215, 0.1962, 0.1777],0.2456
1345,[-0.9321,-0.2386, 0.3165, 0.1781],[ 0.4104,-0.1482,24.5664, 0.5693, 1.3792],[-0.9293,-0.2447, 0.3138, 0.1881],0.1713
1352,[-0.9263, 0.2995,-0.1391, 0.1734],[-3.9093,-4.5901,-2.6955,-3.4892,-3.9591],[-0.9297, 0.2735,-0.1161, 0.1767],0.2509
1354,[-0.9278, 0.3271,-0.2254, 0.1873],[-2.2052,-3.1663,-2.757 ,-1.2563,-2.7761],[-0.9306, 0.3107,-0.2056, 0.1959],0.1887
1356,[-0.9278, 0.3328,-0.3227, 0.1737],[ 2.8253,10.4152,-0.5065, 3.8302, 0.6537],[-0.928 , 0.3278,-0.3086, 0.185 ],0.1374
1358,[-0.9256, 0.3186,-0.4144, 0.1661],[ 0.682 ,14.6488,-0.423 , 0.3591, 0.8311],[-0.922 , 0.3224,-0.4092, 0.1781],0.109
1360,[-0.9262,-0.3004, 0.0468, 0.1483],[-0.8877,-0.7872,-1.5227,-0.5501,-0.3936],[-0.9304,-0.2578, 0.0128, 0.1625],0.3028
1361,[-0.9252,-0.3067, 0.1339, 0.1605],[-1.2747,-0.6248,-2.6695,-1.5316,-1.3372],[-0.929 ,-0.2796, 0.1106, 0.1684],0.2535
1363,[-0.9219,-0.315 , 0.2278, 0.201 ],[ 0.3497,-1.0073,-1.2258, 0.3202,-0.7711],[-0.9241,-0.3014, 0.2111, 0.2098],0.2112
1365,[-0.9204,-0.3225, 0.3319, 0.1767],[8.5128e-01,9.7237e-03,1.6377e+01,8.0007e-01,2.4920e-01],[-0.9199,-0.3195, 0.3195, 0.1894],0.1592
1367,[-0.9277,-0.3449, 0.4164, 0.1651],[ 0.9203,-0.6551, 1.3953, 6.8718, 1.4666],[-0.9248,-0.3461, 0.4115, 0.1751],0.0907
1374,[-0.9286, 0.4043,-0.2578, 0.1675],[-2.2943,-2.5159,-1.244 ,-1.7202,-2.0356],[-0.9335, 0.3852,-0.2336, 0.1817],0.1314
1376,[-0.9217, 0.4198,-0.326 , 0.1538],[-1.433 ,-1.6485,-1.5197,-0.9817,-2.4741],[-0.9251, 0.4099,-0.3125, 0.1612],0.1091
1378,[-0.9136, 0.4686,-0.3943, 0.1404],[ 0.8969, 4.5418,-0.0508, 2.4672, 0.4536],[-0.9169, 0.463 ,-0.3792, 0.1497],0.0751
1383,[-0.9158,-0.4067, 0.2041, 0.1273],[-1.1747,-0.0427,-1.2443,-1.2797,-1.3118],[-0.9222,-0.3848, 0.1828, 0.1423],0.1927
1385,[-0.9192,-0.3975, 0.3743, 0.2192],[-0.3125,-0.3977,-0.064 , 0.5507,-0.8328],[-0.9196,-0.3928, 0.374 , 0.2192],0.1044
1387,[-0.9178,-0.4173, 0.4234, 0.1575],[ 2.3925,-0.92  , 2.8753, 2.9877,-0.0391],[-0.9176,-0.4144, 0.4128, 0.1708],0.0804
1400,[-9.1686e-01,-4.6740e-04, 3.5852e-04, 7.5966e-02],[1.5630e+03,1.1289e+00,8.2851e+00,1.2233e+00,2.9800e+00],[-9.1651e-01,-4.5064e-04, 3.8390e-04, 7.8921e-02],0.4468
1401,[-0.9165,-0.0412, 0.0648, 0.0722],[5.3490e-01,9.4393e-02,2.1485e+02,6.2262e-01,1.2548e+00],[-0.916 ,-0.0445, 0.0655, 0.0751],0.4298
1402,[-0.9165, 0.0416,-0.0651, 0.0704],[ 1.1111e+00, 3.9036e+02,-1.5724e-01, 7.2126e-02, 5.4536e-01],[-0.916 , 0.0448,-0.066 , 0.0741],0.4295
1403,[-0.9295,-0.0274, 0.19  , 0.061 ],[-2.219 ,-3.8689,-2.1971,-2.4801,-2.2718],[-0.9268,-0.0549, 0.21  , 0.0611],0.3165
1404,[-0.9271, 0.026 ,-0.1932, 0.0461],[-2.2822,-0.0856,-2.9151,-1.8345,-0.9213],[-0.9243, 0.0535,-0.2143, 0.0463],0.3244
1410,[-0.9175, 0.0622,-0.0463, 0.0479],[ 3.9975e-01, 1.4435e+00, 8.4560e+02,-5.0415e-01,-1.6096e-01],[-0.9173, 0.0597,-0.046 , 0.0547],0.4326
1411,[-0.9298, 0.0837, 0.0795, 0.0565],[-6.2528,-6.9111,-6.1694,-6.4685,-6.3543],[-0.9294, 0.0525, 0.1048, 0.0588],0.358
1412,[-0.9169, 0.0688,-0.0741, 0.0541],[  0.8945,645.5493,  0.9828,  2.7187,  2.2696],[-0.9166, 0.069 ,-0.0715, 0.0608],0.4155
1413,[-0.9245, 0.0647, 0.1769, 0.0138],[-1.1676,-1.5813, 0.1684,-0.7315, 0.3615],[-0.9222, 0.0251, 0.2049, 0.028 ],0.356
1414,[-0.9236, 0.1269,-0.1957, 0.055 ],[-4.9271e-02, 5.8293e+01,-2.4925e-01, 1.1881e+00, 1.7910e+00],[-0.9221, 0.1366,-0.1997, 0.06  ],0.296
1416,[-0.9243, 0.1417,-0.2921, 0.0692],[ 1.1706, 0.4349,-1.2503,-0.9259,-0.6682],[-0.9202, 0.1603,-0.3026, 0.0767],0.2371
1420,[-0.9179,-0.0631, 0.0454, 0.0493],[-5.5388e-01, 1.0697e+03,-5.0233e-01, 1.3698e-01, 9.2150e-01],[-0.9178,-0.0603, 0.0452, 0.0571],0.4322
1421,[-0.9173,-0.0695, 0.0724, 0.0516],[  4.8602,  1.0522,531.1375,  2.5564,  1.2328],[-0.9171,-0.0692, 0.0693, 0.0598],0.4159
1422,[-0.9281,-0.0876,-0.0861, 0.0553],[-3.6591,-2.9928,-4.8662,-3.9756,-3.6555],[-0.9276,-0.0555,-0.1118, 0.0576],0.363
1423,[-0.9232,-0.129 , 0.194 , 0.0491],[ 0.7435,-0.6674,60.7298, 0.2182, 1.1923],[-0.9218,-0.1381, 0.1974, 0.0533],0.2971
1425,[-0.9303,-0.1418, 0.3093, 0.0477],[-0.1559,-1.5547, 2.3822, 0.4665,-1.026 ],[-0.9255,-0.1645, 0.325 , 0.0546],0.2116
1430,[-0.9281, 0.1963,-0.0252, 0.052 ],[-7.6226,-7.939 ,-7.3708,-7.5393,-7.3987],[-0.93  , 0.1645, 0.0023, 0.0551],0.3422
1432,[-0.9228, 0.2065,-0.1121, 0.0568],[-11.2968,-11.1309,-11.374 ,-10.4949,-11.6382],[-0.9244, 0.1902,-0.0946, 0.0601],0.3188
1434,[-0.9209, 0.2112,-0.2082, 0.0552],[ 1.3529,22.2915,-0.7723, 6.7514, 1.2522],[-0.9209, 0.2092,-0.1991, 0.0614],0.2689
1436,[-0.9282, 0.2268,-0.323 , 0.0683],[ 0.0453,33.7255,-0.3042, 0.5649,-0.0426],[-0.9251, 0.2368,-0.3259, 0.0742],0.179
1438,[-0.9494, 0.2578,-0.4047, 0.1062],[ 0.2021, 2.3436,-1.2652, 5.6253,-0.3012],[-0.9439, 0.2729,-0.4144, 0.1213],0.0696
1440,[-0.9252,-0.2034, 0.0202, 0.0584],[-3.828 ,-2.451 ,-4.6989,-4.1107,-4.4671],[-0.9273,-0.171 ,-0.0079, 0.0617],0.3502
1441,[-0.9222,-0.206 , 0.1192, 0.0626],[-5.7993,-6.4983,-5.3847,-4.9786,-6.2005],[-0.9236,-0.1912, 0.1035, 0.0695],0.3178
1442,[-0.9303,-0.1755,-0.079 , 0.0488],[-0.8449,-0.3291,-1.6197,-0.4266,-1.5511],[-0.9311,-0.1278,-0.1175, 0.0479],0.3121
1443,[-0.9229,-0.2091, 0.2144, 0.06  ],[ 1.4695,-0.0993,65.333 , 0.6159, 0.6296],[-0.9227,-0.2083, 0.2077, 0.07  ],0.2616
1445,[-0.9348,-0.2366, 0.3163, 0.0632],[ 0.447 ,-0.4346,41.6568, 0.2811,-0.4306],[-0.9322,-0.2456, 0.3191, 0.0746],0.16
1450,[-0.9184, 0.2969,-0.0153, 0.0141],[-0.9902,-1.9303,-1.3946,-0.829 ,-0.2821],[-9.2325e-01, 2.5479e-01, 1.8693e-02,-2.1059e-04],0.3307
1452,[-0.9227, 0.3086,-0.1289, 0.053 ],[-5.0151,-5.7864,-4.7159,-5.3959,-5.0671],[-0.927 , 0.2821,-0.1052, 0.0555],0.262
1454,[-0.9266, 0.3297,-0.2138, 0.0616],[-4.7902,-4.7433,-4.8393,-4.7824,-5.2554],[-0.93  , 0.3129,-0.1957, 0.0715],0.1946
1456,[-0.9259, 0.3195,-0.3266, 0.0573],[ 0.4946, 5.2746,-1.1247, 4.5031,-0.7756],[-0.9256, 0.3183,-0.321 , 0.0694],0.1431
1458,[-0.9264, 0.3581,-0.4304, 0.0563],[ 0.8913,21.6172,-0.4435, 0.6354,-0.0846],[-0.9235, 0.3609,-0.4293, 0.0686],0.0749
1460,[-0.9243,-0.3128, 0.0435, 0.0305],[-1.4089,-0.6423,-2.0863, 0.1745,-1.4061],[-0.9295,-0.27  , 0.0063, 0.0446],0.304
1461,[-0.9232,-0.3069, 0.1304, 0.0604],[-3.1118,-1.8867,-3.9976,-3.4191,-3.0401],[-0.9274,-0.2804, 0.1061, 0.0675],0.261
1463,[-0.9232,-0.3219, 0.2149, 0.054 ],[-2.1113,-2.0113,-2.4285,-1.9247,-3.3826],[-0.9263,-0.3074, 0.2012, 0.0665],0.207
1465,[-0.9227,-0.324 , 0.3425, 0.0694],[ 0.3775,-0.7959, 4.3021,10.7582, 0.0643],[-0.922 ,-0.3242, 0.339 , 0.084 ],0.1443
1467,[-0.9337,-0.3316, 0.4092, 0.0684],[ 0.7391, 0.4954,22.4076, 0.0959, 0.5918],[-0.9307,-0.3361, 0.4078, 0.0807],0.0808
1474,[-0.9371, 0.4182,-0.2436, 0.0312],[-1.5046,-2.5883,-1.6373,-1.5896,-2.2499],[-0.9432, 0.3957,-0.2222, 0.037 ],0.1024
1476,[-0.9227, 0.4381,-0.3062, 0.0601],[-1.2076,-1.5787,-1.5863,-1.1557,-2.3172],[-0.9278, 0.4268,-0.2949, 0.0686],0.1013
1478,[-0.9205, 0.434 ,-0.4208, 0.0641],[ 1.2643, 3.4146,-0.3303, 2.6311,-0.4544],[-0.9211, 0.4319,-0.4158, 0.0774],0.0604
1481,[-0.918 ,-0.4166, 0.1243, 0.1093],[-0.6885,-0.4205,-1.384 ,-1.1298,-0.9856],[-0.9262,-0.3815, 0.0954, 0.1244],0.222
1483,[-0.929 ,-0.4176, 0.2306, 0.0678],[-1.8847,-1.0414,-1.8056,-1.3419,-1.7018],[-0.9353,-0.3955, 0.2104, 0.0786],0.1323
1485,[-0.9276,-0.4355, 0.3167, 0.0405],[-0.8628,-0.8834,-0.9878,-0.8274,-1.9064],[-0.9322,-0.4247, 0.3047, 0.0514],0.0844
1487,[-0.9209,-0.4103, 0.4351, 0.0574],[ 2.6839e-01, 5.8693e-04, 7.8298e+00, 8.4100e-01,-2.4618e-01],[-0.9199,-0.4099, 0.4316, 0.0705],0.0644
1500,[-0.9184, 0.0016,-0.0018,-0.0572],[-362.8805,-362.527 ,-361.3511,-361.8817,-363.5212],[-0.9187, 0.0017,-0.002 ,-0.0492],0.4486
1501,[-0.9165,-0.0351, 0.0733,-0.0516],[-179.7265,-181.2495,-178.8889,-179.9544,-180.0319],[-0.9164,-0.0413, 0.0771,-0.0502],0.4243
1502,[-0.9167, 0.0345,-0.0737,-0.0508],[-153.8794,-152.1309,-155.374 ,-154.3285,-154.4499],[-0.9166, 0.0408,-0.0777,-0.0486],0.4241
1503,[-0.9283,-0.0233, 0.1942,-0.0442],[-3.3573,-4.522 ,-3.3606,-3.7125,-4.308 ],[-0.9258,-0.0537, 0.2194,-0.0468],0.3166
1504,[-0.9275, 0.0241,-0.1858,-0.0346],[-3.215 ,-2.365 ,-4.3014,-2.1282,-3.5533],[-0.9252, 0.0522,-0.208 ,-0.0315],0.3247
1510,[-0.9172, 0.0634,-0.0446,-0.0631],[3.7079e-01,1.8804e-02,5.5587e+02,7.4895e-01,1.4589e-01],[-0.9176, 0.0608,-0.0444,-0.0559],0.4331
1511,[-0.9252, 0.086 , 0.0847,-0.0578],[-5.9394,-6.9374,-5.3525,-5.7632,-6.0532],[-0.9251, 0.0545, 0.1103,-0.0618],0.3727
1512,[-0.9169, 0.0713,-0.0768,-0.0665],[ 1.2618,26.5033, 0.6914,27.5485, 0.3447],[-0.9171, 0.0718,-0.0742,-0.0586],0.4131
1514,[-0.919 , 0.1311,-0.1884,-0.0491],[ 5.3607e-01, 1.0919e+02,-5.0648e-02, 1.7934e+00,-8.6289e-03],[-0.918 , 0.1396,-0.1929,-0.0424],0.3121
1516,[-0.9239, 0.1424,-0.2917,-0.0347],[ 0.1772, 1.8752,-1.6654,-0.0826,-0.9295],[-0.92  , 0.1625,-0.3059,-0.0392],0.2422
1520,[-0.9184,-0.0654, 0.0429,-0.0558],[ -0.5368,446.1416,  1.0377,  0.9571, -1.9688],[-0.9188,-0.0621, 0.042 ,-0.0457],0.4309
1521,[-0.9172,-0.076 , 0.0821,-0.0649],[ 8.9303e+00,-1.2682e-01, 3.6589e+02, 1.2280e+00,-3.2520e-01],[-0.9174,-0.0766, 0.0792,-0.0556],0.4078
1522,[-0.9259,-0.0825,-0.0794,-0.0434],[-4.3296,-4.1315,-5.9941,-4.4955,-5.3816],[-0.9259,-0.0529,-0.1025,-0.0463],0.3755
1523,[-0.9191,-0.1313, 0.189 ,-0.0536],[-5.7961e-02,-5.3093e-01, 1.4561e+02, 1.4279e+00, 1.0711e-02],[-0.9181,-0.1399, 0.1931,-0.0464],0.311
1525,[-0.9247,-0.1373, 0.3003,-0.0564],[-0.3281,-1.9496, 0.4799,-0.9039, 0.7175],[-0.9204,-0.1599, 0.3169,-0.0627],0.2293
1530,[-0.9228, 0.2006,-0.0229,-0.0314],[-4.5272,-5.4548,-4.2313,-4.3851,-5.0036],[-0.9252, 0.1699, 0.0047,-0.0366],0.3605
1531,[-0.928 , 0.1856, 0.0742,-0.0233],[-0.8134,-1.6009,-0.9137, 0.3202,-0.9218],[-0.9294, 0.1381, 0.1119,-0.0378],0.3164
1532,[-0.9227, 0.2016,-0.1202,-0.0316],[-8.6448,-8.4041,-8.6214,-7.9753,-9.1251],[-0.9245, 0.1878,-0.1032,-0.0286],0.3154
1534,[-0.9207, 0.2078,-0.218 ,-0.0368],[ 1.7216,18.565 ,-0.5522, 1.5592,-0.0201],[-0.9207, 0.2086,-0.2125,-0.0325],0.2642
1536,[-0.9237, 0.2311,-0.3105,-0.0194],[ 0.6292,36.164 ,-0.4976, 2.188 , 0.1625],[-0.9212, 0.2404,-0.3155,-0.0197],0.1937
1540,[-0.923 ,-0.1976, 0.024 ,-0.0346],[-4.1288,-3.3672,-4.8042,-3.991 ,-3.9241],[-0.9254,-0.1679,-0.002 ,-0.0346],0.3605
1541,[-0.9181,-0.1952, 0.1139,-0.0404],[-5.5862,-7.2456,-6.4134,-4.7456,-7.0687],[-0.9198,-0.1821, 0.0975,-0.0355],0.338
1543,[-0.921 ,-0.1944, 0.2106,-0.044 ],[-0.0775, 0.0677, 3.5948,24.0856, 0.0622],[-0.9208,-0.1965, 0.2082,-0.0312],0.2711
1545,[-0.9319,-0.2237, 0.3161,-0.0459],[ 3.3194,-0.7568, 3.8023,17.47  , 0.5046],[-0.9292,-0.2357, 0.322 ,-0.0389],0.169
1547,[-0.9149,-0.2494, 0.3965,-0.1003],[ 0.2233,-0.6357, 1.2047, 6.0342,-0.5401],[-0.9098,-0.2622, 0.4019,-0.0842],0.1492
1550,[-0.9254, 0.3162,-0.0532,-0.0207],[-0.5192,-1.378 ,-0.4804,-1.0282,-1.3115],[-0.9309, 0.2733,-0.0154,-0.005 ],0.2931
1552,[-0.9267, 0.3135,-0.1274,-0.016 ],[-2.5847,-3.4325,-2.2949,-2.683 ,-3.241 ],[-0.9315, 0.2847,-0.0998,-0.0137],0.2465
1554,[-0.9242, 0.3148,-0.229 ,-0.0281],[-3.2678,-3.4489,-3.4448,-3.0224,-4.0023],[-0.927 , 0.3038,-0.2177,-0.0281],0.1979
1556,[-0.9286, 0.306 ,-0.328 ,-0.0152],[ 1.0807, 2.8139,-0.7971, 3.6222,-0.8861],[-0.9279, 0.308 ,-0.3278,-0.0129],0.1402
1558,[-0.941 , 0.3364,-0.4193,-0.0113],[ 3.2834,16.7449,-0.5657, 2.016 , 0.1222],[-0.9376, 0.3431,-0.4253, 0.0042],0.0519
1560,[-0.9139,-0.3062, 0.0204,-0.0227],[-0.9229,-0.7953,-1.5241,-0.3714,-0.8586],[-0.9192,-0.2662,-0.0113,-0.0084],0.3456
1561,[-0.9212,-0.3054, 0.1261,-0.0138],[-2.8291,-2.2673,-3.8798,-2.5687,-2.9631],[-0.9257,-0.2797, 0.1028,-0.0117],0.2693
1563,[-0.9225,-0.3304, 0.2249,-0.0089],[-4.1306,-4.4243,-4.28  ,-3.2837,-5.2125],[-9.2591e-01,-3.1706e-01, 2.1073e-01,-4.3409e-04],0.1993
1565,[-0.9231,-0.3282, 0.3296,-0.0016],[ 0.0738,-1.0276, 2.882 , 3.011 ,-0.753 ],[-0.9231,-0.3284, 0.3294, 0.0063],0.1453
1567,[-0.9449,-0.3206, 0.4118,-0.0099],[ 3.5269e-01,-1.4667e-02, 2.0781e+01, 5.0672e-01, 4.4188e-01],[-0.9414,-0.3307, 0.4188, 0.001 ],0.0497
1572,[-0.9196, 0.3962,-0.1216,-0.0528],[-0.8448,-1.3308,-0.6272,-0.3903,-1.0854],[-0.9278, 0.362 ,-0.0913,-0.039 ],0.2276
1574,[-0.921 , 0.4227,-0.2467,-0.0015],[-0.5975,-1.9645,-0.6342,-1.0445,-1.9109],[-0.9274, 0.4062,-0.2316, 0.0103],0.1426
1576,[-0.9236, 0.4263,-0.3361,-0.0016],[-1.0843,-1.6068,-1.5791,-0.3256,-2.3551],[-0.9272, 0.4203,-0.3296, 0.0031],0.0892
1578,[-0.9184, 0.4401,-0.4339,-0.0078],[ 0.701 , 3.106 ,-0.589 , 2.011 ,-1.2516],[-0.9187, 0.44  ,-0.4338,-0.0078],0.0544
1583,[-0.9344,-0.416 , 0.2492,-0.0013],[-2.198 ,-0.7009,-2.207 ,-1.6675,-2.2218],[-0.9405,-0.3958, 0.2295, 0.0013],0.1087
1585,[-0.9305,-0.4341, 0.3137, 0.    ],[-1.2029,-2.3525,-2.1004,-1.5255,-2.782 ],[-0.9352,-0.4229, 0.3025, 0.002 ],0.0789
1587,[-0.9186,-0.3971, 0.4138, 0.    ],[ 0.9648,-0.767 , 1.2494, 4.5715,-0.9837],[-0.918 ,-0.3976, 0.4135, 0.0078],0.081
1600,[-0.9169,-0.0055, 0.0029,-0.1647],[-322.8137,-321.8695,-322.1634,-320.975 ,-323.0941],[-0.9176,-0.0052, 0.0029,-0.1588],0.4524
1601,[-0.9142,-0.039 , 0.0748,-0.171 ],[-61.7149,-63.1226,-59.631 ,-61.8778,-62.1828],[-0.9147,-0.0451, 0.0787,-0.1722],0.4243
1602,[-0.9147, 0.0379,-0.0733,-0.1677],[-56.6435,-55.035 ,-57.6018,-56.0464,-56.7576],[-0.9152, 0.044 ,-0.0773,-0.1687],0.4245
1603,[-0.9183,-0.0338, 0.1823,-0.1567],[-2.1806,-2.9393,-2.6415,-1.0693,-2.4147],[-0.9168,-0.0574, 0.1978,-0.1569],0.3553
1604,[-0.9143, 0.0404,-0.1809,-0.1553],[-1.6152,-1.1167,-2.5416,-2.2002,-1.9103],[-0.9124, 0.0629,-0.206 ,-0.1551],0.3521
1610,[-0.9149, 0.0654,-0.0426,-0.156 ],[-0.4225, 0.8154,24.8879,26.5983,-1.6811],[-0.9157, 0.0619,-0.0386,-0.1465],0.4375
1611,[-0.9192, 0.0606, 0.0666,-0.1821],[-3.8876,-5.178 ,-2.7762,-4.063 ,-3.8393],[-0.9198, 0.04  , 0.0765,-0.1662],0.422
1612,[-0.9148, 0.0723,-0.0808,-0.1624],[  1.3527,  5.0704, -1.0102,345.4288, -0.9531],[-0.9154, 0.0738,-0.079 ,-0.152 ],0.4114
1614,[-0.9184, 0.1271,-0.1863,-0.1589],[-1.7517, 1.1815,-2.7946,-0.116 ,-2.5228],[-0.9178, 0.1368,-0.1926,-0.1493],0.3172
1620,[-0.9153,-0.0649, 0.0422,-0.1742],[-0.4658,28.8835,-1.1433,29.15  ,-1.1902],[-0.9161,-0.0613, 0.0372,-0.163 ],0.4395
1621,[-0.9149,-0.0734, 0.0826,-0.1712],[ 5.8637e-02,-1.9903e-01, 7.9254e+00, 6.2607e+02,-4.4300e-01],[-0.9155,-0.0751, 0.0813,-0.16  ],0.4105
1622,[-0.9148,-0.0759,-0.0878,-0.1479],[-2.4076,-1.8329,-2.7144,-2.1469,-2.6201],[-0.9151,-0.0507,-0.1012,-0.1519],0.4147
1623,[-0.9181,-0.1289, 0.1867,-0.1625],[-0.509 ,-2.6205, 6.5356, 2.2179,-2.083 ],[-0.9175,-0.1385, 0.1931,-0.1519],0.315
1630,[-0.9204, 0.1766,-0.0254,-0.1643],[-2.0694,-2.3784,-1.2317,-1.6256,-2.338 ],[-0.9229, 0.1519,-0.0059,-0.1612],0.3822
1632,[-0.9231, 0.1932,-0.1181,-0.1498],[-5.2925,-5.009 ,-5.7985,-5.2637,-6.3243],[-0.9252, 0.1811,-0.1029,-0.1476],0.3162
1634,[-0.9177, 0.1991,-0.2171,-0.16  ],[ 1.6078, 3.0176,-0.4702,13.7679,-0.1173],[-0.9179, 0.2021,-0.2132,-0.1501],0.2736
1636,[-0.9193, 0.2216,-0.2848,-0.139 ],[ 0.5853,18.2288,-0.1423, 0.1152,-0.2578],[-0.918 , 0.2303,-0.2844,-0.1394],0.2199
1640,[-0.9128,-0.1821, 0.0166,-0.1522],[-1.1938,-0.8298,-2.3482,-1.005 ,-1.5971],[-0.9154,-0.1581, 0.0012,-0.1528],0.4099
1641,[-0.9154,-0.1818, 0.1371,-0.1548],[-12.1296,-12.7738,-12.4596,-11.7491,-13.1487],[-0.917 ,-0.1752, 0.1236,-0.1452],0.3398
1643,[-0.9166,-0.191 , 0.2139,-0.1721],[-6.8885,-8.8872,-6.0048,-6.0275,-8.7086],[-0.9167,-0.1951, 0.2136,-0.1606],0.2812
1645,[-0.9223,-0.2065, 0.3175,-0.1399],[ 1.0521,-0.9137,15.8116, 2.2529,-0.7295],[-0.9192,-0.2205, 0.325 ,-0.1239],0.2043
1652,[-0.9132, 0.2838,-0.1205,-0.1527],[-0.2772,-1.7114,-1.018 ,-1.3554,-0.8715],[-0.9176, 0.2645,-0.1119,-0.1371],0.3037
1654,[-0.9301, 0.2872,-0.2742,-0.1407],[-0.8868,-1.3557,-2.0532,-0.6726,-2.3497],[-0.9311, 0.2868,-0.2689,-0.1243],0.1681
1656,[-0.9293, 0.2867,-0.2778,-0.1308],[ 0.8989, 6.7716,-0.6111, 2.3886,-1.1478],[-0.9301, 0.2872,-0.2742,-0.1407],0.1688
1700,[-0.9179,-0.0022, 0.0056,-0.279 ],[-134.1957,-134.392 ,-134.3477,-133.5799,-135.0032],[-0.9191,-0.003 , 0.0074,-0.2731],0.4493
1701,[-0.9163,-0.0394, 0.0767,-0.2738],[-30.512 ,-31.2229,-29.4445,-29.8817,-30.9941],[-0.9172,-0.0462, 0.0809,-0.2713],0.4213
1702,[-0.9174, 0.04  ,-0.0713,-0.2736],[-31.5067,-30.5491,-32.5875,-30.8067,-32.0834],[-0.9183, 0.046 ,-0.0756,-0.2702],0.4211
1710,[-0.9159, 0.0659,-0.0398,-0.2752],[-18.1922,-19.2128,-18.3137,-18.1571,-19.0822],[-0.9172, 0.0618,-0.0339,-0.2682],0.4352
1712,[-0.9161, 0.0786,-0.0901,-0.2748],[-62.1537,-61.6586,-62.6847,-61.0924,-63.0537],[-0.9171, 0.0812,-0.0897,-0.2685],0.4004
1714,[-0.9168, 0.1279,-0.1985,-0.2979],[-0.185 , 6.8623,-0.7278, 1.1936,-0.6215],[-0.9164, 0.1401,-0.2064,-0.2821],0.3119
1720,[-0.9153,-0.0669, 0.0434,-0.2654],[-42.1014,-42.2333,-42.877 ,-41.206 ,-42.8689],[-0.9165,-0.0634, 0.039 ,-0.2575],0.435
1721,[-0.9161,-0.0759, 0.0884,-0.2723],[-140.8942,-141.7052,-139.8065,-140.232 ,-141.8688],[-0.9171,-0.0788, 0.0891,-0.2641],0.4017
1723,[-0.9156,-0.1324, 0.1845,-0.2913],[-1.466 ,-2.6769, 0.9063,-0.08  ,-2.2911],[-0.9157,-0.142 , 0.1905,-0.2856],0.3249
1734,[-0.9133, 0.1743,-0.2287,-0.2665],[-0.3168, 0.6342,-0.7834, 9.6924,-0.2427],[-0.9129, 0.1829,-0.2291,-0.2513],0.2837
1741,[-0.9129,-0.1721, 0.1579,-0.2558],[-12.4084,-11.9655,-12.4468,-11.9579,-13.2978],[-0.9144,-0.1706, 0.1471,-0.2458],0.3337
1743,[-0.9158,-0.1854, 0.2203,-0.2869],[-11.2019,-12.2678,-10.1976, -9.6891,-12.407 ],[-0.9159,-0.1925, 0.2243,-0.2731],0.2864
1800,[-9.2610e-01, 2.0300e-02,-5.9761e-04,-4.0077e-01],[-24.1756,-24.1593,-24.4801,-23.8004,-25.1568],[-0.9278, 0.0152, 0.0076,-0.3953],0.4133
1801,[-0.9315,-0.021 , 0.0652,-0.381 ],[-4.285 ,-4.2503,-3.3069,-2.6876,-4.5926],[-0.9327,-0.0335, 0.0851,-0.3647],0.3635
1802,[-0.9471, 0.0476,-0.0793,-0.3885],[-5.7379,-5.0998,-6.1925,-5.0308,-6.4373],[-0.9484, 0.0602,-0.0975,-0.3875],0.2816
1810,[-0.9227, 0.0723,-0.0351,-0.3815],[-2.8832,-2.7894,-2.2335,-2.7419,-3.9487],[-0.9247, 0.0644,-0.0177,-0.374 ],0.415
1812,[-0.949 , 0.067 ,-0.1073,-0.3787],[ -8.7101, -7.9798, -9.588 , -7.5849,-10.4998],[-0.9499, 0.0831,-0.1299,-0.3612],0.2526
1820,[-0.9149,-0.078 , 0.0104,-0.4033],[-15.6044,-14.9031,-15.5273,-14.9828,-16.4385],[-0.917 ,-0.0683, 0.0071,-0.3868],0.4511
1821,[-0.9116,-0.0592, 0.0683,-0.3789],[-55.1136,-55.3113,-54.2567,-54.2717,-55.8475],[-0.913 ,-0.0624, 0.0744,-0.3613],0.42
2200,[-9.0201e-01,-4.5259e-03,-7.2275e-04, 2.6272e-01],[-36.6878,-36.9934,-36.5997,-37.2348,-36.1096],[-0.9009,-0.0036,-0.0025, 0.2536],0.3971
2201,[-0.8971,-0.0492, 0.071 , 0.2659],[-11.74  ,-12.9797,-11.6467,-12.208 ,-11.8494],[-0.8957,-0.0513, 0.0737, 0.265 ],0.3492
2202,[-0.8975, 0.0385,-0.0649, 0.2637],[-10.9707,-10.3629,-11.4641,-11.8073,-10.1712],[-0.8962, 0.0409,-0.064 , 0.2636],0.3603
2204,[-0.9088, 0.0451,-0.1757, 0.2615],[-1.3624,-0.1569,-2.0296,-1.4039,-1.5875],[-0.9061, 0.0599,-0.1802, 0.2475],0.3392
2210,[-0.9028, 0.056 ,-0.0514, 0.2526],[-6.5108,-7.4406,-6.6339,-7.5172,-6.0563],[-0.9017, 0.0541,-0.044 , 0.2669],0.3872
2212,[-0.9003, 0.08  ,-0.079 , 0.2648],[-8.0523,-7.432 ,-8.6478,-8.6112,-7.2459],[-0.8992, 0.0791,-0.0805, 0.2581],0.3483
2220,[-0.9047,-0.0622, 0.0349, 0.2562],[ -9.0546, -8.8456, -9.7293,-10.3052, -8.8376],[-0.9038,-0.0576, 0.0292, 0.2477],0.4027
2221,[-0.9005,-0.0727, 0.0935, 0.2674],[-12.469 ,-12.5997,-12.0503,-13.3767,-11.639 ],[-0.8992,-0.0739, 0.0902, 0.2612],0.3461
2223,[-0.9056,-0.1216, 0.1832, 0.2563],[-1.5069,-3.1647, 0.1433,-1.5091, 0.3217],[-0.9036,-0.1263, 0.1774, 0.2526],0.299
2232,[-0.9101, 0.1821,-0.1266, 0.3101],[-0.6895,-1.3042,-0.2261,-2.159 ,-0.1299],[-0.9102, 0.1698,-0.0925, 0.2968],0.3461
2234,[-0.9016, 0.2149,-0.2421, 0.289 ],[-0.0441, 2.1438,-1.1669,-0.4587, 1.9709],[-0.9   , 0.2142,-0.236 , 0.2843],0.218
2236,[-0.8883, 0.2088,-0.2862, 0.2637],[ 0.1824, 4.1145,-1.0543, 0.115 , 2.0769],[-0.885 , 0.2135,-0.2976, 0.2494],0.1389
2241,[-0.9064,-0.2165, 0.1393, 0.2661],[-1.3624,-1.0064,-2.3842,-2.8908,-0.6615],[-0.9072,-0.2035, 0.1172, 0.2634],0.3055
2243,[-0.9045,-0.2113, 0.2138, 0.2788],[-0.1535,-0.5765, 2.4106,-1.0351, 1.3677],[-0.9037,-0.2078, 0.1978, 0.2761],0.2516
2254,[-0.9004, 0.2944,-0.2441, 0.2984],[ 2.0822, 0.9269, 1.1252, 0.2566,11.3079],[-0.9016, 0.2848,-0.215 , 0.2935],0.2001
2256,[-0.9013, 0.3129,-0.3188, 0.2736],[ 0.2872,10.3199,-0.4973, 0.4013, 1.69  ],[-0.9009, 0.3087,-0.2979, 0.2836],0.148
2263,[-0.9027,-0.3095, 0.2477, 0.263 ],[ 1.246 , 1.3398, 1.3616, 0.4451,10.1606],[-0.9042,-0.3001, 0.2286, 0.2623],0.1954
2265,[-0.9085,-0.3144, 0.2905, 0.258 ],[ 0.9326,-0.1524,10.4777,-0.0851, 0.7901],[-0.9091,-0.3078, 0.2702, 0.2677],0.1884
2300,[-0.908 ,-0.0066, 0.0044, 0.1453],[-216.3714,-215.2529,-215.2134,-216.2551,-214.7508],[-0.9074,-0.0062, 0.0041, 0.1378],0.4239
2301,[-0.908 ,-0.043 , 0.0674, 0.1494],[-67.4902,-67.6739,-66.6081,-67.5391,-66.3346],[-0.9072,-0.0458, 0.0683, 0.147 ],0.4043
2302,[-0.9079, 0.0424,-0.0678, 0.1481],[-83.4709,-82.106 ,-83.8729,-83.82  ,-82.2823],[-0.9071, 0.0454,-0.0686, 0.1457],0.4042
2310,[-0.9058, 0.0625,-0.0443, 0.1542],[-19.2228,-19.8729,-19.2982,-20.4346,-18.9171],[-0.9053, 0.0593,-0.0389, 0.1492],0.4027
2311,[-0.9104, 0.0948, 0.0804, 0.1465],[-3.9775,-4.4668,-3.6402,-4.5017,-3.9659],[-0.9098, 0.0698, 0.0973, 0.1324],0.3903
2312,[-0.9063, 0.0683,-0.0867, 0.154 ],[-53.2971,-52.8705,-54.4496,-53.8223,-52.2791],[-0.9055, 0.0699,-0.0854, 0.1467],0.3772
2314,[-0.9011, 0.1333,-0.1993, 0.1567],[-5.8947,-4.56  ,-6.9948,-6.0591,-4.9977],[-0.8993, 0.139 ,-0.1965, 0.1506],0.2677
2320,[-0.9068,-0.0652, 0.0405, 0.1576],[-40.0495,-39.1206,-40.4616,-40.6379,-38.8888],[-0.9063,-0.061 , 0.0338, 0.1527],0.4087
2321,[-0.9062,-0.0749, 0.0888, 0.1535],[-65.3213,-66.7246,-65.1492,-65.9196,-63.5226],[-0.9054,-0.0758, 0.086 , 0.1486],0.3738
2322,[-0.9036,-0.0647,-0.0568, 0.1334],[-4.5223,-3.6375,-5.0676,-4.8634,-4.0784],[-0.9031,-0.0499,-0.0555, 0.1375],0.3901
2323,[-0.896 ,-0.1254, 0.1917, 0.1495],[-6.7282,-9.166 ,-6.4302,-7.6057,-6.2338],[-0.8942,-0.1314, 0.1923, 0.1467],0.2543
2325,[-0.9025,-0.1469, 0.2857, 0.1384],[-1.6735,-2.8264,-1.0949,-2.1346,-1.3485],[-0.8986,-0.1595, 0.289 , 0.1247],0.2129
2330,[-0.9062, 0.1861,-0.0142, 0.1344],[-4.3495,-4.7972,-3.3874,-4.3802,-4.066 ],[-0.9076, 0.1625, 0.0039, 0.1292],0.3716
2332,[-0.898 , 0.2228,-0.1302, 0.1531],[-3.517 ,-4.3306,-3.6136,-3.6692,-2.6479],[-0.8995, 0.2114,-0.1216, 0.1432],0.2699
2334,[-0.8932, 0.224 ,-0.2241, 0.1548],[ 0.364 , 6.4188,-0.8316, 0.4831, 7.394 ],[-0.8929, 0.2218,-0.2118, 0.1467],0.2006
2336,[-0.8925, 0.2278,-0.303 , 0.1662],[ 1.8867,14.6845,-0.886 ,-0.2638, 0.6821],[-0.89  , 0.2317,-0.296 , 0.1685],0.1486
2340,[-0.9025,-0.2194, 0.0264, 0.1382],[-4.2449,-2.8174,-5.1412,-4.1576,-3.7172],[-0.9048,-0.1948, 0.011 , 0.1377],0.3493
2341,[-0.9032,-0.2195, 0.128 , 0.1893],[-3.357 ,-2.5636,-4.2733,-3.6444,-2.2227],[-0.9044,-0.2069, 0.1137, 0.1885],0.2943
2343,[-0.9014,-0.2429, 0.2143, 0.1732],[ 0.568 ,-1.9161, 4.2647,-0.3905, 2.5841],[-0.9017,-0.2375, 0.2026, 0.1686],0.2284
2345,[-0.8935,-0.2521, 0.3034, 0.1486],[ 5.8974e-01,-9.9533e-01, 1.6060e+01, 2.4744e-03, 7.1326e-01],[-0.8917,-0.2537, 0.296 , 0.1586],0.1454
2352,[-0.8992, 0.3114,-0.146 , 0.1664],[-1.3345,-2.5226, 0.4479,-1.7055,-1.4677],[-0.903 , 0.2934,-0.1334, 0.1597],0.2392
2354,[-0.892 , 0.312 ,-0.2302, 0.1603],[ 1.5988, 0.7924, 2.1221, 2.775 ,11.6403],[-0.8943, 0.3026,-0.2119, 0.1556],0.1691
2356,[-0.8938, 0.3396,-0.3193, 0.1621],[ 2.0403,13.9241,-0.675 , 0.1839, 2.573 ],[-0.8945, 0.3356,-0.3045, 0.1708],0.1133
2358,[-0.8941, 0.3643,-0.4223, 0.169 ],[ 1.1098, 5.9911,-1.2115, 0.1993, 1.0111],[-0.8919, 0.3643,-0.4118, 0.1773],0.0443
2361,[-0.9048,-0.3186, 0.1339, 0.1542],[-0.3121, 1.5954,-2.3446,-1.3995, 0.327 ],[-0.909 ,-0.2975, 0.1197, 0.1619],0.2662
2363,[-0.8996,-0.328 , 0.2211, 0.1715],[14.2604, 0.7907, 1.2008, 0.911 , 2.6043],[-0.9025,-0.3165, 0.2099, 0.1808],0.1908
2365,[-0.9029,-0.3184, 0.324 , 0.1902],[ 0.234 ,-0.3969,12.6092, 0.0387, 1.2939],[-0.9026,-0.3157, 0.3118, 0.2017],0.1438
2367,[-0.9078,-0.3465, 0.3963, 0.1468],[ 3.1554,-1.1443, 3.0181, 0.2582,-0.4428],[-0.9059,-0.3468, 0.3897, 0.1607],0.1018
2374,[-0.891 , 0.4121,-0.2241, 0.1625],[-1.1394,-2.0839,-1.0697,-1.4102,-1.2887],[-0.897 , 0.3973,-0.2123, 0.1727],0.1345
2376,[-0.8967, 0.4186,-0.3448, 0.1534],[3.8134,2.5992,0.026 ,1.4357,0.8923],[-0.8996, 0.4123,-0.3314, 0.1625],0.0808
2378,[-0.8841, 0.4226,-0.41  , 0.1442],[ 1.7531,13.7377,-0.6091, 1.1111, 0.6152],[-0.8848, 0.4201,-0.3983, 0.1533],0.0074
2381,[-0.904 ,-0.3943, 0.127 , 0.1262],[-0.2773,-1.6458,-1.8999,-0.8963,-0.8474],[-0.9112,-0.3668, 0.1075, 0.1375],0.2466
2383,[-0.8923,-0.4036, 0.2477, 0.1555],[ 0.1545, 2.8284,-1.1912,-0.0712,-0.2088],[-0.8973,-0.3911, 0.2374, 0.1682],0.1267
2385,[-0.888 ,-0.415 , 0.3181, 0.1502],[2.2801,0.9309,3.7873,2.1088,0.9748],[-0.8915,-0.4079, 0.3074, 0.1599],0.0709
2400,[-0.9085,-0.0017, 0.0017, 0.0644],[1.6437e+00,4.0985e+00,3.3006e+00,3.6928e-01,1.6611e+03],[-0.9083,-0.0017, 0.002 , 0.0506],0.4331
2401,[-0.908 ,-0.0327, 0.0672, 0.0534],[ 1.7404e+00,-1.7784e+00, 2.5647e+02,-4.2497e-01, 1.7749e-01],[-0.9077,-0.0372, 0.0681, 0.0434],0.4108
2402,[-0.9079, 0.0317,-0.0686, 0.0538],[-10.7737, -7.2161,-13.2745,-12.84  ,-10.2427],[-0.9075, 0.0365,-0.0698, 0.044 ],0.4094
2403,[-0.8975,-0.0341, 0.1851, 0.0647],[-4.7878,-5.8984,-4.6231,-5.2462,-4.5452],[-0.895 ,-0.0517, 0.1957, 0.0714],0.2917
2404,[-0.8976, 0.0416,-0.1827, 0.0791],[-4.5678,-3.3041,-5.8902,-4.1426,-4.9508],[-0.8953, 0.0576,-0.1893, 0.0775],0.2925
2410,[-0.9064, 0.071 ,-0.0393, 0.0484],[-0.045 ,-0.9559, 3.1811,-0.6434,15.7566],[-0.9065, 0.0659,-0.0309, 0.0356],0.4084
2411,[-0.9023, 0.0789, 0.0736, 0.0257],[-7.8504,-8.513 ,-6.3868,-7.6972,-7.6922],[-0.9022, 0.0579, 0.0904, 0.0104],0.3671
2412,[-0.9069, 0.0785,-0.0916, 0.0574],[ 1.0591e+00, 2.0777e+00,-2.5732e-01, 5.5637e-01, 6.0095e+02],[-0.9066, 0.0796,-0.0888, 0.0446],0.3759
2414,[-0.9046, 0.1377,-0.1878, 0.0518],[-4.6121,-4.613 ,-7.9208,-5.9534,-4.5908],[-0.9034, 0.1429,-0.1881, 0.0516],0.2857
2416,[-0.8972, 0.1489,-0.2946, 0.0626],[-0.4615, 2.5869,-2.8322,-1.396 ,-2.332 ],[-0.8933, 0.162 ,-0.2984, 0.0603],0.1893
2420,[-0.9048,-0.0679, 0.0367, 0.0616],[-33.4933,-33.083 ,-34.8692,-33.984 ,-32.5428],[-0.9047,-0.0631, 0.0295, 0.0536],0.4018
2421,[-0.9051,-0.0794, 0.0901, 0.0694],[ 0.5708, 0.1299,22.8297, 0.7748,12.5171],[-0.9048,-0.08  , 0.0862, 0.0638],0.369
2422,[-0.8944,-0.0933,-0.0815, 0.0448],[-7.7266,-6.9406,-9.1814,-8.1154,-7.4573],[-0.8942,-0.0714,-0.0962, 0.0437],0.325
2423,[-0.8999,-0.137 , 0.1923, 0.0536],[-4.0707,-6.7375,-2.8917,-5.7556,-2.2866],[-0.8986,-0.1425, 0.193 , 0.0522],0.2656
2425,[-0.8977,-0.1493, 0.2848, 0.0499],[-0.9749,-3.6626,-1.0573,-1.5977,-2.219 ],[-0.894 ,-0.1619, 0.2919, 0.064 ],0.1941
2430,[-0.8954, 0.1995,-0.0303, 0.0394],[-8.8903,-9.8642,-7.6959,-8.7405,-8.8435],[-0.8976, 0.1788,-0.0152, 0.0308],0.3237
2432,[-0.8953, 0.2133,-0.1192, 0.0551],[ 1.0725, 0.1657, 0.3774, 0.8632,20.3981],[-0.8972, 0.2014,-0.1016, 0.0457],0.2751
2434,[-0.8965, 0.2083,-0.2092, 0.0586],[  0.1531,126.0143,  0.2601,  0.9395,  0.5238],[-0.8965, 0.2071,-0.2   , 0.0616],0.2253
2436,[-0.8927, 0.2258,-0.3121, 0.06  ],[ 1.0326,22.2656,-1.0128, 0.192 ,-0.2071],[-0.8901, 0.2318,-0.3083, 0.0664],0.1441
2440,[-0.8935,-0.2039, 0.0249, 0.0388],[-4.8136,-4.8148,-6.8862,-5.3996,-5.4502],[-0.8958,-0.1824, 0.0089, 0.0336],0.3135
2441,[-0.8978,-0.2255, 0.1193, 0.0404],[ 0.2296,-0.2089,-0.4042,-0.925 ,10.7719],[-0.9   ,-0.2126, 0.106 , 0.034 ],0.2788
2442,[-0.8979,-0.1891,-0.0591, 0.0466],[-1.7109,-0.9444,-2.6437,-1.1192,-2.2194],[-0.8994,-0.1578,-0.0811, 0.0594],0.3121
2443,[-0.8972,-0.2076, 0.2118, 0.037 ],[ 1.2803,-0.1721, 3.0016,-0.3354,99.1594],[-0.8972,-0.2072, 0.2051, 0.0284],0.2256
2445,[-0.8944,-0.2254, 0.3098, 0.0489],[ 1.402 ,-0.2956,36.393 ,-0.5288, 0.6088],[-0.8918,-0.2315, 0.3061, 0.0531],0.1502
2450,[-0.9083, 0.3131,-0.04  , 0.0662],[-2.4934,-2.3855,-1.5415,-0.7285,-1.3715],[-0.9135, 0.278 ,-0.014 , 0.052 ],0.3431
2452,[-0.8897, 0.3113,-0.1319, 0.0471],[-3.1227,-4.4907,-1.178 ,-2.8956,-2.934 ],[-0.8942, 0.2933,-0.1158, 0.0509],0.2162
2454,[-0.8877, 0.3246,-0.2198, 0.0532],[1.9611,3.7684,1.6595,2.4107,1.4997],[-0.8909, 0.315 ,-0.2073, 0.0618],0.1545
2456,[-0.8878, 0.324 ,-0.3255, 0.0648],[ 2.9437,23.4435,-0.3898, 1.5845, 0.6268],[-0.8878, 0.3229,-0.3189, 0.0765],0.0922
2458,[-0.9051, 0.3373,-0.422 , 0.0788],[ 0.1171,11.0773,-0.5175, 0.7341, 1.1497],[-0.9018, 0.3401,-0.4186, 0.0905],0.0795
2460,[-0.9011,-0.2912, 0.0412, 0.057 ],[-1.8482,-1.2972,-2.8609,-1.9513,-1.2209],[-0.9056,-0.261 , 0.0183, 0.0705],0.316
2461,[-0.8921,-0.3161, 0.132 , 0.041 ],[-0.9865, 4.6674,-2.2017,-0.9468,-0.8531],[-0.8967,-0.2977, 0.1178, 0.0494],0.2224
2463,[-0.8911,-0.3248, 0.2187, 0.0458],[24.3613, 1.1066, 2.5953, 2.2983, 0.5451],[-0.8943,-0.315 , 0.208 , 0.0556],0.1656
2465,[-0.8829,-0.3313, 0.3077, 0.0332],[ 0.6812,-0.7483, 2.2496, 0.024 ,11.2249],[-0.8838,-0.3293, 0.3027, 0.0311],0.0842
2467,[-0.8879,-0.3065, 0.3924, 0.0015],[ 1.6362,-0.9416, 1.4625, 0.1927,11.3987],[-0.8851,-0.3106, 0.3844, 0.0145],0.0603
2472,[-0.881 , 0.4232,-0.1269, 0.0494],[-1.4695,-2.0059,-1.3655,-1.8448,-0.9066],[-0.8898, 0.3999,-0.1085, 0.0573],0.1572
2474,[-0.8866, 0.4145,-0.2303, 0.0505],[-2.0346,-2.8534,-1.4773,-1.6819,-2.2369],[-0.8929, 0.4015,-0.2189, 0.0594],0.1172
2476,[-0.8894, 0.4383,-0.3414, 0.0694],[ 0.6106, 1.7774,-0.0737, 4.4129, 0.5626],[-0.8932, 0.4329,-0.3341, 0.0832],0.0523
2478,[-0.8903, 0.4321,-0.4207, 0.0587],[ 0.193 ,15.1527,-0.339 , 0.3158, 0.597 ],[-0.8908, 0.4309,-0.4169, 0.0719],0.0096
2481,[-0.8869,-0.4175, 0.1463, 0.0717],[-1.5612, 0.338 ,-2.1764,-0.7507,-1.9925],[-0.8951,-0.3954, 0.1297, 0.0813],0.1669
2483,[-0.8851,-0.4251, 0.2326, 0.0577],[-0.558 , 2.1972,-1.5767,-0.0056,-0.7351],[-0.8918,-0.4121, 0.2211, 0.0667],0.108
2485,[-0.8823,-0.4397, 0.324 , 0.0672],[ 0.7873,-0.1417, 3.5208, 3.5897, 0.21  ],[-0.8868,-0.4333, 0.3141, 0.0794],0.0436
2487,[-0.878 ,-0.4328, 0.39  , 0.023 ],[ 0.3954,-0.6394, 8.6668, 1.1851, 0.3295],[-0.8797,-0.431 , 0.3877, 0.0375],-0.0062
2493,[-0.8717,-0.5138, 0.2099, 0.0446],[-6.8548,-6.9875,-6.58  ,-6.8938,-7.5072],[-0.8828,-0.4992, 0.2002, 0.06  ],0.052
2495,[-0.8932,-0.501 , 0.3159, 0.0156],[-8.0978,-6.7483,-7.7506,-7.0235,-8.2591],[-9.0081e-01,-4.9379e-01, 3.0862e-01, 7.8125e-05],0.0562
2496,[-0.8727, 0.5021,-0.3372, 0.0305],[-7.5162,-7.9202,-8.3963,-7.2166,-8.1534],[-0.8795, 0.497 ,-0.333 , 0.0446],-0.0116
2500,[-0.9071,-0.0037, 0.0038,-0.051 ],[2.0195e+00,1.1422e+00,1.3605e+00,1.1886e+00,1.5922e+03],[-0.9074,-0.0038, 0.0037,-0.0664],0.4295
2501,[-0.9078,-0.0344, 0.0691,-0.059 ],[-2.0842e-01,-6.0766e-01, 1.5974e+03,-1.9592e-01, 8.0784e-01],[-0.9079,-0.0393, 0.0708,-0.0711],0.4094
2502,[-0.9075, 0.0329,-0.0703,-0.0591],[-1.3333e-02, 1.0760e+03,-8.4028e-01, 5.7639e-01, 3.6657e-01],[-0.9075, 0.0381,-0.0722,-0.0714],0.4078
2503,[-0.8964,-0.0331, 0.1868,-0.0494],[-8.6544,-8.7596,-6.5247,-7.7949,-7.6334],[-0.8944,-0.0516, 0.198 ,-0.0528],0.2877
2504,[-0.8951, 0.0272,-0.1911,-0.0414],[-3.4924,-1.6511,-4.8441,-3.4982,-3.7544],[-0.8928, 0.0467,-0.2042,-0.0502],0.281
2510,[-0.904 , 0.0737,-0.0383,-0.0665],[ 4.5742e-01, 3.7961e-01, 4.0206e+02,-5.3768e-02, 1.3293e+00],[-0.9046, 0.0693,-0.0367,-0.0758],0.3957
2511,[-0.8946, 0.0842, 0.0763,-0.0528],[-16.2662,-16.5238,-15.7421,-16.1094,-16.3422],[-0.8948, 0.0636, 0.0909,-0.0595],0.3331
2512,[-0.9061, 0.0777,-0.0887,-0.0681],[2.1301e+00,1.5492e+03,9.3440e-01,3.1576e+00,2.0569e+00],[-0.9063, 0.079 ,-0.0858,-0.0777],0.3766
2513,[-0.9024, 0.0897, 0.1742,-0.077 ],[-1.777 ,-3.0677,-1.4703,-1.5783,-1.9542],[-0.9008, 0.0549, 0.1988,-0.0617],0.3109
2514,[-0.8999, 0.135 ,-0.1904,-0.0532],[ 0.3862,21.7071,-1.4767, 1.226 , 5.9164],[-0.8991, 0.1415,-0.1926,-0.0581],0.2679
2516,[-0.8887, 0.1342,-0.292 ,-0.0704],[-2.2309,-0.1668,-2.994 ,-0.5009,-0.213 ],[-0.8849, 0.1492,-0.2983,-0.0726],0.1677
2520,[-0.9016,-0.077 , 0.0361,-0.0611],[  0.8092,203.654 ,  0.2916,  0.2303,  1.9129],[-0.9022,-0.072 , 0.0342,-0.0706],0.3838
2521,[-0.9056,-0.0731, 0.0856,-0.0717],[7.2533e-01,4.5808e-01,3.6130e+00,4.7765e-01,1.1257e+03],[-0.9058,-0.0748, 0.0841,-0.0856],0.3774
2522,[-0.8959,-0.083 ,-0.0798,-0.05  ],[-7.0823,-6.8095,-8.5047,-7.1612,-7.6196],[-0.896 ,-0.0619,-0.0952,-0.0545],0.3369
2523,[-0.9007,-0.1368, 0.1945,-0.0513],[-0.8601,-3.4373, 0.5239,-1.8125, 0.3914],[-0.8998,-0.1435, 0.1959,-0.0522],0.2684
2525,[-0.9078,-0.1555, 0.2945,-0.0615],[-2.3354,-3.7667,-1.5345,-1.6468,-2.6791],[-0.9042,-0.1709, 0.3032,-0.0686],0.221
2530,[-0.891 , 0.1964,-0.0297,-0.0428],[-14.2897,-15.5558,-14.6017,-14.7592,-14.0885],[-0.8935, 0.1767,-0.0138,-0.0493],0.3079
2531,[-0.8978, 0.2005, 0.0671,-0.0762],[-2.663 ,-3.5783,-2.8876,-3.1743,-3.2505],[-0.9   , 0.1657, 0.0935,-0.0761],0.3057
2532,[-0.8903, 0.2042,-0.1155,-0.0384],[11.4544,-1.5182,-2.493 ,-0.3784, 4.7884],[-0.8923, 0.1938,-0.1015,-0.0429],0.2605
2534,[-0.8928, 0.2096,-0.2149,-0.0419],[4.8464e-01,1.7747e+02,6.3687e-02,5.5284e-01,1.2619e+00],[-0.893 , 0.2098,-0.2081,-0.04  ],0.2081
2536,[-0.8934, 0.2367,-0.3072,-0.0202],[ 1.6863,39.5605,-1.0173, 1.0642, 0.5021],[-0.8914, 0.2425,-0.3075,-0.0198],0.1434
2540,[-0.8906,-0.1991, 0.0304,-0.0437],[-7.3239,-6.4859,-8.2433,-7.3855,-7.0663],[-0.8932,-0.1792, 0.0148,-0.0472],0.3049
2541,[-0.8938,-0.2045, 0.1172,-0.0487],[92.2918, 1.6006, 1.0075, 3.1301, 3.0981],[-0.8959,-0.1941, 0.1026,-0.0511],0.2732
2542,[-0.9029,-0.1672,-0.0772,-0.0604],[-2.173 ,-1.4419,-2.8705,-1.0509,-2.0704],[-0.9042,-0.1332,-0.1073,-0.0755],0.3312
2543,[-0.8954,-0.2096, 0.2149,-0.046 ],[ 6.3675e+00,-2.5491e-01, 3.8292e+02, 4.3361e-01, 4.8184e-01],[-0.8956,-0.2098, 0.2078,-0.0479],0.2172
2545,[-0.8899,-0.2324, 0.3093,-0.0445],[-0.3014,-0.6972,67.4866, 0.2036, 0.6225],[-0.8878,-0.2388, 0.3082,-0.0441],0.1335
2547,[-0.9065,-0.2654, 0.4024,-0.0788],[-0.2645,-0.9446, 1.0267,10.1437, 0.4836],[-0.9018,-0.2755, 0.4037,-0.0628],0.1165
2550,[-0.8859, 0.31  ,-0.0384,-0.0637],[-2.502 ,-3.4335,-2.7202,-2.5733,-1.8642],[-0.8916, 0.2815,-0.0154,-0.0581],0.2535
2552,[-0.8847, 0.3152,-0.1246,-0.0263],[-4.5456,-5.5949,-3.2603,-4.1875,-4.7465],[-0.8898, 0.297 ,-0.1082,-0.0241],0.2027
2554,[-0.884, 0.325,-0.214,-0.021],[1.8618,1.7038,1.3796,6.2297,1.0738],[-0.8876, 0.3158,-0.2034,-0.0179],0.1452
2556,[-0.8818, 0.3326,-0.3241,-0.0097],[ 1.5363, 2.8147,-0.5454,13.6846, 0.6631],[-0.8823, 0.332 ,-0.3204,-0.0026],0.0717
2560,[-0.8903,-0.3061, 0.0443,-0.0195],[-1.9762,-1.0266,-2.7055,-1.0483,-1.5643],[-0.8957,-0.2774, 0.021 ,-0.0123],0.2717
2561,[-0.8847,-0.3138, 0.1276,-0.0425],[-0.0605, 1.4375,-3.1152,-1.5204,-1.6959],[-0.8898,-0.2964, 0.1141,-0.0434],0.1999
2563,[-0.8841,-0.3289, 0.2176,-0.0302],[ 0.8707, 0.5968, 1.6561,27.5292, 2.1564],[-0.8878,-0.3199, 0.2077,-0.0243],0.1421
2565,[-0.8819,-0.3315, 0.3141,-0.0125],[ 2.8816,-0.266 ,31.1407, 1.0374, 0.0474],[-0.8828,-0.3302, 0.3077,-0.0143],0.079
2567,[-0.8885,-0.3459, 0.4161,-0.012 ],[ 0.6961,-0.8971,17.3916, 5.5248, 0.1953],[-0.886 ,-0.3492, 0.4126,-0.0068],0.0347
2572,[-0.8878, 0.4167,-0.1443,-0.0127],[-0.6724,-2.0179, 0.6034,-1.2864,-1.727 ],[-0.8965, 0.3942,-0.1247,-0.0109],0.1705
2574,[-0.8842, 0.425 ,-0.2218,-0.0293],[-1.6629,-2.4864,-0.4127,-0.5785,-2.3929],[-0.8915, 0.4117,-0.2099,-0.0267],0.1121
2576,[-0.8862, 0.423 ,-0.3133,-0.0161],[ 0.7584, 1.3967,-0.1381, 1.158 ,-0.4429],[-0.8905, 0.4174,-0.3076,-0.0138],0.0636
2578,[-0.8855, 0.4361,-0.4191,-0.0016],[-0.6481, 0.7914,-0.5867, 9.3206,-0.042 ],[-0.8862, 0.4356,-0.4185, 0.0058],-0.0049
2581,[-0.8797,-0.409 , 0.1431,-0.0231],[-1.5953,-0.0405,-1.9232,-0.5642,-1.7271],[-0.888 ,-0.3887, 0.1266,-0.0208],0.1479
2583,[-0.8835,-0.4224, 0.2289,-0.0171],[-0.1259,-0.1566,-1.2917,-0.4019,-1.1523],[-0.8905,-0.4101, 0.2187,-0.017 ],0.1054
2585,[-0.8851,-0.4336, 0.3155,-0.0071],[ 0.0978,-0.0636, 2.6783, 1.9631,-0.6476],[-0.8898,-0.4281, 0.3092,-0.0051],0.0558
2587,[-0.8753,-0.4351, 0.3923, 0.    ],[-0.3876,-0.4782, 7.3523, 2.4246, 0.4524],[-0.8771,-0.4337, 0.3908, 0.0156],-0.015
2595,[-0.8856,-0.5075, 0.3223, 0.    ],[-6.1977,-5.3371,-5.9693,-7.0262,-6.8463],[-0.8932,-0.501 , 0.3159, 0.0156],0.029
2600,[-0.9034,-0.0077, 0.0085,-0.1697],[  2.4046,205.646 , 17.5761,  4.9919,  1.7052],[-0.9041,-0.0083, 0.0125,-0.1796],0.4153
2601,[-0.9054,-0.0375, 0.0734,-0.1696],[ -0.9071, -2.9995,142.39  , -1.0829, -2.3261],[-0.9059,-0.043 , 0.0763,-0.1798],0.3964
2602,[-0.9074, 0.0393,-0.0724,-0.1558],[ 6.8715,93.3357,-3.3171,-1.5505,-1.6167],[-0.9079, 0.0444,-0.0749,-0.1674],0.4051
2603,[-0.8915,-0.0333, 0.1871,-0.1744],[-5.57  ,-6.4592,-5.3639,-5.7667,-5.4081],[-0.8899,-0.0518, 0.198 ,-0.1718],0.2705
2604,[-0.8926, 0.038 ,-0.1843,-0.1509],[-3.4784,-3.4433,-4.7737,-3.7567,-4.3173],[-0.8911, 0.0556,-0.1929,-0.154 ],0.2753
2610,[-0.9038, 0.0699,-0.0418,-0.1703],[7.2607e-01,2.8842e-02,3.2104e+02,1.2069e+00,3.5868e-01],[-0.9048, 0.0667,-0.0414,-0.1764],0.3961
2611,[-0.891 , 0.0738, 0.074 ,-0.1688],[-12.374 ,-13.0187,-11.9208,-11.7193,-12.1413],[-0.8917, 0.0555, 0.084 ,-0.1747],0.3274
2612,[-0.9066, 0.0803,-0.0884,-0.1635],[2.6202e+00,8.4656e+02,1.6319e-01,2.8980e+00,9.8629e-01],[-0.9073, 0.0815,-0.0851,-0.171 ],0.3801
2614,[-0.9006, 0.1429,-0.1892,-0.1613],[ 0.8939,22.6522,-0.8294,-0.0797, 0.7415],[-0.9003, 0.1492,-0.1903,-0.1697],0.2699
2616,[-0.8822, 0.1458,-0.2849,-0.1973],[-1.1841,-1.4786,-2.6019,-1.2698,-1.7286],[-0.8792, 0.1595,-0.2903,-0.21  ],0.1468
2620,[-0.9029,-0.0707, 0.0418,-0.1833],[ 6.1772e-01, 6.1439e+02,-2.3733e-01, 6.5395e-01, 8.5581e-01],[-0.904 ,-0.0675, 0.041 ,-0.1901],0.3927
2621,[-0.9058,-0.0764, 0.0849,-0.1733],[7.2255e-01,1.1582e+00,1.6008e+03,2.1406e+00,1.6830e+00],[-0.9065,-0.0778, 0.0824,-0.1828],0.3801
2622,[-0.8955,-0.0837,-0.0712,-0.1713],[-6.9631,-7.0195,-8.3834,-7.8962,-6.9781],[-0.8963,-0.0636,-0.0827,-0.175 ],0.3424
2623,[-0.9015,-0.1349, 0.1905,-0.1794],[ 0.1537,-0.7587,73.2245, 0.3884, 1.0676],[-0.9011,-0.1425, 0.1926,-0.1864],0.2754
2625,[-0.8779,-0.1509, 0.2826,-0.2097],[-1.5281,-3.1963,-0.2941,-1.4419,-1.0106],[-0.8751,-0.1635, 0.2868,-0.2092],0.134
2630,[-0.8838, 0.1923,-0.0247,-0.1697],[-11.7614,-12.7276,-11.4902,-11.5552,-11.6968],[-0.8867, 0.1738,-0.0109,-0.1732],0.2828
2631,[-0.8785, 0.1704, 0.0687,-0.1567],[-1.4459,-2.0141,-1.2409,-1.4147,-1.286 ],[-0.8804, 0.1444, 0.0853,-0.141 ],0.2426
2632,[-0.8903, 0.1985,-0.1235,-0.1527],[-1.0509,-2.813 ,-3.2439,-0.3891,-2.0007],[-0.8925, 0.1906,-0.1123,-0.1492],0.2575
2634,[-0.8981, 0.187 ,-0.2127,-0.1627],[ 8.5805e-01, 1.6606e+00,-6.8505e-02, 1.0921e+02, 9.5319e-01],[-0.8981, 0.1903,-0.2094,-0.1536],0.2343
2636,[-0.8903, 0.2338,-0.3167,-0.1622],[ 1.0177,21.2672,-1.0256, 0.6594, 0.093 ],[-0.8883, 0.2417,-0.3158,-0.1709],0.1301
2640,[-0.886 ,-0.1981, 0.0336,-0.16  ],[-5.323 ,-5.3219,-6.2881,-5.1304,-4.9689],[-0.889 ,-0.18  , 0.0222,-0.1609],0.2864
2641,[-0.8881,-0.2045, 0.114 ,-0.154 ],[ 1.5189,-0.4315, 0.0624, 7.6977, 0.5786],[-0.8906,-0.1949, 0.1019,-0.1493],0.2535
2643,[-0.9013,-0.1916, 0.2137,-0.1688],[  1.2693, -0.381 ,  1.5379,108.5997,  1.4286],[-0.9015,-0.1948, 0.2106,-0.1592],0.244
2645,[-0.8866,-0.223 , 0.3058,-0.1578],[ 0.4561,-0.9096, 0.7681,14.2533,-0.3885],[-0.8846,-0.2305, 0.3043,-0.1502],0.128
2650,[-0.8791, 0.3405,-0.0246,-0.1257],[-0.607 ,-1.5509,-0.7154,-0.9449,-1.2371],[-8.8625e-01, 3.1013e-01, 4.8320e-04,-1.0940e-01],0.2296
2652,[-0.8823, 0.3105,-0.1191,-0.1579],[-3.1423,-3.9669,-2.215 ,-3.0095,-3.3459],[-0.8878, 0.2935,-0.1071,-0.1622],0.1972
2654,[-0.8872, 0.3153,-0.2323,-0.1709],[ 0.68  , 2.7475, 0.1636, 5.3523,-0.0252],[-0.8907, 0.3092,-0.2194,-0.1627],0.1505
2656,[-0.8835, 0.2943,-0.317 ,-0.1942],[ 3.0807,15.2681,-0.97  , 0.8893,-0.6782],[-0.8836, 0.2969,-0.3085,-0.194 ],0.0944
2661,[-0.8753,-0.3087, 0.1299,-0.1427],[-1.3123, 0.7554,-2.3118,-0.3648,-1.5345],[-0.8805,-0.294 , 0.1203,-0.1394],0.1659
2663,[-0.8797,-0.3105, 0.2236,-0.1487],[0.8655,0.5621,2.5212,5.9868,0.152 ],[-0.8831,-0.3041, 0.2105,-0.1415],0.1322
2665,[-0.8762,-0.3042, 0.303 ,-0.147 ],[ 0.3596,-0.5804,13.0884, 0.5298, 0.477 ],[-0.877 ,-0.3049, 0.2949,-0.1552],0.0776
2672,[-0.8673, 0.4   ,-0.1027,-0.1328],[-0.2723,-0.5583,-0.1446,-0.5002,-0.2291],[-0.8764, 0.3781,-0.0845,-0.1165],0.1319
2674,[-0.8716, 0.3958,-0.2405,-0.148 ],[-0.7362,-1.2602,-0.1027,-0.0494,-1.0809],[-0.8776, 0.3877,-0.2347,-0.147 ],0.0697
2676,[-0.8671, 0.4287,-0.3154,-0.1254],[-0.0721, 0.1698,-0.4927, 0.2479,-0.6616],[-0.8721, 0.4245,-0.3045,-0.1091],0.0114
2700,[-0.8935,-0.0073, 0.013 ,-0.2924],[ 0.7458,44.8652,45.3097, 2.8831,-1.401 ],[-0.8948,-0.0085, 0.016 ,-0.2925],0.3757
2701,[-0.8942,-0.0366, 0.0782,-0.2856],[-48.4808,-49.5854,-46.9648,-48.2089,-48.7761],[-0.8952,-0.0426, 0.0809,-0.287 ],0.3482
2702,[-0.894 , 0.0264,-0.074 ,-0.2884],[-28.9729,-27.8606,-30.3109,-29.1746,-29.8434],[-0.895 , 0.0328,-0.0758,-0.2919],0.3537
2710,[-0.8939, 0.0726,-0.0345,-0.2877],[-15.8096,-17.1344,-15.571 ,-16.0039,-17.1608],[-0.8954, 0.0683,-0.0311,-0.2866],0.3585
2711,[-0.8993, 0.0628, 0.0624,-0.317 ],[-6.9347,-7.9211,-6.6795,-7.3045,-7.1602],[-0.9004, 0.0442, 0.0813,-0.3016],0.3702
2712,[-0.8985, 0.0829,-0.0872,-0.2818],[ 0.7953,76.9666, 1.2377, 0.943 , 0.3726],[-0.8997, 0.0839,-0.0828,-0.2846],0.3484
2714,[-0.8904, 0.118 ,-0.1859,-0.2951],[ 1.2923, 7.6697,-2.3352, 0.9756,-1.9411],[-0.8903, 0.1269,-0.1859,-0.3   ],0.2438
2720,[-0.8993,-0.0709, 0.0407,-0.2648],[ 1.2172, 1.7231, 0.2455,42.7649,-1.2024],[-0.9007,-0.0675, 0.0381,-0.2592],0.3799
2721,[-0.9017,-0.0741, 0.0864,-0.2699],[ 1.8159,-0.3769, 2.9694,71.6536, 0.5235],[-0.9027,-0.0763, 0.085 ,-0.2632],0.3632
2723,[-0.9035,-0.132 , 0.1841,-0.2626],[-0.6358,-2.7589, 2.3025, 2.1105,-1.1913],[-0.9035,-0.1396, 0.1841,-0.2557],0.2898
2730,[-0.8815, 0.1845,-0.0251,-0.2682],[-3.6247,-4.3722,-3.2757,-3.3741,-3.7308],[-0.8847, 0.1676,-0.0174,-0.2765],0.2791
2732,[-0.8727, 0.2097,-0.0999,-0.2639],[ 0.2667,-0.5137,-0.3629, 2.3889,-0.8722],[-0.876 , 0.1992,-0.0837,-0.2552],0.2048
2734,[-0.8838, 0.2256,-0.2071,-0.2814],[ 2.5027,63.9993,-0.3494, 4.1022, 0.0761],[-0.8856, 0.2255,-0.1959,-0.2714],0.1821
2736,[-0.8684, 0.187 ,-0.3018,-0.2669],[-0.4044,12.0441,-0.5927, 0.1218,-0.4433],[-0.866 , 0.1973,-0.3025,-0.2825],0.0854
2740,[-0.8771,-0.1984, 0.0366,-0.2936],[-4.5119,-3.1371,-5.1046,-4.462 ,-3.9288],[-0.8808,-0.1826, 0.0296,-0.3101],0.2518
2741,[-0.87  ,-0.1902, 0.1141,-0.2821],[-0.7782,-1.2926,-1.5041, 0.5041,-1.6482],[-0.8727,-0.1835, 0.1038,-0.2794],0.1913
2743,[-0.9068,-0.1749, 0.2071,-0.2581],[ 0.6808,-0.1219,36.4987, 2.6875, 0.1771],[-0.907 ,-0.1802, 0.2071,-0.2452],0.273
2754,[-0.8755, 0.2826,-0.2692,-0.2587],[0.7199,1.0748,1.0772,2.6624,0.2525],[-0.8771, 0.2826,-0.2549,-0.2539],0.1035
2756,[-0.8825, 0.3084,-0.351 ,-0.2554],[ 0.4573, 3.9788,-0.3867, 4.7096,-0.2383],[-0.8818, 0.3129,-0.3441,-0.2513],0.0673
2800,[-0.8812,-0.0162, 0.0182,-0.4074],[ 3.3408, 3.0498, 1.8953,68.823 , 0.3034],[-0.883 ,-0.0167, 0.0199,-0.3965],0.3237
2801,[-0.8759,-0.0374, 0.0737,-0.4147],[ 0.171 ,-0.5817,68.592 , 0.8024,-0.2895],[-0.8774,-0.0423, 0.0752,-0.4172],0.2783
2802,[-0.8817, 0.0258,-0.0873,-0.4191],[ 1.9387,26.3852,-1.6144, 1.4751,-0.9633],[-0.8831, 0.0338,-0.091 ,-0.4298],0.2984
2810,[-0.8803, 0.0706,-0.0307,-0.4004],[ 1.0469, 0.7496,79.4356, 2.2613, 0.2462],[-0.8823, 0.0668,-0.0304,-0.4061],0.3046
2812,[-0.8863, 0.0831,-0.0955,-0.4077],[ 1.8827, 1.4434, 0.123 ,60.1266, 0.4838],[-0.8878, 0.0858,-0.0957,-0.398 ],0.2923
2820,[-0.8809,-0.0618, 0.0429,-0.4359],[ 1.1005, 2.1789, 0.1933,90.0901,-0.397 ],[-0.8829,-0.0596, 0.0369,-0.4249],0.31
2821,[-0.8842,-0.0677, 0.0771,-0.4446],[3.9643e-01,5.3809e-01,5.6511e+02,4.4402e+00,2.1625e-01],[-0.8861,-0.0694, 0.0734,-0.4424],0.3021
2900,[-0.8819,-0.0445, 0.0383,-0.5797],[1.1672e+00,2.4316e+00,1.7160e+00,6.7932e+02,4.1028e-01],[-0.8844,-0.0442, 0.036 ,-0.5661],0.3221
2901,[-0.8721,-0.0424, 0.0574,-0.6524],[-5.7904,-8.1303,-5.5523,-5.6294,-7.9507],[-0.8748,-0.0447, 0.0555,-0.634 ],0.2747
2912,[-0.8832, 0.0671,-0.1156,-0.5073],[ 8.3270e-01, 3.7284e+00, 2.5403e-01, 2.6050e+02,-1.2171e+00],[-0.8847, 0.074 ,-0.1157,-0.4891],0.2757
2920,[-0.8836,-0.0611, 0.0472,-0.5039],[1.8585e+00,3.6071e+02,3.0884e-02,4.3493e+00,1.2166e+00],[-0.8859,-0.06  , 0.0442,-0.4993],0.318
2921,[-0.891 ,-0.074 , 0.0802,-0.5074],[ 2.2952e-01,-3.5105e-01, 1.2408e+01, 1.8797e+03,-4.6587e-01],[-0.8931,-0.0758, 0.0782,-0.5001],0.3257
3320,[-0.8665,-0.1625, 0.0536, 0.1436],[ 0.3745, 1.1572,-0.7768,-1.6215, 1.1401],[-0.8673,-0.1524, 0.0523, 0.1521],0.2051
3323,[-0.8649,-0.1002, 0.1854, 0.1347],[-0.0923,-1.1543, 1.8494,-0.7461, 2.0234],[-0.863 ,-0.1066, 0.1839, 0.1198],0.1573
3334,[-0.8615, 0.2454,-0.2526, 0.1357],[ 0.3698, 2.2098,-1.4362,-0.9218, 2.3575],[-0.8613, 0.244 ,-0.2359, 0.125 ],0.0797
3336,[-0.8616, 0.2461,-0.295 , 0.1771],[ 0.9676, 4.259 ,-2.3357,-0.0713, 2.4802],[-0.8599, 0.2472,-0.2846, 0.1689],0.0557
3341,[-0.8592,-0.1994, 0.0789, 0.1313],[ 0.2196, 1.8696,-0.1566,-0.9259, 4.4749],[-0.8608,-0.1882, 0.066 , 0.1311],0.1643
3343,[-0.8648,-0.2197, 0.2365, 0.1575],[ 0.08  ,-0.5982, 3.6768,-0.9022, 2.2427],[-0.8643,-0.2188, 0.2207, 0.1429],0.1037
3345,[-0.8614,-0.2629, 0.3235, 0.1484],[ 0.5158,-1.9104, 4.0363,-0.9213, 6.6554],[-0.8595,-0.2645, 0.3106, 0.1401],0.0382
3354,[-0.8621, 0.3463,-0.2081, 0.1354],[ 1.4162, 1.3498, 0.1303, 0.5156,11.5989],[-0.8661, 0.3362,-0.1983, 0.1382],0.0722
3356,[-0.8654, 0.385 ,-0.2912, 0.1546],[-0.9002, 7.3622,-1.2992, 0.3022, 1.9294],[-0.8688, 0.3782,-0.2751, 0.1682],0.033
3372,[-0.8464, 0.4681,-0.16  , 0.1352],[-1.4336,-1.4719,-0.3192,-1.1262,-0.9229],[-0.8564, 0.4521,-0.1492, 0.1214],0.0205
3374,[-0.8512, 0.4682,-0.2156, 0.1475],[ 0.7696,-0.2689, 2.6463, 0.0736, 2.0708],[-0.8599, 0.4556,-0.202 , 0.1523],0.0092
3376,[-0.8608, 0.3933,-0.3117, 0.1329],[ 1.2475,12.7493, 0.1943, 1.1316, 1.4578],[-0.8639, 0.3879,-0.2983, 0.1475],0.0073
3385,[-0.8646,-0.4508, 0.3832, 0.1497],[1.1430e+00,5.2284e-04,5.3279e+00,6.4928e-01,4.6774e+00],[-0.8676,-0.447 , 0.3691, 0.1585],-0.0344
3387,[-0.8608,-0.4553, 0.4017, 0.1355],[ 0.161 ,-0.7411,11.9843, 1.6495, 0.7625],[-0.8633,-0.4524, 0.3896, 0.145 ],-0.0542
3400,[-0.8597,-0.0438, 0.0034, 0.0143],[7.4151e-01,1.2146e+00,1.2272e+00,2.5193e-03,1.3649e+01],[-0.8598,-0.0402, 0.0028,-0.0011],0.2361
3401,[-0.8452,-0.0025, 0.1109, 0.0146],[ 1.4676,-1.1634, 8.6379,-0.5087, 2.3541],[-0.8444,-0.0114, 0.1143, 0.0078],0.1522
3402,[-0.8594, 0.0236,-0.0947, 0.0224],[ 0.0989, 5.4097,-1.217 ,-0.2497, 5.0652],[-0.8588, 0.0301,-0.0969, 0.014 ],0.2053
3410,[-0.857 , 0.0972, 0.0055, 0.0157],[ 0.9382, 0.1986, 3.7401,-0.5555, 3.6798],[-0.8576, 0.0876, 0.0108, 0.007 ],0.2081
3412,[-0.8514, 0.1148,-0.0941, 0.0185],[ 0.9532, 1.6696,-0.7626,-0.6218, 2.6323],[-0.8517, 0.1129,-0.0909, 0.012 ],0.1532
3420,[-0.8455,-0.1092, 0.0194, 0.0424],[ 1.4355, 3.8137,-1.2707,-0.7697, 4.8147],[-0.8461,-0.1015, 0.0147, 0.0383],0.1669
3421,[-0.8556,-0.1225, 0.1211, 0.0232],[ 2.8261,-0.4789, 6.4144,-0.2112, 5.938 ],[-0.8556,-0.122 , 0.1167, 0.0138],0.1531
3423,[-0.8615,-0.138 , 0.2006, 0.0745],[ 0.382 ,-1.1182, 8.5311,-0.2387, 0.8712],[-0.86  ,-0.1426, 0.2002, 0.0612],0.1278
3430,[-0.8553, 0.2227,-0.0255, 0.0399],[-1.4473,-2.5355, 0.1009,-1.9742,-1.0488],[-0.8582, 0.2057,-0.0146, 0.0281],0.1662
3432,[-0.8504, 0.2323,-0.106 , 0.0406],[1.0489,0.4292,0.8981,0.574 ,5.5896],[-0.8529, 0.222 ,-0.0959, 0.0317],0.1161
3434,[-0.8572, 0.2372,-0.2144, 0.0524],[ 0.5579, 5.0279,-1.051 , 0.1405, 3.9406],[-0.8578, 0.2347,-0.2056, 0.0463],0.0848
3436,[-0.8649, 0.2504,-0.2989, 0.1049],[ 1.1861, 9.2779,-1.3923,-0.3161, 1.458 ],[-0.8635, 0.2518,-0.2855, 0.1139],0.0637
3440,[-0.8575,-0.1814, 0.0453, 0.0327],[-0.5352, 1.1593,-2.8614,-1.4002,-0.3545],[-0.8594,-0.1689, 0.033 , 0.0185],0.1794
3441,[-0.854 ,-0.2301, 0.1088, 0.0441],[15.4772, 1.6926, 0.1599,-0.3639, 1.348 ],[-0.8565,-0.2198, 0.0966, 0.0424],0.1278
3443,[-0.8601,-0.238 , 0.2151, 0.0545],[ 0.0594,-0.7599, 9.334 ,-0.1505, 3.2717],[-0.8608,-0.2353, 0.2044, 0.054 ],0.0933
3445,[-0.8573,-0.2661, 0.2893, 0.1193],[ 0.4998,-0.9274,15.7403,-0.4815, 3.6772],[-0.8567,-0.2657, 0.2725, 0.1043],0.0447
3450,[-0.85  , 0.2783,-0.0444, 0.1094],[-2.0028,-2.3574,-0.8006,-0.9107,-1.6757],[-0.8542, 0.2596,-0.0305, 0.0943],0.129
3452,[-0.8458, 0.316 ,-0.1222, 0.0419],[-0.7514,-1.5355, 2.4529,-1.3287,-0.5625],[-0.8507, 0.3023,-0.1106, 0.0509],0.0748
3454,[-0.8516, 0.3509,-0.2167, 0.0406],[ 0.3537,10.4253, 4.2423, 0.2013, 0.7353],[-0.8559, 0.3423,-0.2067, 0.0482],0.0394
3456,[-0.858 , 0.3567,-0.3223, 0.0378],[ 2.2912, 6.187 ,-1.4333, 0.1954, 5.0992],[-0.8593, 0.3546,-0.3167, 0.0342],0.0018
3461,[-0.8531,-0.3269, 0.1331, 0.0298],[ 0.178 , 4.2499,-1.246 , 0.0843, 0.7448],[-0.8583,-0.3129, 0.1217, 0.0364],0.0885
3463,[-0.8511,-0.3569, 0.2273, 0.041 ],[ 1.1962, 0.5498, 0.8932, 0.9436,16.9089],[-0.8554,-0.3491, 0.218 , 0.0324],0.031
3465,[-0.8522,-0.3636, 0.311 , 0.0537],[ 1.1435e+00,-4.8920e-01, 9.7378e+00, 5.6270e-03, 1.8615e+00],[-0.8543,-0.3604, 0.3019, 0.0595],-0.007
3472,[-0.8542, 0.4246,-0.1505, 0.0297],[-1.7436,-2.4159,-1.1114,-0.9008,-1.04  ],[-0.8629, 0.408 ,-0.1371, 0.0408],0.0598
3474,[-0.8479, 0.4323,-0.2346, 0.0514],[0.336 ,0.2137,3.1558,1.5353,0.8087],[-0.855 , 0.4227,-0.2263, 0.0588],0.0003
3476,[-0.8455, 0.4383,-0.3237, 0.0445],[1.7527,3.6783,0.0348,1.7895,0.8649],[-0.8501, 0.434 ,-0.3168, 0.0543],-0.049
3481,[-0.8585,-0.4121, 0.1504, 0.0229],[-0.9385,-1.2928,-2.1337,-1.6759,-0.418 ],[-0.8666,-0.3955, 0.1384, 0.0372],0.074
3483,[-0.848 ,-0.4361, 0.2307, 0.0371],[6.4106,3.8546,0.3943,0.5665,0.7688],[-0.8553,-0.4262, 0.2222, 0.0435],0.0008
3485,[-0.8496,-0.4312, 0.323 , 0.0382],[ 1.5372,-0.0726,10.5089, 1.4795, 1.4455],[-0.8539,-0.4267, 0.3156, 0.0487],-0.0374
3487,[-0.8556,-0.4594, 0.4321, 0.0577],[-2.0153e-01,-9.6142e-01, 1.0825e+01, 6.0748e-03,-3.0981e-01],[-0.8568,-0.4581, 0.426 , 0.0708],-0.0835
3493,[-0.837 ,-0.5236, 0.2319, 0.0319],[-8.0512,-8.0243,-8.0831,-7.5534,-8.5487],[-0.8481,-0.5137, 0.2236, 0.0433],-0.0482
3494,[-0.8342, 0.5115,-0.1936, 0.015 ],[-8.2245,-7.8217,-6.8973,-7.8622,-7.7846],[-8.4592e-01, 4.9939e-01,-1.8311e-01,-5.5393e-04],-0.0349
3495,[-0.8481,-0.5074, 0.3099, 0.0197],[-5.2743,-4.7667,-5.6276,-5.1748,-4.9307],[-0.8561,-0.5016, 0.3032, 0.03  ],-0.0552
3496,[-0.8659, 0.5066,-0.3417, 0.0156],[ -9.119 , -9.2658, -8.2998, -9.1939,-10.0515],[-0.8727, 0.5021,-0.3372, 0.0305],-0.0316
3500,[-0.8526,-0.005 , 0.002 ,-0.0551],[ 0.9928, 2.1675, 2.5228,-0.312 ,29.9301],[-0.8529,-0.0049, 0.0028,-0.0692],0.2117
3501,[-0.8565,-0.0169, 0.091 ,-0.0548],[ 0.2427,-0.6833,13.4146,-0.3168, 1.4   ],[-0.8562,-0.0239, 0.0942,-0.0639],0.1975
3502,[-0.8582, 0.0182,-0.0921,-0.0533],[ 1.6832, 8.5656,-0.5571,-0.7439,-0.3255],[-0.8579, 0.0251,-0.0961,-0.0641],0.2024
3504,[-0.8577, 0.0511,-0.1714,-0.0943],[ 0.1489, 2.9664,-2.3794,-1.0075,-1.4277],[-0.8564, 0.0621,-0.1778,-0.1052],0.1546
3510,[-0.8517, 0.1027,-0.0165,-0.052 ],[ 0.6452,-0.4769, 1.2131,-1.3209, 0.9076],[-0.8527, 0.0949,-0.0111,-0.0623],0.1864
3511,[-0.8616, 0.0921, 0.0728,-0.0669],[-1.7231,-3.8243,-0.3266,-2.1724,-1.021 ],[-0.8621, 0.076 , 0.0837,-0.0796],0.2044
3512,[-0.8553, 0.1168,-0.1011,-0.048 ],[-0.2939, 0.7294,-1.4772,-2.003 , 0.1263],[-0.8558, 0.1153,-0.0964,-0.0586],0.164
3514,[-0.8561, 0.1215,-0.2017,-0.0438],[ 0.522 , 2.4984,-1.0261, 0.02  ,10.8933],[-0.8547, 0.1282,-0.2037,-0.0569],0.1154
3520,[-0.849 ,-0.0934, 0.0194,-0.0507],[ 0.9171,28.6395, 0.0887,-0.141 , 1.2013],[-0.8498,-0.087 , 0.0156,-0.0596],0.18
3521,[-0.8551,-0.1047, 0.0969,-0.0465],[ 1.0486,-0.9315, 2.3326,-1.1497, 1.8082],[-0.8555,-0.1037, 0.0915,-0.0561],0.1692
3522,[-0.8565,-0.0697,-0.068 ,-0.0629],[-0.2816, 0.1724,-2.5601,-1.5212,-0.8134],[-0.8568,-0.0564,-0.0796,-0.0762],0.1947
3523,[-0.861 ,-0.1375, 0.187 ,-0.0421],[ 3.1188,-1.162 ,12.8352,-0.5725, 0.0865],[-0.8603,-0.1415, 0.1846,-0.0509],0.135
3530,[-0.8543, 0.2036,-0.0305,-0.0604],[-4.6374,-6.1788,-3.9181,-4.7511,-4.3199],[-0.8571, 0.1885,-0.0193,-0.0738],0.166
3532,[-0.8513, 0.2255,-0.1097,-0.0382],[ 1.0351, 0.6892, 1.3731,-1.2008, 3.6022],[-0.8539, 0.2162,-0.1005,-0.0483],0.1195
3534,[-0.8539, 0.2348,-0.2009,-0.0281],[ 1.002 ,16.4557,-0.2313, 0.3231, 0.4824],[-0.8551, 0.2322,-0.1935,-0.0333],0.0822
3536,[-0.8578, 0.2463,-0.3087,-0.0387],[-0.116 ,23.7252,-1.1636,-0.8745, 0.1466],[-0.8562, 0.2499,-0.301 ,-0.0443],0.0393
3540,[-0.8467,-0.207 , 0.0356,-0.0627],[-2.4052,-1.2573,-4.3821,-3.0367,-0.8376],[-0.8497,-0.1928, 0.0252,-0.075 ],0.1424
3541,[-0.8514,-0.2317, 0.1137,-0.0492],[ 0.87  , 1.6129, 1.2798, 0.6403,14.6594],[-0.8542,-0.2224, 0.1049,-0.0614],0.1164
3543,[-0.8549,-0.2236, 0.2059,-0.0408],[-0.1517,-0.1828,17.9682, 0.7682, 0.1558],[-0.8557,-0.2223, 0.1993,-0.0457],0.0861
3550,[-0.8521, 0.3036,-0.0416,-0.0808],[-3.6564,-4.6948,-2.8074,-3.2699,-3.1311],[-0.8579, 0.2828,-0.0262,-0.095 ],0.1345
3552,[-0.8463, 0.3236,-0.1235,-0.0449],[-2.7474,-4.6258,-1.6279,-3.738 ,-3.2705],[-0.8518, 0.3098,-0.1119,-0.0459],0.0749
3554,[-0.8481, 0.3323,-0.2189,-0.0242],[2.9853,9.0798,0.7931,0.2918,1.4679],[-0.852 , 0.3254,-0.2089,-0.0278],0.0344
3556,[-0.847 , 0.3474,-0.3166,-0.0095],[ 0.704 ,11.0527,-0.8317, 1.3463, 0.428 ],[-0.8484, 0.3457,-0.3102,-0.0116],-0.0187
3558,[-0.8435, 0.3678,-0.3984, 0.    ],[ 1.9091,14.4808,-0.8975, 1.4771,-0.36  ],[-0.8424, 0.3687,-0.3969, 0.    ],-0.0715
3561,[-0.8473,-0.3216, 0.1327,-0.0386],[-0.3828,11.7759,-1.4649,-0.8666,-0.1343],[-0.8527,-0.3086, 0.1216,-0.0462],0.0743
3563,[-0.8478,-0.3403, 0.2126,-0.0352],[ 1.5496, 1.1856, 3.6728, 0.1394,19.7908],[-0.8521,-0.3328, 0.2041,-0.0465],0.0338
3565,[-0.8547,-0.3417, 0.3251,-0.0043],[ 0.9746,-0.7208,15.4703, 0.0866, 0.3769],[-0.8555,-0.3407, 0.3196,-0.0049],-0.0034
3567,[-0.866 ,-0.3873, 0.3939, 0.    ],[ 0.3626,-1.1503,16.448 , 1.2977,-0.1615],[-0.8658,-0.3875, 0.3924, 0.    ],-0.0244
3572,[-0.8426, 0.413 ,-0.1346,-0.0579],[-2.2128,-3.4242,-1.5619,-2.8161,-3.0783],[-0.8515, 0.3969,-0.1219,-0.0636],0.039
3574,[-0.8428, 0.4304,-0.2251,-0.0225],[ 0.7814,-0.1762, 4.2185, 3.8269,-0.2496],[-0.8503, 0.4209,-0.2162,-0.0246],-0.0072
3576,[-0.8426, 0.4329,-0.325 ,-0.0166],[ 1.3487, 3.2936,-0.4211, 1.4139, 0.8797],[-0.8471, 0.4293,-0.3197,-0.0181],-0.0552
3581,[-0.8435,-0.4192, 0.1493,-0.0387],[-1.4702,-0.6372,-2.2135,-0.1689,-1.5011],[-0.8523,-0.4042, 0.1379,-0.039 ],0.0323
3583,[-0.8424,-0.4253, 0.221 ,-0.0152],[ 1.1115,10.6961,-0.1143, 1.3682, 1.2072],[-0.8497,-0.4156, 0.2129,-0.0159],-0.0054
3585,[-0.8392,-0.4391, 0.319 ,-0.0088],[ 1.1347,-0.0341, 2.3666, 5.4988, 0.4942],[-0.8441,-0.4351, 0.3132,-0.0018],-0.0613
3587,[-0.8521,-0.4548, 0.4173,-0.0132],[ 0.6469,-0.768 , 3.4934, 4.5732, 0.0466],[-0.8538,-0.4541, 0.4156,-0.0098],-0.0849
3593,[-0.8305,-0.5108, 0.2118,-0.0308],[-6.685 ,-8.1363,-8.833 ,-7.9948,-8.5764],[-0.8419,-0.5003, 0.2022,-0.0355],-0.0511
3594,[-0.8394, 0.5179,-0.2267,-0.0307],[-8.2142,-7.8074,-7.6355,-7.9836,-8.1955],[-0.8507, 0.5079,-0.2169,-0.0424],-0.0379
3595,[-0.8412,-0.5127, 0.3062, 0.    ],[-5.2662,-5.2075,-5.7209,-4.9316,-5.9067],[-0.8497,-0.5073, 0.3009, 0.0047],-0.0702
3596,[-0.8553, 0.5087,-0.3475, 0.    ],[-4.497 ,-5.428 ,-5.9473,-4.6951,-5.751 ],[-0.8621, 0.505 ,-0.3439, 0.0052],-0.0595
3600,[-8.5321e-01,-7.4190e-04, 4.7680e-03,-1.8331e-01],[ 1.4071, 1.6614, 1.6296, 1.3048,87.6121],[-0.8541,-0.0012, 0.0044,-0.1995],0.2149
3601,[-0.8576,-0.0241, 0.0888,-0.1753],[-0.3157,-1.2198,35.5961,-0.3144, 1.9234],[-0.8579,-0.0301, 0.0873,-0.1871],0.2038
3602,[-0.8558, 0.0256,-0.0805,-0.1731],[-0.2605, 0.9848,-2.9099,-1.6249, 0.7983],[-0.8562, 0.0308,-0.0808,-0.1855],0.2005
3603,[-0.8606,-0.0431, 0.1667,-0.2144],[-1.8525,-3.7666,-2.4506,-2.5058,-1.614 ],[-0.8599,-0.0546, 0.1663,-0.2311],0.1735
3610,[-0.8563, 0.0943,-0.0154,-0.173 ],[-8.6734,-9.7952,-7.7744,-9.2178,-8.4586],[-0.8577, 0.0872,-0.0117,-0.1818],0.2051
3611,[-0.8629, 0.0625, 0.0885,-0.1927],[-5.7404,-6.9428,-5.3174,-6.0234,-6.5552],[-0.8634, 0.0475, 0.0962,-0.206 ],0.2149
3612,[-0.8558, 0.1005,-0.0943,-0.1883],[-3.3976,-3.2812,-4.8863,-4.4993,-3.0074],[-0.8568, 0.1002,-0.0899,-0.2013],0.1749
3614,[-0.8525, 0.1334,-0.1976,-0.1762],[ 1.6296,14.1076,-1.8331,-0.4744,-0.516 ],[-0.852 , 0.139 ,-0.1946,-0.1899],0.1065
3616,[-0.8657, 0.1547,-0.3165,-0.1314],[-0.5412,-0.6295,-2.624 ,-1.4505,-1.4868],[-0.8615, 0.1673,-0.321 ,-0.1468],0.0769
3620,[-0.8483,-0.0946, 0.012 ,-0.1893],[ 8.5475e-01, 2.4551e+00,-8.0765e-01, 7.4471e-02, 1.1333e+02],[-0.8498,-0.0874, 0.0069,-0.2044],0.1802
3621,[-0.8548,-0.0968, 0.0929,-0.1684],[ 1.0188, 0.0849,68.2228, 0.245 , 1.0601],[-0.8557,-0.0962, 0.0844,-0.1782],0.1756
3622,[-0.8614,-0.0657,-0.0682,-0.1803],[-4.7563,-2.3741,-6.1714,-4.7998,-4.7168],[-0.8621,-0.0524,-0.0764,-0.1945],0.2161
3623,[-0.8618,-0.1525, 0.2433,-0.1636],[ 4.1932,-1.7532, 2.5569, 0.3807,-0.4897],[-0.8603,-0.1603, 0.2419,-0.175 ],0.1062
3630,[-0.8528, 0.2015,-0.0328,-0.1816],[ -9.7024,-10.5412, -9.0191, -9.0193, -9.4602],[-0.8561, 0.1873,-0.0244,-0.1926],0.1645
3632,[-0.8539, 0.2094,-0.1008,-0.1659],[ 4.8607,-0.5186,-1.0608,-0.6658, 3.5755],[-0.8569, 0.2006,-0.0907,-0.1781],0.1378
3634,[-0.8593, 0.1947,-0.2137,-0.1708],[ 1.0638,25.1735,-0.1379, 0.6095, 1.1075],[-0.8598, 0.1963,-0.203 ,-0.1809],0.1055
3636,[-0.8484, 0.2049,-0.3172,-0.199 ],[ 1.7145,15.69  ,-1.8634, 3.6654, 0.0579],[-0.8457, 0.2129,-0.3138,-0.211 ],0.02
3640,[-0.8498,-0.2026, 0.023 ,-0.1553],[-3.304 ,-1.298 ,-5.4503,-3.935 ,-3.5346],[-0.8531,-0.1876, 0.0144,-0.1671],0.157
3641,[-0.8554,-0.212 , 0.1079,-0.1678],[ 0.3933, 1.9594, 0.8236, 0.4388,21.218 ],[-0.8583,-0.2038, 0.1008,-0.1817],0.1372
3643,[-0.8592,-0.1939, 0.2153,-0.175 ],[ 0.2098,-0.8934, 8.6458, 1.274 , 0.903 ],[-0.8595,-0.1956, 0.2056,-0.1824],0.1048
3645,[-0.8598,-0.1868, 0.2881,-0.164 ],[ 0.5977,-1.2069,11.619 , 0.8521,-0.2208],[-0.8576,-0.1945, 0.2845,-0.1503],0.0693
3652,[-0.8476, 0.3099,-0.1288,-0.1622],[-4.9575,-5.7662,-3.4609,-4.6528,-5.0668],[-0.8531, 0.2976,-0.1178,-0.1703],0.0813
3654,[-0.8485, 0.3233,-0.2045,-0.1402],[11.8445, 1.2637, 0.4433, 1.7947, 0.4322],[-0.853, 0.316,-0.19 ,-0.148],0.0479
3661,[-0.8499,-0.3149, 0.1175,-0.1609],[-0.6487, 0.8179,-2.4599,-0.3359, 0.1446],[-0.8557,-0.3013, 0.1084,-0.171 ],0.0906
3663,[-0.8517,-0.3387, 0.206 ,-0.1409],[ 0.9355, 0.6362, 1.8006,10.5226, 0.5708],[-0.8565,-0.3313, 0.1996,-0.1406],0.048
3672,[-0.8412, 0.4097,-0.1525,-0.1432],[-0.6748,-1.094 ,-0.5602,-0.7582,-0.3575],[-0.85  , 0.3958,-0.1407,-0.1422],0.028
3674,[-0.846 , 0.4181,-0.2205,-0.1495],[-0.1197,-0.425 , 0.8555, 1.0715,-0.719 ],[-0.8535, 0.4093,-0.2144,-0.16  ],0.0052
3681,[-0.8509,-0.3983, 0.1597,-0.1376],[-0.555 , 0.15  ,-0.8472,-0.6965,-0.8355],[-0.8591,-0.3846, 0.1489,-0.148 ],0.0528
3683,[-0.8544,-0.4171, 0.2018,-0.1268],[ 1.1511, 0.7434,-0.6282, 1.5863,-0.2442],[-0.8625,-0.4054, 0.1855,-0.1241],0.0404
3685,[-0.8321,-0.4533, 0.3107,-0.1352],[ 2.3271e-01,-3.6013e-01, 2.9462e+00, 1.8887e+00,-2.2750e-03],[-0.8384,-0.4494, 0.2988,-0.1276],-0.0741
3700,[-8.5401e-01,-1.1477e-02,-6.5831e-04,-3.0681e-01],[  2.1558,414.0291,  4.6676,  3.9294,  2.307 ],[-0.8554,-0.011 , 0.0049,-0.321 ],0.2203
3701,[-0.8606,-0.0197, 0.0733,-0.3297],[ 7.0145e-01,-1.7159e+00, 1.4765e+02,-1.8267e-01,-1.3309e-01],[-0.8617,-0.0255, 0.0758,-0.3415],0.2244
3702,[-0.861 , 0.015 ,-0.0719,-0.2886],[-1.5897,-0.2847,-4.7773,-2.675 ,-0.74  ],[-0.8621, 0.0209,-0.0729,-0.3041],0.2239
3710,[-0.8611, 0.0912,-0.0349,-0.305 ],[ 0.1204, 0.0234,20.978 , 0.1113, 0.1386],[-0.863 , 0.0864,-0.034 ,-0.317 ],0.2218
3712,[-0.8588, 0.104 ,-0.0963,-0.2967],[ 1.5813,25.4435,-0.4469, 0.5292, 1.2224],[-0.8603, 0.1035,-0.0887,-0.3075],0.1861
3714,[-0.8404, 0.1615,-0.1788,-0.2562],[-1.5702,13.1876,-1.8815, 2.1931,-0.7444],[-0.8413, 0.1631,-0.1689,-0.2668],0.0754
3720,[-0.8549,-0.0832, 0.0148,-0.2975],[ 1.7024e+00, 2.4969e+02,-2.3445e-01, 4.1309e-01, 1.3905e+00],[-0.8567,-0.0773, 0.0129,-0.3121],0.2038
3721,[-0.8581,-0.0792, 0.079 ,-0.3141],[  2.691 , -0.4923,141.7381,  0.6373,  1.0253],[-0.8596,-0.0793, 0.0724,-0.3265],0.199
3722,[-0.8613,-0.0589,-0.0672,-0.284 ],[ -9.1736, -8.0081,-10.028 , -8.9141, -8.8835],[-0.8626,-0.0472,-0.0637,-0.2997],0.2248
3730,[-0.8642, 0.1905,-0.034 ,-0.2666],[-6.0247,-7.4883,-5.4999,-6.8074,-6.1158],[-0.8676, 0.1762,-0.0254,-0.2822],0.2075
3732,[-0.8603, 0.2097,-0.1135,-0.2963],[1.9498,0.0747,0.5593,5.6259,1.5381],[-0.8636, 0.2009,-0.0921,-0.2826],0.1587
3734,[-0.8531, 0.2259,-0.2172,-0.2986],[ 2.0571,16.1777,-0.4822, 1.517 , 0.2351],[-0.8547, 0.2261,-0.2045,-0.3013],0.08
3736,[-0.8553, 0.2266,-0.2911,-0.3085],[-0.318 ,14.4738,-1.3677, 0.9875, 0.6259],[-0.8546, 0.2326,-0.2841,-0.3216],0.0475
3740,[-0.8627,-0.2058, 0.0455,-0.2565],[-6.3028,-6.251 ,-8.1117,-6.3661,-6.6044],[-0.8662,-0.1919, 0.0397,-0.2511],0.1911
3741,[-0.8581,-0.1914, 0.1108,-0.2894],[1.8357,1.8693,0.6611,4.9542,8.5815],[-0.861 ,-0.1843, 0.0947,-0.3049],0.1554
3743,[-0.8556,-0.2034, 0.2051,-0.2659],[ 0.8143,-0.4165,12.6169, 0.9279, 0.2696],[-0.8569,-0.2039, 0.1912,-0.2731],0.099
3800,[-0.8589,-0.0149, 0.0089,-0.4112],[  1.6535,539.6192,  4.7857,  3.3735,  1.1466],[-0.8608,-0.015 , 0.0136,-0.4207],0.2395
3801,[-0.8569,-0.0427, 0.0689,-0.4201],[ 4.2893e-01,-1.4431e+00, 4.5913e+02, 1.7648e+00,-1.0436e+00],[-0.8586,-0.0456, 0.0667,-0.4289],0.2105
3810,[-0.8664, 0.0592,-0.0454,-0.3763],[  0.2081,  0.9391,201.646 ,  1.3208,  0.9272],[-0.8681, 0.0593,-0.0531,-0.3895],0.2446
3820,[-0.8543,-0.0679, 0.0357,-0.4221],[3.3538e+02,2.5004e+00,7.4166e-01,2.4705e+00,1.6432e-01],[-0.8564,-0.0655, 0.0339,-0.4318],0.2085
3821,[-0.8609,-0.0592, 0.062 ,-0.4197],[4.6478e-01,3.2557e-01,2.5689e+02,4.3240e+00,1.2291e-01],[-0.8628,-0.0598, 0.0579,-0.4284],0.2233
3834,[-0.8603, 0.2465,-0.2589,-0.382 ],[ 0.3876, 2.75  ,-0.153 , 7.2471, 1.0556],[-0.8616, 0.2489,-0.2462,-0.3758],0.0746
3900,[-0.8558,-0.0398, 0.0168,-0.5608],[5.7850e+00,2.1924e+00,4.7797e-01,3.0910e+00,6.3766e+02],[-0.8584,-0.0386, 0.0215,-0.5781],0.2292
4374,[-0.8   , 0.4838,-0.2713, 0.1362],[ 1.006 , 0.6283, 2.3352,-0.0026, 2.5119],[-0.8081, 0.4773,-0.2618, 0.1216],-0.1315
4376,[-0.7879, 0.4925,-0.2832, 0.1293],[ 1.3305, 5.8362,-0.3779, 0.4622, 1.437 ],[-0.7959, 0.4869,-0.2757, 0.1436],-0.1598
4383,[-0.8127,-0.4573, 0.2186, 0.1328],[ 1.3806e+00, 1.0561e+01,-7.3812e-03,-1.9699e-01, 1.1762e+00],[-0.8211,-0.4479, 0.2088, 0.1179],-0.0815
4394,[-0.8146, 0.506 ,-0.2061, 0.1363],[-1.4717,-0.5717,-1.0681, 0.0151,-1.0551],[-0.8253, 0.4952,-0.1949, 0.1503],-0.0826
4432,[-0.8198, 0.2353,-0.1356, 0.0679],[ 1.0364, 0.3025, 0.8827,-0.6255, 6.1531],[-0.8219, 0.2282,-0.1226, 0.0593],0.0165
4434,[-0.8153, 0.2437,-0.1876, 0.0401],[ 0.2163, 2.9567,-0.5204,-0.3467, 1.9946],[-0.8167, 0.2399,-0.1804, 0.0489],-0.0181
4440,[-0.8211,-0.1712, 0.0515, 0.0156],[-0.0222, 1.6144,-1.7723,-1.195 , 1.4982],[-0.8227,-0.1624, 0.0427, 0.0305],0.0641
4441,[-0.8103,-0.2381, 0.0998, 0.0098],[ 0.7085, 0.3921,-0.0972,-0.4655, 4.3771],[-0.8133,-0.2294, 0.091 ,-0.002 ],0.0041
4443,[-0.8116,-0.2075, 0.214 , 0.0153],[ 0.3583,-1.5453, 2.5216,-0.5445, 1.6033],[-0.8114,-0.2078, 0.2141, 0.008 ],-0.0312
4452,[-0.8113, 0.3397,-0.132 , 0.0232],[ 0.3286,-1.4055, 4.1212,-0.6892, 2.0616],[-0.817 , 0.3282,-0.1207, 0.0256],-0.0257
4454,[-0.8039, 0.3614,-0.1729, 0.0079],[ 6.1879, 1.7729,-0.1382,-0.3324, 2.4563],[-8.0992e-01, 3.5244e-01,-1.6386e-01, 7.7246e-05],-0.0618
4461,[-0.8098,-0.319 , 0.1548, 0.0153],[ 0.0343,10.1861,-1.013 ,-0.7617, 1.4305],[-8.1451e-01,-3.1009e-01, 1.4637e-01, 5.4205e-04],-0.034
4463,[-0.8008,-0.3419, 0.2036, 0.02  ],[1.6948,0.1537,1.428 ,0.4029,8.0642],[-0.8052,-0.3354, 0.1965, 0.0196],-0.0762
4465,[-0.8203,-0.3862, 0.3125, 0.0219],[ 0.2057,-0.8856, 4.6515,-0.106 , 2.1426],[-0.8232,-0.3834, 0.3068, 0.0076],-0.0873
4472,[-0.7915, 0.416 ,-0.1365, 0.0053],[-1.3143,-1.5786,-0.4777,-0.8591,-1.3826],[-0.8004, 0.4041,-0.1283,-0.0094],-0.087
4474,[-0.8058, 0.451 ,-0.2338, 0.0343],[1.0372,0.8681,3.658 ,0.3486,4.0263],[-0.8138, 0.4433,-0.227 , 0.0313],-0.0994
4476,[-0.8093, 0.4334,-0.312 , 0.0407],[ 2.0314, 4.5971,-0.0936, 1.0667, 1.2602],[-0.8141, 0.4296,-0.3064, 0.0513],-0.1187
4483,[-0.8036,-0.4416, 0.2414, 0.0382],[ 0.5719, 0.7939, 0.4277, 0.2113,12.1667],[-0.811 ,-0.4345, 0.2336, 0.0361],-0.1043
4485,[-0.8095,-0.438 , 0.3274, 0.0394],[ 1.687 ,-0.4702, 4.6929, 0.7005, 2.0862],[-0.8139,-0.4347, 0.3218, 0.0455],-0.1257
4493,[-0.805 ,-0.5133, 0.2217, 0.0326],[-8.2206,-7.9752,-7.2951,-7.6775,-8.2068],[-0.816 ,-0.5046, 0.2144, 0.0365],-0.1097
4494,[-0.7998, 0.5168,-0.2359, 0.0638],[-7.6233,-7.6134,-7.2322,-6.5162,-7.7042],[-0.8104, 0.5088,-0.2296, 0.0746],-0.1259
4495,[-0.7868,-0.5023, 0.3016, 0.0839],[-5.0425,-5.2181,-4.4179,-3.7973,-5.0095],[-0.795 ,-0.4974, 0.2908, 0.0981],-0.1683
4496,[-0.7964, 0.5118,-0.3407, 0.0259],[-9.5315,-8.8399,-9.0757,-8.6012,-9.27  ],[-0.8034, 0.5087,-0.3381, 0.0296],-0.1702
4520,[-0.8142,-0.1399, 0.011 ,-0.0814],[-1.5858,-0.5448,-2.5011,-2.0519, 0.3379],[-0.8159,-0.1307, 0.004 ,-0.0962],0.0634
4521,[-0.7931,-0.1458, 0.129 ,-0.0559],[ 0.5782,-1.0777, 1.5185,-0.8281, 1.6058],[-0.7937,-0.1449, 0.1276,-0.0699],-0.0303
4532,[-0.8197, 0.2346,-0.1266,-0.0231],[ 0.9967, 0.6124, 1.2792,-0.0463, 7.2288],[-0.8223, 0.2276,-0.1191,-0.0304],0.0186
4534,[-0.81  , 0.2548,-0.1958,-0.0062],[ 0.5634, 2.6849,-1.6448, 0.2131, 0.6265],[-0.8116, 0.2515,-0.1919,-0.0091],-0.0367
4540,[-0.8125,-0.2088, 0.0427,-0.0341],[-1.2847, 2.6874,-2.1498,-1.6137, 0.0849],[-0.8154,-0.1976, 0.0336,-0.0491],0.0361
4541,[-0.8122,-0.2288, 0.0934,-0.028 ],[ 0.5281, 2.0789, 0.1475,-0.4739, 7.3336],[-0.8151,-0.2202, 0.0856,-0.0355],0.013
4543,[-0.8146,-0.2288, 0.1986,-0.0391],[-0.2449,-1.4811, 3.6614,-0.6124, 0.569 ],[-0.8156,-0.2271, 0.1941,-0.0496],-0.021
4552,[-0.8067, 0.3389,-0.1331,-0.0434],[-1.1231,-1.7884, 8.672 ,-0.9158, 0.7114],[-0.8127, 0.3281,-0.1237,-0.05  ],-0.0362
4554,[-0.8045, 0.3595,-0.2067,-0.0359],[2.1275,1.708 ,0.0443,1.3851,7.1389],[-0.8098, 0.3526,-0.1982,-0.0466],-0.0722
4556,[-0.8143, 0.3732,-0.3037,-0.0188],[ 1.6334, 2.9185,-1.844 ,-0.3793, 0.864 ],[-0.817 , 0.3707,-0.3002,-0.0266],-0.094
4561,[-0.8066,-0.3267, 0.1257,-0.034 ],[ 1.2396e-01, 1.6188e+01,-1.2763e+00,-1.2215e-02, 8.6462e-01],[-0.8122,-0.3158, 0.1162,-0.0422],-0.0317
4563,[-0.8097,-0.354 , 0.2119,-0.0115],[ 2.3404, 1.0252,13.5568, 0.704 , 1.3437],[-0.8145,-0.3473, 0.2044,-0.0156],-0.0627
4572,[-0.8063, 0.4218,-0.1467,-0.0384],[-2.658 ,-3.6748,-1.2119,-3.1826,-2.727 ],[-0.8154, 0.4095,-0.1364,-0.0482],-0.0587
4574,[-0.8009, 0.4324,-0.2131,-0.0216],[0.1587,0.4451,1.478 ,0.3796,9.3598],[-0.8089, 0.4243,-0.2052,-0.0309],-0.0973
4576,[-0.8022, 0.444 ,-0.3123,-0.0137],[ 0.1468,10.6722,-0.0784, 1.4419, 0.0966],[-0.8075, 0.4406,-0.3074,-0.0169],-0.1343
4581,[-0.8098,-0.4171, 0.1587,-0.0565],[-2.2839, 0.0908,-2.5225,-1.5783,-1.5757],[-0.8186,-0.4057, 0.1496,-0.067 ],-0.0548
4583,[-0.8031,-0.433 , 0.222 ,-0.0181],[ 3.1634,15.3164, 0.1768, 1.033 , 0.6998],[-0.8108,-0.4253, 0.2152,-0.0241],-0.0965
4585,[-0.802 ,-0.4432, 0.3184,-0.0103],[ 1.1478,-0.4074, 9.6852, 0.116 , 0.5126],[-0.8071,-0.44  , 0.3138,-0.0116],-0.1372
4593,[-0.7985,-0.5242, 0.2226,-0.0145],[-8.555 ,-6.9415,-8.3382,-6.8424,-7.1342],[-0.8101,-0.5161, 0.2153,-0.0142],-0.1248
4594,[-0.798 , 0.5233,-0.2217,-0.0081],[-8.7249,-8.286 ,-8.3369,-7.555 ,-8.5356],[-0.8096, 0.5151,-0.2136,-0.0124],-0.125
4595,[-0.8101,-0.5097, 0.299 , 0.    ],[-2.97  ,-2.8529,-3.3694,-1.8225,-2.7857],[-0.8187,-0.5049, 0.2937, 0.0022],-0.1296
4596,[-0.8118, 0.5048,-0.3497,-0.0099],[-4.1985,-4.8159,-4.3957,-3.1423,-5.2203],[-0.8182, 0.5021,-0.3483,-0.0033],-0.1464
4620,[-0.8196,-0.0943,-0.0256,-0.1519],[-3.5703,-2.6482,-4.8827,-4.8589,-3.5667],[-0.8208,-0.0853,-0.0308,-0.1665],0.0866
4621,[-0.8016,-0.1349, 0.0979,-0.1936],[-0.9902,-2.2921, 0.38  ,-2.146 ,-0.0752],[-0.8031,-0.1325, 0.09  ,-0.2094],0.0067
4632,[-0.8197, 0.2677,-0.057 ,-0.1428],[ 1.1287, 0.424 , 0.7795,-0.1733, 4.1153],[-0.8246, 0.254 ,-0.0478,-0.1539],0.0389
4641,[-0.8203,-0.1947, 0.1323,-0.1471],[ 0.164 , 2.3355, 1.458 ,-0.8355, 6.6157],[-0.8224,-0.1905, 0.1221,-0.1628],0.0296
4643,[-0.8165,-0.2042, 0.1685,-0.1251],[ 0.3358,-1.5046, 3.6853,-0.2568, 0.7294],[-0.8181,-0.202 , 0.1582,-0.1396],0.0036
4652,[-0.817 , 0.3058,-0.1251,-0.1359],[-1.8924,-4.0479,-1.5875,-2.4533,-1.376 ],[-0.8224, 0.2954,-0.1147,-0.1504],-0.0012
4654,[-0.8204, 0.3787,-0.2755,-0.1618],[1.4959,2.9818,0.1186,0.7123,0.5087],[-0.8249, 0.3749,-0.2638,-0.1453],-0.0674
4656,[-0.8121, 0.3843,-0.2948,-0.14  ],[-0.321 , 3.7005,-1.186 , 0.2642, 0.2226],[-0.8162, 0.3816,-0.2855,-0.1511],-0.0944
4661,[-0.8103,-0.3509, 0.137 ,-0.143 ],[-0.7408, 4.9198,-1.5584,-0.1462, 0.4696],[-0.8171,-0.34  , 0.1276,-0.1548],-0.0313
4685,[-0.8201,-0.4593, 0.3309,-0.1254],[ 0.9996,-0.2631, 3.1047, 1.8072, 0.2953],[-0.8259,-0.4567, 0.3216,-0.1347],-0.1099
4720,[-0.8165,-0.1034, 0.0289,-0.3221],[-10.0187, -9.1847,-10.5966, -9.4891, -9.3051],[-0.8186,-0.0983, 0.0259,-0.3383],0.0778
4721,[-0.8091,-0.1218, 0.0567,-0.2657],[-3.6427,-5.6282,-2.4105,-4.8026,-3.2873],[-0.8111,-0.1169, 0.0434,-0.2817],0.0457
5454,[-0.7705, 0.3801,-0.201 , 0.0079],[ 0.7728, 6.5416,-0.281 ,-0.7526, 1.071 ],[-0.7766, 0.3734,-0.1943,-0.0072],-0.1425
5472,[-0.7662, 0.4588,-0.1599, 0.0227],[-1.7099,-1.7082, 0.5788,-1.195 ,-0.4405],[-0.7765, 0.4486,-0.1498, 0.0076],-0.1502
5474,[-0.7629, 0.4586,-0.2095, 0.0224],[ 1.5658,-0.1586, 0.8203, 0.0214, 7.7723],[-0.7719, 0.4512,-0.2027, 0.0211],-0.1717
5483,[-0.7662,-0.4642, 0.2282, 0.0263],[1.0119,2.4253,0.1406,0.4105,8.0023],[-0.7749,-0.4576, 0.2234, 0.0227],-0.1731
5485,[-0.755 ,-0.465 , 0.2902, 0.0342],[ 0.9466,-0.6196, 5.3333, 0.1424, 0.989 ],[-0.7618,-0.461 , 0.286 , 0.0441],-0.2092
5493,[-0.7716,-0.5341, 0.2408, 0.0156],[-7.0069,-6.305 ,-6.1597,-6.4666,-6.7109],[-0.783 ,-0.5278, 0.2353, 0.0305],-0.1812
5494,[-0.7541, 0.5299,-0.2248, 0.0377],[-6.5885,-7.2982,-5.4912,-6.9032,-6.7859],[-0.7657, 0.5233,-0.2203, 0.041 ],-0.2024
5495,[-0.7632,-0.5131, 0.3254, 0.0385],[-5.8043,-7.0107,-4.9733,-6.2656,-6.3851],[-0.771 ,-0.5099, 0.3185, 0.0538],-0.2153
5496,[-0.7588, 0.5126,-0.3018, 0.0642],[-5.2479,-5.7115,-6.4793,-4.3414,-6.7697],[-0.7673, 0.5086,-0.2975, 0.0784],-0.2148
5552,[-0.7606, 0.3729,-0.1504,-0.0117],[-0.2239,-1.2107, 4.2977,-0.9467, 5.6847],[-0.7676, 0.3641,-0.1416,-0.0235],-0.1431
5554,[-0.7709, 0.3767,-0.2183,-0.0051],[ 1.5682, 6.89  ,-0.4468,-0.0713, 0.7043],[-0.7763, 0.3708,-0.2121,-0.0102],-0.1466
5561,[-0.7693,-0.373 , 0.1344,-0.0078],[ 0.6862, 8.619 ,-1.078 ,-1.1561, 1.2355],[-0.7766,-0.363 , 0.1243,-0.023 ],-0.1223
5563,[-0.7744,-0.3803, 0.1964,-0.0554],[ 0.3499, 0.1928, 9.5334,-0.3771, 1.5208],[-0.7808,-0.3734, 0.1892,-0.059 ],-0.1336
5572,[-0.7661, 0.4374,-0.1589,-0.0283],[-1.5813,-2.31  , 0.7738,-2.018 ,-1.3461],[-0.7756, 0.4277,-0.1507,-0.0346],-0.1467
5574,[-0.7595, 0.4554,-0.214 ,-0.0101],[7.6314,0.8271,1.3651,0.5464,3.7118],[-0.7684, 0.4485,-0.2068,-0.0137],-0.1773
5576,[-0.7643, 0.474 ,-0.3001,-0.0016],[ 0.5578, 9.6772,-0.7229, 1.5769, 1.2517],[-0.7713, 0.4705,-0.2964,-0.0046],-0.2001
5583,[-0.762 ,-0.4452, 0.2198,-0.0145],[ 1.2663, 2.8404, 1.1663, 0.6846,14.9139],[-0.7704,-0.4386, 0.2131,-0.0231],-0.1734
5585,[-0.76  ,-0.4606, 0.3231,-0.0009],[ 1.7687,-0.4355, 9.0346, 0.5672, 0.9964],[-0.7657,-0.4578, 0.319 ,-0.0027],-0.2101
5593,[-0.758 ,-0.5285, 0.2373,-0.0063],[-7.2429,-6.8752,-7.5294,-7.1064,-7.2619],[-0.7695,-0.5224, 0.2314,-0.0089],-0.1992
5594,[-0.759 , 0.5242,-0.2417, 0.    ],[-8.6633,-8.5166,-7.4905,-8.277 ,-8.9989],[-0.7701, 0.5182,-0.2353,-0.0031],-0.1984
5595,[-0.7401,-0.5209, 0.3397, 0.    ],[-3.1808,-3.2729,-2.2477,-1.4732,-2.1153],[-0.7478,-0.5186, 0.3362, 0.0078],-0.2525
5596,[-0.7608, 0.5258,-0.319 , 0.    ],[-4.7831,-4.2228,-4.3693,-3.5339,-4.7505],[-0.7693, 0.5227,-0.3156, 0.0104],-0.2201
6474,[-0.7186, 0.4728,-0.1993, 0.0079],[ 0.1908, 0.3809, 0.2107,-0.0341, 5.9785],[-0.7286, 0.4662,-0.1926,-0.0077],-0.2365
6493,[-0.7321,-0.5003, 0.2123, 0.0156],[-3.7132,-3.8543,-3.3135,-4.3705,-3.9363],[-0.7428,-0.4937, 0.2074, 0.0305],-0.2262
6494,[-0.7135, 0.5563,-0.2358, 0.019 ],[-5.4558,-5.2548,-5.6926,-5.0141,-5.6994],[-0.7261, 0.5512,-0.23  , 0.034 ],-0.2634
6496,[-0.7258, 0.5216,-0.3132, 0.023 ],[-3.8448,-4.4176,-4.8964,-2.5731,-5.1317],[-0.7343, 0.5187,-0.3115, 0.0375],-0.2637
6574,[-0.7152, 0.4836,-0.216 , 0.    ],[ 0.5405, 0.7136, 0.7374,-0.2122, 9.183 ],[-0.7252, 0.4776,-0.21  , 0.0078],-0.2463
6583,[-0.7324,-0.4301, 0.2194, 0.    ],[0.6693,1.2585,1.6094,0.0264,9.7333],[-0.7401,-0.4244, 0.2137,-0.0078],-0.2168
6585,[-0.7307,-0.4631, 0.2953, 0.    ],[ 1.236 ,-0.9454,11.9937, 0.0493, 1.2575],[-0.7374,-0.4598, 0.292 , 0.0156],-0.2439
6593,[-0.7177,-0.5183, 0.2233, 0.    ],[-8.093 ,-7.5208,-7.9173,-6.9648,-7.6239],[-0.729 ,-0.5125, 0.2179, 0.    ],-0.25
6594,[-0.7102, 0.5303,-0.2237, 0.    ],[-7.6298,-7.4093,-7.9666,-7.3886,-8.0913],[-0.7221, 0.5246,-0.2176, 0.0156],-0.2601
6595,[-0.7249,-0.5248, 0.3441, 0.    ],[-2.2305,-2.0909, 0.0213,-0.6262,-2.0412],[-0.7325,-0.5229, 0.3422, 0.    ],-0.2727
6596,[-0.7152, 0.5301,-0.3069, 0.    ],[-4.0315,-3.8624,-4.9561,-4.0343,-4.4051],[-0.7244, 0.5273,-0.3037, 0.0052],-0.2748
7494,[-0.6655, 0.5803,-0.2496, 0.0079],[-3.4909,-3.2494,-2.7611,-1.7493,-3.5145],[-0.6788, 0.5767,-0.246 ,-0.0073],-0.3196
7542,[-0.6601,-0.2149,-0.0628, 0.    ],[-245.1276,-245.4873,-244.8129,-244.4   ,-244.5388],[-0.875 ,-0.0121, 0.0056, 0.    ],0.148
7594,[-0.6723, 0.571 ,-0.2488,-0.0049],[-7.7159,-6.6896,-6.5857,-6.3164,-6.6132],[-0.6852, 0.5672,-0.2452, 0.0055],-0.3113
