200,[-0.9595,-0.0332, 0.0093, 0.2857],[-4.4905,-3.5919,-4.0887,-3.685 ,-4.7726],[-0.9582,-0.0265, 0.01  , 0.2939],0.2825
201,[-0.9647,-0.0297, 0.0862, 0.2657],[-1.6247,-2.0157,-0.1271,-1.5325,-1.3944],[-0.9631,-0.0472, 0.0987, 0.2795],0.2314
202,[-0.9698, 0.0235,-0.0932, 0.2747],[-1.3218, 0.4099,-1.9928,-1.0222,-1.5198],[-0.968 , 0.0475,-0.1118, 0.2886],0.208
212,[-0.9613, 0.0884,-0.1254, 0.3336],[-1.4738,-0.6719,-2.2117,-0.6915,-2.0949],[-0.9595, 0.0937,-0.1215, 0.3467],0.2165
220,[-0.9632,-0.0917, 0.0259, 0.2633],[-1.3982, 0.2469,-2.1492,-0.9456,-2.1542],[-0.9624,-0.07  , 0.0134, 0.2691],0.2583
221,[-0.9595,-0.0936, 0.127 , 0.3088],[ 0.7161,-0.1634, 2.0882, 1.9623,-0.217 ],[-0.9578,-0.098 , 0.1238, 0.3219],0.2199
243,[-0.9616,-0.1829, 0.2176, 0.2869],[ 0.4361,-0.4253, 4.1681, 4.0265, 0.8037],[-0.9598,-0.1856, 0.2177, 0.2912],0.14
300,[-0.9651, 0.0136,-0.0022, 0.1766],[-17.    ,-17.1467,-16.2133,-16.7352,-17.318 ],[-0.9643, 0.0066, 0.0065, 0.186 ],0.2628
301,[-0.9608, 0.0021, 0.1013, 0.1681],[-6.9111,-7.8488,-6.3902,-6.5473,-7.4663],[-0.9591,-0.0298, 0.1319, 0.1741],0.2384
302,[-0.9576, 0.0342,-0.0769, 0.1538],[-5.7223,-4.846 ,-6.1389,-5.4831,-6.151 ],[-0.9565, 0.0457,-0.087 , 0.1595],0.2606
303,[-0.9589,-0.0472, 0.1849, 0.2006],[-0.0789,-1.1505,-0.0459,-0.5353,-1.0359],[-0.9559,-0.082 , 0.2128, 0.2117],0.197
310,[-0.9638, 0.0921, 0.0071, 0.1706],[-6.4039,-6.7978,-5.3541,-5.5903,-6.9418],[-0.9633, 0.0566, 0.0408, 0.1747],0.245
311,[-0.9597, 0.0876, 0.0613, 0.1598],[-1.7451,-1.2713,-0.2181,-0.9848,-1.1226],[-0.9588, 0.0404, 0.1028, 0.174 ],0.248
312,[-0.9678, 0.1035,-0.1059, 0.183 ],[-5.0277,-4.5909,-5.113 ,-4.0459,-5.6576],[-0.9669, 0.0983,-0.0989, 0.1927],0.1977
314,[-0.9625, 0.1415,-0.1935, 0.166 ],[-1.0567, 0.2816,-2.4809,-0.3628,-1.9139],[-0.9607, 0.1546,-0.2082, 0.1607],0.1532
320,[-0.9626,-0.0766, 0.0114, 0.2069],[-6.2879,-4.4289,-6.5173,-6.2643,-6.5972],[-0.9619,-0.052 ,-0.0114, 0.2158],0.2572
321,[-0.9636,-0.1073, 0.1168, 0.1905],[-6.4821,-7.2556,-5.5907,-5.5202,-7.3392],[-0.9626,-0.1073, 0.1144, 0.2043],0.2031
322,[-0.958 ,-0.0892,-0.1029, 0.1678],[-0.6012, 0.1896,-1.4077, 1.1532,-0.7108],[-0.9564,-0.0324,-0.1536, 0.1776],0.2393
323,[-0.9681,-0.1385, 0.1996, 0.2265],[ 0.2226,-1.6414, 0.9755, 2.0171,-1.6886],[-0.9659,-0.1522, 0.2115, 0.2384],0.1363
330,[-0.9606, 0.1749,-0.0161, 0.1637],[-1.0521,-1.7717, 0.1855,-1.3088,-1.0086],[-0.9613, 0.1208, 0.0349, 0.1758],0.2339
332,[-0.9693, 0.2149,-0.1147, 0.1771],[-3.1358,-3.8134,-2.3343,-2.9719,-3.9897],[-0.9703, 0.1744,-0.0789, 0.1807],0.1647
334,[-0.958 , 0.2163,-0.2066, 0.1705],[-0.7243, 0.4357,-2.2013, 0.3186,-1.6543],[-0.9576, 0.2092,-0.1992, 0.1845],0.1449
340,[-0.9573,-0.1932,-0.0029, 0.1562],[-0.2979, 2.1949,-1.1697,-0.7509,-0.9427],[-0.9583,-0.133 ,-0.0584, 0.1663],0.2305
341,[-0.9662,-0.2058, 0.1222, 0.209 ],[-2.7261,-1.0333,-3.0239,-2.2668,-3.2719],[-0.9668,-0.1723, 0.0915, 0.2217],0.1718
343,[-0.9621,-0.2348, 0.2061, 0.159 ],[-0.1582,-0.9231, 1.7955, 2.7914,-1.118 ],[-0.9625,-0.2189, 0.1818, 0.1732],0.1325
345,[-0.9589,-0.2677, 0.3025, 0.1636],[ 1.8165,-0.5336, 6.924 , 3.1534,-0.2545],[-0.9574,-0.2691, 0.2978, 0.1771],0.0813
352,[-0.9585, 0.3023,-0.1397, 0.1502],[-0.2074,-1.4672,-0.2817,-1.6684,-1.2681],[-0.9619, 0.2546,-0.0924, 0.1617],0.1554
354,[-0.9668, 0.3149,-0.2303, 0.1423],[-2.5722,-2.9791,-2.3614,-2.3263,-3.1858],[-0.9689, 0.2866,-0.2054, 0.1536],0.0773
358,[-0.9579, 0.3628,-0.478 , 0.1306],[ 0.5697, 3.6514,-0.0903, 2.6488,-0.3745],[-0.9533, 0.3668,-0.4733, 0.1404],-0.0199
363,[-0.9646,-0.3105, 0.2225, 0.1695],[-1.9555,-1.6846,-2.0567,-1.744 ,-2.782 ],[-0.9666,-0.282 , 0.1968, 0.1838],0.0898
365,[-0.9643,-0.3626, 0.2812, 0.1345],[ 0.3033,-1.2702, 0.2224, 1.4611,-1.4261],[-0.9666,-0.3409, 0.264 , 0.1481],0.0403
400,[-0.9611,-0.0082,-0.0167, 0.0662],[-15.1065,-16.2837,-16.4989,-15.1669,-17.458 ],[-9.6073e-01, 1.4039e-04,-2.3268e-02, 7.8378e-02],0.2757
401,[-0.9614,-0.0117, 0.09  , 0.0455],[-7.3391,-7.1503,-6.381 ,-6.4972,-8.0115],[-0.9605,-0.0387, 0.1146, 0.0561],0.2376
402,[-0.9624, 0.0147,-0.0902, 0.0623],[-6.9356,-5.6283,-6.9639,-5.4722,-6.8577],[-0.9613, 0.0444,-0.1176, 0.0742],0.232
403,[-0.9609,-0.0049, 0.179 , 0.038 ],[-0.0322,-1.5202,-0.0815, 0.2034,-0.4091],[-0.9582,-0.0571, 0.2242, 0.053 ],0.1947
404,[-0.9641, 0.0283,-0.1908, 0.0412],[ 0.37  , 1.0536,-0.7048, 1.2871,-0.4579],[-0.9611, 0.0799,-0.2381, 0.0561],0.17
410,[-0.9614, 0.1043,-0.0031, 0.0604],[-7.1455,-7.6499,-6.355 ,-6.8773,-7.659 ],[-0.9615, 0.0672, 0.0331, 0.0697],0.2526
411,[-0.9581, 0.0877, 0.0812, 0.0506],[-0.7975,-2.0231, 0.4689,-1.1604,-1.4335],[-0.9574, 0.0356, 0.1262, 0.0584],0.2457
412,[-0.964 , 0.1012,-0.1089, 0.0444],[-3.9142,-2.9187,-4.5549,-2.4482,-5.3598],[-0.9636, 0.1025,-0.1094, 0.0595],0.2031
414,[-0.9615, 0.1147,-0.2145, 0.0556],[-1.582 ,-0.3147,-2.9129,-0.9705,-2.59  ],[-0.959 , 0.1423,-0.2388, 0.0687],0.1516
416,[-0.9584, 0.163 ,-0.2884, 0.0693],[ 0.0848, 1.9767,-1.0143, 2.2544, 0.8321],[-0.9547, 0.1889,-0.309 , 0.0835],0.1176
420,[-0.9614,-0.0883, 0.0207, 0.0565],[-5.6892,-4.8653,-6.5906,-5.2049,-6.633 ],[-0.9614,-0.0629,-0.0048, 0.0684],0.2609
421,[-0.9617,-0.1059, 0.1061, 0.0506],[-6.9132,-7.8131,-6.5149,-6.0865,-8.4679],[-0.9614,-0.1051, 0.1047, 0.0568],0.2117
422,[-0.9667,-0.0951,-0.082 , 0.0375],[ 0.053 ,-0.2232,-1.3304, 0.9565,-0.1957],[-0.9659,-0.0259,-0.1484, 0.0513],0.2088
423,[-0.9601,-0.1256, 0.2018, 0.0479],[ 0.0356,-1.5729, 2.9568, 2.2711,-1.0909],[-0.9583,-0.1459, 0.22  , 0.0605],0.1601
425,[-0.9595,-0.1495, 0.3017, 0.0156],[ 0.8618,-1.2933, 3.5432, 0.2432, 0.7922],[-0.9549,-0.1844, 0.336 , 0.0104],0.1075
430,[-0.958 , 0.1903,-0.0218, 0.0774],[-0.5979,-2.0104, 0.5938,-0.9465,-1.7415],[-0.9593, 0.1371, 0.0281, 0.0915],0.2371
432,[-0.9616, 0.2166,-0.1118, 0.0532],[-5.2302,-5.8654,-4.1797,-5.0419,-6.224 ],[-0.9633, 0.1813,-0.0775, 0.0678],0.1863
434,[-0.9627, 0.2519,-0.237 , 0.0897],[-0.8861,-0.2097,-2.2238,-0.3028,-2.9226],[-0.9627, 0.2415,-0.2272, 0.104 ],0.105
436,[-0.9638, 0.1984,-0.3251, 0.0641],[ 0.6667, 6.235 ,-0.4377, 0.5847,-0.9109],[-0.9596, 0.229 ,-0.3517, 0.0771],0.0708
440,[-0.9626,-0.2183, 0.0165, 0.0255],[-0.129 , 0.4778,-1.2888, 0.6278,-0.512 ],[-0.9647,-0.1465,-0.0525, 0.0399],0.2043
441,[-0.9626,-0.2087, 0.1187, 0.0407],[-4.7244,-3.9228,-5.5808,-4.7046,-5.9813],[-0.9641,-0.1776, 0.0886, 0.0512],0.1802
443,[-0.9668,-0.208 , 0.2333, 0.0574],[-1.7427,-2.3489, 0.3154,-0.0954,-2.5973],[-0.9659,-0.213 , 0.236 , 0.0724],0.1032
445,[-0.9612,-0.2394, 0.3007, 0.0646],[-0.0682,-0.1268, 0.8531,14.7346, 0.1239],[-0.959 ,-0.2505, 0.3104, 0.0797],0.0791
454,[-0.9707, 0.3192,-0.2677, 0.0712],[-5.5283,-6.1947,-5.3148,-5.6042,-6.7133],[-0.9721, 0.2973,-0.2482, 0.0856],0.0488
456,[-0.9724, 0.3718,-0.3041, 0.0899],[-1.6737,-1.1002,-2.8863,-0.7435,-3.4185],[-0.9746, 0.3498,-0.2838, 0.0844],0.009
458,[-0.9736, 0.3283,-0.4642, 0.0974],[ 1.1323, 9.7743,-0.0223, 0.9988, 0.1243],[-0.9682, 0.3447,-0.4742, 0.1089],-0.0461
461,[-0.9918,-0.3206, 0.1635, 0.0312],[ 0.1748, 0.3397,-1.1931,-0.1216,-1.065 ],[-0.9938,-0.0269,-0.1277, 0.0459],0.1239
463,[-0.9602,-0.2795, 0.2719, 0.1057],[-4.6278,-4.2757,-5.1696,-3.9391,-5.0733],[-0.9603,-0.2731, 0.2591, 0.1208],0.087
465,[-0.9611,-0.3006, 0.2949, 0.063 ],[-1.8535,-2.9074,-1.66  ,-1.1782,-3.4042],[-0.9612,-0.2969, 0.2886, 0.0779],0.063
476,[-0.9689, 0.4195,-0.3559, 0.0536],[-5.8243,-6.0645,-5.7234,-5.6036,-6.4761],[-0.9713, 0.4056,-0.3421, 0.0683],-0.0258
478,[-9.6447e-01, 4.5129e-01,-3.9302e-01, 7.8125e-05],[-0.8721, 0.2803,-2.0134,-0.0563,-2.2901],[-0.9669, 0.4447,-0.3865, 0.0157],-0.0479
485,[-0.9725,-0.4192, 0.2959, 0.0603],[-3.5982,-3.1593,-3.9076,-3.2892,-4.1472],[-0.9767,-0.3513, 0.2302, 0.0757],0.0212
500,[-0.9601, 0.0054, 0.0071,-0.0074],[ 1.562 , 0.6849, 1.0702,17.0323, 0.0305],[-9.6005e-01, 2.9597e-04, 1.2700e-02, 8.8631e-04],0.2782
501,[-0.9631, 0.0074, 0.1091,-0.0085],[-1.6694,-2.9489, 0.686 ,-0.3324,-2.3218],[-0.962 ,-0.0343, 0.1496,-0.0083],0.22
502,[-0.9624, 0.0014,-0.1115,-0.0016],[-2.1102, 0.6462,-2.3757,-1.1059,-2.7655],[-0.9613, 0.0408,-0.1498, 0.0022],0.2192
503,[-0.9635,-0.025 , 0.1792,-0.0349],[ 0.2952,-1.3203,-0.2261, 1.8516,-0.1409],[-0.9611,-0.0771, 0.2285,-0.038 ],0.1749
504,[-0.9662, 0.0472,-0.1823,-0.0078],[ 0.1383,-0.0647,-1.022 , 1.6933, 0.3109],[-0.9638, 0.0949,-0.2281,-0.0074],0.1588
510,[-0.9609, 0.1061,-0.0091,-0.0106],[-1.6739,-2.8285, 0.8874,-1.6232,-2.5395],[-0.9614, 0.0704, 0.0271,-0.0092],0.2516
511,[-0.9649, 0.0837, 0.072 ,-0.0199],[-0.6227,-1.5703, 0.2446, 0.57  ,-1.1252],[-0.9645, 0.0229, 0.1309,-0.0222],0.2218
512,[-0.9647, 0.0921,-0.1024,-0.0134],[ 1.1723, 1.5482,-0.184 , 8.8854,-0.8026],[-0.9646, 0.0956,-0.1058,-0.0073],0.2039
514,[-0.9616, 0.0835,-0.2158,-0.0051],[-0.8069, 0.3152,-1.8717,-0.2341,-2.3314],[-0.9587, 0.124 ,-0.2555,-0.0077],0.1535
516,[-0.9626, 0.1392,-0.2881,-0.0154],[ 0.4124, 3.1309,-0.9789, 0.5903,-0.3839],[-0.9584, 0.178 ,-0.3247,-0.0049],0.1045
520,[-0.9601,-0.1041,-0.0026,-0.0039],[-2.1213, 0.3954,-2.4507,-2.1493,-2.7628],[-9.6058e-01,-6.6394e-02,-3.9965e-02, 3.1004e-04],0.2531
521,[-0.9609,-0.1207, 0.1131,-0.0188],[ 2.0458,-0.5924, 0.8422, 2.5519,-1.2951],[-0.961 ,-0.1176, 0.1077,-0.0101],0.2071
522,[-0.9669,-0.0833,-0.0679,-0.0089],[-0.267 , 0.5779,-1.185 , 1.7287,-0.7881],[-0.9665,-0.0215,-0.1277,-0.0039],0.2174
523,[-0.9631,-0.0928, 0.2098,-0.0193],[ 1.2746,-0.6408,-0.1839, 3.9868,-0.3373],[-0.9606,-0.1315, 0.2463,-0.0107],0.1484
525,[-0.9699,-0.1391, 0.2934,-0.0219],[-0.3545,-0.4247, 7.3929,-0.085 ,-0.7321],[-0.9655,-0.19  , 0.3418,-0.0211],0.0735
530,[-0.9615, 0.1961,-0.0306,-0.0203],[-1.2331,-2.3282, 1.0792, 0.5055,-1.2785],[-0.9635, 0.1372, 0.027 ,-0.017 ],0.2225
532,[-0.9603, 0.215 ,-0.0979,-0.015 ],[-5.7458,-6.4859,-4.6646,-5.256 ,-6.9319],[-0.9625, 0.1735,-0.0572,-0.0147],0.1996
536,[-0.9563, 0.1817,-0.3198,-0.0152],[ 0.4041, 1.8855,-1.3256, 4.7911,-1.1717],[-0.952 , 0.2094,-0.3448,-0.0073],0.1025
540,[-0.9625,-0.1927, 0.047 , 0.    ],[-0.3722, 0.9623,-1.5731, 0.0222, 0.1466],[-0.9643,-0.1391,-0.0066, 0.0039],0.225
541,[-0.9625,-0.2326, 0.0835,-0.0342],[-4.4525,-3.7381,-5.3628,-3.8009,-5.0881],[-0.9653,-0.1808, 0.0322,-0.0336],0.1968
543,[-0.9636,-0.2334, 0.24  , 0.    ],[-2.5251,-3.5953,-1.7058,-1.5717,-4.3492],[-0.9634,-0.2335, 0.2393, 0.0045],0.1013
545,[-0.9693,-0.2297, 0.3355,-0.014 ],[-0.1094, 0.2996,15.9354, 0.6555,-0.5342],[-0.9657,-0.258 , 0.363 ,-0.0182],0.0367
547,[-0.9642,-0.2618, 0.4106,-0.0304],[ 1.335 ,-0.4946,12.2369, 0.4041, 1.2357],[-0.9586,-0.2874, 0.4337,-0.0362],0.0156
552,[-0.9581, 0.298 ,-0.1122,-0.0294],[-1.817 ,-2.8491, 0.2102,-0.4774,-2.3321],[-0.9625, 0.2455,-0.0637,-0.0443],0.1685
561,[-0.9613,-0.2918, 0.1401,-0.0147],[-0.0808, 0.9914,-1.4425,-0.9739,-0.5336],[-0.9651,-0.2451, 0.0936,-0.0143],0.1482
563,[-0.9585,-0.333 , 0.1739, 0.    ],[-4.9975,-4.7831,-4.7744,-4.0819,-5.5606],[-0.9631,-0.2915, 0.1324, 0.    ],0.1215
565,[-0.9629,-0.2815, 0.2968, 0.    ],[-2.0224,-3.4527,-2.8293,-2.0564,-4.2963],[-0.9624,-0.2846, 0.2995, 0.0078],0.0602
567,[-0.9579,-0.2984, 0.4383, 0.    ],[ 1.4679,-0.2836, 2.1734,32.2599, 0.2539],[-0.9524,-0.3145, 0.4519, 0.    ],0.0131
578,[-0.9608, 0.4584,-0.4002,-0.0078],[ 0.1518,-0.124 ,-0.8212,10.2903,-1.4161],[-0.9632, 0.4539,-0.3956,-0.0078],-0.0468
585,[-0.98  ,-0.4867, 0.3272, 0.    ],[-4.2531,-3.5922,-4.2969,-3.8573,-5.0254],[-0.9863,-0.4394, 0.2806, 0.0156],-0.0508
595,[-0.9733,-0.5104, 0.3508, 0.    ],[-2.426 ,-1.3922,-2.4097,-1.9038,-2.4952],[-0.98  ,-0.4867, 0.3272, 0.    ],-0.0702
621,[-0.9559,-0.1228, 0.133 ,-0.1392],[-2.6218,-3.6033,-1.0805,-1.0239,-4.9888],[-0.9562,-0.1265, 0.1337,-0.1232],0.2098
1112,[-0.9479, 0.1032,-0.086 , 0.3877],[ 1.4347, 2.4695, 0.7402, 0.3835,18.603 ],[-0.9465, 0.0963,-0.0778, 0.3809],0.2822
1143,[-0.9199,-0.2402, 0.2021, 0.4203],[ 1.3039, 0.1358, 2.7021, 0.1788,14.5929],[-0.9194,-0.2313, 0.1963, 0.4104],0.2712
1163,[-0.92  ,-0.2996, 0.2378, 0.4083],[1.4494,3.3383,1.0445,0.6941,2.8065],[-0.9206,-0.2873, 0.2257, 0.4201],0.225
1165,[-0.9181,-0.3285, 0.2841, 0.3836],[ 2.3378,-0.0123, 3.0747, 0.8225, 4.697 ],[-0.9188,-0.318 , 0.2654, 0.3922],0.1969
1200,[-0.9217, 0.0278,-0.0178, 0.2628],[ 1.1569, 1.2535, 1.2095,-0.3051,22.1124],[-0.9206, 0.026 ,-0.0163, 0.2541],0.4271
1201,[-0.9188,-0.0408, 0.0672, 0.2583],[-0.4062,-2.5666, 1.1184,-1.212 , 2.5963],[-0.9176,-0.0439, 0.0667, 0.2581],0.4171
1202,[-0.922 , 0.0429,-0.073 , 0.2659],[-0.9295, 2.6386,-1.9317,-1.0354, 4.4713],[-0.9206, 0.0473,-0.0739, 0.2652],0.401
1210,[-0.9219, 0.0719,-0.0309, 0.2602],[-0.2694,-0.7238, 1.9473,-0.4036,52.9914],[-0.921 , 0.0641,-0.0247, 0.2573],0.4188
1212,[-0.9227, 0.0843,-0.0845, 0.2667],[  1.4344,  1.5191,  0.2153,  0.3986,180.7721],[-0.9216, 0.0823,-0.0788, 0.2627],0.3826
1214,[-0.9363, 0.1017,-0.1817, 0.2652],[ 0.3655,21.625 ,-0.7644,-0.2795, 6.0771],[-0.934 , 0.1127,-0.1847, 0.2603],0.277
1220,[-0.9311,-0.0961, 0.0151, 0.2718],[ 0.1332,15.2633,-1.034 ,-0.775 ,-0.0253],[-0.9304,-0.0803, 0.0066, 0.2707],0.3827
1221,[-0.9282,-0.1198, 0.0967, 0.2749],[ 1.6641,-0.2194, 7.5782,-0.1363, 7.5604],[-0.9275,-0.1123, 0.0814, 0.2666],0.3486
1222,[-0.9431,-0.0585,-0.0694, 0.2906],[-1.4982,-0.3234,-3.3783,-1.9739, 0.2582],[-0.9415,-0.031 ,-0.0911, 0.3019],0.3247
1223,[-0.9333,-0.1461, 0.1964, 0.2861],[ 0.0245,-0.3362,23.4127, 0.3754, 1.478 ],[-0.9312,-0.151 , 0.1951, 0.2959],0.2623
1230,[-0.9217, 0.1818,-0.047 , 0.2677],[-2.6426,-3.672 ,-2.1557,-2.3123,-2.7186],[-0.9223, 0.1619,-0.0478, 0.2621],0.355
1232,[-0.9307, 0.2009,-0.1209, 0.2829],[ 1.1202,-1.0468,12.5055,-0.3852, 0.82  ],[-0.931 , 0.1852,-0.1096, 0.2877],0.2896
1234,[-0.9285, 0.2466,-0.2032, 0.2687],[1.9102,9.2888,0.0307,1.1719,3.9351],[-0.929 , 0.2349,-0.1779, 0.2766],0.2421
1240,[-0.9296,-0.1694, 0.0155, 0.2557],[-1.8069,-0.3251,-3.5787,-1.448 ,-2.2804],[-9.3012e-01,-1.4221e-01, 1.6764e-04, 2.5300e-01],0.3594
1241,[-0.9279,-0.1938, 0.1297, 0.2772],[ 0.9714, 1.3537, 0.0728,-0.0557,16.6118],[-0.9281,-0.179 , 0.107 , 0.272 ],0.3033
1243,[-0.9284,-0.2157, 0.215 , 0.2895],[ 2.5725, 0.1134,70.6685, 0.3337, 3.556 ],[-0.9276,-0.2109, 0.202 , 0.2925],0.2478
1245,[-0.9363,-0.1927, 0.2872, 0.262 ],[ 0.5716, 0.5322,32.6318, 0.1845, 0.8808],[-0.9331,-0.2013, 0.285 , 0.2679],0.1935
1254,[-0.9268, 0.2857,-0.2147, 0.2544],[0.2925,0.087 ,0.4898,7.4944,1.2466],[-0.928 , 0.2727,-0.2005, 0.2565],0.2152
1263,[-0.9224,-0.3245, 0.2116, 0.276 ],[ 0.0636,-0.456 ,-1.1666, 0.8352,-0.0649],[-0.9248,-0.3078, 0.1981, 0.2852],0.2128
1265,[-0.9169,-0.3634, 0.3435, 0.3377],[ 1.8599,-0.1486,21.1007, 0.4309, 2.0771],[-0.9171,-0.3563, 0.332 , 0.3486],0.1509
1285,[-0.917 ,-0.3958, 0.3804, 0.269 ],[0.1451,0.7822,0.3173,0.7117,0.1193],[-0.917 ,-0.3906, 0.3789, 0.2831],0.1109
1300,[-0.9165,-0.0154, 0.0102, 0.144 ],[3.7317e-01,1.2555e+00,1.0094e+00,9.5329e-01,5.7709e+03],[-0.9158,-0.0143, 0.0081, 0.1395],0.4472
1301,[-0.9166,-0.0435, 0.0642, 0.1487],[ 7.0477e-01,-2.3008e-02, 9.9694e+02, 1.2454e-01, 1.5060e+00],[-0.9158,-0.0459, 0.0638, 0.1557],0.4275
1302,[-0.917 , 0.0346,-0.0667, 0.1538],[ 7.5714e-01, 2.1238e+02,-1.0278e+00,-2.1629e-02, 1.1539e+01],[-0.9161, 0.0388,-0.0672, 0.1584],0.4275
1303,[-0.9257,-0.0221, 0.1879, 0.1585],[-2.8714,-4.9709,-2.636 ,-3.9477,-3.1709],[-0.9229,-0.0472, 0.2027, 0.1552],0.3295
1304,[-0.9289, 0.0265,-0.1971, 0.1537],[-1.4703,-0.8888,-3.9135,-2.5166,-0.2183],[-0.9258, 0.054 ,-0.2148, 0.1571],0.3171
1310,[-0.9209, 0.0747,-0.0323, 0.1823],[1.0040e+00,9.1869e-02,7.1055e+02,4.6317e-01,5.3950e+00],[-0.9204, 0.0673,-0.0285, 0.1909],0.4193
1311,[-0.9267, 0.0891, 0.0811, 0.1694],[-7.0077,-8.3564,-6.965 ,-7.842 ,-7.39  ],[-0.9258, 0.0594, 0.1017, 0.1767],0.3701
1312,[-0.9185, 0.0771,-0.0847, 0.1712],[ 3.8074e-01, 1.4140e+03,-2.1098e-01, 1.5195e+00, 1.1441e+01],[-0.9177, 0.077 ,-0.0811, 0.1814],0.3959
1314,[-0.9274, 0.1147,-0.1964, 0.1607],[ 1.2030e+00, 4.4253e+00,-8.9038e-01,-2.4204e-03, 8.4602e+01],[-0.9253, 0.1254,-0.1999, 0.1532],0.292
1316,[-0.9295, 0.1446,-0.2935, 0.1528],[-0.6641, 3.7968,-2.1502,-0.8233,-0.0244],[-0.9252, 0.1631,-0.3017, 0.1433],0.2237
1320,[-0.9223,-0.0837, 0.0247, 0.1588],[  0.6831,236.7235, -1.1045,  0.3158,  2.849 ],[-0.922 ,-0.0733, 0.0193, 0.1584],0.4105
1321,[-0.9185,-0.0792, 0.0853, 0.1585],[  2.5862, -0.3374,  1.047 ,  0.9596,180.2818],[-0.9179,-0.0788, 0.0813, 0.1534],0.3953
1322,[-0.9359,-0.0826,-0.0769, 0.1641],[-7.5322,-6.2349,-8.7939,-8.2339,-7.2133],[-0.935 ,-0.0508,-0.1005, 0.1678],0.3395
1323,[-0.9296,-0.1205, 0.1977, 0.1617],[ 4.2373e-01,-4.9797e-01, 6.5567e+01, 5.4451e-02, 1.5542e+00],[-0.9276,-0.1311, 0.2007, 0.1634],0.2829
1325,[-0.927 ,-0.1498, 0.2886, 0.1856],[-2.5416,-3.3439,-0.6603,-2.4645,-2.2638],[-0.9229,-0.1653, 0.2939, 0.1926],0.2326
1330,[-0.9259, 0.1964,-0.0274, 0.1576],[-6.2228,-7.0807,-5.1938,-6.374 ,-6.4764],[-0.9273, 0.1669,-0.0039, 0.1631],0.3523
1332,[-0.9259, 0.2051,-0.1165, 0.1623],[-0.61  ,-2.3691,-2.3427,-0.7651,-0.6972],[-0.927 , 0.1887,-0.0986, 0.1654],0.3084
1334,[-0.925 , 0.2302,-0.2175, 0.1705],[ 2.5008,30.0513,-0.4845, 1.3025, 3.8523],[-0.925 , 0.225 ,-0.2033, 0.1749],0.2465
1336,[-0.9255, 0.2498,-0.3185, 0.1659],[ 1.3368,54.4273,-0.8278, 0.3114, 4.7307],[-0.9231, 0.2543,-0.3133, 0.1757],0.1849
1340,[-0.9289,-0.2037, 0.0239, 0.1637],[-7.2681,-5.4482,-8.3552,-6.9254,-7.2617],[-0.9305,-0.1708,-0.0028, 0.1668],0.3399
1341,[-0.9258,-0.1994, 0.1246, 0.1838],[24.584 ,-2.5122,-1.9934,-0.8356, 0.0646],[-0.9266,-0.1845, 0.1054, 0.1905],0.3075
1343,[-0.9268,-0.2162, 0.2148, 0.1787],[  1.0151,  0.2712,162.3085,  0.8611,  1.4237],[-0.9264,-0.2124, 0.2032, 0.1893],0.2473
1345,[-0.9284,-0.2473, 0.2943, 0.1556],[ 2.1598,-0.8864,80.8187, 0.1171, 1.878 ],[-0.9267,-0.2498, 0.2877, 0.1652],0.1888
1352,[-0.9236, 0.3026,-0.1367, 0.1542],[-4.846 ,-5.3619,-3.8813,-4.277 ,-4.0777],[-0.9272, 0.2775,-0.1159, 0.1584],0.2583
1354,[-0.9238, 0.3165,-0.2198, 0.169 ],[-3.4297,-3.9997,-3.8388,-2.8084,-3.6833],[-0.9263, 0.3019,-0.2032, 0.1749],0.2084
1356,[-0.9242, 0.3173,-0.3247, 0.179 ],[ 1.001 ,24.8186, 0.1834, 1.9686, 1.4329],[-0.9239, 0.3144,-0.3116, 0.1882],0.1571
1358,[-0.9335, 0.3677,-0.4521, 0.1725],[ 2.368 ,21.8834,-0.9634, 0.8982,-0.1984],[-0.9302, 0.3684,-0.444 , 0.1801],0.0494
1360,[-0.9244,-0.2945, 0.0452, 0.1352],[-2.0943,-1.9776,-3.4007,-1.6837,-0.9198],[-0.9286,-0.2542, 0.0126, 0.1455],0.3126
1361,[-0.922 ,-0.3056, 0.1245, 0.1637],[-5.9118,-3.517 ,-7.1541,-5.2501,-5.7617],[-0.9258,-0.2789, 0.1045, 0.1693],0.2684
1363,[-0.9309,-0.3152, 0.2348, 0.1749],[-9.0454,-8.7046,-9.1106,-8.4713,-9.0603],[-0.9329,-0.3012, 0.2195, 0.1853],0.1786
1365,[-0.9282,-0.3168, 0.3149, 0.1582],[ 1.6222, 0.1296,20.0059, 0.413 , 0.1586],[-0.9281,-0.3129, 0.3037, 0.1692],0.1486
1374,[-0.9217, 0.3927,-0.2176, 0.1316],[-3.0551,-3.8776,-2.235 ,-2.97  ,-3.0982],[-0.9272, 0.3722,-0.1982, 0.1465],0.1745
1376,[-0.914 , 0.3964,-0.3025, 0.1579],[-1.3224,-1.3479,-1.2587,-0.4417,-2.349 ],[-0.9172, 0.3865,-0.2894, 0.1724],0.1565
1383,[-0.9197,-0.4027, 0.247 , 0.1423],[-2.3377,-2.1968,-3.9689,-3.1195,-3.2153],[-0.9245,-0.387 , 0.2405, 0.1562],0.1561
1385,[-0.9143,-0.4167, 0.3759, 0.2158],[-2.0009,-2.194 ,-1.57  ,-0.9302,-2.7045],[-0.9154,-0.4113, 0.3754, 0.2273],0.1033
1400,[-0.9178,-0.0151, 0.0122, 0.0804],[1.8830e+00,1.6038e+00,2.4836e+00,6.5277e+03,1.3558e+00],[-0.9174,-0.0145, 0.0112, 0.091 ],0.4468
1401,[-0.9169,-0.0436, 0.065 , 0.0822],[ 1.2019e+00,-1.2454e+00, 1.2869e+03, 3.1615e-01, 2.5057e+00],[-0.9164,-0.0465, 0.0658, 0.0892],0.4281
1402,[-0.917 , 0.0374,-0.0679, 0.0791],[ 4.0878e-01, 1.5058e+03,-3.3340e-01, 1.0338e+00, 7.3163e-01],[-0.9165, 0.0417,-0.0693, 0.0809],0.4269
1403,[-0.9242,-0.0266, 0.1889, 0.0632],[-6.7661,-7.6973,-6.033 ,-7.1803,-7.083 ],[-0.9216,-0.0525, 0.2068, 0.0647],0.3324
1404,[-0.9296, 0.0233,-0.1967, 0.0715],[-1.5374,-1.4362,-4.111 ,-1.256 ,-2.7247],[-0.9267, 0.0525,-0.2198, 0.0751],0.3127
1410,[-0.9198, 0.0684,-0.0398, 0.0508],[ 1.2005e-01,-7.7518e-02, 5.2076e+02, 2.6320e-01, 1.7664e+00],[-0.9197, 0.0635,-0.0373, 0.0623],0.4245
1411,[-0.9277, 0.0865, 0.0813, 0.0561],[-12.0925,-13.3051,-11.8815,-12.5734,-12.9036],[-0.9273, 0.0553, 0.1066, 0.0573],0.3657
1412,[-0.9182, 0.074 ,-0.0812, 0.0598],[8.3889e-01,9.3154e-01,7.6984e-01,9.1220e+02,1.2237e+00],[-0.9179, 0.0744,-0.0793, 0.0732],0.4034
1414,[-0.9246, 0.1298,-0.1986, 0.0645],[  0.4858,189.1187, -0.3117,  0.8923,  0.333 ],[-0.923 , 0.1393,-0.2015, 0.0692],0.2928
1416,[-0.9293, 0.1335,-0.2961, 0.0838],[-0.1204, 3.8476,-2.4391, 0.6491,-0.153 ],[-0.9249, 0.1552,-0.3096, 0.0813],0.2244
1420,[-0.9183,-0.0642, 0.0446, 0.0536],[2.4024e+00,3.9597e+03,3.7254e-01,2.1926e-01,4.6669e-01],[-0.9182,-0.0612, 0.0442, 0.0606],0.4302
1421,[-0.9177,-0.0751, 0.0752, 0.0474],[1.0049e+00,2.8945e-01,2.3931e+03,8.2625e-01,3.2643e+00],[-0.9175,-0.0744, 0.0711, 0.0552],0.4109
1422,[-0.9293,-0.0937,-0.087 , 0.0582],[-6.1527,-5.6767,-7.439 ,-5.4708,-5.7006],[-0.9288,-0.0597,-0.115 , 0.062 ],0.3526
1423,[-0.9239,-0.1333, 0.191 , 0.055 ],[ 2.1925e+00,-6.9991e-01, 2.0367e+02, 9.3279e-01, 2.9272e-02],[-0.9225,-0.1416, 0.1942, 0.0597],0.2954
1425,[-0.9352,-0.1388, 0.2987, 0.0444],[-2.1475,-3.9684,-1.4203,-1.3763,-3.1464],[-0.9307,-0.162 , 0.3144, 0.0502],0.207
1430,[-0.9262, 0.1998,-0.0248, 0.0674],[-13.6961,-14.659 ,-12.8577,-13.9646,-13.7188],[-0.9281, 0.1684, 0.0015, 0.075 ],0.3501
1432,[-0.9248, 0.2066,-0.1201, 0.0655],[-2.2666,-2.0615,-3.0151,20.0349,-2.7154],[-0.9263, 0.1912,-0.1024, 0.0756],0.3079
1434,[-0.9225, 0.2066,-0.2112, 0.057 ],[  5.035 ,264.855 , -0.5996,  1.5641,  0.6049],[-0.9223, 0.2054,-0.2038, 0.0656],0.2648
1436,[-0.9292, 0.2276,-0.3121, 0.0786],[ 0.247 , 3.992 ,-0.5845,67.5234, 1.1535],[-0.9264, 0.2365,-0.3151, 0.0918],0.1829
1438,[-0.9457, 0.2526,-0.409 , 0.0577],[-0.0319,13.8776,-0.5505,-0.3094, 0.6969],[-0.9399, 0.2691,-0.4215, 0.0705],0.0797
1440,[-0.9264,-0.2015, 0.0204, 0.059 ],[-7.7818,-6.9521,-9.3069,-7.5646,-8.2794],[-0.9284,-0.1688,-0.009 , 0.0642],0.3467
1441,[-0.9243,-0.2048, 0.1194, 0.065 ],[-6.4262,-7.2979,-6.2264,-5.5306,-7.5829],[-0.9257,-0.1899, 0.1044, 0.0726],0.3093
1442,[-0.926 ,-0.1771,-0.0781, 0.0708],[-1.0301, 2.3483,-1.8019,-1.2214,-0.9374],[-0.9267,-0.1321,-0.1159, 0.0854],0.3286
1443,[-0.9247,-0.207 , 0.2122, 0.0601],[7.6968e-01,1.5469e-01,1.2172e+00,2.8123e+02,5.9716e-01],[-0.9243,-0.2063, 0.208 , 0.0746],0.255
1445,[-0.9286,-0.2373, 0.3125, 0.0666],[  0.4306,  0.1306,120.4745,  1.3328,  0.214 ],[-0.9261,-0.2448, 0.3132, 0.0776],0.1802
1447,[-0.9311,-0.2692, 0.4225, 0.0105],[-0.2723,-1.2375,20.1521, 0.4661, 0.202 ],[-0.9254,-0.2817, 0.4295, 0.0258],0.1135
1450,[-0.9215, 0.2848,-0.0489, 0.0779],[-1.9595,-3.0257,-0.347 ,-1.9984,-1.6867],[-0.9256, 0.2479,-0.0185, 0.0912],0.3249
1452,[-0.9248, 0.3078,-0.1248, 0.068 ],[-10.0636,-11.6544,-10.2759,-10.9307,-10.9596],[-0.9291, 0.2796,-0.0999, 0.0749],0.2585
1454,[-0.9238, 0.3162,-0.2189, 0.0603],[-10.7903,-11.2528,-10.7785,-10.5861,-11.3757],[-0.9267, 0.3027,-0.2052, 0.0681],0.2061
1456,[-0.9263, 0.3201,-0.3213, 0.0597],[ 0.5872, 5.1868,-0.4033, 5.4965,-0.6298],[-0.9262, 0.3187,-0.3173, 0.0734],0.1417
1458,[-0.924 , 0.3006,-0.4289, 0.0693],[ 0.8436,33.6728,-0.3611, 0.2722, 0.9469],[-0.9191, 0.3081,-0.4303, 0.0819],0.112
1460,[-0.9171,-0.2954, 0.0362, 0.0363],[-0.3691,-1.0799,-2.3384,-0.8802,-0.4376],[-0.9218,-0.2574, 0.0038, 0.037 ],0.3421
1461,[-0.9249,-0.3118, 0.1265, 0.0661],[-6.3826,-5.2162,-7.5253,-6.6253,-6.7951],[-0.9293,-0.2835, 0.1011, 0.0755],0.2544
1463,[-0.9244,-0.3236, 0.2163, 0.0569],[-13.0475,-13.5443,-13.4572,-13.1594,-13.6416],[-0.9276,-0.3091, 0.2023, 0.0658],0.2011
1465,[-0.9246,-0.3326, 0.3385, 0.0672],[ 1.6103,-1.5285, 3.0426, 2.7422,-1.0848],[-0.9244,-0.3316, 0.3341, 0.0797],0.1361
1467,[-0.9246,-0.3398, 0.4571, 0.053 ],[-0.2342,-0.7385,67.0888, 2.0724,-0.2087],[-0.92  ,-0.345 , 0.4549, 0.0664],0.0757
1472,[-0.9121, 0.3938,-0.1625, 0.0707],[-1.1429,-3.2369,-0.6676,-1.722 ,-1.2886],[-0.9192, 0.3688,-0.1408, 0.0554],0.2318
1474,[-0.9236, 0.4117,-0.2289, 0.0529],[-5.5891,-6.2133,-4.9366,-5.0371,-5.8694],[-0.9298, 0.3916,-0.2107, 0.0643],0.1512
1476,[-0.9341, 0.4415,-0.3208, 0.0475],[-2.7278,-3.5716,-3.2629,-2.2034,-3.4882],[-0.9388, 0.4303,-0.309 , 0.0626],0.0626
1478,[-9.1148e-01, 4.0743e-01,-4.6006e-01, 7.1379e-04],[ 1.3381,11.2196,-0.3666, 2.479 ,-0.5394],[-0.9094, 0.4088,-0.4573, 0.0156],0.0498
1481,[-0.9117,-0.4081, 0.1312, 0.104 ],[-0.8218,-0.9759,-2.3326,-1.5077,-1.2102],[-0.9195,-0.3776, 0.1073, 0.1166],0.2428
1483,[-0.919 ,-0.4167, 0.2257, 0.0632],[-3.402 ,-2.6815,-4.1621,-3.1361,-3.9703],[-0.9255,-0.3967, 0.206 , 0.0754],0.1648
1485,[-0.9287,-0.4226, 0.3327, 0.0576],[-4.4416,-4.8705,-4.1502,-4.3858,-5.284 ],[-0.9321,-0.4141, 0.3243, 0.0718],0.0818
1487,[-0.9147,-0.4587, 0.4881, 0.046 ],[ 1.3156,-0.8245, 2.9928, 2.0976,-1.242 ],[-0.9135,-0.4581, 0.487 , 0.0606],0.0215
1500,[-0.9184, 0.0053, 0.0024,-0.0633],[-543.744 ,-541.6202,-541.7268,-541.8168,-543.6723],[-0.9186, 0.0041, 0.0035,-0.0538],0.451
1501,[-0.917 ,-0.0319, 0.0757,-0.0671],[-480.4814,-481.334 ,-479.3639,-480.4989,-480.8975],[-0.9169,-0.0389, 0.0796,-0.0609],0.4255
1502,[-0.9198, 0.0377,-0.0735,-0.0595],[-187.1599,-185.8083,-188.0442,-186.9658,-187.575 ],[-0.9198, 0.0439,-0.078 ,-0.0527],0.415
1503,[-0.9269,-0.0331, 0.1828,-0.04  ],[-15.9548,-16.8897,-15.6871,-15.3539,-16.3126],[-0.9249,-0.0589, 0.2018,-0.0366],0.3243
1504,[-0.9208, 0.0271,-0.1848,-0.0518],[-2.5259,-1.3355,-3.9263,-2.6467,-3.2741],[-0.9187, 0.0521,-0.2032,-0.051 ],0.3449
1510,[-0.9165, 0.0622,-0.0442,-0.0676],[ 3.7716e-02,-2.1880e+00, 4.5715e+02, 8.7211e+00,-2.0800e+00],[-0.9169, 0.0592,-0.0407,-0.0585],0.4361
1511,[-0.9208, 0.0803, 0.0787,-0.0389],[-18.2328,-19.2806,-17.9796,-18.0846,-18.3795],[-0.9208, 0.053 , 0.1005,-0.0354],0.3918
1512,[-0.9176, 0.0717,-0.0777,-0.0677],[ 1.7700e+00, 5.9666e+02,-2.3820e-01, 7.3629e+00, 1.2335e+00],[-0.9178, 0.0725,-0.0757,-0.0584],0.4091
1514,[-0.9219, 0.1338,-0.188 ,-0.0535],[ 6.8571e-01, 2.7273e+02,-7.5631e-01, 3.5622e-01, 2.3185e-01],[-0.921 , 0.1422,-0.1927,-0.045 ],0.3037
1516,[-0.9303, 0.1407,-0.2816,-0.0265],[ 0.4317, 0.8255,-1.9954, 0.315 ,-0.1524],[-0.9268, 0.1612,-0.2942,-0.0357],0.2189
1520,[-0.9194,-0.0655, 0.0446,-0.0526],[ 1.0914e+00, 1.6508e+03,-3.4896e-01, 6.7069e+00,-1.1819e-02],[-0.9197,-0.0625, 0.044 ,-0.0426],0.4255
1521,[-0.9179,-0.0789, 0.0841,-0.0627],[1.3062e+00,7.3732e-01,2.6889e+03,2.9718e+00,1.3692e+00],[-0.9181,-0.0795, 0.0817,-0.0516],0.4031
1522,[-0.9223,-0.0831,-0.0855,-0.0297],[-6.9117,-6.0368,-8.3656,-7.144 ,-6.7557],[-0.9222,-0.0536,-0.1103,-0.035 ],0.3813
1523,[-0.9198,-0.1381, 0.1869,-0.0603],[ 2.7833e-01,-6.8528e-01, 4.4030e+02, 9.4491e-01, 4.7916e-01],[-0.919 ,-0.1456, 0.1906,-0.0513],0.3078
1525,[-0.9327,-0.1549, 0.2939,-0.0435],[-1.5507,-3.3427,-0.412 ,-2.0173,-2.9002],[-0.929 ,-0.1764, 0.3098,-0.0474],0.2013
1530,[-0.9229, 0.1998,-0.0282,-0.0306],[-12.1168,-13.3091,-12.0846,-12.3862,-12.3877],[-0.9253, 0.1707,-0.0039,-0.0324],0.3625
1531,[-0.913 , 0.1759, 0.0611,-0.0628],[-1.0723,-2.6898,-1.7601,-1.0284,-2.2435],[-0.9146, 0.1397, 0.0906,-0.0736],0.3806
1532,[-0.9239, 0.2041,-0.1179,-0.0291],[-22.0865,-20.8974,-22.4779,-20.967 ,-22.8145],[-0.9258, 0.1895,-0.102 ,-0.0254],0.3107
1534,[-0.9235, 0.1999,-0.2093,-0.032 ],[ 1.8639e+00, 3.4690e+00,-5.5558e-01, 1.5689e+02, 1.3580e-01],[-0.9234, 0.2009,-0.206 ,-0.0211],0.2626
1536,[-0.9261, 0.2299,-0.2963,-0.0197],[ 2.1952,69.6358,-0.3599, 1.1384, 0.4802],[-0.9242, 0.238 ,-0.2988,-0.0157],0.1952
1538,[-0.9396, 0.2663,-0.4005, 0.    ],[ 0.0497, 1.6782,-1.1059, 8.6656, 0.6239],[-0.9346, 0.2801,-0.4115, 0.0078],0.0947
1540,[-0.9241,-0.1958, 0.0243,-0.029 ],[-6.0203,-4.6527,-6.5778,-4.8962,-5.4886],[-0.9263,-0.1658,-0.0029,-0.0237],0.3566
1541,[-0.9183,-0.1935, 0.1244,-0.051 ],[-7.6791,-8.6079,-6.9278,-6.1729,-8.707 ],[-0.9199,-0.1822, 0.1087,-0.0444],0.3325
1542,[-0.9235,-0.168 ,-0.0682,-0.0173],[-0.4034,-0.2213,-2.1506, 0.8649,-1.4636],[-0.9246,-0.1265,-0.1039,-0.0151],0.3463
1543,[-0.921 ,-0.195 , 0.2102,-0.0495],[ 1.5608e+00,-5.5298e-01, 5.3523e+00, 1.0350e+02,-4.8296e-02],[-0.9208,-0.197 , 0.2081,-0.0361],0.2715
1545,[-0.9279,-0.2174, 0.3117,-0.0281],[ 1.4286,-0.3421, 0.9818,88.078 , 0.4568],[-0.925 ,-0.2295, 0.3189,-0.019 ],0.1864
1547,[-0.9398,-0.2452, 0.4055,-0.013 ],[ 3.2687,-1.2721, 0.7556, 9.0058, 0.1722],[-0.934 ,-0.2623, 0.4182, 0.0027],0.1016
1550,[-0.9219, 0.2909,-0.0522,-0.0101],[-1.1648,-3.0334,-1.4969,-2.3488,-1.9059],[-0.9266, 0.2553,-0.0286,-0.0257],0.3118
1552,[-0.933 , 0.3168,-0.1423,-0.0138],[-10.0696,-11.224 , -9.1919,-10.1846,-10.9351],[-0.9378, 0.2864,-0.112 ,-0.0113],0.2175
1554,[-0.9287, 0.331 ,-0.2235,-0.0099],[ -9.6367, -9.6313,-10.355 , -9.8046,-10.8286],[-0.9323, 0.3162,-0.207 ,-0.0044],0.1802
1556,[-0.928 , 0.3214,-0.3153,-0.0019],[ 1.1494, 5.7456,-0.4978, 7.604 ,-0.8108],[-0.9283, 0.3206,-0.3126, 0.0016],0.1395
1558,[-0.9315, 0.3836,-0.447 ,-0.0052],[ 3.2375e-02, 3.5183e+01,-1.9381e-01, 1.5696e+00, 7.8850e-01],[-0.9289, 0.3872,-0.4502,-0.0154],0.0438
1560,[-0.912 ,-0.295 , 0.0528, 0.    ],[-1.422 , 0.3403,-1.9722,-1.1272,-0.9085],[-0.9169,-0.262 , 0.0249, 0.    ],0.3508
1561,[-0.9261,-0.3133, 0.1333,-0.0131],[-4.005 ,-3.2468,-4.9385,-3.7641,-3.8022],[-0.9309,-0.2857, 0.1083,-0.0109],0.2444
1563,[-0.9229,-0.3187, 0.2143,-0.0144],[-5.5898,-6.7659,-6.3933,-5.6256,-6.3169],[-0.9262,-0.3052, 0.2005,-0.0115],0.209
1565,[-0.9224,-0.3438, 0.3344,-0.0026],[ 1.9196,-1.0278, 3.0446, 3.1369,-0.8612],[-0.9228,-0.3427, 0.3318, 0.0023],0.1362
1567,[-0.9391,-0.3327, 0.4658,-0.0466],[ 5.0586,-0.6503, 3.1375,39.4987, 0.3995],[-0.9339,-0.3427, 0.4694,-0.0341],0.0422
1574,[-0.9245, 0.4224,-0.2359,-0.0118],[-6.69  ,-7.6394,-6.1524,-6.7212,-7.6912],[-0.9312, 0.4032,-0.2173,-0.0098],0.1379
1576,[-0.926 , 0.4351,-0.3497, 0.    ],[-6.0888,-6.2391,-6.5704,-5.2264,-7.5422],[-0.9295, 0.4295,-0.3442, 0.0104],0.0739
1578,[-0.9194, 0.397 ,-0.4674,-0.0249],[ 1.9359, 3.8353,-0.8379, 4.912 ,-1.558 ],[-0.9165, 0.3998,-0.4691,-0.0215],0.0556
1583,[-0.9313,-0.407 , 0.2411,-0.0077],[-2.482 ,-2.0256,-3.2776,-2.1898,-3.2444],[-0.9372,-0.3871, 0.2212,-0.0125],0.1245
1585,[-0.9241,-0.4414, 0.3492, 0.    ],[-3.8346,-4.8568,-4.094 ,-3.7676,-5.4353],[-0.9278,-0.4351, 0.3432, 0.0063],0.0744
1587,[-0.9192,-0.4591, 0.4887, 0.    ],[ 0.7257,-0.9603, 1.2515, 2.3757,-0.5463],[-0.918 ,-0.4594, 0.489 , 0.0078],0.0195
1600,[-9.1693e-01,-2.0546e-04, 4.3660e-03,-1.6741e-01],[-1004.4832,-1004.8483,-1004.2699,-1003.4929,-1005.94  ],[-0.9176,-0.0011, 0.0063,-0.1623],0.4521
1601,[-0.9151,-0.038 , 0.0744,-0.1695],[-209.4267,-211.084 ,-207.5344,-208.7997,-210.4443],[-0.9155,-0.0441, 0.0782,-0.1684],0.4243
1602,[-0.918 , 0.0377,-0.073 ,-0.1676],[-217.6245,-217.3499,-218.8834,-218.0136,-218.6432],[-0.9184, 0.0441,-0.0777,-0.1638],0.4169
1604,[-0.9164, 0.0435,-0.1958,-0.1372],[-3.465 ,-2.577 ,-3.8109,-2.6327,-3.1585],[-0.9145, 0.0665,-0.2098,-0.141 ],0.3476
1610,[-0.9141, 0.063 ,-0.0441,-0.161 ],[ -0.3348, -1.9623,  2.4292,283.141 , -1.4794],[-0.9149, 0.0599,-0.039 ,-0.1507],0.4397
1611,[-0.9172, 0.0823, 0.0794,-0.1642],[-13.864 ,-14.1103,-12.8046,-13.2577,-13.5935],[-0.9176, 0.0548, 0.104 ,-0.1557],0.3967
1612,[-0.9154, 0.0699,-0.0749,-0.164 ],[-155.6045,-153.417 ,-156.317 ,-153.9456,-155.7995],[-0.9161, 0.0709,-0.0733,-0.1568],0.4128
1614,[-0.9196, 0.1295,-0.1869,-0.1603],[-1.0341,13.2897,-1.4799,12.0059,-0.7052],[-0.9191, 0.139 ,-0.1927,-0.1528],0.3112
1616,[-0.917 , 0.1539,-0.2878,-0.1341],[-1.0281,-0.7467,-2.4519,-1.6824,-1.4343],[-0.9139, 0.1713,-0.296 ,-0.147 ],0.2561
1620,[-0.916 ,-0.0664, 0.0443,-0.1745],[-1.2423,43.6138,-0.9899,13.894 ,-1.832 ],[-0.9169,-0.0635, 0.0435,-0.1661],0.4326
1621,[-0.9155,-0.0788, 0.086 ,-0.1749],[ 1.1188e+00,-1.1511e-01, 3.7032e+00, 1.1429e+03, 4.8696e-01],[-0.9161,-0.0803, 0.0853,-0.1627],0.4045
1622,[-0.9171,-0.0691,-0.0718,-0.1666],[-4.9206,-4.7437,-5.894 ,-4.0341,-4.9954],[-0.9176,-0.0458,-0.0899,-0.1707],0.416
1623,[-0.9174,-0.1387, 0.1821,-0.1712],[-8.2383e-03,-1.3150e+00, 1.3994e+01, 1.6317e+00,-1.3342e+00],[-0.9172,-0.1462, 0.1865,-0.1614],0.3164
1630,[-0.9158, 0.1914,-0.0234,-0.1572],[-6.2962,-7.1688,-5.4468,-6.2631,-6.0767],[-0.9185, 0.167 ,-0.0119,-0.1562],0.3856
1632,[-0.9172, 0.1814,-0.1325,-0.1817],[-36.5043,-36.8665,-37.048 ,-36.4744,-37.3396],[-0.9189, 0.1743,-0.1204,-0.1754],0.3354
1634,[-0.9186, 0.1896,-0.2099,-0.1787],[-0.7837, 0.5159,-5.4345, 0.6282,-4.8886],[-0.9188, 0.1933,-0.208 ,-0.1685],0.2822
1636,[-0.9127, 0.1897,-0.3013,-0.1592],[ 1.656 , 2.4607,-0.8203,32.0529,-0.6307],[-0.9101, 0.2029,-0.3027,-0.1592],0.2271
1640,[-0.914 ,-0.1832, 0.0398,-0.1781],[-3.9397,-3.3169,-4.1412,-3.3804,-3.7994],[-0.9167,-0.161 , 0.016 ,-0.1906],0.4038
1641,[-0.9162,-0.1785, 0.1464,-0.1654],[-16.4646,-17.2675,-15.4799,-15.6494,-16.6536],[-0.9176,-0.1739, 0.1353,-0.1549],0.3331
1643,[-0.9172,-0.1837, 0.1955,-0.1754],[-2.1033,-4.3819,-0.3167, 0.3683,-2.9757],[-0.9176,-0.1862, 0.1929,-0.1615],0.2935
1700,[-0.9178,-0.0079, 0.0061,-0.2749],[-698.9706,-698.967 ,-699.4264,-698.3599,-699.678 ],[-0.919 ,-0.0078, 0.0067,-0.27  ],0.4512
1701,[-0.9159,-0.0378, 0.0774,-0.276 ],[-155.9712,-156.6746,-155.5107,-155.0444,-156.7872],[-0.9168,-0.0451, 0.0824,-0.2747],0.4214
1702,[-0.9185, 0.0319,-0.0752,-0.2746],[-106.9947,-106.5713,-107.8098,-106.0339,-107.5949],[-0.9193, 0.0402,-0.0825,-0.2685],0.4159
1710,[-0.9165, 0.0636,-0.0428,-0.2812],[-110.8309,-110.5342,-110.0203,-109.7209,-111.2211],[-0.9178, 0.0603,-0.038 ,-0.2763],0.4328
1711,[-0.9117, 0.0756, 0.098 ,-0.2784],[-5.4232,-6.3821,-4.8254,-5.1684,-5.8045],[-0.9125, 0.0491, 0.1118,-0.2924],0.4057
1712,[-0.9186, 0.0727,-0.0853,-0.2815],[-281.6068,-281.2258,-282.5835,-281.0714,-282.6083],[-0.9196, 0.0757,-0.0864,-0.2743],0.3966
1714,[-0.9199, 0.1187,-0.1895,-0.2875],[-7.5306,-4.8714,-8.4857,-5.5752,-8.7405],[-0.9196, 0.1319,-0.1995,-0.2768],0.3133
1720,[-0.916 ,-0.0652, 0.044 ,-0.2723],[-178.5981,-178.637 ,-178.6878,-178.0925,-179.1033],[-0.9174,-0.0625, 0.0426,-0.2692],0.4326
1721,[-0.9163,-0.0778, 0.0869,-0.2752],[-475.3753,-476.4188,-474.9893,-475.1379,-476.2886],[-0.9174,-0.0802, 0.0876,-0.2661],0.4004
1723,[-0.9189,-0.1414, 0.1796,-0.2867],[ -8.608 ,-10.1107, -7.2787, -7.3308,-10.0172],[-0.9192,-0.1493, 0.1838,-0.2746],0.31
1732,[-0.9202, 0.1839,-0.1357,-0.2876],[-40.4693,-40.5372,-40.6921,-40.4896,-40.8275],[-0.9226, 0.1766,-0.1175,-0.3031],0.3235
1734,[-0.9169, 0.1875,-0.196 ,-0.259 ],[-26.9156,-26.5733,-28.3225,-26.2704,-28.9001],[-0.9178, 0.1904,-0.1927,-0.2547],0.2972
1741,[-0.9134,-0.1702, 0.1592,-0.2586],[-16.4248,-16.6365,-16.3138,-16.3958,-17.0668],[-0.9148,-0.1692, 0.1493,-0.2484],0.3359
1743,[-0.9189,-0.181 , 0.202 ,-0.277 ],[-15.509 ,-17.1851,-15.282 ,-14.5765,-17.7587],[-0.9194,-0.1861, 0.2026,-0.2625],0.2814
1800,[-9.3111e-01,-1.2794e-02, 3.0991e-04,-4.0605e-01],[-107.9498,-107.8891,-107.5737,-106.706 ,-108.7597],[-0.9329,-0.0102,-0.0013,-0.406 ],0.4003
1801,[-0.9274,-0.0487, 0.0684,-0.3841],[-21.0386,-21.4651,-19.9096,-20.5422,-21.5563],[-0.9288,-0.0535, 0.0711,-0.3665],0.3776
1802,[-0.92  , 0.0377,-0.0927,-0.3763],[-18.3338,-18.2618,-18.8319,-17.6489,-19.1903],[-0.9209, 0.0497,-0.1087,-0.3588],0.3967
1820,[-0.9213,-0.0618, 0.0515,-0.3849],[-24.7961,-23.9371,-25.2667,-24.253 ,-25.9415],[-0.923 ,-0.0609, 0.0497,-0.3875],0.4101
1821,[-0.92  ,-0.0854, 0.1086,-0.3969],[-90.0596,-90.6471,-89.9092,-89.0183,-90.9491],[-0.9213,-0.0914, 0.1138,-0.3921],0.3715
1823,[-0.9231,-0.1424, 0.177 ,-0.385 ],[-0.4045,-1.5805, 2.6914, 2.9936,-2.1814],[-0.9238,-0.1515, 0.1862,-0.3692],0.2977
2200,[-0.9019, 0.018 ,-0.0084, 0.2677],[-508.4266,-508.6231,-508.6895,-509.0588,-507.8804],[-0.9008, 0.0165,-0.0065, 0.2621],0.3966
2201,[-0.9019,-0.0416, 0.068 , 0.2679],[-109.131 ,-109.77  ,-109.013 ,-109.9803,-108.8405],[-0.9006,-0.044 , 0.0679, 0.2641],0.3764
2202,[-0.9039, 0.0505,-0.066 , 0.2646],[-115.9518,-114.823 ,-116.6061,-116.8063,-115.6348],[-0.9026, 0.0516,-0.0648, 0.26  ],0.3831
2210,[-0.9045, 0.0616,-0.0438, 0.2648],[-76.7081,-77.5361,-76.6496,-78.1404,-76.3085],[-0.9034, 0.0583,-0.039 , 0.2625],0.3955
2212,[-0.9031, 0.0676,-0.0763, 0.2661],[-329.6943,-329.2105,-329.8258,-330.1804,-328.3732],[-0.9019, 0.0676,-0.0732, 0.262 ],0.3687
2221,[-0.902 ,-0.0667, 0.0836, 0.2656],[-54.8777,-55.2202,-54.2989,-54.9239,-53.6741],[-0.9008,-0.0678, 0.0823, 0.2594],0.3595
2223,[-0.9037,-0.1427, 0.1903, 0.2956],[-2.8669,-4.2737,-1.3921,-3.3481,-1.0603],[-0.9018,-0.1458, 0.1893, 0.2871],0.2771
2232,[-0.909 , 0.2149,-0.1177, 0.2687],[-6.5369,-7.0813,-6.1393,-7.215 ,-6.1433],[-0.9101, 0.1978,-0.0815, 0.2643],0.3374
2234,[-0.9044, 0.2576,-0.2276, 0.2676],[-1.4047,-0.0664,-3.0735,-2.3313,-0.8184],[-0.9047, 0.25  ,-0.2033, 0.2684],0.2329
2241,[-0.9098,-0.1876, 0.1316, 0.2941],[-1.7778,-1.4463,-3.2312,-3.1886,-1.1266],[-0.9098,-0.178 , 0.1204, 0.2885],0.3266
2243,[-0.9004,-0.1922, 0.2008, 0.2738],[-4.2548e-03,-1.4050e-01, 4.2924e+00,-5.2209e-01, 2.1216e+00],[-0.8993,-0.1902, 0.1937, 0.273 ],0.245
2254,[-0.9044, 0.3058,-0.2517, 0.2603],[ 1.3654, 0.9407, 0.8054, 0.1658,14.4786],[-0.9057, 0.297 ,-0.2323, 0.2528],0.2001
2256,[-0.9026, 0.3206,-0.2855, 0.2547],[ 0.2595,13.9856,-0.4502, 0.131 , 1.0556],[-0.9033, 0.3139,-0.2699, 0.2611],0.1661
2263,[-0.8989,-0.2941, 0.2476, 0.2599],[ 1.3435, 0.7127, 0.5328, 0.1014,24.5819],[-0.9   ,-0.286 , 0.2252, 0.2528],0.1888
2265,[-0.8977,-0.3068, 0.2866, 0.252 ],[ 2.4509,-1.0593,17.9509, 0.451 , 0.4142],[-0.8981,-0.3013, 0.2685, 0.2598],0.1554
2300,[-0.9072,-0.0065, 0.0041, 0.1568],[-1340.0258,-1340.1216,-1340.5473,-1341.403 ,-1339.2409],[-0.9066,-0.006 , 0.003 , 0.148 ],0.4218
2301,[-0.9074,-0.0415, 0.0678, 0.1622],[-341.6281,-343.3116,-341.4282,-342.6619,-340.4741],[-0.9065,-0.0445, 0.0685, 0.1595],0.4021
2302,[-0.9072, 0.0386,-0.0674, 0.1643],[-579.1055,-578.2233,-579.9076,-579.5689,-577.8244],[-0.9063, 0.042 ,-0.0684, 0.1606],0.4023
2303,[-0.9051,-0.0349, 0.195 , 0.175 ],[-12.4722,-12.7038,-11.695 ,-12.3921,-12.045 ],[-0.9021,-0.0534, 0.2023, 0.1657],0.3156
2304,[-0.9038, 0.0327,-0.1992, 0.1337],[-5.8532,-5.4275,-7.1059,-6.8185,-5.3726],[-0.9009, 0.052 ,-0.2068, 0.1188],0.309
2310,[-0.9054, 0.0636,-0.0413, 0.1787],[-229.8167,-229.5836,-229.426 ,-230.2723,-229.2526],[-0.9048, 0.0597,-0.0348, 0.1728],0.4024
2311,[-0.9078, 0.113 , 0.0798, 0.1415],[-6.826 ,-7.8208,-6.3664,-6.96  ,-6.4204],[-0.9074, 0.0862, 0.0981, 0.127 ],0.3718
2312,[-0.9055, 0.0719,-0.0831, 0.1757],[-828.4666,-826.3763,-828.9889,-828.6444,-827.8056],[-0.9047, 0.0724,-0.081 , 0.1701],0.3746
2314,[-0.9002, 0.1316,-0.1894, 0.1538],[-44.6648,-43.9261,-45.3434,-45.0356,-43.7148],[-0.8985, 0.1367,-0.1885, 0.1476],0.2697
2316,[-0.9034, 0.1415,-0.2919, 0.1386],[-1.0503, 2.0849,-2.4547,-1.9095, 1.1605],[-0.8991, 0.1551,-0.2958, 0.1404],0.2139
2320,[-0.9057,-0.0661, 0.0414, 0.1431],[-53.0382,-52.7417,-53.1538,-53.5422,-52.4304],[-0.9052,-0.062 , 0.0357, 0.1392],0.4025
2321,[-0.9048,-0.0732, 0.0877, 0.1558],[-175.2817,-176.5785,-174.6555,-176.3293,-173.3861],[-0.904 ,-0.0742, 0.0851, 0.1493],0.369
2322,[-0.8921,-0.1022,-0.0989, 0.1524],[-8.6345,-7.4474,-8.7843,-8.3865,-8.087 ],[-0.8913,-0.0787,-0.114 , 0.1539],0.301
2323,[-0.8978,-0.1277, 0.1933, 0.1586],[-29.3328,-31.1742,-29.1633,-30.6635,-29.6931],[-0.896 ,-0.1335, 0.1924, 0.156 ],0.2597
2325,[-0.8873,-0.1557, 0.2853, 0.1408],[-2.6931,-4.6832,-1.6816,-3.1777,-2.1437],[-0.8836,-0.1651, 0.2822, 0.1537],0.1619
2330,[-0.9002, 0.2209,-0.0232, 0.1365],[-5.297 ,-6.2568,-5.1041,-5.4911,-5.0259],[-0.9025, 0.1954,-0.0033, 0.1462],0.3409
2332,[-0.901 , 0.2205,-0.1365, 0.1471],[-5.5843,-6.533 ,-5.4514,-6.5107,-4.9645],[-0.9023, 0.2092,-0.1236, 0.1415],0.2813
2334,[-0.8989, 0.2311,-0.2226, 0.1656],[ 2.2831, 2.5662,-1.7437,-0.7713,41.538 ],[-0.8988, 0.2277,-0.2104, 0.1586],0.2192
2336,[-0.9035, 0.2419,-0.3053, 0.1788],[ 1.5532,34.2872,-1.4737, 0.3221,-0.0829],[-0.9014, 0.2446,-0.2955, 0.1899],0.1802
2340,[-0.9001,-0.2216, 0.021 , 0.1419],[-6.6407,-5.7561,-8.1694,-7.0424,-5.8794],[-0.9023,-0.1967, 0.0052, 0.1408],0.3335
2341,[-0.9056,-0.2133, 0.1395, 0.1482],[ 1.7439, 0.0803,-1.1901,-0.7032,31.891 ],[-0.9068,-0.2029, 0.1273, 0.1387],0.2994
2343,[-0.901 ,-0.2267, 0.2162, 0.1641],[ 0.7579,-0.9613, 0.982 ,-0.1625,70.0365],[-0.9009,-0.2234, 0.2055, 0.1559],0.2311
2345,[-0.8969,-0.2517, 0.305 , 0.1639],[-0.0743,-0.9338,26.7054, 0.1144, 1.9897],[-0.8951,-0.2534, 0.2945, 0.1737],0.1566
2352,[-0.9062, 0.3023,-0.1428, 0.1405],[-1.7184,-3.1064,-0.3172,-2.3506,-2.0574],[-0.9097, 0.2836,-0.131 , 0.1423],0.27
2354,[-0.897 , 0.3333,-0.2233, 0.1527],[ 2.4137, 1.999 , 1.2553, 1.1606,20.1401],[-0.9001, 0.3217,-0.209 , 0.1506],0.1812
2356,[-0.9006, 0.3452,-0.3223, 0.1691],[ 3.8442,18.7338,-1.0679, 0.6738, 2.597 ],[-0.9013, 0.3408,-0.3095, 0.1771],0.1293
2358,[-0.8956, 0.3427,-0.4086, 0.1411],[ 1.5761, 8.0607,-1.6344, 0.4393, 5.6038],[-0.8932, 0.344 ,-0.3998, 0.1413],0.0622
2361,[-0.9026,-0.3187, 0.1439, 0.1468],[-0.6176,24.8391,-2.1326,-0.9862, 0.1978],[-0.9067,-0.2994, 0.1311, 0.1514],0.2512
2363,[-0.8973,-0.3155, 0.2123, 0.1505],[ 8.7641, 0.8269, 1.1592, 0.5066,41.6727],[-0.9   ,-0.3043, 0.1995, 0.1525],0.1928
2365,[-0.895 ,-0.317 , 0.3208, 0.1609],[ 0.8838,-0.8395,38.8852, 0.1046, 1.7429],[-0.8948,-0.3146, 0.3073, 0.1674],0.1222
2367,[-0.9009,-0.3578, 0.4193, 0.1311],[ 0.8967,-1.5909, 2.1248,-0.5011,32.1898],[-0.8988,-0.3585, 0.4079, 0.1284],0.067
2374,[-0.8923, 0.4166,-0.2182, 0.1474],[-0.8388,-1.1349, 2.4021,-0.5352,-1.0065],[-0.8987, 0.4011,-0.2074, 0.1563],0.1403
2376,[-0.8951, 0.3975,-0.3394, 0.1505],[0.7811,2.786 ,0.1152,2.3588,0.6425],[-0.8973, 0.3917,-0.326 , 0.1564],0.0867
2378,[-0.883 , 0.4019,-0.4164, 0.1403],[ 0.4957,11.685 ,-0.0364, 0.4214, 0.4716],[-0.8826, 0.4002,-0.4045, 0.1499],0.0074
2381,[-0.8967,-0.4033, 0.1603, 0.1591],[-1.3917,-0.7411,-3.6965,-2.9596,-2.7859],[-0.9037,-0.381 , 0.1436, 0.1733],0.1957
2383,[-0.8914,-0.4148, 0.2026, 0.1528],[-0.5924, 4.3292,-1.8002, 5.525 , 1.0283],[-0.898 ,-0.3979, 0.191 , 0.1608],0.147
2385,[-0.8784,-0.4364, 0.3507, 0.1701],[0.7487,0.9371,4.8449,1.4641,0.8392],[-0.8819,-0.4305, 0.3357, 0.1823],0.0224
2387,[-0.898 ,-0.4285, 0.4296, 0.1564],[ 0.7212,-0.3092,18.2359, 0.7162, 0.6144],[-0.8981,-0.4259, 0.4185, 0.1637],0.0302
2400,[-0.9072,-0.0086, 0.0025, 0.067 ],[2.4666e+00,1.1470e+00,3.0442e+00,1.1365e+00,5.6290e+03],[-9.0694e-01,-7.5466e-03, 7.6339e-04, 5.3295e-02],0.4268
2401,[-0.9061,-0.0378, 0.0676, 0.0592],[-1.8673e-01,-1.1282e+00, 6.0448e+02,-5.2901e-01, 1.7211e+00],[-0.9057,-0.0415, 0.0683, 0.0476],0.3998
2402,[-0.9069, 0.0335,-0.0685, 0.0559],[3.3172e-01,1.0046e+03,1.7170e-01,3.6112e-03,4.9672e-01],[-0.9065, 0.038 ,-0.0697, 0.0438],0.4044
2403,[-0.8967,-0.0305, 0.1881, 0.0543],[-10.547 ,-11.9502,-10.2474,-11.4632,-11.0981],[-0.8942,-0.0486, 0.1984, 0.0548],0.2882
2404,[-0.8971, 0.0306,-0.1881, 0.0517],[-3.2021,-1.7105,-5.3726,-3.9417,-3.0692],[-0.8946, 0.0489,-0.1983, 0.0529],0.2899
2410,[-0.903 , 0.0665,-0.0394, 0.0557],[-240.5697,-240.6107,-240.1982,-240.4993,-240.0454],[-0.9029, 0.0624,-0.0336, 0.0477],0.3927
2411,[-0.8967, 0.0911, 0.0872, 0.0466],[-15.8217,-16.6327,-15.3796,-15.2985,-15.3886],[-0.8964, 0.0682, 0.1044, 0.0445],0.3311
2412,[-0.9033, 0.0748,-0.0876, 0.0556],[-252.619 ,-252.8586,-254.6437,-253.9343,-251.5752],[-0.903 , 0.0759,-0.0857, 0.0449],0.3636
2414,[-0.8995, 0.1334,-0.1958, 0.0552],[-57.1014,-56.3699,-58.5826,-57.8487,-56.6999],[-0.8981, 0.1396,-0.1956, 0.0506],0.2636
2416,[-0.8969, 0.1411,-0.2935, 0.0555],[-0.9138, 2.2923,-3.0391,-1.6084,-1.3375],[-0.8929, 0.1553,-0.2987, 0.0445],0.1907
2420,[-0.9047,-0.067 , 0.0425, 0.0601],[  0.6216,192.2216, -0.9157, -1.4285,  6.8426],[-0.9047,-0.0636, 0.0408, 0.0524],0.3973
2421,[-0.9045,-0.0782, 0.0888, 0.0641],[ 1.5511e+00,-6.4098e-02, 7.2099e+02, 1.3002e-01, 3.0866e+00],[-0.9041,-0.0788, 0.0851, 0.0577],0.3675
2422,[-0.9003,-0.091 ,-0.0848, 0.0504],[-7.2435,-7.0464,-9.5795,-8.2274,-7.6478],[-0.8999,-0.068 ,-0.1   , 0.0499],0.3479
2423,[-0.9005,-0.1355, 0.1913, 0.0566],[-39.8981,-41.9009,-39.7688,-40.4352,-39.9412],[-0.8992,-0.141 , 0.1911, 0.0535],0.2695
2425,[-0.8974,-0.1242, 0.282 , 0.1135],[-6.4618,-7.1166,-5.9484,-5.8186,-5.6175],[-0.8932,-0.1384, 0.2856, 0.1241],0.2047
2430,[-0.8953, 0.2113,-0.027 , 0.0469],[-11.2678,-12.1224, -9.7274,-11.3202,-10.6434],[-0.8977, 0.1888,-0.0097, 0.0443],0.3165
2432,[-0.8975, 0.2149,-0.123 , 0.0495],[ 0.315 ,-0.3975,-0.9084, 0.1546,53.5319],[-0.8994, 0.2033,-0.1076, 0.0419],0.28
2434,[-0.897 , 0.2069,-0.2125, 0.0606],[7.9046e-01,2.8008e+02,1.0749e-01,9.3727e-01,1.2790e+00],[-0.8968, 0.206 ,-0.2031, 0.0628],0.2257
2436,[-0.8907, 0.2033,-0.3042, 0.0562],[ 1.0957e+00, 6.9370e+01,-7.5785e-01, 2.6283e-02, 4.2134e-01],[-0.8878, 0.2107,-0.3005, 0.0522],0.1491
2440,[-0.8987,-0.2097, 0.0198, 0.0487],[-11.1638,-10.1564,-12.5313,-11.0267,-10.9808],[-0.901 ,-0.1859, 0.002 , 0.0447],0.332
2441,[-0.8997,-0.2073, 0.1269, 0.0635],[-2.1493,-3.1372,-2.8516,-0.5243,31.2921],[-0.9013,-0.1964, 0.1094, 0.0563],0.2896
2442,[-0.8897,-0.167 ,-0.0611, 0.1238],[-0.4106,-0.4322,-3.6161,-1.1259,-2.2159],[-0.8904,-0.1402,-0.0815, 0.1375],0.2841
2443,[-0.899 ,-0.2052, 0.2096, 0.0596],[  1.3509, -0.5434,299.6642,  1.5459,  4.2505],[-0.8989,-0.2043, 0.2008, 0.0648],0.235
2445,[-0.8996,-0.2479, 0.3057, 0.0539],[ 4.1038,-1.3398,44.1985, 1.6258, 0.1169],[-0.8979,-0.2514, 0.2992, 0.0633],0.164
2450,[-0.8815, 0.3164,-0.0265, 0.0566],[-2.4487,-4.1132,-1.9182,-3.1821,-2.0796],[-0.887 , 0.2879,-0.0073, 0.0582],0.2367
2452,[-0.8928, 0.3195,-0.1308, 0.0501],[-1.7214,-3.0106, 1.5931,-1.9951,-0.7816],[-0.8976, 0.3003,-0.1154, 0.0567],0.2253
2454,[-0.8917, 0.3333,-0.2149, 0.0556],[64.1998, 3.7658, 2.0562, 1.8178, 3.3241],[-0.8953, 0.3225,-0.204 , 0.0621],0.1673
2456,[-0.8945, 0.3499,-0.3263, 0.069 ],[ 0.1683,43.8969,-0.3192, 0.2207, 0.6858],[-0.8954, 0.3472,-0.3188, 0.079 ],0.1034
2458,[-0.8994, 0.3439,-0.4151, 0.0867],[ 0.9249,29.3042,-0.9948, 0.6447, 0.8567],[-0.8967, 0.3461,-0.4094, 0.0928],0.0665
2460,[-0.8896,-0.2985, 0.0379, 0.0231],[-0.5667, 0.0599,-3.521 ,-1.6877,-1.769 ],[-0.8946,-0.2699, 0.0147, 0.0215],0.2703
2461,[-0.8911,-0.3257, 0.1205, 0.0542],[-0.8158,14.3891,-2.562 ,-0.8408,-0.8142],[-0.8962,-0.3051, 0.1042, 0.0618],0.223
2463,[-0.8899,-0.3433, 0.212 , 0.0713],[ 3.4484, 1.5738, 1.474 ,69.8415, 1.6722],[-0.8938,-0.3317, 0.2013, 0.0826],0.1592
2465,[-0.894 ,-0.3342, 0.3326, 0.0719],[ 8.6225e-01,-2.7419e-01, 6.9881e+01, 6.9515e-02, 8.4212e-01],[-0.8941,-0.3329, 0.3255, 0.0802],0.1038
2467,[-0.9023,-0.3537, 0.4219, 0.0875],[ 0.3677,-1.1491,55.675 ,-0.1801, 1.5555],[-0.8999,-0.3553, 0.4112, 0.0954],0.0702
2472,[-0.8806, 0.4131,-0.1448, 0.0417],[-2.1714,-3.3035,-0.9987,-1.9225,-2.6972],[-0.8888, 0.3925,-0.1295, 0.0493],0.1469
2474,[-0.885 , 0.42  ,-0.2282, 0.0532],[-1.1789,-1.8081, 2.8874,-0.1336,-1.4471],[-0.8916, 0.4068,-0.2169, 0.0655],0.1115
2476,[-0.8882, 0.4184,-0.3306, 0.0555],[ 1.0207, 2.6641,-0.0095, 1.9673,-0.4601],[-0.8916, 0.4132,-0.3232, 0.0697],0.0612
2478,[-0.8965, 0.4026,-0.4471, 0.0741],[ 0.6632,12.3646,-0.5097, 1.3654,-0.1863],[-0.8947, 0.4026,-0.4421, 0.0862],0.0208
2481,[-0.882 ,-0.4071, 0.14  , 0.0553],[-0.6229, 1.8769,-2.3233,-1.3476,-1.5233],[-0.89  ,-0.3857, 0.1227, 0.0602],0.1572
2483,[-0.8856,-0.4198, 0.2257, 0.0548],[-0.2225, 3.5515,-1.8835,-0.6789,-1.3265],[-0.8922,-0.4063, 0.2139, 0.0665],0.1152
2485,[-0.8889,-0.4317, 0.3167, 0.0498],[ 0.8716,-0.969 , 2.5088, 2.2879,-0.3939],[-0.8934,-0.425 , 0.3073, 0.0629],0.0684
2487,[-0.8892,-0.4097, 0.4514, 0.0772],[ 0.7911,-0.5268, 9.2886, 2.3519, 0.2115],[-0.8876,-0.4095, 0.4463, 0.089 ],-0.0026
2494,[-0.877 , 0.5005,-0.2358, 0.0146],[-16.282 ,-15.5722,-16.1659,-16.0818,-16.7583],[-0.8869, 0.4879,-0.2273, 0.0295],0.0568
2495,[-0.8764,-0.5041, 0.3131, 0.0156],[-11.4083,-11.1494,-11.5971,-11.8565,-11.9128],[-0.8842,-0.4974, 0.3064, 0.0305],0.0113
2500,[-9.0658e-01,-3.6517e-04, 7.1350e-04,-5.9356e-02],[9.5475e-01,4.2348e+03,2.6591e+00,5.5781e-01,1.0815e+00],[-0.9069,-0.0009, 0.0046,-0.0717],0.4264
2501,[-0.9052,-0.0363, 0.0728,-0.0704],[-5.2654e-01,-1.2322e+00, 1.6264e+03, 6.4752e-01, 1.7048e+00],[-0.9053,-0.0414, 0.0752,-0.0807],0.3951
2502,[-0.9064, 0.0383,-0.0693,-0.0522],[ 1.4732e+00, 2.6812e+03,-7.9312e-01,-1.9729e-02, 1.3911e+00],[-0.9065, 0.0426,-0.0708,-0.0636],0.4016
2503,[-0.8984,-0.0279, 0.185 ,-0.0668],[-11.1421,-12.9108,-10.9643,-11.3178,-10.4654],[-0.8964,-0.0475, 0.1985,-0.0742],0.2978
2504,[-0.8974, 0.0279,-0.1906,-0.0538],[-8.1124,-7.3254,-9.9278,-8.055 ,-8.2022],[-0.8952, 0.0481,-0.2042,-0.0608],0.2903
2510,[-0.905 , 0.0674,-0.0435,-0.0781],[ 7.4301e-02,-1.2604e+00, 1.8645e+03,-5.7960e-01, 1.4686e+00],[-0.9055, 0.0646,-0.0431,-0.0854],0.3994
2511,[-0.8963, 0.0851, 0.0778,-0.0533],[-17.2381,-18.3071,-17.2712,-16.6034,-17.0125],[-0.8964, 0.0638, 0.0939,-0.0558],0.3384
2512,[-0.9047, 0.0733,-0.0822,-0.067 ],[8.8894e-01,5.1039e+03,2.4338e-01,4.3621e-01,2.3803e+00],[-0.905 , 0.0743,-0.079 ,-0.0754],0.3764
2514,[-0.8969, 0.1337,-0.1934,-0.0531],[ 0.8764,51.2415,-1.0658, 0.7035, 0.3371],[-0.8959, 0.1404,-0.1939,-0.0548],0.256
2516,[-0.897 , 0.14  ,-0.2969,-0.0663],[-1.5148,-1.8134,-4.5736,-1.9435,-1.9356],[-0.8931, 0.1557,-0.3026,-0.0682],0.1896
2520,[-0.9027,-0.0695, 0.039 ,-0.0597],[5.8058e-01,2.4789e+00,5.1988e-01,1.7155e-01,3.5665e+02],[-0.9032,-0.0651, 0.0328,-0.0738],0.3927
2521,[-0.9039,-0.0734, 0.0865,-0.0698],[1.8988e+00,4.3612e-01,3.2866e+00,5.5736e-01,2.3988e+03],[-0.9042,-0.0751, 0.0853,-0.0831],0.3695
2522,[-0.8975,-0.084 ,-0.0773,-0.0631],[-31.7458,-30.9459,-32.6077,-31.8956,-31.2879],[-0.8977,-0.0626,-0.0927,-0.075 ],0.3446
2523,[-0.9021,-0.139 , 0.1903,-0.0593],[-34.137 ,-37.1465,-33.3462,-34.7853,-34.4454],[-0.9013,-0.1452, 0.1922,-0.0617],0.2754
2524,[-0.9092,-0.0622,-0.1934,-0.0753],[-0.5268,-1.1858,-3.7469,-1.9335,-1.0989],[-0.9069,-0.0261,-0.2206,-0.0896],0.3395
2530,[-0.8933, 0.1963,-0.0312,-0.0481],[-17.9465,-19.1888,-16.9375,-18.1265,-17.8798],[-0.8958, 0.1762,-0.0147,-0.0589],0.3169
2531,[-0.8976, 0.191 , 0.0574,-0.0057],[-3.8859,-4.912 ,-2.8214,-3.6148,-4.2288],[-0.8995, 0.1602, 0.074 ,-0.0182],0.3146
2532,[-0.8891, 0.21  ,-0.1094,-0.0369],[ 5.892 ,-2.0471,-2.4366,-2.0018, 5.0583],[-0.8914, 0.1986,-0.0955,-0.0451],0.2573
2534,[-0.8905, 0.2084,-0.2172,-0.0319],[8.0712e-01,3.0258e+02,3.3200e-01,9.8105e-01,1.8261e-01],[-0.8905, 0.2087,-0.2102,-0.0319],0.199
2536,[-0.8872, 0.218 ,-0.2972,-0.0426],[ 4.1451e-01, 1.0761e+02,-5.0063e-01,-1.5767e-01, 4.1912e-02],[-0.8852, 0.2244,-0.2946,-0.0441],0.1372
2540,[-0.8898,-0.2008, 0.0266,-0.0473],[-22.404 ,-20.9699,-23.6683,-22.0823,-22.1677],[-0.8924,-0.1804, 0.0104,-0.0559],0.302
2541,[-0.8927,-0.207 , 0.1191,-0.0476],[ 1.8912, 0.8911, 0.5182, 1.344 ,31.1803],[-0.8948,-0.1968, 0.1053,-0.0586],0.2671
2542,[-0.9083,-0.2018,-0.0795,-0.0229],[-4.0558,-1.8632,-4.2655,-3.5205,-2.6136],[-0.9101,-0.1614,-0.1134,-0.0374],0.3392
2543,[-0.8976,-0.205 , 0.2092,-0.0497],[ 1.3119e-01,-2.4695e-02, 6.2345e+02, 1.1836e+00, 1.0457e+00],[-0.8979,-0.2051, 0.2027,-0.0468],0.2302
2545,[-0.893 ,-0.2299, 0.3024,-0.0251],[  1.3804, -0.7741,120.6607,  0.4347,  1.0436],[-0.891 ,-0.236 , 0.3021,-0.0171],0.1474
2550,[-0.9025, 0.3042,-0.0523,-0.0567],[-3.4517,-4.8178,-3.9236,-2.9543,-3.7522],[-0.9081, 0.2737,-0.0274,-0.0705],0.3186
2552,[-0.8833, 0.309 ,-0.1297,-0.026 ],[-6.2436,-7.4799,-4.5364,-5.9604,-6.5238],[-0.8881, 0.2921,-0.1143,-0.027 ],0.196
2554,[-0.8858, 0.3331,-0.2164,-0.0161],[ 0.7922, 1.3204, 1.0307,38.8792, 1.5998],[-0.8896, 0.3234,-0.2053,-0.0106],0.1473
2556,[-0.8894, 0.3415,-0.3183,-0.0279],[ 0.2754,49.2009,-0.3774, 0.7867, 0.6184],[-0.8905, 0.34  ,-0.3133,-0.0289],0.095
2558,[-0.9003, 0.3855,-0.4287, 0.    ],[ 1.3455, 1.1649,-1.1042,19.8475, 2.5212],[-0.8985, 0.387 ,-0.4302, 0.0156],0.043
2560,[-0.8892,-0.2907, 0.0383,-0.0295],[-2.6988,-0.6455,-4.1989,-2.6521,-3.1781],[-0.8942,-0.2634, 0.0171,-0.0288],0.273
2561,[-0.8861,-0.31  , 0.125 ,-0.0263],[-4.3198,-2.8348,-6.4683,-4.7481,-5.4793],[-0.891 ,-0.2921, 0.1086,-0.0275],0.2086
2563,[-0.8874,-0.3222, 0.215 ,-0.0209],[10.3429, 0.424 , 1.5041, 3.0359, 0.8249],[-0.891 ,-0.3132, 0.2043,-0.0227],0.1568
2565,[-0.8913,-0.3319, 0.3261,-0.0067],[ 1.4883,-0.1646,59.4145, 0.9801, 1.4723],[-0.8917,-0.3313, 0.3217,-0.0067],0.0988
2567,[-0.9089,-0.3867, 0.4667, 0.    ],[ 1.5288,-0.4727,42.2428, 0.7418, 0.1521],[-0.9055,-0.3891, 0.4691, 0.0156],0.0429
2572,[-0.8746, 0.405 ,-0.1395,-0.0185],[-2.6191,-4.1957,-2.3978,-2.5825,-3.8699],[-0.8829, 0.3855,-0.1253,-0.0184],0.1326
2574,[-0.8819, 0.4144,-0.2352,-0.0105],[-2.5334,-3.9049,-1.7145,-1.8249,-3.5751],[-0.8884, 0.4028,-0.2241,-0.005 ],0.1001
2576,[-0.8823, 0.4226,-0.3287,-0.007 ],[ 1.3756, 4.1096,-0.4092, 4.6319,-0.7106],[-0.8861, 0.418 ,-0.323 ,-0.0011],0.0443
2578,[-0.8955, 0.4137,-0.4094, 0.    ],[-2.0739e-03, 1.6047e+01,-6.1684e-01, 1.1253e+00,-2.7082e-01],[-0.8957, 0.4133,-0.4084, 0.0031],0.0338
2581,[-0.8796,-0.4171, 0.147 ,-0.0041],[-0.4901,-1.0493,-2.784 ,-0.1125,-1.3588],[-0.8881,-0.3966, 0.1281, 0.0012],0.1439
2583,[-0.8855,-0.4258, 0.2245,-0.0135],[-1.5837,-0.3652,-1.2304, 0.1283,-1.8511],[-0.8928,-0.4124, 0.2121,-0.0097],0.115
2585,[-0.8827,-0.432 , 0.3152,-0.0163],[ 0.8088,-0.6617, 1.1717, 8.524 ,-0.3921],[-0.8874,-0.4265, 0.3087,-0.011 ],0.0505
2587,[-0.875 ,-0.4072, 0.4316, 0.    ],[ 2.0755,-0.9018,13.2206, 1.8222,-0.976 ],[-0.8741,-0.4078, 0.4294, 0.002 ],-0.0275
2594,[-0.8667, 0.5114,-0.2435,-0.001 ],[-17.4715,-17.8488,-17.4722,-17.8145,-18.3274],[-0.877 , 0.5005,-0.2358, 0.0146],0.021
2595,[-0.8685,-0.5098, 0.3189, 0.    ],[-8.8052,-9.5858,-8.6796,-8.6064,-8.7292],[-0.8764,-0.5041, 0.3131, 0.0156],-0.0137
2600,[-0.9052,-0.0052, 0.0066,-0.1715],[2.0119e+00,1.2636e+00,1.3806e+00,2.2458e+00,2.3817e+03],[-0.906 ,-0.006 , 0.0106,-0.1848],0.4242
2601,[-0.9057,-0.039 , 0.0791,-0.1594],[-167.2966,-168.7442,-166.2183,-167.5645,-167.5333],[-0.9062,-0.045 , 0.0819,-0.1676],0.3939
2602,[-0.9053, 0.038 ,-0.0732,-0.1598],[-110.6157,-109.6105,-112.0655,-110.3483,-110.9247],[-0.9058, 0.0431,-0.0752,-0.1649],0.3961
2603,[-0.8982,-0.0383, 0.179 ,-0.1797],[ -9.0268,-10.0757, -8.5456, -8.4111, -8.3427],[-0.8969,-0.0567, 0.1889,-0.1905],0.2999
2604,[-0.9011, 0.0481,-0.1741,-0.1763],[-10.8546,-10.247 ,-11.9134,-11.2516,-10.6336],[-0.9   , 0.0649,-0.1836,-0.1825],0.3106
2610,[-0.905 , 0.0684,-0.0436,-0.1637],[ 1.0617e+00,-1.2426e-01, 2.3453e+03, 2.5248e-01, 6.1557e-01],[-0.906 , 0.0657,-0.0437,-0.1699],0.401
2611,[-0.89  , 0.0839, 0.0735,-0.1792],[-15.8418,-17.1883,-15.5442,-16.049 ,-16.3188],[-0.8908, 0.0641, 0.0859,-0.1878],0.3184
2612,[-0.9066, 0.0743,-0.0778,-0.1562],[1.5982e+00,1.9722e+03,7.6328e-01,1.8365e+00,1.0586e-01],[-0.9073, 0.0748,-0.0742,-0.1626],0.3887
2614,[-0.8977, 0.127 ,-0.2019,-0.1612],[ -8.626 , -8.3753,-11.7986, -8.6375, -9.9298],[-0.8968, 0.1362,-0.2033,-0.1595],0.2571
2616,[-0.8893, 0.1226,-0.2996,-0.174 ],[-3.132 ,-2.846 ,-4.644 ,-3.174 ,-3.8995],[-0.8854, 0.1404,-0.305 ,-0.1846],0.1698
2620,[-0.9032,-0.0698, 0.0417,-0.1855],[8.2254e-01,2.5463e+03,3.5743e-01,2.0589e+00,5.2345e-01],[-0.9043,-0.0666, 0.0407,-0.1931],0.3943
2621,[-0.9054,-0.0812, 0.0958,-0.181 ],[1.2187e+00,5.9477e-01,7.5919e+03,2.9743e+00,1.2436e+00],[-0.9061,-0.0836, 0.0948,-0.1892],0.369
2622,[-0.8944,-0.0734,-0.0696,-0.1624],[-22.6141,-22.2739,-24.0194,-23.0502,-23.1399],[-0.8951,-0.0547,-0.0814,-0.1701],0.3427
2623,[-0.9045,-0.1397, 0.1855,-0.1872],[ 5.0388e-01,-8.7277e-01, 4.8899e+02, 4.3208e-01,-6.7266e-01],[-0.9043,-0.1466, 0.1884,-0.1935],0.2877
2630,[-0.8886, 0.1996,-0.0263,-0.1774],[-19.9373,-20.5617,-19.2112,-20.139 ,-20.1379],[-0.8918, 0.1798,-0.0109,-0.1839],0.2977
2631,[-0.8985, 0.1809, 0.0614,-0.1677],[-2.1021,-3.143 ,-2.013 ,-2.4223,-1.9651],[-0.9008, 0.1491, 0.0842,-0.175 ],0.3206
2632,[-0.8875, 0.1981,-0.1159,-0.1805],[-17.1189,-17.5849,-18.56  ,-17.2191,-17.6408],[-0.89  , 0.1893,-0.1025,-0.1837],0.2532
2634,[-0.8928, 0.2018,-0.2152,-0.1751],[1.5877e+00,1.2764e+02,6.3945e-01,1.5615e+00,1.2021e-01],[-0.8933, 0.2037,-0.2083,-0.1786],0.2116
2636,[-0.8906, 0.2288,-0.3041,-0.186 ],[ 0.7826,42.5919,-0.9288, 0.1078,-0.3645],[-0.8891, 0.2365,-0.3015,-0.1924],0.1411
2640,[-0.8855,-0.193 , 0.0318,-0.1734],[-17.6437,-17.101 ,-18.244 ,-17.181 ,-17.6388],[-0.8885,-0.1751, 0.0177,-0.1823],0.2884
2641,[-0.8888,-0.1955, 0.1071,-0.1645],[12.7356,-3.9458,-2.6129,-1.8447,-1.3195],[-0.8912,-0.1862, 0.0974,-0.1695],0.2614
2643,[-0.9035,-0.1907, 0.2118,-0.1806],[ 2.6871e+00,-1.0961e-01, 6.4945e+00, 4.8331e+02, 1.5454e+00],[-0.9037,-0.1939, 0.2087,-0.1691],0.2533
2650,[-0.8837, 0.2931,-0.0403,-0.1474],[-2.3036,-3.0614,-1.0574,-2.0959,-2.1544],[-0.8894, 0.2665,-0.0134,-0.16  ],0.2548
2652,[-0.8728, 0.2994,-0.1033,-0.1697],[-7.5615,-8.943 ,-7.0542,-7.399 ,-8.1852],[-0.8782, 0.2825,-0.0897,-0.1715],0.1755
2654,[-0.9019, 0.3473,-0.2655,-0.1301],[1.2575,1.5543,0.1817,6.2121,0.2015],[-0.9054, 0.3412,-0.2523,-0.1266],0.1684
2656,[-0.8867, 0.3477,-0.3461,-0.1301],[ 1.1832e+00, 2.8400e+01,-6.0036e-01, 6.7762e+00, 2.6652e-02],[-0.8873, 0.3486,-0.3398,-0.1266],0.0697
2661,[-0.8819,-0.2964, 0.1227,-0.1365],[-3.7329,-2.804 ,-4.8463,-3.2876,-3.8856],[-0.8868,-0.2814, 0.1148,-0.143 ],0.1955
2663,[-0.8893,-0.3766, 0.1734,-0.1408],[ 0.1292,-0.4575, 1.4301, 0.9115,-0.7337],[-0.8962,-0.3603, 0.1592,-0.1245],0.172
2665,[-0.8844,-0.3171, 0.2896,-0.1301],[ 1.3651,-0.8373, 4.502 ,16.4878,-0.5181],[-0.8859,-0.3159, 0.2815,-0.1266],0.1071
2700,[-0.8994,-0.0024, 0.0021,-0.2707],[1.6961e+00,1.7424e+00,1.4016e+00,1.3076e+03,8.7027e-01],[-0.9006,-0.0026, 0.0033,-0.2655],0.4041
2701,[-0.9033,-0.0337, 0.0784,-0.2742],[-30.7598,-32.8186,-29.7911,-30.3521,-31.329 ],[-0.9042,-0.0406, 0.0813,-0.2771],0.3875
2702,[-0.8979, 0.0273,-0.0739,-0.2752],[-153.4832,-152.5786,-154.5079,-152.6296,-153.8717],[-0.8988, 0.034 ,-0.0768,-0.2728],0.369
2703,[-0.8992,-0.0416, 0.1931,-0.2529],[-4.7915,-6.0552,-5.3015,-5.3587,-5.5471],[-0.8979,-0.0607, 0.1979,-0.236 ],0.297
2710,[-0.8909, 0.076 ,-0.0306,-0.3027],[ 9.8560e-01,-5.9420e-01, 5.0862e+02, 1.3840e+00,-4.3284e-01],[-0.8926, 0.0712,-0.0295,-0.3052],0.3457
2711,[-0.8954, 0.0764, 0.0768,-0.292 ],[ -9.8102,-10.9007, -9.5113,-10.0844, -9.9766],[-0.8966, 0.0562, 0.0859,-0.3063],0.346
2712,[-0.8952, 0.0783,-0.0793,-0.2934],[ -2.5424,456.8028, -4.6266, -0.496 , -3.9641],[-0.8965, 0.0791,-0.0762,-0.2919],0.3403
2714,[-0.8923, 0.1198,-0.2039,-0.2934],[-2.3319e-02, 4.3889e+01,-1.3048e+00, 1.7406e-01,-7.9010e-01],[-0.8917, 0.1308,-0.2083,-0.2916],0.2383
2720,[-0.899 ,-0.0715, 0.0393,-0.2759],[ 1.4425e+00, 4.3958e+02, 6.3559e-01, 6.4292e+00,-2.0047e-01],[-0.9005,-0.0682, 0.0393,-0.2806],0.3777
2721,[-0.9045,-0.0828, 0.0895,-0.2676],[1.0370e+00,4.7501e-01,5.7532e+00,7.4060e+02,2.6920e-01],[-0.9055,-0.0845, 0.0885,-0.2622],0.3693
2722,[-0.9025,-0.059 ,-0.0697,-0.2607],[-10.1411, -9.9403,-11.6352,-10.6572,-10.7747],[-0.9036,-0.0414,-0.0765,-0.271 ],0.3863
2723,[-0.9061,-0.1419, 0.1842,-0.2709],[-0.7806,-1.754 ,33.8884, 5.9096,-0.6617],[-0.9064,-0.149 , 0.187 ,-0.2737],0.2947
2730,[-0.8885, 0.179 ,-0.0093,-0.2707],[-8.0072,-8.4898,-7.5761,-7.9741,-8.6487],[-0.8917, 0.1604,-0.0043,-0.2872],0.3146
2732,[-0.8849, 0.2089,-0.1132,-0.2717],[ 0.5022,-1.1015,-2.4047, 2.4718,-1.2571],[-0.888 , 0.1996,-0.1024,-0.2662],0.2407
2734,[-0.8809, 0.2128,-0.2014,-0.2914],[  0.4919,112.0091, -0.1457,  3.9346,  2.0822],[-0.8826, 0.2124,-0.1878,-0.2836],0.1786
2736,[-0.8858, 0.2653,-0.2876,-0.2584],[ 0.1909, 0.5519,-1.486 ,36.0332, 0.142 ],[-0.8862, 0.2683,-0.2762,-0.2543],0.1289
2740,[-0.8882,-0.175 , 0.0491,-0.3036],[-6.1335,-5.8376,-7.8158,-5.8335,-6.3771],[-0.8913,-0.1608, 0.0362,-0.3079],0.2992
2741,[-0.8821,-0.1914, 0.1151,-0.2809],[13.9855,-0.572 ,-0.0819, 6.0691,-0.4482],[-0.8847,-0.1846, 0.1083,-0.2778],0.2328
2743,[-0.906 ,-0.1797, 0.211 ,-0.2732],[ 1.5395,-0.9237, 4.9182,83.9616, 1.3521],[-0.9063,-0.1853, 0.2118,-0.2636],0.2654
2800,[-0.8816, 0.021 ,-0.0105,-0.4096],[ 2.5107, 1.0844, 2.189 ,58.4541, 0.1243],[-0.8834, 0.0198,-0.009 ,-0.3967],0.3268
2801,[-0.8782,-0.0387, 0.062 ,-0.4172],[-1.0793,-2.9846,18.8619, 2.04  ,-2.696 ],[-0.8799,-0.0419, 0.0618,-0.4036],0.2938
2802,[-0.8716, 0.046 ,-0.0783,-0.4383],[ -0.6698,354.812 , -1.2292,  1.6777, -0.5007],[-0.8732, 0.0503,-0.0802,-0.4331],0.2566
2810,[-0.8874, 0.0753,-0.0388,-0.3976],[1.1832e-02,2.0674e-01,1.8407e+00,1.5410e+02,1.4143e-01],[-0.8893, 0.0718,-0.0369,-0.3911],0.3301
2812,[-0.8822, 0.0807,-0.0744,-0.4158],[1.1102e+03,4.4672e+00,6.0007e-01,5.8140e+00,6.0063e-02],[-0.8841, 0.0805,-0.0699,-0.4146],0.2911
2820,[-0.8804,-0.0724, 0.0219,-0.4111],[ 1.7867,22.4955, 0.1939,23.8388,-0.1914],[-0.8825,-0.067 , 0.0185,-0.4035],0.3066
2821,[-0.8796,-0.0708, 0.0708,-0.4147],[  3.1151,  0.9818,428.4937,  2.9404, -0.4338],[-0.8815,-0.0715, 0.0674,-0.4162],0.2858
2841,[-0.8695,-0.1727, 0.1501,-0.3846],[ 2.0992,-0.0845,-0.0508, 7.5422,-0.7984],[-0.8715,-0.1724, 0.1492,-0.3787],0.1734
2900,[-0.8753, 0.0251,-0.0172,-0.5253],[8.2017e-01,1.7748e+00,1.4806e+00,2.5177e+03,1.9835e-01],[-0.8776, 0.0239,-0.0109,-0.5142],0.2954
2902,[-0.8697, 0.0359,-0.0628,-0.5263],[-2.2349e-02, 1.9379e+03,-5.6477e-01,-4.4785e-02,-1.4071e-02],[-0.8719, 0.0387,-0.056 ,-0.5368],0.266
2910,[-0.8844, 0.0625,-0.046 ,-0.5079],[-88.5303,-86.0688,-81.9236,-87.9089,-90.0086],[-0.8867, 0.0605,-0.0377,-0.4898],0.3232
2912,[-0.8695, 0.1101,-0.1348,-0.519 ],[ 1.5099e-01, 2.9244e+00, 2.7479e-01, 9.1739e+02,-4.6227e-01],[-0.8713, 0.114 ,-0.1314,-0.5092],0.2031
3200,[-0.866 , 0.0181,-0.0366, 0.2677],[-13.8406,-13.868 ,-14.0564,-15.5288,-13.1225],[-0.8649, 0.0195,-0.0363, 0.2534],0.2545
3300,[-0.8607, 0.0206,-0.0218, 0.1907],[ -9.3652, -9.1976, -9.2718,-11.2855, -8.8021],[-0.8599, 0.0205,-0.0204, 0.1769],0.2417
3334,[-0.8596, 0.2077,-0.2524, 0.1291],[-1.6566,-0.1978,-3.5285,-2.9745,-1.2968],[-0.8583, 0.2093,-0.2418, 0.1141],0.0816
3343,[-0.8466,-0.252 , 0.2675, 0.1443],[-2.0193,-3.8745,-0.7433,-3.1274,-1.2458],[-0.8459,-0.2515, 0.2574, 0.1375],0.0264
3345,[-0.8493,-0.2512, 0.2874, 0.1301],[-0.1323,-1.4565,14.1427, 0.4722, 0.5923],[-0.848 ,-0.252 , 0.2805, 0.1392],0.0234
3354,[-0.847 , 0.3705,-0.2468, 0.1456],[ 0.867 , 2.1865,-0.044 , 0.1071, 7.6191],[-0.851 , 0.3632,-0.2394, 0.1307],0.0071
3363,[-0.8623,-0.3203, 0.2447, 0.1299],[18.3972, 0.3345, 6.4367, 0.1166, 2.5083],[-0.8647,-0.3141, 0.2321, 0.1149],0.0637
3374,[-0.8476, 0.4094,-0.2481, 0.1316],[ 1.8338,-0.3544, 1.942 ,-0.0338, 2.1613],[-0.8531, 0.4004,-0.2375, 0.1369],0.0008
3383,[-0.8547,-0.4471, 0.2181, 0.1587],[ 0.4783,32.3909, 0.2875, 0.4443, 4.023 ],[-0.8624,-0.4353, 0.2113, 0.165 ],0.0196
3393,[-0.8304,-0.5005, 0.2332, 0.1491],[-2.948 ,-2.5715,-2.7481,-1.7314,-3.3622],[-0.84  ,-0.4906, 0.2259, 0.1639],-0.0601
3400,[-0.8543,-0.0071,-0.0037, 0.0319],[-2.7036,-1.7905,-1.5779,-4.8163,-1.1447],[-0.8542,-0.0058,-0.0075, 0.0253],0.2181
3401,[-0.8625,-0.0277, 0.1174, 0.02  ],[-4.4946,-6.0801,-4.16  ,-6.5185,-4.7327],[-0.8616,-0.0358, 0.1199, 0.0142],0.2037
3402,[-0.8626, 0.0189,-0.0912, 0.0594],[-5.3013,-4.1471,-6.6172,-5.9848,-4.6569],[-0.8619, 0.0256,-0.0948, 0.049 ],0.2169
3410,[-0.86  , 0.0748,-0.0314, 0.0249],[-5.2134,-6.2341,-4.3406,-6.5243,-4.9065],[-0.8602, 0.0705,-0.0271, 0.0246],0.2215
3412,[-0.8515, 0.1285,-0.1172, 0.0238],[-0.1415, 1.9489,-2.705 ,-2.3522, 2.4872],[-0.8518, 0.1272,-0.1114, 0.0151],0.1411
3420,[-0.8573,-0.1303, 0.0239, 0.0176],[-7.6359,-7.0131,-8.4555,-8.7587,-7.0251],[-0.8584,-0.1202, 0.0126, 0.0021],0.201
3421,[-0.857 ,-0.1202, 0.1286, 0.0391],[ 0.1658,-2.827 , 0.8093,-2.8742, 2.0343],[-0.8568,-0.1204, 0.1238, 0.0326],0.1551
3423,[-0.8611,-0.1469, 0.1687, 0.0127],[-6.0998,-9.2181,-6.0894,-8.5348,-6.336 ],[-0.8607,-0.1487, 0.1691,-0.0021],0.1393
3432,[-0.8524, 0.2311,-0.1103, 0.0246],[-0.0821,-1.2743,-1.3067,-1.8262, 0.6817],[-0.855 , 0.2212,-0.0999, 0.016 ],0.1207
3434,[-0.8559, 0.2137,-0.2317, 0.0552],[ 0.7994, 3.6276,-0.5693,-0.1409,24.9978],[-0.8555, 0.214 ,-0.2223, 0.047 ],0.0792
3436,[-0.8626, 0.2128,-0.296 , 0.0994],[ 1.7537,27.9253,-1.1082,-0.3551, 1.29  ],[-0.8602, 0.2167,-0.284 , 0.1096],0.0685
3440,[-0.8448,-0.203 , 0.0366, 0.0703],[-3.9462,-2.3072,-5.7138,-4.6234,-2.3478],[-0.8471,-0.1895, 0.0282, 0.0553],0.133
3441,[-0.8433,-0.2138, 0.1305, 0.034 ],[-0.229 ,-2.1053,-3.0998,-2.7915, 0.0165],[-0.845 ,-0.2075, 0.1252, 0.0258],0.0863
3443,[-0.8529,-0.2212, 0.2125, 0.0418],[ 2.0959,-2.3269, 3.4816,-1.1341, 2.8837],[-0.8532,-0.2202, 0.2061, 0.035 ],0.0772
3445,[-0.8578,-0.2412, 0.3004, 0.0816],[-0.1771,-0.9232,30.8907,-0.1816,-0.1303],[-0.8557,-0.244 , 0.2991, 0.0931],0.0402
3452,[-0.858 , 0.3399,-0.1293, 0.0306],[-0.5386,-1.5379, 7.0053,-0.4349, 0.9098],[-0.8637, 0.3245,-0.1167, 0.0332],0.102
3454,[-0.8504, 0.3553,-0.2159, 0.0338],[ 0.6595, 3.1473, 0.1475, 1.0892,20.3431],[-0.8549, 0.3468,-0.2079, 0.0285],0.0347
3456,[-0.8564, 0.3588,-0.2897, 0.0329],[ 0.2142,17.5727,-0.6541,-0.289 , 0.3142],[-0.8589, 0.3547,-0.2841, 0.0468],0.0132
3461,[-0.8573,-0.3568, 0.1278, 0.0302],[-0.1365,24.017 ,-0.9678,-0.3396,-0.3123],[-0.8636,-0.3405, 0.1148, 0.0306],0.0963
3463,[-0.8513,-0.3521, 0.2246, 0.0422],[ 1.5694, 1.05  , 0.7848, 1.0677,37.4161],[-0.8554,-0.3442, 0.2159, 0.0373],0.034
3465,[-0.8528,-0.3455, 0.3193, 0.0544],[ 1.3341,-1.0241,40.2888, 0.3559, 1.5283],[-0.8538,-0.3434, 0.3124, 0.0629],-0.0063
3472,[-0.8508, 0.4268,-0.1423, 0.0326],[-1.5832,-3.0147,-1.0492,-0.6228,-0.5059],[-0.8597, 0.4099,-0.1294, 0.0352],0.0531
3474,[-0.8492, 0.4284,-0.2244, 0.0411],[ 0.7947, 0.3128,23.3549, 1.3333, 0.3864],[-0.8563, 0.4181,-0.2161, 0.0507],0.0088
3476,[-0.8436, 0.4465,-0.3012, 0.0468],[2.1542,5.844 ,0.1146,1.3333,0.4626],[-0.8493, 0.4408,-0.2941, 0.0579],-0.0449
3481,[-0.8493,-0.419 , 0.1477, 0.0452],[-0.6767, 0.0216,-2.5297,-0.12  , 2.7421],[-0.8578,-0.4028, 0.1357, 0.0484],0.0483
3483,[-0.8495,-0.4338, 0.2284, 0.0404],[ 1.708 ,27.5961, 0.966 , 1.1808, 0.7283],[-0.8568,-0.4236, 0.2201, 0.053 ],0.0065
3485,[-0.8549,-0.4629, 0.3221, 0.0365],[ 1.3558,-0.158 ,10.6544, 0.0631, 1.41  ],[-0.8605,-0.4578, 0.3153, 0.0467],-0.0336
3487,[-0.8525,-0.4778, 0.4067, 0.0598],[ 0.7071,-1.2917,10.5494, 5.9969, 0.6453],[-0.8555,-0.4758, 0.4029, 0.0745],-0.0845
3492,[-0.8383, 0.5015,-0.1656, 0.0436],[-12.0082,-11.7182,-11.758 ,-11.2265,-11.4275],[-0.85  , 0.4872,-0.159 , 0.0282],-0.0122
3493,[-0.8357,-0.5102, 0.2354, 0.0425],[-12.9781,-10.9592,-13.2383,-12.8111,-13.3171],[-0.8461,-0.5005, 0.2275, 0.0512],-0.0494
3494,[-0.8304, 0.5088,-0.2186, 0.0601],[-17.724 ,-17.6762,-17.914 ,-17.0097,-17.2557],[-0.841 , 0.4984,-0.2117, 0.0597],-0.0555
3496,[-0.8547, 0.5015,-0.2837, 0.0156],[-14.331 ,-13.8184,-13.1638,-14.5342,-14.4651],[-8.6349e-01, 4.9431e-01,-2.7647e-01, 7.8125e-05],-0.0263
3500,[-8.5329e-01,-1.9760e-04, 1.0835e-04,-5.2816e-02],[-14.9497,-14.9278,-15.12  ,-16.8416,-14.3721],[-8.5357e-01,-2.5369e-04, 2.4020e-04,-6.5262e-02],0.2184
3501,[-0.8597,-0.0243, 0.0923,-0.0338],[ -9.4682,-11.1293, -9.2422,-11.1283, -9.5055],[-0.8593,-0.0307, 0.0961,-0.0426],0.2055
3502,[-0.856 , 0.0178,-0.0872,-0.0667],[-10.1386, -9.7198,-12.0414,-11.3832, -9.895 ],[-0.8559, 0.0244,-0.0912,-0.0792],0.1979
3504,[-0.8658, 0.0534,-0.1896,-0.0729],[-1.8957,-1.5326,-4.8893,-2.6586,-0.7001],[-0.8639, 0.0661,-0.1973,-0.0704],0.1706
3510,[-0.856 , 0.1087,-0.0141,-0.065 ],[-14.2027,-14.6523,-12.7494,-15.0087,-13.599 ],[-0.8571, 0.0998,-0.0067,-0.0766],0.1997
3511,[-0.864 , 0.0732, 0.0762, 0.    ],[-2.5328,-4.6739,-0.4689,-3.4047,-1.9654],[-0.8639, 0.0582, 0.0904, 0.    ],0.2149
3512,[-0.8554, 0.1162,-0.108 ,-0.0531],[ -9.3008, -8.3736,-10.7021,-10.4034, -8.3529],[-0.8558, 0.1154,-0.1035,-0.0658],0.1612
3514,[-0.8579, 0.1227,-0.1995,-0.0563],[-0.1301,16.0671,-0.6175,-0.2833,-0.5284],[-0.8566, 0.129 ,-0.1998,-0.0651],0.1228
3520,[-0.8525,-0.1035, 0.0163,-0.0609],[-18.9143,-17.9593,-20.3395,-20.5394,-19.2316],[-0.8535,-0.0956, 0.01  ,-0.072 ],0.19
3521,[-0.8556,-0.1152, 0.1152,-0.056 ],[-5.4851,-8.3889,-6.2063,-8.1149,-5.9764],[-0.8559,-0.115 , 0.1104,-0.0672],0.1592
3522,[-0.8608,-0.0909,-0.056 ,-0.1179],[-5.6494,-4.5024,-7.0548,-6.1275,-5.0066],[-0.8617,-0.0769,-0.062 ,-0.1341],0.2108
3523,[-0.8557,-0.1435, 0.1989,-0.0358],[ 0.0546,-0.6342,23.0218,-0.7917, 1.4393],[-0.8546,-0.1478, 0.1985,-0.0447],0.1098
3530,[-0.8571, 0.2017,-0.033 ,-0.0627],[-3.8238,-5.2655,-2.4952,-4.0892,-2.7876],[-0.8599, 0.1867,-0.0212,-0.0761],0.1776
3532,[-0.851 , 0.2188,-0.1172,-0.0453],[ 0.7643, 0.7299, 1.7468, 0.3806,31.6661],[-0.8535, 0.2107,-0.1081,-0.0576],0.1174
3534,[-0.8548, 0.2279,-0.2059,-0.0373],[ 0.2211,37.1957, 0.308 , 0.7425, 0.9043],[-0.8557, 0.2261,-0.1979,-0.0417],0.0848
3536,[-0.8619, 0.2363,-0.2924,-0.0327],[ 1.319 ,41.0679,-1.6572, 0.7668, 2.7701],[-0.8605, 0.2398,-0.2861,-0.0382],0.0598
3540,[-0.8577,-0.2111, 0.0338,-0.0531],[-10.4202, -9.1303,-11.8744,-10.3912, -9.5725],[-0.8607,-0.1954, 0.0214,-0.0643],0.1772
3541,[-0.8506,-0.2229, 0.1171,-0.0436],[ 1.3059, 2.9258, 0.3122,-0.0486, 9.1857],[-0.8531,-0.2146, 0.1096,-0.0562],0.1145
3543,[-0.8503,-0.2195, 0.2085,-0.0367],[ 0.9266,-0.905 ,47.422 , 0.5793, 4.0797],[-0.8509,-0.2186, 0.2027,-0.0455],0.0721
3545,[-0.8642,-0.2408, 0.2872, 0.    ],[34.6217,-1.1852, 3.8485, 0.3234, 0.1632],[-0.863 ,-0.2434, 0.2815, 0.    ],0.0671
3550,[-0.8608, 0.2898,-0.0538, 0.    ],[-3.0312,-4.8026,-2.7642,-2.449 ,-2.5365],[-0.8657, 0.2698,-0.0385, 0.    ],0.1593
3552,[-0.8482, 0.3183,-0.1319,-0.0321],[-0.8105,-2.7684, 7.4386,-1.2744,-0.598 ],[-0.8534, 0.3053,-0.1204,-0.038 ],0.0779
3554,[-0.8482, 0.3379,-0.2143,-0.0214],[ 1.0891,22.2041, 1.1413, 2.0883, 4.6047],[-0.8524, 0.3304,-0.2049,-0.0273],0.0351
3556,[-0.8481, 0.3559,-0.3039, 0.    ],[ 0.2825,28.7805,-0.5823, 0.4411, 0.3183],[-0.8502, 0.3534,-0.2986, 0.0009],-0.0134
3561,[-0.8477,-0.3186, 0.1273,-0.0296],[-1.2256,28.3389,-1.4126,-0.2095,-0.1978],[-0.8529,-0.3053, 0.1159,-0.0347],0.0784
3563,[-0.8467,-0.3326, 0.2149,-0.0243],[ 1.4503, 0.6762,25.1211, 2.0006, 3.5461],[-0.8507,-0.3254, 0.2054,-0.0297],0.0323
3565,[-0.8436,-0.3492, 0.3139,-0.0165],[-0.0488,-0.9403,19.0269, 1.8187, 1.0107],[-0.845 ,-0.3476, 0.3095,-0.0197],-0.0273
3572,[-0.8419, 0.4217,-0.1391,-0.0377],[-2.3848,-3.3571,-2.0249,-2.022 ,-2.8889],[-0.851 , 0.4059,-0.1275,-0.0356],0.0319
3574,[-0.842 , 0.4318,-0.2287,-0.0169],[ 0.9428, 0.4034, 3.6075,33.7106, 0.6726],[-0.8494, 0.4225,-0.2202,-0.0111],-0.0112
3576,[-0.8451, 0.4253,-0.3127,-0.0122],[ 1.1114,23.3777,-0.2835, 2.5324, 0.558 ],[-0.8496, 0.4212,-0.3067,-0.0126],-0.0415
3581,[-0.8417,-0.4148, 0.1482,-0.0091],[-1.3942, 1.7473,-2.5981,-1.2723,-1.8705],[-0.8503,-0.3998, 0.1363,-0.0083],0.0288
3583,[-0.8435,-0.4359, 0.2334,-0.0126],[ 0.7546, 5.1565, 0.7209,17.2477, 0.3186],[-0.8509,-0.4268, 0.2249,-0.0094],-0.0108
3585,[-0.8491,-0.4486, 0.3127,-0.0085],[ 2.8675, 0.0224,16.1257, 2.6867, 0.0876],[-0.8546,-0.444 , 0.3074,-0.0097],-0.0394
3587,[-0.8407,-0.4838, 0.4151, 0.    ],[ 0.5849,-1.2919,20.2358, 2.5826, 0.2157],[-0.8437,-0.4827, 0.414 , 0.0156],-0.115
3594,[-0.8397, 0.5321,-0.26  ,-0.0308],[-22.0907,-21.8564,-21.7186,-22.8821,-22.5162],[-0.8506, 0.5244,-0.2535,-0.0232],-0.0573
3596,[-0.8375, 0.5069,-0.3262,-0.0122],[ -8.902 , -9.9075,-10.0846, -8.9167,-10.678 ],[-0.845 , 0.5027,-0.3217,-0.0088],-0.0863
3600,[-0.8555,-0.0077,-0.0054,-0.1902],[-23.4345,-24.3975,-24.186 ,-24.9258,-23.757 ],[-0.8564,-0.0063,-0.0071,-0.2039],0.2269
3601,[-0.8523,-0.0287, 0.0774,-0.1701],[-10.7359,-11.3572, -9.6689,-10.8813, -9.1718],[-0.8528,-0.0332, 0.077 ,-0.1842],0.1903
3602,[-0.8532, 0.0124,-0.0858,-0.1765],[-23.28  ,-21.5943,-23.8899,-23.4066,-22.289 ],[-0.8536, 0.0193,-0.0873,-0.1863],0.1916
3610,[-0.8554, 0.1014,-0.0231,-0.1849],[-6.0823,-8.9079,-5.5501,-8.2466,-4.8767],[-0.8569, 0.0944,-0.0185,-0.198 ],0.1996
3612,[-0.8581, 0.1156,-0.1005,-0.1892],[-3.806 ,-2.4366,-5.6089,-4.7001,-2.2256],[-0.8592, 0.1144,-0.0942,-0.2031],0.1764
3614,[-0.8549, 0.1316,-0.1934,-0.1769],[-0.6357, 8.5591,-0.9284, 0.1137, 0.0169],[-0.8545, 0.137 ,-0.1886,-0.1871],0.1176
3620,[-0.855 ,-0.0983, 0.0237,-0.1814],[-33.0702,-31.9277,-34.1336,-34.1805,-32.8255],[-0.8564,-0.0916, 0.0191,-0.1947],0.2016
3621,[-0.8577,-0.1156, 0.0924,-0.1753],[-8.2868,-8.8542,-6.3583,-8.2782,-6.2622],[-0.859 ,-0.1133, 0.0836,-0.1878],0.1799
3622,[-0.8596,-0.0771,-0.0686,-0.1624],[-10.8444, -9.7487,-11.6785,-11.3723,-10.9783],[-0.8604,-0.063 ,-0.076 ,-0.1778],0.2063
3623,[-0.86  ,-0.1564, 0.2112,-0.1662],[ 0.8834,-1.4523,18.2923,-0.0424, 1.2951],[-0.8596,-0.161 , 0.2036,-0.1818],0.1183
3630,[-0.8567, 0.195 ,-0.0343,-0.1817],[-3.4729,-6.8361,-4.3278,-5.14  ,-4.552 ],[-0.8598, 0.1812,-0.0274,-0.1905],0.1783
3632,[-0.8501, 0.2049,-0.1064,-0.1708],[ 0.3624, 1.6981,41.7125, 0.7606, 1.4037],[-0.8528, 0.1976,-0.1021,-0.1844],0.1221
3634,[-0.8518, 0.2189,-0.1958,-0.1578],[ 1.3911,14.6607,-1.3341,-0.3078,15.2565],[-0.8532, 0.2175,-0.1876,-0.1672],0.0849
3636,[-0.8653, 0.197 ,-0.2935,-0.1621],[-0.7693,26.2373,-1.3975, 0.9399, 0.5915],[-0.8634, 0.2041,-0.2829,-0.1481],0.0829
3640,[-0.8537,-0.1881, 0.0399,-0.1719],[-11.7009,-11.902 ,-14.3423,-13.5493,-12.9535],[-0.8566,-0.1754, 0.0304,-0.1864],0.1691
3641,[-0.8521,-0.2009, 0.1084,-0.1747],[62.6193, 2.669 , 1.3203,-0.4972, 4.4144],[-0.8547,-0.1938, 0.102 ,-0.1883],0.1295
3643,[-0.8546,-0.1934, 0.1993,-0.1765],[-0.0788,-0.3551,45.2115, 0.9481, 1.1642],[-0.8553,-0.1941, 0.1899,-0.1886],0.0984
3650,[-0.8614, 0.301 ,-0.0465,-0.1697],[-3.0457,-3.9049,-2.2932,-2.9932,-2.1616],[-0.8674, 0.28  ,-0.0334,-0.1726],0.1631
3652,[-0.8474, 0.3204,-0.1139,-0.1671],[-0.7016,-1.364 ,20.0357,-0.2459,-0.6522],[-0.8535, 0.3064,-0.1036,-0.1786],0.0842
3654,[-0.8457, 0.3233,-0.2127,-0.1712],[ 1.4536,13.7658, 0.5512, 2.3968, 1.6694],[-0.85  , 0.3173,-0.2033,-0.1788],0.0338
3660,[-0.8663,-0.2849, 0.0548,-0.1703],[-2.4354,-2.6565,-3.799 ,-2.1386,-2.6842],[-0.8718,-0.265 , 0.0422,-0.1815],0.1801
3661,[-0.8456,-0.3105, 0.1143,-0.1686],[-2.6308, 5.0184,-4.3944,-2.7579,-1.5109],[-0.8513,-0.2973, 0.1059,-0.1787],0.0805
3663,[-0.8455,-0.3338, 0.2226,-0.1444],[ 0.9586, 0.0545, 5.5435, 2.9827,-0.1399],[-0.8497,-0.3278, 0.2119,-0.1444],0.0264
3674,[-0.8324, 0.4   ,-0.1744,-0.1857],[-0.4442,-0.4809, 0.3043, 0.7009,-1.2031],[-0.8404, 0.3895,-0.1712,-0.1699],-0.0055
3676,[-0.8504, 0.4222,-0.3091,-0.1301],[ 2.0093, 5.7057,-0.8195, 7.9832,-0.7353],[-0.8555, 0.4184,-0.2983,-0.1266],-0.0248
3700,[-0.8539, 0.0081,-0.0077,-0.3072],[  7.6917, 14.169 ,  0.5895, -0.2139,125.6785],[-0.8553, 0.0082,-0.008 ,-0.3219],0.2183
3701,[-0.8553,-0.041 , 0.0644,-0.3221],[-3.4739,-4.9285,-1.6317,-3.045 ,-2.2589],[-0.8567,-0.0437, 0.0647,-0.3358],0.2049
3702,[-0.8571, 0.0165,-0.0759,-0.3126],[-1.0042,12.9086,-3.9065,-2.2967,-2.2168],[-0.8582, 0.0224,-0.0754,-0.3265],0.2131
3710,[-0.8594, 0.1001,-0.0316,-0.2946],[ 2.4612,-0.3159,85.6491, 0.324 , 4.9423],[-0.8614, 0.094 ,-0.0277,-0.3051],0.2161
3712,[-0.861 , 0.1228,-0.1012,-0.2855],[ 1.2294,89.35  , 0.5521, 0.8263, 1.9248],[-0.8627, 0.121 ,-0.0924,-0.2984],0.1859
3720,[-0.8594,-0.0955, 0.0257,-0.2943],[-4.7405,34.9889,-5.7036,-4.7118,33.2477],[-0.8613,-0.0893, 0.0228,-0.3091],0.2164
3721,[-0.8615,-0.1182, 0.0858,-0.3021],[ 2.0785e+00,-1.9047e-02, 5.2536e+01, 5.5493e-01, 2.6428e+00],[-0.8634,-0.1153, 0.0774,-0.3134],0.1963
3722,[-0.8649,-0.0673,-0.0577,-0.3003],[-11.6354,-11.2454,-12.6179,-11.4551,-11.9212],[-0.8663,-0.0547,-0.0625,-0.3107],0.2358
3732,[-0.8531, 0.1946,-0.1137,-0.2978],[97.0995, 2.7069, 1.8238, 0.5884, 2.7996],[-0.856 , 0.1886,-0.1058,-0.3087],0.1337
3734,[-0.8514, 0.2107,-0.1837,-0.2729],[ 1.0501,38.0041,-0.0899, 1.2885,-0.4132],[-0.8533, 0.2097,-0.1789,-0.2845],0.0902
3740,[-0.8467,-0.1879, 0.0458,-0.3239],[-5.3357, 2.5554,-7.2408,-5.4158,-4.1146],[-0.8503,-0.1771, 0.0447,-0.3401],0.1416
3741,[-0.8506,-0.1914, 0.1184,-0.2948],[  1.5253,  0.8969,  5.133 ,  1.9178,139.5938],[-0.8532,-0.1865, 0.1139,-0.3091],0.1236
3743,[-0.859 ,-0.1717, 0.1698,-0.2985],[ 1.7055,-0.4106,24.8648, 1.573 ,-0.1738],[-0.8604,-0.1725, 0.1642,-0.3147],0.1311
3752,[-0.8599, 0.2809,-0.1031,-0.2508],[-1.5189,-3.3846,-0.8785,-1.4831,-2.3366],[-0.8652, 0.2673,-0.0942,-0.2616],0.1368
3800,[-0.8586, 0.0145,-0.0056,-0.4241],[7.6689e-01,1.1452e+00,9.2851e+02,1.2319e+00,6.5188e-01],[-0.8605, 0.0142,-0.0094,-0.4386],0.2373
3801,[-0.853 ,-0.0285, 0.0612,-0.4   ],[ 6.4786e-01,-9.4716e-01, 2.2754e+02, 7.5773e-01, 1.1537e-02],[-0.8547,-0.0318, 0.059 ,-0.4126],0.2034
3802,[-0.8597, 0.0341,-0.0755,-0.4287],[ 7.9555e-01, 7.8447e+02,-7.0823e-01, 1.5840e+00,-1.9358e-02],[-0.8613, 0.039 ,-0.0788,-0.4402],0.2176
3812,[-0.8607, 0.0743,-0.1296,-0.4776],[  0.7368,181.7892,  0.517 ,  1.315 ,  1.5312],[-0.862 , 0.0812,-0.1328,-0.487 ],0.1831
3820,[-0.8611,-0.0912, 0.0453,-0.4091],[5.0655e-01,8.5227e+02,2.4170e-01,1.4002e+00,7.5811e-01],[-0.8634,-0.0879, 0.0473,-0.4212],0.218
3821,[-0.8617,-0.0943, 0.068 ,-0.4169],[  1.9377,  1.731 ,526.2815,  2.8795,  0.5629],[-0.864 ,-0.0928, 0.0668,-0.4193],0.2111
3841,[-0.8455,-0.186 , 0.1198,-0.3812],[ 2.3435, 1.843 , 1.1306,93.4558, 0.1077],[-0.8484,-0.1821, 0.1184,-0.3812],0.1078
3902,[-0.8661, 0.0325,-0.0732,-0.5078],[-1.4863e-01, 7.1018e+02,-8.4003e-01, 1.0175e+00, 1.8145e-01],[-0.8682, 0.0365,-0.0652,-0.5192],0.2489
3912,[-0.8654, 0.0973,-0.1378,-0.5087],[ 9.5875, 8.8076,-0.4141, 1.6799, 0.3247],[-0.8669, 0.1029,-0.1376,-0.5165],0.1899
4393,[-0.8204,-0.5095, 0.2404, 0.1354],[ 0.7161, 4.6567,-0.7036, 1.3468,-0.9124],[-0.8304,-0.5005, 0.2332, 0.1491],-0.0865
4432,[-0.8079, 0.2647,-0.1428, 0.0079],[ 7.7238e-02,-2.0816e-03, 6.5300e-01, 6.3282e-02, 6.7635e+00],[-0.8111, 0.2576,-0.1356,-0.0077],-0.0235
4434,[-0.7988, 0.2745,-0.1743, 0.0079],[ 1.3671, 5.4742,-1.3253,-0.7626, 3.5558],[-0.8016, 0.2692,-0.169 ,-0.0077],-0.0583
4441,[-0.8216,-0.2451, 0.1279, 0.0156],[-1.2888,-1.5744,-1.9013,-2.7582,-0.6829],[-8.2432e-01,-2.3738e-01, 1.2020e-01, 7.8125e-05],0.0204
4452,[-0.8098, 0.3372,-0.1533, 0.0079],[ 0.8595,-1.2342, 7.5697,-0.9654, 1.7713],[-0.8153, 0.3274,-0.1435,-0.0073],-0.0368
4454,[-0.8077, 0.3462,-0.2219, 0.0418],[ 1.5521,10.0911, 0.2564,-0.2027, 1.5352],[-0.8117, 0.3403,-0.2172, 0.038 ],-0.0701
4461,[-0.8075,-0.3157, 0.1389, 0.0218],[ 0.313 ,26.6674,-1.3077,-1.3047, 1.1811],[-0.8123,-0.3058, 0.1302, 0.0192],-0.0318
4463,[-0.8058,-0.3698, 0.211 , 0.0408],[ 0.3031, 0.1141, 0.7512, 0.2627,21.0507],[-0.811 ,-0.3626, 0.2048, 0.0365],-0.0752
4472,[-0.8173, 0.4782,-0.1588, 0.0828],[-0.9916,-1.7313, 5.2867,-0.3971,-1.1347],[-0.8281, 0.4647,-0.1476, 0.0676],-0.052
4474,[-0.8092, 0.441 ,-0.2338, 0.0323],[ 0.9211, 0.383 , 3.9884, 0.8151,10.7541],[-0.8168, 0.4332,-0.2258, 0.0411],-0.0902
4476,[-0.8027, 0.4548,-0.3112, 0.0391],[ 0.8453,13.1968,-0.1046, 0.7486, 0.9653],[-0.8085, 0.4507,-0.3051, 0.0472],-0.1346
4481,[-0.8118,-0.4278, 0.1571, 0.0347],[-1.1196, 8.827 ,-2.5416,-2.0466, 0.2   ],[-0.8207,-0.4155, 0.1464, 0.0294],-0.0525
4483,[-0.8031,-0.438 , 0.2331, 0.0328],[ 2.4245,25.8492, 0.3915, 0.4438, 5.8255],[-0.8104,-0.4306, 0.2266, 0.0405],-0.1024
4485,[-0.7964,-0.4451, 0.2982, 0.0136],[ 4.3028,-0.3756, 4.4261, 0.5084, 3.4752],[-0.8022,-0.441 , 0.2927, 0.0087],-0.1396
4493,[-0.8029,-0.5214, 0.2386, 0.0409],[-12.7043,-11.9206,-12.0062,-12.123 ,-13.0376],[-0.8137,-0.5136, 0.2316, 0.0545],-0.1221
4494,[-0.8002, 0.5192,-0.2064, 0.0295],[-15.8723,-16.5077,-15.6331,-16.8172,-16.132 ],[-0.8118, 0.5098,-0.1994, 0.0382],-0.1152
4495,[-0.8199,-0.5003, 0.2875, 0.0156],[-12.1382,-12.8279,-11.8989,-11.3006,-13.8767],[-8.2848e-01,-4.9474e-01, 2.8197e-01, 7.8125e-05],-0.1043
4496,[-0.7922, 0.5311,-0.2825, 0.0234],[-16.0999,-15.5287,-14.5596,-14.8748,-15.9714],[-0.8022, 0.526 ,-0.2773, 0.0386],-0.1604
4520,[-0.8189,-0.1544, 0.0318,-0.0718],[-1.7936,-0.4399,-3.3541,-3.3433, 0.1923],[-0.8207,-0.1458, 0.0279,-0.0864],0.0684
4530,[-0.8126, 0.2197,-0.0192,-0.0432],[-0.3489,-2.0458, 5.565 ,-1.3494,-0.0063],[-0.8159, 0.2061,-0.0088,-0.0566],0.0398
4532,[-0.8105, 0.2513,-0.1298,-0.0594],[ 0.1364, 0.0973, 1.5955,-0.0215,12.5085],[-0.8137, 0.2441,-0.1224,-0.0731],-0.0089
4534,[-0.8108, 0.2683,-0.1866,-0.0394],[-0.2232, 4.1729,-1.4322,-0.4959, 4.5943],[-0.8133, 0.264 ,-0.1816,-0.0546],-0.0338
4540,[-0.8139,-0.1766, 0.0453,-0.0375],[-2.6279,-1.8473,-4.32  ,-4.053 ,-1.9586],[-0.816 ,-0.1676, 0.0392,-0.0513],0.045
4541,[-0.8105,-0.2324, 0.1048,-0.0511],[-3.6772,-3.3635,-4.2853,-5.2827,-2.2477],[-0.8134,-0.2246, 0.0991,-0.062 ],0.0038
4543,[-0.8108,-0.2498, 0.202 ,-0.0396],[-0.7541,-2.3182, 1.7513,-1.8031, 1.7628],[-0.8124,-0.2473, 0.1973,-0.0514],-0.0352
4552,[-0.8102, 0.3338,-0.1344,-0.0466],[ 0.5416,-0.7931,41.8515,-0.3307,-0.2369],[-0.816 , 0.3232,-0.1254,-0.0569],-0.0277
4554,[-0.8079, 0.342 ,-0.2154,-0.0285],[ 1.1945, 2.633 , 0.3211, 0.2645,27.7599],[-0.8122, 0.3363,-0.2093,-0.0378],-0.0658
4556,[-0.8088, 0.3721,-0.3026,-0.0285],[ 0.5442, 6.9582,-1.1552,-0.1177, 7.2194],[-0.8116, 0.3697,-0.2983,-0.04  ],-0.1036
4561,[-0.8095,-0.3379, 0.143 ,-0.0409],[ 2.8883e-03, 3.3083e+01,-6.5418e-01,-3.9385e-01,-8.2862e-03],[-0.8153,-0.3277, 0.1345,-0.0495],-0.0338
4563,[-0.8092,-0.3503, 0.2187,-0.0143],[ 2.311 , 0.7165,23.5842, 0.4702, 2.1885],[-0.8137,-0.3442, 0.2111,-0.0185],-0.0653
4565,[-0.8119,-0.359 , 0.2898,-0.015 ],[ 2.597 ,-1.188 ,10.1772,-0.3025, 2.4367],[-0.8146,-0.3564, 0.286 ,-0.023 ],-0.09
4572,[-0.8048, 0.4335,-0.1413,-0.0453],[-1.2342,-2.6342, 3.8011,-1.1754,-0.9013],[-0.8145, 0.4208,-0.1314,-0.0519],-0.0626
4574,[-0.8022, 0.4429,-0.2263,-0.0191],[ 1.2725, 0.7213,35.5951, 1.1111, 1.2127],[-0.8102, 0.4354,-0.2195,-0.0245],-0.1023
4576,[-0.8069, 0.4434,-0.3229,-0.0035],[ 0.8774,17.947 ,-0.2744, 2.3538, 1.2908],[-0.8118, 0.4402,-0.3183,-0.0039],-0.1298
4581,[-0.804 ,-0.4196, 0.1524,-0.024 ],[-1.2085, 1.5408,-3.581 ,-1.2461,-1.1405],[-0.8128,-0.4079, 0.1429,-0.0343],-0.066
4583,[-0.8029,-0.4467, 0.2198,-0.0156],[ 3.6723,30.5456, 0.4665, 1.0057, 1.9392],[-0.8112,-0.4387, 0.2126,-0.0191],-0.0992
4585,[-0.7996,-0.4473, 0.2929,-0.0073],[ 0.4348,-0.3766,16.6389, 1.165 , 0.9048],[-0.8058,-0.443 , 0.2876,-0.0089],-0.1326
4592,[-0.7795, 0.5076,-0.1365,-0.0612],[-18.1823,-19.3199,-18.8503,-18.3176,-19.2244],[-0.7926, 0.4956,-0.1284,-0.0755],-0.128
4593,[-0.7928,-0.5244, 0.2521,-0.0047],[-11.2228,-11.5052,-11.476 ,-11.3714,-12.3185],[-0.8036,-0.518 , 0.2457,-0.0046],-0.1459
4594,[-0.792 , 0.5248,-0.2279,-0.0124],[-20.2107,-20.964 ,-19.8797,-21.1235,-21.2176],[-0.8034, 0.5173,-0.2216,-0.0137],-0.1396
4595,[-0.8065,-0.5116, 0.2863, 0.    ],[-5.5062,-6.3358,-6.2449,-5.2507,-6.1206],[-0.8156,-0.5063, 0.2809, 0.0094],-0.1319
4596,[-0.8091, 0.5336,-0.3117, 0.    ],[-10.6202, -8.4974,-10.4955,-10.5208, -9.5975],[-0.8183, 0.5297,-0.3077,-0.0078],-0.1426
4630,[-0.8174, 0.2012,-0.0489,-0.1724],[-7.9696,-9.611 ,-7.1069,-9.0122,-7.9005],[-0.8206, 0.1911,-0.0447,-0.1872],0.0488
4632,[-0.8132, 0.2507,-0.1273,-0.1587],[ 2.1787, 0.1795, 0.7308,-0.2389,17.8563],[-0.8168, 0.2431,-0.1145,-0.1748],0.0014
4641,[-0.8077,-0.2485, 0.1222,-0.1992],[ 0.6779, 0.9098,-0.3642,-1.298 ,18.241 ],[-0.8115,-0.2417, 0.1198,-0.2153],-0.0126
4643,[-0.8182,-0.2508, 0.1794,-0.1551],[ 0.1604,-1.4237,17.5318,-0.2336, 0.6931],[-0.8209,-0.2468, 0.1695,-0.1706],-0.0066
4652,[-0.8199, 0.3581,-0.1387,-0.1327],[-0.0711,-1.0236,27.7329,-0.2369, 0.9109],[-0.8269, 0.3466,-0.1307,-0.1461],-0.0113
4654,[-0.8161, 0.3684,-0.1756,-0.1444],[ 1.174 ,15.6896, 1.006 , 1.1277, 1.2654],[-0.8229, 0.3594,-0.1673,-0.1604],-0.0363
4661,[-0.8003,-0.3277, 0.121 ,-0.1795],[-0.5535,45.8655,-2.3991,-1.6902,-0.4783],[-0.8067,-0.3173, 0.112 ,-0.1927],-0.0437
4663,[-0.812 ,-0.3389, 0.2045,-0.1475],[ 0.427 ,-0.0385,15.3348, 2.5791, 0.7414],[-0.817 ,-0.3326, 0.1922,-0.1575],-0.0487
4674,[-0.7968, 0.4367,-0.1923,-0.1884],[0.5912,2.4752,2.1338,0.6795,0.8946],[-0.806 , 0.4282,-0.187 ,-0.1972],-0.0983
4683,[-0.8007,-0.3952, 0.1779,-0.1336],[1.8316,1.553 ,1.0615,4.6625,0.2117],[-0.8085,-0.3861, 0.1685,-0.1478],-0.0767
4741,[-0.8209,-0.2303, 0.1135,-0.2613],[ 0.1488, 1.8556, 0.5694,-0.9096,54.2217],[-0.8244,-0.2237, 0.1137,-0.2783],0.0272
5463,[-0.7603,-0.3116, 0.1902, 0.0079],[-0.2681,-0.2569, 1.4608,-0.5453, 7.0547],[-0.7641,-0.3066, 0.1852,-0.0077],-0.1464
5474,[-0.7601, 0.486 ,-0.2449, 0.0124],[ 0.9645, 0.1924, 0.818 , 0.1377,24.528 ],[-0.7694, 0.4801,-0.2393, 0.0092],-0.1914
5476,[-0.7773, 0.4933,-0.3188, 0.0156],[ 0.6865, 5.9234,-0.9291, 1.6489, 6.2573],[-0.7844, 0.4899,-0.3155, 0.0305],-0.1899
5483,[-0.766 ,-0.4641, 0.2028, 0.0134],[ 0.4409, 0.9535, 0.239 ,-0.2007,30.9577],[-0.7755,-0.4563, 0.196 , 0.0023],-0.1653
5485,[-0.7728,-0.457 , 0.3233, 0.0156],[ 0.449 ,-0.4323,14.459 ,-0.4382, 0.7482],[-0.7781,-0.454 , 0.3203, 0.0305],-0.1917
5493,[-0.7596,-0.5448, 0.263 , 0.0389],[-10.4046,-10.5775,-11.2237,-10.0184,-11.0047],[-0.7708,-0.5396, 0.2588, 0.0537],-0.2083
5494,[-0.7591, 0.5462,-0.2133, 0.0348],[-13.1728,-12.5289,-13.5934,-13.729 ,-13.5773],[-0.7718, 0.5389,-0.2071, 0.0307],-0.1938
5495,[-0.7347,-0.5552, 0.2811, 0.0159],[-13.6163,-13.8124,-12.1581,-12.8621,-14.0237],[-0.7459,-0.5513, 0.2747, 0.0315],-0.2487
5552,[-0.7746, 0.329 ,-0.1357,-0.0157],[ 0.3242,-1.1414, 6.3104,-0.839 ,10.3508],[-0.7802, 0.3202,-0.1269,-0.0311],-0.1055
5554,[-0.7736, 0.3743,-0.2076, 0.    ],[ 1.65  ,14.5576,-0.1068, 0.4202, 3.6531],[-0.7792, 0.3679,-0.2008, 0.    ],-0.1379
5561,[-0.7554,-0.3611, 0.1582,-0.095 ],[-2.6059e-02, 3.2019e+00,-1.2624e+00,-7.7707e-01, 3.0384e+01],[-0.7621,-0.3534, 0.1506,-0.1111],-0.1525
5563,[-0.7637,-0.3454, 0.2131,-0.0278],[ 1.4305,-0.509 , 6.6095,-0.2184,11.3557],[-0.7681,-0.3405, 0.2083,-0.0374],-0.1521
5572,[-0.7686, 0.443 ,-0.1585,-0.0219],[ 0.207 ,-1.8099,11.8133,-0.9202,-0.2722],[-0.7783, 0.4331,-0.1495,-0.0373],-0.143
5574,[-0.7606, 0.451 ,-0.2147,-0.0189],[ 2.0949, 1.393 , 2.0795, 0.2233,28.4315],[-0.7694, 0.4442,-0.2083,-0.0294],-0.1751
5576,[-0.7689, 0.4762,-0.3066, 0.    ],[ 0.8554,12.2731,-0.7681, 0.4252, 0.6979],[-0.7758, 0.4727,-0.3029, 0.0028],-0.1955
5581,[-0.7557,-0.4224, 0.1347,-0.0534],[-1.2108,11.3711,-2.492 ,-1.2754,-1.501 ],[-0.765 ,-0.4122, 0.1277,-0.049 ],-0.155
5583,[-0.7613,-0.4346, 0.2071,-0.0146],[ 0.9317, 3.2536, 2.8677, 1.7401,34.948 ],[-0.7695,-0.4275, 0.2004,-0.0226],-0.1688
5585,[-0.765 ,-0.4732, 0.3058,-0.002 ],[ 3.3443,-1.0245,10.4487, 0.4107, 1.4699],[-7.7186e-01,-4.6978e-01, 3.0139e-01, 9.7656e-06],-0.2001
5592,[-0.7525, 0.5281,-0.1516,-0.0308],[-20.2588,-19.9128,-20.3457,-20.4925,-20.4517],[-0.7661, 0.5181,-0.1441,-0.046 ],-0.1825
5593,[-0.7615,-0.5344, 0.2265,-0.0016],[-10.941 ,-10.5855,-11.1379,-11.3729,-11.7346],[-0.7734,-0.5277, 0.2205, 0.0016],-0.1922
5594,[-0.7536, 0.5438,-0.2187, 0.    ],[-18.837 ,-18.6933,-19.2306,-19.0789,-18.3247],[-0.7662, 0.5371,-0.2127, 0.    ],-0.2033
5595,[-0.7558,-0.504 , 0.3142, 0.    ],[-1.5735,-3.0514,-3.0586, 0.7818,-2.4053],[-0.7636,-0.5009, 0.3107, 0.002 ],-0.2215
5596,[-0.7673, 0.5278,-0.2892, 0.    ],[-10.4641,-10.9459,-10.261 ,-10.6713,-10.2741],[-0.777 , 0.5237,-0.2851, 0.0052],-0.202
5661,[-0.772 ,-0.3413, 0.1384,-0.1353],[-1.3314e-03, 3.1228e+01,-1.1893e+00,-8.7540e-01, 2.3368e-01],[-0.7785,-0.3325, 0.1297,-0.1512],-0.1124
5674,[-0.7682, 0.4593,-0.2067,-0.1409],[2.1329,4.1995,3.3809,3.8156,2.4227],[-0.7779, 0.4524,-0.2045,-0.1572],-0.1626
6474,[-0.7332, 0.4874,-0.1909, 0.0156],[ 2.8412, 1.1828, 2.2242,-0.0577,11.5642],[-7.4401e-01, 4.7986e-01,-1.8343e-01, 7.8125e-05],-0.2165
6494,[-0.7212, 0.5643,-0.2432, 0.0266],[-10.2878, -9.6124, -9.8045, -7.4441,-10.5487],[-0.7338, 0.5593,-0.2379, 0.0409],-0.2571
6495,[-0.7069,-0.5632, 0.2915, 0.0308],[-8.846 ,-9.7815,-8.4107,-8.2035,-9.5599],[-0.718 ,-0.5601, 0.2878, 0.0309],-0.2849
6563,[-0.728 ,-0.3884, 0.1856,-0.0313],[-0.6389,-0.6571, 3.4493,-0.7905, 2.528 ],[-0.7349,-0.3821, 0.1792,-0.0471],-0.2085
6574,[-0.7145, 0.4923,-0.2208,-0.0424],[ 1.1445, 1.8259, 2.6633,-0.0493,19.3102],[-0.7249, 0.4866,-0.2159,-0.0516],-0.2494
6581,[-0.721 ,-0.4542, 0.1608,-0.023 ],[-0.6994,17.352 ,-1.5354,-0.9445,-0.7391],[-0.7312,-0.446 , 0.153 ,-0.0375],-0.2211
6583,[-0.7156,-0.4315, 0.1983,-0.0026],[ 2.2337, 1.2509, 0.8474, 0.18  ,31.9325],[-0.7239,-0.4253, 0.1922,-0.013 ],-0.2348
6592,[-0.7248, 0.5456,-0.1664, 0.    ],[-18.6002,-19.0029,-19.1272,-18.8285,-19.0959],[-0.7388, 0.5374,-0.159 ,-0.0156],-0.2307
6593,[-0.7292,-0.5034, 0.2079, 0.    ],[-10.3166,-11.8421,-11.7365,-10.9235,-11.3516],[-0.7403,-0.4967, 0.2012, 0.    ],-0.2289
6594,[-0.7105, 0.5576,-0.2131, 0.    ],[-16.3878,-16.3794,-16.5091,-15.9   ,-16.0339],[-0.7238, 0.5518,-0.2077, 0.0052],-0.2617
6596,[-0.7237, 0.507 ,-0.283 , 0.    ],[-8.4002,-8.6746,-8.1569,-7.7932,-8.3217],[-0.7327, 0.5033,-0.279 , 0.    ],-0.2557
7542,[-0.6601,-0.2149,-0.0628, 0.    ],[-507.2432,-508.2614,-508.4201,-508.3189,-507.847 ],[-0.8818,-0.0051, 0.0017, 0.    ],0.1636
7594,[-0.677 , 0.5514,-0.2424,-0.0022],[-13.3942,-13.4262,-12.6178,-13.0451,-12.8143],[-0.6893, 0.5472,-0.2387,-0.0066],-0.304
7595,[-0.679 ,-0.57  , 0.2985, 0.    ],[-3.4775,-4.7431,-2.9923,-1.9635,-3.6377],[-0.6902,-0.5675, 0.2961, 0.0156],-0.3158
