300,[-9.5769e-01, 2.5364e-02, 7.7666e-04, 1.5896e-01],[-15.0706,-15.1445,-14.7052,-14.1913,-15.9526],[-0.9569, 0.0167, 0.0105, 0.1733],0.2865
301,[-0.9593, 0.0017, 0.1052, 0.206 ],[-8.9517,-9.9932,-8.2925,-8.3713,-9.6962],[-0.9573,-0.0287, 0.128 , 0.2203],0.2482
302,[-0.9625, 0.0374,-0.0812, 0.1549],[-4.4397,-3.0194,-5.0297,-4.2841,-4.5959],[-0.9614, 0.0511,-0.0929, 0.1693],0.238
303,[-0.9594,-0.0276, 0.1933, 0.234 ],[-0.7041,-2.489 ,-0.2288,-1.3144,-1.4848],[-0.956 ,-0.0685, 0.2207, 0.2478],0.1988
310,[-0.9584, 0.0996,-0.0148, 0.1647],[ -9.3522,-10.2641, -8.1795, -9.5421,-10.2258],[-0.9581, 0.0708, 0.0138, 0.179 ],0.267
311,[-0.9639, 0.0869, 0.1033, 0.2061],[-1.776 ,-3.0645,-1.6372,-1.0973,-2.3647],[-0.9622, 0.0242, 0.1542, 0.2194],0.2215
312,[-0.9587, 0.0936,-0.119 , 0.1952],[-0.6598,-0.5941,-2.5517, 1.1399,-2.6668],[-0.9576, 0.0976,-0.1173, 0.2044],0.2235
314,[-0.9593, 0.1324,-0.1981, 0.1447],[-0.8535, 1.8245,-1.8049, 0.6118,-1.4562],[-0.9575, 0.1463,-0.2048, 0.1579],0.1685
323,[-0.956 ,-0.0685, 0.2207, 0.2478],[-1.1486,-2.8707, 1.6277,-0.8994,-2.0922],[-0.9523,-0.1001, 0.2379, 0.2609],0.1914
330,[-0.9625, 0.2289,-0.0177, 0.1774],[-1.8057,-2.6989,-1.1104,-1.9683,-2.4917],[-0.9641, 0.1573, 0.0438, 0.1921],0.2056
332,[-0.9562, 0.1819,-0.0959, 0.1894],[-4.6047,-5.9696,-4.2379,-3.8902,-5.4584],[-0.9569, 0.1556,-0.0714, 0.1747],0.2211
334,[-0.956 , 0.1679,-0.2139, 0.1826],[-0.0355, 1.6626,-0.997 , 6.866 ,-1.0099],[-0.9544, 0.1736,-0.2107, 0.1954],0.1653
336,[-0.9587, 0.2167,-0.3248, 0.1254],[ 0.5041, 4.1711,-0.8961, 0.9609,-0.2749],[-0.955 , 0.2338,-0.335 , 0.1404],0.0876
352,[-0.959 , 0.2947,-0.0742, 0.1633],[-1.7088,-2.1392,-1.2671,-1.2139,-1.372 ],[-0.9625, 0.2289,-0.0177, 0.1774],0.1934
400,[-0.963 ,-0.0111,-0.0166, 0.0732],[-11.5231,-11.6958,-10.6472,-10.3069,-12.6111],[-9.6256e-01, 5.6546e-05,-2.7856e-02, 8.6087e-02],0.271
401,[-0.9557, 0.0402, 0.0871, 0.0753],[ -9.6567,-10.7257,-10.0449, -8.7293,-10.8805],[-0.9546, 0.0035, 0.1195, 0.0905],0.272
402,[-9.6390e-01, 8.9334e-04,-1.0655e-01, 7.0344e-02],[-4.5453,-3.6137,-5.6236,-4.6223,-5.7707],[-0.9625, 0.0387,-0.1423, 0.0836],0.2191
410,[-0.9578, 0.0874, 0.0095, 0.0656],[-8.5896,-9.5155,-6.2246,-8.0011,-9.4742],[-0.9577, 0.0572, 0.0378, 0.0792],0.2664
412,[-0.9593, 0.1025,-0.095 , 0.0552],[-1.9428, 0.0274,-2.7069, 2.0429,-3.2686],[-0.9591, 0.0991,-0.0897, 0.0697],0.2285
414,[-0.9632, 0.1065,-0.2003, 0.1028],[-1.3921, 1.2161,-2.8388,-0.5763,-2.3919],[-0.9609, 0.133 ,-0.2225, 0.1149],0.1559
416,[-0.9661, 0.1658,-0.2852, 0.1052],[ 1.9133, 1.9911,-0.87  , 2.1939, 0.1292],[-0.9624, 0.1946,-0.3087, 0.1155],0.0921
420,[-9.6446e-01,-1.0645e-01, 4.7022e-04, 6.3185e-02],[-4.5357,-3.2393,-5.2785,-4.1491,-5.3856],[-0.9646,-0.0658,-0.0379, 0.0744],0.2403
421,[-0.9669,-0.1336, 0.0769, 0.0375],[-4.7584,-6.2697,-4.8725,-3.8529,-6.1743],[-0.9674,-0.11  , 0.0528, 0.0523],0.2087
436,[-0.9624, 0.1946,-0.3087, 0.1155],[ 0.7369, 2.8074,-0.82  , 4.8365,-1.0188],[-0.9587, 0.2167,-0.3248, 0.1254],0.0878
440,[-0.9621,-0.1748, 0.0457, 0.0441],[ 0.1586, 1.0383,-1.0292, 0.1828,-0.639 ],[-0.9634,-0.1295, 0.0032, 0.0578],0.2342
441,[-0.9647,-0.2168, 0.1037, 0.0358],[-3.0129,-1.8288,-3.1968,-2.9108,-3.8759],[-0.9666,-0.1746, 0.0628, 0.0467],0.1821
443,[-0.9629,-0.2695, 0.1685, 0.0315],[ 0.4895,-1.9168,-0.502 , 1.144 ,-2.4365],[-0.9653,-0.2389, 0.1419, 0.0456],0.1315
445,[-0.9566,-0.2064, 0.3048, 0.0156],[ 0.5888,-0.4985,19.0878, 1.2255,-0.5971],[-0.9534,-0.2256, 0.3224, 0.0312],0.1008
463,[-0.9586,-0.3085, 0.212 , 0.0088],[-3.149 ,-2.011 ,-3.2702,-2.6121,-3.6002],[-0.9615,-0.2833, 0.184 , 0.024 ],0.109
500,[-0.9615,-0.0515, 0.0314,-0.0078],[ 0.5275, 3.0568, 1.4591,16.3882,-0.4865],[-0.9616,-0.0443, 0.0242,-0.0078],0.2672
501,[-0.9618, 0.0203, 0.1204,-0.0256],[-1.3133,-2.8398, 0.3459,-0.1053,-2.9528],[-0.9605,-0.0295, 0.1699,-0.0289],0.2194
502,[-0.9636,-0.0037,-0.1031,-0.0085],[-3.4506,-1.7723,-4.1449,-3.0329,-4.6449],[-0.9626, 0.035 ,-0.1411,-0.0023],0.2192
503,[-0.9617,-0.0391, 0.1826,-0.0192],[ 0.6876,-1.0656, 6.9224, 0.4754,-0.9583],[-0.9593,-0.0856, 0.2283,-0.0191],0.178
510,[-0.9569, 0.1058, 0.027 ,-0.023 ],[-0.2478,-1.361 , 4.4252,-0.7269,-1.2702],[-0.9574, 0.0633, 0.0683,-0.0375],0.2577
512,[-0.9581, 0.1249,-0.1099, 0.    ],[ 2.8466, 1.1051,-0.551 ,12.7492,-1.8109],[-0.9583, 0.12  ,-0.1046, 0.0117],0.2168
514,[-0.9619, 0.1241,-0.2154,-0.0026],[-1.0469, 0.6036,-2.3914,-0.9643,-2.7041],[-0.9598, 0.1513,-0.2421,-0.0077],0.144
520,[-0.9591,-0.1011,-0.0149,-0.015 ],[-2.4795,-0.581 ,-3.1368,-2.9701,-3.7164],[-0.9595,-0.0622,-0.0536,-0.0084],0.2564
523,[-0.9602,-0.1045, 0.2355,-0.015 ],[-0.6385,-1.216 , 2.0292, 6.3516,-0.408 ],[-0.9571,-0.1407, 0.2709,-0.0147],0.1455
525,[-0.9593,-0.144 , 0.2883, 0.    ],[-0.0344,-0.8682, 8.6516, 0.9311, 0.4948],[-0.9552,-0.1777, 0.3196, 0.0156],0.1162
532,[-0.9576, 0.1793,-0.1419, 0.    ],[-3.7971,-4.2075,-2.9938,-3.7007,-4.8593],[-0.9583, 0.1683,-0.1306, 0.    ],0.1867
534,[-0.9583, 0.1741,-0.2653, 0.    ],[-1.48  ,-0.6109,-3.5324,-1.7127,-4.1065],[-0.9557, 0.1956,-0.2843, 0.    ],0.1217
536,[-0.9571, 0.1998,-0.2996,-0.0113],[ 0.1201, 3.4534,-1.1343, 1.458 ,-1.0988],[-0.954 , 0.2208,-0.3198,-0.0036],0.1021
541,[-0.9635,-0.2058, 0.148 , 0.    ],[-3.9255,-3.1304,-4.5081,-3.5493,-5.0995],[-0.9647,-0.1866, 0.1293, 0.0052],0.1586
543,[-0.959 ,-0.2559, 0.1987, 0.    ],[-1.5214,-2.7219,-0.4338, 0.2724,-3.2253],[-0.9606,-0.2406, 0.1831, 0.    ],0.1293
545,[-0.9596,-0.1834, 0.2827, 0.    ],[ 0.5623,-0.3882, 2.7417,13.0303,-0.5632],[-0.9566,-0.2064, 0.3048, 0.0156],0.1063
563,[-0.9662,-0.3209, 0.186 , 0.    ],[-4.2928,-3.9089,-4.5506,-4.2433,-5.1303],[-0.97  ,-0.2771, 0.1427, 0.0078],0.1015
700,[-0.9561,-0.0023, 0.0106,-0.3082],[ -8.3385, -7.9419, -8.9278, -7.0254,-10.2057],[-0.9575,-0.0062, 0.0167,-0.3254],0.3015
1100,[-0.9342, 0.023 , 0.0194, 0.3936],[ 1.8411, 1.9669, 1.35  , 0.3752,90.8444],[-0.9324, 0.015 , 0.025 , 0.3851],0.3896
1101,[-0.9338, 0.0056, 0.063 , 0.386 ],[ 0.0776,-0.6006,22.8593, 0.2718, 1.5665],[-0.9319,-0.0057, 0.0682, 0.3728],0.3863
1110,[-0.9409, 0.0818,-0.0055, 0.3863],[ 0.6826, 0.6515,49.2106,-0.238 , 0.8249],[-0.9395, 0.0647, 0.0095, 0.3942],0.351
1120,[-0.9315,-0.082 ,-0.0011, 0.3812],[ 0.6964, 4.8672,-0.8252, 0.6402, 7.1914],[-0.9302,-0.0678,-0.0032, 0.3843],0.3914
1200,[-0.9248, 0.0265, 0.0037, 0.2861],[8.5683e-01,1.1002e-01,1.1252e+00,2.9276e-02,9.8840e+01],[-0.9236, 0.0217, 0.0034, 0.2763],0.4275
1201,[-0.9271,-0.0104, 0.0824, 0.2928],[-0.3701,-1.5845, 3.8136,-1.2001,21.6198],[-0.9255,-0.0211, 0.0862, 0.2826],0.3961
1202,[-0.9243, 0.0214,-0.083 , 0.2776],[-1.1751, 0.4332,-3.4564,-3.0421, 0.0704],[-0.9227, 0.0307,-0.0897, 0.2697],0.4029
1203,[-0.9273,-0.04  , 0.1821, 0.2501],[-1.2938,-3.1515, 0.6827,-1.4218, 0.1302],[-0.9244,-0.0597, 0.1877, 0.2621],0.3383
1204,[-0.9363, 0.0513,-0.1718, 0.26  ],[-0.8318,-0.4752,-2.1409,-1.3825,-0.3758],[-0.9336, 0.0698,-0.178 , 0.2725],0.3007
1210,[-0.9301, 0.0815,-0.0174, 0.2854],[-4.0393e-02,-5.5015e-01, 1.0332e+02,-1.3779e-01, 3.7146e+00],[-0.9292, 0.069 ,-0.0088, 0.2916],0.3903
1211,[-0.9384, 0.0593, 0.0585, 0.2907],[-2.4102,-3.7722,-0.9757,-2.4396,-1.0172],[-0.9369, 0.035 , 0.0815, 0.2999],0.3464
1212,[-0.9323, 0.1124,-0.0843, 0.2802],[ 1.1826,87.4814,-0.3209, 0.1216, 7.7828],[-0.9315, 0.1041,-0.071 , 0.2869],0.3423
1214,[-0.9297, 0.0898,-0.195 , 0.2681],[ 1.07  , 2.1036,-0.2054, 0.1626,17.476 ],[-0.9269, 0.1031,-0.1953, 0.2632],0.3041
1220,[-0.9297,-0.0849, 0.0167, 0.3347],[-0.9536,16.7746,-0.7933,-1.1634, 0.9643],[-0.9286,-0.0718, 0.007 , 0.3356],0.3906
1221,[-0.9282,-0.1276, 0.1019, 0.2971],[ 3.2504e-01,-4.6519e-02, 6.8017e+01,-2.4540e-01, 3.9622e+00],[-0.9274,-0.1194, 0.0863, 0.2938],0.346
1223,[-0.942 ,-0.1241, 0.2333, 0.2808],[ 0.6697, 0.1504,49.1111,-0.363 , 0.5368],[-0.9389,-0.1382, 0.2307, 0.2878],0.2271
1230,[-0.938 , 0.1914,-0.0259, 0.2555],[-3.1224,-4.2313,-1.8611,-2.3125,-1.061 ],[-0.9388, 0.1579,-0.001 , 0.2686],0.3074
1232,[-0.9391, 0.2004,-0.1177, 0.2939],[ 0.97  ,-0.1149,40.3418, 0.1707, 1.2709],[-0.9394, 0.1817,-0.1024, 0.3047],0.2618
1234,[-0.9331, 0.2561,-0.2138, 0.2694],[2.3073e+00,2.9873e+01,1.2406e-02,3.9720e-01,3.6614e+00],[-0.9334, 0.2436,-0.193 , 0.274 ],0.2133
1236,[-0.9168, 0.2487,-0.2809, 0.258 ],[ 0.8248, 1.5993,-0.3899, 0.221 ,11.805 ],[-0.9154, 0.2476,-0.2666, 0.2657],0.2423
1241,[-0.9336,-0.2161, 0.1202, 0.281 ],[ 0.8291, 2.6429,-0.8855,-0.1428, 3.1381],[-0.9345,-0.1956, 0.0949, 0.2812],0.2778
1243,[-0.9248,-0.2242, 0.2021, 0.2852],[ 0.3599,-0.3886,35.5054, 0.6832, 2.2406],[-0.9246,-0.2166, 0.1837, 0.2873],0.2597
1254,[-0.9384, 0.3043,-0.2124, 0.2691],[ 2.2555, 0.6542,12.6299, 1.0735, 2.9321],[-0.9402, 0.2856,-0.1944, 0.2829],0.1717
1263,[-0.9179,-0.2916, 0.2191, 0.2637],[ 1.6309,-0.2289, 0.2492, 0.815 , 0.9607],[-0.9191,-0.2794, 0.2062, 0.2733],0.236
1300,[-0.9155, 0.0074,-0.0122, 0.1389],[1.8016e+00,2.3636e+00,2.4018e+00,1.4091e-01,1.5323e+03],[-0.9149, 0.0083,-0.0144, 0.1342],0.4447
1301,[-0.9169,-0.0431, 0.0678, 0.1435],[ 0.3652,-0.6451,20.7248,-0.1771, 8.886 ],[-0.9161,-0.0465, 0.0688, 0.1438],0.4199
1302,[-0.9155, 0.0464,-0.0643, 0.1386],[ -1.5046,499.4998, -3.0068, -2.0813,  0.5631],[-0.9148, 0.0485,-0.0645, 0.1423],0.4272
1303,[-0.93  ,-0.0304, 0.1831, 0.1675],[-5.7913,-7.6061,-3.882 ,-5.7714,-5.7239],[-0.9272,-0.0552, 0.1989, 0.1712],0.3203
1304,[-0.9337, 0.0325,-0.1884, 0.1827],[-2.0422,-0.9795,-3.7902,-2.7041,-1.9773],[-0.9308, 0.0584,-0.2047, 0.1844],0.3052
1310,[-0.92  , 0.072 ,-0.0342, 0.1713],[-3.5295e-01,-1.0444e+00, 3.4316e+02,-9.7305e-01,-2.7228e-01],[-0.9195, 0.0655,-0.0311, 0.1777],0.4207
1311,[-0.9314, 0.0806, 0.0769, 0.1638],[-10.9073,-12.0546,-11.2808,-10.8022,-10.8951],[-0.9305, 0.0508, 0.0983, 0.1695],0.3577
1312,[-0.9194, 0.0787,-0.0894, 0.1625],[2.0314e-01,6.4308e+02,2.8078e-01,4.6590e-01,5.5698e+00],[-0.9186, 0.0789,-0.0852, 0.169 ],0.3904
1314,[-0.9282, 0.1193,-0.1944, 0.1702],[ 0.8276,85.0795,-0.2996, 0.0894, 0.6743],[-0.9262, 0.1285,-0.194 , 0.1727],0.2915
1320,[-0.9164,-0.0652, 0.0421, 0.142 ],[ -1.531 ,140.1248, -1.9207, -1.262 ,  1.0795],[-0.9159,-0.0613, 0.0413, 0.1474],0.4292
1321,[-0.9153,-0.0703, 0.0735, 0.1395],[  1.1742, -1.5637,  5.4332,  0.6201,162.0494],[-0.9147,-0.07  , 0.071 , 0.1365],0.4125
1322,[-0.9322,-0.0862,-0.0727, 0.1723],[-5.8672,-6.2791,-7.2625,-6.2568,-5.9878],[-0.9313,-0.0554,-0.0958, 0.1784],0.351
1323,[-0.924 ,-0.1158, 0.197 , 0.1536],[ 1.9201,-0.9931, 4.4111, 0.3935,43.2365],[-0.922 ,-0.126 , 0.1984, 0.1482],0.3056
1325,[-0.913 ,-0.1137, 0.2925, 0.1346],[-2.1494,-4.281 ,-1.504 ,-3.5164,-1.7217],[-0.9081,-0.1329, 0.306 , 0.1449],0.252
1330,[-0.9271, 0.2021,-0.0321, 0.168 ],[-13.4239,-14.3312,-12.4996,-12.9618,-12.9602],[-0.9286, 0.1717,-0.0088, 0.1743],0.3457
1332,[-0.9272, 0.2096,-0.1186, 0.1702],[-2.7204,-6.2244,19.7194,-5.056 ,-6.0217],[-0.9283, 0.1934,-0.1057, 0.178 ],0.2981
1334,[-0.9273, 0.2395,-0.2011, 0.1684],[ 1.1774,38.5874,-1.1087, 0.9317, 3.0598],[-0.9279, 0.2308,-0.1854, 0.1751],0.2419
1336,[-0.936 , 0.2427,-0.3151, 0.1952],[1.0522e-01,4.4811e+01,3.0442e-02,8.8232e-01,1.5789e+00],[-0.9334, 0.2482,-0.3109, 0.2062],0.1592
1340,[-0.9327,-0.1957, 0.0241, 0.167 ],[-5.6016,-5.508 ,-6.9958,-6.0394,-5.9362],[-0.934 ,-0.1617,-0.0063, 0.1706],0.3296
1341,[-0.9236,-0.2083, 0.1138, 0.1696],[-15.0553,-15.5707,-15.5659,-15.0969,-15.3264],[-0.9248,-0.1914, 0.0951, 0.1764],0.3175
1343,[-0.9203,-0.2134, 0.2141, 0.1575],[-0.0311,-1.5274,10.7913, 0.7834, 0.7225],[-0.9199,-0.2105, 0.202 , 0.1635],0.2721
1345,[-0.9184,-0.2602, 0.3023, 0.139 ],[ 0.2332,-0.5048,85.7391, 0.9044, 3.3926],[-0.917 ,-0.2619, 0.2936, 0.1459],0.214
1352,[-0.9232, 0.3118,-0.12  , 0.1678],[-10.9344,-12.2574,-10.9433,-11.5458,-11.7007],[-0.9272, 0.2822,-0.0936, 0.1803],0.2665
1354,[-0.9237, 0.321 ,-0.2208, 0.1763],[-2.4667,-3.0677,-2.8428, 5.5584,-3.8457],[-0.9262, 0.3065,-0.2076, 0.1871],0.2046
1356,[-0.9276, 0.3297,-0.3093, 0.1717],[ 1.9587,38.9406,-0.1989, 1.9966, 1.3303],[-0.9281, 0.3238,-0.2965, 0.185 ],0.1481
1361,[-0.9252,-0.3069, 0.127 , 0.1503],[-4.639 ,-4.2367,-5.3683,-4.3557,-4.5488],[-0.9291,-0.2787, 0.1027, 0.1629],0.2566
1363,[-0.9206,-0.3138, 0.2137, 0.1617],[-4.4777,-5.7082,-5.3939,-4.6575,-5.6391],[-0.9232,-0.2993, 0.1974, 0.1711],0.2223
1365,[-0.9174,-0.312 , 0.3376, 0.1694],[ 0.6476,-0.6657,17.4282, 2.8271, 0.8396],[-0.9163,-0.3108, 0.3265, 0.1809],0.1651
1372,[-0.9473, 0.3956,-0.1589, 0.1348],[-3.5821,-4.3795,-2.9018,-3.4686,-3.0433],[-0.9538, 0.3505,-0.1215, 0.1484],0.1311
1374,[-0.9123, 0.3896,-0.2392, 0.1306],[-7.5559,-8.3179,-6.4421,-7.4273,-7.6499],[-0.9171, 0.3745,-0.2266, 0.1456],0.1941
1376,[-0.9192, 0.4036,-0.3323, 0.1614],[-2.9753,-3.4006,-3.9896,-2.9835,-4.4223],[-0.9217, 0.3953,-0.3199, 0.1757],0.1227
1394,[-0.9128, 0.5014,-0.2416, 0.1345],[-3.6895,-4.2768,-2.4582,-3.6397,-4.1849],[-0.9222, 0.4827,-0.2276, 0.1195],0.1237
1400,[-0.9161, 0.0103,-0.0126, 0.0699],[   6.3143, 212.4061,1069.4134,   1.9432,   4.3563],[-0.9158, 0.0109,-0.0152, 0.0743],0.4472
1401,[-0.9159,-0.0374, 0.0689, 0.0575],[ 3.6144e-01,-1.9643e-01, 4.5655e+02,-1.9860e-01, 7.6205e-01],[-0.9154,-0.0419, 0.0704, 0.0657],0.4283
1402,[-0.9157, 0.0444,-0.0655, 0.0722],[ 9.4296e-01, 1.6565e+03,-2.3732e-01, 4.2489e-01, 2.3622e+00],[-0.9152, 0.0473,-0.0667, 0.0741],0.428
1403,[-0.9273,-0.0312, 0.1883, 0.0552],[-6.6957,-8.9912,-6.7962,-6.6492,-7.2773],[-0.9246,-0.0573, 0.209 , 0.0599],0.3257
1404,[-0.926 , 0.0279,-0.1854, 0.0587],[-2.9847,-2.4493,-5.2624,-3.705 ,-3.207 ],[-0.9235, 0.0531,-0.2028, 0.0631],0.3326
1410,[-0.9172, 0.0622,-0.0467, 0.0467],[ 2.6999e-03,-8.4171e-02, 2.0875e+03, 1.7277e-01, 1.0297e+00],[-0.9171, 0.0598,-0.0463, 0.0553],0.433
1411,[-0.927 , 0.0819, 0.0787, 0.0551],[-15.4521,-16.2639,-15.181 ,-15.4754,-15.0843],[-0.9265, 0.0527, 0.1023, 0.0589],0.3729
1412,[-0.9167, 0.0667,-0.0712, 0.0486],[7.9830e-01,1.7372e+03,4.5350e-01,1.2196e+00,8.2901e-01],[-0.9164, 0.0668,-0.0688, 0.0569],0.418
1414,[-0.9215, 0.1182,-0.2022, 0.0437],[-2.6304e-03, 3.5274e+00,-6.2705e-01, 1.3183e+00, 1.0215e+02],[-0.9197, 0.13  ,-0.208 , 0.0359],0.3029
1416,[-0.9155, 0.1445,-0.2858, 0.0129],[ 2.0852, 0.287 ,-2.236 ,-0.9304,-0.765 ],[-0.9119, 0.1611,-0.2952,-0.0023],0.2535
1420,[-0.9166,-0.0639, 0.0449, 0.0596],[-5.6505e-01, 9.3261e+02,-2.0692e+00,-1.1349e+00,-1.2344e+00],[-0.9164,-0.0609, 0.0442, 0.0677],0.4336
1421,[-0.9161,-0.072 , 0.0763, 0.0515],[ 1.3915e+00,-5.1075e-01, 2.3183e+03, 3.6773e+00, 7.0619e+00],[-0.9158,-0.072 , 0.0737, 0.0596],0.4136
1422,[-0.9258,-0.0863,-0.0814, 0.047 ],[ -8.8776, -9.657 ,-10.445 ,-10.2932, -9.8219],[-0.9254,-0.0562,-0.1062, 0.0518],0.3736
1423,[-0.9219,-0.1266, 0.1909, 0.0597],[ 1.8060e-01,-8.5781e-01, 3.8162e+02, 6.8740e-01, 1.2653e+00],[-0.9204,-0.1352, 0.1938, 0.0668],0.3062
1425,[-0.9227,-0.1456, 0.2886, 0.0445],[-1.4261,-2.835 , 2.7897,-1.4488, 0.0997],[-0.9188,-0.1633, 0.2985, 0.0395],0.2422
1430,[-0.9234, 0.196 ,-0.0313, 0.0627],[-21.1437,-21.7596,-20.4741,-20.9011,-21.0035],[-0.9253, 0.1676,-0.0063, 0.066 ],0.3622
1432,[-0.9225, 0.2089,-0.1119, 0.0583],[-19.4444,-20.892 ,-20.4821,-19.459 ,-20.3239],[-0.9241, 0.1924,-0.0938, 0.0641],0.3198
1434,[-0.9225, 0.2196,-0.2074, 0.0549],[ 0.6356,84.5896,-0.8171, 5.1353, 1.2857],[-0.9227, 0.2159,-0.1971, 0.0641],0.2627
1436,[-0.9235, 0.2431,-0.309 , 0.0426],[ 0.2945,72.7445,-0.4368, 0.6067, 1.1181],[-0.9214, 0.2494,-0.3099, 0.0542],0.1905
1438,[-0.9383, 0.2768,-0.3987, 0.0312],[ 1.3541,17.6785,-0.9151, 2.9858,-0.6224],[-0.9337, 0.288 ,-0.4067, 0.0459],0.0962
1440,[-0.9226,-0.1951, 0.0225, 0.0535],[-10.8884,-10.0759,-11.9623,-11.4095,-10.908 ],[-0.9245,-0.1659,-0.0024, 0.0529],0.366
1441,[-0.9227,-0.2081, 0.1145, 0.0637],[-32.3432,-32.5047,-31.9516,-32.2323,-32.6708],[-0.9243,-0.1922, 0.0977, 0.0661],0.3173
1442,[-0.9287,-0.1805,-0.0662, 0.085 ],[-1.3573, 1.5467,-2.1258,-0.7179,-0.914 ],[-0.9296,-0.1359,-0.1008, 0.0698],0.3217
1443,[-0.9225,-0.2094, 0.2107, 0.0634],[  4.6094, -1.3179,106.7989,  4.1602, -0.3383],[-0.9223,-0.208 , 0.2051, 0.0738],0.2622
1445,[-0.9288,-0.2291, 0.3187, 0.064 ],[  1.2963, -0.6709,155.409 ,  0.9158,  1.3275],[-0.9258,-0.2387, 0.3228, 0.0737],0.1809
1447,[-0.9274,-0.2696, 0.3977, 0.0452],[ 1.5558,-1.4272, 2.9431,27.4604, 0.6172],[-0.9227,-0.2796, 0.4011, 0.0587],0.1365
1452,[-0.9235, 0.3038,-0.1308, 0.074 ],[-21.2272,-22.3517,-20.908 ,-21.6731,-21.9231],[-0.9275, 0.2774,-0.1057, 0.0848],0.2622
1454,[-0.922 , 0.3115,-0.2188, 0.064 ],[-20.0496,-20.3085,-20.2394,-19.5097,-20.819 ],[-0.9246, 0.299 ,-0.2063, 0.0734],0.2139
1456,[-0.9282, 0.3201,-0.3169, 0.0692],[ 1.9760e+00, 2.0877e+00,-5.8620e-01, 3.0858e+01,-1.4895e-03],[-0.9282, 0.3182,-0.3117, 0.084 ],0.1434
1458,[-0.9229, 0.3066,-0.4126, 0.0788],[39.3304, 3.066 ,-0.6598, 0.5179, 0.5605],[-0.9189, 0.3127,-0.4127, 0.0912],0.1177
1460,[-0.9178,-0.3075, 0.0351, 0.0469],[-1.3468,-0.1093,-2.4555,-0.6408,-1.2772],[-0.9228,-0.2679, 0.0032, 0.0602],0.3336
1461,[-0.9221,-0.3104, 0.1326, 0.0639],[-8.5397,-7.2416,-9.2114,-8.642 ,-8.6003],[-0.9264,-0.2847, 0.1103, 0.0717],0.2605
1463,[-0.9178,-0.3127, 0.2056, 0.0526],[-10.779 ,-10.7377,-10.5723,-10.1524,-11.1057],[-0.9209,-0.2991, 0.1923, 0.0636],0.2334
1465,[-0.9281,-0.3189, 0.3559, 0.087 ],[ 1.4257,-1.7612, 2.6443, 2.5773,-0.7201],[-0.9266,-0.3207, 0.3538, 0.1013],0.127
1467,[-0.9202,-0.2877, 0.3964, 0.0888],[ 0.4632,-0.2304,54.662 , 0.4997, 0.2767],[-0.9162,-0.2942, 0.3944, 0.1017],0.1398
1474,[-0.9228, 0.4254,-0.2222, 0.0637],[-17.4821,-17.7602,-16.9682,-16.5338,-17.9244],[-0.9297, 0.4034,-0.2028, 0.0758],0.1496
1476,[-0.9187, 0.4028,-0.3414, 0.0591],[-16.2849,-16.2542,-16.7613,-16.079 ,-17.3838],[-0.921 , 0.3975,-0.3378, 0.0738],0.1143
1481,[-0.9251,-0.391 , 0.1625, 0.1188],[-0.5724,-0.6587,-2.4444,-1.3647,-2.1067],[-0.9317,-0.3607, 0.1348, 0.1313],0.1939
1483,[-0.9139,-0.4097, 0.1844, 0.0872],[-3.9278,-2.2381,-4.6762,-3.7702,-3.6719],[-0.921 ,-0.3861, 0.1639, 0.0938],0.2056
1500,[-0.9165, 0.0128,-0.0061,-0.0553],[ 3.0000e+00, 4.1870e+00, 3.8704e+00, 1.5948e+03,-5.1441e-01],[-0.9167, 0.0117,-0.0047,-0.0429],0.4497
1501,[-0.9149,-0.0296, 0.0741,-0.0572],[-304.283 ,-305.3156,-302.9056,-304.2758,-303.9314],[-0.9148,-0.0364, 0.0775,-0.0506],0.4292
1502,[-0.9154, 0.0367,-0.0728,-0.0457],[-251.0699,-249.5208,-252.3802,-251.2554,-250.7498],[-0.9154, 0.0424,-0.0757,-0.0426],0.4248
1503,[-0.9219,-0.0324, 0.1821,-0.0444],[-8.2178,-9.5859,-8.1111,-7.9677,-8.4248],[-0.9198,-0.0565, 0.1992,-0.0473],0.343
1504,[-0.9218, 0.0308,-0.1873,-0.0388],[ -9.6406, -8.3682,-10.2395, -8.9593, -9.2283],[-0.9195, 0.056 ,-0.207 ,-0.0397],0.3385
1510,[-0.9169, 0.0647,-0.0433,-0.0678],[ 6.9913e+00,-4.7422e-01, 1.9371e+03, 8.3909e-01,-4.3040e-01],[-0.9173, 0.0617,-0.0425,-0.0603],0.434
1511,[-0.923 , 0.0782, 0.0767,-0.0486],[-14.7134,-15.9633,-14.5902,-14.1619,-14.3167],[-0.923 , 0.0508, 0.0988,-0.05  ],0.3881
1512,[-0.9162, 0.073 ,-0.0776,-0.0653],[  1.1538,339.2422,  0.4679,340.0349,  0.9162],[-0.9164, 0.0735,-0.075 ,-0.058 ],0.4129
1514,[-0.9189, 0.1307,-0.1922,-0.0484],[ 8.8825e-01, 2.9734e+02,-5.2649e-01, 1.8753e+00, 4.9963e-02],[-0.9179, 0.1398,-0.1969,-0.0438],0.3111
1516,[-0.9256, 0.1489,-0.2869,-0.0585],[-1.3753,-0.6635,-2.5773, 1.0852,-1.8401],[-0.922 , 0.1688,-0.301 ,-0.06  ],0.2302
1520,[-0.917 ,-0.0665, 0.0421,-0.0585],[-1.8255e-01, 1.6963e+03,-2.3526e-01, 1.6545e+00, 4.8787e-01],[-0.9174,-0.0631, 0.0416,-0.0503],0.4327
1521,[-0.9161,-0.0737, 0.0804,-0.0593],[  1.3594,  1.0037, 68.441 ,916.0322,  1.0906],[-0.9163,-0.0745, 0.0785,-0.0474],0.4118
1522,[-0.9215,-0.0805,-0.0787,-0.0468],[-11.0818,-11.1573,-12.4101,-10.7601,-11.5952],[-0.9215,-0.053 ,-0.1004,-0.0478],0.3901
1523,[-0.9203,-0.1244, 0.1921,-0.0437],[-1.8001e-02, 3.8299e-02, 1.8980e+02, 1.5019e+00, 3.9688e-01],[-0.9191,-0.1345, 0.1974,-0.0366],0.3075
1525,[-0.9322,-0.1409, 0.3004,-0.0473],[-1.033 ,-1.7736, 4.8842,-0.3397,-0.1592],[-0.928 ,-0.1649, 0.3164,-0.0495],0.2075
1530,[-0.9249, 0.1943,-0.0274,-0.0234],[-12.3485,-13.018 ,-11.988 ,-11.8138,-12.2391],[-0.9271, 0.1642, 0.0014,-0.0245],0.3571
1532,[-0.9216, 0.2012,-0.12  ,-0.0332],[-34.6939,-35.0121,-35.3043,-34.1147,-35.6812],[-0.9234, 0.1876,-0.1025,-0.0301],0.3206
1534,[-0.9202, 0.1983,-0.2147,-0.035 ],[ 4.6874e-01, 7.2747e+01,-8.1628e-01, 2.6699e+00, 5.0349e-02],[-0.92  , 0.2   ,-0.2102,-0.0332],0.2721
1536,[-0.9247, 0.2102,-0.3013,-0.0235],[ 2.3481, 1.7697,-0.9805,82.5934, 0.7766],[-0.922 , 0.2214,-0.3078,-0.0143],0.2058
1538,[-0.9153, 0.2554,-0.3926,-0.0292],[-0.219 ,12.0872,-0.8105,-0.7472, 0.7003],[-0.9105, 0.2663,-0.3949,-0.0145],0.1529
1540,[-0.9224,-0.1974, 0.0287,-0.0313],[-10.3942, -9.7826,-11.1219,-10.7614,-11.266 ],[-0.9248,-0.1685, 0.0018,-0.0336],0.3645
1541,[-0.9224,-0.2022, 0.1102,-0.0247],[-29.2157,-28.8282,-28.7016,-29.0817,-29.3431],[-0.9244,-0.1868, 0.0931,-0.0269],0.3214
1543,[-0.9226,-0.2022, 0.2114,-0.0281],[ 0.5165,-1.2367, 5.2035,43.8336,-0.8068],[-0.9226,-0.203 , 0.2067,-0.023 ],0.2628
1545,[-0.9219,-0.2268, 0.3016,-0.0035],[ 0.081 ,-0.4301,79.5707, 1.0858, 1.1365],[-0.9196,-0.2355, 0.3052,-0.0011],0.2054
1552,[-0.922 , 0.3013,-0.1277,-0.0114],[-8.0799,-8.7801,-7.4953,-7.7636,-8.6251],[-0.9264, 0.2759,-0.1034,-0.0126],0.2682
1554,[-0.9246, 0.3158,-0.2197,-0.0122],[-14.3993,-14.3625,-15.0701,-14.1251,-15.0943],[-0.9276, 0.3035,-0.2085,-0.0083],0.2008
1556,[-0.9192, 0.3265,-0.2898, 0.    ],[-0.7711, 1.4057,-3.0133, 1.0395,-2.1497],[-0.9205, 0.3228,-0.2855, 0.0024],0.178
1560,[-0.9204,-0.2861, 0.0477, 0.    ],[-2.0431,-0.7722,-2.9126,-1.3095,-1.4894],[-0.9249,-0.2501, 0.0194, 0.    ],0.3257
1561,[-0.9241,-0.3008, 0.109 ,-0.0119],[-7.2183,-6.1806,-7.6792,-7.1196,-7.387 ],[-0.9287,-0.2717, 0.0825,-0.0152],0.2713
1563,[-0.9277,-0.3241, 0.222 ,-0.007 ],[-11.2438,-11.1516,-10.6406,-10.4775,-11.3   ],[-0.931 ,-0.3101, 0.208 ,-0.0037],0.1869
1565,[-0.9435,-0.3793, 0.2865, 0.    ],[ 0.2579,-2.5918,-0.0408, 0.258 ,-2.9903],[-0.947 ,-0.3674, 0.2747,-0.0156],0.0801
1574,[-0.9152, 0.3991,-0.2559, 0.    ],[-4.3898,-5.3729,-2.5757,-3.7535,-5.234 ],[-0.9204, 0.3864,-0.2435, 0.    ],0.1686
1576,[-0.9196, 0.4035,-0.3311, 0.    ],[-6.736 ,-6.6561,-7.1328,-4.8979,-7.2973],[-0.9225, 0.3979,-0.3252, 0.0104],0.1166
1600,[-0.9157, 0.0074,-0.004 ,-0.1673],[-625.6113,-625.2972,-625.1901,-624.9679,-626.9481],[-0.9164, 0.0068,-0.0028,-0.1604],0.454
1601,[-0.9132,-0.0376, 0.0734,-0.1733],[-5.7442,-7.6787,55.3343,54.9954,-6.1431],[-0.9137,-0.0435, 0.077 ,-0.1739],0.4277
1602,[-0.9142, 0.0385,-0.0732,-0.1697],[-181.3358,-178.8223,-182.3929,-180.8829,-182.2192],[-0.9147, 0.0444,-0.077 ,-0.1696],0.4254
1603,[-0.9253,-0.0312, 0.1902,-0.1601],[-4.4265,-5.3397,-3.2829,-4.0276,-4.3348],[-0.9233,-0.0596, 0.2141,-0.1628],0.3227
1604,[-0.9229, 0.0263,-0.1919,-0.1606],[-8.5127,-8.0759,-9.2859,-8.5529,-8.6226],[-0.921 , 0.0537,-0.2093,-0.1544],0.3421
1610,[-0.9145, 0.0666,-0.0428,-0.1533],[-7.4807e-02,-1.1639e+00, 1.4234e+00, 6.9945e+02,-1.0069e+00],[-0.9153, 0.0629,-0.0382,-0.1432],0.4386
1611,[-0.9198, 0.0776, 0.0916,-0.159 ],[-8.5205,-9.2171,-8.3144,-8.5973,-9.0367],[-0.92  , 0.0479, 0.1155,-0.1585],0.3918
1612,[-0.9146, 0.0741,-0.0799,-0.1629],[ 4.0017e-01, 4.3753e+00,-6.4595e-01, 6.3624e+02,-5.0826e-01],[-0.9152, 0.0751,-0.0779,-0.1523],0.4122
1614,[-0.9181, 0.1272,-0.1902,-0.1638],[-17.8274,-17.2121,-19.6395,-17.528 ,-18.0216],[-0.9174, 0.1374,-0.1959,-0.1531],0.3159
1620,[-0.9152,-0.0668, 0.0405,-0.1606],[-211.5926,-209.6655,-211.4281,-210.2162,-212.4374],[-0.9161,-0.0626, 0.0352,-0.153 ],0.4389
1621,[-0.9146,-0.0737, 0.0858,-0.1722],[ 0.6279,-0.7637,50.5337,51.803 ,-0.6826],[-0.9152,-0.0757, 0.0843,-0.1603],0.4102
1622,[-0.9195,-0.0746,-0.0824,-0.1528],[ -9.9244, -9.5409,-10.8809,-10.1303, -9.9391],[-0.9198,-0.047 ,-0.1069,-0.1581],0.4026
1623,[-0.9177,-0.1293, 0.1898,-0.1611],[ 2.3617,-1.6793,25.302 , 1.9065,-1.5378],[-0.9171,-0.139 , 0.1942,-0.1534],0.3182
1625,[-0.9227,-0.0957, 0.3045,-0.2352],[-0.2858,-1.7682, 0.0632,-0.2874,-1.1555],[-0.9181,-0.1264, 0.3248,-0.2505],0.2588
1630,[-0.9202, 0.2056,-0.0137,-0.1608],[-6.0677,-6.341 ,-4.3584,-6.2443,-6.2035],[-0.9232, 0.173 , 0.0147,-0.16  ],0.3567
1631,[-0.9327, 0.1678, 0.0787,-0.1718],[-1.0142,-1.8592,-1.1227,-1.2314,-1.7803],[-0.9343, 0.1184, 0.1188,-0.1882],0.3025
1632,[-0.9156, 0.1805,-0.1249,-0.1464],[-24.923 ,-24.4496,-24.514 ,-23.9722,-25.0874],[-0.9173, 0.1719,-0.1089,-0.1391],0.3477
1634,[-0.919 , 0.1901,-0.2135,-0.1479],[ 0.3413, 1.2278,-1.1963, 6.5252,-0.5102],[-0.919 , 0.1937,-0.2089,-0.1395],0.2788
1636,[-0.9135, 0.1942,-0.2889,-0.1678],[ 0.1568,48.0624,-0.3739, 2.4388,-0.2458],[-0.9114, 0.2059,-0.2921,-0.1516],0.2354
1640,[-0.9191,-0.2128, 0.0031,-0.1504],[-6.0153,-5.0058,-6.7789,-5.8986,-5.795 ],[-0.9223,-0.1797,-0.018 ,-0.1469],0.359
1641,[-0.9195,-0.1904, 0.1103,-0.1417],[-22.9457,-23.4793,-23.3101,-22.4617,-23.7184],[-0.9216,-0.1776, 0.0903,-0.1319],0.336
1643,[-0.9152,-0.1922, 0.2275,-0.1564],[ -8.1515,-10.4963, -6.8794, -8.0244,-10.6469],[-0.9149,-0.1975, 0.2275,-0.1479],0.2739
1650,[-0.9196, 0.3016,-0.031 ,-0.1254],[-1.8052,-2.1208,-1.1218,-1.8409,-2.2104],[-0.9253, 0.2609, 0.0024,-0.1416],0.327
1660,[-0.9127,-0.3064, 0.0462,-0.1603],[-0.1476,-1.0229,-1.2498,-0.5389,-1.1222],[-0.9185,-0.271 , 0.0167,-0.1438],0.3434
1700,[-0.9179, 0.0043,-0.0048,-0.272 ],[-430.4942,-430.0375,-429.8556,-429.3832,-430.3242],[-0.9191, 0.0045,-0.0051,-0.2662],0.4486
1701,[-0.915 ,-0.0434, 0.0752,-0.2661],[-78.9045,-79.4869,-78.3518,-78.4797,-79.9139],[-0.9159,-0.0493, 0.0794,-0.2643],0.4246
1702,[-0.917 , 0.0401,-0.0753,-0.2703],[-102.3592,-101.9166,-102.7432,-101.4893,-102.2911],[-0.9179, 0.0468,-0.0805,-0.269 ],0.4191
1710,[-0.9156, 0.0636,-0.0455,-0.2796],[-55.6029,-55.2711,-55.102 ,-54.0433,-56.4301],[-0.9169, 0.061 ,-0.0416,-0.2722],0.4353
1712,[-0.9161, 0.0737,-0.0882,-0.276 ],[-200.9175,-200.2522,-201.6627,-200.0133,-201.612 ],[-0.9171, 0.0768,-0.0888,-0.2677],0.4038
1714,[-0.9161, 0.1289,-0.1792,-0.2901],[-5.8   ,-4.0366,-7.1603,-4.6101,-6.4925],[-0.9162, 0.1379,-0.1827,-0.2742],0.3284
1720,[-0.918 ,-0.0655, 0.0422,-0.2808],[-128.9008,-128.1234,-129.1013,-128.1283,-129.5095],[-0.9194,-0.0616, 0.0357,-0.272 ],0.4287
1721,[-0.9158,-0.074 , 0.0883,-0.274 ],[-391.303 ,-391.6427,-390.6369,-390.9949,-391.8608],[-0.9168,-0.077 , 0.0885,-0.267 ],0.4038
1723,[-0.9171,-0.0897, 0.1741,-0.2675],[ 0.4928,-1.0693,28.1162, 2.2035,-1.0485],[-0.9167,-0.1035, 0.1789,-0.2516],0.3538
1725,[-0.9133,-0.1542, 0.3417,-0.2665],[-0.878 ,-2.0416,-0.498 ,-0.9872,-1.7858],[-0.9085,-0.1771, 0.3529,-0.2834],0.2095
1800,[-0.9331, 0.0198,-0.0072,-0.3756],[-98.7369,-97.9928,-98.2289,-97.937 ,-99.6366],[-0.9348, 0.0168,-0.0021,-0.3581],0.4012
1801,[-0.9258,-0.0451, 0.0747,-0.3829],[-15.2388,-16.3048,-14.2454,-14.4547,-16.4662],[-0.9272,-0.0526, 0.0836,-0.377 ],0.3793
1810,[-0.9207, 0.0621,-0.0544,-0.3803],[-12.5737,-12.3476,-13.1999,-11.6771,-13.6051],[-0.9224, 0.0619,-0.0541,-0.3627],0.4077
1812,[-0.9256, 0.06  ,-0.0563,-0.3915],[-37.9977,-36.5573,-37.9957,-37.113 ,-39.1441],[-0.9274, 0.0602,-0.0546,-0.3893],0.3886
1821,[-0.9156,-0.0959, 0.1056,-0.3992],[-94.6689,-95.1199,-94.4364,-94.2164,-95.5399],[-0.9172,-0.0988, 0.1041,-0.3964],0.3864
2200,[-0.9009, 0.0156,-0.0079, 0.2656],[-219.7621,-218.9653,-218.8791,-219.6529,-218.6883],[-0.8998, 0.0144,-0.0069, 0.2611],0.3908
2201,[-0.895 ,-0.0145, 0.0625, 0.2695],[-56.6342,-56.9283,-56.155 ,-57.418 ,-56.1768],[-0.8936,-0.0197, 0.0648, 0.2648],0.3582
2202,[-0.8972, 0.0455,-0.0657, 0.2582],[-50.2099,-50.2319,-50.4226,-50.9672,-49.5926],[-0.8959, 0.0477,-0.0701, 0.2474],0.3539
2210,[-0.9047, 0.0609,-0.0425, 0.2562],[-27.9575,-28.4467,-27.5261,-28.5574,-27.6317],[-0.9037, 0.0575,-0.0358, 0.2523],0.3968
2212,[-0.8988, 0.0644,-0.0908, 0.2552],[-57.2748,-56.9517,-57.4258,-57.2977,-55.6956],[-0.8975, 0.0664,-0.0896, 0.2444],0.3432
2220,[-0.9022,-0.0578, 0.0507, 0.2582],[-24.725 ,-24.347 ,-25.3027,-25.3661,-24.1514],[-0.9012,-0.0556, 0.0428, 0.2438],0.3849
2241,[-0.9081,-0.1798, 0.1532, 0.2738],[-6.3848,-6.2024,-6.3036,-6.9962,-6.0089],[-0.9076,-0.1751, 0.1542, 0.2603],0.3026
2243,[-0.9069,-0.1816, 0.191 , 0.2673],[-1.718 ,-3.224 ,-0.8579,-2.7522,-1.6561],[-0.9058,-0.18  , 0.1849, 0.2651],0.2789
2300,[-0.908 , 0.0226,-0.0213, 0.1483],[-967.1015,-967.4846,-967.7833,-968.4361,-966.4373],[-0.9074, 0.0223,-0.0207, 0.141 ],0.4196
2301,[-0.9076,-0.0464, 0.0684, 0.1457],[-244.8037,-245.3541,-244.2789,-245.2006,-244.0433],[-0.9068,-0.0489, 0.0689, 0.1433],0.4008
2302,[-0.9085, 0.048 ,-0.0679, 0.1443],[-296.0934,-295.5912,-296.7812,-296.5733,-295.0717],[-0.9077, 0.0502,-0.0681, 0.1427],0.4049
2303,[-0.9077,-0.0386, 0.1777, 0.1483],[ -9.9441,-10.8407, -9.8407,-11.0078,-10.0295],[-0.9053,-0.0552, 0.1835, 0.1546],0.3366
2310,[-0.9073, 0.0641,-0.0411, 0.1647],[-125.7879,-126.2447,-125.5347,-126.8996,-125.3179],[-0.9067, 0.0602,-0.0351, 0.1584],0.4105
2311,[-0.9062, 0.0645, 0.077 , 0.1797],[-7.2752,-7.7781,-6.5345,-7.7356,-6.781 ],[-0.9049, 0.042 , 0.119 , 0.1658],0.3718
2312,[-0.906 , 0.0696,-0.0882, 0.1571],[-409.0453,-407.3849,-410.4321,-409.3452,-407.1938],[-0.9052, 0.0712,-0.0866, 0.1508],0.3748
2314,[-0.9004, 0.1222,-0.1933, 0.1653],[-15.3437,-14.2869,-16.9024,-15.91  ,-14.6695],[-0.8986, 0.1284,-0.1895, 0.1603],0.273
2320,[-0.9091,-0.0606, 0.0469, 0.1475],[-55.4451,-56.0027,-56.557 ,-56.8714,-55.1051],[-0.9085,-0.0581, 0.044 , 0.1446],0.416
2321,[-0.9077,-0.067 , 0.0777, 0.1464],[-152.4949,-154.0204,-151.4217,-153.2057,-152.0615],[-0.907 ,-0.0677, 0.0757, 0.1397],0.3898
2322,[-0.9104,-0.0932,-0.0834, 0.1622],[-6.6363,-6.3714,-7.2996,-7.0989,-6.7946],[-0.9097,-0.0684,-0.0989, 0.1656],0.3898
2323,[-0.9017,-0.1428, 0.1973, 0.1457],[-22.7291,-23.7776,-22.2913,-23.0459,-22.2182],[-0.9001,-0.1474, 0.1955, 0.1457],0.2678
2325,[-0.9031,-0.1488, 0.3151, 0.1464],[-1.2327,-4.3663,-0.563 ,-3.3467,-1.474 ],[-0.8981,-0.1633, 0.3224, 0.1497],0.1941
2330,[-0.9028, 0.2029,-0.0385, 0.1505],[-8.1618,-9.3469,-7.7426,-8.5741,-7.6811],[-0.9046, 0.1816,-0.0241, 0.1401],0.3496
2332,[-0.9003, 0.2325,-0.1108, 0.1501],[-1.5933,-4.8918,-3.2901,-4.2622, 0.3841],[-0.9023, 0.2168,-0.0937, 0.1414],0.291
2334,[-0.8978, 0.2484,-0.2206, 0.1535],[ 3.828 , 4.1746,-1.0813,-0.9606,13.6434],[-0.8984, 0.2431,-0.2046, 0.1487],0.213
2336,[-0.9036, 0.2607,-0.2873, 0.1526],[-0.2463,16.5856,-1.3555, 1.399 , 2.0215],[-0.9026, 0.2607,-0.2797, 0.1585],0.184
2340,[-0.9093,-0.2058, 0.0318, 0.1484],[-5.5322,-5.0326,-6.6082,-5.9249,-5.3413],[-0.9111,-0.1813, 0.0121, 0.1483],0.3773
2341,[-0.9047,-0.2271, 0.1316, 0.1404],[-10.2375,-11.2377,-11.0302,-11.3496, -9.5804],[-0.9063,-0.2144, 0.1201, 0.1334],0.2955
2343,[-0.8978,-0.2127, 0.2131, 0.1478],[ 1.1469,-0.4775, 4.3057, 0.0775,40.0505],[-0.8974,-0.2108, 0.2042, 0.1414],0.2246
2345,[-0.8963,-0.2372, 0.3048, 0.15  ],[ 0.2372,-1.213 ,25.8893,-0.7816, 3.832 ],[-0.894 ,-0.2406, 0.2984, 0.1555],0.1562
2352,[-0.895 , 0.3183,-0.136 , 0.1445],[-1.2505,-2.4984, 9.8305,-1.4699,-0.2543],[-0.8993, 0.2992,-0.1217, 0.1467],0.2291
2354,[-0.8914, 0.3148,-0.2242, 0.1488],[ 2.6938, 1.8405, 0.9462, 0.1514,90.4863],[-0.894 , 0.305 ,-0.2072, 0.1468],0.1688
2356,[-0.8917, 0.3038,-0.3133, 0.1516],[ 0.2838,58.6992,-0.1858, 1.0486, 0.997 ],[-0.8913, 0.3019,-0.301 , 0.1603],0.1189
2358,[-0.9049, 0.3283,-0.3976, 0.1355],[ 2.0557,14.3455,-1.1138,-0.2228, 1.9495],[-0.9024, 0.33  ,-0.3894, 0.145 ],0.0995
2361,[-0.8988,-0.3082, 0.1281, 0.1382],[-1.4277,-0.1853,-3.3769,-1.9867,-0.3073],[-0.9029,-0.2883, 0.1128, 0.1429],0.2512
2363,[-0.9009,-0.3134, 0.2258, 0.1566],[ 0.7741, 1.0492, 1.511 , 0.6602,20.5657],[-0.9032,-0.3032, 0.2121, 0.1537],0.1987
2365,[-0.9043,-0.3007, 0.3226, 0.1767],[ 0.4769,-0.3572,34.6042, 0.8984, 1.1436],[-0.9035,-0.2991, 0.3081, 0.1852],0.1561
2372,[-0.9075, 0.3994,-0.1609, 0.1831],[-2.4314,-3.5408,-1.5348,-3.244 ,-2.4717],[-0.9142, 0.3751,-0.1463, 0.1953],0.2342
2374,[-0.8831, 0.4232,-0.1966, 0.1492],[-0.3643,-1.3782,12.958 ,-0.893 ,-0.2883],[-0.8903, 0.4066,-0.1849, 0.1627],0.1214
2376,[-0.8889, 0.4251,-0.3081, 0.1602],[ 2.1911e+00, 1.0443e+01,-5.3102e-03, 1.1238e+00, 5.7192e-01],[-0.8933, 0.4164,-0.2909, 0.1734],0.0788
2381,[-0.8722,-0.3999, 0.1638, 0.1254],[-1.3283, 0.6852,-2.042 ,-1.8061,-1.0937],[-0.8792,-0.3828, 0.1508, 0.1347],0.1113
2383,[-0.9052,-0.3903, 0.231 , 0.1332],[-0.8506, 0.4816,-2.1133,-0.2026,-0.9803],[-0.9102,-0.3758, 0.223 , 0.1475],0.1819
2385,[-0.9102,-0.3977, 0.3483, 0.1415],[1.1216,0.323 ,3.6573,1.9149,0.9727],[-0.9121,-0.3919, 0.3349, 0.1548],0.1258
2400,[-0.9085, 0.0172,-0.0156, 0.06  ],[1.2920e+00,9.7057e+00,1.0071e+01,4.8729e-01,3.9088e+03],[-0.9083, 0.0169,-0.0152, 0.0463],0.4293
2401,[-0.908 ,-0.0405, 0.0698, 0.0612],[-140.7332,-141.719 ,-137.8567,-141.4582,-138.5802],[-0.9076,-0.0442, 0.0711, 0.055 ],0.4056
2402,[-0.9088, 0.0413,-0.0704, 0.0591],[ 4.3767e-01, 4.5405e+02,-9.1703e-01,-2.7454e-01, 2.0066e+00],[-0.9084, 0.045 ,-0.0714, 0.0511],0.4088
2403,[-0.9048,-0.0366, 0.1742, 0.0432],[-11.771 ,-13.5002,-11.1579,-12.9185,-11.8099],[-0.9028,-0.0537, 0.1822, 0.0317],0.3276
2404,[-0.8977, 0.0371,-0.1796, 0.0709],[-7.0051,-5.4193,-7.6393,-5.4288,-5.2092],[-0.8954, 0.0536,-0.1882, 0.0737],0.296
2410,[-0.9055, 0.0677,-0.0398, 0.0527],[-30.8249,-32.6242,-29.8337,-31.5338,-26.8614],[-0.9055, 0.0633,-0.0332, 0.0411],0.4038
2411,[-0.9001, 0.0825, 0.0737, 0.0318],[-19.0944,-20.1882,-18.9002,-18.9352,-19.3591],[-0.8999, 0.0618, 0.0882, 0.0226],0.3564
2412,[-0.9057, 0.0741,-0.0913, 0.0553],[1.1382e+00,8.0734e-01,1.9353e-01,7.4202e-01,7.3233e+02],[-0.9054, 0.0759,-0.0898, 0.0428],0.3719
2414,[-0.9019, 0.1297,-0.1907, 0.0367],[-26.9687,-26.1109,-29.558 ,-28.4228,-25.3321],[-0.9007, 0.1363,-0.1915, 0.031 ],0.2768
2416,[-0.9014, 0.1529,-0.2936, 0.0267],[-1.2599,-0.8738,-3.9674,-1.5367, 0.2907],[-0.8976, 0.1665,-0.2992, 0.0113],0.2018
2420,[-0.9076,-0.0663, 0.0412, 0.0555],[  0.8526, -2.3982, -3.9436, -3.5465,155.5535],[-0.9076,-0.062 , 0.0332, 0.043 ],0.4146
2421,[-0.9078,-0.0783, 0.0892, 0.057 ],[1.1084e+00,2.6112e-01,1.9427e+00,8.6697e-01,2.2598e+03],[-0.9076,-0.0792, 0.0867, 0.0448],0.3813
2422,[-0.8972,-0.0851,-0.0751, 0.0337],[-11.2786,-10.6218,-12.0764,-11.8471,-11.5681],[-0.897 ,-0.0646,-0.0887, 0.024 ],0.3426
2423,[-0.9043,-0.1405, 0.1889, 0.0592],[  3.4852, -1.4751,104.6413, -0.9258,  1.8555],[-0.9032,-0.1453, 0.1882, 0.0632],0.2835
2430,[-0.8968, 0.2033,-0.0328, 0.0556],[-24.3292,-26.125 ,-23.7489,-24.72  ,-24.1536],[-0.899 , 0.1823,-0.0176, 0.0473],0.3275
2432,[-0.8973, 0.2196,-0.1146, 0.0552],[ 2.7856,-0.3404, 0.2737, 0.3418,97.9904],[-0.8994, 0.2064,-0.098 , 0.0465],0.283
2434,[-0.8998, 0.2157,-0.2115, 0.0584],[ 6.6476e-01, 3.1779e+02,-8.1134e-02, 1.3786e+00, 3.4597e+00],[-0.8999, 0.2139,-0.2014, 0.0617],0.2334
2436,[-0.9041, 0.2421,-0.3048, 0.063 ],[ 3.2635,50.1517,-1.3098, 1.0407, 1.9876],[-0.9022, 0.2464,-0.301 , 0.074 ],0.1794
2440,[-0.8958,-0.2061, 0.0288, 0.0407],[ -9.9933, -8.7865,-11.4522,-10.6262,-10.2282],[-0.8981,-0.1842, 0.0107, 0.0372],0.3241
2441,[-0.8958,-0.2163, 0.119 , 0.0555],[ 1.179 ,-0.6981,-0.6297,-0.3491,60.5953],[-0.8977,-0.2042, 0.1033, 0.0459],0.2752
2443,[-0.8976,-0.2015, 0.2083, 0.0696],[1.3175e+00,1.6315e-01,3.0417e+02,5.0351e-01,3.9398e-01],[-0.8974,-0.2009, 0.2003, 0.0721],0.2307
2445,[-0.9017,-0.2169, 0.3031, 0.0915],[-0.2632,-0.5562,98.4875, 0.5388, 0.3412],[-0.899 ,-0.2235, 0.3023, 0.0952],0.1799
2450,[-0.9042, 0.2896,-0.0424, 0.0308],[-3.8591,-4.589 ,-1.5547,-3.0537,-3.3298],[-0.9088, 0.2587,-0.02  , 0.0317],0.3323
2452,[-0.8905, 0.312 ,-0.1293, 0.0633],[-3.7208,-5.6167, 3.3147,-3.7355,-3.6888],[-0.895 , 0.2934,-0.1133, 0.0707],0.22
2454,[-0.8918, 0.3325,-0.2197, 0.0591],[121.5709,  1.0577,  0.8977,  1.3738,  1.6351],[-0.8953, 0.3221,-0.2076, 0.07  ],0.1655
2456,[-0.8895, 0.3296,-0.3104, 0.0602],[ 1.2132,93.5442,-0.2382, 0.8452, 0.9178],[-0.8902, 0.3273,-0.3046, 0.0735],0.1034
2458,[-0.9045, 0.2969,-0.3971, 0.0495],[-0.5918, 6.8133,-1.0317, 7.1171,-0.4794],[-0.9009, 0.3021,-0.3921, 0.0633],0.1068
2460,[-0.9103,-0.2839, 0.0502, 0.014 ],[-1.2179,-1.1302,-3.2348,-0.3824,-1.4892],[-0.9147,-0.2523, 0.0228, 0.0264],0.3587
2461,[-0.8921,-0.3138, 0.1322, 0.0464],[-0.5533, 8.5018,-2.3495,-1.0415,-0.5025],[-0.8967,-0.2952, 0.1158, 0.0555],0.2242
2463,[-0.8919,-0.3266, 0.2131, 0.048 ],[ 1.4477, 1.2261, 1.6384,39.2128, 1.4886],[-0.8953,-0.316 , 0.2018, 0.0616],0.1707
2465,[-0.8961,-0.3451, 0.304 , 0.0497],[ 0.0385,-0.1873,30.6082, 1.3612, 0.6099],[-0.8975,-0.3414, 0.2975, 0.058 ],0.1234
2467,[-0.9083,-0.3027, 0.3949, 0.11  ],[-0.0822,-0.3715,22.9499,-0.3091, 0.1503],[-0.905 ,-0.3066, 0.3886, 0.1231],0.1188
2472,[-0.8822, 0.4051,-0.1494, 0.0618],[-5.2552,-6.208 ,-4.2255,-5.3007,-5.3543],[-0.89  , 0.3847,-0.1326, 0.0673],0.1533
2474,[-0.8859, 0.4173,-0.2276, 0.0506],[-5.7108,-7.179 ,-5.2344,-5.026 ,-6.8982],[-0.8925, 0.4039,-0.2151, 0.0635],0.1164
2476,[-0.8897, 0.4275,-0.3299, 0.0545],[ 0.9552, 4.0674,-0.5914,29.9982,-0.5453],[-0.8935, 0.4218,-0.3228, 0.0697],0.0632
2481,[-0.8765,-0.4138, 0.143 , 0.0504],[-1.9183,-0.1028,-2.4553,-1.8381,-1.0553],[-0.8847,-0.3935, 0.1272, 0.0515],0.1351
2483,[-0.8865,-0.4232, 0.225 , 0.0518],[-1.0621, 0.6197,-2.6846, 0.0726,-2.2394],[-0.8934,-0.4092, 0.2127, 0.0611],0.1179
2485,[-0.8891,-0.4103, 0.3215, 0.0498],[ 0.4014,-0.5065, 2.2022, 2.8452, 0.0694],[-0.8925,-0.4047, 0.3135, 0.0644],0.072
2487,[-0.9017,-0.4193, 0.4006, 0.0432],[ 1.4014,-0.9387,12.338 , 1.5308, 0.2609],[-0.9025,-0.4177, 0.3972, 0.0567],0.0552
2494,[-0.8927, 0.5291,-0.2626, 0.105 ],[-16.8446,-18.4082,-17.1807,-17.7906,-17.6838],[-0.9028, 0.516 ,-0.2526, 0.1199],0.0786
2496,[-0.8716, 0.5494,-0.2791, 0.076 ],[-12.2649,-12.9532,-12.2595,-13.4172,-13.1394],[-0.8823, 0.5405,-0.2715, 0.0899],0.003
2500,[-0.9079, 0.0143,-0.0066,-0.051 ],[2.7140e+00,1.5532e+00,2.1323e+00,2.9070e+00,4.4502e+03],[-0.9082, 0.0129,-0.0039,-0.0666],0.4328
2501,[-0.9074,-0.0266, 0.0683,-0.0738],[ 3.7625e-03,-1.5046e+00, 1.4002e+03, 1.0395e+00,-5.1032e-01],[-0.9075,-0.0324, 0.0698,-0.087 ],0.4117
2502,[-0.9081, 0.0382,-0.0712,-0.0528],[ 2.3790e-01, 1.9382e+03,-2.1535e-01, 1.6652e-01, 1.1354e+00],[-0.9081, 0.0428,-0.0722,-0.0649],0.4083
2503,[-0.8974,-0.0351, 0.1845,-0.0364],[-11.2002,-12.3908,-10.622 ,-11.8885,-11.8432],[-0.8953,-0.0531, 0.1956,-0.0413],0.292
2504,[-0.8968, 0.0286,-0.1879,-0.0632],[-7.692 ,-7.0827,-9.3794,-7.92  ,-7.8148],[-0.8947, 0.0481,-0.2003,-0.066 ],0.29
2510,[-0.9043, 0.0728,-0.0399,-0.0688],[ 2.0112e+00,-4.0333e-01, 1.7541e+03, 6.3174e-01, 1.0177e+00],[-0.9048, 0.0687,-0.0382,-0.0778],0.3965
2511,[-0.8992, 0.0773, 0.0752,-0.0549],[-24.0685,-25.3166,-23.9706,-24.2412,-23.8882],[-0.8993, 0.0568, 0.0907,-0.0604],0.3547
2512,[-0.9067, 0.0825,-0.0954,-0.0661],[8.4291e-01,7.6278e+03,9.7733e-01,1.0554e+00,1.9346e+00],[-0.9069, 0.0841,-0.0929,-0.0748],0.3733
2514,[-0.9005, 0.1381,-0.1951,-0.053 ],[  1.1073,145.1494, -0.4079,  0.9247,  1.9369],[-0.8996, 0.1447,-0.1962,-0.0579],0.2666
2516,[-0.9033, 0.1517,-0.2912,-0.0367],[-2.9911,-3.1055,-4.992 ,-3.3846,-3.1775],[-0.8998, 0.1662,-0.2968,-0.0407],0.2106
2520,[-0.9043,-0.0757, 0.0369,-0.0608],[ 8.9583e-01, 9.0775e+02,-1.6440e-01, 7.5732e-01, 6.3230e+00],[-0.9049,-0.0707, 0.0345,-0.0706],0.3974
2521,[-0.9062,-0.0862, 0.0939,-0.0603],[1.2123e+00,8.7848e-01,2.5800e+03,1.0676e+00,1.0422e+00],[-0.9064,-0.0869, 0.0903,-0.0704],0.3712
2522,[-0.8993,-0.0893,-0.0781,-0.0513],[-20.6783,-20.2133,-21.8922,-21.1726,-20.9731],[-0.8995,-0.067 ,-0.0939,-0.0584],0.3499
2523,[-0.8992,-0.1344, 0.1904,-0.0542],[ 0.5433,-1.097 ,67.839 , 0.5605, 0.398 ],[-0.8983,-0.1409, 0.1914,-0.0563],0.266
2525,[-0.9067,-0.1583, 0.2955,-0.1016],[-1.0848,-4.758 ,-1.6558,-2.8689,-2.9274],[-0.9033,-0.1736, 0.3015,-0.1142],0.2172
2530,[-0.8918, 0.1938,-0.0302,-0.0358],[-21.021 ,-22.39  ,-20.6234,-21.1628,-21.1593],[-0.8942, 0.1742,-0.0146,-0.0402],0.3117
2532,[-0.8927, 0.2028,-0.1175,-0.0274],[43.8296,-0.7116,-1.1079, 0.2444, 3.4359],[-0.8946, 0.1927,-0.1041,-0.0312],0.2684
2534,[-0.8964, 0.2052,-0.2156,-0.0381],[1.7047e+00,3.8210e+02,1.6231e-01,2.1882e+00,1.0329e+00],[-0.8964, 0.2059,-0.2093,-0.0406],0.2213
2536,[-0.8942, 0.2306,-0.2939,-0.0347],[ -0.6038,100.8448, -1.0657,  1.0586, -0.7015],[-0.8925, 0.2362,-0.2925,-0.0386],0.1566
2538,[-0.9082, 0.2713,-0.3953,-0.0073],[ 2.1943, 2.4504,-1.4795, 3.1284, 8.1108],[-0.9039, 0.2796,-0.3939, 0.0063],0.1259
2540,[-0.8937,-0.1974, 0.0296,-0.0483],[-20.7513,-20.5536,-21.4306,-20.8859,-20.4951],[-0.8962,-0.1771, 0.0147,-0.0562],0.3175
2541,[-0.8907,-0.2078, 0.1085,-0.0335],[ 0.6753, 0.0285,-0.136 , 1.6442,11.139 ],[-0.8929,-0.1964, 0.0949,-0.0441],0.2646
2542,[-0.8827,-0.1772,-0.0681,-0.0446],[-3.6089,-1.8409,-4.6148,-3.4569,-3.2232],[-0.8844,-0.1495,-0.0889,-0.058 ],0.2536
2543,[-0.8939,-0.2065, 0.2143,-0.0245],[  2.6213, -0.7482,193.4644,  3.8217,  1.2438],[-0.894 ,-0.2068, 0.2082,-0.0242],0.2127
2545,[-0.892 ,-0.2228, 0.2942,-0.018 ],[ 0.1758,-0.9616,96.521 , 0.6076, 0.2291],[-0.8901,-0.2286, 0.2916,-0.0196],0.1519
2552,[-0.8852, 0.3125,-0.1292,-0.0148],[-4.5019,-6.7677,-3.214 ,-4.917 ,-5.6675],[-0.8901, 0.2949,-0.1132,-0.0151],0.202
2554,[-0.8874, 0.3359,-0.22  ,-0.0147],[ 1.5227, 2.4843, 1.8466,16.8424, 0.5821],[-0.8912, 0.3264,-0.21  ,-0.0114],0.1494
2556,[-0.8874, 0.3387,-0.3079,-0.0012],[ 0.1422, 4.6771,-0.4897,64.5863, 0.0677],[-0.8885, 0.3367,-0.3054, 0.0056],0.0946
2560,[-0.8891,-0.2888, 0.042 ,-0.0443],[-3.1211,-2.8943,-4.5126,-2.3458,-3.0639],[-0.8941,-0.2624, 0.0224,-0.0527],0.2706
2561,[-0.8836,-0.3165, 0.1211,-0.0257],[-4.489 ,-3.2467,-6.0308,-4.1164,-4.4933],[-0.8888,-0.2982, 0.1055,-0.0257],0.1994
2563,[-0.8852,-0.3342, 0.2215,-0.0168],[ 1.0759, 1.4245, 2.7981,30.4658, 0.3767],[-0.8889,-0.3251, 0.2105,-0.0101],0.1423
2565,[-0.8806,-0.3354, 0.3044,-0.0147],[ 2.7169,-0.8473,64.3195, 1.0324,-0.3782],[-0.8819,-0.3335, 0.2995,-0.0176],0.0788
2572,[-0.8854, 0.413 ,-0.1393,-0.0757],[-4.8487,-6.1322,-4.5702,-3.4267,-5.2019],[-0.8942, 0.3913,-0.1224,-0.0766],0.1686
2574,[-0.882 , 0.4154,-0.2343,-0.0114],[-3.3203,-5.0894,-3.2446,-2.515 ,-5.2581],[-0.8885, 0.4037,-0.2238,-0.0064],0.1001
2576,[-0.881 , 0.4267,-0.3314,-0.0068],[ 0.0658, 0.8646,-1.0799, 8.7026,-1.4628],[-8.8481e-01, 4.2222e-01,-3.2649e-01,-8.6568e-04],0.0377
2581,[-0.882 ,-0.4036, 0.1499,-0.0295],[-1.7544,-1.2982,-3.2242,-2.2609,-2.0451],[-0.8901,-0.3839, 0.1331,-0.032 ],0.1536
2583,[-0.8787,-0.4156, 0.2262,-0.0078],[-3.0595,-0.5791,-3.0036,-1.4876,-2.9457],[-0.8855,-0.4035, 0.2153,-0.0083],0.0948
2585,[-0.8804,-0.4172, 0.324 ,-0.0067],[-0.4559,-1.2788, 0.8494, 0.125 ,-1.4428],[-0.8841,-0.4127, 0.3193,-0.0034],0.042
2587,[-0.8986,-0.4238, 0.4075,-0.0078],[ 1.7798,-1.2094, 2.7467, 9.962 ,-1.0877],[-0.8993,-0.4233, 0.407 ,-0.0078],0.0393
2600,[-0.9042, 0.0071,-0.0042,-0.1724],[  1.4328,589.4607,589.3621,  1.0565,  1.8461],[-0.905 , 0.0065,-0.0027,-0.1828],0.4198
2601,[-0.9079,-0.0363, 0.0717,-0.1598],[ -7.4048, -9.2548,407.6003, -8.1101, -8.7492],[-0.9084,-0.0417, 0.0746,-0.1714],0.4091
2602,[-0.9071, 0.037 ,-0.0708,-0.1597],[-129.0351,-126.0924,-130.8672,-129.5041,-129.1961],[-0.9075, 0.0421,-0.0733,-0.1678],0.4055
2603,[-0.8833,-0.0432, 0.1845,-0.1335],[-5.7222,-7.3292,-6.4786,-5.2933,-6.414 ],[-0.8818,-0.0589, 0.1932,-0.1494],0.2381
2604,[-0.8924, 0.0265,-0.2006,-0.126 ],[ -8.9566, -9.5117,-10.6686, -9.9475, -9.8316],[-0.8903, 0.0467,-0.2111,-0.1098],0.2676
2610,[-0.9057, 0.0685,-0.0447,-0.1638],[ 6.8027e-01,-2.3693e-01, 1.6175e+03, 8.1931e-01, 3.6551e+00],[-0.9066, 0.0659,-0.0448,-0.1711],0.4038
2611,[-0.8862, 0.0829, 0.0697,-0.1478],[-13.5804,-14.3864,-13.7136,-13.5011,-13.9661],[-0.8869, 0.0642, 0.0821,-0.1516],0.3051
2612,[-0.9074, 0.0837,-0.0882,-0.157 ],[8.2805e-01,2.3790e+03,5.6943e-01,8.3325e-01,8.3427e-01],[-0.9081, 0.0844,-0.0845,-0.164 ],0.3822
2614,[-0.8998, 0.1393,-0.1963,-0.1549],[ 0.4537,10.5586,-2.2004, 6.6759, 0.2254],[-0.8993, 0.1465,-0.197 ,-0.1556],0.2645
2620,[-0.9028,-0.0719, 0.0386,-0.1728],[ 2.6706e+00, 8.4764e+02,-4.1779e-02, 8.2235e-01, 1.1647e+00],[-0.9038,-0.068 , 0.0377,-0.1796],0.3925
2621,[-0.9067,-0.0806, 0.0907,-0.1686],[1.7362e+01,1.1225e-02,2.0663e+03,1.6614e+00,4.2657e-01],[-0.9074,-0.0822, 0.0882,-0.1758],0.3785
2622,[-0.895 ,-0.0705,-0.066 ,-0.1778],[-18.5043,-17.9892,-19.4645,-18.594 ,-18.1381],[-0.8958,-0.0529,-0.0757,-0.1834],0.3487
2623,[-0.8999,-0.1317, 0.1862,-0.1513],[ 0.0957,-1.6771,18.1402,12.8779, 0.7395],[-0.8995,-0.1387, 0.1867,-0.1474],0.2735
2630,[-0.897 , 0.1911,-0.0337,-0.162 ],[-11.9191,-13.0696,-11.2157,-12.2489,-12.319 ],[-0.8998, 0.1721,-0.0229,-0.1551],0.3308
2632,[-0.8983, 0.1905,-0.1268,-0.172 ],[ 0.8417,-0.6711,-1.3386,97.3971, 0.1097],[-0.9004, 0.1823,-0.1084,-0.1655],0.2932
2634,[-0.8914, 0.2024,-0.2095,-0.1664],[ 9.2057e-01, 5.3007e+02,-3.3971e-01, 4.9290e+00, 6.8624e-01],[-0.892 , 0.2033,-0.2005,-0.1725],0.2109
2636,[-0.8912, 0.2277,-0.2882,-0.1442],[ 0.1907,33.8021,-1.1909, 5.4859,-0.3791],[-0.8901, 0.2336,-0.2814,-0.1493],0.1548
2640,[-0.891 ,-0.1961, 0.0299,-0.1483],[-16.8282,-16.0524,-17.6105,-16.4721,-16.7194],[-0.8939,-0.177 , 0.0182,-0.1492],0.3082
2641,[-0.8953,-0.1929, 0.122 ,-0.1637],[ 0.5666,-1.2431, 0.1065,13.2372,-0.1471],[-0.8975,-0.1843, 0.1058,-0.1581],0.2825
2643,[-0.8922,-0.1984, 0.207 ,-0.1616],[ 2.7256e-01,-2.2057e-01, 2.3052e+02, 1.1232e+00, 1.0142e+00],[-0.8928,-0.1995, 0.1986,-0.1675],0.2161
2645,[-0.8907,-0.239 , 0.3224,-0.1806],[ 1.8097e-01,-1.0252e+00, 5.2828e+01,-4.0829e-03,-5.7382e-01],[-0.8889,-0.2464, 0.3145,-0.1765],0.1303
2650,[-0.8919, 0.2913,-0.0403,-0.1553],[-2.0395,-2.4184,-1.9372,-1.3155,-2.4356],[-0.8975, 0.2639,-0.0202,-0.1678],0.284
2652,[-0.8732, 0.3029,-0.0943,-0.1407],[-3.2455,-4.5458,-2.0698,-3.108 ,-3.5232],[-0.8788, 0.2847,-0.0809,-0.1425],0.1806
2654,[-0.8704, 0.3108,-0.2358,-0.1355],[ 0.0184, 3.7448,-0.1734, 3.517 ,-0.4418],[-0.8735, 0.3056,-0.2222,-0.1192],0.0967
2660,[-0.9013,-0.2865, 0.0463,-0.1511],[-1.5574,-1.4432,-2.3061,-1.3323,-1.6409],[-0.9066,-0.2576, 0.0239,-0.1348],0.3215
2661,[-0.8839,-0.314 , 0.1053,-0.1435],[-4.2782,-3.7761,-5.6272,-4.3064,-4.4659],[-0.8896,-0.2946, 0.0907,-0.1444],0.2108
2663,[-0.8861,-0.325 , 0.2272,-0.1539],[ 0.7369,-1.1785, 0.2857, 2.6117,-0.037 ],[-0.89  ,-0.3177, 0.2143,-0.1506],0.1474
2665,[-0.8803,-0.3061, 0.2926,-0.1473],[-2.0411e-02,-7.2088e-02, 3.2354e+01, 1.4313e+00, 1.4953e-01],[-0.8817,-0.3057, 0.2793,-0.1456],0.0973
2700,[-8.9971e-01,-1.4684e-03, 2.5107e-04,-2.7378e-01],[-40.4661,-39.922 ,-40.0533,-39.2151,-40.8236],[-9.0091e-01,-1.3182e-03, 3.0022e-04,-2.7106e-01],0.4031
2701,[-0.9014,-0.0399, 0.0745,-0.2679],[-104.8451,-105.3635,-103.6356,-104.4856,-105.5072],[-0.9023,-0.0452, 0.0768,-0.2706],0.3798
2702,[-0.8995, 0.0337,-0.0756,-0.2717],[-78.2078,-78.0154,-79.3031,-78.0253,-78.7616],[-0.9004, 0.04  ,-0.0791,-0.2746],0.3724
2703,[-0.87  ,-0.0554, 0.1705,-0.2744],[-6.4995,-7.2911,-5.7134,-6.5748,-6.17  ],[-0.8694,-0.0678, 0.176 ,-0.2853],0.1972
2710,[-0.8972, 0.0681,-0.0428,-0.2889],[ -4.59  , -5.2978,309.5766, -3.7916, -5.9872],[-0.8986, 0.0658,-0.0432,-0.2906],0.37
2712,[-0.8998, 0.0735,-0.0819,-0.29  ],[3.9584e-01,6.0072e+02,7.1086e-01,1.3946e+00,5.5036e-01],[-0.901 , 0.0751,-0.0793,-0.2923],0.3592
2714,[-0.9017, 0.1308,-0.1875,-0.2989],[ 0.6191,73.5167,-0.7666, 2.5237,-1.0748],[-0.9018, 0.1393,-0.1894,-0.2961],0.2806
2720,[-0.8984,-0.0663, 0.0416,-0.2816],[-17.4851, 87.6007,-18.1483,-16.6168,-19.5553],[-0.8998,-0.0635, 0.039 ,-0.2816],0.3776
2721,[-0.9016,-0.0739, 0.0827,-0.2814],[ 9.9486e-01,-5.4646e-03, 4.1745e+02, 4.7504e+00, 1.7198e+00],[-0.9027,-0.0757, 0.0805,-0.2852],0.3655
2723,[-0.8735,-0.1019, 0.1796,-0.2844],[12.1332,-1.5614,14.9722, 5.0828,-0.1881],[-0.8732,-0.1103, 0.1795,-0.2763],0.1934
2732,[-0.883 , 0.182 ,-0.1273,-0.2953],[-0.0245,-1.714 ,-1.9448, 2.2424,-1.3938],[-0.8855, 0.1754,-0.1054,-0.2847],0.2405
2734,[-0.8842, 0.1876,-0.187 ,-0.2844],[ 0.8012,85.1226,-0.4447, 1.64  , 0.4095],[-0.8856, 0.1882,-0.1752,-0.2856],0.2053
2741,[-0.8818,-0.2063, 0.1166,-0.2585],[-0.5873,-0.9016,-0.5728, 7.1045,-1.5775],[-0.8847,-0.1973, 0.1017,-0.2459],0.2295
2745,[-0.9017,-0.2042, 0.3609,-0.2827],[ 0.08  ,-1.8947, 6.7744,17.1354, 0.0386],[-0.8974,-0.2202, 0.3635,-0.2741],0.1471
2800,[-0.8798,-0.0194, 0.007 ,-0.3885],[  2.7564,  1.3346,  2.5355,189.9867,  0.8265],[-0.8815,-0.0178, 0.0059,-0.3794],0.3234
2802,[-0.8868, 0.0523,-0.1092,-0.377 ],[ 1.0391e-01, 1.6308e+02,-5.4729e-01, 4.1545e-01, 4.3043e-01],[-0.8879, 0.0596,-0.1077,-0.3882],0.2981
2810,[-0.895 , 0.0661,-0.0454,-0.3831],[ 0.4309,-0.0943, 7.6445, 9.0355,-0.3319],[-0.8968, 0.0646,-0.0469,-0.3777],0.3602
2812,[-0.8977, 0.0897,-0.0924,-0.3849],[  1.2267,  1.7551,  0.348 ,280.6329,  0.6332],[-0.8993, 0.0906,-0.0868,-0.378 ],0.3407
2814,[-0.8965, 0.1177,-0.199 ,-0.3869],[ 1.1914, 1.3551,-0.368 ,45.6461,-0.5744],[-0.8963, 0.1295,-0.2045,-0.3794],0.2564
2820,[-0.8855,-0.0654, 0.0434,-0.396 ],[ 1.7785e+00, 2.0891e+02, 3.3585e-01, 2.3528e+00,-7.9041e-02],[-0.8874,-0.0642, 0.048 ,-0.4032],0.3213
2821,[-0.8926,-0.0707, 0.074 ,-0.3967],[  1.6186,  0.7856,  2.7529,226.8769,  0.3588],[-0.8943,-0.072 , 0.0736,-0.3883],0.3348
3334,[-0.8553, 0.266 ,-0.209 , 0.1301],[-1.4699,-0.432 ,-2.7903,-3.0329,-0.9674],[-0.8567, 0.2606,-0.196 , 0.1273],0.0751
3343,[-0.8652,-0.1733, 0.2168, 0.1287],[-1.659 ,-3.3035,-0.0451,-2.7775,-0.7222],[-0.864 ,-0.1752, 0.2062, 0.1137],0.1255
3352,[-0.8583, 0.3364,-0.1304, 0.1384],[-2.1681,-3.0664,-0.2774,-2.7915,-0.5579],[-0.8635, 0.3208,-0.1172, 0.1343],0.1022
3354,[-0.8499, 0.3639,-0.2098, 0.137 ],[ 1.0381, 2.3905, 0.4724, 0.5363,33.1081],[-0.8545, 0.3538,-0.2009, 0.1392],0.0339
3374,[-0.8603, 0.3919,-0.1884, 0.1313],[ 1.0197,-0.2895,35.8505, 0.1744, 0.2889],[-0.8664, 0.3788,-0.1818, 0.1463],0.0629
3400,[-0.8604, 0.0037, 0.0158, 0.0079],[0.8745,1.7118,1.4723,0.2969,5.3396],[-0.8605, 0.0018, 0.0177,-0.0077],0.2485
3402,[-0.8659,-0.0161,-0.0833, 0.0079],[ 0.6282, 1.587 ,-1.9988,-1.5312, 2.7511],[-0.8654,-0.0059,-0.0935,-0.0073],0.2396
3412,[-0.8617, 0.105 ,-0.1467, 0.0314],[-0.8352, 0.8743,-3.15  ,-3.0576, 0.7176],[-0.8612, 0.1074,-0.1343, 0.0165],0.1698
3414,[-0.8635, 0.1304,-0.2135, 0.0413],[-0.8597, 1.6249,-2.0494,-0.2587, 1.5216],[-0.8618, 0.1365,-0.2086, 0.0262],0.1325
3420,[-0.8659,-0.0703, 0.0292, 0.0079],[-3.6927,-3.289 ,-4.9608,-5.1662,-3.4812],[-0.8662,-0.0661, 0.025 ,-0.0073],0.2456
3421,[-0.8614,-0.1419, 0.1137, 0.0197],[ 0.2948,-2.1642, 2.2465,-2.3033, 2.1204],[-0.8619,-0.139 , 0.1079, 0.0133],0.1703
3430,[-0.8634, 0.2185,-0.0386, 0.0323],[-5.4328,-7.2399,-4.6592,-5.9956,-4.9985],[-0.8661, 0.2022,-0.0286, 0.0172],0.1909
3432,[-0.8565, 0.24  ,-0.1017, 0.0442],[ 1.362 ,-0.5505, 0.0467,-0.3252, 2.3008],[-0.8593, 0.2283,-0.0896, 0.0369],0.1353
3434,[-0.855 , 0.2455,-0.2084, 0.0575],[ 0.3838, 3.268 ,-0.5439,-0.1089, 1.0147],[-0.856 , 0.2421,-0.1989, 0.0603],0.079
3441,[-0.8601,-0.234 , 0.1321, 0.0463],[-2.1271,-2.5782,-2.8245,-3.8464,-1.9139],[-0.8623,-0.2251, 0.1217, 0.043 ],0.1343
3443,[-0.8522,-0.2319, 0.2003, 0.0491],[ 0.4542,-1.1112, 7.6837, 0.1968, 7.41  ],[-0.8532,-0.229 , 0.1897, 0.0428],0.0807
3445,[-0.8646,-0.2318, 0.2917, 0.0713],[ 0.2678,-0.7892,31.9806,-0.4197,-0.1952],[-0.863 ,-0.2345, 0.2798, 0.0591],0.0712
3452,[-0.8545, 0.3319,-0.1302, 0.046 ],[-1.0073,-1.249 , 5.3509,-0.8617, 0.4555],[-0.8598, 0.3171,-0.1174, 0.0576],0.0928
3454,[-0.8544, 0.3506,-0.2163, 0.0552],[ 0.7026,30.7291, 0.5475, 1.1003, 3.0593],[-0.8586, 0.3419,-0.2068, 0.0644],0.0467
3456,[-0.8591, 0.3828,-0.2819, 0.0752],[ 0.1542, 4.7568,-1.7505, 2.624 , 1.2607],[-0.8627, 0.3766,-0.271 , 0.0886],0.0195
3461,[-0.8577,-0.3192, 0.1371, 0.0293],[-0.3383, 3.0208,-1.8356,-0.3225, 0.1553],[-0.8625,-0.3055, 0.1246, 0.0348],0.1026
3463,[-0.8489,-0.3447, 0.2256, 0.0284],[1.5013,0.2126,6.943 ,0.4068,2.8669],[-0.8528,-0.3374, 0.2174, 0.0284],0.0292
3465,[-0.8444,-0.3757, 0.2926, 0.035 ],[ 0.3488,-1.0147, 2.4051,-0.1864,14.5057],[-0.8475,-0.3716, 0.2863, 0.0295],-0.0221
3472,[-0.8525, 0.4108,-0.1507, 0.0516],[-1.9819,-3.7552,-0.8665,-3.2633,-0.7643],[-0.8606, 0.3948,-0.139 , 0.0605],0.0572
3474,[-0.8488, 0.4291,-0.2236, 0.0473],[ 2.5246, 0.4164, 3.0169,29.7308, 2.1813],[-0.856 , 0.4188,-0.2151, 0.0616],0.0082
3476,[-0.8498, 0.415 ,-0.3289, 0.0555],[ 1.7023,16.1764, 0.3968, 4.6557, 0.7655],[-0.8532, 0.411 ,-0.3223, 0.0666],-0.0354
3478,[-0.8528, 0.466 ,-0.3902, 0.023 ],[ 0.4405,14.5732,-1.1736, 1.3399, 0.1386],[-0.856 , 0.464 ,-0.3878, 0.0375],-0.0737
3481,[-0.8481,-0.4151, 0.1479, 0.0368],[-1.2628, 2.2903,-2.2101,-0.8585,-0.3851],[-0.8565,-0.3992, 0.135 , 0.0367],0.0467
3483,[-0.8473,-0.4409, 0.2156, 0.0363],[ 1.624 ,12.9723,-0.2187, 1.9272, 0.6232],[-0.8553,-0.4298, 0.2059, 0.0443],0.0057
3485,[-0.85  ,-0.432 , 0.3039, 0.032 ],[0.9852,0.7164,9.4129,1.2833,0.3717],[-0.855 ,-0.4267, 0.2977, 0.046 ],-0.0279
3493,[-0.8412,-0.5106, 0.2529, 0.038 ],[-15.4554,-15.2117,-14.6904,-15.0659,-14.7973],[-0.8511,-0.5017, 0.2446, 0.0493],-0.0451
3494,[-0.8333, 0.5201,-0.2332, 0.0744],[-20.8245,-21.2696,-21.0974,-21.4656,-22.1218],[-0.8441, 0.5104,-0.2268, 0.0876],-0.0577
3495,[-0.8351,-0.5041, 0.3045, 0.0156],[-11.7446,-12.4308,-12.2621,-12.4676,-13.0975],[-0.8432,-0.4987, 0.2991, 0.0305],-0.0814
3496,[-0.8443, 0.5655,-0.2966, 0.0385],[-12.851 ,-12.9279,-14.0324,-12.8075,-12.4314],[-0.8552, 0.5596,-0.2903, 0.0536],-0.0735
3500,[-8.5934e-01, 3.7451e-04,-8.5601e-03,-5.4124e-02],[-8.1221,-7.5867,-7.9169,-9.5661,-6.9707],[-0.8596, 0.0011,-0.0084,-0.0653],0.2381
3501,[-0.8606,-0.0209, 0.0809,-0.066 ],[-0.5433,-2.5694, 0.4754,-1.9393, 0.5448],[-0.8605,-0.0268, 0.0848,-0.0793],0.2157
3502,[-0.8617, 0.0278,-0.0791,-0.0281],[-3.9243,-2.6653,-5.6881,-5.3232,-2.5434],[-0.8615, 0.0326,-0.0801,-0.0359],0.2188
3510,[-0.8616, 0.1061,-0.0195,-0.0663],[-15.2597,-16.6064,-14.0496,-16.6713,-14.7086],[-0.8627, 0.098 ,-0.0149,-0.0775],0.2182
3511,[-0.8607, 0.0568, 0.0612,-0.0305],[-6.9859,-7.8194,-5.5824,-6.3592,-6.331 ],[-0.8608, 0.045 , 0.073 ,-0.0446],0.2155
3512,[-0.8599, 0.1178,-0.1071,-0.0373],[-2.8909,-0.2941,-4.1791,-3.9459,-0.7228],[-0.8603, 0.1167,-0.103 ,-0.0477],0.1756
3514,[-0.8615, 0.1385,-0.183 ,-0.0434],[ 2.1278,25.1968,-1.8373, 0.5484, 3.2616],[-0.8608, 0.1423,-0.1823,-0.0505],0.1373
3520,[-0.8613,-0.1013, 0.0289,-0.0401],[-14.7046,-14.1838,-15.1681,-15.468 ,-14.0621],[-0.8621,-0.0945, 0.0238,-0.0506],0.2175
3521,[-0.8604,-0.1339, 0.1093,-0.0403],[-2.5333,-4.9099,-2.1846,-4.7616,-1.9323],[-0.8611,-0.1315, 0.1042,-0.0507],0.1721
3522,[-0.8423,-0.0882,-0.0816,-0.0908],[-4.607 ,-3.9357,-6.3797,-4.6828,-4.4993],[-0.8428,-0.0738,-0.0893,-0.1052],0.1383
3523,[-0.8631,-0.1449, 0.1776,-0.0063],[ 0.1831,-0.4343,26.0808, 0.0891, 0.1074],[-0.8625,-0.1475, 0.176 ,-0.0068],0.1431
3530,[-0.8582, 0.1955,-0.0378,-0.0406],[ -9.0787,-10.0293, -7.692 , -9.0438, -8.7022],[-0.8607, 0.1814,-0.0271,-0.0533],0.1813
3532,[-0.8545, 0.2249,-0.104 ,-0.0295],[ 4.1879e-01,-1.2278e+00, 6.7732e-01, 3.2290e-03, 3.2702e+00],[-0.8572, 0.215 ,-0.0947,-0.0395],0.1321
3534,[-0.8593, 0.2208,-0.2156,-0.027 ],[ 2.1618,21.5079,-0.7834, 0.3252,-0.0979],[-0.8597, 0.22  ,-0.2079,-0.0302],0.0949
3536,[-0.8662, 0.2338,-0.2955,-0.1238],[ 0.1531,36.8472,-0.7598,-0.4847,-0.3867],[-0.8651, 0.2383,-0.2862,-0.1348],0.0733
3540,[-0.855 ,-0.2159, 0.0273,-0.0434],[-7.9763,-6.2751,-8.8028,-8.3168,-7.6125],[-0.8581,-0.1994, 0.0136,-0.0507],0.1683
3541,[-0.8569,-0.2268, 0.1117,-0.0274],[-2.2846,-3.1115,-2.9932,-3.2672,-0.2654],[-0.8595,-0.2172, 0.1032,-0.0355],0.1351
3543,[-0.8626,-0.2331, 0.213 ,-0.0045],[ 0.9659,-0.5738,50.3421, 0.2874, 0.4211],[-0.8633,-0.231 , 0.2053,-0.0066],0.1023
3545,[-0.8642,-0.2375, 0.286 , 0.    ],[ 0.8608,-1.3553,42.8374,-0.3858, 0.1393],[-0.8629,-0.2404, 0.2819, 0.    ],0.0677
3550,[-0.8647, 0.2982,-0.0548, 0.    ],[-3.9715,-4.8445,-1.8788,-3.2228,-3.0444],[-0.8698, 0.2774,-0.0409, 0.    ],0.169
3552,[-0.849 , 0.32  ,-0.1301,-0.0206],[-0.0892,-1.9377,30.251 ,-0.6632, 0.8968],[-0.8542, 0.3066,-0.1181,-0.0237],0.0809
3554,[-0.8494, 0.3415,-0.2082,-0.0099],[ 0.9389,50.0454, 0.7928, 1.3991, 0.9421],[-0.8537, 0.3333,-0.199 ,-0.0114],0.0399
3556,[-0.8511, 0.3611,-0.3003,-0.0366],[ 1.6441e+00, 2.1241e+01,-8.3235e-01, 2.1210e-02, 1.5728e+00],[-0.8536, 0.3584,-0.296 ,-0.0448],-0.0058
3560,[-0.8586,-0.2945, 0.044 ,-0.0471],[-2.822 ,-2.87  ,-5.4213,-3.3385,-3.4116],[-0.864 ,-0.2734, 0.0269,-0.0526],0.1567
3561,[-0.8511,-0.3281, 0.1296,-0.02  ],[-0.8096,13.7907,-1.8603,-0.2583,-0.1221],[-0.8566,-0.3141, 0.1172,-0.0231],0.085
3563,[-0.8496,-0.3489, 0.2144,-0.0218],[ 1.3624, 1.3073,35.5266, 2.17  , 1.7621],[-0.8542,-0.3408, 0.2047,-0.0268],0.036
3565,[-0.8559,-0.3599, 0.3145,-0.0012],[ 0.0448,-0.6468,38.0927, 0.8185, 0.3482],[-0.8577,-0.3575, 0.3096,-0.0023],-0.0006
3572,[-0.845 , 0.4165,-0.149 ,-0.0381],[-1.9886,-3.5234,-0.3495,-1.9328,-2.3497],[-0.8537, 0.4013,-0.1376,-0.0334],0.0372
3574,[-0.8428, 0.4308,-0.2194,-0.0168],[ 1.2811, 1.0098, 1.4209,40.2353, 0.2521],[-0.8505, 0.4209,-0.2103,-0.0148],-0.0047
3576,[-0.8443, 0.4303,-0.3145,-0.0012],[ 1.3147,43.468 ,-0.4007, 7.7127, 0.8294],[-0.8489, 0.4261,-0.3101, 0.0012],-0.0466
3578,[-0.8481, 0.4686,-0.3928, 0.    ],[ 1.1726,57.3607,-0.8766, 1.0349,-0.5667],[-0.8513, 0.4669,-0.3911, 0.0156],-0.086
3581,[-0.8458,-0.4101, 0.1534,-0.0221],[-2.3528,-1.2886,-3.7127,-2.5885,-1.5549],[-0.8541,-0.3953, 0.1417,-0.0291],0.0389
3583,[-0.8431,-0.4241, 0.2197,-0.009 ],[ 1.1172e+00, 3.4242e+01,-2.5183e-02, 1.1546e+00,-8.6958e-03],[-0.8504,-0.4142, 0.2109,-0.0102],-0.0027
3585,[-0.8439,-0.4255, 0.3044,-0.0132],[ 1.1038, 0.0175,17.0539, 1.6291, 0.3363],[-0.8487,-0.421 , 0.2983,-0.0117],-0.0407
3593,[-0.8258,-0.5045, 0.268 , 0.    ],[-15.9639,-16.9178,-16.9574,-16.2264,-16.4004],[-0.8352,-0.4977, 0.2612, 0.    ],-0.0847
3594,[-0.8434, 0.5089,-0.2628, 0.    ],[-22.378 ,-22.8551,-22.1861,-23.139 ,-22.6271],[-0.8531, 0.5009,-0.2546, 0.0039],-0.0441
3595,[-0.839 ,-0.5122, 0.2901, 0.    ],[-4.5604,-5.1323,-6.2937,-3.909 ,-6.9566],[-0.848 ,-0.5058, 0.2838, 0.0156],-0.0671
3600,[-0.862 , 0.0098,-0.0126,-0.1736],[-26.4913,-27.1058,-27.4837,-27.9677,-26.1419],[-0.8628, 0.0102,-0.013 ,-0.1861],0.2459
3601,[-0.8583,-0.0393, 0.0943,-0.1656],[-12.9866,-14.8557,-12.0687,-14.241 ,-12.4528],[-0.8586,-0.0448, 0.0962,-0.1795],0.1996
3602,[-0.85  , 0.0079,-0.0821,-0.1853],[-15.6162,-14.6208,-16.8551,-16.6258,-14.7908],[-0.8505, 0.0143,-0.081 ,-0.2006],0.1856
3610,[-0.8622, 0.0898,-0.0269,-0.1665],[-22.6055,-24.1417,-22.3271,-24.3289,-21.8523],[-0.8634, 0.0843,-0.0269,-0.1816],0.2216
3612,[-0.8635, 0.1139,-0.1017,-0.1668],[0.0502,5.329 ,0.0937,0.6184,5.8314],[-0.8645, 0.1126,-0.0946,-0.1799],0.1945
3614,[-0.8607, 0.1518,-0.2029,-0.173 ],[ 1.7037,14.5633,-1.4386, 0.045 , 9.1406],[-0.8603, 0.1567,-0.2011,-0.1886],0.1231
3620,[-0.8593,-0.1028, 0.0353,-0.1823],[-31.6361,-30.5624,-32.5366,-32.2123,-31.4152],[-0.8608,-0.0965, 0.029 ,-0.1972],0.213
3621,[-0.8618,-0.1068, 0.1044,-0.1859],[-4.6328,-5.68  ,-4.0258,-5.6222,-2.8413],[-0.8627,-0.1066, 0.0983,-0.1996],0.1892
3623,[-0.8635,-0.1529, 0.2026,-0.149 ],[-0.2434,-1.0716,18.5963, 0.4951,-0.5111],[-0.8632,-0.1569, 0.1924,-0.1564],0.1354
3630,[-0.8595, 0.193 ,-0.0352,-0.1624],[-12.6276,-14.2748,-11.6537,-12.9786,-12.1561],[-0.8625, 0.1793,-0.0287,-0.1783],0.1875
3632,[-0.86  , 0.2023,-0.0792,-0.1501],[ 5.4632,-0.1607, 0.5076,-0.3333,30.6322],[-0.8629, 0.192 ,-0.0728,-0.1627],0.1671
3634,[-0.8629, 0.2047,-0.2323,-0.1804],[ 0.9878,27.6884,-0.6223, 1.6237, 0.8134],[-0.8631, 0.2073,-0.2243,-0.1896],0.1031
3636,[-0.8651, 0.2383,-0.2862,-0.1348],[-0.5129,32.3888,-0.736 , 0.1424,-0.8567],[-0.8645, 0.2418,-0.2753,-0.1453],0.0743
3640,[-0.8608,-0.2447, 0.0257,-0.1341],[-13.3975,-12.1469,-13.9829,-12.7684,-12.9285],[-0.865 ,-0.2253, 0.0114,-0.1388],0.1844
3641,[-0.853 ,-0.2132, 0.1224,-0.1817],[-2.1222,-2.938 ,-1.8192,-2.9802,-1.5809],[-0.8558,-0.2066, 0.1167,-0.1955],0.1232
3643,[-0.8542,-0.2664, 0.1834,-0.1554],[ 0.396 ,-0.7942,18.4449, 0.8304, 0.6231],[-0.8573,-0.2606, 0.172 ,-0.1705],0.0859
3652,[-0.8543, 0.319 ,-0.1164,-0.1359],[-1.6283,-2.5494,21.6473,-1.6012,-1.445 ],[-0.8601, 0.3048,-0.108 ,-0.1451],0.1022
3654,[-0.8635, 0.3391,-0.2612,-0.1332],[ 0.8532, 3.8674,-0.0214,13.8957, 1.8577],[-0.8668, 0.3348,-0.2493,-0.1321],0.055
3656,[-0.8555, 0.3605,-0.2851,-0.1254],[ 1.1928,16.7955,-0.9268, 2.2575,-0.0931],[-0.8588, 0.3572,-0.2752,-0.1347],0.015
3661,[-0.8555,-0.3395, 0.1359,-0.1558],[-2.2097,-1.4017,-4.5002,-2.3875,-2.6693],[-0.8619,-0.3255, 0.1232,-0.1582],0.0942
3663,[-0.8562,-0.3179, 0.1962,-0.1346],[2.6489,0.767 ,3.486 ,3.6471,1.6642],[-0.8607,-0.3097, 0.1806,-0.1352],0.0739
3681,[-0.8347,-0.405 , 0.1445,-0.1615],[-1.4242,-0.5933,-1.8806,-1.2847,-1.4092],[-0.8436,-0.3915, 0.1358,-0.1775],0.0141
3700,[-0.8594, 0.024 ,-0.0064,-0.3104],[25.488 , 7.2494, 4.4104, 0.7559,21.658 ],[-0.8608, 0.0217, 0.0012,-0.3228],0.2401
3701,[-0.864 ,-0.0285, 0.0699,-0.3033],[ 0.5911,-4.6627, 2.3149,-2.8209, 0.5214],[-0.8652,-0.0331, 0.0714,-0.3169],0.2366
3702,[-0.8466, 0.036 ,-0.0749,-0.2758],[-0.219 ,26.6239,-0.523 ,-0.0962,-0.1652],[-0.8477, 0.0386,-0.0626,-0.2877],0.1761
3710,[-0.8659, 0.0706,-0.0505,-0.2658],[ 5.3876,-1.3449, 6.515 ,-1.9574,-0.3586],[-0.8673, 0.0691,-0.0498,-0.2828],0.239
3712,[-0.8647, 0.117 ,-0.0945,-0.2728],[ 2.92  ,67.4357, 0.3898, 0.7642, 0.726 ],[-0.8664, 0.1142,-0.0777,-0.2806],0.207
3720,[-0.8612,-0.0627, 0.0356,-0.2933],[ 3.4498,40.3478,-1.1934,-0.6282,40.7375],[-0.8626,-0.0605, 0.0352,-0.3031],0.2307
3721,[-0.8608,-0.079 , 0.0826,-0.2881],[ 2.4121,-0.3758,45.7909, 1.63  , 2.8643],[-0.8621,-0.0794, 0.0765,-0.2989],0.2059
3732,[-0.8634, 0.1695,-0.141 ,-0.2953],[74.7167, 1.7518, 1.1428, 3.717 , 0.2888],[-0.8655, 0.1664,-0.1208,-0.2939],0.1667
3734,[-0.863 , 0.1796,-0.1873,-0.2731],[ 7.5962e-01, 2.9869e+01, 1.4391e-01,-1.7232e-02, 9.1587e-02],[-0.864 , 0.1811,-0.1809,-0.2862],0.133
3741,[-0.8591,-0.2159, 0.1075,-0.2725],[ 1.6946, 0.2393, 0.2439,20.8187, 2.8218],[-0.8625,-0.2075, 0.1003,-0.2756],0.1492
3800,[-0.8645,-0.0096, 0.049 ,-0.3883],[956.301 ,  2.0263,  1.7841,  4.3383,  1.9021],[-0.8661,-0.0133, 0.0443,-0.3945],0.2584
4443,[-0.8198,-0.2738, 0.2178, 0.0443],[ 0.1219,-2.2307, 1.6474,-1.3737, 0.8005],[-0.8213,-0.2702, 0.2126, 0.0577],-0.0265
4463,[-0.8163,-0.3477, 0.2378, 0.0205],[ 0.5325,-0.3356, 1.3173,-0.2525, 6.5933],[-0.82  ,-0.3426, 0.2329, 0.0201],-0.0582
4474,[-0.8096, 0.4479,-0.2321, 0.0341],[ 1.3537, 0.2501,22.1361, 0.8799, 3.5846],[-0.8174, 0.44  ,-0.2249, 0.0483],-0.0909
4476,[-0.8034, 0.4079,-0.2803, 0.023 ],[ 0.532 ,11.9752,-0.1734, 1.7569, 1.7654],[-0.8081, 0.4034,-0.2753, 0.0382],-0.1138
4483,[-0.8082,-0.4409, 0.2224, 0.0233],[ 1.4063, 2.7439, 0.5702, 0.918 ,11.9104],[-0.8161,-0.4326, 0.2146, 0.0252],-0.0878
4485,[-0.8034,-0.4451, 0.332 , 0.0154],[ 1.4606,-0.6828, 2.6841, 0.3747, 4.4664],[-0.8079,-0.4421, 0.3282, 0.0152],-0.1408
4493,[-0.8106,-0.5327, 0.2487, 0.023 ],[-13.0821,-12.3664,-12.1129,-12.1515,-12.6773],[-0.8217,-0.5253, 0.2415, 0.0379],-0.1143
4494,[-0.8025, 0.534 ,-0.2427, 0.0269],[-20.6214,-19.7221,-19.2508,-19.178 ,-19.7971],[-0.8138, 0.5265,-0.2359, 0.0419],-0.1272
4495,[-8.1015e-01,-5.1275e-01, 2.8923e-01, 7.8125e-05],[-11.6909,-12.6634,-12.9062,-12.5008,-13.01  ],[-0.8193,-0.5076, 0.2816,-0.0155],-0.1258
4552,[-0.8154, 0.336 ,-0.1443,-0.0236],[-0.3107,-1.3488,22.0111, 0.111 , 0.5339],[-0.8211, 0.3255,-0.1341,-0.0316],-0.0194
4554,[-0.8125, 0.3715,-0.2012,-0.0136],[ 9.6999e-01, 2.7625e+01,-1.5108e-02, 1.1285e+00, 1.5420e+00],[-0.8182, 0.3636,-0.1935,-0.0221],-0.0564
4561,[-0.8133,-0.3687, 0.1436,-0.0196],[-0.5634,13.2209,-1.2131,-0.9601, 0.5647],[-0.8202,-0.3571, 0.1328,-0.0289],-0.031
4563,[-0.8118,-0.3497, 0.2137,-0.0159],[1.5343,0.2464,9.9954,0.4767,4.0963],[-0.8164,-0.3432, 0.2065,-0.0201],-0.058
4565,[-0.8173,-0.3668, 0.2798,-0.0078],[-0.0218,-0.6298,12.7816, 0.2015, 0.2555],[-0.8205,-0.3634, 0.2764,-0.023 ],-0.077
4572,[-0.8047, 0.425 ,-0.1526,-0.054 ],[-0.6243,-2.6961, 2.9479,-0.2192,-2.0997],[-0.8138, 0.4133,-0.1437,-0.0576],-0.0652
4574,[-0.805 , 0.4481,-0.217 ,-0.0134],[ 0.5151, 0.5179,50.5053, 0.7277, 0.9058],[-0.8135, 0.4398,-0.2093,-0.0185],-0.0938
4576,[-0.7966, 0.4447,-0.2861, 0.    ],[ 0.5668,32.6653, 0.2088, 1.753 , 0.4117],[-0.8028, 0.4402,-0.2816, 0.0039],-0.1355
4581,[-0.8073,-0.4128, 0.16  ,-0.041 ],[-1.6373, 2.5062,-3.0085,-2.326 ,-0.1463],[-0.8158,-0.4015, 0.1499,-0.0534],-0.0592
4583,[-0.8057,-0.44  , 0.2119,-0.0075],[ 0.6661,28.7465, 0.7593, 0.745 ,-0.0379],[-0.8139,-0.4315, 0.2038,-0.0085],-0.0887
4585,[-0.8054,-0.445 , 0.312 ,-0.0137],[ 0.4808,-0.3312,19.8144, 0.8208, 0.755 ],[-0.8108,-0.4414, 0.3074,-0.0164],-0.1289
4593,[-0.7945,-0.5142, 0.2342, 0.    ],[-17.9388,-17.7745,-17.5059,-16.9954,-17.3447],[-0.8054,-0.5067, 0.2264, 0.0039],-0.1342
4594,[-0.803 , 0.5129,-0.2381,-0.0014],[-23.5742,-23.5518,-24.1078,-23.3845,-24.124 ],[-8.1369e-01, 5.0525e-01,-2.3019e-01, 7.8194e-05],-0.1192
4595,[-0.7991,-0.5229, 0.293 ,-0.0062],[-4.2372,-4.6763,-3.2272,-4.5932,-3.8434],[-8.0853e-01,-5.1814e-01, 2.8707e-01, 4.6875e-05],-0.1492
4596,[-0.8001, 0.5559,-0.2988, 0.    ],[-6.5727,-7.0974,-6.6252,-5.8282,-7.0698],[-0.8107, 0.5519,-0.2945, 0.0052],-0.1585
4663,[-0.8206,-0.2915, 0.1699,-0.1348],[ 0.759 , 0.0486,14.7815, 1.4102, 7.4842],[-0.8248,-0.2846, 0.157 ,-0.1511],-0.005
4681,[-0.8209,-0.4236, 0.157 ,-0.1375],[-1.6808,-0.9867,-2.5038,-1.8506,-1.5145],[-0.8302,-0.4115, 0.1487,-0.1538],-0.0301
5483,[-0.7732,-0.4639, 0.1978, 0.0156],[ 1.2795, 1.0794, 1.0298, 0.3278,14.3376],[-7.8284e-01,-4.5554e-01, 1.8941e-01, 7.8125e-05],-0.1511
5494,[-0.7662, 0.509 ,-0.2491, 0.0079],[-18.7932,-17.7723,-17.954 ,-18.9055,-18.235 ],[-0.7764, 0.5032,-0.2434,-0.0077],-0.1873
5574,[-0.7646, 0.4756,-0.2024,-0.0153],[ 1.9517, 2.359 ,38.4847, 0.3817, 2.8566],[-0.7747, 0.4678,-0.1949,-0.0272],-0.1691
5583,[-0.7652,-0.4668, 0.2139,-0.0131],[ 1.2801, 3.439 , 1.8761, 0.4772,27.0054],[-0.7747,-0.4596, 0.2067,-0.0196],-0.1697
5585,[-0.7741,-0.4653, 0.2831, 0.    ],[ 0.7285,-0.2684,18.7126, 0.2399, 0.8486],[-0.7813,-0.4608, 0.2787, 0.0156],-0.1779
5593,[-0.775 ,-0.5075, 0.2619, 0.    ],[-16.0518,-15.9714,-14.6361,-15.489 ,-15.7189],[-0.7848,-0.502 , 0.2564, 0.    ],-0.1772
5594,[-0.7605, 0.5165,-0.2409, 0.    ],[-24.1142,-24.1024,-24.0291,-24.2592,-24.2977],[-0.7713, 0.5104,-0.2342, 0.0026],-0.1943
5596,[-0.7641, 0.5169,-0.2853, 0.    ],[-6.9395,-1.4756,-7.3488,-4.3434,-7.003 ],[-0.7736, 0.5126,-0.2806, 0.    ],-0.2032
6583,[-0.7292,-0.4983, 0.2237, 0.    ],[1.4695e+00,6.0415e-01,2.4512e+00,3.1798e-02,3.4437e+01],[-0.7397,-0.4923, 0.2177,-0.0156],-0.2322
6594,[-0.7274, 0.5133,-0.2584, 0.    ],[-22.2834,-21.445 ,-22.347 ,-21.5513,-22.5172],[-0.7376, 0.5087,-0.2534, 0.    ],-0.2457
7542,[-0.6601,-0.2149,-0.0628, 0.    ],[-585.1612,-585.8545,-585.9126,-585.5918,-586.6343],[-8.8770e-01,-5.8097e-03, 5.3063e-04, 0.0000e+00],0.2003
