200,[-0.9584, 0.0221,-0.0172, 0.281 ],[ 0.6074, 0.862 , 2.1381, 0.7337,-0.2395],[-0.9571, 0.021 ,-0.0189, 0.2902],0.2846
202,[-0.9564, 0.0537,-0.0614, 0.2618],[-0.3753, 1.8163,-0.6202,-0.1548,-0.7995],[-0.9551, 0.0543,-0.0615, 0.274 ],0.273
210,[-0.9587, 0.0617,-0.0346, 0.2563],[-0.7187,-1.4691, 0.7034,-0.7553,-0.8339],[-0.9576, 0.0547,-0.0369, 0.27  ],0.2731
221,[-0.9581,-0.1361, 0.1593, 0.2667],[0.8384,0.0869,2.5111,2.4938,0.2698],[-0.9566,-0.1379, 0.1596, 0.2804],0.1932
300,[-0.9597, 0.0079,-0.0067, 0.1666],[-0.6702,-1.484 ,-1.1507, 0.9105,-2.3338],[-0.9589, 0.0067,-0.0044, 0.1778],0.2852
301,[-0.9608,-0.042 , 0.0765, 0.1613],[-1.5297,-2.1539,-0.148 ,-1.1492,-2.0958],[-0.9598,-0.0524, 0.0848, 0.1735],0.2471
302,[-0.9611, 0.0508,-0.0628, 0.1685],[-2.3011,-1.1367,-2.6807,-2.1035,-2.4883],[-0.9602, 0.0536,-0.0651, 0.1825],0.2528
310,[-0.9632, 0.0772,-0.0371, 0.2114],[-2.1222,-2.405 ,-0.0583,-2.3634,-2.2187],[-0.9625, 0.0595,-0.0136, 0.2243],0.2576
312,[-0.9631, 0.0851,-0.0907, 0.169 ],[-0.3523, 0.2806,-1.7587, 1.5082,-1.7524],[-0.9623, 0.0832,-0.0841, 0.1809],0.2256
320,[-0.9615,-0.0593, 0.044 , 0.2484],[-2.1859,-0.677 ,-2.6357,-1.576 ,-2.1677],[-0.9605,-0.0508, 0.0297, 0.2628],0.2666
321,[-0.9599,-0.0846, 0.102 , 0.1782],[ 1.2006,-0.616 , 1.5159, 2.7148,-0.3545],[-0.9588,-0.0874, 0.1023, 0.1915],0.2292
332,[-0.9579, 0.1996,-0.1056, 0.1835],[-1.6618,-1.9154, 0.1695,-0.9495,-1.6771],[-0.9588, 0.1709,-0.0812, 0.1963],0.204
400,[-0.9609,-0.0046, 0.0025, 0.0584],[ 0.5226, 2.6019, 1.514 ,10.7665,-0.9024],[-0.9606,-0.0045, 0.0044, 0.0731],0.2788
401,[-0.9607,-0.0433, 0.0697, 0.0647],[-0.9681,-2.1087, 1.0948,-0.8797,-2.016 ],[-0.9601,-0.0523, 0.0797, 0.078 ],0.2475
402,[-0.9638, 0.0418,-0.0683, 0.0618],[-1.2432,-0.2276,-2.4947,-1.4635,-2.8486],[-0.9633, 0.0505,-0.0752, 0.0765],0.2384
410,[-0.9612, 0.0694,-0.0376, 0.0623],[-1.5079,-1.9065, 0.6483,-1.6795,-2.376 ],[-0.9611, 0.0575,-0.0241, 0.0722],0.2641
412,[-0.9668, 0.0889,-0.095 , 0.0618],[ 2.2163, 2.5122,-1.166 , 2.2933,-1.6683],[-0.9664, 0.0888,-0.0914, 0.0738],0.2064
414,[-0.9563, 0.0926,-0.1942, 0.0102],[-0.6016,-0.2322,-1.4983, 1.6519,-1.3762],[-0.9545, 0.1169,-0.2066, 0.0244],0.19
420,[-0.9586,-0.0729, 0.0388, 0.0639],[-2.1213,-0.4361,-2.3411,-1.1857,-2.5537],[-0.9585,-0.0602, 0.0237, 0.0758],0.271
421,[-0.9621,-0.0778, 0.0896, 0.0712],[ 0.262 , 0.219 , 3.3836, 5.5657,-0.2565],[-0.9617,-0.0802, 0.0895, 0.0853],0.227
441,[-0.9566,-0.1772, 0.1318, 0.0516],[-1.713 ,-0.7869,-2.5402,-1.2489,-2.5217],[-0.9574,-0.1602, 0.1045, 0.0662],0.2039
500,[-9.6159e-01,-1.1606e-02, 6.7436e-04,-5.5480e-02],[ 1.1967, 3.0364, 0.8084,17.0226,-0.6307],[-9.6178e-01,-8.6224e-03, 9.5618e-04,-4.0168e-02],0.2741
501,[-0.958 ,-0.0324, 0.0788,-0.0538],[-1.4376,-1.8028, 0.8173,-0.9583,-2.243 ],[-0.9578,-0.0475, 0.094 ,-0.0385],0.2524
502,[-0.9667, 0.0285,-0.0827,-0.0364],[-0.206 , 1.4124,-1.4167,-0.697 ,-1.814 ],[-0.9662, 0.0495,-0.1054,-0.021 ],0.2164
510,[-0.9581, 0.0657,-0.0138,-0.0793],[-1.1463,-1.9576, 0.8706,-0.1344,-1.8362],[-0.9585, 0.0508,-0.0046,-0.0639],0.2709
512,[-0.967 , 0.0959,-0.1038,-0.0521],[ 0.5565, 0.5272,-0.959 , 5.4252,-1.3901],[-0.9671, 0.0996,-0.1057,-0.0366],0.1944
514,[-0.9581, 0.0625,-0.1791,-0.0047],[-0.2024, 1.3391,-1.0831, 0.7697,-1.2048],[-0.9563, 0.0926,-0.1942, 0.0102],0.1986
520,[-0.9601,-0.0747, 0.0269,-0.0743],[-0.488 , 4.1898,-1.0871, 0.028 ,-1.138 ],[-0.9607,-0.0588, 0.0133,-0.0607],0.2677
521,[-0.9614,-0.1   , 0.0951,-0.0692],[ 2.3378,-0.0495, 5.0224, 3.6248,-1.6425],[-0.9617,-0.0969, 0.0869,-0.0553],0.2212
523,[-0.9558,-0.1402, 0.1711,-0.0327],[-1.0967,-1.6532,-0.175 , 0.3438,-1.8313],[-0.9553,-0.1485, 0.1774,-0.0223],0.1863
532,[-0.9618, 0.1999,-0.1328,-0.0575],[-1.1807,-1.3729, 0.0663,-0.8411,-1.071 ],[-0.9633, 0.1798,-0.1157,-0.0436],0.1712
534,[-0.9572, 0.2436,-0.1922,-0.0952],[ 0.3374, 1.6358,-0.8629, 1.9888,-2.0863],[-0.9591, 0.2292,-0.1694,-0.0795],0.1441
541,[-0.9652,-0.1783, 0.1585,-0.0831],[-2.6613,-1.6892,-2.7221,-2.5205,-3.4734],[-0.966,-0.17 , 0.143,-0.067],0.1555
543,[-0.9629,-0.1841, 0.1822,-0.0959],[-2.6679,-3.0437,-1.6663,-1.9097,-4.1028],[-0.9634,-0.1843, 0.1792,-0.0923],0.1443
556,[-0.9575, 0.2944,-0.3266,-0.0997],[ 0.3187, 0.2081,-1.4864, 1.807 ,-1.3362],[-0.9565, 0.3024,-0.334 ,-0.0843],0.0556
600,[-9.6241e-01,-1.2736e-02, 1.3537e-04,-1.7044e-01],[-2.919 ,-1.7491,-3.1208,-1.0626,-4.2933],[-0.9631,-0.0085,-0.0021,-0.156 ],0.266
601,[-0.9597,-0.0461, 0.0662,-0.1674],[-0.9731,-1.3985, 0.4437,-0.0836,-1.8284],[-0.9602,-0.0545, 0.0755,-0.1517],0.2481
602,[-0.9592, 0.0295,-0.0921,-0.1566],[-0.2642, 1.3278,-1.3232, 0.393 ,-1.325 ],[-0.9592, 0.0507,-0.113 ,-0.1406],0.238
610,[-0.9562, 0.0874,-0.0329,-0.1414],[-1.0643,-1.3761, 0.327 ,-0.457 ,-2.2277],[-0.9572, 0.0731,-0.0261,-0.1262],0.2719
612,[-0.9583, 0.0716,-0.0798,-0.1504],[-0.7846, 1.0775,-1.2067, 2.0125,-1.9471],[-0.9588, 0.0748,-0.0808,-0.1342],0.2428
614,[-0.9659, 0.1464,-0.2297,-0.2393],[ 0.2817, 2.2488, 0.3165, 0.5481,-1.393 ],[-0.9648, 0.1756,-0.2467,-0.2233],0.1167
620,[-0.9614,-0.0729, 0.0335,-0.1686],[-1.1682, 3.0754,-0.8103,-0.2247,-1.2573],[-0.9623,-0.0584, 0.0175,-0.1541],0.2615
621,[-0.9595,-0.1082, 0.0981,-0.1831],[-1.6442,-1.2697, 3.0812, 1.5014,-3.3039],[-0.9604,-0.1047, 0.0895,-0.1683],0.2217
623,[-0.9615,-0.1622, 0.1708,-0.1911],[-0.8441,-0.7587, 0.8112, 0.3911,-1.6875],[-0.962 ,-0.1675, 0.174 ,-0.1753],0.1573
634,[-0.9638, 0.1985,-0.2603,-0.2083],[-0.2018,-0.1328,-0.436 , 2.4975,-1.7096],[-0.9628, 0.2191,-0.2727,-0.1938],0.0954
636,[-0.9606, 0.2575,-0.2976,-0.1554],[ 1.5809, 1.4115,-0.0315, 0.8052,-0.9809],[-0.9597, 0.2696,-0.3062,-0.1394],0.0711
641,[-0.9654,-0.1699, 0.1584,-0.1475],[-2.9762,-2.1105,-2.7404,-2.5566,-3.9414],[-0.9663,-0.1662, 0.1489,-0.1319],0.1537
643,[-0.9621,-0.1712, 0.1765,-0.1595],[-4.3814,-5.4146,-4.2509,-3.3374,-6.1622],[-0.9627,-0.1746, 0.1766,-0.1446],0.1515
700,[-0.9599,-0.0126, 0.0036,-0.2949],[-5.901 ,-5.2261,-6.8086,-4.8931,-7.1579],[-0.9612,-0.0083,-0.003 ,-0.2786],0.2774
701,[-0.9565,-0.0489, 0.0616,-0.2579],[-0.8217,-0.9213,-0.2025, 0.5845,-1.8455],[-0.9574,-0.054 , 0.0654,-0.2425],0.2626
702,[-0.9664, 0.0368,-0.0829,-0.2648],[ 1.3202, 0.7084,-0.8025, 1.3257,-1.6167],[-0.9669, 0.0631,-0.119 ,-0.2648],0.203
712,[-0.9671, 0.0775,-0.1385,-0.2732],[-1.7343,-1.3056,-1.8458,-1.0887,-2.8338],[-0.9669, 0.1107,-0.1825,-0.2563],0.1603
714,[-0.9669, 0.1107,-0.1825,-0.2563],[-0.4114, 2.6637, 0.3933, 0.983 ,-1.303 ],[-0.9659, 0.1464,-0.2297,-0.2393],0.1314
720,[-0.9586,-0.0654, 0.0425,-0.2893],[-1.4898,-0.148 ,-2.2577,-0.7389,-2.8544],[-0.96  ,-0.0576, 0.031 ,-0.2733],0.2653
721,[-0.9587,-0.1076, 0.1054,-0.2911],[ -9.2131, -8.9406, -8.5456, -8.3259,-11.2133],[-0.96  ,-0.1094, 0.1053,-0.2762],0.215
800,[-0.9564,-0.0261, 0.0313,-0.3855],[-10.1084, -9.7113, -9.9635,-10.4921,-11.4338],[-0.958 ,-0.0273, 0.0279,-0.3695],0.2864
1100,[-0.935 , 0.0082,-0.0072, 0.3808],[ 1.449 , 1.1027, 1.0598, 0.4642,10.6811],[-9.3337e-01, 6.7983e-03, 2.3267e-05, 3.7160e-01],0.3774
1102,[-0.9505, 0.055 ,-0.0972, 0.3783],[ 0.3622, 3.9782,-0.5753,-0.1575, 0.4598],[-0.9485, 0.0609,-0.0942, 0.3902],0.2825
1112,[-0.9424, 0.0711,-0.1017, 0.4019],[ 1.9759, 2.0572, 0.6696, 0.4854,10.7986],[-0.9403, 0.0754,-0.1083, 0.3987],0.3026
1120,[-0.9429,-0.0906, 0.0493, 0.3846],[ 0.903 , 3.5077,-0.9809,-0.0245, 2.5303],[-0.9417,-0.0774, 0.025 , 0.3709],0.3327
1121,[-0.9319,-0.0856, 0.0777, 0.3791],[ 1.036 , 1.0062, 3.5421, 0.4277,13.5174],[-0.9304,-0.0805, 0.0654, 0.3791],0.3617
1200,[-0.9275,-0.0347, 0.0326, 0.2771],[  1.8544,  3.1748,  1.6848,  1.1935,103.1658],[-0.9263,-0.0341, 0.0333, 0.2698],0.4047
1201,[-0.9277,-0.048 , 0.0635, 0.2655],[ 5.8589e-01,-7.9482e-01, 4.2905e+01,-1.0850e-02, 1.6289e+00],[-0.9264,-0.0498, 0.0634, 0.2663],0.3888
1202,[-0.9418, 0.0456,-0.0631, 0.2916],[ 0.6919,12.3393,-0.6589,-0.6369, 1.2302],[-0.9404, 0.0478,-0.063 , 0.2961],0.3357
1210,[-0.9305, 0.1151,-0.0343, 0.2865],[-0.1966,-0.8321, 9.7325,-0.5915, 1.2312],[-0.9301, 0.0988,-0.0162, 0.2793],0.3699
1212,[-0.9313, 0.0912,-0.1099, 0.3119],[ 1.2158,37.7839, 0.3439, 1.4167, 3.3082],[-0.9297, 0.0918,-0.1067, 0.3089],0.3381
1220,[-0.9324,-0.0637, 0.036 , 0.3004],[ 0.1915,37.8428,-0.2395,-0.1749, 0.4079],[-0.9312,-0.0578, 0.0325, 0.3049],0.3821
1221,[-0.9365,-0.0776, 0.0827, 0.2869],[ 0.7509, 0.7698,92.3598, 0.9155, 2.2046],[-0.9352,-0.0761, 0.0772, 0.2934],0.3365
1232,[-0.9214, 0.1842,-0.1329, 0.2559],[-0.0122,-0.8358, 1.3019, 0.0997, 0.0209],[-0.9215, 0.172 ,-0.1081, 0.2589],0.3347
1234,[-0.9224, 0.1923,-0.1847, 0.2545],[1.2494,1.4828,0.0655,0.9486,6.2201],[-0.9219, 0.1874,-0.1703, 0.2518],0.2956
1300,[-0.9202,-0.0128, 0.011 , 0.1727],[  1.0829,131.3133,  1.9672,  1.0215,  1.718 ],[-0.9194,-0.0128, 0.0135, 0.1774],0.4364
1301,[-0.9207,-0.0449, 0.0648, 0.1962],[  1.1248, -0.5507,139.6862,  0.739 ,  0.6304],[-0.9197,-0.0474, 0.0656, 0.1981],0.4125
1302,[-0.9186, 0.0406,-0.0749, 0.1411],[8.1619e-01,1.1846e+02,3.3322e-02,7.2224e-02,5.5544e-01],[-0.9178, 0.0451,-0.0756, 0.1455],0.4197
1310,[-0.9179, 0.065 ,-0.0437, 0.139 ],[-0.4526,-1.3557, 4.4842,-1.9311, 3.7211],[-0.9174, 0.0611,-0.0411, 0.1375],0.4295
1312,[-0.9177, 0.072 ,-0.0873, 0.1409],[ 0.4775, 2.3675, 1.1541, 1.1358,88.5234],[-0.917 , 0.0735,-0.0861, 0.1344],0.4031
1314,[-0.9191, 0.1586,-0.178 , 0.1381],[ 0.4321,19.8087,-0.6182,-0.1966, 0.5465],[-0.9182, 0.1595,-0.1735, 0.1463],0.3128
1320,[-0.9193,-0.0648, 0.0417, 0.1599],[7.8637e-01,1.0352e+02,1.7731e-01,3.0365e-01,9.7552e-02],[-0.9187,-0.061 , 0.0415, 0.1676],0.4217
1321,[-0.9249,-0.0791, 0.0821, 0.1638],[  2.3724,  0.9062,135.6288,  0.8809,  1.6005],[-0.9242,-0.0782, 0.0772, 0.1701],0.3763
1323,[-0.9333,-0.1399, 0.1879, 0.156 ],[ 2.7177,-1.1087,20.4176,-0.0217, 3.7756],[-0.9317,-0.1457, 0.189 , 0.1606],0.2664
1332,[-0.9241, 0.185 ,-0.1349, 0.2083],[-4.1962,-4.3568,-4.7898,-3.6811,-4.4168],[-0.9244, 0.1739,-0.1161, 0.2137],0.3177
1334,[-0.9267, 0.2045,-0.2118, 0.1722],[ 1.1235,27.6327, 0.7789, 1.315 , 3.9742],[-0.926 , 0.2024,-0.2033, 0.1824],0.2562
1336,[-0.9245, 0.2675,-0.2894, 0.1445],[ 0.7482,26.1852,-0.1939, 0.8727,-0.3402],[-0.9236, 0.2671,-0.2819, 0.154 ],0.1971
1341,[-0.925 ,-0.1739, 0.1265, 0.1396],[-0.0577, 0.7373,-1.5243,-0.4685,-0.7839],[-0.9252,-0.1665, 0.128 , 0.144 ],0.3128
1343,[-0.9327,-0.1833, 0.2198, 0.151 ],[ 8.4680e-01,-2.4086e-03, 1.7344e+00, 6.7862e-01, 1.8704e+01],[-0.9314,-0.1862, 0.2165, 0.1439],0.2381
1354,[-0.9514, 0.298 ,-0.2518, 0.1485],[-1.7943,-2.3962,-1.7114,-1.7114,-2.0578],[-0.9528, 0.2836,-0.226 , 0.1486],0.1187
1356,[-0.9498, 0.3144,-0.2839, 0.1261],[ 1.0014, 3.9322,-0.6192, 4.624 , 0.4235],[-0.9508, 0.3044,-0.2637, 0.1411],0.1002
1400,[-9.2131e-01,-3.6957e-03, 6.6444e-04, 6.1363e-02],[  1.2865,  3.0411,426.6054,  1.4712,  1.0521],[-0.921 ,-0.0026,-0.0033, 0.0679],0.4346
1401,[-0.9186,-0.0416, 0.0717, 0.0423],[ 1.3039e-01,-6.8688e-01, 4.1518e+01,-4.5388e-01, 6.1186e-03],[-0.9181,-0.0459, 0.0721, 0.0501],0.4168
1402,[-0.9202, 0.0405,-0.0688, 0.0744],[ 3.2657e-01, 2.1505e+02,-5.2820e-01,-3.8895e-01,-3.1251e-02],[-0.9197, 0.0449,-0.0717, 0.078 ],0.417
1410,[-0.9178, 0.0636,-0.0444, 0.0513],[ 1.3197e+00,-1.0122e-01, 1.5157e+02,-1.0558e-01, 5.8848e-02],[-0.9177, 0.0605,-0.043 , 0.0517],0.4288
1412,[-0.9181, 0.075 ,-0.0836, 0.0601],[  1.0794,594.8838,  1.5062,  1.8527,  0.8436],[-0.9178, 0.0756,-0.0808, 0.0618],0.4029
1414,[-0.9217, 0.143 ,-0.1835, 0.0601],[ 0.7791,76.8904,-0.8821, 0.1926, 0.4723],[-0.9207, 0.1481,-0.185 , 0.0709],0.3056
1420,[-0.9207,-0.065 , 0.0446, 0.0741],[ -0.2893,129.9382, -0.3009,  0.4327, -0.8348],[-0.9205,-0.0615, 0.0432, 0.0841],0.4164
1421,[-0.9184,-0.0743, 0.0827, 0.055 ],[2.0903e-01,8.6658e-01,5.3720e+02,3.0639e+00,2.2741e+00],[-0.9181,-0.0749, 0.0803, 0.0662],0.3974
1423,[-0.9363,-0.1371, 0.1827, 0.0688],[ 0.042 ,-1.0228, 0.9554,31.7315, 1.5545],[-0.9351,-0.1446, 0.1865, 0.0819],0.2551
1432,[-0.9223, 0.1766,-0.1444, 0.0542],[-2.579 ,-2.9749,-2.4427,-2.4169,-2.9726],[-0.9228, 0.17  ,-0.1359, 0.0625],0.3155
1434,[-0.923 , 0.1908,-0.2202, 0.0593],[ 1.7676, 5.7511,-0.076 ,22.1316, 1.2862],[-0.9221, 0.1937,-0.2192, 0.0725],0.2632
1436,[-0.9329, 0.2455,-0.2882, 0.083 ],[ 0.3984,17.0013,-0.4705, 0.3622, 0.0271],[-0.9314, 0.2495,-0.2888, 0.0889],0.1753
1441,[-0.9324,-0.1842, 0.1376, 0.0544],[-1.1842,-2.201 ,-2.6058, 0.1472,-2.2143],[-0.9332,-0.1741, 0.1228, 0.0629],0.2796
1443,[-0.9324,-0.2058, 0.2029, 0.0497],[ 0.8318, 0.4564,23.6977, 1.1928, 0.8589],[-0.9324,-0.2033, 0.1931, 0.0563],0.2365
1456,[-0.949 , 0.3319,-0.3355, 0.061 ],[ 1.4818, 2.9121,-0.589 , 3.3403,-0.572 ],[-0.949 , 0.3296,-0.3265, 0.0756],0.0686
1500,[-0.9216,-0.0041, 0.0071,-0.0595],[ 3.3397,28.888 , 0.974 , 5.0749, 0.5803],[-0.9219,-0.0051, 0.0117,-0.0503],0.4344
1501,[-0.9177,-0.0372, 0.0756,-0.0597],[ 3.6571e-03,-6.5596e-01, 1.1508e+01, 8.6387e-01,-2.6292e-01],[-0.9176,-0.0433, 0.0787,-0.0502],0.4217
1502,[-0.9247, 0.0318,-0.0746,-0.0638],[-12.0814,-10.8384,-13.8184,-11.679 ,-12.7579],[-0.9246, 0.0392,-0.078 ,-0.0553],0.398
1510,[-0.9175, 0.0623,-0.0454,-0.0588],[ 2.6425e-02, 8.1739e-01, 4.2731e+00, 9.1603e+01,-4.2246e-01],[-0.9178, 0.0594,-0.042 ,-0.0472],0.4278
1512,[-0.9195, 0.0692,-0.0757,-0.0568],[ 1.0302, 8.6471, 0.3709,67.3504, 0.5026],[-0.9196, 0.0704,-0.0763,-0.0437],0.4016
1514,[-0.9263, 0.1288,-0.1906,-0.0511],[ 0.3337, 4.0009,-0.7668, 0.4196,-1.1546],[-0.9252, 0.1389,-0.1964,-0.038 ],0.2929
1520,[-0.9218,-0.0632, 0.0439,-0.0739],[-0.292 ,72.5485, 0.6079, 1.6377,-1.1333],[-0.9222,-0.0602, 0.0431,-0.0616],0.4117
1521,[-0.9196,-0.072 , 0.0818,-0.0582],[7.9893e-01,1.2369e-01,1.6304e+00,1.4386e+02,6.5180e-01],[-0.9197,-0.0735, 0.082 ,-0.044 ],0.3959
1523,[-0.9271,-0.1475, 0.1816,-0.0592],[ 3.6167,-1.4909, 5.2226, 1.536 , 0.0661],[-0.9266,-0.1536, 0.1852,-0.0478],0.2832
1532,[-0.941 , 0.2008,-0.1244,-0.0661],[-5.592 ,-5.7072,-5.2399,-5.2921,-5.5657],[-0.9428, 0.1844,-0.1051,-0.0564],0.2463
1534,[-0.9283, 0.2238,-0.21  ,-0.0713],[ 3.6217, 3.8496,-0.6334, 3.61  ,-0.3117],[-0.929 , 0.2209,-0.2007,-0.0571],0.2357
1541,[-0.9247,-0.1831, 0.1349,-0.063 ],[-3.6603,-4.5747,-3.0886,-3.5376,-4.7286],[-0.926 ,-0.1741, 0.1185,-0.052 ],0.3089
1543,[-0.9296,-0.2154, 0.2133,-0.0661],[ 1.7337,-0.1625, 5.3446,10.054 , 0.2225],[-0.9299,-0.2147, 0.2069,-0.0507],0.2333
1545,[-0.9239,-0.2562, 0.2802,-0.1045],[ 3.6971,-0.8361, 2.7005, 1.7169,-0.357 ],[-0.9235,-0.2597, 0.2778,-0.0906],0.2028
1554,[-0.9277, 0.2909,-0.2409,-0.0982],[-1.0751,-1.6656,-1.8722,-0.5859,-2.104 ],[-0.9297, 0.2848,-0.2306,-0.0919],0.1916
1556,[-0.9534, 0.3209,-0.3503,-0.0381],[ 1.9126, 3.2451,-0.428 , 2.9276,-1.2003],[-0.9524, 0.3256,-0.3533,-0.0224],0.0494
1600,[-0.9197,-0.0088, 0.0095,-0.171 ],[ 0.403 , 1.8458, 2.4672,31.9308, 0.5232],[-0.9204,-0.009 , 0.0112,-0.1581],0.4393
1601,[-0.9157,-0.038 , 0.0738,-0.1728],[-0.1341,-0.4593, 4.6606, 3.5124,-1.0169],[-0.9162,-0.044 , 0.0773,-0.1665],0.4213
1602,[-0.9224, 0.0313,-0.0767,-0.1647],[-14.5045,-13.1642,-15.178 ,-13.8977,-14.979 ],[-0.9228, 0.0399,-0.0827,-0.1553],0.4011
1610,[-0.9163, 0.0643,-0.0455,-0.1819],[ 3.8846e-02, 7.4823e-01, 4.5591e+01, 1.9506e+00,-4.6619e-01],[-0.9172, 0.062 ,-0.0456,-0.1764],0.4307
1612,[-0.9175, 0.0697,-0.07  ,-0.1766],[ 0.7913,34.0068, 0.167 ,35.5391, 0.2234],[-0.9183, 0.0701,-0.0683,-0.1674],0.4111
1614,[-0.9193, 0.1367,-0.1931,-0.1611],[-0.3701, 0.6576,-1.8074, 0.7699,-1.5262],[-0.9187, 0.1459,-0.1981,-0.1489],0.3149
1620,[-0.9206,-0.0639, 0.0442,-0.1802],[-12.1578,-10.0882,-12.1201,-10.1306,-13.4433],[-0.9215,-0.0605, 0.0397,-0.1716],0.4182
1621,[-0.9185,-0.0817, 0.0847,-0.1942],[ 0.7096,-0.1448,38.0303, 4.6182,-0.3652],[-0.9193,-0.0824, 0.0823,-0.1887],0.3951
1623,[-0.9278,-0.1502, 0.1803,-0.1988],[ 1.0692,-0.9895, 3.0868,12.1359,-0.2756],[-0.9279,-0.1569, 0.1845,-0.183 ],0.2754
1632,[-0.9396, 0.192 ,-0.1419,-0.1594],[-5.2885,-5.1863,-5.7985,-4.7997,-5.7414],[-0.9413, 0.1819,-0.1284,-0.147 ],0.2433
1634,[-0.9289, 0.2475,-0.2268,-0.1911],[-1.3666,-0.3748,-2.9587,-0.3309,-2.4286],[-0.9303, 0.2454,-0.2179,-0.176 ],0.2136
1636,[-0.9197, 0.2708,-0.2818,-0.2241],[-0.1559, 6.5383,-0.6343, 1.6587,-0.434 ],[-0.9201, 0.2744,-0.2809,-0.2087],0.2063
1641,[-0.9374,-0.1781, 0.157 ,-0.1644],[-4.7735,-5.5991,-4.6134,-4.4215,-5.7804],[-0.9385,-0.1748, 0.15  ,-0.1501],0.2479
1643,[-0.9274,-0.205 , 0.2221,-0.1819],[ 0.0866,-2.2612, 2.0661, 2.4702,-1.8771],[-0.9276,-0.2091, 0.2222,-0.1663],0.2369
1645,[-0.9256,-0.2548, 0.2833,-0.1754],[ 0.3636,-0.8393,12.7449, 0.525 ,-0.2997],[-0.9253,-0.2601, 0.283 ,-0.1617],0.1939
1654,[-0.9286, 0.2831,-0.2604,-0.1666],[-1.0518,-0.7052,-1.6726,-0.3231,-1.7725],[-0.9301, 0.2813,-0.2518,-0.1538],0.1824
1656,[-0.9216, 0.2914,-0.2911,-0.1997],[ 0.3658, 2.4402,-0.9888, 2.7008,-0.7781],[-0.9223, 0.2933,-0.2869,-0.1855],0.1863
1700,[-0.9233,-0.0015, 0.0087,-0.3006],[-15.0388,-14.6281,-15.4122,-14.7466,-16.4261],[-0.9246,-0.0028, 0.0097,-0.2877],0.4331
1701,[-0.9321,-0.0407, 0.0682,-0.3069],[-10.4285,-11.0885,-10.133 ,-10.0313,-11.0528],[-0.9332,-0.0476, 0.0752,-0.2938],0.3595
1702,[-0.9295, 0.0323,-0.0728,-0.2869],[-3.2243,-2.6354,-4.0554,-3.271 ,-4.1334],[-0.9304, 0.0413,-0.0798,-0.2752],0.3723
1710,[-0.9184, 0.0657,-0.0408,-0.2695],[-1.4207,-2.6067,-1.4895, 0.0137,-3.0922],[-0.9197, 0.0618,-0.0366,-0.2624],0.4272
1712,[-0.9214, 0.09  ,-0.0849,-0.288 ],[-4.5606,-5.3524,-6.2759,-4.4877,-6.9581],[-0.9227, 0.0899,-0.0816,-0.2796],0.3797
1720,[-0.9201,-0.0646, 0.0456,-0.2713],[-7.8916,-7.2805,-7.7588,-7.2912,-8.765 ],[-0.9214,-0.0617, 0.0414,-0.2649],0.4187
1721,[-0.9194,-0.0824, 0.0884,-0.2741],[-52.5018,-52.0814,-51.2314,-50.9633,-52.891 ],[-0.9205,-0.0844, 0.0881,-0.2681],0.3871
1723,[-0.9293,-0.143 , 0.1838,-0.3026],[-1.492 ,-2.5504,-0.2352, 0.7576,-2.6284],[-0.9295,-0.153 , 0.1918,-0.2898],0.2698
1732,[-0.9386, 0.1737,-0.1559,-0.2925],[-1.1218,-1.6143,-1.6131,-0.5458,-2.0148],[-0.9402, 0.172 ,-0.1494,-0.2782],0.2421
1734,[-0.9237, 0.2275,-0.239 ,-0.3159],[ 0.0262, 2.1522,-1.2717, 2.807 ,-1.0205],[-0.9244, 0.2324,-0.2413,-0.2991],0.2299
1736,[-0.9199, 0.265 ,-0.2851,-0.2857],[ 0.1373, 9.0447,-0.7809, 1.8807,-0.8814],[-0.9201, 0.2707,-0.2884,-0.2694],0.2043
1741,[-0.922 ,-0.1701, 0.1504,-0.2882],[-1.1489,-1.3026,-0.5699,-0.7594,-1.9377],[-0.9236,-0.1687, 0.1433,-0.2719],0.3066
1743,[-0.9217,-0.193 , 0.2252,-0.2912],[ 0.459 ,-1.2401, 7.0986, 6.2469,-1.0702],[-0.9218,-0.2006, 0.2303,-0.2748],0.2505
1754,[-0.9401, 0.2794,-0.2723,-0.2641],[-0.299 ,-0.2748,-0.4951, 0.9906,-0.5379],[-0.9412, 0.282 ,-0.2697,-0.2475],0.137
1756,[-0.9167, 0.2844,-0.3057,-0.2661],[ 0.7279, 0.3317,-0.8455, 2.7728,-1.0022],[-0.9166, 0.2897,-0.3081,-0.2501],0.1972
1800,[-0.9264,-0.0027, 0.0202,-0.4366],[-33.9369,-34.367 ,-33.7418,-33.3773,-35.3516],[-0.9282,-0.0063, 0.0225,-0.4212],0.4184
1801,[-0.9328,-0.0389, 0.0714,-0.4395],[-14.2767,-14.9746,-13.5548,-13.5372,-15.6952],[-0.9344,-0.0473, 0.0791,-0.4244],0.3532
1810,[-0.9245, 0.0634,-0.0357,-0.4457],[-1.9815,-2.2701,-1.3888,-0.6279,-2.705 ],[-0.9266, 0.0595,-0.033 ,-0.4282],0.3991
1812,[-0.9193, 0.1233,-0.1289,-0.4401],[-2.6767,-2.1542,-4.4444,-1.8718,-4.4223],[-0.9209, 0.1267,-0.1299,-0.4236],0.3472
1814,[-0.9168, 0.1541,-0.1877,-0.4621],[ 0.9159,14.8754,-0.1755, 2.8106,-0.7215],[-0.9177, 0.1627,-0.1932,-0.4462],0.309
1820,[-0.926 ,-0.0584, 0.0141,-0.3758],[-0.422 , 0.3059,-1.2262, 0.6674,-1.3543],[-0.9278,-0.0482,-0.0057,-0.3583],0.4152
1821,[-0.9379,-0.0724, 0.0973,-0.4115],[-40.1716,-40.6381,-40.2119,-39.6504,-41.0884],[-0.9392,-0.08  , 0.1028,-0.395 ],0.3075
1823,[-0.9309,-0.1181, 0.1754,-0.386 ],[-1.4791,-2.4511,-0.5197,-0.5035,-2.9264],[-0.9313,-0.1315, 0.1836,-0.3688],0.2788
1834,[-0.9194, 0.1931,-0.2206,-0.4269],[-0.2759, 2.0617,-0.779 , 3.0111,-1.7425],[-0.9202, 0.2011,-0.2256,-0.4103],0.268
1900,[-0.9199, 0.0075, 0.0189,-0.5564],[-111.9277,-111.0753,-111.0776,-111.0971,-112.7686],[-0.9223, 0.0024, 0.023 ,-0.5404],0.4483
1901,[-0.9258,-0.0307, 0.0648,-0.523 ],[ 1.5659,-0.9116, 2.8373, 3.674 ,-1.847 ],[-0.9278,-0.0388, 0.0713,-0.5057],0.3892
1910,[-0.9164, 0.0649,-0.0317,-0.5797],[-85.7255,-85.8116,-85.4731,-85.5228,-86.5501],[-0.9191, 0.0596,-0.0231,-0.5647],0.4406
1912,[-0.9143, 0.1151,-0.1352,-0.5468],[-113.8954,-113.984 ,-113.7482,-113.7665,-115.3737],[-0.916 , 0.1221,-0.1449,-0.5294],0.3575
1914,[-0.9145, 0.1437,-0.1851,-0.5232],[ 3.2879, 1.588 ,-0.0458,26.1784,-1.0036],[-0.9155, 0.1542,-0.1958,-0.5052],0.3167
1920,[-0.9131,-0.0558, 0.0365,-0.5154],[-5.1978,-4.8068,-5.5434,-4.9357,-5.7901],[-0.9156,-0.0541, 0.0372,-0.5308],0.4544
1921,[-0.9272,-0.0611, 0.0986,-0.5114],[ -0.6056, -0.9081,  0.9126,117.9966, -1.6339],[-0.9289,-0.0708, 0.1071,-0.4932],0.3528
1934,[-0.9261, 0.179 ,-0.1952,-0.5118],[-1.0952,-2.6987,-4.0408,-2.0547,-4.7657],[-0.9274, 0.1878,-0.2077,-0.4936],0.2562
2100,[-0.8882, 0.0136,-0.0059, 0.3792],[-2.9051,-3.0652,-2.5933,-3.2545,-2.187 ],[-0.8866, 0.0127,-0.0064, 0.3655],0.3568
2200,[-0.9044,-0.0359, 0.0353, 0.2661],[-66.8016,-66.7321,-66.4256,-67.2308,-66.0334],[-0.9032,-0.0354, 0.0346, 0.2613],0.4014
2201,[-0.9077,-0.0485, 0.0663, 0.2587],[-20.9411,-21.777 ,-20.2713,-21.5976,-20.1569],[-0.9064,-0.05  , 0.0661, 0.2561],0.4001
2202,[-0.8992, 0.0408,-0.075 , 0.2564],[-10.1342, -9.7413,-10.4055,-10.7455, -9.5763],[-0.8978, 0.0445,-0.0782, 0.2593],0.3591
2210,[-0.9033, 0.0865,-0.0265, 0.2569],[-3.4598,-3.6729,-2.9504,-4.077 ,-3.0132],[-0.9026, 0.0786,-0.0262, 0.2485],0.3882
2220,[-0.9018,-0.0639, 0.0435, 0.273 ],[-4.9413,-3.9732,-5.8724,-5.2914,-4.1466],[-0.9008,-0.0596, 0.031 , 0.2629],0.3873
2221,[-0.9041,-0.0652, 0.0817, 0.2692],[-27.9064,-28.7603,-27.7993,-29.126 ,-27.8482],[-0.9029,-0.0663, 0.0807, 0.2637],0.3698
2300,[-0.9061,-0.0162, 0.0175, 0.1728],[-139.8188,-139.4027,-139.5303,-140.2439,-138.9019],[-0.9054,-0.0163, 0.0177, 0.1653],0.4171
2301,[-0.9064,-0.0456, 0.0661, 0.1831],[-47.8995,-49.4402,-46.4584,-49.568 ,-47.629 ],[-0.9055,-0.0478, 0.0664, 0.1758],0.3967
2302,[-0.9075, 0.0444,-0.0722, 0.1492],[-33.6688,-33.3114,-34.5859,-34.4029,-33.2211],[-0.9066, 0.0477,-0.0735, 0.1472],0.3985
2310,[-0.9064, 0.0625,-0.0461, 0.1471],[-7.1333,-8.7393,-6.3064,-8.0745,-6.331 ],[-0.9059, 0.0596,-0.0412, 0.1443],0.4048
2312,[-0.9057, 0.0715,-0.0875, 0.1493],[-14.9154,-13.8631,-15.8457,-16.0719,-14.4219],[-0.9049, 0.0728,-0.0864, 0.1436],0.373
2314,[-0.9069, 0.1592,-0.1829, 0.1437],[-1.4072,-0.3622,-3.5593,-3.1658,-0.4914],[-0.9059, 0.1605,-0.1799, 0.1489],0.2907
2320,[-0.9071,-0.0658, 0.0423, 0.1467],[-3.2557,-0.4898,-3.8553,-3.8035, 0.3184],[-0.9067,-0.062 , 0.038 , 0.1413],0.4083
2321,[-0.9047,-0.0776, 0.0834, 0.1517],[-60.5874,-62.2077,-59.5311,-61.4747,-60.9216],[-0.904 ,-0.0774, 0.0799, 0.148 ],0.3702
2323,[-0.9015,-0.1179, 0.1776, 0.1481],[-5.6095,-6.6676,-5.2104,-6.3604,-5.4687],[-0.8998,-0.1237, 0.1801, 0.146 ],0.2847
2332,[-0.9068, 0.185 ,-0.1232, 0.1669],[ 0.2198,-1.4421,-0.472 ,-1.605 , 0.0495],[-0.9074, 0.1738,-0.0982, 0.176 ],0.3297
2334,[-0.9021, 0.2035,-0.2223, 0.1421],[ 0.8865, 5.8907,-0.7409, 0.2954,18.3538],[-0.9013, 0.2036,-0.2156, 0.1391],0.2369
2341,[-0.8924,-0.1834, 0.1427, 0.1537],[ 0.331 , 0.864 ,-0.7435,-0.4643, 3.5775],[-0.8925,-0.1783, 0.1407, 0.1549],0.2492
2343,[-0.8909,-0.2068, 0.1811, 0.1308],[ 1.9639,-0.1886, 9.3153,-0.0095, 1.3104],[-0.8912,-0.2019, 0.1648, 0.1401],0.2231
2400,[-0.9047,-0.0146, 0.0083, 0.0639],[1.6152e+00,2.8761e+00,2.7516e+00,3.8150e-01,4.0683e+02],[-0.9045,-0.0135, 0.006 , 0.0499],0.4146
2401,[-0.9037,-0.0452, 0.0666, 0.0651],[-15.5677,-16.0872,-13.4104,-15.8955,-14.3345],[-0.9033,-0.0479, 0.068 , 0.0546],0.3863
2402,[-0.9047, 0.0351,-0.0734, 0.056 ],[-42.6085,-41.1507,-43.3655,-42.9161,-41.9888],[-0.9043, 0.0401,-0.0765, 0.0459],0.3903
2410,[-0.9058, 0.0639,-0.0447, 0.0524],[-3.6979,-5.3489,23.5772,-5.2545,-0.8205],[-0.9057, 0.0611,-0.0425, 0.0457],0.4027
2411,[-0.9053, 0.0648, 0.0769, 0.0517],[-3.1329,-3.4842,-3.133 ,-3.2368,-2.8769],[-0.9049, 0.047 , 0.0766, 0.0664],0.3896
2412,[-0.9053, 0.0766,-0.0873, 0.0607],[  0.7624,109.847 , -0.1953,  1.1054,  7.8158],[-0.905 , 0.0773,-0.0842, 0.0522],0.3722
2414,[-0.9029, 0.143 ,-0.1946, 0.0664],[-0.5061, 0.7362,-4.6928,-3.538 ,-1.316 ],[-0.9016, 0.1482,-0.196 , 0.0674],0.2731
2420,[-0.9047,-0.0638, 0.0442, 0.0686],[ 0.3411,43.0212, 0.4736,-0.5512, 3.651 ],[-0.9045,-0.0611, 0.0436, 0.0609],0.3966
2421,[-0.905 ,-0.0785, 0.0872, 0.0747],[  0.7416,  1.738 ,115.0872, -0.3851,  2.0955],[-0.9046,-0.0789, 0.0839, 0.073 ],0.37
2423,[-0.8937,-0.1317, 0.1905, 0.0834],[ -8.6703,-10.0421, -8.2494, -9.0228, -8.6568],[-0.8922,-0.1373, 0.1925, 0.0772],0.2445
2430,[-0.8993, 0.1738,-0.0531, 0.0185],[-2.4457,-3.3267,-1.7959,-3.0351,-2.6459],[-0.901 , 0.1557,-0.0178, 0.01  ],0.3492
2432,[-0.8999, 0.1849,-0.1386, 0.0488],[-0.0113,-1.4548,-1.018 ,-1.3843, 3.772 ],[-0.9008, 0.1782,-0.1257, 0.0405],0.2881
2434,[-0.8996, 0.2013,-0.2197, 0.0745],[ 0.994 ,29.8255,-0.097 , 1.0108, 1.8043],[-0.899 , 0.2018,-0.2134, 0.0749],0.2303
2436,[-0.9   , 0.2264,-0.2839, 0.0818],[ 0.3571,13.6285,-0.7154, 0.0137,-0.711 ],[-0.8981, 0.2305,-0.2835, 0.0939],0.1809
2441,[-0.9027,-0.1789, 0.1432, 0.047 ],[ 0.8559, 1.5124, 0.9651, 1.6914,58.216 ],[-0.9034,-0.1727, 0.1266, 0.0449],0.3018
2443,[-0.8946,-0.1937, 0.204 , 0.0411],[4.0959e+00,1.1850e-02,3.5029e+01,9.0672e-01,8.2598e-01],[-0.8944,-0.1934, 0.1964, 0.0498],0.2265
2500,[-0.9049,-0.0073, 0.0023,-0.0613],[1.6376e+00,5.2529e+02,2.1246e+00,2.0835e-01,3.0798e+00],[-0.9052,-0.007 , 0.0048,-0.0734],0.4205
2501,[-0.9044,-0.0386, 0.0718,-0.0726],[-4.5889,-6.1635,14.3486,-5.7238,-4.0917],[-0.9045,-0.0434, 0.0743,-0.0832],0.3908
2502,[-0.9038, 0.037 ,-0.0711,-0.0535],[ 1.1913,40.1593,-2.6834,-1.833 , 1.4551],[-0.9038, 0.0416,-0.0724,-0.0656],0.3895
2510,[-0.9056, 0.0638,-0.0473,-0.062 ],[  0.4116, -0.4018,147.931 , -0.6695,  0.4465],[-0.906 , 0.0619,-0.0478,-0.0687],0.4014
2512,[-0.9036, 0.0738,-0.083 ,-0.0657],[ 9.0586e-01, 2.0350e+02,-1.0033e-01, 1.3434e+00, 1.8207e+00],[-0.9038, 0.0749,-0.0812,-0.074 ],0.3701
2514,[-0.8954, 0.1409,-0.1849,-0.0665],[ 1.431 , 1.3455,-3.4963,-0.4129,-0.1593],[-0.8948, 0.1459,-0.1859,-0.0695],0.2523
2520,[-0.9041,-0.0599, 0.0504,-0.0707],[  1.8042,228.1799,  0.5544,  0.4123,  2.1462],[-0.9045,-0.0589, 0.051 ,-0.0765],0.3943
2521,[-0.9038,-0.0641, 0.0686,-0.0707],[  0.7262,  0.6276,418.7087,  0.8947,  0.8148],[-0.9041,-0.0647, 0.0673,-0.0773],0.3824
2523,[-0.9036,-0.1611, 0.2005,-0.0817],[-3.1513,-5.6025,-2.6758,-3.3821,-2.7468],[-0.903 ,-0.1661, 0.2033,-0.0721],0.2672
2532,[-0.9012, 0.1725,-0.1448,-0.0453],[-0.3833,-0.0734,-0.7359,-0.31  , 0.2301],[-0.902 , 0.1685,-0.1352,-0.0476],0.293
2534,[-0.9015, 0.1942,-0.2136,-0.051 ],[ 0.9288,15.3154,-0.3075, 4.4932, 1.1376],[-0.9013, 0.1962,-0.2104,-0.0489],0.2421
2541,[-0.9043,-0.1818, 0.1418,-0.0615],[1.1009,0.6965,9.5709,1.9864,1.6023],[-0.9053,-0.1765, 0.1341,-0.051 ],0.3033
2543,[-0.9049,-0.1856, 0.2018,-0.0592],[  1.3302, -0.9008,  2.0458,145.8902,  0.4347],[-0.9048,-0.1874, 0.1991,-0.0447],0.2654
2600,[-0.9062, 0.0039, 0.0032,-0.1645],[  2.0969,164.2897,  9.0274,  0.1983,  1.8839],[-0.907 , 0.0022, 0.0088,-0.1704],0.4324
2601,[-0.9058,-0.0416, 0.073 ,-0.1679],[  0.5945, -0.9158,175.5378,  0.4207, -0.1799],[-0.9064,-0.0463, 0.0749,-0.1752],0.3975
2602,[-0.9055, 0.0472,-0.0671,-0.1489],[ 0.1199,10.4572,-0.1599, 0.4672,-0.0188],[-0.906 , 0.0502,-0.0676,-0.1578],0.3974
2610,[-0.9061, 0.0669,-0.0456,-0.1762],[6.3082e-01,4.2524e-01,1.6300e+02,8.2284e-02,1.0074e+00],[-0.907 , 0.0646,-0.0455,-0.1811],0.4057
2612,[-0.9048, 0.0824,-0.0864,-0.1662],[ 2.2275e+00, 2.5734e+02,-7.3771e-02, 2.6591e+00, 3.3708e+00],[-0.9055, 0.083 ,-0.0824,-0.1731],0.3729
2614,[-0.8963, 0.1411,-0.1778,-0.1413],[ 0.4091, 3.6232,-1.3361, 4.24  ,-0.5062],[-0.8962, 0.146 ,-0.1787,-0.1415],0.2604
2620,[-0.9068,-0.0604, 0.0507,-0.1664],[ 0.9664,87.1648, 0.543 , 0.8274, 0.7776],[-0.9076,-0.0597, 0.0515,-0.1773],0.4078
2621,[-0.9066,-0.0709, 0.0831,-0.1843],[ 1.2453e+00,-2.2665e-02, 5.5072e+00, 1.5753e+00, 2.9143e+02],[-0.9073,-0.0732, 0.0839,-0.1978],0.3844
2623,[-0.9065,-0.1428, 0.1803,-0.1959],[ 0.7327,-0.539 ,83.391 ,-0.5067, 0.7081],[-0.9065,-0.1487, 0.1823,-0.1864],0.2977
2632,[-0.9082, 0.173 ,-0.1611,-0.1438],[ 0.7846, 0.4066,-0.5029, 0.0679,-0.1727],[-0.9091, 0.1722,-0.1579,-0.1415],0.3083
2634,[-0.9109, 0.1748,-0.1768,-0.239 ],[ 1.2463,17.3188,-0.2193, 2.8222, 1.1309],[-0.9118, 0.1763,-0.1739,-0.2222],0.3097
2641,[-0.9076,-0.1979, 0.1543,-0.138 ],[0.731 ,0.1325,2.66  ,6.5742,0.527 ],[-0.9093,-0.1914, 0.1355,-0.1262],0.3109
2643,[-0.9066,-0.1938, 0.2086,-0.1704],[ 0.7   , 0.2461,71.2981, 1.    ,-0.0786],[-0.9069,-0.1966, 0.2067,-0.1578],0.2647
2700,[-0.9026, 0.025 ,-0.0051,-0.3181],[ 2.0217, 3.4636,61.5628, 1.3343, 2.4019],[-0.904 , 0.0226,-0.0051,-0.3063],0.4288
2701,[-0.906 ,-0.0423, 0.0846,-0.2958],[-2.1503,-3.7978,-1.7004,-1.2956,-2.0861],[-0.9069,-0.0491, 0.0875,-0.2915],0.3924
2710,[-0.9014, 0.0641,-0.0403,-0.3102],[ 0.3601, 0.7999,20.691 , 5.8222, 0.357 ],[-0.9029, 0.0611,-0.0362,-0.304 ],0.3927
2712,[-0.8999, 0.0954,-0.0997,-0.3027],[ 1.8284,33.0305, 0.0365, 0.648 , 1.5427],[-0.9011, 0.0968,-0.0985,-0.2962],0.3396
2714,[-0.9073, 0.1609,-0.1733,-0.2804],[ 0.5302, 1.4312,-1.8751, 0.1311,-0.0827],[-0.9081, 0.1645,-0.1758,-0.273 ],0.2993
2720,[-0.9074,-0.0666, 0.048 ,-0.2655],[ 0.9077, 5.3496, 1.1845,10.5697,-0.2813],[-0.9087,-0.0647, 0.0477,-0.268 ],0.4123
2721,[-0.9075,-0.0859, 0.0972,-0.2646],[ 1.1206e+00,-2.3585e-02, 7.4588e+00, 3.1775e+01, 1.7858e+00],[-0.9084,-0.0885, 0.0981,-0.2623],0.3751
2723,[-0.9067,-0.1407, 0.1856,-0.2805],[ 0.6547,-0.6748,83.1976, 0.1875,-0.2978],[-0.9069,-0.1484, 0.1895,-0.2854],0.2958
2734,[-0.9097, 0.1712,-0.1783,-0.2592],[1.2931,3.9128,0.1055,5.9485,0.3646],[-0.9105, 0.1737,-0.1775,-0.2475],0.3038
2743,[-0.9067,-0.182 , 0.2109,-0.3096],[ 0.3063,-0.6372, 1.4985,78.0964, 0.8471],[-0.9072,-0.1878, 0.2131,-0.2999],0.2669
2800,[-0.8964, 0.0348,-0.0022,-0.4282],[ 1.3633, 1.4523,76.3187, 4.7566, 0.7409],[-8.9828e-01, 3.0845e-02,-7.6761e-04,-4.1327e-01],0.4004
2801,[-0.8986,-0.0167, 0.0682,-0.4188],[-0.0085,-1.0572, 1.5736, 1.5209,-0.1696],[-0.9001,-0.0244, 0.0723,-0.4076],0.379
2802,[-0.8924, 0.0504,-0.0668,-0.449 ],[ 0.0813,13.1167,-0.7029, 1.3424,-1.0263],[-0.8942, 0.0532,-0.0659,-0.4384],0.3454
2810,[-0.887 , 0.063 ,-0.0391,-0.4502],[ 1.4154, 1.7844, 1.7839,33.0034, 1.1457],[-0.8891, 0.0601,-0.0319,-0.4331],0.3367
2812,[-0.8863, 0.0723,-0.0696,-0.4493],[55.0899, 3.571 , 0.5625, 1.0461, 0.5851],[-0.8882, 0.0733,-0.071 ,-0.4346],0.3095
2814,[-0.9085, 0.1404,-0.1839,-0.4537],[-0.083 , 5.5935,-0.4565, 2.4603,-0.8229],[-0.9093, 0.1492,-0.188 ,-0.4375],0.3059
2820,[-0.8981,-0.0603, 0.0435,-0.4797],[-0.2407, 2.2977, 0.0399, 1.2287,-0.0571],[-0.9003,-0.0591, 0.0436,-0.4772],0.3802
2821,[-0.8997,-0.0644, 0.0671,-0.4118],[2.1525,0.0107,2.6078,1.9951,0.3613],[-0.9014,-0.0661, 0.0693,-0.3982],0.3685
2834,[-0.9103, 0.1744,-0.2022,-0.3944],[ 0.2485, 6.9136,-0.0088, 1.3969, 0.4418],[-0.9111, 0.1811,-0.2055,-0.3811],0.2889
2900,[-0.8986, 0.0367, 0.0046,-0.6061],[ 2.2633e+00, 1.3099e-01, 6.8195e+02, 2.3645e+00,-1.7318e-01],[-0.9013, 0.0312, 0.0072,-0.5895],0.4128
2901,[-0.902 , 0.0097, 0.0588,-0.5749],[-0.2759,-0.8007,47.8766, 2.3429,-0.5145],[-9.0429e-01,-4.3744e-04, 6.2033e-02,-5.5900e-01],0.4089
2902,[-0.883 , 0.0332,-0.0706,-0.6763],[-1.532 ,24.7312,-2.8216,-0.0851,-2.8318],[-0.8856, 0.0389,-0.0725,-0.6612],0.3134
2910,[-0.8804, 0.066 ,-0.0421,-0.6307],[-0.0681, 0.1402, 0.5612,66.8301,-1.0821],[-0.8833, 0.0635,-0.0359,-0.6141],0.3094
2912,[-0.8812, 0.0743,-0.0694,-0.6534],[ -4.3069,  8.2047, -7.7601,139.5795, -7.6491],[-0.884 , 0.0755,-0.0703,-0.6381],0.2926
2914,[-0.8988, 0.1447,-0.1772,-0.5712],[ 0.1761,10.5196,-1.1246, 0.6995,-0.4212],[-0.9004, 0.1522,-0.1791,-0.5547],0.2749
2920,[-0.883 ,-0.0636, 0.05  ,-0.5508],[-1.7637,-0.6506,-1.0829, 0.341 ,-2.8095],[-0.8854,-0.0629, 0.0486,-0.5333],0.3135
2921,[-0.882 ,-0.0706, 0.0599,-0.6365],[ 0.2835,-0.4434, 2.6101, 3.5655,-0.0148],[-0.8848,-0.0707, 0.0598,-0.6182],0.3023
3434,[-0.8628, 0.21  ,-0.2692, 0.0846],[ 2.5235, 2.6599,-1.121 ,-0.757 , 1.8218],[-0.8609, 0.2135,-0.2692, 0.0783],0.0773
3800,[-0.8449, 0.0523,-0.0475,-0.4801],[0.7552,1.9673,2.5503,1.762 ,1.0627],[-0.8469, 0.053 ,-0.0528,-0.4636],0.1719
3802,[-0.8488, 0.054 ,-0.0589,-0.4477],[-0.6731, 2.2727,-1.2145,-0.1048, 0.3552],[-0.8508, 0.0559,-0.0666,-0.4656],0.179
3810,[-0.8527, 0.0665,-0.0531,-0.4851],[1.3694,0.3815,7.7419,0.8193,1.2972],[-0.8549, 0.0661,-0.0538,-0.4844],0.1947
3812,[-0.8574, 0.066 ,-0.0608,-0.4814],[ 1.5466,12.4925, 0.0367, 1.9997, 2.8438],[-0.8596, 0.0664,-0.0607,-0.4807],0.2083
3900,[-0.8388, 0.0395,-0.0316,-0.8468],[ 0.6548, 3.0387, 5.2537,61.6396, 0.5477],[-0.8424, 0.0399,-0.0349,-0.8323],0.1671
3902,[-0.8326, 0.0472,-0.0759,-0.8013],[-1.3778,12.3707,-2.7005, 0.7091,-2.286 ],[-0.8358, 0.051 ,-0.0777,-0.7945],0.129
3910,[-0.8455, 0.0684,-0.051 ,-0.6801],[  0.7017,  2.0878,357.0369,  3.645 ,  1.2156],[-0.8486, 0.068 ,-0.0524,-0.6752],0.1738
3912,[-0.8445, 0.0686,-0.0629,-0.6957],[1.0574e+00,6.2717e+02,4.1796e-01,2.4278e+00,5.0855e-01],[-0.8476, 0.0691,-0.0612,-0.6903],0.1669
3920,[-0.8466,-0.0662, 0.0468,-0.8148],[-0.7284, 2.9914,-0.6233,10.6617,-0.5889],[-0.8502,-0.0653, 0.0446,-0.7983],0.1828
3921,[-0.8324,-0.0691, 0.0576,-0.9122],[ 0.4633,-0.2396,15.3656, 0.1697, 1.0155],[-0.8364,-0.0694, 0.0564,-0.8988],0.1312
4800,[-0.8016, 0.0162,-0.0207,-0.4891],[-0.0418,-0.0672, 1.3675,-0.4245, 1.3592],[-0.8038, 0.0165,-0.0186,-0.491 ],0.0619
4810,[-0.8173, 0.0761,-0.049 ,-0.4951],[ 0.186 ,-0.4289, 0.7716,-0.1175, 0.5263],[-0.8198, 0.0742,-0.0422,-0.4995],0.0835
4900,[-0.7965, 0.0378,-0.0331,-0.8125],[  4.6642,  3.3935,142.818 ,  0.2436,  1.6018],[-0.8002, 0.0383,-0.0366,-0.8137],0.04
4902,[-0.7958, 0.0342,-0.0687,-0.7767],[-2.0799e-01, 3.4340e+02,-6.5229e-01,-2.9049e-01, 8.4234e-01],[-0.799 , 0.0375,-0.0695,-0.7795],0.029
4910,[-0.8032, 0.0661,-0.0495,-0.7689],[ 0.6127, 0.3367,29.7517, 0.6377, 0.2822],[-0.8066, 0.0659,-0.051 ,-0.7584],0.0471
4912,[-0.8015, 0.0687,-0.0679,-0.7817],[  0.8291,122.9575, -0.2083,  1.2423,  0.8392],[-0.8048, 0.0696,-0.0659,-0.7713],0.0371
4920,[-0.7942,-0.0653, 0.0388,-0.847 ],[ 0.5657,11.0675,-0.2964,-0.1537,-0.0848],[-0.7981,-0.0644, 0.0389,-0.8559],0.0266
4921,[-0.8061,-0.0661, 0.0592,-0.874 ],[-0.0729,-0.5101,13.1681,-0.0215, 0.8257],[-0.81  ,-0.0667, 0.0583,-0.8854],0.0545
5820,[-0.7512,-0.0788, 0.0478,-0.4743],[-0.4705,-0.3002,-0.5692,-0.458 , 0.3014],[-0.7537,-0.0775, 0.0468,-0.4918],-0.0826
5821,[-0.7466,-0.0808, 0.0667,-0.4885],[ 0.2433,-0.8751, 0.3717,-0.0871, 1.6202],[-0.7489,-0.0801, 0.0579,-0.4743],-0.0954
5900,[-0.75  , 0.0038,-0.019 ,-0.7347],[ 5.5194e-01, 1.6838e+00, 2.2234e+02,-1.7233e-01, 2.8599e+00],[-0.7533, 0.0053,-0.025 ,-0.7425],-0.0693
5901,[-0.7384,-0.0465, 0.0604,-0.7014],[-0.129 ,-1.2888, 8.7828,-0.3503, 0.7681],[-0.7414,-0.0477, 0.058 ,-0.7102],-0.1033
5902,[-0.7548, 0.0369,-0.0655,-0.7565],[-2.7578e-02, 2.9716e+02,-4.6329e-01,-6.4853e-02, 1.7890e+00],[-0.758 , 0.0393,-0.0655,-0.7657],-0.0681
5910,[-0.7592, 0.063 ,-0.0452,-0.8411],[-0.2692,-0.5601, 1.9548,-2.8335,56.5516],[-0.7631, 0.0627,-0.0443,-0.847 ],-0.0577
5912,[-0.761 , 0.0662,-0.0737,-0.8506],[-8.8523,10.7075,-9.4062,-9.6338,-4.0092],[-0.7647, 0.0676,-0.073 ,-0.8578],-0.0619
5914,[-0.7348, 0.1382,-0.1678,-0.8256],[-0.8474, 0.6745,-1.7871,-0.6065,-0.0381],[-0.7375, 0.1414,-0.1635,-0.8092],-0.1521
5920,[-0.764 ,-0.0694, 0.0377,-0.7415],[ 0.2815, 1.1584,-0.8863,-1.3195, 1.7833],[-0.7676,-0.068 , 0.0348,-0.7574],-0.0469
5921,[-0.746 ,-0.0743, 0.0764,-0.7322],[-0.1776,-1.1783,16.779 ,-0.4253, 2.1287],[-0.7492,-0.075 , 0.0714,-0.7412],-0.0958
6700,[-0.691 , 0.01  ,-0.0088,-0.3573],[-0.0994,-0.4577, 0.3753,-1.3838, 4.9037],[-0.6926, 0.0099,-0.0059,-0.3695],-0.1798
6701,[-0.693 , 0.0019, 0.0705,-0.3663],[-1.0123,-1.9137, 0.1695,-2.1186, 0.4972],[-0.6942,-0.0018, 0.0758,-0.3755],-0.1836
6702,[-0.6917, 0.014 ,-0.066 ,-0.3559],[-1.2601,-0.6608,-2.2391,-2.095 , 0.0793],[-0.693 , 0.0167,-0.0679,-0.3685],-0.1853
6800,[-0.6945, 0.0079,-0.0032,-0.4606],[-20.8004,-20.9614,-20.5855,-22.2437,-19.7345],[-0.6965, 0.0077,-0.0024,-0.4741],-0.1727
6801,[-0.6946,-0.0103, 0.0758,-0.4665],[-3.3057,-4.9718,-2.3279,-5.1902,-2.8181],[-0.6963,-0.0136, 0.0747,-0.4807],-0.1806
6802,[-0.696 , 0.0248,-0.0736,-0.4627],[-19.5272,-19.2787,-19.6097,-20.4712,-18.5095],[-0.6977, 0.0274,-0.0744,-0.4745],-0.1805
6812,[-0.7051, 0.067 ,-0.1317,-0.4517],[-3.2938,-2.2206,-4.0627,-4.1574,-2.0684],[-0.7061, 0.0707,-0.1342,-0.4623],-0.1851
6900,[-0.7122, 0.0058,-0.0095,-0.602 ],[  2.5774,  2.0757,261.8747, -0.7401,  3.4734],[-0.7148, 0.0063,-0.0132,-0.6146],-0.1425
6901,[-0.7047,-0.0219, 0.0729,-0.5663],[-0.2552,-1.4721,45.7391,-1.7433, 0.7391],[-0.707 ,-0.0245, 0.0682,-0.5798],-0.1636
6902,[-0.7136, 0.0364,-0.0705,-0.6305],[ 0.8678,43.658 ,-0.5072,-1.1994,42.2443],[-0.7161, 0.0386,-0.0702,-0.6463],-0.1505
6910,[-0.7185, 0.0642,-0.0411,-0.7045],[-2.3412,-2.7322, 5.7318,-3.5709, 3.9284],[-0.7219, 0.0634,-0.0385,-0.7176],-0.1392
6912,[-0.7178, 0.0693,-0.0936,-0.6949],[-5.5063, 1.2858,-7.6358,-7.3536,-0.1333],[-0.7206, 0.0712,-0.09  ,-0.7101],-0.1526
6914,[-0.7137, 0.1176,-0.1755,-0.7107],[-0.4156, 3.0837,-2.7006,-0.6543, 0.3596],[-0.7155, 0.1218,-0.1748,-0.7209],-0.1863
6921,[-0.7244,-0.0635, 0.0911,-0.6556],[ 0.4759,-1.4738, 2.8959,-1.5549, 0.5695],[-0.7269,-0.0657, 0.091 ,-0.6616],-0.141
7422,[-0.6696,-0.1438,-0.1197, 0.0229],[-3.9418,-3.6154,-6.8017,-5.7126,-2.5419],[-0.6698,-0.1333,-0.1256, 0.0126],-0.2452
7442,[-0.6663,-0.183 ,-0.0925, 0.0161],[-3.3467,-2.6842,-4.9749,-3.8811,-1.9069],[-0.6677,-0.172 ,-0.102 , 0.0127],-0.2501
7502,[-0.668 ,-0.0393,-0.126 ,-0.1043],[-2.9194,-1.9651,-4.8892,-4.1682,-1.8187],[-0.6676,-0.0328,-0.1211,-0.1146],-0.2328
7504,[-0.6636,-0.0527,-0.1913,-0.1233],[-4.4844,-4.1198,-6.1367,-5.2581,-3.6748],[-0.6619,-0.0431,-0.1931,-0.1396],-0.2519
7522,[-0.6711,-0.1296,-0.1259,-0.0762],[-2.8525, 1.3604,-6.177 ,-4.6661, 0.7009],[-0.6715,-0.1192,-0.1306,-0.0909],-0.2417
7524,[-0.668 ,-0.0827,-0.1718,-0.1194],[-5.7475,-5.3782,-7.2273,-6.3589,-5.4984],[-0.667 ,-0.0724,-0.176 ,-0.1357],-0.2473
7542,[-0.6638,-0.1969,-0.0794,-0.011 ],[-20.1182,-17.971 ,-22.1097,-21.5201,-18.9396],[-0.6654,-0.1878,-0.0873,-0.0185],-0.253
7600,[-0.6741,-0.0021,-0.0302,-0.2189],[-1.661 ,-2.816 ,-2.5392,-3.2903,-0.0771],[-0.675 ,-0.001 ,-0.0224,-0.233 ],-0.2043
7602,[-0.6706,-0.0373,-0.1287,-0.2158],[-19.3706,-17.7411,-21.6391,-20.6342,-18.027 ],[-0.6706,-0.0306,-0.1234,-0.2299],-0.2288
7604,[-0.6648,-0.0339,-0.1752,-0.2138],[-14.7403,-13.8068,-16.2611,-15.1358,-13.9557],[-0.6638,-0.0254,-0.1742,-0.2273],-0.2446
7622,[-0.6723,-0.081 ,-0.1433,-0.1681],[-12.709 ,-11.2678,-16.1898,-14.6351,-11.7676],[-0.6722,-0.0717,-0.1438,-0.1831],-0.2358
7624,[-0.6689,-0.0676,-0.1724,-0.175 ],[-6.3307,-5.4785,-8.5116,-7.0565,-5.8618],[-0.6679,-0.0578,-0.1746,-0.185 ],-0.2438
7700,[-0.6782, 0.0029,-0.0257,-0.3369],[-14.6752,-15.002 ,-15.4381,-15.872 ,-13.109 ],[-0.6797, 0.0036,-0.0169,-0.3515],-0.1969
7701,[-0.6831,-0.011 , 0.0687,-0.3523],[-2.7102,-3.9856,-1.1948,-3.4687,-2.1397],[-0.6844,-0.0136, 0.0664,-0.3683],-0.1977
7702,[-0.6726,-0.01  ,-0.1069,-0.3067],[-28.0645,-26.2165,-30.1813,-29.6402,-26.8585],[-0.6733,-0.0053,-0.0982,-0.321 ],-0.2184
7704,[-0.6645,-0.0069,-0.1787,-0.289 ],[-14.3654,-13.734 ,-16.3284,-15.2878,-14.4205],[-6.6374e-01, 6.5741e-04,-1.7607e-01,-3.0463e-01],-0.2433
7800,[-0.6831, 0.0092,-0.0142,-0.422 ],[-56.79  ,-57.0441,-56.9689,-58.2214,-56.5784],[-0.685 , 0.0093,-0.009 ,-0.4358],-0.1899
7801,[-0.6856,-0.0011, 0.0712,-0.4393],[-5.6588,-6.6941,-4.6925,-6.8678,-5.2849],[-0.6872,-0.0045, 0.0735,-0.4529],-0.194
7802,[-0.6783, 0.0202,-0.0837,-0.422 ],[-36.8484,-36.0039,-37.8886,-37.6622,-35.9134],[-0.6798, 0.023 ,-0.077 ,-0.4358],-0.2076
7804,[-0.6669, 0.0408,-0.1757,-0.4284],[-2.431 ,-1.6533,-3.8684,-3.4119,-2.2725],[-0.6667, 0.0466,-0.1713,-0.4289],-0.2431
7812,[-0.6681, 0.0625,-0.1117,-0.4643],[-4.2804,-3.3412,-5.3209,-5.5859,-3.4207],[-0.6696, 0.0646,-0.1009,-0.4807],-0.2317
7814,[-0.6727, 0.0575,-0.1691,-0.458 ],[-2.5989,-1.6608,-4.6481,-3.7419,-2.325 ],[-0.6731, 0.0625,-0.1645,-0.4759],-0.2363
7900,[-0.6856, 0.0299,-0.0141,-0.5237],[ -9.6611, -9.7446, -9.3062,-10.4324, -9.3359],[-0.6879, 0.0292,-0.012 ,-0.5374],-0.1892
7901,[-0.6858, 0.0118, 0.0702,-0.5219],[-2.6557,-3.7137,-1.6242,-3.6118,-2.7698],[-0.6878, 0.0078, 0.0704,-0.5393],-0.1926
7902,[-0.6848, 0.0384,-0.0778,-0.5192],[-7.6865,-7.2793,-7.9776,-8.4423,-7.6593],[-0.6868, 0.0404,-0.0739,-0.5321],-0.1995
7910,[-0.6795, 0.0623,-0.0349,-0.5463],[-3.7743,-4.4009,-2.5018,-4.5347,-3.1084],[-0.6821, 0.0614,-0.0333,-0.5624],-0.2033
7912,[-0.6812, 0.0713,-0.1106,-0.5583],[-5.4608,-4.4678,-6.6099,-6.645 ,-4.9076],[-0.6831, 0.0735,-0.1075,-0.5719],-0.2154
7914,[-0.6882, 0.0972,-0.1721,-0.6504],[-0.5317, 5.5378,-2.0405,-1.4398,-0.0903],[-0.6893, 0.1018,-0.1773,-0.6688],-0.2224
