100,[-9.5863e-01, 6.3381e-06, 2.9196e-03, 4.0046e-01],[4.5037,0.11  ,0.9408,0.2262,1.9284],[-9.5680e-01,-9.0904e-04, 4.1754e-03, 4.1094e-01],0.2945
101,[-0.9578,-0.0308, 0.0645, 0.3925],[ 0.081 ,-0.4465, 1.6885,-0.1317, 0.4923],[-0.9559,-0.0378, 0.0688, 0.4007],0.2738
102,[-0.9564, 0.0416,-0.0585, 0.3895],[-0.1367, 1.2304,-0.3891, 0.0848, 0.1138],[-0.9545, 0.045 ,-0.0641, 0.4028],0.2782
110,[-0.9621, 0.0636,-0.0352, 0.3902],[ 0.482 ,-0.2465, 1.1734, 0.0313, 0.1777],[-0.9605, 0.0526,-0.0261, 0.4034],0.2675
112,[-0.9606, 0.0656,-0.0702, 0.3888],[1.3828,1.7762,0.5097,0.3729,1.0697],[-0.9588, 0.0635,-0.0674, 0.402 ],0.2529
121,[-0.9579,-0.0695, 0.0848, 0.385 ],[0.4961,0.5381,2.0992,0.7209,1.0213],[-0.9561,-0.0699, 0.0817, 0.3954],0.2546
200,[-0.9639, 0.0067,-0.0031, 0.3078],[ 1.0479, 3.3441, 1.2121,23.2741, 2.3867],[-9.6244e-01, 4.9645e-03,-3.7209e-04, 3.2092e-01],0.2679
201,[-0.9621,-0.0445, 0.0675, 0.3107],[-0.3699,-1.0216, 2.8849, 0.0833,-0.1976],[-0.9605,-0.0495, 0.0709, 0.3224],0.2509
202,[-0.9626, 0.0476,-0.0625, 0.2971],[-0.3002, 2.4424,-1.2123,-0.5985,-0.1856],[-0.9611, 0.0497,-0.0621, 0.3079],0.252
210,[-0.9622, 0.0666,-0.0413, 0.2864],[-0.0827,-1.0799, 2.3149,-0.1751,-0.5297],[-0.961 , 0.0563,-0.0319, 0.2987],0.2605
212,[-0.9651, 0.0911,-0.0922, 0.2955],[ 1.4666, 2.9422,-0.2338, 9.1419, 1.0478],[-0.9638, 0.0876,-0.087 , 0.3076],0.2175
214,[-0.963 , 0.1375,-0.1958, 0.2851],[ 0.2166, 4.4891,-0.5382, 0.6708,-0.0084],[-0.9607, 0.1482,-0.201 , 0.2985],0.1587
220,[-0.9635,-0.073 , 0.0358, 0.2934],[-0.6528, 3.4802,-1.4316, 0.1893,-0.0178],[-0.9624,-0.0587, 0.0235, 0.3043],0.2585
221,[-0.9632,-0.0853, 0.0967, 0.2967],[6.0194,0.4454,9.5778,3.2758,1.8761],[-0.9617,-0.0845, 0.0929, 0.3083],0.2235
223,[-0.9619,-0.1397, 0.1836, 0.2896],[ 0.1413,-0.4249, 2.4289, 0.0789,-0.276 ],[-0.9599,-0.1467, 0.1876, 0.2993],0.1674
232,[-0.9626, 0.1888,-0.1165, 0.2594],[-0.0602,-0.058 , 1.2118,-0.1399,-0.3256],[-0.9626, 0.1652,-0.1055, 0.2731],0.1834
234,[-0.9629, 0.1895,-0.2033, 0.2934],[0.6292,4.8023,0.678 ,1.8956,0.5406],[-0.9615, 0.1856,-0.196 , 0.305 ],0.1431
300,[-9.6969e-01,-2.7412e-04,-8.4180e-05, 1.8760e-01],[ 2.0649, 0.5648, 2.4657,16.9855,-0.1728],[-9.6879e-01,-2.9843e-04, 7.7958e-04, 2.0189e-01],0.2435
301,[-0.965 ,-0.0438, 0.0698, 0.1898],[-0.8312,-1.2645, 1.1023,-0.061 ,-1.1074],[-0.9639,-0.0525, 0.0788, 0.2039],0.2343
302,[-0.9704, 0.0447,-0.0688, 0.197 ],[-0.7873, 0.6897,-2.2339,-1.0455,-1.9926],[-0.9693, 0.0541,-0.0784, 0.2113],0.2142
310,[-0.9683, 0.0748,-0.0433, 0.198 ],[-0.8234,-0.9735, 1.9323,-0.6139,-1.2181],[-0.9676, 0.0605,-0.0303, 0.2122],0.2352
312,[-0.9699, 0.0949,-0.0957, 0.1851],[0.9171,2.4664,0.6955,9.8123,1.0392],[-0.969 , 0.0915,-0.0899, 0.199 ],0.1965
314,[-0.9643, 0.145 ,-0.195 , 0.1748],[-0.56  , 4.1348,-1.2019, 0.5525,-0.5241],[-0.9625, 0.1569,-0.2052, 0.1889],0.148
320,[-0.9697,-0.0692, 0.0374, 0.185 ],[-1.0297, 2.1937,-1.6588,-1.1169,-1.538 ],[-0.969 ,-0.0533, 0.022 , 0.1984],0.2365
321,[-0.9694,-0.1016, 0.1088, 0.1884],[ 2.8819, 0.7351, 7.9466,10.0592,-0.1959],[-0.9685,-0.1001, 0.1059, 0.2023],0.1888
323,[-0.9587,-0.1295, 0.1816, 0.1604],[-0.6165,-1.317 , 1.2102, 0.551 ,-1.0281],[-0.957 ,-0.1409, 0.1913, 0.1674],0.1779
332,[-0.9648, 0.197 ,-0.1379, 0.1918],[-0.3733,-0.9657, 2.0695,-0.6742,-0.8664],[-0.9652, 0.1726,-0.1108, 0.204 ],0.1697
334,[-0.9687, 0.2058,-0.2097, 0.1803],[ 1.0291, 5.2376, 0.5025, 4.4801,-0.4141],[-0.968 , 0.2008,-0.2012, 0.1942],0.1149
341,[-0.9716,-0.1943, 0.1309, 0.1671],[-0.7264, 2.7306,-1.7379, 0.4677,-1.2857],[-0.9721,-0.1624, 0.0976, 0.1811],0.1559
343,[-0.9662,-0.2153, 0.2117, 0.163 ],[ 0.9135, 0.2577, 2.4401, 7.2073,-0.249 ],[-0.9658,-0.2057, 0.1974, 0.1767],0.1218
354,[-0.9594, 0.3012,-0.2293, 0.1707],[-0.3194,-0.8659, 0.3127,-0.2007,-1.12  ],[-0.9611, 0.2792,-0.2055, 0.1796],0.1034
356,[-0.9598, 0.3016,-0.2981, 0.1566],[-0.1369, 3.9059,-0.037 , 3.2002,-0.3282],[-0.9597, 0.2951,-0.286 , 0.171 ],0.069
363,[-0.9705,-0.292 , 0.2361, 0.1392],[-0.6833, 0.0336,-1.9426,-0.2131,-1.9083],[-0.9719,-0.2649, 0.1974, 0.1539],0.0805
365,[-0.9608,-0.3123, 0.3373, 0.1582],[ 0.4095,-0.4726, 2.5966, 4.1892,-0.5902],[-0.9595,-0.3107, 0.3345, 0.1727],0.0437
400,[-0.9722, 0.0053,-0.0044, 0.062 ],[ 1.3166, 3.1109, 1.445 , 9.4306,-0.2513],[-0.9718, 0.0055,-0.0053, 0.0766],0.2316
401,[-0.9689,-0.0363, 0.0727, 0.0755],[-0.9291,-2.0547, 0.4323,-0.9149,-1.6029],[-0.9682,-0.0506, 0.0853, 0.0889],0.2168
402,[-0.9693, 0.0365,-0.0744, 0.0626],[-1.1728, 2.6739,-1.4512,-0.0871,-0.8845],[-0.9686, 0.0524,-0.0902, 0.0767],0.2129
410,[-0.9698, 0.0787,-0.0352, 0.0606],[-0.2094,-1.9254, 1.0615,-0.7122,-1.5179],[-0.9698, 0.0594,-0.0169, 0.0737],0.2306
411,[-0.9662, 0.0569, 0.0641, 0.0737],[-0.1772,-0.4275,-0.0783,-0.5116,-0.2523],[-0.9655, 0.0128, 0.0983, 0.0883],0.2357
412,[-0.9719, 0.0939,-0.1012, 0.0629],[ 0.6189, 0.6239, 1.3269,15.2126,-0.4761],[-0.9715, 0.0949,-0.1001, 0.0778],0.1831
414,[-0.9755, 0.153 ,-0.179 , 0.0674],[-0.6637, 2.2762,-0.9993, 1.0405,-1.1092],[-0.9747, 0.1607,-0.1842, 0.0781],0.1163
420,[-0.9695,-0.0723, 0.0332, 0.0641],[-0.7451, 2.7768,-1.496 ,-0.248 ,-1.2761],[-0.9694,-0.0538, 0.0148, 0.0788],0.2324
421,[-0.9732,-0.11  , 0.1058, 0.0615],[ 1.9481, 0.3966, 5.1175,12.6665,-0.2085],[-0.973 ,-0.1046, 0.098 , 0.0762],0.1749
423,[-0.9644,-0.1511, 0.1766, 0.0526],[-0.0395,-1.4805, 1.1072,-0.4992,-1.4318],[-0.9637,-0.1576, 0.1805, 0.0626],0.1534
432,[-0.9704, 0.1976,-0.1299, 0.057 ],[-1.0374,-1.7821, 0.9607,-1.3476,-1.6033],[-0.9715, 0.1673,-0.0961, 0.0713],0.1571
434,[-0.9739, 0.2105,-0.2069, 0.0706],[ 1.6149, 4.2846,-0.5566, 3.3514,-1.1091],[-0.9738, 0.2071,-0.2013, 0.0844],0.0952
441,[-0.974 ,-0.1854, 0.1424, 0.0574],[-1.3652, 0.2738,-1.4392,-1.1983,-1.9576],[-0.9746,-0.1613, 0.1136, 0.0697],0.1426
443,[-0.9743,-0.2098, 0.2113, 0.053 ],[ 0.9799,-0.4559, 7.5651, 3.8711,-0.8693],[-0.9741,-0.2048, 0.2014, 0.0665],0.0949
445,[-0.9698,-0.2566, 0.3023, 0.036 ],[ 0.9146,-1.2364, 1.3438, 2.3452,-0.9631],[-0.9682,-0.2668, 0.3115, 0.0504],0.0466
454,[-0.9613, 0.2944,-0.2353, 0.0266],[-1.4206,-1.7124,-0.6832,-1.1493,-2.44  ],[-0.9632, 0.275 ,-0.206 , 0.0417],0.0985
456,[-0.9633, 0.3098,-0.3154, 0.0603],[-0.0342, 1.1941,-0.8945, 3.3809,-1.3221],[-0.9629, 0.3085,-0.3138, 0.0755],0.0437
463,[-0.9676,-0.3037, 0.2369, 0.062 ],[-2.2261,-1.3001,-3.0219,-1.5472,-3.2422],[-0.9697,-0.2767, 0.1977, 0.0773],0.082
465,[-0.9707,-0.3158, 0.328 , 0.0629],[-0.008 ,-1.0057, 3.1009, 3.1664,-1.7858],[-0.9702,-0.3145, 0.3225, 0.0774],0.0185
467,[-0.9577,-0.3814, 0.3933, 0.0083],[ 0.6793,-0.7427, 4.0561, 0.9769,-0.5695],[-0.9575,-0.3812, 0.3861, 0.0235],-0.0002
500,[-0.9718, 0.0135,-0.0088,-0.0632],[ 1.4898, 1.9136,19.0654, 5.5699,-0.5132],[-0.972 , 0.0131,-0.0118,-0.0501],0.2333
501,[-0.9727,-0.0387, 0.0746,-0.0744],[ 1.8123,-1.1557, 2.9719,-0.3633,-1.1563],[-0.9726,-0.0565, 0.0887,-0.0613],0.1977
502,[-0.9702, 0.0413,-0.0773,-0.0425],[-0.6281, 3.116 ,-1.1854, 0.3588,-1.2261],[-0.9699, 0.0608,-0.0996,-0.0308],0.2018
510,[-0.9694, 0.0706,-0.0391,-0.0612],[-0.8512,-0.8825, 3.0348,-0.6138,-1.2869],[-0.9697, 0.0547,-0.0225,-0.0462],0.229
512,[-0.9718, 0.1033,-0.1017,-0.0629],[ 1.1344, 4.0401,-0.0377,14.2055,-0.5528],[-0.972 , 0.1025,-0.0979,-0.0488],0.1792
514,[-0.9656, 0.1332,-0.195 ,-0.0528],[-0.4996, 1.749 ,-1.2436, 0.0207,-1.0251],[-0.9643, 0.1564,-0.2172,-0.0373],0.1378
520,[-0.9679,-0.0769, 0.0342,-0.044 ],[-0.1757, 0.7791,-1.306 , 0.2475,-1.3295],[-0.9683,-0.0567, 0.0101,-0.0284],0.2389
521,[-0.9734,-0.1022, 0.1091,-0.0583],[ 0.0463, 0.109 , 1.1139,17.8706,-0.518 ],[-0.9735,-0.1047, 0.1085,-0.0429],0.1693
523,[-0.9725,-0.1433, 0.1837,-0.059 ],[-0.202 ,-0.8563, 2.9549, 0.004 ,-1.0132],[-0.9718,-0.1613, 0.1995,-0.0439],0.1195
532,[-0.9679, 0.1879,-0.1378,-0.0508],[-1.7597,-2.4694,-0.6428,-1.298 ,-2.6611],[-0.969 , 0.1666,-0.1145,-0.0368],0.1577
534,[-0.9712, 0.2231,-0.21  ,-0.0721],[ 0.1114, 1.5006,-0.6039, 2.9359,-1.3914],[-0.9718, 0.2187,-0.2028,-0.0573],0.0962
536,[-0.9711, 0.2594,-0.2841,-0.0915],[ 0.1993, 1.3195,-1.2336, 0.245 ,-1.0469],[-0.9706, 0.2694,-0.2921,-0.0768],0.0463
541,[-0.9717,-0.1795, 0.1473,-0.0612],[-0.0624, 1.8476,-1.0884,-0.5837,-1.2104],[-0.9726,-0.1627, 0.1264,-0.0455],0.1443
543,[-0.9769,-0.2193, 0.2234,-0.0575],[ 0.5743,-0.1799, 0.6648,10.8952,-1.1578],[-0.977 ,-0.2213, 0.2226,-0.0419],0.0726
545,[-0.9713,-0.2589, 0.2931,-0.079 ],[-0.44  ,-0.7256, 2.3736, 2.6306,-1.0474],[-0.9704,-0.2705, 0.3019,-0.0635],0.043
554,[-0.9635, 0.2991,-0.2601,-0.0337],[-2.8111,-3.5371,-1.9422,-2.8093,-3.5356],[-0.965 , 0.2888,-0.2453,-0.018 ],0.0726
556,[-0.9629, 0.3135,-0.3037,-0.0574],[-0.5384, 0.6224,-1.7915, 1.8652,-2.6332],[-0.9635, 0.3127,-0.3014,-0.0432],0.0454
563,[-0.9678,-0.2886, 0.2689,-0.079 ],[-1.0792,-0.1344,-1.2059,-0.5345,-1.9969],[-0.9689,-0.2834, 0.2552,-0.0677],0.0596
565,[-0.9683,-0.3124, 0.3434,-0.0665],[ 0.268 ,-1.2891, 0.928 , 4.0406,-1.575 ],[-0.9674,-0.3199, 0.3472,-0.051 ],0.0146
567,[-0.9598,-0.3591, 0.397 ,-0.0536],[ 0.407 ,-0.1283, 3.765 , 4.3436,-0.7817],[-0.9585,-0.3648, 0.3993,-0.038 ],-0.0013
600,[-0.9712, 0.0177,-0.0021,-0.187 ],[ 0.2669, 1.3892, 1.9801,10.6212,-1.5247],[-0.972 , 0.0112, 0.0017,-0.1712],0.2334
601,[-0.9691,-0.037 , 0.0702,-0.181 ],[ 0.0219,-1.0494, 2.9386, 1.0545,-1.131 ],[-0.9695,-0.0535, 0.0852,-0.1648],0.2111
602,[-0.9676, 0.0452,-0.0687,-0.1892],[-0.3184, 1.5452,-0.6053, 0.233 ,-1.0883],[-0.9681, 0.0591,-0.0873,-0.1728],0.2133
603,[-0.9749,-0.0323, 0.167 ,-0.1653],[ 0.0229,-0.3233,-0.0404,-0.2004, 0.0987],[-0.9734,-0.0961, 0.2159,-0.1495],0.1319
610,[-0.968 , 0.0733,-0.0354,-0.1862],[-0.8966,-1.1722, 2.7905, 0.3632,-1.8341],[-0.969 , 0.0563,-0.0183,-0.1725],0.2343
612,[-0.9692, 0.0992,-0.0925,-0.186 ],[ 0.3139, 6.2756, 0.4094, 1.4157,-2.222 ],[-0.97  , 0.0971,-0.0881,-0.1716],0.1914
614,[-0.967 , 0.1623,-0.1728,-0.2091],[ 0.1761,-0.2136,-0.7399, 0.5248,-0.5725],[-0.9675, 0.1703,-0.1795,-0.1941],0.1363
620,[-0.9693,-0.0701, 0.0405,-0.1547],[-0.5258, 0.44  ,-0.8397,-0.2144,-0.931 ],[-0.9702,-0.0527, 0.0145,-0.1386],0.235
621,[-0.9734,-0.0952, 0.1113,-0.1806],[ 0.6994,-1.2715, 1.3318, 4.3863,-1.6583],[-0.9739,-0.1058, 0.1192,-0.1645],0.1638
623,[-0.9762,-0.151 , 0.1863,-0.186 ],[ 0.339 ,-0.6748, 0.3929, 3.0819,-1.0087],[-0.976 ,-0.1718, 0.2041,-0.1696],0.1003
632,[-0.9648, 0.1841,-0.144 ,-0.1865],[-2.2473,-2.5958,-2.1778,-2.498 ,-4.3192],[-0.9664, 0.1703,-0.1265,-0.1709],0.1607
634,[-0.9657, 0.2201,-0.2064,-0.1842],[-1.9227,-1.6368,-3.0786, 0.4844,-4.0355],[-0.9667, 0.2198,-0.2048,-0.1688],0.1101
636,[-0.9664, 0.2773,-0.2818,-0.1724],[ 0.3497, 0.4676, 0.1257,-0.0955,-1.1563],[-0.9668, 0.283 ,-0.2854,-0.1559],0.0541
641,[-0.9682,-0.1765, 0.1549,-0.1626],[-0.6522,-0.1783,-0.8376,-0.6097,-1.0076],[-0.9692,-0.1728, 0.1534,-0.1474],0.1403
643,[-0.9737,-0.2155, 0.2328,-0.1811],[ 0.4598,-0.9998, 0.7003, 4.5861,-1.7078],[-0.9738,-0.2279, 0.2427,-0.1656],0.0716
645,[-0.97  ,-0.256 , 0.3116,-0.1712],[-0.2791,-0.3994, 1.0248, 4.1014,-0.5296],[-0.9685,-0.2757, 0.3291,-0.1549],0.0353
654,[-0.9633, 0.29  ,-0.2513,-0.1754],[-3.3984,-3.9176,-3.3832,-2.6836,-4.4166],[-0.9652, 0.2818,-0.2373,-0.1597],0.0777
656,[-0.961 , 0.3142,-0.3039,-0.1924],[-2.4781,-1.4129,-3.1213,-0.9584,-4.2028],[-0.9619, 0.3163,-0.3035,-0.1766],0.0472
663,[-0.9626,-0.2925, 0.2551,-0.1445],[-0.0736,-0.5096,-0.7331, 0.4138,-0.9984],[-0.9642,-0.2871, 0.2503,-0.1361],0.0733
665,[-0.9655,-0.3066, 0.3361,-0.1648],[-0.5155,-0.9313, 0.3587, 6.6339,-1.1597],[-0.9648,-0.3175, 0.3438,-0.1485],0.0238
667,[-0.9611,-0.3448, 0.4215,-0.1601],[ 0.485 ,-0.1235, 3.3459, 6.2536,-0.4893],[-0.9583,-0.3588, 0.4321,-0.1454],-0.0119
700,[-0.9676, 0.0224,-0.0014,-0.3032],[-2.8913,-4.5115,-2.6731,-2.2004,-5.674 ],[-0.9689, 0.0141, 0.0037,-0.2872],0.2436
701,[-0.9709,-0.0349, 0.0739,-0.2981],[ 1.3088,-1.1401, 1.098 , 2.3061,-1.2627],[-0.9718,-0.0569, 0.0945,-0.2822],0.198
702,[-0.964 , 0.0494,-0.0631,-0.3568],[-0.2218, 0.7393,-0.9881, 0.1097,-1.176 ],[-0.9653, 0.0584,-0.0738,-0.3394],0.2285
710,[-0.9649, 0.0701,-0.0364,-0.3103],[-0.9303,-0.6795, 3.576 ,-0.0906,-2.091 ],[-0.9663, 0.0578,-0.0254,-0.2951],0.241
712,[-0.9645, 0.1063,-0.094 ,-0.3134],[-6.7764,-5.1766,-6.0266,-5.2274,-8.0143],[-0.9659, 0.1045,-0.0905,-0.2976],0.2019
714,[-0.9593, 0.1521,-0.177 ,-0.3099],[-0.397 , 0.4688,-0.1547,-0.1517,-1.3963],[-0.9599, 0.1644,-0.1874,-0.2929],0.1601
721,[-0.9694,-0.092 , 0.1169,-0.2971],[ 0.8531,-2.4382,-0.3565, 0.3074,-3.1599],[-0.9702,-0.1073, 0.13  ,-0.2809],0.1708
723,[-0.9712,-0.1448, 0.191 ,-0.2751],[ 0.6454, 0.5844, 2.0139, 5.612 ,-1.1896],[-0.971 ,-0.1715, 0.2182,-0.2585],0.1103
725,[-0.9635,-0.1591, 0.2789,-0.2822],[-0.142 ,-0.2432, 0.1291,-0.0933,-0.1184],[-0.9602,-0.2012, 0.3321,-0.2651],0.0866
732,[-0.9616, 0.1818,-0.1494,-0.323 ],[-3.7333,-3.7012,-3.595 ,-3.205 ,-5.101 ],[-0.9636, 0.1747,-0.1385,-0.3068],0.1634
734,[-0.9623, 0.2108,-0.2003,-0.2986],[ -8.9275, -8.2842, -9.4545, -8.0705,-10.4465],[-0.9636, 0.2133,-0.2012,-0.2828],0.1235
743,[-0.9652,-0.1839, 0.2023,-0.2611],[ 1.186 ,-1.7465, 1.1435, 2.3769,-2.4724],[-0.9656,-0.1961, 0.211 ,-0.2446],0.1204
745,[-0.9602,-0.2012, 0.3321,-0.2651],[ 0.2132,-0.1534, 0.5874,12.3741,-0.4695],[-0.9563,-0.2358, 0.3663,-0.2482],0.0701
754,[-0.9598, 0.2838,-0.2615,-0.296 ],[-3.802 ,-3.1779,-3.973 ,-3.3827,-4.6906],[-0.9616, 0.2838,-0.2552,-0.2793],0.0803
756,[-0.9573, 0.308 ,-0.3013,-0.2766],[-3.0376,-3.5517,-4.1861,-2.19  ,-5.9935],[-0.9582, 0.3136,-0.3056,-0.2599],0.0578
800,[-0.9609, 0.0288,-0.0082,-0.416 ],[-15.8812,-15.9349,-15.3009,-15.5569,-17.3217],[-0.9627, 0.0222,-0.0035,-0.3995],0.2696
801,[-0.9621,-0.032 , 0.0706,-0.4034],[ 1.203 , 0.2221, 5.4013, 1.9046,-1.3533],[-0.9635,-0.0498, 0.0873,-0.3867],0.233
802,[-0.9609, 0.0485,-0.0628,-0.4145],[-1.0279,-0.3914,-1.0816,-0.0915,-1.7001],[-0.9625, 0.057 ,-0.0718,-0.3972],0.2401
810,[-0.9614, 0.0753,-0.0345,-0.4152],[-2.631 ,-3.072 ,-0.9793,-0.7206,-3.7208],[-0.9634, 0.0622,-0.023 ,-0.3996],0.2518
812,[-0.9603, 0.1052,-0.0895,-0.4174],[-20.8461,-20.7731,-21.1967,-20.9438,-22.3294],[-0.9622, 0.1026,-0.084 ,-0.4007],0.2181
821,[-0.9628,-0.0637, 0.088 ,-0.3886],[-3.8936,-3.6118,-3.1139,-1.1743,-4.9331],[-0.9642,-0.0751, 0.0946,-0.3726],0.2178
832,[-0.9602, 0.1823,-0.1409,-0.4054],[-5.2869,-5.291 ,-5.3868,-4.3336,-6.3207],[-0.9627, 0.1724,-0.1254,-0.3882],0.1723
834,[-0.9573, 0.2002,-0.18  ,-0.4076],[-14.9579,-14.3121,-15.0382,-13.3359,-15.9589],[-0.9595, 0.1991,-0.1709,-0.3901],0.1543
912,[-0.9565, 0.0983,-0.0816,-0.5078],[-69.553 ,-68.7441,-69.2601,-68.8112,-69.4155],[-0.9589, 0.0955,-0.0742,-0.4915],0.237
1000,[-0.9341, 0.0513,-0.0463, 0.5004],[1.0237,1.0944,1.8333,0.0343,1.2126],[-0.932 , 0.0498,-0.0506, 0.4873],0.375
1100,[-9.4129e-01,-7.7777e-04,-9.9671e-04, 3.9400e-01],[1.1319e+00,1.5445e+00,5.6810e-01,5.7670e-02,1.1871e+02],[-9.3953e-01,-4.0153e-04,-1.7001e-03, 3.8997e-01],0.3602
1101,[-0.9372,-0.035 , 0.0719, 0.3895],[ 0.2835,-0.4833, 3.4812,-0.1309,23.0389],[-0.9353,-0.0406, 0.0752, 0.3832],0.3541
1102,[-0.9356, 0.0341,-0.0691, 0.3914],[ 1.4562, 2.32  ,-0.7202,-0.6164,19.5581],[-0.9337, 0.0397,-0.0754, 0.3824],0.3612
1110,[-0.9487, 0.0598,-0.0475, 0.416 ],[ 0.6502,-0.0812, 5.0888,-0.6011, 0.141 ],[-0.9469, 0.0547,-0.0419, 0.4274],0.3141
1112,[-0.9452, 0.0713,-0.096 , 0.4129],[ 0.4578,14.5317, 0.8511, 0.6942, 4.295 ],[-0.9432, 0.0736,-0.0969, 0.4116],0.2969
1114,[-0.9353, 0.1582,-0.1839, 0.3832],[ 0.3358, 6.5155,-0.6999,-0.5879, 1.7032],[-0.9334, 0.1576,-0.178 , 0.3807],0.2613
1120,[-0.9455,-0.0753, 0.0339, 0.3856],[ 0.7615, 4.3043,-0.929 , 0.4463, 1.1934],[-0.9441,-0.0663, 0.035 , 0.3864],0.3234
1121,[-0.9373,-0.0957, 0.1104, 0.3861],[ 0.2544, 1.3574, 2.9703, 1.0917,22.9496],[-0.9355,-0.0955, 0.1075, 0.3802],0.3132
1123,[-0.9388,-0.158 , 0.1792, 0.3823],[ 0.211 ,-1.0408, 4.0568, 0.1155, 1.3903],[-0.9369,-0.157 , 0.1747, 0.3819],0.2507
1134,[-0.9446, 0.1844,-0.2199, 0.3845],[ 1.0856, 1.1015,-0.1205, 0.7278, 9.5309],[-0.9424, 0.1851,-0.219 , 0.3784],0.1976
1143,[-0.9328,-0.1701, 0.1938, 0.3831],[1.1778,0.6366,1.5838,0.5324,5.71  ],[-0.9309,-0.1691, 0.1892, 0.3804],0.2602
1200,[-9.3887e-01, 3.4674e-03,-1.6927e-04, 3.3029e-01],[  1.0764,  1.632 ,  1.4298,137.471 ,  2.9911],[-0.9374, 0.0027, 0.0015, 0.3398],0.3665
1201,[-0.9303,-0.0404, 0.0734, 0.3254],[-0.3074,-0.3769,68.732 , 0.321 , 0.9616],[-0.9286,-0.0449, 0.0752, 0.3228],0.3764
1202,[-0.9296, 0.0426,-0.073 , 0.3305],[ 0.4409,47.4046,-0.4234,-0.2226, 4.508 ],[-0.9279, 0.0465,-0.074 , 0.3228],0.3803
1210,[-0.9258, 0.0737,-0.0401, 0.2668],[ 0.1812,-0.4164,20.4609, 0.035 , 5.9317],[-0.9249, 0.067 ,-0.0364, 0.2658],0.3947
1212,[-0.929 , 0.0854,-0.0924, 0.2914],[ 0.8982, 2.8251, 0.6794, 1.3304,80.7181],[-0.9278, 0.0844,-0.0876, 0.2806],0.357
1214,[-0.9398, 0.1506,-0.1784, 0.3012],[ 0.3048,31.1966,-1.2835,-0.0488, 0.6889],[-0.9381, 0.1521,-0.1764, 0.3088],0.2455
1220,[-0.9306,-0.0752, 0.0434, 0.2901],[ 0.9439,36.7907,-0.0854,-0.1387, 0.6469],[-0.9296,-0.0686, 0.0421, 0.2846],0.3793
1221,[-0.9317,-0.0843, 0.0971, 0.3088],[148.1793,  0.7307,  3.5877,  0.484 ,  1.6551],[-0.9303,-0.0845, 0.095 , 0.3028],0.3447
1223,[-0.9411,-0.1498, 0.1809, 0.3192],[ 0.7364,-0.5499,22.2997, 0.1618, 0.5086],[-0.9393,-0.1514, 0.1797, 0.3238],0.2422
1230,[-0.9154, 0.1684,-0.0399, 0.2986],[-0.4565,-1.1657, 0.7852,-0.4606,-0.3815],[-0.9157, 0.1505,-0.0399, 0.2852],0.4042
1232,[-0.9266, 0.1792,-0.1415, 0.3046],[ 0.2762,-0.1231, 1.486 , 1.0119, 3.4146],[-0.9262, 0.1695,-0.1261, 0.3058],0.3082
1234,[-0.9334, 0.1991,-0.2039, 0.2883],[ 1.4299,32.7835,-0.1766, 2.3053, 2.3334],[-0.9324, 0.1952,-0.1925, 0.2954],0.241
1241,[-0.9402,-0.1992, 0.1189, 0.3033],[ 0.5847,22.5427, 0.4392, 0.5489, 1.7886],[-0.9404,-0.1804, 0.1054, 0.3106],0.2573
1243,[-0.939 ,-0.2281, 0.2061, 0.3114],[ 1.8074, 0.6485,19.6734, 1.5744, 1.0383],[-0.9387,-0.2188, 0.1889, 0.3177],0.2098
1245,[-0.9275,-0.2366, 0.2897, 0.2596],[ 0.2771,-1.0501, 5.1763, 0.4749, 4.0409],[-0.9253,-0.2386, 0.2843, 0.2571],0.2035
1263,[-0.9288,-0.2868, 0.2688, 0.3096],[1.2764,1.2928,1.3875,2.2711,3.6818],[-0.9286,-0.2791, 0.2548, 0.3152],0.1866
1265,[-0.9368,-0.3072, 0.3191, 0.2765],[12.9811,-0.448 , 2.6697, 1.0056, 1.5381],[-0.9359,-0.3022, 0.3063, 0.2859],0.1287
1300,[-0.9175, 0.0048,-0.0051, 0.1617],[  1.3216,123.7007,  3.6966,  2.4846,  1.8627],[-0.9168, 0.0044,-0.0024, 0.165 ],0.4398
1301,[-0.9176,-0.0444, 0.0644, 0.18  ],[ 0.1345,-0.6067,52.6714,-0.2757, 0.4414],[-0.9167,-0.0471, 0.0658, 0.1809],0.4215
1302,[-0.9164, 0.0468,-0.0654, 0.1352],[ 2.5537e+00, 2.3859e+00,-1.1703e+00, 2.7228e-02, 2.7248e+01],[-0.9156, 0.0491,-0.0653, 0.1331],0.4253
1310,[-0.9198, 0.0684,-0.04  , 0.1904],[-1.5769e-01,-4.2504e-01, 6.5229e+01,-2.6373e-02, 2.1319e+00],[-0.9191, 0.0634,-0.0377, 0.192 ],0.4202
1312,[-0.919 , 0.0849,-0.0968, 0.1711],[  0.5827,248.5178,  1.2739,  1.6421,  2.9314],[-0.9181, 0.0852,-0.0933, 0.1808],0.3833
1314,[-0.9363, 0.1419,-0.1858, 0.1826],[ 2.3353e-01, 4.7746e+01,-8.3824e-01, 8.5226e-01, 4.6893e-02],[-0.9347, 0.1473,-0.1875, 0.1946],0.2558
1320,[-0.9172,-0.0648, 0.042 , 0.1633],[ 1.2377,87.1942,-0.1549,-0.2411, 0.4537],[-0.9166,-0.061 , 0.041 , 0.1687],0.427
1321,[-0.9203,-0.0864, 0.0851, 0.1802],[  1.6961,  1.0175,118.2453,  4.4639,  1.1998],[-0.9196,-0.0846, 0.0789, 0.1826],0.388
1323,[-0.9214,-0.1442, 0.176 , 0.215 ],[ 0.4602,-0.5236,14.1533, 0.3604, 0.1649],[-0.92  ,-0.1472, 0.1771, 0.2092],0.3083
1332,[-0.9363, 0.1873,-0.1354, 0.1767],[-1.1103,-0.8776, 0.1784,-0.4836,-1.0592],[-0.9367, 0.1741,-0.1169, 0.1825],0.2692
1334,[-0.9355, 0.208 ,-0.2282, 0.1956],[ 1.8128,27.2556, 0.0592, 1.8101, 1.2663],[-0.9343, 0.2078,-0.2235, 0.2068],0.2131
1336,[-0.9276, 0.2705,-0.3116, 0.1605],[-0.076 ,23.4891,-0.3345, 0.8   , 0.313 ],[-0.9259, 0.2722,-0.3099, 0.1694],0.1705
1341,[-0.9314,-0.187 , 0.1381, 0.1651],[ 0.4741, 9.5929, 0.0749,-0.2004, 0.8188],[-0.9317,-0.1763, 0.1299, 0.1691],0.2805
1343,[-0.9311,-0.2036, 0.2062, 0.1682],[ 1.677 , 0.5795,16.1595, 1.4395, 0.6558],[-0.9306,-0.2007, 0.1967, 0.1732],0.2424
1345,[-0.9273,-0.2245, 0.2918, 0.1994],[ 0.4857,-0.463 ,10.2724, 0.642 , 1.0406],[-0.9248,-0.2296, 0.2921, 0.2091],0.2002
1354,[-0.9524, 0.3084,-0.2342, 0.1531],[-0.6886,-1.1427,-0.1603,-0.0491,-1.4209],[-0.9542, 0.2908,-0.2193, 0.1649],0.1141
1356,[-0.9253, 0.2975,-0.3071, 0.1821],[ 1.4831, 4.8683,-0.2068, 6.0743, 1.0998],[-0.9248, 0.2938,-0.2958, 0.1925],0.1702
1363,[-0.9397,-0.3151, 0.2347, 0.2117],[ 1.7402, 2.6311,-0.2835, 9.1473, 0.2127],[-0.9418,-0.2966, 0.206 , 0.2253],0.1568
1365,[-0.9392,-0.3324, 0.3402, 0.1839],[ 0.7403, 0.2574,23.9251, 2.8748, 0.6956],[-0.9388,-0.3284, 0.3286, 0.1969],0.0984
1385,[-0.9287,-0.3998, 0.3727, 0.1552],[-1.8645,-2.663 ,-2.8453,-1.6689,-3.1769],[-0.9299,-0.394 , 0.3554, 0.16  ],0.0819
1387,[-0.9273,-0.4086, 0.4024, 0.1357],[ 1.3941,-0.2809,24.2589, 0.8566, 0.3522],[-0.9277,-0.4048, 0.3887, 0.1507],0.0676
1400,[-0.9179, 0.0267,-0.0305, 0.058 ],[  1.3877,  1.3015,518.4804,  1.5782,  1.3021],[-0.9177, 0.0277,-0.0344, 0.0631],0.4415
1401,[-0.9213,-0.0361, 0.0737, 0.0521],[ 2.3236e-03,-1.4776e+00, 9.0098e+00,-6.7706e-01, 1.4312e+00],[-0.9208,-0.042 , 0.0756, 0.0555],0.4096
1402,[-0.9168, 0.045 ,-0.0674, 0.0684],[ 6.3218e-01, 4.1004e+02,-4.4259e-01, 3.7333e-01, 6.1671e-01],[-0.9163, 0.0481,-0.0681, 0.0739],0.4261
1403,[-0.9484,-0.0469, 0.1745, 0.0333],[-1.9641,-2.391 ,-1.2312,-1.8033,-1.855 ],[-0.9465,-0.0745, 0.1895, 0.0434],0.2437
1410,[-0.9187, 0.0637,-0.0412, 0.0547],[ 3.0896e-03,-2.1657e-01, 4.1945e+00, 9.9813e-01, 1.1260e+01],[-0.9186, 0.0593,-0.034 , 0.0547],0.4317
1411,[-0.9286, 0.0591, 0.0568, 0.0187],[-2.6083,-2.8581,-1.4065,-1.8764,-2.5213],[-0.9283, 0.0341, 0.0953, 0.0031],0.3775
1412,[-0.9174, 0.0716,-0.0907, 0.0672],[  2.9946,  4.5931,  1.6282,260.4321,  2.2677],[-0.9169, 0.0739,-0.0908, 0.0803],0.3996
1414,[-0.9213, 0.1364,-0.1823, 0.0543],[ 0.0611,42.6724,-0.643 ,-0.3268, 1.7671],[-0.9202, 0.1429,-0.1854, 0.0676],0.3029
1420,[-0.918 ,-0.0687, 0.0409, 0.0681],[-0.4558,86.2259,-0.172 ,-0.6364, 0.4844],[-0.9178,-0.0643, 0.0399, 0.0791],0.43
1421,[-0.9177,-0.0822, 0.0851, 0.0531],[  1.1605,  0.6325,231.01  ,  7.069 ,  1.6581],[-0.9174,-0.0818, 0.081 , 0.0648],0.4004
1422,[-9.1844e-01,-5.7615e-02,-5.6449e-02, 7.5978e-04],[-2.6105,-2.1481,-3.3297,-2.1307,-2.6645],[-0.9183,-0.0403,-0.0624, 0.0143],0.4355
1423,[-0.9216,-0.135 , 0.1887, 0.0613],[ 1.2741,-1.0035,36.4246, 0.4859,-0.0615],[-0.9203,-0.1423, 0.1927, 0.0711],0.3006
1432,[-0.9379, 0.1927,-0.1333, 0.0673],[-3.0496,-3.3169,-2.3249,-2.9219,-3.5855],[-0.9388, 0.1791,-0.1186, 0.0786],0.2574
1434,[-0.9329, 0.2082,-0.2216, 0.0591],[ 2.9433, 4.1286,-0.2808,20.6886, 1.8965],[-0.9324, 0.2085,-0.2175, 0.0739],0.2215
1436,[-0.9455, 0.2444,-0.2966, 0.0782],[ 4.5725,17.6459,-0.8854, 0.2056, 0.0438],[-0.9437, 0.2506,-0.2985, 0.0903],0.1302
1440,[-0.9172,-0.1853, 0.0499, 0.0871],[-2.9374,-2.9798,-3.3032,-2.0906,-3.5377],[-0.9187,-0.1608, 0.0085, 0.1016],0.4011
1441,[-0.9309,-0.1928, 0.1279, 0.0538],[ 1.7558,-0.0683,-1.195 , 0.9272,-1.262 ],[-0.9319,-0.1793, 0.1106, 0.0615],0.2889
1443,[-0.9329,-0.2059, 0.2189, 0.0697],[20.1709,-0.0689, 3.0737, 1.5998, 0.4118],[-0.9324,-0.2059, 0.214 , 0.0774],0.2257
1445,[-0.9242,-0.2073, 0.2822, 0.1175],[-0.4438,-0.5794, 3.7131, 6.2678,-0.1519],[-0.9216,-0.2148, 0.2883, 0.128 ],0.2262
1454,[-0.9305, 0.3084,-0.2295, 0.041 ],[-1.5169,-1.8541,-1.077 ,-0.9786,-2.196 ],[-0.9329, 0.2959,-0.2121, 0.0526],0.1845
1456,[-0.9465, 0.375 ,-0.335 , 0.0938],[ 2.2826, 5.2493,-0.0777, 3.5267, 0.4119],[-0.948 , 0.3665,-0.3192, 0.107 ],0.0587
1458,[-0.9471, 0.3876,-0.3892, 0.0551],[ 1.7262,11.6439,-0.9524, 1.1985, 0.5739],[-0.9472, 0.3855,-0.3815, 0.0691],0.0264
1463,[-0.9341,-0.3193, 0.2149, 0.0396],[ 0.0564, 2.334 ,-0.6602, 1.6084,-1.0688],[-0.937 ,-0.3047, 0.2078, 0.0546],0.168
1465,[-0.9426,-0.3468, 0.3662, 0.1002],[ 0.8214,-0.3345, 2.2515,10.1517, 0.3433],[-0.9419,-0.3461, 0.3586, 0.114 ],0.0679
1467,[-0.94  ,-0.3601, 0.4035, 0.0539],[ 1.3571,-1.051 ,13.5908, 0.4234, 0.5069],[-0.9383,-0.362 , 0.4007, 0.0655],0.0525
1476,[-0.9401, 0.3991,-0.3687, 0.0356],[-0.8237,-1.5712,-1.7952,-0.157 ,-2.2611],[-0.9415, 0.3946,-0.3583, 0.0506],0.0479
1478,[-0.9476, 0.3891,-0.3992, 0.0253],[ 1.8493, 2.0705,-0.4178, 2.4753,-1.0648],[-0.9473, 0.3886,-0.3947, 0.0401],0.019
1487,[-0.9309,-0.4147, 0.4437, 0.0621],[ 1.1141,-0.6678, 3.405 , 8.5882,-1.1575],[-0.9298,-0.4142, 0.4372, 0.0769],0.0349
1500,[-0.9179, 0.0221,-0.0169,-0.0629],[ 1.2325, 1.0018,71.264 , 0.8154, 0.4996],[-0.9181, 0.0217,-0.0189,-0.0561],0.4487
1501,[-0.9173,-0.0332, 0.0718,-0.0746],[ -9.7777,-11.8265, -8.2163, -9.9546,-10.0074],[-0.9173,-0.0394, 0.0745,-0.0702],0.4234
1502,[-0.9184, 0.0422,-0.07  ,-0.0483],[-11.1389, -9.2619,-11.933 ,-11.1546,-10.7644],[-0.9184, 0.0468,-0.0732,-0.0428],0.4233
1510,[-0.9168, 0.0584,-0.0493,-0.0806],[ 0.939 ,12.3374, 0.2121, 1.3109,-0.0537],[-0.9172, 0.0565,-0.0445,-0.0751],0.4306
1512,[-0.918 , 0.0675,-0.0748,-0.0696],[ 1.2459,44.6917,-1.0658,10.1097, 1.7132],[-0.9182, 0.0685,-0.0734,-0.0633],0.4096
1514,[-0.9222, 0.1353,-0.1859,-0.0592],[ 0.2393,31.4638,-0.6706, 1.2493,-0.2572],[-0.9214, 0.1432,-0.1902,-0.0472],0.3038
1520,[-0.9195,-0.0689, 0.0386,-0.0636],[-7.2053,24.5745,-7.5618,-5.9976,-8.6938],[-0.9199,-0.0641, 0.0361,-0.0505],0.4252
1521,[-0.9171,-0.0866, 0.0919,-0.0652],[  1.3254, -0.3576,  3.8702,131.2342,  2.707 ],[-0.9172,-0.0871, 0.0893,-0.0503],0.3948
1522,[-0.9244,-0.0641,-0.0589,-0.0747],[-2.222 ,-1.7564,-2.6597,-2.3031,-2.2495],[-0.9245,-0.0423,-0.0758,-0.0592],0.3998
1523,[-0.9232,-0.1461, 0.1844,-0.0658],[ 1.0236,-1.5492, 6.1906, 2.3308,-0.4743],[-0.9226,-0.1525, 0.1874,-0.0511],0.2937
1532,[-0.9352, 0.1823,-0.1455,-0.0753],[-2.903 ,-3.3263,-2.6523,-2.6695,-3.387 ],[-0.9363, 0.174 ,-0.1314,-0.06  ],0.2645
1534,[-0.9339, 0.2107,-0.2194,-0.0585],[ 0.7155, 6.2876,-0.3913, 7.1613, 0.345 ],[-0.9339, 0.2113,-0.2157,-0.0437],0.2132
1536,[-0.933 , 0.242 ,-0.2852,-0.0765],[-0.4217, 2.1161,-0.575 , 8.7101, 0.0334],[-0.9319, 0.2481,-0.2864,-0.0606],0.169
1541,[-0.925 ,-0.1812, 0.142 ,-0.0653],[-0.3396,-2.0745,-1.7023, 0.3276,-1.8289],[-0.9261,-0.1725, 0.1251,-0.0549],0.303
1543,[-0.9344,-0.2095, 0.2148,-0.0603],[ 0.7201,-0.2341,13.8883, 1.4496, 0.4207],[-0.9346,-0.2095, 0.2077,-0.0477],0.2202
1545,[-0.9336,-0.2481, 0.2953,-0.0537],[ 8.1769,-0.9037, 0.5165,-0.1732,-0.1545],[-0.9322,-0.2543, 0.2982,-0.0429],0.1638
1554,[-0.9423, 0.3033,-0.2567,-0.0463],[-0.851 ,-1.4312,-0.7389,-0.5703,-1.8639],[-0.9441, 0.2955,-0.2451,-0.0316],0.1334
1556,[-0.9375, 0.3339,-0.3174,-0.0771],[ 0.7793, 5.5692, 0.0978, 4.8936,-0.2189],[-0.9385, 0.3324,-0.309 ,-0.0619],0.1062
1558,[-0.9507, 0.3808,-0.4002,-0.0504],[ 0.0697, 3.9258,-0.5736, 3.642 ,-0.2448],[-0.95  , 0.3834,-0.4014,-0.0352],0.0115
1563,[-0.9328,-0.2972, 0.2644,-0.0847],[-0.4527,-0.5022,-1.1318, 0.8491,-1.6031],[-0.9345,-0.2926, 0.248 ,-0.0691],0.1637
1565,[-0.94  ,-0.3526, 0.3368,-0.0653],[ 0.718 ,-0.3274, 7.9664, 3.4531,-0.4016],[-0.941 ,-0.3516, 0.3284,-0.0504],0.0827
1567,[-0.9438,-0.3589, 0.4216,-0.0547],[ 0.5381,-0.583 ,10.0808, 1.6222,-0.5053],[-0.9414,-0.3646, 0.425 ,-0.0395],0.0301
1576,[-0.9343, 0.4022,-0.3864,-0.0614],[-2.2089,-1.8493,-2.288 ,-1.8264,-3.4822],[-0.9349, 0.402 ,-0.3878,-0.0455],0.0494
1578,[-0.9352, 0.4066,-0.4019,-0.0624],[-0.2143, 1.3801,-1.2673, 1.3751,-1.4947],[-0.9356, 0.407 ,-0.3984,-0.0466],0.0405
1587,[-0.9442,-0.4022, 0.4546,-0.0526],[ 0.0275,-1.2258, 3.593 , 2.8474,-2.1756],[-0.9421,-0.4059, 0.457 ,-0.0369],-0.0021
1600,[-0.9169, 0.01  ,-0.0049,-0.1546],[-22.6558,-22.8834,-22.9678,-20.7259,-23.9699],[-0.9176, 0.0093,-0.0053,-0.1476],0.4524
1601,[-0.9158,-0.0358, 0.0753,-0.1588],[-11.6676,-13.0664,-10.7474,-11.4803,-12.0233],[-0.9163,-0.0424, 0.0787,-0.1596],0.4192
1602,[-0.9175, 0.0393,-0.0717,-0.1643],[-12.3284,-10.3834,-13.2791,-11.6093,-13.0085],[-0.918 , 0.0452,-0.0764,-0.1591],0.4196
1603,[-0.9424,-0.049 , 0.169 ,-0.1702],[-1.3408,-1.9766,-1.0442,-0.7591,-1.0097],[-0.9413,-0.0749, 0.1829,-0.1545],0.2659
1610,[-0.9155, 0.0609,-0.0466,-0.1617],[ 2.7422,-0.9305,-0.0667,25.2861,-0.5679],[-0.9163, 0.0586,-0.0424,-0.1529],0.4339
1612,[-0.9176, 0.0684,-0.074 ,-0.1642],[ 0.5453, 2.2322,-2.5327,23.2241,-2.6652],[-0.9183, 0.0696,-0.0733,-0.1549],0.4077
1614,[-0.9252, 0.1338,-0.1889,-0.1752],[ 1.6889, 7.7529,-0.9681, 1.5284,-1.0946],[-0.9247, 0.1443,-0.1958,-0.1625],0.2878
1620,[-0.9159,-0.0641, 0.0446,-0.1761],[-14.9553,-13.7765,-14.3422,-13.6888,-13.8305],[-0.9168,-0.061 , 0.0405,-0.1678],0.4347
1621,[-0.9152,-0.0879, 0.0979,-0.1799],[-2.5673,-5.9185, 5.278 , 6.9453,-4.8407],[-0.9158,-0.0897, 0.0961,-0.1702],0.3926
1623,[-0.9211,-0.1458, 0.1818,-0.1948],[-0.0482,-1.3158, 5.5969, 1.7466,-0.9982],[-0.9211,-0.1529, 0.1848,-0.1811],0.2956
1632,[-0.9395, 0.1796,-0.1513,-0.1803],[-1.4249,-2.0975,-1.9158,-1.6341,-2.1696],[-0.9408, 0.1746,-0.1426,-0.1647],0.2432
1634,[-0.938 , 0.2166,-0.2206,-0.1889],[-1.4433e-04, 1.7271e+00,-1.4434e-01, 7.7694e+00,-2.9585e-01],[-0.9386, 0.2188,-0.218 ,-0.1728],0.197
1636,[-0.9357, 0.2662,-0.3012,-0.2269],[-0.2285, 8.6277,-0.5378, 0.6265,-0.427 ],[-0.9352, 0.2741,-0.3052,-0.2118],0.1441
1641,[-0.9142,-0.1727, 0.1502,-0.1745],[-2.8836,-2.6569,-1.9348,-1.8293,-3.0233],[-0.9154,-0.1699, 0.1425,-0.1611],0.3363
1643,[-0.9371,-0.1981, 0.2155,-0.1729],[ 0.2735,-0.7499, 4.5107, 3.7032,-0.8608],[-0.9373,-0.2028, 0.2159,-0.1572],0.2092
1645,[-0.9348,-0.258 , 0.2898,-0.1995],[ 0.0303,-0.4195, 6.3514, 0.6085,-0.2333],[-0.9344,-0.2648, 0.2909,-0.1848],0.1572
1647,[-0.952 ,-0.264 , 0.3944,-0.2313],[-0.3698,-0.4962, 0.0865,-0.3906,-0.8315],[-0.9473,-0.2869, 0.4173,-0.2145],0.0529
1654,[-0.9521, 0.2849,-0.2636,-0.2238],[ 0.6513, 0.4719,-0.2117, 0.7518,-0.7561],[-0.9535, 0.284 ,-0.2581,-0.2076],0.1029
1656,[-0.9372, 0.3279,-0.3348,-0.1845],[ 0.2189, 4.323 , 0.2315,10.1548,-0.4395],[-0.9374, 0.3315,-0.3352,-0.1687],0.0966
1658,[-0.9373, 0.381 ,-0.3898,-0.2372],[-0.0342, 7.1744, 0.2874, 1.8264,-0.237 ],[-0.9375, 0.3859,-0.3886,-0.2204],0.0491
1663,[-0.9373,-0.2819, 0.2636,-0.153 ],[-0.2143,-0.2913, 0.1956, 0.5826,-0.4852],[-0.9387,-0.2801, 0.2513,-0.1585],0.154
1665,[-0.9422,-0.3148, 0.3141,-0.1807],[ 0.6012, 0.0601, 2.3071, 9.342 ,-0.4558],[-0.9428,-0.3173, 0.3105,-0.1649],0.0998
1667,[-0.9274,-0.3382, 0.4283,-0.1874],[ 8.7355e-01,-7.9125e-01, 4.8422e+00, 1.0029e+01, 7.3867e-03],[-0.9241,-0.3476, 0.4325,-0.171 ],0.0798
1676,[-0.9293, 0.3912,-0.3821,-0.1471],[-1.1608,-0.7549,-1.451 , 0.2405,-2.4793],[-0.9298, 0.3931,-0.3843,-0.1311],0.0692
1678,[-0.9378, 0.4003,-0.4054,-0.1623],[-0.5056, 2.118 ,-1.0155, 0.9004,-1.9022],[-0.9378, 0.4038,-0.4083,-0.1458],0.0315
1700,[-9.3108e-01, 1.1528e-02,-9.0386e-04,-2.9846e-01],[-17.966 ,-17.8497,-18.1556,-17.0931,-19.0541],[-9.3235e-01, 9.1357e-03, 6.0860e-04,-2.8606e-01],0.3939
1701,[-0.9357,-0.0308, 0.0841,-0.3018],[-4.1786,-4.5946,-3.2603,-3.31  ,-4.839 ],[-0.9365,-0.0439, 0.0958,-0.2907],0.3374
1702,[-0.9232, 0.0325,-0.0821,-0.2905],[-3.0404,-2.1397,-3.2894,-1.4506,-3.4974],[-0.9241, 0.0426,-0.0886,-0.2824],0.3896
1703,[-0.9233,-0.0457, 0.1955,-0.2505],[-0.4755,-0.4129,-0.1671,-0.1966, 0.0861],[-0.922 ,-0.07  , 0.203 ,-0.2344],0.3361
1710,[-0.9287, 0.0691,-0.0381,-0.3079],[-7.043 ,-6.7732,-6.0835,-6.3611,-7.9976],[-0.9302, 0.0635,-0.0332,-0.2964],0.382
1712,[-0.9318, 0.0929,-0.0905,-0.3067],[-18.1808,-17.8466,-19.0941,-17.9459,-19.3773],[-0.9331, 0.0934,-0.0883,-0.2949],0.3327
1714,[-0.9361, 0.1489,-0.1823,-0.3216],[ 1.5346, 7.4346, 0.1696, 0.8031,-0.4218],[-0.9366, 0.1586,-0.1898,-0.3063],0.2441
1720,[-0.9178,-0.0708, 0.0371,-0.2762],[-3.3509,-3.4524,-3.9797,-2.3131,-4.7106],[-0.9192,-0.0651, 0.0308,-0.2697],0.4267
1721,[-0.921 ,-0.0908, 0.1072,-0.2782],[ -8.7147,-10.3244, -8.6923, -7.463 , -9.9813],[-0.9219,-0.095 , 0.1086,-0.2703],0.364
1723,[-0.9366,-0.1417, 0.186 ,-0.3044],[ 0.6998,-1.1531, 3.7705, 3.3415,-1.0039],[-0.9367,-0.1539, 0.1961,-0.2909],0.2404
1732,[-0.9482, 0.1776,-0.1536,-0.3121],[-1.5635,-1.2371,-1.5939,-0.9835,-2.0005],[-0.9501, 0.1736,-0.1431,-0.2957],0.2087
1734,[-0.9446, 0.2201,-0.2274,-0.3147],[ 0.2056, 3.3018,-0.1118,12.4032,-0.4739],[-0.9455, 0.2255,-0.2294,-0.2978],0.1659
1736,[-0.9376, 0.2568,-0.2955,-0.3137],[ 0.1823, 8.3285,-0.0977, 2.5033, 0.3694],[-0.9372, 0.2673,-0.3038,-0.297 ],0.1424
1741,[-0.913 ,-0.1674, 0.1662,-0.2523],[-0.6508,-0.7351,-0.8216,-0.0179,-0.7267],[-0.9142,-0.1679, 0.1587,-0.2355],0.3308
1743,[-0.9438,-0.2014, 0.2407,-0.3013],[ 0.5378,-0.4942, 2.1595, 3.4298,-1.0429],[-0.9436,-0.213 , 0.2496,-0.2867],0.1682
1745,[-0.9439,-0.2521, 0.3103,-0.3252],[ 1.3422,-0.6363, 8.8355, 1.3289,-0.7314],[-0.9427,-0.2666, 0.3223,-0.3085],0.1162
1754,[-0.9425, 0.2851,-0.2563,-0.3169],[ 0.8164, 0.6152,-0.4539, 1.492 ,-0.661 ],[-0.9445, 0.2844,-0.2489,-0.2999],0.1348
1756,[-0.9373, 0.3162,-0.3278,-0.3026],[ 1.781 , 0.2455,-0.4117,20.9787,-0.6384],[-0.9376, 0.3224,-0.3307,-0.2863],0.103
1765,[-0.9436,-0.3052, 0.3419,-0.2909],[ 0.2458,-0.261 , 2.2482, 9.4299,-0.2705],[-0.9429,-0.315 , 0.3471,-0.2744],0.0832
1767,[-0.9288,-0.3179, 0.3979,-0.2665],[ 0.7651,-0.8268,29.0184, 3.7284,-0.6328],[-0.9261,-0.3289, 0.4072,-0.2499],0.0995
1800,[-0.9379, 0.0237,-0.0071,-0.4437],[-2.3254,-2.137 ,-2.2519,-1.6093,-4.2896],[-0.9398, 0.0204,-0.0051,-0.4274],0.364
1801,[-0.9395,-0.0209, 0.09  ,-0.4361],[-0.5496,-1.644 , 1.4446, 0.1714,-1.9292],[-0.9407,-0.0387, 0.1043,-0.4194],0.3189
1802,[-0.9365, 0.0418,-0.0767,-0.4433],[-0.9746, 0.1826,-1.1282,-0.5437,-2.226 ],[-0.938 , 0.052 ,-0.0866,-0.4274],0.3323
1810,[-0.9355, 0.0709,-0.0383,-0.4335],[ 1.5275,-0.1148, 7.5694, 2.6222,-0.5847],[-0.9376, 0.0656,-0.0353,-0.419 ],0.3509
1812,[-0.9377, 0.1047,-0.1035,-0.4425],[-3.7983,-3.6326,-5.4719,-2.5483,-5.8133],[-0.9396, 0.1068,-0.1021,-0.4269],0.2952
1814,[-0.9381, 0.1476,-0.1824,-0.4392],[ 0.5384,16.9791,-0.1293, 0.9453,-0.5951],[-0.9389, 0.1591,-0.1908,-0.4226],0.2348
1820,[-0.9219,-0.0888, 0.03  ,-0.4001],[-0.5195, 0.2631,-0.6839, 0.3262,-1.2982],[-0.924 ,-0.0777, 0.0151,-0.3832],0.4108
1821,[-0.9304,-0.109 , 0.1183,-0.429 ],[ 0.5577,-0.1152, 0.7686, 2.704 ,-0.4499],[-0.9319,-0.1143, 0.1203,-0.413 ],0.3142
1823,[-0.9447,-0.1286, 0.1963,-0.4174],[ 1.0405,-0.1844, 4.4497, 1.1527,-1.2533],[-0.9447,-0.1487, 0.2127,-0.4046],0.2086
1832,[-0.941 , 0.1757,-0.1452,-0.4347],[-0.277 , 0.0254,-0.1875, 1.755 ,-1.3962],[-0.9435, 0.1723,-0.135 ,-0.4173],0.2377
1834,[-0.9435, 0.2051,-0.2205,-0.4328],[ 0.1259, 1.417 ,-0.5688,39.5208,-0.7603],[-0.9446, 0.2135,-0.2244,-0.4154],0.1755
1836,[-0.9344, 0.2599,-0.294 ,-0.4473],[ 0.471 , 1.016 ,-0.2821,20.3593,-0.2686],[-0.9346, 0.2712,-0.3009,-0.4296],0.1495
1841,[-0.9308,-0.1817, 0.1208,-0.4623],[-0.1219, 0.4707,-0.042 , 0.2516,-0.2353],[-0.9339,-0.1729, 0.1076,-0.4454],0.2844
1843,[-0.9486,-0.1895, 0.241 ,-0.4201],[ 0.1124, 0.3275, 0.2107, 7.4897,-0.2735],[-0.9485,-0.2075, 0.2579,-0.4027],0.1508
1845,[-0.9467,-0.2447, 0.2944,-0.3934],[ 0.1561,-0.4822, 1.3365,11.9708,-0.7192],[-0.9461,-0.2608, 0.3085,-0.3758],0.114
1854,[-0.9325, 0.2792,-0.2747,-0.3901],[ 0.685 , 0.5818,-0.6186, 0.7312,-0.9084],[-0.934 , 0.2832,-0.2694,-0.3725],0.1598
1856,[-0.9333, 0.2957,-0.3283,-0.4006],[ 0.5325, 1.0804, 0.0254,17.8833,-1.3397],[-0.9331, 0.3058,-0.3346,-0.3829],0.123
1900,[-0.9258, 0.002 ,-0.0212,-0.6274],[-29.1745,-27.9132,-29.1225,-27.8068,-31.0338],[-0.9284, 0.0062,-0.0246,-0.6095],0.4136
1901,[-0.9368, 0.0027, 0.0864,-0.5433],[-0.4933,-0.9294,20.1287, 0.1177,-1.0524],[-0.9384,-0.0201, 0.1068,-0.5262],0.3347
1902,[-0.9209, 0.0412,-0.0722,-0.6548],[-3.7006, 1.0324,-5.2707,19.5547,-6.1149],[-0.9234, 0.0489,-0.0778,-0.6367],0.4003
1910,[-0.9257, 0.0726,-0.0386,-0.5628],[-23.8948,-24.2934,-23.5884,-23.6141,-25.4094],[-0.9283, 0.067 ,-0.0319,-0.5469],0.3905
1912,[-0.9294, 0.0899,-0.1011,-0.5988],[-166.6171,-166.4536,-166.7869,-165.4415,-167.7117],[-0.9317, 0.0952,-0.1043,-0.5818],0.3315
1914,[-0.9326, 0.1478,-0.1825,-0.5669],[ 1.4118, 2.8072,-0.2437,82.8042,-0.897 ],[-0.9339, 0.16  ,-0.1927,-0.5491],0.2519
1920,[-0.926 ,-0.0734, 0.0232,-0.5923],[-14.3768,-13.9011,-15.4941,-14.1318,-15.2851],[-0.9289,-0.0628, 0.0066,-0.5752],0.3966
1921,[-0.9222,-0.1086, 0.0946,-0.6147],[-9.2984,-8.6245,-6.0767,-4.9529,-9.5538],[-0.925 ,-0.1091, 0.0891,-0.598 ],0.3603
1923,[-0.9461,-0.1127, 0.1742,-0.5165],[ 0.3206, 0.3081, 0.6523,15.8058,-1.2198],[-0.9468,-0.1331, 0.1908,-0.4983],0.2169
1932,[-0.9217, 0.193 ,-0.1414,-0.5974],[-21.6275,-20.7178,-21.6327,-20.8714,-21.907 ],[-0.9254, 0.1869,-0.124 ,-0.5795],0.3041
1934,[-0.9335, 0.1927,-0.2156,-0.5456],[-33.9098,-33.952 ,-34.5307,-33.761 ,-35.1561],[-0.9348, 0.2031,-0.2224,-0.5293],0.2154
1936,[-0.9302, 0.2269,-0.2831,-0.505 ],[ 0.187 ,46.4185,-0.31  , 0.6194,-0.4092],[-0.9298, 0.2419,-0.2958,-0.4868],0.181
1941,[-0.9214,-0.1987, 0.1601,-0.5144],[-2.6449,-2.9986,-2.8852,-2.7051,-3.041 ],[-0.9245,-0.1956, 0.1485,-0.4966],0.2919
1943,[-0.9145,-0.1988, 0.1783,-0.5565],[-0.7908,-1.3971, 0.736 , 0.5822,-2.6548],[-0.9172,-0.1997, 0.1724,-0.5397],0.3044
2100,[-0.8931, 0.0195,-0.018 , 0.4071],[-41.2889,-41.181 ,-41.0875,-41.955 ,-40.6046],[-0.8913, 0.0191,-0.0172, 0.405 ],0.3642
2101,[-0.9066,-0.0336, 0.0654, 0.3808],[-14.7737,-15.3506,-14.3968,-16.027 ,-14.698 ],[-0.9048,-0.0367, 0.0665, 0.3724],0.3987
2102,[-0.9042, 0.0495,-0.0602, 0.381 ],[-8.3311,-7.622 ,-7.9585,-8.5573,-7.4131],[-0.9025, 0.0495,-0.0563, 0.3755],0.3874
2121,[-0.9098,-0.0664, 0.0949, 0.3848],[-10.2098,-10.543 , -9.6044,-10.9104, -9.601 ],[-0.908 ,-0.0687, 0.0957, 0.3714],0.3836
2200,[-0.902 , 0.0083,-0.0012, 0.2871],[-123.0562,-123.0802,-123.3132,-123.7786,-122.8308],[-9.0077e-01, 7.1861e-03,-2.9311e-05, 2.8188e-01],0.3981
2201,[-0.9044,-0.0391, 0.0735, 0.291 ],[-38.1816,-39.3201,-37.7208,-39.2288,-37.5974],[-0.9029,-0.0428, 0.0751, 0.2845],0.3837
2202,[-0.9047, 0.0484,-0.0672, 0.2966],[-29.3273,-28.3763,-29.3574,-29.6857,-28.734 ],[-0.9033, 0.05  ,-0.0676, 0.2901],0.3854
2210,[-0.9092, 0.0615,-0.045 , 0.2618],[-2.0966,-1.971 ,-0.2847,-2.28  , 0.8174],[-0.9081, 0.0591,-0.0466, 0.2573],0.4127
2212,[-0.9051, 0.0676,-0.0746, 0.2721],[-13.4137,-12.9563,-14.771 ,-14.7067,-13.1178],[-0.9039, 0.0674,-0.0721, 0.2605],0.3779
2214,[-0.9111, 0.1574,-0.1672, 0.2579],[-0.7759,-0.0339,-1.936 ,-1.0995, 0.5068],[-0.91  , 0.1562,-0.1613, 0.2451],0.3182
2220,[-0.9025,-0.063 , 0.0422, 0.2709],[-7.5163,-6.8983,-7.8492,-8.0438,-6.9475],[-0.9015,-0.0588, 0.0318, 0.258 ],0.3905
2221,[-0.9027,-0.0763, 0.0943, 0.2853],[-34.0706,-34.8152,-33.4667,-34.1611,-33.7402],[-0.9013,-0.0772, 0.0923, 0.2747],0.3528
2243,[-0.9003,-0.2405, 0.249 , 0.2655],[-0.0839,-0.7324, 1.3568,-0.0137, 5.0841],[-0.8995,-0.2377, 0.2354, 0.2606],0.2045
2300,[-9.0586e-01, 2.5343e-03,-2.4592e-04, 1.6935e-01],[-128.1623,-127.3033,-126.978 ,-129.2885,-126.8371],[-9.0516e-01, 2.1489e-03, 4.4715e-04, 1.6250e-01],0.4139
2301,[-0.9051,-0.0437, 0.069 , 0.1761],[-25.3788,-25.6614,-23.9787,-26.0712,-23.5259],[-0.9041,-0.0465, 0.0703, 0.1688],0.3897
2302,[-0.906 , 0.0476,-0.0652, 0.15  ],[-43.9746,-43.4132,-44.2647,-44.7282,-43.8171],[-0.9052, 0.0496,-0.0664, 0.1457],0.3951
2310,[-0.9076, 0.0661,-0.0436, 0.1688],[-1.5084e-02, 1.7190e-01, 1.2851e+01,-9.0554e-01, 1.5585e+01],[-0.907 , 0.0625,-0.0406, 0.1598],0.4088
2312,[-0.9075, 0.0818,-0.0922, 0.158 ],[ 0.9796, 3.4499, 0.1448, 0.552 ,76.9736],[-0.9068, 0.082 ,-0.0884, 0.15  ],0.3757
2314,[-0.904 , 0.1412,-0.1807, 0.1423],[ 0.5206, 2.3566,-2.3449,-1.9203, 2.0676],[-0.9027, 0.1447,-0.1807, 0.1379],0.2856
2320,[-0.9068,-0.065 , 0.0432, 0.1587],[-4.0953,-2.8429,-4.5424,-4.1288,-1.4216],[-0.9063,-0.0616, 0.0402, 0.1532],0.4058
2321,[-0.9023,-0.0795, 0.0884, 0.1641],[-21.0081,-23.2558,-21.3312,-23.3576,-20.8062],[-0.9016,-0.0796, 0.0856, 0.1568],0.356
2323,[-0.902 ,-0.1505, 0.1818, 0.1525],[-4.4619,-5.5036,-3.0374,-4.467 ,-3.5588],[-0.9008,-0.1527, 0.1806, 0.1514],0.2745
2332,[-0.9078, 0.1756,-0.1412, 0.1526],[-0.1091,-0.615 ,-0.8884,-0.6828, 0.5783],[-0.908 , 0.1684,-0.122 , 0.1531],0.3234
2334,[-0.899 , 0.1867,-0.2062, 0.1358],[ 0.73  , 2.8589,-0.8876,-0.0534,11.9649],[-0.8982, 0.1869,-0.1991, 0.1327],0.2405
2341,[-0.9001,-0.1825, 0.1451, 0.1566],[ 0.5213, 0.4285,-0.1483,-0.3583, 2.4347],[-0.9004,-0.1759, 0.1309, 0.1509],0.2855
2343,[-0.9009,-0.1928, 0.2002, 0.1512],[ 0.906 ,-1.0963, 9.8283, 0.8913, 5.1596],[-0.9004,-0.1915, 0.1894, 0.1534],0.2516
2345,[-0.9072,-0.2411, 0.2881, 0.211 ],[ 0.0727,-1.5032, 5.5772, 0.8622, 2.7195],[-0.9053,-0.2425, 0.2824, 0.225 ],0.2007
2361,[-0.903 ,-0.3032, 0.146 , 0.1614],[-1.0299, 0.3114,-2.6236,-1.6115,-1.1476],[-0.9066,-0.2855, 0.1356, 0.1474],0.2551
2363,[-0.8911,-0.3501, 0.2239, 0.1964],[ 1.1216, 2.8802, 1.9921, 2.8298,21.2256],[-0.8951,-0.3361, 0.1904, 0.1905],0.1657
2365,[-0.8802,-0.3803, 0.315 , 0.1614],[ 3.4037,-0.3996, 8.9901,-0.068 , 0.3733],[-0.8828,-0.3738, 0.2922, 0.1746],0.0667
2385,[-0.8756,-0.3914, 0.3637, 0.1257],[1.7051,0.117 ,5.6407,2.5426,0.8021],[-0.8769,-0.3881, 0.3463, 0.1407],0.0217
2400,[-0.9058, 0.0188,-0.0182, 0.0615],[  7.9495,  5.3294,  6.1393, -0.4193,113.4942],[-0.9056, 0.0186,-0.0177, 0.0476],0.4143
2401,[-0.9022,-0.041 , 0.0716, 0.0642],[-17.9963,-18.0827,-16.1071,-18.928 ,-17.294 ],[-0.9017,-0.0449, 0.0739, 0.0533],0.378
2402,[-0.9074, 0.0469,-0.0665, 0.0747],[ 0.4595, 8.0508,-2.4246,-1.9837, 7.5783],[-0.907 , 0.0492,-0.0668, 0.0661],0.4026
2410,[-0.9052, 0.0667,-0.0441, 0.048 ],[ 2.9680e-02, 3.8973e-01, 1.3846e+02,-4.1494e-03, 1.1882e+00],[-0.9052, 0.0638,-0.0441, 0.0378],0.3986
2412,[-0.905 , 0.0773,-0.0853, 0.0671],[1.1267e+00,1.5456e+02,5.1243e-01,1.2720e-01,6.4753e+00],[-0.9047, 0.0777,-0.0816, 0.0591],0.3721
2414,[-0.9019, 0.1438,-0.1834, 0.0706],[ 0.692 , 1.7657,-2.4276, 0.1852, 2.0846],[-0.9009, 0.1475,-0.1828, 0.0725],0.2764
2420,[-0.9043,-0.0696, 0.0372, 0.0625],[-0.5392,22.6148, 0.1246,-0.4729,21.4415],[-0.9042,-0.0648, 0.0323, 0.0533],0.3976
2421,[-0.9023,-0.0875, 0.094 , 0.0586],[  1.5886, -0.3887,107.0013,  0.8762,  1.3354],[-0.902 ,-0.0875, 0.0892, 0.0569],0.3525
2422,[-0.9033,-0.0622,-0.0628, 0.0495],[-4.7852,-5.2866,-6.328 ,-5.235 ,-5.67  ],[-0.9031,-0.0468,-0.0614, 0.0341],0.3893
2423,[-0.8984,-0.1423, 0.1811, 0.066 ],[-0.5879,-1.5589, 4.215 ,-0.5783, 0.3253],[-0.8974,-0.1459, 0.181 , 0.0702],0.2649
2432,[-0.9022, 0.1782,-0.1469, 0.0779],[-0.205 ,-0.857 ,-1.8977,-0.6294, 0.2858],[-0.9026, 0.1732,-0.1366, 0.071 ],0.2925
2434,[-0.9006, 0.1921,-0.2122, 0.0723],[ 2.4457,23.1859, 0.3434, 0.625 , 0.114 ],[-0.9   , 0.1929,-0.2056, 0.0771],0.2414
2436,[-0.9041, 0.2595,-0.2888, 0.0193],[-0.0893,14.5591,-1.2605, 0.2728,-0.1387],[-0.9033, 0.2612,-0.2828, 0.0341],0.1848
2440,[-0.8955,-0.1749, 0.0255, 0.0289],[-3.9328,-3.1898,-4.9473,-4.653 ,-4.3176],[-0.8972,-0.1584, 0.0278, 0.0134],0.3275
2441,[-0.8891,-0.1939, 0.1353, 0.05  ],[0.3819,1.9602,0.6377,1.0524,7.8539],[-0.8903,-0.1854, 0.1134, 0.0456],0.251
2443,[-0.8962,-0.1912, 0.2071, 0.0852],[ 2.3681,-0.5532,27.607 , 0.8929, 0.3294],[-0.8956,-0.1915, 0.2005, 0.0883],0.2286
2445,[-0.8915,-0.2614, 0.3081, 0.0396],[ 3.1947,-1.8472, 3.1395, 0.9247, 0.4922],[-0.89  ,-0.2641, 0.3039, 0.0515],0.1301
2463,[-0.9023,-0.2791, 0.2272, 0.0043],[ 2.7049,26.4047, 2.6526, 1.9263, 1.3082],[-0.9042,-0.272 , 0.206 , 0.0199],0.2189
2465,[-0.9003,-0.2866, 0.3194, 0.0281],[0.5917,0.0839,2.9126,0.3433,0.9233],[-0.8994,-0.2883, 0.3128, 0.0251],0.1452
2485,[-0.8747,-0.3939, 0.3795, 0.118 ],[ 0.5766, 0.1644, 2.1591, 9.3669,-0.1897],[-0.8756,-0.3914, 0.3637, 0.1257],0.0096
2487,[-0.8808,-0.396 , 0.4411, 0.0595],[ 1.7124,-0.6182,18.1479, 1.5677,-0.0361],[-0.8791,-0.3963, 0.4327, 0.0702],-0.0121
2500,[-0.9063, 0.0184,-0.0099,-0.06  ],[  1.8976,548.8492,  0.9565,  0.8177,  1.4496],[-0.9066, 0.0165,-0.0043,-0.0712],0.4247
2501,[-0.9062,-0.0289, 0.0781,-0.0827],[-25.7312,-26.8656,-23.5991,-26.979 ,-25.3818],[-0.9062,-0.0361, 0.0828,-0.0919],0.3979
2502,[-0.9036, 0.0404,-0.0697,-0.041 ],[-36.441 ,-36.1721,-37.4127,-37.1833,-36.061 ],[-0.9036, 0.0444,-0.0712,-0.0507],0.388
2510,[-0.9059, 0.0613,-0.0491,-0.063 ],[2.8908e-01,4.0195e-01,5.7735e+02,4.2882e-01,1.3079e+00],[-0.9063, 0.06  ,-0.0499,-0.0688],0.4025
2512,[-0.9051, 0.0665,-0.0688,-0.0631],[  0.7285,455.9518,  0.8279,  0.5669,  0.6066],[-0.9053, 0.0667,-0.0669,-0.0695],0.3873
2514,[-0.8972, 0.1375,-0.1814,-0.0345],[-1.2218,-0.4305,-3.94  ,-2.2228,-1.1732],[-0.8964, 0.1426,-0.1827,-0.033 ],0.2617
2520,[-0.9001,-0.0639, 0.0464,-0.0682],[ 1.7324e+00, 2.0374e+02, 3.9544e-01,-1.2957e-01, 1.5160e+00],[-0.9005,-0.062 , 0.0466,-0.0723],0.3776
2521,[-0.9021,-0.074 , 0.0855,-0.0661],[6.6089e-01,1.0878e-01,2.7424e+02,1.3793e+00,2.1898e+00],[-0.9023,-0.0754, 0.0843,-0.0687],0.3616
2523,[-0.8932,-0.1385, 0.1859,-0.0691],[-5.6246,-7.5074,-5.1799,-6.0925,-6.2096],[-0.8925,-0.1442, 0.1884,-0.0724],0.2442
2532,[-0.8809, 0.182 ,-0.143 ,-0.0545],[-0.8769,-1.6866,-2.0492,-1.2919,-0.6245],[-0.882 , 0.1777,-0.1328,-0.054 ],0.2154
2534,[-0.8793, 0.1939,-0.2077,-0.0552],[ 1.2352,16.6882,-0.3329, 1.2101, 0.5943],[-0.8793, 0.1949,-0.2015,-0.0515],0.17
2536,[-0.9085, 0.2465,-0.2965,-0.0334],[ 0.8349, 6.848 ,-1.5807, 2.4326,-0.1652],[-0.9071, 0.2512,-0.2962,-0.0186],0.1961
2541,[-0.904 ,-0.1855, 0.1349,-0.0827],[ 4.6817,-0.2333,-0.4231, 0.813 , 1.7764],[-0.9055,-0.1778, 0.1157,-0.0749],0.3119
2543,[-0.8981,-0.187 , 0.1961,-0.0837],[ 0.3445, 0.5027,37.8497, 1.3865, 0.7789],[-0.8984,-0.1877, 0.1888,-0.0774],0.2459
2545,[-0.901 ,-0.2323, 0.3042,-0.0379],[ 4.1512,-1.7731, 4.4812, 2.0984,-0.1761],[-0.8988,-0.2389, 0.3082,-0.0251],0.1682
2556,[-0.9109, 0.3359,-0.343 ,-0.0956],[ 0.528 , 2.905 ,-0.6672, 3.4744, 0.0158],[-0.9111, 0.337 ,-0.3362,-0.0803],0.1487
2563,[-0.8995,-0.2872, 0.2608,-0.0177],[1.3079,1.6854,0.9537,7.1283,0.1528],[-0.9008,-0.2836, 0.2448,-0.0114],0.1834
2565,[-0.8979,-0.2908, 0.2875,-0.0013],[ 0.5842,-0.645 , 5.6562, 1.1788, 0.6763],[-0.8984,-0.2897, 0.2754,-0.0145],0.1585
2567,[-0.9056,-0.3813, 0.4611,-0.0628],[ 0.619 ,-1.7381, 1.1794, 2.6664,-0.5172],[-0.9024,-0.3847, 0.4611,-0.0544],0.0407
2585,[-0.9079,-0.3918, 0.366 ,-0.0801],[ 0.4778,-0.9726, 0.1274, 1.1182,-1.3186],[-0.9096,-0.3903, 0.3517,-0.0655],0.1105
2587,[-0.9009,-0.3904, 0.4316,-0.0624],[ 1.9093,-0.4603, 8.5065, 3.8515,-0.9587],[-0.8995,-0.3919, 0.4254,-0.0472],0.0469
2600,[-0.9059, 0.0012, 0.0016,-0.1633],[  1.143 ,  1.2093,178.3231,  0.9863,  1.5282],[-9.0666e-01, 1.0470e-03,-1.6483e-05,-1.6961e-01],0.4298
2601,[-0.9068,-0.0402, 0.0839,-0.1469],[-19.7359,-21.557 ,-18.8474,-20.9735,-19.4175],[-0.9071,-0.0466, 0.0863,-0.1559],0.3952
2602,[-0.9049, 0.0427,-0.0683,-0.1823],[ 0.3364,63.5725,-0.8129,-0.229 ,-0.4674],[-0.9055, 0.0468,-0.0708,-0.1857],0.3953
2610,[-0.9039, 0.0658,-0.0475,-0.1686],[  0.568 ,  1.4736,212.6555,  1.5348,  1.389 ],[-0.9047, 0.0639,-0.0479,-0.1696],0.3948
2612,[-0.9034, 0.0757,-0.0792,-0.1738],[  2.2533,281.6356,  1.0865,  1.3066,  0.908 ],[-0.9041, 0.0763,-0.0762,-0.176 ],0.3733
2614,[-0.8857, 0.1392,-0.1825,-0.1888],[-0.1949, 9.7131,-1.3704, 0.5496,-0.8995],[-0.8855, 0.1445,-0.1837,-0.1872],0.2206
2620,[-0.9032,-0.0628, 0.05  ,-0.1681],[4.3554e-01,3.2016e+02,3.5407e-01,8.2603e-02,1.4420e+00],[-0.9041,-0.0616, 0.0504,-0.1713],0.392
2621,[-0.9055,-0.0793, 0.0958,-0.1777],[4.7944e+00,1.0034e-01,4.2053e+02,2.2751e+00,1.2194e+00],[-0.9061,-0.0821, 0.0958,-0.1835],0.3691
2623,[-0.905 ,-0.1435, 0.1819,-0.2029],[-0.2184,-0.8014,29.1062, 0.9744,-0.627 ],[-0.905 ,-0.1495, 0.1843,-0.202 ],0.2908
2632,[-0.8826, 0.1815,-0.1589,-0.1284],[-0.8849, 0.0253,-0.7392,-0.0912,-0.8669],[-0.8833, 0.1806,-0.1647,-0.1121],0.2043
2634,[-0.8887, 0.1855,-0.2235,-0.1563],[ 1.4786,14.0268,-0.2435, 2.0813, 0.5846],[-0.8884, 0.1901,-0.223 ,-0.1549],0.1966
2641,[-0.9012,-0.1815, 0.1381,-0.2043],[ 0.7637,-0.7963, 0.1344, 1.9357, 0.2042],[-0.903 ,-0.1759, 0.1239,-0.1943],0.2993
2643,[-0.9012,-0.1879, 0.2049,-0.1852],[ 3.9462,-0.161 ,65.3297, 1.0061, 0.414 ],[-0.9016,-0.1905, 0.2007,-0.1782],0.2511
2645,[-0.8773,-0.2657, 0.2929,-0.2103],[ 1.0069,-1.7114, 4.7028, 7.5877,-1.1668],[-0.8772,-0.2688, 0.2878,-0.1942],0.0957
2667,[-0.9077,-0.3817, 0.4165,-0.1355],[-0.7509,-1.7523, 0.5496, 3.1667,-0.3911],[-0.9068,-0.3848, 0.4112,-0.1275],0.0762
2687,[-0.9056,-0.3904, 0.3987,-0.1269],[ 0.3709,-0.981 , 1.1484, 5.916 ,-0.5584],[-0.9058,-0.3918, 0.3896,-0.1114],0.0804
2700,[-0.8941,-0.0092,-0.0105,-0.3107],[ 2.8753,76.0756, 3.9423, 1.8814, 1.0836],[-0.8954,-0.0067,-0.0109,-0.2981],0.3816
2701,[-0.8996,-0.0366, 0.0716,-0.3035],[-0.3566,-1.375 , 5.0749, 0.503 ,-0.3814],[-0.9007,-0.0421, 0.0755,-0.3054],0.3751
2702,[-0.8916, 0.0364,-0.0767,-0.3118],[-1.6245,-1.6408,-3.1205,-1.9715,-3.2048],[-0.8926, 0.0421,-0.0805,-0.3   ],0.3376
2704,[-0.8799, 0.0551,-0.1684,-0.3321],[-0.4781,-0.083 ,-0.7788,-0.3279,-0.5011],[-0.8796, 0.0679,-0.1696,-0.3156],0.2362
2710,[-0.8978, 0.0776,-0.0408,-0.2869],[  0.8227,  1.4227,103.3169,  3.7754,  0.9469],[-0.8993, 0.0736,-0.0399,-0.2817],0.371
2712,[-0.8914, 0.0907,-0.1041,-0.3057],[  1.9664,140.8811,  0.3449,  1.1937,  1.24  ],[-0.8925, 0.0928,-0.101 ,-0.2961],0.3064
2714,[-0.8854, 0.1293,-0.1743,-0.3105],[ 0.7505, 1.636 ,-1.4942, 0.107 ,-0.3388],[-0.8858, 0.1355,-0.1752,-0.3044],0.2287
2720,[-0.8934,-0.0678, 0.0463,-0.2958],[ 1.6494,16.6728, 0.897 , 1.7971, 1.1033],[-0.8948,-0.0658, 0.0464,-0.2887],0.3525
2721,[-0.8953,-0.1079, 0.1152,-0.2871],[ 0.5379,-0.2351, 2.036 ,17.6386, 1.3059],[-0.8964,-0.1098, 0.114 ,-0.2771],0.309
2723,[-0.901 ,-0.1463, 0.1805,-0.2701],[ 1.081 ,-1.7388, 2.0278, 7.9848,-0.5129],[-0.9013,-0.1523, 0.1836,-0.262 ],0.2763
2732,[-0.911 , 0.1762,-0.1643,-0.2576],[ 0.5925, 0.6946,-0.126 , 3.7617, 0.207 ],[-0.9124, 0.1752,-0.1547,-0.2436],0.3218
2734,[-0.9081, 0.1722,-0.1786,-0.2965],[ 0.3979,13.385 ,-0.1966, 1.9318, 0.7726],[-0.9092, 0.1744,-0.1738,-0.2805],0.3001
2741,[-0.8957,-0.1803, 0.1621,-0.2736],[ 0.8876, 0.4097, 0.6949, 0.8849,-0.2747],[-0.8972,-0.179 , 0.1539,-0.2566],0.2605
2743,[-0.8903,-0.1839, 0.1955,-0.2917],[ 0.982 ,-0.4291, 2.0991, 8.9706, 0.3059],[-0.8911,-0.1866, 0.1931,-0.2782],0.2176
2745,[-0.882 ,-0.2315, 0.2925,-0.2701],[-0.7473,-0.9107, 2.5936,-0.0232,-0.525 ],[-0.8809,-0.2386, 0.2956,-0.2686],0.1164
2800,[-0.8827,-0.0172,-0.0152,-0.44  ],[ 2.9237, 6.9985, 7.9923,19.8453, 1.5187],[-0.8846,-0.0131,-0.0196,-0.423 ],0.3352
2801,[-0.8922,-0.0296, 0.0736,-0.3982],[-0.1169,-1.5348, 0.4995, 0.9524,-1.032 ],[-0.8936,-0.0358, 0.0773,-0.3858],0.3463
2802,[-0.881 , 0.0325,-0.0793,-0.4394],[-0.6053, 0.2599,-1.5821, 0.5729,-1.9765],[-0.8825, 0.0389,-0.0839,-0.4243],0.2964
2810,[-0.893 , 0.0787,-0.0356,-0.43  ],[ 0.7847, 1.5623,79.1094, 1.1752, 0.5522],[-0.8952, 0.0744,-0.0357,-0.4258],0.3551
2812,[-0.8882, 0.0898,-0.1108,-0.4281],[ 3.2711e+00, 8.5253e+01,-8.1724e-02, 3.8088e+00, 1.2789e+00],[-0.8897, 0.0935,-0.1101,-0.4166],0.2906
2820,[-0.8797,-0.0658, 0.0378,-0.4404],[1.1826,3.7671,1.0953,6.2275,0.4415],[-0.8817,-0.0631, 0.0347,-0.4256],0.3033
2821,[-0.8786,-0.1102, 0.1151,-0.4291],[ 2.4729, 0.5453,20.012 , 1.1278, 1.0125],[-0.8803,-0.112 , 0.1142,-0.4159],0.2446
2823,[-0.8749,-0.1476, 0.1738,-0.4349],[ 0.0974,-0.5659, 2.744 , 0.5028,-0.6967],[-0.8761,-0.1524, 0.1758,-0.4227],0.1862
2832,[-0.8903, 0.1708,-0.1479,-0.4374],[2.5516,2.381 ,0.9867,2.2109,0.3047],[-0.8927, 0.1696,-0.1386,-0.4281],0.2576
2834,[-0.8675, 0.1687,-0.1687,-0.3829],[ 0.9176, 8.1959,-0.3444, 1.4943, 0.0548],[-0.8692, 0.1701,-0.1625,-0.3969],0.1613
2843,[-0.8828,-0.1727, 0.1868,-0.3898],[ 0.8237,-0.0733, 3.3536, 1.2887,-0.5921],[-0.884 ,-0.1764, 0.1882,-0.3735],0.1983
2900,[-0.8853,-0.0168,-0.0174,-0.7789],[  0.4444,  1.9879,  0.9072,370.901 , -0.5427],[-0.8886,-0.0118,-0.0233,-0.7595],0.3529
2901,[-0.8729,-0.0524, 0.0677,-0.5461],[ 0.2019,-1.5602, 1.0251, 0.7838,-1.0327],[-0.875 ,-0.0562, 0.0785,-0.546 ],0.2615
2902,[-0.8914, 0.0265,-0.069 ,-0.6963],[ -0.7917,190.1718, -1.2818,  1.2774, -1.415 ],[-0.8941, 0.0333,-0.072 ,-0.6791],0.3525
2910,[-0.8998, 0.0783,-0.0441,-0.6438],[ 0.6691, 0.3993,81.1387, 0.7834,-0.4006],[-0.9029, 0.0751,-0.0422,-0.633 ],0.3846
2912,[-0.8892, 0.0942,-0.099 ,-0.6695],[  1.2747,133.4826, -0.4566,  1.229 , -0.7078],[-0.8919, 0.0969,-0.0989,-0.6556],0.3034
2914,[-0.8917, 0.1444,-0.1803,-0.6556],[-0.0912,29.6681,-0.8285, 1.4389,-0.7883],[-0.8934, 0.1526,-0.1845,-0.645 ],0.2446
2920,[-0.8808,-0.0681, 0.0325,-0.7821],[-6.1556,-5.5447,-7.0682,25.6524,-9.079 ],[-0.8844,-0.0644, 0.0264,-0.7628],0.3168
2921,[-0.8799,-0.1025, 0.1041,-0.679 ],[-4.2171,-6.2376, 1.0148,-0.0409,-7.0367],[-0.8827,-0.1047, 0.1038,-0.6619],0.261
2923,[-0.8855,-0.1467, 0.1719,-0.6396],[ 1.6234,-0.8788, 1.0708, 0.4264,-0.6866],[-0.8874,-0.1529, 0.1744,-0.6224],0.2274
2932,[-0.9058, 0.1743,-0.1556,-0.5151],[1.2829e+00,1.4641e+00,1.2022e-03,1.4952e+01,3.2764e-02],[-0.9084, 0.1743,-0.1483,-0.5022],0.3091
2934,[-0.9005, 0.1834,-0.1879,-0.6154],[ 2.8676,45.0034,-0.6225, 0.6524,-0.2669],[-0.9029, 0.1878,-0.1847,-0.6069],0.264
2943,[-0.9034,-0.1824, 0.1839,-0.637 ],[-0.403 ,-1.456 , 0.8354, 0.6552,-0.8344],[-0.9058,-0.1871, 0.1846,-0.6191],0.2755
3100,[-0.8496, 0.0195,-0.0137, 0.4435],[-5.519 ,-5.2259,-5.8848,-6.0835,-5.0429],[-0.8476, 0.0188,-0.013 , 0.4392],0.2012
3200,[-0.8366, 0.0169,-0.0172, 0.3255],[-6.9168,-7.1958,-6.3419,-8.3455,-6.6376],[-0.8352, 0.017 ,-0.0202, 0.3128],0.1577
3300,[-0.8637, 0.0378,-0.0436, 0.2287],[-3.5574,-3.5584,-3.7047,-5.029 ,-2.5014],[-0.8627, 0.0384,-0.0472, 0.2155],0.2349
3600,[-8.6446e-01, 5.3834e-02,-8.3724e-04,-2.4103e-01],[-2.7654,-3.5197,-3.2163,-4.2078,-2.3116],[-0.8658, 0.0493,-0.0049,-0.2545],0.2585
3610,[-0.8606, 0.0724,-0.0128,-0.1956],[-4.8842,-5.3987,-4.3369,-4.9337,-4.5656],[-0.8619, 0.0663,-0.0042,-0.2112],0.2354
3612,[-0.8545, 0.0911,-0.0834,-0.214 ],[-1.5661,-1.1751,-3.3745,-2.1878,-0.797 ],[-0.8555, 0.09  ,-0.0734,-0.1999],0.1802
3700,[-0.8658, 0.0493,-0.0049,-0.2545],[-0.8389, 0.4629, 0.6603,-1.0493, 0.4173],[-0.8671, 0.0455,-0.0079,-0.2673],0.2638
3710,[-0.866 , 0.092 ,-0.0452,-0.3574],[-2.0521,-2.3009,-0.6466,-1.2816,-1.2911],[-0.8681, 0.0864,-0.0279,-0.3604],0.2436
3712,[-0.858 , 0.1037,-0.1165,-0.3411],[-0.1953, 1.8964,-1.4627, 0.0732,-0.9848],[-0.8592, 0.1054,-0.1123,-0.3297],0.1726
3714,[-0.8622, 0.1582,-0.176 ,-0.3449],[ 0.5405, 0.5958,-1.7642, 0.2396, 0.6744],[-0.8633, 0.161 ,-0.172 ,-0.3454],0.1419
3720,[-0.8586,-0.0624, 0.0482,-0.329 ],[ 0.1215, 1.7555,-0.6648,-1.284 ,-0.5752],[-0.8601,-0.0617, 0.0495,-0.3242],0.2159
3721,[-0.8602,-0.0857, 0.0827,-0.352 ],[ 0.7944,-1.2428, 3.852 ,-0.3898, 1.0825],[-0.8618,-0.0861, 0.0807,-0.3487],0.2005
3800,[-0.8549,-0.0335,-0.0033,-0.4728],[0.2756,1.5475,6.4408,1.5874,7.2629],[-0.8571,-0.0298,-0.0083,-0.4754],0.2227
3801,[-0.8566,-0.0497, 0.0647,-0.4575],[-0.5728,-1.9144,-0.3249,-0.4752,-0.2223],[-0.8584,-0.0517, 0.0629,-0.4406],0.2086
3802,[-0.8567, 0.0162,-0.0801,-0.4624],[-1.3327, 1.1348,-1.8354, 0.0383,-1.1078],[-0.8582, 0.0232,-0.0836,-0.4553],0.2112
3810,[-0.8488, 0.0772,-0.0086,-0.4723],[-0.11  , 0.2396, 2.3601, 1.8699, 0.031 ],[-0.8512, 0.0711,-0.0036,-0.4637],0.1963
3812,[-0.8592, 0.0926,-0.1235,-0.4438],[ 0.9223,16.8511,-0.1951, 0.6694, 1.0814],[-0.8606, 0.0967,-0.1234,-0.4298],0.1763
3814,[-0.8578, 0.1336,-0.1772,-0.4126],[ 0.7311, 3.6953,-1.2097, 0.065 , 0.1929],[-0.8584, 0.1391,-0.1794,-0.3969],0.1319
3820,[-0.8509,-0.0622, 0.0446,-0.4561],[0.252 ,7.1982,0.2418,1.2331,0.2645],[-0.853 ,-0.0612, 0.0445,-0.4465],0.1939
3821,[-0.8566,-0.0858, 0.0954,-0.4446],[ 0.6953, 0.3124,13.7627, 0.7849, 0.5774],[-0.8583,-0.0878, 0.0958,-0.4329],0.1822
3900,[-0.8486,-0.0273, 0.0086,-0.8809],[  1.9282,  1.1833,  2.5142,400.592 ,  0.6207],[-0.8524,-0.0253, 0.0035,-0.8633],0.2109
3901,[-0.8354,-0.0438, 0.0649,-1.0723],[ 0.2303,-2.1262, 2.2158,66.6576,-0.7821],[-0.8399,-0.0471, 0.0649,-1.0575],0.1472
3902,[-0.8468, 0.0174,-0.0819,-0.6749],[-21.7173,-20.3128,-22.9427,-20.9066,-22.4215],[-0.8493, 0.0245,-0.0856,-0.6609],0.1791
3910,[-0.8389, 0.0722,-0.048 ,-0.9017],[ 0.9703, 0.7539,47.0604, 1.2926, 0.5443],[-0.843 , 0.0716,-0.0496,-0.8852],0.1544
3912,[-0.8494, 0.0745,-0.0843,-0.8137],[ 2.0073e+00, 2.0326e+00,-3.3395e-01, 2.7681e+02, 6.3463e-02],[-0.8527, 0.0773,-0.0866,-0.7964],0.1712
3920,[-0.8446,-0.0668, 0.0357,-0.7371],[ 2.24  , 2.2713, 1.8279,64.28  , 0.7479],[-0.848 ,-0.0642, 0.0292,-0.7188],0.1808
3921,[-0.8397,-0.077 , 0.0772,-0.7948],[  1.4456, -0.9575,  5.7457,119.4152,  0.23  ],[-0.8431,-0.0784, 0.0754,-0.7771],0.1435
3932,[-0.8329, 0.1819,-0.1112,-0.7049],[0.6563,2.3116,0.4322,1.6756,0.6133],[-0.8373, 0.178 ,-0.1022,-0.7106],0.0823
4800,[-0.7875,-0.0548, 0.0324,-0.489 ],[ 0.1353,-0.0125, 0.4857,-0.5336, 0.343 ],[-0.7899,-0.0532, 0.0245,-0.5053],0.0129
4820,[-0.8047,-0.0597, 0.0512,-0.4591],[ 0.087 ,-0.1987,-0.0934,-0.4724,-0.0713],[-0.8068,-0.0596, 0.0506,-0.4579],0.0499
4821,[-0.8127,-0.0637, 0.0583,-0.4868],[-0.1766,-0.2453, 1.1253,-0.0723, 0.6754],[-0.815 ,-0.0641, 0.06  ,-0.5042],0.0673
4900,[-0.7986,-0.0063, 0.0262,-0.9789],[  1.3125,  2.0691,419.7707,  0.9868,  3.0883],[-0.803 ,-0.008 , 0.0252,-0.9924],0.0561
4901,[-0.7945,-0.0397, 0.0723,-0.942 ],[-6.1695e-03,-1.1186e+00, 1.1259e+02, 1.0340e+00,-1.8639e-01],[-0.7983,-0.0432, 0.074 ,-0.9334],0.0246
4902,[-0.8012, 0.026 ,-0.0695,-0.8344],[-0.7008,37.7665,-1.4998,-0.2657,-0.0873],[-0.8046, 0.0303,-0.0713,-0.8421],0.0454
4910,[-0.8026, 0.065 ,-0.0465,-0.9343],[ 0.9565, 0.0813,29.404 , 0.2004, 0.7541],[-0.8069, 0.0649,-0.0483,-0.9411],0.0483
4912,[-0.8021, 0.0621,-0.0634,-0.9433],[ 0.3971,61.5551, 0.1146, 0.7267, 1.034 ],[-0.8063, 0.0633,-0.0615,-0.9507],0.0439
4920,[-0.8012,-0.0685, 0.0447,-0.8045],[ 1.0382, 4.9465, 0.1146,-0.4272, 1.2121],[-0.8049,-0.0678, 0.0456,-0.8038],0.0434
4921,[-0.8067,-0.0669, 0.0764,-0.8357],[ 1.1706,-0.2177,17.6941, 1.1629, 0.6537],[-0.8102,-0.0688, 0.075 ,-0.8305],0.0489
4930,[-0.7959, 0.1737,-0.0451,-0.6804],[-1.4023,-1.1056,-0.3787,-1.4814,-0.8705],[-0.8007, 0.1646,-0.0197,-0.6614],0.0111
4932,[-0.7976, 0.1836,-0.1228,-0.8022],[2.0241,1.6672,0.1963,1.5088,1.8615],[-0.8021, 0.1815,-0.116 ,-0.79  ],-0.0168
4934,[-0.7838, 0.19  ,-0.1756,-0.8568],[ 0.5251, 3.219 ,-1.2129, 1.2239, 0.5989],[-0.7875, 0.1918,-0.1715,-0.8472],-0.0684
5600,[-0.7364, 0.0518,-0.0503,-0.2428],[-0.1899, 0.6932,-0.1897,-0.9615, 0.1948],[-0.7376, 0.0515,-0.043 ,-0.2597],-0.1088
5700,[-0.7462, 0.0315,-0.0111,-0.3312],[ 0.5563,-0.0827,-0.1761,-0.7743, 0.8265],[-0.7478, 0.0303,-0.0068,-0.3447],-0.0781
5702,[-0.7347, 0.0514,-0.0591,-0.2633],[-0.0281,-0.3541,-0.7899,-0.9406,-0.0659],[-0.7358, 0.0517,-0.0534,-0.2495],-0.1143
5800,[-0.7531,-0.0127, 0.0106,-0.4419],[ 0.1305, 0.3678, 0.4195,-0.9722, 0.6869],[-0.7551,-0.0125, 0.0086,-0.4467],-0.0649
5801,[-0.7477,-0.0491, 0.057 ,-0.484 ],[-0.6202,-1.0484,-0.3342,-0.7661,-0.2605],[-0.7499,-0.0499, 0.0561,-0.4918],-0.0858
5802,[-0.7408, 0.044 ,-0.0631,-0.4658],[-0.7286, 0.2968,-0.6584,-1.0167,-0.1646],[-0.7428, 0.0454,-0.0622,-0.4826],-0.1004
5812,[-0.7356, 0.0567,-0.0814,-0.4887],[ 0.3911, 0.8788,-0.1636,-1.1208, 0.1383],[-0.7376, 0.0585,-0.0809,-0.5048],-0.1179
5820,[-0.7466,-0.0645, 0.0237,-0.4609],[ 0.0795,-0.0805,-0.3155,-0.6837, 0.0615],[-0.7488,-0.062 , 0.015 ,-0.4643],-0.0827
5821,[-0.7452,-0.0839, 0.088 ,-0.4696],[ 0.009 ,-0.6446, 0.4181,-0.9465, 0.5379],[-0.7472,-0.0847, 0.0857,-0.472 ],-0.105
5900,[-0.752 , 0.012 , 0.0233,-0.8236],[8.8147e-01,1.8032e+00,3.9983e+00,7.6211e-02,7.9013e+02],[-0.7557, 0.0096, 0.0266,-0.8431],-0.0612
5901,[-0.7596,-0.0283, 0.0643,-0.871 ],[-4.8656,-6.5405,-4.1375,-6.6787,-5.2726],[-0.7632,-0.0313, 0.0656,-0.881 ],-0.0549
5902,[-0.7533, 0.0392,-0.0662,-0.7921],[ 0.279 ,45.8398,-0.2286,-0.1639, 0.8738],[-0.7566, 0.0416,-0.066 ,-0.8056],-0.0718
5910,[-0.7599, 0.0646,-0.0336,-0.7684],[ 1.1235,-0.424 , 1.8775,-0.5851,20.2632],[-0.7636, 0.0626,-0.023 ,-0.7866],-0.0523
5911,[-0.7367, 0.0558, 0.0579,-0.9633],[-1.9471,-2.6197,-1.6191,-2.0752,-2.1857],[-0.7411, 0.0494, 0.0545,-0.9837],-0.1038
5912,[-0.7528, 0.0651,-0.0693,-0.762 ],[ 0.3453,40.8646,-0.6032, 0.4183, 2.7966],[-0.7562, 0.0659,-0.0652,-0.7765],-0.0775
5914,[-0.7415, 0.1568,-0.1847,-0.9619],[-0.666 , 2.2398,-1.5846,-0.2301,-0.0498],[-0.7446, 0.1607,-0.1832,-0.9706],-0.1476
5920,[-0.7647,-0.0685, 0.0424,-0.7727],[-2.3696,-1.8832,-2.75  ,-3.0677,-1.7441],[-0.7683,-0.0675, 0.0405,-0.7803],-0.0465
5921,[-0.7537,-0.0745, 0.0806,-0.7479],[ 0.9469,-0.6973, 6.1711,-0.3212, 4.493 ],[-0.757 ,-0.0756, 0.077 ,-0.7568],-0.081
5923,[-0.7361,-0.1369, 0.1709,-0.6457],[-0.4842,-1.5738, 1.1477,-0.7282,-0.3458],[-0.738 ,-0.1399, 0.169 ,-0.6277],-0.152
5932,[-0.7657, 0.1835,-0.1521,-0.8503],[ 0.6464, 0.9178,-0.0706, 1.0045, 0.8415],[-0.7699, 0.1838,-0.1465,-0.8457],-0.0968
5934,[-0.7515, 0.1807,-0.1872,-0.9057],[ 1.042 , 5.008 ,-1.2267,-0.1388, 0.7778],[-0.7548, 0.1834,-0.1828,-0.887 ],-0.1336
6700,[-0.6957, 0.0067,-0.0041,-0.3554],[-0.4564,-0.5046, 0.194 ,-1.4089, 3.8059],[-0.6973, 0.0065,-0.002 ,-0.3639],-0.1718
6701,[-0.6966,-0.0193, 0.0826,-0.3526],[-1.1601,-2.1541, 0.8107,-1.751 , 0.4602],[-0.6976,-0.0225, 0.0854,-0.3627],-0.1815
6702,[-0.7066, 0.0298,-0.0673,-0.3528],[-0.8894, 0.5167,-1.8954,-1.676 , 0.9016],[-0.708 , 0.0317,-0.0667,-0.3593],-0.1623
6800,[-0.6988, 0.0072,-0.0073,-0.4477],[-32.6468,-32.911 ,-32.9031,-33.8643,-31.8417],[-0.7008, 0.0072,-0.0072,-0.4576],-0.1655
6801,[-0.7009,-0.0227, 0.0844,-0.448 ],[ -8.8778, -9.8556, -7.8887,-10.1502, -8.1703],[-0.7024,-0.026 , 0.0862,-0.4571],-0.1746
6802,[-0.6994, 0.0271,-0.0724,-0.4509],[-6.4243,-4.9523,-7.3863,-7.896 ,-5.3025],[-0.7011, 0.0295,-0.0715,-0.4614],-0.1747
6810,[-0.7001, 0.0579,-0.0376,-0.4894],[-0.6112,-0.7625,-0.4905,-1.1788,-0.0237],[-0.7026, 0.0567,-0.0258,-0.5075],-0.1695
6812,[-0.6944, 0.0578,-0.0824,-0.474 ],[-1.0782, 0.63  ,-2.2131,-1.9376, 0.0629],[-0.6963, 0.059 ,-0.0753,-0.4859],-0.1883
6821,[-0.7087,-0.0631, 0.1103,-0.4584],[-0.5379,-1.6436,-0.2378,-1.7295,-0.0594],[-0.71  ,-0.066 , 0.1133,-0.4713],-0.1733
6900,[-7.1421e-01, 1.9993e-02, 5.6426e-04,-6.3404e-01],[  0.6543,  0.972 ,  2.9004, -0.7255,441.8609],[-0.7171, 0.0188, 0.0047,-0.6522],-0.138
6901,[-0.7132,-0.0314, 0.0811,-0.621 ],[-1.2928,-2.9273, 4.8532,-2.2285, 3.1277],[-0.7155,-0.0343, 0.0802,-0.636 ],-0.1527
6902,[-0.7087, 0.0335,-0.0696,-0.5857],[  0.5753,125.3689, -0.6275, -1.3002,  0.6479],[-0.7111, 0.0356,-0.0669,-0.6002],-0.158
6910,[-0.7096, 0.0714,-0.0093,-0.7073],[-0.2373,-1.2984,-1.4252,-1.2046,16.8817],[-0.7131, 0.068 , 0.0026,-0.7233],-0.1533
6911,[-0.7116, 0.0643, 0.0602,-0.7986],[-2.3524,-2.9248,-1.4791,-2.042 ,-2.0452],[-0.7153, 0.0583, 0.0528,-0.8182],-0.1529
6912,[-0.7084, 0.0737,-0.0991,-0.6614],[-0.1076, 0.7023,-2.4177,-0.6949,56.1403],[-0.7109, 0.0758,-0.0991,-0.6798],-0.1712
6914,[-0.7212, 0.1321,-0.1874,-0.8819],[-1.1332, 2.2964,-2.2094,-1.0771, 0.094 ],[-0.7234, 0.1369,-0.19  ,-0.8933],-0.1798
6921,[-0.7205,-0.0741, 0.1082,-0.6471],[-2.0354,-3.637 ,-2.0294,-2.8512,-1.4603],[-0.7229,-0.0767, 0.1083,-0.6557],-0.1533
6923,[-0.7243,-0.1263, 0.1683,-0.6498],[-4.8527e-01,-1.3527e+00, 8.2303e+00,-1.8763e-03,-1.9382e+00],[-0.726 ,-0.1296, 0.1679,-0.6326],-0.1701
6934,[-0.7329, 0.1672,-0.2125,-0.9427],[-0.7659, 2.7782,-1.236 , 1.026 , 0.1875],[-0.7353, 0.1721,-0.212 ,-0.963 ],-0.1719
7422,[-0.6697,-0.1507,-0.1162, 0.0069],[-4.0715,-2.8569,-6.2917,-4.9582,-2.4742],[-0.6702,-0.14  ,-0.1224,-0.0024],-0.2452
7442,[-0.6663,-0.1836,-0.0923, 0.0117],[-2.8847,-2.3569,-4.7954,-3.6867,-1.9028],[-0.6677,-0.1726,-0.1014, 0.0026],-0.25
7500,[-0.6728,-0.0041,-0.0324,-0.1155],[-1.4989,-1.8704,-1.4197,-2.2781, 0.5308],[-0.6733,-0.0033,-0.0141,-0.1225],-0.2053
7502,[-0.6669,-0.0403,-0.1252,-0.1136],[-3.9385,-3.3983,-5.7864,-5.3762,-3.4849],[-0.6666,-0.0339,-0.1189,-0.1258],-0.234
7504,[-0.6633,-0.0501,-0.1921,-0.1216],[-4.458 ,-3.4861,-6.2189,-5.3461,-3.5644],[-0.6616,-0.0405,-0.1943,-0.137 ],-0.2521
7522,[-0.6711,-0.13  ,-0.1258,-0.0775],[-4.5977,-2.6353,-8.5851,-7.0605,-2.1445],[-0.6715,-0.1196,-0.1307,-0.0921],-0.2417
7524,[-0.6668,-0.0738,-0.1824,-0.1158],[-5.3121,-5.2036,-6.6528,-5.7773,-5.1878],[-0.6654,-0.0635,-0.1869,-0.1214],-0.2496
7542,[-0.6638,-0.1968,-0.0796,-0.0123],[-19.8422,-17.6889,-21.979 ,-21.3609,-18.4981],[-0.6654,-0.1877,-0.0875,-0.0201],-0.253
7600,[-0.6737, 0.0011,-0.0288,-0.222 ],[-2.4237,-3.3076,-3.1392,-4.0538,-1.122 ],[-0.6747, 0.002 ,-0.021 ,-0.232 ],-0.2047
7602,[-0.6706,-0.0373,-0.1284,-0.2164],[-22.4956,-21.5866,-25.2275,-24.1749,-21.7366],[-0.6707,-0.0306,-0.1231,-0.2306],-0.2288
7604,[-0.6656,-0.0353,-0.1766,-0.2188],[-15.2541,-14.1031,-17.2355,-15.936 ,-15.2018],[-0.6646,-0.0267,-0.1756,-0.2297],-0.244
7622,[-0.6724,-0.0819,-0.1437,-0.169 ],[ -6.9837, -5.0967,-10.8577, -9.2275, -6.085 ],[-0.6722,-0.0726,-0.1444,-0.1841],-0.2359
7624,[-0.6699,-0.0689,-0.1715,-0.1981],[-6.2848,-5.8634,-8.5969,-7.2736,-6.0912],[-0.6691,-0.059 ,-0.1739,-0.2112],-0.2423
7700,[-0.6789, 0.0036,-0.0217,-0.3346],[-16.0379,-17.1749,-17.3231,-18.0186,-15.2481],[-0.6804, 0.0041,-0.0143,-0.3468],-0.1961
7701,[-0.6832,-0.0113, 0.0759,-0.341 ],[-3.5051,-4.1947,-1.7653,-4.0179,-2.2984],[-0.6843,-0.0143, 0.076 ,-0.3512],-0.1996
7702,[-0.6725,-0.0099,-0.1097,-0.3078],[-24.1315,-21.9798,-26.1455,-25.8486,-22.9347],[-0.6732,-0.0051,-0.1014,-0.3223],-0.2192
7704,[-0.6654,-0.0145,-0.1736,-0.2885],[-13.8552,-12.3741,-15.4191,-14.5199,-13.6363],[-0.6647,-0.0068,-0.1709,-0.302 ],-0.2413
7710,[-0.6743, 0.0564,-0.0398,-0.3035],[-1.6449,-1.852 ,-1.0728,-2.0557,-0.1599],[-0.6759, 0.055 ,-0.0198,-0.3188],-0.2095
7712,[-0.6717, 0.0564,-0.075 ,-0.2704],[-0.8272, 0.378 ,-2.2288,-1.9071, 0.6711],[-0.6729, 0.0567,-0.0579,-0.2871],-0.2197
7800,[-0.683 , 0.0093,-0.0169,-0.4191],[-62.8582,-62.9647,-63.1124,-64.2047,-62.5198],[-0.6849, 0.0096,-0.0131,-0.43  ],-0.1903
7801,[-0.686 ,-0.008 , 0.087 ,-0.4355],[-8.7511,-9.7201,-7.4729,-9.4564,-8.2291],[-0.6873,-0.012 , 0.0911,-0.4435],-0.1974
7802,[-0.6779, 0.0225,-0.089 ,-0.4238],[-29.3598,-28.325 ,-30.2859,-30.5844,-28.6167],[-0.6794, 0.0254,-0.0832,-0.4369],-0.2095
7804,[-0.6648, 0.0365,-0.1844,-0.4101],[-1.3157,-0.72  ,-3.0303,-2.453 ,-1.8752],[-0.6643, 0.0429,-0.1835,-0.4223],-0.2475
7810,[-0.6782, 0.0578,-0.0427,-0.462 ],[-2.437 ,-3.4789,-2.9084,-3.7857,-1.7312],[-0.6804, 0.057 ,-0.0338,-0.4791],-0.2053
7812,[-0.6668, 0.0702,-0.1343,-0.4613],[-2.2572,-1.2347,-3.518 ,-3.2039,-0.9906],[-0.6679, 0.0732,-0.1307,-0.4738],-0.2394
7814,[-0.6598, 0.0717,-0.1842,-0.4483],[-1.8274,-0.9025,-4.0311,-2.6301,-1.0778],[-0.6598, 0.0765,-0.1783,-0.4477],-0.2571
7900,[-0.6844, 0.0376,-0.0267,-0.5289],[-13.6914,-14.0082,-13.9328,-14.1719,-13.3523],[-0.6868, 0.0371,-0.0236,-0.5408],-0.1925
7901,[-0.6865,-0.0019, 0.1132,-0.5348],[-4.9997,-5.6543,-3.7042,-5.1763,-4.2965],[-0.6879,-0.0074, 0.1158,-0.5473],-0.2009
7902,[-0.6844, 0.0428,-0.077 ,-0.5252],[-5.8233,-5.0387,-6.4827,-6.5324,-5.7716],[-0.6865, 0.0445,-0.0711,-0.5388],-0.2002
7910,[-0.6841, 0.0749,-0.0443,-0.603 ],[-3.3492,-4.0593,-3.3119,-4.3809,-3.2481],[-0.6872, 0.073 ,-0.026 ,-0.6201],-0.1966
7912,[-0.6772, 0.085 ,-0.1116,-0.5743],[-1.3409,-0.2081,-3.401 ,-2.5908,-0.2229],[-0.6795, 0.0864,-0.1016,-0.5907],-0.2214
7914,[-0.6605, 0.0875,-0.1726,-0.5295],[-1.5364, 1.8365,-2.6517,-0.7648, 0.3408],[-0.6613, 0.0916,-0.1697,-0.5458],-0.2562
