100,[-9.5610e-01,-4.7368e-04, 4.1191e-02, 3.8101e-01],[1.0075,2.5223,0.3849,0.8147,1.2405],[-0.9542,-0.0137, 0.0639, 0.3884],0.2924
200,[-0.961 , 0.0023, 0.0045, 0.2938],[19.1837, 1.0275, 2.0345, 1.731 , 0.0318],[-9.5965e-01, 2.6256e-05, 6.7135e-03, 3.0325e-01],0.2842
201,[-0.9594,-0.0325, 0.0842, 0.2952],[-0.029 ,-0.9456, 1.9039,-0.0718,-0.8184],[-0.9577,-0.0463, 0.0969, 0.3048],0.2522
202,[-0.9691, 0.038 ,-0.0783, 0.2774],[-1.1246, 1.0471,-1.5172,-0.5379,-0.7295],[-0.9675, 0.0488,-0.0861, 0.2901],0.2192
210,[-0.9611, 0.0702,-0.0338, 0.2891],[-0.4603,-0.8106, 2.9667,-0.2178,-0.286 ],[-0.96  , 0.0555,-0.017 , 0.2975],0.2709
212,[-0.962 , 0.1136,-0.1048, 0.2864],[0.5706,9.2044,1.0687,1.5511,1.5345],[-0.9609, 0.1053,-0.0913, 0.2969],0.2189
214,[-0.9575, 0.0849,-0.1893, 0.3128],[ 0.7591, 1.3201,-0.473 ,-0.0014, 0.0508],[-0.9546, 0.1052,-0.1968, 0.3239],0.1983
220,[-0.9612,-0.066 , 0.0375, 0.288 ],[-0.2642, 3.3895,-1.1702,-0.8926,-0.4765],[-0.96  ,-0.054 , 0.0247, 0.3017],0.2681
221,[-0.9609,-0.0766, 0.0966, 0.2767],[ 2.9504, 1.4743,11.6565, 3.2316, 0.5698],[-0.9594,-0.0786, 0.0944, 0.2858],0.2336
234,[-0.9593, 0.2013,-0.2048, 0.2581],[ 1.0881, 2.6658,-0.2022, 1.8613, 0.5667],[-0.9585, 0.1958,-0.1942, 0.2518],0.1496
241,[-0.9556,-0.1707, 0.1515, 0.2648],[-0.0675, 2.1795,-0.8282, 0.0262,-0.7111],[-0.9551,-0.1597, 0.1319, 0.2513],0.201
243,[-0.957 ,-0.1872, 0.1825, 0.2652],[ 2.0049,-0.312 , 3.0666, 2.7295, 0.3199],[-0.9562,-0.1795, 0.1678, 0.2695],0.1743
300,[-9.6481e-01,-5.5265e-04, 8.9953e-03, 1.9061e-01],[1.8638,6.4624,4.8961,2.2439,0.877 ],[-0.9639,-0.0033, 0.0111, 0.2027],0.2652
301,[-0.9621,-0.0369, 0.068 , 0.2002],[-0.9114,-1.791 , 0.976 ,-0.483 ,-1.3206],[-0.9609,-0.046 , 0.0752, 0.2091],0.2489
302,[-0.966 , 0.0435,-0.0686, 0.1844],[-1.288 , 0.6877,-1.8725,-0.4292,-1.7309],[-0.965 , 0.0503,-0.0725, 0.1982],0.2336
310,[-0.9653, 0.0705,-0.0334, 0.1936],[-1.0297,-1.3422, 1.0092,-0.7561,-1.8549],[-0.9646, 0.0538,-0.0134, 0.2064],0.2542
312,[-0.9661, 0.1118,-0.1081, 0.1832],[ 1.0483,13.073 , 1.4686, 5.3457, 0.2249],[-0.9654, 0.1063,-0.0991, 0.1962],0.1997
314,[-0.9642, 0.1452,-0.1722, 0.1465],[-0.1215, 2.9841,-0.2128, 0.0842,-0.6109],[-0.9631, 0.1489,-0.1725, 0.1611],0.1622
320,[-0.9596,-0.0795, 0.0355, 0.2058],[-0.7468, 1.1471,-1.6417,-1.3765,-1.871 ],[-0.9589,-0.0637, 0.0204, 0.2186],0.2682
321,[-0.9622,-0.1229, 0.117 , 0.1788],[ 1.5373, 0.4881, 2.9224,11.0101, 0.0299],[-0.9615,-0.118 , 0.1115, 0.191 ],0.2039
323,[-0.9645,-0.1538, 0.1668, 0.1801],[-0.4397,-1.6802, 1.4601, 0.1485,-0.6673],[-0.9636,-0.1531, 0.1629, 0.1935],0.1627
332,[-0.9653, 0.178 ,-0.151 , 0.182 ],[-0.7746,-1.2958, 0.4842,-0.4633,-1.4242],[-0.9652, 0.1632,-0.1312, 0.1959],0.1658
334,[-0.9686, 0.207 ,-0.2089, 0.1741],[ 0.8334, 5.4532, 0.8586, 2.7015,-0.0229],[-0.968 , 0.201 ,-0.1988, 0.1857],0.1157
341,[-0.9634,-0.1824, 0.1287, 0.1569],[-0.4   , 2.6071,-1.5224,-0.039 ,-1.2037],[-0.9638,-0.1613, 0.1061, 0.1712],0.1811
343,[-0.9652,-0.2007, 0.2142, 0.1641],[ 0.4366, 0.6412, 3.982 , 7.7757,-0.0989],[-0.9643,-0.1985, 0.208 , 0.1772],0.1245
400,[-0.9664,-0.0088, 0.0096, 0.07  ],[ 0.0804, 0.0818, 2.0672,10.933 , 0.1001],[-0.966 ,-0.0083, 0.0082, 0.084 ],0.2566
401,[-0.9616,-0.0163, 0.0859, 0.0287],[-0.4148,-1.5006, 0.0657,-0.4932,-1.5113],[-0.961 ,-0.0389, 0.1027, 0.0315],0.2407
402,[-0.9702, 0.0358,-0.0785, 0.0354],[-0.9536, 2.1013,-1.5641,-0.3043,-1.4488],[-0.9696, 0.0538,-0.0949, 0.0497],0.2067
410,[-0.9665, 0.0705,-0.036 , 0.0852],[-0.7877,-1.1164, 1.1501,-1.2269,-1.1096],[-0.9663, 0.0552,-0.0178, 0.1001],0.2444
412,[-0.9694, 0.0994,-0.1046, 0.0631],[ 0.8867, 1.1228, 0.574 ,11.5867,-0.0763],[-0.969 , 0.0993,-0.1015, 0.0782],0.1888
414,[-0.9755, 0.1527,-0.1787, 0.0323],[-0.473 , 1.3042,-0.866 , 1.3716,-1.3175],[-0.9748, 0.1624,-0.1849, 0.0474],0.115
420,[-0.9646,-0.0734, 0.038 , 0.0612],[-0.8507, 1.212 ,-1.5211,-0.8124,-1.3549],[-0.9645,-0.0603, 0.0267, 0.073 ],0.2489
421,[-0.9626,-0.1199, 0.1208, 0.056 ],[ 0.3693, 1.0707, 2.2066, 8.6793,-0.5587],[-0.9623,-0.1184, 0.1175, 0.0698],0.1985
423,[-0.9646,-0.1561, 0.177 , 0.0481],[-0.6475,-1.2919, 0.4727, 0.5   ,-1.3403],[-0.9639,-0.1616, 0.1805, 0.0582],0.1511
432,[-0.9708, 0.177 ,-0.1479, 0.0449],[-1.1864,-1.7051,-0.032 ,-0.7885,-1.5445],[-0.9712, 0.1623,-0.1326, 0.0591],0.1457
434,[-0.9704, 0.215 ,-0.221 , 0.065 ],[ 0.3474, 1.7479,-0.7118, 3.6765,-0.7779],[-0.9701, 0.2137,-0.2167, 0.0797],0.0977
441,[-0.9693,-0.1858, 0.1538, 0.0546],[-1.4424, 0.567 ,-1.4967,-0.8319,-2.0766],[-0.9697,-0.1707, 0.1405, 0.0691],0.1446
443,[-0.9677,-0.2   , 0.2112, 0.0589],[ 0.299 ,-0.9613, 3.33  , 3.1562,-1.2367],[-0.9672,-0.2007, 0.2084, 0.0731],0.1148
454,[-0.9698, 0.2875,-0.2492, 0.0189],[-1.3746,-1.5341,-0.5649,-1.2747,-1.8702],[-0.9709, 0.2744,-0.2364, 0.0341],0.0645
463,[-0.9744,-0.3067, 0.2198, 0.0197],[-1.3791,-1.03  ,-1.9092,-1.1486,-2.8042],[-0.9769,-0.2704, 0.1839, 0.0335],0.0687
500,[-0.9689, 0.0107,-0.0039,-0.065 ],[ 2.0753, 2.848 ,14.6492, 1.4587,-1.112 ],[-0.9691, 0.011 ,-0.0085,-0.0517],0.2455
501,[-0.9645,-0.0341, 0.0795,-0.0766],[-0.0717,-1.2474, 1.604 , 0.2308,-1.159 ],[-0.9644,-0.0512, 0.0928,-0.0632],0.2274
502,[-0.9724, 0.0386,-0.0759,-0.0628],[-0.4268, 3.8274,-0.4715,-0.0859,-1.104 ],[-0.9723, 0.0599,-0.0994,-0.0486],0.1935
510,[-0.9638, 0.0826,-0.0251,-0.0606],[-1.036 ,-1.1046, 2.4016,-0.0661,-1.6553],[-9.6437e-01, 5.9600e-02,-1.1606e-04,-4.6414e-02],0.2514
512,[-0.9695, 0.1079,-0.1121,-0.0596],[-0.7523, 5.5939,-0.4562,10.1299,-1.0762],[-0.9697, 0.1104,-0.1113,-0.045 ],0.1789
514,[-0.9707, 0.1501,-0.1913,-0.0713],[-0.9637, 1.6626,-0.6322, 0.0857,-1.0101],[-0.97  , 0.1666,-0.2044,-0.0604],0.1207
520,[-0.9734,-0.0669, 0.0401,-0.0599],[-0.272 , 0.324 ,-0.7488,-0.175 ,-1.7789],[-0.9737,-0.0517, 0.024 ,-0.0443],0.2186
521,[-0.9653,-0.0989, 0.1137,-0.0595],[ 0.1908, 0.3723, 0.5035,15.6665,-0.7408],[-0.9653,-0.1036, 0.1162,-0.0444],0.1943
523,[-0.9647,-0.1452, 0.1809,-0.0288],[-0.1415,-1.0504, 1.7875,-0.2763,-1.6274],[-0.964 ,-0.1577, 0.193 ,-0.0157],0.1477
532,[-0.9638, 0.1944,-0.1366,-0.0549],[-1.7524,-2.4758,-0.4696,-1.4984,-2.4942],[-0.9651, 0.1747,-0.1176,-0.041 ],0.1666
534,[-0.9683, 0.202 ,-0.2094,-0.0555],[-0.1104, 1.481 ,-1.4002, 0.7821,-1.9698],[-0.9683, 0.2052,-0.2106,-0.0411],0.1088
536,[-0.9593, 0.2069,-0.3078,-0.0987],[ 0.0388, 0.5719,-1.2577, 0.773 ,-0.8086],[-0.9565, 0.2301,-0.3237,-0.084 ],0.0892
541,[-0.9674,-0.1786, 0.1528,-0.0414],[-0.5183, 0.7055,-1.0579,-0.9333,-1.1982],[-0.968 ,-0.167 , 0.1425,-0.0308],0.1505
543,[-0.9647,-0.213 , 0.2192,-0.0663],[ 0.8768,-1.0513, 0.9066, 5.4238,-1.9117],[-0.9648,-0.2143, 0.2164,-0.0514],0.1141
545,[-0.9602,-0.2559, 0.2839,-0.0242],[ 0.1092,-1.1757, 1.2258, 1.2525,-1.7721],[-0.9594,-0.2616, 0.2858,-0.009 ],0.0834
554,[-0.968 , 0.3045,-0.2772,-0.0038],[-1.9226,-2.5976,-1.5402,-1.7586,-3.1539],[-0.9692, 0.2945,-0.2601, 0.0111],0.0528
556,[-0.9654, 0.3158,-0.3071,-0.066 ],[-1.6911,-0.1359,-1.4362, 0.0464,-2.5213],[-0.9659, 0.3146,-0.3026,-0.0505],0.0375
565,[-0.9637,-0.3761, 0.3419,-0.0571],[ 0.3211,-1.6184, 2.0018, 1.6704,-2.4831],[-0.9654,-0.3687, 0.3268,-0.0415],0.008
600,[-0.9656, 0.0077, 0.0059,-0.189 ],[ 0.4253, 0.203 ,-0.1617,17.5277,-1.2251],[-0.9664, 0.0033, 0.0088,-0.1729],0.254
601,[-0.9623,-0.0369, 0.0738,-0.1652],[ 0.0709,-0.7293, 3.3652,-0.7932,-1.3769],[-0.9627,-0.0512, 0.0866,-0.1494],0.2359
602,[-0.9689, 0.0244,-0.085 ,-0.1795],[ 0.2625, 0.7647,-0.8362,-0.5649,-1.323 ],[-0.9689, 0.0549,-0.1207,-0.1632],0.1986
610,[-0.9645, 0.0767,-0.0303,-0.1896],[-1.8209,-2.5261,-0.5933,-1.0429,-2.7102],[-0.9655, 0.06  ,-0.0155,-0.1741],0.2463
612,[-0.9663, 0.1216,-0.1144,-0.1843],[-0.018 , 2.0992,-0.03  , 3.5205,-2.0128],[-0.9671, 0.1207,-0.1124,-0.1687],0.1829
614,[-0.9676, 0.1398,-0.1871,-0.1546],[-0.4416, 0.366 ,-0.7253, 0.4244,-0.9254],[-0.9672, 0.1575,-0.1979,-0.1387],0.1351
620,[-0.9722,-0.0774, 0.029 ,-0.1705],[-0.1616, 1.1839,-0.5184,-0.2381,-1.2959],[-0.9731,-0.048 ,-0.0106,-0.1542],0.2223
621,[-0.9676,-0.1003, 0.1093,-0.1831],[-0.0608,-0.7152, 0.4404, 8.9533,-1.0382],[-0.9682,-0.1048, 0.111 ,-0.1669],0.1861
623,[-0.969 ,-0.1454, 0.189 ,-0.1796],[ 0.771 ,-0.8219, 2.3774, 0.8436,-1.5071],[-0.9687,-0.165 , 0.2052,-0.1635],0.1251
632,[-0.9641, 0.1915,-0.1258,-0.19  ],[-3.4244,-4.4262,-1.5157,-2.9986,-4.4093],[-0.9661, 0.1679,-0.102 ,-0.174 ],0.1724
634,[-0.9679, 0.2028,-0.1983,-0.1745],[-3.6251,-2.6638,-4.0246,-2.2626,-4.9125],[-0.9687, 0.2048,-0.1986,-0.1606],0.1121
641,[-0.9632,-0.1887, 0.1168,-0.2367],[-0.4763,-0.3851,-0.525 ,-0.5603,-0.4642],[-0.9656,-0.1616, 0.0785,-0.221 ],0.185
643,[-0.9677,-0.2051, 0.2209,-0.1633],[ 0.5099,-0.6544, 1.6967, 6.566 ,-1.9293],[-0.968 ,-0.2137, 0.2245,-0.1471],0.1017
645,[-0.9575,-0.25  , 0.3514,-0.2383],[ 0.1566, 0.1531, 1.2255, 7.6169,-0.9515],[-0.9544,-0.2737, 0.3714,-0.2222],0.0577
654,[-0.9603, 0.2842,-0.2351,-0.2048],[-5.2718,-5.4788,-5.3785,-4.9927,-6.5693],[-0.9624, 0.2769,-0.2302,-0.1893],0.0906
656,[-0.9624, 0.301 ,-0.297 ,-0.1689],[-2.726 ,-3.0044,-3.2154,-1.6881,-4.5272],[-0.9629, 0.3049,-0.3015,-0.1527],0.05
665,[-0.9584,-0.3626, 0.3767,-0.1866],[-0.5713,-0.7202,-0.122 , 6.0641,-1.2216],[-0.9584,-0.3691, 0.3767,-0.1701],0.0062
700,[-9.6212e-01, 1.7992e-02,-5.4151e-04,-3.0591e-01],[-0.8439,-1.1863, 0.1624, 5.7486,-1.9996],[-0.9634, 0.0116, 0.0048,-0.2894],0.2659
701,[-0.9654,-0.037 , 0.0812,-0.3226],[ 0.3879, 0.1123, 0.4957, 6.3577,-1.2841],[-0.9662,-0.0592, 0.1048,-0.3056],0.2131
702,[-0.9573, 0.0522,-0.0666,-0.3245],[-0.2096, 0.3507,-0.5721, 0.2398,-1.1507],[-0.9584, 0.0614,-0.0821,-0.3072],0.2493
710,[-0.9602, 0.0723,-0.0346,-0.3089],[-0.953 ,-1.4121, 1.5338,-1.5246,-1.8743],[-0.9618, 0.0604,-0.0243,-0.2948],0.2585
712,[-0.9619, 0.1031,-0.0903,-0.3029],[-6.0634,-4.136 ,-5.8359,-4.7067,-7.5779],[-0.9633, 0.1018,-0.0891,-0.2868],0.2127
720,[-0.9593,-0.0643, 0.0502,-0.2918],[-0.522 , 0.3807,-0.4209, 0.0159,-0.3425],[-0.9607,-0.0584, 0.0377,-0.2751],0.2596
721,[-0.9649,-0.0868, 0.1012,-0.289 ],[-0.5509,-0.7709, 1.3728, 5.2753,-1.9974],[-0.9659,-0.0952, 0.1071,-0.2739],0.1992
723,[-0.9647,-0.1196, 0.2023,-0.3211],[-0.481 ,-0.1924, 1.9105,11.5874,-0.2364],[-0.9637,-0.1557, 0.2433,-0.3039],0.1294
725,[-0.9661,-0.1623, 0.2977,-0.2933],[-0.2566,-0.1875, 0.1842,-0.091 ,-0.1669],[-0.9632,-0.2054, 0.3265,-0.2762],0.0785
732,[-0.9612, 0.1821,-0.1426,-0.3088],[-5.2736,-5.4976,-3.872 ,-5.0238,-6.2785],[-0.9632, 0.1747,-0.1372,-0.2925],0.1654
734,[-0.9608, 0.2147,-0.1983,-0.2924],[ -9.2923, -8.4844,-10.2485, -8.1138,-10.9618],[-0.9622, 0.2153,-0.1975,-0.2755],0.1281
741,[-0.9595,-0.2165, 0.1365,-0.2617],[-0.1666,-0.2263,-0.2071,-0.115 ,-0.2171],[-0.962 ,-0.2002, 0.1337,-0.2448],0.1604
743,[-0.9608,-0.1987, 0.2476,-0.3098],[ 0.0112,-0.4587, 0.4208, 7.3405,-1.6148],[-0.9603,-0.2186, 0.2666,-0.2926],0.1058
745,[-0.9608,-0.2338, 0.3279,-0.2846],[ 9.9151, 0.6066, 1.4272, 3.099 ,-0.6752],[-0.958 ,-0.2613, 0.3557,-0.2681],0.059
754,[-0.9574, 0.2844,-0.2651,-0.2761],[-6.5519,-6.9969,-7.2304,-5.9906,-7.6253],[-0.9591, 0.2849,-0.2583,-0.2595],0.086
765,[-0.9613,-0.3034, 0.3419,-0.277 ],[ 2.1577,-0.7271, 0.2205, 2.9449,-2.066 ],[-0.9605,-0.3184, 0.3543,-0.2613],0.03
800,[-0.9617, 0.0234, 0.0132,-0.4138],[ -9.7683, -9.787 , -8.5213, -8.0899,-11.1127],[-0.9634, 0.0092, 0.0263,-0.3974],0.2663
801,[-0.9588,-0.0252, 0.0909,-0.4318],[ 0.2261,-0.3457,12.3269, 0.7333,-0.9863],[-0.96  ,-0.0498, 0.1101,-0.4162],0.2369
810,[-0.9593, 0.074 ,-0.0278,-0.4156],[-1.6848,-2.2386,-0.4334, 0.3203,-3.6208],[-0.9613, 0.0578,-0.0099,-0.3993],0.2626
812,[-0.9583, 0.1269,-0.085 ,-0.417 ],[-16.7247,-15.9378,-17.3085,-15.6945,-17.9089],[-0.9606, 0.115 ,-0.0693,-0.4008],0.2246
821,[-0.9606,-0.0746, 0.123 ,-0.4104],[-2.2574,-3.1327,-2.132 ,-0.453 ,-3.6283],[-0.9615,-0.0958, 0.1429,-0.3943],0.1999
823,[-0.9617,-0.1269, 0.192 ,-0.4154],[-0.1252, 0.8778, 0.8488,16.2663,-0.4715],[-0.9616,-0.1552, 0.2202,-0.3977],0.1453
832,[-0.9556, 0.1755,-0.1203,-0.4463],[-5.995 ,-5.2481,-5.9189,-5.1333,-6.6316],[-0.9586, 0.1605,-0.0944,-0.4284],0.2035
834,[-0.9574, 0.2154,-0.1863,-0.3804],[-15.1683,-14.5537,-15.1215,-14.3232,-16.4686],[-0.9597, 0.2119,-0.1753,-0.3629],0.1468
843,[-0.9641,-0.1842, 0.2302,-0.3783],[-0.4933,-0.1831,-0.044 , 2.8583,-2.2514],[-0.9641,-0.2071, 0.2508,-0.3608],0.105
900,[-0.9564, 0.0275, 0.0254,-0.5159],[-44.6081,-44.0046,-44.2101,-43.7899,-45.15  ],[-0.9585, 0.006 , 0.0533,-0.4986],0.2828
1100,[-0.9256,-0.0245, 0.028 , 0.3893],[ 0.8051, 2.3916, 0.8747, 0.381 ,52.7865],[-0.9239,-0.0249, 0.0299, 0.3845],0.4228
1101,[-0.9274,-0.0459, 0.0651, 0.3907],[ 0.878 ,-0.5062,32.3913,-0.5322, 1.808 ],[-0.9256,-0.0476, 0.0646, 0.3949],0.3943
1110,[-0.9528, 0.0685,-0.0173, 0.3867],[ 0.2088,-0.3517, 1.5428, 0.0135, 0.3513],[-0.9514, 0.0535,-0.0027, 0.3734],0.3124
1112,[-0.9549, 0.092 ,-0.0579, 0.3821],[0.7667,1.7385,0.7393,0.3331,5.4519],[-0.9535, 0.077 ,-0.0318, 0.3935],0.2821
1114,[-0.9369, 0.1626,-0.2164, 0.3838],[ 1.0862, 1.0632,-0.382 ,-0.4476, 1.6779],[-0.9343, 0.1666,-0.2194, 0.3914],0.2348
1120,[-0.9266,-0.0686, 0.0321, 0.3827],[ 1.178 ,11.315 ,-0.2333, 0.1267, 1.8982],[-0.9251,-0.0615, 0.0286, 0.3841],0.4107
1121,[-0.9296,-0.0796, 0.0936, 0.3881],[ 2.0687, 1.0607, 1.7022, 0.5062,35.1379],[-0.9279,-0.0795, 0.09  , 0.3832],0.358
1134,[-0.9317, 0.1702,-0.2226, 0.3883],[0.9788,2.5547,0.3655,0.8676,4.9271],[-0.9291, 0.1736,-0.225 , 0.3746],0.2484
1200,[-0.9257,-0.0029, 0.0042, 0.3042],[  1.5719,152.5285,  1.6598,  0.5383,  1.8766],[-0.9243,-0.0036, 0.0081, 0.3104],0.4184
1201,[-0.9268,-0.0389, 0.0694, 0.3165],[  0.39  , -0.6052,153.6427,  0.5011,  1.6481],[-0.9252,-0.0428, 0.0706, 0.3179],0.3921
1202,[-0.9196, 0.0397,-0.0663, 0.2652],[ 1.1739, 5.228 ,-0.5531, 0.7222,40.0567],[-0.9183, 0.043 ,-0.0672, 0.2638],0.4168
1210,[-0.9313, 0.0737,-0.0282, 0.2653],[-0.2279,-1.3059, 2.2494,-1.08  , 1.5472],[-0.9304, 0.0624,-0.016 , 0.2667],0.3848
1212,[-0.9234, 0.0954,-0.0998, 0.2608],[ 3.3167, 1.9585, 0.3615, 0.9376,43.4522],[-0.9223, 0.094 ,-0.0939, 0.2558],0.3705
1214,[-0.9475, 0.1381,-0.1935, 0.3199],[ 0.9703,22.0076,-0.5406, 0.0242, 0.0796],[-0.9452, 0.1446,-0.1954, 0.3295],0.2157
1220,[-0.9279,-0.0723, 0.031 , 0.3059],[ 0.5769,83.973 ,-0.3407, 0.4258, 1.0414],[-0.9268,-0.0641, 0.0264, 0.3055],0.3982
1221,[-0.9325,-0.0894, 0.0986, 0.3225],[  1.8564,  0.6169,158.2581,  0.65  ,  2.1607],[-0.931 ,-0.0885, 0.0937, 0.3222],0.3407
1223,[-0.943 ,-0.1544, 0.1853, 0.3209],[ 1.2267,-0.6522,11.6088, 0.1313, 1.4865],[-0.9412,-0.1562, 0.1845, 0.3271],0.2303
1232,[-0.923 , 0.2026,-0.1569, 0.2908],[0.71  ,0.5422,3.7166,1.4499,3.0674],[-0.9228, 0.194 ,-0.1544, 0.296 ],0.2964
1234,[-0.9224, 0.1805,-0.2059, 0.3048],[ 2.0385,25.392 , 0.0635, 0.7011, 1.0172],[-0.9208, 0.18  ,-0.199 , 0.297 ],0.2814
1241,[-0.933 ,-0.1951, 0.1354, 0.3029],[ 1.7601,44.0624,-0.1633, 0.6077, 1.1208],[-0.9329,-0.1821, 0.1268, 0.3125],0.276
1243,[-0.9328,-0.2364, 0.2007, 0.2743],[ 1.8449, 0.5782,38.1123, 2.1478, 1.9183],[-0.9329,-0.226 , 0.1836, 0.2853],0.2298
1263,[-0.9306,-0.3092, 0.2036, 0.2697],[ 0.6342,21.862 , 0.9981, 0.7227, 0.774 ],[-0.9327,-0.2913, 0.1902, 0.2833],0.1969
1300,[-0.9167, 0.0268,-0.0267, 0.1767],[  1.504 ,  0.9058,  1.0576,317.475 ,  1.3285],[-0.9159, 0.0265,-0.0258, 0.1909],0.4403
1301,[-0.919 ,-0.0473, 0.0622, 0.19  ],[ 0.7669,-0.4765,40.8327, 0.6296, 0.2033],[-0.918 ,-0.0489, 0.0618, 0.1999],0.4172
1302,[-0.9162, 0.0445,-0.0648, 0.172 ],[  0.3478,168.4733, -0.6913, -0.2203,  1.2101],[-0.9152, 0.0467,-0.0637, 0.1844],0.4293
1310,[-0.9176, 0.0692,-0.0398, 0.1653],[ 0.269 ,-0.1185,52.9775, 0.16  , 0.8861],[-0.9171, 0.0645,-0.0389, 0.1675],0.4281
1312,[-0.9189, 0.0799,-0.0917, 0.1778],[  1.1655,155.9778,  0.5231,  2.2268,  3.1868],[-0.918 , 0.0804,-0.0885, 0.1831],0.3926
1314,[-0.9254, 0.1314,-0.1876, 0.1616],[ 0.3581,35.3015,-0.2954, 0.3872,-0.3577],[-0.9236, 0.1383,-0.1918, 0.1658],0.2926
1320,[-0.9195,-0.0706, 0.0364, 0.1715],[ 0.643 ,86.0491,-0.3229, 0.3553, 0.1885],[-0.919 ,-0.0648, 0.0346, 0.178 ],0.4227
1321,[-0.9234,-0.098 , 0.0892, 0.1709],[  1.0993,  1.9413,115.9631,  1.7399,  0.5249],[-0.9229,-0.0945, 0.0802, 0.1767],0.3724
1322,[-0.9375,-0.0641,-0.0635, 0.2479],[-1.8525,-1.4772,-2.5256,-1.879 ,-1.5835],[-0.9362,-0.0388,-0.0828, 0.2578],0.3471
1323,[-0.9274,-0.1468, 0.1796, 0.1742],[ 0.1359,-0.3985,11.8974,-0.0152, 0.0412],[-0.9261,-0.1497, 0.1778, 0.1825],0.2886
1332,[-0.9208, 0.1889,-0.1388, 0.1927],[ 1.4052,-0.34  , 2.5772,-0.0691, 2.3673],[-0.921 , 0.1799,-0.1323, 0.1982],0.3189
1334,[-0.9258, 0.2094,-0.2032, 0.18  ],[ 1.5492,27.5568, 0.3138, 3.9956, 1.4043],[-0.9254, 0.2056,-0.194 , 0.1925],0.2593
1340,[-0.9291,-0.1956, 0.0242, 0.1951],[-2.0656,-1.9203,-3.0324,-2.3047,-1.5513],[-0.9303,-0.1658, 0.0114, 0.1987],0.3454
1341,[-0.9302,-0.1977, 0.1159, 0.173 ],[ 0.2212,17.7671, 0.2239, 1.3231, 0.5934],[-0.931 ,-0.1825, 0.1057, 0.1783],0.2921
1343,[-0.9358,-0.2119, 0.2087, 0.168 ],[ 0.9037, 0.5504,21.4364, 1.7113, 0.6977],[-0.9354,-0.2077, 0.1971, 0.1782],0.2211
1345,[-0.9408,-0.2543, 0.2863, 0.1489],[ 4.8526,-1.0876, 2.0147, 0.4841, 1.6044],[-0.9395,-0.2556, 0.2827, 0.1548],0.1484
1354,[-0.9147, 0.2969,-0.238 , 0.183 ],[-0.1827,-0.4645, 0.493 , 1.1013, 0.2231],[-0.9162, 0.2869,-0.2175, 0.1865],0.2373
1356,[-0.9127, 0.3375,-0.343 , 0.1555],[2.8021,8.6747,0.4287,3.7321,1.1645],[-0.9125, 0.3346,-0.3294, 0.1634],0.1578
1361,[-0.9301,-0.2974, 0.1352, 0.172 ],[-1.8248,-0.6805,-2.6223,-1.7307,-1.8733],[-0.9334,-0.2699, 0.109 , 0.1863],0.2412
1363,[-0.9254,-0.314 , 0.2391, 0.1621],[ 0.8794, 1.7007,-0.0464, 7.7214, 0.0704],[-0.9273,-0.3019, 0.2239, 0.1764],0.1953
1365,[-0.9185,-0.3759, 0.3187, 0.1894],[ 0.7432,-0.0717,17.0524, 5.9022, 0.2386],[-0.9206,-0.3669, 0.2975, 0.2017],0.1509
1385,[-0.9146,-0.3979, 0.3723, 0.1528],[-1.5924,-2.3937,-1.2693,-0.2366,-2.2811],[-0.9153,-0.3939, 0.3696, 0.167 ],0.1161
1400,[-0.919 , 0.0214,-0.0223, 0.0647],[  2.0953,  0.6946,  1.9929,410.7674,  2.5979],[-0.9186, 0.0219,-0.0255, 0.0783],0.4426
1401,[-0.9184,-0.0455, 0.0668, 0.0414],[ 0.6173,-0.3978,24.6474,-0.2761, 0.7164],[-0.918 ,-0.0487, 0.0676, 0.0518],0.4226
1402,[-0.9175, 0.0433,-0.0697, 0.0676],[ 2.5052e-01, 1.3652e+02,-7.6380e-02, 5.1473e-01,-3.0709e-01],[-0.917 , 0.0471,-0.0714, 0.0803],0.4239
1410,[-0.9177, 0.0633,-0.0459, 0.0572],[ 1.5434e+00,-3.2573e-01, 2.2593e+02, 3.9561e-01, 1.0660e-02],[-0.9176, 0.0606,-0.0457, 0.0643],0.4324
1412,[-0.9177, 0.0789,-0.0841, 0.0519],[  2.1515,213.5638,  1.1836,  1.496 ,  2.6048],[-0.9174, 0.0789,-0.0808, 0.0601],0.404
1414,[-0.9176, 0.149 ,-0.1778, 0.0439],[ 0.4573, 2.1355,-1.0926,23.9895, 0.6705],[-0.9169, 0.1522,-0.1769, 0.0578],0.3203
1420,[-0.9186,-0.0672, 0.0405, 0.076 ],[ 0.385 ,42.3904,-0.2088,-0.0981, 1.1986],[-0.9184,-0.0629, 0.0389, 0.0842],0.4254
1421,[-0.9182,-0.0832, 0.0925, 0.0571],[1.5728e+00,1.7763e-01,1.9771e+02,2.6450e+00,9.8856e-01],[-0.9179,-0.0837, 0.0891, 0.0686],0.3927
1423,[-0.9268,-0.1446, 0.1821, 0.0534],[-0.1854,-0.619 ,29.2335, 0.6426,-0.2974],[-0.9259,-0.1497, 0.1836, 0.0663],0.2872
1432,[-0.9223, 0.1804,-0.1393, 0.0536],[-1.3146,-1.5012,-1.8436,-1.2139,-1.0968],[-0.923 , 0.1718,-0.1238, 0.0601],0.3163
1434,[-0.9191, 0.2018,-0.2087, 0.0523],[ 0.7878, 3.4232,-0.0909,20.2367, 1.1986],[-0.9188, 0.2012,-0.2024, 0.0669],0.2791
1436,[-0.9124, 0.255 ,-0.2979, 0.0086],[ 0.1434,10.4561,-0.3469, 0.9473, 0.5421],[-0.911 , 0.2586,-0.2969, 0.0232],0.2061
1440,[-0.9225,-0.188 , 0.0426, 0.1134],[-1.5633,-0.7979,-2.0431,-1.6468,-1.6152],[-0.924 ,-0.1647, 0.0283, 0.1035],0.366
1441,[-0.9295,-0.1886, 0.1479, 0.0772],[ 0.5117, 0.6899,-0.3164, 3.8539,-0.6861],[-0.9301,-0.1792, 0.1329, 0.0903],0.2856
1443,[-0.9306,-0.1997, 0.2118, 0.066 ],[ 3.4851, 0.2371,20.8573, 4.056 , 0.5333],[-0.9301,-0.1998, 0.2061, 0.078 ],0.239
1445,[-0.9304,-0.251 , 0.2896, 0.0458],[ 0.5763,-0.6884,10.2121, 0.953 , 0.0172],[-0.9292,-0.2543, 0.287 , 0.058 ],0.1765
1454,[-0.9177, 0.2906,-0.2528, 0.0604],[-0.4145,-0.2654,-0.2625, 0.2204,-1.2785],[-0.9189, 0.2848,-0.242 , 0.075 ],0.2245
1456,[-0.9203, 0.3081,-0.3362, 0.0299],[ 1.1845, 5.9319,-0.3076, 5.2864, 0.8486],[-0.9192, 0.3097,-0.3337, 0.0444],0.1564
1458,[-0.9268, 0.3309,-0.3967, 0.0699],[-0.0427, 6.2325,-0.7053, 1.2584, 1.3668],[-0.9242, 0.3343,-0.396 , 0.0821],0.1082
1461,[-0.917 ,-0.2991, 0.1416, 0.0975],[-0.5856,-1.3685,-2.1143,-0.6628,-1.64  ],[-0.9207,-0.2773, 0.1203, 0.1123],0.2809
1463,[-0.9318,-0.3271, 0.2386, 0.0884],[ 0.0792, 0.4694, 0.2092, 1.7472,-1.0689],[-0.9344,-0.3135, 0.2249, 0.1014],0.1656
1465,[-0.9264,-0.3455, 0.3124, 0.0517],[ 0.5153,-0.4127,21.0842, 1.9703,-0.4531],[-0.9279,-0.3398, 0.2953, 0.0655],0.1383
1485,[-0.9125,-0.4002, 0.3638, 0.1132],[-0.901 ,-1.5013,-0.723 ,-0.1669,-2.0194],[-0.9142,-0.3953, 0.3462, 0.1282],0.1251
1487,[-0.9116,-0.4149, 0.4176, 0.0469],[ 0.8982,-0.3003, 6.731 ,14.8072,-1.0082],[-0.9116,-0.4138, 0.4121, 0.0618],0.0755
1500,[-0.9191, 0.0082,-0.0039,-0.0615],[ 0.8695, 5.5039,97.6537, 7.9309, 1.3404],[-0.9193, 0.008 ,-0.0068,-0.0505],0.4486
1501,[-0.9186,-0.0311, 0.074 ,-0.0651],[ 4.4343e-02,-2.8819e-01, 4.6421e+01, 2.4626e-01,-8.2257e-02],[-0.9185,-0.038 , 0.0771,-0.0531],0.4196
1502,[-0.9169, 0.0331,-0.0785,-0.0537],[-24.5883,-21.7972,-24.8383,-24.0824,-24.3555],[-0.9168, 0.0405,-0.0838,-0.0461],0.4191
1504,[-0.9157, 0.0488,-0.1689,-0.0658],[-1.2037,-0.3211,-1.3006,-0.389 ,-0.8011],[-0.9144, 0.0654,-0.171 ,-0.0516],0.3636
1510,[-0.9176, 0.0642,-0.0441,-0.0561],[-3.7905e-01, 5.0340e-01, 2.1565e+02, 8.2362e-01,-1.6465e-01],[-0.918 , 0.0612,-0.0432,-0.0446],0.4328
1512,[-0.9177, 0.079 ,-0.0866,-0.0623],[1.7542e+00,2.1029e+02,3.9868e-01,2.1395e+00,5.6873e-02],[-0.9179, 0.08  ,-0.0849,-0.0513],0.402
1514,[-0.9185, 0.1383,-0.1836,-0.0572],[ 0.5506,38.1455,-0.433 , 0.4986,-0.2202],[-0.9178, 0.145 ,-0.1865,-0.0467],0.3165
1520,[-0.9183,-0.0652, 0.0409,-0.0682],[-6.4258,-3.0144,-7.5033,-7.025 ,-6.8641],[-0.9187,-0.0612, 0.0374,-0.0599],0.4249
1521,[-0.9195,-0.0769, 0.0893,-0.0601],[ 2.8246, 0.0781, 1.2432,52.8638, 1.4947],[-0.9196,-0.0789, 0.0895,-0.0456],0.3908
1523,[-0.925 ,-0.1412, 0.1847,-0.0563],[ 0.2753,-0.505 ,11.9213, 0.1409,-0.5142],[-0.9243,-0.1485, 0.1896,-0.0422],0.2936
1532,[-0.934 , 0.1878,-0.1393,-0.0556],[-2.313 ,-2.2824,-2.4954,-2.1638,-3.258 ],[-0.9353, 0.1773,-0.1234,-0.0465],0.2696
1534,[-0.9247, 0.2016,-0.2197,-0.0621],[ 1.1936,12.6552,-0.1896, 2.2897, 0.099 ],[-0.9245, 0.2038,-0.2175,-0.0497],0.2497
1536,[-0.9321, 0.2469,-0.3131,-0.0443],[ 0.2795, 4.6777,-0.6957, 2.4531,-0.7079],[-0.93  , 0.2564,-0.3196,-0.0303],0.1628
1541,[-0.9217,-0.1803, 0.1417,-0.0523],[ 0.619 ,-1.2513,-0.0379, 1.9477,-1.0019],[-0.9227,-0.1739, 0.131 ,-0.0395],0.3172
1543,[-0.9233,-0.1974, 0.2085,-0.0642],[ 1.5001,-0.3774, 3.4345,15.8038, 0.6495],[-0.9233,-0.1988, 0.2055,-0.049 ],0.2631
1545,[-0.9207,-0.2459, 0.3028,-0.0588],[ 0.4258,-0.4286, 8.4477, 1.6888,-0.4838],[-0.919 ,-0.2526, 0.3063,-0.0443],0.2069
1554,[-0.9152, 0.2849,-0.2761,-0.0994],[-0.337 ,-0.1081, 0.4429,-0.2264,-0.9058],[-0.9154, 0.2858,-0.2845,-0.084 ],0.2144
1556,[-0.9186, 0.2934,-0.3155,-0.0592],[ 0.2985, 1.9667,-0.5987, 5.6193,-0.0643],[-0.918 , 0.2962,-0.3166,-0.0451],0.1816
1565,[-0.9247,-0.3394, 0.3521,-0.0508],[ 1.3773,-0.4994, 2.4411,10.5703,-0.8015],[-0.9245,-0.3406, 0.348 ,-0.0352],0.122
1567,[-0.9265,-0.3705, 0.4294,-0.0885],[ 0.4986,-0.8367,20.012 , 1.1211, 0.1636],[-0.9243,-0.3751, 0.4304,-0.0769],0.0675
1585,[-0.921 ,-0.3915, 0.3665,-0.0577],[-0.597 ,-1.1188,-0.2073, 0.1417,-1.6636],[-0.9226,-0.3895, 0.3522,-0.0422],0.1073
1587,[-0.9176,-0.4032, 0.4447,-0.0566],[ 0.1075,-1.037 , 1.5658,10.4282,-0.6633],[-0.9161,-0.4052, 0.4409,-0.0414],0.068
1600,[-9.1890e-01, 3.9205e-03,-1.8598e-04,-1.6306e-01],[-39.8153,-40.3487,-40.6211,-39.7179,-41.3826],[-0.9196, 0.0031, 0.0016,-0.1543],0.4452
1601,[-0.9182,-0.0311, 0.0748,-0.1721],[-6.3022,-7.7569,-4.7811,-5.3304,-7.544 ],[-0.9187,-0.039 , 0.0803,-0.1687],0.4144
1602,[-0.9162, 0.0343,-0.0765,-0.1692],[-20.7562,-18.9996,-21.4195,-20.3526,-21.0907],[-0.9166, 0.0417,-0.0817,-0.1683],0.4198
1603,[-0.9186,-0.0299, 0.2248,-0.2294],[-0.7882,-1.5546,-0.6965,-0.2104,-0.7602],[-0.915 ,-0.0636, 0.2781,-0.2134],0.32
1610,[-0.9155, 0.0649,-0.0422,-0.1819],[-5.8226e-01,-1.3442e+00, 1.0312e+00, 1.4983e+02,-6.5838e-02],[-0.9164, 0.0609,-0.0354,-0.1683],0.4384
1612,[-0.9157, 0.0748,-0.0794,-0.1802],[  1.118 ,  6.1436, -0.5026,167.3849, -0.6979],[-0.9164, 0.0759,-0.0788,-0.1673],0.4093
1614,[-0.9223, 0.1331,-0.1881,-0.1675],[-0.5505, 1.4485,-2.041 , 1.1005,-2.1474],[-0.9218, 0.143 ,-0.1959,-0.1541],0.2999
1620,[-0.9179,-0.0652, 0.0404,-0.1821],[-20.2829,-20.0845,-20.6443,-19.9198,-20.9099],[-0.9189,-0.0611, 0.0353,-0.1741],0.4299
1621,[-0.9186,-0.0793, 0.0862,-0.1887],[-21.9525,-23.385 ,-20.9615,-21.3134,-22.6618],[-0.9193,-0.0808, 0.0849,-0.18  ],0.3947
1623,[-0.9231,-0.1427, 0.1863,-0.1807],[-0.0501,-1.3556, 4.864 , 1.1843,-0.7911],[-0.9228,-0.1513, 0.1934,-0.1688],0.2973
1632,[-0.9353, 0.1836,-0.1392,-0.1868],[-1.3291,-2.1249,-1.7324,-1.1901,-2.5159],[-0.937 , 0.1756,-0.128 ,-0.1744],0.2628
1634,[-0.9289, 0.2187,-0.2172,-0.1875],[ 0.3784, 1.8744,-0.4022, 8.8539, 0.2407],[-0.9297, 0.2194,-0.2127,-0.1716],0.2304
1636,[-0.9196, 0.2577,-0.2917,-0.1948],[ 1.1623, 4.4453,-0.7616, 1.5178, 0.1249],[-0.919 , 0.2638,-0.2956,-0.1801],0.2036
1641,[-0.9152,-0.1759, 0.1082,-0.1487],[-1.3743,-1.792 ,-1.2848,-0.8521,-1.8778],[-0.917 ,-0.1676, 0.106 ,-0.1558],0.3525
1643,[-0.928 ,-0.1892, 0.2103,-0.1815],[ 0.5351,-0.066 , 1.838 ,14.9599,-0.4174],[-0.9281,-0.1941, 0.2119,-0.1657],0.2458
1645,[-0.9363,-0.2521, 0.3072,-0.1908],[ 0.1042,-0.8144, 6.6875, 2.1609,-0.786 ],[-0.9349,-0.2627, 0.3155,-0.1755],0.1462
1654,[-0.9459, 0.3143,-0.2395,-0.1784],[ 0.049 , 0.5338,-0.1277, 1.2608,-0.92  ],[-0.9491, 0.3028,-0.2224,-0.1661],0.1236
1656,[-0.927 , 0.3211,-0.2995,-0.1923],[ 1.0221, 1.591 ,-0.3699, 7.9712,-0.4643],[-0.9286, 0.3204,-0.2899,-0.1774],0.1496
1665,[-0.9383,-0.3033, 0.3613,-0.1819],[ 0.8791,-0.5626, 1.6411, 8.0325,-0.3532],[-0.9366,-0.3131, 0.3669,-0.1659],0.0949
1667,[-0.9316,-0.3472, 0.4244,-0.1863],[ 0.3665,-0.5277,19.3399, 3.7712,-0.7474],[-0.9288,-0.356 , 0.4293,-0.1719],0.0646
1687,[-0.9282,-0.3921, 0.4499,-0.1355],[-0.2515,-0.8582, 2.2866, 5.3732,-1.4493],[-0.9259,-0.3971, 0.4538,-0.1227],0.0456
1700,[-0.9287, 0.0051,-0.0039,-0.2961],[-31.0425,-30.3899,-30.3755,-29.6444,-31.3731],[-0.9299, 0.0047,-0.004 ,-0.2844],0.4061
1701,[-0.9327,-0.0305, 0.0823,-0.3045],[-6.7478,-6.9991,-5.7966,-6.4467,-6.963 ],[-0.9335,-0.0431, 0.0942,-0.295 ],0.3503
1702,[-0.9254, 0.0304,-0.0825,-0.3009],[ -9.8616, -9.0588,-10.4772, -9.4964,-10.4605],[-0.9262, 0.0414,-0.0925,-0.2923],0.3839
1710,[-0.9185, 0.0657,-0.0439,-0.2835],[-10.3619,-11.5701,-10.6433,-10.2053,-12.2937],[-0.9198, 0.0624,-0.0406,-0.2748],0.42
1712,[-0.9206, 0.0853,-0.0848,-0.2882],[-30.2612,-29.3727,-30.7683,-29.0975,-30.7617],[-0.9218, 0.0862,-0.084 ,-0.2761],0.3814
1714,[-0.9284, 0.1468,-0.1873,-0.3335],[-0.2375, 4.6453,-1.2185, 1.9488,-0.9789],[-0.9287, 0.157 ,-0.1972,-0.3205],0.2713
1720,[-0.917 ,-0.0656, 0.0418,-0.2896],[-10.1983, -9.8837,-10.3105,-10.0268,-11.3754],[-0.9184,-0.0619, 0.0365,-0.2812],0.4334
1721,[-0.9179,-0.0809, 0.0879,-0.2812],[-22.162 ,-22.8939,-22.2659,-21.3591,-22.8528],[-0.919 ,-0.0829, 0.0868,-0.2746],0.3944
1723,[-0.9383,-0.1414, 0.193 ,-0.2941],[-0.9604,-1.1144, 1.9637, 1.7766,-1.0229],[-0.9381,-0.1552, 0.2047,-0.2806],0.2304
1725,[-0.9415,-0.1604, 0.2789,-0.3732],[-0.2571,-0.6623,-0.266 ,-0.2624,-0.3645],[-0.9393,-0.1862, 0.2959,-0.3565],0.1739
1730,[-0.9296, 0.1672,-0.0384,-0.3   ],[-0.2615,-0.3384, 0.6389,-0.1785,-0.5691],[-0.9324, 0.1462,-0.032 ,-0.2851],0.3372
1732,[-0.926 , 0.1887,-0.1398,-0.2974],[-3.9637,-4.2806,-4.2693,-3.7826,-4.918 ],[-0.9283, 0.1812,-0.1239,-0.2853],0.2959
1734,[-0.9312, 0.2071,-0.2156,-0.3099],[ 0.0416, 7.2056, 0.2269, 8.3941,-0.7587],[-0.9321, 0.2112,-0.2151,-0.294 ],0.2247
1736,[-0.9234, 0.2556,-0.2859,-0.3227],[ 0.9492, 3.8358,-0.3499, 4.4624,-0.9681],[-0.9235, 0.263 ,-0.2868,-0.3058],0.1978
1743,[-0.9399,-0.2029, 0.2268,-0.3092],[-0.089 , 0.2863, 1.6988, 5.593 ,-0.2842],[-0.9404,-0.2104, 0.2293,-0.2922],0.1876
1745,[-0.941 ,-0.2385, 0.3251,-0.3184],[ 0.5603,-0.565 , 6.9086, 1.4312,-0.8048],[-0.9388,-0.2567, 0.3404,-0.3026],0.1246
1747,[-0.9547,-0.2622, 0.3948,-0.2669],[-0.4472,-0.6964,-0.133 ,-0.2201,-0.5092],[-0.9494,-0.2886, 0.4336,-0.2514],0.0393
1754,[-0.9544, 0.2796,-0.2718,-0.3159],[-0.0411, 2.2439,-0.816 , 1.5875,-1.3747],[-0.9557, 0.2838,-0.2699,-0.2986],0.0916
1756,[-0.9269, 0.3382,-0.3415,-0.2957],[ 0.0811,15.4412,-0.5585, 3.1622,-0.9045],[-0.9277, 0.3425,-0.3374,-0.2806],0.1204
1765,[-0.9336,-0.2942, 0.3765,-0.2938],[ 1.1652, 0.1428, 0.7196, 7.1297,-0.6628],[-0.931 ,-0.3076, 0.3877,-0.2781],0.1043
1767,[-0.9306,-0.3199, 0.4068,-0.2736],[ 0.6415,-1.3327, 1.6304,14.442 ,-1.0152],[-0.9276,-0.3318, 0.4149,-0.2569],0.0902
1800,[-0.9346, 0.0189,-0.0061,-0.4317],[-1.987 ,-1.3727,-2.0333,-1.0281,-3.9217],[-0.9365, 0.016 ,-0.0046,-0.4156],0.3775
1801,[-0.9392,-0.0161, 0.0956,-0.4462],[-1.2264,-1.6356,-0.0719,-0.0897,-2.1383],[-0.9403,-0.0385, 0.1171,-0.4299],0.3148
1802,[-0.9229, 0.0278,-0.0783,-0.4319],[-1.3897, 0.2537,-1.5026, 0.5755,-2.1143],[-0.9243, 0.0382,-0.087 ,-0.4208],0.3969
1803,[-0.9458,-0.0368, 0.1697,-0.4769],[-0.0229,-0.3156, 0.0533,-0.0739,-0.0843],[-0.9458,-0.0713, 0.1899,-0.4597],0.2475
1810,[-0.9373, 0.0753,-0.0358,-0.4362],[-2.7972,-3.1608,-2.2821,-1.6366,-4.5591],[-0.9394, 0.0677,-0.0288,-0.4213],0.3433
1812,[-0.9297, 0.1046,-0.1019,-0.436 ],[-7.8932,-7.8904,-8.1767,-7.4507,-9.986 ],[-0.9315, 0.106 ,-0.1014,-0.4204],0.3277
1814,[-0.9296, 0.1534,-0.184 ,-0.4414],[ 0.5851, 2.381 ,-0.5384,14.2676,-0.1494],[-0.9305, 0.163 ,-0.192 ,-0.427 ],0.2632
1820,[-0.9182,-0.0742, 0.0416,-0.4261],[-0.4688, 0.4813,-0.3667, 0.7424,-1.1588],[-0.9203,-0.0696, 0.0385,-0.4125],0.4182
1821,[-0.9252,-0.0917, 0.116 ,-0.4312],[-0.3405,-1.115 , 0.8075, 0.9705,-1.5693],[-0.9266,-0.0988, 0.1212,-0.4166],0.3433
1823,[-0.9453,-0.1171, 0.2054,-0.4172],[-0.0375,-0.6358, 2.5734, 2.8652,-1.1892],[-0.9448,-0.1421, 0.2254,-0.4014],0.2055
1832,[-0.9417, 0.1814,-0.143 ,-0.4616],[-0.7788,-0.6967,-1.7013, 0.1079,-2.461 ],[-0.9443, 0.1762,-0.1345,-0.4447],0.2324
1834,[-0.9339, 0.195 ,-0.2104,-0.4212],[ 3.977 , 0.3201,-0.7797,21.3256,-1.0479],[-0.935 , 0.2022,-0.2143,-0.4037],0.2184
1836,[-0.9271, 0.2608,-0.3162,-0.4847],[ 0.525 ,15.7391, 0.3725, 1.3801,-0.6097],[-0.9264, 0.2747,-0.3286,-0.4693],0.1616
1843,[-0.94  ,-0.2244, 0.2462,-0.4322],[ 1.0958,-0.3059, 1.8575, 4.251 ,-0.4917],[-0.9408,-0.2342, 0.251 ,-0.415 ],0.1677
1845,[-0.9446,-0.2043, 0.3071,-0.3949],[ 0.6838,-0.5826, 1.3886, 4.3025,-0.6646],[-0.9422,-0.2293, 0.3313,-0.3773],0.13
1856,[-0.9239, 0.31  ,-0.3548,-0.4204],[ 0.5025, 1.1607,-0.4718,18.5513,-1.1983],[-0.9231, 0.3204,-0.361 ,-0.4033],0.1347
1900,[-0.9243, 0.0216,-0.0131,-0.5689],[-53.7903,-54.638 ,-54.8539,-53.8291,-56.0039],[-0.9267, 0.0201,-0.0125,-0.5515],0.4183
1901,[-0.9209,-0.0283, 0.0807,-0.5928],[-0.9483,-0.9151, 2.6364, 0.1981,-1.4892],[-0.923 ,-0.0393, 0.0875,-0.5773],0.4024
1902,[-0.9174, 0.0381,-0.0777,-0.6373],[ -7.3775, -3.7855, -9.6025, -3.8738,-10.7343],[-0.9197, 0.0472,-0.0851,-0.6195],0.4133
1910,[-0.9276, 0.0719,-0.0393,-0.5658],[-14.5122,-14.388 ,-14.3313,-13.1468,-15.401 ],[-0.9302, 0.0661,-0.0328,-0.5484],0.3824
1912,[-0.9243, 0.1004,-0.0963,-0.5928],[-157.7675,-157.92  ,-158.056 ,-157.1891,-158.9774],[-0.9268, 0.1025,-0.0964,-0.5753],0.3516
1914,[-0.9274, 0.141 ,-0.184 ,-0.5628],[ 0.8974,45.1221, 0.1506, 0.1728,-0.9197],[-0.9285, 0.1536,-0.1936,-0.5457],0.2737
1920,[-0.9308,-0.0846, 0.0276,-0.5482],[-28.7567,-28.8555,-29.0788,-28.6911,-29.9676],[-0.9336,-0.0746, 0.0199,-0.5303],0.3709
1921,[-0.9233,-0.0933, 0.1073,-0.5743],[-21.4628,-21.6862,-21.2102,-20.6147,-22.715 ],[-0.9255,-0.099 , 0.1096,-0.5604],0.3521
1923,[-0.9327,-0.1512, 0.1907,-0.5511],[ 1.2802,-0.3626, 4.3647, 5.2804,-0.9861],[-0.9338,-0.1644, 0.2022,-0.5335],0.2456
1932,[-0.9296, 0.1835,-0.1441,-0.5781],[ -9.7546,-10.3636,-11.2734, -9.0964,-11.8281],[-0.9328, 0.18  ,-0.1336,-0.5603],0.2744
1934,[-0.9286, 0.185 ,-0.1894,-0.5784],[-11.1936,-11.1457,-12.5254,-10.1557,-13.4771],[-0.9307, 0.1909,-0.19  ,-0.5612],0.2511
1936,[-0.9283, 0.2312,-0.2877,-0.5178],[ 0.3907,37.8471, 0.2635, 1.2244,-0.3904],[-0.9278, 0.2463,-0.3024,-0.5008],0.1826
1943,[-0.9352,-0.1837, 0.218 ,-0.5086],[ 0.6165,-0.9195, 1.1056, 0.9494,-1.8625],[-0.9361,-0.196 , 0.2269,-0.4932],0.2116
2000,[-0.8714, 0.043 ,-0.0291, 0.527 ],[-0.9018,-0.3707,-0.2046,-0.7553, 0.0541],[-0.8691, 0.0403,-0.019 , 0.5331],0.2691
2100,[-0.9037,-0.0106, 0.0154, 0.3926],[-55.2588,-55.3519,-55.5405,-56.056 ,-54.5524],[-0.902 ,-0.0108, 0.0135, 0.3854],0.4101
2101,[-0.9036,-0.0418, 0.0754, 0.3936],[-25.2164,-25.8734,-24.7829,-25.7911,-24.3632],[-0.9016,-0.0447, 0.0745, 0.3892],0.3776
2102,[-0.8913, 0.0487,-0.0616, 0.4178],[-5.144 ,-4.4353,-5.801 ,-6.1139,-4.4631],[-0.8893, 0.0491,-0.0605, 0.428 ],0.3292
2121,[-0.8972,-0.0634, 0.0991, 0.3951],[-14.6862,-15.322 ,-14.7623,-16.0152,-14.566 ],[-0.8952,-0.0658, 0.0976, 0.3926],0.3303
2200,[-0.9042, 0.0115,-0.0053, 0.2842],[-218.94  ,-218.752 ,-218.5578,-219.5152,-218.3247],[-0.9029, 0.0104,-0.0036, 0.2792],0.4093
2201,[-0.9031,-0.0351, 0.0704, 0.2945],[-67.2157,-67.8282,-66.0599,-67.9631,-66.5488],[-0.9016,-0.0388, 0.0714, 0.2876],0.3818
2202,[-0.9025, 0.0419,-0.0651, 0.2756],[-36.0425,-36.1136,-37.1784,-37.5659,-36.2521],[-0.9011, 0.0442,-0.0666, 0.2716],0.3793
2210,[-0.9054, 0.0615,-0.0423, 0.2657],[-2.5577,-2.872 ,-2.3803,-3.1755,-2.2943],[-0.9044, 0.0586,-0.0423, 0.2678],0.3982
2212,[-0.9019, 0.0656,-0.0792, 0.2661],[-9.0118,-7.9576,-8.6906,-9.3477,-7.8887],[-0.9007, 0.0662,-0.0774, 0.259 ],0.3621
2220,[-0.9016,-0.0648, 0.0382, 0.2813],[-9.0898,-8.6242,-9.0412,-9.5262,-8.7192],[-0.9006,-0.0601, 0.0294, 0.2699],0.3863
2221,[-0.8962,-0.0654, 0.0858, 0.2986],[-54.2   ,-55.1324,-53.8254,-54.9758,-53.7685],[-0.8948,-0.0665, 0.0841, 0.288 ],0.3346
2223,[-0.8708,-0.1163, 0.1688, 0.2666],[-1.9752,-3.2784,-0.0939,-2.9101,-1.0503],[-0.8689,-0.1197, 0.1694, 0.2542],0.1774
2234,[-0.911 , 0.1774,-0.1674, 0.2571],[ 0.1037, 3.2143,-1.0448, 0.0133, 1.5342],[-0.9105, 0.1728,-0.1525, 0.2488],0.3164
2300,[-0.9039, 0.0224,-0.0153, 0.1845],[-57.9972,-58.2029,-57.4219,-59.3143,-56.9106],[-0.9032, 0.0212,-0.0138, 0.1755],0.4087
2301,[-0.9002,-0.0351, 0.0701, 0.1837],[-33.7826,-34.8167,-33.0322,-35.1346,-32.8482],[-0.8992,-0.0391, 0.0716, 0.1737],0.3709
2302,[-0.9034, 0.0448,-0.0658, 0.1796],[-28.0374,-27.2399,-29.816 ,-29.6283,-27.5288],[-0.9025, 0.047 ,-0.0665, 0.1734],0.384
2304,[-0.8952, 0.0424,-0.1779, 0.2269],[-2.538 ,-2.1614,-2.6367,-2.9729,-2.5577],[-0.8926, 0.0558,-0.177 , 0.2136],0.2879
2310,[-0.9054, 0.0653,-0.0432, 0.1556],[-0.5301,-1.0455,18.4422,-1.3642, 4.7201],[-0.9049, 0.0621,-0.0424, 0.1518],0.3987
2312,[-0.9024, 0.0745,-0.088 , 0.1661],[-1.7639, 1.3184,-3.3259,-3.1117, 1.111 ],[-0.9016, 0.0753,-0.0854, 0.1579],0.3584
2314,[-0.8999, 0.1249,-0.1786, 0.1567],[-0.5691, 5.5297,-1.6726,-1.0721, 2.2879],[-0.8985, 0.1294,-0.1767, 0.153 ],0.2779
2320,[-0.9053,-0.0649, 0.0414, 0.1692],[-8.6004,-6.9207,-9.4614,-9.4322,-7.1914],[-0.9047,-0.0611, 0.0371, 0.1645],0.4006
2321,[-0.8978,-0.0744, 0.0866, 0.1716],[-50.9254,-52.0902,-50.2059,-51.8874,-50.0156],[-0.897 ,-0.0749, 0.084 , 0.1638],0.3403
2323,[-0.8935,-0.1496, 0.1779, 0.1858],[-2.7065,-4.4788,-1.8719,-4.2893,-2.391 ],[-0.8923,-0.1507, 0.1736, 0.1793],0.2484
2332,[-0.9072, 0.1808,-0.1432, 0.1626],[ 4.9106, 0.5571, 1.2079,-0.0324, 2.5742],[-0.9073, 0.1745,-0.1351, 0.1656],0.3111
2334,[-0.9051, 0.1912,-0.1837, 0.1524],[ 1.045 ,14.0201,-0.728 , 2.548 , 1.6003],[-0.9049, 0.1882,-0.1732, 0.1604],0.277
2341,[-0.9068,-0.2009, 0.1371, 0.1699],[ 1.9285, 2.9317, 0.1283,-0.8941, 9.0667],[-0.9077,-0.1897, 0.1119, 0.1687],0.3168
2343,[-0.9071,-0.2018, 0.1885, 0.153 ],[ 1.4463,-0.1383,11.7713, 0.2296, 1.0567],[-0.9071,-0.1978, 0.1749, 0.1618],0.28
2354,[-0.9107, 0.2902,-0.2656, 0.1362],[1.7378,0.4515,0.7262,1.2034,3.3833],[-0.9114, 0.2851,-0.2521, 0.1475],0.2163
2361,[-0.9072,-0.3106, 0.1407, 0.1715],[-1.0524, 1.5114,-1.9938,-0.9676,-0.9514],[-0.9113,-0.2869, 0.098 , 0.1587],0.291
2363,[-0.8994,-0.3212, 0.2396, 0.1789],[17.531 , 1.9897, 1.8961, 3.9822, 3.4147],[-0.9019,-0.3107, 0.2147, 0.1814],0.1888
2365,[-0.8923,-0.3492, 0.2969, 0.1526],[ 1.8348,-0.0631,11.6165, 1.4003, 0.1459],[-0.8942,-0.3432, 0.2783, 0.1658],0.1204
2385,[-0.8818,-0.393 , 0.3099, 0.1365],[ 1.1363, 0.016 , 2.2134,12.9959, 1.8731],[-0.8841,-0.3881, 0.3219, 0.1514],0.0511
2400,[-0.9007, 0.0131,-0.0094, 0.0652],[  0.3798,  2.4687,  4.7468, -2.4525,220.9807],[-0.9005, 0.0126,-0.0092, 0.0508],0.3984
2401,[-0.8993,-0.0343, 0.0721, 0.0585],[-12.1502,-13.5039,-10.2349,-13.6927,-12.089 ],[-0.8988,-0.0389, 0.0741, 0.0473],0.3681
2402,[-0.8998, 0.0443,-0.0678, 0.0629],[-31.5935,-30.4258,-32.6909,-32.8523,-31.4338],[-0.8994, 0.0471,-0.0693, 0.0523],0.3693
2410,[-0.9027, 0.066 ,-0.0445, 0.0622],[-0.1497,-0.7974,65.3094,-1.1274, 3.2085],[-0.9026, 0.0632,-0.0442, 0.0552],0.3875
2412,[-0.9016, 0.0757,-0.0865, 0.0623],[ 0.1948,49.7661, 0.5263, 0.2258,17.5427],[-0.9012, 0.0765,-0.0835, 0.0555],0.3569
2414,[-0.9008, 0.1377,-0.1811, 0.0508],[ 0.928 , 4.3356,-2.3835,-1.4466, 5.2741],[-0.8998, 0.1421,-0.1812, 0.0472],0.2755
2420,[-0.9015,-0.063 , 0.0428, 0.0455],[-5.1132,-5.4425,-7.2096,-6.5327,-2.7162],[-0.9015,-0.0597, 0.0365, 0.0373],0.3874
2421,[-0.8999,-0.0738, 0.0874, 0.0486],[ 0.6098,-3.4856, 0.1376,-2.8042,-0.0398],[-0.8996,-0.0749, 0.0849, 0.0405],0.3505
2423,[-0.9016,-0.1401, 0.1827, 0.0436],[ 0.3017,-3.5198,-0.1676,-1.6432, 0.8226],[-0.9006,-0.1446, 0.1834, 0.0375],0.2768
2430,[-0.9054, 0.1786,-0.0504, 0.0631],[-1.401 ,-1.7233,-0.3852,-1.5912,-1.3136],[-0.9069, 0.1605,-0.032 , 0.0478],0.366
2432,[-0.8993, 0.1856,-0.1356, 0.0727],[ 1.9301, 0.575 , 0.9665, 1.1507,14.8717],[-0.9002, 0.1778,-0.1187, 0.0688],0.2896
2434,[-0.8999, 0.2098,-0.2184, 0.0534],[-0.1163,46.354 ,-0.6233, 1.3497, 1.0586],[-0.8997, 0.2093,-0.2102, 0.061 ],0.2304
2436,[-0.9016, 0.249 ,-0.2874, 0.037 ],[ 0.5803, 8.1473,-0.5489,-0.2144, 0.5367],[-0.9004, 0.2515,-0.2842, 0.0461],0.1791
2441,[-0.899 ,-0.1777, 0.1389, 0.0667],[1.0351,0.7562,0.4458,0.3608,9.032 ],[-0.8997,-0.1712, 0.1216, 0.0628],0.2896
2443,[-0.9036,-0.1924, 0.206 , 0.0481],[ 0.3503,-0.6738,17.9978, 2.0595, 3.6459],[-0.9033,-0.1928, 0.1998, 0.0526],0.2561
2454,[-0.9103, 0.2942,-0.2773, 0.1243],[2.1   ,1.384 ,0.4643,1.3292,1.8481],[-0.9107, 0.2902,-0.2656, 0.1362],0.2049
2456,[-0.9103, 0.3006,-0.3013, 0.0841],[ 0.1814, 9.6646,-0.2303, 0.2185, 0.8648],[-0.9102, 0.299 ,-0.2943, 0.098 ],0.1849
2463,[-0.907 ,-0.3403, 0.2293, 0.0615],[2.7277,3.3303,1.8703,8.0893,0.5206],[-0.9109,-0.3265, 0.1974, 0.0746],0.2214
2465,[-0.9045,-0.3423, 0.3206, 0.0555],[ 0.3127,-0.3653, 9.9629, 1.7553, 0.4646],[-0.9054,-0.3392, 0.3083, 0.069 ],0.143
2485,[-0.8954,-0.399 , 0.3579, 0.058 ],[ 1.0314,-0.1336, 1.9935, 7.8485,-0.1688],[-0.8974,-0.3951, 0.3402, 0.0714],0.0785
2487,[-0.8947,-0.4067, 0.4247, 0.0384],[ 0.3232,-0.7257,22.045 , 3.9055, 0.2642],[-0.8943,-0.4062, 0.4147, 0.0489],0.0323
2500,[-0.9018, 0.0028,-0.0057,-0.074 ],[1.4383e+00,3.4469e+00,2.8125e+00,3.9210e-01,6.8215e+02],[-0.9022, 0.0032,-0.0058,-0.0859],0.4067
2501,[-0.9013,-0.035 , 0.0689,-0.066 ],[ -0.4545, -1.7018,198.2659,  0.4392,  1.5257],[-0.9014,-0.0395, 0.0704,-0.0704],0.381
2502,[-0.9007, 0.0364,-0.0673,-0.0671],[-0.8103,12.9168,-1.8444,-1.6659, 1.8695],[-0.9009, 0.0405,-0.0683,-0.0722],0.3793
2510,[-0.9017, 0.0633,-0.0475,-0.0664],[  0.3856,  0.2424,192.0939,  0.6731,  0.891 ],[-0.9022, 0.0616,-0.0483,-0.0756],0.3844
2512,[-0.9006, 0.0693,-0.0773,-0.0661],[1.6406e+00,2.3899e+00,1.3146e-01,8.9931e-01,2.8054e+02],[-0.9008, 0.0704,-0.0767,-0.0799],0.3615
2514,[-0.8995, 0.1411,-0.1859,-0.0664],[ 1.0471, 8.2926,-1.457 ,-0.5246,-0.3396],[-0.8988, 0.1465,-0.1875,-0.0682],0.2674
2520,[-0.9012,-0.0629, 0.0444,-0.0693],[ 0.1922,39.4493, 0.8472, 0.9814, 2.7362],[-0.9017,-0.0607, 0.0439,-0.0718],0.3842
2521,[-0.9001,-0.0729, 0.0822,-0.0668],[  1.1857,  0.2735,257.1869,  1.2332,  0.4243],[-0.9003,-0.0739, 0.0798,-0.0733],0.3562
2523,[-0.8914,-0.1429, 0.1848,-0.0496],[ 0.1007,-3.0802, 1.5994,-0.6151,-0.03  ],[-0.8908,-0.1476, 0.1861,-0.0562],0.237
2532,[-0.8981, 0.1815,-0.1391,-0.0555],[ 3.2151, 0.3098,-0.2853, 1.1526, 1.6274],[-0.8994, 0.1753,-0.1232,-0.0589],0.2851
2534,[-0.8989, 0.1906,-0.2206,-0.0538],[ 2.0019,31.508 ,-0.1004, 3.0449, 0.3885],[-0.8984, 0.1937,-0.2184,-0.049 ],0.2294
2536,[-0.9021, 0.24  ,-0.2884,-0.0488],[-0.1432, 6.9502,-0.7884, 2.9609,-0.4672],[-0.9008, 0.2446,-0.2879,-0.037 ],0.1818
2541,[-0.9075,-0.187 , 0.1484,-0.0993],[5.9632,0.5599,0.5781,0.4263,1.0899],[-0.9089,-0.1811, 0.1318,-0.1051],0.3161
2543,[-0.9013,-0.1902, 0.2054,-0.0566],[ 0.8755, 0.038 ,19.3445, 0.0886, 0.8085],[-0.9013,-0.1915, 0.2005,-0.058 ],0.2495
2565,[-0.8961,-0.3549, 0.3599,-0.0127],[ 0.9138,-0.3403, 7.1932, 0.6475, 0.085 ],[-8.9636e-01,-3.5502e-01, 3.5043e-01, 1.3037e-04],0.0892
2567,[-0.8955,-0.3739, 0.4174,-0.0792],[ 1.8661,-1.1831, 1.6872, 1.5059,-1.3441],[-0.8941,-0.3762, 0.4121,-0.065 ],0.0439
2585,[-0.8923,-0.4013, 0.3774,-0.0137],[ 0.551 , 0.012 , 1.1055, 1.7022,-0.101 ],[-8.9375e-01,-3.9954e-01, 3.6297e-01,-2.0740e-04],0.0548
2587,[-0.8957,-0.4011, 0.4444,-0.056 ],[ 0.3388,-0.8252,11.2865, 1.3929,-0.2114],[-0.8942,-0.4027, 0.4391,-0.0429],0.0208
2600,[-9.0345e-01,-4.9551e-04,-4.5050e-03,-1.4268e-01],[  1.2604,  4.0249,  2.2695,366.23  ,  2.3537],[-9.0404e-01, 2.1045e-04,-5.0036e-03,-1.3756e-01],0.4157
2601,[-0.903 ,-0.0365, 0.0681,-0.1635],[ 1.8532e-01,-2.4637e-01, 1.9159e+02, 6.1948e-01,-2.5763e-02],[-0.9035,-0.0411, 0.07  ,-0.1728],0.3897
2602,[-0.9012, 0.0369,-0.0685,-0.1673],[  1.1133,142.6702, -0.9543, -0.445 , -0.1551],[-0.9018, 0.0415,-0.0704,-0.1765],0.3818
2610,[-0.903 , 0.0653,-0.0481,-0.1917],[1.0878e+00,6.8415e-02,4.0696e+02,9.2086e-01,1.0782e+00],[-0.904 , 0.0636,-0.0485,-0.1949],0.3914
2612,[-0.9027, 0.0728,-0.0773,-0.1885],[ 1.0779e+00, 1.0296e+03,-1.0450e-01, 4.5887e+00, 8.8184e-01],[-0.9035, 0.0737,-0.0755,-0.1949],0.3718
2614,[-0.8994, 0.1405,-0.1819,-0.1785],[ 0.3467,19.9234,-1.8126, 2.1437, 1.062 ],[-0.8993, 0.1464,-0.1838,-0.1827],0.2705
2620,[-0.9016,-0.0668, 0.0416,-0.168 ],[2.1437e-01,1.9134e+00,1.1185e-02,8.0399e+01,5.1181e-01],[-0.9025,-0.0632, 0.0351,-0.1593],0.3906
2621,[-0.902 ,-0.0786, 0.0836,-0.1769],[ 1.4943e+02,-9.9672e-02, 2.2953e+00, 3.7980e+00, 1.9082e+00],[-0.9028,-0.0794, 0.0804,-0.1828],0.3638
2622,[-0.8996,-0.0593,-0.0586,-0.1718],[-1.7725,-1.5752,-2.0314,-1.8605,-1.8937],[-0.9003,-0.0446,-0.0592,-0.1553],0.3786
2623,[-0.8991,-0.1425, 0.1794,-0.2147],[ 0.4106,-1.186 ,19.1238,-0.1549, 0.4984],[-0.8993,-0.1482, 0.1808,-0.2191],0.2717
2630,[-0.9024, 0.1796,-0.0399,-0.169 ],[-0.7871,-0.3742, 0.4964,-0.2822,-0.4098],[-0.9049, 0.1635,-0.0415,-0.1525],0.3509
2632,[-0.8946, 0.1823,-0.1386,-0.1956],[ 1.2118, 0.9542,-0.6116, 3.0217, 0.6114],[-0.8964, 0.1769,-0.1237,-0.1945],0.2732
2634,[-0.8942, 0.1948,-0.2145,-0.1968],[ 2.5972,33.2384,-0.6096, 1.1979, 3.6057],[-0.8946, 0.1978,-0.211 ,-0.2025],0.2177
2641,[-0.8945,-0.1736, 0.1493,-0.183 ],[ 1.2041,-1.667 ,-1.0874, 0.9137, 0.1574],[-0.8959,-0.1705, 0.137 ,-0.1822],0.2686
2643,[-0.9039,-0.194 , 0.2054,-0.1938],[ 1.5805, 0.3388,54.0395, 1.2025, 0.4631],[-0.9044,-0.1964, 0.2031,-0.1831],0.2571
2667,[-0.9047,-0.3655, 0.4346,-0.1652],[ 1.3175,-1.2322, 0.2818, 2.0864,-1.8454],[-0.9021,-0.3706, 0.4353,-0.1504],0.0584
2687,[-0.9017,-0.3902, 0.4491,-0.1314],[-0.096 ,-0.756 , 1.8949, 2.0422,-0.8268],[-0.8995,-0.3938, 0.4476,-0.1188],0.0346
2700,[-0.8991,-0.0156, 0.0029,-0.3155],[ 2.4264, 1.766 ,17.211 , 3.4403, 2.1876],[-0.9005,-0.0136,-0.0017,-0.3044],0.3997
2701,[-0.9017,-0.0503, 0.0795,-0.2941],[-1.687 ,-3.2464,-1.3069,-1.624 ,-2.0555],[-0.9027,-0.0551, 0.082 ,-0.2906],0.374
2702,[-0.8997, 0.0302,-0.0846,-0.3097],[-5.7018,-4.595 ,-6.7786,-5.9924,-6.0081],[-0.9006, 0.0384,-0.0903,-0.3019],0.3683
2710,[-0.9012, 0.0679,-0.0471,-0.2843],[ 1.0404, 5.2905,97.825 , 2.8807, 0.7526],[-0.9026, 0.066 ,-0.048 ,-0.2832],0.3846
2712,[-0.9028, 0.0742,-0.0762,-0.2743],[  1.4162,  4.3917,  0.8371,151.4732,  2.1036],[-0.9039, 0.0751,-0.0751,-0.2671],0.3733
2714,[-0.8965, 0.1513,-0.1763,-0.2631],[ 0.5357, 0.0504,-2.2069, 0.8217,-1.1316],[-0.897 , 0.1553,-0.1749,-0.2604],0.262
2720,[-0.8962,-0.0695, 0.0452,-0.3013],[ 1.0525,35.9401,-0.189 , 1.0934, 0.6079],[-0.8977,-0.0671, 0.0448,-0.293 ],0.3643
2721,[-0.8948,-0.0847, 0.0854,-0.2985],[ 0.94  , 0.7756,67.1728, 1.4044, 1.195 ],[-0.8961,-0.0854, 0.0825,-0.2934],0.3332
2723,[-0.9001,-0.1491, 0.1825,-0.2737],[ 1.8465,-0.7656, 7.109 , 0.6552,-0.6948],[-0.9004,-0.155 , 0.1854,-0.2733],0.2711
2732,[-0.8982, 0.184 ,-0.1395,-0.2807],[-0.2619, 0.5122,-0.3945, 3.2606, 0.99  ],[-0.9005, 0.1785,-0.1224,-0.2799],0.2883
2734,[-0.8993, 0.2028,-0.2015,-0.2882],[ 1.8984,21.1363,-0.1342, 1.3257, 0.4518],[-0.9006, 0.2042,-0.1952,-0.2922],0.2437
2741,[-0.8753,-0.1716, 0.1587,-0.264 ],[ 0.0047,-0.1386, 0.5664, 1.4582,-0.1656],[-0.8768,-0.1706, 0.1478,-0.247 ],0.1927
2743,[-0.9027,-0.177 , 0.1998,-0.2628],[ 0.9447, 0.4737, 5.1716,12.9994, 0.608 ],[-0.9031,-0.1818, 0.2026,-0.2548],0.26
2800,[-0.8937,-0.013 ,-0.003 ,-0.4301],[107.2663,  3.4324,  2.7261,  6.0979,  0.9047],[-0.8956,-0.0105,-0.0082,-0.4152],0.3767
2801,[-0.9024,-0.0192, 0.0786,-0.425 ],[ 0.1926,-0.8192, 3.7138, 3.2559,-0.3298],[-0.9038,-0.0285, 0.0839,-0.4121],0.3902
2802,[-0.8981, 0.008 ,-0.0776,-0.4176],[-0.4107,27.2126,-0.2881, 1.2482,-0.9279],[-0.8995, 0.0181,-0.0823,-0.404 ],0.3752
2810,[-0.8899, 0.0739,-0.0412,-0.4322],[ 1.9022, 1.0338,54.2878, 2.2644, 0.6294],[-0.892 , 0.0709,-0.041 ,-0.4192],0.3397
2812,[-0.8922, 0.0905,-0.0896,-0.4378],[  1.7743,110.6692,  0.5024,  5.0547,  1.4489],[-0.894 , 0.0915,-0.0876,-0.4232],0.3189
2814,[-0.8939, 0.1513,-0.1855,-0.4557],[ 1.3331, 1.2955,-0.7721, 1.7287,-0.2097],[-0.8948, 0.1582,-0.1881,-0.4394],0.2475
2820,[-0.884 ,-0.0665, 0.0386,-0.4438],[ 1.1671, 3.872 ,-0.036 , 5.0751, 1.1294],[-0.8861,-0.0635, 0.0337,-0.4289],0.3218
2821,[-0.8791,-0.0863, 0.0843,-0.4355],[3.382 ,0.4446,2.8324,5.3477,0.3205],[-0.8809,-0.0872, 0.0839,-0.4193],0.2698
2823,[-0.8694,-0.1438, 0.1672,-0.3824],[-0.3145,-1.018 , 1.6437,-0.441 ,-0.6384],[-0.8703,-0.148 , 0.171 ,-0.3649],0.1703
2832,[-0.8778, 0.1823,-0.1256,-0.4499],[1.3409,0.9674,0.914 ,4.0338,0.2161],[-0.8808, 0.178 ,-0.1181,-0.4321],0.2164
2834,[-0.8928, 0.2092,-0.2086,-0.4284],[0.3359,8.8982,0.1545,2.2335,0.7562],[-0.8944, 0.2117,-0.2055,-0.4121],0.214
2900,[-0.8901, 0.0054,-0.0192,-0.7253],[  1.5909,  1.7333,  1.5747,319.5464, -1.008 ],[-0.8932, 0.0079,-0.0231,-0.7061],0.3685
2901,[-0.9034,-0.0139, 0.069 ,-0.5877],[ 1.2199, 0.2162, 8.1171, 2.6769,-0.5536],[-0.9056,-0.0234, 0.0755,-0.5695],0.4049
2902,[-0.8867, 0.0373,-0.0709,-0.7963],[ 2.3134e-01, 2.5130e+02,-8.7899e-01, 1.0920e+00,-7.3357e-01],[-0.8899, 0.0431,-0.0729,-0.7792],0.3302
2910,[-0.8814, 0.0708,-0.0412,-0.6599],[ 0.5145,-0.0843, 7.0006, 8.2352,-0.7783],[-0.8844, 0.0684,-0.0392,-0.6435],0.3109
2912,[-0.8869, 0.0906,-0.0906,-0.6728],[  0.241 ,  3.3409, -1.225 ,210.533 , -1.363 ],[-0.8897, 0.0927,-0.0911,-0.6549],0.2994
2914,[-0.8868, 0.1491,-0.1738,-0.7354],[ 0.4109,53.3114,-0.9054, 0.7666,-0.5408],[-0.8891, 0.1561,-0.1767,-0.7174],0.232
2920,[-0.8809,-0.0677, 0.041 ,-0.5882],[-12.7023,-13.5022,-12.8328,  0.7584,-14.5059],[-0.8836,-0.065 , 0.0353,-0.5736],0.3096
2921,[-0.8764,-0.0811, 0.0755,-0.596 ],[-15.2597,-16.5057, -5.3143,-10.7965,-17.1458],[-0.879 ,-0.0819, 0.0746,-0.5801],0.2684
2932,[-0.894 , 0.1752,-0.146 ,-0.6444],[ 2.6043e+01, 1.9184e+00,-1.7529e-02, 2.4372e+00, 1.2669e-01],[-0.8973, 0.1742,-0.1362,-0.627 ],0.2724
2934,[-0.8866, 0.206 ,-0.2038,-0.6615],[-1.7781e-01, 3.9678e-01,-1.1354e+00, 7.4662e+01, 4.6468e-02],[-0.8891, 0.2099,-0.2025,-0.6433],0.1975
3000,[-0.8645, 0.0343,-0.0055, 0.5263],[-1.4349,-1.5559,-1.5187,-2.2635,-1.5217],[-0.8623, 0.032 ,-0.0119, 0.5143],0.2494
3221,[-0.864 ,-0.0906, 0.0982, 0.2861],[-5.0732,-5.9915,-4.4187,-6.0114,-3.8582],[-0.8628,-0.0899, 0.091 , 0.2804],0.1986
3300,[-0.8667, 0.0475,-0.0509, 0.126 ],[ -8.8576, -8.335 , -8.6538,-10.1435, -8.0246],[-0.8661, 0.048 ,-0.0554, 0.1134],0.2406
3301,[-0.8651,-0.0505, 0.0861, 0.1661],[-3.1761,-3.7448,-1.9831,-4.2175,-2.7731],[-0.8641,-0.0535, 0.0879, 0.1549],0.2186
3302,[-0.8654, 0.0314,-0.0707, 0.1381],[-3.7348,-2.4354,-4.5544,-4.7665,-2.4286],[-0.8646, 0.0349,-0.0727, 0.1251],0.2333
3321,[-0.8602,-0.1165, 0.1217, 0.1726],[-2.616 ,-3.4196,-1.1744,-3.4219,-1.1152],[-0.8596,-0.1156, 0.113 , 0.1625],0.1694
3323,[-0.8662,-0.1242, 0.1683, 0.2366],[-2.3866,-3.6013,-0.9719,-3.0103,-0.7474],[-0.8646,-0.1267, 0.1659, 0.2257],0.1616
3400,[-0.8657, 0.0188,-0.0148, 0.0546],[-3.8528,-3.6948,-3.2295,-5.6458,-3.3971],[-0.8655, 0.0183,-0.0135, 0.0397],0.265
3402,[-0.8634, 0.0492,-0.0701, 0.0661],[-3.4538,-1.8338,-4.6514,-4.4537,-2.8538],[-0.863 , 0.0511,-0.0711, 0.055 ],0.222
3412,[-0.8629, 0.0683,-0.0869, 0.0216],[-0.0535, 2.0249,-1.8719,-1.372 , 2.3573],[-0.8627, 0.0697,-0.0842, 0.0121],0.2086
3420,[-0.8583,-0.0939, 0.0394, 0.06  ],[-1.5011,-1.241 ,-2.5602,-2.7736,-1.1493],[-0.8586,-0.0886, 0.0335, 0.0459],0.2063
3421,[-0.8597,-0.08  , 0.1057, 0.0572],[ 1.2081,-1.4364, 2.0318,-1.0455, 2.3511],[-0.8591,-0.0823, 0.1079, 0.0421],0.1827
3500,[-0.8641, 0.0174,-0.022 ,-0.0591],[-7.8184,-6.5107,-7.7706,-9.0918,-7.2743],[-0.8644, 0.018 ,-0.023 ,-0.0691],0.2544
3502,[-0.8645, 0.0527,-0.0588,-0.0758],[-5.0938,-4.3595,-6.5181,-6.2372,-4.3576],[-0.8647, 0.0533,-0.0583,-0.0727],0.2323
3510,[-0.8631, 0.0581,-0.0437,-0.0729],[-5.0941,-5.7833,-4.9475,-6.0824,-5.0187],[-0.8636, 0.0565,-0.0393,-0.0871],0.2343
3512,[-0.8647, 0.0826,-0.0875,-0.0421],[-1.9515,-0.6543,-3.7091,-3.399 ,-1.408 ],[-0.865 , 0.0826,-0.081 ,-0.0572],0.213
3520,[-0.8598,-0.0644,-0.0108,-0.0173],[-5.905 ,-5.2854,-7.023 ,-6.8542,-5.4185],[-0.8602,-0.0573,-0.0147,-0.0321],0.2309
3521,[-0.8563,-0.1013, 0.138 ,-0.0549],[-3.1575,-4.2284,-2.5577,-4.4371,-2.0453],[-0.8561,-0.1047, 0.1395,-0.0701],0.1524
3600,[-0.8649, 0.0017,-0.0409,-0.1542],[-7.579 ,-7.8911,-7.422 ,-8.7834,-7.0287],[-0.8656, 0.006 ,-0.0456,-0.1687],0.2545
3602,[-0.8664, 0.0054,-0.0617,-0.1841],[-7.9008,-7.1755,-8.726 ,-8.5614,-7.6151],[-0.8669, 0.0116,-0.0674,-0.1679],0.2529
3621,[-0.8553,-0.1275, 0.1286,-0.1885],[-3.0963,-4.4743,-2.4191,-4.2681,-2.626 ],[-0.8562,-0.1276, 0.1218,-0.2009],0.1508
3700,[-0.8601,-0.0522, 0.0313,-0.3545],[ 1.4759, 0.909 , 1.5125,-1.2095, 0.1894],[-0.8618,-0.0502, 0.0265,-0.3708],0.2311
3702,[-0.8507, 0.0554,-0.0965,-0.3682],[-3.983 ,-3.1957,-4.3325,-3.5771,-3.5008],[-0.8518, 0.0598,-0.0982,-0.3568],0.1696
3710,[-0.8618, 0.0745,-0.0422,-0.3357],[-1.3235,-2.3462, 0.3149,-1.9868,-0.8859],[-0.8636, 0.0716,-0.0376,-0.3523],0.2291
3712,[-0.8576, 0.0795,-0.089 ,-0.3387],[-1.3182,-0.4446,-2.2137,-1.7488,-0.758 ],[-0.859 , 0.0806,-0.0835,-0.3344],0.1921
3714,[-0.8625, 0.1437,-0.1725,-0.371 ],[ 1.1787, 1.2511,-2.0098,-0.8649,-0.6882],[-0.8635, 0.1477,-0.1703,-0.3885],0.1483
3720,[-0.8512,-0.0647, 0.0473,-0.3271],[-1.8468,-1.0729,-2.1573,-1.9   ,-1.4558],[-0.8528,-0.0636, 0.0464,-0.3211],0.1911
3721,[-0.8612,-0.0844, 0.0816,-0.3382],[-1.109 ,-2.311 ,-0.2695,-1.5405, 0.2411],[-0.8627,-0.0849, 0.0804,-0.3344],0.2042
3800,[-0.8563,-0.045 ,-0.0029,-0.3919],[ 2.6944, 1.3252, 4.6036, 1.3143,29.2198],[-0.858 ,-0.0395,-0.0163,-0.3957],0.2235
3802,[-0.8498, 0.0336,-0.0841,-0.452 ],[-0.0897, 7.529 ,-1.6241, 0.408 , 1.0258],[-0.8513, 0.0393,-0.0883,-0.443 ],0.1795
3810,[-0.8621, 0.0808,-0.0355,-0.4515],[1.7449,0.2188,3.1622,0.2619,0.3336],[-0.8644, 0.077 ,-0.0334,-0.4525],0.2305
3812,[-0.8554, 0.0871,-0.1113,-0.4475],[ 0.765 , 4.0796,-0.2545, 3.7427, 1.0936],[-0.8569, 0.0903,-0.11  ,-0.4378],0.1719
3814,[-0.862 , 0.1362,-0.1713,-0.4154],[ 0.8455, 1.6439,-1.7345, 0.1879, 0.3804],[-0.863 , 0.1411,-0.1709,-0.4179],0.1491
3820,[-0.8537,-0.0671, 0.0492,-0.4536],[0.4977,2.1099,0.1281,1.0505,0.0314],[-0.8558,-0.066 , 0.0479,-0.4451],0.2006
3821,[-0.8578,-0.082 , 0.0862,-0.4556],[ 2.069 ,-0.9164, 3.5588, 1.0399, 0.6517],[-0.8596,-0.0835, 0.0871,-0.4434],0.1918
3834,[-0.8622, 0.1927,-0.1813,-0.488 ],[ 3.9197, 2.0582,-0.7777, 2.9632,-0.2444],[-0.8646, 0.1935,-0.172 ,-0.4949],0.1335
3900,[-0.8424,-0.0078,-0.002 ,-0.994 ],[  0.8034,  1.3952,  3.4784,436.4354,  1.9111],[-0.8467,-0.0063,-0.0084,-0.9771],0.1929
3901,[-0.832 ,-0.0455, 0.0656,-1.0549],[-0.1725,-1.667 , 1.7778,39.5137,-0.5795],[-0.8364,-0.0486, 0.0652,-1.0413],0.1354
3902,[-0.8388, 0.0295,-0.0831,-0.8203],[-2.5128,17.5921,-4.1321,16.704 ,-3.65  ],[-0.8418, 0.0357,-0.0863,-0.8028],0.15
3910,[-0.8469, 0.066 ,-0.0503,-0.7228],[ 0.6003, 0.0966,57.4912, 1.1839, 0.6797],[-0.8501, 0.0658,-0.052 ,-0.7127],0.1798
3912,[-0.8477, 0.0745,-0.0868,-0.7612],[ 1.2923e-01, 1.7569e+02,-6.8202e-01, 3.2043e+00, 3.9149e-01],[-0.8507, 0.0771,-0.0863,-0.7485],0.1651
3914,[-0.8535, 0.1367,-0.1861,-0.6929],[-0.271 ,-0.2372,-1.8214, 7.7486,-1.1656],[-0.855 , 0.1441,-0.1902,-0.6771],0.1157
3920,[-0.8449,-0.0697, 0.0489,-0.677 ],[ 1.0742,66.2562, 0.8241, 1.2149, 0.6808],[-0.8479,-0.0691, 0.0508,-0.6627],0.1714
3921,[-0.8441,-0.0756, 0.0737,-0.6842],[ 8.1477e-01,-4.9870e-01, 1.9557e+01, 8.6686e+01, 3.8824e-02],[-0.8471,-0.0766, 0.0724,-0.6682],0.1585
3934,[-0.8586, 0.1802,-0.2105,-0.6207],[ 0.8111, 8.2352,-0.8827, 0.365 , 0.2357],[-0.8601, 0.1859,-0.2098,-0.6039],0.1079
4900,[-7.9686e-01,-9.4129e-03, 2.6269e-04,-9.5089e-01],[1.2367e+00,1.4992e+00,4.8771e+02,3.5798e-01,2.0856e+00],[-0.8011,-0.0084,-0.0049,-0.961 ],0.0498
4901,[-0.7936,-0.0391, 0.0745,-0.8966],[-0.2924,-1.1371,73.5009, 0.5868,-0.3107],[-0.7971,-0.0428, 0.0763,-0.8826],0.0208
4902,[-0.8011, 0.032 ,-0.0707,-0.9543],[-2.5313, 2.2964,-3.1415, 0.4125,-2.7994],[-0.805 , 0.0361,-0.0728,-0.948 ],0.0446
4910,[-0.8102, 0.0603,-0.0509,-0.8181],[ 1.0622, 0.0433,18.6295, 0.5704, 1.0041],[-0.8138, 0.0607,-0.0524,-0.803 ],0.0678
4912,[-0.8098, 0.0606,-0.068 ,-0.8506],[ 2.522 ,23.5094,-0.8215, 0.1304, 5.0394],[-0.8134, 0.0622,-0.0662,-0.8341],0.0621
4920,[-0.8024,-0.0637, 0.0448,-0.7706],[ 0.2069, 6.7624,-0.3819, 0.6078, 0.4593],[-0.8059,-0.0633, 0.0457,-0.765 ],0.0473
4921,[-0.8089,-0.0661, 0.0817,-0.7975],[ 0.2113,-0.148 , 9.9271, 0.7918,-0.0537],[-0.8121,-0.0684, 0.0802,-0.788 ],0.0525
5800,[-0.7457,-0.014 , 0.0174,-0.46  ],[-0.1061,-0.0918, 0.0518,-1.4504, 0.2997],[-0.7479,-0.0145, 0.0193,-0.4722],-0.0799
5802,[-0.7344, 0.0449,-0.0766,-0.4906],[-0.3073,-0.3266,-1.026 ,-0.9732, 0.0788],[-0.7362, 0.0471,-0.0776,-0.4847],-0.1175
5810,[-0.7575, 0.0611,-0.0274,-0.432 ],[-0.0583,-0.8425, 0.2076,-0.2987, 0.5159],[-0.7597, 0.0591,-0.0202,-0.4427],-0.0593
5812,[-0.7441, 0.0617,-0.0753,-0.4371],[-0.3823, 1.7685,-0.9191,-0.731 , 0.4823],[-0.7459, 0.0627,-0.0712,-0.4322],-0.1004
5900,[-0.7517, 0.0015, 0.0095,-0.8179],[1.0828e+00,3.2996e-01,2.0434e+00,3.1195e-01,8.0628e+02],[-7.5538e-01, 7.5622e-04, 9.6896e-03,-8.3728e-01],-0.0626
5901,[-0.7603,-0.0247, 0.0637,-0.8763],[-10.3286,-11.6533, -9.1424,-10.9869,-10.184 ],[-0.764 ,-0.0279, 0.0649,-0.8828],-0.0525
5902,[-0.7577, 0.0319,-0.0633,-0.8234],[ 0.3566,45.9692,-0.5599, 0.0657, 0.8966],[-0.7612, 0.0345,-0.0635,-0.8388],-0.0597
5920,[-0.7613,-0.0639, 0.0407,-0.7639],[-1.7071,-1.1648,-2.1946,-2.4548,-1.7944],[-0.7649,-0.0629, 0.036 ,-0.7695],-0.052
5921,[-0.7525,-0.0677, 0.075 ,-0.7587],[ 1.0779,-0.5918, 5.428 ,-0.5848, 4.2603],[-0.7558,-0.0688, 0.0717,-0.7667],-0.0809
6600,[-0.6892,-0.0268, 0.0471,-0.2395],[-0.3792, 0.3178,-0.2789,-1.1915, 1.0137],[-0.6903,-0.0276, 0.0417,-0.2564],-0.187
6700,[-0.6951,-0.0011, 0.0042,-0.3524],[-0.1297,-0.5947, 0.6222,-1.5018, 3.2108],[-0.6967,-0.0013, 0.0055,-0.3634],-0.1723
6701,[-0.6941,-0.0152, 0.0686,-0.3491],[-0.7372,-2.1525, 0.5241,-2.1077,-0.0107],[-0.6954,-0.0178, 0.0671,-0.3573],-0.1815
6702,[-0.6924, 0.0204,-0.0628,-0.3488],[-0.7707, 0.2471,-1.4444,-2.0359, 0.6221],[-0.6937, 0.0222,-0.0565,-0.3578],-0.183
6800,[-0.6991, 0.0015, 0.0049,-0.4495],[-32.7222,-32.9892,-32.7679,-34.1142,-32.0164],[-0.7011, 0.0011, 0.0051,-0.4598],-0.1643
6801,[-0.698 ,-0.0168, 0.0766,-0.451 ],[-8.4496,-9.3015,-7.2763,-9.4767,-7.6628],[-0.6996,-0.0199, 0.0753,-0.4607],-0.1763
6802,[-0.6973, 0.0257,-0.0704,-0.4641],[-6.9859,-5.8625,-8.0661,-8.6923,-6.274 ],[-0.6991, 0.028 ,-0.069 ,-0.4753],-0.1772
6821,[-0.7132,-0.0612, 0.0901,-0.4599],[-1.077 ,-1.7799, 0.3229,-1.6192, 0.5297],[-0.7149,-0.0631, 0.09  ,-0.4714],-0.1613
6900,[-0.7148, 0.0089, 0.0067,-0.6299],[  0.4792,  1.3659,  5.2334, -0.5904,432.652 ],[-0.7177, 0.008 , 0.0084,-0.6482],-0.136
6901,[-0.7123,-0.0271, 0.0737,-0.6142],[-0.4538,-1.9797, 5.4219,-1.618 , 3.3806],[-0.7147,-0.0297, 0.072 ,-0.6283],-0.1519
6902,[-0.7057, 0.0363,-0.0733,-0.5827],[  1.1146,109.2768, -0.7891, -1.1551,  0.6498],[-0.708 , 0.0384,-0.07  ,-0.5967],-0.1641
6910,[-0.7107, 0.0654,-0.0191,-0.6906],[ 0.9939,-1.558 , 0.5857,-2.042 , 7.536 ],[-0.7141, 0.0628,-0.0072,-0.7071],-0.1502
6911,[-0.706 , 0.0586, 0.0802,-0.6802],[-2.5556,-2.511 ,-1.6043,-2.0365,-2.3896],[-0.709 , 0.0523, 0.0672,-0.6977],-0.1652
6912,[-0.7   , 0.0665,-0.0742,-0.6258],[ 0.0446,24.4562,-2.4558,-1.8599, 0.1648],[-0.7028, 0.0671,-0.066 ,-0.639 ],-0.1776
6921,[-0.7243,-0.0647, 0.0906,-0.6594],[-1.801 ,-3.1927,-1.3359,-2.9542,-0.6476],[-0.7269,-0.0668, 0.0897,-0.6702],-0.1408
7422,[-0.6698,-0.1468,-0.118 , 0.0129],[-4.5134,-3.8912,-6.9315,-5.6609,-3.2726],[-0.6702,-0.1362,-0.1237, 0.0048],-0.2448
7442,[-0.6661,-0.1835,-0.0908, 0.0166],[-3.12  ,-2.6346,-4.7326,-3.633 ,-1.5297],[-0.6676,-0.1726,-0.1004, 0.0125],-0.2501
7500,[-0.6715,-0.005 ,-0.0236,-0.1077],[-1.3152,-1.5824,-0.6734,-1.7003, 0.4412],[-0.672 ,-0.0042,-0.0152,-0.1169],-0.2073
7502,[-0.6679,-0.0374,-0.1262,-0.1167],[-3.0673,-2.186 ,-4.9979,-4.5062,-2.1349],[-0.6676,-0.031 ,-0.1213,-0.1279],-0.2327
7522,[-0.6711,-0.1286,-0.1263,-0.0755],[-3.8535,-2.5344,-8.4567,-6.6184,-1.9744],[-0.6714,-0.1183,-0.131 ,-0.09  ],-0.2417
7524,[-0.6681,-0.0779,-0.1698,-0.1194],[-5.6306,-5.1884,-6.6731,-6.1622,-5.3045],[-0.6671,-0.0678,-0.1733,-0.1348],-0.2462
7542,[-0.6638,-0.1968,-0.0796,-0.0114],[-19.5181,-16.9541,-21.7438,-21.1569,-18.1318],[-0.6654,-0.1877,-0.0876,-0.0187],-0.253
7600,[-6.7597e-01,-3.2157e-05,-1.7477e-02,-2.1066e-01],[-2.1409,-3.0082,-2.7543,-3.7047,-0.722 ],[-6.7691e-01, 3.5659e-04,-8.9687e-03,-2.2410e-01],-0.2008
7602,[-0.6706,-0.036 ,-0.126 ,-0.2133],[-21.6223,-20.3599,-23.9349,-23.0017,-20.6851],[-0.6706,-0.0295,-0.1204,-0.2268],-0.2282
7604,[-0.6656,-0.0368,-0.1764,-0.2215],[-15.6262,-14.0975,-17.1847,-16.0253,-14.5449],[-0.6646,-0.0282,-0.1755,-0.2334],-0.244
7622,[-0.6723,-0.0812,-0.1439,-0.1679],[ -8.9462, -6.5091,-12.2525,-10.8079, -7.4878],[-0.6721,-0.0719,-0.1445,-0.1828],-0.236
7624,[-0.6694,-0.0703,-0.1733,-0.1879],[-6.6336,-6.0627,-9.0414,-7.6787,-6.8954],[-0.6685,-0.0603,-0.1762,-0.2027],-0.2436
7700,[-0.6788, 0.0013,-0.0184,-0.3304],[-16.9758,-17.5807,-17.9557,-18.7043,-15.9188],[-0.6803, 0.0017,-0.0091,-0.3431],-0.1962
7701,[-0.6838,-0.0107, 0.0732,-0.328 ],[-3.6605,-4.7974,-2.5232,-4.2042,-2.9307],[-0.6849,-0.0136, 0.0733,-0.3378],-0.1981
7702,[-0.6724,-0.0093,-0.1097,-0.3061],[-23.1011,-20.9841,-25.2523,-24.7784,-22.0902],[-0.673 ,-0.0045,-0.1014,-0.3204],-0.2194
7704,[-0.6648,-0.0075,-0.1779,-0.2989],[-14.7223,-13.4756,-16.6167,-15.5645,-14.3787],[-6.6403e-01, 6.9811e-05,-1.7594e-01,-3.1238e-01],-0.2427
7710,[-0.6663, 0.0623,-0.0372,-0.3057],[-1.2131,-1.4005,-1.1043,-2.1359,-0.4274],[-0.6679, 0.0615,-0.0378,-0.3173],-0.2245
7712,[-0.6642, 0.0629,-0.112 ,-0.3387],[-1.2337, 0.0663,-2.8068,-2.1746, 0.1934],[-0.6651, 0.0647,-0.0999,-0.3364],-0.2375
7714,[-0.6769, 0.0581,-0.167 ,-0.3688],[-1.6932, 0.2729,-2.8351,-1.808 ,-0.5254],[-0.6768, 0.0629,-0.1643,-0.3543],-0.2314
7800,[-0.6829, 0.0087,-0.0103,-0.4211],[-63.1595,-63.4286,-63.4501,-64.5624,-62.71  ],[-0.6848, 0.0085,-0.0038,-0.4335],-0.1905
7801,[-0.6861,-0.0075, 0.0759,-0.4249],[-7.6994,-8.7355,-6.5416,-8.5045,-7.1861],[-0.6876,-0.0107, 0.0736,-0.4365],-0.1939
7802,[-0.6771, 0.0243,-0.0916,-0.4262],[-29.95  ,-29.3979,-31.3715,-31.2184,-29.5842],[-0.6785, 0.0272,-0.0856,-0.4403],-0.2113
7804,[-0.6627, 0.0393,-0.1756,-0.4062],[-1.9114,-0.891 ,-3.6877,-2.6637,-2.099 ],[-0.6626, 0.0451,-0.1704,-0.414 ],-0.2479
7810,[-0.6795, 0.0588,-0.0405,-0.4233],[-2.1301,-2.826 ,-1.9385,-3.075 ,-1.1243],[-0.6815, 0.0585,-0.0445,-0.4403],-0.2057
7812,[-0.6719, 0.0663,-0.1262,-0.468 ],[-2.3359,-1.5527,-3.9362,-3.847 ,-1.5976],[-0.6732, 0.0691,-0.1203,-0.4815],-0.2303
7814,[-0.6788, 0.0607,-0.1727,-0.4963],[-1.9052,-0.9018,-3.8145,-2.6865,-1.7215],[-0.6791, 0.066 ,-0.1715,-0.5079],-0.2298
7900,[-0.6843, 0.0328,-0.0159,-0.5245],[-13.3997,-13.7415,-13.582 ,-14.0133,-13.4763],[-0.6867, 0.0319,-0.0106,-0.5347],-0.1916
7901,[-0.6867, 0.0112, 0.0777,-0.5265],[-4.8732,-5.258 ,-4.0851,-4.806 ,-4.2867],[-0.6886, 0.0067, 0.0825,-0.5361],-0.1934
7902,[-0.6842, 0.0419,-0.0807,-0.5258],[-6.0006,-5.0291,-6.6861,-6.7847,-5.5095],[-0.6862, 0.044 ,-0.0786,-0.5393],-0.2017
7910,[-0.6821, 0.0652,-0.0319,-0.5878],[-3.2046,-4.146 ,-1.9401,-3.9588,-2.7452],[-0.685 , 0.0638,-0.0259,-0.6049],-0.1985
7912,[-0.6792, 0.0706,-0.0996,-0.56  ],[-1.7114,-0.792 ,-4.0851,-4.0157,-1.5972],[-0.6814, 0.0721,-0.0915,-0.5745],-0.2151
7914,[-0.6793, 0.0686,-0.1705,-0.5134],[-0.4326, 1.7198,-2.5843,-1.1835, 0.4874],[-0.6799, 0.0735,-0.168 ,-0.5242],-0.2294
