200,[-0.96  ,-0.0201,-0.0294, 0.2777],[0.4075,1.8185,0.1711,1.7323,0.8272],[-0.9587,-0.0048,-0.0431, 0.2819],0.2827
202,[-0.9565, 0.0211,-0.0632, 0.3057],[ 0.5143, 0.3206,-0.2119, 0.313 , 0.3311],[-0.9548, 0.032 ,-0.0745, 0.3191],0.2781
212,[-0.9598, 0.0902,-0.1117, 0.2908],[0.5597,1.8842,0.567 ,1.5933,0.3003],[-0.9582, 0.0936,-0.116 , 0.3036],0.2233
220,[-0.964 ,-0.0786, 0.0102, 0.254 ],[ 0.1838, 1.0725,-0.3257, 0.7391,-0.055 ],[-0.9631,-0.0555,-0.005 , 0.2659],0.2645
221,[-0.9569,-0.0832, 0.0812, 0.271 ],[1.6532,0.5628,1.4905,1.3644,0.1478],[-0.9557,-0.0791, 0.0724, 0.2823],0.2561
300,[-9.6177e-01,-7.7740e-04, 2.3967e-04, 1.7158e-01],[2.1063e-04,8.9356e-01,9.5437e-01,2.2057e+00,9.7567e-02],[-9.6096e-01,-3.0130e-04,-1.3721e-03, 1.7978e-01],0.2763
301,[-0.9609,-0.0319, 0.0702, 0.1775],[ 0.0771,-0.5907, 0.4883, 0.7264,-0.5776],[-0.9598,-0.0438, 0.0833, 0.1854],0.2511
302,[-0.9612, 0.0358,-0.0778, 0.1659],[ 0.0262, 0.0726,-0.6504, 0.5873,-0.3758],[-0.9601, 0.0492,-0.0922, 0.1726],0.2438
310,[-0.9586, 0.0676,-0.0348, 0.1671],[-0.1308,-0.2691, 0.4183, 0.0892,-0.6496],[-0.958 , 0.0542,-0.0154, 0.1771],0.2743
312,[-0.96  , 0.0874,-0.1057, 0.1689],[0.9116,1.3541,1.0713,2.3058,0.1621],[-0.959 , 0.0913,-0.1098, 0.1812],0.2241
314,[-0.958 , 0.1434,-0.1878, 0.1729],[ 0.1113, 1.1701,-0.6888, 0.3214, 0.5468],[-0.9564, 0.1519,-0.1941, 0.1827],0.1743
320,[-0.9587,-0.0825, 0.0265, 0.1664],[ 0.1843, 1.5491,-0.739 ,-0.1981,-0.3039],[-0.9583,-0.0639, 0.0083, 0.1739],0.2759
321,[-0.9605,-0.1091, 0.1144, 0.1684],[0.9279,0.2183,2.0493,1.7692,0.5212],[-0.9597,-0.1079, 0.1112, 0.1761],0.2142
323,[-0.9605,-0.1417, 0.1815, 0.1676],[ 0.1338,-0.6304, 0.6129, 0.4393, 0.1738],[-0.959 ,-0.1497, 0.188 , 0.1769],0.169
334,[-0.9577, 0.2097,-0.262 , 0.1427],[1.3795,0.8584,0.189 ,1.9899,0.4145],[-0.9559, 0.2171,-0.2629, 0.1471],0.1211
341,[-0.9591,-0.1821, 0.1287, 0.1632],[ 0.2294, 0.577 ,-0.3698, 0.3679, 0.032 ],[-0.9594,-0.1625, 0.1069, 0.1754],0.1951
343,[-0.9592,-0.198 , 0.2117, 0.1642],[0.0369,0.5088,0.5037,2.1271,0.32  ],[-0.9583,-0.1973, 0.2097, 0.1761],0.1434
345,[-0.9556,-0.2415, 0.2781, 0.1597],[-0.1194,-0.1617, 0.7667, 0.426 , 0.0207],[-0.954 ,-0.2447, 0.2802, 0.1745],0.1087
363,[-0.9599,-0.2889, 0.221 , 0.1261],[-0.3108, 0.627 ,-0.4879, 0.0352,-0.1294],[-0.9611,-0.2716, 0.2151, 0.1405],0.1024
400,[-0.9642, 0.0026,-0.0051, 0.0567],[ 0.8088, 1.6977, 2.0788, 2.849 ,-0.3702],[-0.9638, 0.0038,-0.0078, 0.0687],0.2645
401,[-0.9631,-0.031 , 0.0798, 0.0538],[-0.4506,-0.9034, 0.9144, 0.2853,-0.7383],[-0.9624,-0.0474, 0.0945, 0.0661],0.2353
402,[-0.9615, 0.0287,-0.0825, 0.0658],[ 0.4696, 1.4514,-0.8703,-0.3548,-0.6696],[-0.9607, 0.0464,-0.1003, 0.0768],0.2393
410,[-0.9641, 0.0789,-0.0283, 0.0604],[-0.6483,-0.8698, 0.6327, 0.4853,-0.1244],[-0.964 , 0.0587,-0.0047, 0.0685],0.2515
411,[-0.9564, 0.0653, 0.0634, 0.0018],[-0.0023,-0.123 ,-0.1444, 0.4164,-0.1832],[-0.9562, 0.0291, 0.0857, 0.0167],0.2692
412,[-0.9623, 0.1039,-0.1102, 0.063 ],[ 1.7145, 1.4835, 1.3861, 3.0553,-0.3462],[-0.9619, 0.1045,-0.1096, 0.075 ],0.2083
414,[-0.9599, 0.1387,-0.1883, 0.0469],[-0.2329, 2.0836,-0.3254, 0.1479,-0.1908],[-0.9587, 0.1517,-0.1991, 0.0548],0.1647
420,[-0.9623,-0.0779, 0.0252, 0.0426],[-0.6726, 0.6723,-0.2337, 1.0131,-1.077 ],[-0.9623,-0.0578, 0.0015, 0.0512],0.2592
421,[-0.963 ,-0.1   , 0.1125, 0.061 ],[ 0.4038, 1.811 , 2.876 , 2.4244,-0.5426],[-0.9625,-0.1028, 0.1137, 0.0697],0.2053
422,[-0.9556,-0.0791,-0.058 , 0.0759],[-0.4542, 0.0452,-0.6711,-0.4717,-0.5234],[-0.9552,-0.0423,-0.0784, 0.0904],0.2706
423,[-0.962 ,-0.1364, 0.188 , 0.0579],[ 0.0764,-0.4454, 0.4116, 0.521 ,-0.5052],[-0.9606,-0.1505, 0.2012, 0.0691],0.1579
432,[-0.9627, 0.1807,-0.1424, 0.0479],[-0.1104,-0.3092, 0.2669,-0.031 ,-0.3928],[-0.9633, 0.1649,-0.122 , 0.0573],0.1751
434,[-0.9589, 0.1999,-0.2058, 0.0464],[ 1.272 , 1.9755,-0.0825, 0.5689,-0.5591],[-0.9586, 0.1995,-0.2031, 0.0562],0.1442
441,[-0.959 ,-0.1813, 0.1476, 0.0606],[-0.3976, 0.4262,-0.5049,-0.5998,-0.3979],[-0.9595,-0.1703, 0.1367, 0.0698],0.1797
443,[-0.9608,-0.1945, 0.217 , 0.0545],[ 0.4416, 0.0662, 1.071 , 2.7745,-0.4238],[-0.96  ,-0.1986, 0.2198, 0.0666],0.1331
445,[-0.9574,-0.254 , 0.3258, 0.015 ],[ 0.2599,-0.3713, 1.1358,-0.3825,-0.489 ],[-0.9549,-0.2659, 0.3346, 0.0297],0.0747
463,[-0.9573,-0.3143, 0.2505, 0.1035],[-0.6544, 0.2583,-0.4619,-0.1591,-0.9908],[-0.959 ,-0.298 , 0.2354, 0.1186],0.0901
500,[-0.9639, 0.0079,-0.0036,-0.061 ],[ 1.1621, 2.2933, 2.3629, 4.4889,-0.8202],[-0.9641, 0.006 ,-0.0019,-0.0473],0.2623
501,[-0.9629,-0.0279, 0.0819,-0.0644],[-0.8822,-0.5575, 1.5192, 0.2545,-0.734 ],[-0.9627,-0.0474, 0.0989,-0.0518],0.2325
502,[-0.9629, 0.0334,-0.0761,-0.06  ],[ 0.707 , 0.3215, 0.3593,-0.3206,-0.7396],[-0.9627, 0.0495,-0.0933,-0.0475],0.2337
503,[-0.957 ,-0.0503, 0.1739,-0.0892],[-0.0564,-0.2884, 0.0842, 0.1038,-0.0215],[-0.9555,-0.0838, 0.1939,-0.0739],0.2052
510,[-0.9634, 0.0835,-0.0254,-0.0684],[-0.6119,-0.5943, 0.7809,-0.0652,-0.5121],[-0.9639, 0.0621,-0.0042,-0.0582],0.2493
511,[-0.9582, 0.0642, 0.0656,-0.1065],[ 0.2759,-0.2066, 0.0746,-0.0195,-0.1421],[-0.9581, 0.0155, 0.1292,-0.1217],0.2499
512,[-0.9642, 0.1026,-0.1056,-0.0597],[ 0.8372, 2.0342, 0.285 , 2.4029,-0.7497],[-0.9644, 0.1033,-0.1047,-0.0468],0.202
514,[-0.9603, 0.139 ,-0.187 ,-0.0626],[-0.0207, 0.953 ,-0.1301, 0.3096,-0.2468],[-0.9595, 0.1534,-0.1991,-0.0511],0.1613
520,[-0.9608,-0.0771, 0.0243,-0.0596],[-0.3044, 1.996 ,-0.7424, 1.1046,-1.0273],[-0.9613,-0.0584, 0.0049,-0.051 ],0.2638
521,[-0.9635,-0.0959, 0.1076,-0.0554],[ 1.018 , 0.1641, 0.859 , 5.2267,-0.2713],[-0.9635,-0.0997, 0.1085,-0.0425],0.205
523,[-0.9606,-0.1386, 0.1926,-0.0642],[ 0.2043,-0.8317, 1.4537, 0.1653,-0.6854],[-0.9596,-0.1553, 0.2083,-0.0509],0.1566
532,[-0.9619, 0.2115,-0.1158,-0.0585],[-0.5618,-1.077 ,-0.0918,-0.1641,-1.0777],[-0.9639, 0.1808,-0.0863,-0.0519],0.1805
534,[-0.9604, 0.2008,-0.2068,-0.0512],[ 0.1539, 0.3477,-0.2192, 1.5692,-1.0069],[-0.9604, 0.203 ,-0.2081,-0.0368],0.135
536,[-0.9591, 0.2386,-0.3119,-0.0702],[ 0.0595, 0.7529,-0.1649, 0.3798, 0.1893],[-0.9564, 0.2568,-0.3396,-0.0542],0.0722
541,[-0.9597,-0.1775, 0.133 ,-0.0488],[-0.1137, 0.6695,-0.9746, 0.2379,-0.2032],[-0.9607,-0.1629, 0.1136,-0.0363],0.1879
543,[-0.9598,-0.1942, 0.2206,-0.0567],[ 0.5173,-0.695 , 0.2936, 3.1466,-0.6522],[-0.9593,-0.2014, 0.2252,-0.0425],0.1322
545,[-0.9608,-0.2374, 0.3315,-0.0585],[ 0.1273,-0.4354, 1.4998, 0.6698,-0.6296],[-0.9575,-0.2583, 0.3533,-0.0431],0.0628
554,[-0.9581, 0.2979,-0.1963,-0.0633],[-0.4743,-0.831 ,-0.7014,-0.3   ,-1.1265],[-0.9613, 0.2715,-0.1653,-0.0483],0.1217
600,[-9.6183e-01, 1.1027e-02, 4.6382e-04,-1.8463e-01],[ 0.6742, 0.4   , 0.9637, 4.7576,-1.1068],[-0.9626, 0.0076, 0.0016,-0.1693],0.2692
601,[-0.9621,-0.0231, 0.0918,-0.1774],[-0.1812,-0.6148, 1.9745, 0.7884,-0.7395],[-0.9621,-0.0495, 0.1174,-0.164 ],0.2264
602,[-0.9628, 0.0335,-0.087 ,-0.1716],[ 0.0383, 1.413 ,-0.6857, 0.4864,-0.5473],[-0.9628, 0.0575,-0.1177,-0.1587],0.2207
603,[-0.9567,-0.0454, 0.1841,-0.141 ],[-0.3477,-0.3419, 0.087 , 0.0783,-0.1319],[-0.9547,-0.0871, 0.2243,-0.1397],0.1941
610,[-0.9611, 0.0794,-0.0261,-0.1846],[ 0.0686,-0.1768, 0.8142, 0.3479,-0.9975],[-0.9621, 0.0594,-0.0034,-0.1691],0.2561
611,[-0.9606, 0.0633, 0.0855,-0.1707],[-0.2919,-0.3759, 0.3441, 0.0407,-0.1669],[-0.9608, 0.0156, 0.1161,-0.155 ],0.2451
612,[-0.9619, 0.1006,-0.0973,-0.1901],[-0.2593, 1.2792, 0.1591, 3.9013,-1.6147],[-0.9627, 0.1008,-0.0964,-0.1748],0.2123
614,[-0.9594, 0.1431,-0.1865,-0.1775],[-0.0857, 1.4429,-0.2097, 0.3778,-0.6579],[-0.9589, 0.1595,-0.204 ,-0.1621],0.1589
616,[-0.9593, 0.1453,-0.293 ,-0.1503],[-0.1647, 0.1021,-0.5505,-0.0777,-0.2254],[-0.9559, 0.1809,-0.3115,-0.134 ],0.116
620,[-0.9616,-0.0834, 0.032 ,-0.1387],[ 0.064 , 0.889 ,-0.0339,-0.5509,-0.1353],[-0.9625,-0.0623, 0.0052,-0.1307],0.2542
621,[-0.9596,-0.1074, 0.1167,-0.1762],[ 0.1591,-0.6896, 0.5659, 5.3108,-0.7878],[-0.9602,-0.1109, 0.1155,-0.1617],0.2094
623,[-0.9604,-0.1238, 0.1962,-0.1709],[ 0.3716,-0.2292, 1.2892, 0.5913,-0.7943],[-0.9594,-0.1479, 0.2166,-0.1555],0.157
625,[-0.9679,-0.1531, 0.2938,-0.158 ],[-0.0097,-0.3963, 0.0103,-0.2464,-0.1079],[-0.9645,-0.1958, 0.3219,-0.1423],0.0802
632,[-0.963 , 0.2005,-0.1166,-0.1735],[-1.0318,-0.9656,-0.217 ,-0.2241,-1.8736],[-0.9652, 0.1752,-0.0961,-0.1615],0.1744
634,[-0.9606, 0.1971,-0.1983,-0.1677],[-0.7407, 0.0145,-1.0379,-0.1162,-2.1639],[-0.9611, 0.2002,-0.2008,-0.1525],0.137
636,[-0.9565, 0.1965,-0.2987,-0.1346],[-0.149 , 0.5428,-0.072 , 0.9241,-0.523 ],[-0.9536, 0.2209,-0.3214,-0.1191],0.1026
641,[-0.9611,-0.183 , 0.1302,-0.1693],[-0.0819, 0.2139,-0.3575,-0.175 ,-0.2103],[-0.9627,-0.1694, 0.1202,-0.1535],0.1756
643,[-0.9574,-0.1889, 0.2157,-0.1609],[-0.4092,-0.1155, 2.4807, 0.3089,-1.0816],[-0.9572,-0.198 , 0.2212,-0.1517],0.1418
645,[-0.9608,-0.2282, 0.3193,-0.1629],[ 0.209 ,-0.5889, 1.7643, 0.2228,-0.3488],[-0.9582,-0.2519, 0.3391,-0.1472],0.0691
654,[-0.9581, 0.29  ,-0.2194,-0.2028],[-0.8205,-0.8427,-1.1204,-0.5664,-1.611 ],[-0.9613, 0.2729,-0.1894,-0.1861],0.1118
665,[-0.9561,-0.2899, 0.3292,-0.2299],[ 0.8259,-0.1116, 0.2892, 1.4866,-1.0988],[-0.9551,-0.3024, 0.3409,-0.2153],0.0566
700,[-0.959 , 0.0181,-0.007 ,-0.2869],[-0.3457,-0.6481, 0.1096, 0.8416,-2.2717],[-0.9602, 0.015 ,-0.0057,-0.2714],0.2762
701,[-0.9596,-0.024 , 0.0726,-0.2686],[ 1.4184, 0.1266,-0.3079, 0.996 ,-0.6706],[-0.9603,-0.044 , 0.0954,-0.2529],0.244
702,[-0.9583, 0.0502,-0.0694,-0.3076],[-0.5234, 1.0655,-0.4747, 0.1436,-0.0527],[-0.9593, 0.0607,-0.0846,-0.2915],0.2452
710,[-0.9594, 0.0724,-0.0368,-0.2856],[-0.1401,-0.8066, 0.4606, 1.3694,-1.3571],[-0.9608, 0.0592,-0.0206,-0.2733],0.2585
712,[-0.9589, 0.0934,-0.0903,-0.2857],[-1.4941,-1.1376,-1.5206,-0.5971,-2.6009],[-0.9601, 0.0946,-0.0912,-0.2706],0.2261
714,[-0.9581, 0.1446,-0.1841,-0.2707],[ 0.067 , 0.3367,-0.1856, 0.5002,-0.19  ],[-0.9581, 0.1617,-0.2048,-0.2709],0.1603
721,[-0.9569,-0.0904, 0.1216,-0.2672],[ 0.652 , 0.2262, 0.0974, 0.4386,-1.146 ],[-0.9575,-0.1025, 0.1321,-0.2527],0.2157
723,[-0.9602,-0.1435, 0.1971,-0.3617],[ 0.8451,-0.4669, 0.5063, 1.276 ,-0.4571],[-0.9599,-0.1682, 0.2272,-0.3442],0.1426
732,[-0.9602, 0.2044,-0.1349,-0.2791],[-1.1682,-1.2086,-0.7271, 0.0886,-1.932 ],[-0.9629, 0.1811,-0.099 ,-0.2734],0.1785
734,[-0.9597, 0.1953,-0.1951,-0.2726],[-1.3157,-1.1962,-1.5858,-0.1018,-2.8296],[-0.9607, 0.1985,-0.1937,-0.2604],0.1412
743,[-0.9594,-0.1996, 0.2508,-0.3191],[-0.0281,-0.3049, 0.5393, 1.8509,-1.2232],[-0.959 ,-0.2191, 0.2659,-0.3026],0.1096
745,[-0.958 ,-0.2539, 0.2948,-0.2699],[ 0.6845, 0.3703, 0.1046, 1.1971,-0.245 ],[-0.9573,-0.269 , 0.3087,-0.2533],0.0773
800,[-0.9556, 0.0402,-0.0522,-0.3819],[-2.7296,-3.0631,-2.6782,-2.645 ,-4.3418],[-0.957 , 0.0488,-0.0686,-0.3644],0.2651
801,[-0.9571,-0.0394, 0.0991,-0.4301],[ 0.2521, 0.0921, 0.009 , 1.0917,-0.7355],[-0.9582,-0.0627, 0.1217,-0.4135],0.2336
821,[-0.959 ,-0.0868, 0.1454,-0.3978],[-0.9508, 0.0753,-1.0451, 1.4933,-2.0355],[-0.9596,-0.1092, 0.1611,-0.3828],0.1937
823,[-0.9599,-0.12  , 0.169 ,-0.3755],[ 0.3754, 0.0304, 0.5152, 2.9716,-0.2365],[-0.9602,-0.1435, 0.1971,-0.3617],0.1638
1100,[-0.9306, 0.005 ,-0.0108, 0.3893],[21.446 , 4.077 , 1.2105, 1.7128, 1.397 ],[-0.9288, 0.0054,-0.0081, 0.3897],0.3967
1102,[-0.9257, 0.0437,-0.087 , 0.3848],[ 1.3985, 5.007 ,-0.2213, 0.2766, 1.6806],[-0.9237, 0.0491,-0.0896, 0.3823],0.3935
1120,[-0.9219,-0.0625, 0.0485, 0.3779],[ 6.7016e-01, 5.7395e+00,-1.2350e-01, 3.9881e-03, 1.2346e+00],[-0.9203,-0.0601, 0.0528, 0.3734],0.4215
1143,[-0.9213,-0.177 , 0.1929, 0.3884],[2.1458,0.4032,3.774 ,0.3865,3.3151],[-0.9196,-0.1745, 0.1831, 0.3871],0.3049
1200,[-0.9296, 0.0069,-0.0151, 0.29  ],[ 1.796 , 4.334 ,17.1843, 1.1418, 2.389 ],[-0.9283, 0.0087,-0.0188, 0.2879],0.405
1201,[-0.9251,-0.055 , 0.0582, 0.356 ],[ 0.1417,-0.6137, 5.6894,-0.3655, 1.6729],[-0.9235,-0.0543, 0.0569, 0.3592],0.4075
1202,[-0.9273, 0.0291,-0.086 , 0.3136],[ 0.0244, 9.125 ,-0.0308, 0.0871, 1.3494],[-0.9255, 0.0375,-0.0914, 0.3187],0.3867
1210,[-0.9262, 0.0746,-0.036 , 0.258 ],[ 1.2046,-0.298 , 4.271 ,-0.1207, 5.7276],[-0.9253, 0.0666,-0.0289, 0.2538],0.4012
1212,[-0.9316, 0.11  ,-0.1117, 0.2777],[ 1.1877, 2.651 , 0.9673, 0.7839,14.5201],[-0.9304, 0.1079,-0.1063, 0.2719],0.3264
1214,[-0.9386, 0.1533,-0.1861, 0.2682],[ 0.7373, 6.8207,-0.4363, 0.6095, 1.1109],[-0.9369, 0.1554,-0.1842, 0.2755],0.2453
1220,[-0.9343,-0.0856, 0.024 , 0.3016],[-0.1725, 8.1449,-0.1314,-0.1541, 2.6941],[-0.9333,-0.0731, 0.0151, 0.3017],0.3712
1221,[-0.9391,-0.1187, 0.1086, 0.2935],[ 2.1552, 0.8106,13.7659, 1.3172, 1.2334],[-0.9381,-0.1133, 0.0971, 0.2953],0.2995
1223,[-0.9436,-0.1553, 0.1911, 0.2747],[ 0.4768,-0.534 , 2.9157, 0.2944, 1.9968],[-0.9418,-0.158 , 0.1899, 0.2842],0.2245
1232,[-0.9253, 0.1905,-0.1287, 0.2715],[ 0.5302,-0.2737, 5.777 , 0.2918, 1.5999],[-0.9253, 0.1792,-0.1226, 0.2733],0.308
1234,[-0.9318, 0.2013,-0.2089, 0.2707],[1.0111,2.9856,0.6828,1.7096,4.3397],[-0.9307, 0.1988,-0.2034, 0.2685],0.241
1240,[-0.9188,-0.1835, 0.0395, 0.2771],[-1.2159, 0.3702,-1.5077,-0.8472,-0.792 ],[-0.9195,-0.1625, 0.0358, 0.2644],0.3832
1241,[-0.9269,-0.204 , 0.128 , 0.2771],[ 3.9223, 2.0107,-0.0458, 0.1242, 4.3251],[-0.9274,-0.1877, 0.1006, 0.2733],0.3059
1243,[-0.9358,-0.1981, 0.2018, 0.2904],[1.8723,0.3898,6.982 ,0.6883,1.5621],[-0.9348,-0.1945, 0.1928, 0.2961],0.2316
1263,[-0.9309,-0.2782, 0.2525, 0.257 ],[0.5933,1.2882,0.2786,1.3642,0.9333],[-0.9312,-0.2692, 0.2318, 0.2713],0.1932
1300,[-0.9179, 0.0266,-0.026 , 0.1449],[  0.7502,  1.1954,  0.5875,  0.6332,119.7873],[-0.9173, 0.0266,-0.0275, 0.1395],0.4385
1301,[-0.9167,-0.041 , 0.0693, 0.1416],[20.7362,-0.871 , 2.885 , 0.4695, 1.7315],[-0.9159,-0.0449, 0.071 , 0.1469],0.4169
1302,[-0.9186, 0.0457,-0.0676, 0.1438],[ 1.1267,52.4784,-0.2225, 0.7445, 1.0656],[-0.9178, 0.0485,-0.0679, 0.1482],0.4178
1310,[-0.9237, 0.0712,-0.036 , 0.1924],[ 0.3074,-0.2908,28.9195,-0.2479, 0.8605],[-0.923 , 0.0648,-0.0327, 0.1931],0.4099
1312,[-0.9267, 0.0869,-0.0982, 0.1795],[ 0.812 ,90.2944, 0.8079, 2.0196, 0.8695],[-0.9258, 0.0871,-0.0946, 0.1844],0.3577
1314,[-0.941 , 0.1423,-0.1852, 0.1957],[17.6885, 1.4302,-0.9106, 0.2182,-0.0905],[-0.9394, 0.1478,-0.1874, 0.2038],0.2389
1320,[-0.9308,-0.089 , 0.0119, 0.1985],[-0.2966, 4.2414,-1.4175,-1.046 , 1.0888],[-0.9304,-0.0736,-0.0011, 0.1968],0.384
1321,[-0.9265,-0.0962, 0.0969, 0.1704],[ 1.8755, 1.2163,21.3963, 0.8429, 2.4365],[-0.9259,-0.0941, 0.0905, 0.1737],0.3519
1322,[-0.9337,-0.0658,-0.0649, 0.192 ],[-1.8883,-1.1241,-2.68  ,-2.2471,-2.3144],[-0.9328,-0.0422,-0.0729, 0.1868],0.3657
1323,[-0.948 ,-0.1449, 0.1871, 0.1913],[ 0.5597,-0.4468, 5.1409, 0.1792,-0.0175],[-0.9464,-0.1509, 0.1904, 0.2005],0.2109
1332,[-0.9271, 0.188 ,-0.1382, 0.191 ],[1.447 ,1.0812,3.7808,0.3525,0.8273],[-0.9273, 0.1782,-0.129 , 0.196 ],0.2973
1334,[-0.9329, 0.2074,-0.2168, 0.1852],[ 1.2228,14.3156, 0.3535, 1.0189, 1.0299],[-0.9321, 0.2057,-0.2101, 0.1912],0.2296
1336,[-0.9357, 0.2491,-0.3152, 0.1563],[ 2.1659, 7.0627,-0.8818, 0.3405, 3.5246],[-0.9332, 0.255 ,-0.3197, 0.1561],0.1526
1340,[-0.923 ,-0.1772, 0.0446, 0.2334],[-2.2124,-1.8862,-3.1026,-2.0443,-2.0585],[-9.2386e-01,-1.5079e-01, 4.3643e-04, 2.1937e-01],0.3822
1341,[-0.9303,-0.1903, 0.1321, 0.1768],[ 0.8134, 5.2802,-0.4642, 1.2495, 2.6478],[-0.9308,-0.1781, 0.1187, 0.1773],0.2878
1343,[-0.9318,-0.2206, 0.2201, 0.1789],[1.0211,0.8013,8.9128,2.3578,0.6432],[-0.9314,-0.2169, 0.2089, 0.1857],0.2257
1345,[-0.9296,-0.2475, 0.2905, 0.1577],[ 0.0804,-0.832 , 4.1926, 0.9138, 1.5288],[-0.9279,-0.2501, 0.289 , 0.16  ],0.1811
1354,[-0.9218, 0.2969,-0.2272, 0.1661],[ 0.1641,-0.306 , 0.5897, 0.9317,-0.0541],[-0.9234, 0.2859,-0.2156, 0.1766],0.2202
1356,[-0.9185, 0.3096,-0.3319, 0.1579],[ 0.9217, 3.7249,-0.2064, 2.8211, 0.1255],[-0.9174, 0.3086,-0.328 , 0.168 ],0.1657
1363,[-0.9176,-0.2922, 0.2514, 0.184 ],[ 1.3589, 0.9143,-0.3184, 0.4497,-0.4372],[-0.9184,-0.285 , 0.2418, 0.1896],0.2219
1365,[-0.9267,-0.2921, 0.3132, 0.1713],[ 0.5608,-0.0163, 7.3464, 1.658 , 0.2323],[-0.9257,-0.2908, 0.3059, 0.1822],0.1644
1367,[-0.915 ,-0.3513, 0.4286, 0.1306],[-0.1182,-0.9987, 3.1995, 0.7695, 0.1259],[-0.9118,-0.3532, 0.428 , 0.1385],0.0982
1400,[-0.9177, 0.0246,-0.0201, 0.0632],[  1.6827,  4.5835,467.2679,  2.5318,  1.1804],[-0.9174, 0.0242,-0.0224, 0.0696],0.4443
1401,[-0.9177,-0.0293, 0.0758, 0.0575],[ 0.3411,-0.2816,55.0857, 1.749 , 0.2146],[-0.9171,-0.0361, 0.0781, 0.0691],0.426
1402,[-0.9172, 0.0436,-0.0672, 0.0638],[  1.271 ,186.1245, -0.3597,  0.4357,  0.3823],[-0.9167, 0.047 ,-0.0683, 0.0665],0.422
1410,[-0.9188, 0.0643,-0.0408, 0.0404],[ 2.0866, 0.3149,40.3721, 0.4205,15.9449],[-0.9187, 0.0602,-0.037 , 0.0432],0.4301
1411,[-0.9422, 0.0693, 0.068 , 0.0221],[-0.6665,-1.7683,-0.1594,-0.8654,-0.8216],[-0.9419, 0.0397, 0.0856, 0.0369],0.3218
1412,[-0.9202, 0.0759,-0.0849, 0.0476],[ 6.2356,59.6994, 0.2936, 5.1577, 5.6233],[-0.9199, 0.0767,-0.0824, 0.0513],0.3931
1414,[-0.9347, 0.1396,-0.1856, 0.06  ],[-0.3457,26.4528,-0.7161, 1.2136, 0.5962],[-0.9336, 0.1471,-0.1896, 0.0635],0.2598
1420,[-0.9232,-0.0688, 0.0366, 0.0259],[-4.0917,-2.6467,-3.9222,-3.813 ,-3.8164],[-0.9233,-0.0626, 0.0309, 0.0249],0.4125
1421,[-0.9189,-0.0757, 0.0995, 0.0484],[ 1.5282, 0.2906, 3.6795, 1.7374,31.1726],[-0.9185,-0.0788, 0.0997, 0.0398],0.3856
1422,[-0.943 ,-0.0614,-0.0622, 0.0357],[-2.3869,-1.8244,-2.9335,-2.3487,-2.5876],[-0.9426,-0.0339,-0.0766, 0.0505],0.3262
1423,[-0.938 ,-0.1339, 0.1959, 0.0488],[ 0.3987,-0.3658, 5.4854, 0.8892, 0.2887],[-0.9366,-0.1447, 0.2032, 0.0511],0.2429
1432,[-0.9331, 0.196 ,-0.1308, 0.0672],[-0.8926,-1.3018,-0.4228,-0.6294,-1.6756],[-0.9342, 0.1827,-0.1182, 0.0741],0.2739
1434,[-0.9345, 0.2041,-0.2179, 0.0668],[ 2.2284, 2.8269, 0.0574,12.6539, 0.9492],[-0.9339, 0.2046,-0.2137, 0.0798],0.2209
1436,[-0.9359, 0.2514,-0.306 , 0.0614],[ 0.1141,13.9322,-0.5595, 0.7162,-0.1526],[-0.9341, 0.2572,-0.3059, 0.0662],0.1551
1440,[-0.9259,-0.1736, 0.0518, 0.0707],[-2.9209,-1.6895,-3.3713,-2.4421,-2.6291],[-0.9273,-0.1513, 0.0313, 0.0671],0.3577
1441,[-0.93  ,-0.1939, 0.1354, 0.0706],[-0.7913,-1.5546,-1.2866,-0.9433,-1.111 ],[-0.9309,-0.181 , 0.1157, 0.0751],0.2894
1443,[-0.936 ,-0.2123, 0.227 , 0.0667],[ 1.421 ,-0.2575,10.67  , 5.6354, 1.9623],[-0.9355,-0.2125, 0.2209, 0.0762],0.2093
1445,[-0.939 ,-0.2471, 0.3024, 0.0616],[-0.0601,-0.8344, 8.5662, 0.3836, 2.1615],[-0.9371,-0.2534, 0.3054, 0.0705],0.1476
1452,[-0.9249, 0.2911,-0.144 , 0.0471],[-0.2639,-1.0079, 0.1007,-0.4781,-0.6976],[-0.9287, 0.2655,-0.101 , 0.0625],0.2647
1454,[-0.9259, 0.3109,-0.2262, 0.0592],[-0.215 ,-0.626 ,-0.3377, 0.3371,-0.6912],[-0.9285, 0.2981,-0.209 , 0.0695],0.1994
1456,[-0.9257, 0.3288,-0.3419, 0.0554],[ 0.7671, 1.5332,-0.1507, 4.8537,-0.294 ],[-0.9253, 0.3281,-0.3348, 0.0698],0.1353
1458,[-0.9227, 0.3381,-0.4027, 0.0421],[ 0.9335, 5.4463,-0.6766, 0.7636,-0.3327],[-0.9202, 0.3417,-0.4037, 0.0494],0.106
1461,[-0.9452,-0.2847, 0.1434, 0.0061],[-3.2911,-2.3887,-3.916 ,-2.8672,-3.0394],[-0.9489,-0.2505, 0.0922, 0.0197],0.2015
1463,[-0.9357,-0.2969, 0.2495, 0.0559],[-0.5757,-0.2381,-1.6854, 0.007 ,-1.1497],[-0.937 ,-0.2887, 0.2399, 0.0658],0.161
1465,[-0.9282,-0.3046, 0.3298, 0.0619],[-0.0877,-0.6551, 2.2925, 7.6527,-0.1196],[-0.9273,-0.3049, 0.3244, 0.0757],0.1427
1467,[-0.927 ,-0.3429, 0.4205, 0.0628],[ 2.6425,-0.6217, 5.017 , 1.2533,-0.392 ],[-0.9239,-0.3469, 0.4217, 0.0756],0.0857
1500,[-0.9176, 0.0222,-0.0153,-0.0504],[  0.5004,  1.6735,  0.4918,181.5072,  0.3404],[-0.9178, 0.021 ,-0.0136,-0.0374],0.4453
1501,[-0.9191,-0.0227, 0.0762,-0.0461],[ -8.3491,-10.5298, -7.1301, -9.4729, -9.7806],[-0.9189,-0.0314, 0.0811,-0.0357],0.4236
1502,[-0.9158, 0.0441,-0.0662,-0.0404],[ 0.0311, 9.166 ,-1.1057, 0.1425,-0.0981],[-0.9158, 0.0475,-0.0676,-0.0366],0.4247
1504,[-0.9536, 0.0236,-0.1721,-0.0818],[-1.3383,-1.4518,-1.9213,-0.9493,-1.2167],[-0.952 , 0.0608,-0.1918,-0.0678],0.2281
1510,[-0.918 , 0.0633,-0.0428,-0.0628],[ 0.4123,-0.262 ,13.6641,32.6944,-0.195 ],[-0.9184, 0.0595,-0.0365,-0.0516],0.4331
1511,[-0.922 , 0.0616, 0.0636,-0.04  ],[-0.7996,-1.9095,-0.5401,-0.8616,-1.5533],[-0.9218, 0.0381, 0.0938,-0.0243],0.4055
1512,[-0.917 , 0.0738,-0.0768,-0.0646],[ 1.1321,59.9254, 1.4914, 2.5282, 0.695 ],[-0.9172, 0.074 ,-0.074 ,-0.058 ],0.4104
1514,[-0.9236, 0.137 ,-0.1843,-0.0588],[-0.2768,12.6373,-0.706 , 3.3234,-0.1217],[-0.9229, 0.1447,-0.1882,-0.0497],0.2981
1520,[-0.9204,-0.0683, 0.0365,-0.0674],[-7.8584,-4.8941,-8.1068,-6.8666,-7.2067],[-0.9208,-0.0628, 0.031 ,-0.0653],0.4235
1521,[-0.9197,-0.0844, 0.0894,-0.0607],[0.6789,0.8967,6.666 ,1.9798,0.766 ],[-0.9199,-0.0847, 0.0855,-0.0603],0.3903
1522,[-0.9199,-0.0611,-0.0616,-0.044 ],[-1.8521,-1.7873,-2.3353,-1.9219,-2.685 ],[-0.92  ,-0.0427,-0.0633,-0.0315],0.4263
1523,[-0.9271,-0.137 , 0.1871,-0.0591],[ 1.6072,-0.6777,18.8748, 5.1181,-0.1176],[-0.9264,-0.1457, 0.1925,-0.0599],0.2806
1530,[-0.9341, 0.1755,-0.0493,-0.0665],[ 0.1554,-0.5963,-0.1535,-0.3412,-0.3938],[-0.936 , 0.1502,-0.029 ,-0.0518],0.319
1532,[-0.9322, 0.1915,-0.1309,-0.0688],[-2.9564,-2.3908,-2.7439,-2.7606,-2.8118],[-0.9337, 0.1786,-0.1134,-0.0615],0.2799
1534,[-0.9347, 0.2103,-0.212 ,-0.0674],[ 0.5354, 3.3992,-1.1286, 3.3003,-0.2481],[-0.935 , 0.2104,-0.2071,-0.0555],0.2186
1536,[-0.943 , 0.2467,-0.3295,-0.0681],[ 4.9993, 3.8832,-0.8794, 1.0272,-0.0427],[-0.9403, 0.2598,-0.341 ,-0.0531],0.1188
1541,[-0.9302,-0.1868, 0.132 ,-0.0564],[-1.0184,-0.8532,-1.2594,-0.8118,-1.2752],[-0.9316,-0.175 , 0.1136,-0.0528],0.2875
1543,[-0.9377,-0.1997, 0.2195,-0.0542],[ 0.0236, 0.2783, 4.1603,11.2678, 0.3438],[-0.9374,-0.2029, 0.2179,-0.0422],0.208
1545,[-0.9391,-0.2461, 0.3148,-0.0611],[-0.2922,-0.4835, 6.769 , 1.0712,-0.065 ],[-0.937 ,-0.2565, 0.3219,-0.0508],0.1386
1552,[-0.9436, 0.3001,-0.1622,-0.0305],[-0.1806,-0.034 , 0.3112, 0.0229,-0.3758],[-0.9471, 0.2769,-0.154 ,-0.0161],0.1699
1554,[-0.932 , 0.3079,-0.2391,-0.0645],[-0.3191,-0.6682,-0.9185,-0.4576,-1.1822],[-0.9345, 0.298 ,-0.2245,-0.0522],0.1721
1556,[-0.9267, 0.3322,-0.3486,-0.0658],[ 0.5935, 3.7081,-0.4994, 1.3355,-0.6283],[-0.9263, 0.3341,-0.3456,-0.0521],0.1233
1558,[-0.9272, 0.3302,-0.4111,-0.0365],[ 0.4824, 6.7127,-0.73  , 2.4023,-0.3927],[-0.9243, 0.3369,-0.4122,-0.032 ],0.0945
1563,[-0.9389,-0.3024, 0.2519,-0.038 ],[-0.3398,-0.0362,-0.5106,-0.0232,-0.8125],[-0.9408,-0.2939, 0.2356,-0.0302],0.148
1565,[-0.9322,-0.318 , 0.341 ,-0.0586],[ 0.8169, 0.0108, 4.1738, 3.7489,-0.343 ],[-0.9317,-0.3205, 0.3376,-0.0452],0.1191
1567,[-0.9301,-0.3258, 0.4031,-0.0435],[ 0.8066,-0.502 , 0.771 , 4.3521,-0.1307],[-0.9272,-0.3326, 0.4081,-0.028 ],0.0892
1600,[-0.9171, 0.0082,-0.0051,-0.1604],[-1.1523, 0.3095, 0.6762,13.5289,-1.6266],[-0.9178, 0.0077,-0.0049,-0.1497],0.4473
1601,[-0.9175,-0.0376, 0.0705,-0.1679],[-0.4326,-1.3719, 6.0462, 0.916 ,-0.9302],[-0.918 ,-0.0438, 0.0746,-0.1634],0.4155
1602,[-0.9157, 0.0411,-0.0714,-0.1621],[-3.9704,-2.7999,-5.1293,-3.5373,-4.265 ],[-0.9161, 0.0465,-0.0749,-0.1606],0.4199
1610,[-0.9163, 0.0665,-0.0429,-0.1734],[ 2.2153,-0.3294,15.5422,15.8221,-1.5648],[-0.9172, 0.0629,-0.0397,-0.1629],0.4332
1611,[-0.9246, 0.0601, 0.0709,-0.204 ],[-0.5039,-1.0287,-0.2814,-0.3917,-0.2237],[-0.9251, 0.0351, 0.0963,-0.1881],0.3907
1612,[-0.915 , 0.0781,-0.0803,-0.1705],[ 0.7035, 1.4186, 0.1256,46.6922, 0.4302],[-0.9157, 0.0787,-0.0783,-0.16  ],0.4071
1614,[-0.9241, 0.1446,-0.185 ,-0.1798],[ 0.2919, 2.7956,-1.1736, 0.7145,-0.4612],[-0.9239, 0.1526,-0.1904,-0.1654],0.2869
1620,[-0.9176,-0.069 , 0.0369,-0.1602],[-3.5381,-2.0827,-4.5858,-3.1328,-4.9933],[-0.9185,-0.0641, 0.0326,-0.1549],0.4317
1621,[-0.9196,-0.0835, 0.0855,-0.1649],[ 2.0958,-0.1751, 0.8969,13.4446,-0.385 ],[-0.9203,-0.0841, 0.0823,-0.1549],0.3904
1622,[-0.9147,-0.0612,-0.0603,-0.1643],[-1.0987,-0.4235,-1.3879,-0.8599,-1.3146],[-0.9153,-0.0419,-0.0745,-0.1486],0.4277
1623,[-0.9303,-0.1385, 0.1862,-0.1695],[ 0.317 ,-1.4525, 1.4867, 1.4154,-0.3901],[-0.9299,-0.1487, 0.1937,-0.164 ],0.2689
1625,[-0.9499,-0.1403, 0.2904,-0.1693],[-0.3207,-0.5007,-0.172 , 0.3016,-0.579 ],[-0.9465,-0.172 , 0.31  ,-0.1673],0.1502
1632,[-0.9343, 0.1906,-0.1341,-0.1813],[-2.3814,-2.6303,-2.4359,-2.2104,-2.8246],[-0.9363, 0.1787,-0.1153,-0.1723],0.2697
1634,[-0.9339, 0.2199,-0.218 ,-0.1884],[-0.7563, 0.8147,-1.7167, 0.8283,-1.5939],[-0.9347, 0.2208,-0.2132,-0.1749],0.2109
1636,[-0.9343, 0.2566,-0.3048,-0.2123],[ 1.1307, 1.361 ,-0.8484, 3.1369, 0.0296],[-0.9332, 0.2669,-0.3146,-0.1975],0.1452
1641,[-0.9179,-0.1775, 0.1364,-0.1742],[-0.7445,-1.209 ,-0.9772,-1.03  ,-1.3439],[-0.9194,-0.1718, 0.1272,-0.1705],0.3304
1643,[-0.9424,-0.2016, 0.2213,-0.1814],[ 0.0398,-0.3339, 2.9192, 2.4192,-0.4887],[-0.9426,-0.2073, 0.2225,-0.1683],0.187
1645,[-0.94  ,-0.2475, 0.3045,-0.1965],[ 0.2995,-0.1574, 3.1364, 0.6112,-0.285 ],[-0.9387,-0.259 , 0.3126,-0.1827],0.1364
1654,[-0.9388, 0.3065,-0.2455,-0.191 ],[-0.6253,-0.1313,-0.8001, 0.6471,-1.1943],[-0.9416, 0.2979,-0.2281,-0.177 ],0.1473
1656,[-0.9278, 0.3214,-0.33  ,-0.1846],[ 0.5979, 1.2058,-0.4985, 2.9829,-0.4436],[-0.9281, 0.3246,-0.3282,-0.169 ],0.1309
1663,[-0.9304,-0.2844, 0.256 ,-0.1453],[-0.3836, 0.0388,-0.2706, 0.1207,-0.1264],[-0.9318,-0.2827, 0.2545,-0.1374],0.1745
1665,[-0.9343,-0.3057, 0.3385,-0.1623],[ 0.2561,-0.3268, 2.1564, 4.0685,-0.2813],[-0.9336,-0.3119, 0.3404,-0.1482],0.1158
1667,[-0.9146,-0.3205, 0.4026,-0.1624],[-0.6338,-0.2613, 4.4368, 1.1878,-0.2463],[-0.9117,-0.3285, 0.4086,-0.1631],0.1191
1676,[-0.9115, 0.3906,-0.3271,-0.1592],[-0.3776,-0.6371,-0.8743, 0.2402,-1.1092],[-0.9149, 0.3869,-0.3093,-0.1449],0.1497
1700,[-0.9295, 0.0041,-0.0032,-0.3099],[-4.143 ,-4.1042,-3.944 ,-3.5771,-4.7943],[-0.9308, 0.0035,-0.0037,-0.2964],0.4004
1701,[-0.9432,-0.0331, 0.0767,-0.3088],[-1.2442,-2.1184, 0.1536,-0.7287,-1.4265],[-0.9441,-0.0451, 0.087 ,-0.2945],0.31
1702,[-0.9254, 0.039 ,-0.0728,-0.2994],[-2.0104,-1.3959,-2.4955,-1.2782,-2.8684],[-0.9263, 0.0467,-0.081 ,-0.2888],0.3849
1710,[-0.9226, 0.0675,-0.0425,-0.2892],[-3.4517,-3.4385,-1.6734,-1.6604,-4.1762],[-0.924 , 0.0636,-0.0391,-0.2809],0.4066
1712,[-0.9293, 0.0954,-0.0997,-0.2994],[ -9.2914, -9.046 ,-10.5195, -9.1874,-10.4321],[-0.9304, 0.0973,-0.0984,-0.2875],0.3362
1714,[-0.9263, 0.1502,-0.1832,-0.3203],[ 0.1554, 1.7371,-0.8608, 2.1742,-0.5987],[-0.9268, 0.1587,-0.1904,-0.3081],0.2769
1720,[-0.92  ,-0.0648, 0.0451,-0.2912],[-0.9531,-0.469 ,-1.6231,-0.1969,-1.7664],[-0.9214,-0.0616, 0.0406,-0.286 ],0.4175
1721,[-0.9357,-0.0922, 0.1152,-0.3041],[-1.9894,-2.2587,-1.0354,-0.831 ,-2.5287],[-0.9365,-0.0999, 0.1213,-0.291 ],0.3015
1723,[-0.9437,-0.1394, 0.192 ,-0.3122],[-0.2158,-0.7043, 1.8429, 0.5383,-1.1384],[-0.9437,-0.1547, 0.2055,-0.2973],0.2133
1732,[-0.9433, 0.1868,-0.146 ,-0.2792],[-0.6061,-0.9295,-0.3021, 0.1125,-1.1551],[-0.9454, 0.1786,-0.1289,-0.2629],0.2294
1734,[-0.933 , 0.2125,-0.2225,-0.314 ],[-0.6443, 1.3622,-1.3489, 1.2219,-1.4068],[-0.9339, 0.2171,-0.2225,-0.2986],0.2122
1736,[-0.9231, 0.2549,-0.3052,-0.314 ],[ 1.2856, 2.5742,-0.209 , 2.0311,-0.2265],[-0.9222, 0.2649,-0.3128,-0.3003],0.1822
1741,[-0.922 ,-0.1827, 0.1508,-0.2978],[-0.3121,-0.1071, 0.4502, 0.4345,-0.2504],[-0.9239,-0.1795, 0.1446,-0.2967],0.3027
1743,[-0.9427,-0.1908, 0.2392,-0.2843],[ 0.4423,-0.3264, 0.6713, 3.2261,-0.184 ],[-0.9422,-0.2041, 0.2508,-0.2711],0.1764
1745,[-0.9362,-0.2398, 0.2909,-0.2683],[-1.8214e-03, 1.4426e-01, 1.9326e+00, 1.5536e+00,-6.1588e-01],[-0.9353,-0.2514, 0.3   ,-0.2547],0.1564
1754,[-0.9412, 0.2986,-0.2662,-0.2706],[ 0.3047, 0.3285,-0.1358, 0.129 ,-1.2724],[-0.9434, 0.2958,-0.2528,-0.2542],0.1319
1756,[-0.9273, 0.3105,-0.3256,-0.3076],[ 0.4849, 3.1815,-1.0365, 3.662 ,-0.9672],[-0.9276, 0.3161,-0.3249,-0.2912],0.1385
1758,[-0.9123, 0.3384,-0.3916,-0.3181],[ 1.0839, 2.6723,-0.4027, 1.9902,-0.379 ],[-0.9108, 0.3461,-0.3951,-0.3016],0.1147
1765,[-0.9213,-0.3116, 0.3778,-0.3456],[ 0.2572, 0.1123, 1.5916, 2.5836,-0.5741],[-0.9195,-0.3221, 0.3849,-0.329 ],0.134
1767,[-0.9146,-0.3472, 0.3953,-0.281 ],[ 0.015 ,-0.7519, 4.4931, 1.3623,-0.5112],[-0.9133,-0.354 , 0.3961,-0.2661],0.1175
1800,[-0.9365, 0.0273,-0.0082,-0.4298],[-4.5101,-4.7967,-4.671 ,-4.0575,-6.2076],[-0.9384, 0.0233,-0.0059,-0.4134],0.3662
1801,[-0.9413,-0.0207, 0.0845,-0.4228],[-0.6607,-1.8995, 1.0633,-0.0171,-1.5084],[-0.9425,-0.038 , 0.1002,-0.407 ],0.3136
1802,[-0.9218, 0.0402,-0.0747,-0.4378],[-0.3301, 0.7489,-0.8439, 0.5222,-1.1041],[-0.9233, 0.0478,-0.0809,-0.4243],0.3974
1810,[-0.9322, 0.0663,-0.038 ,-0.4541],[-1.4077,-1.975 ,-1.367 ,-0.7673,-2.9595],[-0.9343, 0.0619,-0.0348,-0.4378],0.366
1812,[-0.9291, 0.0969,-0.1103,-0.4334],[-2.6838,-3.3971,-3.8154,-2.0759,-4.449 ],[-0.9307, 0.1018,-0.1133,-0.4175],0.3277
1814,[-0.9258, 0.1457,-0.19  ,-0.4445],[ 1.505 , 4.518 , 0.6   , 1.5895,-0.352 ],[-0.9264, 0.157 ,-0.1985,-0.4291],0.2783
1820,[-0.9308,-0.0629, 0.0255,-0.4184],[-0.5793,-0.1707,-0.2066, 0.1471,-0.5285],[-0.9327,-0.0574, 0.0222,-0.4016],0.3764
1821,[-0.9374,-0.0746, 0.1138,-0.4111],[ 0.1416,-0.4833, 0.6768, 1.1499,-1.4138],[-0.9384,-0.0862, 0.1231,-0.3951],0.2986
1823,[-0.9387,-0.117 , 0.1978,-0.4008],[ 0.1031,-0.6493, 2.7918, 0.088 ,-0.7722],[-0.9385,-0.1373, 0.2137,-0.3918],0.2353
1832,[-0.9501, 0.1717,-0.1526,-0.4035],[ 0.1128,-0.0751, 0.2929, 0.9268,-0.5047],[-0.9522, 0.1695,-0.1417,-0.3905],0.2031
1834,[-0.9296, 0.1956,-0.2254,-0.4235],[ 0.2081, 1.3557,-0.4134, 8.0591,-0.6208],[-0.9302, 0.205 ,-0.232 ,-0.4069],0.2266
1836,[-0.9244, 0.2458,-0.2993,-0.4238],[ 0.4952, 8.3574, 0.356 , 1.7925,-0.7892],[-0.9237, 0.2579,-0.3089,-0.4072],0.1872
1843,[-0.9344,-0.1817, 0.2626,-0.4418],[ 0.3253, 0.218 , 0.9915, 2.5442,-0.4399],[-0.9334,-0.2009, 0.2784,-0.4408],0.1953
1845,[-0.9301,-0.243 , 0.3166,-0.4039],[-0.0255,-0.7922, 0.936 , 2.4981,-0.4919],[-0.9286,-0.2586, 0.3311,-0.3934],0.1605
1856,[-0.9213, 0.2972,-0.344 ,-0.413 ],[ 1.2745, 0.9403, 1.1043, 6.4252,-0.9503],[-0.9205, 0.3073,-0.3506,-0.3965],0.1499
1865,[-0.9252,-0.2879, 0.3588,-0.3795],[ 0.111 ,-0.0301, 0.5641, 2.1314,-0.7619],[-0.9233,-0.3005, 0.3695,-0.3619],0.1399
1900,[-0.9237, 0.0144,-0.0154,-0.5575],[-85.1113,-85.8511,-85.305 ,-85.3112,-85.9331],[-0.9261, 0.0146,-0.0158,-0.54  ],0.4159
1901,[-0.9293,-0.0179, 0.066 ,-0.5282],[ 0.9973,-0.1242, 1.5477,21.3357,-0.8157],[-0.9313,-0.0295, 0.0744,-0.5101],0.3748
1902,[-0.917 , 0.0314,-0.0867,-0.6124],[-1.0891,-1.9906,-1.4131,56.5246,-2.753 ],[-0.9191, 0.043 ,-0.0959,-0.5947],0.4122
1904,[-0.9243, 0.0528,-0.1684,-0.6699],[-0.1704, 1.5167,-0.8853,-0.1086,-0.8572],[-0.9244, 0.0814,-0.2106,-0.6509],0.3172
1910,[-0.9221, 0.0776,-0.0415,-0.5703],[-3.5068,-3.5995,-2.5543,55.119 ,-4.6246],[-0.9248, 0.0727,-0.0379,-0.5524],0.4014
1912,[-0.9208, 0.0911,-0.1012,-0.5672],[-241.109 ,-241.4278,-242.1089,-240.1617,-241.9497],[-0.9229, 0.096 ,-0.1062,-0.55  ],0.3657
1914,[-0.9248, 0.1314,-0.1952,-0.5503],[ 7.0137e-02, 1.2077e+02, 2.5439e-02, 1.1923e+00,-6.3607e-01],[-0.9253, 0.1471,-0.208 ,-0.5338],0.2834
1920,[-0.9219,-0.0595, 0.0412,-0.6129],[-5.5796,-6.1613,-6.1427,-6.1673,-6.4492],[-0.9247,-0.0567, 0.0336,-0.5965],0.4127
1921,[-0.9203,-0.0613, 0.0614,-0.5898],[-8.0776,-9.4313,-9.5096,-7.9188,-9.6365],[-0.9228,-0.063 , 0.0613,-0.5738],0.4041
1934,[-0.9268, 0.1867,-0.2407,-0.5283],[  0.685 , -0.8768, -1.0205,179.1478, -1.3265],[-0.927 , 0.2012,-0.2531,-0.5119],0.2302
1936,[-0.9243, 0.2292,-0.2935,-0.5244],[ 0.3033,49.3041, 0.1697, 5.3241,-0.5829],[-0.9236, 0.2444,-0.3069,-0.5068],0.1959
2100,[-0.9087,-0.0471, 0.0541, 0.3819],[-0.8708,-0.6451,-0.7586,-1.9748,-0.5014],[-0.907 ,-0.0473, 0.0558, 0.3787],0.4088
2200,[-0.9019, 0.0082,-0.0068, 0.2757],[-8.134 ,-8.3949,-8.5962,-9.2265,-8.044 ],[-0.9007, 0.0078,-0.0052, 0.2705],0.3967
2201,[-0.8978,-0.0434, 0.0751, 0.2922],[-3.3438,-3.7741,-2.    ,-3.8724,-2.8239],[-0.8963,-0.0467, 0.0791, 0.2808],0.3515
2202,[-0.9047, 0.0389,-0.0878, 0.2887],[-3.4905,-2.4115,-3.9109,-4.4862,-2.2351],[-0.9031, 0.0443,-0.0906, 0.2783],0.3765
2210,[-0.9097, 0.0632,-0.0447, 0.2541],[-2.7693,-3.3798,-2.1299,-3.5987,-2.3554],[-0.9087, 0.0609,-0.0497, 0.2487],0.4126
2212,[-0.9079, 0.0823,-0.1113, 0.2716],[-0.8319, 0.3833,-1.8062,-2.0339, 0.1328],[-0.9065, 0.0847,-0.1112, 0.2583],0.3621
2214,[-0.9046, 0.1359,-0.1917, 0.2757],[ 0.3636, 2.2528,-1.0412,-1.0443, 2.8338],[-0.9025, 0.1401,-0.1917, 0.2671],0.2816
2220,[-0.908 ,-0.0688, 0.0246, 0.2615],[-2.5863,-1.678 ,-3.1962,-3.2338,-1.6885],[-0.9071,-0.0623, 0.021 , 0.2574],0.4188
2221,[-0.8986,-0.0624, 0.0836, 0.273 ],[-0.0502,-1.4873,-0.0795,-1.3027, 0.1396],[-0.8972,-0.0642, 0.0856, 0.2721],0.3444
2234,[-0.9086, 0.2765,-0.2252, 0.2562],[ 1.1934, 1.9565,-1.2239,-0.3637, 0.4334],[-0.9096, 0.2674,-0.2062, 0.2419],0.2409
2241,[-0.91  ,-0.2634, 0.1436, 0.265 ],[ 3.5084, 1.7727,-0.427 , 0.5268, 1.4169],[-0.9116,-0.2484, 0.144 , 0.2786],0.2882
2243,[-0.9063,-0.2382, 0.2291, 0.2592],[ 1.5272,-1.0586, 2.4405, 0.0326, 1.4382],[-0.906 ,-0.2336, 0.2123, 0.2512],0.2417
2254,[-0.8998, 0.3023,-0.2196, 0.2584],[1.0414,0.6427,1.1935,1.4075,8.486 ],[-0.9017, 0.2914,-0.202 , 0.2553],0.2029
2256,[-0.904 , 0.3136,-0.3178, 0.2572],[ 2.1676, 3.0821,-0.469 , 0.7575, 3.0782],[-0.9036, 0.3101,-0.305 , 0.255 ],0.1521
2261,[-0.9059,-0.2814, 0.1499, 0.2555],[-0.3512, 1.2653,-1.4037,-0.9352, 0.0576],[-0.908 ,-0.2666, 0.1541, 0.2507],0.2603
2263,[-0.8995,-0.3074, 0.2283, 0.2695],[ 0.9311, 1.8641, 0.462 , 0.7257,11.6362],[-0.9015,-0.2956, 0.2001, 0.2687],0.2014
2265,[-0.8949,-0.34  , 0.3028, 0.2581],[ 0.2163,-0.9162, 3.2053, 0.3327, 1.345 ],[-0.896 ,-0.3334, 0.2825, 0.2656],0.1277
2300,[-0.9074, 0.0289,-0.0276, 0.152 ],[-20.596 ,-21.0789,-21.1902,-21.706 ,-20.283 ],[-0.9068, 0.0285,-0.0276, 0.1437],0.4169
2301,[-0.9079,-0.0467, 0.0684, 0.152 ],[-7.2291,-7.9381,-5.8345,-8.0554,-5.8136],[-0.9071,-0.049 , 0.0681, 0.152 ],0.4026
2302,[-0.9082, 0.0489,-0.0668, 0.1465],[-8.532 ,-8.3441,-9.9549,-9.5725,-7.7502],[-0.9075, 0.0508,-0.0667, 0.1454],0.404
2310,[-0.9074, 0.0648,-0.0408, 0.17  ],[-7.9167,-8.5832,-7.208 ,-8.8689,-7.5945],[-0.9069, 0.0608,-0.0355, 0.1621],0.4112
2312,[-0.9069, 0.0743,-0.092 , 0.1627],[ 0.749 , 3.8442,-0.5402,-0.3499, 3.447 ],[-0.906 , 0.0757,-0.0901, 0.1535],0.3746
2314,[-0.8988, 0.1466,-0.1882, 0.1848],[-0.1728, 4.2229,-1.0232,-0.8644, 0.8539],[-0.8974, 0.1496,-0.1862, 0.1779],0.26
2320,[-0.9057,-0.0628, 0.0426, 0.1608],[-4.1934,-3.2669,-4.6574,-4.3457,-3.4611],[-0.9052,-0.0593, 0.0373, 0.1527],0.4026
2321,[-0.9064,-0.0666, 0.0868, 0.1527],[-1.7499,-2.9834,-0.3379,-2.3278, 0.9252],[-0.9055,-0.0684, 0.0851, 0.1469],0.3785
2332,[-0.9039, 0.1992,-0.1394, 0.1775],[-1.5615,-1.999 ,-0.6158,-1.5701,-1.1788],[-0.9046, 0.1902,-0.1267, 0.1723],0.2967
2334,[-0.9037, 0.2184,-0.2054, 0.172 ],[ 0.8142, 4.0934,-0.8414, 0.2929, 2.5253],[-0.9037, 0.2146,-0.1935, 0.1692],0.2501
2336,[-0.9029, 0.2767,-0.2841, 0.2253],[ 0.5869, 8.4297,-1.3613, 0.0971, 0.5559],[-0.9021, 0.2743,-0.2768, 0.2353],0.1774
2340,[-0.9065,-0.1777, 0.0343, 0.1641],[-2.8511,-2.6028,-4.2019,-3.9281,-2.6285],[-0.9076,-0.1573, 0.0143, 0.1493],0.3788
2341,[-0.906 ,-0.2307, 0.1404, 0.1887],[ 0.983 , 2.7745, 0.2439, 0.353 ,11.6547],[-0.9073,-0.2184, 0.1287, 0.1743],0.2932
2343,[-0.9046,-0.2464, 0.2286, 0.1945],[ 0.3177,-0.3251, 3.6344, 0.9598, 4.934 ],[-0.9047,-0.2414, 0.2132, 0.1845],0.2321
2345,[-0.9079,-0.2532, 0.2901, 0.1906],[-0.0392,-0.5592, 3.2097,-0.6575,-0.3182],[-0.9063,-0.2542, 0.2867, 0.1895],0.1966
2354,[-0.9044, 0.2995,-0.2484, 0.1919],[1.3519,1.8708,0.7875,1.5906,1.7468],[-0.9056, 0.2917,-0.234 , 0.1976],0.2018
2356,[-0.901 , 0.3258,-0.3268, 0.1715],[-0.2265, 6.9641,-0.0535, 0.4186,-0.2376],[-0.9009, 0.3231,-0.3156, 0.1767],0.1335
2358,[-0.8999, 0.3594,-0.3957, 0.136 ],[ 0.3335, 2.2437,-1.3802, 0.3577,-0.7837],[-0.8985, 0.3591,-0.3889, 0.1439],0.0754
2361,[-0.8956,-0.2975, 0.158 , 0.1622],[-1.4738, 0.5652,-2.1297,-1.2502,-0.6859],[-0.8988,-0.2821, 0.1426, 0.1622],0.2244
2363,[-0.9017,-0.3058, 0.2407, 0.2045],[ 0.9956, 1.1579, 0.7486,24.3911, 1.1325],[-0.9034,-0.296 , 0.2168, 0.2131],0.2003
2365,[-0.8999,-0.3303, 0.3284, 0.1791],[ 1.0917,-0.2384, 7.1436, 1.1031, 2.2836],[-0.8999,-0.3271, 0.3139, 0.1878],0.129
2367,[-0.9023,-0.361 , 0.407 , 0.1516],[ 1.6813,-1.0667, 2.6923,-0.656 , 0.1122],[-0.9004,-0.3609, 0.4009, 0.1594],0.0741
2400,[-0.908 , 0.0275,-0.0253, 0.06  ],[  1.8308,  0.8842,  0.9011,  0.8709,309.2287],[-0.9078, 0.0271,-0.0251, 0.0463],0.4259
2401,[-0.9063,-0.0389, 0.0677, 0.0729],[-10.1096,-10.7373, -9.3108, -9.7647, -9.0812],[-0.9058,-0.0426, 0.0695, 0.0647],0.3992
2402,[-0.9087, 0.0456,-0.0663, 0.0629],[  0.9524,109.7677, -1.287 , -0.6754,  0.648 ],[-0.9083, 0.0482,-0.0664, 0.0552],0.4091
2410,[-0.9049, 0.0652,-0.0409, 0.0549],[-3.4058,-4.4627,-3.2369,-4.717 ,-2.584 ],[-0.9049, 0.0614,-0.035 , 0.0427],0.4021
2412,[-0.9051, 0.0754,-0.0896, 0.0612],[ 8.87  , 2.0316,-0.6413, 1.1654,13.9078],[-0.9048, 0.0767,-0.0873, 0.0477],0.37
2414,[-0.9043, 0.1374,-0.1813, 0.0473],[ 0.8136, 5.371 ,-1.1513,-0.5797, 0.1495],[-0.9033, 0.1421,-0.1817, 0.043 ],0.2888
2420,[-0.9038,-0.0636, 0.0413, 0.0476],[-10.289 ,-10.2528,-10.9226, -9.8966, -9.8382],[-0.9038,-0.0598, 0.034 , 0.0396],0.3982
2421,[-0.9057,-0.0765, 0.0935, 0.06  ],[ 0.6615, 0.5621,16.0315, 0.4279, 0.5327],[-0.9054,-0.0781, 0.0908, 0.0489],0.3702
2423,[-0.9042,-0.1354, 0.1873, 0.0234],[-0.6041,-3.1581, 1.3249,-1.5639,-0.6265],[-0.9031,-0.1414, 0.1898, 0.0179],0.2845
2432,[-0.9053, 0.185 ,-0.1304, 0.0743],[-1.4009,-0.8806,-0.6728,-1.2326,-0.0881],[-0.9062, 0.1766,-0.1159, 0.0607],0.315
2434,[-0.9022, 0.1945,-0.21  , 0.0761],[ 3.4602, 2.6761,-0.9356, 0.7703, 0.9922],[-0.9017, 0.1947,-0.2036, 0.0795],0.2476
2441,[-0.909 ,-0.188 , 0.1185, 0.0859],[2.2739,5.3589,0.5837,0.1592,2.504 ],[-0.91  ,-0.1788, 0.1144, 0.0717],0.33
2443,[-0.9019,-0.2058, 0.2345, 0.0313],[ 1.0651,-0.5485, 1.8209, 0.2577,15.7567],[-0.9012,-0.208 , 0.23  , 0.0221],0.2275
2445,[-0.8977,-0.2493, 0.2948, 0.0565],[ 1.4987,-1.4941,-0.0066,-0.7364, 6.1529],[-0.8964,-0.2522, 0.2895, 0.0465],0.1637
2454,[-0.9049, 0.3291,-0.2589, 0.0808],[0.935 ,2.1232,0.3231,1.5431,0.8383],[-0.9072, 0.3209,-0.2436, 0.0957],0.1888
2456,[-0.9038, 0.3391,-0.3272, 0.0687],[ 0.6564, 2.0536,-1.1679, 4.6597, 0.4012],[-0.9043, 0.3366,-0.3166, 0.0799],0.1368
2458,[-0.9   , 0.3597,-0.4135, 0.0821],[-0.4247, 7.5087,-0.9442, 0.2653,-0.3211],[-0.8979, 0.3609,-0.4105, 0.0907],0.0629
2461,[-0.9105,-0.282 , 0.1445, 0.0973],[-1.6378,-0.619 ,-2.6841,-1.421 ,-1.6256],[-0.9133,-0.2665, 0.1468, 0.1124],0.2846
2463,[-0.8917,-0.3319, 0.2278, 0.1007],[ 1.0072, 1.7154, 0.6777,20.5519, 1.3129],[-0.8951,-0.3205, 0.2016, 0.1074],0.1691
2465,[-0.8972,-0.3345, 0.3481, 0.0869],[ 0.9331,-0.0486,10.2561, 0.0607, 0.3836],[-0.8968,-0.3337, 0.3387, 0.098 ],0.1055
2467,[-0.898 ,-0.3586, 0.4085, 0.0557],[ 0.2054,-1.2857, 3.613 , 0.3698,-0.135 ],[-0.8962,-0.36  , 0.4041, 0.0653],0.0616
2500,[-0.9078, 0.023 ,-0.0169,-0.0551],[  1.7561,  2.8691,281.0034,  0.4287,  0.5336],[-0.9081, 0.0225,-0.019 ,-0.0677],0.4306
2501,[-0.9047,-0.0315, 0.0696,-0.0636],[ 0.596 ,-0.7762,10.3442,-0.9693, 0.9506],[-0.9048,-0.0368, 0.0715,-0.0754],0.3967
2502,[-0.9078, 0.0412,-0.0698,-0.0628],[-2.1538e-01, 1.1374e+02,-1.0588e+00, 7.3588e-01,-4.9965e-02],[-0.9079, 0.0453,-0.0709,-0.074 ],0.4066
2510,[-0.9061, 0.0636,-0.0484,-0.0675],[ 0.5373, 0.1421,39.1049, 0.4998, 1.8396],[-0.9065, 0.0619,-0.0489,-0.0813],0.4031
2512,[-0.9065, 0.0749,-0.0836,-0.0713],[  1.0383,  1.8277,  0.1656,  2.6739,160.8211],[-0.9068, 0.0761,-0.0828,-0.0857],0.3813
2514,[-0.8992, 0.1442,-0.1874,-0.0643],[ 1.2098,12.7416,-1.4669, 0.2122,-0.2188],[-0.8986, 0.1494,-0.1889,-0.0643],0.2641
2520,[-0.9054,-0.0676, 0.0376,-0.0568],[-8.2083,-6.4749,-9.0463,-9.0989,-7.9071],[-0.9059,-0.0631, 0.0313,-0.0629],0.4065
2521,[-0.9059,-0.095 , 0.1026,-0.058 ],[ 0.9634, 0.1927,49.0623, 0.3534, 2.121 ],[-0.9062,-0.0955, 0.0976,-0.0674],0.3622
2522,[-0.9096,-0.0586,-0.063 ,-0.0998],[-4.3867,-4.4907,-4.9786,-4.045 ,-4.5888],[-0.91  ,-0.0422,-0.0629,-0.0844],0.4213
2523,[-0.9055,-0.1413, 0.1836,-0.064 ],[ 0.6745,-1.0708,14.4288,-0.1702,-0.1518],[-0.905 ,-0.1468, 0.1846,-0.0729],0.2916
2532,[-0.8995, 0.1846,-0.1442,-0.0964],[ 1.5553, 0.0588,-0.4116, 0.684 , 1.3591],[-0.9009, 0.1791,-0.1305,-0.1004],0.286
2534,[-0.8962, 0.195 ,-0.2107,-0.0841],[ 0.5856, 7.1284,-0.3583, 0.7367,21.5194],[-0.8963, 0.1968,-0.2066,-0.0923],0.2257
2536,[-0.8884, 0.2471,-0.2889,-0.0905],[-0.4975,10.7455,-0.8113, 0.3493, 0.9586],[-0.8874, 0.251 ,-0.2879,-0.0882],0.135
2540,[-0.908 ,-0.168 , 0.0466,-0.1092],[-3.3653,-3.1156,-4.4816,-3.439 ,-3.7813],[-0.9101,-0.1478, 0.0088,-0.0944],0.3969
2541,[-0.9038,-0.1878, 0.1404,-0.0834],[ 3.3618, 0.574 ,-0.0069, 0.2703, 2.3307],[-0.9053,-0.1813, 0.1261,-0.0924],0.3044
2543,[-0.9012,-0.2024, 0.2172,-0.054 ],[ 0.6131, 0.184 ,29.7741, 1.24  , 0.4727],[-0.9012,-0.2036, 0.2104,-0.0587],0.2387
2545,[-0.8977,-0.2335, 0.3027,-0.0515],[ 0.4974,-0.8673, 8.4472, 0.7709,-0.0583],[-0.8958,-0.2399, 0.3033,-0.0432],0.1604
2554,[-0.9101, 0.313 ,-0.2632,-0.0367],[1.4143,1.3123,1.1785,1.7232,1.1638],[-0.912 , 0.308 ,-0.2538,-0.0224],0.2065
2556,[-0.9003, 0.3555,-0.3512,-0.0613],[ 1.3415, 3.8001,-0.6571, 4.1733, 0.5064],[-0.9008, 0.3553,-0.3439,-0.0475],0.1048
2558,[-0.9038, 0.3659,-0.3948,-0.085 ],[-0.0542, 6.5939,-1.0688,-0.1679, 0.7805],[-0.903 , 0.3683,-0.3908,-0.0893],0.0833
2567,[-0.8873,-0.3601, 0.4303,-0.0507],[-0.6708,-1.1186, 3.8219, 0.2432, 0.099 ],[-0.8847,-0.3632, 0.4284,-0.0362],0.0197
2600,[-9.0738e-01, 4.6036e-04,-4.3102e-04,-1.5581e-01],[ 3.0391,28.984 , 8.3244, 1.1779, 0.3211],[-9.0809e-01, 4.0252e-04,-2.5355e-04,-1.6239e-01],0.4348
2601,[-0.9074,-0.0439, 0.0673,-0.1587],[ 2.2448,-1.327 , 8.2966,-0.3452,-0.786 ],[-0.9079,-0.0476, 0.0693,-0.1656],0.4066
2602,[-0.9074, 0.0441,-0.0792,-0.1444],[-11.9028,-11.2818,-13.6184,-12.356 ,-12.2931],[-0.9077, 0.0494,-0.0815,-0.1512],0.399
2610,[-0.9068, 0.0673,-0.0472,-0.1819],[ 6.1732e-01,-1.2427e-02, 9.7384e+01, 5.0416e-01, 6.2946e-01],[-0.9078, 0.0651,-0.0467,-0.1914],0.4083
2612,[-0.9071, 0.0811,-0.092 ,-0.1724],[  1.6465,191.6258,  0.6618,  0.7863,  1.5881],[-0.9078, 0.0829,-0.0908,-0.1828],0.3788
2614,[-0.902 , 0.1389,-0.1809,-0.1807],[-0.4192, 8.8732,-1.5309, 9.6764, 0.7939],[-0.9018, 0.1449,-0.183 ,-0.1743],0.2811
2620,[-0.9033,-0.0662, 0.0458,-0.1876],[-0.351 ,19.6647,-1.5074, 0.99  ,-0.6915],[-0.9042,-0.0637, 0.0439,-0.1845],0.3948
2621,[-0.9058,-0.084 , 0.0914,-0.1693],[ 0.5502, 0.7239,64.8435, 1.5576, 1.8235],[-0.9066,-0.0851, 0.0875,-0.1754],0.3739
2622,[-0.9068,-0.0692,-0.0629,-0.1385],[-2.0524,-2.2851,-2.5512,-1.4102,-1.5358],[-0.9071,-0.0466,-0.1016,-0.1548],0.3877
2623,[-0.9022,-0.153 , 0.1894,-0.1414],[ 0.3181,-2.0043, 0.1069,-0.4223,-0.1931],[-0.902 ,-0.158 , 0.1902,-0.1431],0.2724
2632,[-0.9015, 0.1868,-0.1373,-0.1602],[ 0.632 , 0.9386,-0.5942, 0.7997,-0.1269],[-0.9033, 0.1804,-0.1236,-0.1571],0.298
2634,[-0.8976, 0.2034,-0.2165,-0.1658],[ 2.2319,14.5945,-0.7346,11.1847, 1.7783],[-0.8979, 0.2054,-0.2117,-0.1617],0.2255
2636,[-0.8984, 0.2525,-0.2902,-0.1547],[-0.659 , 1.6056,-0.9877, 4.7206,-0.2169],[-0.8978, 0.2571,-0.2898,-0.1498],0.1655
2641,[-0.9062,-0.1841, 0.1376,-0.1648],[ 0.0815,-0.9185, 0.15  , 1.2907,-0.0137],[-0.9079,-0.1782, 0.1261,-0.1657],0.3161
2643,[-0.9039,-0.19  , 0.1971,-0.1599],[ 0.9276,-0.026 ,13.0736, 1.396 , 0.4798],[-0.9045,-0.1912, 0.19  ,-0.1682],0.2664
2656,[-0.9018, 0.3382,-0.3557,-0.1754],[ 0.9735, 1.2377,-0.3228, 5.2725, 0.5599],[-0.9017, 0.3411,-0.3525,-0.1621],0.1104
2658,[-0.8951, 0.3487,-0.3942,-0.2032],[ 0.9832, 2.8926,-1.0467, 1.9061,-0.1938],[-0.8938, 0.3533,-0.3937,-0.1921],0.0621
2665,[-0.9107,-0.3759, 0.3825,-0.2049],[ 1.9043,-0.799 , 1.7918, 1.6791,-0.0646],[-0.9111,-0.3785, 0.375 ,-0.1882],0.1096
2667,[-0.904 ,-0.3417, 0.4253,-0.1706],[ 0.1877,-0.8877, 2.6693, 2.0455,-0.5648],[-0.9009,-0.348 , 0.4285,-0.1614],0.0691
2676,[-0.9048, 0.3919,-0.3654,-0.2054],[ 0.6723, 0.483 , 0.0808, 0.834 ,-0.5778],[-0.9067, 0.3921,-0.3538,-0.1902],0.1002
2700,[-0.9022,-0.0189,-0.0018,-0.3252],[ 1.409 , 1.9131,23.767 , 1.7678, 1.187 ],[-0.9036,-0.0156,-0.0069,-0.3152],0.4181
2701,[-0.9007,-0.039 , 0.0714,-0.3279],[-0.245 ,-1.8598, 1.395 ,-0.4782,-1.2176],[-0.9018,-0.044 , 0.0728,-0.324 ],0.3793
2702,[-0.9008, 0.0314,-0.0805,-0.3146],[-2.2138,-0.5448,-3.7364,-2.3657,-2.5184],[-0.9017, 0.039 ,-0.0869,-0.3063],0.3748
2710,[-0.9042, 0.0697,-0.0419,-0.2977],[ 2.6815, 0.5921, 2.2443,12.5575, 2.0783],[-0.9057, 0.0666,-0.0404,-0.2891],0.4008
2712,[-0.9035, 0.0888,-0.1092,-0.2827],[ 1.2141, 1.3092, 0.1283,16.2761, 2.3961],[-0.9043, 0.0924,-0.1093,-0.2742],0.3509
2714,[-0.9023, 0.1332,-0.1873,-0.2995],[-0.3266, 1.3046,-1.8717, 1.2985,-0.3532],[-0.9023, 0.1418,-0.1931,-0.2851],0.2799
2720,[-0.8947,-0.064 , 0.0453,-0.3098],[ 1.1819, 1.8495,-0.9688, 3.0907,-1.2135],[-0.8961,-0.0623, 0.0441,-0.2983],0.3601
2721,[-0.8979,-0.0732, 0.0702,-0.3124],[ 1.7525,-0.0349,25.5719, 1.7233, 0.4147],[-0.8992,-0.0735, 0.0687,-0.2994],0.3568
2734,[-0.9071, 0.1968,-0.232 ,-0.2927],[4.4973,3.5481,0.1666,0.5762,0.5775],[-0.9072, 0.203 ,-0.2325,-0.2784],0.2503
2736,[-0.9091, 0.2728,-0.3432,-0.3304],[-0.2849, 0.801 ,-1.0964, 0.7901,-0.5909],[-0.9073, 0.2829,-0.3519,-0.3146],0.1549
2741,[-0.9092,-0.197 , 0.1564,-0.2619],[0.8785,0.6084,0.4603,0.6678,0.2565],[-0.9112,-0.1938, 0.1535,-0.2737],0.3084
2756,[-0.9038, 0.3073,-0.3682,-0.296 ],[ 0.6613, 2.5407,-0.8068, 3.1581,-0.0332],[-0.902 , 0.3151,-0.3736,-0.2826],0.1131
2758,[-0.9051, 0.3645,-0.3991,-0.2981],[ 0.7461, 2.1852,-0.6527, 1.0763,-0.9542],[-0.9043, 0.37  ,-0.3979,-0.282 ],0.0826
2800,[-0.8959,-0.0304,-0.0059,-0.4315],[  1.8112,106.0739,  3.231 ,  2.9718,  0.8204],[-0.8978,-0.0259,-0.007 ,-0.417 ],0.3907
2801,[-0.8991,-0.0335, 0.0723,-0.3951],[ 0.6717,-0.2584,18.6791, 2.267 ,-0.2895],[-0.9005,-0.0399, 0.0779,-0.389 ],0.3728
2802,[-0.8965, 0.0135,-0.0819,-0.4405],[ 0.3667, 2.0906,-1.5462, 2.6167,-1.0901],[-0.8979, 0.0235,-0.0874,-0.4244],0.3642
2810,[-0.8936, 0.079 ,-0.0432,-0.4336],[ 1.9631, 1.4063,21.9707, 2.3984, 0.5748],[-0.8957, 0.0756,-0.0431,-0.4219],0.3529
2812,[-0.896 , 0.0993,-0.1015,-0.4441],[ 1.0111,54.925 , 0.9636, 1.4716, 0.6457],[-0.8978, 0.1009,-0.0983,-0.4298],0.3245
2814,[-0.9076, 0.1323,-0.1885,-0.4177],[-0.1654, 1.9077,-1.1087, 1.0478,-0.4757],[-0.9079, 0.143 ,-0.1974,-0.4061],0.2985
2820,[-0.8871,-0.0676, 0.0375,-0.4493],[ 1.6428,14.0337, 0.659 , 2.7479, 0.0951],[-0.8892,-0.0647, 0.0357,-0.4358],0.332
2821,[-0.8867,-0.0731, 0.0632,-0.4308],[ 1.5412, 0.6057, 1.1456,17.6093, 1.4753],[-0.8886,-0.0732, 0.0644,-0.4152],0.3151
2822,[-0.8871,-0.0626,-0.0569,-0.4854],[-0.494 , 0.2061,-0.3321,-0.1038, 0.1888],[-0.8892,-0.0491,-0.0532,-0.4678],0.332
2834,[-0.9083, 0.1737,-0.232 ,-0.3868],[ 1.9133, 2.0396,-0.0563, 3.121 , 0.918 ],[-0.9081, 0.1842,-0.2389,-0.3788],0.2595
2858,[-0.909 , 0.3337,-0.3923,-0.3913],[-0.2598, 1.7908,-0.9187, 2.3892,-0.8331],[-0.9074, 0.3425,-0.3974,-0.3737],0.1049
2900,[-0.8923,-0.0356,-0.0111,-0.6565],[-43.1566,-42.6835,-42.7387,-42.1206,-44.0767],[-0.8951,-0.0287,-0.02  ,-0.64  ],0.3739
2901,[-0.8809,-0.0499, 0.0617,-0.6683],[ 0.1343,-0.9663,17.6387, 1.8275,-0.9962],[-0.8837,-0.0525, 0.062 ,-0.6533],0.3056
2902,[-0.8995, 0.0064,-0.0788,-0.6327],[-1.9279,32.9838,-2.9053, 6.2363,-2.9966],[-0.9018, 0.0179,-0.0844,-0.617 ],0.384
2910,[-0.8957, 0.0913,-0.0434,-0.6872],[-5.1975e-01, 1.6977e-01, 1.8745e+02, 4.9098e+00,-1.3812e+00],[-0.8991, 0.0868,-0.0435,-0.6707],0.3624
2912,[-0.8864, 0.1161,-0.095 ,-0.723 ],[ 4.4842e-01, 4.7226e+00,-1.4817e+00, 5.2760e+02,-1.5886e+00],[-0.8897, 0.1156,-0.0904,-0.7061],0.2904
2914,[-0.8792, 0.139 ,-0.1704,-0.6235],[ 0.8714,16.1834,-0.4307, 0.8606, 0.259 ],[-0.881 , 0.1452,-0.17  ,-0.6068],0.2088
2920,[-0.8805,-0.072 , 0.036 ,-0.6311],[  0.8819,  3.1441,  0.3176,159.3171,  0.29  ],[-0.8834,-0.0679, 0.0276,-0.6151],0.3094
2921,[-0.8753,-0.0789, 0.0656,-0.6799],[ 0.7833,-0.5161,51.0523, 2.1249,-0.6223],[-0.8784,-0.0784, 0.0609,-0.6662],0.2731
2922,[-0.8987,-0.0575,-0.0675,-0.7266],[-0.3256, 0.2447,-1.1622, 0.2932,-0.6724],[-0.9016,-0.0377,-0.0865,-0.7073],0.3752
2932,[-0.879 , 0.1784,-0.1422,-0.6066],[ 1.6735, 1.5424, 0.295 ,12.1345,-0.1575],[-0.8822, 0.1765,-0.1314,-0.5885],0.217
2934,[-0.8667, 0.1765,-0.1704,-0.6753],[-0.2635,13.8342,-0.7248, 0.8565,-0.6341],[-0.8696, 0.1789,-0.1666,-0.6595],0.1573
2941,[-0.8782,-0.1859, 0.1182,-0.5557],[-0.2054,-1.3184, 0.0956, 0.9548,-0.5082],[-0.8819,-0.1803, 0.1058,-0.5614],0.2252
3421,[-0.8644,-0.0786, 0.1074, 0.0563],[ 0.9247,-0.5637, 2.8688,-0.5517, 5.5635],[-0.8639,-0.0809, 0.106 , 0.0412],0.2003
3465,[-0.8662,-0.3778, 0.3751, 0.0413],[ 0.5336,-0.6499, 2.4725, 1.1957,-0.0943],[-0.8668,-0.3767, 0.361 , 0.0507],-0.0055
3467,[-0.8663,-0.3785, 0.3938, 0.0264],[ 0.1479,-1.0977, 0.6853,-0.0332, 0.4292],[-0.8661,-0.3782, 0.3818, 0.0365],-0.0158
3520,[-0.8653,-0.078 , 0.0463,-0.0983],[ 0.1526, 1.2744,-1.5224,-1.3259, 0.8915],[-0.8661,-0.0753, 0.0467,-0.1142],0.2333
3521,[-0.8633,-0.086 , 0.0826,-0.0355],[ 1.2841,-0.2626, 3.2235,-0.4326, 3.2243],[-0.8636,-0.085 , 0.0737,-0.0512],0.2102
3600,[-0.8583,-0.0011,-0.0384,-0.2212],[ 1.8671, 3.4327, 4.6715,-0.5976, 4.7579],[-0.8591, 0.0032,-0.0437,-0.2107],0.2356
3602,[-0.8628, 0.0335,-0.0755,-0.1903],[-1.196 , 0.5324,-1.7523,-1.4237,-0.7681],[-0.8633, 0.0381,-0.0791,-0.1968],0.225
3620,[-0.8592,-0.0715, 0.0502,-0.2247],[ 0.2459, 0.7494,-0.8965,-1.2974, 0.0873],[-0.8603,-0.0699, 0.0499,-0.2258],0.2135
3621,[-0.8564,-0.0657, 0.056 ,-0.2306],[ 0.3476,-0.4587, 3.9087, 0.3304, 3.2163],[-0.8575,-0.0651, 0.0556,-0.2262],0.2029
3700,[-0.8528,-0.033 ,-0.0321,-0.3114],[ 2.7574,16.9641, 2.4567, 2.1204, 5.049 ],[-0.8541,-0.027 ,-0.0331,-0.2969],0.2137
3712,[-0.866 , 0.058 ,-0.0935,-0.2556],[ 2.4983, 4.877 ,-0.4173, 0.8441, 2.7439],[-0.8668, 0.0622,-0.0955,-0.2725],0.2219
3720,[-0.8519,-0.0777, 0.0394,-0.3156],[ 0.2904, 3.3831, 0.1647,-0.0756,-0.0511],[-0.8536,-0.0745, 0.0368,-0.3143],0.1926
3721,[-0.8474,-0.0969, 0.0846,-0.3274],[ 1.0362,-0.3612, 7.2226, 0.3182, 3.3699],[-0.849 ,-0.0962, 0.0795,-0.3205],0.1551
3800,[-0.8385,-0.0409,-0.0106,-0.4496],[ 2.6466, 1.712 ,43.1459, 2.3202, 2.1012],[-0.8405,-0.0353,-0.0232,-0.4589],0.1663
3802,[-0.8651,-0.0355,-0.077 ,-0.4643],[ 0.5019, 7.2203, 0.0287,-0.4858, 0.1343],[-0.8667,-0.0231,-0.086 ,-0.4623],0.2405
3810,[-0.8648, 0.0816,-0.0418,-0.48  ],[1.5509,0.6343,1.3806,3.3185,0.2636],[-0.8673, 0.078 ,-0.0372,-0.4808],0.2403
3812,[-0.853 , 0.0915,-0.091 ,-0.4855],[ 0.9081,19.4135, 0.436 , 0.1739, 0.4853],[-0.8552, 0.0918,-0.0827,-0.4824],0.1753
3820,[-0.8526,-0.0835, 0.0344,-0.4551],[6.1191,3.3566,0.4557,0.5776,1.2754],[-0.855 ,-0.0789, 0.0258,-0.4558],0.1975
3821,[-0.8436,-0.0956, 0.0867,-0.4557],[2.5651,0.2828,7.2824,3.6092,0.7345],[-0.8457,-0.0955, 0.083 ,-0.4472],0.1439
3822,[-0.8617,-0.0609,-0.0798,-0.4658],[-0.1636,-0.0249,-0.7095,-0.1566,-0.4209],[-0.8635,-0.0473,-0.0777,-0.4641],0.2228
3823,[-0.8485,-0.1609, 0.1681,-0.4979],[-0.4063,-1.2456, 1.2291, 1.5598,-0.2699],[-0.8504,-0.1634, 0.1658,-0.4947],0.1032
3841,[-0.8534,-0.1683, 0.1203,-0.4864],[0.7462,1.0506,0.7013,0.7956,1.7123],[-0.8564,-0.1652, 0.1099,-0.4807],0.1417
3900,[-0.8425,-0.0353, 0.0094,-0.7432],[25.3315, 0.9981, 5.9178, 3.1667, 0.9856],[-0.8458,-0.0328, 0.0041,-0.737 ],0.1816
3901,[-0.8369,-0.0383, 0.0782,-0.9712],[ 0.9369,-1.3453, 2.0684,69.9205,-0.2522],[-0.8407,-0.0433, 0.0799,-0.9556],0.1464
3902,[-0.8403, 0.0244,-0.0852,-0.661 ],[-0.7024,48.2034,-1.168 , 1.1625,-0.7102],[-0.8427, 0.0309,-0.089 ,-0.6554],0.1539
3910,[-0.85  , 0.0783,-0.0418,-0.747 ],[  0.9365,  0.5123,110.4685,  1.7256,  0.4303],[-0.8535, 0.0762,-0.0419,-0.7451],0.1911
3912,[-0.8447, 0.0988,-0.1117,-0.7867],[ 2.1648e+00, 5.7779e+02,-3.9553e-01, 1.3426e+00, 2.2661e-01],[-0.8478, 0.1022,-0.1125,-0.7875],0.1372
3914,[-0.8536, 0.1472,-0.1704,-0.7148],[ 1.0357, 2.7321,-0.9105,-0.0377,-0.5316],[-0.8559, 0.1523,-0.1714,-0.7083],0.1221
3920,[-0.8517,-0.0814, 0.0447,-0.6308],[ 1.9954,55.3894, 1.4313, 1.575 , 0.9649],[-0.8548,-0.0792, 0.0453,-0.625 ],0.1929
3921,[-0.8427,-0.0877, 0.0897,-0.6909],[  4.1207, -0.3338,110.1923,  1.9723,  0.3115],[-0.8457,-0.0889, 0.0853,-0.6818],0.1453
3923,[-0.8317,-0.1462, 0.1835,-0.6181],[-0.0531,-2.1528, 2.563 ,-0.1852,-0.473 ],[-0.8333,-0.1513, 0.1832,-0.6059],0.0522
3934,[-0.8627, 0.1716,-0.1737,-0.7007],[ 0.3866, 4.8879,-0.4605, 3.0374, 0.2222],[-0.8654, 0.175 ,-0.1717,-0.6836],0.1433
3941,[-0.8389,-0.1826, 0.1225,-0.5763],[1.2469,0.5676,2.0942,3.8408,0.7691],[-0.8426,-0.1787, 0.108 ,-0.5633],0.0955
3943,[-0.8416,-0.1836, 0.1848,-0.5628],[ 2.0295,-0.6915, 5.4375, 1.6935,-0.3376],[-0.8438,-0.1858, 0.1789,-0.5588],0.0722
4700,[-0.8081,-0.0538, 0.0312,-0.3542],[ 1.0359, 0.3046, 1.5487,-0.5431, 2.7843],[-0.8098,-0.0526, 0.0315,-0.3618],0.0655
4720,[-0.8061,-0.0623, 0.031 ,-0.3504],[ 0.0759, 1.0924,-0.7889,-0.5455, 0.175 ],[-0.8078,-0.0606, 0.0336,-0.351 ],0.056
4721,[-0.7944,-0.1011, 0.1334,-0.3602],[-0.0382,-0.876 , 0.4924,-0.615 , 0.7318],[-0.7955,-0.104 , 0.1334,-0.3776],-0.0164
4800,[-0.7934,-0.0469, 0.0237,-0.4624],[ 0.4041, 2.622 , 0.8409,-0.3511, 3.9555],[-0.7955,-0.0458, 0.026 ,-0.4701],0.0253
4801,[-0.8143,-0.0481, 0.1467,-0.4924],[-0.0193,-1.1955, 0.7833,-0.9815,-0.6084],[-0.815 ,-0.0565, 0.1522,-0.4819],0.0417
4802,[-0.8129, 0.0329,-0.0939,-0.4859],[-0.1022, 1.7213,-1.0791,-0.534 ,-0.0112],[-0.8145, 0.0381,-0.0958,-0.4824],0.0606
4812,[-0.8211, 0.0605,-0.1109,-0.4916],[ 0.0812, 1.6677,-0.5558,-0.4808, 1.7886],[-0.8227, 0.0655,-0.1128,-0.5087],0.0725
4820,[-0.7942,-0.0707, 0.0411,-0.439 ],[ 0.0669, 0.5717, 0.0757,-0.2163, 0.4305],[-0.7963,-0.0691, 0.039 ,-0.4256],0.0216
4821,[-0.8075,-0.084 , 0.0965,-0.4612],[ 1.3223,-0.6006, 1.6955, 0.0462, 0.7422],[-0.8093,-0.0857, 0.0962,-0.4584],0.0354
4900,[-0.7956, 0.0037, 0.0222,-0.864 ],[  1.0277,  0.9642,444.9966,  0.7086,  1.7316],[-0.7994, 0.0017, 0.021 ,-0.8718],0.0407
4901,[-0.7977,-0.0205, 0.0844,-0.8704],[-0.1402,-1.845 ,16.2677, 0.2467,-0.8429],[-0.801 ,-0.0263, 0.0877,-0.8612],0.0318
4902,[-0.7989, 0.0248,-0.0712,-0.7343],[-2.7649e-01, 1.4918e+02,-1.0819e+00, 8.2997e-02,-2.7247e-02],[-0.8018, 0.0291,-0.0723,-0.7305],0.0379
4910,[-0.7925, 0.0633,-0.041 ,-0.7817],[ 1.432 , 3.7718,43.5445, 0.8818, 0.2033],[-0.7961, 0.0627,-0.0424,-0.7859],0.0198
4911,[-0.7848, 0.0708, 0.065 ,-0.8448],[-1.9037,-2.5584,-1.283 ,-1.573 ,-1.5357],[-0.7886, 0.0618, 0.0622,-0.8542],-0.0028
4912,[-0.8051, 0.0659,-0.076 ,-0.7937],[140.843 ,  6.6313, -0.7152,  0.2392,  2.4144],[-0.8084, 0.0682,-0.0793,-0.7964],0.0426
4920,[-0.7961,-0.0707, 0.0346,-0.8049],[ 0.9701,11.7232, 0.4758, 0.8494,-0.016 ],[-0.7998,-0.0691, 0.0361,-0.7904],0.0312
4921,[-0.8083,-0.0768, 0.1006,-0.7008],[16.4929,-0.5297, 2.8902, 1.1684, 0.7409],[-0.8109,-0.0799, 0.1011,-0.6903],0.0396
4923,[-0.8048,-0.1192, 0.1897,-0.7704],[-0.5776,-2.2811, 3.7969, 1.8834,-1.1647],[-0.8062,-0.1264, 0.192 ,-0.7542],-0.0124
4932,[-0.7914, 0.176 ,-0.098 ,-0.7965],[-0.0599, 0.9916,-0.2972, 1.3608, 1.2575],[-0.7963, 0.1723,-0.0877,-0.7984],-0.02
4941,[-0.7977,-0.1804, 0.1166,-0.792 ],[0.3674,1.1354,1.4658,1.314 ,1.3274],[-0.8023,-0.1774, 0.1024,-0.779 ],-0.0107
4943,[-0.8104,-0.1827, 0.2021,-0.6794],[ 1.4563,-0.8515, 3.8152, 2.6748,-0.0506],[-0.8126,-0.186 , 0.1952,-0.6664],-0.0161
5700,[-0.7357, 0.0514,-0.0537,-0.3639],[ 0.2781, 0.3657,-0.1231,-0.5872, 2.1089],[-0.7373, 0.0522,-0.061 ,-0.3814],-0.1131
5800,[-0.7419, 0.0219, 0.0122,-0.46  ],[-0.0628,-0.2668,-0.2178,-1.3101, 0.7854],[-0.7439, 0.0197, 0.0188,-0.4573],-0.0888
5801,[-0.7513,-0.0155, 0.0819,-0.455 ],[-0.926 ,-1.2559, 0.2452,-0.8065,-0.1035],[-0.7529,-0.0198, 0.0843,-0.4713],-0.0797
5802,[-0.7398, 0.0295,-0.0666,-0.4425],[-0.7238, 0.248 ,-0.9643,-1.4246,-0.4246],[-0.7416, 0.0316,-0.0639,-0.4562],-0.101
5810,[-0.7425, 0.0911,-0.0069,-0.4813],[-0.137 ,-1.0475, 0.1037,-0.9902, 0.261 ],[-0.7452, 0.0863, 0.003 ,-0.4988],-0.0987
5812,[-0.742 , 0.1194,-0.1165,-0.4738],[ 0.5938, 1.9132,-0.8759,-0.9356, 0.9353],[-0.7442, 0.1197,-0.1084,-0.485 ],-0.124
5820,[-0.7769,-0.0566, 0.0256,-0.4902],[-0.1459,-0.1913,-0.3144,-0.4397, 0.2357],[-0.7791,-0.0543, 0.0158,-0.4745],-0.0122
5821,[-0.7775,-0.064 , 0.0663,-0.498 ],[ 0.0292,-1.0269, 1.0035,-0.6971, 0.5468],[-0.7796,-0.0645, 0.0624,-0.4807],-0.0253
5900,[-0.756 , 0.0383, 0.0307,-0.8009],[9.8548e-01,1.8695e+00,3.0290e+00,4.4089e-02,5.5847e+02],[-0.7596, 0.0337, 0.0364,-0.8202],-0.0573
5901,[-0.7619, 0.0038, 0.0723,-0.8681],[-5.2871,-6.4899,-3.6195,-5.6094,-5.3522],[-0.7654,-0.0016, 0.0748,-0.8728],-0.05
5902,[-0.7542, 0.0384,-0.0662,-0.7254],[  0.3439,280.8305, -0.4329, -0.465 ,  1.4466],[-0.7572, 0.0407,-0.0661,-0.7315],-0.0704
5910,[-7.4850e-01, 7.3262e-02,-3.2354e-04,-7.4908e-01],[ 5.5916e-02,-2.5441e-01, 1.3743e+00,-5.8998e-01, 6.9159e+01],[-0.7522, 0.0686, 0.0115,-0.7671],-0.0789
5911,[-0.7576, 0.0636, 0.0638,-0.916 ],[-2.9682,-3.682 ,-2.1971,-2.9002,-2.9067],[-0.7616, 0.0557, 0.0637,-0.9301],-0.0639
5912,[-0.7503, 0.0822,-0.0735,-0.6914],[ 0.8351,38.7167,-0.8864,-0.06  , 1.1651],[-0.7535, 0.0821,-0.0653,-0.6986],-0.0863
5914,[-0.7372, 0.1402,-0.1739,-0.5534],[-0.6492, 1.1441,-1.1032,-0.8383,-0.5323],[-0.7386, 0.143 ,-0.1714,-0.5366],-0.152
5920,[-0.7638,-0.072 , 0.0392,-0.8205],[ 0.0662,-0.3721,-1.2541,-0.9087, 0.4922],[-0.7676,-0.0704, 0.0348,-0.8263],-0.0476
5921,[-0.7509,-0.0795, 0.0813,-0.7855],[ 1.2825,-0.6263,15.242 ,-0.2061, 2.7824],[-0.7544,-0.0803, 0.0765,-0.7938],-0.0874
5923,[-0.7678,-0.0967, 0.171 ,-0.9477],[-0.8103,-1.59  , 0.7445,-0.0272,-1.615 ],[-0.7702,-0.1034, 0.1724,-0.9472],-0.0831
5932,[-0.7524, 0.1861,-0.1222,-0.7089],[ 0.5705, 1.5949,-0.0114, 0.7909, 1.109 ],[-0.7567, 0.1841,-0.115 ,-0.7122],-0.1147
5934,[-0.7359, 0.1897,-0.1748,-0.7816],[ 0.0658, 1.0214,-1.4984,-0.0165, 1.1684],[-0.7396, 0.1906,-0.1652,-0.7956],-0.159
5941,[-0.7553,-0.1804, 0.1378,-0.7977],[1.2012,0.5349,1.1602,0.7029,0.8695],[-0.7595,-0.1801, 0.1362,-0.8112],-0.1133
5943,[-0.755 ,-0.1798, 0.1731,-0.9193],[ 0.0053,-0.901 , 3.5488, 0.8513, 0.1089],[-0.7588,-0.182 , 0.1716,-0.9211],-0.1239
6700,[-6.9613e-01, 1.8466e-03, 6.1631e-04,-3.5029e-01],[-0.2817,-0.5002, 1.0761,-1.1969, 7.5576],[-6.9767e-01, 1.7418e-03, 5.5831e-04,-3.6115e-01],-0.1714
6701,[-0.6921,-0.0248, 0.0946,-0.3461],[-1.5089e+00,-2.0946e+00, 1.0592e+00,-2.1051e+00,-1.0408e-03],[-0.693 ,-0.0284, 0.0985,-0.3571],-0.1922
6702,[-0.6968, 0.032 ,-0.084 ,-0.348 ],[-1.0041, 0.5653,-2.2165,-1.9543, 0.5104],[-0.6979, 0.0347,-0.0849,-0.3525],-0.1831
6712,[-0.7115, 0.0698,-0.1128,-0.3293],[-0.3259, 0.448 ,-1.0587,-1.02  , 1.7229],[-0.7124, 0.0721,-0.1106,-0.3365],-0.1705
6721,[-0.6932,-0.0576, 0.1258,-0.3591],[-0.5337,-0.5126, 0.7363,-1.0769, 0.558 ],[-0.694 ,-0.061 , 0.123 ,-0.3766],-0.2001
6800,[-0.6968, 0.0036,-0.0009,-0.4481],[-22.7174,-22.9169,-22.6165,-24.3308,-21.6034],[-0.6988, 0.0036,-0.0022,-0.4584],-0.1675
6801,[-0.6962,-0.0222, 0.0965,-0.4554],[-3.7421,-5.1806,-2.3113,-5.3206,-3.1414],[-0.6976,-0.0262, 0.1011,-0.4663],-0.1851
6802,[-0.6996, 0.034 ,-0.0871,-0.4482],[-15.2893,-14.7552,-15.6467,-15.9772,-14.4072],[-0.7011, 0.037 ,-0.0905,-0.4546],-0.1794
6803,[-0.692 ,-0.046 , 0.1786,-0.4291],[-1.2264,-1.077 ,-0.0871,-0.818 ,-0.6914],[-0.692 ,-0.0519, 0.1686,-0.4462],-0.209
6810,[-0.707 , 0.0726,-0.0312,-0.4594],[-0.2644,-1.0564,-0.3754,-1.3526, 0.5587],[-0.7094, 0.0706,-0.0253,-0.4723],-0.1613
6812,[-0.7064, 0.0701,-0.1114,-0.4569],[-1.7176,-0.507 ,-2.7003,-2.3879, 0.0378],[-0.7078, 0.0726,-0.1104,-0.4677],-0.1777
6814,[-0.6989, 0.0955,-0.1758,-0.4869],[-0.5639,-0.5605,-1.2414,-0.9574,-0.6223],[-0.6993, 0.1   ,-0.1784,-0.4967],-0.2079
6821,[-0.6981,-0.066 , 0.1224,-0.4607],[-0.2623,-1.3714, 0.5322,-1.0632, 0.4882],[-0.6993,-0.0692, 0.1235,-0.4744],-0.1933
6823,[-0.6909,-0.0862, 0.1932,-0.4498],[-0.8501,-1.7794, 0.6665,-1.0646,-0.3077],[-0.6907,-0.0916, 0.1954,-0.4527],-0.2218
6900,[-0.7133, 0.01  ,-0.0252,-0.6007],[ -0.417 ,  1.562 ,208.7237, -0.3569,  2.2943],[-0.7159, 0.0112,-0.0295,-0.6128],-0.1398
6901,[-0.7086,-0.0332, 0.0871,-0.6014],[-0.4441,-2.0815,43.3439,-0.6794, 0.7705],[-0.7109,-0.0363, 0.0858,-0.6143],-0.1624
6902,[-0.7086, 0.0414,-0.0901,-0.577 ],[  0.6705,171.9656, -0.6625, -1.5152,  2.5674],[-0.7107, 0.0443,-0.09  ,-0.5883],-0.164
6910,[-0.7188, 0.0785,-0.0115,-0.7009],[ 1.934 ,-1.7128, 1.7347,-2.3991,20.1181],[-7.2232e-01, 7.4842e-02, 1.3764e-04,-7.1817e-01],-0.1382
6911,[-0.719 , 0.0694, 0.0633,-0.7504],[-2.0902,-2.5449,-1.3318,-2.0459,-2.303 ],[-0.7224, 0.0624, 0.0638,-0.7694],-0.143
6912,[-0.7105, 0.082 ,-0.1034,-0.6298],[-0.0556,37.1215,-2.7261,-2.4396, 0.1218],[-0.7131, 0.0835,-0.0972,-0.6413],-0.1687
6914,[-0.706 , 0.1198,-0.189 ,-0.6077],[ 0.7058, 0.0298,-2.2553,-1.6848,-0.4697],[-0.707 , 0.1242,-0.1901,-0.6179],-0.2027
6920,[-0.7297,-0.0597, 0.0513,-0.6631],[-1.0091,-0.1003,-0.5397,-0.7641,-0.4321],[-0.7328,-0.0595, 0.0448,-0.6804],-0.1198
6921,[-0.7195,-0.0735, 0.1059,-0.6651],[ 1.1213,-1.8211, 3.0403,-1.4363, 3.3198],[-0.722 ,-0.076 , 0.1052,-0.6818],-0.154
6923,[-0.7033,-0.1355, 0.1955,-0.678 ],[ 0.15  ,-1.5827, 3.8907,-0.6432, 0.393 ],[-0.7046,-0.1397, 0.1961,-0.6929],-0.2095
6932,[-0.7233, 0.1951,-0.1384,-0.6036],[-0.2346, 0.3349,-0.403 , 0.4254, 0.409 ],[-0.727 , 0.1936,-0.1314,-0.5995],-0.1735
6934,[-0.7115, 0.1861,-0.2037,-0.6975],[-0.0148, 4.3551,-1.3013,-0.2711,-0.4558],[-0.7138, 0.1884,-0.1967,-0.6954],-0.2047
6941,[-0.7264,-0.1852, 0.1487,-0.7193],[0.9386,0.45  ,0.1912,0.2588,0.5667],[-0.7302,-0.1848, 0.1413,-0.7072],-0.1686
6943,[-0.7037,-0.1802, 0.1992,-0.7272],[ 0.6113,-0.9855, 2.7539, 0.0778,-0.07  ],[-0.7061,-0.1825, 0.1927,-0.7316],-0.2147
7422,[-0.6692,-0.1388,-0.1211, 0.0257],[-4.1425,-3.252 ,-6.0324,-5.0856,-2.5564],[-0.6694,-0.1284,-0.1267, 0.0164],-0.2452
7442,[-0.6661,-0.1835,-0.0924, 0.0227],[-3.0556,-2.4954,-4.9478,-3.5923,-1.8052],[-0.6675,-0.1725,-0.1013, 0.0251],-0.2503
7502,[-0.6655,-0.0377,-0.1337,-0.1043],[-4.0301,-2.8899,-5.9239,-5.1688,-3.0677],[-0.665 ,-0.031 ,-0.1289,-0.1184],-0.2374
7504,[-0.6621,-0.0116,-0.1673,-0.1212],[-4.2394,-3.2012,-5.9215,-4.8379,-3.1142],[-0.6609,-0.0048,-0.1617,-0.1089],-0.2434
7522,[-0.6709,-0.1268,-0.1275,-0.0726],[-2.2294, 4.6059,-4.9341,-3.4499, 5.3224],[-0.6712,-0.1164,-0.132 ,-0.087 ],-0.2419
7524,[-0.6648,-0.0667,-0.1718,-0.0957],[-5.028 ,-4.8902,-6.7227,-5.8755,-4.9459],[-0.6636,-0.0573,-0.1731,-0.1113],-0.2489
7542,[-0.6638,-0.197 ,-0.0796,-0.0109],[-19.3374,-17.3079,-21.5748,-20.8676,-18.2654],[-0.6654,-0.1879,-0.0876,-0.0178],-0.2531
7600,[-0.6726, 0.0027,-0.024 ,-0.2207],[-2.4772,-3.5465,-3.4356,-4.0689,-0.8958],[-0.6735, 0.0032,-0.0128,-0.2326],-0.2069
7601,[-0.6667, 0.0074, 0.0593,-0.2419],[-2.1918,-3.0973,-0.8675,-2.6782,-0.9249],[-0.6675, 0.004 , 0.0742,-0.2587],-0.2231
7602,[-0.6696,-0.032 ,-0.1253,-0.2088],[-17.9106,-16.7057,-20.3023,-19.4569,-16.7398],[-0.6696,-0.0257,-0.1196,-0.2218],-0.2291
7604,[-0.6657,-0.0328,-0.1773,-0.217 ],[-13.708 ,-12.9146,-15.6463,-14.4231,-12.9603],[-0.6646,-0.0243,-0.1772,-0.2257],-0.2442
7622,[-0.6722,-0.0817,-0.1446,-0.1668],[-10.988 , -9.2111,-14.293 ,-12.6001, -9.8828],[-0.672 ,-0.0724,-0.1454,-0.1817],-0.2364
7624,[-0.6697,-0.0705,-0.1728,-0.1922],[-5.6172,-4.4314,-7.5127,-6.1619,-5.5031],[-0.6689,-0.0605,-0.1757,-0.2059],-0.2431
7700,[-0.6776, 0.0024,-0.0159,-0.3272],[-15.5356,-16.2249,-16.6201,-17.0447,-14.5765],[-0.6791, 0.0026,-0.0078,-0.3406],-0.198
7701,[-0.6838,-0.0123, 0.0879,-0.3384],[-3.3871,-4.39  ,-1.6648,-4.0734,-2.5862],[-0.6847,-0.0159, 0.0886,-0.3437],-0.2014
7702,[-0.6719,-0.0071,-0.1102,-0.3061],[-24.844 ,-23.7642,-27.4158,-26.6439,-24.1673],[-0.6725,-0.0023,-0.1024,-0.3201],-0.2204
7703,[-0.6871,-0.0292, 0.1746,-0.3224],[-1.0619,-1.1993,-1.1333,-1.2856,-0.8704],[-0.6867,-0.035 , 0.1572,-0.3059],-0.2121
7704,[-0.6635, 0.0045,-0.185 ,-0.3058],[-12.3016,-11.8176,-14.5103,-13.5391,-12.2365],[-0.6625, 0.0119,-0.184 ,-0.3166],-0.2467
7710,[-0.6628, 0.0578,-0.0421,-0.3177],[-1.2924,-1.8967,-0.6099,-1.9107, 0.3079],[-0.6643, 0.0575,-0.0436,-0.3207],-0.2296
7712,[-0.6643, 0.0688,-0.1232,-0.3417],[-1.0222, 0.2426,-2.0786,-2.0249, 0.5427],[-0.6652, 0.0711,-0.1171,-0.3522],-0.2405
7714,[-0.6613, 0.0729,-0.19  ,-0.3394],[-1.0293, 0.365 ,-2.5257,-1.6149,-0.2355],[-0.6606, 0.0778,-0.1877,-0.3451],-0.2571
7800,[-0.6826, 0.0084,-0.0079,-0.4191],[-59.7776,-59.7365,-60.0497,-60.7868,-59.2945],[-0.6844, 0.0082,-0.0029,-0.4316],-0.1914
7801,[-0.6847,-0.0069, 0.0907,-0.4337],[-6.6471,-7.6868,-5.9216,-7.5965,-6.4325],[-0.686 ,-0.0111, 0.096 ,-0.4447],-0.2001
7802,[-0.6781, 0.0247,-0.0958,-0.4226],[-32.2946,-31.3073,-33.4375,-33.2099,-31.88  ],[-0.6794, 0.028 ,-0.0947,-0.4338],-0.2116
7804,[-0.6657, 0.0398,-0.1834,-0.4202],[-1.8842,-0.851 ,-3.2693,-2.4763,-1.6212],[-0.6653, 0.046 ,-0.182 ,-0.431 ],-0.2462
7810,[-0.6756, 0.0837,-0.0404,-0.4667],[-2.2974,-2.5237,-1.6203,-3.3681,-1.0965],[-0.678 , 0.0823,-0.042 ,-0.4703],-0.2139
7812,[-0.6716, 0.0752,-0.1211,-0.4463],[-2.3099,-1.418 ,-3.686 ,-3.9333,-1.4477],[-0.6729, 0.0775,-0.1177,-0.4587],-0.2315
7814,[-0.6626, 0.0835,-0.1895,-0.4545],[-2.0958, 0.0965,-3.312 ,-2.497 ,-1.672 ],[-0.6626, 0.0882,-0.1868,-0.4635],-0.2562
7900,[-0.6844, 0.0283,-0.0051,-0.5236],[-9.1603,-9.2318,-9.0278,-9.9827,-8.6678],[-0.6867, 0.0271,-0.0008,-0.5344],-0.191
7901,[-0.6859,-0.0035, 0.1045,-0.5279],[-2.8911,-4.1061,-2.4155,-3.7947,-2.3551],[-0.6873,-0.0087, 0.111 ,-0.5354],-0.2005
7902,[-0.684 , 0.044 ,-0.1091,-0.5213],[-6.6354,-6.1196,-6.7429,-6.9053,-6.2121],[-0.6855, 0.0476,-0.1126,-0.5309],-0.2087
7903,[-0.6883,-0.0203, 0.1694,-0.5635],[-1.3689,-2.1839,-0.9113,-1.6989,-1.2853],[-0.689 ,-0.0271, 0.1583,-0.58  ],-0.2078
7904,[-0.677 , 0.0554,-0.172 ,-0.5096],[ 0.1644,-0.1648,-1.5193,-0.9582,-1.09  ],[-0.6773, 0.061 ,-0.171 ,-0.5278],-0.2314
7910,[-0.6765, 0.0888,-0.0315,-0.565 ],[-2.4442,-3.6025,-1.9718,-3.7608,-1.5247],[-0.6795, 0.0866,-0.0291,-0.5692],-0.211
7912,[-0.6773, 0.0923,-0.1265,-0.5821],[-1.9819,-0.9526,-3.5639,-3.9215,-1.7944],[-0.6793, 0.0943,-0.1209,-0.5944],-0.2258
7914,[-0.673 , 0.0933,-0.1845,-0.5664],[-0.6174, 3.0298,-2.2323,-1.1034,-0.0651],[-0.6736, 0.0979,-0.1824,-0.5787],-0.2432
7934,[-0.6873, 0.1768,-0.2503,-0.7389],[-0.4055, 3.4992,-0.8559,-0.8146, 0.7573],[-0.6879, 0.1815,-0.2487,-0.7408],-0.2486
8714,[-0.6419, 0.0794,-0.2092,-0.3712],[-1.1859, 0.9505,-3.0904,-1.8197,-0.9245],[-0.6412, 0.0844,-0.2014,-0.3887],-0.2826
8812,[-0.6425, 0.1006,-0.1522,-0.466 ],[-1.7131,-0.5605,-2.1477,-1.955 ,-0.9209],[-0.6439, 0.1027,-0.138 ,-0.4825],-0.2739
8814,[-0.6392, 0.0812,-0.2181,-0.4292],[-0.6724, 0.9715,-3.0012,-1.7349,-1.2203],[-0.6384, 0.0865,-0.2112,-0.4402],-0.2871
8912,[-0.6396, 0.1201,-0.1305,-0.5819],[-0.7085, 0.6361,-1.1034,-0.9404, 0.8678],[-0.6421, 0.1206,-0.1134,-0.5904],-0.2749
8914,[-0.6333, 0.1093,-0.1913,-0.5251],[-0.5494, 0.911 ,-1.906 ,-1.2238,-0.6823],[-0.634 , 0.1127,-0.1798,-0.5348],-0.2911
