1300,[-0.915 ,-0.0332, 0.0356, 0.1368],[  0.8883,  2.4793,  2.1992,  0.6162,261.6994],[-0.9144,-0.0335, 0.0369, 0.1327],0.4426
1301,[-0.9152,-0.0495, 0.0628, 0.1366],[ 1.4407e-01,-6.4176e-01, 1.0726e+02, 6.6782e-02, 2.8958e+00],[-0.9145,-0.0509, 0.0624, 0.1408],0.4282
1302,[-0.9146, 0.0476,-0.0636, 0.1387],[-2.4197,-1.357 ,-3.4051,-2.2804,-1.4357],[-0.9138, 0.0494,-0.0635, 0.1421],0.4267
1310,[-0.9157, 0.0636,-0.0413, 0.1534],[-10.6323,-11.8063, -9.355 ,-10.7571,-10.4495],[-0.9152, 0.0594,-0.0354, 0.1577],0.4372
1312,[-0.9165, 0.0756,-0.077 , 0.1385],[ 0.9222, 1.5707,-1.7827, 0.94  , 1.4517],[-0.9159, 0.0746,-0.0719, 0.1414],0.408
1320,[-0.9155,-0.0619, 0.0454, 0.1343],[ 0.9516, 7.3818,-0.1213,-0.0316, 5.9077],[-0.915 ,-0.0593, 0.0452, 0.1356],0.4343
1321,[-0.9162,-0.0668, 0.0813, 0.1402],[ 1.2799, 0.125 , 2.9761, 1.4093,13.5507],[-0.9154,-0.0682, 0.0801, 0.1354],0.4106
1341,[-0.9157,-0.1806, 0.1382, 0.1719],[-3.2516,-3.1515,-3.2433,-3.2804,-2.9225],[-0.916 ,-0.1716, 0.1179, 0.1721],0.3534
1343,[-0.9156,-0.1995, 0.19  , 0.1418],[ 0.5913,-0.2878, 3.9576, 1.9654, 2.396 ],[-0.9154,-0.1957, 0.1777, 0.1509],0.3127
1400,[-0.9155,-0.0316, 0.0321, 0.066 ],[2.5497e-01,9.3776e+02,3.6843e+00,5.8327e+00,1.9417e+00],[-0.9152,-0.032 , 0.0348, 0.0721],0.4438
1401,[-0.9148,-0.0469, 0.0637, 0.0676],[ 3.8701e-01,-1.3217e-01, 5.2933e+02,-3.1060e-01, 6.0315e-01],[-0.9144,-0.0491, 0.0642, 0.073 ],0.4288
1402,[-0.9163, 0.041 ,-0.0679, 0.0523],[ 0.0791,39.9016,-0.9242, 0.1591, 1.1216],[-0.9158, 0.0446,-0.0685, 0.0644],0.4303
1410,[-0.9178, 0.0621,-0.0431, 0.0676],[-29.2827,-30.1988,-29.0102,-29.7512,-29.9805],[-0.9176, 0.0586,-0.039 , 0.0742],0.4312
1412,[-0.9171, 0.0713,-0.0807, 0.0629],[ 1.1049,45.3524, 0.6229, 2.0485, 1.5921],[-0.9167, 0.0721,-0.0784, 0.0737],0.4081
1414,[-0.9165, 0.1644,-0.17  , 0.0114],[ 0.3642,31.091 ,-0.4029, 0.5557, 0.5079],[-0.9164, 0.1643,-0.1644, 0.0224],0.3321
1420,[-0.9167,-0.06  , 0.0491, 0.0519],[ 4.9713e-01, 3.5637e+02,-1.1703e-01, 1.4034e-01, 5.7425e-01],[-0.9165,-0.0583, 0.0489, 0.06  ],0.4345
1421,[-0.9166,-0.0667, 0.071 , 0.0535],[  1.183 ,  0.4859,337.662 ,  1.1985,  1.8953],[-0.9163,-0.0667, 0.0686, 0.0612],0.4187
1423,[-0.9194,-0.1444, 0.1722, 0.0249],[ 0.7684,-0.3511,50.0228, 0.4737, 0.4785],[-0.9188,-0.1476, 0.1705, 0.0348],0.3273
1443,[-0.9198,-0.1981, 0.2226, 0.068 ],[ 0.9683,-0.3567,28.3239, 2.5421, 1.2457],[-0.919 ,-0.2001, 0.2212, 0.0808],0.2761
1500,[-0.9156,-0.0206, 0.0196,-0.0618],[ 1.4895, 2.2497, 2.3636,91.8079, 0.6019],[-0.9158,-0.0208, 0.0212,-0.0489],0.4514
1501,[-0.9151,-0.0461, 0.0651,-0.0458],[ 0.1595,-1.0979,43.8161,-0.3541,-1.1116],[-0.9152,-0.049 , 0.0663,-0.0378],0.4265
1502,[-0.9172, 0.039 ,-0.0678,-0.0601],[-8.0768,-5.3968,-9.7569,-7.8989,-8.4975],[-0.9173, 0.0436,-0.0702,-0.0489],0.4293
1510,[-0.9189, 0.0615,-0.0428,-0.0748],[-8.9696,-8.8511,-5.2304,-7.6143,-9.0588],[-0.9193, 0.058 ,-0.0373,-0.0641],0.4326
1512,[-0.919 , 0.0682,-0.0749,-0.0631],[ 1.4306, 1.0955, 0.5491,23.0264, 0.257 ],[-0.9192, 0.069 ,-0.0731,-0.0485],0.4089
1514,[-0.9157, 0.1475,-0.1727,-0.0397],[ 0.155 ,14.6472,-1.0762, 0.6655, 0.522 ],[-0.9153, 0.1509,-0.1735,-0.0255],0.3276
1520,[-0.9165,-0.0605, 0.049 ,-0.0578],[ 1.0582e+00, 1.8241e+02,-2.1991e-01, 1.1508e+00, 5.5504e-02],[-0.9168,-0.0589, 0.0491,-0.0486],0.4344
1521,[-0.9162,-0.0665, 0.0701,-0.0601],[  1.1645,  0.1684,119.2165,119.3159,  0.309 ],[-0.9163,-0.0669, 0.0686,-0.0503],0.4208
1523,[-0.9206,-0.1429, 0.1771,-0.0642],[-0.3333,-0.8616,34.7709, 0.8051,-0.1316],[-0.9202,-0.148 , 0.1776,-0.0528],0.3182
1543,[-0.9252,-0.1755, 0.211 ,-0.0176],[ 0.023 ,-0.2282, 4.505 ,15.0969, 0.9292],[-0.9244,-0.1807, 0.2144,-0.0031],0.2677
1600,[-0.9161,-0.0048, 0.0045,-0.1642],[-58.0805,-57.262 ,-57.1081,-56.7959,-59.3972],[-0.9168,-0.0049, 0.0052,-0.1564],0.4565
1601,[-0.9157,-0.0435, 0.0678,-0.1685],[-20.257 ,-21.3089,-19.0064,-20.1579,-20.7639],[-0.9162,-0.0479, 0.0707,-0.1636],0.4247
1602,[-0.9141, 0.0458,-0.0655,-0.1684],[-0.6917, 4.2701,-3.0143, 3.8501,-1.9622],[-0.9146, 0.0492,-0.0668,-0.1666],0.4296
1603,[-0.9207,-0.0533, 0.1819,-0.1467],[-0.8903,-1.2632,-0.6619,-0.4837,-1.3454],[-0.9194,-0.0729, 0.1874,-0.1325],0.3534
1610,[-0.9176, 0.0618,-0.0439,-0.1766],[-16.804 ,-16.9655,-16.9952,-16.1969,-17.9986],[-0.9185, 0.0584,-0.0363,-0.1658],0.4353
1612,[-0.9164, 0.0676,-0.073 ,-0.1797],[-1.1281, 0.9336,-3.2162, 0.6789,-1.8227],[-0.9171, 0.0684,-0.0698,-0.1698],0.4148
1620,[-0.9145,-0.0618, 0.0474,-0.166 ],[ 0.4427, 3.3894,-2.3199, 4.6273,-2.9485],[-0.9152,-0.0598, 0.0451,-0.1571],0.438
1621,[-0.9143,-0.0708, 0.0738,-0.1661],[ 0.7186,-0.9802, 3.948 ,86.5877,-0.2148],[-0.9149,-0.0715, 0.0724,-0.1557],0.4175
1623,[-0.9178,-0.1116, 0.1787,-0.1292],[-1.0693,-2.4733, 0.4797,-1.2388,-2.5391],[-0.9173,-0.1217, 0.1799,-0.125 ],0.3419
1700,[-0.9154, 0.0112,-0.0065,-0.2859],[-54.3081,-54.0004,-53.9828,-53.6458,-55.139 ],[-0.9166, 0.0103,-0.0043,-0.2744],0.4627
1701,[-0.9144,-0.042 , 0.0677,-0.2714],[-11.6456,-12.1127,-10.2268,-11.0174,-12.1572],[-0.9153,-0.047 , 0.0721,-0.2628],0.4293
1702,[-0.9158, 0.0447,-0.068 ,-0.3169],[-8.9166,-7.1708,-8.8878,-8.2607,-9.3705],[-0.917 , 0.049 ,-0.0686,-0.3035],0.4287
1710,[-0.9158, 0.0625,-0.0449,-0.2768],[-10.1441,-10.428 , -9.8012, -9.16  ,-10.5366],[-0.9171, 0.0597,-0.0393,-0.2641],0.4376
1712,[-0.9162, 0.0662,-0.0718,-0.2865],[-23.7575,-23.1157,-24.359 ,-22.8191,-24.3452],[-0.9173, 0.0679,-0.0715,-0.2739],0.4168
1720,[-0.9153,-0.0659, 0.0442,-0.2749],[-19.8749,-19.6978,-20.1152,-19.1202,-21.099 ],[-0.9166,-0.0629, 0.0404,-0.2662],0.4366
1721,[-0.9147,-0.0735, 0.077 ,-0.2673],[-41.7468,-41.7301,-40.4503,-41.3109,-42.1829],[-0.9158,-0.0746, 0.0756,-0.257 ],0.4134
1800,[-0.9133, 0.0121,-0.0227,-0.3979],[-28.578 ,-29.1784,-29.4895,-28.6056,-30.8029],[-0.9149, 0.0154,-0.0323,-0.3834],0.4671
1802,[-0.9151, 0.0401,-0.0707,-0.3925],[-2.9717,-2.1081,-4.1667,-2.1915,-4.7634],[-0.9164, 0.0468,-0.0787,-0.3776],0.4236
1810,[-0.9128, 0.0598,-0.0391,-0.3997],[-2.9683,-2.3471,-2.5409,-1.9156,-3.4882],[-0.9146, 0.0569,-0.0347,-0.3824],0.4475
1812,[-0.9114, 0.0914,-0.0921,-0.3767],[-10.0043, -9.8508,-10.4801, -8.9203,-11.0525],[-0.913 , 0.0926,-0.0899,-0.3647],0.3972
1820,[-0.9149,-0.0809, 0.0326,-0.3922],[-4.1741,-3.2423,-3.8006,-3.2211,-4.3981],[-0.9168,-0.0753, 0.036 ,-0.3758],0.4363
2210,[-0.904 , 0.0623,-0.0194, 0.2619],[-1.5047,-1.6102,-0.598 ,-1.8057,-0.5627],[-9.0317e-01, 5.4499e-02,-2.1931e-04, 2.4755e-01],0.4143
2300,[-0.9088,-0.0392, 0.0386, 0.1411],[-89.612 ,-89.1207,-88.8759,-89.8318,-87.8986],[-0.9083,-0.0388, 0.0376, 0.133 ],0.4211
2301,[-0.9088,-0.0503, 0.0639, 0.1391],[-25.8589,-26.7418,-24.7754,-26.6139,-24.1323],[-0.9081,-0.0516, 0.0634, 0.1365],0.4079
2302,[-0.9094, 0.0486,-0.0647, 0.1439],[-14.3414,-13.7245,-14.5028,-14.4049,-13.8187],[-0.9087, 0.0502,-0.0638, 0.1414],0.4111
2310,[-0.908 , 0.0644,-0.0397, 0.1498],[-11.3166,-10.8901,-10.4125,-11.2432, -9.9156],[-0.9075, 0.0598,-0.0304, 0.1461],0.4166
2312,[-0.9078, 0.0713,-0.0793, 0.1492],[-10.8727,-10.5883,-11.7844,-11.429 , -9.5835],[-0.9071, 0.0713,-0.0751, 0.1474],0.3888
2320,[-0.9089,-0.0607, 0.0474, 0.1401],[-10.5568,-10.0324,-11.06  ,-11.4783,-10.3226],[-0.9084,-0.0583, 0.0445, 0.1369],0.4151
2321,[-0.9075,-0.0634, 0.0795, 0.1424],[-33.9387,-34.7584,-34.0827,-35.1333,-33.297 ],[-0.9068,-0.065 , 0.0792, 0.135 ],0.3882
2400,[-0.9085,-0.0415, 0.0355, 0.0594],[  1.3988,  6.5006,  8.8751, -1.0978,911.3413],[-0.9084,-0.0402, 0.0324, 0.046 ],0.4247
2401,[-0.9092,-0.0489, 0.0633, 0.0743],[-0.5436,-1.6444,69.2912,-1.9443, 7.3769],[-0.9088,-0.0505, 0.0628, 0.0673],0.412
2402,[-0.907 , 0.037 ,-0.0662, 0.0585],[-32.573 ,-31.808 ,-33.5149,-33.1532,-32.6709],[-0.9066, 0.0407,-0.067 , 0.0496],0.4049
2410,[-0.9081, 0.0633,-0.0408, 0.0616],[-17.1637,-18.4524,-16.5346,-17.3435,-17.1934],[-0.9081, 0.0595,-0.0351, 0.055 ],0.4176
2412,[-0.908 , 0.0723,-0.0788, 0.0773],[-5.3122,-3.8687,-8.3849,-6.2096,-3.3379],[-0.9076, 0.0723,-0.0748, 0.0689],0.3906
2414,[-0.9108, 0.1462,-0.1691, 0.0151],[-3.4386,-2.2807,-5.5915,-4.2058,-2.2499],[-0.9104, 0.1484,-0.1653, 0.0138],0.3215
2420,[-0.9076,-0.0612, 0.0469, 0.0515],[-5.2803,-6.9458,-7.1377,-7.0325,-4.5138],[-0.9075,-0.0585, 0.0406, 0.0408],0.4131
2421,[-0.9067,-0.069 , 0.0804, 0.0625],[ 3.3684, 0.0762,30.2141,-0.1221,30.1374],[-0.9064,-0.07  , 0.0782, 0.0513],0.3847
2500,[-0.9087,-0.0297, 0.0167,-0.056 ],[1.4515e+00,1.1087e+03,2.8129e+00,5.2778e-01,1.6665e+00],[-0.909 ,-0.0281, 0.0172,-0.0691],0.4364
2501,[-0.9087,-0.0465, 0.0657,-0.059 ],[ -0.5323, -0.4984,112.9072, -0.6373, -0.2574],[-0.9089,-0.0493, 0.0664,-0.0705],0.4112
2502,[-0.9073, 0.0287,-0.0652,-0.0721],[ 3.3349e-01, 8.8821e+01,-1.4820e+00,-2.5119e-02,-5.4687e-01],[-0.9075, 0.0339,-0.0671,-0.0842],0.412
2510,[-0.9078, 0.0626,-0.0443,-0.0534],[-16.4617,-16.982 ,-14.6455,-16.998 ,-16.0447],[-0.9082, 0.0597,-0.0401,-0.0648],0.4157
2512,[-0.9064, 0.0699,-0.0804,-0.0695],[-3.0905,-2.7893,-5.6737,-4.2746,-2.4276],[-0.9067, 0.0713,-0.079 ,-0.0781],0.3849
2520,[-0.9071,-0.0628, 0.0472,-0.0648],[ 0.1611,90.607 , 0.1274, 0.7782, 1.0582],[-0.9075,-0.0609, 0.0471,-0.0788],0.4088
2521,[-0.9075,-0.0697, 0.0792,-0.0669],[  1.5429, -0.3177,  2.9982,  1.2756,305.3905],[-0.9078,-0.071 , 0.0779,-0.0813],0.3904
2543,[-0.9035,-0.1709, 0.1939,-0.1087],[ 0.9717,-0.4761, 4.7481, 2.154 ,43.2507],[-0.9035,-0.1739, 0.1908,-0.1143],0.27
2600,[-0.9092,-0.0083, 0.004 ,-0.1496],[ 1.6288, 5.7462,53.551 , 0.4983, 0.482 ],[-0.9098,-0.0076, 0.0028,-0.1575],0.4448
2601,[-0.9086,-0.0483, 0.07  ,-0.1533],[-14.071 ,-15.6966,-13.3196,-14.8446,-15.0425],[-0.9092,-0.0518, 0.0714,-0.159 ],0.4089
2602,[-0.9091, 0.0454,-0.067 ,-0.1494],[-0.6879,71.9408,-0.2242, 0.9778, 1.3647],[-0.9096, 0.0489,-0.0687,-0.1579],0.4137
2610,[-0.9087, 0.0641,-0.0439,-0.1829],[-7.3147,-7.5372,-6.0054,-6.4201,-7.228 ],[-0.9097, 0.061 ,-0.0384,-0.1879],0.4222
2612,[-0.9088, 0.0697,-0.0847,-0.1646],[ 0.7587,66.6512,-0.4356, 0.8225, 2.8321],[-0.9094, 0.0719,-0.0828,-0.1735],0.3947
2620,[-0.9086,-0.0639, 0.0489,-0.1685],[ 1.2204,86.188 , 0.5916, 0.79  , 0.4638],[-0.9095,-0.0624, 0.0494,-0.181 ],0.4162
2621,[-0.9087,-0.0738, 0.0823,-0.1642],[1.4386e+00,9.4316e-02,2.2836e+02,1.5316e+00,1.0133e+00],[-0.9094,-0.0753, 0.0811,-0.1765],0.394
2623,[-0.9047,-0.1448, 0.1857,-0.1745],[-0.0753,-1.6855, 8.7476, 8.5234,-0.5816],[-0.9044,-0.151 , 0.1895,-0.1623],0.2849
2641,[-0.9079,-0.1742, 0.1459,-0.175 ],[0.949 ,0.1751,0.3607,8.0576,0.5398],[-0.9093,-0.17  , 0.1314,-0.1661],0.3235
2643,[-0.9043,-0.1777, 0.1806,-0.1465],[ 1.2272,-0.4265,45.5548, 7.8676, 0.7114],[-0.905 ,-0.1783, 0.1731,-0.162 ],0.2819
2700,[-0.9029, 0.009 ,-0.0052,-0.3216],[  1.5557,163.8588,  1.9697,  0.3585,  1.9289],[-0.9043, 0.0082,-0.0023,-0.3121],0.4251
2701,[-0.9055,-0.039 , 0.0672,-0.2814],[ 1.2315,-0.187 , 9.8531, 1.3872,-0.4242],[-0.9065,-0.0439, 0.0714,-0.2745],0.4007
2702,[-0.9038, 0.0438,-0.0667,-0.3439],[ 0.2185,47.2553,-0.4364, 1.1788, 0.7969],[-0.9051, 0.0474,-0.0654,-0.3332],0.3958
2710,[-0.9056, 0.0599,-0.0492,-0.3231],[ 0.6386, 0.0836, 3.2567, 4.1506,-0.9639],[-0.9071, 0.0589,-0.0474,-0.3097],0.4077
2712,[-0.9068, 0.0613,-0.0656,-0.314 ],[50.8925, 4.2809, 1.0129, 1.0341, 1.3627],[-0.9081, 0.0626,-0.0651,-0.3049],0.4021
2720,[-0.9071,-0.0643, 0.0479,-0.2696],[-0.036 , 0.0668,-1.3428, 2.322 ,-1.6509],[-0.9084,-0.0627, 0.048 ,-0.2669],0.4117
2721,[-0.9042,-0.0736, 0.0886,-0.2871],[ 0.8986, 0.544 ,19.9323, 4.7988, 0.5544],[-0.9053,-0.0762, 0.0875,-0.2806],0.3728
2800,[-0.8916, 0.0111,-0.003 ,-0.435 ],[  1.8188,  1.8817,288.3405,  2.2359,  0.7205],[-0.8935, 0.0108,-0.0066,-0.4199],0.3813
2801,[-0.8948,-0.0366, 0.0674,-0.4442],[ 2.6586,-0.0721, 2.9284,12.4708, 0.1023],[-0.8965,-0.0413, 0.0689,-0.4268],0.3594
2802,[-0.8992, 0.041 ,-0.0674,-0.4044],[ 0.1485,34.6595, 0.1314, 1.2513,-0.1194],[-0.9007, 0.0457,-0.0716,-0.3908],0.3742
2810,[-0.8966, 0.0622,-0.0454,-0.4398],[ 2.2633, 0.66  , 2.8442, 4.3453,-0.1133],[-0.8986, 0.0603,-0.041 ,-0.423 ],0.3731
2812,[-0.8979, 0.0634,-0.0639,-0.4269],[ 0.8237,39.6589, 0.0519, 4.301 , 0.8764],[-0.8997, 0.0643,-0.0627,-0.4121],0.3653
2820,[-0.8961,-0.0702, 0.0345,-0.4677],[ 0.1382, 1.2197,-0.2161, 1.6581,-0.384 ],[-0.8984,-0.0661, 0.0316,-0.4554],0.3735
2821,[-0.9024,-0.077 , 0.0919,-0.4277],[ 1.7155, 1.201 ,45.8243, 1.3427, 0.1686],[-0.904 ,-0.0799, 0.0899,-0.4115],0.3639
2900,[-0.8776, 0.0231, 0.0015,-0.5736],[-3.1190e-01, 4.7976e-01, 1.1588e+01, 8.1295e+02,-5.2580e-01],[-0.8801, 0.0205, 0.0017,-0.5557],0.3238
2901,[-0.8895,-0.0221, 0.0651,-0.5378],[ 4.2816e-01,-1.3823e-02, 1.9402e+02, 5.5658e-01,-6.4759e-01],[-0.8916,-0.0286, 0.069 ,-0.5209],0.3438
2902,[-0.8771, 0.047 ,-0.066 ,-0.6137],[ 0.8754,24.7394,-1.5966, 2.0027,-1.9431],[-0.8796, 0.0504,-0.0678,-0.5982],0.2862
2910,[-0.8783, 0.0633,-0.0406,-0.5822],[-64.8147,-64.9989,-64.1388,-64.1857,-65.2384],[-0.8809, 0.0613,-0.0371,-0.5645],0.3003
2912,[-0.882 , 0.0633,-0.0626,-0.5792],[-0.5147, 4.2153,-1.4324,26.4594,-1.2157],[-0.8845, 0.0643,-0.0616,-0.5624],0.3031
2920,[-0.8854,-0.0786, 0.0483,-0.5145],[-5.2613,-5.428 ,-5.4234,-4.7113,-6.0302],[-0.8879,-0.0745, 0.0344,-0.4963],0.3234
2921,[-0.8807,-0.0877, 0.0988,-0.6139],[ 2.9338e-01,-3.8136e-01, 1.4091e+00, 1.6183e+02, 6.2320e-02],[-0.8831,-0.0904, 0.0966,-0.5963],0.2715
3800,[-0.8633, 0.0332,-0.0045,-0.4825],[2.0049,0.2549,4.155 ,1.8516,1.6238],[-0.8655, 0.0306,-0.0048,-0.4749],0.264
3900,[-0.8562, 0.0408, 0.0011,-0.675 ],[  1.9573,  0.5575,436.534 ,  1.4249,  0.488 ],[-0.8592, 0.037 , 0.0016,-0.6583],0.2365
3901,[-0.845 ,-0.0205, 0.0702,-0.7723],[-0.5194,-1.6829, 6.4077, 0.3235,-1.1973],[-0.8481,-0.0261, 0.0724,-0.7596],0.1781
3902,[-0.853 , 0.0491,-0.0655,-0.688 ],[-1.8831,15.5618,-2.7729,-0.2057,-2.483 ],[-0.8558, 0.0519,-0.0671,-0.6767],0.1989
3910,[-0.8419, 0.0631,-0.0372,-0.7591],[  1.8423,  0.8069,  8.4084,423.7199,  0.9962],[-0.8453, 0.0608,-0.029 ,-0.743 ],0.1729
3912,[-0.8323, 0.0656,-0.0617,-0.7902],[  0.7764,204.6676, -0.5417,  1.2843,  0.4742],[-0.8357, 0.0662,-0.0591,-0.7807],0.1293
3921,[-0.8629,-0.065 , 0.0934,-0.6496],[ 1.2765, 0.3026,17.8674, 1.6377, 0.8359],[-0.8653,-0.0693, 0.0937,-0.6412],0.2145
4900,[-0.7958, 0.0493,-0.0346,-0.9248],[-6.9957,-7.6496,-6.6794,-7.3563,-8.954 ],[-0.7999, 0.0491,-0.0359,-0.919 ],0.0374
4902,[-0.7903, 0.0448,-0.0696,-0.7906],[ 3.5612e-01, 3.8315e+02,-3.2421e-01,-6.2241e-01,-2.6748e-01],[-0.7936, 0.0474,-0.07  ,-0.7936],0.0121
4910,[-0.805 , 0.061 ,-0.0502,-0.826 ],[  0.972 ,  0.1971,128.5979,  0.4192,  1.9316],[-0.8086, 0.0613,-0.0517,-0.8238],0.0536
4912,[-0.8053, 0.0616,-0.065 ,-0.8211],[ 6.9265e-01, 3.2206e+02,-2.6353e-01, 3.1323e-01, 1.2624e+00],[-0.8089, 0.0627,-0.0628,-0.8197],0.0506
5900,[-0.7475, 0.012 ,-0.0316,-0.7445],[  1.2641,  1.6718,206.1513, -0.2425,  1.2047],[-0.7508, 0.0138,-0.0373,-0.7533],-0.0735
5901,[-0.7354,-0.045 , 0.057 ,-0.7143],[-1.1002,-1.9959, 2.4113,-0.8216, 4.0256],[-0.7386,-0.0462, 0.0559,-0.7282],-0.1083
5902,[-0.7588, 0.0341,-0.0657,-0.7587],[ 3.3762e-01, 3.6665e+02,-1.8541e-01,-3.9987e-01, 4.9255e-01],[-0.7619, 0.0367,-0.066 ,-0.7655],-0.0592
5910,[-0.7583, 0.0586,-0.0414,-0.8716],[ 0.3701,-1.7151, 4.3793,-2.273 , 8.5432],[-0.7624, 0.0579,-0.0356,-0.8893],-0.0563
5912,[-0.7585, 0.0616,-0.0681,-0.8809],[-3.3663,-1.9698,-7.232 ,-6.4148,-2.9615],[-0.7624, 0.0629,-0.0653,-0.8949],-0.064
6700,[-0.6921, 0.0038,-0.0105,-0.3639],[-0.1028,-0.586 , 0.5575,-1.0401, 4.2371],[-0.6937, 0.0037,-0.0022,-0.372 ],-0.1724
6800,[-0.6932, 0.0011, 0.0096,-0.4706],[-21.7923,-21.5089,-21.1787,-22.9078,-20.5088],[-6.9532e-01, 4.5585e-04, 1.2220e-02,-4.8561e-01],-0.1727
6801,[-0.6921,-0.0076, 0.0709,-0.4719],[-3.434 ,-4.9551,-2.2552,-4.7652,-2.3744],[-0.694 ,-0.0103, 0.0626,-0.487 ],-0.1819
6802,[-0.6924, 0.0223,-0.0737,-0.474 ],[-23.4386,-23.3489,-23.7022,-24.5812,-22.7464],[-0.6941, 0.0249,-0.0732,-0.4888],-0.1856
6900,[-0.7124, 0.0011,-0.0072,-0.6065],[ 1.1524e+00,-2.3892e-01, 2.6845e+02,-5.1065e-01, 2.0407e+00],[-0.7151, 0.0017,-0.0114,-0.6193],-0.139
6901,[-0.6964,-0.0077, 0.0666,-0.5317],[-0.716 ,-1.4083,43.3252,-1.0697,-0.3348],[-0.6986,-0.0103, 0.0563,-0.5475],-0.1733
6902,[-0.7139, 0.0337,-0.0695,-0.6429],[-0.184 ,44.2005, 0.1021,-1.5397,42.6362],[-0.7166, 0.036 ,-0.0691,-0.659 ],-0.1491
6910,[-0.7156, 0.0631,-0.0312,-0.7281],[-0.8683,-3.5688,-0.0282,-3.3001,-0.3185],[-0.7191, 0.0615,-0.0233,-0.7451],-0.1417
6912,[-0.7198, 0.0616,-0.079 ,-0.7199],[-10.9811, -9.7708,-13.691 ,-13.1367, -9.9427],[-0.7229, 0.0629,-0.073 ,-0.7347],-0.1437
7422,[-0.6697,-0.1517,-0.1126, 0.0186],[-4.3774,-3.8123,-6.6623,-5.4155,-2.8791],[-0.6702,-0.1411,-0.1187, 0.0069],-0.2448
7442,[-0.6667,-0.1803,-0.0933, 0.0154],[-3.2875,-2.8868,-5.1643,-4.0932,-2.1043],[-0.6681,-0.1694,-0.1019, 0.0117],-0.2492
7502,[-0.6661,-0.0529,-0.1476,-0.1237],[-3.2613,-1.9384,-4.6821,-4.3828,-1.8076],[-0.6655,-0.045 ,-0.1447,-0.14  ],-0.2407
7522,[-0.6713,-0.1327,-0.1242,-0.0803],[-2.9416,-0.0614,-5.972 ,-4.3128, 0.5817],[-0.6718,-0.1222,-0.1291,-0.0953],-0.2416
7542,[-0.6638,-0.1967,-0.0795,-0.012 ],[-20.8505,-18.6873,-22.9436,-22.3236,-19.6592],[-0.6655,-0.1875,-0.0874,-0.0202],-0.253
7602,[-0.6714,-0.0417,-0.131 ,-0.222 ],[-21.0456,-19.6387,-23.344 ,-22.7228,-20.0623],[-0.6715,-0.0347,-0.1261,-0.2369],-0.2286
7604,[-0.6693,-0.0509,-0.1677,-0.2325],[-14.924 ,-13.5094,-16.5575,-15.3151,-14.1057],[-0.6686,-0.0419,-0.1672,-0.2479],-0.2395
7622,[-0.6726,-0.0816,-0.1418,-0.1698],[-13.3954,-11.8118,-16.7404,-15.2657,-12.2032],[-0.6725,-0.0724,-0.1422,-0.1849],-0.2352
7624,[-0.6703,-0.0651,-0.1667,-0.2079],[-6.2037,-5.4045,-8.1078,-6.7886,-5.454 ],[-0.6697,-0.0555,-0.1677,-0.2246],-0.2402
7700,[-6.7837e-01,-4.4674e-04,-2.8106e-02,-3.4668e-01],[-15.5975,-16.3035,-16.3562,-17.1667,-14.1402],[-6.7993e-01, 2.8396e-04,-1.5550e-02,-3.6169e-01],-0.1959
7702,[-0.6736,-0.0141,-0.1047,-0.307 ],[-30.2933,-29.2445,-32.4539,-31.8169,-29.6966],[-0.6743,-0.0093,-0.0952,-0.3222],-0.2165
7704,[-0.6683,-0.0375,-0.1667,-0.2555],[-13.9843,-13.594 ,-15.8453,-15.024 ,-13.6146],[-0.6677,-0.0291,-0.1647,-0.2698],-0.2385
7800,[-0.6837, 0.0056,-0.011 ,-0.4228],[-58.7026,-58.7804,-58.9076,-59.7957,-58.1305],[-0.6856, 0.0054,-0.0021,-0.438 ],-0.1878
7801,[-0.6873,-0.0044, 0.0665,-0.446 ],[-6.597 ,-7.3947,-5.3322,-7.3092,-6.3361],[-0.6891,-0.0072, 0.0605,-0.4626],-0.189
7802,[-0.6786, 0.0144,-0.0799,-0.4127],[-39.5996,-38.6729,-40.4614,-40.4604,-39.2458],[-0.6801, 0.0171,-0.0716,-0.4278],-0.2055
7812,[-0.6714, 0.0565,-0.1468,-0.4839],[-4.2258,-3.2767,-5.4096,-5.3021,-3.6448],[-0.6724, 0.0607,-0.1404,-0.5019],-0.2334
7900,[-0.6868, 0.0215,-0.0025,-0.5155],[ -9.6671,-10.0399, -9.3417,-10.5692, -9.4517],[-0.6891, 0.0205, 0.0035,-0.5318],-0.1859
7901,[-0.6855, 0.0182, 0.0643,-0.5413],[-2.7797,-3.6586,-2.3701,-3.4619,-2.6519],[-0.6878, 0.0152, 0.0455,-0.5576],-0.1895
7902,[-0.6853, 0.0392,-0.1003,-0.5223],[-7.8704,-7.6454,-8.2965,-8.6625,-7.9034],[-0.687 , 0.0423,-0.0989,-0.5389],-0.2035
7912,[-0.6818, 0.0663,-0.1088,-0.5725],[-4.9376,-4.5785,-6.7227,-6.6193,-4.7978],[-0.6839, 0.0683,-0.0983,-0.5897],-0.212
