100,[-0.959 ,-0.0227, 0.0344, 0.3953],[0.4117,1.8411,1.0216,0.448 ,0.8547],[-0.9572,-0.0251, 0.037 , 0.4083],0.287
200,[-0.961 ,-0.0027, 0.0117, 0.2886],[0.5   ,2.3255,1.1877,6.7177,0.7263],[-0.9597,-0.0061, 0.0161, 0.3009],0.2764
201,[-0.9602,-0.0346, 0.0922, 0.2824],[-1.0029,-2.0064, 1.1593,-0.944 ,-1.2376],[-0.9583,-0.0516, 0.112 , 0.2964],0.2416
202,[-0.9605, 0.0248,-0.0845, 0.2855],[-0.8328, 1.3874,-1.5548,-0.784 ,-1.1134],[-0.9588, 0.0414,-0.0967, 0.2914],0.25
210,[-0.9673, 0.0758,-0.0295, 0.2639],[-0.8287,-1.5626, 1.0735,-1.2996,-1.0936],[-0.9664, 0.0537,-0.0047, 0.278 ],0.251
212,[-0.9599, 0.1007,-0.1253, 0.2948],[0.4975,2.6133,0.0222,1.9946,0.1306],[-0.9583, 0.1035,-0.1256, 0.308 ],0.2153
220,[-0.9631,-0.0736, 0.0266, 0.2603],[-1.6679, 0.9314,-1.649 ,-0.7489,-1.0232],[-0.9621,-0.0509,-0.0063, 0.2675],0.2585
221,[-0.9593,-0.1002, 0.1129, 0.2861],[ 0.8717, 0.5035,12.465 , 4.5854, 0.9324],[-0.9579,-0.0999, 0.1095, 0.2993],0.2247
300,[-0.9648, 0.0061, 0.0037, 0.1724],[ 0.3284,12.1686, 2.9091, 1.1627,-0.7953],[-9.6395e-01, 8.4497e-04, 1.3442e-02, 1.8304e-01],0.2628
301,[-0.9626,-0.0419, 0.0763, 0.1841],[-0.9871,-1.4784, 2.6244,-0.6137,-1.4719],[-0.9615,-0.0523, 0.0853, 0.1934],0.2404
302,[-0.9696, 0.0236,-0.072 , 0.1682],[-0.7772,-0.2563,-2.8535,-0.7715,-1.8876],[-0.9686, 0.0399,-0.0807, 0.1756],0.2199
310,[-0.9686, 0.0642,-0.0383, 0.174 ],[-1.656 ,-2.5358,-0.2311,-1.8734,-2.9349],[-0.968 , 0.0494,-0.0192, 0.1849],0.2398
312,[-0.9669, 0.0986,-0.0983, 0.1799],[ 0.5214, 1.6269, 0.4454, 7.4352,-0.4542],[-0.9661, 0.0939,-0.0893, 0.1945],0.2058
320,[-0.9661,-0.0709, 0.0387, 0.1759],[-1.4691, 0.4078,-2.5856,-1.3008,-2.7573],[-0.9655,-0.0541, 0.0181, 0.1902],0.249
321,[-0.9619,-0.0874, 0.1006, 0.1874],[ 1.3089e+00, 8.2942e-01, 2.9405e+00, 2.1330e+01,-6.2456e-03],[-0.9609,-0.0886, 0.0991, 0.2009],0.2224
323,[-0.9565,-0.1412, 0.1702, 0.1794],[-0.1326,-1.3409, 0.5962, 0.7573,-1.5434],[-0.9552,-0.1456, 0.1725, 0.1938],0.1896
334,[-0.9774, 0.1905,-0.1926, 0.1594],[ 1.5933, 1.7471,-0.9938, 2.9361,-0.9966],[-0.9768, 0.1836,-0.1814, 0.1723],0.1018
341,[-0.9652,-0.1797, 0.1498, 0.176 ],[-1.5383, 0.2828,-2.0665,-1.2733,-1.8399],[-0.9652,-0.1648, 0.1322, 0.1891],0.1645
343,[-0.9658,-0.22  , 0.2092, 0.154 ],[ 4.4986, 0.1515, 5.8128, 1.6407,-0.2855],[-0.9657,-0.21  , 0.192 , 0.1681],0.122
400,[-0.9657, 0.0019,-0.0016, 0.0632],[ 3.1405,17.1999, 2.2196, 1.564 , 0.1048],[-9.6532e-01, 8.9910e-04, 1.7895e-03, 7.5354e-02],0.2581
401,[-0.9654,-0.0426, 0.0732, 0.0817],[-1.3056,-1.3968, 0.9654, 0.2646,-1.9616],[-0.9647,-0.0542, 0.0859, 0.093 ],0.2276
402,[-0.9655, 0.0383,-0.0651, 0.0614],[ 0.5853,-0.013 ,-2.0618, 1.1789,-2.427 ],[-0.965 , 0.0469,-0.0717, 0.0753],0.235
410,[-0.9657, 0.0646,-0.0419, 0.0738],[-1.6947,-1.3241,-0.1612,-1.2098,-2.361 ],[-0.9654, 0.0537,-0.0283, 0.0881],0.2475
412,[-0.9695, 0.1013,-0.1041, 0.0593],[ 0.1345, 4.6578, 1.0965, 9.2432,-0.4346],[-0.9692, 0.0999,-0.0997, 0.0738],0.1889
414,[-0.9817, 0.1576,-0.1799, 0.014 ],[-0.8875, 2.2255,-0.5443, 1.0414,-0.8574],[-0.9812, 0.1694,-0.1875, 0.0288],0.0918
420,[-0.9619,-0.0731, 0.0278, 0.0476],[-2.0328, 2.6433,-1.7382,-0.251 ,-2.3961],[-0.9619,-0.0578, 0.0137, 0.06  ],0.2609
421,[-0.967 ,-0.0946, 0.1021, 0.0732],[ 0.6798, 0.4871,24.4462, 1.9821,-0.3647],[-0.9666,-0.0948, 0.0989, 0.0862],0.2
423,[-0.9556,-0.1487, 0.1783, 0.0075],[-0.1868,-1.3521, 2.0487,-0.3376,-0.9894],[-0.9549,-0.1563, 0.1864, 0.0231],0.1808
434,[-0.9794, 0.1841,-0.1946, 0.0675],[ 0.399 , 3.2887,-0.0809, 2.1132,-1.6706],[-0.9789, 0.1858,-0.1942, 0.0811],0.0903
441,[-0.9636,-0.1893, 0.1455, 0.0969],[-2.1337,-1.2356,-3.3294,-1.9143,-3.679 ],[-0.964 ,-0.1726, 0.1296, 0.1099],0.1668
443,[-0.9691,-0.2194, 0.2257, 0.0569],[ 0.0302,-0.8114, 1.5426, 4.749 ,-0.8489],[-0.9687,-0.2179, 0.2202, 0.0721],0.0986
500,[-0.9679, 0.0097,-0.0086,-0.0584],[ 1.5056, 1.9083, 3.1785,27.4758,-0.939 ],[-0.9681, 0.0098,-0.0091,-0.0431],0.2476
501,[-0.9695,-0.0432, 0.0658,-0.0775],[ 0.5143,-1.1923, 2.4187,-0.1211,-1.3448],[-0.9696,-0.054 , 0.0779,-0.062 ],0.2132
502,[-0.9685, 0.0461,-0.0666,-0.0658],[ 0.0593, 3.4255,-1.5578,-0.5841,-1.5683],[-0.9685, 0.0591,-0.084 ,-0.0501],0.2134
510,[-0.9642, 0.0614,-0.0431,-0.0753],[-0.5017,-0.3681, 2.5629,-0.2564,-0.8341],[-0.9646, 0.0544,-0.0357,-0.0602],0.2474
512,[-0.9684, 0.0938,-0.1001,-0.0601],[-0.0299, 5.2635, 0.2417,10.5865,-0.5605],[-0.9685, 0.0967,-0.0997,-0.0447],0.1928
514,[-0.9765, 0.1605,-0.1685,-0.0214],[ 0.4733, 1.3054,-1.1852, 1.3571,-1.7294],[-0.9764, 0.1645,-0.172 ,-0.006 ],0.1136
520,[-0.9661,-0.0751, 0.0352,-0.0472],[-0.8652, 1.2214,-2.1266,-0.7108,-2.1527],[-0.9665,-0.0585, 0.0185,-0.0317],0.2445
521,[-0.9669,-0.102 , 0.0989,-0.0647],[ 0.3789,-0.6624, 0.2947,21.9398,-1.1072],[-0.9671,-0.1003, 0.0948,-0.0493],0.1979
523,[-0.9689,-0.1533, 0.177 ,-0.0485],[-0.3695,-0.6445, 1.9668,-0.0602,-1.18  ],[-0.9685,-0.1639, 0.187 ,-0.0327],0.1335
541,[-0.9667,-0.1946, 0.1272,-0.0843],[-1.9976, 0.6411,-2.3257,-1.5729,-2.7513],[-0.9684,-0.1689, 0.0994,-0.0751],0.1651
543,[-0.9691,-0.2148, 0.2209,-0.0636],[-0.2303,-2.2628, 0.6964, 0.7609,-2.4429],[-0.9692,-0.217 , 0.2193,-0.0486],0.0981
600,[-0.9667, 0.0131,-0.0068,-0.1841],[-0.3911, 0.4231, 3.6331, 8.1555,-2.8518],[-0.9674, 0.0107,-0.0045,-0.1684],0.2518
601,[-0.9684,-0.0411, 0.0692,-0.1689],[-0.0075,-0.5229, 4.76  , 0.1424,-1.2741],[-0.9688,-0.0564, 0.0844,-0.1538],0.2133
602,[-0.9636, 0.0508,-0.0611,-0.197 ],[-0.6846, 1.5063,-1.2478,-0.4806,-1.8628],[-0.9643, 0.0587,-0.0728,-0.1871],0.2328
610,[-0.9647, 0.0625,-0.0477,-0.1772],[-0.4677,-0.3904, 1.8959, 0.9201,-1.3692],[-0.9655, 0.0571,-0.0418,-0.1619],0.2405
612,[-0.9627, 0.0869,-0.0848,-0.1934],[-1.3816, 4.3913,-0.794 , 4.1976,-2.488 ],[-0.9635, 0.0871,-0.0828,-0.1784],0.2201
620,[-0.9723,-0.0694, 0.0326,-0.1821],[-1.8573, 0.3689,-2.2889,-1.8897,-2.5101],[-0.9732,-0.0488, 0.0075,-0.1659],0.2275
621,[-0.9658,-0.1002, 0.1073,-0.1846],[ 0.7393,-2.735 ,-0.1151, 1.3911,-3.7471],[-0.9665,-0.104 , 0.1077,-0.1692],0.1935
623,[-0.9654,-0.1502, 0.1791,-0.1894],[-0.4334,-0.9693, 0.7269, 1.5977,-1.1367],[-0.9655,-0.1632, 0.1898,-0.1732],0.1419
643,[-0.9642,-0.226 , 0.2263,-0.171 ],[-1.6437,-3.6673,-1.1814, 0.2898,-3.8017],[-0.9649,-0.2289, 0.2238,-0.1559],0.1046
700,[-0.9627, 0.0172,-0.0074,-0.3016],[-13.0321,-13.0091,-13.0105,-12.6727,-14.9548],[-0.9639, 0.0139,-0.0049,-0.2858],0.2635
701,[-0.9595,-0.0473, 0.0687,-0.2981],[-0.8476,-1.5082, 2.4866, 2.273 ,-1.6657],[-0.9606,-0.0569, 0.0781,-0.2824],0.2447
702,[-0.9604, 0.0507,-0.0655,-0.2654],[-1.0716, 1.0247,-0.8881,-0.2394,-1.8878],[-0.9613, 0.0583,-0.0739,-0.2499],0.2431
710,[-0.961 , 0.0609,-0.0496,-0.2978],[-0.9195,-0.1033, 0.7876, 1.5059,-2.5364],[-0.9624, 0.0575,-0.0446,-0.281 ],0.251
712,[-0.96  , 0.079 ,-0.0773,-0.2946],[-7.9443,-5.7165,-7.6836,-5.9254,-9.077 ],[-0.9612, 0.0803,-0.0772,-0.2796],0.2332
720,[-0.9594,-0.0633, 0.0405,-0.3225],[-1.3833,-0.8415,-1.7779,-0.8813,-1.9401],[-0.9609,-0.0575, 0.0367,-0.3075],0.2595
721,[-0.9625,-0.0962, 0.1111,-0.2988],[ -7.8693, -8.9123, -7.4729, -7.9899,-10.3956],[-0.9635,-0.1038, 0.1158,-0.2834],0.2006
723,[-0.9627,-0.1473, 0.1747,-0.3163],[ 0.949 ,-0.2828, 0.9547, 4.3141,-1.1659],[-0.9632,-0.1621, 0.1888,-0.2994],0.1498
743,[-0.9634,-0.1851, 0.2098,-0.2766],[-3.1039,-4.5486,-2.5352,-2.6496,-5.3477],[-0.9637,-0.1983, 0.2209,-0.2601],0.1214
800,[-0.9591, 0.0249,-0.0089,-0.4039],[-39.3962,-39.2275,-39.1573,-38.4822,-40.0367],[-0.9608, 0.0196,-0.0036,-0.3872],0.277
801,[-0.9576,-0.0406, 0.0718,-0.3988],[-0.8669,-2.0632,-0.4824, 0.3109,-2.7858],[-0.959 ,-0.0552, 0.0896,-0.382 ],0.2466
810,[-0.9584, 0.0622,-0.0453,-0.4149],[-4.9988,-4.6269,-5.0138,-4.5589,-6.2168],[-0.9603, 0.0586,-0.0424,-0.3974],0.2593
812,[-0.9573, 0.0668,-0.0634,-0.3939],[-24.3075,-23.8582,-24.5611,-23.5873,-25.2597],[-0.959 , 0.0674,-0.062 ,-0.3775],0.2528
821,[-0.9581,-0.086 , 0.1119,-0.3981],[-10.4111,-10.8618,-11.1148, -9.2317,-12.2373],[-0.9594,-0.098 , 0.1211,-0.3843],0.2152
1100,[-0.9375,-0.0405, 0.0379, 0.3869],[ 1.1406, 0.7376, 0.8398, 0.6837,35.9446],[-0.9358,-0.0393, 0.0385, 0.3813],0.366
1101,[-0.9352,-0.0473, 0.0645, 0.39  ],[ 0.1772,-0.4322, 8.9073,-0.2188, 1.8811],[-0.9333,-0.0487, 0.0632, 0.3953],0.3641
1120,[-0.9395,-0.0647, 0.0343, 0.3829],[ 0.3149, 5.5585,-0.3103,-0.1996, 7.4705],[-0.938 ,-0.0565, 0.0243, 0.3803],0.3579
1121,[-0.9375,-0.089 , 0.0952, 0.3852],[ 1.0035, 0.7924, 2.3435, 0.478 ,31.1554],[-0.9358,-0.087 , 0.0888, 0.381 ],0.3255
1200,[-0.9311,-0.0271, 0.0247, 0.305 ],[  2.8371,185.5695,  2.0306,  0.6639,  2.2063],[-0.9297,-0.0265, 0.0267, 0.3009],0.3945
1201,[-0.929 ,-0.0469, 0.0627, 0.3008],[ 0.599 ,-0.1671,56.5445, 0.107 , 0.9641],[-0.9276,-0.0485, 0.0628, 0.2945],0.3886
1202,[-0.9245, 0.0411,-0.0666, 0.2638],[ 0.3694, 3.1634,-0.5794, 0.3931,25.4891],[-0.9232, 0.0445,-0.0675, 0.2598],0.3999
1210,[-0.9247, 0.0654,-0.0409, 0.2577],[-0.0322,-1.0507, 1.3466,-1.3903, 2.3655],[-0.9238, 0.06  ,-0.0352, 0.2535],0.4062
1212,[-0.9297, 0.0951,-0.1037, 0.2695],[ 1.9691, 1.6158, 0.5668, 1.0908,43.8704],[-0.9285, 0.0943,-0.0979, 0.2627],0.3465
1214,[-0.9354, 0.1471,-0.1818, 0.2709],[ 0.1321,22.3371,-0.9508, 0.7385, 1.0656],[-0.9337, 0.15  ,-0.1804, 0.2668],0.2627
1220,[-0.9338,-0.069 , 0.037 , 0.318 ],[ 0.7081,57.9498,-0.0977, 0.1298, 1.5831],[-0.9326,-0.0619, 0.0318, 0.3183],0.3743
1221,[-0.9424,-0.0894, 0.0949, 0.3153],[  0.8898,  0.9506,161.0015,  1.0997,  0.8833],[-0.941 ,-0.0876, 0.0887, 0.3225],0.303
1241,[-0.9253,-0.1815, 0.1492, 0.3019],[ 1.4474,12.9988, 0.0279, 0.6177, 1.2167],[-0.9247,-0.1745, 0.1472, 0.3021],0.3017
1243,[-0.9272,-0.216 , 0.2042, 0.273 ],[ 1.4618, 0.3026,21.0484, 0.5048, 1.173 ],[-0.9267,-0.2097, 0.1886, 0.2817],0.2577
1300,[-0.9178, 0.0093,-0.0188, 0.16  ],[ 3.348 ,28.1549,73.1308, 2.1232, 1.2505],[-0.917 , 0.0113,-0.0239, 0.1643],0.4385
1301,[-0.9225,-0.0458, 0.0617, 0.1794],[ 0.4828,-0.2691,21.2325, 0.3983,-0.1527],[-0.9216,-0.0478, 0.0612, 0.1801],0.4078
1302,[-0.9168, 0.0419,-0.0679, 0.1634],[  1.0977,250.8546, -0.7685, -0.3039,  1.567 ],[-0.9159, 0.0452,-0.069 , 0.1688],0.4227
1310,[-0.9192, 0.0673,-0.0397, 0.1724],[ 4.6472e-01, 7.4699e-02, 8.1798e+01,-1.9770e-01, 7.7943e-01],[-0.9186, 0.0628,-0.0385, 0.1738],0.4233
1312,[-0.9218, 0.0777,-0.093 , 0.1787],[  1.2336,324.7202,  0.9756,  1.5524,  1.9064],[-0.9209, 0.0788,-0.0905, 0.1833],0.3803
1314,[-0.9321, 0.1454,-0.1859, 0.193 ],[ 1.3088,41.6969,-1.012 ,-0.074 , 1.6298],[-0.9306, 0.1499,-0.1871, 0.1871],0.2693
1320,[-0.9169,-0.0656, 0.0401, 0.1531],[-0.6034, 5.711 ,-0.6723, 0.1574, 7.9315],[-0.9164,-0.0611, 0.0368, 0.1533],0.4317
1321,[-0.9193,-0.0831, 0.0778, 0.1547],[ 3.0795, 0.4124, 3.8649,55.9514, 1.0976],[-0.9187,-0.0809, 0.0713, 0.1668],0.3949
1323,[-0.9278,-0.1557, 0.1754, 0.1761],[ 0.3963,-0.5021,16.2135, 0.1082,-0.1435],[-0.9267,-0.1566, 0.173 , 0.1873],0.2835
1332,[-0.9232, 0.1775,-0.1543, 0.1675],[-0.3725,-0.6865, 1.198 ,-0.7894,-0.8017],[-0.9229, 0.1731,-0.1547, 0.1727],0.3064
1334,[-0.9164, 0.2065,-0.2223, 0.139 ],[ 2.8266,19.0586, 0.1189, 0.6593, 2.6648],[-0.9155, 0.2055,-0.2141, 0.1499],0.2706
1341,[-0.9327,-0.1953, 0.113 , 0.161 ],[-3.1729,-2.3007,-4.1376,-2.8584,-3.7088],[-0.9335,-0.1773, 0.0957, 0.1738],0.2879
1343,[-0.9303,-0.2052, 0.2211, 0.1725],[ 0.7689, 0.2803,20.5397, 2.9088, 0.5833],[-0.9293,-0.2049, 0.2171, 0.1838],0.2365
1400,[-0.9186, 0.0087,-0.0149, 0.0682],[  1.2141,  1.2724,211.5216,  0.8961,  0.9391],[-0.9182, 0.0102,-0.0192, 0.0749],0.4393
1401,[-0.9182,-0.0392, 0.0747, 0.0297],[ 0.4511,-1.6801, 2.3907, 0.3671, 1.2346],[-0.9179,-0.0444, 0.0759, 0.0306],0.4226
1402,[-0.9176, 0.0453,-0.0657, 0.0734],[ 4.5158e-01, 2.5114e+02,-2.6127e-01,-7.9342e-02, 6.1585e-01],[-0.9171, 0.0482,-0.067 , 0.0798],0.4244
1410,[-0.9182, 0.062 ,-0.0471, 0.0499],[ -0.3223, -0.4175,218.4796,  0.7845,  1.0288],[-0.918 , 0.0597,-0.0466, 0.0565],0.4303
1412,[-0.9183, 0.073 ,-0.079 , 0.0474],[  0.7727,318.2792,  1.3134,  1.3298,  0.9532],[-0.918 , 0.0733,-0.0763, 0.0542],0.4073
1414,[-0.9196, 0.1464,-0.1787, 0.0402],[ 1.4613e+00, 4.7020e+01,-6.5548e-01,-1.6941e-02,-1.8924e-01],[-0.9188, 0.1503,-0.1789, 0.0476],0.3153
1420,[-0.9177,-0.0634, 0.0458, 0.0697],[ 1.1371,66.2805,-0.2856, 0.0984, 0.0763],[-0.9175,-0.0606, 0.0455, 0.0794],0.4298
1421,[-0.9173,-0.0764, 0.0834, 0.0551],[1.2945e+00,1.5550e-01,3.9796e+02,5.5596e+00,3.4066e-01],[-0.917 ,-0.0767, 0.0808, 0.0667],0.4038
1423,[-0.9201,-0.1379, 0.178 , 0.0429],[ 0.0653,-0.3705,26.5046, 1.8753,-0.1715],[-0.9192,-0.143 , 0.1797, 0.0561],0.3072
1430,[-0.9131, 0.1761,-0.0395, 0.0329],[-1.5425,-1.1968,-0.74  ,-1.0104,-0.696 ],[-0.9147, 0.1581,-0.0395, 0.0175],0.3974
1432,[-0.9203, 0.1795,-0.1413, 0.0654],[-0.689 ,-0.6326,-0.7132,-0.3506,-1.2325],[-0.9208, 0.1727,-0.1326, 0.0761],0.3256
1434,[-0.9207, 0.1872,-0.2077, 0.0614],[ 2.5773,35.79  , 0.4602, 3.895 , 0.2516],[-0.9201, 0.1885,-0.2039, 0.0708],0.2772
1441,[-0.9296,-0.1887, 0.1394, 0.0683],[-5.4482,-5.8789,-6.4591,-5.8335,-5.6194],[-0.9304,-0.1777, 0.1224, 0.0764],0.2889
1443,[-0.928 ,-0.2008, 0.1992, 0.0465],[ 2.7745, 0.2651, 3.6156, 3.3939,-0.0907],[-0.9279,-0.1986, 0.1905, 0.0591],0.2572
1463,[-0.9259,-0.3037, 0.2361, 0.0593],[-2.3074,-2.3945,-2.4856,-1.6123,-2.9321],[-0.928 ,-0.293 , 0.2175, 0.0715],0.2
1465,[-0.9257,-0.3348, 0.2932, 0.0265],[ 3.5323, 0.0137, 5.3197, 2.88  ,-0.0904],[-0.9275,-0.3285, 0.276 , 0.0407],0.1541
1500,[-0.9201, 0.0058,-0.0027,-0.0624],[  0.7643,  2.8917,  3.5373,136.8792,  0.877 ],[-0.9203, 0.0053,-0.0024,-0.0486],0.4412
1501,[-0.9179,-0.0328, 0.0766,-0.0551],[-5.5738,-7.7498,-4.4006,-5.9376,-5.925 ],[-0.9178,-0.0398, 0.0807,-0.046 ],0.4206
1502,[-0.9195, 0.0326,-0.0767,-0.0506],[-18.2033,-16.3199,-18.581 ,-17.978 ,-17.9701],[-0.9194, 0.0398,-0.0809,-0.0428],0.4164
1510,[-0.9176, 0.0619,-0.047 ,-0.0701],[ 1.4093,-0.5234,98.1271, 2.8957, 0.7537],[-0.9179, 0.0598,-0.0467,-0.062 ],0.4302
1512,[-0.9178, 0.0733,-0.0798,-0.0641],[ 1.1184,99.4818, 0.5401, 6.1344, 0.795 ],[-0.918 , 0.0741,-0.0782,-0.0549],0.4071
1514,[-0.9212, 0.1415,-0.1808,-0.051 ],[ 1.2345,42.8829,-0.8551, 5.2577, 0.475 ],[-0.9206, 0.1474,-0.183 ,-0.0414],0.3093
1520,[-0.9176,-0.0654, 0.0428,-0.0662],[ -1.643 ,154.7149, -1.8677, -0.7116, -2.5414],[-0.918 ,-0.0622, 0.0427,-0.0563],0.4291
1521,[-0.918 ,-0.0742, 0.0839,-0.0573],[2.6622e+00,1.1296e-01,2.4367e+00,1.6803e+02,6.0345e-01],[-0.918 ,-0.0756, 0.0831,-0.0434],0.4028
1523,[-0.9204,-0.1436, 0.1803,-0.0649],[ 1.3464,-0.5032,32.1281, 0.6605, 0.0386],[-0.9198,-0.1491, 0.1825,-0.0511],0.3099
1532,[-0.9121, 0.1706,-0.1419,-0.1173],[-1.0965,-1.0257,-1.3101,-0.222 ,-1.3253],[-0.9133, 0.166 ,-0.1284,-0.1264],0.3433
1534,[-0.9209, 0.1889,-0.2156,-0.0469],[ 1.51  , 4.6171,-0.264 , 9.9525,-0.2391],[-0.9204, 0.1923,-0.2148,-0.0341],0.2686
1536,[-0.9128, 0.2183,-0.2823,-0.1153],[ 0.6416, 9.4684,-0.6157, 1.4211, 0.5442],[-0.9112, 0.2264,-0.2889,-0.0995],0.2263
1541,[-0.939 ,-0.1858, 0.1443,-0.0468],[-2.5156,-2.4408,-2.2164,-1.4578,-3.1782],[-0.9401,-0.1761, 0.129 ,-0.0343],0.2502
1543,[-0.9286,-0.2038, 0.2133,-0.0607],[ 0.1101,-0.083 , 2.0125,15.5349, 0.2585],[-0.9287,-0.2046, 0.2083,-0.0458],0.242
1545,[-0.912 ,-0.2156, 0.2781,-0.0227],[ 2.0686,-0.5434, 4.8596, 1.5667, 0.0438],[-0.9103,-0.2222, 0.2807,-0.0069],0.229
1563,[-0.9423,-0.2912, 0.2573,-0.0251],[-1.1819,-1.7565,-0.9885,-0.0224,-1.9281],[-0.9437,-0.2852, 0.2466,-0.0172],0.1378
1565,[-0.9305,-0.3178, 0.3178,-0.0678],[ 0.4473,-0.3169, 2.5571, 9.1064, 0.0189],[-0.9309,-0.3179, 0.3106,-0.052 ],0.1351
1600,[-0.9196, 0.015 ,-0.0059,-0.1744],[-54.4812,-54.7781,-54.8123,-53.5865,-55.342 ],[-0.9203, 0.0134,-0.0039,-0.1649],0.4413
1601,[-0.9152,-0.0355, 0.0733,-0.1825],[-10.0145,-11.2097, -5.8825, -8.3918,-10.8406],[-0.9157,-0.042 , 0.0774,-0.1786],0.4239
1602,[-0.9182, 0.036 ,-0.0738,-0.1754],[-11.7089,-10.1829,-12.8644,-11.3401,-12.7388],[-0.9187, 0.0428,-0.0784,-0.1714],0.4156
1610,[-0.9151, 0.0603,-0.048 ,-0.1656],[ 0.3981, 6.8042,12.6459, 2.1146,-0.7   ],[-0.9159, 0.0585,-0.0448,-0.1591],0.4358
1612,[-0.916 , 0.0692,-0.0741,-0.1691],[ 1.2043e+00, 6.1075e+00,-7.2757e-02, 4.0209e+01, 2.0115e-02],[-0.9167, 0.0704,-0.0738,-0.1586],0.4113
1614,[-0.9209, 0.1356,-0.1907,-0.1724],[-0.357 , 3.5995,-1.8279, 0.0241,-1.929 ],[-0.9204, 0.1451,-0.1962,-0.1639],0.3056
1620,[-0.9167,-0.0654, 0.0415,-0.1741],[-2.0869, 6.1128,-4.299 , 7.235 ,-4.9158],[-0.9176,-0.0616, 0.0364,-0.1639],0.4356
1621,[-0.9165,-0.0767, 0.0865,-0.1839],[ 2.4677,-1.5661,47.116 ,47.6356,-0.9494],[-0.9172,-0.0784, 0.0844,-0.1722],0.4035
1623,[-0.9278,-0.1391, 0.1821,-0.1738],[ 0.0763,-0.1071,15.9843, 1.845 ,-0.6251],[-0.9276,-0.1476, 0.1881,-0.1592],0.2845
1634,[-0.9202, 0.1833,-0.2329,-0.1537],[-0.0747, 2.5972,-0.4098, 3.8906,-0.9261],[-0.9194, 0.1913,-0.2392,-0.138 ],0.2682
1641,[-0.9292,-0.2057, 0.1574,-0.1383],[-1.9791,-1.5495,-1.1742,-0.9792,-1.7158],[-0.931 ,-0.1969, 0.1388,-0.1243],0.2701
1643,[-0.9358,-0.2128, 0.2305,-0.1849],[ 0.9402, 0.7352,11.4633, 7.6021,-0.5148],[-0.936 ,-0.2175, 0.2308,-0.171 ],0.2022
1645,[-0.934 ,-0.257 , 0.2994,-0.1898],[ 0.1754,-0.7524, 4.1274,12.5703,-0.4538],[-0.9331,-0.2652, 0.3045,-0.1734],0.1555
1665,[-0.9247,-0.3059, 0.3512,-0.1781],[ 0.6503,-0.238 ,16.0764, 3.7253,-1.057 ],[-0.9235,-0.3125, 0.3549,-0.1624],0.1362
1700,[-0.9238, 0.0191,-0.0078,-0.2935],[-58.1746,-58.482 ,-58.687 ,-57.3098,-58.9753],[-0.9251, 0.017 ,-0.0057,-0.2842],0.4234
1701,[-0.9193,-0.0378, 0.0755,-0.2901],[-11.1203,-12.6666,-10.9394,-10.1387,-12.39  ],[-0.9203,-0.0452, 0.081 ,-0.2855],0.409
1702,[-0.9184, 0.0394,-0.0688,-0.2767],[-6.4623,-5.0353,-6.4806,-4.6887,-7.073 ],[-0.9193, 0.0453,-0.0735,-0.2684],0.4161
1710,[-0.92  , 0.0628,-0.0453,-0.3017],[-10.3613, -9.6718, -9.6714, -7.9724,-10.9893],[-0.9214, 0.0605,-0.0432,-0.2917],0.4176
1712,[-0.9226, 0.0698,-0.0712,-0.2964],[-24.9323,-24.9432,-25.869 ,-24.2422,-26.3342],[-0.9239, 0.0712,-0.0718,-0.287 ],0.3882
1714,[-0.925 , 0.0926,-0.1966,-0.2705],[ 0.2231, 2.6001,-1.0094, 0.0698,-1.1367],[-0.9241, 0.1108,-0.2049,-0.2546],0.3068
1720,[-0.9185,-0.0683, 0.0399,-0.2821],[-7.468 ,-7.2951,-7.3959,-6.6878,-7.8204],[-0.9199,-0.0634, 0.0316,-0.2726],0.4272
1721,[-0.9186,-0.0762, 0.0928,-0.2831],[-28.8932,-29.5484,-28.0486,-27.4603,-29.4098],[-0.9196,-0.0799, 0.0939,-0.2728],0.3903
1723,[-0.9388,-0.1378, 0.1928,-0.3208],[-0.122 ,-0.4639, 8.5029, 4.8947,-0.9724],[-0.9387,-0.1521, 0.2041,-0.306 ],0.233
1741,[-0.9153,-0.1748, 0.1544,-0.3311],[-0.0324,-0.0509, 0.0892, 0.0329,-0.8562],[-0.9169,-0.1748, 0.1574,-0.3146],0.3279
1743,[-0.9377,-0.195 , 0.2279,-0.301 ],[ 0.2229,-0.5614, 6.2656, 8.3937,-1.0649],[-0.9377,-0.2051, 0.2363,-0.2846],0.1992
1745,[-0.9308,-0.2412, 0.3049,-0.2989],[ 0.1838,-0.7605, 0.7864,18.7763,-0.8869],[-0.9294,-0.2537, 0.3145,-0.2821],0.1679
1765,[-0.9342,-0.2855, 0.3255,-0.2648],[ 0.249 ,-0.7354, 2.2155, 8.4625,-0.9235],[-0.9334,-0.2946, 0.3336,-0.2483],0.1275
1800,[-0.9369, 0.0328,-0.0108,-0.4296],[-28.3007,-28.9635,-28.6327,-27.82  ,-29.9828],[-0.9388, 0.0282,-0.0065,-0.4137],0.3641
1801,[-0.9377,-0.0263, 0.0846,-0.4357],[-7.0135,-8.2546,-7.0964,-6.0563,-8.4804],[-0.939 ,-0.0416, 0.098 ,-0.4206],0.3275
1802,[-0.9302, 0.052 ,-0.0604,-0.4207],[-1.2572,-0.5479,-1.8481, 0.0486,-2.3099],[-0.9318, 0.0553,-0.0637,-0.4036],0.3684
1810,[-0.9257, 0.066 ,-0.0438,-0.4398],[-5.389 ,-5.1277,-5.0475,-4.9388,-7.04  ],[-0.9277, 0.0631,-0.0416,-0.4244],0.3913
1812,[-0.933 , 0.0738,-0.0647,-0.43  ],[-16.2271,-16.2179,-16.397 ,-15.2811,-17.3177],[-0.9349, 0.0741,-0.065 ,-0.415 ],0.3454
1820,[-0.9159,-0.0629, 0.0376,-0.3923],[-1.1048, 0.8215,-0.8311, 0.1271,-1.361 ],[-0.9177,-0.0591, 0.0322,-0.391 ],0.4324
1821,[-0.9292,-0.0844, 0.1017,-0.414 ],[-2.5234,-3.2613,-1.8238,-1.3953,-4.7041],[-0.9307,-0.0907, 0.1061,-0.399 ],0.3368
1823,[-0.9394,-0.1245, 0.1921,-0.4076],[ 1.4998,-0.5994, 9.6961, 4.3948,-1.2874],[-0.9394,-0.1427, 0.2089,-0.3905],0.232
1832,[-0.913 , 0.1714,-0.1051,-0.3846],[-0.3813,-0.2358,-0.4705, 0.2544,-0.678 ],[-0.9157, 0.1656,-0.1099,-0.4003],0.3617
1841,[-0.9115,-0.1669, 0.1349,-0.4401],[ 0.2675,-0.6237,-0.1158, 0.3064,-0.6443],[-0.9141,-0.1634, 0.1208,-0.4231],0.3515
1843,[-0.9234,-0.1767, 0.2075,-0.3998],[ 0.8704,-0.0148, 0.4302,13.8724,-0.8839],[-0.9239,-0.1865, 0.218 ,-0.3829],0.2573
1900,[-0.9303, 0.0328,-0.0081,-0.5577],[-63.7415,-63.6254,-63.1877,-63.699 ,-65.0829],[-0.9327, 0.0279,-0.0035,-0.5406],0.3906
1901,[-0.9292,-0.022 , 0.0837,-0.5491],[ 0.4358,-0.9219,34.1718, 0.7674,-1.4937],[-0.931 ,-0.0368, 0.0963,-0.5322],0.3641
1910,[-0.9216, 0.0679,-0.0439,-0.5778],[-24.1474,-23.2574,-22.1272,-19.6918,-25.3876],[-0.9242, 0.065 ,-0.0411,-0.562 ],0.4062
1912,[-0.9226, 0.0722,-0.0605,-0.5867],[-224.1821,-224.4628,-225.0986,-223.9967,-226.0545],[-0.9252, 0.0719,-0.0591,-0.5717],0.3904
1921,[-0.9317,-0.0696, 0.0921,-0.5258],[-14.3547,-15.1426,-14.8396,-14.3641,-16.1619],[-0.9336,-0.0766, 0.0974,-0.5109],0.3344
2100,[-0.91  ,-0.0294, 0.0092, 0.3839],[-14.5541,-14.4924,-14.8056,-15.3716,-14.0544],[-0.9084,-0.0265, 0.0091, 0.3705],0.4476
2200,[-0.9032, 0.0073,-0.0076, 0.2703],[-96.9318,-96.7557,-96.7387,-97.6467,-96.4668],[-0.902 , 0.0072,-0.007 , 0.2641],0.4022
2201,[-0.9061,-0.0439, 0.0674, 0.2804],[-18.8139,-19.9344,-18.3052,-19.3857,-17.8266],[-0.9048,-0.0464, 0.0695, 0.2742],0.3927
2202,[-0.9048, 0.0489,-0.0661, 0.2603],[-24.0702,-23.4455,-25.0562,-24.7636,-23.529 ],[-0.9036, 0.0503,-0.0662, 0.2549],0.3874
2210,[-0.9091, 0.06  ,-0.0498, 0.2549],[-4.4886,-4.4437,-3.9254,-4.9076,-3.6222],[-0.9081, 0.0579,-0.0469, 0.2449],0.413
2212,[-0.9029, 0.0678,-0.0868, 0.2641],[-20.9853,-20.6002,-21.0905,-20.7897,-20.3655],[-0.9016, 0.069 ,-0.0849, 0.2605],0.3611
2220,[-0.9085,-0.0647, 0.0417, 0.2857],[-4.5064,-3.4869,-5.2529,-5.5369,-3.1724],[-0.9074,-0.0606, 0.0368, 0.2868],0.4117
2221,[-0.9058,-0.0743, 0.0846, 0.2729],[-16.7074,-17.7381,-16.4529,-17.937 ,-16.3556],[-0.9046,-0.0744, 0.0829, 0.2698],0.372
2300,[-0.9066, 0.0206,-0.025 , 0.166 ],[-130.7031,-130.3608,-130.6699,-132.5172,-130.6447],[-0.9059, 0.0212,-0.0259, 0.1587],0.4151
2301,[-0.9021,-0.0429, 0.0648, 0.1677],[-33.8017,-33.7225,-31.9939,-33.4539,-32.8157],[-0.9013,-0.0452, 0.0653, 0.1595],0.38
2302,[-0.9076, 0.0441,-0.0714, 0.1713],[-66.6649,-65.6878,-67.6295,-67.3456,-65.74  ],[-0.9067, 0.0472,-0.0723, 0.1665],0.3996
2310,[-0.9061, 0.0654,-0.041 , 0.1611],[ -9.6285, -9.9792, -8.191 ,-10.6758, -8.7025],[-0.9055, 0.0615,-0.0374, 0.1549],0.4042
2312,[-0.9044, 0.0703,-0.0894, 0.1653],[-27.6463,-28.4934,-30.0174,-29.0318,-27.2043],[-0.9035, 0.072 ,-0.0881, 0.1563],0.3666
2314,[-0.8985, 0.1456,-0.1818, 0.1422],[-6.9617,-6.9805,-8.8159,-8.4107,-7.0312],[-0.8973, 0.1485,-0.1808, 0.1391],0.2627
2320,[-0.9089,-0.065 , 0.0404, 0.1643],[-4.611 ,-4.8812,-5.5006,-6.4744,-3.0127],[-0.9084,-0.061 , 0.0361, 0.1573],0.4168
2321,[-0.9074,-0.0765, 0.0776, 0.1636],[-21.5386,-22.1284,-19.5651,-21.7306,-19.8081],[-0.9068,-0.0757, 0.0742, 0.1599],0.3855
2323,[-0.9042,-0.1597, 0.1922, 0.1409],[-2.8623,-3.5116,-1.0937,-3.5932,-1.1241],[-0.9031,-0.162 , 0.1899, 0.1431],0.2742
2332,[-0.9059, 0.1802,-0.1317, 0.168 ],[ 0.0203,-1.557 ,-0.5196,-1.6878, 0.8025],[-0.9063, 0.1718,-0.1154, 0.1683],0.3177
2334,[-0.9025, 0.2017,-0.2053, 0.1561],[ 0.761 , 8.6242,-0.1594, 0.2513, 0.8466],[-0.9021, 0.1997,-0.1944, 0.1607],0.2507
2341,[-0.9054,-0.1995, 0.1316, 0.1372],[ 0.2357,-0.512 ,-0.841 ,-0.5274, 2.9174],[-0.9065,-0.188 , 0.1055, 0.1279],0.3155
2343,[-0.9005,-0.1806, 0.1939, 0.1372],[ 1.1825,-0.3066, 9.04  , 0.0943, 1.7444],[-0.8999,-0.1803, 0.1864, 0.1275],0.2553
2400,[-0.9057, 0.0235,-0.0189, 0.0629],[ 1.9014e+00, 1.2973e+00, 3.0771e+00,-2.2485e-01, 3.6356e+02],[-0.9055, 0.0226,-0.0168, 0.0486],0.4167
2401,[-0.9017,-0.0354, 0.0684, 0.0493],[-43.0144,-44.5973,-42.2388,-43.9624,-43.3286],[-0.9013,-0.0395, 0.0706, 0.0389],0.3803
2402,[-0.9062, 0.0432,-0.0698, 0.0713],[-0.6324, 9.4319,-4.0129,-3.2696, 4.5859],[-0.9057, 0.0465,-0.071 , 0.0607],0.3962
2410,[-0.9022, 0.0659,-0.0418, 0.0495],[ 2.4509,-0.9155,12.3116,-1.866 ,12.4963],[-0.9022, 0.0623,-0.0374, 0.0377],0.3887
2412,[-0.9021, 0.076 ,-0.0884, 0.0628],[ 0.502 ,71.5447, 0.2474, 1.2826, 0.9095],[-0.9018, 0.0769,-0.0852, 0.0527],0.3582
2414,[-0.9009, 0.1391,-0.1807, 0.0586],[-10.2913, -9.211 ,-11.8964,-10.5683, -9.9338],[-0.8999, 0.1433,-0.1813, 0.054 ],0.2755
2420,[-0.9086,-0.065 , 0.045 , 0.0595],[ 0.5235,51.7881,-1.0952,-0.9554, 0.3608],[-0.9085,-0.0622, 0.0441, 0.0488],0.4139
2421,[-0.9078,-0.0833, 0.0893, 0.0571],[  1.7756, -1.4653,  3.7922, -0.2918,119.295 ],[-0.9075,-0.0835, 0.0864, 0.0462],0.3792
2423,[-0.9077,-0.1463, 0.1808, 0.0673],[ 1.2506,-2.255 , 2.0325,-1.1126, 0.827 ],[-0.9068,-0.1498, 0.1804, 0.0702],0.2992
2430,[-0.9022, 0.172 ,-0.0338, 0.0508],[-2.1763,-2.7654,-1.2068,-2.4547,-2.2044],[-0.9038, 0.1558,-0.036 , 0.0354],0.3523
2432,[-0.9046, 0.1905,-0.1382, 0.0689],[1.327 ,0.0645,0.6688,0.0957,4.2667],[-0.9055, 0.1819,-0.1193, 0.0662],0.3082
2434,[-0.9036, 0.2097,-0.2169, 0.055 ],[ 0.1262,33.2482, 0.818 , 1.2806, 0.5879],[-0.9034, 0.2091,-0.2082, 0.0621],0.2453
2436,[-0.8942, 0.2553,-0.284 , 0.0069],[ 1.3689,15.331 ,-1.2316, 0.1199, 0.1766],[-0.8935, 0.2569,-0.2774, 0.0149],0.1563
2441,[-0.8998,-0.1782, 0.1388, 0.082 ],[ 1.123 , 0.2923,-0.0314, 1.6154,13.8621],[-0.9004,-0.1713, 0.1203, 0.0734],0.2924
2443,[-0.9013,-0.1896, 0.2006, 0.0614],[ 1.3699, 0.3462,39.6811, 0.2779, 0.3395],[-0.901 ,-0.1895, 0.1935, 0.0649],0.2517
2445,[-0.9071,-0.2324, 0.2805, 0.022 ],[-0.6106,-1.4089, 7.5542, 0.9182,-0.3479],[-0.9056,-0.2363, 0.2782, 0.0355],0.2068
2463,[-0.9088,-0.3293, 0.2716, 0.025 ],[1.3339,0.8128,1.1796,3.7348,6.1911],[-0.9111,-0.3222, 0.2502, 0.0343],0.1982
2465,[-0.9075,-0.3389, 0.3065, 0.0125],[ 1.1904,-0.8449, 9.8466, 0.6127, 1.069 ],[-0.909 ,-0.3348, 0.29  , 0.0246],0.1656
2500,[-0.9052, 0.0226,-0.0036,-0.0551],[1.3951e+00,1.6367e+00,2.0336e+00,3.5246e-01,6.2797e+02],[-0.9055, 0.0195, 0.0012,-0.0708],0.4205
2501,[-0.9046,-0.0236, 0.0672,-0.0783],[ 0.726 ,-1.4077,72.8767,-0.6949, 0.558 ],[-0.9048,-0.0295, 0.0687,-0.0922],0.4011
2502,[-0.9056, 0.0393,-0.0708,-0.0547],[-1.0718,50.3555,-1.7773,-0.7221,-0.3572],[-0.9057, 0.0437,-0.0721,-0.0677],0.397
2510,[-0.9036, 0.0628,-0.048 ,-0.0716],[-2.2244e-01, 8.0043e-01, 4.7875e+02, 6.8888e-02, 4.5280e-01],[-0.904 , 0.0612,-0.0487,-0.0776],0.3922
2512,[-0.9037, 0.073 ,-0.0783,-0.0695],[5.3685e-01,5.2807e+02,3.4851e-01,4.2339e-01,4.9405e-01],[-0.904 , 0.0736,-0.076 ,-0.0764],0.3736
2514,[-0.8943, 0.1427,-0.1822,-0.0687],[ 1.2246,17.1064,-1.146 ,-0.4228,-1.0002],[-0.8939, 0.1473,-0.1825,-0.0727],0.2501
2520,[-0.9068,-0.0662, 0.0464,-0.0621],[-2.9231e-01, 8.4586e+01,-1.5450e-01,-7.6839e-02, 1.1960e+00],[-0.9073,-0.0637, 0.0458,-0.0708],0.4072
2521,[-0.906 ,-0.0793, 0.0847,-0.06  ],[1.5797e+00,8.2852e-02,1.9115e+02,8.7444e-01,9.7317e-01],[-0.9063,-0.0798, 0.0819,-0.0714],0.3778
2523,[-0.9059,-0.1444, 0.1903,-0.0477],[-1.4175,-5.0809,-1.9096,-2.6634,-1.5782],[-0.9051,-0.1502, 0.1925,-0.0505],0.2869
2532,[-0.9013, 0.1729,-0.1503,-0.084 ],[-0.624 , 0.0191,-0.5849,-0.1369,-0.3615],[-0.9022, 0.1698,-0.1407,-0.0772],0.2905
2534,[-0.8994, 0.1805,-0.2038,-0.0585],[ 3.3553,28.9375,-0.5565, 0.3832, 1.728 ],[-0.8991, 0.1828,-0.1998,-0.0588],0.2463
2536,[-0.9017, 0.2408,-0.2932,-0.0385],[ 3.2881,11.2709,-1.3748,-0.2695,-0.2249],[-0.9003, 0.2456,-0.293 ,-0.0278],0.177
2541,[-0.9006,-0.183 , 0.1353,-0.0482],[ 4.4094,-0.4911, 0.1805, 0.6762, 2.7069],[-0.9019,-0.1757, 0.116 ,-0.0505],0.2981
2543,[-0.8961,-0.1976, 0.2257,-0.0595],[ 0.393 , 0.2251,66.4125, 1.9668, 0.6308],[-0.8957,-0.2003, 0.2222,-0.0533],0.2148
2545,[-0.9103,-0.2222, 0.2807,-0.0069],[-0.2577,-1.3348,13.6206, 0.3111, 0.726 ],[-0.9086,-0.2279, 0.2817, 0.008 ],0.2196
2565,[-0.906 ,-0.339 , 0.3585,-0.062 ],[ 1.1545,-0.39  ,12.04  , 1.6814, 0.0462],[-0.9056,-0.3404, 0.3516,-0.0478],0.1223
2600,[-0.906 , 0.0175,-0.0034,-0.1701],[  2.014 ,  1.6334,  2.6272,  1.9189,300.2112],[-9.0678e-01, 1.5304e-02,-5.3373e-04,-1.8602e-01],0.4262
2601,[-0.9064,-0.0361, 0.0702,-0.169 ],[ 1.6750e-01,-2.1633e-01, 2.5264e+02, 4.5524e-02, 8.0274e-01],[-0.907 ,-0.0413, 0.0727,-0.1816],0.4036
2602,[-0.9054, 0.0432,-0.066 ,-0.1715],[-0.2123,28.8825,-0.3734,-0.3465, 0.7999],[-0.9061, 0.0468,-0.0675,-0.1841],0.3996
2610,[-0.9047, 0.0619,-0.05  ,-0.1784],[5.7372e-01,2.0891e-01,2.6587e+02,4.7459e-01,1.1576e+00],[-0.9056, 0.0609,-0.0506,-0.18  ],0.3986
2612,[-0.9063, 0.0686,-0.0711,-0.1682],[  1.695 ,300.1029,  0.7634,  2.0755,  9.3374],[-0.907 , 0.0692,-0.0693,-0.173 ],0.3921
2614,[-0.9007, 0.1479,-0.1858,-0.1446],[ 0.0571, 3.8861,-0.9144, 1.9075,-0.8331],[-0.9005, 0.1532,-0.1874,-0.1477],0.2695
2620,[-0.9053,-0.0662, 0.0458,-0.1858],[ 8.4975e+00, 1.7297e+02, 1.4402e-01, 1.3414e+00,-2.7346e-01],[-0.9062,-0.0638, 0.045 ,-0.1876],0.4028
2621,[-0.9058,-0.0754, 0.0869,-0.1862],[  1.0193,  0.541 ,447.4987,  0.9879,  2.2196],[-0.9066,-0.0772, 0.0849,-0.1916],0.379
2623,[-0.903 ,-0.1401, 0.1721,-0.1838],[ 1.2893,-2.0841,16.5225, 1.1392, 0.1638],[-0.9032,-0.1448, 0.1711,-0.1898],0.2914
2632,[-0.8904, 0.1763,-0.1499,-0.1988],[-1.2602,-0.2185,-1.7319, 0.1726,-1.6795],[-0.8917, 0.1741,-0.1448,-0.1943],0.2466
2634,[-0.8884, 0.1841,-0.1881,-0.1693],[ 2.3069,13.9423,-0.0593, 1.6263, 1.935 ],[-0.8891, 0.1849,-0.1818,-0.1642],0.2166
2641,[-0.9034,-0.1848, 0.1123,-0.216 ],[ 0.1474,-0.4084, 0.5973, 1.2256, 0.3838],[-0.9058,-0.1742, 0.0886,-0.2004],0.3274
2643,[-0.8973,-0.1893, 0.2209,-0.1385],[ 1.1192,-0.1463, 1.357 ,25.1012, 0.2459],[-0.8971,-0.1934, 0.2192,-0.1346],0.2242
2665,[-0.91  ,-0.321 , 0.3754,-0.1374],[ 0.2255,-0.6272, 1.036 , 5.863 , 0.1542],[-0.9083,-0.3263, 0.376 ,-0.1228],0.1258
2700,[-0.9027, 0.0113,-0.0027,-0.2945],[  1.4789,135.7285,  6.4778,  3.0522,  2.0281],[-0.904 , 0.0098, 0.001 ,-0.3004],0.4133
2701,[-0.9028,-0.038 , 0.0724,-0.2906],[-0.3545,-1.1589,40.3539, 3.7084,-0.411 ],[-0.9038,-0.0435, 0.0758,-0.2963],0.3874
2702,[-0.9052, 0.045 ,-0.0647,-0.2816],[ 0.0917, 2.8204,-0.5623, 3.7759,-0.6703],[-0.9063, 0.0484,-0.0657,-0.2827],0.4007
2710,[-0.8926, 0.0706,-0.0477,-0.3004],[ 2.4733, 0.7245,84.5658, 1.1282, 1.4572],[-0.8941, 0.0685,-0.0478,-0.2932],0.3472
2712,[-0.8868, 0.0931,-0.0822,-0.3157],[ 1.0093,92.0817, 0.6499, 5.0176, 2.0662],[-0.8883, 0.0923,-0.0777,-0.3079],0.3003
2714,[-0.8782, 0.1609,-0.1773,-0.3448],[-0.4433, 2.1921,-0.9241, 0.7235,-0.7173],[-0.8791, 0.1644,-0.1794,-0.3329],0.1902
2720,[-0.9011,-0.0655, 0.0468,-0.2867],[ 1.8641, 1.3587, 0.3517,10.2592, 0.6973],[-0.9025,-0.0633, 0.0435,-0.2776],0.3876
2721,[-0.9025,-0.0791, 0.0913,-0.2851],[ 1.5873,-0.0614, 3.1396,57.4601, 0.689 ],[-0.9036,-0.0813, 0.0893,-0.2765],0.3629
2723,[-0.8882,-0.1367, 0.1685,-0.3369],[ 0.3727,-1.6056, 1.4881, 1.0592,-1.1617],[-0.8889,-0.1417, 0.1682,-0.3207],0.2396
2732,[-0.9011, 0.1787,-0.1414,-0.3193],[ 0.0621, 1.0221, 0.0291, 1.0346,-0.6366],[-0.9033, 0.1746,-0.1288,-0.3146],0.2985
2734,[-0.884 , 0.177 ,-0.1813,-0.311 ],[ 1.4006, 4.5239,-0.6766, 2.5411, 0.0436],[-0.8851, 0.1789,-0.1785,-0.296 ],0.2055
2741,[-0.8977,-0.2021, 0.1597,-0.252 ],[0.0481,0.4646,0.1963,1.6973,0.4037],[-0.8999,-0.1973, 0.1436,-0.2404],0.267
2743,[-0.8906,-0.2036, 0.196 ,-0.3142],[ 1.1586,-0.0188, 6.429 , 2.6942, 0.4679],[-0.8921,-0.2043, 0.19  ,-0.2995],0.2141
2800,[-0.8931, 0.0022, 0.0073,-0.4378],[ 2.3807, 0.9248, 3.4307,21.9385, 0.98  ],[-8.9499e-01, 8.1763e-04, 9.4300e-03,-4.2236e-01],0.3809
2801,[-0.8855,-0.0462, 0.0783,-0.4471],[-0.0815,-0.7193, 2.9678, 4.1678,-0.6687],[-0.8871,-0.0511, 0.0815,-0.4347],0.3115
2802,[-0.8928, 0.0471,-0.0658,-0.4386],[-0.5002, 0.5262,-0.8273, 0.5321,-1.3238],[-0.8945, 0.0507,-0.069 ,-0.4259],0.3477
2810,[-0.8905, 0.0771,-0.0428,-0.4234],[ 0.7156, 1.3851,86.4381, 3.4055, 1.6728],[-0.8926, 0.0739,-0.0427,-0.4135],0.3408
2812,[-0.8813, 0.0976,-0.093 ,-0.4315],[ 0.37  ,93.0858, 0.4218, 2.185 , 0.7523],[-0.8832, 0.098 ,-0.0905,-0.4187],0.2717
2814,[-0.877 , 0.1494,-0.1719,-0.4342],[ 1.0298, 1.3734,-0.7008, 0.5485,-0.4909],[-0.8782, 0.1539,-0.1747,-0.4205],0.1934
2820,[-0.894 ,-0.0672, 0.047 ,-0.4272],[ 0.8052,13.5278, 0.6734, 2.9922, 0.2212],[-0.8959,-0.0656, 0.0471,-0.4176],0.3567
2821,[-0.8906,-0.0908, 0.1085,-0.4333],[ 1.8711, 0.0622,39.109 , 2.7222, 0.4874],[-0.8922,-0.0941, 0.1079,-0.4198],0.3013
2823,[-0.902 ,-0.1544, 0.186 ,-0.46  ],[-0.334 ,-0.122 , 2.8823, 2.2042,-0.4285],[-0.903 ,-0.1612, 0.1887,-0.4425],0.2762
2832,[-0.8992, 0.1868,-0.1633,-0.3811],[1.339 ,0.8698,0.1532,2.3515,0.2396],[-0.9014, 0.1856,-0.1543,-0.3744],0.2732
2834,[-0.8926, 0.1819,-0.1823,-0.4236],[ 1.8461, 6.7907,-0.2335, 1.4758, 0.3762],[-0.8942, 0.1842,-0.18  ,-0.4112],0.2353
2841,[-0.9079,-0.1684, 0.1507,-0.4666],[0.9103,0.4776,0.7061,0.8594,0.0503],[-0.9103,-0.1677, 0.1405,-0.4491],0.3239
2843,[-0.8909,-0.1795, 0.2021,-0.4133],[ 1.4543, 0.1173, 1.0193, 4.8488,-0.0195],[-0.8919,-0.184 , 0.2001,-0.3959],0.2199
2900,[-0.8827, 0.007 ,-0.0058,-0.6436],[-24.5608,-24.0043,-24.048 ,-23.5147,-25.1071],[-0.8855, 0.0068,-0.0042,-0.6278],0.3392
2901,[-0.8781,-0.0316, 0.083 ,-0.5963],[ 0.3743,-1.2634, 7.678 , 0.8298,-1.1994],[-0.8802,-0.0388, 0.0871,-0.5815],0.2861
2902,[-0.8781, 0.0432,-0.0676,-0.6738],[-12.8785,-12.722 ,-13.0218,-12.3015,-13.5259],[-0.8808, 0.0475,-0.0704,-0.659 ],0.2918
2910,[-0.8939, 0.0764,-0.0466,-0.6657],[ 1.0986e-01, 1.0021e+00, 5.5806e+02, 2.5304e+00,-8.3540e-01],[-0.8969, 0.0742,-0.047 ,-0.6525],0.3572
2912,[-0.883 , 0.0902,-0.085 ,-0.6441],[ -0.5336,383.8205, -1.0851,  6.5959, -1.0656],[-0.8858, 0.0911,-0.0827,-0.629 ],0.2889
2914,[-0.8805, 0.1509,-0.1724,-0.5338],[ 0.5333, 7.4785,-1.4439, 0.9105, 0.5145],[-0.8821, 0.1561,-0.1756,-0.5191],0.2058
2920,[-0.88  ,-0.0641, 0.0469,-0.5942],[-3.2722,-4.0949,-4.0306,-3.1677,-5.0943],[-0.8826,-0.0631, 0.0457,-0.5794],0.3028
2921,[-0.8845,-0.0801, 0.1085,-0.5931],[ 0.967 , 0.0386, 3.4432,37.4015,-0.418 ],[-0.8865,-0.0856, 0.1128,-0.5757],0.2796
2923,[-0.8913,-0.1416, 0.1741,-0.5438],[ 0.4046,-1.004 , 2.216 , 6.3136,-0.8163],[-0.8927,-0.1481, 0.1758,-0.5256],0.2483
2934,[-0.8876, 0.1705,-0.1837,-0.5008],[ 0.3159, 0.4724,-0.4817,17.5776,-0.3433],[-0.8891, 0.175 ,-0.1861,-0.4827],0.218
3621,[-0.8658,-0.0911, 0.0897,-0.2354],[-0.1241,-1.9962, 0.6064,-1.7186,-0.1332],[-0.8668,-0.0907, 0.0807,-0.2215],0.2166
3700,[-0.8469, 0.0136, 0.0182,-0.3487],[ 0.1897,-0.1608,-0.5718,-1.332 , 0.3198],[-0.8484, 0.0104, 0.0228,-0.3401],0.2018
3701,[-0.8584,-0.0374, 0.0668,-0.2963],[-1.6862,-2.5308, 0.3002,-1.6929,-2.1692],[-0.8596,-0.0406, 0.0677,-0.3018],0.2149
3710,[-0.8634, 0.0762,-0.0382,-0.3456],[-2.0139,-2.078 ,-1.881 ,-1.7365,-2.4298],[-0.8652, 0.0724,-0.031 ,-0.3474],0.2372
3712,[-0.8632, 0.0945,-0.0898,-0.3594],[-1.7571,-2.1176,-3.087 ,-2.5529,-2.0168],[-0.8648, 0.0946,-0.0863,-0.349 ],0.2058
3721,[-0.8615,-0.0767, 0.1036,-0.3145],[ 1.1602,-1.6344, 1.5569, 0.087 , 0.692 ],[-0.8625,-0.0797, 0.1015,-0.3027],0.1977
3800,[-0.8417, 0.0288, 0.0076,-0.4283],[1.2935,0.9989,3.3922,1.7481,1.8732],[-0.8436, 0.0257, 0.009 ,-0.4222],0.1843
3801,[-0.8556,-0.0286, 0.0804,-0.4479],[ 0.2528,-1.1003, 1.1792, 0.2363, 0.0775],[-0.8571,-0.0343, 0.0832,-0.4394],0.203
3810,[-0.8568, 0.0829,-0.045 ,-0.443 ],[-0.5307,-0.1694, 1.5719, 1.0238,-0.3245],[-0.859 , 0.0797,-0.0411,-0.4368],0.2092
3812,[-0.8599, 0.0866,-0.0887,-0.4512],[2.373 ,9.058 ,0.1458,0.9883,0.9072],[-0.8617, 0.0878,-0.0882,-0.4354],0.1969
3820,[-0.8634,-0.0655, 0.0534,-0.4894],[0.6526,3.7858,1.5943,0.2398,0.68  ],[-0.8656,-0.0653, 0.0543,-0.4863],0.2326
3821,[-0.863 ,-0.0653, 0.0983,-0.457 ],[1.0037,0.2674,9.4359,0.595 ,0.8457],[-0.8645,-0.0699, 0.1015,-0.4477],0.2082
3900,[-0.8438, 0.0064,-0.0115,-0.7551],[ 0.8965,30.3546, 0.9106,28.3482, 0.3441],[-0.8471, 0.0068,-0.0089,-0.7423],0.1927
3901,[-0.856 ,-0.0107, 0.0795,-0.6373],[-0.9573,-2.4414, 4.146 ,-1.0755,-2.1165],[-0.8583,-0.0186, 0.0843,-0.6233],0.2117
3902,[-0.8346, 0.0401,-0.0783,-0.8877],[-0.9439,20.0374,-2.4291,18.2062,-1.4559],[-0.8381, 0.045 ,-0.0809,-0.8798],0.137
3910,[-0.8372, 0.069 ,-0.0473,-0.7257],[ 0.5833, 0.2911,59.0213, 1.2505, 1.2969],[-0.8405, 0.0684,-0.0494,-0.7111],0.1473
3912,[-0.846 , 0.0775,-0.0811,-0.7157],[ 9.1982e-01, 3.0722e+00,-6.6945e-01, 8.0818e+02, 2.4987e-01],[-0.8489, 0.0793,-0.0819,-0.698 ],0.16
3920,[-0.8434,-0.0674, 0.0478,-0.7015],[ 3.1175,16.2725, 0.3292, 1.6674,-0.1094],[-0.8466,-0.0667, 0.0483,-0.6895],0.1689
3921,[-0.8477,-0.0664, 0.0646,-0.6671],[ 0.9949,-0.3826,14.0279, 2.0128, 0.8791],[-0.8506,-0.0674, 0.0645,-0.6593],0.1758
4800,[-0.8014, 0.0142, 0.0073,-0.4825],[ 0.2801, 0.5516, 0.2683,-0.4832, 0.9289],[-0.8036, 0.0129, 0.0061,-0.4906],0.0574
4802,[-0.8095, 0.0156,-0.0661,-0.4922],[-0.4155, 0.0645,-0.9547,-1.1914,-0.288 ],[-0.8113, 0.0209,-0.0819,-0.5103],0.0631
4810,[-0.8007, 0.0601,-0.0388,-0.4591],[ 0.0728,-0.5361, 0.2963,-0.4402, 0.3737],[-0.8028, 0.0586,-0.0312,-0.4467],0.0453
4812,[-0.815 , 0.0666,-0.0614,-0.4906],[ 0.1295, 0.8067,-0.3907, 0.1199, 0.7071],[-0.8172, 0.0667,-0.0591,-0.4921],0.0735
4900,[-0.7976,-0.0028,-0.0111,-0.8827],[  2.8194,  2.1123,386.2693,  1.2385,  1.8687],[-0.8015,-0.0011,-0.0182,-0.8815],0.0473
4901,[-0.7871,-0.0444, 0.0617,-0.9581],[-0.0093,-1.6516, 3.6427, 0.98  ,-0.163 ],[-0.7912,-0.0464, 0.0595,-0.9532],0.0089
4902,[-0.7975, 0.0315,-0.075 ,-0.8761],[ -0.7391,195.3552, -0.4952, -0.5316,  0.263 ],[-0.801 , 0.0357,-0.0765,-0.8729],0.0328
4910,[-0.8043, 0.0636,-0.0457,-0.8296],[-1.4205,-1.82  , 0.0809,-0.2953,-1.3634],[-0.808 , 0.0631,-0.0448,-0.8239],0.0535
4912,[-0.803 , 0.0676,-0.0773,-0.8121],[ 1.7817,67.1072,-0.3224,-0.2457, 1.4655],[-0.8064, 0.0694,-0.076 ,-0.8037],0.0383
4920,[-0.7977,-0.0692, 0.0322,-0.8493],[1.9562,6.168 ,1.061 ,2.0876,0.8075],[-0.8016,-0.0673, 0.0309,-0.8407],0.0378
4921,[-0.8004,-0.0756, 0.063 ,-0.8281],[1.2145,0.0261,8.6211,0.2615,0.0458],[-0.8041,-0.0757, 0.0605,-0.8157],0.0353
5801,[-0.7422,-0.0405, 0.0612,-0.4799],[-0.4741,-1.1856,-0.5145,-1.5922,-0.1651],[-0.7442,-0.042 , 0.0603,-0.4877],-0.097
5810,[-0.7766, 0.0602,-0.0552,-0.4948],[-0.072 ,-0.1459,-0.0548,-0.4851, 0.2858],[-0.7788, 0.0599,-0.0482,-0.4783],-0.0226
5900,[-0.752 , 0.0024,-0.0119,-0.8115],[2.4035e+00,1.6971e+00,7.4340e+02,6.0115e-01,1.9484e+00],[-0.7556, 0.0034,-0.0168,-0.8252],-0.0632
5901,[-0.7513,-0.0358, 0.0608,-0.8029],[-0.0684,-0.8475,40.5254,-0.1613, 1.7063],[-0.7547,-0.0379, 0.0602,-0.8144],-0.0734
5902,[-0.7587, 0.0386,-0.0665,-0.8439],[-11.692 ,-10.4256,-12.4944,-12.6557,-11.4758],[-0.7622, 0.0412,-0.068 ,-0.8517],-0.0601
5910,[-0.7573, 0.065 ,-0.0442,-0.8533],[-1.8542,-1.6861,-0.0521,-2.3984, 0.3854],[-0.7613, 0.0646,-0.044 ,-0.8684],-0.0617
5912,[-0.7637, 0.071 ,-0.0753,-0.8588],[-1.8959,-0.7127,-4.1141,-3.7493,-1.1657],[-0.7675, 0.0723,-0.0736,-0.8637],-0.0568
5920,[-0.7631,-0.0712, 0.0424,-0.8326],[-0.8998,-0.8272,-1.8862,-2.1871,-0.2743],[-0.767 ,-0.07  , 0.0386,-0.844 ],-0.0495
5921,[-0.7507,-0.081 , 0.0834,-0.8053],[ 0.478 ,-0.6269,15.5941, 0.0428, 2.4966],[-0.7543,-0.082 , 0.0791,-0.8177],-0.0887
6700,[-0.6937, 0.0035, 0.0011,-0.3535],[-0.4465,-0.2154, 0.0723,-1.3669, 2.9221],[-0.6953, 0.0031, 0.0053,-0.3651],-0.174
6701,[-0.696 ,-0.0136, 0.0676,-0.3652],[-0.7463,-2.7364, 0.1193,-2.3292, 0.263 ],[-0.6974,-0.0164, 0.0697,-0.3784],-0.1781
6702,[-0.6926, 0.0257,-0.0704,-0.3441],[-0.9044,-0.0781,-1.6939,-2.3713,-0.0071],[-0.6939, 0.0278,-0.0669,-0.3515],-0.1854
6800,[-6.9556e-01, 4.4991e-03, 2.9245e-04,-4.5518e-01],[-33.5627,-34.0281,-33.6   ,-34.9525,-32.8831],[-6.9757e-01, 4.2732e-03, 6.4281e-04,-4.6829e-01],-0.1701
6801,[-0.6967,-0.0132, 0.079 ,-0.4615],[ -8.7346, -9.7853, -7.9767,-10.2256, -8.1968],[-0.6983,-0.0166, 0.0794,-0.4753],-0.1785
6802,[-0.6959, 0.0231,-0.0734,-0.4572],[-7.5964,-6.7601,-8.5951,-9.1413,-6.4753],[-0.6975, 0.0258,-0.0746,-0.4691],-0.1805
6810,[-0.6903, 0.0567,-0.0031,-0.4908],[-0.556 ,-0.597 ,-0.1994,-1.6011, 0.4174],[-0.6926, 0.0552,-0.0188,-0.4735],-0.1841
6812,[-0.6976, 0.0651,-0.1114,-0.4557],[-0.8069, 0.5204,-2.177 ,-2.0214,-0.0338],[-0.6991, 0.0677,-0.1088,-0.4724],-0.1908
6821,[-0.6925,-0.0623, 0.1096,-0.4546],[-0.479 ,-1.4436, 1.008 ,-1.263 , 0.2539],[-0.694 ,-0.0649, 0.1095,-0.4713],-0.1985
6900,[-0.7126, 0.0073,-0.0091,-0.6251],[ 8.3789e-01, 1.0567e+00, 1.7786e+00,-2.1912e-01, 4.6717e+02],[-0.7154, 0.0076,-0.0105,-0.6434],-0.1405
6901,[-0.7116,-0.031 , 0.0719,-0.6005],[ 0.5952,-1.4967,27.2524,-1.7991, 0.1114],[-0.714 ,-0.0334, 0.0693,-0.6139],-0.1531
6902,[-0.7145, 0.0298,-0.0696,-0.6311],[-0.1914,40.4066,-0.7938,-0.8428, 3.0255],[-0.7171, 0.0322,-0.069 ,-0.6465],-0.1474
6910,[-0.7191, 0.0631,-0.0382,-0.7152],[-0.9907,-1.5271, 0.5548,-1.3859,15.8309],[-0.7225, 0.0621,-0.0342,-0.7334],-0.1372
6912,[-0.7128, 0.075 ,-0.0919,-0.6875],[-1.0526, 2.8217,-2.6428,-2.1681,13.7875],[-0.7157, 0.0765,-0.0878,-0.7051],-0.1615
6921,[-0.7194,-0.0727, 0.1045,-0.6697],[-0.3909,-2.5407, 3.1441,-1.8412, 2.4784],[-0.7219,-0.0752, 0.1046,-0.6846],-0.1538
7422,[-0.6694,-0.1539,-0.114 , 0.0093],[-4.577 ,-4.0323,-6.6382,-5.626 ,-2.9083],[-0.67  ,-0.1432,-0.1206,-0.0042],-0.2457
7442,[-0.6662,-0.1832,-0.0922, 0.0187],[-2.9562,-2.6037,-4.4843,-3.6262,-1.7307],[-0.6676,-0.1723,-0.1012, 0.0128],-0.2501
7502,[-0.6681,-0.0537,-0.1308,-0.1169],[-2.6817,-1.6788,-4.6253,-3.9758,-1.8687],[-0.6678,-0.0464,-0.1263,-0.1311],-0.2353
7522,[-0.6711,-0.1289,-0.1259,-0.0751],[-3.9672,-2.3074,-8.0631,-6.5159,-1.7019],[-0.6715,-0.1185,-0.1305,-0.0897],-0.2416
7524,[-0.6662,-0.0658,-0.1701,-0.1124],[-6.2302,-5.3722,-7.2005,-6.715 ,-5.9951],[-0.6651,-0.0564,-0.1719,-0.127 ],-0.2467
7542,[-0.6638,-0.1969,-0.0795,-0.01  ],[-19.9121,-17.5861,-21.9049,-21.4664,-18.1008],[-0.6654,-0.1878,-0.0874,-0.017 ],-0.2531
7600,[-0.675 ,-0.0023,-0.0379,-0.2305],[-1.7339,-3.1274,-2.5305,-3.5369,-0.8003],[-0.676 ,-0.0011,-0.0266,-0.2464],-0.203
7602,[-0.6707,-0.038 ,-0.1279,-0.2161],[-22.1778,-21.0982,-24.5831,-23.9123,-21.0833],[-0.6708,-0.0312,-0.1225,-0.2303],-0.2285
7604,[-0.667 ,-0.0429,-0.1728,-0.22  ],[-15.9475,-14.7448,-17.6561,-16.5217,-15.9781],[-0.6661,-0.0342,-0.1722,-0.2348],-0.2424
7622,[-0.6723,-0.0804,-0.1423,-0.1677],[ -8.4285, -6.2249,-11.926 ,-10.8104, -6.576 ],[-0.6722,-0.0712,-0.1427,-0.183 ],-0.2355
7624,[-0.6699,-0.067 ,-0.1713,-0.2014],[-7.2962,-6.6206,-9.1321,-8.0069,-6.4541],[-0.6691,-0.0572,-0.1734,-0.2167],-0.2421
7700,[-0.6787, 0.0014,-0.023 ,-0.3389],[-16.9198,-17.3443,-17.5481,-18.6004,-16.1538],[-0.6802, 0.0019,-0.0125,-0.3526],-0.196
7701,[-0.6834,-0.0072, 0.0688,-0.3361],[-4.1242,-4.5736,-1.6413,-4.662 ,-3.1098],[-0.6845,-0.0101, 0.0685,-0.3475],-0.1973
7702,[-0.673 ,-0.0111,-0.1039,-0.3051],[-23.1754,-21.7439,-25.737 ,-25.6227,-22.3468],[-0.6738,-0.0064,-0.0946,-0.3195],-0.2172
7704,[-0.6667,-0.0144,-0.1733,-0.2944],[-15.9887,-14.1871,-17.0784,-15.9431,-15.0737],[-0.6661,-0.0067,-0.1712,-0.3096],-0.2393
7800,[-0.6835, 0.0068,-0.0091,-0.4209],[-61.8234,-62.0833,-61.9154,-62.9769,-61.2237],[-0.6854, 0.0066,-0.0022,-0.434 ],-0.1885
7801,[-0.686 ,-0.0115, 0.0841,-0.431 ],[-7.9549,-9.1219,-6.5528,-9.0185,-7.7338],[-0.6874,-0.0151, 0.0851,-0.4449],-0.1966
7802,[-0.6772, 0.0201,-0.085 ,-0.4154],[-29.2355,-27.7064,-30.1112,-30.3617,-28.7542],[-0.6787, 0.0228,-0.0773,-0.429 ],-0.2092
7804,[-0.6648, 0.0324,-0.1729,-0.407 ],[-1.8284,-1.4671,-3.7352,-3.0572,-1.4762],[-0.6647, 0.0383,-0.1674,-0.4237],-0.244
7812,[-0.6763, 0.0602,-0.116 ,-0.4734],[-2.7026,-1.7436,-3.8758,-3.8411,-1.47  ],[-0.6777, 0.0627,-0.1062,-0.4891],-0.2211
7900,[-0.6846, 0.0285,-0.0034,-0.5258],[-13.8498,-13.9877,-13.7561,-14.0953,-13.4398],[-0.687 , 0.0273, 0.001 ,-0.5382],-0.1889
7901,[-0.6851, 0.0171, 0.0718,-0.5295],[-4.4052,-5.2068,-3.0931,-5.0263,-3.9616],[-0.6872, 0.0132, 0.0644,-0.5462],-0.1931
7902,[-0.6838, 0.0412,-0.0885,-0.5262],[-5.5335,-4.8629,-6.0791,-6.2326,-5.2586],[-0.6857, 0.0436,-0.0847,-0.5387],-0.2034
7910,[-0.6836, 0.061 ,-0.0233,-0.5308],[-3.7819,-4.5114,-3.181 ,-4.4719,-3.2512],[-0.6862, 0.0589,-0.0107,-0.5342],-0.1936
7912,[-0.6827, 0.0701,-0.1191,-0.5673],[-2.6126,-0.982 ,-4.1617,-3.7966,-1.7947],[-0.6845, 0.0727,-0.1153,-0.581 ],-0.2146
7914,[-0.6825, 0.0836,-0.1738,-0.6181],[-0.836 , 3.2118,-2.3667,-1.4398,-0.7917],[-0.6835, 0.0884,-0.1727,-0.6351],-0.2275
