1,-4737.0
2,-1428.0
3,-5540.0
4,-599.0
5,-856.0
6,-915.0
7,-1010.0
8,-531.0
9,-2087.0
10,-609.0
11,-588.0
12,-2774.0
13,-409.0
14,-951.0
15,-498.0
16,-591.0
17,-619.0
18,-468.0
19,-617.0
20,-460.0
21,-105.0
22,-791.0
23,-438.0
24,-1131.0
25,-203.0
26,-177.0
27,-331.0
28,-544.0
29,-578.0
30,-490.0
31,-639.0
32,-95.0
33,-346.0
34,-883.0
35,-454.0
36,-1074.0
37,-378.0
38,-144.0
39,-757.0
40,-354.0
41,-293.0
42,-97.0
43,-654.0
44,-236.0
45,-243.0
46,-156.0
47,-239.0
48,-176.0
49,-402.0
50,-437.0
51,-364.0
52,-362.0
53,-263.0
54,-334.0
55,-217.0
56,-381.0
57,-564.0
58,-246.0
59,-521.0
60,-130.0
61,-209.0
62,-289.0
63,-646.0
64,-132.0
65,-423.0
66,-171.0
67,-235.0
68,-100.0
69,-122.0
70,-62.0
71,-466.0
72,-366.0
73,-219.0
74,-128.0
75,-115.0
76,-385.0
77,-281.0
78,-131.0
79,-29.0
80,-131.0
81,-267.0
82,-205.0
83,-104.0
84,-124.0
85,-179.0
86,-250.0
87,-123.0
88,-126.0
89,-210.0
90,-265.0
91,-50.0
92,-364.0
93,-24.0
94,-12.0
95,-152.0
96,-174.0
97,-101.0
98,-320.0
99,-23.0
100,-57.0
101,-53.0
102,-131.0
103,-125.0
104,-110.0
105,-230.0
106,-132.0
107,-42.0
108,-308.0
109,-237.0
110,-98.0
111,-217.0
112,-99.0
113,-54.0
114,-77.0
115,-25.0
116,-63.0
117,-155.0
118,-101.0
119,-38.0
120,-101.0
121,-299.0
122,-168.0
123,-70.0
124,-69.0
125,-123.0
126,-96.0
127,-28.0
128,-131.0
129,-195.0
130,-60.0
131,-68.0
132,-101.0
133,-45.0
134,-46.0
135,-210.0
136,-35.0
137,-99.0
138,-78.0
139,-169.0
140,-206.0
141,-145.0
142,-71.0
143,-37.0
144,-174.0
145,-20.0
146,7.0
147,-50.0
148,-215.0
149,-101.0
150,-10.0
151,-19.0
152,-35.0
153,-36.0
154,-117.0
155,-33.0
156,-3.0
157,-133.0
158,-155.0
159,-22.0
160,-33.0
161,-15.0
162,-89.0
163,-129.0
164,-53.0
165,-1.0
166,-254.0
167,-12.0
168,-48.0
169,-182.0
170,-63.0
171,-9.0
172,-92.0
173,-92.0
174,-198.0
175,-15.0
176,-6.0
177,6.0
178,-17.0
179,5.0
180,-129.0
181,-13.0
182,-129.0
183,-74.0
184,-6.0
185,-109.0
186,23.0
187,-13.0
188,-10.0
189,-112.0
190,-72.0
191,-32.0
192,-17.0
193,-8.0
194,0.0
195,16.0
196,-42.0
197,-157.0
198,4.0
199,14.0
200,-28.0
201,-17.0
202,0.0
203,-26.0
204,-77.0
205,-108.0
206,-49.0
207,-104.0
208,-16.0
209,-50.0
210,-78.0
211,-10.0
212,5.0
213,-35.0
214,-41.0
215,0.0
216,9.0
217,-21.0
218,-28.0
219,-3.0
220,25.0
221,-165.0
222,7.0
223,-40.0
224,-40.0
225,-25.0
226,13.0
227,-12.0
228,10.0
229,-7.0
230,-45.0
231,26.0
232,-20.0
233,9.0
234,-20.0
235,0.0
236,-9.0
237,17.0
238,-76.0
239,-131.0
240,-77.0
241,17.0
242,6.0
243,31.0
244,-25.0
245,6.0
246,-11.0
247,7.0
248,2.0
249,25.0
250,-14.0
251,-55.0
252,-8.0
253,25.0
254,13.0
255,6.0
256,-24.0
257,5.0
258,-24.0
259,11.0
260,28.0
261,-113.0
262,11.0
263,-9.0
264,16.0
265,12.0
266,12.0
267,23.0
268,-15.0
269,7.0
270,11.0
271,14.0
272,37.0
273,5.0
274,22.0
275,28.0
276,1.0
277,29.0
278,-1.0
279,-67.0
280,5.0
281,-1.0
282,25.0
283,-35.0
284,-7.0
285,19.0
286,28.0
287,26.0
288,32.0
289,25.0
290,23.0
291,25.0
292,23.0
293,18.0
294,23.0
295,-62.0
296,29.0
297,-65.0
298,34.0
299,-21.0
300,21.0
301,37.0
302,23.0
303,37.0
304,-10.0
305,26.0
306,27.0
307,27.0
308,11.0
309,38.0
310,31.0
311,17.0
312,25.0
313,34.0
314,26.0
315,35.0
316,29.0
317,25.0
318,24.0
319,20.0
320,33.0
321,31.0
322,32.0
323,30.0
324,33.0
325,41.0
326,34.0
327,27.0
328,37.0
329,25.0
330,35.0
331,36.0
332,37.0
333,37.0
334,37.0
335,23.0
336,43.0
337,27.0
338,29.0
339,28.0
340,27.0
341,35.0
342,33.0
343,31.0
344,37.0
345,20.0
346,37.0
347,33.0
348,38.0
349,37.0
350,33.0
351,39.0
352,35.0
353,37.0
354,27.0
355,35.0
356,25.0
357,37.0
358,29.0
359,27.0
360,12.0
361,39.0
362,29.0
363,29.0
364,32.0
365,29.0
366,30.0
367,39.0
368,29.0
369,41.0
370,29.0
371,19.0
372,35.0
373,26.0
374,36.0
375,37.0
376,40.0
377,29.0
378,29.0
379,25.0
380,23.0
381,36.0
382,33.0
383,35.0
384,29.0
385,39.0
386,29.0
387,37.0
388,35.0
389,40.0
390,39.0
391,32.0
392,31.0
393,37.0
394,43.0
395,39.0
396,28.0
397,37.0
398,37.0
399,31.0
400,23.0
401,31.0
402,31.0
403,39.0
404,29.0
405,33.0
406,37.0
407,29.0
408,34.0
409,35.0
410,25.0
411,29.0
412,37.0
413,29.0
414,38.0
415,27.0
416,17.0
417,30.0
418,37.0
419,31.0
420,35.0
421,29.0
422,27.0
423,38.0
424,39.0
425,37.0
426,31.0
427,37.0
428,37.0
429,33.0
430,35.0
431,32.0
432,31.0
433,39.0
434,36.0
435,35.0
436,30.0
437,19.0
438,29.0
439,23.0
440,39.0
441,43.0
442,23.0
443,33.0
444,33.0
445,39.0
446,35.0
447,39.0
448,35.0
449,33.0
450,40.0
451,14.0
452,40.0
453,31.0
454,35.0
455,29.0
456,39.0
457,32.0
458,37.0
459,35.0
460,31.0
461,37.0
462,41.0
463,33.0
464,26.0
465,22.0
466,34.0
467,37.0
468,39.0
469,20.0
470,38.0
471,39.0
472,32.0
473,27.0
474,20.0
475,29.0
476,40.0
477,29.0
478,29.0
479,37.0
480,38.0
481,35.0
482,21.0
483,36.0
484,37.0
485,39.0
486,35.0
487,43.0
488,35.0
489,39.0
490,41.0
491,38.0
492,35.0
493,29.0
494,39.0
495,35.0
496,38.0
497,35.0
498,36.0
499,41.0
500,35.0
501,33.0
502,41.0
503,31.0
504,31.0
505,29.0
506,23.0
507,37.0
508,35.0
509,37.0
510,41.0
511,41.0
512,27.0
513,37.0
514,33.0
515,33.0
516,25.0
517,41.0
518,41.0
519,39.0
520,37.0
521,35.0
522,41.0
523,40.0
524,40.0
525,24.0
526,35.0
527,41.0
528,41.0
529,35.0
530,39.0
531,39.0
532,39.0
533,38.0
534,35.0
535,37.0
536,35.0
537,41.0
538,37.0
539,39.0
540,35.0
541,37.0
542,37.0
543,35.0
544,34.0
545,39.0
546,30.0
547,39.0
548,29.0
549,29.0
550,39.0
551,23.0
552,32.0
553,41.0
554,37.0
555,37.0
556,40.0
557,39.0
558,40.0
559,41.0
560,37.0
561,31.0
562,37.0
563,39.0
564,37.0
565,37.0
566,41.0
567,31.0
568,35.0
569,37.0
570,39.0
571,39.0
572,35.0
573,39.0
574,37.0
575,41.0
576,39.0
577,36.0
578,37.0
579,39.0
580,19.0
581,41.0
582,30.0
583,39.0
584,32.0
585,41.0
586,39.0
587,43.0
588,38.0
589,39.0
590,43.0
591,38.0
592,39.0
593,41.0
594,36.0
595,30.0
596,29.0
597,39.0
598,35.0
599,34.0
600,37.0
601,41.0
602,39.0
603,37.0
604,37.0
605,37.0
606,37.0
607,41.0
608,35.0
609,43.0
610,41.0
611,37.0
612,33.0
613,43.0
614,41.0
615,41.0
616,43.0
617,37.0
618,31.0
619,33.0
620,39.0
621,39.0
622,33.0
623,33.0
624,43.0
625,37.0
626,41.0
627,37.0
628,35.0
629,41.0
630,39.0
631,43.0
632,39.0
633,39.0
634,39.0
635,37.0
636,31.0
637,21.0
638,35.0
639,41.0
640,39.0
641,41.0
642,43.0
643,43.0
644,29.0
645,35.0
646,35.0
647,38.0
648,38.0
649,32.0
650,35.0
651,41.0
652,31.0
653,38.0
654,35.0
655,39.0
656,41.0
657,37.0
658,43.0
659,37.0
660,33.0
661,32.0
662,31.0
663,39.0
664,41.0
665,39.0
666,31.0
667,34.0
668,37.0
669,31.0
670,39.0
671,37.0
672,41.0
673,35.0
674,34.0
675,41.0
676,37.0
677,39.0
678,37.0
679,39.0
680,39.0
681,33.0
682,41.0
683,36.0
684,38.0
685,43.0
686,41.0
687,39.0
688,39.0
689,35.0
690,41.0
691,35.0
692,38.0
693,41.0
694,41.0
695,41.0
696,39.0
697,35.0
698,33.0
699,35.0
700,41.0
701,35.0
702,37.0
703,41.0
704,39.0
705,37.0
706,41.0
707,39.0
708,38.0
709,37.0
710,36.0
711,41.0
712,41.0
713,41.0
714,36.0
715,43.0
716,42.0
717,43.0
718,43.0
719,34.0
720,43.0
721,43.0
722,35.0
723,39.0
724,39.0
725,33.0
726,43.0
727,35.0
728,39.0
729,41.0
730,35.0
731,35.0
732,39.0
733,41.0
734,37.0
735,37.0
736,39.0
737,40.0
738,43.0
739,37.0
740,39.0
741,41.0
742,39.0
743,39.0
744,41.0
745,39.0
746,39.0
747,41.0
748,41.0
749,37.0
750,41.0
751,35.0
752,41.0
753,39.0
754,33.0
755,39.0
756,39.0
757,41.0
758,39.0
759,39.0
760,41.0
761,43.0
762,37.0
763,41.0
764,43.0
765,39.0
766,43.0
767,37.0
768,43.0
769,42.0
770,41.0
771,41.0
772,41.0
773,43.0
774,43.0
775,33.0
776,41.0
777,42.0
778,41.0
779,41.0
780,39.0
781,39.0
782,39.0
783,39.0
784,43.0
785,37.0
786,43.0
787,41.0
788,37.0
789,43.0
790,43.0
791,35.0
792,33.0
793,35.0
794,35.0
795,39.0
796,40.0
797,41.0
798,39.0
799,37.0
800,39.0
801,43.0
802,37.0
803,39.0
804,39.0
805,41.0
806,41.0
807,41.0
808,43.0
809,40.0
810,37.0
811,41.0
812,43.0
813,41.0
814,39.0
815,39.0
816,39.0
817,39.0
818,41.0
819,41.0
820,43.0
821,41.0
822,42.0
823,42.0
824,39.0
825,37.0
826,41.0
827,41.0
828,43.0
829,41.0
830,43.0
831,43.0
832,39.0
833,41.0
834,41.0
835,39.0
836,41.0
837,41.0
838,41.0
839,39.0
840,41.0
841,43.0
842,38.0
843,41.0
844,31.0
845,41.0
846,43.0
847,43.0
848,39.0
849,39.0
850,41.0
851,43.0
852,39.0
853,43.0
854,43.0
855,39.0
856,39.0
857,39.0
858,41.0
859,41.0
860,41.0
861,43.0
862,41.0
863,43.0
864,40.0
865,39.0
866,41.0
867,41.0
868,39.0
869,41.0
870,39.0
871,41.0
872,37.0
873,41.0
874,41.0
875,39.0
876,40.0
877,43.0
878,41.0
879,43.0
880,41.0
881,39.0
882,43.0
883,39.0
884,41.0
885,41.0
886,42.0
887,37.0
888,41.0
889,43.0
890,43.0
891,43.0
892,43.0
893,43.0
894,43.0
895,39.0
896,43.0
897,41.0
898,43.0
899,39.0
900,41.0
901,43.0
902,43.0
903,43.0
904,41.0
905,39.0
906,41.0
907,43.0
908,43.0
909,43.0
910,41.0
911,41.0
912,43.0
913,43.0
914,41.0
915,39.0
916,43.0
917,43.0
918,43.0
919,39.0
920,43.0
921,43.0
922,41.0
923,43.0
924,39.0
925,43.0
926,43.0
927,43.0
928,39.0
929,43.0
930,41.0
931,39.0
932,41.0
933,43.0
934,43.0
935,43.0
936,41.0
937,43.0
938,42.0
939,41.0
940,43.0
941,41.0
942,43.0
943,43.0
944,39.0
945,43.0
946,43.0
947,43.0
948,43.0
949,43.0
950,43.0
951,43.0
952,43.0
953,43.0
954,43.0
955,41.0
956,43.0
957,43.0
958,43.0
959,43.0
960,43.0
961,43.0
962,41.0
963,43.0
964,43.0
965,43.0
966,43.0
967,43.0
968,43.0
969,42.0
970,43.0
971,43.0
972,43.0
973,41.0
974,43.0
975,43.0
976,43.0
977,43.0
978,43.0
979,43.0
980,43.0
981,43.0
982,43.0
983,41.0
984,43.0
985,43.0
986,43.0
987,43.0
988,43.0
989,43.0
990,43.0
991,43.0
992,43.0
993,43.0
994,43.0
995,43.0
996,43.0
997,43.0
998,43.0
999,43.0
1000,43.0
