112,[-0.9567, 0.0653,-0.088 , 0.3825],[1.9521,1.289 ,0.5239,0.7488,1.1983],[-0.9548, 0.0686,-0.0908, 0.3947],0.2564
200,[-0.9616, 0.0051,-0.012 , 0.2859],[ 0.6074, 0.862 , 2.1381, 0.7337,-0.2395],[-0.9602, 0.0084,-0.0185, 0.296 ],0.279
201,[-0.9598,-0.0444, 0.0658, 0.2709],[-0.2767,-1.2861, 0.7852, 0.1816,-0.4629],[-0.9585,-0.0494, 0.0703, 0.2789],0.2588
202,[-0.9599, 0.0461,-0.0672, 0.2998],[-0.3753, 1.8163,-0.6202,-0.1548,-0.7995],[-0.9584, 0.0505,-0.07  , 0.3091],0.2587
210,[-0.9578, 0.0694,-0.0395, 0.2665],[-0.7187,-1.4691, 0.7034,-0.7553,-0.8339],[-0.9567, 0.0615,-0.0409, 0.2801],0.2724
212,[-0.9576, 0.0939,-0.1083, 0.2752],[0.2494,3.4524,0.8788,2.5268,0.0781],[-0.9562, 0.0939,-0.104 , 0.2891],0.2354
221,[-0.9584,-0.0918, 0.1057, 0.2769],[0.8384,0.0869,2.5111,2.4938,0.2698],[-0.957 ,-0.0931, 0.1075, 0.2856],0.2314
223,[-0.9584,-0.1465, 0.1676, 0.2577],[ 0.1635,-0.3675, 2.2036,-0.2677, 0.0473],[-0.9569,-0.1474, 0.1659, 0.2714],0.1857
300,[-0.9609,-0.0034, 0.004 , 0.1677],[-0.6702,-1.484 ,-1.1507, 0.9105,-2.3338],[-0.9601,-0.0039, 0.0058, 0.1792],0.2781
301,[-0.9598,-0.0427, 0.0735, 0.17  ],[-1.5297,-2.1539,-0.148 ,-1.1492,-2.0958],[-0.9588,-0.0512, 0.0802, 0.1791],0.253
302,[-0.9616, 0.0443,-0.0684, 0.1715],[-2.3011,-1.1367,-2.6807,-2.1035,-2.4883],[-0.9607, 0.051 ,-0.0738, 0.182 ],0.2485
310,[-0.9623, 0.0707,-0.0396, 0.1817],[-2.1222,-2.405 ,-0.0583,-2.3634,-2.2187],[-0.9616, 0.0572,-0.0225, 0.1935],0.2606
312,[-0.9618, 0.0896,-0.1038, 0.1806],[-0.3523, 0.2806,-1.7587, 1.5082,-1.7524],[-0.9608, 0.091 ,-0.1024, 0.1926],0.2202
320,[-0.9605,-0.0671, 0.032 , 0.1573],[-2.1859,-0.677 ,-2.6357,-1.576 ,-2.1677],[-0.9599,-0.0544, 0.0192, 0.1712],0.2706
321,[-0.9617,-0.0833, 0.0986, 0.1784],[ 1.2006,-0.616 , 1.5159, 2.7148,-0.3545],[-0.9607,-0.0853, 0.0978, 0.1918],0.2251
323,[-0.9611,-0.1429, 0.1824, 0.1962],[-1.0231,-1.4302, 1.243 , 0.0503,-1.0222],[-0.9595,-0.1501, 0.186 , 0.2106],0.1678
332,[-0.9579, 0.1996,-0.1056, 0.1835],[-1.6618,-1.9154, 0.1695,-0.9495,-1.6771],[-0.9588, 0.1709,-0.0812, 0.1963],0.204
343,[-0.962 ,-0.2025, 0.2641, 0.1347],[ 0.6133,-1.3409, 0.8286, 0.8232,-1.0735],[-0.9594,-0.2161, 0.2862, 0.1493],0.1013
345,[-0.9581,-0.2229, 0.2974, 0.1564],[ 0.4197,-0.6007, 1.396 , 0.1837,-0.707 ],[-0.9549,-0.2359, 0.3201, 0.17  ],0.0932
400,[-0.9621,-0.0068, 0.0027, 0.0602],[ 0.5226, 2.6019, 1.514 ,10.7665,-0.9024],[-0.9617,-0.0061, 0.0044, 0.0745],0.2725
401,[-0.9619,-0.0423, 0.0698, 0.0705],[-0.9681,-2.1087, 1.0948,-0.8797,-2.016 ],[-0.9613,-0.0519, 0.0802, 0.0828],0.2434
402,[-0.9624, 0.0378,-0.0694, 0.0639],[-1.2432,-0.2276,-2.4947,-1.4635,-2.8486],[-0.9618, 0.0476,-0.0769, 0.0784],0.2444
410,[-0.9621, 0.0699,-0.0359, 0.0625],[-1.5079,-1.9065, 0.6483,-1.6795,-2.376 ],[-0.962 , 0.0564,-0.0202, 0.0735],0.2615
412,[-0.9646, 0.0947,-0.1015, 0.0633],[ 2.2163, 2.5122,-1.166 , 2.2933,-1.6683],[-0.9642, 0.0947,-0.0982, 0.0763],0.2088
414,[-0.9586, 0.1367,-0.1959, 0.009 ],[-0.6016,-0.2322,-1.4983, 1.6519,-1.3762],[-0.9571, 0.1536,-0.2158, 0.0241],0.1624
420,[-0.9617,-0.0747, 0.0322, 0.0575],[-2.1213,-0.4361,-2.3411,-1.1857,-2.5537],[-0.9616,-0.0591, 0.0168, 0.0699],0.2611
421,[-0.9627,-0.0862, 0.0915, 0.0628],[ 0.262 , 0.219 , 3.3836, 5.5657,-0.2565],[-0.9623,-0.0863, 0.089 , 0.0758],0.2225
423,[-0.9615,-0.136 , 0.19  , 0.0552],[-0.3994,-1.5582, 0.5534,-0.7406,-1.7144],[-0.9601,-0.1507, 0.2045, 0.0692],0.1586
432,[-0.9601, 0.1798,-0.1448, 0.0157],[-1.3621,-1.8919,-0.6377,-0.9572,-1.9285],[-0.9608, 0.1654,-0.1209, 0.0309],0.1832
434,[-0.9579, 0.1836,-0.2237, 0.0482],[-0.5907, 0.6165,-1.6231, 1.2247,-1.5599],[-0.9567, 0.1919,-0.2287, 0.0626],0.1427
441,[-0.96  ,-0.1795, 0.1269, 0.0508],[-1.713 ,-0.7869,-2.5402,-1.2489,-2.5217],[-0.9608,-0.161 , 0.1055, 0.0605],0.1917
443,[-0.9592,-0.2157, 0.2184, 0.0588],[-0.9179,-1.5702, 0.1383, 0.8549,-1.8831],[-0.9589,-0.2153, 0.2185, 0.073 ],0.1305
500,[-0.9627,-0.0143, 0.006 ,-0.0571],[ 1.1967, 3.0364, 0.8084,17.0226,-0.6307],[-0.9629,-0.0122, 0.0067,-0.0417],0.2682
501,[-0.9605,-0.0367, 0.0751,-0.0533],[-1.4376,-1.8028, 0.8173,-0.9583,-2.243 ],[-0.9603,-0.0502, 0.0888,-0.0394],0.2444
502,[-0.9651, 0.0372,-0.07  ,-0.0552],[-0.206 , 1.4124,-1.4167,-0.697 ,-1.814 ],[-0.9651, 0.0494,-0.0806,-0.0398],0.2304
510,[-0.962 , 0.0708,-0.0269,-0.0693],[-1.1463,-1.9576, 0.8706,-0.1344,-1.8362],[-0.9625, 0.0561,-0.0144,-0.0557],0.2579
512,[-0.965 , 0.0995,-0.1037,-0.0591],[ 0.5565, 0.5272,-0.959 , 5.4252,-1.3901],[-0.9651, 0.1013,-0.1035,-0.0434],0.2009
514,[-0.9642, 0.1301,-0.1729,-0.0235],[-0.2024, 1.3391,-1.0831, 0.7697,-1.2048],[-0.9635, 0.1423,-0.1814,-0.008 ],0.1597
520,[-0.9603,-0.0737, 0.0286,-0.0737],[-0.488 , 4.1898,-1.0871, 0.028 ,-1.138 ],[-0.9608,-0.0587, 0.0155,-0.0604],0.2663
521,[-0.9625,-0.1018, 0.0977,-0.062 ],[ 2.3378,-0.0495, 5.0224, 3.6248,-1.6425],[-0.9628,-0.0995, 0.0914,-0.0486],0.2144
523,[-0.9573,-0.1337, 0.1818,-0.0711],[-1.0967,-1.6532,-0.175 , 0.3438,-1.8313],[-0.9564,-0.1479, 0.1965,-0.0571],0.1747
532,[-0.9618, 0.1999,-0.1328,-0.0575],[-1.1807,-1.3729, 0.0663,-0.8411,-1.071 ],[-0.9633, 0.1798,-0.1157,-0.0436],0.1712
534,[-0.9577, 0.2095,-0.1987,-0.068 ],[ 0.3374, 1.6358,-0.8629, 1.9888,-2.0863],[-0.9583, 0.2058,-0.1887,-0.0524],0.1481
541,[-0.9632,-0.1869, 0.1464,-0.0702],[-2.6613,-1.6892,-2.7221,-2.5205,-3.4734],[-0.9643,-0.1737, 0.1321,-0.0553],0.1638
543,[-0.962 ,-0.2101, 0.2016,-0.0755],[-2.6679,-3.0437,-1.6663,-1.9097,-4.1028],[-0.9625,-0.2077, 0.1966,-0.0631],0.1308
556,[-0.9575, 0.2944,-0.3266,-0.0997],[ 0.3187, 0.2081,-1.4864, 1.807 ,-1.3362],[-0.9565, 0.3024,-0.334 ,-0.0843],0.0556
563,[-0.9588,-0.2958, 0.2229,-0.0557],[-2.9595,-2.5826,-2.937 ,-2.7248,-3.4872],[-0.9615,-0.2749, 0.1887,-0.0422],0.1105
600,[-0.9623,-0.0175, 0.0054,-0.1736],[-2.919 ,-1.7491,-3.1208,-1.0626,-4.2933],[-0.963 ,-0.014 , 0.0046,-0.1589],0.2671
601,[-0.9604,-0.0417, 0.0669,-0.1714],[-0.9731,-1.3985, 0.4437,-0.0836,-1.8284],[-0.9609,-0.052 , 0.0779,-0.1559],0.2452
602,[-0.961 , 0.0384,-0.0795,-0.1877],[-0.2642, 1.3278,-1.3232, 0.393 ,-1.325 ],[-0.9613, 0.0538,-0.0949,-0.172 ],0.2363
610,[-0.9639, 0.0813,-0.0338,-0.171 ],[-1.0643,-1.3761, 0.327 ,-0.457 ,-2.2277],[-0.9649, 0.0656,-0.0191,-0.1553],0.2419
612,[-0.9629, 0.0884,-0.0954,-0.1777],[-0.7846, 1.0775,-1.2067, 2.0125,-1.9471],[-0.9635, 0.0917,-0.0964,-0.162 ],0.2129
614,[-0.959 , 0.1525,-0.1894,-0.2065],[ 0.2817, 2.2488, 0.3165, 0.5481,-1.393 ],[-0.9589, 0.1664,-0.1996,-0.1906],0.1581
620,[-0.9609,-0.0718, 0.0323,-0.1729],[-1.1682, 3.0754,-0.8103,-0.2247,-1.2573],[-0.9618,-0.0578, 0.0178,-0.1583],0.2629
621,[-0.9609,-0.1004, 0.0953,-0.1826],[-1.6442,-1.2697, 3.0812, 1.5014,-3.3039],[-0.9618,-0.0989, 0.0895,-0.1684],0.2191
623,[-0.9595,-0.1512, 0.1724,-0.1601],[-0.8441,-0.7587, 0.8112, 0.3911,-1.6875],[-0.9596,-0.1598, 0.1802,-0.1444],0.166
632,[-0.9557, 0.1764,-0.0876,-0.1851],[-0.6382,-0.5052,-0.2335,-0.5649,-1.3858],[-0.9579, 0.147 ,-0.0459,-0.17  ],0.231
634,[-0.9605, 0.1892,-0.2296,-0.1781],[-0.2018,-0.1328,-0.436 , 2.4975,-1.7096],[-0.96  , 0.2031,-0.2387,-0.1628],0.1242
636,[-0.9606, 0.2575,-0.2976,-0.1554],[ 1.5809, 1.4115,-0.0315, 0.8052,-0.9809],[-0.9597, 0.2696,-0.3062,-0.1394],0.0711
641,[-0.9616,-0.1752, 0.1518,-0.1834],[-2.9762,-2.1105,-2.7404,-2.5566,-3.9414],[-0.9629,-0.1694, 0.1426,-0.1677],0.1662
643,[-0.959 ,-0.2011, 0.2041,-0.1642],[-4.3814,-5.4146,-4.2509,-3.3374,-6.1622],[-0.9595,-0.2039, 0.2027,-0.1513],0.1395
700,[-9.6049e-01,-1.0259e-02, 3.3838e-04,-2.9454e-01],[-5.901 ,-5.2261,-6.8086,-4.8931,-7.1579],[-0.9617,-0.007 ,-0.0019,-0.2801],0.2781
701,[-0.9567,-0.0503, 0.0619,-0.2961],[-0.8217,-0.9213,-0.2025, 0.5845,-1.8455],[-0.9579,-0.056 , 0.068 ,-0.2811],0.2591
702,[-0.96  , 0.0444,-0.0685,-0.2738],[ 1.3202, 0.7084,-0.8025, 1.3257,-1.6167],[-0.9609, 0.0568,-0.0833,-0.2639],0.2418
712,[-0.9622, 0.0879,-0.0889,-0.3008],[-1.7343,-1.3056,-1.8458,-1.0887,-2.8338],[-0.9634, 0.091 ,-0.0917,-0.284 ],0.2155
714,[-0.9669, 0.1107,-0.1825,-0.2563],[-0.4114, 2.6637, 0.3933, 0.983 ,-1.303 ],[-0.9659, 0.1464,-0.2297,-0.2393],0.1314
720,[-0.9614,-0.0638, 0.045 ,-0.3099],[-1.4898,-0.148 ,-2.2577,-0.7389,-2.8544],[-0.9628,-0.0581, 0.0382,-0.2971],0.2512
721,[-0.9593,-0.0948, 0.0953,-0.2921],[ -9.2131, -8.9406, -8.5456, -8.3259,-11.2133],[-0.9605,-0.097 , 0.0953,-0.2775],0.2218
723,[-0.9571,-0.1625, 0.1721,-0.292 ],[ 0.2829,-0.8893, 0.2466, 1.7574,-1.192 ],[-0.958 ,-0.1689, 0.1752,-0.2751],0.1696
743,[-0.9579,-0.1778, 0.1901,-0.2712],[-6.0679,-7.5409,-5.5092,-5.6541,-7.9515],[-0.9586,-0.1854, 0.1956,-0.2557],0.1529
800,[-0.9564,-0.0261, 0.0313,-0.3855],[-10.1084, -9.7113, -9.9635,-10.4921,-11.4338],[-0.958 ,-0.0273, 0.0279,-0.3695],0.2864
812,[-0.9595, 0.0751,-0.0684,-0.4152],[-2.9532,-2.754 ,-2.4518,-2.5114,-4.3113],[-0.9613, 0.0758,-0.0689,-0.398 ],0.2381
820,[-0.9578,-0.0603, 0.0469,-0.3839],[-1.7134,-1.056 ,-2.703 ,-2.2025,-3.3544],[-0.9595,-0.0588, 0.0484,-0.3669],0.2599
821,[-0.9563,-0.0832, 0.085 ,-0.3963],[-15.4569,-15.7326,-15.0824,-14.2046,-16.7284],[-0.958 ,-0.0851, 0.0812,-0.3789],0.2415
1100,[-0.9398,-0.0214, 0.0177, 0.3924],[ 1.449 , 1.1027, 1.0598, 0.4642,10.6811],[-0.9382,-0.0206, 0.02  , 0.3863],0.3556
1102,[-0.9473, 0.0539,-0.0756, 0.3826],[ 0.3622, 3.9782,-0.5753,-0.1575, 0.4598],[-0.9455, 0.056 ,-0.0734, 0.3931],0.3055
1112,[-0.9424, 0.0771,-0.0891, 0.393 ],[ 1.9759, 2.0572, 0.6696, 0.4854,10.7986],[-0.9406, 0.0768,-0.0859, 0.3884],0.3108
1120,[-0.9433,-0.0785, 0.0362, 0.3919],[ 0.903 , 3.5077,-0.9809,-0.0245, 2.5303],[-0.9418,-0.0678, 0.0269, 0.3961],0.3354
1121,[-0.9356,-0.0896, 0.089 , 0.3815],[ 1.036 , 1.0062, 3.5421, 0.4277,13.5174],[-0.9341,-0.0861, 0.0795, 0.3784],0.3366
1200,[-0.9289,-0.0305, 0.0285, 0.28  ],[  1.8544,  3.1748,  1.6848,  1.1935,103.1658],[-0.9277,-0.0299, 0.0292, 0.2724],0.4
1201,[-0.9284,-0.048 , 0.0643, 0.2663],[ 5.8589e-01,-7.9482e-01, 4.2905e+01,-1.0850e-02, 1.6289e+00],[-0.9271,-0.0498, 0.064 , 0.2671],0.385
1202,[-0.9411, 0.0456,-0.0654, 0.2872],[ 0.6919,12.3393,-0.6589,-0.6369, 1.2302],[-0.9397, 0.0483,-0.0657, 0.2877],0.3371
1210,[-0.9352, 0.0741,-0.0357, 0.3183],[-0.1966,-0.8321, 9.7325,-0.5915, 1.2312],[-0.9341, 0.0658,-0.0295, 0.3154],0.3685
1212,[-0.9407, 0.088 ,-0.0951, 0.3117],[ 1.2158,37.7839, 0.3439, 1.4167, 3.3082],[-0.9393, 0.0866,-0.0894, 0.315 ],0.3104
1220,[-0.9293,-0.0652, 0.0371, 0.2929],[ 0.1915,37.8428,-0.2395,-0.1749, 0.4079],[-0.9282,-0.0595, 0.0345, 0.2963],0.393
1221,[-0.9335,-0.0786, 0.0857, 0.2867],[ 0.7509, 0.7698,92.3598, 0.9155, 2.2046],[-0.9322,-0.0775, 0.0806, 0.2921],0.3454
1232,[-0.926 , 0.1799,-0.1378, 0.2561],[-0.0122,-0.8358, 1.3019, 0.0997, 0.0209],[-0.926 , 0.1689,-0.1157, 0.2582],0.315
1234,[-0.9213, 0.2284,-0.2308, 0.2599],[1.2494,1.4828,0.0655,0.9486,6.2201],[-0.9206, 0.2246,-0.219 , 0.2546],0.2588
1236,[-0.9229, 0.2567,-0.2779, 0.2556],[ 0.5609,12.7911,-0.6019,-0.3985, 2.604 ],[-0.9216, 0.255 ,-0.2707, 0.2633],0.2152
1241,[-0.9167,-0.196 , 0.12  , 0.3194],[ 0.3409, 6.2804, 0.0715,-0.0977, 2.0304],[-0.9171,-0.1808, 0.0904, 0.3062],0.3579
1243,[-0.9339,-0.205 , 0.208 , 0.2945],[ 0.9828, 0.0145,12.9773, 1.7254, 3.6455],[-0.933 ,-0.2016, 0.1976, 0.297 ],0.2345
1245,[-0.9295,-0.266 , 0.3024, 0.2925],[ 0.1383,-1.2013, 3.7552, 1.5361, 1.0484],[-0.9276,-0.2654, 0.2985, 0.2961],0.1767
1300,[-0.9209,-0.0129, 0.0113, 0.174 ],[  1.0829,131.3133,  1.9672,  1.0215,  1.718 ],[-0.9201,-0.0129, 0.0139, 0.1785],0.4335
1301,[-0.9216,-0.0444, 0.0656, 0.1968],[  1.1248, -0.5507,139.6862,  0.739 ,  0.6304],[-0.9206,-0.0471, 0.0665, 0.1984],0.4092
1302,[-0.9192, 0.0404,-0.0749, 0.143 ],[8.1619e-01,1.1846e+02,3.3322e-02,7.2224e-02,5.5544e-01],[-0.9183, 0.045 ,-0.0755, 0.1474],0.4177
1310,[-0.9188, 0.0663,-0.0434, 0.14  ],[-0.4526,-1.3557, 4.4842,-1.9311, 3.7211],[-0.9184, 0.0622,-0.041 , 0.139 ],0.4258
1311,[-0.938 , 0.0619, 0.059 , 0.1681],[-1.9459,-2.7714,-2.1741,-2.0116,-1.8108],[-0.9373, 0.0386, 0.0697, 0.1541],0.3485
1312,[-0.9188, 0.0735,-0.0885, 0.1417],[ 0.4775, 2.3675, 1.1541, 1.1358,88.5234],[-0.9181, 0.0749,-0.0871, 0.1352],0.3975
1314,[-0.9201, 0.1508,-0.1776, 0.1467],[ 0.4321,19.8087,-0.6182,-0.1966, 0.5465],[-0.9191, 0.1529,-0.1753, 0.1521],0.3124
1320,[-0.9202,-0.0657, 0.0406, 0.1611],[7.8637e-01,1.0352e+02,1.7731e-01,3.0365e-01,9.7552e-02],[-0.9196,-0.0614, 0.04  , 0.1688],0.4193
1321,[-0.9261,-0.0804, 0.0847, 0.1699],[  2.3724,  0.9062,135.6288,  0.8809,  1.6005],[-0.9253,-0.0797, 0.0797, 0.1759],0.3708
1323,[-0.9298,-0.1462, 0.195 , 0.1662],[ 2.7177,-1.1087,20.4176,-0.0217, 3.7756],[-0.9281,-0.1517, 0.1956, 0.1764],0.2732
1330,[-0.9413, 0.1703,-0.0483, 0.1721],[-1.3209,-2.2855,-1.1737,-1.7509,-1.6008],[-0.942 , 0.1459,-0.0405, 0.1862],0.2946
1332,[-0.9237, 0.1877,-0.1348, 0.2027],[-4.1962,-4.3568,-4.7898,-3.6811,-4.4168],[-0.924 , 0.1759,-0.1143, 0.2078],0.3172
1334,[-0.9254, 0.2062,-0.2086, 0.1716],[ 1.1235,27.6327, 0.7789, 1.315 , 3.9742],[-0.9249, 0.2034,-0.199 , 0.1821],0.2598
1336,[-0.9305, 0.2572,-0.2901, 0.183 ],[ 0.7482,26.1852,-0.1939, 0.8727,-0.3402],[-0.929 , 0.258 ,-0.2872, 0.1934],0.1802
1341,[-0.9281,-0.197 , 0.1256, 0.1405],[-0.0577, 0.7373,-1.5243,-0.4685,-0.7839],[-0.929 ,-0.184 , 0.1149, 0.1423],0.296
1343,[-0.9306,-0.1855, 0.2204, 0.1594],[ 8.4680e-01,-2.4086e-03, 1.7344e+00, 6.7862e-01, 1.8704e+01],[-0.9293,-0.1881, 0.2168, 0.1514],0.2431
1345,[-0.9482,-0.2525, 0.3164, 0.2046],[ 0.3574,-0.7928,13.5205, 1.0613, 0.3412],[-0.9458,-0.2573, 0.3149, 0.2183],0.1139
1354,[-0.9514, 0.298 ,-0.2518, 0.1485],[-1.7943,-2.3962,-1.7114,-1.7114,-2.0578],[-0.9528, 0.2836,-0.226 , 0.1486],0.1187
1356,[-0.9498, 0.3144,-0.2839, 0.1261],[ 1.0014, 3.9322,-0.6192, 4.624 , 0.4235],[-0.9508, 0.3044,-0.2637, 0.1411],0.1002
1363,[-0.9179,-0.2937, 0.2472, 0.1705],[ 0.4069,-0.155 ,-1.355 , 1.4918,-0.3282],[-0.9192,-0.2847, 0.2258, 0.1697],0.2312
1365,[-0.9157,-0.3117, 0.298 , 0.1359],[ 1.7615,-0.149 , 7.7965, 0.6345, 0.1552],[-0.9161,-0.3074, 0.2837, 0.1505],0.2026
1400,[-0.9217,-0.0053, 0.0019, 0.0629],[  1.2865,  3.0411,426.6054,  1.4712,  1.0521],[-0.9214,-0.0041,-0.0022, 0.0693],0.433
1401,[-0.9192,-0.0414, 0.0716, 0.0434],[ 1.3039e-01,-6.8688e-01, 4.1518e+01,-4.5388e-01, 6.1186e-03],[-0.9188,-0.0457, 0.0722, 0.0508],0.4143
1402,[-0.9206, 0.04  ,-0.0696, 0.0759],[ 3.2657e-01, 2.1505e+02,-5.2820e-01,-3.8895e-01,-3.1251e-02],[-0.9201, 0.0446,-0.0726, 0.0794],0.415
1410,[-0.9186, 0.0645,-0.043 , 0.054 ],[ 1.3197e+00,-1.0122e-01, 1.5157e+02,-1.0558e-01, 5.8848e-02],[-0.9185, 0.0609,-0.0415, 0.0542],0.4258
1411,[-0.9372, 0.0739, 0.0659, 0.0017],[-1.8677,-2.368 ,-1.8018,-1.8741,-1.8552],[-0.9366, 0.0401, 0.1156, 0.0173],0.3299
1412,[-0.9189, 0.0771,-0.0858, 0.0617],[  1.0794,594.8838,  1.5062,  1.8527,  0.8436],[-0.9186, 0.0777,-0.083 , 0.0638],0.3975
1414,[-0.9227, 0.1426,-0.1835, 0.062 ],[ 0.7791,76.8904,-0.8821, 0.1926, 0.4723],[-0.9217, 0.1477,-0.1849, 0.0724],0.3035
1420,[-0.921 ,-0.0652, 0.0442, 0.0715],[ -0.2893,129.9382, -0.3009,  0.4327, -0.8348],[-0.9208,-0.0616, 0.0426, 0.0815],0.4157
1421,[-0.9189,-0.0754, 0.0835, 0.055 ],[2.0903e-01,8.6658e-01,5.3720e+02,3.0639e+00,2.2741e+00],[-0.9185,-0.0759, 0.0809, 0.0661],0.395
1423,[-0.9367,-0.1317, 0.1838, 0.0762],[ 0.042 ,-1.0228, 0.9554,31.7315, 1.5545],[-0.9353,-0.1402, 0.1892, 0.0896],0.2567
1430,[-0.9444, 0.1757,-0.0503, 0.0242],[-1.3286,-1.8645,-0.7079,-1.5624,-1.1891],[-9.4599e-01, 1.4159e-01,-7.4505e-04, 8.6794e-03],0.2977
1432,[-0.9314, 0.1823,-0.1362, 0.0461],[-2.579 ,-2.9749,-2.4427,-2.4169,-2.9726],[-0.9322, 0.172 ,-0.1223, 0.0568],0.2851
1434,[-0.9254, 0.1934,-0.2167, 0.0616],[ 1.7676, 5.7511,-0.076 ,22.1316, 1.2862],[-0.9246, 0.1953,-0.2143, 0.0753],0.2565
1436,[-0.9351, 0.2487,-0.2874, 0.0784],[ 0.3984,17.0013,-0.4705, 0.3622, 0.0271],[-0.9338, 0.2522,-0.2871, 0.0871],0.1669
1440,[-0.9384,-0.1788, 0.0334, 0.0706],[-3.1978,-1.9118,-3.1442,-2.1734,-2.9884],[-0.9398,-0.1463,-0.003 , 0.0857],0.3171
1441,[-0.9327,-0.1869, 0.1362, 0.056 ],[-1.1842,-2.201 ,-2.6058, 0.1472,-2.2143],[-0.9335,-0.1759, 0.1216, 0.0652],0.2765
1443,[-0.9325,-0.212 , 0.2069, 0.0519],[ 0.8318, 0.4564,23.6977, 1.1928, 0.8589],[-0.9326,-0.209 , 0.1964, 0.0586],0.2309
1445,[-0.9337,-0.2698, 0.3442, 0.0101],[ 0.5757,-0.955 ,15.678 , 1.3203, 0.3183],[-0.931 ,-0.2778, 0.3523, 0.025 ],0.1341
1454,[-0.9334, 0.2821,-0.2648, 0.0368],[-1.5099,-1.8304,-1.4836,-1.3859,-2.0222],[-0.9339, 0.2787,-0.2595, 0.0503],0.167
1456,[-0.9398, 0.3063,-0.3121, 0.0465],[ 1.4818, 2.9121,-0.589 , 3.3403,-0.572 ],[-0.9397, 0.3051,-0.3058, 0.058 ],0.117
1463,[-0.9253,-0.2982, 0.2498, 0.0377],[-2.088 ,-1.8994,-1.725 ,-1.4119,-2.1645],[-0.9271,-0.2901, 0.2295, 0.0424],0.1984
1465,[-0.9219,-0.3053, 0.3339, 0.0541],[ 0.6556,-0.5898, 6.1595, 2.1328, 0.0373],[-0.9209,-0.3063, 0.329 , 0.066 ],0.1603
1500,[-0.9218,-0.004 , 0.007 ,-0.0588],[ 3.3397,28.888 , 0.974 , 5.0749, 0.5803],[-0.922 ,-0.005 , 0.0117,-0.0502],0.4333
1501,[-0.9179,-0.0371, 0.076 ,-0.0609],[ 3.6571e-03,-6.5596e-01, 1.1508e+01, 8.6387e-01,-2.6292e-01],[-0.9178,-0.0433, 0.0791,-0.0519],0.4206
1502,[-0.9251, 0.0318,-0.0756,-0.0622],[-12.0814,-10.8384,-13.8184,-11.679 ,-12.7579],[-0.925 , 0.0394,-0.0789,-0.0537],0.3957
1510,[-0.9176, 0.0625,-0.0452,-0.0587],[ 2.6425e-02, 8.1739e-01, 4.2731e+00, 9.1603e+01,-4.2246e-01],[-0.9179, 0.0595,-0.042 ,-0.0474],0.4262
1511,[-0.9444, 0.0579, 0.0577,-0.008 ],[-1.7362,-1.6539,-0.7469,-1.7655,-1.5387],[-0.9443, 0.0323, 0.0709, 0.0077],0.3214
1512,[-0.9201, 0.0699,-0.0767,-0.0545],[ 1.0302, 8.6471, 0.3709,67.3504, 0.5026],[-0.9202, 0.0711,-0.0775,-0.0413],0.398
1514,[-0.9282, 0.1342,-0.1899,-0.0536],[ 0.3337, 4.0009,-0.7668, 0.4196,-1.1546],[-0.9272, 0.1435,-0.1954,-0.0399],0.2835
1520,[-0.922 ,-0.0636, 0.0437,-0.0732],[-0.292 ,72.5485, 0.6079, 1.6377,-1.1333],[-0.9224,-0.0605, 0.0428,-0.0611],0.4112
1521,[-0.92  ,-0.0727, 0.0823,-0.0586],[7.9893e-01,1.2369e-01,1.6304e+00,1.4386e+02,6.5180e-01],[-0.92  ,-0.0742, 0.0826,-0.0444],0.3942
1523,[-0.9245,-0.1507, 0.1822,-0.0758],[ 3.6167,-1.4909, 5.2226, 1.536 , 0.0661],[-0.9241,-0.1563, 0.1853,-0.0639],0.2873
1530,[-0.948 , 0.1674,-0.0377,-0.0352],[-1.1382,-1.4965,-0.2582,-0.8334,-0.979 ],[-0.9495, 0.1295, 0.016 ,-0.0194],0.2824
1532,[-0.9387, 0.1965,-0.1277,-0.0679],[-5.592 ,-5.7072,-5.2399,-5.2921,-5.5657],[-0.9404, 0.1822,-0.1108,-0.0573],0.254
1534,[-0.9307, 0.2238,-0.2088,-0.0729],[ 3.6217, 3.8496,-0.6334, 3.61  ,-0.3117],[-0.9315, 0.2209,-0.1994,-0.0584],0.2287
1536,[-0.9392, 0.2548,-0.2939,-0.0553],[-0.07  ,11.4385,-0.8755, 0.9013,-0.1036],[-0.9381, 0.2611,-0.2987,-0.0422],0.1432
1541,[-0.9294,-0.183 , 0.1356,-0.0697],[-3.6603,-4.5747,-3.0886,-3.5376,-4.7286],[-0.9306,-0.1737, 0.1202,-0.0577],0.2909
1543,[-0.9329,-0.2134, 0.2146,-0.0635],[ 1.7337,-0.1625, 5.3446,10.054 , 0.2225],[-0.9332,-0.2132, 0.2091,-0.0481],0.2202
1545,[-0.9338,-0.2565, 0.2981,-0.083 ],[ 3.6971,-0.8361, 2.7005, 1.7169,-0.357 ],[-0.9327,-0.2629, 0.3006,-0.0719],0.1597
1554,[-0.9292, 0.2912,-0.2437,-0.0879],[-1.0751,-1.6656,-1.8722,-0.5859,-2.104 ],[-0.9312, 0.2847,-0.2303,-0.078 ],0.1865
1556,[-0.9393, 0.3025,-0.3168,-0.0527],[ 1.9126, 3.2451,-0.428 , 2.9276,-1.2003],[-0.939 , 0.3045,-0.3137,-0.0376],0.1161
1561,[-0.9217,-0.2903, 0.1645,-0.0033],[-1.1808,-0.9039,-1.3363,-1.0368,-1.5674],[-0.9254,-0.2697, 0.1266, 0.0117],0.2632
1563,[-0.9294,-0.2959, 0.2446,-0.0346],[-1.687 ,-2.4147,-1.7078,-1.23  ,-2.3012],[-0.9314,-0.2874, 0.2237,-0.0291],0.1889
1565,[-0.9264,-0.3062, 0.3202,-0.063 ],[ 2.8613,-0.4688, 6.31  , 1.8328,-0.9501],[-0.9263,-0.3076, 0.315 ,-0.0498],0.1481
1600,[-0.92  ,-0.0102, 0.01  ,-0.1708],[ 0.403 , 1.8458, 2.4672,31.9308, 0.5232],[-0.9207,-0.0103, 0.0115,-0.158 ],0.4377
1601,[-0.9158,-0.0379, 0.0737,-0.1736],[-0.1341,-0.4593, 4.6606, 3.5124,-1.0169],[-0.9162,-0.044 , 0.0772,-0.1682],0.421
1602,[-0.9242, 0.028 ,-0.0774,-0.1642],[-14.5045,-13.1642,-15.178 ,-13.8977,-14.979 ],[-0.9245, 0.0376,-0.0843,-0.1552],0.3945
1610,[-0.9166, 0.0645,-0.0458,-0.1814],[ 3.8846e-02, 7.4823e-01, 4.5591e+01, 1.9506e+00,-4.6619e-01],[-0.9175, 0.0622,-0.046 ,-0.1758],0.4294
1612,[-0.918 , 0.0696,-0.07  ,-0.1772],[ 0.7913,34.0068, 0.167 ,35.5391, 0.2234],[-0.9187, 0.07  ,-0.0685,-0.1681],0.4093
1614,[-0.9305, 0.1313,-0.1883,-0.1737],[-0.3701, 0.6576,-1.8074, 0.7699,-1.5262],[-0.9299, 0.143 ,-0.197 ,-0.1617],0.2739
1620,[-0.9207,-0.064 , 0.044 ,-0.1796],[-12.1578,-10.0882,-12.1201,-10.1306,-13.4433],[-0.9216,-0.0606, 0.0394,-0.171 ],0.4179
1621,[-0.9187,-0.0821, 0.0853,-0.1947],[ 0.7096,-0.1448,38.0303, 4.6182,-0.3652],[-0.9195,-0.0829, 0.083 ,-0.1891],0.394
1623,[-0.9286,-0.1495, 0.1796,-0.1918],[ 1.0692,-0.9895, 3.0868,12.1359,-0.2756],[-0.9287,-0.1562, 0.1836,-0.1763],0.2738
1632,[-0.9406, 0.1927,-0.1403,-0.1643],[-5.2885,-5.1863,-5.7985,-4.7997,-5.7414],[-0.9424, 0.1815,-0.1237,-0.1526],0.241
1634,[-0.9285, 0.2345,-0.2208,-0.1911],[-1.3666,-0.3748,-2.9587,-0.3309,-2.4286],[-0.9296, 0.2334,-0.2137,-0.1758],0.2237
1636,[-0.9231, 0.2673,-0.285 ,-0.2171],[-0.1559, 6.5383,-0.6343, 1.6587,-0.434 ],[-0.9232, 0.272 ,-0.2858,-0.2016],0.1945
1641,[-0.9329,-0.1812, 0.1481,-0.1597],[-4.7735,-5.5991,-4.6134,-4.4215,-5.7804],[-0.9343,-0.1755, 0.1369,-0.145 ],0.2693
1643,[-0.9334,-0.2037, 0.2197,-0.183 ],[ 0.0866,-2.2612, 2.0661, 2.4702,-1.8771],[-0.9337,-0.2081, 0.2201,-0.1672],0.2175
1645,[-0.9307,-0.2526, 0.2952,-0.1765],[ 0.3636,-0.8393,12.7449, 0.525 ,-0.2997],[-0.9298,-0.2604, 0.2998,-0.1631],0.1707
1654,[-0.9279, 0.285 ,-0.261 ,-0.1622],[-1.0518,-0.7052,-1.6726,-0.3231,-1.7725],[-0.9294, 0.2829,-0.2516,-0.149 ],0.184
1656,[-0.9217, 0.2956,-0.2952,-0.1951],[ 0.3658, 2.4402,-0.9888, 2.7008,-0.7781],[-0.9224, 0.2975,-0.2908,-0.1797],0.182
1665,[-0.9299,-0.2981, 0.3258,-0.1706],[ 0.1639,-1.0099, 2.6663, 5.2581,-0.2368],[-0.9294,-0.3031, 0.3257,-0.156 ],0.1375
1700,[-0.9259,-0.0049, 0.0101,-0.3033],[-15.0388,-14.6281,-15.4122,-14.7466,-16.4261],[-0.9272,-0.0059, 0.0109,-0.2905],0.421
1701,[-0.9343,-0.0425, 0.0685,-0.3107],[-10.4285,-11.0885,-10.133 ,-10.0313,-11.0528],[-0.9353,-0.0493, 0.0753,-0.2978],0.3492
1702,[-0.9361, 0.0333,-0.0717,-0.2902],[-3.2243,-2.6354,-4.0554,-3.271 ,-4.1334],[-0.937 , 0.0427,-0.0783,-0.2785],0.3445
1710,[-0.919 , 0.0653,-0.0427,-0.2697],[-1.4207,-2.6067,-1.4895, 0.0137,-3.0922],[-0.9203, 0.0619,-0.0393,-0.2633],0.423
1712,[-0.9243, 0.0849,-0.0827,-0.2858],[-4.5606,-5.3524,-6.2759,-4.4877,-6.9581],[-0.9255, 0.0857,-0.0809,-0.2773],0.3708
1714,[-0.9193, 0.1508,-0.1869,-0.3246],[-0.1225, 1.1442,-1.6497, 1.2198,-0.6722],[-0.9197, 0.159 ,-0.1932,-0.3144],0.2945
1720,[-0.9202,-0.0642, 0.0457,-0.2721],[-7.8916,-7.2805,-7.7588,-7.2912,-8.765 ],[-0.9215,-0.0614, 0.0415,-0.2664],0.4185
1721,[-0.9203,-0.0829, 0.0894,-0.2752],[-52.5018,-52.0814,-51.2314,-50.9633,-52.891 ],[-0.9214,-0.085 , 0.0893,-0.2688],0.3826
1723,[-0.9346,-0.1444, 0.1842,-0.3016],[-1.492 ,-2.5504,-0.2352, 0.7576,-2.6284],[-0.9348,-0.1551, 0.1932,-0.2881],0.2484
1732,[-0.9344, 0.1806,-0.1428,-0.2958],[-1.1218,-1.6143,-1.6131,-0.5458,-2.0148],[-0.9365, 0.1745,-0.1295,-0.2831],0.2647
1734,[-0.924 , 0.2175,-0.2278,-0.3132],[ 0.0262, 2.1522,-1.2717, 2.807 ,-1.0205],[-0.9248, 0.222 ,-0.2299,-0.2966],0.2389
1736,[-0.9198, 0.2655,-0.2867,-0.2964],[ 0.1373, 9.0447,-0.7809, 1.8807,-0.8814],[-0.9199, 0.2715,-0.2907,-0.2802],0.2033
1741,[-0.9315,-0.1733, 0.1475,-0.2851],[-1.1489,-1.3026,-0.5699,-0.7594,-1.9377],[-0.9332,-0.1703, 0.1398,-0.2747],0.2736
1743,[-0.9306,-0.1919, 0.2215,-0.2946],[ 0.459 ,-1.2401, 7.0986, 6.2469,-1.0702],[-0.9309,-0.1999, 0.2264,-0.2787],0.2249
1745,[-0.9302,-0.2409, 0.3   ,-0.2995],[-0.0534,-0.5948, 1.3149, 6.5938,-0.8813],[-0.9291,-0.2529, 0.3094,-0.283 ],0.1728
1754,[-0.9401, 0.2794,-0.2723,-0.2641],[-0.299 ,-0.2748,-0.4951, 0.9906,-0.5379],[-0.9412, 0.282 ,-0.2697,-0.2475],0.137
1756,[-0.9187, 0.2855,-0.305 ,-0.2743],[ 0.7279, 0.3317,-0.8455, 2.7728,-1.0022],[-0.9188, 0.2908,-0.3072,-0.2584],0.1899
1765,[-0.9322,-0.2869, 0.3335,-0.2651],[ 0.3759,-1.0004, 5.1339, 2.0007,-1.3323],[-0.9312,-0.2964, 0.3409,-0.2485],0.1297
1800,[-0.9284,-0.0057, 0.0222,-0.4381],[-33.9369,-34.367 ,-33.7418,-33.3773,-35.3516],[-0.9302,-0.0092, 0.0243,-0.423 ],0.4087
1801,[-0.9344,-0.0396, 0.0707,-0.4375],[-14.2767,-14.9746,-13.5548,-13.5372,-15.6952],[-0.936 ,-0.0479, 0.0781,-0.4217],0.3465
1802,[-0.9498, 0.0368,-0.0791,-0.4069],[-0.6881,-0.0036,-1.3876,-0.1823,-1.8536],[-0.9511, 0.0508,-0.0912,-0.3898],0.2778
1810,[-0.9247, 0.0643,-0.0374,-0.4434],[-1.9815,-2.2701,-1.3888,-0.6279,-2.705 ],[-0.9267, 0.0602,-0.0334,-0.4272],0.3998
1812,[-0.9229, 0.1177,-0.1245,-0.4453],[-2.6767,-2.1542,-4.4444,-1.8718,-4.4223],[-0.9245, 0.1215,-0.1271,-0.4288],0.3357
1814,[-0.9162, 0.1537,-0.1867,-0.4555],[ 0.9159,14.8754,-0.1755, 2.8106,-0.7215],[-0.9172, 0.162 ,-0.1915,-0.439 ],0.311
1820,[-0.9405,-0.0604, 0.0409,-0.3839],[-0.422 , 0.3059,-1.2262, 0.6674,-1.3543],[-0.9422,-0.0559, 0.0311,-0.3663],0.3373
1821,[-0.9389,-0.0751, 0.102 ,-0.4139],[-40.1716,-40.6381,-40.2119,-39.6504,-41.0884],[-0.9402,-0.0835, 0.1089,-0.3979],0.2992
1823,[-0.9353,-0.1292, 0.1854,-0.4087],[-1.4791,-2.4511,-0.5197,-0.5035,-2.9264],[-0.9356,-0.144 , 0.1977,-0.3918],0.2504
1834,[-0.9195, 0.1906,-0.2152,-0.4211],[-0.2759, 2.0617,-0.779 , 3.0111,-1.7425],[-0.9203, 0.1981,-0.22  ,-0.4045],0.2718
1836,[-0.9212, 0.2496,-0.279 ,-0.3768],[ 3.8802, 2.5701,-0.5343, 1.8675,-1.1401],[-0.9213, 0.2578,-0.2854,-0.3593],0.2079
1843,[-0.9335,-0.1787, 0.2391,-0.3946],[-0.8609,-1.4811, 0.978 , 1.2932,-2.0553],[-0.9331,-0.1937, 0.2497,-0.3783],0.2096
1845,[-0.9266,-0.2034, 0.2857,-0.3759],[ 2.2658,-0.7249, 3.2675, 2.6186,-0.7247],[-0.9252,-0.2189, 0.2951,-0.3592],0.2078
1900,[-0.9201, 0.0084, 0.0179,-0.5596],[-111.9277,-111.0753,-111.0776,-111.0971,-112.7686],[-0.9225, 0.0033, 0.022 ,-0.5436],0.4479
1901,[-0.9275,-0.0287, 0.0686,-0.5298],[ 1.5659,-0.9116, 2.8373, 3.674 ,-1.847 ],[-0.9295,-0.0382, 0.0759,-0.5128],0.3801
1910,[-0.917 , 0.0665,-0.0338,-0.5717],[-85.7255,-85.8116,-85.4731,-85.5228,-86.5501],[-0.9197, 0.0614,-0.0257,-0.5549],0.4357
1912,[-0.9163, 0.1089,-0.123 ,-0.5496],[-113.8954,-113.984 ,-113.7482,-113.7665,-115.3737],[-0.9181, 0.1147,-0.1312,-0.5329],0.3601
1914,[-0.9147, 0.1439,-0.1838,-0.5242],[ 3.2879, 1.588 ,-0.0458,26.1784,-1.0036],[-0.9157, 0.154 ,-0.1928,-0.5072],0.3179
1920,[-0.9131,-0.0558, 0.0365,-0.5154],[-5.1978,-4.8068,-5.5434,-4.9357,-5.7901],[-0.9156,-0.0541, 0.0372,-0.5308],0.4544
1921,[-0.9275,-0.0701, 0.1069,-0.5274],[ -0.6056, -0.9081,  0.9126,117.9966, -1.6339],[-0.9292,-0.0801, 0.1155,-0.5103],0.3432
1934,[-0.9195, 0.1741,-0.2011,-0.5142],[-1.0952,-2.6987,-4.0408,-2.0547,-4.7657],[-0.9207, 0.1826,-0.2067,-0.4961],0.2832
2100,[-0.8882, 0.0136,-0.0059, 0.3792],[-2.9051,-3.0652,-2.5933,-3.2545,-2.187 ],[-0.8866, 0.0127,-0.0064, 0.3655],0.3568
2102,[-0.8708, 0.0301,-0.0679, 0.3883],[-1.1982,-0.0526,-1.6899,-1.3018, 0.101 ],[-0.8689, 0.0328,-0.0666, 0.3877],0.2526
2200,[-0.9025,-0.0358, 0.0344, 0.2685],[-66.8016,-66.7321,-66.4256,-67.2308,-66.0334],[-0.9013,-0.0352, 0.0332, 0.2636],0.3947
2201,[-0.9054,-0.0485, 0.0645, 0.2648],[-20.9411,-21.777 ,-20.2713,-21.5976,-20.1569],[-0.9042,-0.0498, 0.0641, 0.2624],0.3911
2202,[-0.8901, 0.0304,-0.0734, 0.2827],[-10.1342, -9.7413,-10.4055,-10.7455, -9.5763],[-0.8887, 0.0345,-0.0745, 0.2809],0.3272
2210,[-0.9033, 0.0865,-0.0265, 0.2569],[-3.4598,-3.6729,-2.9504,-4.077 ,-3.0132],[-0.9026, 0.0786,-0.0262, 0.2485],0.3882
2220,[-0.9056,-0.0662, 0.0348, 0.2734],[-4.9413,-3.9732,-5.8724,-5.2914,-4.1466],[-0.9046,-0.0611, 0.0284, 0.2692],0.4038
2221,[-0.9039,-0.07  , 0.0857, 0.2686],[-27.9064,-28.7603,-27.7993,-29.126 ,-27.8482],[-0.9027,-0.0709, 0.0844, 0.264 ],0.3652
2300,[-0.9057,-0.0166, 0.0177, 0.174 ],[-139.8188,-139.4027,-139.5303,-140.2439,-138.9019],[-0.905 ,-0.0167, 0.018 , 0.1666],0.4149
2301,[-0.9059,-0.0452, 0.0661, 0.1847],[-47.8995,-49.4402,-46.4584,-49.568 ,-47.629 ],[-0.905 ,-0.0475, 0.0665, 0.1776],0.3948
2302,[-0.9068, 0.0433,-0.0732, 0.1521],[-33.6688,-33.3114,-34.5859,-34.4029,-33.2211],[-0.9059, 0.0468,-0.0747, 0.1496],0.3954
2310,[-0.9068, 0.0618,-0.047 , 0.1457],[-7.1333,-8.7393,-6.3064,-8.0745,-6.331 ],[-0.9062, 0.059 ,-0.0422, 0.1427],0.4062
2312,[-0.9055, 0.0725,-0.0881, 0.1486],[-14.9154,-13.8631,-15.8457,-16.0719,-14.4219],[-0.9048, 0.0738,-0.0869, 0.1431],0.3718
2314,[-0.9048, 0.1546,-0.1785, 0.14  ],[-1.4072,-0.3622,-3.5593,-3.1658,-0.4914],[-0.9039, 0.156 ,-0.176 , 0.1418],0.2868
2320,[-0.9067,-0.0656, 0.0426, 0.148 ],[-3.2557,-0.4898,-3.8553,-3.8035, 0.3184],[-0.9063,-0.0619, 0.0383, 0.1429],0.4065
2321,[-0.904 ,-0.0778, 0.084 , 0.1541],[-60.5874,-62.2077,-59.5311,-61.4747,-60.9216],[-0.9033,-0.0776, 0.0805, 0.15  ],0.3669
2323,[-0.9048,-0.1358, 0.1818, 0.162 ],[-5.6095,-6.6676,-5.2104,-6.3604,-5.4687],[-0.9034,-0.1396, 0.1809, 0.1642],0.2907
2332,[-0.908 , 0.179 ,-0.1341, 0.1641],[ 0.2198,-1.4421,-0.472 ,-1.605 , 0.0495],[-0.9084, 0.1703,-0.1127, 0.1632],0.3286
2334,[-0.902 , 0.1977,-0.2142, 0.1447],[ 0.8865, 5.8907,-0.7409, 0.2954,18.3538],[-0.9013, 0.1976,-0.2068, 0.1409],0.2445
2341,[-0.8977,-0.1913, 0.1372, 0.1548],[ 0.331 , 0.864 ,-0.7435,-0.4643, 3.5775],[-0.8983,-0.1836, 0.1277, 0.1514],0.2751
2343,[-0.9035,-0.2007, 0.2142, 0.1564],[ 1.9639,-0.1886, 9.3153,-0.0095, 1.3104],[-0.9028,-0.1998, 0.2041, 0.1508],0.2493
2363,[-0.9076,-0.2912, 0.2427, 0.1922],[2.5711,2.5678,0.8038,4.0515,7.6799],[-0.9089,-0.2826, 0.2197, 0.1943],0.2246
2365,[-0.9069,-0.3109, 0.3209, 0.154 ],[ 0.1813,-0.2403, 9.8822, 1.2158, 0.5049],[-0.9064,-0.3088, 0.3084, 0.1617],0.1606
2400,[-0.9043,-0.0144, 0.0086, 0.064 ],[1.6152e+00,2.8761e+00,2.7516e+00,3.8150e-01,4.0683e+02],[-0.9041,-0.0134, 0.0064, 0.05  ],0.4129
2401,[-0.9035,-0.045 , 0.0665, 0.0653],[-15.5677,-16.0872,-13.4104,-15.8955,-14.3345],[-0.9031,-0.0477, 0.0679, 0.0545],0.3854
2402,[-0.9045, 0.0356,-0.0734, 0.0558],[-42.6085,-41.1507,-43.3655,-42.9161,-41.9888],[-0.904 , 0.0406,-0.0765, 0.0454],0.3891
2410,[-0.9058, 0.0641,-0.0447, 0.0523],[-3.6979,-5.3489,23.5772,-5.2545,-0.8205],[-0.9057, 0.0613,-0.0426, 0.0453],0.4026
2411,[-0.9053, 0.0648, 0.0769, 0.0517],[-3.1329,-3.4842,-3.133 ,-3.2368,-2.8769],[-0.9049, 0.047 , 0.0766, 0.0664],0.3896
2412,[-0.9052, 0.0777,-0.0883, 0.0603],[  0.7624,109.847 , -0.1953,  1.1054,  7.8158],[-0.9049, 0.0784,-0.0851, 0.0522],0.3711
2414,[-0.901 , 0.1426,-0.187 , 0.0642],[-0.5061, 0.7362,-4.6928,-3.538 ,-1.316 ],[-0.8999, 0.1469,-0.1876, 0.0646],0.2709
2420,[-0.9044,-0.0639, 0.0441, 0.0686],[ 0.3411,43.0212, 0.4736,-0.5512, 3.651 ],[-0.9043,-0.0613, 0.0436, 0.0609],0.3956
2421,[-0.9046,-0.0788, 0.0873, 0.074 ],[  0.7416,  1.738 ,115.0872, -0.3851,  2.0955],[-0.9043,-0.0791, 0.084 , 0.0722],0.3684
2423,[-0.8914,-0.1346, 0.1824, 0.067 ],[ -8.6703,-10.0421, -8.2494, -9.0228, -8.6568],[-0.8903,-0.1392, 0.1835, 0.0603],0.2404
2430,[-0.8915, 0.1783,-0.0416, 0.0438],[-2.4457,-3.3267,-1.7959,-3.0351,-2.6459],[-0.8931, 0.1623,-0.0311, 0.0505],0.3078
2432,[-0.8987, 0.185 ,-0.1381, 0.0544],[-0.0113,-1.4548,-1.018 ,-1.3843, 3.772 ],[-0.8996, 0.1781,-0.123 , 0.0467],0.2851
2434,[-0.8978, 0.2002,-0.2171, 0.0738],[ 0.994 ,29.8255,-0.097 , 1.0108, 1.8043],[-0.8972, 0.2006,-0.2105, 0.0734],0.226
2436,[-0.8889, 0.2432,-0.2981, 0.0749],[ 0.3571,13.6285,-0.7154, 0.0137,-0.711 ],[-0.8871, 0.2467,-0.2971, 0.0842],0.1326
2441,[-0.9044,-0.1772, 0.1449, 0.0439],[ 0.8559, 1.5124, 0.9651, 1.6914,58.216 ],[-0.905 ,-0.1718, 0.1316, 0.0405],0.3053
2443,[-0.8987,-0.1976, 0.2024, 0.0433],[4.0959e+00,1.1850e-02,3.5029e+01,9.0672e-01,8.2598e-01],[-0.8986,-0.1967, 0.1939, 0.0522],0.2407
2463,[-0.9087,-0.3355, 0.2713, 0.0016],[1.2896,0.9575,1.5357,2.4332,2.8259],[-0.9114,-0.3281, 0.2496, 0.0114],0.1965
2500,[-0.9045,-0.0081, 0.0037,-0.0607],[1.6376e+00,5.2529e+02,2.1246e+00,2.0835e-01,3.0798e+00],[-0.9049,-0.0079, 0.0063,-0.0727],0.4188
2501,[-0.9042,-0.039 , 0.0715,-0.0719],[-4.5889,-6.1635,14.3486,-5.7238,-4.0917],[-0.9043,-0.0436, 0.0739,-0.0823],0.39
2502,[-0.9031, 0.0371,-0.0714,-0.0527],[ 1.1913,40.1593,-2.6834,-1.833 , 1.4551],[-0.9032, 0.0417,-0.0728,-0.0647],0.3867
2510,[-0.9052, 0.0637,-0.0474,-0.0619],[  0.4116, -0.4018,147.931 , -0.6695,  0.4465],[-0.9056, 0.0619,-0.0479,-0.0684],0.3996
2512,[-0.9034, 0.0735,-0.0823,-0.0649],[ 9.0586e-01, 2.0350e+02,-1.0033e-01, 1.3434e+00, 1.8207e+00],[-0.9036, 0.0745,-0.0804,-0.0729],0.3699
2514,[-0.8935, 0.1418,-0.1849,-0.0696],[ 1.431 , 1.3455,-3.4963,-0.4129,-0.1593],[-0.8929, 0.1468,-0.1861,-0.0733],0.2447
2520,[-0.9036,-0.0601, 0.0504,-0.0704],[  1.8042,228.1799,  0.5544,  0.4123,  2.1462],[-0.904 ,-0.0591, 0.0509,-0.076 ],0.3924
2521,[-0.9035,-0.0645, 0.0687,-0.0702],[  0.7262,  0.6276,418.7087,  0.8947,  0.8148],[-0.9038,-0.0651, 0.0674,-0.0765],0.3809
2523,[-0.8998,-0.1518, 0.1875,-0.0773],[-3.1513,-5.6025,-2.6758,-3.3821,-2.7468],[-0.8994,-0.1563, 0.1892,-0.0745],0.2638
2532,[-0.8984, 0.1735,-0.1509,-0.0523],[-0.3833,-0.0734,-0.7359,-0.31  , 0.2301],[-0.8991, 0.1704,-0.1425,-0.0579],0.2777
2534,[-0.8979, 0.1898,-0.2133,-0.054 ],[ 0.9288,15.3154,-0.3075, 4.4932, 1.1376],[-0.8975, 0.1921,-0.2105,-0.0492],0.2307
2536,[-0.905 , 0.2097,-0.2838,-0.0084],[-0.811 , 7.5058,-1.0335, 1.326 ,-0.9825],[-0.9028, 0.2171,-0.2896, 0.0017],0.2006
2541,[-0.9044,-0.1778, 0.1478,-0.0532],[1.1009,0.6965,9.5709,1.9864,1.6023],[-0.9053,-0.1734, 0.1386,-0.0426],0.302
2543,[-0.9052,-0.1846, 0.1982,-0.0639],[  1.3302, -0.9008,  2.0458,145.8902,  0.4347],[-0.9051,-0.186 , 0.1951,-0.0491],0.2687
2565,[-0.9026,-0.3465, 0.3392,-0.0576],[ 0.2432,-0.5365,12.0302, 1.3873, 0.0307],[-0.9033,-0.3457, 0.328 ,-0.0449],0.124
2600,[-0.9057, 0.0025, 0.0046,-0.1639],[  2.0969,164.2897,  9.0274,  0.1983,  1.8839],[-9.0642e-01, 7.6181e-04, 1.0208e-02,-1.6995e-01],0.4294
2601,[-0.9054,-0.0415, 0.0728,-0.1695],[  0.5945, -0.9158,175.5378,  0.4207, -0.1799],[-0.9059,-0.0462, 0.0747,-0.1767],0.3958
2602,[-0.9045, 0.0468,-0.067 ,-0.1497],[ 0.1199,10.4572,-0.1599, 0.4672,-0.0188],[-0.9051, 0.0498,-0.0675,-0.1584],0.3937
2610,[-0.9052, 0.0664,-0.0461,-0.176 ],[6.3082e-01,4.2524e-01,1.6300e+02,8.2284e-02,1.0074e+00],[-0.9061, 0.0642,-0.0462,-0.1805],0.4016
2612,[-0.9043, 0.082 ,-0.0856,-0.1668],[ 2.2275e+00, 2.5734e+02,-7.3771e-02, 2.6591e+00, 3.3708e+00],[-0.9051, 0.0825,-0.0816,-0.1733],0.3716
2614,[-0.8962, 0.1453,-0.1805,-0.1434],[ 0.4091, 3.6232,-1.3361, 4.24  ,-0.5062],[-0.8961, 0.15  ,-0.1813,-0.1426],0.2572
2620,[-0.9065,-0.0604, 0.0504,-0.1672],[ 0.9664,87.1648, 0.543 , 0.8274, 0.7776],[-0.9073,-0.0596, 0.0513,-0.1779],0.4066
2621,[-0.9063,-0.0708, 0.083 ,-0.1856],[ 1.2453e+00,-2.2665e-02, 5.5072e+00, 1.5753e+00, 2.9143e+02],[-0.907 ,-0.0731, 0.084 ,-0.199 ],0.383
2623,[-0.9048,-0.1433, 0.1812,-0.1931],[ 0.7327,-0.539 ,83.391 ,-0.5067, 0.7081],[-0.9048,-0.1491, 0.1832,-0.1835],0.2904
2632,[-0.9029, 0.1761,-0.1497,-0.1627],[ 0.7846, 0.4066,-0.5029, 0.0679,-0.1727],[-0.9041, 0.1733,-0.143 ,-0.1603],0.2952
2634,[-0.8988, 0.1897,-0.2057,-0.1755],[ 1.2463,17.3188,-0.2193, 2.8222, 1.1309],[-0.8991, 0.192 ,-0.2015,-0.1725],0.2404
2641,[-0.9033,-0.1846, 0.1534,-0.1668],[0.731 ,0.1325,2.66  ,6.5742,0.527 ],[-0.9047,-0.1806, 0.1417,-0.1546],0.295
2643,[-0.9053,-0.192 , 0.2051,-0.1738],[ 0.7   , 0.2461,71.2981, 1.    ,-0.0786],[-0.9057,-0.1945, 0.2026,-0.1626],0.2631
2665,[-0.9066,-0.3279, 0.3758,-0.1691],[ 1.2156,-0.9404, 1.7673, 4.3334, 0.9171],[-0.9052,-0.3329, 0.376 ,-0.1529],0.113
2700,[-0.9022, 0.0251,-0.0052,-0.3173],[ 2.0217, 3.4636,61.5628, 1.3343, 2.4019],[-0.9036, 0.0227,-0.0052,-0.3055],0.4262
2701,[-0.9055,-0.0414, 0.0777,-0.2975],[-2.1503,-3.7978,-1.7004,-1.2956,-2.0861],[-0.9065,-0.0474, 0.0817,-0.2927],0.3944
2702,[-0.8859, 0.0262,-0.0843,-0.3129],[-2.7977,-1.951 ,-3.8699,-2.6619,-3.295 ],[-0.8868, 0.0337,-0.0894,-0.309 ],0.3132
2710,[-0.9008, 0.0638,-0.0413,-0.3053],[ 0.3601, 0.7999,20.691 , 5.8222, 0.357 ],[-0.9023, 0.0611,-0.0382,-0.3   ],0.3896
2712,[-0.8987, 0.0937,-0.0986,-0.3033],[ 1.8284,33.0305, 0.0365, 0.648 , 1.5427],[-0.8999, 0.0952,-0.0974,-0.297 ],0.3359
2714,[-0.9061, 0.148 ,-0.1743,-0.3246],[ 0.5302, 1.4312,-1.8751, 0.1311,-0.0827],[-0.9068, 0.1538,-0.1787,-0.3165],0.2984
2720,[-0.9066,-0.0654, 0.0484,-0.2659],[ 0.9077, 5.3496, 1.1845,10.5697,-0.2813],[-0.9078,-0.0637, 0.0478,-0.2678],0.4088
2721,[-0.9069,-0.0858, 0.0969,-0.2646],[ 1.1206e+00,-2.3585e-02, 7.4588e+00, 3.1775e+01, 1.7858e+00],[-0.9078,-0.0883, 0.098 ,-0.2623],0.3726
2723,[-0.9047,-0.1383, 0.1833,-0.2831],[ 0.6547,-0.6748,83.1976, 0.1875,-0.2978],[-0.9049,-0.1459, 0.1869,-0.2872],0.2905
2734,[-0.9031, 0.1839,-0.2004,-0.3128],[1.2931,3.9128,0.1055,5.9485,0.3646],[-0.9038, 0.1882,-0.2019,-0.2979],0.2596
2743,[-0.9049,-0.1861, 0.213 ,-0.3106],[ 0.3063,-0.6372, 1.4985,78.0964, 0.8471],[-0.9053,-0.1916, 0.2149,-0.2995],0.2573
2800,[-0.8965, 0.0343,-0.0015,-0.4282],[ 1.3633, 1.4523,76.3187, 4.7566, 0.7409],[-8.9844e-01, 3.0269e-02,-1.3323e-04,-4.1329e-01],0.4007
2801,[-0.899 ,-0.0168, 0.0725,-0.4229],[-0.0085,-1.0572, 1.5736, 1.5209,-0.1696],[-0.9005,-0.0251, 0.077 ,-0.4103],0.378
2802,[-0.8967, 0.0327,-0.0859,-0.4313],[ 0.0813,13.1167,-0.7029, 1.3424,-1.0263],[-0.8981, 0.0414,-0.0931,-0.4204],0.3542
2810,[-0.8868, 0.063 ,-0.0392,-0.4501],[ 1.4154, 1.7844, 1.7839,33.0034, 1.1457],[-0.8888, 0.06  ,-0.0319,-0.433 ],0.3354
2811,[-0.8846, 0.0593, 0.0616,-0.4957],[-0.3399,-0.2128, 0.0701,-0.0042,-0.2441],[-0.8865, 0.0434, 0.0778,-0.4776],0.3124
2812,[-0.8867, 0.0749,-0.0746,-0.4491],[55.0899, 3.571 , 0.5625, 1.0461, 0.5851],[-0.8885, 0.0763,-0.0765,-0.4342],0.3071
2814,[-0.9053, 0.1427,-0.1847,-0.446 ],[-0.083 , 5.5935,-0.4565, 2.4603,-0.8229],[-0.9061, 0.1511,-0.1887,-0.4322],0.2924
2820,[-0.8907,-0.0679, 0.0367,-0.4737],[-0.2407, 2.2977, 0.0399, 1.2287,-0.0571],[-0.893 ,-0.0643, 0.0302,-0.4699],0.3515
2821,[-0.9011,-0.0642, 0.0808,-0.4116],[2.1525,0.0107,2.6078,1.9951,0.3613],[-0.9026,-0.0677, 0.0831,-0.3968],0.3669
2834,[-0.908 , 0.1813,-0.2044,-0.4175],[ 0.2485, 6.9136,-0.0088, 1.3969, 0.4418],[-0.909 , 0.1873,-0.2053,-0.403 ],0.278
2843,[-0.9002,-0.1771, 0.2058,-0.3832],[ 1.9009,-0.5975, 1.1553, 4.9482, 0.614 ],[-0.9008,-0.1834, 0.2112,-0.3657],0.2457
2900,[-0.8996, 0.0363, 0.0047,-0.6189],[ 2.2633e+00, 1.3099e-01, 6.8195e+02, 2.3645e+00,-1.7318e-01],[-0.9024, 0.0308, 0.0072,-0.6022],0.4178
2901,[-0.9023, 0.0061, 0.062 ,-0.6281],[-0.2759,-0.8007,47.8766, 2.3429,-0.5145],[-0.9047,-0.0043, 0.0657,-0.6121],0.4096
2902,[-0.8801, 0.0329,-0.0766,-0.7043],[-1.532 ,24.7312,-2.8216,-0.0851,-2.8318],[-0.8828, 0.0396,-0.0805,-0.6884],0.2979
2910,[-0.8812, 0.066 ,-0.0416,-0.6582],[-0.0681, 0.1402, 0.5612,66.8301,-1.0821],[-0.8842, 0.0635,-0.0352,-0.6415],0.3136
2912,[-0.8832, 0.0754,-0.0719,-0.6703],[ -4.3069,  8.2047, -7.7601,139.5795, -7.6491],[-0.8861, 0.0769,-0.0734,-0.6544],0.2987
2914,[-0.9047, 0.1397,-0.18  ,-0.5463],[ 0.1761,10.5196,-1.1246, 0.6995,-0.4212],[-0.9059, 0.1491,-0.188 ,-0.529 ],0.2928
2920,[-0.882 ,-0.0733, 0.0427,-0.578 ],[-1.7637,-0.6506,-1.0829, 0.341 ,-2.8095],[-0.8848,-0.0706, 0.04  ,-0.5616],0.3098
2921,[-0.8798,-0.0818, 0.0637,-0.6294],[ 0.2835,-0.4434, 2.6101, 3.5655,-0.0148],[-0.8827,-0.081 , 0.0606,-0.6119],0.2896
2934,[-0.906 , 0.1746,-0.2125,-0.5012],[-0.2752, 3.6945,-0.8249, 3.4678,-0.536 ],[-0.9068, 0.1833,-0.2169,-0.4868],0.2658
3102,[-0.8651, 0.0375,-0.0658, 0.3875],[-0.5312,-0.3288,-0.9722,-0.9579,-0.7019],[-0.8633, 0.0396,-0.0682, 0.3745],0.2284
3200,[-0.8488, 0.0501,-0.0507, 0.2705],[-1.3045,-1.0878,-1.1516,-2.5212,-1.0011],[-0.8477, 0.0492,-0.0429, 0.2562],0.1796
3202,[-0.8567, 0.0461,-0.0682, 0.3307],[-0.6217, 0.4568,-1.5692,-1.7084,-0.6221],[-0.8551, 0.0473,-0.0667, 0.3199],0.1972
3300,[-0.8626, 0.0018, 0.0059, 0.1663],[ 0.0771,-0.2899,-0.8619,-1.6073, 1.093 ],[-0.8619, 0.0009, 0.0087, 0.1557],0.2549
3312,[-0.8642, 0.0701,-0.1484, 0.1359],[-0.5681, 0.4142,-1.4753,-1.9718, 0.8384],[-0.8627, 0.0763,-0.1477, 0.1214],0.1816
3400,[-0.8628,-0.0229, 0.0317, 0.0575],[ 0.0617, 2.4697, 1.8123,-1.9802, 2.0552],[-0.8626,-0.0236, 0.0317, 0.0435],0.2461
3412,[-0.8582, 0.0947,-0.1544, 0.069 ],[ 0.7974, 2.1588,-1.2253,-0.904 , 2.4009],[-0.857 , 0.0996,-0.1573, 0.0538],0.1504
3414,[-0.8537, 0.1139,-0.1682, 0.0082],[-1.0924,-0.0388,-2.9908,-1.7732, 0.2371],[-0.8527, 0.1184,-0.1705,-0.0074],0.1248
3434,[-0.8628, 0.21  ,-0.2692, 0.0846],[ 2.5235, 2.6599,-1.121 ,-0.757 , 1.8218],[-0.8609, 0.2135,-0.2692, 0.0783],0.0773
3500,[-0.8626,-0.0255, 0.0279,-0.0477],[-1.6936,-1.1682,-0.6948,-3.2044,-1.2201],[-0.8629,-0.0258, 0.0286,-0.0579],0.2474
3501,[-0.8651,-0.0494, 0.0657,-0.0855],[-2.0441,-3.4602,-1.3619,-2.801 ,-1.2137],[-0.8655,-0.0512, 0.0666,-0.1005],0.2326
3514,[-0.8523, 0.1205,-0.1712,-0.0148],[-0.8939, 0.0065,-2.7079,-0.4285,-1.633 ],[-0.8515, 0.1247,-0.172 ,-0.0293],0.1182
3600,[-0.8647,-0.0112, 0.0058,-0.1417],[-2.6067,-1.8985,-2.0488,-3.3677,-1.6047],[-0.8654,-0.0103, 0.0009,-0.1508],0.2715
3601,[-0.8663,-0.0543, 0.0631,-0.1294],[-2.6763,-4.1933,-2.5848,-3.2236,-3.7178],[-0.8668,-0.0552, 0.0618,-0.1424],0.2379
3610,[-0.8401, 0.0718,-0.0487,-0.2409],[-2.9907,-3.4249,-1.7508,-3.7036,-2.4608],[-0.8414, 0.0702,-0.0475,-0.2573],0.1496
3612,[-0.8383, 0.0741,-0.0626,-0.242 ],[ 0.1663, 0.3686,-1.7175,-0.4205, 0.5778],[-0.8394, 0.0728,-0.0539,-0.2325],0.1402
3710,[-0.8598, 0.0664,-0.0503,-0.334 ],[-0.4765,-1.8417, 0.8236,-0.3022,-0.8762],[-0.8613, 0.0656,-0.0528,-0.3243],0.2181
3712,[-0.8447, 0.0726,-0.0737,-0.3274],[ 0.6643, 4.209 ,-0.1933,-0.052 , 2.0455],[-0.8462, 0.0733,-0.0726,-0.3286],0.1565
3720,[-0.8636,-0.0575, 0.0429,-0.351 ],[-1.3072,-0.7731,-1.8436,-1.2166,-0.5656],[-0.8652,-0.0567, 0.0433,-0.3445],0.2387
3800,[-0.8449, 0.0523,-0.0475,-0.4801],[0.7552,1.9673,2.5503,1.762 ,1.0627],[-0.8469, 0.053 ,-0.0528,-0.4636],0.1719
3802,[-0.8432, 0.0525,-0.0756,-0.4725],[-0.6731, 2.2727,-1.2145,-0.1048, 0.3552],[-0.845 , 0.0551,-0.0748,-0.4687],0.1574
3810,[-0.8519, 0.0663,-0.0512,-0.4769],[1.3694,0.3815,7.7419,0.8193,1.2972],[-0.8541, 0.0658,-0.0515,-0.4749],0.1933
3812,[-0.8549, 0.067 ,-0.0633,-0.4725],[ 1.5466,12.4925, 0.0367, 1.9997, 2.8438],[-0.857 , 0.0674,-0.0625,-0.4704],0.1986
3820,[-0.8582,-0.0662, 0.0459,-0.4299],[ 0.6469, 0.3541, 0.1399,-0.1473,-0.0995],[-0.8603,-0.0645, 0.0413,-0.4158],0.2185
3821,[-0.8477,-0.066 , 0.0577,-0.4736],[ 0.9714,-0.1159, 2.2967, 0.4511, 0.4963],[-0.8498,-0.0658, 0.0557,-0.4569],0.1762
3900,[-0.8387, 0.0353,-0.0319,-0.8793],[ 0.6548, 3.0387, 5.2537,61.6396, 0.5477],[-0.8426, 0.0362,-0.036 ,-0.8656],0.1674
3901,[-0.8297,-0.0473, 0.0662,-0.6069],[-1.55  ,-3.0115, 0.235 ,-0.4739,-2.3963],[-0.8322,-0.0497, 0.0663,-0.6065],0.121
3902,[-0.8339, 0.0468,-0.0761,-0.8001],[-1.3778,12.3707,-2.7005, 0.7091,-2.286 ],[-0.8371, 0.0507,-0.078 ,-0.7914],0.1334
3910,[-0.8456, 0.0681,-0.0509,-0.7003],[  0.7017,  2.0878,357.0369,  3.645 ,  1.2156],[-0.8488, 0.0677,-0.0523,-0.6964],0.1745
3912,[-0.8444, 0.0684,-0.0633,-0.7166],[1.0574e+00,6.2717e+02,4.1796e-01,2.4278e+00,5.0855e-01],[-0.8476, 0.0689,-0.0616,-0.7123],0.1668
3920,[-0.8432,-0.0656, 0.0444,-0.8118],[-0.7284, 2.9914,-0.6233,10.6617,-0.5889],[-0.8468,-0.0645, 0.0417,-0.7954],0.1726
3921,[-0.8427,-0.0879, 0.0999,-0.7012],[ 0.4633,-0.2396,15.3656, 0.1697, 1.0155],[-0.8455,-0.0903, 0.0979,-0.6887],0.1391
3932,[-0.834 , 0.1807,-0.0863,-0.8251],[-1.0913,-0.7951,-0.8802, 0.1675,-1.5569],[-0.8393, 0.1737,-0.0655,-0.8076],0.1018
4800,[-0.8092, 0.0244,-0.0211,-0.4915],[-0.0418,-0.0672, 1.3675,-0.4245, 1.3592],[-0.8115, 0.0244,-0.0212,-0.4946],0.0811
4802,[-0.8056, 0.0317,-0.0764,-0.478 ],[-0.712 , 0.5033,-1.0119,-0.8086,-0.3675],[-0.8073, 0.0356,-0.0785,-0.4707],0.0494
4810,[-0.8173, 0.0761,-0.049 ,-0.4951],[ 0.186 ,-0.4289, 0.7716,-0.1175, 0.5263],[-0.8198, 0.0742,-0.0422,-0.4995],0.0835
4812,[-0.8214, 0.0634,-0.0855,-0.4714],[ 0.1837, 0.8486,-0.1869,-0.3643, 1.5625],[-0.8232, 0.0658,-0.0841,-0.4621],0.083
4900,[-0.7965, 0.0363,-0.0307,-0.8316],[  4.6642,  3.3935,142.818 ,  0.2436,  1.6018],[-0.8002, 0.0367,-0.0344,-0.8347],0.0405
4901,[-0.8021,-0.0176, 0.075 ,-0.863 ],[-2.9891,-4.1273,-2.0255,-2.7118,-2.6615],[-0.8054,-0.0229, 0.078 ,-0.8518],0.0473
4902,[-0.7953, 0.0353,-0.0692,-0.771 ],[-2.0799e-01, 3.4340e+02,-6.5229e-01,-2.9049e-01, 8.4234e-01],[-0.7985, 0.0385,-0.0699,-0.7739],0.0273
4910,[-0.8035, 0.0652,-0.0495,-0.7714],[ 0.6127, 0.3367,29.7517, 0.6377, 0.2822],[-0.807 , 0.0651,-0.051 ,-0.7625],0.0482
4912,[-0.8022, 0.0673,-0.0674,-0.7803],[  0.8291,122.9575, -0.2083,  1.2423,  0.8392],[-0.8056, 0.0682,-0.0653,-0.7721],0.0397
4914,[-0.7783, 0.1658,-0.1951,-1.0478],[-0.6992, 0.6692,-1.7599,-0.5285, 0.297 ],[-0.7815, 0.1708,-0.1947,-1.0279],-0.0819
4920,[-0.796 ,-0.0661, 0.0394,-0.8431],[ 0.5657,11.0675,-0.2964,-0.1537,-0.0848],[-0.7999,-0.0652, 0.0404,-0.8519],0.0315
4921,[-0.8034,-0.0671, 0.061 ,-0.8317],[-0.0729,-0.5101,13.1681,-0.0215, 0.8257],[-0.8071,-0.0677, 0.06  ,-0.8352],0.0456
4932,[-0.8141, 0.1929,-0.1467,-0.8816],[-0.1824, 0.9001,-0.3722, 0.0743,-0.8179],[-0.8188, 0.1918,-0.1345,-0.8681],0.0163
4934,[-0.7919, 0.1825,-0.1856,-0.9705],[ 1.3378, 3.8061,-0.9675, 0.9454,-0.3504],[-0.7956, 0.1857,-0.181 ,-0.9526],-0.0514
5800,[-0.7346, 0.0523, 0.0168,-0.4851],[ 0.1885, 0.0059, 0.6509,-1.1827, 1.1889],[-0.737 , 0.0491, 0.0104,-0.5021],-0.1026
5820,[-0.7512,-0.0788, 0.0478,-0.4743],[-0.4705,-0.3002,-0.5692,-0.458 , 0.3014],[-0.7537,-0.0775, 0.0468,-0.4918],-0.0826
5821,[-0.7466,-0.0808, 0.0667,-0.4885],[ 0.2433,-0.8751, 0.3717,-0.0871, 1.6202],[-0.7489,-0.0801, 0.0579,-0.4743],-0.0954
5900,[-0.7499, 0.0011,-0.0173,-0.7233],[ 5.5194e-01, 1.6838e+00, 2.2234e+02,-1.7233e-01, 2.8599e+00],[-0.7531, 0.0026,-0.0235,-0.7308],-0.0687
5901,[-0.7446,-0.035 , 0.0618,-0.7318],[-0.129 ,-1.2888, 8.7828,-0.3503, 0.7681],[-0.7478,-0.037 , 0.0599,-0.7396],-0.0889
5902,[-0.7564, 0.0353,-0.0656,-0.7469],[-2.7578e-02, 2.9716e+02,-4.6329e-01,-6.4853e-02, 1.7890e+00],[-0.7595, 0.0378,-0.0657,-0.7549],-0.0646
5910,[-0.7589, 0.0624,-0.0436,-0.8335],[-0.2692,-0.5601, 1.9548,-2.8335,56.5516],[-0.7627, 0.0619,-0.0418,-0.841 ],-0.058
5912,[-0.7604, 0.0658,-0.0736,-0.8486],[-8.8523,10.7075,-9.4062,-9.6338,-4.0092],[-0.7641, 0.0672,-0.0728,-0.8561],-0.0631
5914,[-0.7607, 0.1379,-0.1826,-0.983 ],[-0.8474, 0.6745,-1.7871,-0.6065,-0.0381],[-0.7636, 0.1433,-0.1848,-0.9903],-0.1087
5920,[-0.7639,-0.0683, 0.039 ,-0.759 ],[ 0.2815, 1.1584,-0.8863,-1.3195, 1.7833],[-0.7675,-0.067 , 0.0361,-0.7712],-0.0473
5921,[-0.7482,-0.0736, 0.0766,-0.7369],[-0.1776,-1.1783,16.779 ,-0.4253, 2.1287],[-0.7514,-0.0744, 0.0721,-0.7446],-0.0913
6600,[-0.689 , 0.0081,-0.025 ,-0.2344],[-0.004 ,-0.127 , 0.5757,-1.109 , 0.3229],[-0.69  , 0.0092,-0.0301,-0.2512],-0.1825
6700,[-0.6935, 0.008 ,-0.0039,-0.3492],[-0.0994,-0.4577, 0.3753,-1.3838, 4.9037],[-0.6951, 0.0078,-0.0022,-0.3628],-0.1742
6701,[-0.6924,-0.0078, 0.0666,-0.3561],[-1.0123,-1.9137, 0.1695,-2.1186, 0.4972],[-0.6937,-0.0105, 0.0628,-0.359 ],-0.1829
6702,[-0.6958, 0.023 ,-0.071 ,-0.3562],[-1.2601,-0.6608,-2.2391,-2.095 , 0.0793],[-0.697 , 0.0255,-0.0713,-0.3573],-0.1808
6710,[-0.7132, 0.0735,-0.0383,-0.3255],[-0.11  ,-0.5113, 0.1487,-0.7476, 0.6342],[-0.7149, 0.0721,-0.0383,-0.3288],-0.1536
6712,[-0.7094, 0.077 ,-0.0651,-0.3542],[-0.4771, 0.654 ,-0.9283,-1.4816, 0.3652],[-0.7112, 0.0763,-0.0539,-0.3515],-0.1633
6800,[-6.9550e-01, 6.7285e-03, 5.6414e-04,-4.5886e-01],[-20.8004,-20.9614,-20.5855,-22.2437,-19.7345],[-0.6975, 0.0063, 0.0021,-0.4721],-0.1705
6801,[-0.6941,-0.0094, 0.0741,-0.4661],[-3.3057,-4.9718,-2.3279,-5.1902,-2.8181],[-0.6959,-0.0126, 0.0732,-0.4806],-0.181
6802,[-0.6962, 0.0262,-0.0754,-0.4598],[-19.5272,-19.2787,-19.6097,-20.4712,-18.5095],[-0.6979, 0.0289,-0.0762,-0.4704],-0.1808
6810,[-0.7126, 0.0634,-0.0084,-0.4245],[-0.9674,-0.8681,-0.0867,-1.8016, 0.7297],[-0.7147, 0.0603, 0.0033,-0.4264],-0.1471
6812,[-0.7054, 0.0658,-0.1126,-0.448 ],[-3.2938,-2.2206,-4.0627,-4.1574,-2.0684],[-0.7068, 0.0685,-0.1104,-0.4544],-0.1789
6900,[-0.7128, 0.0036,-0.0068,-0.6002],[  2.5774,  2.0757,261.8747, -0.7401,  3.4734],[-0.7154, 0.0041,-0.0104,-0.6126],-0.1407
6901,[-0.7055,-0.0211, 0.0723,-0.57  ],[-0.2552,-1.4721,45.7391,-1.7433, 0.7391],[-0.7077,-0.0237, 0.0677,-0.5835],-0.1621
6902,[-0.7137, 0.0366,-0.0702,-0.63  ],[ 0.8678,43.658 ,-0.5072,-1.1994,42.2443],[-0.7163, 0.0387,-0.0699,-0.6456],-0.1502
6910,[-0.718 , 0.0627,-0.0404,-0.6878],[-2.3412,-2.7322, 5.7318,-3.5709, 3.9284],[-0.7212, 0.0619,-0.0376,-0.7018],-0.1401
6911,[-0.6977, 0.0663, 0.0608,-0.6861],[-1.7544,-2.1109,-0.6061,-1.6656,-0.8071],[-0.7009, 0.0607, 0.0511,-0.7041],-0.1772
6912,[-0.7177, 0.0681,-0.0912,-0.6849],[-5.5063, 1.2858,-7.6358,-7.3536,-0.1333],[-0.7205, 0.0699,-0.0875,-0.7001],-0.152
6914,[-0.7137, 0.1176,-0.1755,-0.7107],[-0.4156, 3.0837,-2.7006,-0.6543, 0.3596],[-0.7155, 0.1218,-0.1748,-0.7209],-0.1863
6921,[-0.7238,-0.0642, 0.0921,-0.6623],[ 0.4759,-1.4738, 2.8959,-1.5549, 0.5695],[-0.7263,-0.0664, 0.0924,-0.669 ],-0.1425
7422,[-0.6693,-0.1381,-0.1221, 0.0256],[-3.9418,-3.6154,-6.8017,-5.7126,-2.5419],[-0.6695,-0.1277,-0.1272, 0.0173],-0.2451
7442,[-0.6662,-0.1832,-0.0921, 0.0183],[-3.3467,-2.6842,-4.9749,-3.8811,-1.9069],[-0.6676,-0.1722,-0.1014, 0.0155],-0.2501
7500,[-0.6652,-0.0061,-0.0352,-0.1154],[-0.6032,-1.4513,-0.7618,-1.8207, 0.5317],[-0.6657,-0.0046,-0.0289,-0.1291],-0.2182
7502,[-0.6665,-0.0376,-0.1242,-0.1019],[-2.9194,-1.9651,-4.8892,-4.1682,-1.8187],[-0.6661,-0.0313,-0.1187,-0.1127],-0.2343
7504,[-0.6593,-0.0197,-0.1848,-0.1171],[-4.4844,-4.1198,-6.1367,-5.2581,-3.6748],[-0.6577,-0.0119,-0.1819,-0.1252],-0.2516
7522,[-0.6711,-0.1289,-0.1262,-0.0752],[-2.8525, 1.3604,-6.177 ,-4.6661, 0.7009],[-0.6714,-0.1185,-0.1308,-0.0898],-0.2417
7524,[-0.668 ,-0.0827,-0.1718,-0.1194],[-5.7475,-5.3782,-7.2273,-6.3589,-5.4984],[-0.667 ,-0.0724,-0.176 ,-0.1357],-0.2473
7542,[-0.6638,-0.197 ,-0.0795,-0.0109],[-20.1182,-17.971 ,-22.1097,-21.5201,-18.9396],[-0.6654,-0.1878,-0.0875,-0.018 ],-0.2531
7600,[-0.6744, 0.0014,-0.0269,-0.2179],[-1.661 ,-2.816 ,-2.5392,-3.2903,-0.0771],[-0.6753, 0.0022,-0.02  ,-0.2297],-0.2036
7602,[-0.6705,-0.0365,-0.1276,-0.2141],[-19.3706,-17.7411,-21.6391,-20.6342,-18.027 ],[-0.6705,-0.0299,-0.1221,-0.2282],-0.2287
7604,[-0.6655,-0.0358,-0.1753,-0.2147],[-14.7403,-13.8068,-16.2611,-15.1358,-13.9557],[-0.6645,-0.0273,-0.1743,-0.2266],-0.244
7622,[-0.6723,-0.0809,-0.1435,-0.1677],[-12.709 ,-11.2678,-16.1898,-14.6351,-11.7676],[-0.6721,-0.0716,-0.144 ,-0.1826],-0.2359
7624,[-0.6693,-0.0679,-0.1726,-0.1871],[-6.3307,-5.4785,-8.5116,-7.0565,-5.8618],[-0.6684,-0.0581,-0.1749,-0.1989],-0.2432
7700,[-0.6784, 0.0026,-0.0229,-0.3354],[-14.6752,-15.002 ,-15.4381,-15.872 ,-13.109 ],[-0.6799, 0.0032,-0.0144,-0.3493],-0.1965
7701,[-0.6852,-0.0089, 0.0732,-0.3497],[-2.7102,-3.9856,-1.1948,-3.4687,-2.1397],[-0.6865,-0.0117, 0.0684,-0.3616],-0.1948
7702,[-0.6726,-0.0098,-0.1066,-0.3062],[-28.0645,-26.2165,-30.1813,-29.6402,-26.8585],[-0.6733,-0.0052,-0.0977,-0.3205],-0.2184
7704,[-0.6647,-0.0118,-0.1789,-0.2929],[-14.3654,-13.734 ,-16.3284,-15.2878,-14.4205],[-0.6639,-0.004 ,-0.1767,-0.3074],-0.243
7800,[-0.6832, 0.0091,-0.0121,-0.4221],[-56.79  ,-57.0441,-56.9689,-58.2214,-56.5784],[-0.6851, 0.009 ,-0.0061,-0.4358],-0.1897
7801,[-0.6861,-0.0027, 0.0707,-0.4369],[-5.6588,-6.6941,-4.6925,-6.8678,-5.2849],[-0.6877,-0.006 , 0.071 ,-0.4507],-0.1928
7802,[-0.6779, 0.0209,-0.0839,-0.4207],[-36.8484,-36.0039,-37.8886,-37.6622,-35.9134],[-0.6794, 0.0236,-0.0767,-0.434 ],-0.2082
7804,[-0.6627, 0.04  ,-0.1857,-0.4222],[-2.431 ,-1.6533,-3.8684,-3.4119,-2.2725],[-0.6623, 0.0462,-0.1835,-0.4298],-0.2503
7810,[-0.6789, 0.0606,-0.0503,-0.4514],[-2.4035,-3.2601,-1.856 ,-3.6288,-1.8422],[-0.6808, 0.0611,-0.0639,-0.4358],-0.2102
7812,[-0.6737, 0.0625,-0.0972,-0.4707],[-4.2804,-3.3412,-5.3209,-5.5859,-3.4207],[-0.6755, 0.0641,-0.0881,-0.4821],-0.2215
7814,[-0.6586, 0.0631,-0.1969,-0.4768],[-2.5989,-1.6608,-4.6481,-3.7419,-2.325 ],[-0.6583, 0.0688,-0.1925,-0.4934],-0.2595
7900,[-0.6855, 0.0303,-0.0139,-0.5234],[ -9.6611, -9.7446, -9.3062,-10.4324, -9.3359],[-0.6878, 0.0296,-0.0119,-0.5363],-0.1894
7901,[-0.6863, 0.0106, 0.0776,-0.5223],[-2.6557,-3.7137,-1.6242,-3.6118,-2.7698],[-0.6883, 0.0065, 0.0743,-0.5392],-0.1923
7902,[-0.6841, 0.04  ,-0.0779,-0.5216],[-7.6865,-7.2793,-7.9776,-8.4423,-7.6593],[-0.6862, 0.0419,-0.0741,-0.5339],-0.2007
7910,[-0.6808, 0.0738,-0.0238,-0.5824],[-3.7743,-4.4009,-2.5018,-4.5347,-3.1084],[-0.6837, 0.0715,-0.0157,-0.5932],-0.2017
7912,[-0.6788, 0.0725,-0.1076,-0.5611],[-5.4608,-4.4678,-6.6099,-6.645 ,-4.9076],[-0.6808, 0.0745,-0.1022,-0.5718],-0.2178
7914,[-0.6649, 0.0883,-0.1815,-0.5741],[-0.5317, 5.5378,-2.0405,-1.4398,-0.0903],[-0.6657, 0.0928,-0.178 ,-0.5892],-0.2513
