100,[-0.9597, 0.0026,-0.0013, 0.3844],[1.4024,1.8147,3.3703,0.6368,0.7864],[-0.9578, 0.0027,-0.0045, 0.395 ],0.2758
101,[-0.9583,-0.0389, 0.0778, 0.3921],[ 0.423 ,-0.1559, 0.8308, 0.6131, 0.1272],[-0.9562,-0.0492, 0.0929, 0.3993],0.2583
112,[-0.9565, 0.0971,-0.1044, 0.3774],[1.1482,2.2844,0.4385,0.8094,1.7049],[-0.9548, 0.0943,-0.0975, 0.3893],0.243
121,[-0.96  ,-0.0804, 0.0856, 0.3819],[0.4477,0.8876,2.7243,1.4124,2.0982],[-0.9583,-0.0782, 0.0814, 0.3831],0.243
200,[-0.9623,-0.0029,-0.0012, 0.2867],[3.9259,1.2392,0.8568,1.2451,0.8104],[-0.961 ,-0.0015,-0.0027, 0.2957],0.2782
201,[-0.9618,-0.0337, 0.0712, 0.2932],[-0.1038,-1.1219, 1.1713, 0.1299,-0.2704],[-0.9602,-0.0437, 0.081 , 0.3023],0.2503
202,[-0.9592, 0.0312,-0.0768, 0.2989],[-0.1749, 2.0093,-1.1061, 1.0293,-0.2434],[-0.9575, 0.0428,-0.0862, 0.3103],0.2585
210,[-0.9607, 0.0761,-0.0255, 0.2923],[-0.7618,-0.4038, 1.9466,-0.0674,-0.0541],[-0.9596, 0.0568,-0.003 , 0.2956],0.2708
212,[-0.9616, 0.1016,-0.112 , 0.2863],[1.1614,2.2119,0.3277,2.9126,1.7659],[-0.9602, 0.1006,-0.1089, 0.2949],0.2164
214,[-0.9609, 0.146 ,-0.1939, 0.3003],[ 0.3633, 3.4159,-0.7037, 1.3154, 0.5463],[-0.9588, 0.1532,-0.1987, 0.3119],0.1642
220,[-0.9623,-0.0872, 0.023 , 0.274 ],[ 0.1012, 2.9729,-0.5296, 0.3448,-0.3386],[-0.9614,-0.0645, 0.0025, 0.2807],0.2609
221,[-0.9618,-0.1047, 0.1091, 0.2929],[3.6434,1.8212,2.8126,2.0612,0.7196],[-0.9605,-0.1024, 0.1068, 0.3019],0.2155
223,[-0.9607,-0.142 , 0.1981, 0.2863],[-0.1689,-0.7542, 1.1011, 0.5061, 0.0214],[-0.9584,-0.1508, 0.2013, 0.2983],0.1649
232,[-0.9719, 0.1736,-0.1284, 0.2613],[ 0.1749,-0.5298, 1.5324, 0.3362, 0.147 ],[-0.9717, 0.1439,-0.0876, 0.2753],0.1679
234,[-0.958 , 0.1872,-0.2163, 0.285 ],[0.5917,2.1813,0.0657,4.8707,1.1519],[-0.9564, 0.1875,-0.2114, 0.2991],0.1528
241,[-0.9624,-0.1861, 0.1234, 0.2822],[ 0.3216, 4.6762, 0.2346,-0.2242, 0.2032],[-0.9623,-0.1631, 0.1025, 0.2948],0.1871
243,[-0.959 ,-0.2045, 0.2136, 0.2878],[2.8376,0.5417,3.3692,2.0303,0.2646],[-0.9577,-0.2002, 0.2075, 0.3   ],0.1449
300,[-0.9641,-0.0022,-0.0047, 0.1804],[1.2833,0.2938,0.7078,2.8596,0.2381],[-9.6322e-01,-1.2305e-04,-6.1266e-03, 1.9202e-01],0.2667
301,[-0.9643,-0.0402, 0.0707, 0.1836],[-0.5232,-1.1221, 0.5832,-0.3629,-0.9367],[-0.9632,-0.05  , 0.0808, 0.193 ],0.2368
302,[-0.9621, 0.0275,-0.0805, 0.1838],[ 1.1011, 0.9515,-0.87  , 0.9014,-0.7611],[-0.9609, 0.0442,-0.0956, 0.1964],0.2418
310,[-0.9641, 0.0788,-0.0343, 0.1965],[-0.6291,-1.2911, 1.2216,-0.3246,-1.0621],[-0.9634, 0.0607,-0.0164, 0.2093],0.2543
312,[-0.9626, 0.0998,-0.1141, 0.179 ],[ 0.6243, 2.7405, 0.8377, 5.8683,-0.0995],[-0.9616, 0.1016,-0.1149, 0.1922],0.2086
314,[-0.963 , 0.1356,-0.1949, 0.171 ],[ 1.0559, 7.4543,-0.3455, 0.3928,-0.0976],[-0.961 , 0.1494,-0.2065, 0.1827],0.1551
320,[-0.963 ,-0.0892, 0.0219, 0.1808],[ 0.5734, 2.033 ,-1.4316, 0.866 ,-1.2378],[-0.9625,-0.0654, 0.0013, 0.1905],0.2547
321,[-0.9642,-0.1099, 0.1046, 0.1822],[ 1.2507, 2.1647, 2.282 , 1.6633,-0.4006],[-0.9635,-0.1057, 0.101 , 0.1929],0.206
323,[-0.9619,-0.1486, 0.1803, 0.1971],[-0.3376,-0.5284, 1.1898,-0.5419,-0.5588],[-0.9604,-0.154 , 0.1843, 0.2073],0.1641
332,[-0.963 , 0.1909,-0.1404, 0.1798],[ 0.2054,-0.4983, 0.6431,-0.2345,-0.4746],[-0.9632, 0.1707,-0.1185, 0.1895],0.1741
334,[-0.9636, 0.1965,-0.2159, 0.1797],[0.308 ,0.4834,0.0428,9.0936,0.5225],[-0.9625, 0.1961,-0.2113, 0.1934],0.1298
336,[-0.9635, 0.2309,-0.3012, 0.1804],[ 0.1419,10.4433,-0.0813, 2.0368, 0.344 ],[-0.9609, 0.2404,-0.3071, 0.1938],0.0795
340,[-0.9591,-0.1871, 0.0416, 0.191 ],[-0.5035,-0.2574,-1.459 ,-0.738 ,-1.4425],[-0.9599,-0.1439, 0.0129, 0.2043],0.2382
341,[-0.963 ,-0.1958, 0.123 , 0.1731],[-0.088 , 2.1268,-1.1551, 0.1285,-0.7031],[-0.9635,-0.1693, 0.0984, 0.1853],0.1817
343,[-0.9655,-0.224 , 0.2191, 0.1762],[ 1.4437, 0.3332, 1.6712, 2.3745,-0.2116],[-0.965 ,-0.2166, 0.2107, 0.189 ],0.1144
345,[-0.9637,-0.2541, 0.3016, 0.1791],[ 0.1505,-0.4468, 0.7845, 0.1045,-0.0215],[-0.9617,-0.2591, 0.304 , 0.1921],0.0705
354,[-0.9584, 0.3069,-0.2462, 0.1719],[-0.2121,-0.3764, 0.2673,-0.1117,-0.5134],[-0.96  , 0.2883,-0.2238, 0.1665],0.0958
356,[-0.9658, 0.3026,-0.3336, 0.1362],[ 0.7925, 1.9517,-0.3683, 2.4022,-0.2884],[-0.9643, 0.303 ,-0.3339, 0.1436],0.0335
361,[-0.9584,-0.2835, 0.1512, 0.1949],[-0.8872,-0.4081,-1.4928,-1.4041,-0.8734],[-0.9611,-0.239 , 0.0916, 0.2096],0.1648
363,[-0.9627,-0.3096, 0.23  , 0.1615],[-1.047 , 0.1851,-1.5531, 0.1999,-1.5976],[-0.9646,-0.2838, 0.2011, 0.1751],0.0929
365,[-0.965 ,-0.2883, 0.3083, 0.1727],[ 0.8343,-0.0225, 1.7693, 1.7254,-0.6644],[-0.9639,-0.2861, 0.3034, 0.186 ],0.0539
400,[-0.965 ,-0.0064,-0.007 , 0.0638],[ 1.8233, 0.7477, 0.5166, 7.376 ,-0.3756],[-0.9646,-0.0019,-0.0094, 0.0781],0.2617
401,[-0.9645,-0.0353, 0.0746, 0.0694],[-0.8261,-1.56  , 0.7001,-0.1408,-0.8944],[-0.9639,-0.0495, 0.0875, 0.0812],0.2322
402,[-0.9635, 0.0225,-0.0835, 0.0677],[ 0.7922, 1.3623,-0.6521, 7.6872,-0.7383],[-0.9626, 0.044 ,-0.1023, 0.0826],0.2328
403,[-0.9561,-0.0547, 0.2015, 0.0121],[-0.1411,-0.0758,-0.004 ,-0.1133, 0.085 ],[-0.9535,-0.0911, 0.2243, 0.0277],0.1967
404,[-0.9636, 0.049 ,-0.1754, 0.0824],[-1.1839,-0.0027,-1.1247,-0.2217,-1.4362],[-0.9612, 0.0879,-0.2088, 0.0976],0.178
410,[-0.9663, 0.0759,-0.0341, 0.067 ],[-0.374 ,-0.7091, 0.774 , 0.2856,-0.9494],[-0.9662, 0.0579,-0.0167, 0.0802],0.2424
411,[-0.9597, 0.0696, 0.0567, 0.0018],[-0.0989,-0.3271, 0.3214, 0.0992,-0.0796],[-0.9596, 0.0321, 0.0777, 0.0174],0.2585
412,[-0.9663, 0.1007,-0.1129, 0.0632],[ 6.1688, 0.919 , 1.9787, 2.9559,-0.6434],[-0.9658, 0.1035,-0.1153, 0.0754],0.1934
414,[-0.9647, 0.1368,-0.1898, 0.0714],[ 0.8324,12.2838,-0.6707, 0.825 ,-0.4823],[-0.9633, 0.1519,-0.2022, 0.0847],0.1489
420,[-0.9644,-0.0914, 0.0185, 0.058 ],[ 0.2439, 5.5263,-0.6835, 1.8733,-0.9559],[-0.9645,-0.0636,-0.0058, 0.0708],0.2483
421,[-0.9662,-0.1122, 0.1033, 0.0601],[ 0.6159, 1.0659, 2.7176, 4.8732,-0.0281],[-0.966 ,-0.1071, 0.0968, 0.0738],0.1981
422,[-0.9649,-0.0683,-0.0594, 0.0443],[-0.1621,-0.6764,-1.1219,-0.6055,-0.8041],[-0.9644,-0.0187,-0.099 , 0.0586],0.2366
423,[-0.9642,-0.1442, 0.1837, 0.0656],[-0.0812,-0.7937, 0.5063,-0.1461,-0.8432],[-0.963 ,-0.1563, 0.1958, 0.0774],0.1502
432,[-0.9659, 0.1936,-0.1372, 0.047 ],[-0.0911,-0.9585, 0.5677, 0.1595,-0.7448],[-0.9668, 0.1698,-0.1109, 0.0617],0.1655
434,[-0.9652, 0.2022,-0.2161, 0.0601],[ 0.7137, 3.0651, 0.1775, 2.0046,-0.6563],[-0.9647, 0.204 ,-0.2149, 0.0733],0.1189
436,[-0.9682, 0.245 ,-0.2979, 0.072 ],[ 0.5951,17.8327,-0.0923, 0.5394,-0.1336],[-0.9663, 0.2555,-0.307 , 0.0854],0.0586
440,[-0.968 ,-0.171 , 0.0476, 0.0403],[-0.138 , 0.1634,-1.4349,-0.5862,-1.5808],[-0.9692,-0.1206, 0.0038, 0.0532],0.2155
441,[-0.9645,-0.2063, 0.1249, 0.0605],[-0.4704, 2.8185,-1.3582, 3.3104,-1.0542],[-0.9657,-0.1754, 0.0943, 0.0737],0.1733
443,[-0.965 ,-0.2279, 0.2168, 0.0591],[ 0.4286, 0.4638, 3.0131, 3.8671,-0.2181],[-0.9651,-0.2219, 0.2092, 0.0721],0.1128
445,[-0.9683,-0.2604, 0.2909, 0.0603],[ 0.1197,-0.5219, 0.416 , 0.5935,-0.6583],[-0.9671,-0.2663, 0.2965, 0.0705],0.0556
452,[-0.9625, 0.2851,-0.1553, 0.0253],[ 0.1065,-0.0812, 0.0865, 0.0046,-0.0639],[-0.9654, 0.2504,-0.1377, 0.0401],0.1282
454,[-0.9613, 0.3052,-0.2301, 0.0633],[-0.4722,-0.0913,-0.0024, 0.0201,-0.7248],[-0.9634, 0.2825,-0.205 , 0.0735],0.0952
456,[-0.9618, 0.3129,-0.3339, 0.0582],[ 0.3239, 1.2522, 0.311 , 2.322 ,-0.3497],[-0.9608, 0.3143,-0.3346, 0.0717],0.0387
461,[-0.9653,-0.2959, 0.1601, 0.0324],[-0.4314,-0.2859,-1.8553,-0.8578,-1.2855],[-0.9686,-0.2515, 0.1215, 0.0446],0.1242
463,[-0.9637,-0.3074, 0.2256, 0.0525],[-1.2996,-0.0326,-2.1008,-0.9919,-2.2797],[-0.966 ,-0.2828, 0.2026, 0.0665],0.0887
465,[-0.9675,-0.3195, 0.3198, 0.045 ],[-0.2881,-0.4783, 1.2257, 1.0745,-1.2899],[-0.9674,-0.3168, 0.315 , 0.0567],0.028
467,[-0.9586,-0.331 , 0.4004, 0.0314],[ 0.0686,-0.0954, 0.5155, 0.67  ,-0.4025],[-0.956 ,-0.3379, 0.3999, 0.0464],0.0154
483,[-0.9571,-0.3921, 0.2423, 0.0079],[-1.3863,-0.7206,-1.5733,-1.3646,-1.4926],[-0.9621,-0.3644, 0.2239, 0.0221],0.0594
500,[-0.9659,-0.0108,-0.0045,-0.0583],[ 1.352 , 1.5696, 0.6016,12.8049,-0.1923],[-0.966 ,-0.0053,-0.0081,-0.0433],0.257
501,[-0.966 ,-0.0361, 0.0789,-0.0603],[ 0.0208,-1.0225, 0.656 ,-0.5479,-0.6121],[-0.9658,-0.053 , 0.0954,-0.0497],0.2203
502,[-0.9642, 0.0286,-0.0816,-0.0599],[ 1.0228, 4.081 ,-0.6021, 3.3358,-1.0203],[-0.964 , 0.0487,-0.0991,-0.0466],0.2274
503,[-0.9582,-0.0104, 0.1741,-0.0021],[-0.0217,-0.1691,-0.0246, 0.0504,-0.267 ],[-0.9561,-0.0547, 0.2015, 0.0121],0.212
510,[-0.9613, 0.0841,-0.0296,-0.0453],[-0.4622,-0.793 , 1.2453, 0.7427,-1.0361],[-0.9618, 0.0639,-0.0073,-0.0305],0.2578
512,[-0.9663, 0.1025,-0.1113,-0.06  ],[ 1.5334, 2.0086, 1.7781, 6.851 ,-0.4743],[-0.9663, 0.1066,-0.1142,-0.0455],0.1909
514,[-0.9654, 0.1411,-0.189 ,-0.0558],[ 0.9851, 2.7613,-0.8591, 4.5647,-0.2282],[-0.9646, 0.1578,-0.2029,-0.0403],0.1419
520,[-0.9636,-0.085 , 0.021 ,-0.0555],[ 0.8216, 5.583 ,-0.7706, 1.5789,-0.6311],[-0.9641,-0.0607,-0.001 ,-0.0414],0.2521
521,[-0.9664,-0.1196, 0.1089,-0.0628],[ 1.0966, 0.941 , 1.5776, 8.0168,-0.7684],[-0.9668,-0.1151, 0.1019,-0.0487],0.1905
522,[-0.9587,-0.074 ,-0.071 ,-0.0249],[-0.4269,-0.1222,-1.24  , 0.621 ,-1.1219],[-0.9585,-0.0304,-0.0997,-0.0181],0.2543
523,[-0.9663,-0.151 , 0.1858,-0.0692],[-0.2455,-1.1776, 0.2589, 0.7129,-0.5869],[-0.9657,-0.1649, 0.199 ,-0.0552],0.1371
532,[-0.9692, 0.1897,-0.1303,-0.0575],[-0.0741,-1.0444, 0.4969, 0.0404,-0.5652],[-0.9704, 0.1669,-0.1086,-0.0421],0.1566
534,[-0.965 , 0.2141,-0.2214,-0.0535],[ 0.1168, 1.4223, 0.043 , 2.1429,-0.7462],[-0.965 , 0.2166,-0.2218,-0.0413],0.1099
536,[-0.9617, 0.2547,-0.3004,-0.0568],[ 0.1647, 0.2875,-0.4141,10.0923,-0.0426],[-0.9603, 0.2659,-0.3107,-0.041 ],0.0691
540,[-0.959 ,-0.1732, 0.0517,-0.0463],[-0.1867, 0.6261,-1.4119,-0.5308,-1.2876],[-0.9606,-0.1319, 0.0062,-0.0315],0.2412
541,[-0.9627,-0.1969, 0.1335,-0.0603],[ 1.2824, 0.629 ,-1.0408, 2.7201,-0.6526],[-0.9642,-0.1746, 0.1096,-0.0474],0.1728
543,[-0.9648,-0.2182, 0.2131,-0.0622],[ 2.0361, 0.1374, 0.6963, 4.6497,-0.6634],[-0.9651,-0.2174, 0.2107,-0.0484],0.114
545,[-0.9639,-0.261 , 0.2939,-0.0609],[ 0.0562,-0.5666, 1.3365,-0.2219,-0.5104],[-0.9629,-0.2702, 0.302 ,-0.0472],0.0637
554,[-0.9647, 0.2956,-0.2364,-0.0607],[-0.2714,-0.544 ,-0.0412,-0.2814,-0.6601],[-0.9668, 0.2776,-0.2151,-0.0455],0.0837
556,[-0.9621, 0.3235,-0.3402,-0.0664],[ 0.5327, 0.9365,-0.2925, 2.3577,-1.1331],[-0.9617, 0.3275,-0.341 ,-0.0519],0.0285
558,[-0.9569, 0.365 ,-0.3947,-0.0682],[ 0.7357, 1.7005, 0.4283,12.2624, 0.2942],[-0.9558, 0.37  ,-0.3988,-0.0533],0.0034
561,[-0.9637,-0.2916, 0.1596,-0.0549],[-1.0813, 0.5819,-1.7253,-0.8028,-1.8124],[-0.9671,-0.2536, 0.1331,-0.0403],0.1235
563,[-0.9636,-0.3053, 0.2354,-0.0593],[-0.8996, 1.1005,-2.2306, 1.3957,-2.4342],[-0.9659,-0.2877, 0.2187,-0.0443],0.0808
565,[-0.9664,-0.3171, 0.3176,-0.0602],[-0.2505,-0.6186, 0.2686, 2.2217,-1.4822],[-0.9665,-0.3182, 0.3169,-0.0463],0.0294
567,[-0.9601,-0.3568, 0.4076,-0.0614],[ 0.1567,-0.4829, 1.0967, 1.3873,-0.6939],[-0.9582,-0.3643, 0.4131,-0.0459],-0.0061
583,[-0.958 ,-0.3931, 0.2245,-0.0441],[-2.5632,-1.0305,-3.2156,-1.9835,-3.2356],[-0.9635,-0.3614, 0.205 ,-0.0303],0.064
585,[-0.9629,-0.4099, 0.3603,-0.0414],[-4.3283,-4.0304,-4.7218,-3.9655,-5.3047],[-0.9651,-0.4027, 0.3486,-0.0261],-0.0127
587,[-0.9568,-0.4317, 0.4073,-0.0816],[-1.3341,-1.5271, 0.0854, 0.5177,-2.3095],[-0.9583,-0.4308, 0.3974,-0.0663],-0.0269
600,[-0.965 ,-0.0022,-0.0015,-0.1842],[-0.0904, 0.3227, 1.7689, 6.5736,-0.4224],[-9.6570e-01,-9.7191e-05,-4.6861e-03,-1.6849e-01],0.2574
601,[-0.9661,-0.032 , 0.0784,-0.1892],[-0.2833,-1.2038, 1.888 , 0.2185,-1.0263],[-0.9664,-0.0522, 0.0967,-0.1744],0.2182
602,[-0.9634, 0.0285,-0.0835,-0.1706],[-0.0598, 2.3363,-0.7564, 1.1335,-0.6229],[-0.9635, 0.0505,-0.1052,-0.155 ],0.2259
610,[-0.9694, 0.0831,-0.0316,-0.184 ],[-0.5217,-0.6739, 0.5234,-0.0227,-1.41  ],[-0.9704, 0.06  ,-0.0081,-0.1689],0.2262
612,[-0.9651, 0.1   ,-0.1087,-0.1805],[ 0.04  , 1.5827,-0.1966, 3.2702,-1.3991],[-0.9656, 0.1044,-0.1106,-0.1656],0.1953
614,[-0.9648, 0.1386,-0.1886,-0.1808],[ 0.1453, 1.4308,-0.3632, 1.4904,-0.0976],[-0.9643, 0.1592,-0.2073,-0.1709],0.1403
620,[-0.9644,-0.0815, 0.0252,-0.1727],[ 0.0896, 3.4135,-0.5248,-0.5706,-0.4166],[-0.9654,-0.0597, 0.003 ,-0.1585],0.2479
621,[-0.9641,-0.1099, 0.1076,-0.1841],[-0.3427,-0.5369, 4.7956, 4.9586,-1.3213],[-0.9649,-0.1103, 0.105 ,-0.1691],0.1977
622,[-0.9588,-0.0616,-0.0868,-0.1488],[-0.194 , 0.3658,-0.7176,-0.1707,-0.6199],[-0.9588,-0.0152,-0.12  ,-0.1332],0.2511
623,[-0.9631,-0.1465, 0.1866,-0.194 ],[-0.0908,-0.6684, 1.07  , 1.0935,-1.143 ],[-0.9628,-0.1629, 0.2009,-0.1788],0.1462
632,[-0.9638, 0.19  ,-0.1348,-0.1883],[-0.7589,-1.4239,-0.0473,-0.8261,-1.3236],[-0.9657, 0.1718,-0.1126,-0.1804],0.1676
634,[-0.9637, 0.2129,-0.223 ,-0.1775],[-0.472 , 0.5119,-0.5556, 1.1751,-0.9449],[-0.964 , 0.2197,-0.2285,-0.1645],0.1094
636,[-0.9624, 0.2455,-0.3143,-0.1894],[ 1.0943, 2.7244, 0.1203, 1.4345,-0.6119],[-0.9606, 0.2654,-0.331 ,-0.1734],0.0604
641,[-0.9632,-0.1896, 0.1399,-0.1661],[ 0.524 , 1.2588,-1.143 , 0.2224,-0.983 ],[-0.9648,-0.1751, 0.1255,-0.1546],0.1644
643,[-0.9641,-0.2116, 0.2148,-0.1812],[ 1.6224,-0.7479, 0.0453, 4.0832,-1.2179],[-0.9647,-0.2158, 0.2164,-0.1658],0.1137
645,[-0.9657,-0.2524, 0.2982,-0.1968],[ 0.5967,-0.3213, 0.7228, 0.5934,-0.9011],[-0.9648,-0.2696, 0.3125,-0.1841],0.0546
654,[-0.9588, 0.317 ,-0.2324,-0.1541],[-0.7035,-1.0104,-0.6429,-0.6342,-1.1318],[-0.9617, 0.3034,-0.2287,-0.1384],0.0827
656,[-0.9631, 0.3198,-0.3417,-0.1755],[-0.2762,-0.1556,-0.0336, 2.2591,-1.0474],[-0.9627, 0.3284,-0.3475,-0.1596],0.023
661,[-0.9612,-0.2781, 0.1615,-0.1263],[-0.9346, 0.3542,-1.4313, 0.1375,-0.9762],[-0.9644,-0.2504, 0.1482,-0.1108],0.1273
663,[-0.9612,-0.3168, 0.2464,-0.1444],[-0.9761, 0.0195,-1.131 , 0.1936,-1.3261],[-0.964 ,-0.3019, 0.228 ,-0.1329],0.0769
665,[-0.962 ,-0.3214, 0.3286,-0.18  ],[-0.3677,-0.619 ,-0.128 , 4.2055,-1.5358],[-0.9623,-0.3271, 0.3291,-0.1645],0.032
667,[-0.9583,-0.3658, 0.4097,-0.1905],[ 0.7234, 0.1758, 1.0616, 2.1092,-0.7297],[-0.9567,-0.3762, 0.4196,-0.1744],-0.0098
687,[-0.9572,-0.3932, 0.4406,-0.2166],[ 0.2301, 0.0398, 0.6464, 4.852 ,-1.4939],[-0.9551,-0.4032, 0.455 ,-0.2002],-0.0316
700,[-9.6313e-01,-1.1686e-05, 4.9777e-03,-3.0678e-01],[-1.8354,-1.0431,-1.4063, 0.4542,-2.3363],[-0.9644,-0.0019, 0.0056,-0.291 ],0.2631
701,[-0.9635,-0.0365, 0.0792,-0.3113],[ 0.0624,-0.0169, 0.7253, 0.0968,-1.1692],[-0.9643,-0.0573, 0.1014,-0.2972],0.2218
702,[-0.9632, 0.0282,-0.0792,-0.2907],[-0.5775, 2.1234,-0.1887,-0.3527,-0.7264],[-0.9638, 0.0523,-0.1079,-0.2738],0.2228
710,[-0.9647, 0.0796,-0.0326,-0.3062],[-0.5356,-0.6887, 0.5583,-0.386 ,-0.959 ],[-0.9663, 0.0606,-0.0121,-0.2935],0.2407
711,[-0.9606, 0.0568, 0.0589,-0.2512],[ 0.0571,-0.1974, 0.062 ,-0.0037,-0.0932],[-0.9611, 0.0086, 0.1216,-0.235 ],0.2446
712,[-0.9639, 0.1006,-0.0989,-0.3028],[-0.8913,-0.488 ,-1.3309, 1.0046,-2.6366],[-0.9651, 0.1032,-0.1008,-0.2883],0.2014
714,[-0.9638, 0.1351,-0.2018,-0.32  ],[ 0.168 , 0.4221, 0.0655, 1.0494,-0.7363],[-0.9633, 0.1635,-0.2302,-0.3034],0.1327
720,[-0.962 ,-0.0734, 0.035 ,-0.292 ],[-0.5082, 0.1342,-0.3597, 0.3207,-1.0373],[-0.9635,-0.0576, 0.0134,-0.2785],0.2549
721,[-0.9623,-0.1064, 0.1151,-0.3021],[-1.1451,-1.0666, 0.1898, 2.9368,-2.551 ],[-0.9633,-0.113 , 0.1198,-0.2872],0.1961
723,[-0.9626,-0.1391, 0.1923,-0.3066],[ 1.3745,-0.165 , 1.4137, 0.5808,-0.7261],[-0.9624,-0.1628, 0.2163,-0.2926],0.1415
732,[-0.9668, 0.1822,-0.1404,-0.3081],[-1.3579,-0.7289,-0.1947,-0.7425,-1.9895],[-0.9688, 0.1706,-0.1269,-0.2935],0.1524
734,[-0.9622, 0.2193,-0.2094,-0.3044],[-1.1398,-1.0944,-1.2516,-0.4481,-2.802 ],[-0.9635, 0.2218,-0.2095,-0.2877],0.1173
736,[-0.9606, 0.2414,-0.3005,-0.2769],[-0.2233, 1.2036, 0.2899, 1.4102,-0.7011],[-0.9595, 0.261 ,-0.3147,-0.2611],0.0716
741,[-0.9673,-0.183 , 0.1494,-0.2782],[-0.648 , 0.102 ,-0.5996,-0.5799,-1.0138],[-0.9691,-0.1748, 0.1407,-0.2619],0.1444
743,[-0.9616,-0.206 , 0.225 ,-0.3062],[-0.5309,-1.5323,-0.0524, 2.291 ,-1.9752],[-0.9621,-0.2177, 0.2336,-0.2904],0.1139
745,[-0.9618,-0.2461, 0.3053,-0.3081],[ 1.3122,-0.1847, 2.7871, 0.7647,-0.2012],[-0.9605,-0.268 , 0.3262,-0.2929],0.0615
756,[-0.9588, 0.3146,-0.2903,-0.277 ],[ 0.2864,-0.9599,-1.257 , 0.4209,-2.6835],[-0.9602, 0.3184,-0.3003,-0.2607],0.0526
765,[-0.9607,-0.3033, 0.3371,-0.2916],[-0.0607,-0.8426,-0.0651, 3.9973,-1.3572],[-0.9601,-0.3178, 0.3501,-0.2775],0.0332
767,[-0.9602,-0.3659, 0.4005,-0.2571],[ 6.0319, 0.2286, 0.7102, 1.5752,-0.2955],[-0.9589,-0.3783, 0.4155,-0.2406],-0.0145
800,[-0.9594, 0.0122, 0.0011,-0.4142],[-5.3528,-3.9579,-4.9523,-4.081 ,-5.7442],[-0.9612, 0.0074, 0.006 ,-0.3989],0.2742
801,[-0.9599,-0.0224, 0.0895,-0.4313],[ 1.3719,-0.2256,-0.0676,-0.4548,-1.3961],[-0.961 ,-0.0511, 0.1207,-0.4158],0.2281
802,[-0.9602, 0.0338,-0.0907,-0.4054],[-0.1645,-0.0552,-0.3548, 0.2991,-1.1359],[-0.9612, 0.0573,-0.1143,-0.3881],0.2277
810,[-0.9604, 0.0795,-0.0045,-0.4372],[-0.6927,-0.4353,-0.1722,-0.7305,-1.4477],[-0.9626, 0.0492, 0.0316,-0.4252],0.2562
812,[-0.9607, 0.0992,-0.0904,-0.415 ],[-3.3851,-2.4617,-3.4625,-2.9221,-4.5831],[-0.9625, 0.0979,-0.0853,-0.3984],0.2183
814,[-0.9574, 0.1205,-0.1809,-0.3864],[-0.6556, 0.0915, 0.3382, 0.8342,-0.6979],[-0.9576, 0.1437,-0.2007,-0.3704],0.171
820,[-0.9594,-0.0649, 0.0362,-0.4176],[-1.2442,-0.7321,-1.2718,-0.8722,-2.2291],[-0.9613,-0.0559, 0.026 ,-0.4044],0.2611
821,[-0.9606,-0.0908, 0.1137,-0.4124],[-5.7633,-5.8389,-5.7255,-5.3479,-6.7669],[-0.9618,-0.1037, 0.1266,-0.3955],0.2022
823,[-0.9607,-0.1266, 0.204 ,-0.4267],[ 0.5867, 0.2312, 2.569 , 1.4622,-0.2863],[-0.9602,-0.159 , 0.2369,-0.4114],0.1415
832,[-0.959 , 0.1838,-0.1535,-0.4124],[-1.5424,-1.183 ,-1.3346,-1.0463,-1.8666],[-0.9613, 0.1793,-0.1444,-0.3953],0.1669
834,[-0.9588, 0.2361,-0.2   ,-0.3958],[-4.3884,-2.7728,-3.841 ,-3.1082,-5.1281],[-0.9613, 0.233 ,-0.1933,-0.3784],0.126
843,[-0.9592,-0.1912, 0.2421,-0.411 ],[-2.1265,-1.9193,-0.9938, 1.538 ,-3.5316],[-0.959 ,-0.2133, 0.2619,-0.3955],0.1137
845,[-0.9588,-0.2274, 0.3084,-0.4154],[ 0.4746, 7.1998, 0.5569, 1.6331,-0.6147],[-0.957 ,-0.2555, 0.3363,-0.3983],0.0722
865,[-0.9564,-0.2818, 0.3527,-0.4239],[-0.7058, 2.5421,-0.5926,10.8683,-0.816 ],[-0.9542,-0.3055, 0.3817,-0.4078],0.041
900,[-0.9582, 0.0297, 0.0247,-0.5752],[-55.8121,-55.5607,-55.9383,-55.3224,-56.6883],[-0.9605, 0.0057, 0.0567,-0.5573],0.2701
901,[-0.9596,-0.0254, 0.0875,-0.5366],[-7.1854,-6.8167,-7.5517,-5.547 ,-7.9478],[-0.961 ,-0.0559, 0.1262,-0.5196],0.2242
921,[-0.96  ,-0.0718, 0.1307,-0.5121],[-22.8219,-22.491 ,-23.4449,-21.7394,-23.9192],[-0.9609,-0.1   , 0.1609,-0.4941],0.1932
923,[-0.9614,-0.1184, 0.2033,-0.5229],[ 0.4312,-0.0769,35.9125, 0.6625,-0.7498],[-0.9611,-0.1568, 0.2434,-0.505 ],0.1373
945,[-0.9619,-0.1801, 0.279 ,-0.506 ],[ 2.4767, 0.79  , 1.1757,43.28  ,-0.7997],[-0.9605,-0.217 , 0.3058,-0.4894],0.0898
1100,[-0.9375,-0.0037,-0.0031, 0.3922],[ 2.3939,15.3306, 1.7942, 0.9478, 3.1047],[-0.9357,-0.0036, 0.0018, 0.3923],0.3774
1101,[-0.9359,-0.0437, 0.0755, 0.4133],[-0.2776,-0.4403, 9.3436,-0.1945, 1.7705],[-0.9339,-0.0483, 0.0781, 0.4159],0.3536
1102,[-0.9414, 0.026 ,-0.0698, 0.3871],[-0.15  , 1.9071,-0.2877, 0.2048, 7.5162],[-0.9395, 0.0334,-0.0744, 0.3812],0.3404
1110,[-0.9262, 0.1235,-0.0398, 0.3817],[-0.1881,-0.888 , 1.0453,-0.4707, 0.484 ],[-0.9254, 0.1076,-0.0231, 0.368 ],0.3899
1112,[-0.9352, 0.1293,-0.1094, 0.3966],[1.1932,3.1091,0.3732,0.7234,7.1921],[-0.9339, 0.122 ,-0.0949, 0.3878],0.3142
1114,[-0.9392, 0.1645,-0.1903, 0.4017],[ 0.7768, 5.6413,-0.4996,-0.0655, 0.8886],[-0.9372, 0.1637,-0.1861, 0.4106],0.2412
1120,[-0.9375,-0.0794, 0.026 , 0.3837],[ 1.1949, 4.0998,-0.2027, 0.0544, 9.4997],[-0.9362,-0.0679, 0.0176, 0.3784],0.3625
1121,[-0.9384,-0.1002, 0.1011, 0.3952],[ 1.8669, 0.5448, 1.3781, 0.7542,27.5231],[-0.9368,-0.0975, 0.0962, 0.3897],0.3123
1132,[-0.9269, 0.1857,-0.146 , 0.3829],[ 0.9357, 0.1119, 1.5498,-0.3019, 1.1812],[-0.9264, 0.174 ,-0.1213, 0.381 ],0.3077
1134,[-0.9342, 0.1776,-0.2026, 0.3867],[1.0579,2.9595,0.2976,0.5902,8.7177],[-0.9324, 0.1765,-0.1963, 0.3832],0.2491
1141,[-0.9346,-0.1908, 0.1227, 0.3877],[ 1.3007,11.9622,-0.0525, 0.4112, 2.1918],[-0.9343,-0.1748, 0.1084, 0.3937],0.2821
1143,[-0.9358,-0.1963, 0.2115, 0.3879],[1.23  ,0.5203,5.8419,1.3813,1.4523],[-0.9342,-0.1932, 0.2023, 0.3921],0.2315
1163,[-0.9249,-0.2827, 0.2467, 0.3842],[2.3397,2.1803,0.5763,0.6655,6.1107],[-0.9247,-0.2738, 0.2431, 0.3842],0.2085
1200,[-0.9357,-0.0067,-0.0061, 0.2989],[61.7414, 1.835 , 2.6906, 0.279 , 1.9405],[-0.9344,-0.0042,-0.0079, 0.2946],0.3817
1201,[-0.9418,-0.0409, 0.0767, 0.3183],[ 1.1822,-1.5428, 2.7022,-0.8851, 0.9799],[-0.9402,-0.0471, 0.0812, 0.319 ],0.3282
1202,[-0.938 , 0.0314,-0.0794, 0.3092],[ 0.5757, 4.5143,-0.6615, 0.4142,20.2336],[-0.9364, 0.0398,-0.0856, 0.3004],0.3447
1210,[-0.9311, 0.0929,-0.0279, 0.2813],[-0.2298,-1.2702, 5.6365,-0.739 , 2.9647],[-0.9304, 0.0807,-0.0221, 0.2714],0.3783
1212,[-0.9361, 0.1166,-0.1127, 0.286 ],[ 1.0164, 1.1087, 0.7289, 0.345 ,32.2329],[-0.9351, 0.113 ,-0.1031, 0.2766],0.3088
1214,[-0.9374, 0.1462,-0.1899, 0.29  ],[ 0.563 ,27.8724,-0.8015, 1.0443, 1.9921],[-0.9354, 0.1502,-0.1889, 0.2982],0.2515
1220,[-0.9359,-0.08  , 0.025 , 0.3158],[5.2078e-01,4.1995e+01,3.1604e-02,2.7043e-01,7.2708e-01],[-0.9349,-0.0678, 0.0152, 0.3136],0.3658
1221,[-0.9384,-0.1053, 0.1014, 0.3248],[ 1.1959, 0.6959,51.6935, 1.4453, 2.2943],[-0.9372,-0.1016, 0.094 , 0.323 ],0.3103
1223,[-0.9411,-0.146 , 0.1872, 0.3031],[ 0.2515,-1.2928, 1.8226, 0.1404, 4.4973],[-0.9392,-0.1497, 0.1872, 0.2976],0.2396
1230,[-0.927 , 0.1782,-0.0332, 0.2993],[-0.4815,-1.7116, 0.4657,-1.0123,-0.9145],[-0.9275, 0.1517,-0.0073, 0.2851],0.3671
1232,[-0.9286, 0.1885,-0.1332, 0.3018],[ 0.8514,-0.8033, 1.2987,-0.1238, 4.2367],[-0.9286, 0.1746,-0.1087, 0.2975],0.3036
1234,[-0.932 , 0.2024,-0.2171, 0.3039],[ 4.6276,31.4148, 0.1967, 0.6691, 2.3891],[-0.9308, 0.1996,-0.2057, 0.3118],0.2379
1236,[-0.9302, 0.2516,-0.2975, 0.2698],[ 0.3158,19.9471,-0.5826, 1.7668, 5.1942],[-0.9282, 0.252 ,-0.2898, 0.2763],0.18
1241,[-0.9363,-0.1988, 0.1284, 0.308 ],[3.8866e-01,3.3294e+01,6.6812e-05,7.7234e-01,6.6326e-01],[-0.9364,-0.1826, 0.1164, 0.3169],0.266
1243,[-0.9383,-0.2211, 0.213 , 0.3068],[ 0.6646, 0.8623,15.1202, 1.9529, 1.2169],[-0.9375,-0.2146, 0.2019, 0.3141],0.2097
1245,[-0.946 ,-0.2587, 0.286 , 0.2715],[ 0.5893,-0.4557, 1.8133,-0.0817, 1.5206],[-0.9444,-0.2576, 0.284 , 0.2723],0.1316
1254,[-0.9277, 0.2873,-0.2591, 0.2924],[-0.0154,-0.3033,-0.2895, 0.2486, 0.2886],[-0.9278, 0.2786,-0.2447, 0.302 ],0.1949
1256,[-0.929 , 0.3045,-0.3122, 0.2698],[ 0.5527,13.8062, 0.2221, 0.6861, 0.7634],[-0.9283, 0.2997,-0.298 , 0.2764],0.1583
1263,[-0.9383,-0.296 , 0.2374, 0.2952],[ 3.2945,10.1135, 1.5157, 3.8329, 1.4309],[-0.9392,-0.2814, 0.2202, 0.3059],0.1659
1265,[-0.9312,-0.3518, 0.3278, 0.2909],[ 1.5034, 0.5609,10.3211, 0.7428, 1.9278],[-0.9316,-0.3436, 0.3153, 0.2996],0.1189
1285,[-0.9222,-0.3929, 0.3747, 0.2668],[ 0.762 , 0.7429, 0.5184, 2.6205,-0.1076],[-0.9223,-0.3874, 0.3741, 0.2778],0.0988
1300,[-0.922 ,-0.021 , 0.0263, 0.1468],[  1.1716,  1.4476,  2.2592,  2.1383,233.4543],[-0.9214,-0.0219, 0.0282, 0.1406],0.4225
1301,[-0.9193,-0.0453, 0.0682, 0.1423],[ 0.5739,-0.4003,79.5671,-0.0877, 1.0651],[-0.9185,-0.0483, 0.0688, 0.147 ],0.4145
1302,[-0.9321, 0.0381,-0.0746, 0.17  ],[ 0.2677,15.6519, 0.4073, 0.3233, 0.0986],[-0.9311, 0.0448,-0.0786, 0.1661],0.3636
1310,[-0.926 , 0.075 ,-0.0299, 0.1767],[ 0.1613,-0.0971,18.4739, 0.5083, 0.8014],[-0.9255, 0.0667,-0.026 , 0.176 ],0.401
1312,[-0.9343, 0.1018,-0.1047, 0.1848],[ 3.9821,43.4545, 0.8327, 2.5664, 2.4302],[-0.9336, 0.1002,-0.0977, 0.1849],0.322
1314,[-0.9392, 0.1381,-0.1884, 0.1923],[ 0.4886, 4.2492,-0.4355,21.0103, 3.0399],[-0.9375, 0.1447,-0.191 , 0.2036],0.2461
1320,[-0.9226,-0.069 , 0.0392, 0.1472],[ 1.668 ,49.3179,-0.3096, 0.0497, 3.4724],[-0.9221,-0.0634, 0.0369, 0.151 ],0.409
1321,[-0.9221,-0.0798, 0.0897, 0.1465],[  4.0355,  0.8713,  1.9548,  1.033 ,112.1445],[-0.9214,-0.0802, 0.0877, 0.141 ],0.3799
1322,[-0.9368,-0.0659,-0.0659, 0.1865],[-3.1558,-3.0869,-4.0744,-3.5477,-3.7027],[-0.9358,-0.0396,-0.0827, 0.199 ],0.3494
1323,[-0.9304,-0.1464, 0.1834, 0.1572],[-0.6693,-0.0207,13.5696, 0.6707, 0.1261],[-0.9291,-0.1506, 0.1837, 0.1593],0.2753
1330,[-0.9145, 0.1737,-0.0396, 0.204 ],[-2.043 ,-2.8014,-1.0568,-1.9033,-1.9275],[-0.9153, 0.1557,-0.0417, 0.1902],0.4001
1332,[-0.9314, 0.1898,-0.1337, 0.1868],[-1.1994,-1.7056, 0.0875,-1.2263,-1.8653],[-0.9317, 0.1776,-0.1204, 0.1903],0.2842
1334,[-0.9367, 0.2115,-0.2253, 0.1835],[ 1.3675,10.0766, 0.2802, 2.0953, 3.0626],[-0.9358, 0.21  ,-0.2172, 0.1925],0.2106
1336,[-0.9343, 0.2383,-0.305 , 0.1973],[-0.2006,33.4   ,-0.2116, 0.5926, 0.271 ],[-0.9317, 0.2435,-0.3051, 0.2073],0.1693
1340,[-0.942 ,-0.1839, 0.0439, 0.1652],[-3.8459,-3.7805,-4.627 ,-3.974 ,-4.4784],[-0.9431,-0.1518, 0.0145, 0.1661],0.2961
1341,[-0.9359,-0.2039, 0.1237, 0.1774],[-0.8835,-0.543 ,-1.4026,-0.4234,-0.7487],[-0.9368,-0.1864, 0.1054, 0.1849],0.2687
1343,[-0.936 ,-0.2218, 0.2104, 0.1731],[ 1.9191, 0.4568,22.2347, 1.385 , 1.7079],[-0.9358,-0.2163, 0.1996, 0.1801],0.2163
1345,[-0.9397,-0.2629, 0.3049, 0.1781],[-0.1478,-0.6427, 6.9685, 2.0586, 1.0133],[-0.9379,-0.2648, 0.3028, 0.1858],0.138
1352,[-0.9438, 0.279 ,-0.1448, 0.1851],[-1.0076,-1.7475,-0.3438,-1.0642,-1.7824],[-0.9467, 0.2457,-0.0934, 0.1704],0.2108
1354,[-0.933 , 0.2987,-0.2425, 0.176 ],[-1.048 ,-1.7642,-1.7661,-1.2533,-2.0949],[-0.9343, 0.2873,-0.2272, 0.1817],0.1772
1356,[-0.9337, 0.3144,-0.3337, 0.1841],[ 1.7295,13.5076,-0.3362, 1.2525, 1.1365],[-0.9328, 0.3122,-0.3258, 0.194 ],0.1252
1358,[-0.9383, 0.2957,-0.3905, 0.1512],[ 1.6396,35.0075,-0.4973, 1.7432, 0.9283],[-0.9347, 0.3015,-0.3897, 0.1607],0.0947
1361,[-0.927 ,-0.2972, 0.1406, 0.1932],[-3.9096,-3.045 ,-4.1014,-3.9258,-3.7809],[-0.9302,-0.2718, 0.119 , 0.2025],0.2483
1363,[-0.9332,-0.3137, 0.2361, 0.181 ],[ 1.3449, 2.2721,-0.6682, 5.6255,-0.0324],[-0.9351,-0.299 , 0.2175, 0.193 ],0.1734
1365,[-0.9346,-0.3401, 0.3251, 0.1776],[ 0.9343, 0.1091,11.9026, 2.339 , 1.064 ],[-0.9349,-0.3342, 0.3135, 0.187 ],0.1129
1367,[-0.9279,-0.3561, 0.3983, 0.145 ],[ 0.005 ,-0.4973, 4.0741, 0.7356,-0.1682],[-0.9262,-0.3561, 0.3942, 0.1541],0.0904
1383,[-0.9354,-0.395 , 0.2618, 0.145 ],[-3.4925,-2.9246,-3.9616,-3.4513,-3.8274],[-0.9393,-0.3784, 0.2604, 0.1589],0.1044
1385,[-0.9281,-0.4058, 0.3498, 0.1713],[ 0.2296, 3.0425, 0.8036, 0.653 ,-0.6738],[-0.9299,-0.3982, 0.3444, 0.1848],0.0854
1387,[-0.9179,-0.4351, 0.4118, 0.1446],[ 0.8011,-0.0693, 1.8498, 7.3395, 0.1231],[-0.9191,-0.4309, 0.3973, 0.1583],0.0688
1400,[-0.9203,-0.0186, 0.0215, 0.0642],[  1.6877,493.103 ,  4.0812,  5.5182,  1.3596],[-0.92  ,-0.0195, 0.0253, 0.0677],0.4319
1401,[-0.9195,-0.042 , 0.0694, 0.0667],[  2.1171, -0.6008,304.1787,  0.9632,  0.721 ],[-0.9191,-0.0461, 0.0712, 0.0681],0.4147
1402,[-0.9187, 0.0341,-0.0696, 0.0446],[2.5780e-01,4.7625e+01,1.1415e-02,4.2756e-01,5.4859e-01],[-0.9182, 0.0395,-0.0715, 0.0545],0.4139
1410,[-0.9193, 0.0675,-0.0372, 0.0538],[-14.5795,-15.0444,-13.5103,-15.3931,-14.71  ],[-0.9192, 0.0622,-0.0328, 0.0601],0.4272
1411,[-0.9295, 0.0662, 0.063 , 0.0638],[-2.4648,-2.9382,-1.7518,-2.4349,-2.1891],[-0.929 , 0.0408, 0.0847, 0.0778],0.3783
1412,[-0.9204, 0.0847,-0.088 , 0.0507],[ 0.9169,30.0406, 0.5045, 1.0178, 0.1167],[-0.9202, 0.0843,-0.0829, 0.0594],0.386
1414,[-0.9377, 0.1393,-0.1931, 0.0606],[ 1.252 , 6.1698,-0.9984, 8.8495, 1.1984],[-0.9363, 0.1484,-0.1984, 0.0731],0.2446
1420,[-0.9191,-0.0647, 0.0438, 0.0592],[ 2.9769e+00, 2.8845e+02,-3.2971e-01, 2.4560e+00,-2.8059e-02],[-0.9189,-0.0611, 0.0427, 0.0644],0.4206
1421,[-0.9199,-0.0762, 0.085 , 0.058 ],[  1.4216,  0.7395,713.4774,  1.8264,  1.1533],[-0.9196,-0.0769, 0.0827, 0.0643],0.3915
1422,[-0.9306,-0.079 ,-0.0645, 0.0426],[-3.0079,-3.0267,-3.8501,-3.1726,-3.6211],[-0.9304,-0.0524,-0.0776, 0.0386],0.3699
1423,[-0.9269,-0.1406, 0.1825, 0.0622],[-0.1711,-0.7367,62.8436, 1.0763, 1.1729],[-0.9258,-0.1463, 0.1847, 0.0681],0.2884
1430,[-0.9206, 0.1744,-0.0402, 0.0573],[-2.0044,-2.2855,-0.8588,-1.3413,-1.4053],[-0.922 , 0.1523,-0.0223, 0.0658],0.3817
1432,[-0.9274, 0.1916,-0.1353, 0.0693],[-2.7241,-3.3636,-2.4329,-2.3484,-3.4879],[-0.9283, 0.1804,-0.1199, 0.0786],0.2951
1434,[-0.9356, 0.211 ,-0.2269, 0.065 ],[ 1.2149, 5.6963,-0.1397, 1.0422, 0.1466],[-0.935 , 0.212 ,-0.2228, 0.0762],0.2093
1436,[-0.9343, 0.2504,-0.3026, 0.0696],[ 1.124 ,12.2013,-0.5098, 1.0892,-0.4162],[-0.9324, 0.2556,-0.3039, 0.0808],0.1617
1440,[-0.9159,-0.1791, 0.0277, 0.0841],[-3.2443,-3.4088,-4.0089,-3.8162,-4.0338],[-0.9174,-0.1549, 0.0029, 0.0774],0.4001
1441,[-0.935 ,-0.2006, 0.1327, 0.0647],[-1.0846,-1.7547,-1.5435,-0.544 ,-1.827 ],[-0.9362,-0.186 , 0.1161, 0.071 ],0.2662
1443,[-0.9333,-0.2238, 0.2105, 0.0571],[23.9358, 0.0325, 7.0695, 4.3187, 0.799 ],[-0.9336,-0.2196, 0.2012, 0.066 ],0.2212
1445,[-0.9351,-0.2456, 0.3027, 0.0717],[ 4.3135,-0.8551, 7.3509, 0.7255, 0.7926],[-0.9331,-0.2516, 0.3059, 0.0803],0.1601
1454,[-0.9263, 0.3054,-0.2463, 0.0595],[-0.9519,-0.8648,-0.326 ,-0.2   ,-1.1714],[-0.9281, 0.2967,-0.2372, 0.0669],0.1879
1456,[-0.9357, 0.3253,-0.331 , 0.064 ],[ 0.6937, 2.2326,-0.1008, 4.1392, 0.4553],[-0.9356, 0.3238,-0.3237, 0.0778],0.1122
1458,[-0.9357, 0.3752,-0.4015, 0.0305],[-0.0409,39.5585,-0.3308, 0.2895,-0.1827],[-0.9348, 0.376 ,-0.3975, 0.0402],0.0579
1461,[-0.9352,-0.2898, 0.1534, 0.0852],[-3.5627,-3.0535,-4.0146,-3.6603,-3.5472],[-0.9385,-0.2631, 0.1217, 0.1002],0.221
1463,[-0.9332,-0.3151, 0.2375, 0.059 ],[ 0.0842,-0.0157,-0.8235, 2.1684,-0.958 ],[-0.9355,-0.3023, 0.2228, 0.0715],0.1682
1465,[-0.9352,-0.3291, 0.3198, 0.0556],[ 2.1459, 0.0503,10.8795, 3.0888,-0.224 ],[-0.9356,-0.3261, 0.3111, 0.0682],0.1167
1467,[-0.9382,-0.3495, 0.4017, 0.0607],[ 0.7194,-0.1617, 4.4429, 0.6765, 0.1456],[-0.9361,-0.352 , 0.4012, 0.0731],0.0624
1478,[-0.9134, 0.3936,-0.4283, 0.0217],[-0.1184, 1.6394,-0.5998, 4.3951,-0.0914],[-0.9122, 0.3944,-0.4229, 0.0354],0.0814
1483,[-0.9302,-0.4005, 0.2626, 0.0536],[-2.7653,-2.2923,-3.3271,-2.622 ,-3.2067],[-0.935 ,-0.3847, 0.2501, 0.0586],0.1194
1485,[-0.9305,-0.4101, 0.3515, 0.0675],[ 0.3155,-0.6139,-0.4637, 2.8179,-1.3158],[-0.9329,-0.4033, 0.3388, 0.082 ],0.0773
1487,[-0.922 ,-0.4319, 0.426 , 0.0478],[ 0.401 ,-0.39  , 7.6722, 2.4616,-0.4228],[-0.9225,-0.4301, 0.4182, 0.0615],0.0531
1500,[-0.9186,-0.0149, 0.0103,-0.0534],[  4.3514,  4.2793,  3.7611,141.6463, -0.6506],[-0.9188,-0.0142, 0.0092,-0.0427],0.4402
1501,[-0.92  ,-0.0385, 0.0724,-0.0367],[-11.5826,-13.6523, -9.657 ,-11.3969,-12.358 ],[-0.9199,-0.0441, 0.0754,-0.034 ],0.4123
1502,[-0.9154, 0.0304,-0.0727,-0.0621],[-3.1917,11.831 ,-5.4256,-2.9313, 0.7711],[-0.9153, 0.037 ,-0.0757,-0.055 ],0.4256
1503,[-0.9312,-0.0511, 0.1772,-0.0605],[-0.9623,-1.7431,-0.5224,-0.9013,-1.3278],[-0.9296,-0.0748, 0.1887,-0.0599],0.2954
1510,[-0.9203, 0.0669,-0.0383,-0.0596],[-20.2858,-20.7   ,-19.4422,-19.4562,-20.6331],[-0.9207, 0.0618,-0.032 ,-0.052 ],0.4259
1511,[-0.9316, 0.0694, 0.066 ,-0.0365],[-1.3285,-1.3512,-0.1369,-0.6586,-1.0459],[-0.9317, 0.044 , 0.0782,-0.0359],0.3646
1512,[-0.9183, 0.083 ,-0.09  ,-0.0676],[ -8.216 , -4.5915,-10.1136, -4.9564, -6.3959],[-0.9185, 0.0837,-0.0865,-0.0578],0.3953
1514,[-0.9309, 0.1415,-0.187 ,-0.0642],[ 0.3928, 1.9996,-0.6872,14.0977, 0.8359],[-0.9302, 0.1503,-0.1926,-0.0503],0.2688
1520,[-0.9157,-0.0656, 0.0437,-0.0574],[  1.4243,214.6802,  3.5524,  0.2973, -0.2158],[-0.9161,-0.0625, 0.0435,-0.0502],0.4315
1521,[-0.9178,-0.0706, 0.0764,-0.0496],[9.3066e-01,6.4749e-03,7.1260e+00,1.4911e+02,5.9156e-01],[-0.9179,-0.0715, 0.0759,-0.0378],0.4044
1523,[-0.927 ,-0.14  , 0.1858,-0.0585],[ 3.6898,-1.8783, 3.07  , 1.807 ,-1.2399],[-0.9263,-0.1477, 0.1903,-0.0458],0.285
1532,[-0.9354, 0.1865,-0.1381,-0.064 ],[-5.2078,-5.4272,-5.5223,-4.6679,-5.7086],[-0.9366, 0.1767,-0.1259,-0.0523],0.2643
1534,[-0.9309, 0.2038,-0.2162,-0.0588],[-0.176 , 1.774 ,-0.7134, 0.856 ,-1.4071],[-0.9308, 0.2057,-0.2137,-0.0465],0.2311
1536,[-0.9328, 0.2427,-0.3044,-0.0487],[ 3.4222, 1.5741,-0.4505, 1.4258, 0.387 ],[-0.9309, 0.2512,-0.3102,-0.0347],0.1644
1540,[-0.9484,-0.1705, 0.0512,-0.0645],[-1.8242,-1.1559,-1.9358,-1.503 ,-1.2618],[-0.9501,-0.1378, 0.0134,-0.0495],0.2755
1541,[-0.9423,-0.1951, 0.1361,-0.0465],[-0.207 ,-0.9495,-0.9339, 0.9967,-1.5717],[-0.9437,-0.1809, 0.1159,-0.0367],0.2404
1543,[-0.9372,-0.2223, 0.2208,-0.0629],[ 0.241 , 0.7733,21.1155, 1.8522, 0.3486],[-0.9376,-0.2212, 0.2137,-0.0517],0.2014
1545,[-0.9326,-0.2513, 0.2985,-0.068 ],[ 0.4839,-0.9203, 8.9299, 1.9858,-0.1301],[-0.9313,-0.2583, 0.3018,-0.0539],0.1652
1554,[-0.9339, 0.306 ,-0.25  ,-0.0552],[-0.1351,-0.6103,-0.9583, 0.3315,-1.4266],[-0.936 , 0.2971,-0.2345,-0.0419],0.1644
1556,[-0.9299, 0.3203,-0.3322,-0.0625],[ 0.4165, 2.0536,-0.7901, 2.0495,-0.1663],[-0.9297, 0.3219,-0.3284,-0.0502],0.1284
1558,[-0.9355, 0.3687,-0.4074,-0.0592],[ 0.9756,19.0134,-0.5885, 1.0019,-0.2599],[-0.9341, 0.3723,-0.4072,-0.0462],0.0554
1561,[-0.9359,-0.2942, 0.1563,-0.0367],[-1.1758,-1.042 ,-1.9585,-1.0073,-1.4279],[-0.9395,-0.2706, 0.1427,-0.0217],0.2052
1563,[-0.9386,-0.3154, 0.2453,-0.0536],[ 1.1435, 1.7211, 0.8002, 2.1419,-0.8083],[-0.9411,-0.305 , 0.2336,-0.0402],0.1438
1565,[-0.9318,-0.3325, 0.3196,-0.071 ],[ 0.5834,-0.217 , 1.4685,10.7495, 0.1713],[-0.9326,-0.3313, 0.3114,-0.0562],0.1232
1567,[-0.9335,-0.3733, 0.4211,-0.0753],[ 0.7505,-0.2224, 6.4978, 0.2771,-0.0094],[-0.9317,-0.3775, 0.4224,-0.0633],0.0518
1576,[-0.9392, 0.39  ,-0.3775,-0.0779],[ 0.0083,-0.0433,-0.1029,-0.1833,-0.5615],[-0.9402, 0.3894,-0.3669,-0.0633],0.0496
1578,[-0.9165, 0.3909,-0.4359,-0.001 ],[-0.0649, 1.4443,-0.4285, 2.2372,-0.8322],[-0.9148, 0.3926,-0.4329, 0.0097],0.085
1583,[-0.9385,-0.4131, 0.2505,-0.0571],[-1.4608, 1.8533,-1.5692,-0.1866,-2.2425],[-0.9444,-0.3943, 0.2385,-0.0417],0.0921
1585,[-0.9253,-0.4177, 0.3278,-0.066 ],[-0.3598, 0.6882,-1.0523, 6.4411,-1.21  ],[-0.9291,-0.4111, 0.3182,-0.0502],0.0942
1587,[-0.9241,-0.4263, 0.4358,-0.0647],[-0.0502,-0.5259, 2.063 ,10.2177,-1.1032],[-0.9239,-0.4274, 0.4331,-0.0492],0.044
1589,[-0.9382,-0.4409, 0.5039,-0.0964],[ 0.8634,-0.5579,16.5137, 1.4657,-0.8095],[-0.9356,-0.4439, 0.5028,-0.0814],-0.0236
1600,[-0.9188,-0.006 , 0.0019,-0.1712],[-36.086 ,-35.5173,-35.7895,-34.7773,-36.6294],[-9.1950e-01,-5.3680e-03, 7.1969e-04,-1.6496e-01],0.4424
1601,[-0.918 ,-0.0361, 0.0725,-0.1795],[-8.6733,-9.7188,-6.6964,-7.9342,-9.2313],[-0.9185,-0.0428, 0.0768,-0.1769],0.4153
1602,[-0.914 , 0.0361,-0.073 ,-0.176 ],[ 0.0716,10.735 ,-1.2397, 9.6853,-0.3235],[-0.9145, 0.0424,-0.0768,-0.1771],0.4266
1604,[-0.9475, 0.0512,-0.1704,-0.1417],[-0.8573, 0.2273,-0.9243,-0.4278,-0.5751],[-0.9462, 0.0795,-0.1878,-0.1254],0.2436
1610,[-0.9194, 0.0653,-0.0413,-0.1726],[-17.8951,-17.8985,-17.836 ,-17.7385,-18.9852],[-0.9202, 0.0611,-0.0348,-0.1649],0.4261
1612,[-0.9172, 0.0782,-0.0912,-0.1781],[-19.8569,-18.5548,-21.5596,-17.9518,-20.665 ],[-0.9178, 0.0805,-0.09  ,-0.1686],0.3975
1614,[-0.9232, 0.1412,-0.1846,-0.1814],[-2.2504e-01, 1.1666e+01,-4.3259e-01, 2.2342e+00,-9.3278e-04],[-0.9229, 0.1497,-0.1904,-0.1685],0.2956
1620,[-0.9161,-0.0638, 0.0442,-0.1552],[ 0.4492, 0.3638,-0.1477,22.0157,-0.9666],[-0.9169,-0.0606, 0.0411,-0.1483],0.4305
1621,[-0.9202,-0.0758, 0.0839,-0.1708],[-0.6519,-1.8144, 5.8612, 4.7471,-1.6494],[-0.9208,-0.0775, 0.0831,-0.1601],0.3888
1622,[-0.9319,-0.0792,-0.0575,-0.1285],[-0.818 , 0.3951,-0.7772,-0.7816,-0.0784],[-0.9325,-0.0535,-0.0706,-0.1123],0.3618
1623,[-0.935 ,-0.1421, 0.1878,-0.1881],[ 0.1072,-0.8618, 4.0384, 2.3299,-1.0914],[-0.9347,-0.1522, 0.1955,-0.1732],0.2519
1632,[-0.9377, 0.1891,-0.1447,-0.1752],[-3.2956,-3.4981,-3.1833,-2.7399,-4.2909],[-0.9393, 0.1816,-0.1367,-0.165 ],0.2476
1634,[-0.9311, 0.2152,-0.2188,-0.1895],[-1.7841,-1.355 ,-3.4796,-1.0663,-3.1499],[-0.9318, 0.217 ,-0.2157,-0.1749],0.2222
1636,[-0.928 , 0.2543,-0.3026,-0.1871],[ 1.3253, 4.869 ,-0.0687,-0.0595,-0.4926],[-0.9268, 0.2632,-0.3098,-0.1723],0.1733
1641,[-0.9444,-0.1875, 0.1409,-0.1817],[-0.0896,-0.4408, 0.1581, 0.2492,-0.8325],[-0.9461,-0.1783, 0.1295,-0.1712],0.227
1643,[-0.9416,-0.2149, 0.2283,-0.1864],[ 1.0574, 0.1625, 3.8642, 9.8367,-0.2885],[-0.9419,-0.2189, 0.2276,-0.1705],0.1815
1645,[-0.937 ,-0.2568, 0.2975,-0.1961],[ 0.1845,-0.8426, 1.7573, 4.7868,-0.4455],[-0.9362,-0.2654, 0.3028,-0.181 ],0.1457
1654,[-0.9373, 0.294 ,-0.2561,-0.1859],[ 0.0589,-0.8964,-0.7204,-0.2294,-1.0606],[-0.9393, 0.2903,-0.2477,-0.1755],0.15
1656,[-0.9373, 0.3209,-0.3379,-0.1856],[-0.0192, 2.7519,-0.7425, 2.5534,-0.7555],[-0.9372, 0.326 ,-0.3383,-0.1717],0.0999
1658,[-0.9353, 0.3556,-0.4033,-0.1631],[ 0.0378, 2.3311,-0.5566, 5.2443, 0.0696],[-0.9337, 0.3622,-0.4064,-0.1497],0.0625
1661,[-0.944 ,-0.2844, 0.1502,-0.1847],[-0.3815, 0.0543,-0.7483,-0.0448,-0.5   ],[-0.9485,-0.2546, 0.1036,-0.2012],0.1961
1663,[-0.9423,-0.3077, 0.2465,-0.1612],[ 0.0326, 0.2867,-0.0847, 1.1125,-0.1115],[-0.945 ,-0.2986, 0.2299,-0.155 ],0.1353
1665,[-0.9293,-0.3266, 0.3388,-0.1839],[-0.017 , 0.0622,11.412 , 2.9918,-0.4436],[-0.9294,-0.3301, 0.3356,-0.1719],0.1212
1667,[-0.9274,-0.3632, 0.411 ,-0.2012],[ 0.7603,-0.1767, 8.8119, 0.8953, 0.0798],[-0.9259,-0.3696, 0.4135,-0.1883],0.0752
1683,[-0.9174,-0.4323, 0.2688,-0.1342],[-0.7444, 1.4281,-1.7245,-0.5466,-1.7196],[-0.9246,-0.4179, 0.2348,-0.1187],0.1438
1685,[-0.9258,-0.4205, 0.3563,-0.1541],[-1.926 ,-3.3526,-1.8433,-1.2531,-3.9918],[-0.9291,-0.418 , 0.3441,-0.1384],0.0791
1687,[-0.9268,-0.413 , 0.4398,-0.1795],[ 0.4878,-0.7379, 1.8467,20.7618,-0.6198],[-0.926 ,-0.417 , 0.4391,-0.1637],0.0401
1689,[-0.9139,-0.4433, 0.5093,-0.2105],[ 0.3253, 0.2513,56.0961, 2.3282,-0.3745],[-0.9111,-0.4472, 0.5103,-0.1944],0.0099
1700,[-9.2690e-01, 3.3155e-03, 1.6128e-04,-3.0075e-01],[-32.6141,-32.6852,-32.5646,-31.6936,-33.1908],[-9.2819e-01, 2.4346e-03, 6.2325e-04,-2.9282e-01],0.4125
1701,[-0.9283,-0.0357, 0.0788,-0.2998],[-3.9812,-4.3703,-2.9494,-2.9703,-4.5599],[-0.9292,-0.0458, 0.0875,-0.2918],0.37
1702,[-0.9192, 0.039 ,-0.0777,-0.2857],[ -9.2424, -8.1634,-10.1392, -8.4552,-10.1183],[-0.9201, 0.0467,-0.0841,-0.2819],0.4088
1703,[-0.939 ,-0.0409, 0.1672,-0.3519],[-0.1604,-0.0631,-0.0476,-0.1356,-0.3092],[-0.9386,-0.0689, 0.1824,-0.3368],0.2792
1710,[-0.9224, 0.0657,-0.0414,-0.2971],[-11.245 ,-11.2772,-11.1162,-10.0965,-12.0078],[-0.9239, 0.0613,-0.035 ,-0.2884],0.4103
1712,[-0.922 , 0.0809,-0.0929,-0.2895],[-46.9281,-46.3219,-47.0763,-46.3993,-47.7603],[-0.923 , 0.084 ,-0.0941,-0.2814],0.376
1714,[-0.9239, 0.1357,-0.1914,-0.3094],[ 0.0145, 4.8248,-1.0888, 0.5829,-0.3545],[-0.9238, 0.1475,-0.2004,-0.2951],0.2888
1720,[-0.9269,-0.0687, 0.041 ,-0.2907],[-1.0033,-1.1498,-1.162 ,-0.3994,-1.8556],[-0.9283,-0.0626, 0.033 ,-0.284 ],0.3882
1721,[-0.9344,-0.095 , 0.112 ,-0.3051],[-6.0633,-6.5641,-5.9503,-5.0035,-7.3585],[-0.9354,-0.1004, 0.1152,-0.2922],0.3096
1722,[-0.9356,-0.0659,-0.0581,-0.312 ],[-0.2329, 0.08  ,-0.0537,-0.4017,-0.044 ],[-0.9365,-0.0346,-0.1029,-0.2956],0.3388
1723,[-0.9406,-0.1422, 0.1907,-0.3176],[ 0.5047,-0.4659, 3.5711, 1.1884,-0.7633],[-0.9407,-0.1556, 0.2013,-0.3035],0.2253
1732,[-0.9423, 0.1863,-0.1462,-0.3114],[-1.5259,-0.8548,-1.766 ,-1.0691,-1.9672],[-0.9444, 0.1797,-0.1362,-0.2988],0.2295
1734,[-0.929 , 0.2108,-0.2217,-0.3093],[-0.989 ,-0.5183,-1.9489, 0.1178,-2.564 ],[-0.9298, 0.2154,-0.223 ,-0.2938],0.2268
1736,[-0.9271, 0.2493,-0.2999,-0.3126],[ 0.5036, 5.0729, 0.1624, 0.7886,-0.3792],[-0.9262, 0.2604,-0.309 ,-0.2975],0.1745
1741,[-0.9335,-0.1853, 0.1423,-0.3053],[-0.2105,-0.0902,-0.063 , 0.064 ,-0.8866],[-0.9356,-0.179 , 0.1322,-0.2907],0.2645
1743,[-0.9389,-0.2026, 0.2315,-0.308 ],[ 1.7309,-0.6064, 3.3175, 5.1924,-0.633 ],[-0.9392,-0.2116, 0.2372,-0.2926],0.1897
1745,[-0.9304,-0.2501, 0.3095,-0.3167],[ 1.4838,-0.239 , 8.4933, 1.5403,-0.7493],[-0.9291,-0.2625, 0.3203,-0.3015],0.1614
1754,[-0.9386, 0.2886,-0.2593,-0.2856],[-0.0449, 0.3632,-0.3282, 1.0001,-1.1275],[-0.9406, 0.2875,-0.2515,-0.2713],0.1451
1756,[-0.9265, 0.3092,-0.3307,-0.3038],[ 0.8343, 2.4332,-0.7244, 2.1923,-1.3162],[-0.9265, 0.3155,-0.3323,-0.2906],0.1377
1758,[-0.9307, 0.3189,-0.3916,-0.2527],[ 0.4987, 3.0147, 0.1577, 0.5759,-0.4027],[-0.9282, 0.3293,-0.4003,-0.2358],0.0963
1765,[-0.9294,-0.3109, 0.3526,-0.2997],[ 7.5584,-0.0096, 1.0585, 4.082 ,-0.8686],[-0.9285,-0.3199, 0.359 ,-0.2861],0.1175
1767,[-0.9255,-0.3552, 0.4175,-0.3128],[ 0.4205,-0.138 , 6.7069,19.1399,-0.2397],[-0.9233,-0.3645, 0.4245,-0.297 ],0.0771
1785,[-0.9447,-0.3905, 0.36  ,-0.2581],[-1.3401,-1.4661,-0.709 ,-0.0179,-2.2064],[-0.9464,-0.3934, 0.3632,-0.2436],0.0329
1787,[-0.9193,-0.4053, 0.4571,-0.299 ],[ 0.9995,-0.3714, 2.3936,29.7039,-1.0658],[-0.9174,-0.4119, 0.4607,-0.282 ],0.0501
1789,[-0.921 ,-0.4373, 0.5057,-0.2626],[ 2.2043e+00, 2.7341e+00, 2.1628e+00, 7.3162e+01,-1.2539e-02],[-0.9181,-0.4426, 0.5096,-0.2457],0.0174
1800,[-0.9332, 0.0142, 0.007 ,-0.4398],[-11.5234,-12.0148,-10.9684,-10.5721,-12.1569],[-0.9351, 0.0094, 0.0116,-0.4251],0.3847
1801,[-0.9363,-0.0295, 0.0878,-0.4451],[-0.3705,-1.2185, 0.4678, 1.1824,-1.6462],[-0.9376,-0.0449, 0.1028,-0.4296],0.3301
1802,[-0.9259, 0.0228,-0.0872,-0.4273],[-3.0996,-2.0684,-4.0856,-1.9043,-3.7055],[-0.9272, 0.037 ,-0.0987,-0.4129],0.3794
1803,[-0.9351,-0.0502, 0.173 ,-0.4798],[ 0.0092, 0.0138,-0.1192,-0.076 ,-0.2195],[-0.9346,-0.0809, 0.2085,-0.4622],0.2783
1810,[-0.9286, 0.0726,-0.0329,-0.4404],[-3.324 ,-3.9425,-2.3749,-2.1843,-4.2503],[-0.9307, 0.0649,-0.0238,-0.4266],0.3835
1812,[-0.927 , 0.102 ,-0.0991,-0.44  ],[-12.5224,-12.2954,-13.9009,-12.1145,-14.2827],[-0.9289, 0.1033,-0.0978,-0.4264],0.3413
1814,[-0.9223, 0.1426,-0.1895,-0.4348],[ 0.4821, 1.6668,-1.0177, 4.9987,-0.6118],[-0.9228, 0.1542,-0.199 ,-0.4191],0.2926
1820,[-0.9375,-0.0797, 0.0251,-0.4455],[-0.1728,-0.4437,-0.9023, 0.1396,-1.6767],[-0.9397,-0.0685, 0.0154,-0.4308],0.3455
1821,[-0.9375,-0.0919, 0.1244,-0.4331],[ 0.0475,-0.7788, 0.1148, 2.1981,-1.9045],[-0.9388,-0.1018, 0.1316,-0.4163],0.2871
1823,[-0.935 ,-0.1305, 0.2048,-0.4374],[ 1.3752,-0.1844,10.5261, 0.4562,-0.3592],[-0.9348,-0.1489, 0.2188,-0.4214],0.2416
1825,[-0.9262,-0.153 , 0.2877,-0.4633],[-0.2222,-0.2888, 0.2621,-0.0078,-0.2728],[-0.924 ,-0.1769, 0.2992,-0.4465],0.2309
1832,[-0.9392, 0.189 ,-0.1512,-0.4192],[-0.0587, 0.1691,-0.164 , 0.7016,-1.1591],[-0.9417, 0.1853,-0.1461,-0.4034],0.2333
1834,[-0.9297, 0.2041,-0.2141,-0.4321],[ 0.1104, 3.3683,-0.4564, 3.7375,-1.1326],[-0.9309, 0.2101,-0.217 ,-0.4155],0.2288
1836,[-0.9212, 0.2504,-0.3046,-0.4342],[ 0.4219, 1.6266,-0.1816, 3.9539,-0.4334],[-0.9205, 0.2623,-0.3144,-0.4167],0.1913
1841,[-0.9188,-0.1893, 0.1358,-0.4299],[0.4485,0.0776,0.0141,0.7488,0.0448],[-0.9217,-0.183 , 0.1241,-0.4214],0.3205
1843,[-0.9329,-0.1933, 0.2377,-0.421 ],[ 0.2039,-0.4523, 0.0559,10.541 ,-0.6348],[-0.933 ,-0.206 , 0.2472,-0.405 ],0.2093
1845,[-0.9312,-0.2332, 0.3143,-0.4282],[ 0.3026, 0.0302,15.2136, 3.3228,-0.6129],[-0.9296,-0.2502, 0.3268,-0.4124],0.1627
1856,[-0.9295, 0.2962,-0.3216,-0.4042],[ 0.1142, 1.6862,-0.6709, 5.862 ,-1.4637],[-0.9296, 0.305 ,-0.3279,-0.3891],0.1336
1865,[-0.9297,-0.3046, 0.3592,-0.428 ],[ 1.8659, 0.8064, 0.6773,14.9779,-1.0083],[-0.9285,-0.3171, 0.3692,-0.4119],0.1158
1867,[-0.9242,-0.3391, 0.4132,-0.4203],[ 0.2452, 0.3271,62.988 , 1.2838,-0.3273],[-0.9217,-0.3513, 0.4238,-0.404 ],0.0882
1887,[-0.9169,-0.3982, 0.4656,-0.4154],[ 0.8815,-0.2666, 1.9191,41.6414, 0.476 ],[-0.9143,-0.4069, 0.473 ,-0.3992],0.0546
1889,[-0.9124,-0.4213, 0.5003,-0.4527],[ 1.2108, 0.9542, 1.9854,61.8885, 0.2368],[-0.909 ,-0.4296, 0.5077,-0.4349],0.0142
1900,[-0.9249, 0.0214, 0.0152,-0.6013],[-36.2409,-35.4313,-36.1696,-35.7973,-38.2338],[-0.9275, 0.0136, 0.0236,-0.5847],0.4177
1901,[-0.9288,-0.0246, 0.0848,-0.5827],[  0.1575, -0.5084,  2.17  ,131.9634, -1.3608],[-0.9306,-0.0404, 0.1027,-0.5651],0.3616
1902,[-0.9208, 0.0179,-0.0978,-0.5672],[-3.204 ,-4.3578,-4.2333,-3.0731,-5.2646],[-0.9224, 0.0346,-0.113 ,-0.5514],0.3923
1903,[-0.9375,-0.0497, 0.1769,-0.5532],[-0.1663,-1.1569, 0.7888,-0.4119,-0.5546],[-0.9373,-0.0837, 0.2108,-0.5348],0.2664
1910,[-0.9226, 0.0705,-0.0314,-0.6118],[-64.3137,-63.4611,-64.8228,-63.5865,-65.1604],[-0.9255, 0.0634,-0.0207,-0.5953],0.4096
1912,[-0.9208, 0.1037,-0.0948,-0.6078],[-199.2573,-198.7684,-199.5481,-198.5443,-199.539 ],[-0.9234, 0.1044,-0.0922,-0.5913],0.3665
1914,[-0.921 , 0.1443,-0.1861,-0.5748],[ 1.8347,43.4031,-0.674 , 0.6267,-0.5544],[-0.9222, 0.1559,-0.195 ,-0.5577],0.2965
1920,[-0.9281,-0.0884, 0.0273,-0.5469],[-10.5159,-10.0243,-10.2056,-10.2211,-10.6098],[-0.9308,-0.0766, 0.0142,-0.5296],0.3793
1921,[-0.9285,-0.0892, 0.1192,-0.5629],[ -0.3663, -0.222 , -0.9272,105.4201, -0.8674],[-0.9303,-0.0991, 0.1282,-0.5451],0.3242
1923,[-0.9366,-0.1158, 0.2073,-0.5789],[ 0.846 ,-0.5098, 2.1952,92.021 ,-0.6703],[-0.9363,-0.1418, 0.2365,-0.5607],0.2313
1925,[-0.9377,-0.1568, 0.2915,-0.6654],[-0.7876,-0.5921, 3.4341,-0.8127,-1.6146],[-0.9354,-0.1897, 0.3219,-0.6465],0.1739
1932,[-0.9423, 0.1733,-0.1486,-0.5411],[-2.0883, 0.2412,-3.4681,-0.2111,-2.5767],[-0.945 , 0.1717,-0.1404,-0.528 ],0.2285
1934,[-0.9278, 0.1887,-0.2046,-0.546 ],[ 0.0866, 0.8019,-1.4012,19.6184,-1.8727],[-0.9294, 0.1967,-0.2088,-0.5283],0.2437
1936,[-0.9281, 0.2433,-0.2862,-0.5129],[ 1.0157,22.5058,-0.3915, 1.9939,-0.2483],[-0.9281, 0.2562,-0.2973,-0.4951],0.1791
1941,[-0.9206,-0.1716, 0.148 ,-0.5671],[-0.4262,-1.3701,-0.6045,-0.3362,-0.9912],[-0.9233,-0.1712, 0.1424,-0.552 ],0.3104
1943,[-0.9233,-0.2004, 0.2185,-0.572 ],[ 0.2319, 7.1884, 0.6283, 1.3266,-1.8541],[-0.9245,-0.2106, 0.2308,-0.5552],0.2457
1945,[-0.9339,-0.2249, 0.3275,-0.5798],[  0.9384, -0.9631,122.0006,  3.9974, -0.6453],[-0.9318,-0.248 , 0.3456,-0.5629],0.1483
1947,[-0.9349,-0.2666, 0.3901,-0.618 ],[-0.9964,-1.536 ,-0.3126,-0.0778,-1.6259],[-0.9315,-0.2906, 0.4052,-0.6014],0.1023
1965,[-0.9246,-0.2945, 0.3579,-0.5398],[-2.1072e-01, 4.9873e-03, 2.7478e+00, 3.2547e+01,-4.5725e-01],[-0.9232,-0.3088, 0.37  ,-0.5239],0.136
1967,[-0.9208,-0.3253, 0.4186,-0.5766],[ 1.8515e+00, 8.9856e-02, 1.3640e+02, 5.7544e+00,-1.7004e-01],[-0.9178,-0.3408, 0.4307,-0.5612],0.0979
1987,[-0.9172,-0.3946, 0.4789,-0.5205],[ 0.7351, 0.3293, 1.3653,56.3571, 0.7615],[-0.9137,-0.4056, 0.4886,-0.5059],0.0416
2112,[-0.9068, 0.1552,-0.1231, 0.3803],[-0.3275, 0.38  ,-0.8117,-1.0474, 0.9275],[-0.9059, 0.1483,-0.1125, 0.3678],0.3284
2120,[-0.9094,-0.057 , 0.0474, 0.3847],[-0.8904, 0.4025,-1.1091,-1.2741,-0.2644],[-0.9079,-0.0537, 0.0363, 0.3714],0.4189
2121,[-0.9081,-0.1554, 0.1286, 0.3857],[-0.5481,-1.706 , 0.4184,-1.681 , 0.2453],[-0.907 ,-0.1496, 0.1235, 0.3786],0.3274
2132,[-0.9083, 0.1783,-0.13  , 0.4061],[-0.1606,-0.409 , 0.4532,-0.5608, 1.1613],[-0.9077, 0.1689,-0.116 , 0.4019],0.3245
2134,[-0.9102, 0.1981,-0.1848, 0.384 ],[ 0.0653, 0.9458,-1.1406,-0.1107, 0.5149],[-0.9093, 0.1916,-0.1651, 0.3947],0.2966
2141,[-0.9102,-0.1677, 0.138 , 0.3798],[ 0.3661, 2.0231,-0.253 ,-0.4261, 0.5108],[-0.9092,-0.1614, 0.1339, 0.3862],0.3257
2200,[-0.8988, 0.0018,-0.007 , 0.2902],[-19.3797,-19.676 ,-19.5805,-20.157 ,-19.175 ],[-0.8975, 0.0025,-0.0083, 0.2819],0.3827
2201,[-0.9058,-0.033 , 0.0599, 0.311 ],[-7.9099,-8.3712,-6.9872,-7.9443,-7.1288],[-0.9044,-0.0357, 0.0612, 0.2979],0.3999
2202,[-0.8979, 0.0355,-0.0652, 0.2953],[-5.7891,-4.8585,-6.559 ,-6.3059,-5.1534],[-0.8965, 0.0383,-0.0662, 0.2921],0.3622
2210,[-0.9004, 0.0879,-0.0286, 0.2824],[-2.7041,-3.3073,-1.9414,-4.1732,-2.5775],[-0.8996, 0.0802,-0.0285, 0.2767],0.3739
2212,[-0.9045, 0.1154,-0.0974, 0.2834],[-1.4703,-0.9478,-2.6852,-2.6512,-0.6143],[-0.9036, 0.1112,-0.0893, 0.2729],0.3477
2214,[-0.9064, 0.1495,-0.1819, 0.3245],[-0.5444, 0.9803,-2.3367,-1.0845, 0.9002],[-0.9046, 0.1507,-0.179 , 0.3214],0.2906
2220,[-0.9012,-0.0695, 0.0297, 0.2871],[-2.6773,-2.2578,-3.2684,-3.3124,-2.0176],[-0.9002,-0.0633, 0.0204, 0.2831],0.387
2221,[-0.8976,-0.0942, 0.095 , 0.2852],[-7.7785,-7.7608,-6.7579,-7.4463,-6.6576],[-0.8964,-0.0929, 0.0911, 0.2798],0.3258
2232,[-0.9047, 0.1948,-0.1263, 0.2883],[ 0.0412,-1.1553, 0.2828,-0.7279, 0.6102],[-0.905 , 0.1839,-0.1095, 0.2825],0.3099
2234,[-0.9059, 0.226 ,-0.221 , 0.2925],[-0.121 , 2.4173,-1.2679,-0.3495, 2.7877],[-0.9054, 0.2215,-0.2056, 0.2836],0.2475
2236,[-0.9078, 0.2537,-0.2952, 0.275 ],[-0.1162, 2.809 ,-1.2502, 0.3018, 1.3663],[-0.9059, 0.2536,-0.2869, 0.28  ],0.1955
2254,[-0.884 , 0.3015,-0.2484, 0.2512],[3.8219,0.554 ,0.8017,0.7373,2.3353],[-0.8854, 0.294 ,-0.2255, 0.2369],0.1365
2263,[-0.8955,-0.3044, 0.2325, 0.2523],[18.067 , 1.2199, 0.6604, 1.1426, 4.883 ],[-0.8974,-0.2942, 0.2056, 0.2379],0.1851
2300,[-0.9068,-0.0253, 0.0258, 0.1537],[-52.0568,-51.719 ,-51.3759,-53.0081,-50.5097],[-0.9062,-0.0251, 0.0254, 0.1465],0.4142
2301,[-0.9081,-0.0473, 0.0703, 0.1491],[-30.2737,-32.0604,-30.0104,-31.0383,-29.6864],[-0.9073,-0.0499, 0.0708, 0.148 ],0.4019
2302,[-0.9046, 0.0489,-0.0671, 0.1523],[-12.713 ,-12.4797,-14.5145,-13.9645,-12.9988],[-0.9038, 0.0507,-0.0667, 0.1525],0.3882
2310,[-0.9062, 0.067 ,-0.0405, 0.1595],[-13.6484,-14.0371,-13.4737,-14.0273,-12.8738],[-0.9057, 0.0628,-0.0359, 0.1565],0.4043
2312,[-0.9048, 0.0736,-0.0808, 0.154 ],[-10.9809,-10.0172,-11.8948,-11.4473, -9.7785],[-0.9041, 0.0736,-0.0768, 0.1501],0.3738
2314,[-0.9028, 0.1375,-0.1891, 0.1845],[-0.3472, 0.3009,-2.41  ,-1.2676, 1.4347],[-0.9011, 0.1418,-0.1884, 0.1793],0.2771
2320,[-0.9074,-0.0618, 0.0458, 0.1482],[-9.6075,-8.3564,-9.4764,-9.8778,-8.3176],[-0.9068,-0.059 , 0.0422, 0.1442],0.4088
2321,[-0.9057,-0.0709, 0.0905, 0.1556],[-35.9041,-37.1554,-34.9172,-36.517 ,-35.2149],[-0.9048,-0.0727, 0.0902, 0.1487],0.371
2323,[-0.9034,-0.1498, 0.1831, 0.1437],[-1.7529,-4.0667,-1.5884,-3.4843,-0.9093],[-0.9022,-0.1522, 0.18  , 0.1428],0.2807
2332,[-0.9043, 0.1917,-0.1398, 0.1923],[-2.9705,-3.2356,-2.3812,-3.3059,-1.7797],[-0.9047, 0.1836,-0.1289, 0.1809],0.2996
2334,[-0.9025, 0.2175,-0.2117, 0.1768],[ 0.6824, 2.2099,-1.2493,-0.5463, 1.3652],[-0.9023, 0.2145,-0.2014, 0.1688],0.2414
2336,[-0.9042, 0.2701,-0.3041, 0.2095],[ 2.2837, 3.6325,-0.9637, 0.1671, 7.8082],[-0.9028, 0.2698,-0.2942, 0.2035],0.1737
2341,[-0.9057,-0.2   , 0.144 , 0.1462],[ 0.7981, 0.9228,-1.1009,-0.4538, 2.0638],[-0.9063,-0.192 , 0.1354, 0.1373],0.2989
2343,[-0.9013,-0.221 , 0.2158, 0.1512],[ 1.3314,-0.3966, 3.8922,-0.1462,12.5025],[-0.9012,-0.2185, 0.207 , 0.1439],0.233
2345,[-0.9049,-0.2529, 0.2966, 0.1561],[ 1.1918,-0.8987, 4.9923, 0.7066,-0.4353],[-0.9032,-0.2544, 0.2905, 0.1643],0.1841
2354,[-0.8916, 0.2893,-0.2388, 0.1952],[0.9975,1.3958,0.1254,1.9713,5.2099],[-0.8928, 0.2819,-0.2204, 0.193 ],0.1697
2356,[-0.8933, 0.3057,-0.3275, 0.1801],[ 0.4881,17.6149,-0.675 , 0.8285, 0.5643],[-0.8924, 0.3044,-0.3163, 0.1884],0.1157
2358,[-0.8984, 0.3191,-0.3908, 0.1303],[-0.1687,13.7138,-1.2992, 1.3342,-0.0221],[-0.8955, 0.3213,-0.3882, 0.1427],0.0838
2363,[-0.9016,-0.3162, 0.2358, 0.1769],[3.1021,2.6217,2.6723,0.716 ,9.9909],[-0.9038,-0.3062, 0.2186, 0.174 ],0.1958
2365,[-0.8973,-0.3437, 0.3227, 0.1665],[1.4186,0.3871,6.4604,0.9763,0.5829],[-0.898 ,-0.3393, 0.3072, 0.1763],0.1205
2367,[-0.8994,-0.3372, 0.3929, 0.1347],[ 0.671 ,-1.6764, 1.3189,-0.2626,-0.1965],[-0.8973,-0.3381, 0.3862, 0.1484],0.0822
2385,[-0.894 ,-0.3989, 0.3433, 0.1499],[1.4593,2.3735,8.2357,2.0388,0.7962],[-0.8961,-0.3932, 0.329 , 0.1626],0.0803
2387,[-0.8915,-0.4052, 0.4019, 0.1361],[ 0.918 ,-0.7749, 1.6873,12.3254, 0.4445],[-0.8918,-0.4028, 0.3898, 0.1507],0.0361
2400,[-0.9079,-0.0276, 0.0226, 0.0588],[  1.7334,  0.9349,  2.3504,  0.4573,371.3385],[-0.9077,-0.0267, 0.0209, 0.0451],0.4252
2401,[-0.9085,-0.0437, 0.069 , 0.0632],[-0.3592,-2.1431,24.1495,-1.0205, 6.4035],[-0.9081,-0.0469, 0.0695, 0.0537],0.4072
2402,[-0.9075, 0.0387,-0.0688, 0.064 ],[-1.3929, 6.4079,-5.0136,-3.9804,-3.0369],[-0.9071, 0.0425,-0.0704, 0.0642],0.4044
2410,[-0.9051, 0.0665,-0.0382, 0.0654],[-18.9988,-20.0287,-19.3511,-19.5736,-19.076 ],[-0.9051, 0.062 ,-0.0316, 0.0579],0.4035
2411,[-0.9039, 0.0645, 0.0582, 0.0977],[-5.8487,-5.8287,-5.1544,-5.8374,-6.1826],[-0.9032, 0.0448, 0.096 , 0.1129],0.3737
2412,[-0.9064, 0.0782,-0.0878, 0.0661],[ 2.5760e+00, 1.5123e+01,-7.1587e-03, 3.8672e-01, 2.7901e+01],[-0.9061, 0.0787,-0.0838, 0.0612],0.3765
2414,[-0.9016, 0.1437,-0.1822, 0.0489],[ 0.1849, 4.0494,-1.6773,-0.4281, 0.7113],[-0.9007, 0.1475,-0.1813, 0.053 ],0.2763
2420,[-0.9082,-0.0634, 0.0443, 0.0523],[-0.3381, 4.7125,-1.197 ,-0.7352,24.2233],[-0.9081,-0.0601, 0.0386, 0.0413],0.4158
2421,[-0.907 ,-0.0796, 0.0931, 0.0571],[ 7.8244e-01,-1.8240e-01, 6.2666e+00, 5.4434e-01, 1.9415e+02],[-0.9067,-0.0809, 0.0912, 0.0447],0.3745
2423,[-0.9027,-0.1383, 0.1818, 0.0541],[-0.1413,-2.492 , 2.2442,-0.6442, 0.7094],[-0.9016,-0.1428, 0.1829, 0.0509],0.2814
2430,[-0.904 , 0.183 ,-0.0392, 0.0587],[-4.0064,-4.548 ,-3.2154,-3.9709,-4.1737],[-0.9056, 0.1642,-0.0293, 0.0593],0.3603
2432,[-0.9026, 0.1861,-0.1407, 0.0598],[-4.7066,-4.174 ,-4.3162,-4.4954,-3.9032],[-0.9034, 0.1794,-0.1292, 0.0597],0.2963
2434,[-0.9019, 0.2044,-0.2034, 0.0482],[ 0.7178, 2.8716,-1.777 , 0.6621, 1.1088],[-0.902 , 0.2029,-0.1944, 0.0521],0.2491
2436,[-0.907 , 0.2641,-0.3077, 0.0589],[-0.0125,12.4481,-1.0435,-0.1652, 1.071 ],[-0.9056, 0.2668,-0.304 , 0.0608],0.1799
2440,[-0.9094,-0.2069, 0.0545, 0.0754],[-4.0379,-3.9558,-5.2362,-4.4164,-3.7008],[-0.9116,-0.1827, 0.0153, 0.0609],0.3832
2441,[-0.8991,-0.1891, 0.1339, 0.0563],[-0.2452,-1.5098,-1.2778,-0.3784, 6.8301],[-0.9001,-0.1809, 0.1174, 0.049 ],0.2883
2443,[-0.9009,-0.2026, 0.2115, 0.0717],[ 1.4468,-0.2856,37.6261, 0.9684, 1.5702],[-0.9006,-0.2021, 0.203 , 0.0732],0.2403
2445,[-0.9046,-0.247 , 0.2919, 0.0552],[-0.6464,-1.1875,13.5753,-0.0238, 1.1187],[-0.9032,-0.2501, 0.2882, 0.0674],0.1873
2454,[-0.9031, 0.2974,-0.251 , 0.0595],[2.4522,1.5178,0.6618,1.9303,0.9771],[-0.9046, 0.2916,-0.2389, 0.0644],0.1959
2456,[-0.901 , 0.3112,-0.3191, 0.0559],[ 0.4819, 6.2281,-0.7934, 2.0154, 1.6218],[-0.9008, 0.3103,-0.3096, 0.064 ],0.1413
2458,[-0.9045, 0.313 ,-0.3917, 0.1032],[ 0.8637,12.4264,-0.9314, 0.461 ,-0.3788],[-0.9014, 0.3163,-0.3917, 0.117 ],0.102
2461,[-0.9047,-0.2948, 0.1379, 0.1011],[-2.8811,-1.5742,-3.331 ,-1.497 ,-2.8734],[-0.9083,-0.2767, 0.1261, 0.1039],0.2699
2463,[-0.9015,-0.3251, 0.2425, 0.0612],[6.0133,7.0454,3.7867,2.2528,2.08  ],[-0.9041,-0.3167, 0.2321, 0.0668],0.1859
2465,[-0.8984,-0.3414, 0.3245, 0.0564],[1.0291,0.0437,7.8441,0.5972,0.1066],[-0.8992,-0.3388, 0.313 , 0.0678],0.1219
2467,[-0.8942,-0.3509, 0.3981, 0.0483],[ 0.5172,-1.1951, 2.8733, 0.5435, 0.062 ],[-0.8923,-0.3524, 0.3954, 0.0596],0.0586
2476,[-0.9103, 0.3908,-0.3823, 0.099 ],[ 0.6039, 0.995 ,-0.5046, 1.1548, 0.0816],[-0.9109, 0.3883,-0.3693, 0.0978],0.1068
2478,[-0.9105, 0.3942,-0.4082, 0.0653],[ 1.3686, 7.3086,-0.4852, 2.2465,-0.0569],[-0.9102, 0.3933,-0.3988, 0.0793],0.088
2483,[-0.8899,-0.3957, 0.2631, 0.0308],[-1.1461, 0.0866,-2.5916,-1.0858,-2.1543],[-0.8946,-0.3864, 0.2539, 0.0463],0.1135
2485,[-0.8973,-0.4074, 0.3491, 0.046 ],[0.6777,0.5819,0.6837,9.8487,0.0439],[-0.8997,-0.4031, 0.3384, 0.061 ],0.0818
2487,[-0.8973,-0.4195, 0.4275, 0.0505],[ 0.6642,-0.7337,11.634 , 2.5294,-0.144 ],[-0.8972,-0.4185, 0.4177, 0.0635],0.0316
2500,[-0.9079,-0.0228, 0.0085,-0.0522],[  3.6008,  0.8642,  2.2788,  1.6524,461.0123],[-0.9082,-0.0203, 0.0041,-0.0679],0.4318
2501,[-0.9073,-0.04  , 0.069 ,-0.0513],[-2.6227,-4.5206,42.4968,-3.8221,-2.378 ],[-0.9074,-0.0439, 0.0696,-0.0638],0.4054
2502,[-0.907 , 0.0257,-0.0673,-0.0755],[  0.1294,122.5409, -1.6019, -0.4118, -0.811 ],[-0.9072, 0.0315,-0.0689,-0.0891],0.4109
2510,[-0.906 , 0.0669,-0.0406,-0.0532],[-3.6735,-4.4626,-3.1739,-5.531 ,-4.59  ],[-0.9064, 0.0631,-0.0367,-0.0623],0.4071
2511,[-0.9073, 0.0694, 0.0585,-0.0782],[-3.784 ,-4.2321,-3.6913,-3.9504,-3.8428],[-0.9078, 0.0522, 0.0611,-0.093 ],0.4077
2512,[-0.9052, 0.0812,-0.0908,-0.0666],[31.2498, 4.0626, 0.0711, 2.2546, 1.2618],[-0.9054, 0.0824,-0.0889,-0.0747],0.3696
2514,[-0.9036, 0.1395,-0.1846,-0.0672],[ 0.3131, 2.7558,-2.9576,-0.0769,-0.7616],[-0.903 , 0.1452,-0.1873,-0.0615],0.2834
2520,[-0.9067,-0.0697, 0.0425,-0.0647],[-5.3676e-02, 1.4412e+02, 1.8764e-01, 4.1288e-01, 7.4143e-01],[-0.9072,-0.0662, 0.0414,-0.071 ],0.4078
2521,[-0.9065,-0.0868, 0.0933,-0.0637],[1.1511e+00,1.3712e-01,5.3907e+02,5.9793e-01,1.2620e+00],[-0.9068,-0.0874, 0.0895,-0.0704],0.3727
2523,[-0.899 ,-0.1445, 0.1816,-0.0714],[ 2.0194,-1.127 ,23.9667,-0.4555, 0.0566],[-0.8986,-0.1491, 0.1826,-0.0768],0.2666
2530,[-0.883 , 0.184 ,-0.041 ,-0.1218],[-1.7751,-2.4423,-0.6649,-2.1429,-1.6886],[-0.8855, 0.1703,-0.0452,-0.1363],0.2679
2532,[-0.8978, 0.1878,-0.1427,-0.0598],[-0.5515,-0.9303,-2.0978,-1.495 ,-0.8036],[-0.8991, 0.182 ,-0.1295,-0.0572],0.2785
2534,[-0.9005, 0.2033,-0.2161,-0.0523],[ 0.6185,18.4372,-0.577 , 3.6536, 0.4237],[-0.9005, 0.2044,-0.2107,-0.0436],0.2354
2536,[-0.8904, 0.2501,-0.2952,-0.0782],[ 0.5062, 7.5339,-0.8962,-1.0091,-0.3654],[-0.8893, 0.2541,-0.2937,-0.0666],0.1375
2541,[-0.8961,-0.1762, 0.1439,-0.0437],[ 0.4811,-1.6063, 0.715 ,-0.168 ,-0.6624],[-0.8971,-0.1715, 0.1303,-0.0433],0.2746
2543,[-0.894 ,-0.1867, 0.2007,-0.0705],[ 1.1267,-0.8824,22.9698, 4.7279, 0.583 ],[-0.894 ,-0.188 , 0.1957,-0.0626],0.226
2545,[-0.9078,-0.2637, 0.3202,-0.0582],[ 0.1625,-0.9129, 0.29  , 4.8973, 0.0445],[-0.9061,-0.269 , 0.3222,-0.0434],0.172
2554,[-0.9078, 0.3303,-0.2721,-0.0098],[1.0653,0.6246,0.0204,1.8895,1.3445],[-0.9103, 0.3237,-0.2521, 0.0059],0.1935
2556,[-0.9012, 0.3331,-0.3353,-0.062 ],[ 0.6033, 4.3855,-0.542 , 3.9111, 0.3815],[-0.9015, 0.3333,-0.3276,-0.0488],0.1246
2558,[-0.9   , 0.3766,-0.3932,-0.1114],[ 0.7534, 0.1711,-1.0627, 5.2374, 0.2914],[-0.8997, 0.3784,-0.3893,-0.0952],0.0692
2563,[-0.9034,-0.3343, 0.2479,-0.031 ],[1.1717,1.1782,1.9098,4.6167,0.3532],[-0.9065,-0.3264, 0.2365,-0.0206],0.1876
2565,[-0.8978,-0.3517, 0.3364,-0.061 ],[ 1.0591,-0.1955, 3.0907, 4.3652, 0.2473],[-0.8988,-0.3506, 0.327 ,-0.0462],0.1089
2567,[-0.8928,-0.366 , 0.4057,-0.068 ],[-0.1919,-0.8253, 3.4554, 0.8117,-0.0413],[-0.8915,-0.3683, 0.4031,-0.0548],0.0452
2583,[-0.8932,-0.4107, 0.2672,-0.0266],[-0.8664, 1.575 ,-1.1806, 0.6507,-1.1215],[-0.8986,-0.4013, 0.2567,-0.0109],0.1164
2585,[-0.8966,-0.4153, 0.3526,-0.0726],[ 0.3511, 0.5791, 0.4217,14.7842,-0.2324],[-0.8996,-0.4123, 0.3405,-0.0573],0.0768
2587,[-0.895 ,-0.4259, 0.4306,-0.0773],[ 0.8722,-1.0896, 2.8545, 8.0355,-0.4046],[-0.8953,-0.4265, 0.4219,-0.0624],0.0212
2589,[-0.8821,-0.4368, 0.5027,-0.1136],[ 0.6119,-0.9159,38.2078, 0.864 ,-0.8949],[-0.8795,-0.4387, 0.499 ,-0.1022],-0.0565
2600,[-0.9067,-0.0102, 0.0017,-0.1659],[  0.6384,  2.958 ,  2.4669,  3.0566,125.5624],[-9.0749e-01,-8.7864e-03,-5.0603e-04,-1.8211e-01],0.4291
2601,[-0.9065,-0.0385, 0.0688,-0.1668],[-0.8994,-1.7059,39.7439,-0.6929,-1.0546],[-0.9071,-0.0431, 0.0708,-0.1794],0.4042
2602,[-0.9081, 0.0355,-0.0708,-0.1609],[ 0.3269,71.008 ,-1.2646, 1.8965, 0.6647],[-0.9086, 0.041 ,-0.0734,-0.1734],0.4108
2604,[-0.9089, 0.0459,-0.1673,-0.1658],[-0.5306,-0.4311,-1.8584,-0.3727,-0.9721],[-0.9078, 0.063 ,-0.1753,-0.1528],0.3475
2610,[-0.9056, 0.0665,-0.046 ,-0.1851],[-5.4570e-01, 3.4569e-02, 3.5752e+01, 1.4329e+00,-5.8971e-01],[-0.9065, 0.0642,-0.0455,-0.1896],0.4037
2612,[-0.9066, 0.0755,-0.0893,-0.1719],[1.9916e+00,1.3460e+02,6.8126e-02,7.6339e+00,1.1963e+00],[-0.9073, 0.0777,-0.088 ,-0.1784],0.3803
2614,[-0.9024, 0.1352,-0.1855,-0.1712],[ 5.0012, 3.0149,-2.0212, 2.578 ,-0.4676],[-0.902 , 0.1425,-0.1898,-0.1677],0.2799
2620,[-0.9072,-0.0652, 0.043 ,-0.1487],[ 0.8835, 6.2667, 0.069 , 2.227 ,16.4394],[-0.908 ,-0.0626, 0.0427,-0.1596],0.4119
2621,[-0.9067,-0.0796, 0.0851,-0.1493],[ 2.7582, 0.6675, 4.9343,52.3881, 1.0526],[-0.9073,-0.0805, 0.0831,-0.1439],0.3813
2622,[-0.9109,-0.0678,-0.0635,-0.242 ],[-1.2766,-1.1274,-1.6952,-1.5849,-0.8267],[-0.9115,-0.0439,-0.1036,-0.2252],0.4075
2623,[-0.8999,-0.149 , 0.1792,-0.1351],[-0.1983,-1.6336, 0.6592, 6.3138,-0.1483],[-0.8999,-0.1533, 0.1801,-0.1297],0.2706
2630,[-0.8855, 0.1703,-0.0452,-0.1363],[-1.2482,-1.5382,-0.3356,-1.0255,-0.7167],[-0.8879, 0.1543,-0.0152,-0.1501],0.2972
2632,[-0.9045, 0.1729,-0.1545,-0.1414],[0.3943,0.3308,0.3545,0.0814,0.2468],[-0.9054, 0.1714,-0.1525,-0.1403],0.2969
2634,[-0.9015, 0.1941,-0.2235,-0.1743],[ 2.0527, 2.3014,-0.0734, 9.9823, 0.1595],[-0.9013, 0.1985,-0.224 ,-0.1638],0.2353
2636,[-0.9009, 0.2398,-0.2977,-0.1774],[ 0.9236, 4.5244,-1.41  , 1.424 ,-0.8099],[-0.8996, 0.2467,-0.301 ,-0.1641],0.1707
2641,[-0.8995,-0.179 , 0.1452,-0.1728],[ 0.5281, 0.3219, 0.2334, 0.6382,-0.0827],[-0.9009,-0.1749, 0.1322,-0.1611],0.2875
2643,[-0.894 ,-0.188 , 0.2058,-0.1429],[ 1.3189,-0.6748, 1.7714, 6.3558, 1.3378],[-0.8941,-0.1904, 0.2043,-0.1374],0.2216
2645,[-0.9095,-0.2692, 0.3291,-0.1738],[-0.4473,-1.2679, 0.8489, 0.4843,-0.6331],[-0.9078,-0.2765, 0.3354,-0.1573],0.1675
2656,[-0.9044, 0.3257,-0.3543,-0.1781],[ 1.2262, 2.4762,-0.7877, 3.5773, 0.1235],[-0.9038, 0.3297,-0.3543,-0.1628],0.1205
2658,[-0.8993, 0.3643,-0.3997,-0.1807],[ 0.1365, 1.0121,-1.036 , 3.5767,-0.3803],[-0.8984, 0.3679,-0.3969,-0.1647],0.0668
2663,[-0.9025,-0.3636, 0.2506,-0.1366],[ 0.9321, 0.2444, 0.5276, 0.701 ,-0.0561],[-0.9073,-0.3533, 0.2233,-0.1214],0.1832
2665,[-0.9004,-0.342 , 0.3706,-0.1754],[ 0.6685,-0.4796, 2.2196, 3.3926,-0.1924],[-0.8999,-0.3455, 0.3674,-0.1618],0.0955
2667,[-0.8938,-0.3618, 0.4122,-0.1939],[-0.4853,-0.847 , 6.2545, 1.6505, 0.0395],[-0.8922,-0.3662, 0.4112,-0.1809],0.0447
2685,[-0.8975,-0.4562, 0.3585,-0.1615],[ 2.6416,-0.3862, 1.3684,13.8423,-1.0236],[-0.9024,-0.4531, 0.3412,-0.1475],0.0651
2687,[-0.8932,-0.4294, 0.4365,-0.1905],[ 1.3525,-0.8399,51.4483, 3.7228,-1.1912],[-0.8934,-0.4317, 0.4294,-0.178 ],0.0109
2689,[-0.901 ,-0.443 , 0.5063,-0.1603],[ 2.3716,-0.9556,33.521 , 1.2061,-0.8697],[-0.8984,-0.4458, 0.5048,-0.1467],-0.0182
2695,[-0.8966,-0.5009, 0.3743,-0.1353],[-1.2518,-1.6781,-0.7552,-0.6229,-2.1151],[-0.903 ,-0.4979, 0.3531,-0.119 ],0.0395
2697,[-0.8894,-0.5017, 0.4158,-0.1704],[ 0.1141,-1.6447, 3.4493, 2.6291,-1.7158],[-0.8939,-0.5015, 0.3996,-0.1564],-0.0063
2700,[-0.9024,-0.0102, 0.0028,-0.2974],[ 1.017 , 0.9978,38.3737, 1.8952, 2.7112],[-0.9037,-0.0088,-0.0019,-0.3046],0.4133
2701,[-0.9047,-0.0378, 0.0697,-0.2798],[ 0.5886,-0.7405,12.9421, 1.9952, 0.2534],[-0.9057,-0.043 , 0.0722,-0.2877],0.3975
2702,[-0.9027, 0.0326,-0.0786,-0.2951],[-6.1226,-5.0857,-7.188 ,-5.5079,-6.7731],[-0.9037, 0.0399,-0.0841,-0.2957],0.3843
2710,[-0.9032, 0.0646,-0.0492,-0.3028],[ 1.0574, 1.9072,39.2847, 2.6268, 0.4783],[-0.9046, 0.0635,-0.0504,-0.2998],0.3935
2712,[-0.9045, 0.0723,-0.0852,-0.2946],[ 0.3326,61.5017, 1.368 , 1.1425, 2.298 ],[-0.9057, 0.0748,-0.0847,-0.2937],0.3764
2714,[-0.9015, 0.1414,-0.1915,-0.3103],[-0.0547, 0.3011,-2.0131, 0.2703,-1.441 ],[-0.9016, 0.1495,-0.1963,-0.3011],0.2716
2720,[-0.8965,-0.0625, 0.0451,-0.2968],[-0.7153,-0.6709,-0.5114,-0.2153,-1.0288],[-0.8979,-0.0605, 0.0419,-0.2883],0.369
2721,[-0.8987,-0.0788, 0.0883,-0.3017],[ 0.7941,-0.4663, 2.7806, 3.4525, 0.0667],[-0.8998,-0.0809, 0.0884,-0.2893],0.3472
2723,[-0.9032,-0.144 , 0.1909,-0.363 ],[ 0.6628,-1.4344, 1.2803, 0.3051,-0.326 ],[-0.9037,-0.1524, 0.1948,-0.3805],0.2788
2734,[-0.9067, 0.1984,-0.2268,-0.2908],[ 2.182 , 1.2806,-0.3286, 5.9539, 0.2983],[-0.907 , 0.2039,-0.2277,-0.2783],0.2513
2736,[-0.9093, 0.2526,-0.3289,-0.2564],[-0.2807, 0.2997,-1.4489, 0.6724,-0.5644],[-0.9075, 0.262 ,-0.3296,-0.241 ],0.1764
2741,[-0.9005,-0.1831, 0.1478,-0.3495],[0.7402,0.7761,0.6734,1.0719,0.25  ],[-0.9025,-0.181 , 0.1458,-0.3369],0.284
2743,[-0.8993,-0.2231, 0.2135,-0.309 ],[ 1.2261,-0.2477, 1.9038, 2.7137, 0.1064],[-0.9008,-0.2239, 0.2085,-0.2942],0.2286
2745,[-0.9085,-0.2649, 0.3492,-0.3421],[ 0.1692,-1.0476, 0.3143, 0.3549,-0.8868],[-0.9062,-0.2763, 0.3589,-0.3273],0.1512
2756,[-0.9074, 0.3211,-0.3642,-0.2963],[ 0.8142, 1.5047,-0.3514, 2.3543,-0.2663],[-0.9064, 0.3278,-0.367 ,-0.2801],0.1237
2758,[-0.9071, 0.3327,-0.3976,-0.2745],[ 0.3444, 2.5114,-1.143 , 0.9343,-1.1009],[-0.905 , 0.3401,-0.4015,-0.2586],0.0969
2765,[-0.9059,-0.3004, 0.373 ,-0.2977],[ 0.5837,-0.4347, 2.8445, 1.3404, 0.069 ],[-0.9037,-0.3093, 0.3799,-0.2853],0.1179
2767,[-0.8997,-0.3545, 0.4256,-0.297 ],[ 1.552 ,-1.1788, 1.6845, 5.9974,-0.7037],[-0.8972,-0.3615, 0.43  ,-0.2826],0.052
2787,[-0.8916,-0.4258, 0.4681,-0.2987],[ 2.8964,-1.0424,42.6794, 3.1251,-1.0722],[-0.8902,-0.4304, 0.4661,-0.2844],-0.0129
2789,[-0.8793,-0.4634, 0.5137,-0.3245],[ 0.0577,-0.2572,49.345 , 0.8668,-0.3574],[-0.8774,-0.4672, 0.5106,-0.309 ],-0.0775
2800,[-0.8972,-0.0032,-0.0039,-0.449 ],[ 1.5165, 1.6918,48.6278, 2.9173, 0.5456],[-0.8991,-0.0016,-0.0095,-0.4369],0.3965
2801,[-0.8945,-0.0372, 0.0788,-0.4349],[ 0.0487,-1.0459, 2.1924, 2.7214,-0.2498],[-0.896 ,-0.0436, 0.0822,-0.4264],0.3511
2802,[-0.8959, 0.0254,-0.0849,-0.4295],[ 0.6297,17.6343,-0.6348, 6.4937,-0.9042],[-0.8973, 0.0346,-0.0912,-0.418 ],0.3558
2810,[-0.8973, 0.0716,-0.0404,-0.4334],[ 2.161 , 0.7688,50.9688, 1.3709, 0.623 ],[-0.8994, 0.0683,-0.0388,-0.4191],0.3734
2812,[-0.8982, 0.0873,-0.0932,-0.4432],[  1.8007,100.1351,  1.3821,  3.7663,  0.5142],[-0.9   , 0.0892,-0.0914,-0.4308],0.3421
2814,[-0.904 , 0.1428,-0.1817,-0.4627],[ 2.0584, 3.7088,-0.7644, 2.557 ,-0.394 ],[-0.9049, 0.151 ,-0.1869,-0.4507],0.2879
2820,[-0.8858,-0.0625, 0.0438,-0.4506],[ 0.0127, 1.4181, 0.1725, 1.5651,-0.2979],[-0.8879,-0.0608, 0.0413,-0.4392],0.3269
2821,[-0.8842,-0.0826, 0.0863,-0.4357],[ 1.0429,-0.3158, 1.9481, 3.4531, 0.5799],[-0.8859,-0.0841, 0.0855,-0.422 ],0.2901
2823,[-0.8958,-0.1473, 0.1865,-0.4266],[ 0.2364,-0.644 , 1.3557, 0.7103,-0.5457],[-0.8966,-0.1545, 0.1891,-0.4142],0.2543
2834,[-0.9079, 0.1806,-0.2081,-0.4292],[ 1.4508, 8.2886,-0.1317, 2.0357, 0.374 ],[-0.9088, 0.1874,-0.2113,-0.4164],0.274
2841,[-0.9021,-0.1941, 0.1457,-0.4199],[0.3155,0.6242,0.9453,0.9576,0.6158],[-0.9049,-0.1894, 0.1336,-0.4101],0.2958
2843,[-0.8962,-0.2012, 0.2004,-0.4463],[ 0.5692,-0.11  , 2.4109, 2.2159,-0.1299],[-0.8979,-0.2035, 0.1955,-0.4327],0.234
2845,[-0.9085,-0.2514, 0.3479,-0.3941],[-0.1735,-0.4813, 0.2554,-0.4645,-0.1662],[-0.9059,-0.2647, 0.3586,-0.3784],0.1561
2856,[-0.9102, 0.2953,-0.3571,-0.3795],[ 0.3325, 4.023 ,-0.0455, 0.6033,-0.5102],[-0.9087, 0.3049,-0.3635,-0.362 ],0.1432
2865,[-0.9091,-0.2862, 0.3763,-0.3781],[ 0.3975,-0.0982, 0.8476, 0.6425, 0.1275],[-0.9064,-0.2978, 0.3847,-0.3655],0.1292
2867,[-0.9041,-0.3672, 0.4467,-0.4322],[ 0.3736,-0.9077, 0.7334, 6.4557,-0.8459],[-0.9012,-0.3763, 0.4545,-0.4167],0.0441
2887,[-0.8892,-0.4148, 0.4859,-0.4263],[ 0.7969,-0.6405,12.2364, 1.3214,-0.6863],[-0.8864,-0.4213, 0.4883,-0.4099],-0.0277
2889,[-0.8868,-0.438 , 0.5106,-0.4267],[ 2.5026e+00,-1.0733e-01, 1.9029e+00, 1.0461e+02, 8.5420e-02],[-0.8838,-0.4438, 0.5121,-0.4093],-0.054
2900,[-0.8948, 0.026 , 0.0027,-0.689 ],[  1.9688,  0.7766,163.2116,  3.381 , -0.4481],[-0.8978, 0.0223, 0.0027,-0.6726],0.3907
2901,[-0.892 ,-0.0155, 0.0767,-0.712 ],[ 0.265 ,-0.5543,34.6991, 0.8635, 0.183 ],[-0.8947,-0.0252, 0.0815,-0.6955],0.3533
2902,[-0.8774, 0.0428,-0.0715,-0.8104],[-6.2339, 7.3804,-7.6798,-2.881 ,-8.1108],[-0.8806, 0.0481,-0.0754,-0.7956],0.2886
2910,[-0.8911, 0.0714,-0.0331,-0.7425],[  0.8572,  1.1783,  0.5948,314.2072, -1.5621],[-0.8946, 0.0664,-0.0226,-0.7244],0.3591
2912,[-0.8899, 0.0792,-0.0838,-0.7413],[-10.9456, -8.4938,-14.7988, 24.1735,-13.7709],[-0.893 , 0.0817,-0.0829,-0.7236],0.3209
2914,[-0.9064, 0.142 ,-0.1841,-0.5544],[ 0.1093,17.8649,-0.8676, 0.7156,-0.2945],[-0.9076, 0.1516,-0.1909,-0.5394],0.2964
2920,[-0.8845,-0.0676, 0.0404,-0.6302],[-1.0269,-1.1677,-0.0353, 1.5299,-2.1066],[-0.8874,-0.0647, 0.0347,-0.6148],0.3252
2921,[-0.8854,-0.0905, 0.1128,-0.7004],[ 0.7397,-0.4213,21.7358, 2.3249, 0.0227],[-0.888 ,-0.0956, 0.1147,-0.6868],0.2802
2923,[-0.8911,-0.1458, 0.1818,-0.6512],[ 0.8441,-1.1751, 3.0222, 3.2804,-0.9406],[-0.8927,-0.1539, 0.1867,-0.6369],0.2411
2934,[-0.9102, 0.1776,-0.2094,-0.545 ],[ 6.5518e-03, 1.7884e+00,-9.2995e-01, 1.4318e+01,-1.1285e+00],[-0.9114, 0.1863,-0.2134,-0.5336],0.2837
2943,[-0.8991,-0.1891, 0.2042,-0.5869],[-0.6447,-0.9293, 4.8078, 3.4642,-0.7893],[-0.9009,-0.1948, 0.2036,-0.5705],0.2449
2967,[-0.9042,-0.3637, 0.4524,-0.5766],[ 1.3533,-2.0264, 2.0938, 8.8492,-0.8765],[-0.9008,-0.3751, 0.463 ,-0.5595],0.0401
2987,[-0.896 ,-0.4   , 0.4858,-0.5257],[-5.2182e-02,-7.6182e-01, 1.6552e+00, 2.3981e+01, 1.4821e-02],[-0.8925,-0.4087, 0.4927,-0.5078],-0.0102
2989,[-0.8829,-0.4226, 0.5046,-0.5186],[ 1.1787,-0.1094, 0.9476,34.9444, 0.9013],[-0.8794,-0.4295, 0.5081,-0.5003],-0.0566
3300,[-0.8647, 0.0452,-0.0506, 0.1633],[ 0.431 , 1.1888, 1.4194,-1.5246, 1.4823],[-0.864 , 0.0456,-0.0514, 0.151 ],0.2355
3400,[-0.8637, 0.0471,-0.0443, 0.0444],[ 0.98  , 1.4689, 1.2111,-0.8485, 6.0569],[-0.8636, 0.0468,-0.0442, 0.032 ],0.2363
3402,[-0.8614, 0.0481,-0.0571, 0.0973],[-1.1371,-0.0614,-2.5025,-2.2051,-1.0054],[-0.861 , 0.0487,-0.0569, 0.083 ],0.221
3434,[-0.8645, 0.2514,-0.258 , 0.0198],[ 0.186 , 2.3675,-1.6784,-0.194 , 2.2885],[-0.8646, 0.251 ,-0.2474, 0.0144],0.0819
3436,[-0.866 , 0.2492,-0.2826, 0.0056],[ 1.6535, 2.6751,-2.283 ,-0.0442, 3.1102],[-0.8651, 0.2508,-0.2763, 0.0158],0.0723
3485,[-0.8624,-0.4105, 0.3205, 0.0027],[0.8553,0.1299,6.6559,0.9185,0.3845],[-0.8666,-0.4056, 0.2995, 0.0075],0.0068
3500,[-0.8627, 0.0452,-0.0339,-0.0505],[ 0.0129, 1.1925, 2.0467,-0.8285, 3.8605],[-0.863 , 0.0438,-0.0299,-0.0663],0.2408
3523,[-0.8658,-0.1651, 0.2107,-0.0413],[-0.5874,-2.3528, 1.6604, 0.9366, 0.1398],[-0.865 ,-0.1691, 0.2127,-0.0495],0.1283
3534,[-0.866 , 0.2475,-0.2159,-0.018 ],[ 1.0077, 6.3007,-0.4899, 0.0665, 0.4495],[-0.8673, 0.2441,-0.2   ,-0.0317],0.1113
3541,[-0.8661,-0.1881, 0.1622,-0.1073],[ 0.2129,-0.8514,-0.8699,-0.1665, 0.6305],[-0.8672,-0.1852, 0.1488,-0.0919],0.1542
3543,[-0.8637,-0.1796, 0.2065,-0.0919],[ 2.2405,-0.6812, 7.563 , 0.1398, 0.7277],[-0.8635,-0.182 , 0.2035,-0.1016],0.1224
3565,[-0.8648,-0.3676, 0.3651,-0.0679],[ 0.2672,-0.6159, 1.7418, 1.6082,-0.5115],[-0.8655,-0.3675, 0.353 ,-0.0544],-0.0018
3567,[-0.8652,-0.3646, 0.3936,-0.1086],[-0.3445,-1.7139, 1.8207,-0.5301,-0.224 ],[-0.8646,-0.3662, 0.3857,-0.0942],-0.0163
3585,[-0.8562,-0.4128, 0.3599,-0.0556],[ 1.5826,-0.4687, 4.0247, 3.1861, 0.2355],[-0.859 ,-0.4107, 0.3434,-0.0474],-0.0302
3587,[-0.8543,-0.4164, 0.4367,-0.0796],[ 0.4465,-0.782 , 7.0396, 0.3009,-0.494 ],[-0.8538,-0.4172, 0.4291,-0.0707],-0.0762
3600,[-0.8648, 0.031 ,-0.0114,-0.1633],[ 2.1544, 1.0398, 2.2904,-0.4098, 3.0298],[-0.8657, 0.0295,-0.0139,-0.179 ],0.2624
3643,[-0.8633,-0.1895, 0.1942,-0.1437],[ 0.42  ,-1.0998, 0.9304, 1.7851, 0.3977],[-0.8639,-0.19  , 0.1868,-0.1412],0.127
3687,[-0.8591,-0.4277, 0.4476,-0.1888],[ 0.7996,-0.8219,11.1094, 1.5687,-0.4218],[-0.8588,-0.4298, 0.4407,-0.1749],-0.0749
3720,[-0.8611,-0.06  , 0.0497,-0.3438],[-0.4262, 0.1927,-0.7013,-0.7609,-0.0714],[-0.8627,-0.0594, 0.0486,-0.3321],0.2263
3721,[-0.8311,-0.0612, 0.0566,-0.3662],[ 0.7114,-0.3191, 2.8058, 1.7781, 2.8142],[-0.8327,-0.0614, 0.0575,-0.3727],0.1217
3767,[-0.8644,-0.3858, 0.4478,-0.2555],[-0.1377,-0.6281, 0.0783, 0.2154,-1.3   ],[-0.8622,-0.3897, 0.4454,-0.2386],-0.0539
3787,[-0.8642,-0.4675, 0.476 ,-0.3068],[ 0.8697,-1.1237, 5.6352, 7.0193,-0.7241],[-0.8645,-0.4705, 0.4682,-0.2911],-0.0889
3800,[-0.8534, 0.0187,-0.0354,-0.468 ],[ 1.5675, 0.9281,11.1057, 1.9639, 0.6563],[-0.8555, 0.0209,-0.0381,-0.4644],0.2099
3801,[-0.854 ,-0.0428, 0.0847,-0.4631],[ 0.0786,-1.3337, 0.7057, 0.1863,-0.2513],[-0.8556,-0.048 , 0.0894,-0.4578],0.1912
3802,[-0.8406, 0.0456,-0.0686,-0.4523],[ 1.2994, 5.6566,-1.1396, 0.0954, 1.1123],[-0.8424, 0.0482,-0.0684,-0.4481],0.1545
3810,[-0.8575, 0.0688,-0.0382,-0.4835],[1.2823,0.1573,8.0911,0.4201,0.5393],[-0.8599, 0.0667,-0.0392,-0.4832],0.2174
3812,[-0.84  , 0.0765,-0.0868,-0.4848],[ 0.9764, 5.6606,-0.1029, 0.539 ,20.6765],[-0.842 , 0.0781,-0.0837,-0.4913],0.1375
3820,[-0.8553,-0.0645, 0.0419,-0.4589],[ 0.2033, 0.7409, 0.1772, 0.7893,-0.2747],[-0.8574,-0.0628, 0.0391,-0.4493],0.2093
3821,[-0.8513,-0.0715, 0.0723,-0.454 ],[ 0.3964,-0.1722, 2.3504, 2.3388, 1.2685],[-0.8532,-0.0723, 0.0713,-0.4465],0.1807
3889,[-0.8644,-0.4591, 0.5071,-0.402 ],[ 1.6695,-0.8657,12.5449, 1.9987,-0.7839],[-0.8626,-0.4633, 0.5036,-0.3852],-0.1036
3900,[-0.8393, 0.0055,-0.0287,-0.9411],[38.4944, 2.5462, 4.4855,37.013 , 0.0814],[-0.8433, 0.0083,-0.0316,-0.931 ],0.1767
3901,[-0.8501,-0.0254, 0.0762,-0.8691],[ 0.4218,-2.1892, 1.6117,12.2314,-1.7115],[-0.8535,-0.0319, 0.0812,-0.8514],0.1926
3902,[-0.8482, 0.0326,-0.0673,-0.896 ],[ -0.3205,129.527 , -1.5332,  1.4256, -0.6598],[-0.8518, 0.0372,-0.069 ,-0.8829],0.1898
3910,[-0.848 , 0.0701,-0.0498,-0.8108],[  2.2212,  0.7034,153.0552,  4.4904,  0.5517],[-0.8517, 0.0696,-0.051 ,-0.813 ],0.1842
3912,[-0.8458, 0.0774,-0.0877,-0.8186],[ 3.5636e+00, 5.6826e+02,-3.2738e-01, 3.2777e+00, 3.2520e-02],[-0.8492, 0.0798,-0.0858,-0.8196],0.1596
3914,[-0.8452, 0.1411,-0.1691,-0.6764],[ 0.0243, 1.2542,-1.5058, 0.0728,-0.545 ],[-0.8473, 0.1459,-0.1683,-0.6686],0.0994
3920,[-0.8446,-0.0692, 0.0484,-0.6719],[ 0.3395,11.4886, 0.599 , 3.029 ,-0.119 ],[-0.8477,-0.0684, 0.0485,-0.6626],0.172
3921,[-0.8466,-0.0723, 0.0761,-0.7028],[ 0.991 ,-0.3509,21.6633, 1.472 , 1.2329],[-0.8495,-0.0738, 0.0749,-0.692 ],0.1666
4800,[-0.8201,-0.0496, 0.054 ,-0.4987],[ 0.2691, 1.3673, 0.9391,-0.0062, 1.0647],[-0.8222,-0.051 , 0.0602,-0.4918],0.0922
4801,[-0.8222,-0.051 , 0.0602,-0.4918],[-0.3778,-0.673 , 0.0612,-0.5161,-0.8461],[-0.8243,-0.053 , 0.0675,-0.5098],0.0955
4802,[-0.8029, 0.0262,-0.0782,-0.4765],[-0.9352, 0.4065,-1.3401,-0.5298, 0.4692],[-0.8046, 0.0306,-0.0812,-0.4748],0.0421
4812,[-0.8151, 0.0689,-0.1078,-0.4544],[ 0.4269, 1.885 ,-0.5521,-0.1797, 0.9381],[-0.8166, 0.0726,-0.1082,-0.4599],0.0547
4820,[-0.8001,-0.0881, 0.0308,-0.4673],[-0.279 , 0.5718,-0.3047,-0.158 , 0.1824],[-0.8026,-0.0842, 0.0195,-0.466 ],0.0348
4821,[-0.813 ,-0.0592, 0.0567,-0.4685],[ 0.1105,-0.2093, 1.1281,-0.3219, 0.2879],[-0.8151,-0.0595, 0.0559,-0.4593],0.0703
4900,[-7.9907e-01,-8.9824e-03, 2.6898e-04,-9.3076e-01],[427.0335,  2.7623,  2.7155,  1.8963,  0.9994],[-0.8032,-0.008 ,-0.0044,-0.9379],0.0574
4901,[-0.7958,-0.0232, 0.0682,-0.9217],[-0.2948,-1.0575, 4.6626,-0.2293,-0.4031],[-0.7996,-0.0274, 0.0687,-0.9243],0.0328
4902,[-0.8014, 0.0174,-0.0752,-0.7773],[-8.2681e-01, 1.8404e+02,-1.0923e+00,-4.7404e-01,-1.7747e-01],[-0.8044, 0.0224,-0.0767,-0.7791],0.045
4910,[-0.8015, 0.0615,-0.049 ,-0.844 ],[ 0.2806, 0.1733,51.6012, 0.4417, 1.9518],[-0.8053, 0.0617,-0.0503,-0.8481],0.0445
4911,[-0.7847, 0.0649, 0.0575,-0.8663],[-2.24  ,-2.095 ,-1.2791,-1.2805,-1.8078],[-0.7886, 0.0567, 0.0554,-0.8854],0.0005
4912,[-0.8032, 0.0618,-0.0672,-0.8238],[  0.7686,110.759 , -0.5605,  1.2427,  2.1098],[-0.8068, 0.0632,-0.0659,-0.8276],0.0439
4920,[-0.7979,-0.0695, 0.0352,-0.8026],[0.4763,7.6174,0.1513,0.8349,1.9611],[-0.8016,-0.0679, 0.0359,-0.7942],0.0363
4921,[-0.8036,-0.0705, 0.0612,-0.7626],[ 0.3685,-0.5793, 7.9663, 0.7077, 2.5015],[-0.807 ,-0.0707, 0.0599,-0.7557],0.0441
4922,[-0.7872,-0.0605,-0.0605,-0.8581],[-1.0086,-1.1924,-1.763 ,-1.3197,-1.4118],[-0.7909,-0.0516,-0.0673,-0.8641],0.0048
4930,[-0.8003, 0.1771,-0.0494,-0.7947],[-0.6247,-1.2367,-0.5405,-0.3933,-1.4307],[-0.8055, 0.1707,-0.0573,-0.7755],0.0111
4932,[-0.792 , 0.1872,-0.0812,-0.7662],[0.7408,0.4726,0.3529,0.9954,0.9035],[-0.7973, 0.1812,-0.0666,-0.7757],-0.0142
4941,[-0.7889,-0.1758, 0.117 ,-0.7163],[0.6662,0.3888,1.068 ,1.2674,0.5268],[-0.7931,-0.1734, 0.1076,-0.7101],-0.0335
5800,[-0.7391, 0.0096, 0.0013,-0.4672],[ 0.0807,-0.1205, 0.3822,-1.1934, 1.0564],[-0.7413, 0.009 , 0.0019,-0.4806],-0.0929
5801,[-0.7373,-0.0514, 0.0641,-0.4618],[-0.4472,-0.9813,-0.0286,-0.7987, 0.0563],[-0.7393,-0.0525, 0.0649,-0.477 ],-0.1101
5802,[-0.746 , 0.0487,-0.064 ,-0.443 ],[-1.1303,-0.0394,-1.2731,-1.5425,-0.0197],[-0.7479, 0.0499,-0.0628,-0.4456],-0.0916
5821,[-0.7754,-0.1341, 0.0645,-0.4904],[ 0.4458,-0.5891, 0.5405,-0.3676, 0.3376],[-0.7786,-0.1296, 0.0475,-0.4839],-0.0405
5900,[-0.7558,-0.0091, 0.0199,-0.802 ],[ 1.6562e+00, 2.4098e+00, 6.4838e+02,-2.7362e-01, 2.3336e+00],[-0.7594,-0.0097, 0.0171,-0.8145],-0.0539
5901,[-0.7491,-0.0373, 0.0626,-0.7469],[ 2.0365e-02,-1.1935e+00, 4.3399e+01,-1.3421e-01, 1.3674e+00],[-0.7522,-0.0393, 0.0617,-0.7575],-0.0796
5902,[-0.7565, 0.0392,-0.0633,-0.7707],[ 0.1185,21.971 ,-1.0574,-0.1387, 0.3125],[-0.7597, 0.0413,-0.063 ,-0.7812],-0.0645
5910,[-0.7534, 0.0682,-0.027 ,-0.739 ],[ 0.2558,-0.4611, 2.8237,-1.1203,55.2289],[-0.757 , 0.0657,-0.0176,-0.7563],-0.0678
5911,[-0.7718, 0.066 , 0.0612,-0.9437],[-1.7606,-2.109 ,-0.8503,-2.0819,-1.5622],[-0.7761, 0.0576, 0.0624,-0.9638],-0.0319
5912,[-0.7486, 0.0688,-0.0659,-0.7068],[-0.046 ,22.7143,-0.8602,-0.1272, 3.4874],[-0.7518, 0.0692,-0.0618,-0.7162],-0.0866
5920,[-0.7618,-0.0687, 0.0382,-0.8063],[-1.5403,-1.3787,-1.2694,-2.2668,-1.0037],[-0.7656,-0.0672, 0.0325,-0.8125],-0.051
5921,[-0.7496,-0.0786, 0.0805,-0.7641],[ 0.2712,-0.6137,19.2575,-0.2843, 0.3622],[-0.7529,-0.0794, 0.0755,-0.7744],-0.0901
5922,[-0.7742,-0.0753,-0.067 ,-0.8866],[-1.0734,-1.1324,-1.7159,-1.1118,-1.6024],[-0.7783,-0.0664,-0.0606,-0.9067],-0.0285
5923,[-0.7402,-0.1492, 0.1862,-0.794 ],[-0.1037,-1.8371, 0.9689,-0.2733,-0.477 ],[-0.7424,-0.1531, 0.1866,-0.794 ],-0.1507
5932,[-0.7718, 0.2043,-0.1396,-0.7098],[0.5825,1.1906,0.6571,0.5089,0.9742],[-0.7764, 0.2019,-0.1241,-0.7287],-0.0824
5934,[-0.746 , 0.1921,-0.2079,-0.7399],[-0.0617, 1.8236,-0.9304, 0.0985, 0.9509],[-0.7484, 0.1948,-0.2036,-0.7394],-0.1523
5941,[-0.7624,-0.1801, 0.1486,-0.7137],[-0.0261, 0.3374, 0.8361, 0.5213, 1.3273],[-0.766 ,-0.1801, 0.1452,-0.7124],-0.103
5943,[-0.7495,-0.1749, 0.1777,-0.7408],[-0.2339,-1.435 , 2.6483, 0.8448, 0.1139],[-0.7523,-0.177 , 0.1743,-0.7345],-0.1353
6600,[-0.7013, 0.0359,-0.0508,-0.2397],[ 0.1048,-0.0356,-0.1863,-1.0553, 1.9462],[-0.7024, 0.0363,-0.0418,-0.2565],-0.1686
6602,[-0.6921, 0.0247,-0.0687,-0.248 ],[-0.4661,-0.0374,-1.0141,-0.562 , 0.0243],[-0.6929, 0.0267,-0.0647,-0.2512],-0.1864
6700,[-0.6974, 0.0126,-0.0054,-0.3473],[-0.3872,-0.7089, 1.2388,-1.209 , 4.5297],[-0.699 , 0.0122,-0.003 ,-0.3585],-0.1684
6701,[-0.695 ,-0.0154, 0.0775,-0.3508],[-1.1215,-2.2523, 0.3057,-2.0824, 0.3544],[-0.6961,-0.0184, 0.0781,-0.3628],-0.1823
6702,[-0.6984, 0.0313,-0.0741,-0.335 ],[-0.5361, 1.4133,-1.2009,-1.8325, 0.6237],[-0.6996, 0.0334,-0.0723,-0.3372],-0.178
6710,[-0.6988, 0.0782,-0.0181,-0.3169],[-0.3388,-0.17  , 0.2029,-0.7267, 0.4889],[-0.7006, 0.0754,-0.0124,-0.319 ],-0.1745
6712,[-0.697 , 0.069 ,-0.0699,-0.3186],[-0.5189, 0.9632,-0.5884,-0.7779, 0.8692],[-0.6984, 0.0692,-0.0659,-0.322 ],-0.1848
6800,[-0.7004, 0.0072,-0.0021,-0.4461],[-30.1307,-30.7495,-30.349 ,-31.8916,-29.4965],[-7.0239e-01, 6.9267e-03,-6.3099e-04,-4.5600e-01],-0.1623
6801,[-0.6994,-0.0183, 0.0817,-0.4546],[-7.7339,-8.4247,-6.2337,-8.7541,-6.9802],[-0.7009,-0.0217, 0.0837,-0.465 ],-0.1759
6802,[-0.6985, 0.0317,-0.0765,-0.4501],[-7.0462,-6.0706,-7.9581,-8.5093,-5.8903],[-0.7002, 0.034 ,-0.0756,-0.4575],-0.1777
6803,[-0.6903,-0.0472, 0.172 ,-0.4417],[-0.8674,-1.248 ,-0.5134,-0.9418,-0.5118],[-0.6903,-0.0532, 0.1707,-0.4586],-0.212
6810,[-0.7076, 0.0648,-0.035 ,-0.4622],[-0.4652,-0.8487,-0.6175,-1.5528, 1.252 ],[-0.7099, 0.0634,-0.0305,-0.4691],-0.1587
6812,[-0.7083, 0.0725,-0.0888,-0.4652],[-0.9458,-0.3911,-2.124 ,-2.2352, 0.611 ],[-0.7101, 0.0737,-0.0866,-0.4773],-0.1699
6814,[-0.7007, 0.1569,-0.1736,-0.4905],[-1.0508,-0.4051,-1.4293,-1.1085,-0.713 ],[-0.7024, 0.1582,-0.1644,-0.4724],-0.2111
6821,[-0.7036,-0.0739, 0.1238,-0.4528],[-0.6462,-1.4631,-0.4203,-1.7387, 0.2481],[-0.7049,-0.0769, 0.1251,-0.4643],-0.1856
6823,[-0.6902,-0.0644, 0.1835,-0.4885],[-0.5472,-1.5951, 0.1063,-1.0639,-0.0628],[-0.6904,-0.0701, 0.1781,-0.5051],-0.2159
6900,[-0.7139, 0.0148, 0.0075,-0.6223],[  0.9692,  0.5537,  2.8792, -0.7955,485.5501],[-0.7167, 0.0134, 0.0113,-0.6404],-0.1383
6901,[-0.7139,-0.0294, 0.0729,-0.61  ],[-0.236 ,-1.2505,36.7837,-0.8711, 0.2862],[-0.7163,-0.0319, 0.0716,-0.6229],-0.1493
6902,[-0.7098, 0.0333,-0.0711,-0.5969],[ 0.3392,41.4294,-1.2728,-1.2765, 2.85  ],[-0.7122, 0.0355,-0.0689,-0.6111],-0.1562
6910,[-0.7178, 0.069 ,-0.0451,-0.6282],[-0.5554,-1.0506,27.0712,-1.7904, 1.8214],[-0.7208, 0.0684,-0.0474,-0.6352],-0.1437
6912,[-0.714 , 0.0752,-0.0904,-0.6227],[-0.1222,29.9166,-2.0868,-1.8915, 1.1546],[-0.7165, 0.0765,-0.0858,-0.6333],-0.1595
6914,[-0.7086, 0.1284,-0.1916,-0.6469],[-1.2619,-0.6386,-2.0674, 0.0861,-0.8034],[-0.7097, 0.1326,-0.1918,-0.6397],-0.1999
6920,[-0.7283,-0.0666, 0.0428,-0.6894],[-0.7191,-0.5534,-1.3734,-1.4389,-0.1637],[-0.7316,-0.0653, 0.0334,-0.6874],-0.121
6921,[-0.7195,-0.0734, 0.1039,-0.6637],[-1.0748,-2.1834, 1.0574,-1.9204, 1.9015],[-0.7221,-0.0757, 0.1031,-0.6782],-0.1534
6923,[-0.7089,-0.1189, 0.1812,-0.7296],[-0.0233,-1.9665, 5.8812,-0.2443,-0.8587],[-0.7106,-0.1233, 0.1813,-0.7407],-0.1954
6941,[-0.7277,-0.1713, 0.1545,-0.7771],[-0.122 , 0.1356, 0.2644,-0.3101,-0.0585],[-0.7312,-0.1723, 0.1523,-0.7821],-0.1667
6943,[-0.7211,-0.1687, 0.1715,-0.7662],[-0.2203,-0.6936, 2.2831,-0.3884, 0.3953],[-0.7242,-0.1704, 0.1637,-0.7718],-0.18
7422,[-0.6695,-0.1377,-0.1212, 0.0213],[-4.1991,-3.5773,-6.3743,-4.8514,-2.8533],[-0.6697,-0.1274,-0.1266, 0.0122],-0.2446
7442,[-0.6662,-0.1831,-0.0922, 0.0186],[-3.1491,-2.4223,-4.6029,-3.3981,-1.6378],[-0.6676,-0.1722,-0.1013, 0.0162],-0.2501
7500,[-0.6701,-0.0024,-0.0333,-0.1084],[-0.8357,-1.6484,-1.1316,-2.0494, 0.3825],[-0.6706,-0.0012,-0.0263,-0.1148],-0.2108
7502,[-0.6669,-0.0287,-0.1144,-0.0994],[-3.549 ,-2.381 ,-5.0806,-4.6867,-2.4687],[-0.6667,-0.0232,-0.1075,-0.1089],-0.2312
7504,[-0.6613,-0.0366,-0.1762,-0.1055],[-4.3365,-2.8328,-5.6166,-4.4305,-3.4406],[-0.6598,-0.0284,-0.1747,-0.1173],-0.2498
7522,[-0.671 ,-0.1287,-0.1265,-0.0748],[-3.4304,-2.5952,-8.1236,-6.5565,-1.8961],[-0.6714,-0.1183,-0.1311,-0.0893],-0.2418
7524,[-0.6656,-0.0735,-0.1743,-0.0835],[-5.3994,-5.2154,-6.4142,-5.8089,-5.0899],[-0.6643,-0.0636,-0.1774,-0.0959],-0.2496
7542,[-0.6638,-0.197 ,-0.0796,-0.0111],[-18.6604,-16.3682,-20.6911,-20.0637,-17.0988],[-0.6654,-0.1879,-0.0875,-0.0184],-0.2531
7600,[-0.6728, 0.0036,-0.0219,-0.2077],[-2.1081,-2.725 ,-2.7545,-3.5834,-0.6521],[-0.6737, 0.004 ,-0.0141,-0.2214],-0.2068
7601,[-0.6758,-0.0088, 0.0688,-0.2378],[-1.6361,-2.6101,-0.8001,-2.7668,-1.4284],[-0.6766,-0.0111, 0.0594,-0.2541],-0.2079
7602,[-0.6702,-0.0338,-0.1261,-0.2122],[-22.1442,-20.7467,-24.4754,-23.8894,-21.2287],[-0.6703,-0.0273,-0.1205,-0.225 ],-0.2286
7604,[-0.6641,-0.0286,-0.1784,-0.2099],[-16.4264,-14.601 ,-17.4349,-16.4921,-14.7998],[-0.663 ,-0.0203,-0.1773,-0.219 ],-0.2457
7622,[-0.6723,-0.0815,-0.1437,-0.1679],[-6.4818,-4.2267,-9.9437,-8.2573,-4.3715],[-0.6721,-0.0722,-0.1444,-0.1828],-0.236
7624,[-0.6696,-0.0714,-0.1743,-0.1897],[-6.9945,-6.4011,-8.892 ,-7.4428,-6.3575],[-0.6687,-0.0613,-0.1775,-0.2014],-0.2438
7700,[-0.6787, 0.0042,-0.0174,-0.3303],[-15.7656,-16.6007,-16.8383,-17.82  ,-15.3166],[-0.6801, 0.0044,-0.0091,-0.3424],-0.1968
7701,[-0.6823,-0.0071, 0.078 ,-0.3293],[-3.1623,-4.5047,-1.6036,-4.1283,-2.616 ],[-0.6834,-0.0103, 0.0769,-0.3402],-0.2008
7702,[-0.6724,-0.008 ,-0.1073,-0.3067],[-21.4826,-19.909 ,-23.469 ,-23.3095,-20.2206],[-0.6731,-0.0033,-0.0987,-0.3205],-0.2189
7703,[-0.6839,-0.0264, 0.1732,-0.3053],[-1.0886,-1.6334,-0.9992,-1.2841,-1.3883],[-0.6837,-0.0322, 0.1541,-0.3215],-0.2155
7704,[-0.6623,-0.004 ,-0.1842,-0.2981],[-12.786 ,-11.8606,-14.8462,-13.9435,-12.8562],[-0.6614, 0.0036,-0.1821,-0.3088],-0.2471
7710,[-0.6796, 0.0733,-0.0233,-0.33  ],[-0.907 ,-1.5373,-0.5367,-1.9744,-0.2104],[-0.6814, 0.071 ,-0.0167,-0.3319],-0.2056
7712,[-0.6602, 0.0644,-0.1067,-0.335 ],[-0.7006, 0.293 ,-2.2985,-1.959 , 0.5496],[-0.6613, 0.0658,-0.0931,-0.3416],-0.2412
7800,[-0.6826, 0.0103,-0.0124,-0.4193],[-60.2614,-60.4013,-60.6464,-61.625 ,-59.8449],[-0.6845, 0.0102,-0.0071,-0.4311],-0.191
7801,[-0.6853,-0.0085, 0.0886,-0.4333],[-7.3328,-8.2553,-6.2012,-8.3425,-6.9478],[-0.6866,-0.0126, 0.0942,-0.4439],-0.1991
7802,[-0.6787, 0.0215,-0.0866,-0.4215],[-28.2901,-27.4627,-29.7209,-29.7605,-28.0657],[-0.6801, 0.0245,-0.0817,-0.4336],-0.208
7803,[-0.6856,-0.0335, 0.1769,-0.4477],[-0.7361,-1.6088,-0.8229,-1.2786,-1.1649],[-0.6857,-0.0397, 0.1637,-0.464 ],-0.2153
7804,[-0.6667, 0.0388,-0.1809,-0.4302],[-1.9156,-0.4359,-3.3052,-2.2421,-1.8006],[-0.6664, 0.0451,-0.1812,-0.4445],-0.2446
7810,[-0.6715, 0.0662,-0.0286,-0.457 ],[-2.5748,-3.4964,-2.7393,-3.5012,-1.7964],[-0.6738, 0.0646,-0.0231,-0.4659],-0.2146
7812,[-0.6717, 0.0731,-0.0987,-0.4368],[-2.9672,-1.5116,-4.0251,-3.9657,-2.0207],[-0.6733, 0.0743,-0.0904,-0.4406],-0.2262
7814,[-0.6629, 0.0619,-0.1843,-0.4811],[-1.7344,-0.606 ,-3.4518,-2.6782,-1.3108],[-0.6629, 0.0674,-0.1841,-0.4977],-0.2527
7821,[-0.6874,-0.0633, 0.1374,-0.4713],[-0.2089,-1.0793, 0.0483,-0.79  ,-0.1943],[-0.6884,-0.0671, 0.1356,-0.469 ],-0.2113
7900,[-0.6845, 0.0353,-0.0197,-0.5248],[-13.3502,-13.5136,-13.2905,-13.7154,-12.8738],[-0.6868, 0.0347,-0.0163,-0.5356],-0.1926
7901,[-6.8417e-01,-3.2332e-04, 9.9253e-02,-5.5751e-01],[-3.7785,-4.6589,-2.2658,-4.1713,-3.3446],[-0.6858,-0.0054, 0.1054,-0.5699],-0.2026
7902,[-0.685 , 0.0403,-0.0855,-0.5242],[-5.9068,-5.3143,-6.7049,-6.6135,-5.5074],[-0.6869, 0.0426,-0.0827,-0.5361],-0.2011
7903,[-0.6717, 0.0065, 0.1723,-0.5418],[-1.3069,-2.4247,-0.9273,-1.2936,-1.3141],[-0.6724,-0.0009, 0.1549,-0.5573],-0.2266
7910,[-0.6755, 0.0721,-0.0321,-0.5629],[-1.5377,-3.681 ,-1.6724,-3.8649,-2.0866],[-0.6783, 0.0705,-0.0283,-0.5746],-0.2104
7912,[-0.6774, 0.0834,-0.1061,-0.5772],[-2.4957,-1.1406,-3.9168,-3.9654,-2.1255],[-0.6796, 0.0848,-0.1013,-0.5836],-0.2208
7914,[-0.6748, 0.0884,-0.186 ,-0.5757],[-1.2812, 2.73  ,-2.5375,-1.0803,-0.3277],[-0.6753, 0.0933,-0.1841,-0.5849],-0.2406
7921,[-0.6876,-0.0597, 0.1412,-0.5435],[-0.5685,-0.698 , 1.2246,-0.5939, 1.3688],[-0.6886,-0.064 , 0.142 ,-0.5267],-0.2115
8704,[-0.6421, 0.0469,-0.2052,-0.3196],[-0.9477,-0.2084,-2.6074,-0.925 , 0.2008],[-0.6409, 0.0529,-0.1989,-0.3288],-0.2786
8712,[-0.6411, 0.083 ,-0.1296,-0.3335],[-0.4872,-0.4396,-2.1237,-2.4398,-0.4244],[-0.642 , 0.0848,-0.1208,-0.3446],-0.2715
8714,[-0.6386, 0.0666,-0.1928,-0.3444],[-1.48  , 0.7868,-3.699 ,-2.2305,-0.6686],[-0.6378, 0.0715,-0.1887,-0.3464],-0.283
8804,[-0.6436, 0.053 ,-0.22  ,-0.3848],[-1.0402,-0.1727,-1.0999,-0.6919,-0.3729],[-0.6423, 0.0594,-0.2148,-0.3944],-0.28
8812,[-0.6401, 0.0924,-0.1287,-0.4357],[-1.6283,-0.9312,-2.3899,-2.4556,-1.2173],[-0.6416, 0.0937,-0.1129,-0.4451],-0.272
8814,[-0.639 , 0.074 ,-0.1908,-0.4052],[-1.5226, 0.9248,-2.8562,-1.6414,-0.7667],[-0.6388, 0.0785,-0.1816,-0.4123],-0.282
