100,[-0.9586,-0.0158, 0.0023, 0.3864],[1.0075,2.5223,0.3849,0.8147,1.2405],[-9.5683e-01,-1.1616e-02,-7.9434e-04, 3.9301e-01],0.2963
101,[-0.9593,-0.0391, 0.0785, 0.3877],[ 0.5143,-0.4125, 0.5236, 0.35  , 0.3828],[-0.9572,-0.0508, 0.099 , 0.3936],0.2511
102,[-0.9559, 0.0096,-0.0717, 0.4038],[ 0.0055, 0.9787, 0.0064,-0.3501, 0.6365],[-0.9536, 0.0284,-0.1025, 0.3901],0.2725
110,[-0.9572, 0.0609,-0.0513, 0.3808],[0.0789,0.0805,0.9337,0.2544,0.2589],[-0.9556, 0.0541,-0.0377, 0.3889],0.2809
120,[-0.9619,-0.0602, 0.045 , 0.3817],[ 0.0582, 0.7053,-0.1425, 0.1105, 0.5228],[-0.9603,-0.0511, 0.0295, 0.3899],0.2674
121,[-0.9571,-0.0733, 0.0915, 0.39  ],[1.0802,0.3474,2.0939,0.4028,0.4807],[-0.9552,-0.0739, 0.0871, 0.4004],0.254
200,[-9.6206e-01, 3.5115e-03, 9.1061e-04, 2.9803e-01],[19.1837, 1.0275, 2.0345, 1.731 , 0.0318],[-0.9607, 0.0019, 0.0023, 0.3062],0.2789
201,[-0.9627,-0.0376, 0.0768, 0.2884],[-0.029 ,-0.9456, 1.9039,-0.0718,-0.8184],[-0.961 ,-0.0492, 0.0887, 0.2956],0.2419
202,[-0.9637, 0.0433,-0.0686, 0.286 ],[-1.1246, 1.0471,-1.5172,-0.5379,-0.7295],[-0.9622, 0.0498,-0.0745, 0.2971],0.2429
210,[-0.962 , 0.0695,-0.035 , 0.2818],[-0.4603,-0.8106, 2.9667,-0.2178,-0.286 ],[-0.9609, 0.0554,-0.019 , 0.2881],0.2667
212,[-0.9629, 0.0986,-0.0977, 0.2882],[0.5706,9.2044,1.0687,1.5511,1.5345],[-0.9617, 0.0937,-0.0885, 0.2973],0.2218
214,[-0.9602, 0.1441,-0.1716, 0.2734],[ 0.7591, 1.3201,-0.473 ,-0.0014, 0.0508],[-0.9587, 0.1459,-0.1689, 0.2858],0.1792
220,[-0.9615,-0.0757, 0.0321, 0.3069],[-0.2642, 3.3895,-1.1702,-0.8926,-0.4765],[-0.9604,-0.06  , 0.0182, 0.317 ],0.2673
221,[-0.9642,-0.0932, 0.097 , 0.2965],[ 2.9504, 1.4743,11.6565, 3.2316, 0.5698],[-0.9629,-0.09  , 0.091 , 0.307 ],0.2182
223,[-0.9587,-0.0779, 0.1729, 0.3026],[ 0.6371,-0.9081, 1.2317, 0.3374, 0.0495],[-0.9555,-0.1029, 0.2103, 0.3167],0.1908
232,[-0.9615, 0.171 ,-0.1566, 0.2722],[ 0.3884,-0.4339, 0.378 , 0.3727,-0.0173],[-0.9609, 0.1597,-0.1381, 0.277 ],0.1786
234,[-0.9627, 0.1935,-0.1944, 0.2707],[ 1.0881, 2.6658,-0.2022, 1.8613, 0.5667],[-0.9618, 0.1868,-0.1831, 0.2716],0.1468
241,[-0.9622,-0.1859, 0.1366, 0.2746],[-0.0675, 2.1795,-0.8282, 0.0262,-0.7111],[-0.9619,-0.1676, 0.1236, 0.2852],0.1781
243,[-0.9596,-0.1927, 0.1835, 0.2624],[ 2.0049,-0.312 , 3.0666, 2.7295, 0.3199],[-0.959 ,-0.1827, 0.1662, 0.2693],0.1646
300,[-9.6748e-01, 4.7388e-04, 3.5850e-03, 1.9074e-01],[1.8638,6.4624,4.8961,2.2439,0.877 ],[-9.6658e-01,-6.7693e-04, 4.6654e-03, 2.0076e-01],0.2561
301,[-0.9626,-0.0394, 0.0695, 0.1929],[-0.9114,-1.791 , 0.976 ,-0.483 ,-1.3206],[-0.9615,-0.0483, 0.077 , 0.2015],0.2454
302,[-0.9708, 0.041 ,-0.0707, 0.1909],[-1.288 , 0.6877,-1.8725,-0.4292,-1.7309],[-0.9697, 0.0515,-0.0782, 0.2025],0.2138
310,[-0.966 , 0.071 ,-0.034 , 0.1911],[-1.0297,-1.3422, 1.0092,-0.7561,-1.8549],[-0.9653, 0.0542,-0.0143, 0.2033],0.2513
312,[-0.9678, 0.1077,-0.1078, 0.1875],[ 1.0483,13.073 , 1.4686, 5.3457, 0.2249],[-0.967 , 0.1035,-0.1   , 0.2   ],0.195
314,[-0.9657, 0.1551,-0.1754, 0.1697],[-0.1215, 2.9841,-0.2128, 0.0842,-0.6109],[-0.9646, 0.1575,-0.1756, 0.1809],0.1525
320,[-0.9653,-0.0748, 0.0373, 0.192 ],[-0.7468, 1.1471,-1.6417,-1.3765,-1.871 ],[-0.9646,-0.0586, 0.0218, 0.2047],0.2493
321,[-0.9652,-0.1132, 0.1088, 0.1821],[ 1.5373, 0.4881, 2.9224,11.0101, 0.0299],[-0.9644,-0.1082, 0.1034, 0.1957],0.2007
323,[-0.9597,-0.1353, 0.1774, 0.1627],[-0.4397,-1.6802, 1.4601, 0.1485,-0.6673],[-0.9583,-0.1432, 0.1801, 0.1724],0.177
332,[-0.9664, 0.1774,-0.1503, 0.1803],[-0.7746,-1.2958, 0.4842,-0.4633,-1.4242],[-0.9662, 0.162 ,-0.1289, 0.194 ],0.1637
334,[-0.9675, 0.1969,-0.2045, 0.1737],[ 0.8334, 5.4532, 0.8586, 2.7015,-0.0229],[-0.9668, 0.1933,-0.1976, 0.1861],0.1232
336,[-0.964 , 0.2624,-0.3231, 0.1352],[ 0.9257, 1.5919,-1.0724, 1.7769,-0.1405],[-0.9616, 0.2714,-0.3314, 0.1348],0.0549
341,[-0.9655,-0.192 , 0.1388, 0.1862],[-0.4   , 2.6071,-1.5224,-0.039 ,-1.2037],[-0.9657,-0.1698, 0.1172, 0.1999],0.1668
343,[-0.9654,-0.2248, 0.2125, 0.1742],[ 0.4366, 0.6412, 3.982 , 7.7757,-0.0989],[-0.9651,-0.2151, 0.2005, 0.1872],0.1185
345,[-0.9569,-0.2625, 0.2901, 0.1533],[ 0.4231,-1.028 , 1.5146, 0.3052,-0.4659],[-0.9558,-0.2628, 0.2844, 0.1679],0.0941
356,[-0.9585, 0.293 ,-0.3525, 0.1369],[ 1.2709, 1.5113,-0.3293, 1.9281,-0.6098],[-0.9561, 0.2985,-0.3553, 0.1318],0.0497
358,[-0.9564, 0.319 ,-0.3927, 0.1402],[ 0.8328, 1.7449,-0.8552, 0.4714,-0.3917],[-0.9536, 0.3235,-0.3903, 0.1532],0.0317
363,[-0.9634,-0.2923, 0.2477, 0.156 ],[-0.9578,-0.4214,-1.7066,-0.7747,-1.9123],[-0.9644,-0.2735, 0.2219, 0.1701],0.0896
365,[-0.9696,-0.3191, 0.308 , 0.1476],[ 1.3104,-0.8278, 2.3851, 3.0724,-0.7861],[-0.9699,-0.3074, 0.2892, 0.1621],0.0355
400,[-0.969 ,-0.0035, 0.0062, 0.0682],[ 0.0804, 0.0818, 2.0672,10.933 , 0.1001],[-0.9686,-0.0026, 0.0038, 0.0813],0.2463
401,[-0.9642,-0.0337, 0.0723, 0.0642],[-0.4148,-1.5006, 0.0657,-0.4932,-1.5113],[-0.9636,-0.0467, 0.0827, 0.0737],0.2363
402,[-0.9708, 0.0361,-0.0794, 0.0535],[-0.9536, 2.1013,-1.5641,-0.3043,-1.4488],[-0.9701, 0.0557,-0.0991, 0.0681],0.2027
410,[-0.967 , 0.0736,-0.0322, 0.0635],[-0.7877,-1.1164, 1.1501,-1.2269,-1.1096],[-0.9669, 0.0559,-0.0137, 0.0749],0.2432
412,[-0.9704, 0.1028,-0.109 , 0.0625],[ 0.8867, 1.1228, 0.574 ,11.5867,-0.0763],[-0.97  , 0.1032,-0.1064, 0.0776],0.1823
414,[-0.9706, 0.1521,-0.179 , 0.0632],[-0.473 , 1.3042,-0.866 , 1.3716,-1.3175],[-0.9697, 0.1604,-0.1847, 0.0772],0.1316
420,[-0.9694,-0.0749, 0.0378, 0.0691],[-0.8507, 1.212 ,-1.5211,-0.8124,-1.3549],[-0.9693,-0.0574, 0.0216, 0.0818],0.2328
421,[-0.968 ,-0.114 , 0.1129, 0.0605],[ 0.3693, 1.0707, 2.2066, 8.6793,-0.5587],[-0.9677,-0.1109, 0.1086, 0.0747],0.1865
422,[-0.9645,-0.0626,-0.0625, 0.0679],[-0.163 , 0.1334,-0.5986,-0.1511,-0.3023],[-0.964 ,-0.021 ,-0.0883, 0.0825],0.242
423,[-0.9658,-0.1535, 0.1817, 0.0475],[-0.6475,-1.2919, 0.4727, 0.5   ,-1.3403],[-0.965 ,-0.1617, 0.188 , 0.0594],0.1448
432,[-0.9691, 0.1798,-0.1431, 0.0538],[-1.1864,-1.7051,-0.032 ,-0.7885,-1.5445],[-0.9695, 0.1633,-0.1257, 0.0686],0.1538
434,[-0.9719, 0.2056,-0.2103, 0.0644],[ 0.3474, 1.7479,-0.7118, 3.6765,-0.7779],[-0.9715, 0.2043,-0.2073, 0.0784],0.1006
436,[-0.9651, 0.2472,-0.299 , 0.0846],[-0.0795, 1.5753,-0.9957, 0.6847,-0.5814],[-0.963 , 0.2592,-0.3124, 0.0995],0.0639
441,[-0.9688,-0.1868, 0.146 , 0.0534],[-1.4424, 0.567 ,-1.4967,-0.8319,-2.0766],[-0.9694,-0.1663, 0.1237, 0.0675],0.1536
443,[-0.97  ,-0.2092, 0.2142, 0.0563],[ 0.299 ,-0.9613, 3.33  , 3.1562,-1.2367],[-0.9697,-0.2067, 0.2077, 0.0699],0.1051
445,[-0.9679,-0.2551, 0.2922, 0.0561],[ 0.3241,-1.1132, 0.9116, 1.0933,-0.8139],[-0.9666,-0.2616, 0.2955, 0.0686],0.0593
454,[-0.9721, 0.295 ,-0.2501, 0.029 ],[-1.3746,-1.5341,-0.5649,-1.2747,-1.8702],[-0.9732, 0.2798,-0.2393, 0.044 ],0.055
456,[-0.9672, 0.2988,-0.358 , 0.0759],[-0.8448, 0.2768,-1.2833, 0.7158,-1.803 ],[-0.9651, 0.3044,-0.3546, 0.0907],0.023
463,[-0.9647,-0.2951, 0.2465, 0.0517],[-1.3791,-1.03  ,-1.9092,-1.1486,-2.8042],[-0.9661,-0.2782, 0.2274, 0.0646],0.0805
465,[-0.9649,-0.3184, 0.3295, 0.0572],[ 0.5567,-1.2918, 1.123 , 2.1739,-1.8478],[-0.9645,-0.3174, 0.3242, 0.0711],0.0318
467,[-0.9703,-0.3652, 0.3968, 0.0363],[ 1.0952,-1.033 , 1.652 , 1.1447,-1.2363],[-0.9691,-0.3675, 0.3956, 0.0509],-0.0259
500,[-0.9711, 0.0077,-0.0021,-0.062 ],[ 2.0753, 2.848 ,14.6492, 1.4587,-1.112 ],[-0.9713, 0.0071,-0.0053,-0.0488],0.2359
501,[-0.968 ,-0.0346, 0.0804,-0.0696],[-0.0717,-1.2474, 1.604 , 0.2308,-1.159 ],[-0.9679,-0.0545, 0.0966,-0.0567],0.2125
502,[-0.9725, 0.0381,-0.0773,-0.0562],[-0.4268, 3.8274,-0.4715,-0.0859,-1.104 ],[-0.9723, 0.0611,-0.1034,-0.0424],0.1917
510,[-0.9662, 0.0843,-0.0269,-0.0712],[-1.036 ,-1.1046, 2.4016,-0.0661,-1.6553],[-0.9668, 0.0607,-0.0037,-0.0578],0.2418
511,[-0.9813, 0.0667, 0.0723,-0.1133],[-0.0762,-0.3783, 0.059 ,-0.2432,-0.1243],[-0.9811,-0.0255, 0.1485,-0.0971],0.158
512,[-0.9713, 0.1062,-0.1111,-0.0585],[-0.7523, 5.5939,-0.4562,10.1299,-1.0762],[-0.9715, 0.1084,-0.1102,-0.0437],0.174
514,[-0.9727, 0.1496,-0.1851,-0.0629],[-0.9637, 1.6626,-0.6322, 0.0857,-1.0101],[-0.9721, 0.1642,-0.1955,-0.0491],0.1184
520,[-0.9735,-0.0681, 0.0382,-0.0613],[-0.272 , 0.324 ,-0.7488,-0.175 ,-1.7789],[-0.9739,-0.0514, 0.0202,-0.0457],0.2195
521,[-0.9681,-0.0995, 0.1135,-0.0627],[ 0.1908, 0.3723, 0.5035,15.6665,-0.7408],[-0.9681,-0.1045, 0.1161,-0.0475],0.1846
523,[-0.9672,-0.1428, 0.1891,-0.0592],[-0.1415,-1.0504, 1.7875,-0.2763,-1.6274],[-0.9664,-0.1619, 0.206 ,-0.0454],0.134
532,[-0.965 , 0.1889,-0.1332,-0.0771],[-1.7524,-2.4758,-0.4696,-1.4984,-2.4942],[-0.9663, 0.1687,-0.1126,-0.0633],0.1672
534,[-0.9688, 0.2042,-0.2055,-0.0519],[-0.1104, 1.481 ,-1.4002, 0.7821,-1.9698],[-0.969 , 0.2055,-0.2046,-0.0375],0.1089
536,[-0.9651, 0.2303,-0.2988,-0.0932],[ 0.0388, 0.5719,-1.2577, 0.773 ,-0.8086],[-0.9632, 0.2472,-0.3106,-0.0785],0.0689
541,[-0.9685,-0.1817, 0.1479,-0.051 ],[-0.5183, 0.7055,-1.0579,-0.9333,-1.1982],[-0.9693,-0.1666, 0.1319,-0.0368],0.1504
543,[-0.9695,-0.2211, 0.224 ,-0.0612],[ 0.8768,-1.0513, 0.9066, 5.4238,-1.9117],[-0.9696,-0.2225, 0.2222,-0.0471],0.0943
545,[-0.9677,-0.2551, 0.2989,-0.053 ],[ 0.1092,-1.1757, 1.2258, 1.2525,-1.7721],[-0.9665,-0.2682, 0.3092,-0.0387],0.0519
554,[-0.9657, 0.3068,-0.2453,-0.0129],[-1.9226,-2.5976,-1.5402,-1.7586,-3.1539],[-0.9678, 0.2885,-0.2214, 0.0022],0.0741
556,[-0.9683, 0.3236,-0.3125,-0.0554],[-1.6911,-0.1359,-1.4362, 0.0464,-2.5213],[-0.9689, 0.3219,-0.3066,-0.041 ],0.0249
563,[-0.9729,-0.2904, 0.2676,-0.0792],[-0.9518,-0.7791,-1.0898,-0.7636,-2.0455],[-0.9738,-0.2851, 0.2617,-0.0672],0.0433
565,[-0.9664,-0.317 , 0.3316,-0.0556],[ 0.3211,-1.6184, 2.0018, 1.6704,-2.4831],[-0.966 ,-0.321 , 0.3334,-0.042 ],0.0229
567,[-0.9586,-0.3596, 0.4122,-0.0655],[ 0.5355,-0.2677, 5.7177, 2.4444,-0.5182],[-0.9566,-0.367 , 0.4182,-0.0503],-0.0053
600,[-0.9685, 0.0079, 0.0043,-0.1883],[ 0.4253, 0.203 ,-0.1617,17.5277,-1.2251],[-0.9692, 0.0037, 0.0064,-0.1723],0.2441
601,[-0.9654,-0.0326, 0.0778,-0.1729],[ 0.0709,-0.7293, 3.3652,-0.7932,-1.3769],[-0.9657,-0.0531, 0.0967,-0.1571],0.2208
602,[-0.9718, 0.0365,-0.0727,-0.1686],[ 0.2625, 0.7647,-0.8362,-0.5649,-1.323 ],[-0.972 , 0.0584,-0.0996,-0.1523],0.1948
603,[-0.9784,-0.0473, 0.1713,-0.2137],[-0.0476,-0.6656,-0.1619,-0.0127, 0.1109],[-0.9772,-0.1164, 0.2257,-0.1985],0.1092
610,[-0.9683, 0.0815,-0.029 ,-0.186 ],[-1.8209,-2.5261,-0.5933,-1.0429,-2.7102],[-0.9693, 0.057 ,-0.0052,-0.1719],0.2324
612,[-0.9694, 0.1163,-0.1049,-0.1822],[-0.018 , 2.0992,-0.03  , 3.5205,-2.0128],[-0.9703, 0.1127,-0.1007,-0.167 ],0.18
614,[-0.9685, 0.1421,-0.1858,-0.1616],[-0.4416, 0.366 ,-0.7253, 0.4244,-0.9254],[-0.9682, 0.1596,-0.1976,-0.1457],0.1315
620,[-0.9691,-0.0754, 0.037 ,-0.1644],[-0.1616, 1.1839,-0.5184,-0.2381,-1.2959],[-0.97  ,-0.0537, 0.0059,-0.1482],0.2333
621,[-0.9685,-0.0981, 0.1118,-0.1829],[-0.0608,-0.7152, 0.4404, 8.9533,-1.0382],[-0.969 ,-0.1046, 0.1151,-0.167 ],0.1818
623,[-0.969 ,-0.1452, 0.1924,-0.1892],[ 0.771 ,-0.8219, 2.3774, 0.8436,-1.5071],[-0.9685,-0.1682, 0.2135,-0.1745],0.1214
632,[-0.9689, 0.1977,-0.13  ,-0.1934],[-3.4244,-4.4262,-1.5157,-2.9986,-4.4093],[-0.971 , 0.1715,-0.105 ,-0.1779],0.1533
634,[-0.9674, 0.2289,-0.2049,-0.1939],[-3.6251,-2.6638,-4.0246,-2.2626,-4.9125],[-0.9688, 0.2236,-0.1958,-0.1803],0.106
636,[-0.9695, 0.2736,-0.283 ,-0.1918],[-0.3849, 0.7279,-0.3031, 0.1086,-0.8752],[-0.9696, 0.2836,-0.2957,-0.1766],0.0422
641,[-0.9667,-0.1817, 0.1313,-0.2332],[-0.4763,-0.3851,-0.525 ,-0.5603,-0.4642],[-0.9687,-0.1629, 0.1025,-0.2172],0.1653
643,[-0.9684,-0.2159, 0.2321,-0.1777],[ 0.5099,-0.6544, 1.6967, 6.566 ,-1.9293],[-0.9686,-0.2255, 0.2384,-0.1621],0.0896
645,[-0.9653,-0.2471, 0.3092,-0.1948],[ 0.1566, 0.1531, 1.2255, 7.6169,-0.9515],[-0.9637,-0.2675, 0.3268,-0.1785],0.0527
654,[-0.9644, 0.2914,-0.222 ,-0.2025],[-5.2718,-5.4788,-5.3785,-4.9927,-6.5693],[-0.9672, 0.2729,-0.1994,-0.1864],0.0902
656,[-0.9654, 0.3233,-0.3033,-0.1892],[-2.726 ,-3.0044,-3.2154,-1.6881,-4.5272],[-0.9668, 0.3233,-0.2986,-0.1738],0.0334
663,[-0.9679,-0.2956, 0.2723,-0.1473],[-0.2925,-0.8111,-0.7614,-0.4065,-0.7565],[-0.9689,-0.2944, 0.274 ,-0.1313],0.0485
665,[-0.9641,-0.3108, 0.3325,-0.1757],[-0.5713,-0.7202,-0.122 , 6.0641,-1.2216],[-0.9637,-0.319 , 0.3376,-0.1592],0.0278
667,[-0.9625,-0.3284, 0.4055,-0.1471],[ 2.1073,-0.3735,11.6223, 1.0219,-0.5191],[-0.9597,-0.3436, 0.4185,-0.1311],-0.0034
700,[-0.9649, 0.0172, 0.0027,-0.3104],[-0.8439,-1.1863, 0.1624, 5.7486,-1.9996],[-0.9662, 0.0096, 0.0085,-0.2937],0.2565
701,[-0.9654,-0.0329, 0.0777,-0.3149],[ 0.3879, 0.1123, 0.4957, 6.3577,-1.2841],[-0.9662,-0.0544, 0.0995,-0.2982],0.2169
702,[-0.9673, 0.0484,-0.0597,-0.3128],[-0.2096, 0.3507,-0.5721, 0.2398,-1.1507],[-0.9685, 0.0568,-0.0688,-0.2957],0.22
710,[-0.9623, 0.072 ,-0.0308,-0.3161],[-0.953 ,-1.4121, 1.5338,-1.5246,-1.8743],[-0.9639, 0.057 ,-0.017 ,-0.3013],0.2511
712,[-0.9644, 0.1113,-0.0942,-0.3061],[-6.0634,-4.136 ,-5.8359,-4.7067,-7.5779],[-0.9659, 0.1081,-0.0907,-0.2905],0.2007
720,[-0.9593,-0.0643, 0.0502,-0.2918],[-0.522 , 0.3807,-0.4209, 0.0159,-0.3425],[-0.9607,-0.0584, 0.0377,-0.2751],0.2596
721,[-0.9652,-0.089 , 0.1136,-0.2967],[-0.5509,-0.7709, 1.3728, 5.2753,-1.9974],[-0.9661,-0.1022, 0.1247,-0.2806],0.1891
723,[-0.9642,-0.1336, 0.1963,-0.3081],[-0.481 ,-0.1924, 1.9105,11.5874,-0.2364],[-0.9638,-0.1609, 0.2238,-0.291 ],0.1347
725,[-0.9661,-0.1623, 0.2977,-0.2933],[-0.2566,-0.1875, 0.1842,-0.091 ,-0.1669],[-0.9632,-0.2054, 0.3265,-0.2762],0.0785
732,[-0.9638, 0.1881,-0.1455,-0.3057],[-5.2736,-5.4976,-3.872 ,-5.0238,-6.2785],[-0.9658, 0.1767,-0.1335,-0.2902],0.1568
734,[-0.9637, 0.2352,-0.2125,-0.3054],[ -9.2923, -8.4844,-10.2485, -8.1138,-10.9618],[-0.9655, 0.2343,-0.2079,-0.2896],0.107
736,[-0.9557, 0.2558,-0.2833,-0.355 ],[-0.0521, 0.5577, 0.0536, 0.5284,-1.0255],[-0.9555, 0.2708,-0.3026,-0.3376],0.0841
741,[-0.9595,-0.2165, 0.1365,-0.2617],[-0.1666,-0.2263,-0.2071,-0.115 ,-0.2171],[-0.962 ,-0.2002, 0.1337,-0.2448],0.1604
743,[-0.9641,-0.2037, 0.2363,-0.2988],[ 0.0112,-0.4587, 0.4208, 7.3405,-1.6148],[-0.9641,-0.2202, 0.2509,-0.2816],0.0998
745,[-0.9603,-0.2326, 0.3145,-0.2779],[ 9.9151, 0.6066, 1.4272, 3.099 ,-0.6752],[-0.9581,-0.2575, 0.339 ,-0.2614],0.0672
754,[-0.9628, 0.2988,-0.2529,-0.29  ],[-6.5519,-6.9969,-7.2304,-5.9906,-7.6253],[-0.9655, 0.2906,-0.2348,-0.2734],0.0743
756,[-0.9587, 0.3349,-0.3066,-0.3032],[-5.3035,-5.6471,-6.527 ,-5.1321,-6.829 ],[-0.9607, 0.3369,-0.3042,-0.2874],0.0424
765,[-0.9611,-0.3014, 0.3368,-0.2706],[ 2.1577,-0.7271, 0.2205, 2.9449,-2.066 ],[-0.9604,-0.3155, 0.3479,-0.2548],0.0339
800,[-0.9612, 0.0286, 0.0012,-0.4119],[ -9.7683, -9.787 , -8.5213, -8.0899,-11.1127],[-0.9629, 0.0182, 0.0097,-0.3953],0.268
801,[-0.9604,-0.0297, 0.0848,-0.4226],[ 0.2261,-0.3457,12.3269, 0.7333,-0.9863],[-0.9616,-0.0516, 0.1026,-0.4066],0.233
810,[-0.9596, 0.0755,-0.029 ,-0.4141],[-1.6848,-2.2386,-0.4334, 0.3203,-3.6208],[-0.9617, 0.0596,-0.0125,-0.3985],0.2606
812,[-0.9594, 0.1194,-0.093 ,-0.4202],[-16.7247,-15.9378,-17.3085,-15.6945,-17.9089],[-0.9615, 0.1135,-0.0842,-0.4043],0.2162
821,[-0.9604,-0.0846, 0.1253,-0.4104],[-2.2574,-3.1327,-2.132 ,-0.453 ,-3.6283],[-0.9614,-0.103 , 0.1411,-0.3947],0.1982
823,[-0.9605,-0.1264, 0.1833,-0.4116],[-0.1252, 0.8778, 0.8488,16.2663,-0.4715],[-0.9608,-0.1507, 0.2047,-0.394 ],0.1562
832,[-0.961 , 0.1823,-0.1438,-0.4001],[-5.995 ,-5.2481,-5.9189,-5.1333,-6.6316],[-0.9634, 0.1744,-0.1308,-0.3862],0.1674
834,[-0.958 , 0.2237,-0.2122,-0.3957],[-15.1683,-14.5537,-15.1215,-14.3232,-16.4686],[-0.9598, 0.2273,-0.2112,-0.3784],0.1258
843,[-0.9629,-0.1828, 0.2161,-0.3865],[-0.4933,-0.1831,-0.044 , 2.8583,-2.2514],[-0.9634,-0.2009, 0.231 ,-0.3689],0.1173
856,[-0.9575, 0.3171,-0.2822,-0.3881],[-4.7815,-3.9179,-5.7461,-3.7555,-6.2304],[-0.9601, 0.3176,-0.2726,-0.3705],0.0641
900,[-0.9569, 0.0178, 0.0318,-0.5133],[-44.6081,-44.0046,-44.2101,-43.7899,-45.15  ],[-0.9589,-0.0032, 0.0592,-0.4955],0.2775
912,[-0.9582, 0.1037,-0.0797,-0.5176],[-65.8708,-65.9801,-66.234 ,-65.4018,-66.0275],[-0.9607, 0.0975,-0.0676,-0.5006],0.232
1100,[-0.9289,-0.0215, 0.0231, 0.3876],[ 0.8051, 2.3916, 0.8747, 0.381 ,52.7865],[-0.9272,-0.0216, 0.0253, 0.3827],0.4103
1101,[-0.9267,-0.0461, 0.0656, 0.3893],[ 0.878 ,-0.5062,32.3913,-0.5322, 1.808 ],[-0.9249,-0.0479, 0.0656, 0.3927],0.3958
1102,[-0.9389, 0.019 ,-0.0782, 0.3838],[ 0.9664, 2.6245,-0.9778,-0.3759, 2.2221],[-0.9368, 0.0303,-0.0897, 0.3765],0.3458
1110,[-0.9528, 0.0685,-0.0173, 0.3867],[ 0.2088,-0.3517, 1.5428, 0.0135, 0.3513],[-0.9514, 0.0535,-0.0027, 0.3734],0.3124
1112,[-0.9399, 0.1346,-0.0978, 0.3832],[0.7667,1.7385,0.7393,0.3331,5.4519],[-0.9388, 0.1238,-0.0876, 0.3844],0.2956
1114,[-0.9369, 0.1626,-0.2164, 0.3838],[ 1.0862, 1.0632,-0.382 ,-0.4476, 1.6779],[-0.9343, 0.1666,-0.2194, 0.3914],0.2348
1120,[-0.9323,-0.0706, 0.026 , 0.3867],[ 1.178 ,11.315 ,-0.2333, 0.1267, 1.8982],[-0.9308,-0.0615, 0.0203, 0.3916],0.3871
1121,[-0.929 ,-0.0739, 0.0895, 0.3873],[ 2.0687, 1.0607, 1.7022, 0.5062,35.1379],[-0.9272,-0.0742, 0.0866, 0.3819],0.3654
1123,[-0.9465,-0.0982, 0.1674, 0.38  ],[ 0.7559,-0.6697, 2.1395,-0.2279, 1.5986],[-0.9436,-0.1111, 0.1907, 0.3662],0.238
1134,[-0.9259, 0.2174,-0.2206, 0.3855],[0.9788,2.5547,0.3655,0.8676,4.9271],[-0.9244, 0.2148,-0.2237, 0.3769],0.2466
1141,[-0.9236,-0.1741, 0.1239, 0.38  ],[1.0946,2.2551,0.0869,0.0262,7.6596],[-0.9229,-0.1645, 0.1223, 0.3849],0.3257
1200,[-0.927 ,-0.0035, 0.0049, 0.3068],[  1.5719,152.5285,  1.6598,  0.5383,  1.8766],[-0.9256,-0.0042, 0.0089, 0.312 ],0.4141
1201,[-0.9266,-0.0392, 0.0696, 0.3157],[  0.39  , -0.6052,153.6427,  0.5011,  1.6481],[-0.925 ,-0.0431, 0.0708, 0.3169],0.3927
1202,[-0.9231, 0.0365,-0.0703, 0.2786],[ 1.1739, 5.228 ,-0.5531, 0.7222,40.0567],[-0.9216, 0.0412,-0.0723, 0.275 ],0.4046
1210,[-0.933 , 0.074 ,-0.0333, 0.2754],[-0.2279,-1.3059, 2.2494,-1.08  , 1.5472],[-0.9321, 0.0642,-0.0247, 0.2746],0.3746
1212,[-0.931 , 0.0965,-0.1041, 0.2745],[ 3.3167, 1.9585, 0.3615, 0.9376,43.4522],[-0.9298, 0.0956,-0.0997, 0.2667],0.3385
1214,[-0.9411, 0.1284,-0.1847, 0.3075],[ 0.9703,22.0076,-0.5406, 0.0242, 0.0796],[-0.9389, 0.1352,-0.1868, 0.3053],0.2471
1220,[-0.9309,-0.0762, 0.0298, 0.31  ],[ 0.5769,83.973 ,-0.3407, 0.4258, 1.0414],[-0.9298,-0.0665, 0.0233, 0.3117],0.3845
1221,[-0.9328,-0.0891, 0.0955, 0.3232],[  1.8564,  0.6169,158.2581,  0.65  ,  2.1607],[-0.9314,-0.0876, 0.09  , 0.3238],0.3412
1223,[-0.939 ,-0.147 , 0.1911, 0.3024],[ 1.2267,-0.6522,11.6088, 0.1313, 1.4865],[-0.937 ,-0.1512, 0.1914, 0.3015],0.2453
1232,[-0.9269, 0.1894,-0.1414, 0.2947],[0.71  ,0.5422,3.7166,1.4499,3.0674],[-0.9266, 0.1792,-0.1329, 0.2997],0.299
1234,[-0.93  , 0.2053,-0.2097, 0.3036],[ 2.0385,25.392 , 0.0635, 0.7011, 1.0172],[-0.929 , 0.2012,-0.1987, 0.3045],0.2465
1241,[-0.9367,-0.2012, 0.1223, 0.2943],[ 1.7601,44.0624,-0.1633, 0.6077, 1.1208],[-0.937 ,-0.1843, 0.1119, 0.3044],0.2659
1243,[-0.9372,-0.2153, 0.2012, 0.2801],[ 1.8449, 0.5782,38.1123, 2.1478, 1.9183],[-0.9366,-0.2082, 0.1883, 0.2884],0.2217
1254,[-0.9197, 0.2847,-0.2507, 0.3685],[0.6693,0.9261,0.5945,0.0845,0.1385],[-0.92  , 0.2747,-0.2283, 0.3758],0.2322
1256,[-0.9287, 0.3106,-0.3303, 0.2984],[ 0.7436,12.7604, 0.3293, 1.2844, 1.2427],[-0.9275, 0.3067,-0.3197, 0.309 ],0.1473
1261,[-0.9357,-0.2931, 0.147 , 0.2645],[-0.9087, 0.1909,-1.9188,-0.916 ,-0.7493],[-0.9384,-0.2638, 0.1178, 0.2785],0.2223
1263,[-0.9312,-0.2994, 0.2186, 0.2739],[ 0.6342,21.862 , 0.9981, 0.7227, 0.774 ],[-0.9327,-0.2834, 0.2011, 0.2862],0.1958
1265,[-0.9257,-0.3098, 0.3137, 0.2717],[ 1.834 , 0.4747,16.0158, 0.3616, 1.2086],[-0.9252,-0.3048, 0.299 , 0.282 ],0.1654
1300,[-0.9171, 0.0271,-0.0263, 0.1776],[  1.504 ,  0.9058,  1.0576,317.475 ,  1.3285],[-0.9162, 0.0267,-0.0252, 0.1916],0.4394
1301,[-0.9213,-0.0444, 0.0639, 0.1982],[ 0.7669,-0.4765,40.8327, 0.6296, 0.2033],[-0.9203,-0.0469, 0.0639, 0.2059],0.4101
1302,[-0.9162, 0.0448,-0.0648, 0.1718],[  0.3478,168.4733, -0.6913, -0.2203,  1.2101],[-0.9153, 0.047 ,-0.0637, 0.1843],0.4289
1310,[-0.9183, 0.0702,-0.0381, 0.1662],[ 0.269 ,-0.1185,52.9775, 0.16  , 0.8861],[-0.9178, 0.065 ,-0.0366, 0.1682],0.4253
1312,[-0.92  , 0.0832,-0.0933, 0.1774],[  1.1655,155.9778,  0.5231,  2.2268,  3.1868],[-0.9191, 0.0833,-0.0894, 0.1817],0.3865
1314,[-0.9293, 0.1421,-0.1855, 0.178 ],[ 0.3581,35.3015,-0.2954, 0.3872,-0.3577],[-0.9277, 0.1471,-0.1864, 0.1792],0.2783
1320,[-0.9198,-0.0708, 0.0362, 0.1711],[ 0.643 ,86.0491,-0.3229, 0.3553, 0.1885],[-0.9192,-0.0647, 0.034 , 0.1775],0.4216
1321,[-0.9234,-0.0949, 0.0892, 0.1744],[  1.0993,  1.9413,115.9631,  1.7399,  0.5249],[-0.9228,-0.092 , 0.081 , 0.1793],0.3737
1322,[-0.9375,-0.0641,-0.0635, 0.2479],[-1.8525,-1.4772,-2.5256,-1.879 ,-1.5835],[-0.9362,-0.0388,-0.0828, 0.2578],0.3471
1323,[-0.9341,-0.1483, 0.18  , 0.1883],[ 0.1359,-0.3985,11.8974,-0.0152, 0.0412],[-0.9328,-0.1513, 0.1789, 0.1967],0.2637
1332,[-0.9236, 0.1881,-0.1399, 0.1899],[ 1.4052,-0.34  , 2.5772,-0.0691, 2.3673],[-0.9238, 0.1785,-0.1308, 0.1973],0.3078
1334,[-0.9299, 0.2087,-0.2091, 0.1773],[ 1.5492,27.5568, 0.3138, 3.9956, 1.4043],[-0.9293, 0.2056,-0.2008, 0.1889],0.2419
1340,[-0.9291,-0.1956, 0.0242, 0.1951],[-2.0656,-1.9203,-3.0324,-2.3047,-1.5513],[-0.9303,-0.1658, 0.0114, 0.1987],0.3454
1341,[-0.9334,-0.2034, 0.1242, 0.1857],[ 0.2212,17.7671, 0.2239, 1.3231, 0.5934],[-0.9342,-0.1878, 0.1138, 0.1938],0.2738
1343,[-0.9391,-0.212 , 0.2112, 0.1764],[ 0.9037, 0.5504,21.4364, 1.7113, 0.6977],[-0.9387,-0.208 , 0.2007, 0.1842],0.209
1345,[-0.9433,-0.2624, 0.3016, 0.1578],[ 4.8526,-1.0876, 2.0147, 0.4841, 1.6044],[-0.9417,-0.2645, 0.2985, 0.1643],0.1309
1354,[-0.9253, 0.3063,-0.2313, 0.1854],[-0.1827,-0.4645, 0.493 , 1.1013, 0.2231],[-0.9272, 0.2921,-0.2083, 0.1932],0.204
1356,[-0.9341, 0.3277,-0.3456, 0.1795],[2.8021,8.6747,0.4287,3.7321,1.1645],[-0.9333, 0.3256,-0.3378, 0.1881],0.1072
1358,[-0.9536, 0.3235,-0.3903, 0.1532],[ 0.85  , 7.2316,-0.1962, 0.1786,-0.0147],[-0.9509, 0.3267,-0.388 , 0.1655],0.0385
1361,[-0.9257,-0.2958, 0.145 , 0.1984],[-1.8248,-0.6805,-2.6223,-1.7307,-1.8733],[-0.9288,-0.2709, 0.1188, 0.2118],0.2539
1363,[-0.9303,-0.319 , 0.2331, 0.1816],[ 0.8794, 1.7007,-0.0464, 7.7214, 0.0704],[-0.9327,-0.3032, 0.2083, 0.1949],0.1838
1365,[-0.9334,-0.3499, 0.3259, 0.1639],[ 0.7432,-0.0717,17.0524, 5.9022, 0.2386],[-0.9343,-0.3432, 0.3089, 0.1755],0.1139
1367,[-0.9363,-0.384 , 0.3932, 0.1335],[ 1.6973,-1.5963, 4.0395, 0.2257,-0.3598],[-0.9359,-0.3815, 0.3861, 0.1329],0.0568
1376,[-0.9274, 0.3965,-0.3757, 0.1663],[-0.1539,-0.4169,-0.504 , 0.225 ,-0.7326],[-0.9283, 0.3912,-0.3625, 0.1805],0.0848
1378,[-0.9264, 0.4062,-0.4018, 0.1345],[1.1813,5.2135,0.0489,3.2359,0.1065],[-0.9266, 0.4029,-0.3926, 0.1461],0.0699
1385,[-0.9226,-0.3987, 0.3632, 0.1502],[-1.5924,-2.3937,-1.2693,-0.2366,-2.2811],[-0.9238,-0.3931, 0.3544, 0.1646],0.1
1387,[-0.9262,-0.4102, 0.4036, 0.1269],[ 1.0696,-0.3736,17.9988, 4.0542, 0.3566],[-0.9267,-0.4066, 0.3885, 0.1412],0.0697
1400,[-0.919 , 0.022 ,-0.0228, 0.0643],[  2.0953,  0.6946,  1.9929,410.7674,  2.5979],[-0.9186, 0.0224,-0.026 , 0.078 ],0.4424
1401,[-0.9192,-0.0448, 0.0674, 0.0429],[ 0.6173,-0.3978,24.6474,-0.2761, 0.7164],[-0.9188,-0.0482, 0.0685, 0.0535],0.4194
1402,[-0.9175, 0.0435,-0.0694, 0.0679],[ 2.5052e-01, 1.3652e+02,-7.6380e-02, 5.1473e-01,-3.0709e-01],[-0.917 , 0.0472,-0.0711, 0.0807],0.4238
1410,[-0.9179, 0.0633,-0.0458, 0.0577],[ 1.5434e+00,-3.2573e-01, 2.2593e+02, 3.9561e-01, 1.0660e-02],[-0.9178, 0.0606,-0.0455, 0.0646],0.4317
1412,[-0.9181, 0.0795,-0.085 , 0.0522],[  2.1515,213.5638,  1.1836,  1.496 ,  2.6048],[-0.9178, 0.0796,-0.0817, 0.0604],0.4021
1414,[-0.9183, 0.146 ,-0.1804, 0.048 ],[ 0.4573, 2.1355,-1.0926,23.9895, 0.6705],[-0.9174, 0.15  ,-0.1809, 0.0617],0.3163
1420,[-0.9188,-0.0675, 0.0405, 0.0758],[ 0.385 ,42.3904,-0.2088,-0.0981, 1.1986],[-0.9186,-0.0631, 0.0389, 0.0845],0.4255
1421,[-0.9181,-0.0839, 0.0936, 0.0575],[1.5728e+00,1.7763e-01,1.9771e+02,2.6450e+00,9.8856e-01],[-0.9178,-0.0844, 0.0902, 0.069 ],0.3921
1423,[-0.9268,-0.1453, 0.1826, 0.0522],[-0.1854,-0.619 ,29.2335, 0.6426,-0.2974],[-0.9259,-0.1503, 0.1841, 0.0649],0.287
1430,[-0.9282, 0.1801,-0.0281, 0.1113],[-0.6638,-1.372 ,-0.0368,-0.7546,-0.8693],[-0.9295, 0.1546,-0.0171, 0.1101],0.3524
1432,[-0.9241, 0.1879,-0.1358, 0.0624],[-1.3146,-1.5012,-1.8436,-1.2139,-1.0968],[-0.925 , 0.1773,-0.1197, 0.0702],0.3096
1434,[-0.922 , 0.2044,-0.2101, 0.0572],[ 0.7878, 3.4232,-0.0909,20.2367, 1.1986],[-0.9217, 0.2036,-0.2039, 0.0712],0.2658
1436,[-0.9148, 0.2478,-0.2855, 0.0145],[ 0.1434,10.4561,-0.3469, 0.9473, 0.5421],[-0.9137, 0.2511,-0.2837, 0.0254],0.2195
1440,[-0.9202,-0.1872, 0.0468, 0.0882],[-1.5633,-0.7979,-2.0431,-1.6468,-1.6152],[-0.9218,-0.1641, 0.0247, 0.0864],0.3779
1441,[-0.9295,-0.1863, 0.1432, 0.0723],[ 0.5117, 0.6899,-0.3164, 3.8539,-0.6861],[-0.9301,-0.1766, 0.1273, 0.0845],0.2886
1443,[-0.934 ,-0.2047, 0.213 , 0.0618],[ 3.4851, 0.2371,20.8573, 4.056 , 0.5333],[-0.9337,-0.2041, 0.2063, 0.0734],0.2249
1445,[-0.9306,-0.2478, 0.2899, 0.0504],[ 0.5763,-0.6884,10.2121, 0.953 , 0.0172],[-0.9292,-0.2516, 0.2888, 0.063 ],0.1762
1454,[-0.9277, 0.2952,-0.2502, 0.0426],[-0.4145,-0.2654,-0.2625, 0.2204,-1.2785],[-0.929 , 0.2881,-0.2407, 0.0553],0.1885
1456,[-0.9267, 0.3069,-0.3283, 0.0343],[ 1.1845, 5.9319,-0.3076, 5.2864, 0.8486],[-0.926 , 0.3076,-0.3242, 0.049 ],0.1431
1458,[-0.9268, 0.3309,-0.3967, 0.0699],[-0.0427, 6.2325,-0.7053, 1.2584, 1.3668],[-0.9242, 0.3343,-0.396 , 0.0821],0.1082
1461,[-0.917 ,-0.2991, 0.1416, 0.0975],[-0.5856,-1.3685,-2.1143,-0.6628,-1.64  ],[-0.9207,-0.2773, 0.1203, 0.1123],0.2809
1463,[-0.9351,-0.3153, 0.2464, 0.0914],[ 0.0792, 0.4694, 0.2092, 1.7472,-1.0689],[-0.9372,-0.3031, 0.2301, 0.1038],0.1589
1465,[-0.9352,-0.339 , 0.3358, 0.0636],[ 0.5153,-0.4127,21.0842, 1.9703,-0.4531],[-0.9354,-0.3364, 0.3253, 0.0756],0.1059
1467,[-0.9331,-0.3732, 0.4074, 0.0626],[ 2.7593,-1.3069,11.8336, 0.9446, 0.8124],[-0.9317,-0.3741, 0.4053, 0.071 ],0.0638
1478,[-0.926 , 0.4169,-0.4129, 0.0659],[ 1.5956, 2.3269,-0.4186, 3.4352,-0.6961],[-0.9261, 0.4151,-0.4097, 0.0803],0.0574
1485,[-0.9203,-0.4036, 0.3555, 0.0833],[-0.901 ,-1.5013,-0.723 ,-0.1669,-2.0194],[-0.9223,-0.3982, 0.3422, 0.0978],0.1076
1487,[-0.9296,-0.4005, 0.4251, 0.0538],[ 0.8982,-0.3003, 6.731 ,14.8072,-1.0082],[-0.9287,-0.4001, 0.4191, 0.0686],0.0482
1500,[-0.9192, 0.0084,-0.0043,-0.0613],[ 0.8695, 5.5039,97.6537, 7.9309, 1.3404],[-0.9194, 0.0082,-0.0072,-0.0502],0.4481
1501,[-0.9185,-0.0308, 0.0752,-0.0657],[ 4.4343e-02,-2.8819e-01, 4.6421e+01, 2.4626e-01,-8.2257e-02],[-0.9184,-0.0379, 0.0784,-0.0535],0.4192
1502,[-0.9176, 0.0329,-0.0787,-0.0533],[-24.5883,-21.7972,-24.8383,-24.0824,-24.3555],[-0.9174, 0.0405,-0.0844,-0.0454],0.4169
1504,[-0.9157, 0.0488,-0.1689,-0.0658],[-1.2037,-0.3211,-1.3006,-0.389 ,-0.8011],[-0.9144, 0.0654,-0.171 ,-0.0516],0.3636
1510,[-0.9177, 0.064 ,-0.0441,-0.0568],[-3.7905e-01, 5.0340e-01, 2.1565e+02, 8.2362e-01,-1.6465e-01],[-0.918 , 0.061 ,-0.0433,-0.0453],0.4324
1511,[-0.9191, 0.0655, 0.0738,-0.1047],[-1.2522,-1.2897,-0.2586,-0.4886,-1.1824],[-0.9194, 0.0442, 0.0781,-0.1042],0.4209
1512,[-0.9179, 0.0788,-0.0866,-0.062 ],[1.7542e+00,2.1029e+02,3.9868e-01,2.1395e+00,5.6873e-02],[-0.918 , 0.0799,-0.085 ,-0.0509],0.4015
1514,[-0.9192, 0.138 ,-0.1849,-0.0615],[ 0.5506,38.1455,-0.433 , 0.4986,-0.2202],[-0.9185, 0.145 ,-0.1884,-0.0501],0.3134
1520,[-0.9178,-0.0653, 0.0407,-0.0699],[-6.4258,-3.0144,-7.5033,-7.025 ,-6.8641],[-0.9182,-0.0614, 0.0375,-0.0622],0.4266
1521,[-0.9192,-0.0768, 0.0894,-0.0595],[ 2.8246, 0.0781, 1.2432,52.8638, 1.4947],[-0.9193,-0.0788, 0.0896,-0.0452],0.3918
1522,[-0.9193,-0.0585,-0.0624,-0.0798],[-1.1423, 0.2765,-1.6142,-0.9956,-1.2954],[-0.9195,-0.0401,-0.0662,-0.0652],0.4282
1523,[-0.9266,-0.1382, 0.1864,-0.0594],[ 0.2753,-0.505 ,11.9213, 0.1409,-0.5142],[-0.9258,-0.1465, 0.1922,-0.0453],0.2859
1532,[-0.9321, 0.1854,-0.1419,-0.0622],[-2.313 ,-2.2824,-2.4954,-2.1638,-3.258 ],[-0.9333, 0.1761,-0.1278,-0.0525],0.2762
1534,[-0.9268, 0.2021,-0.2169,-0.0594],[ 1.1936,12.6552,-0.1896, 2.2897, 0.099 ],[-0.9267, 0.2036,-0.2137,-0.0473],0.2452
1536,[-0.9216, 0.2447,-0.2954,-0.052 ],[ 0.2795, 4.6777,-0.6957, 2.4531,-0.7079],[-0.9202, 0.251 ,-0.2973,-0.0389],0.2037
1541,[-0.9214,-0.1813, 0.1401,-0.0574],[ 0.619 ,-1.2513,-0.0379, 1.9477,-1.0019],[-0.9225,-0.1743, 0.1278,-0.0449],0.3185
1543,[-0.9276,-0.1979, 0.2129,-0.0618],[ 1.5001,-0.3774, 3.4345,15.8038, 0.6495],[-0.9275,-0.2003, 0.2119,-0.0463],0.2466
1545,[-0.9328,-0.2549, 0.3005,-0.0631],[ 0.4258,-0.4286, 8.4477, 1.6888,-0.4838],[-0.9315,-0.2614, 0.303 ,-0.0483],0.1628
1554,[-0.9312, 0.3117,-0.2615,-0.058 ],[-0.337 ,-0.1081, 0.4429,-0.2264,-0.9058],[-0.933 , 0.3062,-0.2585,-0.0439],0.1574
1556,[-0.9281, 0.3135,-0.31  ,-0.0718],[ 0.2985, 1.9667,-0.5987, 5.6193,-0.0643],[-0.9285, 0.3135,-0.3073,-0.0568],0.1461
1563,[-0.9475,-0.3092, 0.2756,-0.0644],[-0.1202,-0.5323,-0.3521, 1.3221,-0.4304],[-0.9485,-0.3062, 0.2813,-0.0484],0.0989
1565,[-0.9351,-0.3309, 0.3486,-0.059 ],[ 1.3773,-0.4994, 2.4411,10.5703,-0.8015],[-0.9346,-0.333 , 0.3471,-0.044 ],0.0992
1567,[-0.9338,-0.3665, 0.4275,-0.0697],[ 0.4986,-0.8367,20.012 , 1.1211, 0.1636],[-0.9314,-0.3716, 0.4299,-0.0574],0.0523
1578,[-0.9292, 0.4157,-0.4431,-0.0569],[ 0.4979, 0.9397,-0.7379, 3.5114,-1.0125],[-0.9282, 0.4176,-0.442 ,-0.0413],0.0353
1585,[-0.9254,-0.3938, 0.3692,-0.0428],[-0.597 ,-1.1188,-0.2073, 0.1417,-1.6636],[-0.9267,-0.392 , 0.3595,-0.0273],0.0905
1587,[-0.9238,-0.4021, 0.4498,-0.0548],[ 0.1075,-1.037 , 1.5658,10.4282,-0.6633],[-0.922 ,-0.4046, 0.4473,-0.0401],0.0497
1600,[-9.1929e-01, 3.1996e-03,-4.0514e-04,-1.6364e-01],[-39.8153,-40.3487,-40.6211,-39.7179,-41.3826],[-0.92  , 0.0026, 0.0011,-0.1548],0.4441
1601,[-0.918 ,-0.0304, 0.0748,-0.1715],[-6.3022,-7.7569,-4.7811,-5.3304,-7.544 ],[-0.9184,-0.0383, 0.0804,-0.168 ],0.4158
1602,[-0.9167, 0.0336,-0.0772,-0.1704],[-20.7562,-18.9996,-21.4195,-20.3526,-21.0907],[-0.9171, 0.0412,-0.0827,-0.169 ],0.4175
1603,[-0.9186,-0.0299, 0.2248,-0.2294],[-0.7882,-1.5546,-0.6965,-0.2104,-0.7602],[-0.915 ,-0.0636, 0.2781,-0.2134],0.32
1604,[-0.9214, 0.05  ,-0.1712,-0.1398],[-0.6238,-0.4589,-1.1602,-0.6568,-1.2624],[-0.9203, 0.0685,-0.1748,-0.1242],0.3578
1610,[-0.9156, 0.0651,-0.0422,-0.1816],[-5.8226e-01,-1.3442e+00, 1.0312e+00, 1.4983e+02,-6.5838e-02],[-0.9165, 0.0612,-0.0353,-0.1679],0.4381
1611,[-0.9187, 0.0774, 0.0828,-0.1977],[-0.9418,-1.2805, 0.0829,-0.9847,-1.313 ],[-0.9191, 0.0495, 0.1104,-0.1814],0.4037
1612,[-0.9157, 0.0747,-0.0792,-0.1806],[  1.118 ,  6.1436, -0.5026,167.3849, -0.6979],[-0.9164, 0.0758,-0.0785,-0.1677],0.4096
1614,[-0.9241, 0.1309,-0.1906,-0.1694],[-0.5505, 1.4485,-2.041 , 1.1005,-2.1474],[-0.9234, 0.1416,-0.1991,-0.1571],0.2936
1620,[-0.9183,-0.0657, 0.0396,-0.1824],[-20.2829,-20.0845,-20.6443,-19.9198,-20.9099],[-0.9192,-0.0613, 0.0337,-0.1748],0.4289
1621,[-0.9184,-0.0795, 0.0861,-0.1895],[-21.9525,-23.385 ,-20.9615,-21.3134,-22.6618],[-0.9192,-0.081 , 0.0847,-0.1812],0.3952
1623,[-0.9253,-0.1395, 0.186 ,-0.1747],[-0.0501,-1.3556, 4.864 , 1.1843,-0.7911],[-0.925 ,-0.1485, 0.1929,-0.1617],0.2908
1632,[-0.934 , 0.1854,-0.1413,-0.1895],[-1.3291,-2.1249,-1.7324,-1.1901,-2.5159],[-0.9357, 0.1772,-0.1289,-0.1769],0.2661
1634,[-0.9335, 0.2181,-0.2185,-0.1862],[ 0.3784, 1.8744,-0.4022, 8.8539, 0.2407],[-0.9342, 0.2194,-0.215 ,-0.1705],0.2136
1636,[-0.924 , 0.2525,-0.294 ,-0.2012],[ 1.1623, 4.4453,-0.7616, 1.5178, 0.1249],[-0.9233, 0.2599,-0.2978,-0.1897],0.1917
1641,[-0.93  ,-0.1773, 0.1358,-0.1611],[-1.3743,-1.792 ,-1.2848,-0.8521,-1.8778],[-0.9314,-0.1722, 0.1316,-0.1567],0.2839
1643,[-0.9315,-0.2004, 0.215 ,-0.1833],[ 0.5351,-0.066 , 1.838 ,14.9599,-0.4174],[-0.9317,-0.2045, 0.2151,-0.1675],0.2266
1645,[-0.9404,-0.2485, 0.3204,-0.1962],[ 0.1042,-0.8144, 6.6875, 2.1609,-0.786 ],[-0.9385,-0.2621, 0.3311,-0.1807],0.1281
1654,[-0.942 , 0.3003,-0.2477,-0.1819],[ 0.049 , 0.5338,-0.1277, 1.2608,-0.92  ],[-0.9445, 0.2925,-0.2311,-0.1679],0.1396
1656,[-0.9342, 0.3316,-0.3196,-0.1921],[ 1.0221, 1.591 ,-0.3699, 7.9712,-0.4643],[-0.9353, 0.3327,-0.3131,-0.1765],0.1147
1658,[-0.9424, 0.368 ,-0.41  ,-0.2057],[ 1.015 , 3.1716,-0.457 , 3.8209,-0.368 ],[-0.941 , 0.3757,-0.4158,-0.1906],0.0319
1665,[-0.9418,-0.3097, 0.3513,-0.1824],[ 0.8791,-0.5626, 1.6411, 8.0325,-0.3532],[-0.9408,-0.3176, 0.355 ,-0.1663],0.0857
1667,[-0.9327,-0.3427, 0.4202,-0.179 ],[ 0.3665,-0.5277,19.3399, 3.7712,-0.7474],[-0.9298,-0.3517, 0.4259,-0.1645],0.0667
1678,[-0.9361, 0.3977,-0.4338,-0.1412],[ 0.4554, 1.941 ,-0.4722, 4.2717,-0.2587],[-0.9347, 0.4023,-0.4368,-0.1273],0.0274
1687,[-0.9224,-0.4008, 0.4594,-0.1834],[-0.2515,-0.8582, 2.2866, 5.3732,-1.4493],[-0.9201,-0.406 , 0.4624,-0.1677],0.0477
1700,[-0.929 , 0.0054,-0.0047,-0.298 ],[-31.0425,-30.3899,-30.3755,-29.6444,-31.3731],[-0.9303, 0.0051,-0.0049,-0.287 ],0.4036
1701,[-0.9332,-0.0297, 0.0834,-0.3012],[-6.7478,-6.9991,-5.7966,-6.4467,-6.963 ],[-0.934 ,-0.0428, 0.0957,-0.2907],0.3488
1702,[-0.9257, 0.0295,-0.081 ,-0.298 ],[ -9.8616, -9.0588,-10.4772, -9.4964,-10.4605],[-0.9265, 0.0403,-0.0902,-0.2898],0.3841
1704,[-0.9227, 0.0484,-0.1751,-0.2793],[-0.0096,-0.0367,-0.7731,-0.3219,-0.2017],[-0.9212, 0.0741,-0.2157,-0.2623],0.3314
1710,[-0.9193, 0.0658,-0.0435,-0.2859],[-10.3619,-11.5701,-10.6433,-10.2053,-12.2937],[-0.9207, 0.0623,-0.0401,-0.2774],0.417
1712,[-0.9207, 0.0842,-0.0842,-0.2875],[-30.2612,-29.3727,-30.7683,-29.0975,-30.7617],[-0.9219, 0.0852,-0.0835,-0.2762],0.3815
1714,[-0.9295, 0.1427,-0.1878,-0.322 ],[-0.2375, 4.6453,-1.2185, 1.9488,-0.9789],[-0.9296, 0.1534,-0.1971,-0.3077],0.2679
1720,[-0.9174,-0.0656, 0.041 ,-0.2898],[-10.1983, -9.8837,-10.3105,-10.0268,-11.3754],[-0.9188,-0.0616, 0.0348,-0.2817],0.4329
1721,[-0.9183,-0.0817, 0.0874,-0.284 ],[-22.162 ,-22.8939,-22.2659,-21.3591,-22.8528],[-0.9195,-0.0835, 0.086 ,-0.2777],0.3925
1723,[-0.94  ,-0.139 , 0.1978,-0.3115],[-0.9604,-1.1144, 1.9637, 1.7766,-1.0229],[-0.9397,-0.1552, 0.2129,-0.2971],0.2225
1725,[-0.9415,-0.1604, 0.2789,-0.3732],[-0.2571,-0.6623,-0.266 ,-0.2624,-0.3645],[-0.9393,-0.1862, 0.2959,-0.3565],0.1739
1730,[-0.9296, 0.1672,-0.0384,-0.3   ],[-0.2615,-0.3384, 0.6389,-0.1785,-0.5691],[-0.9324, 0.1462,-0.032 ,-0.2851],0.3372
1732,[-0.9269, 0.1849,-0.1429,-0.295 ],[-3.9637,-4.2806,-4.2693,-3.7826,-4.918 ],[-0.9291, 0.1787,-0.1295,-0.2851],0.2913
1734,[-0.9353, 0.213 ,-0.2193,-0.3123],[ 0.0416, 7.2056, 0.2269, 8.3941,-0.7587],[-0.9363, 0.2173,-0.2196,-0.2963],0.2053
1736,[-0.9279, 0.255 ,-0.2928,-0.3104],[ 0.9492, 3.8358,-0.3499, 4.4624,-0.9681],[-0.9276, 0.2641,-0.2975,-0.2955],0.1738
1743,[-0.9403,-0.1971, 0.2288,-0.3069],[-0.089 , 0.2863, 1.6988, 5.593 ,-0.2842],[-0.9405,-0.207 , 0.2349,-0.2903],0.1863
1745,[-0.9443,-0.2412, 0.3174,-0.306 ],[ 0.5603,-0.565 , 6.9086, 1.4312,-0.8048],[-0.9425,-0.2585, 0.332 ,-0.29  ],0.1161
1747,[-0.9547,-0.2622, 0.3948,-0.2669],[-0.4472,-0.6964,-0.133 ,-0.2201,-0.5092],[-0.9494,-0.2886, 0.4336,-0.2514],0.0393
1754,[-0.9483, 0.2919,-0.2601,-0.2892],[-0.0411, 2.2439,-0.816 , 1.5875,-1.3747],[-0.9505, 0.2896,-0.2486,-0.275 ],0.114
1756,[-0.9361, 0.3245,-0.3318,-0.308 ],[ 0.0811,15.4412,-0.5585, 3.1622,-0.9045],[-0.9368, 0.33  ,-0.3308,-0.2934],0.1026
1758,[-0.9243, 0.3363,-0.3936,-0.2858],[ 0.6342, 8.7589,-0.0179, 1.2643,-0.4341],[-0.9226, 0.3453,-0.3979,-0.2714],0.0893
1765,[-0.9406,-0.2985, 0.3599,-0.3018],[ 1.1652, 0.1428, 0.7196, 7.1297,-0.6628],[-0.9389,-0.3114, 0.3714,-0.2858],0.0865
1767,[-0.932 ,-0.3413, 0.4157,-0.2822],[ 0.6415,-1.3327, 1.6304,14.442 ,-1.0152],[-0.9293,-0.352 , 0.4248,-0.2653],0.071
1800,[-0.9356, 0.0192,-0.0044,-0.4313],[-1.987 ,-1.3727,-2.0333,-1.0281,-3.9217],[-0.9375, 0.0156,-0.0021,-0.416 ],0.3726
1801,[-0.9409,-0.0199, 0.0891,-0.4468],[-1.2264,-1.6356,-0.0719,-0.0897,-2.1383],[-0.9422,-0.0398, 0.1065,-0.4315],0.312
1802,[-0.9244, 0.0256,-0.0816,-0.4321],[-1.3897, 0.2537,-1.5026, 0.5755,-2.1143],[-0.9257, 0.0377,-0.0921,-0.4174],0.3877
1803,[-0.9458,-0.0368, 0.1697,-0.4769],[-0.0229,-0.3156, 0.0533,-0.0739,-0.0843],[-0.9458,-0.0713, 0.1899,-0.4597],0.2475
1810,[-0.9363, 0.0748,-0.0355,-0.4348],[-2.7972,-3.1608,-2.2821,-1.6366,-4.5591],[-0.9385, 0.0669,-0.0279,-0.4197],0.3487
1812,[-0.9336, 0.1066,-0.1016,-0.441 ],[-7.8932,-7.8904,-8.1767,-7.4507,-9.986 ],[-0.9355, 0.1076,-0.1   ,-0.4256],0.3119
1814,[-0.9301, 0.1483,-0.1855,-0.442 ],[ 0.5851, 2.381 ,-0.5384,14.2676,-0.1494],[-0.9308, 0.1592,-0.1946,-0.4258],0.2621
1820,[-0.9182,-0.0721, 0.0396,-0.4184],[-0.4688, 0.4813,-0.3667, 0.7424,-1.1588],[-0.9202,-0.0672, 0.0347,-0.4056],0.4199
1821,[-0.9293,-0.0905, 0.1151,-0.4298],[-0.3405,-1.115 , 0.8075, 0.9705,-1.5693],[-0.9307,-0.0986, 0.1215,-0.4143],0.3262
1823,[-0.9447,-0.1282, 0.1976,-0.4172],[-0.0375,-0.6358, 2.5734, 2.8652,-1.1892],[-0.9447,-0.1494, 0.2159,-0.4007],0.2072
1832,[-0.9382, 0.1816,-0.1458,-0.4472],[-0.7788,-0.6967,-1.7013, 0.1079,-2.461 ],[-0.9407, 0.1777,-0.1385,-0.4304],0.2434
1834,[-0.9383, 0.2043,-0.2169,-0.4345],[ 3.977 , 0.3201,-0.7797,21.3256,-1.0479],[-0.9394, 0.212 ,-0.2216,-0.417 ],0.1958
1836,[-0.9308, 0.2502,-0.3005,-0.4351],[ 0.525 ,15.7391, 0.3725, 1.3801,-0.6097],[-0.9303, 0.2631,-0.3108,-0.4186],0.16
1843,[-0.9437,-0.2021, 0.2442,-0.4269],[ 1.0958,-0.3059, 1.8575, 4.251 ,-0.4917],[-0.9439,-0.2172, 0.2563,-0.41  ],0.1628
1845,[-0.9465,-0.2354, 0.3108,-0.4108],[ 0.6838,-0.5826, 1.3886, 4.3025,-0.6646],[-0.9449,-0.2561, 0.3301,-0.3935],0.1104
1856,[-0.9362, 0.3048,-0.3223,-0.4204],[ 0.5025, 1.1607,-0.4718,18.5513,-1.1983],[-0.9368, 0.3136,-0.3252,-0.4034],0.1126
1865,[-0.9408,-0.2888, 0.3712,-0.3895],[ 1.3913, 0.9676, 0.5271, 3.3112,-0.8266],[-0.9383,-0.306 , 0.388 ,-0.3719],0.0829
1900,[-0.9263, 0.019 ,-0.0111,-0.583 ],[-53.7903,-54.638 ,-54.8539,-53.8291,-56.0039],[-0.9288, 0.0171,-0.01  ,-0.566 ],0.4091
1901,[-0.9306,-0.0233, 0.0856,-0.5595],[-0.9483,-0.9151, 2.6364, 0.1981,-1.4892],[-0.9324,-0.0388, 0.0971,-0.5431],0.3582
1902,[-0.9184, 0.037 ,-0.0783,-0.6597],[ -7.3775, -3.7855, -9.6025, -3.8738,-10.7343],[-0.9208, 0.0466,-0.0863,-0.6419],0.4085
1910,[-0.9307, 0.0762,-0.0363,-0.5733],[-14.5122,-14.388 ,-14.3313,-13.1468,-15.401 ],[-0.9335, 0.0685,-0.0275,-0.5559],0.3687
1911,[-0.9492, 0.0655, 0.0701,-0.5722],[-0.1672,-0.6348, 0.091 , 0.0625,-0.7723],[-0.9509, 0.019 , 0.1316,-0.5546],0.2751
1912,[-0.9259, 0.1018,-0.1013,-0.6067],[-157.7675,-157.92  ,-158.056 ,-157.1891,-158.9774],[-0.9284, 0.1049,-0.1023,-0.5893],0.3411
1914,[-0.9318, 0.1444,-0.1861,-0.5637],[ 0.8974,45.1221, 0.1506, 0.1728,-0.9197],[-0.9329, 0.1577,-0.1973,-0.547 ],0.2546
1920,[-0.9247,-0.0789, 0.0236,-0.5656],[-28.7567,-28.8555,-29.0788,-28.6911,-29.9676],[-0.9275,-0.0681, 0.0091,-0.5475],0.399
1921,[-0.9248,-0.0909, 0.1045,-0.5608],[-21.4628,-21.6862,-21.2102,-20.6147,-22.715 ],[-0.9269,-0.0969, 0.1073,-0.5455],0.3492
1923,[-0.9439,-0.1213, 0.1909,-0.5249],[ 1.2802,-0.3626, 4.3647, 5.2804,-0.9861],[-0.9444,-0.1439, 0.2089,-0.5089],0.2134
1932,[-0.925 , 0.1782,-0.1442,-0.5776],[ -9.7546,-10.3636,-11.2734, -9.0964,-11.8281],[-0.9281, 0.1761,-0.1373,-0.5601],0.2926
1934,[-0.9338, 0.1879,-0.2045,-0.5531],[-11.1936,-11.1457,-12.5254,-10.1557,-13.4771],[-0.9354, 0.1971,-0.2098,-0.5363],0.222
1936,[-0.929 , 0.2388,-0.2887,-0.5264],[ 0.3907,37.8471, 0.2635, 1.2244,-0.3904],[-0.9288, 0.253 ,-0.2998,-0.5092],0.1776
1943,[-0.9352,-0.1837, 0.218 ,-0.5086],[ 0.6165,-0.9195, 1.1056, 0.9494,-1.8625],[-0.9361,-0.196 , 0.2269,-0.4932],0.2116
1956,[-0.9372, 0.2789,-0.315 ,-0.5061],[-0.0764, 4.0796,-0.5422, 4.292 ,-1.1824],[-0.9373, 0.2922,-0.3237,-0.4904],0.1209
2000,[-0.8714, 0.043 ,-0.0291, 0.527 ],[-0.9018,-0.3707,-0.2046,-0.7553, 0.0541],[-0.8691, 0.0403,-0.019 , 0.5331],0.2691
2100,[-0.9026,-0.0131, 0.0219, 0.3924],[-55.2588,-55.3519,-55.5405,-56.056 ,-54.5524],[-0.9009,-0.0139, 0.0218, 0.3869],0.404
2101,[-0.9016,-0.0408, 0.07  , 0.3931],[-25.2164,-25.8734,-24.7829,-25.7911,-24.3632],[-0.8997,-0.0432, 0.0691, 0.3892],0.3728
2102,[-0.8919, 0.0456,-0.0615, 0.4112],[-5.144 ,-4.4353,-5.801 ,-6.1139,-4.4631],[-0.89  , 0.0463,-0.0603, 0.4194],0.3333
2121,[-0.899 ,-0.0626, 0.0948, 0.3941],[-14.6862,-15.322 ,-14.7623,-16.0152,-14.566 ],[-0.897 ,-0.0646, 0.0928, 0.39  ],0.3409
2200,[-0.9039, 0.0106,-0.0037, 0.2857],[-218.94  ,-218.752 ,-218.5578,-219.5152,-218.3247],[-0.9027, 0.0095,-0.002 , 0.2808],0.4083
2201,[-0.9022,-0.0361, 0.0706, 0.2973],[-67.2157,-67.8282,-66.0599,-67.9631,-66.5488],[-0.9007,-0.0397, 0.0717, 0.2904],0.3772
2202,[-0.9026, 0.0422,-0.0653, 0.2753],[-36.0425,-36.1136,-37.1784,-37.5659,-36.2521],[-0.9013, 0.0444,-0.0665, 0.2713],0.3799
2210,[-0.9071, 0.0641,-0.0416, 0.2631],[-2.5577,-2.872 ,-2.3803,-3.1755,-2.2943],[-0.9061, 0.0606,-0.0409, 0.263 ],0.4056
2212,[-0.9014, 0.0676,-0.0788, 0.2703],[-9.0118,-7.9576,-8.6906,-9.3477,-7.8887],[-0.9002, 0.0679,-0.0769, 0.2641],0.3597
2220,[-0.9049,-0.0628, 0.0403, 0.2882],[-9.0898,-8.6242,-9.0412,-9.5262,-8.7192],[-0.9038,-0.0588, 0.0346, 0.2785],0.3983
2221,[-0.8963,-0.0676, 0.09  , 0.2937],[-54.2   ,-55.1324,-53.8254,-54.9758,-53.7685],[-0.8949,-0.069 , 0.0886, 0.2837],0.3319
2223,[-0.8797,-0.1041, 0.1732, 0.2608],[-1.9752,-3.2784,-0.0939,-2.9101,-1.0503],[-0.8776,-0.1095, 0.1742, 0.248 ],0.211
2232,[-0.9007, 0.1868,-0.1422, 0.2583],[ 0.2034, 0.1494, 0.2297,-0.5544, 1.726 ],[-0.9009, 0.1782,-0.1207, 0.2493],0.291
2234,[-0.9103, 0.1899,-0.1708, 0.2572],[ 0.1037, 3.2143,-1.0448, 0.0133, 1.5342],[-0.91  , 0.1841,-0.1539, 0.2573],0.3082
2300,[-0.9036, 0.0207,-0.0137, 0.1849],[-57.9972,-58.2029,-57.4219,-59.3143,-56.9106],[-0.9029, 0.0195,-0.0124, 0.176 ],0.4072
2301,[-0.9   ,-0.0353, 0.0702, 0.1839],[-33.7826,-34.8167,-33.0322,-35.1346,-32.8482],[-0.899 ,-0.0393, 0.0719, 0.1736],0.3699
2302,[-0.9031, 0.0445,-0.0666, 0.1804],[-28.0374,-27.2399,-29.816 ,-29.6283,-27.5288],[-0.9022, 0.0468,-0.0674, 0.1744],0.3826
2304,[-0.8952, 0.0424,-0.1779, 0.2269],[-2.538 ,-2.1614,-2.6367,-2.9729,-2.5577],[-0.8926, 0.0558,-0.177 , 0.2136],0.2879
2310,[-0.9051, 0.0669,-0.0421, 0.1566],[-0.5301,-1.0455,18.4422,-1.3642, 4.7201],[-0.9046, 0.0634,-0.0413, 0.1525],0.3973
2312,[-0.9024, 0.0751,-0.0877, 0.1662],[-1.7639, 1.3184,-3.3259,-3.1117, 1.111 ],[-0.9016, 0.0757,-0.0849, 0.1581],0.3583
2314,[-0.9026, 0.1366,-0.1827, 0.1618],[-0.5691, 5.5297,-1.6726,-1.0721, 2.2879],[-0.9012, 0.1404,-0.1817, 0.1646],0.2809
2320,[-0.9046,-0.0647, 0.0413, 0.1695],[-8.6004,-6.9207,-9.4614,-9.4322,-7.1914],[-0.904 ,-0.0609, 0.0373, 0.1643],0.3979
2321,[-0.8965,-0.0742, 0.0887, 0.1739],[-50.9254,-52.0902,-50.2059,-51.8874,-50.0156],[-0.8956,-0.075 , 0.0866, 0.1654],0.3332
2323,[-0.8863,-0.1186, 0.1787, 0.1795],[-2.7065,-4.4788,-1.8719,-4.2893,-2.391 ],[-0.8846,-0.1234, 0.1779, 0.1726],0.2291
2330,[-0.8909, 0.1807,-0.022 , 0.1341],[-1.2388,-1.6195,-0.587 ,-1.8478,-1.3691],[-0.8923, 0.1638,-0.0247, 0.1214],0.3062
2332,[-0.9022, 0.1834,-0.1348, 0.1695],[ 4.9106, 0.5571, 1.2079,-0.0324, 2.5742],[-0.9025, 0.1755,-0.1199, 0.1726],0.299
2334,[-0.8998, 0.1975,-0.195 , 0.1651],[ 1.045 ,14.0201,-0.728 , 2.548 , 1.6003],[-0.8995, 0.1949,-0.1834, 0.1738],0.2493
2336,[-0.8785, 0.276 ,-0.2811, 0.1314],[-0.1172, 9.7925,-1.3047, 0.3832, 0.4058],[-0.8783, 0.2743,-0.2686, 0.138 ],0.1047
2341,[-0.9028,-0.1999, 0.1352, 0.163 ],[ 1.9285, 2.9317, 0.1283,-0.8941, 9.0667],[-0.9038,-0.1895, 0.1137, 0.158 ],0.3003
2343,[-0.9053,-0.199 , 0.1956, 0.1506],[ 1.4463,-0.1383,11.7713, 0.2296, 1.0567],[-0.9051,-0.1961, 0.1828, 0.1586],0.2693
2345,[-0.9064,-0.2584, 0.2786, 0.1264],[-0.4034,-1.5143, 1.9869, 0.8951, 0.4992],[-0.9057,-0.2583, 0.2693, 0.1114],0.2008
2354,[-0.9107, 0.2902,-0.2656, 0.1362],[1.7378,0.4515,0.7262,1.2034,3.3833],[-0.9114, 0.2851,-0.2521, 0.1475],0.2163
2356,[-0.8817, 0.2826,-0.3113, 0.1426],[ 0.7406, 8.3402,-0.4335, 2.2522, 1.1894],[-0.8804, 0.2831,-0.3092, 0.1411],0.0906
2361,[-0.8993,-0.3039, 0.1371, 0.1712],[-1.0524, 1.5114,-1.9938,-0.9676,-0.9514],[-0.9032,-0.2833, 0.1072, 0.1576],0.2576
2363,[-0.8984,-0.3338, 0.2308, 0.1768],[17.531 , 1.9897, 1.8961, 3.9822, 3.4147],[-0.9015,-0.3211, 0.2023, 0.1827],0.1896
2365,[-0.8961,-0.3678, 0.3141, 0.1608],[ 1.8348,-0.0631,11.6165, 1.4003, 0.1459],[-0.8982,-0.3612, 0.2941, 0.1741],0.1179
2385,[-0.9009,-0.3937, 0.3504, 0.1384],[ 1.1363, 0.016 , 2.2134,12.9959, 1.8731],[-0.9024,-0.389 , 0.3418, 0.1524],0.0945
2387,[-0.9054,-0.3963, 0.4006, 0.1274],[ 0.9376,-0.805 ,28.126 , 3.9206, 0.0393],[-0.9054,-0.3941, 0.3885, 0.1393],0.0785
2400,[-0.9003, 0.0124,-0.0095, 0.0649],[  0.3798,  2.4687,  4.7468, -2.4525,220.9807],[-0.9001, 0.012 ,-0.0095, 0.0505],0.3961
2401,[-0.8988,-0.0353, 0.0728, 0.06  ],[-12.1502,-13.5039,-10.2349,-13.6927,-12.089 ],[-0.8984,-0.0399, 0.0747, 0.0488],0.3655
2402,[-0.8997, 0.0437,-0.0686, 0.063 ],[-31.5935,-30.4258,-32.6909,-32.8523,-31.4338],[-0.8993, 0.0467,-0.0702, 0.0528],0.3685
2410,[-0.9023, 0.0662,-0.0441, 0.0623],[-0.1497,-0.7974,65.3094,-1.1274, 3.2085],[-0.9022, 0.0633,-0.0439, 0.055 ],0.3856
2412,[-0.9009, 0.0755,-0.0867, 0.0622],[ 0.1948,49.7661, 0.5263, 0.2258,17.5427],[-0.9006, 0.0763,-0.0838, 0.0555],0.3543
2414,[-0.9004, 0.1397,-0.1822, 0.0555],[ 0.928 , 4.3356,-2.3835,-1.4466, 5.2741],[-0.8994, 0.144 ,-0.1826, 0.0519],0.2728
2420,[-0.9006,-0.0633, 0.0425, 0.0455],[-5.1132,-5.4425,-7.2096,-6.5327,-2.7162],[-0.9006,-0.0599, 0.0362, 0.0376],0.3834
2421,[-0.8991,-0.0749, 0.0887, 0.0488],[ 0.6098,-3.4856, 0.1376,-2.8042,-0.0398],[-0.8988,-0.076 , 0.0862, 0.0406],0.3463
2422,[-0.8976,-0.0742,-0.0729, 0.0049],[-4.2787,-3.2922,-4.6257,-4.1813,-4.6877],[-0.8973,-0.0523,-0.111 ,-0.0107],0.3381
2423,[-0.8979,-0.1375, 0.1847, 0.0421],[ 0.3017,-3.5198,-0.1676,-1.6432, 0.8226],[-0.8968,-0.1425, 0.1863, 0.0358],0.2621
2430,[-0.8933, 0.1776,-0.0462, 0.0549],[-1.401 ,-1.7233,-0.3852,-1.5912,-1.3136],[-0.8949, 0.1622,-0.039 , 0.0439],0.3121
2432,[-0.8976, 0.1876,-0.1361, 0.0683],[ 1.9301, 0.575 , 0.9665, 1.1507,14.8717],[-0.8985, 0.1798,-0.1183, 0.0649],0.2821
2434,[-0.8992, 0.2076,-0.2198, 0.0554],[-0.1163,46.354 ,-0.6233, 1.3497, 1.0586],[-0.8989, 0.2075,-0.2121, 0.0622],0.2277
2436,[-0.8949, 0.2499,-0.3022, 0.0452],[ 0.5803, 8.1473,-0.5489,-0.2144, 0.5367],[-0.8932, 0.2533,-0.3012, 0.0537],0.1469
2441,[-0.9014,-0.1856, 0.1326, 0.0641],[1.0351,0.7562,0.4458,0.3608,9.032 ],[-0.9024,-0.1773, 0.1148, 0.0586],0.3
2443,[-0.9016,-0.1982, 0.2122, 0.0508],[ 0.3503,-0.6738,17.9978, 2.0595, 3.6459],[-0.9012,-0.1984, 0.205 , 0.0542],0.2433
2445,[-0.902 ,-0.2537, 0.2974, 0.0566],[-0.269 ,-1.1782, 6.3434, 0.0708, 1.9151],[-0.9005,-0.2567, 0.2971, 0.0567],0.1711
2454,[-0.8927, 0.292 ,-0.2622, 0.0594],[2.1   ,1.384 ,0.4643,1.3292,1.8481],[-0.8938, 0.2877,-0.2483, 0.0594],0.1588
2456,[-0.8938, 0.2906,-0.3032, 0.0939],[ 0.1814, 9.6646,-0.2303, 0.2185, 0.8648],[-0.8933, 0.2899,-0.2961, 0.0968],0.1342
2463,[-0.906 ,-0.3385, 0.2439, 0.0873],[2.7277,3.3303,1.8703,8.0893,0.5206],[-0.9093,-0.3267, 0.2149, 0.0996],0.2073
2465,[-0.9002,-0.3545, 0.3322, 0.0656],[ 0.3127,-0.3653, 9.9629, 1.7553, 0.4646],[-0.9012,-0.3512, 0.3178, 0.0788],0.1204
2467,[-0.8826,-0.3727, 0.418 , 0.0458],[-0.096 ,-1.6632, 0.9547, 1.6936,-0.1612],[-0.8809,-0.3735, 0.4118, 0.0562],0.0115
2485,[-0.8975,-0.4036, 0.3585, 0.0655],[ 1.0314,-0.1336, 1.9935, 7.8485,-0.1688],[-0.8997,-0.3995, 0.3424, 0.079 ],0.0819
2487,[-0.8987,-0.4094, 0.4231, 0.0459],[ 0.3232,-0.7257,22.045 , 3.9055, 0.2642],[-0.8984,-0.4087, 0.413 , 0.0574],0.0421
2500,[-0.9012, 0.0015,-0.0046,-0.0748],[1.4383e+00,3.4469e+00,2.8125e+00,3.9210e-01,6.8215e+02],[-0.9016, 0.0019,-0.0048,-0.0866],0.404
2501,[-0.9011,-0.0351, 0.0685,-0.0671],[ -0.4545, -1.7018,198.2659,  0.4392,  1.5257],[-0.9012,-0.0395, 0.0699,-0.0709],0.3803
2502,[-0.9006, 0.0361,-0.0672,-0.0673],[-0.8103,12.9168,-1.8444,-1.6659, 1.8695],[-0.9007, 0.0402,-0.0683,-0.0725],0.3787
2510,[-0.9014, 0.0636,-0.0474,-0.0662],[  0.3856,  0.2424,192.0939,  0.6731,  0.891 ],[-0.9018, 0.0618,-0.0481,-0.0753],0.3829
2512,[-0.9002, 0.0698,-0.078 ,-0.0661],[1.6406e+00,2.3899e+00,1.3146e-01,8.9931e-01,2.8054e+02],[-0.9005, 0.0709,-0.0774,-0.08  ],0.3594
2514,[-0.9004, 0.1404,-0.1862,-0.0655],[ 1.0471, 8.2926,-1.457 ,-0.5246,-0.3396],[-0.8997, 0.1461,-0.1882,-0.0673],0.2705
2520,[-0.9004,-0.0635, 0.0446,-0.0689],[ 0.1922,39.4493, 0.8472, 0.9814, 2.7362],[-0.9008,-0.0613, 0.0441,-0.0715],0.3801
2521,[-0.8995,-0.0738, 0.0824,-0.0655],[  1.1857,  0.2735,257.1869,  1.2332,  0.4243],[-0.8997,-0.0748, 0.0799,-0.0719],0.3533
2523,[-0.8921,-0.1429, 0.1854,-0.0462],[ 0.1007,-3.0802, 1.5994,-0.6151,-0.03  ],[-0.8914,-0.1477, 0.1864,-0.051 ],0.2394
2530,[-0.8842, 0.1811,-0.0285,-0.0416],[-1.2287,-1.5903,-0.4356,-1.2898,-0.5181],[-0.8863, 0.1655,-0.0305,-0.0465],0.2817
2532,[-0.8973, 0.1856,-0.139 ,-0.0583],[ 3.2151, 0.3098,-0.2853, 1.1526, 1.6274],[-0.8986, 0.1795,-0.1265,-0.0606],0.2791
2534,[-0.898 , 0.192 ,-0.2181,-0.0529],[ 2.0019,31.508 ,-0.1004, 3.0449, 0.3885],[-0.8976, 0.1946,-0.215 ,-0.0497],0.2275
2536,[-0.892 , 0.2365,-0.2971,-0.0572],[-0.1432, 6.9502,-0.7884, 2.9609,-0.4672],[-0.8903, 0.2419,-0.2982,-0.047 ],0.1448
2541,[-0.8987,-0.1803, 0.1399,-0.083 ],[5.9632,0.5599,0.5781,0.4263,1.0899],[-0.9   ,-0.1749, 0.1278,-0.081 ],0.2858
2543,[-0.8952,-0.1913, 0.2123,-0.062 ],[ 0.8755, 0.038 ,19.3445, 0.0886, 0.8085],[-0.895 ,-0.1932, 0.2078,-0.0644],0.2229
2545,[-0.8903,-0.2748, 0.3087,-0.0135],[ 0.4578,-1.5532, 6.2497,-0.2228, 0.9297],[-0.8893,-0.2774, 0.3075,-0.0267],0.1206
2554,[-0.906 , 0.3168,-0.2631,-0.0723],[1.0277,1.1927,0.1374,2.0257,0.8519],[-0.9081, 0.3124,-0.2554,-0.0635],0.1902
2556,[-0.8984, 0.3402,-0.3198,-0.0856],[ 3.921 , 2.0029,-0.8385, 3.317 , 0.4736],[-0.8997, 0.3388,-0.3086,-0.0745],0.1259
2563,[-0.8926,-0.2855, 0.2615,-0.0944],[1.2432,0.683 ,1.061 ,2.7776,1.0236],[-0.8938,-0.2838, 0.254 ,-0.093 ],0.156
2565,[-0.8954,-0.3133, 0.3317,-0.0507],[ 0.9138,-0.3403, 7.1932, 0.6475, 0.085 ],[-0.8951,-0.3147, 0.3256,-0.0471],0.1134
2567,[-0.9   ,-0.3689, 0.4264,-0.0627],[ 1.8661,-1.1831, 1.6872, 1.5059,-1.3441],[-0.8979,-0.3718, 0.4237,-0.048 ],0.0515
2585,[-0.8923,-0.4013, 0.3774,-0.0137],[ 0.551 , 0.012 , 1.1055, 1.7022,-0.101 ],[-8.9375e-01,-3.9954e-01, 3.6297e-01,-2.0740e-04],0.0548
2587,[-0.8975,-0.411 , 0.4526,-0.0493],[ 0.3388,-0.8252,11.2865, 1.3929,-0.2114],[-0.896 ,-0.4125, 0.4476,-0.0359],0.0171
2600,[-0.9027,-0.0011,-0.0037,-0.1425],[  1.2604,  4.0249,  2.2695,366.23  ,  2.3537],[-9.0327e-01,-4.5738e-04,-4.0877e-03,-1.3747e-01],0.4121
2601,[-0.9025,-0.0366, 0.068 ,-0.1643],[ 1.8532e-01,-2.4637e-01, 1.9159e+02, 6.1948e-01,-2.5763e-02],[-0.9031,-0.0412, 0.07  ,-0.1734],0.3878
2602,[-0.901 , 0.0367,-0.0685,-0.1679],[  1.1133,142.6702, -0.9543, -0.445 , -0.1551],[-0.9016, 0.0413,-0.0704,-0.1773],0.3811
2610,[-0.9029, 0.0651,-0.048 ,-0.1914],[1.0878e+00,6.8415e-02,4.0696e+02,9.2086e-01,1.0782e+00],[-0.9039, 0.0635,-0.0485,-0.1944],0.391
2612,[-0.9024, 0.0733,-0.078 ,-0.189 ],[ 1.0779e+00, 1.0296e+03,-1.0450e-01, 4.5887e+00, 8.8184e-01],[-0.9033, 0.0742,-0.0762,-0.1954],0.3703
2614,[-0.8996, 0.1418,-0.1838,-0.1804],[ 0.3467,19.9234,-1.8126, 2.1437, 1.062 ],[-0.8994, 0.1478,-0.1858,-0.1851],0.2696
2620,[-0.9013,-0.0671, 0.0416,-0.1663],[2.1437e-01,1.9134e+00,1.1185e-02,8.0399e+01,5.1181e-01],[-0.9022,-0.0635, 0.0354,-0.1579],0.389
2621,[-0.9018,-0.079 , 0.0838,-0.1773],[ 1.4943e+02,-9.9672e-02, 2.2953e+00, 3.7980e+00, 1.9082e+00],[-0.9025,-0.0798, 0.0808,-0.1831],0.3623
2622,[-0.8996,-0.0593,-0.0586,-0.1718],[-1.7725,-1.5752,-2.0314,-1.8605,-1.8937],[-0.9003,-0.0446,-0.0592,-0.1553],0.3786
2623,[-0.9007,-0.1397, 0.1786,-0.216 ],[ 0.4106,-1.186 ,19.1238,-0.1549, 0.4984],[-0.9009,-0.1457, 0.1801,-0.2196],0.2788
2630,[-0.9024, 0.1796,-0.0399,-0.169 ],[-0.7871,-0.3742, 0.4964,-0.2822,-0.4098],[-0.9049, 0.1635,-0.0415,-0.1525],0.3509
2632,[-0.8972, 0.1794,-0.1392,-0.1954],[ 1.2118, 0.9542,-0.6116, 3.0217, 0.6114],[-0.8989, 0.1743,-0.1241,-0.1948],0.2837
2634,[-0.896 , 0.1903,-0.2133,-0.1975],[ 2.5972,33.2384,-0.6096, 1.1979, 3.6057],[-0.8962, 0.1937,-0.2103,-0.202 ],0.2257
2636,[-0.8999, 0.2359,-0.2941,-0.1841],[-0.6296, 8.8099,-1.2943, 0.1602,-0.4689],[-0.8986, 0.243 ,-0.2983,-0.1738],0.1704
2640,[-0.9026,-0.1686, 0.038 ,-0.1758],[-0.7495, 0.1575,-1.505 ,-1.1975,-0.8662],[-0.905 ,-0.1535, 0.0398,-0.1914],0.3569
2641,[-0.8927,-0.1827, 0.1393,-0.1644],[ 1.2041,-1.667 ,-1.0874, 0.9137, 0.1574],[-0.8944,-0.177 , 0.1226,-0.1651],0.2667
2643,[-0.8991,-0.1978, 0.208 ,-0.1911],[ 1.5805, 0.3388,54.0395, 1.2025, 0.4631],[-0.8996,-0.1998, 0.2044,-0.1841],0.2377
2654,[-0.9074, 0.2835,-0.2582,-0.1551],[ 0.9507, 1.3067,-0.1121, 0.6005, 0.0923],[-0.9087, 0.2823,-0.2545,-0.1453],0.207
2656,[-0.9008, 0.3271,-0.3409,-0.1711],[ 1.3299, 8.0798,-0.2958, 2.2943,-0.7224],[-0.9009, 0.3297,-0.3367,-0.1575],0.1209
2658,[-0.8987, 0.3682,-0.3978,-0.2194],[-0.2059, 4.1969,-0.47  ,-0.0659,-0.853 ],[-0.8981, 0.372 ,-0.3939,-0.2044],0.0659
2663,[-0.8906,-0.2868, 0.2762,-0.1351],[0.6364,0.6682,0.6403,1.4335,0.3292],[-0.891 ,-0.2878, 0.2848,-0.1188],0.1312
2667,[-0.9053,-0.3652, 0.437 ,-0.16  ],[ 1.3175,-1.2322, 0.2818, 2.0864,-1.8454],[-0.9026,-0.3703, 0.4381,-0.1452],0.0584
2687,[-0.9068,-0.4052, 0.4613,-0.1496],[-0.096 ,-0.756 , 1.8949, 2.0422,-0.8268],[-0.9046,-0.4089, 0.4628,-0.1343],0.034
2700,[-0.8978,-0.0138,-0.0013,-0.3166],[ 2.4264, 1.766 ,17.211 , 3.4403, 2.1876],[-0.8992,-0.0114,-0.0065,-0.3066],0.3935
2701,[-0.9012,-0.0485, 0.0775,-0.283 ],[-1.687 ,-3.2464,-1.3069,-1.624 ,-2.0555],[-0.9022,-0.0532, 0.0799,-0.2831],0.3738
2702,[-0.899 , 0.0315,-0.0847,-0.3028],[-5.7018,-4.595 ,-6.7786,-5.9924,-6.0081],[-0.8998, 0.0395,-0.0907,-0.2969],0.3645
2710,[-0.9016, 0.0676,-0.047 ,-0.2807],[ 1.0404, 5.2905,97.825 , 2.8807, 0.7526],[-0.903 , 0.0658,-0.0478,-0.2809],0.3865
2712,[-0.9027, 0.0747,-0.0769,-0.2727],[  1.4162,  4.3917,  0.8371,151.4732,  2.1036],[-0.9039, 0.0756,-0.0757,-0.2659],0.3726
2714,[-0.8982, 0.1396,-0.1843,-0.2659],[ 0.5357, 0.0504,-2.2069, 0.8217,-1.1316],[-0.8983, 0.1465,-0.1872,-0.2628],0.265
2720,[-0.8956,-0.0693, 0.0449,-0.3007],[ 1.0525,35.9401,-0.189 , 1.0934, 0.6079],[-0.897 ,-0.0669, 0.0443,-0.2926],0.3619
2721,[-0.8962,-0.0836, 0.0851,-0.2967],[ 0.94  , 0.7756,67.1728, 1.4044, 1.195 ],[-0.8974,-0.0844, 0.0821,-0.2932],0.3393
2723,[-0.8983,-0.1509, 0.1834,-0.2817],[ 1.8465,-0.7656, 7.109 , 0.6552,-0.6948],[-0.8987,-0.1567, 0.1865,-0.2822],0.2631
2732,[-0.8989, 0.1855,-0.1351,-0.2805],[-0.2619, 0.5122,-0.3945, 3.2606, 0.99  ],[-0.9013, 0.1792,-0.1175,-0.276 ],0.2936
2734,[-0.9   , 0.2012,-0.2075,-0.2833],[ 1.8984,21.1363,-0.1342, 1.3257, 0.4518],[-0.9011, 0.2034,-0.2021,-0.2875],0.2428
2736,[-0.906 , 0.2581,-0.3087,-0.2907],[ 0.492 , 1.7535,-1.6446, 1.2572,-1.0785],[-0.9051, 0.2657,-0.3103,-0.2821],0.1759
2741,[-0.8753,-0.1716, 0.1587,-0.264 ],[ 0.0047,-0.1386, 0.5664, 1.4582,-0.1656],[-0.8768,-0.1706, 0.1478,-0.247 ],0.1927
2743,[-0.9002,-0.1845, 0.2067,-0.2683],[ 0.9447, 0.4737, 5.1716,12.9994, 0.608 ],[-0.9006,-0.189 , 0.2086,-0.2579],0.2446
2756,[-0.9018, 0.3004,-0.3576,-0.3107],[ 0.011 , 2.707 ,-0.3869, 4.1597, 0.0209],[-0.9003, 0.3081,-0.3634,-0.2935],0.1155
2758,[-0.9002, 0.3444,-0.4002,-0.2894],[-0.6073, 0.3398,-0.6644, 1.3411,-0.6377],[-0.8985, 0.3508,-0.4017,-0.2731],0.0731
2800,[-0.8932,-0.0126,-0.0009,-0.4325],[107.2663,  3.4324,  2.7261,  6.0979,  0.9047],[-0.8951,-0.0105,-0.0057,-0.4193],0.3764
2801,[-0.9034,-0.0233, 0.0794,-0.4348],[ 0.1926,-0.8192, 3.7138, 3.2559,-0.3298],[-0.9048,-0.0323, 0.0843,-0.4201],0.3926
2802,[-0.897 , 0.01  ,-0.0792,-0.4175],[-0.4107,27.2126,-0.2881, 1.2482,-0.9279],[-0.8984, 0.02  ,-0.0843,-0.4037],0.369
2810,[-0.8906, 0.0746,-0.041 ,-0.4329],[ 1.9022, 1.0338,54.2878, 2.2644, 0.6294],[-0.8927, 0.0715,-0.0408,-0.4192],0.3426
2812,[-0.8927, 0.0921,-0.0915,-0.4377],[  1.7743,110.6692,  0.5024,  5.0547,  1.4489],[-0.8946, 0.0932,-0.0896,-0.4229],0.3195
2814,[-0.8986, 0.1496,-0.1821,-0.4461],[ 1.3331, 1.2955,-0.7721, 1.7287,-0.2097],[-0.8996, 0.1564,-0.1845,-0.4296],0.2678
2820,[-0.8848,-0.067 , 0.0393,-0.44  ],[ 1.1671, 3.872 ,-0.036 , 5.0751, 1.1294],[-0.8869,-0.064 , 0.034 ,-0.4253],0.3248
2821,[-0.88  ,-0.0876, 0.0854,-0.4362],[3.382 ,0.4446,2.8324,5.3477,0.3205],[-0.8818,-0.0884, 0.0849,-0.4199],0.2725
2823,[-0.8787,-0.1361, 0.1802,-0.3881],[-0.3145,-1.018 , 1.6437,-0.441 ,-0.6384],[-0.8792,-0.1426, 0.1851,-0.3713],0.1983
2832,[-0.8848, 0.1819,-0.1284,-0.4524],[1.3409,0.9674,0.914 ,4.0338,0.2161],[-0.8877, 0.1779,-0.1222,-0.4351],0.2403
2834,[-0.8946, 0.2109,-0.2041,-0.4377],[0.3359,8.8982,0.1545,2.2335,0.7562],[-0.8965, 0.2127,-0.2   ,-0.4212],0.2233
2836,[-0.9107, 0.2766,-0.3503,-0.4143],[-0.3514,-0.0193,-0.5752, 0.0798,-0.5608],[-0.9088, 0.2884,-0.3619,-0.4009],0.1524
2841,[-0.8741,-0.1677, 0.1451,-0.4685],[0.2769,0.1673,0.6119,1.1134,0.5647],[-0.8766,-0.1669, 0.1369,-0.4624],0.198
2856,[-0.9078, 0.2938,-0.3671,-0.3921],[ 0.6286, 1.6883,-0.8219, 2.4833,-0.4601],[-0.9057, 0.3044,-0.3766,-0.3745],0.1279
2900,[-0.8882,-0.0009,-0.0204,-0.7787],[  1.5909,  1.7333,  1.5747,319.5464, -1.008 ],[-0.8916, 0.0027,-0.0255,-0.7595],0.3628
2901,[-0.9023,-0.0075, 0.0712,-0.5515],[ 1.2199, 0.2162, 8.1171, 2.6769,-0.5536],[-0.9043,-0.0178, 0.0771,-0.5339],0.4003
2902,[-0.8896, 0.0355,-0.0707,-0.8082],[ 2.3134e-01, 2.5130e+02,-8.7899e-01, 1.0920e+00,-7.3357e-01],[-0.8928, 0.0417,-0.073 ,-0.7909],0.3431
2910,[-0.8827, 0.0715,-0.0411,-0.6619],[ 0.5145,-0.0843, 7.0006, 8.2352,-0.7783],[-0.8858, 0.0689,-0.0389,-0.6451],0.3162
2912,[-0.888 , 0.0925,-0.0935,-0.7046],[  0.241 ,  3.3409, -1.225 ,210.533 , -1.363 ],[-0.8909, 0.0949,-0.094 ,-0.6863],0.3019
2914,[-0.8881, 0.1487,-0.1766,-0.7379],[ 0.4109,53.3114,-0.9054, 0.7666,-0.5408],[-0.8903, 0.1561,-0.1795,-0.72  ],0.2351
2920,[-0.882 ,-0.0687, 0.0401,-0.6311],[-12.7023,-13.5022,-12.8328,  0.7584,-14.5059],[-0.8849,-0.0657, 0.0342,-0.6158],0.3152
2921,[-0.8778,-0.0834, 0.0781,-0.6145],[-15.2597,-16.5057, -5.3143,-10.7965,-17.1458],[-0.8805,-0.0843, 0.0774,-0.5987],0.272
2922,[-0.9079,-0.06  ,-0.0644,-0.6123],[-0.3912, 0.0985,-0.8357,-0.5044,-0.3717],[-0.91  ,-0.0364,-0.1024,-0.5937],0.4052
2932,[-0.8963, 0.1749,-0.1487,-0.6386],[ 2.6043e+01, 1.9184e+00,-1.7529e-02, 2.4372e+00, 1.2669e-01],[-0.8995, 0.1747,-0.142 ,-0.6214],0.2778
2934,[-0.8902, 0.1989,-0.1953,-0.6522],[-1.7781e-01, 3.9678e-01,-1.1354e+00, 7.4662e+01, 4.6468e-02],[-0.8927, 0.2025,-0.1934,-0.6338],0.2171
2941,[-0.8695,-0.1669, 0.1573,-0.5038],[-0.6353,-1.6177,-0.6866,-0.7993,-0.997 ],[-0.8718,-0.1679, 0.1522,-0.4865],0.1747
3000,[-0.8645, 0.0343,-0.0055, 0.5263],[-1.4349,-1.5559,-1.5187,-2.2635,-1.5217],[-0.8623, 0.032 ,-0.0119, 0.5143],0.2494
3100,[-0.8565,-0.0471, 0.052 , 0.4044],[-7.2663,-6.8586,-6.7225,-7.7464,-6.3954],[-0.8547,-0.047 , 0.0535, 0.4023],0.2015
3101,[-0.8544,-0.0473, 0.057 , 0.3994],[-1.7576,-2.5549,-0.7689,-2.7367,-1.4939],[-0.8526,-0.0475, 0.0567, 0.3865],0.1923
3200,[-0.8525,-0.0421, 0.0376, 0.3181],[-10.2531, -9.6984,-10.2558,-10.9616, -9.6215],[-0.8511,-0.0411, 0.0351, 0.3111],0.1954
3201,[-0.8454,-0.0459, 0.0568, 0.309 ],[-2.9798,-4.1089,-2.6701,-4.1546,-2.2112],[-0.844 ,-0.0464, 0.0568, 0.2967],0.1655
3202,[-0.8656, 0.0519,-0.0587, 0.266 ],[-4.246 ,-3.0883,-4.8909,-5.0321,-3.6272],[-0.8645, 0.052 ,-0.0584, 0.2521],0.2318
3221,[-0.8645,-0.0871, 0.1057, 0.2753],[-5.0732,-5.9915,-4.4187,-6.0114,-3.8582],[-0.8632,-0.0875, 0.1013, 0.2676],0.1971
3300,[-0.8539,-0.0059,-0.0209, 0.185 ],[ -8.8576, -8.335 , -8.6538,-10.1435, -8.0246],[-0.8531,-0.0036,-0.0228, 0.1767],0.2143
3301,[-0.8636,-0.0469, 0.0708, 0.1808],[-3.1761,-3.7448,-1.9831,-4.2175,-2.7731],[-0.8626,-0.0488, 0.0711, 0.1681],0.2215
3302,[-0.845 , 0.0415,-0.0767, 0.1653],[-3.7348,-2.4354,-4.5544,-4.7665,-2.4286],[-0.844 , 0.044 ,-0.0783, 0.1569],0.1594
3312,[-0.8665, 0.0811,-0.1117, 0.1266],[-1.3942,-0.7826,-2.7868,-3.0368,-1.0328],[-0.8656, 0.0834,-0.1099, 0.112 ],0.2038
3321,[-0.8617,-0.1117, 0.1261, 0.1766],[-2.616 ,-3.4196,-1.1744,-3.4219,-1.1152],[-0.8609,-0.1118, 0.1195, 0.165 ],0.1728
3323,[-0.8659,-0.1413, 0.1843, 0.1765],[-2.3866,-3.6013,-0.9719,-3.0103,-0.7474],[-0.8645,-0.1438, 0.1812, 0.1632],0.1487
3400,[-0.8632,-0.0064,-0.0037, 0.0503],[-3.8528,-3.6948,-3.2295,-5.6458,-3.3971],[-0.863 ,-0.0055,-0.0036, 0.0368],0.2446
3401,[-0.8646,-0.0512, 0.0613, 0.059 ],[-4.5536,-5.1536,-3.519 ,-5.6818,-3.4462],[-0.8643,-0.0518, 0.059 , 0.0447],0.2312
3402,[-0.8601, 0.0466,-0.0695, 0.0704],[-3.4538,-1.8338,-4.6514,-4.4537,-2.8538],[-0.8596, 0.0486,-0.0706, 0.0599],0.2114
3410,[-0.8661, 0.0662,-0.0475, 0.0416],[-1.8041,-2.7184,-1.2171,-2.9233,-1.3935],[-0.8661, 0.0647,-0.0511, 0.0301],0.2357
3412,[-0.8636, 0.075 ,-0.0859, 0.0414],[-0.0535, 2.0249,-1.8719,-1.372 , 2.3573],[-0.8634, 0.0755,-0.0812, 0.0284],0.2101
3414,[-0.8665, 0.1432,-0.198 , 0.0036],[-0.369 , 1.6643,-2.4353,-0.444 , 2.6786],[-0.8653, 0.1479,-0.2005,-0.012 ],0.1425
3420,[-0.8603,-0.0823, 0.0277, 0.0573],[-1.5011,-1.241 ,-2.5602,-2.7736,-1.1493],[-0.8605,-0.0771, 0.024 , 0.0455],0.2211
3421,[-0.8613,-0.1115, 0.1148, 0.0639],[ 1.2081,-1.4364, 2.0318,-1.0455, 2.3511],[-0.8611,-0.1111, 0.1087, 0.0498],0.1781
3423,[-0.8622,-0.1558, 0.1756, 0.0973],[-1.329 ,-1.9827, 5.6458, 0.0655, 2.3935],[-0.8616,-0.1564, 0.1682, 0.0852],0.1395
3432,[-0.8613, 0.2373,-0.1446, 0.0103],[-0.315 ,-0.5831, 0.2733,-0.7145, 0.2636],[-0.8638, 0.228 ,-0.119 ,-0.0045],0.138
3434,[-0.8596, 0.2569,-0.2285, 0.0206],[ 0.266 , 2.7539,-0.7792, 0.3106, 1.8049],[-0.8607, 0.2536,-0.2124, 0.0259],0.0831
3500,[-0.8632,-0.0045,-0.0012,-0.0565],[-7.8184,-6.5107,-7.7706,-9.0918,-7.2743],[-0.8636,-0.0039,-0.0022,-0.0672],0.247
3501,[-0.8631,-0.0488, 0.0657,-0.0528],[-5.8378,-5.9107,-4.4235,-5.8355,-4.9189],[-0.8632,-0.0505, 0.0662,-0.0647],0.225
3502,[-0.8618, 0.0394,-0.0656,-0.0538],[-5.0938,-4.3595,-6.5181,-6.2372,-4.3576],[-0.8619, 0.0419,-0.0659,-0.0642],0.224
3510,[-0.8641, 0.0632,-0.0412,-0.069 ],[-5.0941,-5.7833,-4.9475,-6.0824,-5.0187],[-0.8646, 0.0607,-0.0343,-0.0815],0.2383
3512,[-0.8649, 0.0756,-0.0804,-0.0486],[-1.9515,-0.6543,-3.7091,-3.399 ,-1.408 ],[-0.8651, 0.0758,-0.0763,-0.0637],0.218
3514,[-0.8653, 0.1479,-0.2005,-0.012 ],[-0.0418, 3.2737,-2.2069,-0.7314,-0.1001],[-0.8643, 0.1524,-0.202 ,-0.0268],0.1368
3520,[-0.8614,-0.0708, 0.0233,-0.0478],[-5.905 ,-5.2854,-7.023 ,-6.8542,-5.4185],[-0.8619,-0.0665, 0.0221,-0.0566],0.2289
3521,[-0.8606,-0.1146, 0.1118,-0.0505],[-3.1575,-4.2284,-2.5577,-4.4371,-2.0453],[-0.8609,-0.1139, 0.1055,-0.0658],0.1781
3532,[-0.8652, 0.2224,-0.1049,-0.0123],[-1.1899,-0.5913,-0.3997, 0.2074, 0.6671],[-0.8679, 0.21  ,-0.0752,-0.028 ],0.1757
3534,[-0.852 , 0.2639,-0.2691,-0.0029],[ 0.9093, 7.5847,-0.6489, 0.5027, 0.9161],[-0.8522, 0.2636,-0.2582, 0.0022],0.0384
3536,[-0.8597, 0.2526,-0.298 ,-0.0362],[-0.3214, 6.4674,-1.4891, 0.4828, 0.2257],[-0.8585, 0.2553,-0.2939,-0.0279],0.0456
3600,[-0.8608, 0.0062,-0.0084,-0.1713],[-7.579 ,-7.8911,-7.422 ,-8.7834,-7.0287],[-0.8616, 0.0067,-0.01  ,-0.186 ],0.2432
3602,[-0.8664, 0.0054,-0.0617,-0.1841],[-7.9008,-7.1755,-8.726 ,-8.5614,-7.6151],[-0.8669, 0.0116,-0.0674,-0.1679],0.2529
3610,[-0.8644, 0.0573,-0.0516,-0.1379],[-4.8511,-5.9644,-4.1836,-6.0125,-5.0502],[-0.865 , 0.0564,-0.0448,-0.1215],0.2374
3612,[-0.8654, 0.0627,-0.0781,-0.1561],[-4.3279,-3.2318,-5.6256,-5.3481,-4.6973],[-0.866 , 0.0642,-0.0749,-0.1722],0.2264
3621,[-0.8587,-0.1027, 0.1069,-0.176 ],[-3.0963,-4.4743,-2.4191,-4.2681,-2.626 ],[-0.8596,-0.1032, 0.1025,-0.1874],0.1788
3643,[-0.8636,-0.1809, 0.1856,-0.199 ],[1.1029,0.0141,4.5074,0.8807,1.2026],[-0.8643,-0.1818, 0.1809,-0.1872],0.1336
3700,[-0.862 ,-0.0036, 0.0044,-0.3164],[ 1.4759, 0.909 , 1.5125,-1.2095, 0.1894],[-0.8636,-0.004 , 0.0063,-0.3327],0.2454
3702,[-0.8451, 0.0468,-0.084 ,-0.3399],[-3.983 ,-3.1957,-4.3325,-3.5771,-3.5008],[-0.8462, 0.0508,-0.0869,-0.3254],0.1582
3710,[-0.8596, 0.0713,-0.0416,-0.3363],[-1.3235,-2.3462, 0.3149,-1.9868,-0.8859],[-0.8613, 0.0687,-0.0388,-0.3397],0.2217
3712,[-0.8574, 0.0808,-0.0901,-0.3342],[-1.3182,-0.4446,-2.2137,-1.7488,-0.758 ],[-0.8587, 0.082 ,-0.0855,-0.3328],0.19
3714,[-0.8625, 0.1437,-0.1725,-0.371 ],[ 1.1787, 1.2511,-2.0098,-0.8649,-0.6882],[-0.8635, 0.1477,-0.1703,-0.3885],0.1483
3720,[-0.8509,-0.066 , 0.0465,-0.3378],[-1.8468,-1.0729,-2.1573,-1.9   ,-1.4558],[-0.8525,-0.0645, 0.0441,-0.3365],0.1906
3721,[-0.8609,-0.086 , 0.0863,-0.3394],[-1.109 ,-2.311 ,-0.2695,-1.5405, 0.2411],[-0.8623,-0.0867, 0.0851,-0.3328],0.2005
3723,[-0.8583,-0.1452, 0.1805,-0.3114],[-0.2131,-1.0259, 3.0702,-0.1835,-0.2593],[-0.8588,-0.1497, 0.183 ,-0.3021],0.1276
3743,[-0.861 ,-0.1694, 0.1937,-0.2658],[ 0.6165,-0.6325, 5.421 , 1.1576, 0.2137],[-0.8614,-0.1728, 0.1949,-0.2507],0.1226
3800,[-0.8584,-0.0333,-0.0053,-0.4416],[ 2.6944, 1.3252, 4.6036, 1.3143,29.2198],[-0.8604,-0.0291,-0.0121,-0.4509],0.236
3802,[-0.8447, 0.0297,-0.0802,-0.4585],[-0.0897, 7.529 ,-1.6241, 0.408 , 1.0258],[-0.8463, 0.0352,-0.0836,-0.4503],0.1661
3810,[-0.8589, 0.0753,-0.0365,-0.4451],[1.7449,0.2188,3.1622,0.2619,0.3336],[-0.8611, 0.072 ,-0.0334,-0.4457],0.2212
3812,[-0.8547, 0.0881,-0.1074,-0.4464],[ 0.765 , 4.0796,-0.2545, 3.7427, 1.0936],[-0.8563, 0.0908,-0.1051,-0.4358],0.1715
3814,[-0.862 , 0.1362,-0.1713,-0.4154],[ 0.8455, 1.6439,-1.7345, 0.1879, 0.3804],[-0.863 , 0.1411,-0.1709,-0.4179],0.1491
3820,[-0.8528,-0.0667, 0.047 ,-0.4493],[0.4977,2.1099,0.1281,1.0505,0.0314],[-0.8549,-0.0654, 0.0455,-0.4453],0.1986
3821,[-0.8568,-0.0807, 0.0836,-0.4531],[ 2.069 ,-0.9164, 3.5588, 1.0399, 0.6517],[-0.8587,-0.0821, 0.0844,-0.441 ],0.1902
3823,[-0.856 ,-0.1173, 0.1703,-0.3839],[-0.858 ,-1.74  , 0.3889, 1.2351,-0.3468],[-0.8566,-0.123 , 0.1681,-0.3663],0.1363
3834,[-0.8622, 0.1927,-0.1813,-0.488 ],[ 3.9197, 2.0582,-0.7777, 2.9632,-0.2444],[-0.8646, 0.1935,-0.172 ,-0.4949],0.1335
3900,[-0.8431,-0.0104, 0.0039,-1.0216],[  0.8034,  1.3952,  3.4784,436.4354,  1.9111],[-0.8476,-0.0093,-0.0017,-1.0046],0.1963
3901,[-0.8324,-0.0452, 0.0684,-1.0718],[-0.1725,-1.667 , 1.7778,39.5137,-0.5795],[-0.8368,-0.0487, 0.0686,-1.0594],0.1357
3902,[-0.8393, 0.0313,-0.0831,-0.8781],[-2.5128,17.5921,-4.1321,16.704 ,-3.65  ],[-0.8426, 0.0375,-0.0865,-0.8606],0.1521
3910,[-0.8472, 0.0661,-0.0504,-0.7325],[ 0.6003, 0.0966,57.4912, 1.1839, 0.6797],[-0.8504, 0.0659,-0.0519,-0.7227],0.1808
3912,[-0.8479, 0.0752,-0.0895,-0.7793],[ 1.2923e-01, 1.7569e+02,-6.8202e-01, 3.2043e+00, 3.9149e-01],[-0.851 , 0.0782,-0.0894,-0.7664],0.1643
3914,[-0.8549, 0.1389,-0.1832,-0.7282],[-0.271 ,-0.2372,-1.8214, 7.7486,-1.1656],[-0.8567, 0.1461,-0.1866,-0.7114],0.1215
3920,[-0.8443,-0.0701, 0.0486,-0.6814],[ 1.0742,66.2562, 0.8241, 1.2149, 0.6808],[-0.8474,-0.0694, 0.0505,-0.6673],0.1696
3921,[-0.8443,-0.0762, 0.0742,-0.6982],[ 8.1477e-01,-4.9870e-01, 1.9557e+01, 8.6686e+01, 3.8824e-02],[-0.8473,-0.0773, 0.0731,-0.6822],0.1587
3934,[-0.8605, 0.1789,-0.2087,-0.6547],[ 0.8111, 8.2352,-0.8827, 0.365 , 0.2357],[-0.8622, 0.1848,-0.2085,-0.6373],0.1152
4312,[-0.8216, 0.057 ,-0.098 , 0.1322],[ 0.2869, 1.1217,-1.3015,-1.0056, 1.3529],[-0.8206, 0.0597,-0.1005, 0.1189],0.0723
4412,[-0.8194, 0.0638,-0.1028, 0.0971],[ 0.5521, 1.7848,-1.4025,-1.1459, 1.402 ],[-0.8186, 0.0663,-0.1035, 0.0831],0.0636
4721,[-0.8216,-0.0677, 0.057 ,-0.3698],[-0.0633,-0.8988, 0.6608,-0.7618, 0.1305],[-0.8234,-0.0677, 0.06  ,-0.3872],0.0905
4810,[-0.7835, 0.0598,-0.0322,-0.4606],[-0.0111,-0.1998, 1.3533,-0.2279, 0.7018],[-0.7858, 0.0583,-0.0298,-0.4777],-0.0004
4820,[-0.813 ,-0.0713, 0.0465,-0.4428],[-0.0363, 0.4622,-0.3385,-0.4778,-0.3425],[-0.8151,-0.0703, 0.0505,-0.4269],0.0686
4821,[-0.812 ,-0.0721, 0.0567,-0.4515],[ 0.1978,-0.471 , 1.2391, 0.2143, 0.3598],[-0.8141,-0.0711, 0.0505,-0.4352],0.0655
4900,[-0.7969,-0.0064, 0.0031,-0.9787],[1.2367e+00,1.4992e+00,4.8771e+02,3.5798e-01,2.0856e+00],[-8.0126e-01,-5.8996e-03,-9.0571e-04,-9.9189e-01],0.0515
4901,[-0.7938,-0.0387, 0.0746,-0.9008],[-0.2924,-1.1371,73.5009, 0.5868,-0.3107],[-0.7973,-0.0424, 0.0763,-0.8884],0.0215
4902,[-0.8023, 0.03  ,-0.0713,-0.9574],[-2.5313, 2.2964,-3.1415, 0.4125,-2.7994],[-0.8062, 0.0344,-0.0738,-0.9523],0.0481
4910,[-0.8077, 0.0618,-0.0506,-0.8131],[ 1.0622, 0.0433,18.6295, 0.5704, 1.0041],[-0.8113, 0.0621,-0.052 ,-0.801 ],0.0608
4912,[-0.8096, 0.061 ,-0.0677,-0.8528],[ 2.522 ,23.5094,-0.8215, 0.1304, 5.0394],[-0.8132, 0.0625,-0.066 ,-0.8372],0.0614
4920,[-0.8035,-0.0654, 0.0451,-0.7832],[ 0.2069, 6.7624,-0.3819, 0.6078, 0.4593],[-0.8071,-0.0649, 0.0458,-0.7776],0.0501
4921,[-0.8074,-0.0679, 0.083 ,-0.7979],[ 0.2113,-0.148 , 9.9271, 0.7918,-0.0537],[-0.8107,-0.0702, 0.0814,-0.7892],0.0479
4923,[-0.8124,-0.1251, 0.1702,-0.9132],[-0.6541,-1.8274, 1.9755,-0.0065,-0.8817],[-0.8151,-0.1311, 0.1697,-0.9018],0.0142
5712,[-0.7707, 0.0651,-0.0617,-0.3668],[ 0.3381, 0.9463,-0.5643,-0.488 , 0.8772],[-0.7724, 0.0651,-0.0585,-0.3676],-0.0415
5800,[-0.7471, 0.0127, 0.0163,-0.465 ],[-0.1061,-0.0918, 0.0518,-1.4504, 0.2997],[-0.7493, 0.0109, 0.0178,-0.4741],-0.0774
5801,[-0.7374,-0.0438, 0.0665,-0.4682],[-0.5652,-1.0224,-0.537 ,-1.0885,-0.2041],[-0.7393,-0.0454, 0.0667,-0.482 ],-0.1089
5802,[-0.7344, 0.0449,-0.0766,-0.4906],[-0.3073,-0.3266,-1.026 ,-0.9732, 0.0788],[-0.7362, 0.0471,-0.0776,-0.4847],-0.1175
5810,[-0.7557, 0.0613,-0.0273,-0.4509],[-0.0583,-0.8425, 0.2076,-0.2987, 0.5159],[-0.7579, 0.0594,-0.0227,-0.4548],-0.0654
5812,[-0.7535, 0.0625,-0.0694,-0.4319],[-0.3823, 1.7685,-0.9191,-0.731 , 0.4823],[-0.7553, 0.0632,-0.0672,-0.4253],-0.0798
5900,[-0.7527, 0.003 , 0.0089,-0.8211],[1.0828e+00,3.2996e-01,2.0434e+00,3.1195e-01,8.0628e+02],[-0.7563, 0.0022, 0.0093,-0.8405],-0.0599
5901,[-0.759 ,-0.0255, 0.0648,-0.8647],[-10.3286,-11.6533, -9.1424,-10.9869,-10.184 ],[-0.7626,-0.0287, 0.066 ,-0.8713],-0.056
5902,[-0.7569, 0.0321,-0.0632,-0.8205],[ 0.3566,45.9692,-0.5599, 0.0657, 0.8966],[-0.7604, 0.0347,-0.0633,-0.8357],-0.0614
5910,[-0.7504, 0.0704,-0.0314,-0.6909],[ 1.7487, 0.4645,13.2881,-0.6266, 2.8972],[-0.7537, 0.0688,-0.0329,-0.6939],-0.0774
5912,[-0.7567, 0.0694,-0.0599,-0.7024],[ 0.3428, 3.1155,-0.6218,-0.3572, 2.7227],[-0.7599, 0.0696,-0.0585,-0.7009],-0.0696
5920,[-0.7614,-0.0649, 0.0405,-0.7671],[-1.7071,-1.1648,-2.1946,-2.4548,-1.7944],[-0.765 ,-0.0638, 0.0366,-0.7739],-0.0522
5921,[-0.7545,-0.0695, 0.0776,-0.7617],[ 1.0779,-0.5918, 5.428 ,-0.5848, 4.2603],[-0.7578,-0.0707, 0.0745,-0.7695],-0.0777
6600,[-0.6892,-0.0268, 0.0471,-0.2395],[-0.3792, 0.3178,-0.2789,-1.1915, 1.0137],[-0.6903,-0.0276, 0.0417,-0.2564],-0.187
6700,[-0.6955, 0.0026, 0.0024,-0.3527],[-0.1297,-0.5947, 0.6222,-1.5018, 3.2108],[-0.697 , 0.0023, 0.0038,-0.3638],-0.172
6701,[-0.6949,-0.0145, 0.0745,-0.3494],[-0.7372,-2.1525, 0.5241,-2.1077,-0.0107],[-0.6961,-0.0173, 0.0726,-0.357 ],-0.1811
6702,[-0.6947, 0.0267,-0.0678,-0.3424],[-0.7707, 0.2471,-1.4444,-2.0359, 0.6221],[-0.696 , 0.0287,-0.0644,-0.3493],-0.1818
6800,[-0.6985, 0.0031, 0.0027,-0.4502],[-32.7222,-32.9892,-32.7679,-34.1142,-32.0164],[-0.7005, 0.0028, 0.0032,-0.461 ],-0.1655
6801,[-0.6994,-0.0179, 0.0754,-0.4525],[-8.4496,-9.3015,-7.2763,-9.4767,-7.6628],[-0.7011,-0.0208, 0.0745,-0.4619],-0.174
6802,[-0.697 , 0.028 ,-0.0737,-0.4579],[-6.9859,-5.8625,-8.0661,-8.6923,-6.274 ],[-0.6987, 0.0304,-0.0726,-0.4675],-0.179
6810,[-0.7118, 0.0675,-0.0332,-0.4772],[-0.3554,-0.8894, 0.0536,-1.4677, 0.5456],[-0.7142, 0.0655,-0.0228,-0.4775],-0.1498
6812,[-0.6967, 0.0683,-0.1136,-0.4749],[-1.063 ,-0.1657,-2.4124,-2.245 , 0.1529],[-0.6982, 0.0708,-0.1089,-0.4833],-0.1929
6821,[-0.7022,-0.0663, 0.1028,-0.4495],[-1.077 ,-1.7799, 0.3229,-1.6192, 0.5297],[-0.7038,-0.0685, 0.1033,-0.463 ],-0.1824
6900,[-0.7148, 0.0093, 0.0052,-0.6294],[  0.4792,  1.3659,  5.2334, -0.5904,432.652 ],[-0.7177, 0.0085, 0.0069,-0.6477],-0.1361
6901,[-0.7124,-0.0257, 0.0734,-0.6138],[-0.4538,-1.9797, 5.4219,-1.618 , 3.3806],[-0.7148,-0.0284, 0.0717,-0.6279],-0.1515
6902,[-0.7077, 0.0341,-0.0719,-0.5877],[  1.1146,109.2768, -0.7891, -1.1551,  0.6498],[-0.7101, 0.0363,-0.0693,-0.602 ],-0.1602
6910,[-0.7107, 0.066 ,-0.0207,-0.6752],[ 0.9939,-1.558 , 0.5857,-2.042 , 7.536 ],[-0.714 , 0.0635,-0.0094,-0.691 ],-0.1505
6911,[-0.7049, 0.0583, 0.0732,-0.6938],[-2.5556,-2.511 ,-1.6043,-2.0365,-2.3896],[-0.7079, 0.0523, 0.0615,-0.712 ],-0.1659
6912,[-0.7042, 0.069 ,-0.0811,-0.6162],[ 0.0446,24.4562,-2.4558,-1.8599, 0.1648],[-0.7068, 0.0698,-0.0735,-0.6283],-0.1727
6920,[-0.7316,-0.068 , 0.048 ,-0.6411],[-0.7709,-0.6194,-0.7951,-0.7196,-0.1475],[-0.7347,-0.067 , 0.0393,-0.6403],-0.1168
6921,[-0.7211,-0.069 , 0.0955,-0.6501],[-1.801 ,-3.1927,-1.3359,-2.9542,-0.6476],[-0.7237,-0.0711, 0.0945,-0.6605],-0.1482
7422,[-0.6698,-0.1477,-0.1172, 0.0126],[-4.5134,-3.8912,-6.9315,-5.6609,-3.2726],[-0.6702,-0.1371,-0.123 , 0.0034],-0.2449
7442,[-0.6662,-0.1833,-0.0915, 0.0174],[-3.12  ,-2.6346,-4.7326,-3.633 ,-1.5297],[-0.6676,-0.1724,-0.1008, 0.0132],-0.25
7500,[-0.67  ,-0.0056,-0.0273,-0.113 ],[-1.3152,-1.5824,-0.6734,-1.7003, 0.4412],[-0.6704,-0.0044,-0.0242,-0.1193],-0.2112
7502,[-0.6673,-0.0373,-0.1183,-0.1046],[-3.0673,-2.186 ,-4.9979,-4.5062,-2.1349],[-0.6671,-0.0313,-0.1122,-0.115 ],-0.2321
7522,[-0.6711,-0.1287,-0.1262,-0.0752],[-3.8535,-2.5344,-8.4567,-6.6184,-1.9744],[-0.6715,-0.1183,-0.1308,-0.0897],-0.2417
7524,[-0.6681,-0.0779,-0.1698,-0.1194],[-5.6306,-5.1884,-6.6731,-6.1622,-5.3045],[-0.6671,-0.0678,-0.1733,-0.1348],-0.2462
7542,[-0.6638,-0.1968,-0.0796,-0.0112],[-19.5181,-16.9541,-21.7438,-21.1569,-18.1318],[-0.6654,-0.1877,-0.0875,-0.0186],-0.253
7600,[-0.675 ,-0.0007,-0.0225,-0.2124],[-2.1409,-3.0082,-2.7543,-3.7047,-0.722 ],[-6.7596e-01,-1.1385e-04,-1.3805e-02,-2.2507e-01],-0.2026
7601,[-0.6849,-0.003 , 0.0721,-0.2409],[-1.7345,-2.6704,-0.6342,-2.0486,-1.0751],[-0.6856,-0.006 , 0.0691,-0.248 ],-0.1953
7602,[-0.6706,-0.0362,-0.1264,-0.2137],[-21.6223,-20.3599,-23.9349,-23.0017,-20.6851],[-0.6707,-0.0296,-0.1208,-0.2273],-0.2282
7604,[-0.6658,-0.0358,-0.1776,-0.2213],[-15.6262,-14.0975,-17.1847,-16.0253,-14.5449],[-0.6648,-0.0272,-0.1774,-0.2328],-0.244
7622,[-0.6723,-0.0812,-0.1435,-0.1678],[ -8.9462, -6.5091,-12.2525,-10.8079, -7.4878],[-0.6721,-0.0719,-0.1441,-0.1827],-0.2359
7624,[-0.6696,-0.0704,-0.1727,-0.1908],[-6.6336,-6.0627,-9.0414,-7.6787,-6.8954],[-0.6688,-0.0604,-0.1756,-0.205 ],-0.2432
7700,[-0.6788, 0.0019,-0.0192,-0.3318],[-16.9758,-17.5807,-17.9557,-18.7043,-15.9188],[-0.6803, 0.0023,-0.0103,-0.3445],-0.1961
7701,[-0.6834,-0.0124, 0.0763,-0.3358],[-3.6605,-4.7974,-2.5232,-4.2042,-2.9307],[-0.6845,-0.0155, 0.0782,-0.3465],-0.1998
7702,[-0.6725,-0.0093,-0.1085,-0.3064],[-23.1011,-20.9841,-25.2523,-24.7784,-22.0902],[-0.6731,-0.0045,-0.1002,-0.3206],-0.219
7704,[-0.6641,-0.0039,-0.1814,-0.2964],[-14.7223,-13.4756,-16.6167,-15.5645,-14.3787],[-0.6632, 0.0037,-0.18  ,-0.3089],-0.2447
7710,[-0.6681, 0.062 ,-0.0352,-0.3143],[-1.2131,-1.4005,-1.1043,-2.1359,-0.4274],[-0.6697, 0.061 ,-0.0333,-0.3266],-0.2211
7712,[-0.6621, 0.0644,-0.1275,-0.3476],[-1.2337, 0.0663,-2.8068,-2.1746, 0.1934],[-0.6629, 0.0668,-0.116 ,-0.3512],-0.2429
7714,[-0.6527, 0.066 ,-0.1865,-0.3523],[-1.6932, 0.2729,-2.8351,-1.808 ,-0.5254],[-0.6523, 0.0708,-0.1797,-0.3599],-0.2652
7721,[-0.6873,-0.0559, 0.112 ,-0.3601],[ 0.0607,-0.7102,-0.1228,-0.9343,-0.2936],[-0.6883,-0.0586, 0.1098,-0.3766],-0.206
7800,[-0.683 , 0.0088,-0.0113,-0.4205],[-63.1595,-63.4286,-63.4501,-64.5624,-62.71  ],[-0.6849, 0.0086,-0.0053,-0.4328],-0.1902
7801,[-0.6858,-0.0101, 0.0789,-0.4229],[-7.6994,-8.7355,-6.5416,-8.5045,-7.1861],[-0.6872,-0.0133, 0.0768,-0.4347],-0.1954
7802,[-0.6774, 0.0237,-0.0909,-0.4239],[-29.95  ,-29.3979,-31.3715,-31.2184,-29.5842],[-0.6788, 0.0267,-0.085 ,-0.4373],-0.2107
7804,[-0.6646, 0.0395,-0.1797,-0.4137],[-1.9114,-0.891 ,-3.6877,-2.6637,-2.099 ],[-0.6644, 0.0455,-0.1757,-0.4234],-0.2465
7810,[-0.6778, 0.0656,-0.0335,-0.45  ],[-2.1301,-2.826 ,-1.9385,-3.075 ,-1.1243],[-0.6801, 0.0642,-0.0288,-0.4654],-0.2066
7812,[-0.6687, 0.0688,-0.1169,-0.4526],[-2.3359,-1.5527,-3.9362,-3.847 ,-1.5976],[-0.6702, 0.0709,-0.1075,-0.4646],-0.2327
7814,[-0.6601, 0.0646,-0.1793,-0.4373],[-1.9052,-0.9018,-3.8145,-2.6865,-1.7215],[-0.6601, 0.0694,-0.1731,-0.4424],-0.2543
7821,[-0.6883,-0.0586, 0.1098,-0.3766],[-0.0053,-0.7907, 0.3892,-0.4904,-0.1672],[-0.6894,-0.0613, 0.1087,-0.3922],-0.2046
7900,[-0.6844, 0.0331,-0.0142,-0.5248],[-13.3997,-13.7415,-13.582 ,-14.0133,-13.4763],[-0.6867, 0.0321,-0.0084,-0.5352],-0.1917
7901,[-0.686 , 0.0132, 0.0765,-0.5383],[-4.8732,-5.258 ,-4.0851,-4.806 ,-4.2867],[-0.6878, 0.0085, 0.0846,-0.546 ],-0.1949
7902,[-0.6837, 0.0427,-0.084 ,-0.5268],[-6.0006,-5.0291,-6.6861,-6.7847,-5.5095],[-0.6857, 0.0449,-0.082 ,-0.54  ],-0.2032
7910,[-0.6798, 0.0704,-0.0296,-0.5785],[-3.2046,-4.146 ,-1.9401,-3.9588,-2.7452],[-0.6826, 0.0688,-0.026 ,-0.5923],-0.2037
7912,[-0.678 , 0.0737,-0.0989,-0.5619],[-1.7114,-0.792 ,-4.0851,-4.0157,-1.5972],[-0.6802, 0.0751,-0.0909,-0.5754],-0.217
7914,[-0.6793, 0.0686,-0.1705,-0.5134],[-0.4326, 1.7198,-2.5843,-1.1835, 0.4874],[-0.6799, 0.0735,-0.168 ,-0.5242],-0.2294
8812,[-0.6434, 0.1052,-0.1512,-0.4812],[-1.7593,-1.4058,-2.9551,-2.51  ,-0.8945],[-0.6449, 0.1071,-0.1364,-0.4992],-0.273
8814,[-0.6422, 0.0806,-0.2091,-0.4729],[-1.2116, 0.2154,-3.4702,-2.3561,-1.0147],[-0.6417, 0.0857,-0.2015,-0.4814],-0.2822
8914,[-0.6409, 0.0936,-0.1923,-0.5125],[-0.9348, 1.0546,-2.3966,-0.9059,-0.9408],[-0.6412, 0.0976,-0.1821,-0.5063],-0.2818
