100,[-0.9585,-0.0057, 0.0077, 0.3948],[0.2937,1.1207,1.4471,2.7133,0.67  ],[-0.9567,-0.0057, 0.0068, 0.4048],0.2979
101,[-0.968 ,-0.0544, 0.0564, 0.3808],[ 0.3327,-0.1576, 0.8419, 0.2018, 0.2491],[-0.9663,-0.0514, 0.0508, 0.3898],0.2363
102,[-0.9583, 0.0394,-0.0645, 0.39  ],[ 0.397 , 0.7487,-0.1242, 0.3224, 0.6533],[-0.9564, 0.045 ,-0.0714, 0.3978],0.268
110,[-0.9571, 0.0738,-0.0427, 0.4027],[ 0.6867,-0.4385, 0.7703, 0.1174, 0.3269],[-0.9555, 0.0612,-0.025 , 0.4102],0.2838
112,[-0.9582, 0.0839,-0.0824, 0.3959],[1.0002,1.7336,0.5778,0.7465,0.9795],[-0.9565, 0.0795,-0.0766, 0.4058],0.2515
120,[-0.9586,-0.0612, 0.0515, 0.3983],[-0.1128, 0.971 , 0.0066, 0.4812, 0.3993],[-0.9568,-0.0575, 0.0531, 0.4091],0.2687
121,[-0.9581,-0.0881, 0.0869, 0.3787],[0.7789,0.9278,1.3453,1.1994,1.524 ],[-0.9564,-0.0835, 0.0801, 0.3912],0.2484
200,[-0.9622,-0.0022,-0.0031, 0.2964],[ 1.5859, 1.3244, 0.121 , 0.5275,-0.3546],[-9.6079e-01,-4.9163e-04,-3.7998e-03, 3.0606e-01],0.2767
201,[-0.9634,-0.0428, 0.0687, 0.3042],[-1.0207,-1.1626, 1.027 ,-0.8681,-0.8221],[-0.9618,-0.0492, 0.0748, 0.3168],0.2447
202,[-0.963 , 0.0357,-0.0767, 0.2953],[-0.6358, 1.3225,-1.2052,-0.8914,-0.3983],[-0.9613, 0.0471,-0.086 , 0.3023],0.2425
210,[-0.962 , 0.0676,-0.0394, 0.2999],[-0.8154,-1.0988, 1.6323,-0.6447,-0.7944],[-0.9608, 0.0563,-0.0277, 0.3135],0.263
212,[-0.9622, 0.1011,-0.1093, 0.3011],[1.4394,4.9093,0.6801,6.8448,0.9406],[-0.9608, 0.0994,-0.1054, 0.3135],0.2161
214,[-0.9573, 0.1538,-0.1767, 0.2725],[-0.4261, 2.329 ,-0.755 , 1.3968,-0.2844],[-0.9557, 0.1547,-0.1755, 0.2863],0.1829
220,[-0.964 ,-0.0776, 0.0267, 0.288 ],[-1.0032, 0.9425,-2.0161,-0.9687,-1.0459],[-0.963 ,-0.057 , 0.0042, 0.298 ],0.2595
221,[-0.9643,-0.0911, 0.094 , 0.2955],[0.5656,0.4078,3.7081,2.0634,0.0662],[-0.963 ,-0.0876, 0.0872, 0.3063],0.2202
223,[-0.9708,-0.1365, 0.1671, 0.2893],[-0.2629,-0.8503, 0.8943, 0.0867, 0.3822],[-0.9692,-0.1404, 0.1664, 0.2893],0.1474
232,[-0.9625, 0.1819,-0.1471, 0.2822],[-0.1501,-0.3527, 0.8466,-0.1217,-0.2473],[-0.9621, 0.165 ,-0.1281, 0.2945],0.1767
234,[-0.961 , 0.1984,-0.1912, 0.2672],[ 0.4735, 4.362 ,-0.2616, 1.1975, 0.2376],[-0.9602, 0.1894,-0.1782, 0.2793],0.1529
241,[-0.9608,-0.1923, 0.1181, 0.2782],[-0.0731, 1.352 ,-1.0036, 0.0278, 0.088 ],[-0.961 ,-0.1623, 0.0816, 0.2921],0.1996
243,[-0.9644,-0.2278, 0.1873, 0.2655],[ 0.2547,-0.2902, 2.0142, 1.6147, 0.1049],[-0.9646,-0.2073, 0.1583, 0.2649],0.1395
263,[-0.9606,-0.3107, 0.2581, 0.26  ],[ 0.2629, 0.2532,-0.2021, 0.0422,-0.0483],[-0.9617,-0.2891, 0.2265, 0.2734],0.0893
300,[-9.6695e-01,-5.4093e-03, 8.1329e-04, 1.8968e-01],[ 0.2764, 0.2187,-0.3556, 1.1463,-1.3958],[-9.6604e-01,-3.5948e-03,-6.0749e-04, 2.0152e-01],0.2584
301,[-0.967 ,-0.0384, 0.0733, 0.1869],[-2.0633,-2.4111,-0.8086,-1.3708,-2.3643],[-0.9659,-0.0499, 0.0838, 0.1975],0.226
302,[-0.9661, 0.0329,-0.0783, 0.1876],[-1.6344,-0.086 ,-3.0161,-1.5118,-2.5713],[-0.9649, 0.0479,-0.0907, 0.197 ],0.2275
310,[-0.963 , 0.0766,-0.0329, 0.1825],[-1.5239,-2.6762,-0.4392,-1.4115,-2.1617],[-0.9624, 0.0601,-0.0166, 0.1959],0.2579
312,[-0.9672, 0.1077,-0.1144, 0.1907],[ 1.0114, 0.6026, 0.0499, 5.5363,-0.0838],[-0.9663, 0.1065,-0.1115, 0.2047],0.1918
314,[-0.9623, 0.1471,-0.1883, 0.1748],[-0.1038, 0.4604,-1.5274,-0.3039,-0.9421],[-0.9607, 0.155 ,-0.1933, 0.1873],0.159
320,[-0.9662,-0.0774, 0.0338, 0.1869],[-2.127 ,-0.2214,-2.7834,-2.0436,-2.1694],[-0.9656,-0.0577, 0.0118, 0.1955],0.2483
321,[-0.9691,-0.1063, 0.1012, 0.1842],[ 3.591 ,-0.1757, 4.3789, 1.4903,-0.1976],[-0.9684,-0.0997, 0.0913, 0.1959],0.195
323,[-0.9697,-0.1435, 0.186 , 0.1727],[-0.7734,-1.9745, 0.6503, 0.5533,-1.1663],[-0.9681,-0.152 , 0.1901, 0.1867],0.1376
332,[-0.9643, 0.1887,-0.1362, 0.1835],[-0.5552,-1.3011, 1.3576,-0.9848,-1.3644],[-0.9646, 0.1676,-0.115 , 0.1969],0.1723
334,[-0.9657, 0.2046,-0.2148, 0.1832],[ 0.7211, 4.1531, 0.0332, 3.7914,-0.3732],[-0.9648, 0.2017,-0.2087, 0.1965],0.1218
336,[-0.9648, 0.2349,-0.2804, 0.1869],[ 0.2779, 2.3519,-0.3414, 1.3675,-0.39  ],[-0.9629, 0.24  ,-0.2822, 0.1889],0.0834
341,[-0.9665,-0.1858, 0.1449, 0.1798],[-1.6234,-0.3403,-1.809 ,-0.6843,-2.1532],[-0.9666,-0.1654, 0.1196, 0.1921],0.1648
343,[-0.9667,-0.2186, 0.2135, 0.1651],[ 0.1195,-0.3897, 2.8836, 3.0975,-1.1581],[-0.9664,-0.2097, 0.1985, 0.1792],0.1176
345,[-0.9617,-0.2309, 0.3017, 0.1406],[-0.1016,-0.9057, 1.6693, 0.8775,-0.4336],[-0.9592,-0.242 , 0.3088, 0.1537],0.0826
354,[-0.9634, 0.3023,-0.2544, 0.2069],[-0.9298,-1.073 , 0.0791,-0.7418,-1.3376],[-0.9645, 0.2816,-0.2245, 0.2202],0.0849
356,[-0.9619, 0.3401,-0.3168, 0.1642],[ 0.632 , 1.0519,-1.059 , 1.2038,-0.9157],[-0.9626, 0.3289,-0.2994, 0.1783],0.0422
363,[-0.9649,-0.3051, 0.2452, 0.151 ],[-1.706 ,-0.9534,-1.8775,-1.2544,-2.0136],[-0.9666,-0.2807, 0.2101, 0.1646],0.0846
365,[-0.9595,-0.3153, 0.3216, 0.1794],[ 0.8763,-1.1332, 1.0617, 1.1762,-1.1716],[-0.9591,-0.3102, 0.3109, 0.184 ],0.0546
385,[-0.9562,-0.3906, 0.355 , 0.2304],[-0.6623,-0.3861,-1.0594,-0.5441,-1.2721],[-0.9568,-0.3804, 0.3548, 0.2404],0.0147
400,[-0.9687,-0.0041, 0.0036, 0.0652],[ 0.2181, 1.0128, 0.187 , 6.3182,-0.9081],[-0.9684,-0.0039, 0.0033, 0.0792],0.2493
401,[-0.9682,-0.0308, 0.0816, 0.0615],[-1.7975,-3.4744,-0.579 ,-1.8077,-2.4809],[-0.9674,-0.0507, 0.1   , 0.0734],0.2143
402,[-0.9678, 0.0282,-0.0794, 0.0557],[-1.9649,-0.141 ,-2.5705,-1.5066,-2.3585],[-0.9671, 0.0488,-0.0982, 0.0681],0.2168
410,[-0.9672, 0.0864,-0.0269, 0.0702],[-1.7258,-2.8123,-0.7619,-2.0269,-2.3714],[-0.9672, 0.0614,-0.0039, 0.0834],0.2397
411,[-0.9611, 0.081 , 0.0675, 0.0711],[-0.235 ,-0.9926,-0.1688,-0.3805,-0.5612],[-0.9606, 0.0326, 0.1043, 0.0848],0.2441
412,[-0.9713, 0.1081,-0.1085, 0.0627],[ 0.5527, 1.7424,-0.6767, 4.6585,-0.5072],[-0.9709, 0.107 ,-0.1069, 0.0774],0.1777
414,[-0.9687, 0.1439,-0.1888, 0.0726],[-0.699 ,-0.2353,-2.3638,-0.1715,-1.9355],[-0.9674, 0.158 ,-0.2022, 0.0867],0.1331
420,[-0.9682,-0.0781, 0.0276, 0.061 ],[-2.0479, 0.4191,-2.5387,-0.9408,-2.0531],[-0.9682,-0.0555, 0.0067, 0.0742],0.2384
421,[-0.9703,-0.1087, 0.107 , 0.0628],[1.3892e+00,1.6892e-01,9.3181e-01,1.0755e+01,8.1461e-03],[-0.97  ,-0.1058, 0.1027, 0.0772],0.1829
423,[-0.9712,-0.1395, 0.1916, 0.0534],[-0.8226,-2.0116, 0.8131, 0.2523,-1.8012],[-0.9698,-0.1571, 0.2066, 0.0657],0.1241
430,[-0.9571, 0.1754,-0.0149, 0.0811],[-0.5834,-0.722 , 0.0457,-0.4672,-0.3671],[-0.9581, 0.1195, 0.0573, 0.0963],0.2371
432,[-0.9671, 0.1943,-0.1306, 0.0531],[-1.8318,-2.3804, 0.0027,-1.0424,-2.2158],[-0.968 , 0.1692,-0.1066, 0.0671],0.1638
434,[-0.97  , 0.2175,-0.2166, 0.0594],[-0.2293, 0.519 ,-0.4561, 3.0753,-1.3522],[-0.9698, 0.2146,-0.2114, 0.074 ],0.1003
436,[-0.9604, 0.2341,-0.3057, 0.0531],[-0.1595, 0.8   ,-1.3368, 1.9718,-0.6177],[-0.958 , 0.2475,-0.3158, 0.0679],0.0808
440,[-0.9689,-0.1793, 0.0516, 0.0257],[-0.6124, 0.5032,-1.7475,-0.8313,-0.5217],[-0.9702,-0.1284, 0.0116, 0.0412],0.2076
441,[-0.9675,-0.1917, 0.1343, 0.0549],[-1.1163,-0.5156,-2.9939,-1.3731,-2.4487],[-0.9683,-0.1677, 0.1113, 0.0672],0.1615
443,[-0.9718,-0.2208, 0.2209, 0.0656],[ 2.7185,-0.7661, 0.6675, 3.7339,-0.694 ],[-0.9716,-0.2161, 0.2122, 0.0795],0.094
445,[-0.9715,-0.2595, 0.2904, 0.0579],[-0.1459,-1.1985, 2.3049, 0.8913,-0.7107],[-0.9703,-0.2649, 0.2934, 0.0713],0.0485
454,[-0.9631, 0.3063,-0.2402, 0.027 ],[-2.0575,-2.3629,-0.9966,-1.6062,-2.5288],[-0.965 , 0.2882,-0.2227, 0.0414],0.0816
456,[-0.9635, 0.3711,-0.3518, 0.0748],[-0.0097, 1.0388,-1.1195, 1.175 ,-1.9835],[-0.9639, 0.3657,-0.3512, 0.0894],0.0037
461,[-0.9578,-0.2936, 0.1604, 0.0163],[-0.8466, 0.2555,-1.4633,-1.0188,-0.7606],[-0.961 ,-0.2611, 0.1401, 0.0318],0.137
463,[-0.9674,-0.302 , 0.2454, 0.0535],[-3.0762,-2.2098,-3.6713,-2.8954,-3.8581],[-0.969 ,-0.2834, 0.2277, 0.0666],0.0701
465,[-0.9651,-0.3206, 0.3186, 0.0571],[-0.7355,-1.693 , 0.0809, 1.3271,-2.0027],[-0.9652,-0.317 , 0.3093, 0.0722],0.0357
476,[-0.9594, 0.3964,-0.3691, 0.0089],[-1.5507,-1.7122,-1.3514,-1.3039,-2.1249],[-0.9608, 0.3908,-0.355 , 0.0242],0.0002
478,[-0.9559, 0.3954,-0.4008, 0.0126],[-0.6022, 0.4666,-1.0933, 0.7144,-1.5992],[-0.9555, 0.3955,-0.4051, 0.0281],-0.0089
487,[-0.9591,-0.4546, 0.4775, 0.0625],[-1.0604,-1.9539,-0.2347, 0.3347,-2.3156],[-0.9582,-0.4528, 0.4739, 0.0773],-0.0663
500,[-0.9702, 0.007 , 0.0025,-0.0541],[ 3.4046, 2.0272, 2.9197,13.607 ,-0.6108],[-0.9704, 0.0037, 0.0038,-0.0392],0.2406
501,[-0.9697,-0.0219, 0.0826,-0.0597],[-0.8733,-1.9576, 2.3377,-0.4836,-1.4813],[-0.9694,-0.0484, 0.1056,-0.0464],0.2061
502,[-0.9692, 0.0315,-0.0767,-0.054 ],[-0.6457, 1.3894,-1.6393, 0.778 ,-1.2975],[-0.969 , 0.052 ,-0.0948,-0.0386],0.2098
503,[-0.9579,-0.0445, 0.1777,-0.0277],[-0.7991,-1.1448,-0.0945, 0.0383,-0.5641],[-0.956 ,-0.0812, 0.204 ,-0.014 ],0.2006
510,[-0.9686, 0.0832,-0.0279,-0.0695],[-1.3707,-2.1716, 1.3297,-0.0255,-2.343 ],[-0.9691, 0.0589,-0.0061,-0.0553],0.2327
511,[-0.9601, 0.0715, 0.0834,-0.0654],[-0.295 ,-0.9933,-0.0583,-0.37  ,-1.2772],[-0.9599, 0.0234, 0.1159,-0.0498],0.2455
512,[-0.9686, 0.1167,-0.1072,-0.063 ],[ 0.6889, 1.046 ,-0.1101, 6.7981,-0.5959],[-0.9689, 0.1135,-0.1043,-0.0479],0.1828
514,[-0.9736, 0.1328,-0.1863,-0.032 ],[-0.4448, 1.1169,-1.0837,-0.2154,-1.4502],[-0.9725, 0.1542,-0.2049,-0.0168],0.1175
520,[-0.9687,-0.0841, 0.0284,-0.0421],[-0.4885, 1.3078,-1.4364,-0.0054,-1.8904],[-0.9691,-0.0581, 0.0038,-0.0267],0.2327
521,[-0.9705,-0.1082, 0.1099,-0.0595],[ 2.3527, 0.3781, 2.1973,12.1025,-0.729 ],[-0.9707,-0.1088, 0.1075,-0.044 ],0.1777
522,[-0.9659,-0.0796,-0.069 ,-0.0552],[-0.9709, 0.5112,-1.0632,-0.5112,-0.4867],[-0.9658,-0.0236,-0.1139,-0.0393],0.2244
523,[-0.9726,-0.139 , 0.1879,-0.0734],[-0.4834,-1.6337, 1.4742, 0.6648,-1.6696],[-0.9718,-0.1612, 0.2078,-0.0592],0.1163
530,[-0.9669, 0.2026,-0.0353,-0.0328],[-0.2956,-1.2261, 0.2526,-0.6445,-0.7734],[-0.969 , 0.1397, 0.0138,-0.0379],0.2048
532,[-0.9657, 0.1959,-0.1297,-0.0718],[-3.0443,-3.3448,-1.3648,-2.0145,-3.7478],[-0.9672, 0.1717,-0.1083,-0.059 ],0.1649
534,[-0.9718, 0.225 ,-0.2122,-0.0575],[-0.8288, 0.4643,-0.9219, 1.1057,-1.9621],[-0.9724, 0.22  ,-0.2061,-0.0427],0.0927
536,[-0.9683, 0.2701,-0.2823,-0.1042],[-0.2648, 0.5882,-0.6641, 1.4139,-0.9202],[-0.9683, 0.2757,-0.2848,-0.088 ],0.053
540,[-0.9633,-0.196 , 0.0496,-0.058 ],[-0.4271, 0.3087,-0.9039,-0.7731,-0.396 ],[-0.9654,-0.1423,-0.0034,-0.0579],0.216
541,[-0.9677,-0.2043, 0.1379,-0.0487],[-1.9111,-0.3318,-2.0865,-1.1206,-2.4003],[-0.9692,-0.1782, 0.1128,-0.0343],0.1537
543,[-0.9719,-0.2217, 0.2268,-0.0605],[ 1.3912,-1.0693, 1.839 , 4.7305,-1.1229],[-0.972 ,-0.2241, 0.2256,-0.0455],0.0851
545,[-0.9653,-0.2516, 0.2965,-0.0626],[ 0.4265,-1.1637, 2.2039, 0.6468,-1.1575],[-0.9641,-0.263 , 0.3042,-0.0485],0.0624
552,[-0.9641, 0.2982,-0.1233,-0.0404],[-0.873 ,-1.225 ,-0.1536,-0.3758,-0.7146],[-0.9682, 0.242 ,-0.0759,-0.026 ],0.1466
554,[-0.9698, 0.3084,-0.2475,-0.0615],[-4.2002,-4.4734,-3.8078,-3.5827,-4.9054],[-0.9719, 0.2901,-0.2272,-0.0503],0.0595
556,[-0.9653, 0.332 ,-0.3016,-0.0854],[-0.6815,-0.3289,-1.8183,-0.0479,-2.6644],[-0.9668, 0.3263,-0.2893,-0.0717],0.0357
558,[-0.9578, 0.3811,-0.3988,-0.1017],[ 0.1791, 2.7504, 0.0111, 1.981 ,-0.7467],[-0.9573, 0.3855,-0.4016,-0.0855],-0.0077
561,[-0.9564,-0.2829, 0.1478,-0.0879],[-0.6511,-0.0375,-0.7262,-0.9814,-0.7759],[-0.9602,-0.2428, 0.0935,-0.0726],0.1652
563,[-0.966 ,-0.3067, 0.2194,-0.0492],[-2.7027,-2.1491,-2.944 ,-2.1037,-3.7532],[-0.9688,-0.2796, 0.1896,-0.0359],0.0869
565,[-0.9689,-0.337 , 0.3342,-0.0656],[-0.3667,-2.2261, 0.4188, 0.9046,-2.1214],[-0.9694,-0.3365, 0.3263,-0.0503],0.0107
567,[-0.9615,-0.3293, 0.4111,-0.0838],[ 0.3221,-0.6194, 3.2919, 2.5454,-0.7885],[-0.9584,-0.3425, 0.4212,-0.0705],-0.0011
576,[-0.958 , 0.3965,-0.3583,-0.0744],[-3.9036,-3.6566,-3.5556,-2.9425,-4.3188],[-0.9598, 0.3914,-0.347 ,-0.0594],0.0054
578,[-0.9566, 0.3966,-0.4003,-0.054 ],[-0.8638, 0.0441,-1.4919, 0.6743,-2.6187],[-0.9566, 0.3979,-0.3987,-0.0392],-0.0099
587,[-0.9683,-0.4481, 0.474 ,-0.058 ],[-1.7243,-2.3664,-0.7842,-0.3879,-3.5879],[-0.9671,-0.4514, 0.4782,-0.0427],-0.0865
600,[-0.9713, 0.0063, 0.0064,-0.186 ],[ 0.1596, 1.0279, 1.6851, 9.8072,-0.7203],[-9.7203e-01, 3.6988e-04, 1.0136e-02,-1.7021e-01],0.2358
601,[-0.9688,-0.0356, 0.0792,-0.196 ],[ 0.0439,-0.8377, 2.384 ,-0.4886,-1.4881],[-0.9692,-0.0575, 0.0991,-0.1816],0.2056
602,[-0.9683, 0.0418,-0.0693,-0.1684],[-0.0704, 0.8547,-1.3325, 0.2658,-1.1989],[-0.9687, 0.0562,-0.0838,-0.1522],0.2139
610,[-0.9686, 0.0836,-0.0307,-0.1819],[-1.484 ,-1.7732, 0.1401, 0.4482,-2.4997],[-0.9696, 0.0584,-0.0045,-0.1691],0.2306
611,[-0.9569, 0.061 , 0.0915,-0.1725],[-0.0394,-0.7524, 0.2313,-0.5474,-0.4819],[-0.957 , 0.0158, 0.121 ,-0.156 ],0.2572
612,[-0.9686, 0.1227,-0.0995,-0.1846],[-1.0619,-0.6971,-1.5026,-0.1703,-3.1581],[-0.9696, 0.1149,-0.0921,-0.1711],0.1846
614,[-0.9577, 0.1541,-0.1762,-0.175 ],[-0.2371,-0.1066,-1.0353, 0.3592,-1.2718],[-0.9579, 0.1637,-0.1855,-0.1902],0.1678
620,[-0.9672,-0.0767, 0.0246,-0.1933],[-0.3762, 1.7592,-1.0502,-0.1649,-1.2481],[-0.9683,-0.0554, 0.004 ,-0.1772],0.2401
621,[-0.9706,-0.0989, 0.1149,-0.1836],[ 0.0152,-0.2305, 1.9002,10.7438,-1.3941],[-0.9711,-0.1087, 0.1224,-0.1677],0.1706
623,[-0.9683,-0.1402, 0.1926,-0.1822],[-0.7972,-0.4653, 1.7605, 1.6005,-1.4364],[-0.9678,-0.1644, 0.2143,-0.1662],0.1251
632,[-0.9649, 0.1892,-0.14  ,-0.1774],[-1.9065,-2.6549,-0.9525,-2.1889,-3.6319],[-0.9666, 0.1732,-0.1237,-0.1625],0.1597
634,[-0.964 , 0.2257,-0.204 ,-0.1944],[-1.6133,-0.7789,-2.8095,-0.8448,-3.8426],[-0.9653, 0.2221,-0.1963,-0.1799],0.1169
636,[-0.9695, 0.2706,-0.2813,-0.2461],[-0.0354, 0.2018,-0.7212, 0.7759,-0.7736],[-0.9699, 0.2808,-0.2871,-0.2308],0.0456
641,[-0.9639,-0.1985, 0.1383,-0.155 ],[-0.7157, 0.8194,-1.2805,-1.0183,-1.5192],[-0.9657,-0.1792, 0.1205,-0.1402],0.1616
643,[-0.9679,-0.21  , 0.2252,-0.175 ],[ 0.5741,-1.2494, 2.9823, 2.5412,-1.5072],[-0.9681,-0.2193, 0.2319,-0.1594],0.096
645,[-0.9669,-0.2436, 0.3103,-0.1783],[ 0.3973,-0.4374, 3.5094, 0.7808,-0.7211],[-0.9651,-0.2655, 0.328 ,-0.1625],0.0494
654,[-0.9639, 0.3001,-0.2578,-0.1858],[-4.2118,-4.6377,-4.0478,-3.6701,-5.4549],[-0.9658, 0.2939,-0.2532,-0.1731],0.0652
656,[-0.9626, 0.3289,-0.3172,-0.1792],[-2.8523,-2.3381,-3.8912,-2.2924,-4.4547],[-0.9635, 0.331 ,-0.3163,-0.165 ],0.032
658,[-0.9568, 0.3835,-0.3901,-0.1419],[-0.078 , 0.5003, 0.4603, 2.4212,-0.6317],[-0.9569, 0.3876,-0.3891,-0.1256],-0.0026
663,[-0.9617,-0.2979, 0.2473,-0.1685],[-1.5194,-1.0571,-1.487 ,-0.6584,-2.4351],[-0.9641,-0.2869, 0.2297,-0.1529],0.0819
665,[-0.9637,-0.322 , 0.3404,-0.1858],[-2.5997e-02,-1.4702e+00, 4.2561e-05, 1.7160e+00,-2.1754e+00],[-0.9635,-0.3308, 0.3454,-0.1712],0.0212
667,[-0.964 ,-0.3647, 0.4017,-0.1618],[ 0.9671,-0.1842, 4.1661, 2.0939,-0.7121],[-0.9627,-0.3759, 0.4125,-0.1459],-0.0206
687,[-0.9743,-0.4082, 0.4387,-0.1523],[-0.9436,-1.0266, 1.2632, 2.0904,-1.8172],[-0.9732,-0.4188, 0.4456,-0.1363],-0.0745
700,[-0.9668, 0.0161, 0.0048,-0.3045],[-2.6768,-2.3529,-1.2095,-0.1405,-3.8397],[-0.9681, 0.0074, 0.0122,-0.2887],0.2498
701,[-0.9666,-0.0332, 0.0769,-0.3011],[-0.4883,-0.5497, 2.5703, 0.1285,-1.2097],[-0.9674,-0.0545, 0.0968,-0.2853],0.2137
702,[-0.9647, 0.0472,-0.071 ,-0.3642],[-0.4318, 0.6486,-0.8069,-0.3825,-1.0393],[-0.966 , 0.0607,-0.0864,-0.3492],0.2201
703,[-0.9633,-0.0174, 0.1874,-0.3608],[-0.0832,-0.3674, 0.0863, 0.0686,-0.1532],[-0.962 ,-0.0777, 0.2321,-0.3449],0.1701
710,[-0.9631, 0.0744,-0.0315,-0.3248],[-1.0353,-1.8924, 0.4716,-0.8439,-2.2909],[-0.9647, 0.0591,-0.0173,-0.3091],0.2493
712,[-0.9647, 0.1197,-0.107 ,-0.3108],[-6.4558,-5.2528,-6.3977,-6.1848,-8.0184],[-0.9662, 0.1175,-0.1023,-0.2962],0.1916
714,[-0.9648, 0.1575,-0.1742,-0.2743],[-0.195 , 0.0862,-0.533 , 0.1872,-1.4991],[-0.9654, 0.1691,-0.1864,-0.2597],0.1409
720,[-0.9645,-0.1162, 0.0515,-0.2614],[-0.7067, 0.4755,-0.903 ,-0.3598,-0.8511],[-0.9662,-0.0869, 0.0102,-0.2452],0.2385
721,[-0.9665,-0.0932, 0.1175,-0.298 ],[-0.8016,-1.2711, 1.97  , 1.4485,-2.0564],[-0.9673,-0.1067, 0.128 ,-0.2834],0.1817
723,[-0.9645,-0.1377, 0.1957,-0.3065],[ 0.0556,-0.9877, 1.5487, 3.9001,-0.7097],[-0.9642,-0.1627, 0.2179,-0.2908],0.135
732,[-0.9651, 0.1864,-0.1453,-0.2923],[-2.9764,-3.0747,-2.037 ,-1.8509,-4.2565],[-0.9671, 0.1743,-0.1306,-0.2766],0.1552
734,[-0.9605, 0.2259,-0.2125,-0.304 ],[-6.5953,-6.148 ,-7.2356,-5.446 ,-8.2908],[-0.962, 0.227,-0.209,-0.288],0.12
736,[-0.9603, 0.2671,-0.2924,-0.3053],[ 0.5714, 1.2202,-0.6128, 0.8632,-1.0182],[-0.9603, 0.2805,-0.3037,-0.2894],0.0661
741,[-0.9617,-0.1967, 0.1213,-0.2816],[-0.5472, 0.5768,-0.8981,-0.6305,-1.4974],[-0.9643,-0.1746, 0.1002,-0.2655],0.1761
743,[-0.9687,-0.2053, 0.2324,-0.2938],[-0.7645,-1.5979, 0.2875, 2.0359,-2.2902],[-0.9689,-0.2231, 0.2475,-0.2771],0.086
745,[-0.9656,-0.2449, 0.2952,-0.2719],[ 1.0523, 0.6099, 1.2589, 3.315 ,-0.9563],[-0.9646,-0.2657, 0.3139,-0.255 ],0.056
754,[-0.9617, 0.3034,-0.2253,-0.2925],[-4.1798,-3.4621,-4.2405,-3.3086,-4.9668],[-0.9652, 0.2861,-0.2014,-0.2759],0.0896
756,[-0.9609, 0.2964,-0.3043,-0.2801],[-5.2589,-4.4979,-5.8301,-3.9303,-6.4041],[-0.9615, 0.3047,-0.3084,-0.264 ],0.0512
765,[-0.9639,-0.2859, 0.2969,-0.2563],[ 0.3336,-1.0359,-0.9605, 2.0623,-2.1234],[-0.9643,-0.2974, 0.3038,-0.2401],0.0496
767,[-0.9574,-0.2918, 0.4145,-0.3677],[ 1.3399, 0.6546, 5.491 , 0.4727,-0.8485],[-0.9535,-0.3172, 0.4276,-0.351 ],0.0191
800,[-0.9612, 0.0179, 0.0057,-0.4147],[ -8.0196, -9.1196, -9.0525, -7.9058,-10.4533],[-0.963 , 0.0087, 0.0143,-0.3989],0.2688
801,[-0.9646,-0.0173, 0.0909,-0.411 ],[ 1.0416,-0.3408, 2.5262, 0.2133,-1.8072],[-0.9655,-0.051 , 0.1248,-0.3945],0.2106
802,[-0.9571, 0.045 ,-0.0636,-0.4362],[-0.8501,-0.1123,-0.6063,-0.2715,-1.601 ],[-0.9587, 0.0551,-0.0765,-0.4201],0.2528
810,[-0.9611, 0.0772,-0.0294,-0.4198],[-3.0355,-2.4341,-0.7198,-1.6409,-3.1637],[-0.9631, 0.0604,-0.0117,-0.4033],0.2549
812,[-0.9599, 0.1163,-0.1025,-0.4266],[-13.1548,-13.428 ,-13.1912,-12.2888,-14.4645],[-0.9619, 0.1148,-0.0975,-0.4101],0.2092
814,[-0.9587, 0.1565,-0.1804,-0.4097],[-0.1245,-0.5054,-0.5038, 1.2588,-1.5142],[-0.9596, 0.171 ,-0.1951,-0.3926],0.1557
821,[-0.9663,-0.0799, 0.1268,-0.4059],[-2.8851,-3.183 ,-2.2318,-2.2685,-4.7394],[-0.9672,-0.1043, 0.1495,-0.3898],0.1747
823,[-0.9626,-0.1199, 0.2055,-0.4345],[ 0.7416, 0.6978, 2.8873, 4.5014,-0.7399],[-0.9618,-0.1576, 0.2481,-0.4179],0.1327
832,[-0.9618, 0.1723,-0.1549,-0.3803],[-3.5079,-3.7531,-3.464 ,-3.4674,-4.6175],[-0.9637, 0.1706,-0.1466,-0.3717],0.1612
834,[-0.9581, 0.2033,-0.209 ,-0.392 ],[-11.0183,-10.4408,-11.4493,-10.3815,-12.3394],[-0.9594, 0.2116,-0.2132,-0.3763],0.1327
843,[-0.9667,-0.179 , 0.2692,-0.4198],[-0.3564,-1.7521,-0.84  ,-0.3218,-3.3061],[-0.9647,-0.221 , 0.3213,-0.4021],0.0702
845,[-0.9631,-0.2401, 0.3458,-0.3937],[-0.348 , 3.0274, 4.8322, 1.7611,-1.0815],[-0.9595,-0.2755, 0.3924,-0.3765],0.0346
900,[-0.9595, 0.0053, 0.0208,-0.5358],[-44.2649,-44.1984,-44.1185,-43.8491,-44.8765],[-0.9618,-0.0054, 0.0311,-0.5194],0.2771
901,[-0.96  ,-0.0146, 0.092 ,-0.515 ],[ 0.477 , 1.7809, 1.6054, 1.0867,-1.6205],[-0.9613,-0.0467, 0.1251,-0.4968],0.227
923,[-0.9569,-0.069 , 0.1692,-0.5068],[ 0.2827, 2.036 , 2.5567,21.5831,-0.472 ],[-0.9565,-0.1106, 0.2228,-0.4895],0.1792
1100,[-0.9467, 0.0142,-0.0057, 0.4003],[ 1.8552, 0.8576, 1.6961, 0.8289,13.8847],[-0.945 , 0.0121,-0.0059, 0.3926],0.3365
1101,[-0.9475,-0.0488, 0.0687, 0.3945],[ 1.0023,-0.6728, 2.46  ,-0.4258, 0.873 ],[-0.9456,-0.0512, 0.0687, 0.3961],0.3092
1102,[-0.9484, 0.0386,-0.0786, 0.4065],[ 1.9785, 1.8827,-0.7124,-0.7382, 0.8868],[-0.9463, 0.0461,-0.0852, 0.3956],0.3012
1110,[-0.9474, 0.0659,-0.0377, 0.3909],[-0.1462,-0.1274, 3.4815, 0.0882, 1.1792],[-0.9458, 0.0573,-0.0286, 0.3916],0.3226
1112,[-0.947 , 0.0976,-0.1045, 0.3879],[ 2.5667, 1.8688, 0.4647, 0.9409,15.4027],[-0.9453, 0.0953,-0.0981, 0.3832],0.2787
1114,[-0.9309, 0.1561,-0.1827, 0.3876],[ 0.5378, 3.5754,-0.1432, 1.0187, 1.3747],[-0.929 , 0.1555,-0.1769, 0.3956],0.2797
1121,[-0.9492,-0.0849, 0.0942, 0.398 ],[1.1265,0.4918,7.7266,0.5646,3.8485],[-0.9475,-0.0831, 0.0878, 0.3932],0.2801
1200,[-0.9372, 0.0067,-0.007 , 0.2895],[ 1.573 , 3.7432, 1.5588, 1.3948,43.086 ],[-0.936 , 0.0065,-0.006 , 0.2802],0.375
1201,[-0.9326,-0.0396, 0.0756, 0.278 ],[ 0.7968,-0.0799,37.6706,-0.2063, 1.0745],[-0.9311,-0.0449, 0.0776, 0.2789],0.3645
1202,[-0.9349, 0.0336,-0.0751, 0.2852],[-0.1364, 3.0092,-0.6724,-0.3547, 5.1793],[-0.9334, 0.0406,-0.081 , 0.2751],0.3585
1210,[-0.9381, 0.0685,-0.0371, 0.3109],[-0.3731,-0.6661,10.3221, 0.1553, 0.0555],[-0.937 , 0.061 ,-0.032 , 0.3068],0.3562
1212,[-0.9445, 0.0974,-0.1049, 0.3217],[ 0.8288,40.7396, 0.4067, 0.4994, 2.622 ],[-0.9431, 0.0955,-0.0985, 0.3214],0.2876
1214,[-0.9402, 0.1489,-0.1875, 0.2988],[-0.0907,15.8454,-0.8577, 1.4746, 1.4459],[-0.9382, 0.152 ,-0.1876, 0.3095],0.2374
1220,[-0.9343,-0.0805, 0.0173, 0.2732],[ 0.6444,17.2797,-0.4675,-0.5983, 1.3426],[-0.9335,-0.0676, 0.0091, 0.2763],0.3742
1221,[-0.9325,-0.0845, 0.0985, 0.2804],[ 1.5194, 0.5497, 1.3622, 0.2652,41.1355],[-0.9312,-0.0851, 0.0968, 0.2725],0.34
1223,[-0.9442,-0.135 , 0.1764, 0.2709],[ 0.3043,-0.8553, 9.1916, 0.3914, 1.3799],[-0.9424,-0.1402, 0.1788, 0.2689],0.2359
1234,[-0.9349, 0.1985,-0.2187, 0.2794],[ 2.4415, 4.5833,-0.6747, 0.8218, 9.1213],[-0.9336, 0.1973,-0.2107, 0.2728],0.2272
1236,[-0.9275, 0.2623,-0.2968, 0.2719],[ 0.435 ,14.5923,-0.2332, 0.3417, 0.5445],[-0.9259, 0.2611,-0.2858, 0.2802],0.1901
1241,[-0.9326,-0.1969, 0.1249, 0.2672],[1.1232,8.4336,0.1962,0.6075,1.499 ],[-0.9329,-0.182 , 0.1164, 0.2764],0.2808
1243,[-0.9285,-0.243 , 0.2374, 0.2645],[ 1.7975,-0.0199, 2.0962, 1.7006, 5.9726],[-0.9281,-0.2373, 0.2204, 0.2579],0.2184
1245,[-0.9401,-0.254 , 0.2806, 0.2628],[ 2.1667,-1.3015, 3.4716,-0.1662, 2.6085],[-0.9386,-0.2529, 0.2748, 0.2641],0.156
1254,[-0.9276, 0.2817,-0.2612, 0.2601],[ 5.7692e-01, 1.3613e-01,-2.5084e-01,-6.0450e-04, 1.4406e+00],[-0.9278, 0.2738,-0.2412, 0.2671],0.1984
1256,[-0.9277, 0.288 ,-0.2788, 0.2528],[ 6.6901, 9.667 ,-0.1844, 0.9299, 1.088 ],[-0.9276, 0.2817,-0.2612, 0.2601],0.1859
1265,[-0.9213,-0.2862, 0.3143, 0.2678],[ 1.3698,-0.1623,13.0705, 0.7747, 2.5833],[-0.9199,-0.2842, 0.303 , 0.2736],0.1861
1300,[-0.9192, 0.0168,-0.0194, 0.163 ],[ 2.0451,13.0291, 2.8536, 0.9435,51.5175],[-0.9185, 0.0168,-0.0178, 0.1645],0.4364
1301,[-0.9244,-0.038 , 0.0714, 0.1861],[ 0.5466,-0.482 ,97.49  ,-0.3064, 1.307 ],[-0.9233,-0.0431, 0.0741, 0.1857],0.3963
1302,[-0.9184, 0.0442,-0.0678, 0.1462],[  0.6018,132.0049, -0.259 ,  0.5858,  0.2601],[-0.9176, 0.0472,-0.0675, 0.1514],0.42
1303,[-0.9528,-0.0509, 0.1768, 0.15  ],[-0.9681,-1.584 ,-0.8137,-1.0965,-1.3921],[-0.9503,-0.0796, 0.1983, 0.1617],0.2239
1310,[-0.922 , 0.0692,-0.0431, 0.1554],[-0.2171, 0.3051,19.6037,-0.2829, 0.9521],[-0.9214, 0.0646,-0.0424, 0.1627],0.4115
1312,[-0.9194, 0.0796,-0.0907, 0.1432],[  1.4778,  4.5066,  0.4305,  0.7738,100.8356],[-0.9187, 0.0807,-0.0914, 0.1384],0.3875
1314,[-0.9272, 0.1349,-0.1836, 0.1661],[-1.4204e-01, 5.5508e+01, 2.4858e-02, 4.0643e-01, 2.9437e-01],[-0.9256, 0.1408,-0.1855, 0.1712],0.2911
1320,[-0.9233,-0.0732, 0.0319, 0.1719],[ 0.4994,55.6157, 0.2686, 0.91  , 1.7912],[-0.9228,-0.0657, 0.0282, 0.1759],0.4092
1321,[-0.9245,-0.0898, 0.0945, 0.1728],[  1.6217,  0.7135,175.1956,  1.4391,  0.7908],[-0.9237,-0.0888, 0.0883, 0.1742],0.3668
1322,[-0.9507,-0.0641,-0.0632, 0.1492],[-3.1572,-2.5034,-3.9079,-3.3477,-3.1745],[-0.9499,-0.0315,-0.0891, 0.1359],0.2915
1323,[-0.9348,-0.1342, 0.1894, 0.1658],[-0.0325,-0.7871, 2.2333,-0.2885,17.6567],[-0.9331,-0.142 , 0.193 , 0.1576],0.2619
1330,[-0.9552, 0.1685,-0.0498, 0.1658],[-1.637 ,-2.0211,-0.2089,-0.924 ,-1.6081],[-0.9559, 0.135 ,-0.0248, 0.1781],0.252
1332,[-0.9271, 0.187 ,-0.1245, 0.1653],[-1.1518,-1.6903,-2.0249,-1.093 ,-1.8026],[-0.9276, 0.1738,-0.1094, 0.1681],0.3044
1334,[-0.9316, 0.1962,-0.2142, 0.1755],[ 0.8133, 3.294 ,-0.2248, 1.1066,12.4576],[-0.9307, 0.1961,-0.2074, 0.1659],0.2382
1336,[-0.9321, 0.2369,-0.3157, 0.1796],[ 2.4215,25.6486,-1.1968, 1.0232, 2.862 ],[-0.9292, 0.2437,-0.3179, 0.1874],0.1695
1340,[-0.936 ,-0.1932, 0.0308, 0.1937],[-3.7373,-3.3918,-4.26  ,-3.8466,-3.3663],[-0.9372,-0.162 , 0.0137, 0.2014],0.3167
1341,[-0.931 ,-0.202 , 0.1267, 0.1874],[ 2.2107, 5.2926,-0.1228, 1.723 ,-0.0843],[-0.9317,-0.1876, 0.1167, 0.1935],0.2822
1343,[-0.9336,-0.2128, 0.2167, 0.1783],[ 1.4277e+00,-1.7082e-02, 2.9692e+01, 2.6226e+00, 7.8783e-01],[-0.9331,-0.2099, 0.2057, 0.1853],0.2259
1345,[-0.9337,-0.2374, 0.308 , 0.1764],[ 0.9192,-0.6252,24.2016, 1.2635, 1.8472],[-0.931 ,-0.2429, 0.309 , 0.1876],0.1672
1354,[-0.9186, 0.282 ,-0.2629, 0.194 ],[-1.3976,-1.8952,-2.0027,-0.3262,-1.5362],[-0.9189, 0.276 ,-0.2463, 0.207 ],0.2211
1356,[-0.9246, 0.2922,-0.324 , 0.1797],[ 0.4956,13.1919, 0.2537, 2.4205, 0.9964],[-0.9232, 0.2919,-0.3181, 0.1907],0.1627
1361,[-0.928 ,-0.2908, 0.1431, 0.1523],[-3.1108,-2.2413,-3.5819,-2.6642,-3.005 ],[-0.931 ,-0.2668, 0.1241, 0.1644],0.245
1363,[-0.9264,-0.3093, 0.2229, 0.1658],[ 0.5843, 0.2847,-0.3955, 3.5642,-0.0093],[-0.9287,-0.2939, 0.1983, 0.1774],0.2053
1365,[-0.9303,-0.3175, 0.3304, 0.1768],[ 1.2524,-0.1394,18.3493, 2.6418,-0.0223],[-0.9297,-0.3146, 0.3183, 0.186 ],0.135
1383,[-0.9266,-0.3965, 0.259 , 0.1567],[-1.4424,-0.4781,-2.3523,-1.4332,-1.911 ],[-0.9306,-0.3821, 0.2627, 0.1709],0.1286
1385,[-0.9316,-0.4115, 0.3278, 0.1629],[-1.5357,-1.9347,-1.1557,-1.0666,-2.0842],[-0.9349,-0.3994, 0.3015, 0.1763],0.0923
1387,[-0.9484,-0.4211, 0.4244, 0.1646],[ 0.403 ,-0.0773, 8.5916, 1.7859,-0.1772],[-0.9483,-0.4158, 0.4122, 0.1774],-0.0012
1400,[-0.919 , 0.0092,-0.013 , 0.0685],[  1.7713,  4.959 ,506.0729,  1.5376,  2.0137],[-0.9186, 0.0103,-0.0171, 0.0744],0.4384
1401,[-0.9182,-0.0384, 0.0705, 0.0504],[ 2.9672e-01,-7.6811e-01, 8.2934e+01, 3.6467e-01, 3.7966e-02],[-0.9177,-0.0431, 0.0721, 0.0607],0.4208
1402,[-0.9185, 0.0434,-0.0672, 0.0712],[  1.292 ,305.8063, -0.7531,  0.5997,  1.1113],[-0.918 , 0.0468,-0.0687, 0.0751],0.4201
1403,[-0.9409,-0.0489, 0.1677, 0.1123],[-1.6383,-2.1967,-1.2549,-1.901 ,-2.066 ],[-0.9386,-0.0715, 0.1845, 0.1254],0.277
1410,[-0.9196, 0.0635,-0.0468, 0.052 ],[ 0.5584, 0.4373,34.9618, 0.1143, 0.345 ],[-0.9195, 0.0607,-0.0464, 0.0609],0.4244
1411,[-0.9482, 0.0829, 0.0693, 0.0828],[-2.5671,-2.8025,-2.2986,-2.4836,-2.1205],[-0.9477, 0.0468, 0.0922, 0.0949],0.2923
1412,[-0.9196, 0.0757,-0.0834, 0.0754],[ 4.0659, 2.1275, 0.6045,48.2201, 0.3254],[-0.9191, 0.0763,-0.083 , 0.086 ],0.3961
1414,[-0.9227, 0.1411,-0.1819, 0.0679],[-0.1723,56.7759,-0.7372,-0.1927, 0.9065],[-0.9217, 0.1465,-0.1834, 0.0687],0.3007
1420,[-0.9197,-0.0657, 0.043 , 0.0585],[-1.3872e-01, 8.9220e+01, 5.8068e-02, 1.9814e+00,-5.1491e-01],[-0.9196,-0.062 , 0.0422, 0.065 ],0.4239
1421,[-0.9194,-0.0822, 0.0876, 0.0551],[  1.9741,  1.6943,233.9319,  2.9594,  1.2841],[-0.9192,-0.0821, 0.0837, 0.0625],0.3938
1422,[-0.9434,-0.0814,-0.0757, 0.0349],[-2.7968,-2.4202,-3.6998,-2.6013,-3.1571],[-0.9431,-0.0466,-0.0969, 0.0386],0.309
1423,[-0.9272,-0.145 , 0.1878, 0.0547],[ 1.9743,-0.8233, 0.6065,29.614 , 1.0846],[-0.9261,-0.1511, 0.19  , 0.066 ],0.2806
1430,[-0.9412, 0.1818,-0.0378, 0.0466],[-2.4635,-3.0413,-1.9375,-2.555 ,-2.3254],[-0.9427, 0.1475,-0.0048, 0.0613],0.3076
1432,[-0.9318, 0.1918,-0.133 , 0.063 ],[-5.1786,-4.9724,-6.0392,-4.2925,-5.9853],[-0.9328, 0.1784,-0.1131, 0.0694],0.2838
1434,[-0.9283, 0.2027,-0.2091, 0.0536],[ 3.3157,37.9526,-0.3685, 4.4341, 2.1464],[-0.9281, 0.2016,-0.2014, 0.0601],0.248
1436,[-0.9313, 0.2391,-0.2987, 0.0605],[ 0.7353,26.2131,-0.2711, 2.4997,-0.3314],[-0.9293, 0.2458,-0.3018, 0.067 ],0.1774
1440,[-0.9415,-0.1846, 0.0414, 0.0481],[-2.9757,-3.1561,-3.8508,-3.41  ,-4.1624],[-0.943 ,-0.1531, 0.0192, 0.0562],0.2909
1441,[-0.932 ,-0.1917, 0.134 , 0.0591],[-2.0757,-2.0075,-1.7261,-0.5094,-2.5143],[-0.9329,-0.1794, 0.1178, 0.067 ],0.2806
1443,[-0.9292,-0.2128, 0.2107, 0.0487],[ 0.5078, 0.3189,31.5315, 2.5034, 0.5025],[-0.9293,-0.2107, 0.2019, 0.0569],0.2404
1445,[-0.9354,-0.2445, 0.3049, 0.0595],[ 0.3255,-0.8096,19.6646, 4.9164,-0.752 ],[-0.9334,-0.251 , 0.3074, 0.0687],0.1591
1452,[-0.933 , 0.2963,-0.1484, 0.034 ],[-2.2609,-2.8336,-1.1579,-2.1009,-2.169 ],[-0.9366, 0.2721,-0.1321, 0.0451],0.219
1454,[-0.9357, 0.3196,-0.2293, 0.0371],[-2.5165,-3.0027,-2.2285,-2.3319,-3.0779],[-0.9384, 0.3053,-0.2147, 0.0456],0.1605
1456,[-0.9274, 0.3052,-0.3096, 0.0644],[ 0.3882, 1.94  ,-0.5104, 8.7148, 0.8025],[-0.9272, 0.3039,-0.3046, 0.0795],0.1582
1461,[-0.9256,-0.2855, 0.1508, 0.095 ],[-3.2805,-2.2011,-3.7227,-2.9875,-2.8327],[-0.9285,-0.2665, 0.1487, 0.1006],0.244
1463,[-0.9274,-0.3068, 0.2385, 0.065 ],[-1.4613,-1.623 ,-2.1989,-0.905 ,-2.0887],[-0.9295,-0.2962, 0.2238, 0.0757],0.1908
1465,[-0.9283,-0.3143, 0.3251, 0.0538],[ 0.6505,-0.0546,10.2814, 4.3309,-0.6592],[-0.9281,-0.3137, 0.317 , 0.0647],0.141
1467,[-0.9251,-0.3612, 0.4203, 0.0364],[ 1.0934,-0.9784,12.3575, 4.7048,-0.2485],[-0.9229,-0.3637, 0.417 , 0.0478],0.0847
1474,[-0.9189, 0.4054,-0.2593, 0.0412],[-0.6922,-0.8043,-0.3825,-0.6014,-0.6843],[-0.9246, 0.3889,-0.2256, 0.0563],0.1621
1476,[-0.9234, 0.3937,-0.3039, 0.0051],[-1.8854,-2.0884,-2.3168,-1.294 ,-2.5809],[-0.9268, 0.3856,-0.2958, 0.0207],0.1234
1478,[-0.9547, 0.3937,-0.4006, 0.0578],[ 1.2871, 2.7403,-0.2114, 2.5754,-1.1833],[-0.9545, 0.3919,-0.395 , 0.0724],-0.0007
1483,[-0.9216,-0.3922, 0.2603, 0.0884],[-2.0328,-1.3598,-2.8397,-1.7727,-2.6715],[-0.9255,-0.3802, 0.2655, 0.1029],0.1442
1485,[-0.9275,-0.4028, 0.3474, 0.0849],[-4.4281,-5.036 ,-4.2592,-3.6469,-5.1463],[-0.9299,-0.3962, 0.3314, 0.0941],0.094
1487,[-0.9334,-0.3992, 0.4336, 0.0648],[ 0.7069,-0.965 , 3.2305, 1.5876,-1.1234],[-0.9321,-0.3992, 0.4282, 0.0769],0.0388
1500,[-0.9185, 0.0183,-0.0076,-0.0604],[  1.1224,  6.1892,  2.2693,374.4009,  1.0369],[-0.9187, 0.0166,-0.0062,-0.0467],0.4438
1501,[-0.9174,-0.029 , 0.0743,-0.0576],[-7.8351,-8.4744,-5.5717,-7.3119,-7.6267],[-0.9173,-0.0362, 0.0779,-0.0474],0.4221
1502,[-0.9172, 0.0403,-0.0696,-0.0437],[ 0.0895,18.8016,-2.0619,-0.0728,-0.0408],[-0.9172, 0.045 ,-0.0717,-0.0367],0.4182
1503,[-0.9121,-0.0442, 0.1713,-0.081 ],[-2.0291,-2.3549,-2.2569,-1.8324,-2.1127],[-0.9107,-0.0613, 0.174 ,-0.0653],0.3614
1510,[-0.9188, 0.0631,-0.045 ,-0.0617],[ 0.2481, 0.5478,50.2739, 0.6006,-0.2671],[-0.9192, 0.0604,-0.0442,-0.0517],0.4287
1511,[-0.934 , 0.0649, 0.0656,-0.1051],[-2.9617,-3.4567,-2.284 ,-2.4435,-2.6996],[-0.9343, 0.0391, 0.0753,-0.0897],0.361
1512,[-0.9187, 0.0747,-0.0792,-0.0618],[  1.4051,135.2352,  0.2446,  4.8864,  1.3806],[-0.9189, 0.0752,-0.0771,-0.0522],0.4037
1514,[-0.9253, 0.1432,-0.1852,-0.0575],[-0.4601,30.3184,-0.3674,-0.1072, 0.4287],[-0.9246, 0.1501,-0.1891,-0.0459],0.2916
1520,[-0.9203,-0.0657, 0.0435,-0.0495],[ 0.4454,55.9299,-0.247 , 1.1659,-0.5897],[-0.9206,-0.0623, 0.0428,-0.0389],0.4222
1521,[-0.9194,-0.0814, 0.0914,-0.061 ],[  1.2096,  1.1244,159.3937,  1.4985,  0.2283],[-0.9195,-0.0827, 0.0893,-0.05  ],0.3921
1522,[-0.9376,-0.0962,-0.0568,-0.0687],[-1.76  ,-1.8761,-1.9925,-1.6678,-2.2545],[-0.9379,-0.0607,-0.0926,-0.0538],0.3274
1523,[-0.9214,-0.1394, 0.1832,-0.0597],[ 0.0933,-0.7931,56.2131, 0.4617, 0.0564],[-0.9207,-0.1464, 0.1867,-0.047 ],0.3035
1530,[-0.9237, 0.1841,-0.0309,-0.0442],[-2.7118,-2.7859,-1.8066,-2.7543,-2.6764],[-0.9259, 0.1569,-0.0031,-0.0511],0.3723
1532,[-0.9374, 0.2019,-0.127 ,-0.0617],[-3.3705,-4.5482,-3.9939,-2.8547,-4.8963],[-0.9392, 0.1862,-0.1084,-0.0522],0.2584
1534,[-0.9308, 0.2098,-0.2158,-0.0578],[ 0.5328, 4.2269,-0.6099,12.9103, 0.3146],[-0.9309, 0.21  ,-0.2108,-0.044 ],0.2312
1536,[-0.9286, 0.2483,-0.2961,-0.0555],[-0.2238, 3.0027,-1.2419,10.1312,-0.5561],[-0.9272, 0.2544,-0.2994,-0.0404],0.1773
1540,[-0.9437,-0.1828, 0.038 ,-0.0415],[-1.5772,-1.5192,-2.2479,-2.0821,-2.0221],[-0.9456,-0.1492, 0.0133,-0.0305],0.2878
1541,[-0.9312,-0.2009, 0.1319,-0.056 ],[-1.6087,-1.8128,-2.398 ,-0.2556,-2.2841],[-0.9328,-0.1874, 0.1172,-0.0463],0.2764
1543,[-0.9304,-0.2131, 0.2209,-0.0521],[ 2.3054e+01,-3.2198e-01, 4.4470e+00, 1.4359e+00,-1.6015e-03],[-0.9304,-0.2141, 0.2184,-0.04  ],0.2268
1545,[-0.9385,-0.2491, 0.3002,-0.0562],[ 1.4631,-0.9174,10.8134, 4.2144,-0.4897],[-0.937 ,-0.257 , 0.3046,-0.0444],0.1466
1552,[-0.9323, 0.2997,-0.1505,-0.0554],[-2.7248,-3.2651,-1.9493,-2.8349,-2.7699],[-0.9364, 0.2755,-0.1321,-0.0489],0.2184
1554,[-0.9341, 0.3171,-0.2375,-0.0589],[-3.6037,-4.1427,-4.0204,-3.3139,-4.941 ],[-0.9369, 0.3057,-0.2223,-0.0474],0.1619
1556,[-0.9279, 0.3476,-0.3177,-0.0774],[ 1.4294, 2.4984,-1.1573, 2.8672,-0.5372],[-0.9296, 0.3445,-0.3045,-0.0632],0.1304
1561,[-0.9359,-0.2948, 0.137 ,-0.0729],[-1.582 ,-1.    ,-2.7539,-1.9941,-2.0564],[-0.9403,-0.2654, 0.1012,-0.057 ],0.2219
1563,[-0.9321,-0.3141, 0.2326,-0.0694],[-2.0641,-2.7289,-3.0242,-1.5809,-3.5801],[-0.935 ,-0.302 , 0.2147,-0.0566],0.1735
1565,[-0.9291,-0.3277, 0.3261,-0.0703],[ 1.2744,-0.6343, 4.8431, 3.8494,-0.7662],[-0.9296,-0.3276, 0.3186,-0.0569],0.1308
1567,[-0.9369,-0.3555, 0.4209,-0.0637],[ 0.0688,-0.356 ,16.4552, 1.0126,-0.2624],[-0.9345,-0.3614, 0.424 ,-0.05  ],0.0512
1574,[-0.9328, 0.3968,-0.2566,-0.0691],[-1.5503,-2.0114,-0.5032,-1.2999,-1.432 ],[-0.9384, 0.3791,-0.2286,-0.0572],0.1221
1576,[-0.9293, 0.4099,-0.3324,-0.0788],[-3.9502,-3.7987,-4.3535,-3.3156,-5.0959],[-0.9328, 0.4034,-0.3169,-0.0635],0.0876
1583,[-0.9357,-0.3987, 0.2748,-0.0294],[-1.4578,-0.8227,-1.6148,-1.4745,-1.9706],[-0.9399,-0.3879, 0.2802,-0.0452],0.0895
1585,[-0.9332,-0.4096, 0.3319,-0.0823],[-4.1934,-4.9354,-4.1688,-3.7155,-5.5184],[-0.9366,-0.4036, 0.3219,-0.0681],0.0741
1587,[-0.9473,-0.3944, 0.4186,-0.042 ],[-1.4967,-2.2389,-0.3239,-0.1714,-3.0804],[-0.9465,-0.3965, 0.4174,-0.0281],0.0081
1600,[-9.2020e-01, 1.1371e-02,-3.5073e-04,-1.6757e-01],[-58.5569,-59.4582,-58.2962,-58.461 ,-59.8594],[-0.9209, 0.0095, 0.0017,-0.1565],0.4383
1601,[-0.9171,-0.0309, 0.0751,-0.1709],[-10.5297,-12.1319, -8.1776, -9.9815,-11.1672],[-0.9175,-0.0386, 0.0798,-0.1691],0.4166
1602,[-0.9182, 0.0377,-0.0746,-0.1758],[-17.1588,-15.5707,-17.7176,-16.7783,-17.2359],[-0.9187, 0.0446,-0.0799,-0.1748],0.4086
1603,[-0.9441,-0.0354, 0.183 ,-0.1464],[-1.2593,-1.5177,-1.0051,-0.6345,-1.6943],[-0.9426,-0.069 , 0.2006,-0.1308],0.2573
1610,[-0.9157, 0.0663,-0.0396,-0.1819],[-0.7348,-0.7705, 1.3064,98.5213,-0.5931],[-0.9166, 0.062 ,-0.034 ,-0.1697],0.438
1611,[-0.9518, 0.0595, 0.0738,-0.1363],[-1.3364,-1.3501,-0.8313,-1.3244,-0.9764],[-0.9522, 0.024 , 0.0958,-0.15  ],0.2829
1612,[-0.9159, 0.0757,-0.0785,-0.1796],[  0.4301,  1.4339, -0.1511,107.3397,  0.6818],[-0.9166, 0.0764,-0.0769,-0.168 ],0.4081
1614,[-0.9301, 0.1387,-0.1877,-0.1808],[-0.5011, 1.8417,-2.0813,-0.5337,-2.373 ],[-0.9297, 0.1488,-0.1955,-0.1667],0.2704
1620,[-0.9188,-0.0639, 0.0431,-0.1848],[-3.192 ,-2.0445,-3.5529,-2.3502,-4.4466],[-0.9197,-0.0607, 0.0397,-0.1733],0.4253
1621,[-0.9175,-0.0742, 0.0861,-0.1802],[1.5868e+00,9.6908e-03,4.1191e+00,1.0917e+02,1.7358e-01],[-0.9181,-0.0767, 0.0869,-0.1677],0.4001
1622,[-0.9156,-0.0673,-0.0625,-0.1629],[-0.8456,-0.0264,-1.3612,-0.5852,-0.9687],[-0.9163,-0.0478,-0.0676,-0.1623],0.4221
1623,[-0.9299,-0.1351, 0.1879,-0.1757],[-0.1697,-1.1816, 5.2251, 0.1963,-1.4573],[-0.9295,-0.1459, 0.1952,-0.1626],0.2734
1632,[-0.9423, 0.1898,-0.1427,-0.1824],[-0.7326,-0.6552,-1.0542,-0.708 ,-1.711 ],[-0.9441, 0.1792,-0.1246,-0.1724],0.2361
1634,[-0.9369, 0.2213,-0.2223,-0.1881],[ 0.8195,15.5184,-0.0729, 1.5812,-0.2198],[-0.9377, 0.2225,-0.217 ,-0.1745],0.1994
1636,[-0.9293, 0.2584,-0.2955,-0.203 ],[ 0.9495, 2.0348,-0.4196,10.8923, 0.2113],[-0.9287, 0.2656,-0.2987,-0.187 ],0.1716
1641,[-0.9266,-0.1838, 0.1379,-0.1646],[-1.2675,-1.6445,-1.2297,-0.122 ,-1.668 ],[-0.9282,-0.1758, 0.1224,-0.1524],0.299
1643,[-0.9322,-0.2085, 0.2271,-0.1855],[ 1.4043,-0.1297, 2.3504, 6.4918, 0.283 ],[-0.9323,-0.2131, 0.2278,-0.1695],0.2169
1645,[-0.9299,-0.2539, 0.2991,-0.1855],[ 0.4776, 0.0321,11.6708, 0.4805,-0.5141],[-0.929 ,-0.262 , 0.3032,-0.1708],0.1704
1654,[-0.9379, 0.3012,-0.2529,-0.1678],[-0.5935,-1.0858,-1.8476,-0.0638,-2.0382],[-0.9403, 0.2946,-0.2353,-0.1544],0.1505
1656,[-0.9307, 0.3301,-0.3309,-0.189 ],[ 0.521 , 4.7207,-0.5284, 3.716 ,-1.2733],[-0.9313, 0.3323,-0.3259,-0.1734],0.119
1658,[-0.9281, 0.3713,-0.3962,-0.1951],[ 2.1954, 4.818 ,-0.3912, 4.5061, 0.0626],[-0.9276, 0.376 ,-0.3955,-0.1795],0.0766
1663,[-0.9317,-0.3253, 0.2506,-0.1524],[-0.5922,-1.3105,-1.1408,-0.6108,-2.2188],[-0.935 ,-0.3156, 0.231 ,-0.1385],0.16
1665,[-0.9236,-0.3278, 0.3375,-0.1882],[ 0.4029,-0.2986, 6.716 , 2.5074,-0.767 ],[-0.9239,-0.3306, 0.333 ,-0.1746],0.1389
1667,[-0.9254,-0.3381, 0.4096,-0.1847],[ 0.5002,-0.5182, 2.9436,14.5287,-0.3826],[-0.9228,-0.346 , 0.4153,-0.1689],0.0892
1676,[-0.9253, 0.4204,-0.357 ,-0.1537],[-3.6556,-2.8956,-4.1473,-2.7157,-4.9243],[-0.9287, 0.4173,-0.3408,-0.1377],0.0821
1678,[-0.9298, 0.4127,-0.4032,-0.2027],[-1.5937,-1.6005,-3.198 ,-0.4114,-3.7859],[-0.9308, 0.4154,-0.3975,-0.1891],0.0469
1685,[-0.9224,-0.4038, 0.3467,-0.1747],[-2.8592,-3.835 ,-3.2369,-2.5205,-4.4652],[-0.9253,-0.4016, 0.3367,-0.1606],0.1007
1687,[-0.9221,-0.4124, 0.4381,-0.2096],[-1.5261,-2.7998,-1.0131,-0.9923,-3.5648],[-0.9213,-0.416 , 0.4386,-0.1943],0.0544
1689,[-0.9143,-0.4366, 0.5019,-0.1588],[13.8643,-0.5447, 0.6828, 5.7103,-0.6033],[-0.9116,-0.4399, 0.5019,-0.1434],0.0188
1700,[-0.9281,-0.0055, 0.0028,-0.2962],[-63.4378,-63.0932,-63.2233,-62.6994,-63.9611],[-0.9294,-0.0051, 0.0026,-0.2853],0.4062
1701,[-0.9311,-0.028 , 0.0816,-0.3004],[-10.5809,-11.333 ,-10.0698,-10.418 ,-11.2148],[-0.9319,-0.0403, 0.0923,-0.2912],0.3604
1702,[-0.9304, 0.027 ,-0.0823,-0.2933],[-15.1506,-14.3852,-15.5657,-15.0857,-15.9561],[-0.9311, 0.0393,-0.0936,-0.283 ],0.3633
1704,[-0.9302, 0.0546,-0.1674,-0.3302],[-0.2376, 0.1733,-0.61  , 0.3114,-0.7156],[-0.9292, 0.0805,-0.2044,-0.3129],0.301
1710,[-0.9181, 0.068 ,-0.0413,-0.2908],[-17.968 ,-17.7389,-17.4007,-15.9031,-18.4673],[-0.9195, 0.0638,-0.0366,-0.2821],0.426
1711,[-0.929 , 0.0591, 0.0674,-0.2531],[ 0.2409,-0.6906, 0.0474, 0.0791,-0.3903],[-0.9298, 0.0353, 0.0812,-0.2362],0.3769
1712,[-0.9208, 0.0854,-0.0844,-0.2901],[-46.2673,-45.185 ,-46.7828,-45.0494,-46.7984],[-0.922 , 0.0862,-0.0822,-0.2822],0.3825
1714,[-0.9318, 0.1456,-0.1884,-0.321 ],[ 0.1539,11.6475,-0.4377, 2.3557,-0.3613],[-0.932 , 0.1564,-0.1968,-0.3072],0.2576
1720,[-0.9182,-0.0662, 0.0422,-0.3011],[-20.2626,-19.2915,-20.2683,-19.3829,-20.5471],[-0.9196,-0.0627, 0.0387,-0.2933],0.4263
1721,[-0.9191,-0.0807, 0.0837,-0.2967],[-36.0465,-36.7003,-35.2365,-35.6698,-36.804 ],[-0.9203,-0.0823, 0.083 ,-0.2896],0.3913
1723,[-0.9314,-0.1413, 0.1965,-0.3177],[ 0.0402,-1.0151, 3.5536, 2.6646,-1.011 ],[-0.9313,-0.1544, 0.2074,-0.3022],0.2571
1730,[-0.918 , 0.1787,-0.0328,-0.3036],[-0.1519,-0.4532, 0.1633,-0.054 ,-0.2363],[-0.9211, 0.1586,-0.0305,-0.2865],0.3808
1732,[-0.9396, 0.1788,-0.1508,-0.2879],[-0.3283,-1.0126,-1.4297, 0.5005,-0.6911],[-0.9414, 0.1748,-0.1419,-0.2738],0.2413
1734,[-0.94  , 0.211 ,-0.2244,-0.3134],[ 5.0478e-01, 1.6399e+00, 9.4185e-03, 2.1662e+01,-9.2540e-02],[-0.9408, 0.2169,-0.2259,-0.2966],0.1872
1736,[-0.9281, 0.2561,-0.3019,-0.3243],[13.4771, 3.5588,-0.388 , 1.3713,-0.2475],[-0.9275, 0.2662,-0.309 ,-0.3086],0.1711
1741,[-0.9373,-0.1884, 0.1386,-0.3306],[-0.4607,-0.7714,-1.2667,-0.7849,-1.7722],[-0.9397,-0.1808, 0.1236,-0.3151],0.2536
1743,[-0.9337,-0.199 , 0.2322,-0.3019],[ 0.6417,-0.1314, 1.0908, 7.1252,-0.4432],[-0.9338,-0.2076, 0.2367,-0.286 ],0.211
1745,[-0.9279,-0.2443, 0.3114,-0.3158],[ 0.8744,-0.1604,14.2878, 0.4993,-0.6166],[-0.9264,-0.2571, 0.3215,-0.3013],0.171
1754,[-0.9473, 0.3147,-0.2653,-0.2941],[ 0.0773, 0.0189, 0.0317, 1.4587,-1.2003],[-0.9501, 0.3104,-0.2542,-0.2771],0.1042
1756,[-0.9338, 0.3141,-0.3404,-0.3092],[ 0.5998, 1.8475,-0.037 , 9.827 ,-1.3174],[-0.9336, 0.3218,-0.3441,-0.2925],0.1084
1758,[-0.9195, 0.3527,-0.4073,-0.3087],[ 6.3969e-01, 2.4500e+01,-9.9245e-03, 2.1051e+00,-5.5668e-01],[-0.9177, 0.3608,-0.413 ,-0.2925],0.0934
1765,[-0.9256,-0.3159, 0.3445,-0.3022],[ 0.626 ,-0.0765, 0.8345,14.413 ,-0.5373],[-0.9253,-0.3228, 0.3465,-0.2858],0.1311
1767,[-0.9221,-0.3523, 0.4197,-0.3288],[ 1.4916,-0.3969,25.1056, 4.2816,-0.6579],[-0.9198,-0.3618, 0.425 ,-0.3131],0.0872
1778,[-0.9193, 0.3957,-0.4278,-0.3301],[-1.4935,-1.1379,-2.7548,-0.7528,-3.1244],[-0.9185, 0.4021,-0.4289,-0.314 ],0.0588
1785,[-0.9184,-0.3935, 0.3734,-0.2718],[-0.4203,-0.677 ,-1.0233,-0.1062,-1.4135],[-0.9199,-0.396 , 0.3709,-0.2554],0.1032
1787,[-0.9205,-0.3955, 0.4515,-0.2743],[ 0.1611,-0.3213, 1.689 , 4.6827,-1.0577],[-0.9185,-0.4019, 0.4535,-0.2591],0.0527
1800,[-0.9322, 0.0048,-0.0015,-0.4374],[-13.6961,-13.2305,-13.5385,-13.3894,-15.04  ],[-9.3401e-01, 3.8425e-03,-5.0776e-04,-4.2229e-01],0.3873
1801,[-0.9304,-0.0231, 0.0959,-0.4436],[-3.5782,-4.3395,-2.837 ,-3.1838,-4.3615],[-0.9315,-0.0404, 0.1125,-0.4282],0.3527
1802,[-0.9277, 0.0329,-0.0812,-0.4423],[-2.3213,-1.5057,-3.0162,-1.8687,-3.8216],[-0.9291, 0.0441,-0.0911,-0.4273],0.3713
1803,[-0.9327,-0.0394, 0.1743,-0.426 ],[-0.1413,-0.72  ,-0.1151, 0.2818,-0.1084],[-0.9322,-0.0692, 0.1989,-0.4095],0.2978
1810,[-0.9304, 0.0723,-0.0302,-0.4389],[-2.4239,-3.2992,-1.0404,-1.5911,-3.6196],[-0.9325, 0.0645,-0.0233,-0.4235],0.3762
1811,[-0.9117, 0.0569, 0.0589,-0.4584],[-0.0281,-0.161 , 0.1291,-0.2931,-0.1137],[-0.9137, 0.0393, 0.0636,-0.4764],0.4398
1812,[-0.9348, 0.1002,-0.1104,-0.4434],[ -9.6425, -8.6638,-11.1239, -8.6233,-11.1948],[-0.9364, 0.1048,-0.1127,-0.4275],0.3042
1814,[-0.9336, 0.146 ,-0.1906,-0.4383],[-0.2128,24.0003,-0.1601, 1.347 ,-0.3622],[-0.9341, 0.1587,-0.2012,-0.4222],0.2479
1816,[-0.9285, 0.1592,-0.2884,-0.474 ],[-0.1559,-0.1173,-0.2112, 0.2536,-0.5873],[-0.9264, 0.1831,-0.3011,-0.4568],0.2181
1820,[-0.9186,-0.0694, 0.0401,-0.4104],[-5.1416,-4.3286,-4.7824,-3.658 ,-5.9715],[-0.9205,-0.0649, 0.0345,-0.3977],0.4239
1821,[-0.9241,-0.0867, 0.1021,-0.4151],[-14.6713,-14.1714,-14.14  ,-12.1823,-15.0697],[-0.9256,-0.0921, 0.1061,-0.4039],0.3573
1823,[-0.9302,-0.1272, 0.2063,-0.4339],[ 0.4128,-0.5939,11.9952, 2.2305,-0.7434],[-0.9299,-0.1453, 0.2202,-0.418 ],0.2608
1825,[-0.9514,-0.1386, 0.2935,-0.4731],[-0.2474,-0.4104, 0.0806,-0.292 ,-0.2173],[-0.9482,-0.1796, 0.3286,-0.4554],0.1336
1832,[-0.9266, 0.1927,-0.1226,-0.4361],[ 0.4411,-0.6407, 0.5195, 1.6741,-1.0283],[-0.9298, 0.1804,-0.1025,-0.4192],0.3008
1834,[-0.941 , 0.1986,-0.2261,-0.4277],[ 1.6939, 1.2189, 0.145 ,23.2832,-1.1699],[-0.9417, 0.2093,-0.234 ,-0.4106],0.1836
1836,[-0.93  , 0.243 ,-0.3086,-0.4299],[ 0.0699,29.7163, 0.1351, 1.225 ,-0.5077],[-0.9289, 0.2576,-0.32  ,-0.4136],0.1646
1841,[-0.9302,-0.1968, 0.1257,-0.4411],[-0.4796,-0.5074,-0.4936,-0.1095,-1.3092],[-0.9335,-0.1845, 0.1022,-0.4239],0.2827
1843,[-0.9301,-0.2   , 0.2472,-0.4275],[ 0.4816, 0.4571, 7.7749, 6.5619,-0.6786],[-0.9301,-0.2125, 0.2566,-0.4122],0.2125
1845,[-0.9261,-0.2393, 0.3085,-0.4275],[ 0.0345,-0.2351,27.1141, 1.4476,-1.1229],[-0.9249,-0.254 , 0.3209,-0.4121],0.1784
1847,[-0.9337,-0.2697, 0.3905,-0.3988],[-0.2676,-0.935 ,-0.0014, 0.0325,-0.6947],[-0.9299,-0.2887, 0.4037,-0.3842],0.1086
1854,[-0.9294, 0.2885,-0.2695,-0.4789],[-0.561 , 1.7148,-0.238 , 0.9888,-1.0615],[-0.9313, 0.2936,-0.2775,-0.4617],0.1604
1856,[-0.9306, 0.306 ,-0.3387,-0.4248],[ 2.6097, 3.6202,-0.6445, 3.8352,-1.8804],[-0.9303, 0.3159,-0.3453,-0.4091],0.1205
1858,[-0.9167, 0.3468,-0.41  ,-0.4267],[ 5.5291, 1.0326,-0.0822,18.2184,-0.48  ],[-0.9147, 0.3571,-0.4184,-0.4104],0.1025
1865,[-0.9245,-0.302 , 0.3564,-0.4232],[ 0.189 ,-0.0332, 1.1051,19.9819,-0.803 ],[-0.9233,-0.3134, 0.3647,-0.4062],0.1331
1867,[-0.9208,-0.3394, 0.4096,-0.4186],[ 2.211 ,-0.0729, 1.6948,31.2064,-0.5231],[-0.9186,-0.3507, 0.4182,-0.4011],0.099
1887,[-0.9115,-0.3913, 0.4613,-0.4043],[ 0.0269,-1.1981, 1.7502, 2.1425,-1.5294],[-0.9088,-0.3997, 0.4661,-0.3866],0.0484
1900,[-9.2328e-01, 6.4060e-04,-1.0064e-02,-6.1523e-01],[-63.1815,-63.5578,-64.1954,-62.5545,-64.7268],[-0.9259, 0.0025,-0.0114,-0.5984],0.4217
1901,[-0.9222,-0.014 , 0.0942,-0.6121],[-0.1178,-1.3416, 6.5112,34.6349,-0.8926],[-0.924 ,-0.0317, 0.1111,-0.5938],0.3893
1902,[-0.9194, 0.0326,-0.0795,-0.6387],[-1.4359, 0.1731,-3.1714,64.8212,-4.1011],[-0.9217, 0.0432,-0.0878,-0.6205],0.405
1903,[-0.9364,-0.0384, 0.1806,-0.5932],[-0.5217,-0.8229, 1.3079,-0.2466,-1.3363],[-0.9361,-0.0753, 0.2153,-0.5746],0.2739
1904,[-0.9226, 0.0338,-0.1812,-0.6173],[-1.1107, 0.1333,-1.9296,-1.0723,-0.7659],[-0.9228, 0.0623,-0.1974,-0.599 ],0.3392
1910,[-0.9241, 0.078 ,-0.0251,-0.5823],[-24.3805,-24.5343,-24.8241,-24.4184,-25.6871],[-0.927 , 0.0674,-0.0086,-0.5665],0.4025
1911,[-0.9467, 0.0575, 0.0842,-0.6276],[-0.611 ,-0.7661, 0.0196,-0.3309,-0.2017],[-0.9482, 0.0104, 0.1474,-0.6088],0.2823
1912,[-0.9281, 0.0904,-0.104 ,-0.5942],[-166.7719,-166.7195,-167.1475,-166.2786,-168.3236],[-0.9303, 0.0963,-0.1081,-0.5774],0.3349
1914,[-0.9327, 0.1333,-0.1948,-0.5617],[ 2.1299, 1.934 ,-0.5351,85.4719,-0.8049],[-0.9333, 0.1509,-0.2129,-0.5439],0.2492
1920,[-0.9197,-0.072 , 0.0242,-0.6105],[-17.5898,-18.7539,-18.7389,-18.0254,-18.8838],[-0.9226,-0.0634, 0.0113,-0.5943],0.4234
1921,[-0.9238,-0.0874, 0.117 ,-0.5797],[-26.2407,-26.7572,-26.2555,-26.1214,-27.9438],[-0.9256,-0.0965, 0.1244,-0.5621],0.3462
1922,[-0.9175,-0.0714,-0.0705,-0.6456],[-0.931 , 0.1702,-1.5684,-0.7473,-1.3254],[-0.9198,-0.0411,-0.1168,-0.6645],0.4016
1923,[-0.9284,-0.1172, 0.2074,-0.5778],[ 1.9365e-01, 1.4360e-02, 4.1468e+01, 2.5094e+00,-7.6634e-01],[-0.9284,-0.1385, 0.2243,-0.5607],0.2682
1925,[-0.9271,-0.1448, 0.2891,-0.6329],[-0.3745,-1.9342,-0.2374, 0.3434,-0.8244],[-0.925 ,-0.1729, 0.3048,-0.6165],0.226
1932,[-0.9224, 0.1813,-0.1382,-0.6158],[-18.2196,-17.4697,-18.7452,-17.1789,-19.0133],[-0.9259, 0.1771,-0.1256,-0.5977],0.306
1934,[-0.9344, 0.1939,-0.2279,-0.5494],[-31.6559,-33.1408,-33.2574,-32.5942,-34.1786],[-0.9353, 0.207 ,-0.24  ,-0.5315],0.2038
1936,[-0.9266, 0.2293,-0.3208,-0.5541],[ 3.2307,52.2481, 0.1332, 0.1461,-0.0675],[-0.925 , 0.2485,-0.3358,-0.5373],0.1747
1943,[-0.9296,-0.1915, 0.2465,-0.5476],[-0.6042,-1.3795, 0.8751, 1.6574,-1.6175],[-0.9298,-0.2069, 0.2588,-0.5312],0.2148
1945,[-0.9264,-0.2288, 0.31  ,-0.5472],[ 0.6261,-0.6033, 0.6778,39.6114,-0.5855],[-0.9251,-0.2468, 0.3246,-0.5294],0.1798
1954,[-0.9221, 0.2845,-0.242 ,-0.5607],[-0.0879, 1.0542,-1.811 , 0.7925,-1.9117],[-0.9255, 0.2843,-0.2325,-0.5428],0.2051
1956,[-0.9194, 0.3033,-0.3477,-0.5352],[-2.786 ,-3.687 ,-2.9261,-2.2683,-4.8398],[-0.9188, 0.3147,-0.3558,-0.5193],0.1489
1958,[-0.9202, 0.3263,-0.3984,-0.511 ],[ 0.4942,14.6903, 1.0096, 1.3163,-0.1295],[-0.918 , 0.3394,-0.4093,-0.4931],0.1099
1965,[-0.9265,-0.2904, 0.364 ,-0.5218],[-0.5342,-0.2733, 0.5612,10.4071,-0.3856],[-0.9247,-0.3059, 0.3778,-0.5035],0.1289
1967,[-0.9274,-0.3195, 0.3976,-0.5112],[ 0.733 ,-0.0786,22.3575, 0.7137,-0.2366],[-0.925 ,-0.3345, 0.4118,-0.493 ],0.0979
2200,[-0.9022, 0.0048, 0.0025, 0.2692],[-44.6362,-44.7057,-44.6825,-45.5137,-44.325 ],[-0.9011, 0.0038, 0.0031, 0.2643],0.4052
2201,[-0.9054,-0.0398, 0.074 , 0.2646],[-21.8678,-22.5457,-21.2689,-22.5284,-21.4679],[-0.904 ,-0.0434, 0.0747, 0.2611],0.3884
2202,[-0.8959, 0.0417,-0.0709, 0.2727],[-7.7498,-6.3795,-7.5196,-7.9056,-6.2067],[-0.8945, 0.0446,-0.0739, 0.2727],0.3475
2210,[-0.9011, 0.0655,-0.0447, 0.2597],[-2.2553,-3.3392,-1.4037,-2.8582,-1.6506],[-0.9002, 0.062 ,-0.0395, 0.2477],0.3797
2212,[-0.8994, 0.0845,-0.1035, 0.2657],[-2.9767,-2.5746,-3.3757,-3.989 ,-1.8599],[-0.8982, 0.0854,-0.1005, 0.259 ],0.3316
2214,[-0.9089, 0.1575,-0.1721, 0.2802],[-1.3302, 1.4877,-2.3081,-1.5292, 0.5648],[-0.9076, 0.1566,-0.1661, 0.2735],0.306
2220,[-0.9065,-0.074 , 0.0281, 0.2705],[-4.4528,-4.386 ,-4.5944,-5.2969,-3.9706],[-0.9057,-0.0677, 0.0279, 0.2635],0.4067
2221,[-0.9025,-0.0626, 0.0838, 0.2697],[-23.1366,-23.8749,-22.8643,-23.7935,-22.4789],[-0.9012,-0.0643, 0.0835, 0.2613],0.3622
2232,[-0.9089, 0.1976,-0.1325, 0.2833],[-0.0858,-0.7068, 0.4765,-1.17  , 0.0459],[-0.9091, 0.1882,-0.1297, 0.2783],0.3143
2234,[-0.9056, 0.2639,-0.2357, 0.2638],[ 0.2916, 2.7042,-0.9086, 0.0808, 3.4338],[-0.9058, 0.257 ,-0.217 , 0.264 ],0.2268
2236,[-0.9093, 0.2759,-0.2869, 0.258 ],[-0.0496, 3.5422,-1.2756,-0.7349, 2.9935],[-0.9086, 0.2727,-0.2723, 0.2619],0.2026
2241,[-0.9096,-0.1831, 0.1338, 0.2597],[-0.1244,-0.0025,-1.2278,-0.9507, 0.7214],[-0.9097,-0.1726, 0.1072, 0.2674],0.3354
2243,[-0.8901,-0.2323, 0.2662, 0.2592],[ 1.5448,-0.9874, 2.3176,-0.651 , 1.2541],[-0.8886,-0.2321, 0.2551, 0.2563],0.1611
2245,[-0.8964,-0.2581, 0.3011, 0.2594],[ 0.3052,-1.9062, 0.9461,-0.6862, 2.6728],[-0.8946,-0.2582, 0.2909, 0.2564],0.1533
2256,[-0.9104, 0.278 ,-0.2996, 0.254 ],[ 0.8043, 8.7094,-0.3467, 0.2481, 1.7487],[-0.9093, 0.2759,-0.2869, 0.258 ],0.1966
2300,[-0.9068, 0.0156,-0.0111, 0.1691],[-97.854 ,-97.9838,-97.3822,-98.5862,-96.4301],[-0.9061, 0.0148,-0.0098, 0.1617],0.4223
2301,[-0.9051,-0.0404, 0.0702, 0.1781],[-40.5932,-41.2394,-39.5042,-41.0267,-40.0566],[-0.9041,-0.0438, 0.0713, 0.1714],0.3904
2302,[-0.9073, 0.044 ,-0.0714, 0.151 ],[-28.5933,-27.8398,-30.1481,-29.7183,-28.1181],[-0.9064, 0.0472,-0.0724, 0.1489],0.3984
2310,[-0.9065, 0.0654,-0.043 , 0.1533],[-3.2062,-2.9453,-2.2466,-2.8506,-2.1294],[-0.906 , 0.0617,-0.0378, 0.147 ],0.4056
2312,[-0.9064, 0.0803,-0.0988, 0.1498],[-13.1341,-12.6627,-14.1854,-14.3383,-12.2876],[-0.9056, 0.0818,-0.0978, 0.1445],0.3662
2314,[-0.9055, 0.1352,-0.1736, 0.1534],[ 2.4842, 5.101 ,-2.0711, 0.3089, 4.7072],[-0.9042, 0.1386,-0.1731, 0.1486],0.2977
2320,[-0.907 ,-0.066 , 0.0402, 0.1575],[-10.9857,-10.312 ,-11.7676,-11.4626,-10.5808],[-0.9065,-0.0617, 0.0343, 0.1525],0.4094
2321,[-0.9048,-0.0759, 0.0871, 0.1558],[-29.8017,-31.4808,-29.9026,-31.2279,-28.3233],[-0.9041,-0.0763, 0.0833, 0.1506],0.3695
2323,[-0.9078,-0.1417, 0.1801, 0.1508],[-8.0008,-9.2585,-6.8111,-8.336 ,-8.0812],[-0.9067,-0.1444, 0.174 , 0.149 ],0.3042
2332,[-0.9054, 0.1881,-0.1295, 0.1681],[ 1.0771, 0.265 , 2.8582,-0.5621, 3.9408],[-0.906 , 0.1791,-0.1167, 0.1612],0.3124
2334,[-0.9049, 0.2199,-0.2152, 0.175 ],[ 6.9383, 8.7806,-0.597 , 0.7784, 2.068 ],[-0.9047, 0.2165,-0.2006, 0.1719],0.2501
2336,[-0.9045, 0.2511,-0.2981, 0.1817],[-0.3701, 9.4196,-0.9435,-0.3365, 0.9438],[-0.9027, 0.2526,-0.2918, 0.1877],0.1825
2340,[-0.8969,-0.1841, 0.0528, 0.1362],[-3.9043,-3.8235,-4.4782,-4.2674,-4.2002],[-0.8982,-0.1695, 0.0565, 0.1215],0.3132
2341,[-0.8981,-0.2236, 0.1331, 0.1561],[ 2.377 , 1.7842,-0.4711,-0.4359, 5.0589],[-0.8996,-0.2109, 0.111 , 0.1463],0.2749
2343,[-0.8993,-0.2335, 0.2085, 0.2007],[ 0.9378,-0.5397,11.2482, 0.4609, 0.327 ],[-0.8997,-0.2278, 0.1893, 0.191 ],0.2324
2345,[-0.9018,-0.2376, 0.3061, 0.2184],[-0.8177,-1.1772, 7.1048,-0.5707, 1.6054],[-0.8992,-0.2407, 0.3015, 0.2266],0.1717
2354,[-0.9021, 0.287 ,-0.2641, 0.2335],[1.7507,1.1923,0.99  ,1.1055,2.6241],[-0.9025, 0.2809,-0.2433, 0.2435],0.1912
2356,[-0.9066, 0.2922,-0.3192, 0.2073],[ 0.984 ,12.7818,-0.2144, 0.6062, 0.7411],[-0.9054, 0.2911,-0.3095, 0.2154],0.1652
2361,[-0.9082,-0.2975, 0.153 , 0.1369],[-1.4472, 0.121 ,-2.6427,-1.6807,-1.3518],[-0.9112,-0.2818, 0.1558, 0.1369],0.2644
2363,[-0.9021,-0.3128, 0.2467, 0.182 ],[ 5.6148, 0.9535, 1.9613, 1.4969,23.334 ],[-0.9041,-0.3032, 0.2212, 0.1793],0.1973
2365,[-0.9011,-0.3001, 0.3229, 0.1858],[ 1.2023,-0.4024,16.0488, 0.5413, 1.3708],[-0.9002,-0.2987, 0.3106, 0.1932],0.1442
2400,[-0.9062, 0.0123,-0.0127, 0.0634],[  0.7517,  1.3221,  1.3541,  0.8443,278.9954],[-0.9059, 0.0124,-0.0133, 0.0494],0.4208
2401,[-0.9046,-0.0391, 0.07  , 0.0594],[-8.1549,-9.9595,-6.7929,-8.7297,-6.5681],[-0.9042,-0.0431, 0.0716, 0.051 ],0.3908
2402,[-0.907 , 0.0416,-0.0704, 0.0609],[-17.2041, -8.2518,-19.1052,-19.4654,-15.4575],[-0.9065, 0.0453,-0.0719, 0.0515],0.4
2403,[-0.9018,-0.0289, 0.1787, 0.0799],[-1.3987,-2.0808,-1.2901,-1.1356,-1.3418],[-0.8992,-0.0474, 0.1954, 0.08  ],0.3099
2410,[-0.9055, 0.0653,-0.0448, 0.051 ],[ 0.6364,-0.5311,89.3079, 0.2514, 0.7057],[-0.9055, 0.0626,-0.0444, 0.0417],0.4002
2411,[-0.9035, 0.0567, 0.0647, 0.1036],[-1.4422,-2.0735,-0.829 ,-1.2217,-1.5158],[-0.9031, 0.0417, 0.0643, 0.0901],0.3897
2412,[-0.9049, 0.0842,-0.0978, 0.0607],[3.1527e+00,3.1216e+02,7.9366e-01,1.5098e-01,1.2006e+00],[-0.9045, 0.0853,-0.0956, 0.0519],0.3611
2414,[-0.9018, 0.1437,-0.1758, 0.0568],[ 0.1993,46.899 ,-1.4712,-0.4873,-0.2529],[-0.901 , 0.1469,-0.1759, 0.0475],0.2803
2420,[-0.9053,-0.066 , 0.0392, 0.0638],[-1.0047,12.1526,-0.9088,-1.1713,12.2202],[-0.9052,-0.0618, 0.0339, 0.0539],0.4036
2421,[-0.9041,-0.0779, 0.0884, 0.0632],[ 0.5691, 0.7294,84.2041, 1.3989, 2.9033],[-0.9038,-0.0785, 0.0845, 0.0596],0.3666
2422,[-0.9103,-0.058 ,-0.0642, 0.0335],[-4.3356,-4.8567,-5.0772,-4.9533,-4.992 ],[-0.9101,-0.0417,-0.0643, 0.0184],0.4216
2423,[-0.9023,-0.1465, 0.1884, 0.046 ],[-2.3504,-5.2381,-0.4689,-3.3259,-0.9664],[-0.9013,-0.1506, 0.1885, 0.0473],0.2743
2432,[-0.9047, 0.1813,-0.1434, 0.0636],[ 1.0356, 0.4056, 0.875 , 0.3893,13.3982],[-0.9055, 0.1745,-0.1249, 0.0566],0.309
2434,[-0.9046, 0.1936,-0.2025, 0.0596],[ 0.9743,41.4543,-0.0656, 0.4813, 1.2122],[-0.9043, 0.1932,-0.1944, 0.0646],0.2625
2436,[-0.9034, 0.2538,-0.3039, 0.0309],[ 3.0138, 3.3107,-2.025 , 1.7637, 2.4221],[-0.9018, 0.2573,-0.3013, 0.0382],0.1728
2440,[-0.9024,-0.1795, 0.0356, 0.0416],[-4.692 ,-4.0354,-5.3867,-4.7839,-4.7546],[-0.904 ,-0.161 , 0.0251, 0.0429],0.3563
2441,[-0.9026,-0.1982, 0.1411, 0.0698],[ 1.5719,12.7453, 0.9006, 1.3157, 2.1125],[-0.9036,-0.1909, 0.1337, 0.061 ],0.2902
2443,[-0.9048,-0.1813, 0.2059, 0.032 ],[ 0.7054,-0.0727, 3.284 , 0.1195,33.6459],[-0.9042,-0.1832, 0.2019, 0.0224],0.2636
2445,[-0.9058,-0.2292, 0.2898, 0.0324],[ 0.1017,-1.5656, 9.4748, 0.7009, 0.4759],[-0.9041,-0.2343, 0.2863, 0.0219],0.1987
2452,[-0.9096, 0.3149,-0.1546, 0.0014],[-0.6342,-1.5512, 0.5405,-0.7713,-1.0145],[-0.9137, 0.2982,-0.1549, 0.0163],0.2662
2454,[-0.9024, 0.3025,-0.2485, 0.0233],[1.658 ,0.3311,0.2831,1.4151,2.4104],[-0.9044, 0.2961,-0.2321, 0.03  ],0.196
2456,[-0.8994, 0.3021,-0.3036, 0.0246],[ 1.8834, 9.0297,-0.1346, 0.2005, 1.7032],[-0.8996, 0.3011,-0.2926, 0.0228],0.1494
2461,[-0.8802,-0.2904, 0.1456, 0.0442],[-1.8049,-0.8393,-2.8247,-1.8168,-1.8758],[-0.8838,-0.2769, 0.1325, 0.0592],0.1787
2463,[-0.9021,-0.3267, 0.2426, 0.0711],[ 0.7837, 4.6463, 1.699 ,20.2606, 2.6371],[-0.9048,-0.3171, 0.2231, 0.0843],0.1923
2465,[-0.9012,-0.3473, 0.3256, 0.0645],[ 0.7098,-0.2725,15.6837, 1.3785, 1.0708],[-0.9022,-0.344 , 0.3119, 0.076 ],0.129
2467,[-0.9034,-0.3696, 0.397 , 0.0521],[ 0.1299,-0.8809, 9.0944, 0.2614,-0.6884],[-0.9025,-0.3698, 0.3879, 0.0621],0.0823
2474,[-0.9081, 0.3903,-0.2738, 0.0175],[-0.2946,-0.5094, 0.0279,-0.0698,-0.2049],[-0.9128, 0.3789,-0.2464, 0.0323],0.178
2476,[-0.9069, 0.4175,-0.3075, 0.0081],[ 1.7827, 1.0915,-0.3095, 1.991 ,-0.0691],[-0.9117, 0.4085,-0.2832, 0.0232],0.1405
2485,[-0.8972,-0.4109, 0.3507, 0.05  ],[ 1.0505,-0.3674, 2.7498, 2.6196,-0.0423],[-0.8999,-0.4063, 0.3364, 0.0636],0.0815
2487,[-0.8981,-0.4124, 0.4183, 0.0442],[ 1.3429,-0.8669,10.9945, 4.7522, 0.7004],[-0.8982,-0.4116, 0.409 , 0.0555],0.0409
2500,[-0.9058, 0.0072,-0.0062,-0.064 ],[  1.3214,  2.4551,  1.6432,  0.8823,676.9029],[-0.9061, 0.007 ,-0.0053,-0.0778],0.4228
2501,[-0.9055,-0.0333, 0.0676,-0.0703],[  0.4811, -1.2215,129.6137, -0.5858,  3.4397],[-0.9057,-0.0381, 0.0689,-0.0783],0.4012
2502,[-0.9057, 0.0371,-0.0682,-0.0612],[  0.5959,102.775 , -1.1382, -0.512 , -0.3649],[-0.9058, 0.0414,-0.0692,-0.071 ],0.3999
2510,[-0.9052, 0.0664,-0.0462,-0.0579],[ 5.7347e-01, 2.9806e-01, 2.1616e+02,-1.8012e-01, 1.1715e+00],[-0.9057, 0.064 ,-0.0466,-0.0701],0.3993
2512,[-0.9047, 0.0805,-0.0862,-0.0608],[  1.1982,  4.3948,  0.9262,  0.5582,449.4551],[-0.905 , 0.0812,-0.0842,-0.0754],0.3704
2514,[-0.8983, 0.1518,-0.1788,-0.0308],[ 0.5172, 0.6886,-3.8833,-1.6958,-1.0035],[-0.898 , 0.1548,-0.1782,-0.0388],0.2637
2520,[-0.903 ,-0.065 , 0.0416,-0.0617],[ 1.4403, 4.567 ,-1.2815,-0.243 , 3.6438],[-0.9035,-0.0618, 0.0377,-0.0732],0.3942
2521,[-0.9025,-0.0749, 0.0842,-0.0616],[  2.1632,  0.4865,128.1523,  0.4689,  0.9258],[-0.9027,-0.0759, 0.0815,-0.0704],0.3647
2522,[-0.9042,-0.0725,-0.0693,-0.0985],[-4.7489,-4.7903,-5.3667,-4.5469,-4.7689],[-0.9045,-0.0522,-0.0842,-0.1036],0.3818
2523,[-0.9033,-0.1412, 0.189 ,-0.04  ],[-2.121 ,-3.996 ,-0.2571,-0.7884,-1.1377],[-0.9024,-0.147 , 0.1915,-0.0364],0.2789
2530,[-0.9092, 0.1872,-0.0548,-0.0581],[-1.9666,-2.2261,-1.2998,-1.2802,-2.0577],[-0.9115, 0.1652,-0.0141,-0.0741],0.3922
2532,[-0.8987, 0.1764,-0.1479,-0.0659],[2.2205,0.9642,0.172 ,0.6304,9.9016],[-0.8998, 0.1721,-0.1345,-0.076 ],0.2831
2534,[-0.8979, 0.1859,-0.1933,-0.0527],[ 2.3934,42.6494,-0.0649, 0.8035, 1.9327],[-0.8981, 0.1864,-0.1872,-0.0541],0.2458
2536,[-0.9035, 0.2532,-0.3013,-0.0524],[ 4.7771, 2.3435,-1.8443, 0.3758, 0.2384],[-0.9022, 0.2578,-0.3006,-0.0494],0.1745
2540,[-0.9   ,-0.1756, 0.0533,-0.1226],[-3.1763,-1.9686,-4.0291,-2.9124,-2.9579],[-0.9021,-0.1622, 0.057 ,-0.1063],0.3325
2541,[-0.9034,-0.182 , 0.1442,-0.0785],[9.3206,1.1226,1.236 ,2.4317,1.5837],[-0.9047,-0.1765, 0.1292,-0.0854],0.3029
2543,[-0.9024,-0.197 , 0.2082,-0.0511],[ 0.1561,-0.1688,67.0372, 1.8993, 3.2508],[-0.9025,-0.1979, 0.2017,-0.0595],0.2504
2545,[-0.9081,-0.2348, 0.2826,-0.0251],[-0.6941,-1.3418,12.2264, 1.6231,-1.5488],[-0.9069,-0.2393, 0.2804,-0.0169],0.2087
2554,[-0.8988, 0.3396,-0.2392,-0.0544],[1.8785,0.8575,0.5499,3.1577,1.0891],[-0.9027, 0.3299,-0.2186,-0.0487],0.181
2556,[-0.8981, 0.3241,-0.3207,-0.0555],[ 0.8364,10.0349,-0.029 , 1.4722, 0.1875],[-0.8987, 0.3238,-0.311 ,-0.0443],0.1276
2563,[-0.9029,-0.3363, 0.2579,-0.05  ],[1.1353,0.5741,2.1021,2.0778,1.2527],[-0.9061,-0.3288, 0.2403,-0.0398],0.1833
2565,[-0.8963,-0.3511, 0.3341,-0.067 ],[ 1.2059,-0.8184, 2.9926, 8.8204, 1.4592],[-0.8974,-0.3499, 0.3253,-0.0522],0.1058
2567,[-0.8993,-0.3729, 0.4135,-0.0826],[ 0.0482,-1.0995,-0.3254, 6.1778, 0.5876],[-0.898 ,-0.3753, 0.4092,-0.07  ],0.0568
2574,[-0.904 , 0.3922,-0.2769,-0.0133],[-0.7442,-0.7155,-0.255 ,-0.1289,-0.8114],[-0.9088, 0.3817,-0.2489, 0.0024],0.1621
2576,[-0.8987, 0.4107,-0.344 ,-0.077 ],[ 0.139 , 1.4754,-1.1284, 1.0007,-0.872 ],[-0.902 , 0.4069,-0.3282,-0.0616],0.0917
2578,[-0.8914, 0.4266,-0.404 ,-0.1039],[-0.0168, 2.6754,-0.7483, 2.9539,-0.3807],[-0.893 , 0.4265,-0.3929,-0.0885],0.0278
2583,[-0.8886,-0.4015, 0.2554,-0.018 ],[-0.3931,-0.2348,-1.0913,-0.3067,-1.0637],[-0.8939,-0.3918, 0.2462,-0.0033],0.1112
2585,[-0.8768,-0.4227, 0.3419,-0.0492],[ 0.7822,-0.0785, 1.656 , 2.1765,-0.4751],[-0.8804,-0.419 , 0.3287,-0.0334],0.0255
2587,[-0.8963,-0.4288, 0.4469,-0.0567],[ 0.8348,-1.1358, 4.1993, 5.0987,-0.7511],[-0.896 ,-0.4296, 0.4388,-0.0445],0.013
2600,[-9.0527e-01,-8.9313e-04,-1.0451e-03,-1.4412e-01],[  1.1223,  2.1428,  2.2221,259.3985,  2.1278],[-9.0588e-01,-7.3311e-04,-4.7090e-04,-1.3987e-01],0.4229
2601,[-0.9073,-0.0373, 0.0682,-0.1586],[ 3.3983e-02,-9.0731e-01, 1.4204e+02, 9.7458e-01, 7.2048e-01],[-0.9078,-0.042 , 0.0702,-0.1689],0.4083
2602,[-0.9056, 0.0389,-0.0689,-0.1598],[-0.2854,59.9528,-0.4143,-0.4657, 0.2996],[-0.9061, 0.0434,-0.0708,-0.1697],0.3996
2610,[-0.9066, 0.071 ,-0.045 ,-0.18  ],[  1.0196,  0.7093,180.259 ,  0.7599,  0.495 ],[-0.9076, 0.068 ,-0.0443,-0.1909],0.4074
2612,[-0.9065, 0.0789,-0.0838,-0.1769],[3.2275e-01,3.7953e+02,8.6418e-01,8.9582e-01,1.0146e+00],[-0.9072, 0.0798,-0.0815,-0.1894],0.3822
2614,[-0.9003, 0.1429,-0.1846,-0.1873],[-0.3339,10.7621,-1.3388, 1.6952, 0.9352],[-0.9002, 0.149 ,-0.1867,-0.1963],0.2711
2620,[-0.9034,-0.0652, 0.0452,-0.1929],[ 0.8293,50.4498, 0.2852, 1.8655, 0.2768],[-0.9044,-0.0631, 0.0453,-0.2002],0.3948
2621,[-0.9064,-0.0719, 0.0815,-0.1831],[ 1.5080e+00,-8.9562e-02, 2.6910e+00, 1.8785e+00, 1.4786e+02],[-0.9071,-0.0737, 0.0807,-0.1976],0.3851
2623,[-0.8957,-0.1451, 0.1832,-0.1597],[-0.1994,-2.1828, 0.2776,-1.0941,-1.4635],[-0.8956,-0.1503, 0.185 ,-0.1688],0.2536
2632,[-0.9   , 0.176 ,-0.1487,-0.1831],[ 0.7824, 0.7941,-0.069 , 1.6884, 0.1244],[-0.9014, 0.1733,-0.1428,-0.1729],0.2848
2634,[-0.8968, 0.1852,-0.2061,-0.1775],[ 0.6725, 3.6724,-0.4288,15.9084, 1.9426],[-0.897 , 0.1882,-0.2038,-0.1668],0.2334
2636,[-0.8955, 0.2393,-0.2901,-0.1903],[-0.3873, 5.3453,-1.467 ,-0.2882, 0.1533],[-0.8946, 0.2453,-0.2899,-0.1845],0.1599
2640,[-0.8734,-0.1762, 0.0232,-0.2006],[-1.3954,-0.5261,-1.289 ,-0.793 ,-0.6788],[-0.8761,-0.1579,-0.0141,-0.1839],0.2503
2641,[-0.8931,-0.1823, 0.1357,-0.1736],[0.7632,0.149 ,2.1728,4.8384,0.6232],[-0.8948,-0.1765, 0.1207,-0.1638],0.2689
2643,[-0.898 ,-0.1991, 0.205 ,-0.1758],[ 0.3896,-0.0227,22.2877, 0.7727, 0.302 ],[-0.8986,-0.2005, 0.1997,-0.174 ],0.2357
2645,[-0.888 ,-0.2498, 0.3004,-0.1766],[ 1.4079,-2.6532, 0.6008,-0.0947,-1.1905],[-0.887 ,-0.2553, 0.3003,-0.1764],0.1266
2654,[-0.9061, 0.3293,-0.1923,-0.1279],[ 1.0943, 1.4   ,-0.1178, 2.7974, 0.334 ],[-0.9112, 0.3133,-0.1578,-0.1116],0.2478
2656,[-0.9037, 0.3467,-0.3536,-0.1857],[ 1.3188, 7.7269,-0.7286, 3.8747,-0.1615],[-0.9041, 0.3488,-0.3466,-0.172 ],0.117
2658,[-0.8946, 0.3745,-0.4129,-0.2212],[-1.0811e-03, 2.3805e+00,-1.5945e+00, 3.4209e+00, 1.0099e+00],[-0.8936, 0.3786,-0.4102,-0.2154],0.0439
2663,[-0.91  ,-0.336 , 0.2612,-0.1377],[0.5979,0.6071,0.7361,2.1568,0.3222],[-0.9135,-0.3286, 0.2386,-0.1259],0.2091
2665,[-0.8983,-0.3394, 0.3563,-0.18  ],[ 0.9975,-0.278 ,11.5444, 3.202 ,-0.5003],[-0.8983,-0.3419, 0.3501,-0.1667],0.1012
2667,[-0.8972,-0.3489, 0.4025,-0.1837],[ 0.1227,-0.5968, 9.2704, 2.2402,-0.7277],[-0.8956,-0.3536, 0.401 ,-0.1712],0.0642
2676,[-0.8931, 0.4086,-0.3685,-0.1578],[-0.2156, 0.3947,-1.8112, 1.0553,-1.9143],[-0.8954, 0.4079,-0.3559,-0.1429],0.0599
2678,[-0.8925, 0.4169,-0.4216,-0.1989],[-0.0178, 3.5504,-1.3468, 3.6716,-0.9077],[-0.8929, 0.4191,-0.4145,-0.184 ],0.0218
2685,[-0.9038,-0.4079, 0.3604,-0.1803],[ 0.5557,-0.8678, 2.235 , 1.3115,-1.2557],[-0.9066,-0.4067, 0.3457,-0.1721],0.0967
2687,[-0.8973,-0.4176, 0.4359,-0.2034],[ 0.2452,-1.1161, 7.8626, 1.5836,-1.3423],[-0.8971,-0.4202, 0.4291,-0.1913],0.026
2689,[-0.9103,-0.4414, 0.5016,-0.136 ],[-0.0161,-0.7402,14.8323, 6.1193,-1.1464],[-0.9079,-0.4441, 0.4999,-0.1218],0.0081
2700,[-0.8978,-0.0013,-0.0039,-0.3045],[ 1.0696, 0.8703, 3.1567,11.0038, 0.2608],[-8.9917e-01,-5.5931e-04,-4.7173e-03,-2.9046e-01],0.3962
2701,[-0.9098,-0.043 , 0.0701,-0.2781],[-1.5541,-2.3872,-0.7031,-0.9729,-1.8654],[-0.9109,-0.0479, 0.0734,-0.2775],0.4176
2702,[-0.8974, 0.0384,-0.077 ,-0.286 ],[-2.8008,-2.3479,-3.0859,-1.4279,-3.174 ],[-0.8984, 0.0442,-0.0811,-0.2827],0.3611
2710,[-0.8998, 0.0712,-0.0439,-0.2945],[ 2.0707, 1.0194,93.0282, 1.4537, 0.1938],[-0.9013, 0.0685,-0.044 ,-0.2955],0.38
2712,[-0.9018, 0.0851,-0.0824,-0.2857],[ 1.3131,58.8639, 0.7197, 1.8654, 2.9441],[-0.9031, 0.0852,-0.0779,-0.2902],0.3644
2714,[-0.9013, 0.1474,-0.179 ,-0.2896],[ 1.3142, 7.8131,-1.2135, 1.3614, 0.2235],[-0.9018, 0.153 ,-0.1805,-0.2892],0.2791
2720,[-0.8985,-0.0728, 0.045 ,-0.3018],[ 0.7944,47.8413, 0.353 , 3.2456, 0.1635],[-0.9001,-0.07  , 0.0445,-0.2968],0.3734
2721,[-0.8961,-0.0933, 0.0853,-0.3089],[ 1.537 , 1.0544,74.587 , 1.566 , 0.9186],[-0.8976,-0.0928, 0.0809,-0.3093],0.3365
2723,[-0.878 ,-0.1586, 0.1748,-0.3345],[-0.0121,-1.1211, 1.9525, 2.5897,-0.1401],[-0.879 ,-0.1619, 0.1761,-0.3211],0.1921
2732,[-0.8978, 0.1944,-0.1418,-0.3124],[ 1.4856, 0.8401,-0.1155, 1.7906, 0.2407],[-0.9002, 0.1889,-0.1302,-0.3037],0.2798
2734,[-0.8948, 0.2045,-0.2091,-0.2957],[ 2.1345, 3.6806,-0.4306, 8.6191, 0.6117],[-0.8959, 0.2069,-0.2051,-0.2864],0.2209
2736,[-0.8963, 0.2633,-0.3302,-0.3192],[ 1.179 , 0.4626,-1.0536, 1.4164,-0.2557],[-0.8947, 0.272 ,-0.3354,-0.3237],0.1268
2741,[-0.8977,-0.1717, 0.1498,-0.3045],[ 0.2601,-0.0497, 0.8643, 2.6568,-0.1171],[-0.8994,-0.1702, 0.1431,-0.2958],0.2783
2743,[-0.88  ,-0.1811, 0.19  ,-0.3038],[ 1.301 ,-0.1211, 7.5268, 2.8125, 0.781 ],[-0.881 ,-0.1834, 0.1879,-0.2899],0.1856
2745,[-0.9028,-0.2518, 0.3378,-0.3183],[-0.1214,-1.2763, 2.7417, 0.2521,-0.2869],[-0.9005,-0.2628, 0.3474,-0.3059],0.145
2756,[-0.9064, 0.3182,-0.3692,-0.3126],[ 0.1617, 6.9989,-0.6255, 1.4576, 0.2099],[-0.9051, 0.3255,-0.3714,-0.2968],0.1187
2758,[-0.8984, 0.3585,-0.4246,-0.3048],[-0.5942,17.1688,-0.5845, 0.3479,-0.4636],[-0.8961, 0.3653,-0.4278,-0.2904],0.0482
2765,[-0.9038,-0.307 , 0.3647,-0.2962],[ 0.8521,-0.4849, 2.822 , 6.0192,-0.3037],[-0.9023,-0.3145, 0.3675,-0.2807],0.1169
2767,[-0.9005,-0.3619, 0.4192,-0.3033],[-0.5618,-1.1173,16.8284, 1.3668,-1.0027],[-0.8987,-0.3682, 0.4203,-0.2887],0.0574
2778,[-0.8955, 0.4114,-0.4459,-0.2949],[ 0.3517, 2.7033,-1.5898, 2.2324,-1.7242],[-0.8946, 0.4159,-0.4434,-0.2796],0.0144
2787,[-0.897 ,-0.4089, 0.4457,-0.2949],[ 0.3585,-1.5176, 2.6017, 2.1581,-1.7798],[-0.896 ,-0.4135, 0.4426,-0.2792],0.0195
2800,[-8.9394e-01,-1.5545e-02, 3.0784e-04,-4.2950e-01],[ 2.6965, 0.6679, 2.498 ,16.8771, 4.3816],[-0.8958,-0.0137,-0.0013,-0.414 ],0.3793
2801,[-0.9015,-0.0172, 0.0782,-0.4551],[ 0.8506,-1.0368, 2.5565, 0.1783,-0.4852],[-0.903 ,-0.0268, 0.0827,-0.4394],0.3864
2802,[-0.8945, 0.0301,-0.0725,-0.446 ],[-0.3472, 0.6435,-0.7316, 1.013 ,-0.5146],[-0.8961, 0.0369,-0.0773,-0.4309],0.3566
2810,[-0.8945, 0.0815,-0.0314,-0.4258],[ 0.383 , 0.8765,49.4278, 1.6948, 0.794 ],[-0.8967, 0.0757,-0.0282,-0.4155],0.3624
2811,[-0.9095, 0.0759, 0.0564,-0.4756],[ 0.2243, 0.0059,-0.1212, 0.0631, 0.0816],[-0.9117, 0.0569, 0.0589,-0.4584],0.4239
2812,[-0.8808, 0.1016,-0.1014,-0.437 ],[ 1.3263,46.7816, 0.6912, 1.3339, 0.7613],[-0.8826, 0.1023,-0.0959,-0.4241],0.266
2814,[-0.8774, 0.1558,-0.1854,-0.4691],[ 0.5831, 1.0078,-0.4834, 0.7213,-0.2053],[-0.8785, 0.1611,-0.1874,-0.4553],0.1868
2820,[-0.8914,-0.0733, 0.044 ,-0.4253],[ 1.3909,39.6562, 0.1388, 1.1073, 0.712 ],[-0.8934,-0.0705, 0.0431,-0.4142],0.3457
2821,[-0.8824,-0.0992, 0.0981,-0.4326],[ 2.9293, 0.3586,49.0364, 1.2273, 0.5003],[-0.8842,-0.1002, 0.0964,-0.4195],0.2721
2823,[-0.878 ,-0.149 , 0.1809,-0.4233],[ 0.2798,-0.7841, 3.398 , 1.4843,-0.1767],[-0.8789,-0.1544, 0.1827,-0.4089],0.1927
2832,[-0.8978, 0.1776,-0.1474,-0.4238],[1.1667,2.5671,0.9395,1.9506,0.3123],[-0.9003, 0.1752,-0.1359,-0.4123],0.2836
2834,[-0.8865, 0.201 ,-0.2003,-0.4363],[1.7205,7.9975,0.0812,2.6234,0.416 ],[-0.8883, 0.203 ,-0.1943,-0.4228],0.2004
2836,[-0.9083, 0.2549,-0.3456,-0.406 ],[-0.3109, 0.0868,-1.5079,-0.0957,-1.1039],[-0.9058, 0.2679,-0.358 ,-0.3915],0.1545
2843,[-0.8934,-0.189 , 0.1919,-0.4167],[0.3635,0.4021,6.4729,2.6322,0.1143],[-0.8949,-0.1918, 0.1904,-0.4026],0.2311
2845,[-0.908 ,-0.216 , 0.3096,-0.3864],[-0.4181,-1.2259, 0.4366, 0.9519,-0.6638],[-0.9061,-0.2298, 0.3196,-0.3733],0.1916
2856,[-0.9042, 0.2827,-0.378 ,-0.4081],[ 1.4404, 3.4073,-0.4472, 3.8598,-0.1304],[-0.9012, 0.2947,-0.3895,-0.3954],0.1124
2858,[-0.9027, 0.348 ,-0.4241,-0.4214],[-0.1669, 2.6629,-1.4693, 1.2649,-2.135 ],[-0.9   , 0.3573,-0.4319,-0.4045],0.0606
2865,[-0.9096,-0.3049, 0.3788,-0.4134],[ 0.5642,-0.4429, 1.942 , 2.7011, 0.2307],[-0.9075,-0.3158, 0.3884,-0.3957],0.1223
2867,[-0.9027,-0.3421, 0.4188,-0.4187],[ 0.0942,-1.4867, 3.373 , 1.8142,-1.2888],[-0.9001,-0.3514, 0.4259,-0.4018],0.0665
2878,[-0.9088, 0.4009,-0.4606,-0.4004],[ 0.1207, 0.7289,-1.682 , 2.6429,-1.03  ],[-0.9066, 0.4085,-0.465 ,-0.3828],0.0385
2887,[-0.9088,-0.3997, 0.4661,-0.3866],[ 0.5274,-1.1586, 2.6818, 2.3263,-1.1527],[-0.9064,-0.4072, 0.4694,-0.3699],0.0365
2900,[-0.8889,-0.0105,-0.0165,-0.79  ],[ -2.7106,  1.2417, -2.6129,246.4674, -4.7142],[-0.8923,-0.0064,-0.0218,-0.7704],0.368
2901,[-0.9056, 0.0093, 0.0723,-0.6253],[ 0.2404,-0.7335,17.8087, 0.2909,-0.5409],[-0.9079,-0.004 , 0.0791,-0.6074],0.4166
2902,[-0.8987, 0.0277,-0.066 ,-0.7241],[-1.7207e+00, 1.0950e+02,-3.1083e+00,-4.1874e-02,-3.8320e+00],[-0.9016, 0.0345,-0.0683,-0.7065],0.3851
2910,[-0.8951, 0.0746,-0.0313,-0.7262],[ 1.8722, 0.3973, 1.0986,87.6641,-0.9831],[-0.8986, 0.0683,-0.0172,-0.7084],0.3754
2911,[-0.9106, 0.0662, 0.0742,-0.5643],[-1.0963,-0.7611,-0.1057,-0.591 ,-0.9091],[-0.9129, 0.045 , 0.0786,-0.5458],0.4258
2912,[-0.8859, 0.0984,-0.0967,-0.7036],[ 0.681 ,77.5562,-0.7011, 3.1339,-1.061 ],[-0.8888, 0.1002,-0.0951,-0.6887],0.2911
2914,[-0.8811, 0.144 ,-0.1818,-0.7213],[ 1.463 ,41.1903,-1.1524, 2.0668,-0.8939],[-0.8829, 0.1521,-0.1874,-0.7064],0.2063
2920,[-0.8893,-0.0714, 0.0339,-0.7481],[ 0.8351, 0.1648,-0.2788,77.8087,-0.939 ],[-0.8928,-0.0666, 0.0235,-0.7296],0.3501
2921,[-0.8792,-0.0908, 0.0879,-0.6653],[ 2.8636,-1.7269, 9.9896, 8.8763,-2.192 ],[-0.8821,-0.0921, 0.0869,-0.6478],0.2711
2923,[-0.8851,-0.1544, 0.1765,-0.6311],[-0.6616,-1.1205, 2.1752, 1.2156,-0.6482],[-0.8869,-0.1609, 0.1834,-0.6188],0.2177
2932,[-0.9061, 0.1731,-0.1571,-0.5757],[1.0148,3.5266,0.0449,9.1338,0.6223],[-0.9088, 0.174 ,-0.1514,-0.5613],0.3096
2934,[-0.8946, 0.2048,-0.2196,-0.6871],[ 1.1305, 3.9548,-0.519 ,87.7255,-0.1334],[-0.8966, 0.2114,-0.2213,-0.669 ],0.2139
2941,[-0.8836,-0.1673, 0.1333,-0.7824],[-2.5231,-2.7229,-2.2178,-1.4205,-2.6548],[-0.8876,-0.166 , 0.1219,-0.765 ],0.2443
2943,[-0.8992,-0.1928, 0.2002,-0.5713],[ 0.6732,-1.105 , 1.534 , 0.775 ,-0.8608],[-0.9011,-0.1979, 0.2021,-0.5585],0.2445
2954,[-0.9086, 0.2919,-0.2771,-0.6258],[ 1.2828, 0.3122,-1.1425, 0.9198, 0.0947],[-0.9105, 0.2988,-0.2925,-0.607 ],0.1868
2956,[-0.9077, 0.2891,-0.3074,-0.6048],[ 0.246 , 2.3835,-0.4038,12.3064,-0.6596],[-0.9087, 0.2971,-0.3097,-0.5862],0.1733
2965,[-0.9103,-0.2905, 0.3856,-0.5088],[-0.4206,-0.5685, 0.1504, 0.2672,-0.6683],[-0.9074,-0.3043, 0.3973,-0.4906],0.1234
3543,[-0.8638,-0.1899, 0.231 ,-0.0819],[ 1.1538,-0.6014, 7.4069, 0.1422, 1.3579],[-0.8631,-0.1931, 0.2273,-0.0922],0.1081
3545,[-0.8557,-0.2093, 0.2806,-0.0702],[ 3.7413,-1.8678, 0.5346,-0.0778,-0.7396],[-0.854 ,-0.2144, 0.28  ,-0.0824],0.0534
3563,[-0.8649,-0.3298, 0.2646,-0.0129],[ 1.7616,-0.1059, 2.4226, 0.9183, 0.9794],[-0.8677,-0.3246, 0.2432,-0.0035],0.0637
3565,[-0.8594,-0.3362, 0.3371,-0.0695],[ 3.0552e-01,-1.0604e+00, 6.2224e+00, 1.7131e+00, 4.9349e-03],[-0.8599,-0.336 , 0.3246,-0.0573],0.0072
3585,[-0.865 ,-0.4271, 0.3742,-0.1033],[ 0.8632,-0.162 , 2.2432, 1.4868,-0.379 ],[-0.868 ,-0.4256, 0.3577,-0.0886],-0.0204
3587,[-0.8643,-0.4271, 0.4094,-0.1082],[ 1.7186,-0.8441, 5.6842, 2.663 ,-0.7241],[-0.8657,-0.4272, 0.3959,-0.0933],-0.0414
3610,[-0.866 , 0.1065,-0.025 ,-0.1891],[-3.2232,-3.3099,-1.7339,-3.1628,-2.5507],[-0.8676, 0.0968,-0.0015,-0.1919],0.2386
3612,[-0.8604, 0.1585,-0.1134,-0.1775],[ 0.3338, 0.94  ,-0.5473,-0.8454, 1.3506],[-0.862 , 0.1538,-0.0973,-0.1641],0.1693
3632,[-0.8546, 0.168 ,-0.1429,-0.2376],[0.4063,0.017 ,0.8646,0.3368,0.8916],[-0.856 , 0.1668,-0.1421,-0.2211],0.1278
3641,[-0.8608,-0.2214, 0.1366,-0.2012],[ 0.2576,-0.1307, 0.7513,-0.1667, 0.1639],[-0.8639,-0.2133, 0.1125,-0.2068],0.1466
3643,[-0.8519,-0.2317, 0.2259,-0.1568],[ 1.788 ,-1.2876, 3.4211, 0.3878, 0.0479],[-0.8529,-0.2313, 0.2137,-0.1644],0.0691
3658,[-0.866 , 0.387 ,-0.4089,-0.2251],[-0.3469, 2.5171,-1.6543, 1.0547, 0.2433],[-0.8659, 0.3895,-0.401 ,-0.2087],-0.0283
3665,[-0.8638,-0.3249, 0.3851,-0.1531],[ 1.7126,-0.7081, 1.4691, 1.12  , 0.3459],[-0.862 ,-0.3286, 0.3811,-0.1381],-0.0065
3676,[-0.8664, 0.3922,-0.3868,-0.1841],[ 0.6689, 1.468 ,-0.5754, 0.6817, 0.1216],[-0.8674, 0.3932,-0.3755,-0.1683],-0.0161
3678,[-0.8659, 0.3906,-0.3967,-0.2007],[ 0.8197, 4.0662,-0.7432, 1.6575,-0.4872],[-0.8664, 0.3922,-0.3868,-0.1841],-0.0226
3687,[-0.8612,-0.4226, 0.439 ,-0.1796],[ 0.3585,-1.004 , 3.9091, 3.5098,-0.8928],[-0.8611,-0.4243, 0.4299,-0.1642],-0.0635
3700,[-0.8515,-0.0325, 0.0112,-0.3447],[-0.3074, 1.1714, 0.1879,-0.5298, 0.2178],[-0.853 ,-0.0307, 0.0102,-0.3468],0.2103
3702,[-0.8389, 0.0456,-0.0946,-0.3504],[-1.8101,-0.5583,-2.3544,-1.8803,-1.311 ],[-0.8399, 0.0507,-0.1001,-0.3449],0.1333
3710,[-0.8637, 0.0796,-0.0366,-0.3185],[-5.0380e-01,-1.1170e+00, 1.0165e-03,-1.3891e+00,-6.5189e-01],[-0.8654, 0.0752,-0.028 ,-0.309 ],0.2371
3712,[-0.8582, 0.102 ,-0.105 ,-0.3398],[ 1.4494, 4.0738,-0.7903, 0.1939, 0.5011],[-0.8597, 0.1024,-0.0977,-0.3321],0.1809
3714,[-0.848 , 0.1563,-0.1901,-0.3303],[-1.0969, 2.1683,-1.2846, 0.3488,-0.0511],[-0.8485, 0.16  ,-0.1874,-0.3156],0.091
3720,[-0.8616,-0.0724, 0.0419,-0.3401],[-1.0293, 0.694 ,-1.1802,-0.6876,-0.7496],[-0.8633,-0.0696, 0.0374,-0.3337],0.2288
3721,[-0.8613,-0.0855, 0.078 ,-0.3504],[ 0.5919,-0.368 , 2.7819, 0.2252, 0.4666],[-0.8629,-0.0852, 0.0736,-0.3409],0.2075
3723,[-0.8594,-0.1557, 0.1817,-0.346 ],[-0.0882,-1.3181, 1.182 , 0.1009,-0.0287],[-0.8601,-0.1597, 0.1846,-0.3426],0.1275
3732,[-0.8524, 0.1694,-0.1601,-0.2571],[1.1897,0.5499,0.7865,1.0793,0.2704],[-0.8538, 0.1688,-0.1492,-0.246 ],0.1177
3734,[-0.8507, 0.1683,-0.173 ,-0.2748],[1.9772,5.7423,0.054 ,0.6062,0.2841],[-0.8518, 0.1691,-0.1647,-0.2629],0.1058
3743,[-0.8637,-0.175 , 0.1875,-0.3152],[ 0.5292,-0.4728, 4.2413, 0.6036,-0.199 ],[-0.8647,-0.1774, 0.1853,-0.2999],0.1348
3787,[-0.8653,-0.4086, 0.4665,-0.2735],[ 1.1958,-0.8954, 0.3636, 2.9979,-0.5331],[-0.8633,-0.4123, 0.4631,-0.2569],-0.0671
3800,[-0.8499,-0.0403, 0.0077,-0.433 ],[1.2991,4.6092,2.736 ,1.322 ,1.3666],[-0.8518,-0.0377, 0.0079,-0.4253],0.2013
3801,[-0.8561,-0.0545, 0.0584,-0.4388],[ 0.3929,-1.1042, 2.5631,-0.6461,-0.4956],[-0.858 ,-0.0563, 0.0651,-0.4561],0.2045
3802,[-0.8443, 0.0311,-0.0838,-0.4605],[-0.1724, 1.8993,-0.7031, 0.4161, 0.0341],[-0.8458, 0.0366,-0.0868,-0.4557],0.1628
3810,[-0.856 , 0.0756,-0.0398,-0.4388],[3.334 ,0.5565,4.2566,0.3278,0.6652],[-0.8582, 0.0726,-0.036 ,-0.4408],0.2104
3812,[-0.8564, 0.0874,-0.1133,-0.4464],[ 0.9117,20.1706, 0.2141, 0.9265, 0.6616],[-0.8579, 0.0908,-0.112 ,-0.435 ],0.174
3814,[-0.8457, 0.1231,-0.1815,-0.4226],[ 0.6068, 1.462 ,-1.3563, 0.8849, 0.1049],[-0.846 , 0.1296,-0.1856,-0.4074],0.095
3820,[-0.8535,-0.0795, 0.0369,-0.4552],[-0.19  , 1.7833, 0.4608, 1.4872, 1.2035],[-0.8558,-0.076 , 0.0335,-0.4516],0.1999
3821,[-0.8587,-0.088 , 0.0885,-0.4525],[ 0.7898, 0.1569,10.3422, 0.6547, 1.3822],[-0.8606,-0.0891, 0.0878,-0.4382],0.1927
3823,[-0.8574,-0.1297, 0.171 ,-0.4405],[ 0.0997,-0.8929, 1.2606,-0.4933,-0.407 ],[-0.8584,-0.135 , 0.1713,-0.4235],0.1364
3900,[-0.8443,-0.0204, 0.0207,-0.9948],[1.3196e+00,1.0293e+00,2.3137e+01,2.9097e+02,2.5151e-01],[-0.8486,-0.0205, 0.0165,-0.9777],0.1982
3901,[-0.8353,-0.0418, 0.0712,-1.0513],[-0.8967,-1.8503, 1.5962,63.5251,-0.4486],[-0.8396,-0.0459, 0.0721,-1.0368],0.1445
3902,[-0.8394, 0.0263,-0.0838,-0.761 ],[-10.4547, -8.6847,-11.3509, -9.3972,-11.0023],[-0.8422, 0.0327,-0.0876,-0.7482],0.1517
3910,[-0.8419, 0.0688,-0.0501,-0.9168],[ 0.4754, 0.1007,60.826 , 1.3659, 0.7581],[-0.846 , 0.0687,-0.0521,-0.8997],0.1645
3912,[-0.849 , 0.0754,-0.0887,-0.8519],[  1.2856,  3.7551,  0.3895,335.6691,  0.6755],[-0.8524, 0.0786,-0.0905,-0.8343],0.1684
3914,[-0.865 , 0.1512,-0.17  ,-0.5358],[-1.3033,-0.468 ,-2.3282,-1.1467,-1.0846],[-0.8666, 0.1557,-0.1748,-0.5175],0.1534
3920,[-0.8412,-0.0721, 0.0464,-0.7441],[ 1.662 ,41.8782, 0.6059, 0.7416, 1.2266],[-0.8446,-0.0712, 0.0484,-0.7301],0.1603
3921,[-0.8463,-0.0786, 0.0794,-0.7485],[  0.3718, -0.902 ,  6.4139,190.927 ,  1.7902],[-0.8495,-0.0802, 0.0797,-0.7305],0.1624
3923,[-0.8494,-0.1369, 0.1681,-0.966 ],[-0.3211,-2.636 , 0.761 ,-0.2477,-1.7294],[-0.8526,-0.1433, 0.1673,-0.9465],0.1167
3940,[-0.8453,-0.1677, 0.045 ,-0.5468],[-0.9834,-0.3456,-0.6749,-0.707 ,-0.5668],[-0.8494,-0.1565, 0.021 ,-0.5285],0.1546
3941,[-0.8387,-0.1822, 0.1121,-0.6226],[ 0.6912,-0.0531, 0.7458, 1.482 , 0.0328],[-0.8427,-0.1777, 0.0989,-0.6076],0.0993
3943,[-0.8291,-0.1768, 0.1722,-0.6961],[-0.4727,-1.6995, 2.3202, 2.2291,-0.3656],[-0.832 ,-0.1792, 0.1713,-0.6872],0.0431
4800,[-0.8019,-0.0549, 0.0032,-0.4934],[ 0.4363, 0.6153, 0.2157,-0.0032, 0.8826],[-0.8043,-0.0508,-0.0079,-0.5105],0.0566
4802,[-0.7793, 0.0021,-0.0601,-0.4845],[-0.2055, 0.2441,-0.943 ,-0.9074,-0.0442],[-0.7813, 0.0062,-0.0614,-0.502 ],-0.0062
4820,[-0.7962,-0.0742, 0.0366,-0.4694],[-0.1038, 0.6647,-0.1718,-0.0458, 0.1457],[-0.7986,-0.0715, 0.0284,-0.4704],0.0302
4821,[-0.8091,-0.0969, 0.0922,-0.4932],[-0.3171, 0.2177, 1.3657,-0.1518, 0.7009],[-0.8114,-0.097 , 0.0838,-0.4964],0.0405
4900,[-0.7983,-0.0031, 0.0199,-0.9616],[  1.2708,  0.8187,457.2644,  0.8642,  3.5988],[-0.8025,-0.0044, 0.0182,-0.9745],0.0538
4901,[-0.7955,-0.0355, 0.0738,-0.9367],[  0.1324, -0.915 ,106.9654,  0.1832,  0.2279],[-0.7992,-0.0394, 0.0759,-0.9304],0.0274
4902,[-0.8023, 0.0239,-0.0719,-0.8856],[-0.734 ,46.5818,-1.0804,-0.3262,-0.473 ],[-0.8059, 0.0286,-0.0739,-0.8955],0.0483
4910,[-0.8043, 0.0616,-0.0489,-0.9299],[ 0.3914, 0.3255,20.5891, 0.4371, 1.169 ],[-0.8085, 0.0619,-0.0507,-0.937 ],0.0531
4912,[-0.8026, 0.0635,-0.0662,-0.9283],[ 0.5134,59.4513,-0.3221,-0.099 , 1.5952],[-0.8067, 0.0648,-0.0643,-0.9358],0.0439
4920,[-0.8011,-0.0694, 0.0409,-0.8363],[ 1.5828, 2.9895,-0.1728, 0.5797, 1.3044],[-0.8049,-0.0682, 0.0405,-0.8352],0.0447
4921,[-0.8055,-0.0728, 0.0876,-0.8203],[ 0.8803,-0.7104,19.7995, 1.3975, 2.0331],[-0.8089,-0.0751, 0.0861,-0.8134],0.0403
4923,[-0.8035,-0.1422, 0.1775,-0.7732],[-0.9074,-2.5625, 0.7884, 0.4479,-0.1493],[-0.8058,-0.1469, 0.177 ,-0.7632],-0.0156
4941,[-0.8037,-0.1917, 0.1245,-0.7461],[0.6554,0.0262,1.1866,1.3167,1.2078],[-0.8081,-0.189 , 0.1171,-0.7357],-0.0041
4943,[-0.7872,-0.2098, 0.1926,-0.7724],[ 1.8071,-0.8817, 3.6321, 1.2357, 0.1049],[-0.7907,-0.2111, 0.1849,-0.755 ],-0.0701
5700,[-0.7423, 0.0031,-0.0156,-0.3401],[ 0.0534,-0.0314, 0.1796,-0.8246, 0.2428],[-0.7438, 0.0039,-0.0182,-0.3435],-0.081
5702,[-0.7523, 0.0448,-0.0899,-0.3615],[-0.5079, 0.0248,-0.6736,-0.6896,-0.3953],[-0.7534, 0.0482,-0.0986,-0.3655],-0.0882
5712,[-0.7426, 0.0593,-0.0565,-0.3741],[-0.3352, 1.0328,-0.7553,-0.3322, 1.2891],[-0.7444, 0.0591,-0.0483,-0.3916],-0.0979
5800,[-0.7463, 0.0126,-0.0109,-0.4473],[ 0.0819,-0.402 , 0.4116,-0.9204, 0.8116],[-0.7483, 0.0127,-0.013 ,-0.4559],-0.0766
5801,[-0.745 ,-0.0455, 0.0621,-0.4885],[-0.1973,-1.0584, 0.169 ,-1.0653,-0.304 ],[-0.747 ,-0.0469, 0.0627,-0.4969],-0.0925
5802,[-0.7537, 0.011 ,-0.071 ,-0.4321],[-0.8159, 0.2467,-0.9576,-0.7577,-0.2127],[-0.7553, 0.0149,-0.0725,-0.4335],-0.0719
5810,[-0.7464, 0.0581,-0.0385,-0.4089],[-0.0136,-0.536 , 0.3187,-0.4393, 0.1993],[-0.7484, 0.0568,-0.028 ,-0.4256],-0.0848
5812,[-0.7525, 0.0692,-0.1164,-0.4306],[ 0.297 , 1.2921,-0.862 ,-1.0865, 0.3783],[-0.7537, 0.0725,-0.1167,-0.4361],-0.097
5820,[-0.756 ,-0.0669, 0.0337,-0.4542],[-0.4694, 0.1436,-0.3467,-0.4408, 0.2216],[-0.7582,-0.0647, 0.0229,-0.4592],-0.0649
5821,[-0.751 ,-0.0852, 0.0832,-0.4622],[-0.3036,-0.0862, 0.5838,-0.8423, 0.5605],[-0.7531,-0.0855, 0.0796,-0.4601],-0.0925
5900,[-0.7531, 0.0136, 0.0179,-0.814 ],[1.0688e+00,1.1206e+00,3.1191e+00,9.3468e-02,8.2175e+02],[-0.7567, 0.0114, 0.0209,-0.8335],-0.0593
5901,[-0.7594,-0.0262, 0.0668,-0.8692],[-8.7369,-9.6158,-7.2116,-9.5122,-8.4066],[-0.763 ,-0.0296, 0.0685,-0.8775],-0.056
5902,[-0.7535, 0.0375,-0.0661,-0.7861],[ 7.3491e-01, 4.7826e+01,-2.1489e-02,-5.6388e-01, 8.7538e-01],[-0.7568, 0.0399,-0.066 ,-0.7996],-0.071
5910,[-0.7501, 0.066 ,-0.0186,-0.7404],[ 0.49  ,-0.3764, 3.3178,-0.4701,22.148 ],[-0.7537, 0.063 ,-0.0075,-0.7572],-0.0738
5911,[-0.7623, 0.0592, 0.0609,-0.8878],[-3.0534,-3.4354,-2.9752,-3.698 ,-2.769 ],[-0.7662, 0.0516, 0.0612,-0.8977],-0.0528
5912,[-0.7482, 0.0708,-0.0747,-0.7022],[ 0.3457,16.3876,-0.5927,-0.4576, 2.5708],[-0.7513, 0.0716,-0.0697,-0.712 ],-0.0903
5920,[-0.7648,-0.0681, 0.0401,-0.7727],[-2.1841,-2.1277,-3.0788,-3.327 ,-2.6055],[-0.7684,-0.0668, 0.0362,-0.7786],-0.0454
5921,[-0.7538,-0.0764, 0.0862,-0.7789],[-0.429 ,-0.8217, 9.3928,-1.2137, 1.2395],[-0.7571,-0.0778, 0.0829,-0.7869],-0.0826
5922,[-0.7705,-0.0603,-0.0666,-0.7542],[-0.5636,-0.1975,-1.4942,-0.8553,-0.9173],[-0.7736,-0.0512,-0.0802,-0.7475],-0.0405
5923,[-0.7429,-0.1465, 0.1987,-0.99  ],[-1.1153,-2.1725, 1.7032,-0.7971,-0.5862],[-0.7455,-0.1519, 0.1996,-0.9984],-0.1477
5941,[-0.7754,-0.2013, 0.1516,-0.8521],[0.8201,0.2642,0.7046,0.0897,0.945 ],[-0.7802,-0.2001, 0.1374,-0.8325],-0.0776
5943,[-0.7577,-0.1876, 0.203 ,-0.9398],[-0.0649,-1.0919, 4.085 , 2.8537,-0.5431],[-0.7608,-0.1911, 0.1992,-0.9244],-0.128
6700,[-0.6961, 0.0041,-0.0045,-0.3527],[ 0.0277,-0.8695, 0.3113,-1.3055, 3.2862],[-0.6976, 0.0042,-0.0067,-0.363 ],-0.1706
6701,[-0.6953,-0.0185, 0.0795,-0.3477],[-0.9926,-2.1837, 0.1442,-2.1425, 0.1277],[-0.6965,-0.0214, 0.0761,-0.3535],-0.1817
6702,[-0.6978, 0.0289,-0.0671,-0.3513],[-0.6872, 0.0593,-1.5398,-1.7433, 0.798 ],[-0.6992, 0.0308,-0.0666,-0.3614],-0.1773
6800,[-0.7   , 0.0065,-0.0073,-0.4452],[-32.8633,-32.9167,-32.73  ,-34.0491,-32.1332],[-0.702 , 0.0066,-0.0079,-0.4544],-0.1633
6801,[-0.6987,-0.0197, 0.0849,-0.4516],[-8.6566,-9.5708,-7.3364,-9.7415,-8.1137],[-0.7002,-0.0231, 0.0875,-0.4613],-0.1779
6802,[-0.6992, 0.0278,-0.0735,-0.4513],[-6.3149,-5.0898,-7.1977,-7.7616,-5.1009],[-0.7009, 0.0303,-0.0741,-0.4611],-0.1757
6810,[-0.6983, 0.0606,-0.0304,-0.4541],[-0.5855,-0.8529,-0.6875,-1.2728, 0.5993],[-0.7005, 0.0592,-0.0256,-0.4492],-0.1737
6812,[-0.7017, 0.0645,-0.1055,-0.4776],[-0.7277, 0.0324,-1.8142,-1.722 , 0.5042],[-0.7033, 0.0668,-0.1019,-0.4902],-0.1824
6821,[-0.7262,-0.0921, 0.1188,-0.4929],[-0.7139,-1.6701,-0.1942,-1.5241, 0.5433],[-0.728 ,-0.094 , 0.1149,-0.4992],-0.1494
6900,[-7.1438e-01, 1.7383e-02, 2.0159e-04,-6.3142e-01],[ 3.5460e-01, 8.2578e-01, 2.7153e+00,-4.4251e-01, 4.4962e+02],[-0.7172, 0.0164, 0.0035,-0.6496],-0.1375
6901,[-0.7124,-0.0317, 0.0821,-0.6195],[-0.0432,-2.2248, 4.2024,-2.3523, 3.0104],[-0.7148,-0.0346, 0.0812,-0.6352],-0.1542
6902,[-0.7096, 0.0349,-0.0736,-0.5833],[  0.2077,120.1204, -0.4775, -1.111 ,  2.1412],[-0.7119, 0.0372,-0.0716,-0.5978],-0.1576
6910,[-0.7158, 0.0672,-0.0264,-0.6864],[ 3.6042,-2.1979, 1.0752,-2.1101, 0.2933],[-0.7191, 0.065 ,-0.0177,-0.697 ],-0.1425
6912,[-0.7118, 0.0696,-0.0903,-0.6281],[-0.4526,27.9867,-1.8179,-1.79  , 3.1701],[-0.7143, 0.071 ,-0.0842,-0.6402],-0.1621
6920,[-0.7291,-0.0572, 0.0424,-0.5374],[-0.5023,-0.4752,-0.4637,-0.6852,-0.2177],[-0.7316,-0.0564, 0.0345,-0.5286],-0.1195
6921,[-0.7218,-0.0688, 0.1037,-0.6701],[-3.2231,-4.6682,-2.989 ,-3.9679,-2.96  ],[-0.7243,-0.0714, 0.1043,-0.6803],-0.1491
6923,[-0.7254,-0.1179, 0.1905,-0.8423],[-0.4974,-1.6536, 3.4151,-1.2042, 0.1188],[-0.7271,-0.1235, 0.1939,-0.858 ],-0.172
7422,[-0.67  ,-0.1433,-0.1185, 0.0136],[-3.7458,-3.4741,-6.095 ,-5.1589,-2.9398],[-0.6703,-0.1328,-0.124 , 0.0046],-0.2443
7442,[-0.6661,-0.1844,-0.0911, 0.0145],[-3.4607,-2.7068,-4.8687,-3.7396,-1.9901],[-0.6676,-0.1734,-0.1002, 0.0071],-0.2502
7500,[-0.6689, 0.0075,-0.0244,-0.1027],[-0.956 ,-1.6337,-1.144 ,-1.8895, 0.694 ],[-0.6693, 0.008 ,-0.0187,-0.1095],-0.2119
7502,[-0.6675,-0.0422,-0.1257,-0.1042],[-2.9973,-2.2143,-4.9932,-4.2723,-2.1192],[-0.6671,-0.0357,-0.1201,-0.1174],-0.2338
7522,[-0.6711,-0.1291,-0.1262,-0.0754],[-3.7495,-1.0991,-7.4141,-5.7264,-1.0106],[-0.6715,-0.1187,-0.1308,-0.0898],-0.2417
7542,[-0.6638,-0.1971,-0.0796,-0.0115],[-19.5644,-17.4545,-21.817 ,-21.2741,-18.318 ],[-0.6654,-0.1879,-0.0875,-0.0189],-0.2531
7600,[-0.6737,-0.002 ,-0.0265,-0.2188],[-2.1496,-2.9026,-2.8817,-3.5082,-0.8379],[-0.6747,-0.0012,-0.0175,-0.2319],-0.204
7602,[-0.6705,-0.0361,-0.1271,-0.2139],[-22.5782,-20.6621,-24.6413,-23.9276,-21.099 ],[-0.6705,-0.0295,-0.1215,-0.2277],-0.2285
7604,[-0.6666,-0.0362,-0.1762,-0.2263],[-15.3574,-14.765 ,-16.9833,-16.3313,-14.8111],[-0.6656,-0.0275,-0.1759,-0.2386],-0.2432
7622,[-0.6723,-0.0815,-0.1438,-0.1676],[ -8.1259, -6.7217,-12.1394,-10.6506, -7.3935],[-0.6721,-0.0722,-0.1445,-0.1825],-0.2361
7624,[-0.6696,-0.0692,-0.172 ,-0.1934],[-6.9372,-6.0761,-9.2045,-7.7441,-6.6415],[-0.6688,-0.0592,-0.1745,-0.2081],-0.2429
7700,[-0.6789, 0.0021,-0.0196,-0.3323],[-16.862 ,-17.8322,-17.8175,-18.6227,-16.0154],[-0.6804, 0.0025,-0.0118,-0.3447],-0.1958
7701,[-0.6842,-0.0111, 0.076 ,-0.3415],[-3.7989,-4.8419,-2.3557,-4.6437,-3.2545],[-0.6853,-0.0142, 0.0759,-0.3461],-0.1979
7702,[-0.6725,-0.0095,-0.1088,-0.3062],[-24.164 ,-22.1197,-26.2505,-26.0847,-22.9453],[-0.6731,-0.0047,-0.1005,-0.3205],-0.2191
7704,[-0.664 ,-0.0048,-0.1797,-0.2955],[-13.6963,-12.8935,-15.5988,-14.7636,-13.8417],[-0.6632, 0.0028,-0.1777,-0.3072],-0.2444
7712,[-0.6596, 0.0694,-0.1197,-0.359 ],[-1.6159, 0.1212,-2.1903,-2.2586, 0.1512],[-0.6607, 0.0712,-0.1063,-0.3714],-0.2449
7714,[-0.6516, 0.0608,-0.1759,-0.2924],[-1.3989, 0.6522,-2.5105,-2.0047,-0.9439],[-0.6512, 0.0653,-0.1675,-0.3086],-0.2643
7800,[-0.6831, 0.0093,-0.0139,-0.4201],[-63.2166,-63.4991,-63.4725,-64.401 ,-62.7802],[-0.6849, 0.0093,-0.0097,-0.4316],-0.1902
7801,[-0.6857,-0.0062, 0.0763,-0.4323],[-8.0327,-8.8675,-6.6431,-8.5779,-7.5207],[-0.6872,-0.0097, 0.0794,-0.4425],-0.1953
7802,[-0.6778, 0.0227,-0.0891,-0.4242],[-29.1851,-27.8613,-30.396 ,-30.5011,-28.7014],[-0.6792, 0.0256,-0.0836,-0.4375],-0.2098
7804,[-0.6663, 0.0401,-0.1864,-0.4156],[-1.3844,-0.6146,-3.2165,-2.4338,-1.2549],[-0.6658, 0.0465,-0.1866,-0.4295],-0.2463
7810,[-0.6742, 0.0653,-0.0264,-0.4522],[-2.6519,-2.5139,-2.0926,-3.5744,-1.6249],[-0.6765, 0.0635,-0.0173,-0.4621],-0.2103
7812,[-0.6689, 0.0661,-0.1026,-0.4481],[-3.0646,-1.9795,-3.9092,-3.9857,-1.9466],[-0.6706, 0.0676,-0.0928,-0.461 ],-0.2294
7814,[-0.6597, 0.0661,-0.1905,-0.4594],[-2.1691,-0.8801,-3.927 ,-3.2693,-1.5797],[-0.6596, 0.0714,-0.1858,-0.4705],-0.2575
7900,[-0.6841, 0.0359,-0.023 ,-0.5279],[-13.2053,-13.6071,-13.3648,-13.535 ,-13.1142],[-0.6865, 0.0354,-0.0213,-0.5375],-0.1925
7901,[-0.6852, 0.0179, 0.0952,-0.5364],[-4.746 ,-5.7635,-3.8646,-5.113 ,-4.664 ],[-0.6869, 0.0123, 0.1   ,-0.5469],-0.2001
7902,[-0.6844, 0.0402,-0.0868,-0.5243],[-5.4164,-4.616 ,-6.2433,-6.2666,-5.2105],[-0.6863, 0.0426,-0.0839,-0.5377],-0.2022
7904,[-0.6809, 0.0521,-0.1679,-0.5386],[-0.9298,-0.6821,-1.0264,-0.8569,-0.6293],[-0.6812, 0.0578,-0.1686,-0.5202],-0.2252
7910,[-0.6818, 0.0688,-0.0348,-0.5839],[-3.0245,-3.3493,-2.7029,-3.8782,-2.4767],[-0.6846, 0.0674,-0.0305,-0.5995],-0.2011
7912,[-0.6779, 0.076 ,-0.1049,-0.5718],[-2.7394,-0.9503,-4.193 ,-3.9771,-1.5361],[-0.6801, 0.0776,-0.0968,-0.5856],-0.2184
7914,[-0.6661, 0.0842,-0.1822,-0.5371],[ 0.0469, 1.5242,-2.5829,-1.3827,-0.6178],[-0.6667, 0.0887,-0.1771,-0.5492],-0.2498
