1,-0.48557339912375347
2,-0.4850144089520669
3,-0.48243745174033204
4,-0.48809619624250244
5,-0.48476626775711606
6,-0.48588523536844014
7,-0.4874023699920717
8,-0.4865855046027387
9,-0.4845802644972219
10,-0.486779894406926
11,-0.48596689743058163
12,-0.4880706782431165
13,-0.4671149937945148
14,-0.4630818376907074
15,-0.486411926292177
16,-0.48619516624800735
17,-0.4867041354278313
18,-0.4855725676635465
19,-0.4815880417333767
20,-0.4880313226524606
21,-0.49021610986627073
22,-0.4838192117309228
23,-0.4830794682608176
24,-0.48591055616379614
25,-0.4876500876594264
26,-0.4869836086809906
27,-0.48524207423020643
28,-0.4869440293670285
29,-0.48231232473460434
30,-0.48725512465820703
31,-0.485112759460296
32,-0.48289430733022803
33,-0.48661435116797713
34,-0.48533685566008555
35,-0.48699685559890626
36,-0.48677356238114833
37,-0.4876149799345518
38,-0.4863338158925578
39,-0.4731840310534734
40,-0.46070458388865104
41,-0.48738772683377596
42,-0.4805410918678001
43,-0.48663344598922
44,-0.4737149332941418
45,-0.48644612357050065
46,-0.4880213753490223
47,-0.48757105987387755
48,-0.48824140350290596
49,-0.4864209737992436
50,-0.4837603140584488
51,-0.48699934427541514
52,-0.48725946649384466
53,-0.4841121416765829
54,-0.4858530248777069
55,-0.4881754341716508
56,-0.4855831547286668
57,-0.41844046866516715
58,-0.45606066511632287
59,-0.4872627657616158
60,-0.48918408794008394
61,-0.48665749623922344
62,-0.4847596838093015
63,-0.48338828225050184
64,-0.48594560646815377
65,-0.4731781193339594
66,-0.48673899387756314
67,-0.48865360582952966
68,-0.4874226272186769
69,-0.486838571300341
70,-0.48912100206516956
71,-0.48723180052185117
72,-0.48492114070493697
73,-0.4828105258794608
74,-0.48685971040056064
75,-0.48739011955379496
76,-0.4864479580021048
77,-0.4865161154700507
78,-0.4823861900921217
79,-0.48577068364770654
80,-0.4883884658006185
81,-0.48755669309694116
82,-0.4879263792759065
83,-0.48901136154701635
84,-0.4862840731859156
85,-0.48207860776417694
86,-0.48721912065986844
87,-0.48359197110679497
88,-0.4871346168465238
89,-0.4780091528128417
90,-0.47965115650682394
91,-0.4875427891162353
92,-0.4875528757404394
93,-0.486470167040203
94,-0.48775427388163767
95,-0.47788083654655633
96,-0.4828423038693171
97,-0.48834393256264164
98,-0.489600500056033
99,-0.48505129873153763
100,-0.45964123584595207
101,-0.4870246835235077
102,-0.4861680652846992
103,-0.4867607306876062
104,-0.4879636709196755
105,-0.4884651762832819
106,-0.4868422699187117
107,-0.48748725550913086
108,-0.4877911748376063
109,-0.4839273646800532
110,-0.4680623663359232
111,-0.48727205064465173
112,-0.4776686141348245
113,-0.48583208434127145
114,-0.4824621891758707
115,-0.48705443095480444
116,-0.4877762508058106
117,-0.48680011302160764
118,-0.4878601062443805
119,-0.4853427786435821
120,-0.48018000434226005
121,-0.48693962004632707
122,-0.4865180992511902
123,-0.48629417067224684
124,-0.48143251355937733
125,-0.48570960660754076
126,-0.48277793358260956
127,-0.48878138574011654
128,-0.46811470250052734
129,-0.4808476394052804
130,-0.48405096773043405
131,-0.48692498187881217
132,-0.4850483147317998
133,-0.4755177080448425
134,-0.4867077440495742
135,-0.4875039319596084
136,-0.4864267735193864
137,-0.48873960207480266
138,-0.4831577697977858
139,-0.48610415246920086
140,-0.4867089955699664
141,-0.4883821622416888
142,-0.4850038724589377
143,-0.48877870700989523
144,-0.48032291427049795
145,-0.3524715073283509
146,-0.48277863756829165
147,-0.4878584767211511
148,-0.4855615597331948
149,-0.48438376861508103
150,-0.48347199160183507
151,-0.4868631259129851
152,-0.4739755828158961
153,-0.48617161669841746
154,-0.47985205957616067
155,-0.4819996950667093
156,-0.48860926453681935
157,-0.4782520887204553
158,-0.4867427916363483
159,-0.48847207568557555
160,-0.48703985503665104
161,-0.480279832592379
162,-0.4641155758651097
163,-0.487081102026382
164,-0.4780023446962561
165,-0.4882257995157876
166,-0.48767264456842335
167,-0.48390354924658757
168,-0.47613331371708567
169,-0.4874178811595741
170,-0.4819517397256546
171,-0.4838454982660377
172,-0.48766347643506636
173,-0.4872306928477529
174,-0.4857531199474848
175,-0.4868414971671641
176,-0.4789625115595695
177,-0.48710627022303443
178,-0.4871634612541435
179,-0.466296887451798
180,-0.48690257414845484
181,-0.4626192738392269
182,-0.4860856084275267
183,-0.4858228068220907
184,-0.4851380073242429
185,-0.48683225919621853
186,-0.4893560363801961
187,-0.45511329984376614
188,-0.4899917990296582
189,-0.48576997777651426
190,-0.4872518352452326
191,-0.482251921159827
192,-0.4082135470521222
193,-0.48413762129070637
194,-0.4761497631360181
195,-0.4862426518131414
196,-0.48534533123895396
197,-0.43929142695638224
198,-0.48688154990702026
199,-0.48594178327030446
200,-0.4853603092051895
201,-0.4847787588529092
202,-0.48691945495981337
203,-0.48107082038037496
204,-0.4846582868032015
205,-0.4834177690360342
206,-0.48165088319261146
207,-0.4776596222909087
208,-0.48597095378809735
209,-0.4771137595773642
210,-0.48700017970242976
211,-0.4317024247666624
212,-0.4857225679568384
213,-0.4853522002987768
214,-0.4867367971518263
215,-0.4882179498529399
216,-0.48571149345296444
217,-0.48805202005958936
218,-0.48595289434362404
219,-0.4882044489333295
220,-0.43585292468518355
221,-0.4865207742504365
222,-0.4887223880831328
223,-0.4863495787492167
224,-0.4867655073566265
225,-0.4863528579246734
226,-0.485385347875256
227,-0.4829742036743173
228,-0.4832715758379889
229,-0.45216180731424604
230,-0.48559043167173066
231,-0.47651952267301106
232,-0.43712977493318145
233,-0.4848281247490944
234,-0.4866348215214602
235,-0.488675096390355
236,-0.4829218689917976
237,-0.48648467912772136
238,-0.48606585395584034
239,-0.48224859568827017
240,-0.4822588914316742
241,-0.4678095617721467
242,-0.48983193619567744
243,-0.48504750311518874
244,-0.46655933782166714
245,-0.4866187127103152
246,-0.4841176648491417
247,-0.4650869841250654
248,-0.4889940071338306
249,-0.48709535624726785
250,-0.45526482311364175
251,-0.4143657054612328
252,-0.48651109222685024
253,-0.48568859407994347
254,-0.4854459474584775
255,-0.485423365928947
256,-0.48282405734525324
257,-0.4871333084046247
258,-0.47633578608818605
259,-0.48295557285954666
260,-0.48657239220959614
261,-0.4683055087278723
262,-0.45708893468140094
263,-0.48616976275710116
264,-0.49036417183799746
265,-0.4750571018955418
266,-0.4853250641373686
267,-0.4886777518002991
268,-0.4803575510328074
269,-0.48578244990274516
270,-0.4863778858415227
271,-0.45428610062327535
272,-0.4836545184708635
273,-0.4839827643375132
274,-0.486480722254243
275,-0.4841380471500214
276,-0.49050984301430517
277,-0.4452473918368909
278,-0.4756301765156929
279,-0.47052324697289116
280,-0.48580951017317203
281,-0.4871208060260525
282,-0.4825521080616804
283,-0.48696296913665676
284,-0.4855135777000687
285,-0.4824749510486841
286,-0.48761739362919326
287,-0.4836850886865167
288,-0.442124139429238
289,-0.4342100080893215
290,-0.4796177072049809
291,-0.48452223007790773
292,-0.4638445500963745
293,-0.41135800516466997
294,-0.48710496581934404
295,-0.4194802284705476
296,-0.48410922125031025
297,-0.48483371774272666
298,-0.48515093375448887
299,-0.4866887851152084
300,-0.4854745103079969
301,-0.48391754846525964
302,-0.48554861457111337
303,-0.48802014266260046
304,-0.4858628895544968
305,-0.48710488835986576
306,-0.48691537908345783
307,-0.48324993747964
308,-0.4865858439749178
309,-0.4794680713089194
310,-0.47810629274585803
311,-0.482228356904982
312,-0.4872633319257476
313,-0.4505462338546255
314,-0.48764574594819393
315,-0.47613881121886703
316,-0.4887506845134815
317,-0.4273595041930367
318,-0.4825071499516743
319,-0.4791758708127719
320,-0.48049938512856166
321,-0.48646063270506684
322,-0.4893138902764644
323,-0.486270938631289
324,-0.48242413729651534
325,-0.487670640575279
326,-0.48688835217791376
327,-0.47523185988193234
328,-0.48753536175693374
329,-0.48161081537199596
330,-0.4842070876160985
331,-0.4877455252719835
332,-0.4750620681109639
333,-0.47973090672134855
334,-0.4829604779074128
335,-0.4851846036851139
336,-0.4818014159432815
337,-0.46409879856357666
338,-0.4822658384428785
339,-0.4895129706449032
340,-0.4886290956375202
341,-0.4865118157112017
342,-0.48410554593491634
343,-0.48453149524973743
344,-0.483867220463887
345,-0.4854020049136118
346,-0.48424007646217077
347,-0.4326154285684585
348,-0.4858903585306755
349,-0.48613890558638484
350,-0.38164072186208314
351,-0.48804753004297563
352,-0.48550962006445886
353,-0.4840310199469314
354,-0.485437097817682
355,-0.48057386978981964
356,-0.48681421261051216
357,-0.4835022810508439
358,-0.4307072796484022
359,-0.4819214643188244
360,-0.4855983381067472
361,-0.4861767336505721
362,-0.47694433855669155
363,-0.4854757697322994
364,-0.4494814985379823
365,-0.4833758358327574
366,-0.4831055006571343
367,-0.4874667378961653
368,-0.4815770452126728
369,-0.37460669318149614
370,-0.48673691875345665
371,-0.48658394193591153
372,-0.48729639130996466
373,-0.48806475159395063
374,-0.48831987259701576
375,-0.4860107153391936
376,-0.4655429297749823
377,-0.34025214202138404
378,-0.48616919915235485
379,-0.4860999288412235
380,-0.48710233148904997
381,-0.4212814986938489
382,-0.48394011561126093
383,-0.4865527284246711
384,-0.48838750166430184
385,-0.4820747734792098
386,-0.4871693225742281
387,-0.4863495992368463
388,-0.4858238406835434
389,-0.4854675587526489
390,-0.4635184346624917
391,-0.4865003175636378
392,-0.48591581087334645
393,-0.47577814237490634
394,-0.4862959812242863
395,-0.48279020957393187
396,-0.48806802480312156
397,-0.48266134664464994
398,-0.48644604439062494
399,-0.4849132977009038
400,-0.46488311425574386
401,-0.48549587002386796
402,-0.4854616291733845
403,-0.48548216523316967
404,-0.4883801629336264
405,-0.46715921380503445
406,-0.48493289195907313
407,-0.4849666438070435
408,-0.48717531486805604
409,-0.48427120498273774
410,-0.476410508987949
411,-0.4861542437274707
412,-0.4829871883035093
413,-0.4861537225192855
414,-0.4754106531539137
415,-0.4786616309472997
416,-0.4858613543872235
417,-0.44127366908265525
418,-0.48506908152273176
419,-0.486893389365293
420,-0.48740859335081577
421,-0.48270107219981423
422,-0.47246007603119
423,-0.4860030046425329
424,-0.4706330333880102
425,-0.4810524814735479
426,-0.43341755680335786
427,-0.4856474331987989
428,-0.4874628005190793
429,-0.4852240343174417
430,-0.4871218884108073
431,-0.4872087378296506
432,-0.4873458998777136
433,-0.4874828276721006
434,-0.4862873999745167
435,-0.48662280471267766
436,-0.47865946704086315
437,-0.4863547909547729
438,-0.48644325184038245
439,-0.4857334945756898
440,-0.48995748389869875
441,-0.44004272457549
442,-0.48773468052485325
443,-0.4642363549785341
444,-0.4809061625686411
445,-0.4858760684733724
446,-0.48458603601625094
447,-0.48568247544612364
448,-0.48769883151104726
449,-0.47241685678273226
450,-0.4867203295571722
451,-0.4867146665578009
452,-0.4880351407782986
453,-0.44596481433163593
454,-0.4860189036961478
455,-0.4860859345343632
456,-0.485837689092589
457,-0.47217913817960167
458,-0.4876618057529023
459,-0.4872741173618532
460,-0.4817149535881865
461,-0.4774020455751705
462,-0.46510851084534904
463,-0.48288005601006506
464,-0.48494473219932865
465,-0.48778768822726243
466,-0.3783142133775553
467,-0.48859990147371785
468,-0.48411238437479615
469,-0.4880664300572384
470,-0.4752048500193841
471,-0.48354481285846973
472,-0.48659120801252276
473,-0.4880386294135433
474,-0.4805701255124583
475,-0.48740917083247726
476,-0.4170494525019929
477,-0.48151382421889716
478,-0.4798324508912469
479,-0.48858920376418685
480,-0.4869927757776239
481,-0.45624874148024486
482,-0.48735367829778314
483,-0.4699523145110425
484,-0.4866433252369296
485,-0.43818588139813136
486,-0.48697243054754974
487,-0.48587302734728594
488,-0.48401196680665604
489,-0.4668247631010727
490,-0.484606792683537
491,-0.48133723560258374
492,-0.48449507250418994
493,-0.43648985893461095
494,-0.4548340331833667
495,-0.46335792747369065
496,-0.4763171980066848
497,-0.48698508059686396
498,-0.473301467231415
499,-0.48651179581526344
500,-0.4864257320694373
501,-0.4830650931079976
502,-0.4774674302669561
503,-0.4732854991401873
504,-0.48997760203057916
505,-0.48751906442265464
506,-0.4636321957937241
507,-0.48569925567083916
508,-0.4811689690350321
509,-0.4559879718611058
510,-0.48594068400879004
511,-0.47682906051980734
512,-0.48616514598401944
513,-0.4719687719271442
514,-0.48510295945033877
515,-0.46659489286441774
516,-0.4465987100652991
517,-0.4859617953478998
518,-0.48664655595370765
519,-0.32920062530929506
520,-0.4598588671818833
521,-0.4835825646615607
522,-0.44659429225463254
523,-0.48381152714978987
524,-0.48248772900415343
525,-0.4871960429599943
526,-0.4859882408407608
527,-0.48778256474148335
528,-0.48502972369841973
529,-0.4846535372415079
530,-0.43307561327397437
531,-0.4869765446214405
532,-0.48768330995419384
533,-0.4849204760031723
534,-0.48732662962708095
535,-0.42486301500277535
536,-0.4860161988806806
537,-0.4859172465547428
538,-0.4832130663796621
539,-0.4727351804922378
540,-0.4724698503927413
541,-0.4765110210605248
542,-0.4580640366918321
543,-0.4876608114589426
544,-0.4800888067307337
545,-0.4865091784721459
546,-0.46101070585493914
547,-0.48670540702901416
548,-0.4799830039182162
549,-0.4816256944992242
550,-0.47360827833359753
551,-0.4835988553547145
552,-0.4877242593033764
553,-0.48412552418043187
554,-0.4833088759826724
555,-0.4820196029002041
556,-0.4828359795168085
557,-0.4813873144430843
558,-0.4238262422072041
559,-0.48664926995288754
560,-0.48508666202159606
561,-0.48342420085271326
562,-0.4871623504756479
563,-0.4857075674456328
564,-0.4430056226874058
565,-0.48678367745387674
566,-0.4852103355098122
567,-0.48260681466500405
568,-0.44497838739402457
569,-0.424391223102113
570,-0.4874660529744246
571,-0.4865667346827341
572,-0.38105055059858944
573,-0.48604501948844864
574,-0.48740164916513323
575,-0.488173067414254
576,-0.48924585794357744
577,-0.484244715111287
578,-0.47050689926417355
579,-0.46509726951638697
580,-0.48503214163637715
581,-0.4635047958294077
582,-0.4862922894958894
583,-0.4803070654313933
584,-0.48494471655108173
585,-0.48074186774810196
586,-0.459331491376085
587,-0.48535206795781893
588,-0.4821504249649294
589,-0.4802928229921383
590,-0.47879984305385115
591,-0.48710141366722515
592,-0.48304287411181546
593,-0.48391058246505525
594,-0.4443591495568487
595,-0.4833445947850352
596,-0.48334109501265754
597,-0.4633985323683386
598,-0.486693542706796
599,-0.48280593206104516
600,-0.48260570380886253
601,-0.482353363120292
602,-0.48535716423434394
603,-0.48788854991615915
604,-0.4861717004540297
605,-0.4551002304190725
606,-0.47483194215652935
607,-0.48436420482819276
608,-0.47580334927796025
609,-0.4868194536373968
610,-0.4334537627325356
611,-0.47766997474114176
612,-0.4860586554894334
613,-0.4826522060769753
614,-0.4518116153841595
615,-0.4555871169691662
616,-0.4740702363403176
617,-0.48203248451725206
618,-0.46212192774682176
619,-0.47716881979556425
620,-0.47238438433772584
621,-0.48642213876389323
622,-0.4182782208194524
623,-0.41309520398313015
624,-0.4777156842206662
625,-0.4860341996922245
626,-0.48282436979218385
627,-0.4698164697540819
628,-0.46022555092529527
629,-0.484341570778995
630,-0.4844023750390229
631,-0.48708898305265225
632,-0.48752510729189363
633,-0.45987838944806203
634,-0.48690479358921696
635,-0.4840503915537483
636,-0.40024719048254725
637,-0.455572186934477
638,-0.43767001503991576
639,-0.4496623403818768
640,-0.47686341745787786
641,-0.4809774644615629
642,-0.48505813955064575
643,-0.48551632632860797
644,-0.46499831296010086
645,-0.4883399341532568
646,-0.486001781245438
647,-0.4858309887082105
648,-0.472997231210645
649,-0.4387627533008017
650,-0.4872053471594462
651,-0.48417267189264585
652,-0.4672413415602289
653,-0.4788323438701272
654,-0.48590019058088324
655,-0.45381063101671854
656,-0.4407159930341449
657,-0.4729827040976288
658,-0.48570023313542476
659,-0.4828197701257478
660,-0.4764896124226993
661,-0.4780610534521544
662,-0.48680719631912944
663,-0.4652145252407378
664,-0.4874017222598563
665,-0.4854884802937221
666,-0.3534133002365851
667,-0.46879957555070495
668,-0.4650862879052651
669,-0.44308113447459563
670,-0.48508653964829046
671,-0.47988200864778713
672,-0.4842709583084403
673,-0.48301401707080915
674,-0.4889808408000946
675,-0.47467507964477434
676,-0.4806071704080731
677,-0.48167697256154884
678,-0.4078002863368658
679,-0.48490378608110357
680,-0.46211401639451083
681,-0.48631150825029423
682,-0.4515740140931924
683,-0.4841295013473539
684,-0.482296789272745
685,-0.4855727004167662
686,-0.43792982554542587
687,-0.4848135530403036
688,-0.48610466571968697
689,-0.48579025297869033
690,-0.48643967573651203
691,-0.4859551374393693
692,-0.4860852308721169
693,-0.40835881867632445
694,-0.4831598196969181
695,-0.4885884480682552
696,-0.4818047165226611
697,-0.47955603690829646
698,-0.4834963696701209
699,-0.4849112084076443
700,-0.48697464276367175
701,-0.4504191770810823
702,-0.4856819901524449
703,-0.4810628407246356
704,-0.4859425858733203
705,-0.48058629665657254
706,-0.48540726750985413
707,-0.43966011352398165
708,-0.4793954798117986
709,-0.46221295811146573
710,-0.4812478741111583
711,-0.3903345762664101
712,-0.41076576570932355
713,-0.48760689862443063
714,-0.48277543302550785
715,-0.48654350552912456
716,-0.486428333666648
717,-0.48715081911103325
718,-0.489667841549439
719,-0.4431643067734013
720,-0.4830432731829422
721,-0.48610870608157336
722,-0.44800348814632507
723,-0.438749361900064
724,-0.39971595383335473
725,-0.4837786143050852
726,-0.46087166124049395
727,-0.4869079570987416
728,-0.3788899102909288
729,-0.4674304060081099
730,-0.48330572692383467
731,-0.4043587441414042
732,-0.48416469730271566
733,-0.4539541576853722
734,-0.32809299925805235
735,-0.48127157961932465
736,-0.4884503237736567
737,-0.4863853602028137
738,-0.4436791961831912
739,-0.4723067301660037
740,-0.45605007335255243
741,-0.48391510779951813
742,-0.4862561220272639
743,-0.45993328648622334
744,-0.4863604520306232
745,-0.48728323916902516
746,-0.48353105280594816
747,-0.4466238121521694
748,-0.402521669829175
749,-0.4864335767603122
750,-0.4864941526658687
751,-0.4832554796304529
752,-0.4876364809511404
753,-0.4831835724911366
754,-0.4871289878691914
755,-0.4369753485399653
756,-0.4875598177615571
757,-0.44258953260505063
758,-0.4142038002009026
759,-0.4829500077544703
760,-0.43833353346998416
761,-0.4762467932824227
762,-0.4862325168710313
763,-0.4855217189159103
764,-0.485044704080692
765,-0.4296167194805946
766,-0.48711100259495044
767,-0.4855176036402999
768,-0.48632130869265416
769,-0.4681314160754288
770,-0.47834695136861266
771,-0.4759846247409412
772,-0.47364912655006636
773,-0.48598712682257006
774,-0.47962232689167666
775,-0.47188162197190375
776,-0.4362598235219541
777,-0.467791788614158
778,-0.45836988664254996
779,-0.4725373070481505
780,-0.4830818805481673
781,-0.39148979916542415
782,-0.43395763525354164
783,-0.47876174489112155
784,-0.41741297919877396
785,-0.4823690920186458
786,-0.48661745984833626
787,-0.4818266293441032
788,-0.4864240900984186
789,-0.4149066852927943
790,-0.4684614371876969
791,-0.446851909631854
792,-0.4473406352575731
793,-0.4857690469653834
794,-0.47479184812768543
795,-0.4771299763708696
796,-0.4489902104682598
797,-0.44467559298772485
798,-0.3778733214402196
799,-0.4045485761418338
800,-0.4846488681502432
801,-0.48707850931766805
802,-0.4463110959945069
803,-0.48300322504593163
804,-0.47932039492582007
805,-0.2915007855419952
806,-0.3536710398299206
807,-0.48622361884249626
808,-0.4608943296570254
809,-0.47997675796808015
810,-0.48691164317878183
811,-0.4867018659107327
812,-0.4837859509203316
813,-0.4838628275115331
814,-0.4859594305869792
815,-0.4739208249385496
816,-0.46790027223367686
817,-0.45709981380224357
818,-0.4374366422035239
819,-0.36145031286903656
820,-0.44409227846926536
821,-0.4761573527247405
822,-0.48074440360224124
823,-0.4751685701869488
824,-0.48024895688409347
825,-0.4858393774226612
826,-0.45166030137042495
827,-0.4857498330707329
828,-0.4752458037269013
829,-0.4703774810060316
830,-0.4837627390085612
831,-0.44016888950599414
832,-0.44126735639603387
833,-0.46407471051904986
834,-0.48399274392101427
835,-0.4802498723025533
836,-0.4869604254746797
837,-0.4576480182201418
838,-0.4789914399745532
839,-0.44910482350245096
840,-0.445631217042159
841,-0.4858546119503068
842,-0.45807787630498087
843,-0.482958321448742
844,-0.47928745950069956
845,-0.4596583952384783
846,-0.4864557937010175
847,-0.47346869652301327
848,-0.4574028171113916
849,-0.4674312731244465
850,-0.4759644262745976
851,-0.477141018514114
852,-0.4784938514564182
853,-0.4707317792865735
854,-0.46033683333008657
855,-0.48629415943765797
856,-0.4426615565205525
857,-0.4164863018861521
858,-0.4637548948581039
859,-0.4825858255194509
860,-0.45381022902941553
861,-0.4086647857403168
862,-0.46957886518864494
863,-0.486869056575281
864,-0.4791633173087452
865,-0.46754956393803226
866,-0.4701959315643376
867,-0.4793357923736792
868,-0.4485184829582614
869,-0.4800152836940015
870,-0.472584968873469
871,-0.4552009753245554
872,-0.4763077377272017
873,-0.4853722280125606
874,-0.4390490224248866
875,-0.4861900258039871
876,-0.440701387909606
877,-0.4795592303849433
878,-0.41068857165409134
879,-0.4863197049923118
880,-0.4589357577951104
881,-0.4245324231394665
882,-0.4652710916550029
883,-0.4794610941184415
884,-0.48779117567623625
885,-0.4624561726380233
886,-0.369291353621488
887,-0.47893124680429594
888,-0.4490749571802752
889,-0.44364233040138484
890,-0.48661187769719877
891,-0.464060609590557
892,-0.4252458794585948
893,-0.4767023065368075
894,-0.4818927524923691
895,-0.4257033822985519
896,-0.48471235645487304
897,-0.47764814148455276
898,-0.4752446355703663
899,-0.4813405411507212
900,-0.48666328412833043
901,-0.42619155076154464
902,-0.48220032973399635
903,-0.46558193994080893
904,-0.48505958462712156
905,-0.4671622117548809
906,-0.47139073181282054
907,-0.47322188843534285
908,-0.4723657435200179
909,-0.4731104764683373
910,-0.47221592549570895
911,-0.39345587503680196
912,-0.487794633122771
913,-0.481446082526506
914,-0.46637093204580365
915,-0.4768828756240294
916,-0.46595235239477134
917,-0.4529953927177788
918,-0.36314748180976314
919,-0.47855706379942653
920,-0.4862737164043463
921,-0.47881920953314777
922,-0.47569240103444305
923,-0.48580861897019134
924,-0.4816759545392131
925,-0.45216877741230443
926,-0.46667722556703156
927,-0.41612820896099767
928,-0.4340986757940918
929,-0.3739287339219894
930,-0.4859064623287729
931,-0.4858374180095399
932,-0.3942871258093937
933,-0.4827645992995242
934,-0.4375812214826885
935,-0.4832040934190335
936,-0.3860460150871158
937,-0.3811511036667587
938,-0.48396394977412505
939,-0.48643593529535156
940,-0.4853208316136981
941,-0.4850306049760554
942,-0.4798800224186771
943,-0.48873581431360436
944,-0.4326319797402613
945,-0.4549583041773369
946,-0.4846205054256312
947,-0.4670193908445023
948,-0.4639101882776315
949,-0.4812619208658468
950,-0.4795564429067154
951,-0.43673277286843926
952,-0.48219112563656313
953,-0.4729515327365563
954,-0.46552096813097205
955,-0.4814219990401931
956,-0.37103641739652143
957,-0.4790122747519641
958,-0.4067884012454663
959,-0.48527875898187256
960,-0.46015244308999814
961,-0.41071505851620194
962,-0.44729820993276037
963,-0.4655568243275512
964,-0.4667803404707006
965,-0.4689336222351356
966,-0.4336473037514132
967,-0.48530358788566885
968,-0.4797920247333684
969,-0.4839878049394733
970,-0.4400422126739525
971,-0.3970331365627065
972,-0.4760885372143034
973,-0.48629824924515835
974,-0.45413338655134583
975,-0.4838960702262066
976,-0.484040953817739
977,-0.4656665005442268
978,-0.4851079444262796
979,-0.4734169033066529
980,-0.486381815150839
981,-0.4571429296191382
982,-0.4855047444718766
983,-0.41638582153391746
984,-0.4709427927941876
985,-0.48306994918466695
986,-0.426724004084862
987,-0.47074758494918506
988,-0.4857829399539043
989,-0.4869352947290161
990,-0.46865253031053883
991,-0.45010692176988587
992,-0.4852965958021256
993,-0.38225922691700104
994,-0.4649246948243611
995,-0.4868194935124641
996,-0.41431338488973346
997,-0.4840380568614494
998,-0.45004580178132797
999,-0.4657115152508366
1000,-0.43635534787571034
1001,-0.4548131467597538
1002,-0.3551857612079026
1003,-0.46692834591177235
1004,-0.44994372683985734
1005,-0.48630597769854855
1006,-0.448185322203141
1007,-0.4864226153008541
1008,-0.4836459746420808
1009,-0.4831875856408586
1010,-0.4878841393302989
1011,-0.47439014142776514
1012,-0.4839425482807733
1013,-0.4496809125324702
1014,-0.4796041882839113
1015,-0.4132478438071417
1016,-0.4799942765484754
1017,-0.47374708246181585
1018,-0.4413581683620506
1019,-0.36825682613116983
1020,-0.4798929447616276
1021,-0.46156967578477226
1022,-0.48372119607281305
1023,-0.4694008081544973
1024,-0.45139397158733047
1025,-0.485887210306634
1026,-0.4290179336831013
1027,-0.48299866916761364
1028,-0.4508623518264236
1029,-0.44370815555579723
1030,-0.40880251834587056
1031,-0.4841240020702658
1032,-0.48375795471489497
1033,-0.4759306052630269
1034,-0.48656748478247397
1035,-0.48517986389825474
1036,-0.4098407543511224
1037,-0.43064651895358047
1038,-0.4635423156264603
1039,-0.4843644523398681
1040,-0.47991536493362696
1041,-0.47713814428092544
1042,-0.4672733702687559
1043,-0.4678970260579236
1044,-0.4028463004665742
1045,-0.3935421274110353
1046,-0.34365075679162976
1047,-0.4851617815876429
1048,-0.4544505035914519
1049,-0.4763522043097918
1050,-0.298711751585101
1051,-0.4680922638258217
1052,-0.46134569125938785
1053,-0.4864002931733654
1054,-0.4767274423852706
1055,-0.44746020453107643
1056,-0.4742219153429778
1057,-0.4651477874351611
1058,-0.45981276398651205
1059,-0.4683109414695657
1060,-0.4815413926049951
1061,-0.4677205560351325
1062,-0.4460912638878794
1063,-0.4730527133975189
1064,-0.455871169260402
1065,-0.4381656518287416
1066,-0.27936767970344367
1067,-0.43460875597838294
1068,-0.4816279635449452
1069,-0.47598788909783973
1070,-0.4874880577393872
1071,-0.34084449323017474
1072,-0.47473674009252353
1073,-0.3403090619188334
1074,-0.4581425511112719
1075,-0.46311719490748193
1076,-0.4837525726682722
1077,-0.33527989208843384
1078,-0.48441330818574624
1079,-0.4669355539848711
1080,-0.44686189324937103
1081,-0.471499781737175
1082,-0.48057819979998906
1083,-0.4864034241093107
1084,-0.39470535855287137
1085,-0.4758123376778838
1086,-0.435325812005517
1087,-0.48676558289400323
1088,-0.48614316719709594
1089,-0.47528489903691634
1090,-0.4479039401162883
1091,-0.4310636230278673
1092,-0.48699236032552573
1093,-0.48295569137943534
1094,-0.4797067839264487
1095,-0.43672415016999205
1096,-0.454251978724556
1097,-0.45216294023406167
1098,-0.4195675597345556
1099,-0.43750271461632995
1100,-0.4784626204910318
1101,-0.3596026671721245
1102,-0.47335944374699407
1103,-0.48624439888113596
1104,-0.4644955601592252
1105,-0.43828109362466217
1106,-0.4239784543832811
1107,-0.46497684297474223
1108,-0.4832739574197369
1109,-0.441809651195162
1110,-0.4698342937771953
1111,-0.47958381221566054
1112,-0.4449561790602104
1113,-0.48362323774103205
1114,-0.48089880881824554
1115,-0.4395628873371473
1116,-0.28036151444596663
1117,-0.4635713713607594
1118,-0.4872764497290067
1119,-0.4694136336737196
1120,-0.4696088091160659
1121,-0.4718953539666025
1122,-0.4615945611575897
1123,-0.40027104778754313
1124,-0.4837314426761214
1125,-0.35262686645428604
1126,-0.4554694085639726
1127,-0.4396601402260984
1128,-0.39540135375731894
1129,-0.4271395905863856
1130,-0.4762030200150076
1131,-0.44309995927567536
1132,-0.39444046626905055
1133,-0.4149606473878769
1134,-0.47836543627797895
1135,-0.4689596139000046
1136,-0.48561732503398175
1137,-0.4486270614466761
1138,-0.42078299965242527
1139,-0.4237897647315579
1140,-0.4293284004816984
1141,-0.4478089362720724
1142,-0.4848162263669165
1143,-0.45637277182255387
1144,-0.3749044359104903
1145,-0.4312635452648929
1146,-0.484187297903631
1147,-0.4489517570635184
1148,-0.4392528212749058
1149,-0.43982067695723237
1150,-0.444690145611785
1151,-0.4818344782014688
1152,-0.4090212888133132
1153,-0.48316546798643134
1154,-0.3812237886473324
1155,-0.4293049577031144
1156,-0.47291945227593485
1157,-0.43430982689203373
1158,-0.46401924343456885
1159,-0.4236497498135925
1160,-0.4857197084011776
1161,-0.4623446886440889
1162,-0.45358236371075766
1163,-0.4056192555203228
1164,-0.4493103944870269
1165,-0.4789755604156952
1166,-0.4840298139412737
1167,-0.4835662354142357
1168,-0.41316284879844717
1169,-0.47727002820929565
1170,-0.38712286155864206
1171,-0.40580985135657116
1172,-0.4284528164386134
1173,-0.3028922357722658
1174,-0.3754350970008548
1175,-0.4659406265522166
1176,-0.48649900553407616
1177,-0.46197843210065354
1178,-0.48089360690177174
1179,-0.3930741270038295
1180,-0.4733753663210913
1181,-0.41936349497714154
1182,-0.4659190861518097
1183,-0.39068962770448407
1184,-0.39400217334333093
1185,-0.4813818562543071
1186,-0.4060712263828596
1187,-0.4741669391876049
1188,-0.37969593181715944
1189,-0.42013944322255503
1190,-0.29737551522617267
1191,-0.43784802838561193
1192,-0.473330503708288
1193,-0.4753860701582683
1194,-0.471705156844972
1195,-0.4673423023626175
1196,-0.48519531988070885
1197,-0.47956291582364224
1198,-0.48567604821792404
1199,-0.45574174159041764
1200,-0.4851561347926098
1201,-0.4415753977705482
1202,-0.4851502768746546
1203,-0.4538844914635026
1204,-0.4794907997928856
1205,-0.43148983312895667
1206,-0.46317244610536695
1207,-0.3549035026480039
1208,-0.4710114101262533
1209,-0.43568889779914977
1210,-0.46859556484028897
1211,-0.4164941612747829
1212,-0.4172629863634563
1213,-0.44591061772660817
1214,-0.4785408677938984
1215,-0.4074780038055666
1216,-0.4433700810042149
1217,-0.4778277127876568
1218,-0.3623346822379311
1219,-0.4539520558218582
1220,-0.43193534113960846
1221,-0.47040807768555437
1222,-0.40352941001689785
1223,-0.4574411697221308
1224,-0.47148032268726864
1225,-0.4842487834719427
1226,-0.4826743476905795
1227,-0.45170184686387554
1228,-0.4508385334147056
1229,-0.44016288146375165
1230,-0.4844142132326018
1231,-0.4651351340235124
1232,-0.45001662186085933
1233,-0.4625913052859053
1234,-0.4847516510936335
1235,-0.34023346079242806
1236,-0.4557302618592482
1237,-0.47386929556378077
1238,-0.46179876606875747
1239,-0.4660581740394689
1240,-0.4616998119615922
1241,-0.46750612567868716
1242,-0.4834262524063802
1243,-0.4828289442148798
1244,-0.4679721223748901
1245,-0.47984284361469715
1246,-0.4427174633855544
1247,-0.42118940192644505
1248,-0.48535543287946786
1249,-0.4580270580636573
1250,-0.47240337875212807
1251,-0.48571203370954735
1252,-0.4057975293999269
1253,-0.4055568287934946
1254,-0.47292074735340883
1255,-0.40624109069398856
1256,-0.4676926416274845
1257,-0.48594567735731997
1258,-0.4310396053837319
1259,-0.4574263333677507
1260,-0.3585165137331248
1261,-0.411733721058919
1262,-0.4845534904189651
1263,-0.462871284497486
1264,-0.3564487959029163
1265,-0.4809039418699662
1266,-0.4840981140814067
1267,-0.47148247763678025
1268,-0.4870762865667129
1269,-0.32139648699466344
1270,-0.484187386513804
1271,-0.4553779460436544
1272,-0.40099218739237896
1273,-0.4164935121806804
1274,-0.4320476577565299
1275,-0.46869800028610953
1276,-0.45826417955168675
1277,-0.4495123665249169
1278,-0.4733584504207397
1279,-0.43105589530449673
1280,-0.479318849983091
1281,-0.44190408093307
1282,-0.4338397418429229
1283,-0.3979614563834663
1284,-0.4393350901684744
1285,-0.425776975655883
1286,-0.30389786480610975
1287,-0.4675149946827093
1288,-0.4263988324232229
1289,-0.4868359287737935
1290,-0.38498454615381034
1291,-0.4709924177947543
1292,-0.44456999816137927
1293,-0.4063530475392082
1294,-0.4546670758529488
1295,-0.35330341336982884
1296,-0.4857536899714252
1297,-0.41502663634340403
1298,-0.38710626419871663
1299,-0.4515359106109252
1300,-0.4364347403964193
1301,-0.386666350491299
1302,-0.48327406982319077
1303,-0.4472268913493857
1304,-0.4067757017130434
1305,-0.4369449862629348
1306,-0.4328388137472805
1307,-0.4196974121758993
1308,-0.4505717246751537
1309,-0.44302961125464274
1310,-0.3910768575336817
1311,-0.33619018045270993
1312,-0.39134482406426685
1313,-0.48089514785003895
1314,-0.4426685349436388
1315,-0.41359898331533634
1316,-0.39180741252437934
1317,-0.47889270337710876
1318,-0.45362437718400694
1319,-0.4229636491189216
1320,-0.18940559424989634
1321,-0.40501909185898555
1322,-0.4534792416153832
1323,-0.3928249858685447
1324,-0.48074958338658735
1325,-0.3582591169584855
1326,-0.41794732509307014
1327,-0.42635384479631033
1328,-0.4346214640123015
1329,-0.3695966534185019
1330,-0.4381199465874383
1331,-0.47783126335837883
1332,-0.4360820034468079
1333,-0.33000693000676223
1334,-0.47142195234781736
1335,-0.4630221625063249
1336,-0.4832037120235851
1337,-0.4236784440570285
1338,-0.4045994118087813
1339,-0.4683320250913046
1340,-0.30959264825374794
1341,-0.4672933784401814
1342,-0.48441345870462654
1343,-0.4797132551627288
1344,-0.4268564818184453
1345,-0.45593477091412205
1346,-0.4135571409982628
1347,-0.46027330490902485
1348,-0.40150810140106036
1349,-0.38870923824872144
1350,-0.3851273177118863
1351,-0.4746687706106988
1352,-0.3173252945759078
1353,-0.29217298764705407
1354,-0.46541718417214223
1355,-0.4043705422046112
1356,-0.42921153258430383
1357,-0.3380710198152596
1358,-0.459477353850541
1359,-0.24245924413297054
1360,-0.4732904611253561
1361,-0.47047996109781326
1362,-0.3906704585533629
1363,-0.45902451536230615
1364,-0.36981146559900796
1365,-0.48428348119812686
1366,-0.453859304901843
1367,-0.34172188460258973
1368,-0.45489443728163403
1369,-0.4400544229091695
1370,-0.4485177874024306
1371,-0.3487921630385301
1372,-0.4519041629975741
1373,-0.43394283952978235
1374,-0.42763574810968247
1375,-0.359299944065889
1376,-0.38961127364578707
1377,-0.4853240384106943
1378,-0.45910440054141555
1379,-0.42728921695248323
1380,-0.38198401538030957
1381,-0.4511681281628442
1382,-0.4079806997296864
1383,-0.39272098901329044
1384,-0.4652278159270042
1385,-0.467530364573413
1386,-0.45755080223765704
1387,-0.4831061148675497
1388,-0.3684644931165723
1389,-0.4859619154450354
1390,-0.4674346546896069
1391,-0.3980867694640032
1392,-0.4165671553038926
1393,-0.43007176421178916
1394,-0.4349984490050025
1395,-0.40013793530087366
1396,-0.39078888740519824
1397,-0.4450884225576596
1398,-0.4850923228439613
1399,-0.33941232568343876
1400,-0.482844425092029
1401,-0.45362316124403823
1402,-0.4573772311708148
1403,-0.4551287778391736
1404,-0.3539294039628742
1405,-0.39623978140782484
1406,-0.42156688423712313
1407,-0.48155060220144574
1408,-0.4805070003313774
1409,-0.4189822924579692
1410,-0.26896924103426995
1411,-0.3816140463184241
1412,-0.481118890822999
1413,-0.42416662072078737
1414,-0.48413107150883467
1415,-0.4580139774703338
1416,-0.4433949802467279
1417,-0.45124538261531477
1418,-0.35918069211366593
1419,-0.43442372184867933
1420,-0.48034561448099133
1421,-0.42428119448126395
1422,-0.46348250868261226
1423,-0.4666442935972319
1424,-0.44780761372820654
1425,-0.4727897556315242
1426,-0.4650008776375553
1427,-0.4791026562148613
1428,-0.4654974659068018
1429,-0.4185347516208104
1430,-0.4454433717346687
1431,-0.4492467693152114
1432,-0.46907389669426136
1433,-0.430887296449869
1434,-0.46191178115363796
1435,-0.3847448899724035
1436,-0.4430834484464399
1437,-0.39539497750669683
1438,-0.4797043033472247
1439,-0.4810490328111983
1440,-0.44484395258087245
1441,-0.41040188600808947
1442,-0.4349544192305182
1443,-0.4402376617292383
1444,-0.3415464201608731
1445,-0.41303374098570944
1446,-0.29776830950093636
1447,-0.36780170483988756
1448,-0.47661220996205367
1449,-0.37386438262134153
1450,-0.4326528724566316
1451,-0.4505013095119256
1452,-0.3260960971978614
1453,-0.4434763915867869
1454,-0.3533136305057646
1455,-0.39831731495569095
1456,-0.40261933520156984
1457,-0.46479790223244694
1458,-0.37897974180754984
1459,-0.46948570563369635
1460,-0.40317197078685685
1461,-0.4157224455044654
1462,-0.3993644688484875
1463,-0.45897488324285013
1464,-0.42336275784952
1465,-0.4709233093539502
1466,-0.39161297963242003
1467,-0.42493404964945924
1468,-0.4757749480522451
1469,-0.44476595759599297
1470,-0.3713650089431641
1471,-0.4852917931151819
1472,-0.35902745062127617
1473,-0.43879438560705003
1474,-0.38441938892856886
1475,-0.4496956226636639
1476,-0.3212087643469225
1477,-0.28732688971302683
1478,-0.4433128684805937
1479,-0.4268477185099668
1480,-0.4138041307484729
1481,-0.3368158883387458
1482,-0.4787120390200591
1483,-0.43977248914152095
1484,-0.40208857431487277
1485,-0.47362227570113224
1486,-0.45111138062806444
1487,-0.41584436987058343
1488,-0.45234581175998795
1489,-0.41860218216979755
1490,-0.3831139437054791
1491,-0.41499778041169916
1492,-0.38109473055555987
1493,-0.3683580056319624
1494,-0.399987307474455
1495,-0.44052941133929857
1496,-0.3551835263066453
1497,-0.30774050687208876
1498,-0.45878101218652584
1499,-0.47151443612437066
1500,-0.42981631716141483
1501,-0.4700748340731825
1502,-0.2810757273098282
1503,-0.3539024277099119
1504,-0.4385184778269145
1505,-0.3780881391260746
1506,-0.4740161869116376
1507,-0.47757248917637024
1508,-0.35456464748975425
1509,-0.36420459415051587
1510,-0.3486323689112043
1511,-0.372066671439607
1512,-0.41867081573893344
1513,-0.4731229027998082
1514,-0.47010811747823417
1515,-0.4163695190901198
1516,-0.39125529791815494
1517,-0.43655894876221785
1518,-0.36376060415253003
1519,-0.39494054474444956
1520,-0.24935487215798885
1521,-0.3945171603783131
1522,-0.3168859176362913
1523,-0.4552412371204466
1524,-0.36955285145675565
1525,-0.48257357118869154
1526,-0.36262828189119656
1527,-0.39832412665225797
1528,-0.2856374751164529
1529,-0.41612335736856915
1530,-0.45599000852867
1531,-0.3729308117907235
1532,-0.4237374373469173
1533,-0.41598895937539104
1534,-0.47194505364322514
1535,-0.42451253568945757
1536,-0.4724032327638889
1537,-0.42406785731176344
1538,-0.45160534690066195
1539,-0.43483982148272454
1540,-0.48621678991118406
1541,-0.44228902402866305
1542,-0.43694861690942927
1543,-0.4725196183529885
1544,-0.4049352701339367
1545,-0.3903152667413719
1546,-0.3937119199236958
1547,-0.3920514827706288
1548,-0.42633298958966026
1549,-0.4180219368374387
1550,-0.3983391272531808
1551,-0.47437803840324305
1552,-0.34438574026918506
1553,-0.27768935734302574
1554,-0.4231951638390752
1555,-0.4393371221021364
1556,-0.3991749143741142
1557,-0.40965449345916033
1558,-0.419147610636041
1559,-0.4443804773387299
1560,-0.34712383378806644
1561,-0.4269808080033804
1562,-0.39909982591274734
1563,-0.39994686025839843
1564,-0.3720793563012298
1565,-0.442553679612303
1566,-0.4628144005376081
1567,-0.3798544805384906
1568,-0.4752832547376094
1569,-0.43296452866912893
1570,-0.4842284946999062
1571,-0.4125646010167438
1572,-0.42400967644294446
1573,-0.31597839522748417
1574,-0.3828005627973984
1575,-0.39731409094881925
1576,-0.41098574138576816
1577,-0.3915374103286171
1578,-0.43481044093586696
1579,-0.3755767383459886
1580,-0.4539493614087541
1581,-0.41939948379547354
1582,-0.4449237271916851
1583,-0.3206617478012412
1584,-0.4292763953073668
1585,-0.43269567286450356
1586,-0.45480506526353076
1587,-0.3847207541778147
1588,-0.29863983473711775
1589,-0.38604409813200324
1590,-0.4093545663095855
1591,-0.35374904213776953
1592,-0.4574106584014848
1593,-0.41780148467580724
1594,-0.406573465762504
1595,-0.32477443390767974
1596,-0.42143033210009007
1597,-0.47613723993901114
1598,-0.37485475269089413
1599,-0.38450364626730943
1600,-0.4035228442828174
1601,-0.4640289426652299
1602,-0.457791244944077
1603,-0.25138156362520303
1604,-0.381452345463165
1605,-0.4619569071433001
1606,-0.4387525110139355
1607,-0.4834571971986207
1608,-0.4745442705183212
1609,-0.40038045059356736
1610,-0.4270298777829477
1611,-0.4702604703924919
1612,-0.419998369254541
1613,-0.4037397456293573
1614,-0.3219925759403998
1615,-0.4328976688106613
1616,-0.4803941398994713
1617,-0.462696602464381
1618,-0.41411139870519875
1619,-0.3695698300077044
1620,-0.4813277817887806
1621,-0.37503108506626
1622,-0.4749748144572604
1623,-0.4203401172968357
1624,-0.3774000872839869
1625,-0.36915640610117806
1626,-0.25854777598281875
1627,-0.367592470177909
1628,-0.4420635076287154
1629,-0.40385238500949705
1630,-0.4651317835091966
1631,-0.4704829567367374
1632,-0.45239179873819596
1633,-0.34806747368993274
1634,-0.39441034364992283
1635,-0.46673137764002587
1636,-0.3799407542892889
1637,-0.270156019234903
1638,-0.36890748044575983
1639,-0.4763438548655412
1640,-0.4677326767808715
1641,-0.3105467608906393
1642,-0.43752233665222107
1643,-0.4009121989714593
1644,-0.33915553327726455
1645,-0.43240387319971146
1646,-0.42270932001716816
1647,-0.4212240610818921
1648,-0.4711048393619379
1649,-0.43406287962663936
1650,-0.41594608586278664
1651,-0.40916322555266
1652,-0.4833002152488632
1653,-0.39793517430304204
1654,-0.4471054400396392
1655,-0.46905368517573354
1656,-0.4258170910961991
1657,-0.43503827878522616
1658,-0.4556458508089199
1659,-0.42617885768525454
1660,-0.22170772616727236
1661,-0.4714279891771899
1662,-0.45641804893767096
1663,-0.41603968663958407
1664,-0.4195410543059811
1665,-0.3839693073544611
1666,-0.39315026947202114
1667,-0.48489936911892056
1668,-0.35717001348381694
1669,-0.3527352782618546
1670,-0.4433362831420585
1671,-0.37914205556750896
1672,-0.4455994882844433
1673,-0.18180655856148356
1674,-0.3024660297591862
1675,-0.3615096795527715
1676,-0.3539063685789946
1677,-0.47789794351062725
1678,-0.4859560610626951
1679,-0.44006001649589654
1680,-0.3263854516193128
1681,-0.4812690321025671
1682,-0.4130848727129984
1683,-0.27622075340361624
1684,-0.43641004152853424
1685,-0.3974669544757482
1686,-0.19054183058029395
1687,-0.447301627245024
1688,-0.45080728334395176
1689,-0.4780840002328563
1690,-0.46637029686665243
1691,-0.41380499307658464
1692,-0.3881989040012562
1693,-0.45965113585606454
1694,-0.39683550897337266
1695,-0.31564569593868336
1696,-0.3247467875880059
1697,-0.4792099963524202
1698,-0.4813080958943845
1699,-0.36207686022473246
1700,-0.30163851533160835
1701,-0.404366463643993
1702,-0.48540414548394933
1703,-0.3291925516291239
1704,-0.38138425486413813
1705,-0.3094533602871023
1706,-0.4387226317346671
1707,-0.4162871273307077
1708,-0.4392796947560039
1709,-0.4853070091312671
1710,-0.3471353950359881
1711,-0.3604836755378473
1712,-0.3287636357652894
1713,-0.44997246794491436
1714,-0.4703537535848715
1715,-0.47390134815331075
1716,-0.44059262170769053
1717,-0.4079207381920888
1718,-0.34861122247402165
1719,-0.4291655252784552
1720,-0.38810472917408534
1721,-0.3692557055149326
1722,-0.4144079558401979
1723,-0.4344500609012
1724,-0.31600967380402206
1725,-0.3891332888625259
1726,-0.45281266161067624
1727,-0.4450370560290174
1728,-0.4582772709507575
1729,-0.3856896278881513
1730,-0.4793236790059445
1731,-0.38246459311274356
1732,-0.39007777060302107
1733,-0.3502464906665428
1734,-0.3912907894883698
1735,-0.36148440165605733
1736,-0.4146129118054843
1737,-0.38674390891424243
1738,-0.33510192282378626
1739,-0.44353383490126636
1740,-0.4390827888642223
1741,-0.46423989873421084
1742,-0.3350481115270682
1743,-0.44859789097123665
1744,-0.4727561917938089
1745,-0.35821219698898504
1746,-0.48522878653260876
1747,-0.46630900561881916
1748,-0.3617051491308363
1749,-0.4159676416175168
1750,-0.4168227872237356
1751,-0.4646315117049088
1752,-0.47319230500067005
1753,-0.4259262475119399
1754,-0.4103975385323094
1755,-0.4245181070974726
1756,-0.4739856932648254
1757,-0.3347756112345952
1758,-0.4079090344988619
1759,-0.46462004717715233
1760,-0.3486504711813823
1761,-0.46115068220699973
1762,-0.4737394997447856
1763,-0.37548807886432134
1764,-0.3631824285885984
1765,-0.37421363152374887
1766,-0.37967158167657017
1767,-0.3786966649605039
1768,-0.4477239156232009
1769,-0.3604293620529343
1770,-0.40227800049398543
1771,-0.4843661224353244
1772,-0.3415101798887656
1773,-0.38531979769425667
1774,-0.3702943996260946
1775,-0.4570205468839108
1776,-0.24256207230504723
1777,-0.34934889045953693
1778,-0.3994745715465972
1779,-0.4059994253501918
1780,-0.3930898439918798
1781,-0.38330063895406963
1782,-0.48599294207010796
1783,-0.41123015912906746
1784,-0.39543827670889936
1785,-0.3856713423951202
1786,-0.4451903788366576
1787,-0.3088228521110208
1788,-0.48641784831169804
1789,-0.4496376311237142
1790,-0.4457335277734578
1791,-0.4476176865681377
1792,-0.39316500712504265
1793,-0.36509298129378076
1794,-0.4736988839909532
1795,-0.4735551243311562
1796,-0.4304532543149391
1797,-0.4261783991735318
1798,-0.4339102201009407
1799,-0.46050792044117955
1800,-0.3770560541346271
1801,-0.3900540863552877
1802,-0.44399712849156864
1803,-0.3540359952373666
1804,-0.44163029921247976
1805,-0.468740274544013
1806,-0.4592722556586319
1807,-0.45109413366704837
1808,-0.46667869884890095
1809,-0.37975915249992015
1810,-0.45215548978164805
1811,-0.4191283307038721
1812,-0.3591636568180466
1813,-0.469838067817957
1814,-0.19539475418972085
1815,-0.38364970771596024
1816,-0.4424079476399082
1817,-0.42415642821101057
1818,-0.38574025437039866
1819,-0.44448669775639926
1820,-0.42307860336529984
1821,-0.40089187693974454
1822,-0.444900808611837
1823,-0.3375840249457858
1824,-0.3264405415499272
1825,-0.39577948979002275
1826,-0.4416358326361139
1827,-0.33728338924301143
1828,-0.40808651831255643
1829,-0.4090103361421913
1830,-0.4294742570570105
1831,-0.3861131582225491
1832,-0.32231510336059854
1833,-0.4485035470791383
1834,-0.3960583705947283
1835,-0.3905452264877705
1836,-0.40267969980699003
1837,-0.40316607554740497
1838,-0.4653419618412264
1839,-0.41413751380375124
1840,-0.35754085047658324
1841,-0.41661122546639734
1842,-0.4822688677069278
1843,-0.42262714243527294
1844,-0.45841055679931647
1845,-0.343468930679149
1846,-0.38695622219169384
1847,-0.4549837495490207
1848,-0.29151799444390697
1849,-0.48168235417809896
1850,-0.36916444657820646
1851,-0.37917897647256626
1852,-0.45358373874445734
1853,-0.43605870878672076
1854,-0.340539572943458
1855,-0.43623676523676336
1856,-0.423767767494586
1857,-0.44025564236184955
1858,-0.35699688266184715
1859,-0.48356174851702277
1860,-0.41283804625612747
1861,-0.2926128731647426
1862,-0.347056051305515
1863,-0.39073058101018554
1864,-0.4708036618001276
1865,-0.46729338613839955
1866,-0.3803809756585268
1867,-0.4080689731258337
1868,-0.35277060397226134
1869,-0.47583816159231457
1870,-0.4634569711615689
1871,-0.41257828178911066
1872,-0.39374992143016957
1873,-0.4656437568252389
1874,-0.4648190014215396
1875,-0.4607255672039981
1876,-0.36387503588152426
1877,-0.23801790070961318
1878,-0.4214029839639472
1879,-0.42364263528385226
1880,-0.3847853363483317
1881,-0.357817366120748
1882,-0.38219691810528683
1883,-0.43087814503934707
1884,-0.3288667750798437
1885,-0.4410189702058423
1886,-0.3811064614131568
1887,-0.41471617909188047
1888,-0.4479389595689839
1889,-0.3962053982922192
1890,-0.41639222157692857
1891,-0.42763553008462263
1892,-0.37538791735591065
1893,-0.3860292780220343
1894,-0.4206999759271301
1895,-0.46417883002599103
1896,-0.4238752262872378
1897,-0.41420953265853844
1898,-0.42428160669236736
1899,-0.4721689714651443
1900,-0.35515384171827763
1901,-0.40502208338651097
1902,-0.39189366279247095
1903,-0.3584143244671539
1904,-0.32890843547177034
1905,-0.26322817520458297
1906,-0.45400544372282287
1907,-0.43087938165430184
1908,-0.40007515810768707
1909,-0.4251182956173224
1910,-0.41643116496159127
1911,-0.31409371326228785
1912,-0.4134320476793419
1913,-0.4142932632001013
1914,-0.3254254377865033
1915,-0.32419886998986586
1916,-0.32724273391215875
1917,-0.324539966086263
1918,-0.4685683538151048
1919,-0.4602807335883537
1920,-0.31596729919370853
1921,-0.4410596753922856
1922,-0.46577433978834115
1923,-0.4524904987791569
1924,-0.4494740895638178
1925,-0.39901890708720217
1926,-0.38311923557452854
1927,-0.43619101689633366
1928,-0.4402206667140012
1929,-0.45233926918478146
1930,-0.3907827626264367
1931,-0.3116308436474574
1932,-0.4185643244341542
1933,-0.3304164121731148
1934,-0.30000058651560413
1935,-0.3496879673501546
1936,-0.19683263482678784
1937,-0.3283130715687662
1938,-0.485867224883593
1939,-0.397041245160215
1940,-0.34238820190953545
1941,-0.4528902412629187
1942,-0.33308801319372133
1943,-0.3872510242934632
1944,-0.4664405316034067
1945,-0.37418097862873495
1946,-0.27511171154216135
1947,-0.47828210367976204
1948,-0.3383542436039668
1949,-0.43203993202970536
1950,-0.3594600403165277
1951,-0.3931487963569387
1952,-0.4061539565706502
1953,-0.32402411364837724
1954,-0.4578756376758253
1955,-0.41997270405277676
1956,-0.4595527081762328
1957,-0.42796090352307636
1958,-0.429690979130981
1959,-0.37469136423931926
1960,-0.29721183259409817
1961,-0.2876934616931877
1962,-0.36483561340426524
1963,-0.4171004716939377
1964,-0.38802054331728675
1965,-0.3719502504630732
1966,-0.20735677168175023
1967,-0.4117576499116389
1968,-0.42964985648101744
1969,-0.45666599095497634
1970,-0.47697756744136266
1971,-0.4065606024928011
1972,-0.3591784127500522
1973,-0.36051707949653305
1974,-0.3806214751242503
1975,-0.45134606126133586
1976,-0.3690884706049636
1977,-0.4592833620235115
1978,-0.3774789783811495
1979,-0.4180185162213982
1980,-0.3978661370527654
1981,-0.4369397714293142
1982,-0.46130137792272696
1983,-0.353178732282497
1984,-0.4541494353224165
1985,-0.40167784288722447
1986,-0.4026522141116744
1987,-0.40392332354777377
1988,-0.3656996596742822
1989,-0.377260964517311
1990,-0.39673437495848424
1991,-0.41313736795332284
1992,-0.45443311755575566
1993,-0.3909398321532368
1994,-0.43993123164230474
1995,-0.3896850874778026
1996,-0.37652179598983526
1997,-0.4644785921107981
1998,-0.3815074188070142
1999,-0.37035367523907814
2000,-0.4723787426150096
