1,-0.488308661257504
2,-0.468073187703396
3,-0.470083841715726
4,-0.4869016461526354
5,-0.48697483373113754
6,-0.4861729595269674
7,-0.48665182948742824
8,-0.4844453194198007
9,-0.48761672419879726
10,-0.4855958695775603
11,-0.48109928650930467
12,-0.4865667749618428
13,-0.48615748026693983
14,-0.4837370592647993
15,-0.48658377553708354
16,-0.4492407849499776
17,-0.47797140752314166
18,-0.4874618717137074
19,-0.4853785410851804
20,-0.4863882014629597
21,-0.4857865579640383
22,-0.48385371509648883
23,-0.48669365272885046
24,-0.4833783414816011
25,-0.4873938967272984
26,-0.48534396274565034
27,-0.48751481973276134
28,-0.48970958205666226
29,-0.48582098977588095
30,-0.48703059920744074
31,-0.487751144285236
32,-0.4862156639704834
33,-0.48640820256607054
34,-0.4866031994027325
35,-0.4817010759027505
36,-0.4865903958482701
37,-0.4872469320796382
38,-0.4889598973978663
39,-0.4871560540709362
40,-0.486941667811669
41,-0.4886797508225954
42,-0.48825491242616037
43,-0.48304617882256795
44,-0.4876254887455352
45,-0.4877640120833546
46,-0.4864129595410548
47,-0.4863074064825059
48,-0.4838094522575914
49,-0.47736549495590225
50,-0.4870944979497776
51,-0.4847830272750309
52,-0.4866080105963023
53,-0.48649759957773436
54,-0.4860208619731327
55,-0.4881963176525413
56,-0.48622012023674765
57,-0.46693470967665285
58,-0.4878663142192212
59,-0.4866224169275519
60,-0.4866398835724498
61,-0.4861171738303677
62,-0.4736665035487732
63,-0.4857451644791647
64,-0.4663968644281601
65,-0.4847076055739886
66,-0.48656639118031875
67,-0.48697350535413914
68,-0.48722099546198777
69,-0.4855772359083864
70,-0.4872461304555953
71,-0.488054921685039
72,-0.4866642478761186
73,-0.4865227711155497
74,-0.48770779279767584
75,-0.48569150774014425
76,-0.4877219448748905
77,-0.48271663603155707
78,-0.4857775212772413
79,-0.48626438520344784
80,-0.48592178638194317
81,-0.47583008025834317
82,-0.4890704780337184
83,-0.4812586764925324
84,-0.48699253541645127
85,-0.48632005089640945
86,-0.4886727495039219
87,-0.4852837750268161
88,-0.48663962743999006
89,-0.4856870274933077
90,-0.4786573513352177
91,-0.4637525667811773
92,-0.4845480925745792
93,-0.48775694477439435
94,-0.48863384968073414
95,-0.47765103363351563
96,-0.4839980374021616
97,-0.44980259292701186
98,-0.4872335011929206
99,-0.4881901487650334
100,-0.48611129226269767
101,-0.4881474149119808
102,-0.4871942362825945
103,-0.4862446020126835
104,-0.4898906653952864
105,-0.48929314424883774
106,-0.48669938630772774
107,-0.46891453868503047
108,-0.488163656730838
109,-0.48605457692158854
110,-0.4881361721533703
111,-0.48388749258258495
112,-0.48692743514828757
113,-0.48664931849802057
114,-0.48503906664494073
115,-0.4873951317685769
116,-0.4880417449938981
117,-0.4876431813729134
118,-0.4855913187806707
119,-0.4868304881775876
120,-0.48551701565453415
121,-0.47779264688014217
122,-0.4867917838985076
123,-0.4857160560647794
124,-0.48693313779927866
125,-0.4402248804825616
126,-0.4848040575323839
127,-0.48628612369750956
128,-0.4861546850066463
129,-0.48226708034705745
130,-0.42788255886141663
131,-0.4886981055551077
132,-0.47951207065576806
133,-0.447592092507924
134,-0.4869327278537612
135,-0.4876033867027828
136,-0.4522106390422128
137,-0.48784378854092325
138,-0.48344124005802275
139,-0.48691450885408033
140,-0.48663599407629815
141,-0.48321352507146004
142,-0.4874094323098102
143,-0.48263923666255215
144,-0.4835792890316451
145,-0.48523473371738457
146,-0.47877576562973534
147,-0.4853887187049776
148,-0.4662289464178724
149,-0.47242185577887946
150,-0.48621022941597486
151,-0.49056648323987945
152,-0.4862185769362612
153,-0.4861424059564226
154,-0.48673994340018556
155,-0.4869224206650181
156,-0.47864284369350035
157,-0.4876178005192665
158,-0.47099484055606566
159,-0.48670798461695336
160,-0.482590257300195
161,-0.48277922841220394
162,-0.4840436279545149
163,-0.4894614105793471
164,-0.4878090271204443
165,-0.4866119014749375
166,-0.3756413091341534
167,-0.4862354265934045
168,-0.46519500464058416
169,-0.4827712427414307
170,-0.48707089615077004
171,-0.48777606866016826
172,-0.4822887236052218
173,-0.4856357065018037
174,-0.4874287484327168
175,-0.48554929138879693
176,-0.4521200038090404
177,-0.48523372407455284
178,-0.48664357802329944
179,-0.4892663338800196
180,-0.44501216682453704
181,-0.47292704922004525
182,-0.47628640397694927
183,-0.48483148174549123
184,-0.48710926031037877
185,-0.483929467281292
186,-0.4867046734908725
187,-0.48132533355086365
188,-0.4786374777164184
189,-0.48739927229962526
190,-0.4781924565548289
191,-0.46664608218071524
192,-0.48810191673004616
193,-0.4894724610439724
194,-0.48258776501317574
195,-0.48016606344961255
196,-0.4587076098005228
197,-0.4407193775099704
198,-0.4867968411727306
199,-0.48680787641156625
200,-0.4812762254083579
201,-0.48780462534233876
202,-0.4841659893864038
203,-0.48651403957627126
204,-0.4859858444756002
205,-0.46696476969295847
206,-0.48063992006517625
207,-0.454831191746911
208,-0.4852348433381479
209,-0.484589343437539
210,-0.48780899018543006
211,-0.44119625145193303
212,-0.4851556773461573
213,-0.4852717885108588
214,-0.4835092390623165
215,-0.48537594863314526
216,-0.486458748953282
217,-0.47648538108612726
218,-0.40551464777969737
219,-0.48529693315193106
220,-0.4868926239836733
221,-0.4874099228154723
222,-0.467069140418916
223,-0.488426314041234
224,-0.48506020152710577
225,-0.31512557247805595
226,-0.4854450595657938
227,-0.48687303591434733
228,-0.48817466454656133
229,-0.4867692247288925
230,-0.479713266404402
231,-0.46846645885080956
232,-0.4834568681800055
233,-0.47424799203476325
234,-0.4789819250479119
235,-0.46350094064446135
236,-0.48896314802997837
237,-0.48781132486613016
238,-0.4878484577757936
239,-0.48593361848662886
240,-0.48813713399757297
241,-0.4864094004730386
242,-0.48469613299826725
243,-0.4791543540960748
244,-0.4888520082425001
245,-0.4767998861001267
246,-0.43509632257975633
247,-0.4881215028242572
248,-0.48622278122966917
249,-0.4878664055921159
250,-0.4860910957638838
251,-0.46675832944372214
252,-0.4757204088335306
253,-0.48250431098527313
254,-0.4862746529906833
255,-0.4863471326656939
256,-0.48327149502670336
257,-0.4886241032888981
258,-0.4851979080841919
259,-0.4829168751347118
260,-0.48815377706246166
261,-0.46406858762007414
262,-0.4862812189533997
263,-0.4859257874968834
264,-0.4878197621566843
265,-0.4691783057253378
266,-0.4732461753048569
267,-0.45660786148554205
268,-0.48577952706822664
269,-0.4863983441027911
270,-0.425027857239339
271,-0.46987742594838194
272,-0.48620150970974935
273,-0.4888244162816289
274,-0.4894817732124279
275,-0.48920675335754454
276,-0.48447081414298354
277,-0.4856589152081622
278,-0.48726287277263103
279,-0.4762529698590886
280,-0.48799552448743033
281,-0.48187668995067706
282,-0.48659099630451297
283,-0.4880551954161697
284,-0.38177473567479586
285,-0.48807272941664565
286,-0.277558642980824
287,-0.48769943847092845
288,-0.4894127820053725
289,-0.4759130137352019
290,-0.4867002885112288
291,-0.4848893997593002
292,-0.48588458337631163
293,-0.48592160370007315
294,-0.48776505303020345
295,-0.48225881025885436
296,-0.4878250234459897
297,-0.4849311741442993
298,-0.48605758741353833
299,-0.4848191512908379
300,-0.474177947257869
301,-0.48640273431018083
302,-0.47663993717551617
303,-0.4745533416180633
304,-0.4702084475495633
305,-0.47853115533415275
306,-0.46182758308495725
307,-0.4356889709112209
308,-0.48792279599417626
309,-0.4856263008236281
310,-0.487025424760602
311,-0.4815910298132412
312,-0.48673999913822596
313,-0.48123415864979086
314,-0.4705846808045847
315,-0.4865043819990147
316,-0.48602305390806055
317,-0.48429667900795104
318,-0.42178577154773517
319,-0.48633613708869966
320,-0.4853833614502173
321,-0.4855544846540105
322,-0.485383909396776
323,-0.4859803878562978
324,-0.4835886276634608
325,-0.4880968331481658
326,-0.48164346451836404
327,-0.4874662769847107
328,-0.4866306035984937
329,-0.4865910133909744
330,-0.48544511931455947
331,-0.4776643660127416
332,-0.4334724598893822
333,-0.47045769697815293
334,-0.4841501191848406
335,-0.4855998155621203
336,-0.3038291925589233
337,-0.4845651831785574
338,-0.4843941857345031
339,-0.4873003873012386
340,-0.4844547617176799
341,-0.4849581210379585
342,-0.48688818444586063
343,-0.48804345657237075
344,-0.4645867377786484
345,-0.44983685126870065
346,-0.48699964577058136
347,-0.4875251818822287
348,-0.47600968498575397
349,-0.48908923423121126
350,-0.486793340584653
351,-0.48707990882219504
352,-0.48727373717324235
353,-0.48532724718724124
354,-0.4890913948141932
355,-0.4850479853316138
356,-0.37290917979582405
357,-0.4848245055807872
358,-0.48273068503896405
359,-0.4871801989813217
360,-0.46366689461013605
361,-0.4865065154216612
362,-0.45910626483537775
363,-0.48506608128850043
364,-0.4845517974898059
365,-0.460406220033403
366,-0.48659595451253346
367,-0.48673432548656903
368,-0.48098631087083676
369,-0.48646393323611764
370,-0.48656551237406154
371,-0.48794225797313817
372,-0.4570115197926824
373,-0.4861173241645999
374,-0.48621009108843893
375,-0.4893861682634169
376,-0.4409590591924618
377,-0.4841854349705321
378,-0.47503395208737303
379,-0.484897363048739
380,-0.4821296126596064
381,-0.48488391420916016
382,-0.48411732023533166
383,-0.4867618439604496
384,-0.4668194181716047
385,-0.48817771020395845
386,-0.4862276656548167
387,-0.48232038082979584
388,-0.4830547082541419
389,-0.486579954366822
390,-0.4836698579890927
391,-0.484310434408858
392,-0.48244261616493256
393,-0.4875860512725293
394,-0.4744570251277092
395,-0.4853247391132794
396,-0.4744488101830786
397,-0.48209148313677164
398,-0.488413534486908
399,-0.46597650546162245
400,-0.4857553673916149
401,-0.48829391303179015
402,-0.4517578620600538
403,-0.4844918510422958
404,-0.482262937604299
405,-0.48625295042862093
406,-0.4702890732345816
407,-0.48486767632636435
408,-0.4872035650597281
409,-0.47691876345516576
410,-0.48812128906076235
411,-0.486959509170256
412,-0.4853556723337232
413,-0.4873069557199677
414,-0.489352930856964
415,-0.45277524738678926
416,-0.41736947658065926
417,-0.4853592846793922
418,-0.4674321505351063
419,-0.47992398845080786
420,-0.48106137187739756
421,-0.429192795729938
422,-0.4854543468499184
423,-0.4697999564070287
424,-0.47508281909785094
425,-0.4853790835236785
426,-0.4846199971045684
427,-0.462549804635966
428,-0.4864178687986611
429,-0.4840063579266826
430,-0.4808410648804423
431,-0.4589414364173313
432,-0.4852392277081154
433,-0.4853420565780782
434,-0.48788086425366306
435,-0.46594550845386346
436,-0.3296776299157149
437,-0.47803470664557557
438,-0.45616223657378546
439,-0.4864796689579612
440,-0.48658177576844835
441,-0.48535994197753884
442,-0.48671926927997805
443,-0.4578403042769999
444,-0.4869244812099406
445,-0.43323388034716237
446,-0.4867054716563019
447,-0.3931560070006348
448,-0.47739568912158065
449,-0.4775558974618526
450,-0.48276400145293985
451,-0.4881836498969918
452,-0.48723025820394283
453,-0.4796420772062729
454,-0.4843060040480632
455,-0.4890735786918502
456,-0.4847235809320031
457,-0.4870356272202618
458,-0.48829207973675814
459,-0.4831161536268956
460,-0.4849894321926235
461,-0.4867307117958054
462,-0.4817949712114153
463,-0.48184997289124004
464,-0.43597933572530895
465,-0.41329915568765335
466,-0.488494257191377
467,-0.4360600355976821
468,-0.4624216920666197
469,-0.4804448042395416
470,-0.48637719859084994
471,-0.48721393151727127
472,-0.4865769958631876
473,-0.4650287268189597
474,-0.47836583578108494
475,-0.48251437425482796
476,-0.4869308855344499
477,-0.46869482300637605
478,-0.48359397907001617
479,-0.4817973900225586
480,-0.48590124923633043
481,-0.48006031397502374
482,-0.48564568956188336
483,-0.4760116189175292
484,-0.4783041762195689
485,-0.48395696526709586
486,-0.4875031005082519
487,-0.4837520197568065
488,-0.4626382049216763
489,-0.4853305396607461
490,-0.4862317043924239
491,-0.484680778236344
492,-0.44487709262281366
493,-0.4641067454210373
494,-0.48066837933258993
495,-0.4854557705039874
496,-0.4854788938270997
497,-0.48393725383072744
498,-0.4523783973109041
499,-0.4420122762773582
500,-0.4814195475818317
501,-0.4868019236228371
502,-0.46222291003994737
503,-0.4611412701208935
504,-0.4691803905340279
505,-0.48771981959387145
506,-0.47622243690419264
507,-0.48659575498400687
508,-0.48564349988488814
509,-0.48165381843807936
510,-0.44073910513160064
511,-0.4088091288386408
512,-0.4861552712858864
513,-0.4840033204626574
514,-0.48719454486385033
515,-0.48369188986545486
516,-0.37142856650003125
517,-0.46892714690741205
518,-0.4835000299883253
519,-0.4161456115330301
520,-0.48268850925280116
521,-0.48603830221387745
522,-0.48637124842351803
523,-0.4830026882552717
524,-0.48644025485984926
525,-0.4793733009489545
526,-0.41260853004131265
527,-0.4411862951916085
528,-0.44415901490098786
529,-0.4509539746677682
530,-0.47734155095883735
531,-0.48871023236923034
532,-0.48956381772252966
533,-0.4872896915668213
534,-0.48702635374554215
535,-0.4422152677500866
536,-0.46978179309459966
537,-0.48613997500805695
538,-0.47512271557690455
539,-0.483567832618734
540,-0.48146313091023657
541,-0.48114901073402777
542,-0.48249961568751987
543,-0.4799279485027515
544,-0.4697247177845232
545,-0.46044107292391345
546,-0.4878115052981086
547,-0.48662353417564286
548,-0.45420854785671233
549,-0.48717491329018603
550,-0.4834946998716845
551,-0.44123297588936866
552,-0.48604251340069005
553,-0.48643965113302623
554,-0.485767604500392
555,-0.48073230824111557
556,-0.44389945703644496
557,-0.4832968057571141
558,-0.4842068968793701
559,-0.487880254613953
560,-0.48633574738236623
561,-0.48217676330308523
562,-0.47991347232175957
563,-0.48465994342739316
564,-0.46951181190908753
565,-0.48198907685940057
566,-0.46874799757018504
567,-0.485687365791736
568,-0.4853492468619087
569,-0.4772367788565098
570,-0.4536385382847035
571,-0.4851062084147665
572,-0.3466718652225241
573,-0.4667270281188786
574,-0.47254753604308675
575,-0.4870487489789095
576,-0.4849312775548238
577,-0.48711405331119506
578,-0.4461160068021842
579,-0.48362702458438955
580,-0.48629156228756026
581,-0.4678629360354762
582,-0.48695237031134486
583,-0.4722550156445191
584,-0.4864216330755525
585,-0.45519934711713467
586,-0.4879628541941852
587,-0.4694070079171733
588,-0.45314675194797344
589,-0.4741128089583219
590,-0.4588162490128876
591,-0.4868546441670386
592,-0.40862100741749635
593,-0.466513390204095
594,-0.4861555135442009
595,-0.44511265220948093
596,-0.4864892203825665
597,-0.4865425157784383
598,-0.4849592488963989
599,-0.4856707322050777
600,-0.48714138386281963
601,-0.3832052162660604
602,-0.45093236323970504
603,-0.48669189946123687
604,-0.48763141037574304
605,-0.4874264980633497
606,-0.48448631908873935
607,-0.4861997240428204
608,-0.48584608540258534
609,-0.4804989200674945
610,-0.48715420346945143
611,-0.4765547553686778
612,-0.4877263246729461
613,-0.4862092116518794
614,-0.48540330209803945
615,-0.4687662544272365
616,-0.4836317703036385
617,-0.4814403451195971
618,-0.40430521328554025
619,-0.4731496604551629
620,-0.4647732053230134
621,-0.17051304233834613
622,-0.4834959041014061
623,-0.4811108135461753
624,-0.4694624577031628
625,-0.484578292398973
626,-0.48323515957309876
627,-0.4595059143153319
628,-0.47371078613647716
629,-0.477409734051247
630,-0.486519195166777
631,-0.46868759250652675
632,-0.4862573983326701
633,-0.4857287583314551
634,-0.4669348923436531
635,-0.4834027231577114
636,-0.4826710793283095
637,-0.4755410069494634
638,-0.4779295066721366
639,-0.486464131185369
640,-0.4886394578126528
641,-0.4863512006899367
642,-0.4726492235883345
643,-0.47800500323802714
644,-0.482897319818321
645,-0.48657447297831774
646,-0.4505682555329277
647,-0.4660709365635396
648,-0.48626937761491806
649,-0.4799741986921545
650,-0.42921859879122826
651,-0.4837430734463733
652,-0.48529411402420425
653,-0.47917507817440236
654,-0.4774702224221856
655,-0.48243083083648547
656,-0.48528951260109265
657,-0.4802805197603491
658,-0.4504948731606486
659,-0.48839888875830345
660,-0.4860340217577357
661,-0.4860652909257042
662,-0.47906368466580473
663,-0.4672655794093689
664,-0.4816488215703332
665,-0.48469416434696955
666,-0.451954501040559
667,-0.476449423300194
668,-0.4825133470158944
669,-0.4817272327012605
670,-0.37604307608735277
671,-0.4562395741238828
672,-0.4806076637576827
673,-0.4815831602690177
674,-0.48361554711058385
675,-0.48650756643263254
676,-0.472895694652186
677,-0.4840452637775402
678,-0.48717931142106896
679,-0.4841036105443809
680,-0.46961855091664206
681,-0.47099174840832353
682,-0.48548390531935953
683,-0.48649882954953316
684,-0.4117714727121054
685,-0.48549342908456256
686,-0.48571509721528855
687,-0.46344374721370685
688,-0.48621226571978454
689,-0.483567107146173
690,-0.48828147050951887
691,-0.39952449468885
692,-0.40852214468692355
693,-0.4870535206518299
694,-0.47699526391104174
695,-0.44905694673868163
696,-0.4866248613852198
697,-0.44391749536743313
698,-0.46884210781654523
699,-0.48562050910102744
700,-0.4822316502023594
701,-0.48623426969375017
702,-0.48526282065872633
703,-0.48314951848409804
704,-0.487923186477135
705,-0.4744748538692837
706,-0.4857352207785452
707,-0.48706547678259143
708,-0.4838368407947055
709,-0.464562052118435
710,-0.47956029698170366
711,-0.4518165567568006
712,-0.4177822083795999
713,-0.43039600074741735
714,-0.47184913429802616
715,-0.48635932004533233
716,-0.48513333016229343
717,-0.4789252768301272
718,-0.44280742006988494
719,-0.48249884412237465
720,-0.47389736824140105
721,-0.4871266980545712
722,-0.441281399412141
723,-0.484946134260178
724,-0.4590078072474624
725,-0.48525889891684926
726,-0.4762602207497815
727,-0.4871882963652178
728,-0.4716894509162528
729,-0.44150315541503166
730,-0.4374975906710596
731,-0.46219508176499385
732,-0.4896667181526185
733,-0.47937510678058143
734,-0.48858119921719306
735,-0.4270405523659673
736,-0.4835113745574887
737,-0.48769149558096947
738,-0.4782126436253779
739,-0.47901521952310133
740,-0.4456535713726653
741,-0.39181214380652724
742,-0.482979152906058
743,-0.4848919100787748
744,-0.48344946168397235
745,-0.48462379884166695
746,-0.46960576054216296
747,-0.46559078306494434
748,-0.4761846259379055
749,-0.4819250642292531
750,-0.42394762912181577
751,-0.42958437405315847
752,-0.45047235554069914
753,-0.4840852099272963
754,-0.4753406712476732
755,-0.48250402217027727
756,-0.4830657815363364
757,-0.475744829859679
758,-0.4886956177845931
759,-0.4862734543349653
760,-0.37415926559013957
761,-0.4868224770839426
762,-0.4818467056598784
763,-0.48530853813892455
764,-0.4873083721410968
765,-0.4690305165240168
766,-0.4785944851606328
767,-0.48648352190554184
768,-0.48638960395568576
769,-0.48609418944573035
770,-0.41948755703521273
771,-0.4720087325656606
772,-0.4205602933803965
773,-0.39873227501443687
774,-0.48563391688265534
775,-0.4247335311650602
776,-0.4615749152821514
777,-0.4565361323651276
778,-0.45303714128690065
779,-0.448248639756355
780,-0.46780950845150526
781,-0.48929383732427756
782,-0.4698051036421969
783,-0.4837237439112365
784,-0.4860279104280552
785,-0.47412883860371835
786,-0.4774021187755344
787,-0.4865977864925375
788,-0.39522911084292456
789,-0.4643288032444612
790,-0.47236316059927186
791,-0.39027943086130773
792,-0.44059843781026975
793,-0.48597796901567414
794,-0.4841223242636781
795,-0.4734786618377399
796,-0.4772692510554457
797,-0.4846614726177007
798,-0.46208233411301614
799,-0.43913401023796667
800,-0.4653794765638654
801,-0.48532621279451493
802,-0.39409095803083966
803,-0.485628385149479
804,-0.4886378262050288
805,-0.43812207046765644
806,-0.4192027163129485
807,-0.4848262633860478
808,-0.4826441922680051
809,-0.48135365272322644
810,-0.4455329816012545
811,-0.4844947585913411
812,-0.4458409629552102
813,-0.44495879722624293
814,-0.48440340771731055
815,-0.4321400508227577
816,-0.43999805314805646
817,-0.4138400669222392
818,-0.45791449219930824
819,-0.46002772761488064
820,-0.4413030225690445
821,-0.40202383905187217
822,-0.44797126973056056
823,-0.4857576750480001
824,-0.4765804571322447
825,-0.4866629967635269
826,-0.48064146939150215
827,-0.4796187552292142
828,-0.4762705596497741
829,-0.48581068875647426
830,-0.4769689516488053
831,-0.3806536362740051
832,-0.4699744416186104
833,-0.4528837002469644
834,-0.4827561795325565
835,-0.4868621369636394
836,-0.48578239710539856
837,-0.48669330441353126
838,-0.48636908675333507
839,-0.4129311764382643
840,-0.46848729896828967
841,-0.4848595150866988
842,-0.48181781809451485
843,-0.33018957635346347
844,-0.43751477074079836
845,-0.46623666871862285
846,-0.46979910898307076
847,-0.42111262651844017
848,-0.3597686785853234
849,-0.45325216966944515
850,-0.4663864270788965
851,-0.4101317318484772
852,-0.46462658847331606
853,-0.4651188444455403
854,-0.4486864648317776
855,-0.48566477513710254
856,-0.48585164243484574
857,-0.4579577794628135
858,-0.4658324833760595
859,-0.4861243573437436
860,-0.48845764093516114
861,-0.4420777784686838
862,-0.48186208259866603
863,-0.45347511385807054
864,-0.4865509879736841
865,-0.47939399318050385
866,-0.4487531309132675
867,-0.43673030793806544
868,-0.48726338357834004
869,-0.4821162298185277
870,-0.4596417548925407
871,-0.4433287629180041
872,-0.43795218455207696
873,-0.4821125597600508
874,-0.4397731670046859
875,-0.48000596152734576
876,-0.46690478947276187
877,-0.4760308038798461
878,-0.4656307209457899
879,-0.48607523448312967
880,-0.46969079745567527
881,-0.445583928406895
882,-0.43298728256821206
883,-0.48408184146002653
884,-0.4678846286350607
885,-0.48194422579647317
886,-0.4835973966191746
887,-0.3524537277251675
888,-0.46901302266025596
889,-0.4532634066114964
890,-0.48876531395118816
891,-0.4359257461701718
892,-0.438977644227005
893,-0.4863935091311379
894,-0.48262152378043044
895,-0.4855444434319008
896,-0.482754044378522
897,-0.45669058071147317
898,-0.3647125164142579
899,-0.48093650158440987
900,-0.4631705934335261
901,-0.48709808516961434
902,-0.4883015873863529
903,-0.4864582838588476
904,-0.4637697245787521
905,-0.46846061204668127
906,-0.48863899681492007
907,-0.44365788589205896
908,-0.47303120308353885
909,-0.4865478499837368
910,-0.48265732464761835
911,-0.41712557459585575
912,-0.4231973510679198
913,-0.4315612002746534
914,-0.4429729783969225
915,-0.4869340185317392
916,-0.4581273036062577
917,-0.4408590864805792
918,-0.46059805809101606
919,-0.4116087459685111
920,-0.4207222472998285
921,-0.42169371756544544
922,-0.48086284255501294
923,-0.48568507423700175
924,-0.4536231835839895
925,-0.4829587137096163
926,-0.4666155062695225
927,-0.46834594436234983
928,-0.4153968266871259
929,-0.48607970432026965
930,-0.431162167123069
931,-0.4884158366209335
932,-0.468300151839681
933,-0.45346225864374234
934,-0.4849146128094829
935,-0.48568559112049636
936,-0.4859810160321985
937,-0.4283106851979663
938,-0.3132834867080232
939,-0.46262264075822185
940,-0.45252117052281643
941,-0.4860572636698616
942,-0.404527676562226
943,-0.4669830330889437
944,-0.485857905103176
945,-0.45302210580373714
946,-0.48226784150765734
947,-0.4709679442688164
948,-0.4813627952742951
949,-0.47996879491564276
950,-0.4860638923965517
951,-0.44658551361336135
952,-0.4842514080709581
953,-0.4806830104876827
954,-0.4384088780758761
955,-0.47974478586799063
956,-0.47083001745949443
957,-0.4587474775311445
958,-0.45985504641999764
959,-0.4843225430136348
960,-0.43195042733283484
961,-0.47161693629641976
962,-0.40006318974451877
963,-0.47427574374924597
964,-0.454806230942315
965,-0.42995181169663965
966,-0.4746970233760292
967,-0.48543553271349976
968,-0.3844600234423935
969,-0.4330247405952455
970,-0.4647764554261662
971,-0.4860631368736248
972,-0.4305634880411041
973,-0.4549478398858867
974,-0.41317858179251354
975,-0.4706051367891207
976,-0.4783963601447144
977,-0.4407031349413326
978,-0.3992395215877665
979,-0.3821979571928445
980,-0.4575179178792239
981,-0.47427185836554797
982,-0.4874403102742354
983,-0.4218858907561293
984,-0.48040801037207553
985,-0.4737260047148561
986,-0.4392985149153758
987,-0.45831287320658814
988,-0.426316942884031
989,-0.4614156638356149
990,-0.48233678042867617
991,-0.4366873172777797
992,-0.43754213529409713
993,-0.45237035434727846
994,-0.40310436134914474
995,-0.4481546899665483
996,-0.45327792535847233
997,-0.43378882807991226
998,-0.45242721382274614
999,-0.42380589952209063
1000,-0.4713384672803936
1001,-0.4293787849671542
1002,-0.4723397075322566
1003,-0.46071542120585063
1004,-0.4684328773386338
1005,-0.4870625063189843
1006,-0.48600907618158823
1007,-0.47331363700035134
1008,-0.4874951755890778
1009,-0.447244210854655
1010,-0.48560971860160085
1011,-0.4892754818706034
1012,-0.4244592009659008
1013,-0.4748149939455244
1014,-0.476242769684829
1015,-0.4793376114689755
1016,-0.46601047343172175
1017,-0.45629442202151144
1018,-0.4092539951188321
1019,-0.4510603002722251
1020,-0.4119530819419042
1021,-0.35470108364833763
1022,-0.46735469417629116
1023,-0.47521422401911145
1024,-0.4701836420892284
1025,-0.43058614476501217
1026,-0.48661664114107994
1027,-0.4438247532391736
1028,-0.4854972222757207
1029,-0.4488963504696012
1030,-0.4625031862719722
1031,-0.47150830739259236
1032,-0.4849445695368991
1033,-0.405103993347996
1034,-0.408282630669767
1035,-0.38448522037011634
1036,-0.48767770452326803
1037,-0.42619485434289717
1038,-0.4685153881981472
1039,-0.44998161774677387
1040,-0.46989169653876056
1041,-0.46162180983165474
1042,-0.47448530174938885
1043,-0.4612030811044586
1044,-0.47504959849861955
1045,-0.4539192815454945
1046,-0.3383836240623722
1047,-0.4692473726474441
1048,-0.44093540512686624
1049,-0.4697232671419639
1050,-0.4783669488251216
1051,-0.48146389558290237
1052,-0.39807143188842553
1053,-0.4689962345874991
1054,-0.4842466440422689
1055,-0.4634200983862655
1056,-0.4600013550535286
1057,-0.4722259193941283
1058,-0.2609532215944005
1059,-0.33893573204720984
1060,-0.3125503153168646
1061,-0.48818943855954233
1062,-0.48217714018245805
1063,-0.39176875604272354
1064,-0.425207496892994
1065,-0.40714216754253196
1066,-0.483138125399382
1067,-0.4748580473368483
1068,-0.48403478124174437
1069,-0.43454907096160195
1070,-0.4749237113110882
1071,-0.42278923062594514
1072,-0.45127556298981747
1073,-0.4616022393870879
1074,-0.40462512566264797
1075,-0.4360168696756712
1076,-0.3859030488201524
1077,-0.4440447287525333
1078,-0.48232431342466237
1079,-0.4285087902522072
1080,-0.4558720196862782
1081,-0.48717884803184675
1082,-0.4774741029496052
1083,-0.48868551698651214
1084,-0.4779030488218899
1085,-0.44381988658473104
1086,-0.4693928897282696
1087,-0.3492752864529505
1088,-0.37857626020854596
1089,-0.45586971562837925
1090,-0.4594760143157177
1091,-0.4528949156629088
1092,-0.4874666718354439
1093,-0.45575910286532306
1094,-0.4638503722989985
1095,-0.44480190295663696
1096,-0.4859677189420632
1097,-0.45070013233620043
1098,-0.4608548887530049
1099,-0.44903832578439773
1100,-0.4557239211276849
1101,-0.4838582579434608
1102,-0.44390934190192344
1103,-0.4693418825309511
1104,-0.4604091826682611
1105,-0.4859707465117006
1106,-0.4337813311024078
1107,-0.47738686599105246
1108,-0.3865533554323816
1109,-0.47676721184196297
1110,-0.47992284741041547
1111,-0.4282224649897165
1112,-0.47497083089140923
1113,-0.42667578670638534
1114,-0.48493034672594776
1115,-0.48771986422516217
1116,-0.4285838649999921
1117,-0.4766326660735397
1118,-0.43812417442955215
1119,-0.4595861725356177
1120,-0.4832782631933966
1121,-0.43682441763533914
1122,-0.4427792705886183
1123,-0.3589480563631364
1124,-0.4573094571956699
1125,-0.38550671784071394
1126,-0.22215356997976507
1127,-0.34343752316884957
1128,-0.48371817513500703
1129,-0.4470642214450727
1130,-0.4487765335160233
1131,-0.475983278838582
1132,-0.4653870489396885
1133,-0.4397920409107025
1134,-0.3642908572478359
1135,-0.4555904770299796
1136,-0.41096146248142157
1137,-0.4412496655548264
1138,-0.3223340134614906
1139,-0.4133180082212374
1140,-0.457178798845195
1141,-0.4793391649934656
1142,-0.43871567478373136
1143,-0.4830553357728271
1144,-0.47975394530070525
1145,-0.3383611701061782
1146,-0.486306415710761
1147,-0.3855913327764864
1148,-0.4585893474159358
1149,-0.44950782484359186
1150,-0.4521830806428692
1151,-0.4419404980925234
1152,-0.3188354036302383
1153,-0.4783184781036064
1154,-0.45236672950051376
1155,-0.4813576393664746
1156,-0.40780586866034485
1157,-0.44503047791894823
1158,-0.4393326234537899
1159,-0.43728500581567636
1160,-0.425683101467161
1161,-0.4847725411463333
1162,-0.48258301599359443
1163,-0.4859874154795414
1164,-0.48594971559244593
1165,-0.45760844768595316
1166,-0.4653631484947569
1167,-0.3932641444662362
1168,-0.33066400796689055
1169,-0.48184191779197527
1170,-0.4385843638963445
1171,-0.46299594570005603
1172,-0.4198310171696917
1173,-0.4846905805658698
1174,-0.33981046654728586
1175,-0.45469482230953956
1176,-0.447140404425274
1177,-0.2573733977746543
1178,-0.4596287755320124
1179,-0.4864593952511408
1180,-0.4728804899628275
1181,-0.4374081317089008
1182,-0.4510981421220652
1183,-0.45357648570067594
1184,-0.47577697366618077
1185,-0.48286571245039
1186,-0.4605497389358052
1187,-0.4343473547358343
1188,-0.41807690809836684
1189,-0.3702430873925171
1190,-0.4325603565840197
1191,-0.48474954583241525
1192,-0.47116808693701734
1193,-0.4711993583305684
1194,-0.4748923038800917
1195,-0.43373378330415946
1196,-0.47088341497585345
1197,-0.46580620116915467
1198,-0.48600383109957446
1199,-0.4457020801479461
1200,-0.4459692517326614
1201,-0.48690796663689784
1202,-0.48726088379409793
1203,-0.4865141417107792
1204,-0.4832506719793014
1205,-0.430361082150398
1206,-0.48456829465653983
1207,-0.46430920567373885
1208,-0.4772517591066773
1209,-0.46129384747353047
1210,-0.4601529782774209
1211,-0.48619668810100425
1212,-0.4555709829145336
1213,-0.47435595350022086
1214,-0.4843131414979711
1215,-0.4192011047787732
1216,-0.4022141018689352
1217,-0.43896730324824795
1218,-0.4010152147275405
1219,-0.47172466080493825
1220,-0.4803665499922311
1221,-0.40341266485156774
1222,-0.4851061352502122
1223,-0.46949866945142493
1224,-0.25999560548546996
1225,-0.41154051991383167
1226,-0.415213506544916
1227,-0.24294915832457906
1228,-0.4046510026213613
1229,-0.48694167492145773
1230,-0.44383335836855126
1231,-0.4851635064394912
1232,-0.47942410499261706
1233,-0.46432119689023604
1234,-0.42658543713265595
1235,-0.45660933855428393
1236,-0.3783680246196222
1237,-0.4816356154693253
1238,-0.44030168034771644
1239,-0.46742607361838884
1240,-0.48703702068089033
1241,-0.4364925966573817
1242,-0.4846687229747756
1243,-0.4682019321395478
1244,-0.44863237994519223
1245,-0.4344041558226835
1246,-0.45085957597266274
1247,-0.48155188763813483
1248,-0.4079800446895732
1249,-0.43447967269062565
1250,-0.4723374212561559
1251,-0.4608746359929656
1252,-0.47297699898893364
1253,-0.4164028158843967
1254,-0.36190171418800354
1255,-0.4785228558360976
1256,-0.4799058163708291
1257,-0.2005654096555206
1258,-0.39143615277763405
1259,-0.45827644938535
1260,-0.4196340168130457
1261,-0.461703580499522
1262,-0.3557271845785686
1263,-0.4426248429961866
1264,-0.468851021090635
1265,-0.4028937943760202
1266,-0.4323027226377306
1267,-0.4616200445470933
1268,-0.4858857760456071
1269,-0.46929779349946005
1270,-0.42845515978767024
1271,-0.37286645355808534
1272,-0.32694320590484915
1273,-0.3226410643863846
1274,-0.4531437182512715
1275,-0.47419994477048966
1276,-0.45891516463622656
1277,-0.3309556419362547
1278,-0.4653632228668616
1279,-0.3351717764041795
1280,-0.3716467815087929
1281,-0.398978655813525
1282,-0.47952553194510344
1283,-0.4579492563657242
1284,-0.42294722579685906
1285,-0.38029096340834917
1286,-0.3718547202498908
1287,-0.48237391211863473
1288,-0.4519235077114343
1289,-0.4744717823097517
1290,-0.3767158708774295
1291,-0.42014243833594167
1292,-0.430068261925419
1293,-0.48476431020490013
1294,-0.45454581402359145
1295,-0.47423296575247087
1296,-0.442741045844792
1297,-0.4833967648761743
1298,-0.41208924171102157
1299,-0.4631616924422303
1300,-0.32199420536128
1301,-0.47850184009062957
1302,-0.39310646738806665
1303,-0.4531968737027931
1304,-0.4884291979775635
1305,-0.39114802821960537
1306,-0.48151482836153314
1307,-0.482180682153779
1308,-0.4858995578302091
1309,-0.4712044777281727
1310,-0.449637826629867
1311,-0.45889616943531514
1312,-0.47298590879219626
1313,-0.47118090292146114
1314,-0.4708750101505413
1315,-0.46058161524435515
1316,-0.446700189346431
1317,-0.399848101416052
1318,-0.36674435485473744
1319,-0.46539986926431287
1320,-0.47098676134584466
1321,-0.41579934124730755
1322,-0.39088030933752904
1323,-0.45066110452934033
1324,-0.4595286828845668
1325,-0.4792393407319358
1326,-0.3737095262296957
1327,-0.40162722378561244
1328,-0.48088524406451977
1329,-0.45238247775671164
1330,-0.31204070926143745
1331,-0.48614705746170206
1332,-0.48420856972119525
1333,-0.4739337685829985
1334,-0.43273259963640126
1335,-0.46827197642109225
1336,-0.48224819309094025
1337,-0.47011387846878905
1338,-0.45698524432546495
1339,-0.43026577931446386
1340,-0.4785054562538155
1341,-0.4870309576192261
1342,-0.4578274338444307
1343,-0.38296093433328005
1344,-0.37882443672516525
1345,-0.4651446985914999
1346,-0.36425395476733274
1347,-0.3544661786911795
1348,-0.46066248861669234
1349,-0.4351806798545992
1350,-0.4855907995523673
1351,-0.4637215024216989
1352,-0.44346228397198617
1353,-0.3314609010301239
1354,-0.4504694860791071
1355,-0.4617660194253981
1356,-0.39378057441171604
1357,-0.47902460839071986
1358,-0.4633597153091909
1359,-0.45579799695377937
1360,-0.3334004956828439
1361,-0.4679761556459487
1362,-0.3914511400820749
1363,-0.2689744810198951
1364,-0.44646560161412707
1365,-0.4203785512314328
1366,-0.4858060481510483
1367,-0.470026931285594
1368,-0.4644495345747503
1369,-0.4627726033230716
1370,-0.36178296587839537
1371,-0.42391788900132105
1372,-0.43867680872757514
1373,-0.48395358252689186
1374,-0.44115951458585845
1375,-0.4680355592139808
1376,-0.32227541852528807
1377,-0.32651895657622176
1378,-0.4720849946819595
1379,-0.4759297192255583
1380,-0.48469361064473065
1381,-0.45088262821643244
1382,-0.3490945684427332
1383,-0.4753302984418573
1384,-0.45728214155911334
1385,-0.4859618563210326
1386,-0.43178389524234073
1387,-0.46602551719300767
1388,-0.3384644652636484
1389,-0.2700278903435148
1390,-0.4475148482596775
1391,-0.3483378010805771
1392,-0.4489634152061184
1393,-0.46686758252828153
1394,-0.4829028784566407
1395,-0.4540303214079788
1396,-0.44849666913902225
1397,-0.4563997790501229
1398,-0.4807711453743814
1399,-0.47297670788056734
1400,-0.3815470389113556
1401,-0.39288669841577684
1402,-0.46477736394253205
1403,-0.48210884069102705
1404,-0.4838844035634289
1405,-0.45822082679818493
1406,-0.48544048657724426
1407,-0.47988471185137394
1408,-0.48264186909104045
1409,-0.4866223761857052
1410,-0.4863093547662698
1411,-0.42664238139347627
1412,-0.43474582080196
1413,-0.4864738844608549
1414,-0.33773754759351066
1415,-0.4442228839447356
1416,-0.4775097084503231
1417,-0.47847483277532415
1418,-0.37323647357326384
1419,-0.3858576540227186
1420,-0.4658074628152654
1421,-0.4680109516740916
1422,-0.3971002445387249
1423,-0.40060505610918246
1424,-0.3770242962414867
1425,-0.3694473284011232
1426,-0.46229447686835695
1427,-0.44814158427860645
1428,-0.429546882665049
1429,-0.4513273971971421
1430,-0.4678306197152816
1431,-0.45005141270022203
1432,-0.48728707353559353
1433,-0.485854099770327
1434,-0.3359514524458696
1435,-0.3013989162259906
1436,-0.42226038417476397
1437,-0.48545541062389175
1438,-0.4756532107844823
1439,-0.4634429874284907
1440,-0.4694874860052041
1441,-0.40746806536709923
1442,-0.4395791910805437
1443,-0.46483304416318544
1444,-0.38188415368556344
1445,-0.4288578229250004
1446,-0.404344917368567
1447,-0.44093107554076005
1448,-0.47426271440760664
1449,-0.35903182958091323
1450,-0.323357925862433
1451,-0.46231570069864136
1452,-0.48732948933829456
1453,-0.44948434934892206
1454,-0.45107292751626915
1455,-0.4537671511210709
1456,-0.4518154979227876
1457,-0.4421055197705054
1458,-0.39952621196680826
1459,-0.42866392163962247
1460,-0.4231987902458813
1461,-0.4625867654044361
1462,-0.4783962380853682
1463,-0.4270093723314866
1464,-0.4778078006530123
1465,-0.3280318057725663
1466,-0.4244419068445083
1467,-0.35105713364936875
1468,-0.4112150033226883
1469,-0.3947195134179934
1470,-0.39388689598189036
1471,-0.41279371665711667
1472,-0.46165294255325323
1473,-0.4846595011864825
1474,-0.42721535230565444
1475,-0.48640159027098717
1476,-0.35091870127737745
1477,-0.2936104389932145
1478,-0.46059941407562055
1479,-0.4613072397614088
1480,-0.4733678119740304
1481,-0.4379998014588827
1482,-0.4248541570711583
1483,-0.40459443449881083
1484,-0.4592743808684978
1485,-0.4818377696646011
1486,-0.47792887148861396
1487,-0.345980707286329
1488,-0.48408705703158195
1489,-0.4479261313650681
1490,-0.46558552260943326
1491,-0.47802980297050784
1492,-0.4770626999539937
1493,-0.464377187398149
1494,-0.3660931008538566
1495,-0.2799348128047212
1496,-0.46165615172331126
1497,-0.46227339732174555
1498,-0.47309107377583165
1499,-0.486700232376261
1500,-0.42749113136876304
1501,-0.45240658512430443
1502,-0.4809604009503483
1503,-0.26131854164297885
1504,-0.45077067619028105
1505,-0.32686769557786977
1506,-0.4224888229716919
1507,-0.42853406073486194
1508,-0.45010196710853223
1509,-0.48211987938911094
1510,-0.4651700959738386
1511,-0.46069969879139683
1512,-0.47278786107465837
1513,-0.4510910870699907
1514,-0.4482577272366086
1515,-0.4370918059414448
1516,-0.4790256885772721
1517,-0.36232004487493935
1518,-0.31161410442858933
1519,-0.4383974022714604
1520,-0.3052467175572097
1521,-0.4719483986438227
1522,-0.3495985253379762
1523,-0.37632531395960583
1524,-0.48580607443912627
1525,-0.43106790550164953
1526,-0.47375600652897065
1527,-0.39978179348479814
1528,-0.3885550094141424
1529,-0.48301824218909245
1530,-0.4675176479723524
1531,-0.4486221359577055
1532,-0.3836464962585
1533,-0.4529275336026222
1534,-0.4540862269476182
1535,-0.3934909014894954
1536,-0.38914943607005514
1537,-0.25907797297423324
1538,-0.4851405522863267
1539,-0.48437071359121975
1540,-0.466609343918292
1541,-0.4518047859257822
1542,-0.36014682049851005
1543,-0.43225592147153846
1544,-0.4587147496285607
1545,-0.3507126712691741
1546,-0.45178522792782666
1547,-0.44930818464073036
1548,-0.48269930890997986
1549,-0.3563167675118743
1550,-0.48386826292269314
1551,-0.43402498689085667
1552,-0.30968537786099654
1553,-0.4517082507926536
1554,-0.3837765063372118
1555,-0.45405379323619605
1556,-0.40869776913940575
1557,-0.44358631412923427
1558,-0.4589452932000725
1559,-0.4596615467221165
1560,-0.3159454197685129
1561,-0.4518334306874183
1562,-0.4529208812825947
1563,-0.4248363738874777
1564,-0.4475480093746109
1565,-0.4823485304869499
1566,-0.47042181673894945
1567,-0.3467961197869983
1568,-0.45238735497627675
1569,-0.4686000757415032
1570,-0.40651910120789403
1571,-0.3347584580111595
1572,-0.4477393770366982
1573,-0.4328122873883483
1574,-0.47748726121130336
1575,-0.20611381914773055
1576,-0.45099498413958355
1577,-0.4103363485455777
1578,-0.42208748576838323
1579,-0.45453734500373044
1580,-0.4273251341418681
1581,-0.46069646058526337
1582,-0.3714886590550702
1583,-0.43356871214307285
1584,-0.48524477805106325
1585,-0.38003404157206117
1586,-0.4729481532388549
1587,-0.3762815216406582
1588,-0.4556806054980331
1589,-0.4140109099228726
1590,-0.4268393221059845
1591,-0.46096277593816676
1592,-0.4086243954190359
1593,-0.45001456863368094
1594,-0.40395389045535823
1595,-0.47654508495549036
1596,-0.4113790862008275
1597,-0.40037984487012934
1598,-0.3541332223389598
1599,-0.4557346391605813
1600,-0.33911995688712304
1601,-0.43942190091861105
1602,-0.41666513976035785
1603,-0.46035301237918336
1604,-0.46382430202718855
1605,-0.4778406825065812
1606,-0.44034265111665255
1607,-0.32917908830839837
1608,-0.46667543110910525
1609,-0.4136448028070463
1610,-0.17366410144017064
1611,-0.45289619775921885
1612,-0.19430689785786578
1613,-0.48668911278273735
1614,-0.3643952443474166
1615,-0.47734106662661946
1616,-0.42580365361217204
1617,-0.42986223600114815
1618,-0.43026055576462274
1619,-0.15461399331981526
1620,-0.3900627959161686
1621,-0.44990492865882953
1622,-0.4211658998472709
1623,-0.4593282239782806
1624,-0.41829583682599086
1625,-0.4727169092927375
1626,-0.4011823485819963
1627,-0.4860635925399351
1628,-0.3214575463531915
1629,-0.3991308388887918
1630,-0.4373527908367795
1631,-0.48576889010193003
1632,-0.47347734586220797
1633,-0.47276935401042164
1634,-0.45444597692108335
1635,-0.40162943587960653
1636,-0.37474083212909437
1637,-0.4174961582617221
1638,-0.3366253559048914
1639,-0.309983557109459
1640,-0.4546336370792424
1641,-0.4736470902892983
1642,-0.3901488318760743
1643,-0.431721594385611
1644,-0.34793197561590616
1645,-0.4687608703380134
1646,-0.34229631284708945
1647,-0.4212297131833649
1648,-0.4439669813216759
1649,-0.41026736182201157
1650,-0.4851013240985738
1651,-0.3746679326355703
1652,-0.4172599593302727
1653,-0.39541109087774656
1654,-0.44110653925815957
1655,-0.3972688267123301
1656,-0.44572016776093765
1657,-0.1978547455890152
1658,-0.4539021613806489
1659,-0.48659740127199125
1660,-0.36037490836740427
1661,-0.41738758123660163
1662,-0.396080071707265
1663,-0.43007507850245563
1664,-0.43768217975361895
1665,-0.43480720667937434
1666,-0.4497773479251275
1667,-0.3225855497242941
1668,-0.3668659248623696
1669,-0.44639728570856935
1670,-0.3866049141341508
1671,-0.40550813303247846
1672,-0.41230207363669413
1673,-0.473990356557211
1674,-0.48699243351765176
1675,-0.4336701188653445
1676,-0.380450221646055
1677,-0.4703326854344843
1678,-0.38001716771634886
1679,-0.3521527901354526
1680,-0.4754608082840846
1681,-0.4864995704257618
1682,-0.41773482846066706
1683,-0.41045804292912236
1684,-0.43511633059863086
1685,-0.4145821259750248
1686,-0.45623831413103144
1687,-0.3887522936584737
1688,-0.45941796382012073
1689,-0.4525755521504146
1690,-0.41412188470902933
1691,-0.3951814356553308
1692,-0.4837986544426242
1693,-0.4756789448276284
1694,-0.44349305024601804
1695,-0.44566260226561966
1696,-0.3754484394685805
1697,-0.4072826220050964
1698,-0.37990896762917575
1699,-0.3609594783770729
1700,-0.2844764909074057
1701,-0.4586323911797928
1702,-0.4579202586108731
1703,-0.39438693968542365
1704,-0.46590965083720953
1705,-0.4077563181125566
1706,-0.4045627154122761
1707,-0.4621626467263806
1708,-0.4429208639782324
1709,-0.4454640823688855
1710,-0.4056947160596821
1711,-0.43038189673717064
1712,-0.3829935565751957
1713,-0.4246731056541123
1714,-0.4020583519640981
1715,-0.40289144919900804
1716,-0.33635569416823535
1717,-0.27633934881204386
1718,-0.2842463066730851
1719,-0.469372477217537
1720,-0.4606498182592641
1721,-0.45998176899327803
1722,-0.3887696360593039
1723,-0.4074455582080082
1724,-0.45094420321705636
1725,-0.46052490991146416
1726,-0.46415129982956427
1727,-0.44787937086792257
1728,-0.4678434947392176
1729,-0.43090834115513565
1730,-0.43228201280233586
1731,-0.08493935646988328
1732,-0.40055872688451843
1733,-0.35765475096768734
1734,-0.4600403479065922
1735,-0.4029857557500555
1736,-0.48579191509864
1737,-0.4360010803705274
1738,-0.40547257538183246
1739,-0.3575652815617405
1740,-0.4696443945377612
1741,-0.29352535624421777
1742,-0.46916500614352286
1743,-0.4570639718130744
1744,-0.3987815804898874
1745,-0.3660390654578949
1746,-0.3184472468370762
1747,-0.26249599750343017
1748,-0.4674859961057618
1749,-0.3815741594772107
1750,-0.43669637342329687
1751,-0.4413405087231251
1752,-0.4151427100769487
1753,-0.39648506707504183
1754,-0.4789104497105969
1755,-0.4594829868790663
1756,-0.38527813729246035
1757,-0.47423543217280856
1758,-0.48499449189619853
1759,-0.47476234788977567
1760,-0.45622541137847566
1761,-0.45752919206570947
1762,-0.3461492229612799
1763,-0.42401232525493476
1764,-0.461436855730289
1765,-0.22176087506641548
1766,-0.41425496529689815
1767,-0.39163974930194767
1768,-0.4826482852247876
1769,-0.37954418135631524
1770,-0.42646593349162676
1771,-0.43892309175713484
1772,-0.3623311155589429
1773,-0.4599764841881136
1774,-0.41307985752843634
1775,-0.4671764531930099
1776,-0.4834579205274557
1777,-0.4738183677775327
1778,-0.36878956256391754
1779,-0.4504732962488895
1780,-0.2704394677554343
1781,-0.3753079486255412
1782,-0.4076984691529522
1783,-0.42789846253371416
1784,-0.3914241913288611
1785,-0.44743184023385474
1786,-0.41969554237807677
1787,-0.30036863489097076
1788,-0.4714275590157927
1789,-0.46202490118180656
1790,-0.44103326062766396
1791,-0.46934791908219803
1792,-0.33264865545573674
1793,-0.3734380684068255
1794,-0.3179784348564478
1795,-0.40147060662423023
1796,-0.3818370599409661
1797,-0.46061204435067393
1798,-0.3780314068856446
1799,-0.2990584191935572
1800,-0.45876763865389136
1801,-0.29430627114533836
1802,-0.46257763621249054
1803,-0.4224794131969948
1804,-0.4243975077010466
1805,-0.4442950661390285
1806,-0.4225685091917033
1807,-0.3746422120973122
1808,-0.4274887727703527
1809,-0.3032691567816249
1810,-0.4365618376165386
1811,-0.41527669988963994
1812,-0.38560941868915216
1813,-0.4200690758437302
1814,-0.266989213223726
1815,-0.40111797574572944
1816,-0.41675861949356335
1817,-0.4561724379057728
1818,-0.40356519886889874
1819,-0.4310002357061694
1820,-0.41481607269145304
1821,-0.4251455246124646
1822,-0.47463492131607027
1823,-0.42508134478796306
1824,-0.43295793909917984
1825,-0.3974437459241267
1826,-0.4125833688886342
1827,-0.38924390188537406
1828,-0.35294908905134526
1829,-0.3663737592751746
1830,-0.45830784677902664
1831,-0.36784879251178204
1832,-0.37933168931205946
1833,-0.4843191933295745
1834,-0.4159970027932757
1835,-0.393546952172636
1836,-0.39625487577709845
1837,-0.38800214042008924
1838,-0.24471030244291572
1839,-0.4050027026669876
1840,-0.45227604899231655
1841,-0.4268254025683623
1842,-0.46907739650937513
1843,-0.2868064084028495
1844,-0.32298243640083607
1845,-0.3457914465630988
1846,-0.354138071302509
1847,-0.4409067593910698
1848,-0.3750464738407498
1849,-0.48509041276821846
1850,-0.38912747372117246
1851,-0.3496080443891453
1852,-0.34642134056518464
1853,-0.48669319201429795
1854,-0.4011042674130897
1855,-0.3755836608675145
1856,-0.4293006486506582
1857,-0.32936498961915894
1858,-0.30538535806725636
1859,-0.4588726624190924
1860,-0.24755299501368638
1861,-0.40496307538407594
1862,-0.368877276288338
1863,-0.42673604275435656
1864,-0.45359956842746574
1865,-0.36428326966775404
1866,-0.41214158319863414
1867,-0.45971039512060136
1868,-0.35755618787983967
1869,-0.4543909103347183
1870,-0.46803966272267467
1871,-0.44952252820093574
1872,-0.3785927052820546
1873,-0.37695433886102625
1874,-0.4260705669247691
1875,-0.3882825505771062
1876,-0.3745628399124189
1877,-0.40046160951528836
1878,-0.3387672638102857
1879,-0.3881249802296777
1880,-0.44358162284709496
1881,-0.4570212837640616
1882,-0.36592521221013297
1883,-0.4124015021799864
1884,-0.21618688597596458
1885,-0.40440870514140376
1886,-0.45443236022897227
1887,-0.47116352893385066
1888,-0.30362214642864005
1889,-0.47263070560373094
1890,-0.47672561863417473
1891,-0.3759655184368014
1892,-0.33220281445064426
1893,-0.43436677124361245
1894,-0.4293793951464402
1895,-0.3997154549643494
1896,-0.48472345367383507
1897,-0.3836234389254109
1898,-0.26584411042017964
1899,-0.430154477148243
1900,-0.2797584687627758
1901,-0.4650584280554548
1902,-0.35135824712446917
1903,-0.4462799909158759
1904,-0.37608602119849
1905,-0.3443677265773357
1906,-0.4183052993049714
1907,-0.3952200084961803
1908,-0.376546167049324
1909,-0.4820413077110202
1910,-0.412102187209871
1911,-0.39361955228264345
1912,-0.4271945176262547
1913,-0.39507098549313274
1914,-0.3178650942367085
1915,-0.38375784137198227
1916,-0.3520850375238277
1917,-0.3728190449282418
1918,-0.4300517404754038
1919,-0.4579751221219172
1920,-0.3476979819385906
1921,-0.42721033905681427
1922,-0.27361999235266266
1923,-0.4865875792388971
1924,-0.3791229992783949
1925,-0.4521963795097692
1926,-0.36941613486095914
1927,-0.43070792379263434
1928,-0.44364480375805776
1929,-0.37694238773104466
1930,-0.4494115899344792
1931,-0.34877992110309625
1932,-0.4263720119523545
1933,-0.4293030655221063
1934,-0.3741244314817249
1935,-0.4836378234782209
1936,-0.35539309468660274
1937,-0.3149945076272949
1938,-0.3552977191465849
1939,-0.3961917082511939
1940,-0.47511354046070065
1941,-0.4476391081580676
1942,-0.43562745910158907
1943,-0.42178793009080534
1944,-0.46965724396807723
1945,-0.38360681485957715
1946,-0.40678265778463973
1947,-0.3697744993207236
1948,-0.3870201098068286
1949,-0.40736568021588443
1950,-0.42899488938519037
1951,-0.37240514259899393
1952,-0.4125758318919306
1953,-0.38476103397284694
1954,-0.41672298213244263
1955,-0.40574179411607264
1956,-0.40565357883039643
1957,-0.3971425804548826
1958,-0.4860355803180701
1959,-0.3810188762582906
1960,-0.38645778198000935
1961,-0.3808393122907489
1962,-0.45875808930474155
1963,-0.36977783735887426
1964,-0.3730118053911672
1965,-0.3624332244380352
1966,-0.32835013609259345
1967,-0.38793288558808214
1968,-0.41830636593264703
1969,-0.3854947196807458
1970,-0.39138197817962556
1971,-0.4109973546235474
1972,-0.2859217741525952
1973,-0.31041656192287154
1974,-0.3893048412629391
1975,-0.3839605865102575
1976,-0.4520723123010695
1977,-0.411723459535477
1978,-0.4383139220900812
1979,-0.3891955844146703
1980,-0.4042592528712361
1981,-0.4841896379291178
1982,-0.4278547496666573
1983,-0.40730871708429733
1984,-0.3392283352961751
1985,-0.37387455312982526
1986,-0.42177699731663015
1987,-0.4590854846215018
1988,-0.37851321943910704
1989,-0.466804100964055
1990,-0.4533028762779093
1991,-0.35830581595320127
1992,-0.441695501753489
1993,-0.3239220216934512
1994,-0.3938458361795876
1995,-0.3917412847561596
1996,-0.24902614736424117
1997,-0.4334114438544147
1998,-0.3649916090659036
1999,-0.3565277745179861
2000,-0.3734077805222977
