1,-0.4866631837383151
2,-0.48739021791328263
3,-0.48673692343066965
4,-0.475958419282698
5,-0.48575546619552856
6,-0.48580572377856307
7,-0.4882706256567887
8,-0.48337296214655706
9,-0.48847272598972025
10,-0.47695144116807786
11,-0.4582976404737507
12,-0.4880706580120757
13,-0.4886338918329554
14,-0.4884164005936573
15,-0.4867443847066702
16,-0.4862171701282626
17,-0.4666431838999128
18,-0.48741708250699595
19,-0.4898189854531623
20,-0.4870033319909845
21,-0.48990192404046007
22,-0.48468835893168083
23,-0.48752651540075403
24,-0.48575429496827205
25,-0.4877577013891983
26,-0.4850562824204522
27,-0.48340169210189005
28,-0.4856075115485716
29,-0.4870036878158946
30,-0.484739444623039
31,-0.48897076128528594
32,-0.4889579694000901
33,-0.4868681706602043
34,-0.48460734474437467
35,-0.48508367725093643
36,-0.48189211144020005
37,-0.4319321015563396
38,-0.48517979026821534
39,-0.48670198531124714
40,-0.44895085157541115
41,-0.48544190684978195
42,-0.48783334650390525
43,-0.487527976828255
44,-0.48697926338014724
45,-0.488023586263924
46,-0.48770640063270043
47,-0.48226529337763413
48,-0.48611827006119984
49,-0.4841996250967728
50,-0.4874770203180543
51,-0.48667514927550753
52,-0.4781219032948917
53,-0.4834007776574334
54,-0.4883515497083814
55,-0.44140943921694203
56,-0.48048176160772416
57,-0.4877805521647336
58,-0.487214440192836
59,-0.4875232401848859
60,-0.47399449697847584
61,-0.4859888881568034
62,-0.48974446138781413
63,-0.4864299374465315
64,-0.4869410244275375
65,-0.48768867781752173
66,-0.48357628505103695
67,-0.48777703692592506
68,-0.48674088187743614
69,-0.4793052458062139
70,-0.48736085182950645
71,-0.4870304971138132
72,-0.48636495952029707
73,-0.4772390727979298
74,-0.4702099063619454
75,-0.4870848845925229
76,-0.4869439317097531
77,-0.48394677188451274
78,-0.48738570323761793
79,-0.48559325899113237
80,-0.4479501435728832
81,-0.48530398511221434
82,-0.48746009737137463
83,-0.4897739560549336
84,-0.4865266067686717
85,-0.4877555452846573
86,-0.4861649365524928
87,-0.4879437300339261
88,-0.48589656009711585
89,-0.4859728145028599
90,-0.4861468325134842
91,-0.48932615674784447
92,-0.487403945778512
93,-0.48650027679724833
94,-0.48416695121614434
95,-0.487414133135008
96,-0.48392093343855125
97,-0.4873412557972277
98,-0.4865782754668697
99,-0.4881591697233589
100,-0.487732013840786
101,-0.47907965370183514
102,-0.48845252108959974
103,-0.48653995974468073
104,-0.47871427087872626
105,-0.4838232773272597
106,-0.4852655142083209
107,-0.44546046163310166
108,-0.4876033492519962
109,-0.4867885727485574
110,-0.4788763618011667
111,-0.48914380132583185
112,-0.4811914999078303
113,-0.4886511319796426
114,-0.487403119097692
115,-0.4868699725140239
116,-0.48541990359596515
117,-0.48870608049740377
118,-0.4510691180849448
119,-0.48714298855183413
120,-0.48394955231149084
121,-0.48485987421939236
122,-0.4898015957224991
123,-0.484235037666866
124,-0.4857494507066219
125,-0.42046200836308956
126,-0.48858264069526725
127,-0.4809416601093173
128,-0.4863420164324498
129,-0.48791344278728127
130,-0.48696153219103866
131,-0.4856663984106749
132,-0.4867067520161677
133,-0.4859606818522294
134,-0.48732422357494437
135,-0.48603928520264084
136,-0.4438506946882011
137,-0.4860924668757817
138,-0.48484368566339053
139,-0.48633524992233934
140,-0.4870472154726379
141,-0.48703992678265845
142,-0.4882695461250308
143,-0.4890046104985218
144,-0.4849957295028235
145,-0.4871255452281857
146,-0.4581020389177867
147,-0.4873342039432554
148,-0.4868647882894478
149,-0.4855396860305199
150,-0.48924511204081533
151,-0.4866916199230741
152,-0.48421892564484365
153,-0.4883717804101949
154,-0.46878226111938115
155,-0.4877047694675973
156,-0.47918318485184197
157,-0.48798967497952966
158,-0.4862105096420221
159,-0.4815690523034016
160,-0.4869604995733795
161,-0.48169678520662346
162,-0.48657378420445235
163,-0.48417525571959924
164,-0.48727469012134356
165,-0.48689642995777954
166,-0.4870283043724826
167,-0.487010974529714
168,-0.4870730184038866
169,-0.48457573589312697
170,-0.4870326249729592
171,-0.4864778152882403
172,-0.4881550962474304
173,-0.4816828163693645
174,-0.48716692145625345
175,-0.46722737430095507
176,-0.485641556836572
177,-0.48613676587819715
178,-0.4875375285128874
179,-0.4873856086427739
180,-0.48776824137955277
181,-0.44132861185715916
182,-0.48456152337025005
183,-0.4830861688508624
184,-0.48674714225950577
185,-0.48678619345609386
186,-0.48588485085549166
187,-0.483613780398983
188,-0.4883145217903127
189,-0.48436214222014934
190,-0.4712468489789491
191,-0.4828004399169428
192,-0.48610328823367743
193,-0.48321388188255315
194,-0.4783476400156587
195,-0.46292947837127163
196,-0.482103682008879
197,-0.48482799206606914
198,-0.4871044331030714
199,-0.48572736140801825
200,-0.4601545904679131
201,-0.4868383833131742
202,-0.48543232325203156
203,-0.48665395886826707
204,-0.4655586615749397
205,-0.4859533745670025
206,-0.4866936470977907
207,-0.46325140156410183
208,-0.4864845036894708
209,-0.4881734506428242
210,-0.4868478446260119
211,-0.48625029355542326
212,-0.4809237500653003
213,-0.48705401780940705
214,-0.480724162597245
215,-0.4875882308035102
216,-0.4845541975157832
217,-0.48694864855323616
218,-0.4908894718947981
219,-0.47756109291916143
220,-0.4857575271006634
221,-0.486803000459507
222,-0.4872097906826564
223,-0.4688207062556222
224,-0.4747694565379565
225,-0.4662002898767425
226,-0.486123695770644
227,-0.48383732146097713
228,-0.4666768545376457
229,-0.48233003784947437
230,-0.4849999589135909
231,-0.48213618841730765
232,-0.48806554339865554
233,-0.46641694135716216
234,-0.48132228929898296
235,-0.4828042246886156
236,-0.46161427150303236
237,-0.46567623801006564
238,-0.485877508981058
239,-0.4874245375163647
240,-0.4869574934349167
241,-0.48641780667674694
242,-0.4842550892939265
243,-0.46075206982224803
244,-0.4861324445402197
245,-0.47774755958494064
246,-0.486234802128945
247,-0.4870827899358866
248,-0.4871078579548876
249,-0.4853029600534087
250,-0.48507620809123103
251,-0.4857535923493343
252,-0.4830006723028049
253,-0.4863216955497036
254,-0.4868641365811123
255,-0.48474329655866216
256,-0.48815272494577083
257,-0.48455010408716614
258,-0.4743702409533581
259,-0.4833958259980852
260,-0.48377505895824163
261,-0.48566053981945595
262,-0.4898719528974176
263,-0.4856204462108831
264,-0.4845318937287057
265,-0.48790101673957953
266,-0.4813897092284227
267,-0.48010341558186187
268,-0.4892911303624227
269,-0.4790215669489422
270,-0.48722067870150104
271,-0.4756075029086383
272,-0.48486386794575803
273,-0.48597262470709973
274,-0.43330129690162394
275,-0.48346970019360674
276,-0.46677435948124296
277,-0.486808811510655
278,-0.48830907226420356
279,-0.4860816075715731
280,-0.45060378096386394
281,-0.48374409476491265
282,-0.4492248201416324
283,-0.48839923447341604
284,-0.4860296169176979
285,-0.486292480250213
286,-0.4849524336908141
287,-0.4824479860838641
288,-0.38858272080578654
289,-0.48183936876505984
290,-0.4419478329445588
291,-0.47134536706958297
292,-0.4854547557648089
293,-0.48936417046227537
294,-0.46777135810388465
295,-0.4837951157399374
296,-0.48136764968542284
297,-0.4738324739295413
298,-0.4863522966396509
299,-0.48649768070205546
300,-0.48692187810219417
301,-0.48562559852906334
302,-0.484621935269633
303,-0.4860917860107174
304,-0.48386885560495485
305,-0.38145956521515806
306,-0.399067796803434
307,-0.47630568260791173
308,-0.43314572719839506
309,-0.4844218397329632
310,-0.4876567978484052
311,-0.48673936319130273
312,-0.4868306134336298
313,-0.48438587964469965
314,-0.46906463571295126
315,-0.48640686565415747
316,-0.4627222771778361
317,-0.4867771699967047
318,-0.4867497117117052
319,-0.4832159190111444
320,-0.48272233683476373
321,-0.48221499963168507
322,-0.40769424633032963
323,-0.46531180076819306
324,-0.476995630558297
325,-0.4209700737975701
326,-0.4810459578643042
327,-0.4840769874783365
328,-0.48609780088892635
329,-0.4867061939470765
330,-0.48561044293710826
331,-0.4801430376832037
332,-0.4803442192412275
333,-0.4783898885925704
334,-0.4596206468347402
335,-0.4754721450156335
336,-0.4557911256486521
337,-0.47310852987775814
338,-0.4750371745430308
339,-0.46803902612128767
340,-0.48507796380088264
341,-0.4874724014962505
342,-0.4832806710277661
343,-0.48891588368480393
344,-0.48648530776648
345,-0.4842875692144069
346,-0.48886507430037796
347,-0.48193784260638933
348,-0.486741858983098
349,-0.4779869290537791
350,-0.48552282320213114
351,-0.46209749954432744
352,-0.46987335254480433
353,-0.48627355754539814
354,-0.48677201225814615
355,-0.48323709258128345
356,-0.47177611260853763
357,-0.48866814348226917
358,-0.47902031604341416
359,-0.4759944803753938
360,-0.48491164907998063
361,-0.4798964611221721
362,-0.48644064959757366
363,-0.4811969988309461
364,-0.4772134127700894
365,-0.48708660987782043
366,-0.48296132990371055
367,-0.48479654055760857
368,-0.48771648012909524
369,-0.4856934840609221
370,-0.4879824060922081
371,-0.4832661769190811
372,-0.48495358938460065
373,-0.4832946228318261
374,-0.48425939589246575
375,-0.4874736583305183
376,-0.48518053713022086
377,-0.486992529222473
378,-0.4831411933290927
379,-0.48682652638234214
380,-0.48760308121188994
381,-0.4858065142871366
382,-0.4890809135313644
383,-0.4810213854106445
384,-0.4889087861185539
385,-0.48618323073791075
386,-0.46286239108632693
387,-0.46554483157772086
388,-0.3634791329380714
389,-0.4873176367182745
390,-0.4858948851551519
391,-0.4856623696570503
392,-0.46293252802226137
393,-0.4803116635692855
394,-0.46136205936363023
395,-0.4853193195204973
396,-0.47907615509921253
397,-0.47167882054457
398,-0.4400228230292267
399,-0.48456462197010075
400,-0.484996771494444
401,-0.4867801626481597
402,-0.487635242818514
403,-0.46209081795196955
404,-0.4720356957663219
405,-0.4684117708918284
406,-0.41350292404169825
407,-0.4862800789300551
408,-0.48880736988133444
409,-0.4805379626604911
410,-0.487061856637787
411,-0.48801414209272553
412,-0.47994357646477265
413,-0.48230120401436566
414,-0.48521244694011606
415,-0.48769063937285734
416,-0.48718585361090966
417,-0.4729619086826429
418,-0.3994834189919203
419,-0.4291870333740403
420,-0.4531879250924206
421,-0.4867129996316031
422,-0.48212771543260424
423,-0.4393231816571692
424,-0.4862792805678124
425,-0.4866357136348214
426,-0.48878942316326646
427,-0.483482741719163
428,-0.46201035445317373
429,-0.48574010677302665
430,-0.48617479570774047
431,-0.4858016115222216
432,-0.41012224443263257
433,-0.4824459126410701
434,-0.48505971685087534
435,-0.4860332808930383
436,-0.4893080244129254
437,-0.4841407123027344
438,-0.48360918258166424
439,-0.48621675381179263
440,-0.4709611715870464
441,-0.48588265634594907
442,-0.47952582930819176
443,-0.48774475730662226
444,-0.4856909894995199
445,-0.466714116871057
446,-0.48626547975751877
447,-0.4858079171823628
448,-0.48529202981688196
449,-0.4806004078013692
450,-0.47861100246350224
451,-0.48869000436860477
452,-0.4878366812086625
453,-0.47973037450629913
454,-0.4835392988852534
455,-0.48469568411352626
456,-0.47862914047080635
457,-0.4264273295422746
458,-0.48350832487781686
459,-0.4831007548345621
460,-0.4862171669114591
461,-0.4863009020378064
462,-0.48533615469970404
463,-0.4826828758889875
464,-0.4792803810501768
465,-0.48553686671978824
466,-0.4769245577732522
467,-0.48560869911120585
468,-0.4877826586145325
469,-0.48689187862031513
470,-0.47761459718810473
471,-0.4872815694828528
472,-0.48757795147359456
473,-0.4812960699784331
474,-0.47628910056866036
475,-0.48693170083164683
476,-0.4873545129514115
477,-0.47969421721160255
478,-0.48164059160143396
479,-0.4589621859960518
480,-0.4714953615777077
481,-0.4821309587921119
482,-0.48534431780075216
483,-0.4785654780257757
484,-0.48679469715189416
485,-0.4433509942881437
486,-0.4902249257971164
487,-0.4840832044271562
488,-0.4851334103687104
489,-0.48493417630717295
490,-0.4850165414213439
491,-0.48231776180758523
492,-0.4875291678142725
493,-0.487238276325568
494,-0.4870116854994873
495,-0.478293741126049
496,-0.4761210046240305
497,-0.48516211232075435
498,-0.4821120888098106
499,-0.48968002754231454
500,-0.48680102118352175
501,-0.4583134361233813
502,-0.4811712416992607
503,-0.478418253973117
504,-0.4742060724064509
505,-0.48033056144961594
506,-0.4838163929074551
507,-0.47097214902454254
508,-0.4817100773809909
509,-0.4814316352432352
510,-0.4856278298008391
511,-0.48387918157868487
512,-0.4816908241831411
513,-0.4869507022333747
514,-0.47837332076414196
515,-0.48675555759731093
516,-0.48428033139514387
517,-0.4711117689516246
518,-0.48903690805108996
519,-0.48586819720933144
520,-0.48294955235687226
521,-0.475661202856484
522,-0.4864000248918131
523,-0.4858876990459404
524,-0.48749619853270126
525,-0.4235458882702951
526,-0.48645503219771535
527,-0.4796734389826125
528,-0.4786072077452735
529,-0.48563903850039586
530,-0.48799183368199467
531,-0.48522444345466226
532,-0.4872952216621363
533,-0.465845685005355
534,-0.487843857076736
535,-0.4492155734419605
536,-0.4735571020648669
537,-0.48304804195468326
538,-0.4274301214638852
539,-0.4792240814114649
540,-0.4621919488289216
541,-0.4874748758756729
542,-0.46133723239396157
543,-0.48928398723662375
544,-0.48318055579961205
545,-0.479772227852594
546,-0.4683538679268447
547,-0.48614258041610553
548,-0.484653238183148
549,-0.4830191566198123
550,-0.4852551686308469
551,-0.4741817689328521
552,-0.4781156006003278
553,-0.48358693747126724
554,-0.48533710582764045
555,-0.3249496818927417
556,-0.48679814549970485
557,-0.46361513189356207
558,-0.41099473842542034
559,-0.4612222259608394
560,-0.47437400137749025
561,-0.4810996948475582
562,-0.4869407873003785
563,-0.39312060694886414
564,-0.48370517398886836
565,-0.4825854513718501
566,-0.4852424490264742
567,-0.4874018616019891
568,-0.4776133222836015
569,-0.3766148600539855
570,-0.4831024953425331
571,-0.46179741945867064
572,-0.4443282784716223
573,-0.4862884274101368
574,-0.4879763356762456
575,-0.485416192153263
576,-0.4615592453741458
577,-0.4836393818743987
578,-0.48279420722928185
579,-0.4832488997404233
580,-0.4868041780596084
581,-0.4672925249258815
582,-0.4654709613502917
583,-0.4821704068090807
584,-0.48350112870955425
585,-0.48799757420355555
586,-0.4874852419333252
587,-0.4830785996276475
588,-0.4869283212552761
589,-0.4832171379785043
590,-0.48607561143486017
591,-0.4832773836571625
592,-0.4604921814819897
593,-0.4832684463116231
594,-0.481107766534229
595,-0.48284934976513244
596,-0.487060158900683
597,-0.4853550039555511
598,-0.48612476148638684
599,-0.4818422420391924
600,-0.4251549696705281
601,-0.46811460108105785
602,-0.48271199598508224
603,-0.4212031439196386
604,-0.4835208264494559
605,-0.4864993168132946
606,-0.46251732537161666
607,-0.4760076801763031
608,-0.47211584047960703
609,-0.48733782861648667
610,-0.46584942875491775
611,-0.4843711471627158
612,-0.4364641302203844
613,-0.4303740154374984
614,-0.414618935116757
615,-0.48394582193053093
616,-0.48134659467978563
617,-0.4431766298483777
618,-0.4267851259546595
619,-0.48199145431521395
620,-0.38830545570442104
621,-0.48630252423411613
622,-0.48472317297068995
623,-0.48675345967309436
624,-0.4848172785581316
625,-0.48319847961035733
626,-0.3880370796331908
627,-0.48499397358722257
628,-0.45931090393359586
629,-0.486367901726388
630,-0.48730663572420674
631,-0.48823395721242635
632,-0.48592077436420306
633,-0.4874096713518672
634,-0.48638049284868307
635,-0.4447980462672866
636,-0.4043816222304431
637,-0.45146390669160685
638,-0.48898525755175937
639,-0.4751890442257357
640,-0.4831801463802892
641,-0.4849928965369179
642,-0.46806612493426974
643,-0.42555956821960883
644,-0.4437118781388663
645,-0.4636560859914569
646,-0.4862416405094147
647,-0.4872195869917311
648,-0.4504901373808508
649,-0.4827283635072118
650,-0.4857559989151313
651,-0.4865141329362592
652,-0.3747084535844577
653,-0.48582753764249365
654,-0.48443071471334664
655,-0.48647400782167827
656,-0.4814249557553356
657,-0.4743419916278423
658,-0.46871489731927446
659,-0.44422681686433935
660,-0.4729166083588863
661,-0.48855629236839615
662,-0.48386231190010515
663,-0.487202469451417
664,-0.48393821846709023
665,-0.4850011848158389
666,-0.4822294485843245
667,-0.4850644106497234
668,-0.481076332687443
669,-0.47657604731589936
670,-0.4840646770379198
671,-0.48526354848673864
672,-0.48561561312396195
673,-0.48252892273402237
674,-0.48859561648732464
675,-0.4862420909192476
676,-0.48179057325988345
677,-0.4862645799347154
678,-0.46641165096396936
679,-0.4561592939939559
680,-0.44484616034049007
681,-0.4789433784994248
682,-0.48462859880850795
683,-0.4834474177937202
684,-0.48593223834952254
685,-0.4854433374939356
686,-0.44499568374918325
687,-0.4861676558006268
688,-0.46623021528673975
689,-0.48648236415589324
690,-0.43682675248868713
691,-0.4871870032956344
692,-0.4757004806111846
693,-0.4812861155759113
694,-0.46783923553950557
695,-0.4867990759951191
696,-0.46693948537833135
697,-0.48200402311596335
698,-0.4364351716596592
699,-0.48033560780982953
700,-0.48776031482648735
701,-0.4230224628421295
702,-0.4873557414876922
703,-0.4863841071514709
704,-0.48742359711954203
705,-0.4094133630989838
706,-0.4867986990361788
707,-0.45702683732324506
708,-0.4873748588018943
709,-0.48454787976098035
710,-0.4819704686887325
711,-0.42420552124973643
712,-0.48102933964280115
713,-0.4715376108509636
714,-0.48796491250103696
715,-0.40624552017259574
716,-0.4860858687185386
717,-0.4469732807655168
718,-0.4845935437419414
719,-0.46471553521746467
720,-0.38205164110141593
721,-0.4814999595968791
722,-0.43931998055507593
723,-0.4034267264877603
724,-0.46144818066254006
725,-0.4671692387325827
726,-0.4386136214771564
727,-0.48395755704268756
728,-0.47828244579351403
729,-0.48681503435817025
730,-0.48332978574722557
731,-0.4802746919767962
732,-0.48592576403158966
733,-0.4834897135826878
734,-0.4846389055934314
735,-0.451540560948361
736,-0.4624145900622556
737,-0.48441721863919684
738,-0.4670158004633646
739,-0.4729270103960911
740,-0.4825600143084183
741,-0.48380295463803774
742,-0.4380961740306329
743,-0.4846491039540551
744,-0.4818435507776056
745,-0.48592308864116873
746,-0.48419689520473136
747,-0.4871755197428419
748,-0.46262703765733965
749,-0.432237868557722
750,-0.45913923549070174
751,-0.4861042044480633
752,-0.48494119671745817
753,-0.4620809041118743
754,-0.4812646957479402
755,-0.4668473889068237
756,-0.4842515317835323
757,-0.48715987349156703
758,-0.4846702220703926
759,-0.4807077880182996
760,-0.48378572917179746
761,-0.48143805163564185
762,-0.46965760185402483
763,-0.4892790975438691
764,-0.48705674864720844
765,-0.4833994016939509
766,-0.4458672227596368
767,-0.46960180654961686
768,-0.47913099607203297
769,-0.48722141239617467
770,-0.48044230690293516
771,-0.4464403132496297
772,-0.43651249810880677
773,-0.48781299846580967
774,-0.48510981731810043
775,-0.47664744934425357
776,-0.4882759256617146
777,-0.47866636945388896
778,-0.48687883167199314
779,-0.4184743668029432
780,-0.48229166839143506
781,-0.4875375697039187
782,-0.4837354608527887
783,-0.48681126490381393
784,-0.39540988217475054
785,-0.47174846326523523
786,-0.47299151730239136
787,-0.46170009583090316
788,-0.4825674878664913
789,-0.41211310513125754
790,-0.48620866245460775
791,-0.4821281073954739
792,-0.44297731487730524
793,-0.4863250644676475
794,-0.48531552558386126
795,-0.41044577635985474
796,-0.46489517163175126
797,-0.41704397044236285
798,-0.4808269638782285
799,-0.4845400246127439
800,-0.385410151720218
801,-0.48711401288587947
802,-0.4832073952807245
803,-0.4375431111653625
804,-0.4849572063368747
805,-0.4856680335512588
806,-0.484611772690268
807,-0.4820246732370557
808,-0.4807677590684231
809,-0.43721858810103703
810,-0.358640418836197
811,-0.48576208328194437
812,-0.452317547989943
813,-0.45054968868332207
814,-0.4846657552483469
815,-0.42404798750577805
816,-0.4857122154023527
817,-0.46138589194858515
818,-0.45590646841978427
819,-0.45208780748565336
820,-0.48451104714916504
821,-0.4144429372445046
822,-0.4845162501173156
823,-0.48768112304367167
824,-0.48098329731842226
825,-0.47682012083095743
826,-0.46452825360059347
827,-0.4809426787941094
828,-0.46504621141579516
829,-0.48412073299356717
830,-0.47393577629667155
831,-0.3396887856342958
832,-0.48442679705187375
833,-0.42611103593672317
834,-0.4503387672501118
835,-0.4858934952428344
836,-0.4845532753124995
837,-0.4768942756479188
838,-0.45592335050313704
839,-0.46575188548171004
840,-0.4702321308316893
841,-0.48690606782975815
842,-0.48581393616640267
843,-0.4580488657474668
844,-0.45716288418485695
845,-0.37587495106337865
846,-0.3783281979617515
847,-0.4740131031346533
848,-0.477941039350801
849,-0.4764765566181176
850,-0.4771534246830288
851,-0.48773000773560476
852,-0.39946472205050293
853,-0.4865150022633487
854,-0.41690529091855627
855,-0.47636946261744356
856,-0.48604598808703553
857,-0.4862649665304033
858,-0.4845351407493383
859,-0.48349366482644257
860,-0.4612371014269631
861,-0.4162222208120771
862,-0.24919231549037704
863,-0.4665622457297553
864,-0.4496877675561687
865,-0.37605167077286766
866,-0.4852679333424385
867,-0.4147182506753056
868,-0.4014518824425132
869,-0.44119898911599387
870,-0.4719087192204531
871,-0.4867283915027256
872,-0.4263662447031013
873,-0.45078958616973497
874,-0.47602084440841747
875,-0.4358936662608668
876,-0.3939875380457073
877,-0.46084313359028306
878,-0.47018506138918553
879,-0.4688342055116719
880,-0.4765150510752044
881,-0.48406577968009507
882,-0.3937347174270882
883,-0.4355815607188092
884,-0.45136732343870756
885,-0.45521695654312905
886,-0.48689405211627934
887,-0.4478755266778957
888,-0.4576791330563617
889,-0.4273316205290675
890,-0.44903838215504227
891,-0.4861214791290064
892,-0.47977425785430433
893,-0.4862662953035074
894,-0.4639125312247346
895,-0.4841683211104313
896,-0.4093990799937168
897,-0.4571008278877413
898,-0.481348194787284
899,-0.46053543383849216
900,-0.42077345299830954
901,-0.4801342903603841
902,-0.46233865640160293
903,-0.4842280436836576
904,-0.48648704275266497
905,-0.4685834119800931
906,-0.47917162546348646
907,-0.45175489947943953
908,-0.48617180383934916
909,-0.4868750774698276
910,-0.47871416859857463
911,-0.4577505255207377
912,-0.4809259030924193
913,-0.48540909994607057
914,-0.47996940628441653
915,-0.4868891503434467
916,-0.48546833969213365
917,-0.4543508557214595
918,-0.4851372428611542
919,-0.3800294041695566
920,-0.47750816522236844
921,-0.4804235255208815
922,-0.4822918924604458
923,-0.4833929396502588
924,-0.47107901880930547
925,-0.48595786387586787
926,-0.48340555503334387
927,-0.44581547782078595
928,-0.4620573217314302
929,-0.44343876086173206
930,-0.46527099702372304
931,-0.4868758086043736
932,-0.4822730008394605
933,-0.46732061392295177
934,-0.48589777797215
935,-0.4854086544529725
936,-0.47801665860565956
937,-0.412194753513705
938,-0.4869302017949374
939,-0.4691586819343809
940,-0.46084520537916135
941,-0.42438258840849535
942,-0.4818173921817811
943,-0.4759277008755945
944,-0.48310443664392744
945,-0.4583104807065993
946,-0.472098384213597
947,-0.4865964800482391
948,-0.36348100021308505
949,-0.45005119902430074
950,-0.45877338245790616
951,-0.47212343274460605
952,-0.3812638290773045
953,-0.48206955587906936
954,-0.4865742418829521
955,-0.43668118066225686
956,-0.39995216681841117
957,-0.4786791477668991
958,-0.4581516814873673
959,-0.47143794355793434
960,-0.4861582475910765
961,-0.4780118478596732
962,-0.39710661229117816
963,-0.47777073188632885
964,-0.47783184162523784
965,-0.47331151787419645
966,-0.42030615085777073
967,-0.48097126122788375
968,-0.476953159404892
969,-0.4867199267307339
970,-0.48502520555005757
971,-0.4597337877093046
972,-0.47506344165944653
973,-0.4418082340657396
974,-0.33169924642097726
975,-0.4448622673861394
976,-0.4853332601182386
977,-0.48491288803766047
978,-0.4749515503615234
979,-0.4679740124587921
980,-0.4494462709105927
981,-0.44990753004381545
982,-0.48651910657558795
983,-0.4753679720854846
984,-0.4449110459233131
985,-0.44588370334790656
986,-0.4867187592029561
987,-0.4135858127430537
988,-0.4784544066762303
989,-0.4591650105133926
990,-0.46216557835380934
991,-0.4349840098808173
992,-0.4865440284443501
993,-0.48610461125846055
994,-0.4842452999604398
995,-0.3626477706603747
996,-0.4630510745349547
997,-0.4869541083970876
998,-0.443069605494993
999,-0.4799607303111443
1000,-0.48575797539322757
1001,-0.39833544144351807
1002,-0.4066559940823151
1003,-0.3869143485624847
1004,-0.4831683975518496
1005,-0.4363011699785503
1006,-0.4356748187132499
1007,-0.4192088078522338
1008,-0.3883980487831342
1009,-0.4255205782617651
1010,-0.47969498528215315
1011,-0.42726822534963804
1012,-0.4102913633676993
1013,-0.47849410464831094
1014,-0.4747836240812245
1015,-0.46843422893336856
1016,-0.48564455034937754
1017,-0.3912012940315038
1018,-0.4856868509831264
1019,-0.48762508251875203
1020,-0.4771963494958564
1021,-0.4689455043524509
1022,-0.4417112416878796
1023,-0.4770605335452579
1024,-0.4882805236883042
1025,-0.4781248260604179
1026,-0.4854948210665483
1027,-0.4410335912686972
1028,-0.48591669261727144
1029,-0.43947837626643277
1030,-0.45109094925326204
1031,-0.45541499556607246
1032,-0.4630201421804002
1033,-0.4807389403684213
1034,-0.4713315976602707
1035,-0.4821847328496364
1036,-0.4111486109624149
1037,-0.4302435895840642
1038,-0.4825006503529229
1039,-0.4853129100138797
1040,-0.485137441697513
1041,-0.3619715512876089
1042,-0.48023954161688864
1043,-0.45402607299433084
1044,-0.4687994031893152
1045,-0.45692526465230304
1046,-0.48164851925541224
1047,-0.4577255335808942
1048,-0.46473220401415916
1049,-0.47215059184947117
1050,-0.3283498777301702
1051,-0.48337392313622257
1052,-0.4749725842645475
1053,-0.4863943798306514
1054,-0.3944257131962606
1055,-0.4573441698055171
1056,-0.48379367888032104
1057,-0.48657676781170545
1058,-0.471821781959668
1059,-0.4326501270988697
1060,-0.27987292720095425
1061,-0.3993347170910935
1062,-0.48502342842796653
1063,-0.35126856677362767
1064,-0.4819903656748622
1065,-0.47272743142054097
1066,-0.4866246965331568
1067,-0.4696873772649014
1068,-0.4714388407573183
1069,-0.46279485040132273
1070,-0.4320726521223789
1071,-0.41677654967676275
1072,-0.4828073554827425
1073,-0.47747784164175866
1074,-0.45153346417178813
1075,-0.3861852059519078
1076,-0.4191219889553851
1077,-0.4284209510559044
1078,-0.362387574167043
1079,-0.39788213159945374
1080,-0.4834987356677098
1081,-0.42812779279159946
1082,-0.4668145869410406
1083,-0.4853353192622015
1084,-0.4836267604634252
1085,-0.43348298866763246
1086,-0.4298710346694526
1087,-0.46512107776332445
1088,-0.4006657321261285
1089,-0.43445211555325053
1090,-0.4003800329013894
1091,-0.4597745623037818
1092,-0.4831556472830953
1093,-0.3624728248233079
1094,-0.45350672996563124
1095,-0.3823189576081752
1096,-0.43115110025352255
1097,-0.4300400804833878
1098,-0.359193713418415
1099,-0.4873233630049398
1100,-0.45706814259065814
1101,-0.4827824341235288
1102,-0.3938830316345819
1103,-0.48064446465119626
1104,-0.45329073168985845
1105,-0.3611350283095487
1106,-0.4849803562793078
1107,-0.4524735797544691
1108,-0.4822933865658961
1109,-0.4839715295512409
1110,-0.4848258938780977
1111,-0.4861100374152306
1112,-0.4743770901055912
1113,-0.4724840563546793
1114,-0.4506221954449346
1115,-0.4656359051440806
1116,-0.45406140730887484
1117,-0.4544682429370058
1118,-0.4630749868396649
1119,-0.4693215515118596
1120,-0.4714224191662039
1121,-0.41689263126729786
1122,-0.4789866583723622
1123,-0.36398443620258486
1124,-0.4259585039798303
1125,-0.47222027831993857
1126,-0.43840899578264303
1127,-0.46424713687540997
1128,-0.4811995919664496
1129,-0.42569507590821476
1130,-0.48743779346159427
1131,-0.4458907840841977
1132,-0.47686960700444064
1133,-0.36731600937872566
1134,-0.483306483393898
1135,-0.4508420903797851
1136,-0.4816108115242935
1137,-0.42491428807214365
1138,-0.48621157924211544
1139,-0.4850743428782355
1140,-0.41871932046801924
1141,-0.46140008280898487
1142,-0.4869157589754161
1143,-0.34194627795180377
1144,-0.43924976089262435
1145,-0.3232312888855219
1146,-0.4744254692308279
1147,-0.47734328969375084
1148,-0.4830311475297043
1149,-0.47693946230045964
1150,-0.3700457456648643
1151,-0.4858669487822767
1152,-0.4588452903338761
1153,-0.41654350374290294
1154,-0.46138491406661364
1155,-0.4826770008736141
1156,-0.3760262815103876
1157,-0.47047678554635275
1158,-0.4449290125920496
1159,-0.4467503583577277
1160,-0.45447020507557007
1161,-0.43275600719679047
1162,-0.4484474378213019
1163,-0.41091309638704077
1164,-0.40871009405385184
1165,-0.4778368411509343
1166,-0.44483321076330423
1167,-0.39640336428809714
1168,-0.3819808444303556
1169,-0.4547777986235492
1170,-0.4853421839278958
1171,-0.46740334392620914
1172,-0.466224857660491
1173,-0.42669374665478554
1174,-0.4236935625500314
1175,-0.4435327730717646
1176,-0.4482258682597915
1177,-0.3863741756490861
1178,-0.4583561513805602
1179,-0.4567513360657999
1180,-0.4756849784206537
1181,-0.361521407701014
1182,-0.355048685035448
1183,-0.4118724760667667
1184,-0.4615294053156957
1185,-0.41661033975420503
1186,-0.44004660461679845
1187,-0.2327597163461918
1188,-0.3102377428840199
1189,-0.482866516757844
1190,-0.4361590253925149
1191,-0.4664831211732232
1192,-0.47399312735117455
1193,-0.4753472391791011
1194,-0.39843072479797764
1195,-0.41547939715297627
1196,-0.46611312045039677
1197,-0.48369956992632945
1198,-0.43851652190989204
1199,-0.4718670030910525
1200,-0.4750867253390258
1201,-0.4441318243240898
1202,-0.46212750614840736
1203,-0.4751005637158492
1204,-0.4070204199812186
1205,-0.4404871918094098
1206,-0.4719309928147811
1207,-0.4371835278216367
1208,-0.4675762216891914
1209,-0.4559848299730487
1210,-0.47767625372353384
1211,-0.4571402358100995
1212,-0.47067913753782015
1213,-0.4548313499203095
1214,-0.45850931051441257
1215,-0.48391561888495266
1216,-0.4276187582173431
1217,-0.4048283175118885
1218,-0.45953449395166374
1219,-0.3954107635243999
1220,-0.4242214836113628
1221,-0.4519886882242397
1222,-0.44677153466789565
1223,-0.4524062436248219
1224,-0.48472724395457706
1225,-0.33406494125365366
1226,-0.4814692190939918
1227,-0.3841617268672783
1228,-0.3322830485690456
1229,-0.4659367974633087
1230,-0.45140059995708043
1231,-0.42917118929530207
1232,-0.38454339567295975
1233,-0.4843488355349897
1234,-0.4406752321582178
1235,-0.4149710346743708
1236,-0.40689717765489175
1237,-0.4844927836969697
1238,-0.45644931524579657
1239,-0.39489718541233165
1240,-0.4730685436766648
1241,-0.43941944618464496
1242,-0.4802807796216801
1243,-0.411772141556554
1244,-0.40740589423204177
1245,-0.48178315763476454
1246,-0.4510628991851141
1247,-0.4853707498295084
1248,-0.4623601744879554
1249,-0.41101565303147636
1250,-0.4814555108334393
1251,-0.45173399148570004
1252,-0.44646663996934
1253,-0.47194926295899475
1254,-0.48334559087299495
1255,-0.4793634824739912
1256,-0.43693860761042286
1257,-0.38509312876673374
1258,-0.386168160239142
1259,-0.45100045231043584
1260,-0.46242314508023025
1261,-0.4146132749794885
1262,-0.20330532792996986
1263,-0.48254621889359206
1264,-0.4662014733635351
1265,-0.48503237193532106
1266,-0.4223410715014281
1267,-0.382661408002107
1268,-0.3882109581060421
1269,-0.45292956889941477
1270,-0.46870574499931567
1271,-0.45451178275366977
1272,-0.4428261613971683
1273,-0.39821555059350777
1274,-0.3088843567104898
1275,-0.4070207118529738
1276,-0.2757191495264279
1277,-0.4827249091359509
1278,-0.4357082497310576
1279,-0.48097473552097014
1280,-0.43273718901662456
1281,-0.4480375082156018
1282,-0.4821431335817655
1283,-0.4194056087875265
1284,-0.4248051427873459
1285,-0.4839941104391991
1286,-0.47483936950355865
1287,-0.43478837889880173
1288,-0.4687429320867383
1289,-0.4079755620512056
1290,-0.4840904999887003
1291,-0.38750160554843893
1292,-0.4432116563869529
1293,-0.4332457631592422
1294,-0.45008079866885325
1295,-0.48538892293818653
1296,-0.46893925876663256
1297,-0.4847850059131261
1298,-0.403811863719474
1299,-0.41559685693793436
1300,-0.4739602831194966
1301,-0.389331840899573
1302,-0.4714208123532439
1303,-0.3115435238176383
1304,-0.46322363025447005
1305,-0.34015919562443536
1306,-0.476954706207954
1307,-0.43088441041379594
1308,-0.4812585293042131
1309,-0.4252482731966868
1310,-0.4866300954284215
1311,-0.3809051991566328
1312,-0.40038807144049565
1313,-0.3723249015887766
1314,-0.3961755348723943
1315,-0.4365906503906654
1316,-0.43956788741601743
1317,-0.4467289942794258
1318,-0.39964936434305676
1319,-0.3936094975364423
1320,-0.4862375140865015
1321,-0.47157625931125136
1322,-0.44278898072104333
1323,-0.47623784537889124
1324,-0.30451245174106134
1325,-0.35345643751903816
1326,-0.4467592882974149
1327,-0.4149553302201768
1328,-0.4806857120000323
1329,-0.4611476274705733
1330,-0.4513052358322285
1331,-0.4284875400235832
1332,-0.42017219699138014
1333,-0.47406541960245574
1334,-0.463023335229927
1335,-0.45869728285979444
1336,-0.4622096892171268
1337,-0.42655199162879187
1338,-0.48153809915092977
1339,-0.3964201886395778
1340,-0.4832017974356692
1341,-0.4521732545979356
1342,-0.36204004941768775
1343,-0.4715888569016039
1344,-0.4688177961232064
1345,-0.4362140818417826
1346,-0.4437429968314252
1347,-0.44658996244075116
1348,-0.45580313300456443
1349,-0.45899175428936767
1350,-0.46115353963787187
1351,-0.45909018588058287
1352,-0.4806899529493007
1353,-0.4229027664492487
1354,-0.4538188669010108
1355,-0.4739632041592663
1356,-0.46441712704457333
1357,-0.3542430302183445
1358,-0.4783594527328038
1359,-0.48694121586253786
1360,-0.4498593535040932
1361,-0.4581075466386321
1362,-0.484173293868941
1363,-0.39786091921312905
1364,-0.48199134518268993
1365,-0.4651889586796428
1366,-0.42584815631381057
1367,-0.378314159986278
1368,-0.46569292508132304
1369,-0.4720568956349515
1370,-0.4566991516302111
1371,-0.48353619499717815
1372,-0.4496467185375652
1373,-0.319382443807613
1374,-0.43247620655658775
1375,-0.38401057712421105
1376,-0.47896148850292614
1377,-0.4494526457609575
1378,-0.45170733015030873
1379,-0.4736428408931527
1380,-0.4541547909230012
1381,-0.46276886028948055
1382,-0.4493061814760261
1383,-0.3875235423493678
1384,-0.4869439812881329
1385,-0.4501045129325388
1386,-0.2819463469865478
1387,-0.42522739121531045
1388,-0.47746991681959955
1389,-0.43816324555645386
1390,-0.47359945076831805
1391,-0.44850775839294815
1392,-0.45531824972761487
1393,-0.3694519899919086
1394,-0.45603894364444053
1395,-0.46542406873459413
1396,-0.43132136935446763
1397,-0.4149898426593459
1398,-0.42469734391394737
1399,-0.48381922303233493
1400,-0.4297528058791971
1401,-0.46255421990003065
1402,-0.4533564847339569
1403,-0.4165131837900294
1404,-0.4691951730538349
1405,-0.32538697744564726
1406,-0.3288082755618856
1407,-0.45426306683274575
1408,-0.44131439008069695
1409,-0.44182415519514334
1410,-0.40075678173141976
1411,-0.48432472593259435
1412,-0.465572664429414
1413,-0.4688348696169092
1414,-0.4577469646019263
1415,-0.48064672610901604
1416,-0.48010352511157456
1417,-0.4526148575928458
1418,-0.45820141681131704
1419,-0.45900928837766386
1420,-0.46558917587901555
1421,-0.2983158646784734
1422,-0.42939882150914455
1423,-0.4760260880174004
1424,-0.3602629484125546
1425,-0.41793664609659
1426,-0.3595221049776071
1427,-0.42350927079114803
1428,-0.4653793639581439
1429,-0.4220343634738202
1430,-0.1417083570507711
1431,-0.43969513064258975
1432,-0.39765208093579757
1433,-0.27599061751755705
1434,-0.4431148025572064
1435,-0.38810291024783006
1436,-0.3843469315341993
1437,-0.4263123461007233
1438,-0.44779181887584335
1439,-0.39176190132729793
1440,-0.45925576771327015
1441,-0.45760527550377655
1442,-0.40600232562626504
1443,-0.43372740506986607
1444,-0.4132722731475108
1445,-0.4648324113990369
1446,-0.46019278428506427
1447,-0.4012423067763174
1448,-0.4136856913090223
1449,-0.27033925999677183
1450,-0.4141899784615751
1451,-0.4289470722722205
1452,-0.45071625495212
1453,-0.31219880801959426
1454,-0.46866114733897873
1455,-0.3215687039315899
1456,-0.3477453223626765
1457,-0.48158849045137936
1458,-0.4391612871220823
1459,-0.484248443588967
1460,-0.4830070409411788
1461,-0.4230429452680195
1462,-0.4696364958972488
1463,-0.48241310666299025
1464,-0.3703112491703388
1465,-0.46727090968910795
1466,-0.4828197986657131
1467,-0.448144533081166
1468,-0.4509782241483799
1469,-0.452717112905268
1470,-0.4676053446409121
1471,-0.45521385893101834
1472,-0.46905175938750315
1473,-0.4140568903441925
1474,-0.45885477360739013
1475,-0.41771674697659006
1476,-0.35741317315579235
1477,-0.4470984544598754
1478,-0.42312086664769305
1479,-0.45250534338527204
1480,-0.34115503802999503
1481,-0.41579137965136204
1482,-0.39924025816180214
1483,-0.4756674965538651
1484,-0.3962481163284796
1485,-0.43620070189450577
1486,-0.42202008416481607
1487,-0.42174549499652114
1488,-0.40006069503422426
1489,-0.40057065038531137
1490,-0.46473934124567823
1491,-0.46078315033705153
1492,-0.3598524924740135
1493,-0.38891451898181295
1494,-0.46466737943937314
1495,-0.4146138923596996
1496,-0.37122786623193266
1497,-0.42786590149589593
1498,-0.3949066774563245
1499,-0.42365111739049227
1500,-0.4332626374598257
1501,-0.44796060012595756
1502,-0.4156396204334671
1503,-0.4735258036102365
1504,-0.45386366412023027
1505,-0.4732056094402366
1506,-0.4649649396130798
1507,-0.3992781869888391
1508,-0.4811111289040758
1509,-0.354485445467009
1510,-0.46131153010164805
1511,-0.4375915936794398
1512,-0.4172230323737407
1513,-0.48469847842167335
1514,-0.3037793427689868
1515,-0.43881476076554604
1516,-0.4064730234509756
1517,-0.47703163484397254
1518,-0.43834093259890156
1519,-0.41858450440026873
1520,-0.45291883325825566
1521,-0.47944720613198827
1522,-0.41961519558245525
1523,-0.45429013671930274
1524,-0.45618864990519364
1525,-0.4281353026128841
1526,-0.3848204842076359
1527,-0.4190720772479957
1528,-0.43774890171876557
1529,-0.4296948769599602
1530,-0.4092964696009611
1531,-0.4606436344771706
1532,-0.43249880626641307
1533,-0.40836010461770983
1534,-0.40415739186963884
1535,-0.47406976675630474
1536,-0.37735773009254214
1537,-0.4457958912503435
1538,-0.4563443444695778
1539,-0.43528722800701986
1540,-0.43771196002134616
1541,-0.32386269850383004
1542,-0.42867980752773965
1543,-0.4453044747964192
1544,-0.41645703450889193
1545,-0.43136063477352704
1546,-0.40075593553055244
1547,-0.3890802853262101
1548,-0.4807891452335928
1549,-0.4803210325597826
1550,-0.4297139574306306
1551,-0.3875906308080286
1552,-0.416741820796307
1553,-0.43239561472783317
1554,-0.44956958925751467
1555,-0.4280742604391554
1556,-0.3820220433102503
1557,-0.4378221819617588
1558,-0.39859768524978123
1559,-0.45415434565241913
1560,-0.4678703419451345
1561,-0.47671716407889503
1562,-0.3793533161187161
1563,-0.35792538956429704
1564,-0.38675194338036323
1565,-0.33408578857100724
1566,-0.41087625640306646
1567,-0.45386783657546664
1568,-0.4457305574937547
1569,-0.40389562444124305
1570,-0.43033476972822843
1571,-0.3842483855147922
1572,-0.4227119399136329
1573,-0.4430878470776212
1574,-0.3396982129425648
1575,-0.4725005143268525
1576,-0.4654792133446197
1577,-0.3477614039732818
1578,-0.4864982706065935
1579,-0.40431401363624675
1580,-0.41121656371619986
1581,-0.40014996543104187
1582,-0.37888348294589774
1583,-0.33489388684404753
1584,-0.44265436892538257
1585,-0.46282976082067956
1586,-0.37516704932922657
1587,-0.4867862809680985
1588,-0.28304352121843074
1589,-0.4253857423422136
1590,-0.404018634207221
1591,-0.45475967903372344
1592,-0.3946458332347629
1593,-0.4425551801108863
1594,-0.4131618968007023
1595,-0.45847601204721966
1596,-0.42982705761553675
1597,-0.4532388335133699
1598,-0.27502477145537957
1599,-0.47652370028474983
1600,-0.4093335945749985
1601,-0.3579513912989913
1602,-0.36156040602152634
1603,-0.3842127053978081
1604,-0.4254423061531988
1605,-0.4367728404236871
1606,-0.4332159176545878
1607,-0.47149342586969545
1608,-0.43949352723398394
1609,-0.47997603170130526
1610,-0.45120325578586523
1611,-0.3778024214314987
1612,-0.40426617999823355
1613,-0.48320605974729486
1614,-0.4843289528945916
1615,-0.4661125716649959
1616,-0.45659582837633506
1617,-0.44871100415740256
1618,-0.4477597366703625
1619,-0.432115834555123
1620,-0.33341539187946095
1621,-0.42512038294005916
1622,-0.43694010949112877
1623,-0.32060662078841023
1624,-0.4109696791541014
1625,-0.3403504689021808
1626,-0.4464395294767635
1627,-0.462010288934261
1628,-0.4244745575717373
1629,-0.43062760923495624
1630,-0.42670155696483536
1631,-0.388788841808858
1632,-0.410865526158584
1633,-0.4358911771191851
1634,-0.4343704386956226
1635,-0.4559160905145328
1636,-0.34121838606159416
1637,-0.4315561484054812
1638,-0.4727290763118344
1639,-0.4085087153481638
1640,-0.3865956476450792
1641,-0.37247464311612766
1642,-0.4284566918631547
1643,-0.4540121970419141
1644,-0.3908950255507741
1645,-0.4774842508076226
1646,-0.3369095417009183
1647,-0.46279374011619306
1648,-0.461362309118735
1649,-0.45565644457406207
1650,-0.45001703037083524
1651,-0.4281327144159722
1652,-0.3853465455586266
1653,-0.3640186829701221
1654,-0.3986191413123088
1655,-0.4652711273006216
1656,-0.4362469291096335
1657,-0.44838501641038414
1658,-0.3338465950434907
1659,-0.3838224191714476
1660,-0.4378908534454227
1661,-0.4692952165297308
1662,-0.2959797628236661
1663,-0.4645306542148823
1664,-0.38701648666767074
1665,-0.40174731279858383
1666,-0.3881235175177456
1667,-0.4792805675860015
1668,-0.45974501044242977
1669,-0.3064891920917451
1670,-0.4499274489045525
1671,-0.4775326404957788
1672,-0.35566779976487556
1673,-0.34642167924686834
1674,-0.30474294533347884
1675,-0.44736833504218493
1676,-0.48136914583759227
1677,-0.4758327584577664
1678,-0.415504963381106
1679,-0.3890039400395564
1680,-0.3327821921856772
1681,-0.37652739534687946
1682,-0.4493211585424004
1683,-0.44791592787642076
1684,-0.4756424221295374
1685,-0.47429034654183283
1686,-0.3818853549858545
1687,-0.452458956781698
1688,-0.40856495168807183
1689,-0.45275554356113956
1690,-0.4568324177768442
1691,-0.47125584539199744
1692,-0.4660359258160839
1693,-0.44828782699432096
1694,-0.3451198062466889
1695,-0.4324469171862722
1696,-0.4313520137323351
1697,-0.4659096332579519
1698,-0.39261272099290334
1699,-0.4498674330026726
1700,-0.43380014343627066
1701,-0.4263121934697136
1702,-0.46995428819967777
1703,-0.43984382594753746
1704,-0.44041703323584364
1705,-0.4097465713649233
1706,-0.3670135116686831
1707,-0.44589292129052166
1708,-0.4730452107444157
1709,-0.4843321805813623
1710,-0.4762312240961728
1711,-0.45882668824904516
1712,-0.47348385118498765
1713,-0.35572936163989866
1714,-0.4168333861461337
1715,-0.3377781627022844
1716,-0.45420009395471467
1717,-0.3257197539595656
1718,-0.33214245402519516
1719,-0.43531295669803666
1720,-0.4410916549559228
1721,-0.45270827976170347
1722,-0.3881898493721821
1723,-0.485334244143939
1724,-0.43582486027013423
1725,-0.39395025253131183
1726,-0.4395303882518088
1727,-0.12526043598046638
1728,-0.42121145580632036
1729,-0.17271389030691164
1730,-0.34825229808452773
1731,-0.3593752839017613
1732,-0.32870093359550046
1733,-0.36291026246340247
1734,-0.43208067588502524
1735,-0.36373409560944797
1736,-0.40710578888160726
1737,-0.48271287393256557
1738,-0.485827766458978
1739,-0.33467459359878937
1740,-0.4415879733410551
1741,-0.3586184033520715
1742,-0.3659555434951882
1743,-0.3753199962122786
1744,-0.2693377546152849
1745,-0.4502305056227538
1746,-0.48366881200958955
1747,-0.47220772535945044
1748,-0.4034422579792656
1749,-0.32675963294772303
1750,-0.47442472181925277
1751,-0.3235530043362637
1752,-0.4072813125663321
1753,-0.3260482481729301
1754,-0.40009062946328666
1755,-0.38874443407751796
1756,-0.4397632300618538
1757,-0.4317645084199906
1758,-0.45263887042869677
1759,-0.48114086810712187
1760,-0.44859432165295476
1761,-0.4768083603894915
1762,-0.37819927440964973
1763,-0.4136309330578135
1764,-0.3403035017587512
1765,-0.4810318102543894
1766,-0.4202138768475642
1767,-0.3670675566784015
1768,-0.3999875054211704
1769,-0.3904309832422155
1770,-0.35447660740941966
1771,-0.37274009180926293
1772,-0.4037581953717445
1773,-0.41523549178028735
1774,-0.3972753576456379
1775,-0.4345553219645624
1776,-0.4539303636364371
1777,-0.4190920637258549
1778,-0.39323251089254324
1779,-0.35604962579553356
1780,-0.467903012043046
1781,-0.3401670985955625
1782,-0.2785407498629769
1783,-0.48512456284085853
1784,-0.3502983927537703
1785,-0.33055776469513004
1786,-0.44295342548881594
1787,-0.45268636232136406
1788,-0.4028054407001209
1789,-0.4324642481432035
1790,-0.41488284513528845
1791,-0.4344958931207582
1792,-0.2994355315587822
1793,-0.4722258684452992
1794,-0.48311770149863403
1795,-0.4123852759754045
1796,-0.4028509232658624
1797,-0.458366655593834
1798,-0.45711333325466746
1799,-0.44566678594913933
1800,-0.4484155028714574
1801,-0.4635978927088617
1802,-0.3787982137368486
1803,-0.3731622429487542
1804,-0.36241965567286966
1805,-0.3267491153073643
1806,-0.4333042929755431
1807,-0.4752463036417466
1808,-0.4083398944801104
1809,-0.47772176647926173
1810,-0.4126785862491087
1811,-0.4401841769673252
1812,-0.47419708872993804
1813,-0.3676499490278218
1814,-0.38048470430625825
1815,-0.2675079092956076
1816,-0.42312645215935407
1817,-0.445960604566931
1818,-0.3167130716900734
1819,-0.4540957249557278
1820,-0.3363465508136946
1821,-0.2913616188505207
1822,-0.3993264263943725
1823,-0.4849916034817553
1824,-0.38965543689394116
1825,-0.34913614758665734
1826,-0.3900747077518273
1827,-0.3405194301285575
1828,-0.32048041218981094
1829,-0.469709002447228
1830,-0.38708458394507406
1831,-0.4211443216341086
1832,-0.45032814431582463
1833,-0.4471321451187251
1834,-0.4763569548723277
1835,-0.47093342978568303
1836,-0.2774853942025582
1837,-0.3482518140372143
1838,-0.4194868593598991
1839,-0.3572433187651922
1840,-0.39812319585177625
1841,-0.37536080918998743
1842,-0.36449550413245857
1843,-0.41035325261446604
1844,-0.39721368984910593
1845,-0.35985456564794593
1846,-0.4625642491458273
1847,-0.4549003362835716
1848,-0.47072377791004566
1849,-0.3259793762301608
1850,-0.35950183066170793
1851,-0.3637543674784034
1852,-0.397127286536988
1853,-0.2554447391174927
1854,-0.4680076748867484
1855,-0.4146516858278801
1856,-0.3382759174697984
1857,-0.3931441707288832
1858,-0.39445577336248766
1859,-0.4552770081745835
1860,-0.35273712292537535
1861,-0.38811139805921724
1862,-0.3133197432418549
1863,-0.3517938449907074
1864,-0.4519763569113016
1865,-0.45722467323150495
1866,-0.4224349827165841
1867,-0.3720178582109153
1868,-0.4651384231889263
1869,-0.30478556821374175
1870,-0.4779535181473072
1871,-0.468860904600592
1872,-0.2743505214675101
1873,-0.45745930385571965
1874,-0.38833196761141914
1875,-0.3974778529550842
1876,-0.3805386343994451
1877,-0.3564769022049914
1878,-0.47320789659182083
1879,-0.37493710564654503
1880,-0.4143781886858642
1881,-0.4367645266677478
1882,-0.42745238589714746
1883,-0.3924945286260277
1884,-0.48639883163883657
1885,-0.4603971409497167
1886,-0.47243350641681015
1887,-0.4820769185953944
1888,-0.21053829040502242
1889,-0.34039869233915493
1890,-0.48271899418117786
1891,-0.41124071189323924
1892,-0.33579278816240715
1893,-0.47701398505641235
1894,-0.3856936176934184
1895,-0.41860729997917717
1896,-0.42726075598451113
1897,-0.3701333369379698
1898,-0.4813827941458252
1899,-0.38300609017726117
1900,-0.37699898517005626
1901,-0.48332368624069705
1902,-0.44492278291767484
1903,-0.3596909492632778
1904,-0.4117632380334847
1905,-0.3364449101318833
1906,-0.4485991647357796
1907,-0.432912079427746
1908,-0.4747944637712048
1909,-0.4151855961333886
1910,-0.36103462427452054
1911,-0.2759866507891454
1912,-0.18458434238981125
1913,-0.35702727846105037
1914,-0.37492001854204365
1915,-0.4491026075178832
1916,-0.3513854550967843
1917,-0.39993889169936947
1918,-0.4212495445453376
1919,-0.47091960050324033
1920,-0.38544849571048123
1921,-0.4231872535366185
1922,-0.4099371542776566
1923,-0.4629353447232177
1924,-0.44249066176392854
1925,-0.35047113773565974
1926,-0.48670808228320955
1927,-0.46965639912296997
1928,-0.3140991913984492
1929,-0.3858734169996751
1930,-0.47768846964725264
1931,-0.3960513838308548
1932,-0.3679473094088688
1933,-0.3591365250730755
1934,-0.4791170198085479
1935,-0.42938888797908437
1936,-0.385959592593844
1937,-0.4823379464986387
1938,-0.36651788071266994
1939,-0.4333943738859997
1940,-0.3724967165324183
1941,-0.36495984848152363
1942,-0.4220166142707001
1943,-0.3953865722607167
1944,-0.3837580646378015
1945,-0.44354565003521484
1946,-0.4076652271354361
1947,-0.40301907231502054
1948,-0.4756204569497857
1949,-0.42747168054322887
1950,-0.4836858487167518
1951,-0.37755753544333054
1952,-0.41398483089072385
1953,-0.3800928979795504
1954,-0.4262946493201964
1955,-0.3655941583587986
1956,-0.42571119789472706
1957,-0.45770861489506054
1958,-0.4524163715646248
1959,-0.37870483015674183
1960,-0.42202557599500723
1961,-0.4137810428945243
1962,-0.43311182686869676
1963,-0.3855656105146827
1964,-0.34474005599769825
1965,-0.4271081366240527
1966,-0.38666534409257525
1967,-0.3241609876459845
1968,-0.37069194873627775
1969,-0.47531436045823805
1970,-0.393490563506755
1971,-0.4762914236443053
1972,-0.3964137461554119
1973,-0.29163784314489943
1974,-0.4848371817072037
1975,-0.41909052638089894
1976,-0.48504719723753875
1977,-0.4585250163822766
1978,-0.21046634306751064
1979,-0.36741214878723405
1980,-0.417203386263144
1981,-0.3423513617831317
1982,-0.37687181491447325
1983,-0.4076810816692099
1984,-0.35309796869074245
1985,-0.47494705121403624
1986,-0.4749174100748338
1987,-0.40249075463425854
1988,-0.4819101793908665
1989,-0.26959220521614086
1990,-0.3328522925458701
1991,-0.38169250982382463
1992,-0.28545157003069
1993,-0.4639855320110218
1994,-0.4475307261338998
1995,-0.3904142909382622
1996,-0.3830016324788634
1997,-0.4069117123725694
1998,-0.3906738779337707
1999,-0.4131796920752355
2000,-0.2401360378711138
