1,-0.4876391841078753
2,-0.48493852971675144
3,-0.48920265108473154
4,-0.4853976245791791
5,-0.4889739025846139
6,-0.48543283903589873
7,-0.48085965863158275
8,-0.4877581792983517
9,-0.48091432925305483
10,-0.4874120575815693
11,-0.43358469467291627
12,-0.47283063966844857
13,-0.43327532683719994
14,-0.48836478956304263
15,-0.48739879972078665
16,-0.48345816971110944
17,-0.48687480333459787
18,-0.48745263142572426
19,-0.4897236292034429
20,-0.4778920671322297
21,-0.4858184520227959
22,-0.4728579740349575
23,-0.48519390876206786
24,-0.4879129425561452
25,-0.48595193985360674
26,-0.48363361697536456
27,-0.4864840315372838
28,-0.48850215411345815
29,-0.4843200100261544
30,-0.44872247268275217
31,-0.4884917206496473
32,-0.4843901807349504
33,-0.484394748557232
34,-0.4859237021317342
35,-0.48602188429459636
36,-0.4857480882307776
37,-0.47977231121996183
38,-0.49065771026467536
39,-0.45766844837336285
40,-0.4865502821080458
41,-0.48839070695521297
42,-0.48320075796382467
43,-0.4734510201219403
44,-0.48700259206248275
45,-0.48608632950370007
46,-0.48735678337715543
47,-0.4883399249025826
48,-0.4878295158856033
49,-0.4863319891408919
50,-0.48579719339062893
51,-0.48608334596100317
52,-0.484871866294746
53,-0.48711790340487005
54,-0.48657903903634975
55,-0.4856667924716955
56,-0.4871231120942401
57,-0.48628044379913954
58,-0.4876812302386543
59,-0.4861869815708494
60,-0.48355398882880113
61,-0.4869028481414833
62,-0.48745646890521244
63,-0.48612684093493264
64,-0.48584693542942503
65,-0.4864628496228635
66,-0.4854013267258065
67,-0.45926929950371165
68,-0.48035754697863664
69,-0.45630181800451397
70,-0.4861647285265113
71,-0.47583810034122603
72,-0.48549955997220173
73,-0.4867894878193484
74,-0.48570601195449453
75,-0.48649654178642543
76,-0.48500611062916743
77,-0.48291241558570264
78,-0.48653609865077696
79,-0.48760669672429574
80,-0.4869722834935156
81,-0.4861568472707814
82,-0.4858201663091573
83,-0.48711074431461576
84,-0.4893870440674109
85,-0.48046604848240526
86,-0.4889002337956554
87,-0.4858148486953083
88,-0.48468654368707464
89,-0.48711921463104624
90,-0.4840299960904738
91,-0.48658663220248294
92,-0.4874834623806898
93,-0.4859891161780075
94,-0.48642002312512633
95,-0.4866512980452234
96,-0.4864126062670216
97,-0.48930470234794904
98,-0.48547816626968515
99,-0.4889520461138787
100,-0.4900809645550053
101,-0.48748174030089064
102,-0.4829877244127801
103,-0.48572824072994936
104,-0.4862037191415209
105,-0.4858186182838404
106,-0.4868200842553559
107,-0.48493699070829493
108,-0.4714382992859786
109,-0.4721613333950687
110,-0.48659594213830654
111,-0.4865344078263063
112,-0.4876180429528912
113,-0.48784093652756877
114,-0.48615811709579465
115,-0.4682296424876962
116,-0.48402012614816736
117,-0.48107679487803306
118,-0.48798342996490746
119,-0.4859037411215677
120,-0.48672403529516917
121,-0.48558176361859395
122,-0.47824048091179416
123,-0.48646288890383194
124,-0.4878505755790359
125,-0.4860304807768886
126,-0.4837585973152853
127,-0.4859297050898897
128,-0.4767607365116741
129,-0.48487538007581626
130,-0.4886570564580785
131,-0.48739877666914505
132,-0.48085831288413877
133,-0.48730625658807414
134,-0.48680055514451626
135,-0.4794952933396644
136,-0.4859526213138888
137,-0.4550560087639093
138,-0.4570398991586582
139,-0.48566185407120427
140,-0.4865046093905775
141,-0.49048948825409133
142,-0.4747232618325501
143,-0.4866381223363577
144,-0.49007630743745123
145,-0.48627472110876707
146,-0.4863419101384555
147,-0.48698776796086457
148,-0.48810757389931025
149,-0.48349083600022635
150,-0.481678265323427
151,-0.48691537527241213
152,-0.4871800751252378
153,-0.4820213745946334
154,-0.40237169305414244
155,-0.4845241029696325
156,-0.4761502615278098
157,-0.4818766470039968
158,-0.48583760949747784
159,-0.4886439621026543
160,-0.48691223545615403
161,-0.4863498597026956
162,-0.4863325865996206
163,-0.48328285149262107
164,-0.4271047048016427
165,-0.48603989147133875
166,-0.4877545018966506
167,-0.4865040814901195
168,-0.46477685665457924
169,-0.48302279979588314
170,-0.48741370573887155
171,-0.48707945239935496
172,-0.48571208338771393
173,-0.48659916063223024
174,-0.4280521666200857
175,-0.4839434231788175
176,-0.48704371931065876
177,-0.43973084885842356
178,-0.4882821834935116
179,-0.486821282177001
180,-0.48573587791756984
181,-0.4823706914515449
182,-0.4735559068915506
183,-0.48612044365550655
184,-0.4867971596295616
185,-0.48637862610716476
186,-0.48648874429897954
187,-0.47952425449001324
188,-0.48483028477443324
189,-0.47774417899135335
190,-0.48767848513698847
191,-0.4885671635043042
192,-0.48700338304869406
193,-0.4884055401834865
194,-0.48740941114338626
195,-0.35481152500003293
196,-0.4870874605869511
197,-0.48540122293937943
198,-0.4708664426941525
199,-0.4870990832343118
200,-0.48572562704917027
201,-0.48587366586302455
202,-0.4868957254129101
203,-0.48811749525597503
204,-0.48501498858988334
205,-0.4857871756639519
206,-0.48577515918101266
207,-0.4868438876602021
208,-0.4858343870740524
209,-0.48727759398182635
210,-0.4867526706177856
211,-0.4865299072144863
212,-0.48653558460381363
213,-0.4866785036567168
214,-0.48710861886677254
215,-0.48678483826404173
216,-0.46952964837135225
217,-0.4843048661280876
218,-0.47823311761363724
219,-0.46794086506865157
220,-0.48665257164357495
221,-0.4877611618946266
222,-0.4887161848726432
223,-0.4868085885362237
224,-0.42056015479925535
225,-0.4833785200139843
226,-0.43006712069916836
227,-0.4856358566305822
228,-0.4877615134975889
229,-0.486617906317945
230,-0.4864074003697686
231,-0.48587543682663514
232,-0.48740693354743403
233,-0.4897704745690363
234,-0.47846383769858825
235,-0.4695089414376671
236,-0.4810461015378552
237,-0.3987526897789379
238,-0.48760107189498936
239,-0.48730594091229373
240,-0.4870951671203455
241,-0.48411688626808363
242,-0.48746260506375416
243,-0.4869229909874595
244,-0.485727601771521
245,-0.487311865147278
246,-0.48485294614362157
247,-0.4873721571896549
248,-0.48416678533843
249,-0.4865226192344942
250,-0.42844499442954015
251,-0.48560289201407086
252,-0.48220162638307995
253,-0.48636347373226435
254,-0.4837574690077931
255,-0.4827610113948685
256,-0.4730225103869627
257,-0.4852460362459691
258,-0.48847338038768273
259,-0.4871268651904593
260,-0.4610559196739845
261,-0.4866865428057709
262,-0.47814266087941104
263,-0.46949895659906077
264,-0.4841639664257112
265,-0.4813883002876493
266,-0.48564071240418316
267,-0.48638788569662683
268,-0.4880876513718223
269,-0.4858805877669795
270,-0.4884060679408224
271,-0.4814641790175374
272,-0.429344484186137
273,-0.48699681534762396
274,-0.4867743365827487
275,-0.48093771011216524
276,-0.484349029171448
277,-0.48855623008877713
278,-0.45323570993790036
279,-0.48753515800374375
280,-0.4818028422821467
281,-0.48623495671374095
282,-0.45651374907951225
283,-0.4879646944584373
284,-0.4405885151039314
285,-0.44683781674004047
286,-0.4871582928950013
287,-0.44966034561766727
288,-0.4847873933773356
289,-0.4871052965594766
290,-0.48625252368894134
291,-0.4891690292360292
292,-0.4833262428072256
293,-0.4882827367564684
294,-0.4874692227315392
295,-0.4839468442986584
296,-0.484041448538497
297,-0.4861266519318332
298,-0.4566748476180422
299,-0.48559881011872896
300,-0.48572464285096106
301,-0.4697381467602776
302,-0.4875243792577495
303,-0.48694681397110895
304,-0.482938246557712
305,-0.4853026977155312
306,-0.48203356567375255
307,-0.48695993508240837
308,-0.4872425967711163
309,-0.48681806948218814
310,-0.44838293757505726
311,-0.4657750592514976
312,-0.4859624977955113
313,-0.48692227795471127
314,-0.48243027120732773
315,-0.47970271190413694
316,-0.48379210932626815
317,-0.4869450673922191
318,-0.4737381333858167
319,-0.4826055371767115
320,-0.48612397770412924
321,-0.4816622515892382
322,-0.48233294456765263
323,-0.4620156675044324
324,-0.48501158669821687
325,-0.44226352010604564
326,-0.4877348595852457
327,-0.4675480225869912
328,-0.45136337424231354
329,-0.4687645077570976
330,-0.4847918712471724
331,-0.4854221030429742
332,-0.4873645221894976
333,-0.4876966898120466
334,-0.486930574240303
335,-0.4849999612515435
336,-0.4324386520215197
337,-0.4759228817411376
338,-0.4852186612311538
339,-0.48524752286584777
340,-0.4732397281751756
341,-0.48463644891386065
342,-0.4871397387747645
343,-0.48546177563174564
344,-0.43590242383174777
345,-0.48590240642514554
346,-0.48324279650794844
347,-0.48747363341404576
348,-0.4847123524249437
349,-0.48578394079033255
350,-0.48532044324896834
351,-0.47458098262415904
352,-0.4876442782064737
353,-0.4810389449594108
354,-0.48791381427635755
355,-0.48733658486577464
356,-0.4607388537218574
357,-0.47321556711221335
358,-0.4831358758291833
359,-0.4687738999352116
360,-0.45795714890465866
361,-0.48376465103185384
362,-0.4823518793658046
363,-0.46828916803487636
364,-0.47935554487933807
365,-0.4803724489268842
366,-0.46379175695450586
367,-0.4831424772310574
368,-0.48669744448893837
369,-0.47178366439710806
370,-0.486062099752486
371,-0.48671571924262985
372,-0.4843777125321954
373,-0.4810716689769768
374,-0.4560325740541725
375,-0.48104587646148866
376,-0.47803441428453763
377,-0.4837564600230475
378,-0.4768644895346782
379,-0.4854927800566863
380,-0.4834393954053609
381,-0.48135236397562875
382,-0.48556165863021317
383,-0.48576484432409683
384,-0.4816083837247985
385,-0.4722919156736221
386,-0.4843031270503616
387,-0.4871376804830489
388,-0.48059544117495884
389,-0.4883760384500707
390,-0.4851229088448025
391,-0.4859643736385453
392,-0.4734174817933354
393,-0.37233050470135937
394,-0.4883651829526208
395,-0.4845412535849949
396,-0.48183771282251986
397,-0.48712156995227474
398,-0.4539693996776141
399,-0.4857756036659342
400,-0.48360458476196105
401,-0.47875238020864846
402,-0.4885121874539435
403,-0.43802870492911666
404,-0.48700544701686266
405,-0.4840857450401149
406,-0.47775683475438646
407,-0.44435286449498435
408,-0.48605829707623677
409,-0.4865562088185848
410,-0.48797481133352466
411,-0.46450537770965483
412,-0.4879067545645294
413,-0.48380466442533354
414,-0.4834081091977461
415,-0.47688334903732366
416,-0.47328326721117214
417,-0.4855539722674553
418,-0.3893016481666967
419,-0.4856171638460365
420,-0.46906323187285553
421,-0.4893666777374257
422,-0.40669741937219783
423,-0.486931160510631
424,-0.41725158188622985
425,-0.4840033751352665
426,-0.47992329010356694
427,-0.4852167827684549
428,-0.4837040623755269
429,-0.4859209881572776
430,-0.44515040082346413
431,-0.48142605266314165
432,-0.30353452396964536
433,-0.4741334027702337
434,-0.4582994720060782
435,-0.4550802407574873
436,-0.4655139393110211
437,-0.4868986589207312
438,-0.485599470330656
439,-0.48605840051707744
440,-0.4642018577989197
441,-0.48771912797859807
442,-0.46947700483002347
443,-0.4784412195707725
444,-0.48629910322222486
445,-0.42597877027365166
446,-0.48626963194780193
447,-0.4741054581608432
448,-0.48285510403855564
449,-0.48580804550113144
450,-0.46327623441449395
451,-0.48754721842113596
452,-0.4862595868253495
453,-0.4637126746171448
454,-0.4786856699288534
455,-0.4565967436536956
456,-0.372963320417762
457,-0.46148576586154044
458,-0.47887975146755163
459,-0.46264043711914604
460,-0.4786209049770249
461,-0.48158561635763636
462,-0.4784158405821591
463,-0.48715038706371655
464,-0.4876065649326534
465,-0.48370005850115466
466,-0.48969054863017114
467,-0.4846629327826243
468,-0.48372398711836256
469,-0.4565466698455874
470,-0.4432849742468749
471,-0.4769396563475488
472,-0.4899001695562021
473,-0.48564250756617333
474,-0.48215054958922193
475,-0.48503089360686485
476,-0.4111052641895301
477,-0.48476543721178167
478,-0.47241650493302056
479,-0.48337599375077983
480,-0.48335466683127476
481,-0.4858898989129397
482,-0.4773854548663389
483,-0.48161455688992766
484,-0.48705502691213365
485,-0.4830353304689388
486,-0.479310492921105
487,-0.4817402935693456
488,-0.35977774126515866
489,-0.41307567192229433
490,-0.46214286405198385
491,-0.48340493643429006
492,-0.48521381586724227
493,-0.4853237116734459
494,-0.48631737958066645
495,-0.4865801180871332
496,-0.47319190771611763
497,-0.48703429659346115
498,-0.41480513199026475
499,-0.4780407725691175
500,-0.46591850347155
501,-0.47678968586907405
502,-0.46310832193737345
503,-0.4472406028282292
504,-0.43182210748182365
505,-0.4661977701172094
506,-0.47975414493723956
507,-0.46921447896428997
508,-0.4848699305362277
509,-0.4832842102163909
510,-0.49011295447962944
511,-0.48536213880373136
512,-0.48524034719532194
513,-0.4847494459606071
514,-0.48156851116148247
515,-0.46484012522147217
516,-0.48628047501398497
517,-0.4543996734256003
518,-0.4870766061880968
519,-0.4693248519543515
520,-0.4604068695958395
521,-0.48771093750833405
522,-0.4891739107653355
523,-0.48524920733803256
524,-0.4675234915114767
525,-0.481537318240199
526,-0.4446826071932638
527,-0.4893789051527806
528,-0.4335671332297951
529,-0.4839871704868133
530,-0.4413014431139207
531,-0.48584257242908935
532,-0.4862959805491895
533,-0.40072745331228815
534,-0.4849516851221386
535,-0.48123816051836416
536,-0.4583687990253931
537,-0.42405327259612857
538,-0.4854780959191652
539,-0.48808279556930356
540,-0.4859565959551057
541,-0.4609468386191045
542,-0.47917122328949185
543,-0.47752059277344544
544,-0.4776951996405128
545,-0.48475328034837495
546,-0.48870646667801954
547,-0.48245096017050515
548,-0.48604276711928335
549,-0.40530811597214333
550,-0.4869605049442672
551,-0.4807279813587843
552,-0.4877712828594805
553,-0.4352956533128878
554,-0.43835835289907094
555,-0.48635794360867524
556,-0.42351879358074085
557,-0.48066759643472345
558,-0.48643311391617283
559,-0.41249584482612134
560,-0.48773482505218185
561,-0.48489350726903424
562,-0.45641516994951464
563,-0.47303782012058737
564,-0.40700811642476287
565,-0.433984878966784
566,-0.38382358206584766
567,-0.45563031566183787
568,-0.4886715328879639
569,-0.48645504040704873
570,-0.48279243509067743
571,-0.48566636024291077
572,-0.48607795328162556
573,-0.43405266241278884
574,-0.490442727404339
575,-0.3685635123204099
576,-0.4890969816770074
577,-0.48591914602223085
578,-0.4341173309256076
579,-0.4881102606311519
580,-0.484620394920027
581,-0.4796828845000297
582,-0.3935352094282024
583,-0.4866064755091088
584,-0.4376856718645663
585,-0.46374692651171984
586,-0.48541572946198924
587,-0.4765711106814732
588,-0.48804140758295417
589,-0.4828148107410263
590,-0.45257319919832817
591,-0.4842681459037417
592,-0.4830840466819916
593,-0.48693741370856775
594,-0.4859813031459253
595,-0.4787562670569319
596,-0.4860652048851576
597,-0.4039497205246912
598,-0.48686226871577276
599,-0.4106111027703497
600,-0.4807385622846495
601,-0.4735187579541384
602,-0.4385215530630024
603,-0.483750088955805
604,-0.4143671504799777
605,-0.48369495214178665
606,-0.48691654166911635
607,-0.4838533004737809
608,-0.4811972074039325
609,-0.4563520662102132
610,-0.4472741611451994
611,-0.4877423792301256
612,-0.4861935892775549
613,-0.4877687755261005
614,-0.48533216526686973
615,-0.48661474023124357
616,-0.4834807435038236
617,-0.4849473607044844
618,-0.48444446625315973
619,-0.48693968035056645
620,-0.44368295311601075
621,-0.48654523791428084
622,-0.3659225649159644
623,-0.4679310977645677
624,-0.48106244892684613
625,-0.43079233633180763
626,-0.4853968193099215
627,-0.48614158023472864
628,-0.45562849329970795
629,-0.48658219033046984
630,-0.4796758575901414
631,-0.4826226677393472
632,-0.47450337806752424
633,-0.46144996421104256
634,-0.48402465030882275
635,-0.48511823327037
636,-0.4869158574761624
637,-0.4602616808597178
638,-0.48547689128006605
639,-0.4821926911420697
640,-0.47477433329216384
641,-0.47675017353553323
642,-0.4707652026738535
643,-0.4842153876589492
644,-0.48277125872611437
645,-0.48670268998976496
646,-0.4496103021949363
647,-0.48365919997149764
648,-0.4784935663005904
649,-0.47366472976442675
650,-0.48698729963770004
651,-0.4875944819335606
652,-0.48815524312906655
653,-0.48519510118448944
654,-0.48585688719414494
655,-0.4640622110167945
656,-0.45955844722495054
657,-0.4714863256745711
658,-0.4480443347337899
659,-0.47815742405093015
660,-0.4100219969148054
661,-0.4530804614679617
662,-0.48861166459380717
663,-0.4738934160605404
664,-0.4865239532120421
665,-0.4750766961508475
666,-0.48679836402044707
667,-0.48612964920480495
668,-0.4692473482008434
669,-0.47764541883092015
670,-0.45784819183678144
671,-0.47832144062744597
672,-0.4839938251191381
673,-0.4862963189476278
674,-0.44940389408280834
675,-0.4853539735061369
676,-0.447017276647098
677,-0.46848329026309043
678,-0.425799875051227
679,-0.482628157959033
680,-0.4149312697935043
681,-0.4864940370219831
682,-0.45028224882309037
683,-0.4865796620685495
684,-0.3906497193769022
685,-0.48775363187629456
686,-0.4711286950413451
687,-0.48524432625220615
688,-0.4854054754695023
689,-0.4875422176194677
690,-0.4854753156951312
691,-0.4291957423500727
692,-0.47796013737383775
693,-0.4841619782153356
694,-0.46794506575473505
695,-0.42796716452886274
696,-0.48618868886396377
697,-0.44479146241385553
698,-0.48620037740608063
699,-0.48762436920778196
700,-0.447690978824746
701,-0.3972685250897249
702,-0.4203202569309975
703,-0.47141833316236287
704,-0.47182007563899925
705,-0.48406855355301615
706,-0.4696567113981959
707,-0.44861625343695516
708,-0.48442811594346974
709,-0.4576806001671426
710,-0.48167145466463784
711,-0.4712079047420368
712,-0.4666184176210798
713,-0.47368795851853196
714,-0.4702174902405288
715,-0.4897150609409952
716,-0.4729703747178027
717,-0.48321282410841854
718,-0.41074422544633654
719,-0.48390356479331104
720,-0.4482548529551134
721,-0.4666481772460857
722,-0.48624226891312944
723,-0.4801123909165344
724,-0.47780256866471715
725,-0.4865511335605015
726,-0.47496399871915423
727,-0.4827083181138147
728,-0.48773843251304094
729,-0.43936785031861697
730,-0.4850358456446305
731,-0.4808173116691944
732,-0.47001442570439506
733,-0.4864856497498555
734,-0.48482759271901354
735,-0.47816712097331854
736,-0.48576127519081924
737,-0.48741057373087465
738,-0.4473870174331254
739,-0.48705090136581947
740,-0.4830996246953353
741,-0.47262147413697037
742,-0.4841559924859089
743,-0.48772901001403673
744,-0.49018085287312113
745,-0.4729910218988201
746,-0.47433469959067986
747,-0.43477087191381947
748,-0.48697557687027543
749,-0.48462653360603075
750,-0.4494704878179978
751,-0.485503716048726
752,-0.41829486519766507
753,-0.4886264593987153
754,-0.4778194965583068
755,-0.48340463689119223
756,-0.4841061618782403
757,-0.4869574781424243
758,-0.46992595031929935
759,-0.4850665360158144
760,-0.4819417581453599
761,-0.4857537578763437
762,-0.47468513464178924
763,-0.4821456358313966
764,-0.47484602863884107
765,-0.4875840204967567
766,-0.48624459145168075
767,-0.4870064697113395
768,-0.48560002232988075
769,-0.4720818031153181
770,-0.436489370915375
771,-0.48549821835046886
772,-0.4831959250124218
773,-0.48644089125054574
774,-0.4850773965180539
775,-0.4846225623285693
776,-0.4695377529046261
777,-0.39435341763060705
778,-0.4871546652529218
779,-0.46420036430486383
780,-0.46853344060187946
781,-0.4586236532861315
782,-0.47668118841901325
783,-0.41445743004963326
784,-0.47896852986592825
785,-0.48833209240780817
786,-0.4497624216880101
787,-0.47043769146662623
788,-0.3475713392200469
789,-0.484255189507607
790,-0.48169244055654087
791,-0.4859454807793327
792,-0.4874139097504682
793,-0.3658994022578903
794,-0.48561295360910955
795,-0.40510809501966466
796,-0.4587063661226667
797,-0.4436991884160149
798,-0.4861815083043582
799,-0.483916514338361
800,-0.4869526378502532
801,-0.46967273173264384
802,-0.4857813680709655
803,-0.4903401470886365
804,-0.4868820316574194
805,-0.48643647072309193
806,-0.48849558355094
807,-0.4738089826968691
808,-0.2606382960026704
809,-0.4867472602117745
810,-0.48547236229711327
811,-0.486640841516624
812,-0.48658575185061376
813,-0.45367474199104485
814,-0.4806011568032993
815,-0.4763160370859471
816,-0.47536524725392204
817,-0.4331347498000207
818,-0.47582647821959556
819,-0.4659401734609934
820,-0.48597553062729926
821,-0.47218175592941236
822,-0.4869339136664742
823,-0.48397343242976654
824,-0.485286703143552
825,-0.48780941706697983
826,-0.4790650490816949
827,-0.476616874754639
828,-0.47136298692679085
829,-0.4811878092776807
830,-0.4799889067684907
831,-0.43023358389789434
832,-0.2662311686461927
833,-0.45045969241845896
834,-0.4846912760640642
835,-0.47955971086307647
836,-0.47984934716003264
837,-0.48552676080098106
838,-0.48626150394428624
839,-0.42240070053345247
840,-0.43874372385319216
841,-0.4618311682912304
842,-0.40794933627500624
843,-0.4819608297182771
844,-0.4600286145404503
845,-0.48563525639479055
846,-0.4868344922158943
847,-0.4598324959777271
848,-0.48740723368774963
849,-0.37791603430232623
850,-0.47597389065609963
851,-0.4790846327940646
852,-0.483744572393817
853,-0.35702020659561934
854,-0.4480188879442858
855,-0.48492346614951226
856,-0.48370318525246414
857,-0.46708322832407345
858,-0.44439497604384826
859,-0.3575314735970523
860,-0.4689463583988488
861,-0.4760580860736697
862,-0.4447718186788452
863,-0.48163285444483667
864,-0.3825841801205488
865,-0.4511641356732206
866,-0.43184075338313505
867,-0.475810695403241
868,-0.4844968945493407
869,-0.48493571960980025
870,-0.45503104634018315
871,-0.4875877714250157
872,-0.48162677445441
873,-0.486139060401168
874,-0.4314386452596082
875,-0.4206340018257745
876,-0.40279029729905474
877,-0.48590709443501484
878,-0.48479162803718884
879,-0.46636471484228065
880,-0.472604944289896
881,-0.4463891985039379
882,-0.4725458295266224
883,-0.4843944195937683
884,-0.4858574701628432
885,-0.486934409363015
886,-0.47035346906268405
887,-0.4019365613181417
888,-0.4385135681637431
889,-0.44365886465320076
890,-0.4401289023239924
891,-0.38696360978702043
892,-0.4550878423071259
893,-0.4611466904650219
894,-0.4669959894940004
895,-0.48301105748599527
896,-0.4772140379643614
897,-0.45442746592677963
898,-0.44748478553466214
899,-0.4867920601255343
900,-0.464005447205287
901,-0.40623484662680354
902,-0.42030718898135083
903,-0.48652804250070003
904,-0.4852265607999384
905,-0.43697101190362975
906,-0.42336589180743206
907,-0.48607958373437293
908,-0.4622947770995154
909,-0.3498787279614694
910,-0.4385541866436675
911,-0.43903287448884476
912,-0.4859893503290019
913,-0.48055031038912926
914,-0.3946307724593881
915,-0.4263164439088054
916,-0.4639486176962004
917,-0.4672375912292595
918,-0.4528677804514511
919,-0.4092692753632103
920,-0.43619186140888505
921,-0.3008981567507947
922,-0.48386332330567794
923,-0.48640895997909817
924,-0.4235337493743112
925,-0.47072266724125816
926,-0.4620394663803774
927,-0.43089538834246705
928,-0.48248902926113657
929,-0.4298480413187158
930,-0.47819655100523717
931,-0.44949503029870924
932,-0.4777588995645857
933,-0.4884635674700753
934,-0.4848826002631615
935,-0.48500712675338886
936,-0.481413206984725
937,-0.47718799264489087
938,-0.4478202089183254
939,-0.4222638933989155
940,-0.48708117684305796
941,-0.450625206732392
942,-0.4843267078504439
943,-0.37168394741169614
944,-0.47999030093438716
945,-0.44874507148231535
946,-0.4713637978270112
947,-0.48616776735293876
948,-0.44672058433846373
949,-0.4539066867869882
950,-0.476806491950268
951,-0.467858361568613
952,-0.4802545424468699
953,-0.46232668869123056
954,-0.4779796633725726
955,-0.48617091428070874
956,-0.46661044614732605
957,-0.4804887362101617
958,-0.45538443360794717
959,-0.4854160616011053
960,-0.47594719455943
961,-0.4811622212136846
962,-0.47799994130034973
963,-0.47728765493715025
964,-0.4521191357799693
965,-0.4869371138690042
966,-0.47707211025586477
967,-0.44155994879976057
968,-0.3841060033641399
969,-0.4830008153538518
970,-0.48623130676810944
971,-0.3065930316635001
972,-0.4357758834896991
973,-0.4663222417813819
974,-0.4339820224584211
975,-0.46742752782288255
976,-0.4750034012762907
977,-0.4468608208367486
978,-0.48634742714904144
979,-0.48651282600704415
980,-0.48664386175841284
981,-0.4773900650155127
982,-0.4698744189905152
983,-0.44746648313417364
984,-0.3601704998094018
985,-0.36240479778771184
986,-0.4873732430251516
987,-0.4824796610858701
988,-0.45052488206550095
989,-0.4511076999931131
990,-0.4562889054309493
991,-0.48734645217011735
992,-0.48472113438018377
993,-0.44988973489901185
994,-0.46525171849159774
995,-0.41611538928946207
996,-0.4753956612758071
997,-0.4688470734821651
998,-0.403549354283359
999,-0.48265278649804655
1000,-0.47612289966028976
1001,-0.45031895536873157
1002,-0.46763647728531316
1003,-0.4575359540890377
1004,-0.48716589611364214
1005,-0.47763385408053305
1006,-0.45415195838572026
1007,-0.48573644470510463
1008,-0.485588389521645
1009,-0.39127390011638696
1010,-0.48716900623541354
1011,-0.48159872868450465
1012,-0.467290013422298
1013,-0.4858188335956938
1014,-0.4814131667136588
1015,-0.4667708012030848
1016,-0.31592996742235413
1017,-0.45663556729032684
1018,-0.4691561466387086
1019,-0.47530986095765665
1020,-0.468621714409531
1021,-0.471636096325539
1022,-0.4405916402337015
1023,-0.42512898621115797
1024,-0.4788382818314479
1025,-0.47931315364767
1026,-0.44219110761964187
1027,-0.41175915162603677
1028,-0.4885841648638811
1029,-0.48692811329546465
1030,-0.48313868486115674
1031,-0.41403138674153145
1032,-0.4837273975722463
1033,-0.4812284413506587
1034,-0.4829198654541516
1035,-0.46698806760752365
1036,-0.46930954950427745
1037,-0.4868490650795473
1038,-0.3697180536486345
1039,-0.4160812752719692
1040,-0.3693595114459161
1041,-0.47622023711854555
1042,-0.48175298091311713
1043,-0.478971723830263
1044,-0.4037178898762045
1045,-0.47514107899569713
1046,-0.36843250153057455
1047,-0.48188577050700276
1048,-0.47663988819628067
1049,-0.48449820763715157
1050,-0.4739966762199199
1051,-0.4869487896582038
1052,-0.4518331531854819
1053,-0.42770175462990545
1054,-0.3710288530348095
1055,-0.48680373683187683
1056,-0.36538689252042145
1057,-0.44063501488350937
1058,-0.43710936997298533
1059,-0.4850925343457887
1060,-0.42700237811751446
1061,-0.4524906914255003
1062,-0.3347644537271488
1063,-0.4738619573373361
1064,-0.48145443926485565
1065,-0.38768539229932963
1066,-0.43135051683243253
1067,-0.4399643755351027
1068,-0.48643995740906615
1069,-0.4374633928016626
1070,-0.45536275740743165
1071,-0.4707834591397604
1072,-0.4776100878914237
1073,-0.32957802292612215
1074,-0.39933857777939585
1075,-0.4521390792100328
1076,-0.41036732529934944
1077,-0.44825853837022417
1078,-0.4492792386989447
1079,-0.47524548722037
1080,-0.37186290744501477
1081,-0.4728120082423673
1082,-0.439920442529508
1083,-0.4563333398671883
1084,-0.4654052245361823
1085,-0.4773024952700852
1086,-0.3993548704500274
1087,-0.46424347784493747
1088,-0.4842458007185647
1089,-0.480473245005766
1090,-0.44040266776682596
1091,-0.480388335616133
1092,-0.44283423522716125
1093,-0.46941233858512815
1094,-0.48330699926932147
1095,-0.4213780313907556
1096,-0.4455976698197368
1097,-0.463973359744592
1098,-0.48614438777708374
1099,-0.4208324654936691
1100,-0.47786778574989786
1101,-0.4510555014265391
1102,-0.4591137538428639
1103,-0.4770410248303361
1104,-0.4808635603679559
1105,-0.4257027292337319
1106,-0.4868598401048137
1107,-0.466954194664962
1108,-0.46610647464306804
1109,-0.48107126233753417
1110,-0.29954365302155
1111,-0.47742962984221027
1112,-0.47712754431117627
1113,-0.48644117686526733
1114,-0.47333624149203657
1115,-0.46324755849492444
1116,-0.4859808554533566
1117,-0.46213792520552593
1118,-0.43694021125430715
1119,-0.41546001550983186
1120,-0.475179012013201
1121,-0.4394888701849113
1122,-0.47312737098670815
1123,-0.48248291230554996
1124,-0.47395940419277754
1125,-0.4530051398792437
1126,-0.47999920269620594
1127,-0.3662551003170387
1128,-0.48677723173259796
1129,-0.4884318209793833
1130,-0.4095403850444439
1131,-0.4466980607488701
1132,-0.4487679679289699
1133,-0.4394185049543484
1134,-0.40575107552245443
1135,-0.446566339649373
1136,-0.44694589073594104
1137,-0.4790514692382729
1138,-0.3987014878352776
1139,-0.48596387329372936
1140,-0.45418973068680185
1141,-0.45676471972076166
1142,-0.4788048411139844
1143,-0.4651214837315707
1144,-0.4831849017666211
1145,-0.4770497539642548
1146,-0.4821985024206897
1147,-0.44587453130007376
1148,-0.48003179610030605
1149,-0.4507535873685183
1150,-0.4454155489347083
1151,-0.3869798115567272
1152,-0.40027977225802414
1153,-0.48233196585833354
1154,-0.4377953208510114
1155,-0.3253784225349748
1156,-0.4845411726867943
1157,-0.4420788932595603
1158,-0.4101694155753808
1159,-0.48643208299177687
1160,-0.4825823615914095
1161,-0.46998356892227217
1162,-0.3654498036318366
1163,-0.4618814611084307
1164,-0.4855682845181244
1165,-0.4359976169386111
1166,-0.47113748536046673
1167,-0.4491852751617247
1168,-0.3801722254262195
1169,-0.4839688974129821
1170,-0.4305008055228022
1171,-0.47520182798446675
1172,-0.48016554901397956
1173,-0.4808169191803496
1174,-0.36859407014759477
1175,-0.4808186704353348
1176,-0.3516796298151829
1177,-0.4633356704268468
1178,-0.40241549514494296
1179,-0.4598021908443335
1180,-0.47361080171192377
1181,-0.4724394849903429
1182,-0.3863106714252706
1183,-0.48092549211669655
1184,-0.39779153698203135
1185,-0.4770966153994083
1186,-0.47035280681805797
1187,-0.4404169270983932
1188,-0.35755852118891895
1189,-0.48084147911353275
1190,-0.3798332383440288
1191,-0.4352527593615367
1192,-0.4748488879457294
1193,-0.48506788593381367
1194,-0.4812908348303542
1195,-0.4789201568674531
1196,-0.31191099523603916
1197,-0.4771649198938256
1198,-0.45573015562452424
1199,-0.46716965851535847
1200,-0.4742741286099328
1201,-0.4455024205317438
1202,-0.4290648920175608
1203,-0.4778145955926453
1204,-0.42128293574821496
1205,-0.4824896789740913
1206,-0.4756829051748641
1207,-0.4557290368936642
1208,-0.4618581317810089
1209,-0.44061354210107057
1210,-0.37967280615780097
1211,-0.4861725044848985
1212,-0.4672931023439542
1213,-0.4802425753976975
1214,-0.42996128610695716
1215,-0.48316725908024855
1216,-0.47068873474647016
1217,-0.4704954954549014
1218,-0.3203776232578851
1219,-0.47928516195549337
1220,-0.44976031784790516
1221,-0.4474905573912829
1222,-0.48478716213993106
1223,-0.43686318875885416
1224,-0.3935526596793434
1225,-0.4730390654298104
1226,-0.41810403395153134
1227,-0.3154842954595673
1228,-0.4686964231358765
1229,-0.4519009695539389
1230,-0.4146330831221772
1231,-0.430426642064295
1232,-0.4640804871080566
1233,-0.3954569973132984
1234,-0.4770494706844501
1235,-0.4286212688445911
1236,-0.45484986789240395
1237,-0.47445681032458337
1238,-0.47437026158421103
1239,-0.4114173468003175
1240,-0.4644628289426379
1241,-0.4872021774500211
1242,-0.41041821232450976
1243,-0.31870683131841343
1244,-0.45737032191260896
1245,-0.4863544312984295
1246,-0.48774804296380686
1247,-0.4675919241483468
1248,-0.4858108077219192
1249,-0.4694390967438011
1250,-0.3811260355633206
1251,-0.4446633173605861
1252,-0.4574878604050995
1253,-0.3691645516619046
1254,-0.46934545997491056
1255,-0.3836360505710548
1256,-0.4862135763710142
1257,-0.4688842867511467
1258,-0.373557690970471
1259,-0.48503934467675197
1260,-0.4687302252426904
1261,-0.47800007182825727
1262,-0.4856859945511926
1263,-0.44010767133307543
1264,-0.4841831272425728
1265,-0.4585498655020659
1266,-0.45970330253871516
1267,-0.486560262392924
1268,-0.4320000954748473
1269,-0.47698869873243754
1270,-0.4784322966987949
1271,-0.4687157659980088
1272,-0.4769590709329981
1273,-0.4008819042085777
1274,-0.43105702616697156
1275,-0.4630297644475328
1276,-0.37773026685566263
1277,-0.42847109137236583
1278,-0.38211899038057523
1279,-0.4070113986762002
1280,-0.42252907305448
1281,-0.4071716236306766
1282,-0.4337456492769392
1283,-0.42985588452952916
1284,-0.43517573796245684
1285,-0.4647513058300695
1286,-0.4846125134259749
1287,-0.4866230728302852
1288,-0.4862799701464578
1289,-0.43595445263359384
1290,-0.4861362428547266
1291,-0.3718016151954605
1292,-0.4108588134061771
1293,-0.4477914633083375
1294,-0.3983189638501776
1295,-0.45211683000228875
1296,-0.46353818075031583
1297,-0.4053746295174862
1298,-0.47091570624391327
1299,-0.46049819315985335
1300,-0.43564894211317884
1301,-0.3301882736786856
1302,-0.32089025729684967
1303,-0.45255700850510466
1304,-0.4757736023989829
1305,-0.47432086304254767
1306,-0.46046523741315143
1307,-0.3059920564472063
1308,-0.4744551863540233
1309,-0.47908865230817527
1310,-0.22489601577544804
1311,-0.444989573695485
1312,-0.456436797461294
1313,-0.4548102242337458
1314,-0.4864745910782754
1315,-0.46764741236863555
1316,-0.3918982023374772
1317,-0.42219318796974264
1318,-0.4759452525307546
1319,-0.4437540649549496
1320,-0.4474825142231253
1321,-0.46108420578014536
1322,-0.4486273255952482
1323,-0.40515448375674556
1324,-0.4693608643089343
1325,-0.4380062894702247
1326,-0.4296116012712413
1327,-0.4804966066711587
1328,-0.4633102578420051
1329,-0.4487606883489037
1330,-0.4571865088125517
1331,-0.4741266502113228
1332,-0.378813553082247
1333,-0.4505657834791936
1334,-0.4320492613998423
1335,-0.3237372015737855
1336,-0.4517822502546969
1337,-0.3593301135414253
1338,-0.46384892902137526
1339,-0.4858246905544876
1340,-0.47899141005357576
1341,-0.3908060260041919
1342,-0.45259630003082496
1343,-0.45487873931252126
1344,-0.47243246336690997
1345,-0.45913466944530373
1346,-0.44531002299800304
1347,-0.48483415682514985
1348,-0.48633647714417905
1349,-0.3403490320421374
1350,-0.4768046522381271
1351,-0.4689759152107512
1352,-0.48334786396326757
1353,-0.4856949664471929
1354,-0.44028843350440855
1355,-0.46134746890263695
1356,-0.47252653821637386
1357,-0.3456713742239298
1358,-0.3882899632610407
1359,-0.4409532286500047
1360,-0.4724412086829478
1361,-0.4736690095453802
1362,-0.4702174095338648
1363,-0.43289802572749114
1364,-0.31283563285992005
1365,-0.2362883927046293
1366,-0.48004810895643457
1367,-0.30031899480096463
1368,-0.45545747798367775
1369,-0.4234488235306707
1370,-0.4374992324217333
1371,-0.4866254239104198
1372,-0.398591466935039
1373,-0.4502671314569853
1374,-0.48521873448375874
1375,-0.42883221668703536
1376,-0.38817450313506974
1377,-0.44314890877206836
1378,-0.4222678421789609
1379,-0.3072856515427115
1380,-0.4818592542962073
1381,-0.4656550545783143
1382,-0.4863596334907956
1383,-0.21413717116997097
1384,-0.484768125707155
1385,-0.40658114342109514
1386,-0.45610400584011473
1387,-0.4350406761853931
1388,-0.4740177054749302
1389,-0.37834670481235166
1390,-0.48054117781950245
1391,-0.3490153470319476
1392,-0.44223278692417034
1393,-0.1202242573799824
1394,-0.39972577762136463
1395,-0.4393046879289379
1396,-0.3756743894600359
1397,-0.45776585056577296
1398,-0.45124567032578616
1399,-0.4710694066888982
1400,-0.3728894903301265
1401,-0.3490613467540589
1402,-0.3710319193001443
1403,-0.47491961170398317
1404,-0.4290404676451661
1405,-0.3818901732326786
1406,-0.48668559982413706
1407,-0.44938205897340333
1408,-0.4754020127329885
1409,-0.48207440336418894
1410,-0.4538967259207912
1411,-0.48827592452571594
1412,-0.42936248663166743
1413,-0.40221216091082534
1414,-0.48013319862120957
1415,-0.3820038016328992
1416,-0.36833637203279856
1417,-0.4193499946562407
1418,-0.4748620677596368
1419,-0.4835928185235051
1420,-0.34627947529228825
1421,-0.4209852073139022
1422,-0.4831581365790189
1423,-0.3547395245242977
1424,-0.4750996368801442
1425,-0.47445082134176986
1426,-0.44637461713028487
1427,-0.45982044028164865
1428,-0.47398341504928476
1429,-0.39448182492872635
1430,-0.3921061478130283
1431,-0.2896059203883186
1432,-0.4208385346098905
1433,-0.4785115896474561
1434,-0.4281624800503402
1435,-0.4736342132101496
1436,-0.42717860458090673
1437,-0.3744669472537802
1438,-0.35013538978607756
1439,-0.4071183554817855
1440,-0.47844136087507294
1441,-0.3711193058940125
1442,-0.44399104142065976
1443,-0.45747710000831326
1444,-0.47227462831717415
1445,-0.47242477925241183
1446,-0.471599652549615
1447,-0.42790654735415307
1448,-0.43070777445607583
1449,-0.41879648896326077
1450,-0.4592815082871392
1451,-0.43079767470688946
1452,-0.483447574566218
1453,-0.453346160515467
1454,-0.4673709264325577
1455,-0.46338926196174585
1456,-0.376469887170085
1457,-0.3910265647330667
1458,-0.35980559414699853
1459,-0.31357489778223824
1460,-0.39565993842170005
1461,-0.43466673262572286
1462,-0.4545557045056801
1463,-0.4728531085750203
1464,-0.4718251034423484
1465,-0.3988634592077164
1466,-0.31894411712386345
1467,-0.26129659252507
1468,-0.3979203482416033
1469,-0.4659540306290849
1470,-0.46085689341308944
1471,-0.46974287528677594
1472,-0.4635775521455066
1473,-0.4458357592272857
1474,-0.45500102323610875
1475,-0.46887802092123493
1476,-0.4577912779947445
1477,-0.4307208824050648
1478,-0.4830417316872063
1479,-0.4316548560918195
1480,-0.43048880250054194
1481,-0.4118923834260605
1482,-0.4779154835888567
1483,-0.4437914500310148
1484,-0.3795359476776088
1485,-0.45473571956178954
1486,-0.4736877161106968
1487,-0.4525891485261157
1488,-0.48599080514167303
1489,-0.4612314857485241
1490,-0.34284963475499286
1491,-0.36398661817136063
1492,-0.45335755345013484
1493,-0.48254967574159563
1494,-0.4859825201891342
1495,-0.44875267715833245
1496,-0.4672466905023494
1497,-0.4712000100537459
1498,-0.4600862783299289
1499,-0.4456886613615405
1500,-0.4771162170009376
1501,-0.34680697775476776
1502,-0.47274189351826945
1503,-0.3283119964036096
1504,-0.43002133567166984
1505,-0.42212049271482094
1506,-0.43144156587327365
1507,-0.3691082856895819
1508,-0.3378878162333542
1509,-0.4615323705915694
1510,-0.44751380177781724
1511,-0.42358944634829404
1512,-0.40941169077908357
1513,-0.4457159109221079
1514,-0.3990491784050628
1515,-0.44739412836737397
1516,-0.4527021086575133
1517,-0.4414010535611764
1518,-0.4810840825799012
1519,-0.41723071322408384
1520,-0.4224898150187583
1521,-0.3960962161326115
1522,-0.34860105651537643
1523,-0.48641567020035764
1524,-0.44107436840243736
1525,-0.39945491295880936
1526,-0.48626364007184486
1527,-0.44015567361109814
1528,-0.40869995355533223
1529,-0.4703563649101314
1530,-0.46572213945303936
1531,-0.3936976178271938
1532,-0.3774692924469533
1533,-0.4646654279651459
1534,-0.3371754746376288
1535,-0.4138713848273986
1536,-0.3431670755869145
1537,-0.4067409560788507
1538,-0.4673260166442752
1539,-0.32353915887778123
1540,-0.4807505029439551
1541,-0.4613340282050947
1542,-0.4642327648749018
1543,-0.4721272930126611
1544,-0.4290790429529698
1545,-0.4859968535064766
1546,-0.2707183706568634
1547,-0.47394821690112426
1548,-0.4578111655625545
1549,-0.48230529418015544
1550,-0.46238822456591583
1551,-0.4834542613206331
1552,-0.2654631360521505
1553,-0.4339327998129134
1554,-0.3001864381773226
1555,-0.3445183409706399
1556,-0.470937323196175
1557,-0.4865265811541417
1558,-0.4506631061681165
1559,-0.46306463906120787
1560,-0.3826532962391973
1561,-0.44223424122587907
1562,-0.4712228891520811
1563,-0.3112236479804959
1564,-0.45218108015008357
1565,-0.3647889895780577
1566,-0.35401259243284117
1567,-0.3863945175347591
1568,-0.4852001442530426
1569,-0.4800309916898887
1570,-0.3147275668284281
1571,-0.42745424974826013
1572,-0.44761216435352974
1573,-0.44551544448042146
1574,-0.4651864807449718
1575,-0.47738645876553987
1576,-0.4762066954119965
1577,-0.4490159783049909
1578,-0.476753870655832
1579,-0.4277246960851126
1580,-0.45780421331764604
1581,-0.439894591876776
1582,-0.44778058230019185
1583,-0.37996461120851255
1584,-0.46756466292345855
1585,-0.42860971750345056
1586,-0.45308503910618625
1587,-0.4487479785504389
1588,-0.4679240081562409
1589,-0.4562999315118303
1590,-0.4696898453313909
1591,-0.4514654549069998
1592,-0.44975286072950993
1593,-0.4225958527347842
1594,-0.4440585447782635
1595,-0.43882466808389026
1596,-0.462673339061105
1597,-0.31419727004630793
1598,-0.4284294145554085
1599,-0.36414170720195677
1600,-0.30605910277511017
1601,-0.35096939312324105
1602,-0.467451312572407
1603,-0.38487257576722267
1604,-0.4551987190082253
1605,-0.41360067436048453
1606,-0.3801643176515078
1607,-0.3821387658948404
1608,-0.4208751895081488
1609,-0.4074844563246919
1610,-0.33290289658155797
1611,-0.42484560025330964
1612,-0.4399453865263841
1613,-0.37844955852213025
1614,-0.4698710962353144
1615,-0.3660647040790443
1616,-0.4742265639232233
1617,-0.43445231917864624
1618,-0.46724410499247027
1619,-0.42548820604997145
1620,-0.44366571636932023
1621,-0.435440050209827
1622,-0.4034588908036165
1623,-0.32078076164705316
1624,-0.4486363106829137
1625,-0.4510352619243679
1626,-0.3995143984233367
1627,-0.4217352824456949
1628,-0.3716390695436837
1629,-0.3654081193593859
1630,-0.46055775494081946
1631,-0.3516559356971402
1632,-0.44473345220614563
1633,-0.4665276209556647
1634,-0.36788554791550854
1635,-0.4009470863759963
1636,-0.43529185286084165
1637,-0.4078598235350329
1638,-0.4807367680402957
1639,-0.46594700573979003
1640,-0.41289550225155236
1641,-0.459515194084883
1642,-0.4345642968507538
1643,-0.4179752683751526
1644,-0.3597452675399763
1645,-0.4265543206256208
1646,-0.4316285090676945
1647,-0.4244863957269978
1648,-0.43690687549662965
1649,-0.4605882898352708
1650,-0.4366611364753064
1651,-0.37192217421466117
1652,-0.37857574682341927
1653,-0.4707441214602268
1654,-0.36000149105789603
1655,-0.40919838126726266
1656,-0.45050692385583146
1657,-0.3975499604109018
1658,-0.4560138637948326
1659,-0.3493423548063889
1660,-0.43452664105923744
1661,-0.48480742612806377
1662,-0.45958613223244704
1663,-0.43076868847171834
1664,-0.44381699679876035
1665,-0.4012052210162633
1666,-0.4670350005058338
1667,-0.4709064345723151
1668,-0.44529558332679603
1669,-0.34783460559095447
1670,-0.385970867068337
1671,-0.44164851417716466
1672,-0.1614152001006559
1673,-0.4531064272621609
1674,-0.4522457598357824
1675,-0.4835503132657674
1676,-0.47361948180177244
1677,-0.4862080075405851
1678,-0.38815077466525655
1679,-0.4566853701238168
1680,-0.35717343893102343
1681,-0.4575428115805056
1682,-0.27223720019429787
1683,-0.3839809098030889
1684,-0.2704808171365292
1685,-0.2554759447460808
1686,-0.4726991528661186
1687,-0.3939484706465884
1688,-0.26076758045211895
1689,-0.39482983380592707
1690,-0.4606520139971058
1691,-0.4164966923379868
1692,-0.36620003139911067
1693,-0.3566604640538322
1694,-0.3613064812564017
1695,-0.4008234369002255
1696,-0.2845223447152837
1697,-0.3844409515544292
1698,-0.48590000785617155
1699,-0.4299467028028144
1700,-0.44342151232539584
1701,-0.4269434415504507
1702,-0.4175958007076749
1703,-0.37129648792342357
1704,-0.4150650548159342
1705,-0.29363576519710316
1706,-0.4068873308336213
1707,-0.4053740280337031
1708,-0.471496497271565
1709,-0.35182759163313354
1710,-0.46094933609260264
1711,-0.39455171635040165
1712,-0.30899684688178863
1713,-0.4288504967396752
1714,-0.450061989927949
1715,-0.32842559888849
1716,-0.4469356965670605
1717,-0.48295828220750225
1718,-0.47035064193478604
1719,-0.36118939782854964
1720,-0.42240161408894106
1721,-0.43545744386869745
1722,-0.4379281690453841
1723,-0.4861956395628856
1724,-0.4840583803366157
1725,-0.4550306963834902
1726,-0.4282643209017388
1727,-0.47341735237696925
1728,-0.4419881496878781
1729,-0.4255455293808266
1730,-0.4396980740055618
1731,-0.4005591624895682
1732,-0.2965009208552909
1733,-0.27942374511332646
1734,-0.38426002604532894
1735,-0.4122901041561495
1736,-0.42778105448995674
1737,-0.3924926028404141
1738,-0.4612947107707906
1739,-0.417918880076436
1740,-0.4471887611994999
1741,-0.43562155123117263
1742,-0.30712880963949574
1743,-0.4246654826536785
1744,-0.4461868148809961
1745,-0.3080830832715755
1746,-0.37924562143029383
1747,-0.4399182510692328
1748,-0.3192661596767366
1749,-0.401507726722716
1750,-0.4751306428624506
1751,-0.4322312024486444
1752,-0.40413673801979305
1753,-0.2767018914474472
1754,-0.4774017619625341
1755,-0.34587520721948034
1756,-0.42687263013540944
1757,-0.45181254633468987
1758,-0.31232578919453813
1759,-0.36378124062689293
1760,-0.4141743231984851
1761,-0.42206338396772464
1762,-0.36995129854930275
1763,-0.3846027455697607
1764,-0.480391242494062
1765,-0.4313581360657979
1766,-0.3643678600332009
1767,-0.23700769482691006
1768,-0.4047367648667169
1769,-0.3354529025355043
1770,-0.437356263994539
1771,-0.3950998175201182
1772,-0.38073909331787886
1773,-0.4533240691990902
1774,-0.37493668711086897
1775,-0.46379041859675374
1776,-0.4817267953769997
1777,-0.4454766656111959
1778,-0.3831459578649311
1779,-0.4414036266721421
1780,-0.4461051944156906
1781,-0.45365866767115465
1782,-0.4858189660796921
1783,-0.3688484213703912
1784,-0.45916746132368286
1785,-0.4549923678293818
1786,-0.43285879669713684
1787,-0.4578444622858017
1788,-0.47454346299661665
1789,-0.45205191138050793
1790,-0.4564076525347381
1791,-0.4645426134964127
1792,-0.4671897655856216
1793,-0.48107773397770287
1794,-0.4234753167464984
1795,-0.46165938725041655
1796,-0.4400418094427797
1797,-0.4570451130416514
1798,-0.3778782512529678
1799,-0.42101038581580497
1800,-0.2520357364235272
1801,-0.47338023553493713
1802,-0.26811543157884243
1803,-0.42270117380130584
1804,-0.4192560904728635
1805,-0.43819011056027585
1806,-0.3947809496521469
1807,-0.4449715961886693
1808,-0.431305664077013
1809,-0.40413784148567905
1810,-0.3575739193118787
1811,-0.43831819886876855
1812,-0.43277546421999247
1813,-0.3673680767419258
1814,-0.38444527499212644
1815,-0.45630634179733565
1816,-0.3929625460975777
1817,-0.4196952091025793
1818,-0.4253554573449739
1819,-0.44454576804941515
1820,-0.3515362312734668
1821,-0.4152663846872278
1822,-0.4027720897837831
1823,-0.43283086811540517
1824,-0.4665230508623961
1825,-0.368354349938721
1826,-0.37711132755643134
1827,-0.4207503022934935
1828,-0.42246632832536296
1829,-0.46511888261117484
1830,-0.4383538039865209
1831,-0.41346049931653533
1832,-0.42055784349401476
1833,-0.4466878717827869
1834,-0.32761266221675756
1835,-0.4783656272745325
1836,-0.3500926480570882
1837,-0.4382974933969278
1838,-0.4547210136431381
1839,-0.3677268005407377
1840,-0.40332092890414684
1841,-0.4260487117272517
1842,-0.46221432212341296
1843,-0.3908020032443243
1844,-0.4608290155445544
1845,-0.4232961843378189
1846,-0.4415472038318829
1847,-0.2935530980141799
1848,-0.3635352720440881
1849,-0.4091272708006703
1850,-0.4525532990742337
1851,-0.40609129975165653
1852,-0.45911110473996253
1853,-0.4756203325222994
1854,-0.4532227566572741
1855,-0.3331302864319585
1856,-0.41781397630560757
1857,-0.2901579815228177
1858,-0.35830431919254385
1859,-0.47437913444915547
1860,-0.40570349009211326
1861,-0.3702545386034786
1862,-0.44240241156686744
1863,-0.30710360813113646
1864,-0.3828675827616881
1865,-0.4686565282881459
1866,-0.3894461864801244
1867,-0.267540051493132
1868,-0.463752290992015
1869,-0.3704053497128273
1870,-0.4826815641225571
1871,-0.43626352666683765
1872,-0.4351067805101882
1873,-0.414261383969075
1874,-0.4063152999382895
1875,-0.4276679455062118
1876,-0.279340305478199
1877,-0.3766143206881688
1878,-0.39772130816471385
1879,-0.32600148614834046
1880,-0.33529129027459365
1881,-0.4535622237667653
1882,-0.31806865632170556
1883,-0.34794647315765875
1884,-0.3623153762588321
1885,-0.3156729115674857
1886,-0.2140688357059977
1887,-0.4134345645172582
1888,-0.45073753553643897
1889,-0.4337390256342964
1890,-0.43735102085255806
1891,-0.3007935546189651
1892,-0.4202146665360711
1893,-0.38392192191412466
1894,-0.45414564762808407
1895,-0.3489715406929082
1896,-0.4786442869361314
1897,-0.40518321105722
1898,-0.3478718698678321
1899,-0.3579773613671869
1900,-0.46488557155424065
1901,-0.48539625221235627
1902,-0.4650816922428184
1903,-0.43166202080898464
1904,-0.4107929661517412
1905,-0.32901962521763684
1906,-0.3197612328624483
1907,-0.4122822050325493
1908,-0.42982585869251416
1909,-0.43090215994095404
1910,-0.353642013338971
1911,-0.39426900888341426
1912,-0.4801971678750926
1913,-0.35431343140261035
1914,-0.30001520435468537
1915,-0.3538376756910448
1916,-0.4453092196729777
1917,-0.4256368650965561
1918,-0.42247104507117644
1919,-0.4606561476120277
1920,-0.45215742286541616
1921,-0.37612289380030217
1922,-0.4172693030997187
1923,-0.4620460157664319
1924,-0.4346902499136392
1925,-0.4635613847284173
1926,-0.40719024977562585
1927,-0.4713502915419972
1928,-0.33018357880122634
1929,-0.3502256754469153
1930,-0.3350944617293262
1931,-0.3342724243297502
1932,-0.3557205816334424
1933,-0.46772449358690416
1934,-0.22481749574048263
1935,-0.32178722847391
1936,-0.41012646731994656
1937,-0.3237137127448706
1938,-0.32357293397446674
1939,-0.4445508416814054
1940,-0.3569282601783225
1941,-0.44894797101974154
1942,-0.31094237554481613
1943,-0.35655235737665025
1944,-0.4338704003135848
1945,-0.46865973118257964
1946,-0.33122881904818907
1947,-0.38343032959559836
1948,-0.4492305670895154
1949,-0.4403890469792414
1950,-0.3362873754024309
1951,-0.46865985993646575
1952,-0.3579229148652978
1953,-0.29388790828661226
1954,-0.33720927847747056
1955,-0.3523320676001756
1956,-0.3768077008119455
1957,-0.4715978794894428
1958,-0.41038888206916635
1959,-0.4192109676190038
1960,-0.43778116079522095
1961,-0.41340706890054174
1962,-0.3666677873822468
1963,-0.45607165914748876
1964,-0.39557532840286064
1965,-0.4540552206244429
1966,-0.48059887595971995
1967,-0.45793695282012176
1968,-0.3874940092209795
1969,-0.47018942093788935
1970,-0.3087122735680602
1971,-0.34553885242258486
1972,-0.4786101452321819
1973,-0.4175920798838079
1974,-0.4166840877482949
1975,-0.4106306262249609
1976,-0.4631601947701609
1977,-0.3954889732614214
1978,-0.319334910262796
1979,-0.378884429598391
1980,-0.43237082230310353
1981,-0.432627508196404
1982,-0.4625508215130814
1983,-0.3785805946362523
1984,-0.3990374705810183
1985,-0.32076419233908254
1986,-0.4753679380395529
1987,-0.47814305134800156
1988,-0.4753361516866445
1989,-0.2622006493668705
1990,-0.44041672373163016
1991,-0.461528968830467
1992,-0.36314620829422095
1993,-0.3666704670493912
1994,-0.38358102975074676
1995,-0.38218113465482517
1996,-0.3351742734139557
1997,-0.4126304991759132
1998,-0.42751458587926583
1999,-0.48622721443123434
2000,-0.4832399911846346
