1,-0.488052996076286
2,-0.48665972609397307
3,-0.4822987761070478
4,-0.48805300265577656
5,-0.48595308202267795
6,-0.4868100141847639
7,-0.48725419404055026
8,-0.4869720907730798
9,-0.4886351634835957
10,-0.48635048272905224
11,-0.4874069066490272
12,-0.48759918209189446
13,-0.48677828295921816
14,-0.48891598730229857
15,-0.48659096962189785
16,-0.48860691688619684
17,-0.48771891671816825
18,-0.48650142778993205
19,-0.48295502670094015
20,-0.48905592774860385
21,-0.48739838077405134
22,-0.4871116220916263
23,-0.48659826293083563
24,-0.48638945447327486
25,-0.48416111730210365
26,-0.48491986690389177
27,-0.4877890722525877
28,-0.4872206528362509
29,-0.48428281272220725
30,-0.4833663254180674
31,-0.487792743872074
32,-0.4839569741375424
33,-0.4462638056724835
34,-0.4190974469075004
35,-0.4853959645784998
36,-0.48615587224978707
37,-0.48625222952952407
38,-0.48526923548402473
39,-0.4875535297575929
40,-0.4518080445507177
41,-0.4869384806166272
42,-0.48600194173842837
43,-0.4810786421365091
44,-0.4869198047663221
45,-0.48633236760810233
46,-0.48608688535807865
47,-0.48650489119653945
48,-0.4865864797199762
49,-0.47776483077656784
50,-0.4597626971846229
51,-0.4624439602707521
52,-0.48708846090190977
53,-0.44872882747519593
54,-0.48649745655946847
55,-0.47778905303041436
56,-0.4869229709753663
57,-0.4887629916612374
58,-0.4787465182450742
59,-0.4869760012318579
60,-0.48566694815257483
61,-0.48570487745093416
62,-0.4897746552041568
63,-0.48997344486054867
64,-0.4868564219929519
65,-0.47818027823376114
66,-0.4873163346367442
67,-0.48854909701381183
68,-0.487807666632468
69,-0.4845427074203329
70,-0.4858124236963325
71,-0.4540048156167119
72,-0.4849280066904199
73,-0.49070276707019517
74,-0.48659319951748525
75,-0.4838587746299243
76,-0.48726066414800917
77,-0.4879848412684786
78,-0.48819203634754754
79,-0.4792435608598115
80,-0.4860413373846494
81,-0.4878214824965721
82,-0.4847836805114204
83,-0.47584227130743173
84,-0.4879493368919216
85,-0.4194076125583959
86,-0.4858859632601692
87,-0.48905704056454136
88,-0.4840329197200958
89,-0.487551583298934
90,-0.4855162931422729
91,-0.48621154176117104
92,-0.37384039214860737
93,-0.456652069163713
94,-0.48501736801808526
95,-0.48295355391433964
96,-0.48699606847767946
97,-0.4889046123739802
98,-0.48702277286322304
99,-0.4832612651440724
100,-0.48695149558904055
101,-0.48959146572396917
102,-0.4868382311621596
103,-0.4882510814694777
104,-0.48609044510339594
105,-0.48776460033513924
106,-0.48604172745335333
107,-0.4883994089369279
108,-0.48668068104552165
109,-0.47715407365654106
110,-0.4898568626506798
111,-0.4893476620229319
112,-0.4865066112148287
113,-0.48774709796045207
114,-0.48753181028171166
115,-0.48520542473010275
116,-0.4657793702236404
117,-0.4874229186477405
118,-0.4860428069759456
119,-0.48110338848536394
120,-0.4852833046920936
121,-0.4876647333764702
122,-0.4855333702788753
123,-0.4862898077152936
124,-0.4867623538131397
125,-0.48580838937050463
126,-0.4855814856833626
127,-0.4863282645690343
128,-0.48646226754581284
129,-0.45561744683682964
130,-0.48646436745479554
131,-0.482988905664002
132,-0.4875288072676225
133,-0.48039273779655306
134,-0.4778111018960125
135,-0.4862780314263709
136,-0.4863191808828626
137,-0.4870650816276814
138,-0.4870159333834449
139,-0.48572980699064494
140,-0.4800577103943979
141,-0.48427891261530476
142,-0.4891389712988383
143,-0.4854500061151912
144,-0.32468435971754744
145,-0.4872940185906669
146,-0.4884484389516173
147,-0.4870457419851039
148,-0.4880117633141548
149,-0.4879671500533668
150,-0.46513245952980475
151,-0.48076292587298725
152,-0.4860062252148004
153,-0.4849748963041022
154,-0.4681031065787268
155,-0.48675458384828096
156,-0.4877082409293867
157,-0.48548531412284174
158,-0.48620250054155123
159,-0.48596275557324015
160,-0.4866158097960036
161,-0.4868262052502981
162,-0.4889035923743421
163,-0.4859869566288972
164,-0.4866476984781549
165,-0.48481784702349734
166,-0.48614573594633204
167,-0.4873611657448918
168,-0.4884616259366843
169,-0.465692911683772
170,-0.43845927806506635
171,-0.48441358387489947
172,-0.4877504377956413
173,-0.45501276173008315
174,-0.48684357037182985
175,-0.48461980250184183
176,-0.4823070703697742
177,-0.48627100033629445
178,-0.48763921175518393
179,-0.48470686715975797
180,-0.48764941055291183
181,-0.4781281615628168
182,-0.4874584933833089
183,-0.4889964569383599
184,-0.4849274507480134
185,-0.4853477216803979
186,-0.48800387178143745
187,-0.48100621342467
188,-0.486233205924151
189,-0.4627211705618712
190,-0.48242742452841486
191,-0.4875638404665828
192,-0.4813728983049143
193,-0.4869694776517951
194,-0.40837179702734
195,-0.4751378767417021
196,-0.48348917579293943
197,-0.48704065059780954
198,-0.487215572544319
199,-0.4863042294163187
200,-0.47999114161740797
201,-0.48775434203568724
202,-0.46669710746991694
203,-0.4862693777587065
204,-0.4858093649228684
205,-0.4858958282930576
206,-0.48614413036259374
207,-0.4844800146335934
208,-0.48589401652335473
209,-0.4392551187434229
210,-0.46873253277763727
211,-0.4883044062610526
212,-0.48410296640022005
213,-0.4892324733333376
214,-0.4862154500990673
215,-0.48570634698837306
216,-0.48771866603185626
217,-0.48749728899295414
218,-0.4847199049359505
219,-0.48581391933057017
220,-0.4876579699715568
221,-0.4793409798302838
222,-0.48245058381547334
223,-0.42663955114298885
224,-0.47384430903505365
225,-0.4867760378589617
226,-0.4413648445550057
227,-0.4848431138814273
228,-0.48543745520448056
229,-0.486594130065832
230,-0.4876876881375376
231,-0.4863567365151984
232,-0.4792583302026081
233,-0.4860858104663859
234,-0.48528333234746623
235,-0.48656843220182255
236,-0.4892588549355886
237,-0.4298064888856842
238,-0.484773850479211
239,-0.4751983246310858
240,-0.45274029030078444
241,-0.48596819867118535
242,-0.486308765974192
243,-0.4889670527869905
244,-0.4849013399244249
245,-0.47121419714560814
246,-0.4869186293446554
247,-0.42222694116324055
248,-0.48199080432250624
249,-0.4862091861788483
250,-0.4864228206913137
251,-0.48720053780479555
252,-0.4798313438397354
253,-0.48575489375554637
254,-0.4864251408139634
255,-0.4892529985103475
256,-0.4860406772103829
257,-0.48380697480754975
258,-0.4715032883902597
259,-0.48718624852140685
260,-0.48379215022881006
261,-0.4233816401643711
262,-0.4869630684544182
263,-0.47102170985009595
264,-0.48218327188426163
265,-0.4597004263493949
266,-0.4864921441998831
267,-0.4657407016817926
268,-0.4575026643949693
269,-0.46039993933395934
270,-0.48611330324999935
271,-0.4852251594980858
272,-0.4851523291344217
273,-0.485100539113678
274,-0.48590334819982883
275,-0.48398327458466267
276,-0.48031586265550363
277,-0.4715908645444274
278,-0.4634228401811818
279,-0.48667489990840596
280,-0.48475711541346583
281,-0.4857557959862048
282,-0.48092937156479765
283,-0.4893805014442404
284,-0.4871210393306601
285,-0.4642362276432817
286,-0.454539151957438
287,-0.48467978342374796
288,-0.47312125471092836
289,-0.4833287241557661
290,-0.46603437551222415
291,-0.4802185984901192
292,-0.485622540764839
293,-0.4818279952837754
294,-0.4799031319860661
295,-0.4747083058857202
296,-0.4871234289298179
297,-0.4851747189445002
298,-0.48486094190173146
299,-0.4730455705127024
300,-0.45822545065378034
301,-0.4860588289196398
302,-0.3950388838272201
303,-0.4876904181993299
304,-0.4867822150355151
305,-0.4866139523522894
306,-0.48481919134360607
307,-0.48864477197226297
308,-0.486136514978977
309,-0.48700424809049675
310,-0.44483326506405213
311,-0.4864484962846585
312,-0.48412866092495016
313,-0.48634117514225306
314,-0.4864081729032064
315,-0.48811220835780705
316,-0.48564763154873636
317,-0.4879827962584263
318,-0.3854816638677744
319,-0.4386747498928483
320,-0.4861442756936588
321,-0.4867322229722313
322,-0.47516585167007064
323,-0.4851232698612342
324,-0.4874813259079011
325,-0.48781120807711786
326,-0.4843516013950314
327,-0.4649816702400905
328,-0.4871565387875439
329,-0.48662867547958033
330,-0.4777874305054017
331,-0.4857184490305297
332,-0.4806241127472865
333,-0.48766004296222415
334,-0.4813702883072397
335,-0.4839661949101244
336,-0.4886759311546437
337,-0.47957914605480945
338,-0.4898329158849058
339,-0.48715372496535136
340,-0.4863592170661552
341,-0.462674747344641
342,-0.4884739390563668
343,-0.4864527260700136
344,-0.48569236946412947
345,-0.4879770339690105
346,-0.4848436905596619
347,-0.48637339874896124
348,-0.4856510942189606
349,-0.4489016634561476
350,-0.48537686064446617
351,-0.4873039694955527
352,-0.4828260451155244
353,-0.46717672693566054
354,-0.48657413163528124
355,-0.4864440229901527
356,-0.4681490871873094
357,-0.35900228927797906
358,-0.48680274143519275
359,-0.48703251686689547
360,-0.48698881706320735
361,-0.486524462282147
362,-0.4846142598963476
363,-0.4812723195546705
364,-0.47022793910206895
365,-0.4876313003118312
366,-0.4809664860390826
367,-0.48148486115796646
368,-0.48587140551330704
369,-0.48316280870855777
370,-0.4866770231171709
371,-0.4865260475623581
372,-0.4762711296148205
373,-0.47468488210423515
374,-0.487571593373676
375,-0.48583531303204724
376,-0.48398541777797593
377,-0.4866220962137207
378,-0.4829007942071497
379,-0.48701420897016273
380,-0.4865679965238695
381,-0.4896824414068189
382,-0.4855280533175256
383,-0.47768522778707484
384,-0.4855355764182283
385,-0.48616186151820767
386,-0.4873547910422529
387,-0.4903068715403539
388,-0.4241596152629798
389,-0.4871299701150105
390,-0.48669364986304864
391,-0.4870608053035282
392,-0.48286424737973016
393,-0.48679336885885327
394,-0.4863308334549163
395,-0.45796861865468325
396,-0.4892906946389653
397,-0.4538375061003313
398,-0.48582128489202603
399,-0.48596372995208087
400,-0.4860143843946342
401,-0.4864223194007351
402,-0.48522254731983466
403,-0.48352908299107444
404,-0.48677911788864225
405,-0.4769912500686454
406,-0.4873360983253722
407,-0.46770376496795785
408,-0.46255386658894254
409,-0.46478075509504896
410,-0.48409272023340755
411,-0.48421085910838224
412,-0.46109343342212844
413,-0.48573263735054734
414,-0.42946946598629526
415,-0.489724057346224
416,-0.48666680406143686
417,-0.46730652571842995
418,-0.484961599088843
419,-0.4869929981395514
420,-0.4876894061210456
421,-0.4836818766806249
422,-0.48965866392639135
423,-0.4852072977093097
424,-0.48247652218082365
425,-0.48193897371162797
426,-0.4641307823741419
427,-0.4882998725170868
428,-0.48327627937232476
429,-0.4833539177352146
430,-0.48027323292773294
431,-0.48645940784765035
432,-0.2669046088210632
433,-0.4638714078144935
434,-0.4652419388042976
435,-0.48097697470209677
436,-0.4878603112379017
437,-0.4861039420583514
438,-0.4827815380913844
439,-0.4806917494622959
440,-0.4851175213857931
441,-0.4426124347683443
442,-0.4878271943774838
443,-0.47923545389042177
444,-0.48675665972505505
445,-0.48467993010009813
446,-0.4864462484392975
447,-0.48583878150282217
448,-0.47379800881491574
449,-0.48383707425166506
450,-0.48299318684206366
451,-0.4859506672183956
452,-0.4677589942780703
453,-0.48528410793831733
454,-0.48638234046038586
455,-0.4831340394611606
456,-0.4831485440267941
457,-0.48677969439199925
458,-0.44171556759991526
459,-0.46246647916185324
460,-0.4797016692701054
461,-0.47625862333813823
462,-0.48696029521643674
463,-0.45584030230475264
464,-0.4350454095154578
465,-0.4768151243506528
466,-0.48838591217873484
467,-0.48925736468701164
468,-0.4867200384881578
469,-0.4871405200304684
470,-0.4772761484734602
471,-0.46750970187848656
472,-0.4869337107121319
473,-0.4773754824915869
474,-0.48578925303908654
475,-0.4852299740115544
476,-0.459111898951547
477,-0.4800483065212612
478,-0.48556926634346415
479,-0.48531419969654777
480,-0.48502718754896873
481,-0.48667582730424175
482,-0.46653666680146166
483,-0.4829037442793376
484,-0.4853157336502288
485,-0.48660262354127237
486,-0.478643203511608
487,-0.4845537310569744
488,-0.48484920433708995
489,-0.45473013780069266
490,-0.4861588490635709
491,-0.4508831249421786
492,-0.4842890733712257
493,-0.4827939575317733
494,-0.4845541247058931
495,-0.4866096102800354
496,-0.4451783211255724
497,-0.4779756460524691
498,-0.45853410699685654
499,-0.4805474702982046
500,-0.4875674077184403
501,-0.4860253652740422
502,-0.47833913237969805
503,-0.47861210249015584
504,-0.42697342048111314
505,-0.4844791836700426
506,-0.487479138658776
507,-0.47778442357990747
508,-0.48744474772515667
509,-0.48711989730323063
510,-0.4760201941289174
511,-0.4656918118291002
512,-0.47359527135827834
513,-0.4868388961157202
514,-0.4856511795271593
515,-0.43078139429664736
516,-0.48518301211717246
517,-0.48731375581637226
518,-0.4867631925389885
519,-0.48584728262314075
520,-0.48370191513131416
521,-0.4708024632785184
522,-0.3924922343775568
523,-0.4466833386917173
524,-0.4822988678180399
525,-0.4800644218386458
526,-0.4811764920259682
527,-0.48713829224890187
528,-0.47620251558286536
529,-0.481809381480462
530,-0.4824345734681743
531,-0.46998230673732605
532,-0.4856218840265847
533,-0.4865241235367805
534,-0.4854189139168291
535,-0.48211430640485087
536,-0.48032713592285053
537,-0.4796633082139102
538,-0.48042077259859733
539,-0.39267273017325205
540,-0.46976752652984555
541,-0.4673568065172353
542,-0.4844065511181959
543,-0.486487979943183
544,-0.4568711841271192
545,-0.4770402845136227
546,-0.48551309789760744
547,-0.484694116837951
548,-0.4738177199432035
549,-0.48006402181933644
550,-0.4850053905312651
551,-0.48533564945676405
552,-0.4854532961925543
553,-0.48148745040887864
554,-0.4429607688813992
555,-0.47757617901305827
556,-0.4829789792573707
557,-0.4805769525358053
558,-0.4788144184429114
559,-0.47622723987084215
560,-0.42453953782025644
561,-0.42261487732692776
562,-0.44760337314745063
563,-0.4842913520132434
564,-0.48635619012656367
565,-0.4865046510945599
566,-0.4871406544674874
567,-0.47491155392904416
568,-0.4776022171065531
569,-0.4845193181125749
570,-0.4523619091711191
571,-0.48520181182926153
572,-0.4863059161645582
573,-0.4858359161815052
574,-0.48371649334157124
575,-0.4862800382633984
576,-0.4186573230835864
577,-0.48404786702684377
578,-0.48673565420767145
579,-0.4817400208307976
580,-0.4690061247922961
581,-0.4869180458532802
582,-0.47910227488777385
583,-0.48524005795474134
584,-0.4864008327233421
585,-0.48603327369889127
586,-0.47769464475898255
587,-0.48554555627558776
588,-0.44576282403463374
589,-0.4863744273051728
590,-0.48585317804087685
591,-0.4729543894864095
592,-0.48983097504414763
593,-0.4864485433014901
594,-0.480189653538537
595,-0.48301418092737786
596,-0.48047438503502554
597,-0.47195487759520893
598,-0.47789970648049607
599,-0.48930945763367306
600,-0.48690278272555165
601,-0.48567188783821136
602,-0.4683877296012509
603,-0.47722656354245535
604,-0.48377502405664596
605,-0.48505316541439414
606,-0.4864899119599307
607,-0.48242189793006934
608,-0.48647867584871235
609,-0.4870493845826435
610,-0.4796017688871145
611,-0.48331501863438453
612,-0.4885434085021252
613,-0.48275807187844677
614,-0.4862675853363077
615,-0.4869429752209482
616,-0.4873736974546334
617,-0.4759764252243071
618,-0.47313219631601533
619,-0.4863786256458774
620,-0.4870419926592968
621,-0.48162431020886964
622,-0.46379006636441594
623,-0.47364252659671996
624,-0.4825079110971268
625,-0.4863351651792484
626,-0.48910593346268016
627,-0.48315230720560065
628,-0.4875312548883146
629,-0.48321520496530906
630,-0.4647123713111134
631,-0.48704038591014176
632,-0.4697705434555808
633,-0.4864956158471349
634,-0.4616844337146084
635,-0.44960264625744667
636,-0.4240651259617177
637,-0.48996724492960514
638,-0.4885862422874521
639,-0.4685398433545573
640,-0.47894206928285876
641,-0.477588640957409
642,-0.4852951425906105
643,-0.4788007781183876
644,-0.4828341148316206
645,-0.4470627796596948
646,-0.4844064130708327
647,-0.4763592399845915
648,-0.4862719491391033
649,-0.4496053551536396
650,-0.48561858207262704
651,-0.4805765098054396
652,-0.4872001971237696
653,-0.4825021962489016
654,-0.4829301794551841
655,-0.478139080021959
656,-0.4862897657398549
657,-0.4714150022888856
658,-0.48160171505943816
659,-0.48847480173164926
660,-0.4624081107083067
661,-0.486307433866657
662,-0.4666954245530568
663,-0.48729562648701646
664,-0.48621366084511886
665,-0.47851578016057894
666,-0.4816535788498266
667,-0.4868485811937804
668,-0.46882222711015237
669,-0.45547889856024704
670,-0.4846613266894534
671,-0.4830859961863818
672,-0.47168859850871214
673,-0.4812102882278915
674,-0.34205882425206724
675,-0.48771493901869095
676,-0.4856576748696752
677,-0.48470006105429303
678,-0.48548952933978656
679,-0.4371024527275599
680,-0.48064775541875887
681,-0.4282453659661908
682,-0.4767587530854484
683,-0.48324200875747325
684,-0.4804355433712217
685,-0.4875702509806253
686,-0.4720011684138393
687,-0.4865930745970353
688,-0.48442843154237325
689,-0.48522557639451275
690,-0.4811729037054729
691,-0.487960673989084
692,-0.4678108682103658
693,-0.4643902923883468
694,-0.4860677031089887
695,-0.48247254614546414
696,-0.47733860206118484
697,-0.4851984618865786
698,-0.467795485542785
699,-0.4770133586296786
700,-0.4853652104067965
701,-0.47703302672151837
702,-0.47698859935487414
703,-0.4874604063614487
704,-0.4859285298614834
705,-0.44694964129523984
706,-0.46401740737394664
707,-0.4853812516556809
708,-0.46758363377449014
709,-0.4850025356201015
710,-0.4643572752564949
711,-0.48723118354816247
712,-0.3825841077480609
713,-0.48546741456964
714,-0.4832182492919071
715,-0.4862226453066005
716,-0.45707708881473025
717,-0.46328881724596177
718,-0.486603618146642
719,-0.48382219155541917
720,-0.4477468095545764
721,-0.44244742881337246
722,-0.48836129554385554
723,-0.4441666434165279
724,-0.4851930345019751
725,-0.45675529168610257
726,-0.47203788700473037
727,-0.4232294633695862
728,-0.48341054632928115
729,-0.4596711749223218
730,-0.48785413442322256
731,-0.48795552333647524
732,-0.47607207332278295
733,-0.48838033611857595
734,-0.48808257774108005
735,-0.485403634876509
736,-0.461820764260501
737,-0.4785056434151736
738,-0.4862572410659583
739,-0.4862853313979903
740,-0.4628833376394322
741,-0.4867915790350355
742,-0.4516442754972597
743,-0.41107095418343303
744,-0.48771325214686906
745,-0.48146237889285376
746,-0.4855779297269073
747,-0.42057562442229174
748,-0.4859981704221386
749,-0.4808489476459291
750,-0.45369115407530275
751,-0.48701267022486233
752,-0.48606318134474713
753,-0.48290887917222897
754,-0.4839925668741974
755,-0.48128929505634005
756,-0.4195155897828803
757,-0.47497198924455364
758,-0.48680387012340753
759,-0.48710167179691793
760,-0.4663446608661601
761,-0.48497733508301116
762,-0.4534407505046216
763,-0.4855376827538482
764,-0.48430742799783233
765,-0.48386957249486745
766,-0.48189618752269975
767,-0.4784623087203235
768,-0.48541158141376084
769,-0.4850039193561993
770,-0.47283213193251356
771,-0.48896647112239616
772,-0.4865468925664152
773,-0.4865276751723234
774,-0.4557309618007949
775,-0.4873605253739669
776,-0.43214642713723417
777,-0.48512286170617047
778,-0.47761937416134725
779,-0.47984414707015627
780,-0.4245140877204053
781,-0.4755755066183024
782,-0.4841595154526097
783,-0.48046511370130984
784,-0.485505208814513
785,-0.4861423087474946
786,-0.47704047641619435
787,-0.47748503043237
788,-0.4124401251644553
789,-0.4175162651034434
790,-0.4547139645978187
791,-0.4832617725808765
792,-0.486815712680262
793,-0.48744346617453954
794,-0.4762647429633016
795,-0.48644859284858993
796,-0.48362311541378633
797,-0.4323361998405666
798,-0.44988957858440254
799,-0.4693623970537248
800,-0.4512091033174316
801,-0.48462753806425846
802,-0.47538267623976804
803,-0.4797481460063621
804,-0.43984227112309326
805,-0.43136394729831734
806,-0.48472283113273296
807,-0.48050757352764817
808,-0.47390513989967287
809,-0.4103338405181696
810,-0.4645103731227881
811,-0.46053559736338906
812,-0.38871855220447354
813,-0.46089225035931153
814,-0.48498012773066446
815,-0.48719555191865804
816,-0.481062104861985
817,-0.48479656504497154
818,-0.48626307586288264
819,-0.4895107588878095
820,-0.48176510518087046
821,-0.4871461534115241
822,-0.4860733801433362
823,-0.4708703737292466
824,-0.4217590113610621
825,-0.4856417097318009
826,-0.44718951636986615
827,-0.4863968352410334
828,-0.4809562694828782
829,-0.48312456275732585
830,-0.47912575486945747
831,-0.4546054236670084
832,-0.4879278221971081
833,-0.48433807873362955
834,-0.48628616516322853
835,-0.47451510982563905
836,-0.4490138256166559
837,-0.44883812410973534
838,-0.4370942588334898
839,-0.4865510835717145
840,-0.48659601931971186
841,-0.458244681867264
842,-0.4868168797428965
843,-0.44327833670693434
844,-0.42542677380652216
845,-0.4448327369970308
846,-0.48629539872247773
847,-0.3683212006174947
848,-0.3967953323107673
849,-0.4814812267326009
850,-0.4189820505144825
851,-0.4825694717898077
852,-0.47631391393152034
853,-0.4528099273184809
854,-0.44715791241138714
855,-0.4772355297466769
856,-0.4668070952534502
857,-0.481893720967087
858,-0.4804843933115646
859,-0.48319524764500826
860,-0.42773796855680707
861,-0.38505431644961813
862,-0.48619271571686196
863,-0.4619810181763853
864,-0.47812352936635544
865,-0.4719244438079594
866,-0.4844765503923497
867,-0.4861358153951507
868,-0.48051493216471997
869,-0.48766913814956653
870,-0.39450917310969347
871,-0.48839651830374936
872,-0.4719852004608591
873,-0.4861530298361478
874,-0.48323329660890935
875,-0.4521748665753746
876,-0.44878243046009475
877,-0.48249002866343876
878,-0.4839914269958607
879,-0.2320100795584388
880,-0.4779016502536436
881,-0.48626983225836956
882,-0.4599878855289498
883,-0.45709770942095557
884,-0.37326458629784715
885,-0.44164933286583624
886,-0.4876950739006874
887,-0.4882614889584959
888,-0.48358759198968043
889,-0.4870896044273466
890,-0.4818080708616832
891,-0.4869683334703084
892,-0.44700580840910853
893,-0.4552134374870471
894,-0.48772313071076684
895,-0.4710599945153575
896,-0.441047531512568
897,-0.46245955227643915
898,-0.4794824630900529
899,-0.4473869737942261
900,-0.484396573016182
901,-0.3871907722696858
902,-0.46385167103191494
903,-0.4887894876825117
904,-0.4688817085385998
905,-0.4785674093946469
906,-0.4765172570449647
907,-0.4791969342070123
908,-0.46651235245011213
909,-0.45314602293014633
910,-0.45029532361167096
911,-0.4831996119816596
912,-0.48475538367407295
913,-0.4869596606891883
914,-0.4734176385998806
915,-0.4861791995371827
916,-0.48519792108398485
917,-0.48897340419470703
918,-0.4251456846474637
919,-0.44589426230023166
920,-0.48349142125035866
921,-0.43536808463424514
922,-0.48549698135839137
923,-0.4798795137140786
924,-0.4844958344907748
925,-0.4621088150647823
926,-0.4864804266287678
927,-0.47338579661526253
928,-0.45801285795199403
929,-0.485489850065581
930,-0.4582855083124292
931,-0.47024848802094504
932,-0.3994710308567085
933,-0.4658257377414429
934,-0.46841053644673486
935,-0.46866660284628103
936,-0.4707653863163586
937,-0.4795548270952874
938,-0.4844561136960734
939,-0.47138701462435334
940,-0.4459303276793507
941,-0.47905940323378193
942,-0.48116363408727864
943,-0.4745907101994217
944,-0.44326842759206964
945,-0.48652762163253305
946,-0.45067694924291185
947,-0.48475738813198954
948,-0.4122524064275077
949,-0.4555273415333924
950,-0.48206881336071183
951,-0.3789965718277194
952,-0.4582084859704525
953,-0.475471424882152
954,-0.30585542889815415
955,-0.46702069724544887
956,-0.461680781344203
957,-0.4634747776256305
958,-0.4610406685399725
959,-0.447602235476947
960,-0.48005654237157475
961,-0.4845323610974524
962,-0.48333136745934413
963,-0.4645771171263291
964,-0.4854123665943279
965,-0.4701700339396859
966,-0.4866541299216279
967,-0.43194726077167106
968,-0.4739923594352183
969,-0.4511732852344471
970,-0.45110073034012593
971,-0.4864362683192209
972,-0.48633621402667543
973,-0.4847606532631601
974,-0.4829161875938776
975,-0.42716561488208427
976,-0.4818613924701129
977,-0.4524875310104242
978,-0.42022244451589796
979,-0.4861867915413288
980,-0.4838877035548205
981,-0.48591516078926134
982,-0.4466420242681938
983,-0.47766910350312447
984,-0.48593232168805994
985,-0.4761095968603287
986,-0.4839148829839318
987,-0.4826337109592611
988,-0.48582143986287907
989,-0.48801052414638907
990,-0.4866552149088724
991,-0.48708498656636706
992,-0.48653239997430386
993,-0.4728043853699906
994,-0.4672756757249945
995,-0.4457901857582105
996,-0.4696903469090834
997,-0.48841422034655985
998,-0.47337409334314057
999,-0.46467952692477527
1000,-0.48673321812422726
1001,-0.48292276382468563
1002,-0.4710647717730726
1003,-0.31323456129511806
1004,-0.4537229887851491
1005,-0.4843693361004669
1006,-0.405040516058358
1007,-0.47456810071302186
1008,-0.4788848600089896
1009,-0.48283370730275926
1010,-0.48586869686246276
1011,-0.41753484771836746
1012,-0.4168039843734565
1013,-0.4789322717733346
1014,-0.48127218821713713
1015,-0.4476554528295451
1016,-0.4525950190256823
1017,-0.45841585434746346
1018,-0.45586634780784435
1019,-0.468439665103206
1020,-0.48449563803504775
1021,-0.46114503893119335
1022,-0.48610110949713087
1023,-0.48653100219712964
1024,-0.4827176364921661
1025,-0.4846730545621771
1026,-0.4750938903870139
1027,-0.43871722639800537
1028,-0.4075425788085352
1029,-0.4394199662148057
1030,-0.45975767979215415
1031,-0.4839942736878808
1032,-0.48153070260168257
1033,-0.3145747803446436
1034,-0.47774849581829
1035,-0.45061725206921865
1036,-0.4833150411731548
1037,-0.4817087779404064
1038,-0.48670350124633827
1039,-0.4869878625121261
1040,-0.4831557523163074
1041,-0.48758322738232485
1042,-0.42676153183147175
1043,-0.4779837637328859
1044,-0.47215262720342505
1045,-0.35731113984928803
1046,-0.4868326530860657
1047,-0.4834022483205979
1048,-0.4657388901076355
1049,-0.4748320373546119
1050,-0.4649779310724691
1051,-0.4470723460930864
1052,-0.4517331754563858
1053,-0.45693566702024685
1054,-0.4840886454184331
1055,-0.46961110769492265
1056,-0.4814587761036355
1057,-0.3822282649295236
1058,-0.44886454085820504
1059,-0.4815986255806371
1060,-0.4854438304688487
1061,-0.4212656243810375
1062,-0.4674372861361017
1063,-0.47056028108531134
1064,-0.4680275956063271
1065,-0.3624328051088607
1066,-0.4833041912917672
1067,-0.3202873920791942
1068,-0.48827296915838264
1069,-0.37482412260471837
1070,-0.4591533789604026
1071,-0.487795418588822
1072,-0.4854329759200056
1073,-0.48257671439898225
1074,-0.42295672516483496
1075,-0.4749554292074028
1076,-0.48242528265298834
1077,-0.42442388461423985
1078,-0.4670476158404105
1079,-0.48338366938671495
1080,-0.48322130643479005
1081,-0.43603361703458304
1082,-0.44229391096526316
1083,-0.48750831189805677
1084,-0.4845800861434419
1085,-0.48205029325164944
1086,-0.47744505613394167
1087,-0.447109012990261
1088,-0.3824442983121792
1089,-0.47952468510357943
1090,-0.45226732938760383
1091,-0.3869812349818886
1092,-0.474519034260792
1093,-0.47293620521751756
1094,-0.48025858190452386
1095,-0.48615151817902236
1096,-0.48454961004278996
1097,-0.4780825661947942
1098,-0.4848734280992092
1099,-0.46526224006767
1100,-0.43364008630516976
1101,-0.47253665720360605
1102,-0.4694362639216633
1103,-0.444015619123223
1104,-0.43426416377667276
1105,-0.4731305360101987
1106,-0.48513134083630755
1107,-0.292002080505304
1108,-0.4283603231192531
1109,-0.4440501392061307
1110,-0.47535195733726776
1111,-0.4826279744415414
1112,-0.47774534667000107
1113,-0.4868966926637498
1114,-0.48387109396077094
1115,-0.4157725806906769
1116,-0.4835054650889497
1117,-0.3795975829401557
1118,-0.46171003524476045
1119,-0.4404511968681787
1120,-0.4818032115756846
1121,-0.4826389593964569
1122,-0.4746601673996393
1123,-0.3401112410211376
1124,-0.4725462875696963
1125,-0.48503187847560914
1126,-0.4775031610207662
1127,-0.4864704377029111
1128,-0.39663998354227814
1129,-0.4791730425479332
1130,-0.40458020767649383
1131,-0.4811108993749709
1132,-0.4843661599327621
1133,-0.4865100003570029
1134,-0.4764529553586182
1135,-0.4532807167502303
1136,-0.43445731127775616
1137,-0.4786014501395245
1138,-0.4311702914346573
1139,-0.46754273464622387
1140,-0.4844200223572444
1141,-0.4709132333111849
1142,-0.4189546068317432
1143,-0.32852256583128336
1144,-0.41350262703146606
1145,-0.4856009634704623
1146,-0.48280476477375284
1147,-0.4829888790676825
1148,-0.4474699003344089
1149,-0.45263567101483104
1150,-0.260722333933855
1151,-0.4059723672930193
1152,-0.4705782958112988
1153,-0.4849473173207952
1154,-0.4840473052002577
1155,-0.48176757960388794
1156,-0.43895003169332386
1157,-0.4830990686327414
1158,-0.4696068285046025
1159,-0.4844304776999276
1160,-0.39291433569087764
1161,-0.35805173804630375
1162,-0.43829949376462163
1163,-0.4391724638813284
1164,-0.4867474237861224
1165,-0.45658197649877125
1166,-0.4493070677829678
1167,-0.4826785360918905
1168,-0.4789650625324424
1169,-0.4865461849922039
1170,-0.44187168344661676
1171,-0.41226527862137363
1172,-0.4847406186705505
1173,-0.34699581469476837
1174,-0.3913318302802452
1175,-0.3896235581025714
1176,-0.438274177900731
1177,-0.4705074944345376
1178,-0.47172061040563823
1179,-0.475117737603885
1180,-0.37537254827943495
1181,-0.48393171979400174
1182,-0.4860722742772172
1183,-0.4862781301121442
1184,-0.43743631692117213
1185,-0.4800919302356818
1186,-0.48713080298224154
1187,-0.37344836997179587
1188,-0.4810206473989939
1189,-0.399861121948051
1190,-0.4160180719026616
1191,-0.4596212262619068
1192,-0.45246356949413125
1193,-0.4718362567565831
1194,-0.47892284555661135
1195,-0.48220523976145807
1196,-0.4862330193465797
1197,-0.4277913496690455
1198,-0.4645566467552577
1199,-0.3991555305355299
1200,-0.4857822429035531
1201,-0.4685081358452328
1202,-0.45857211387311303
1203,-0.4856399515741814
1204,-0.2664315049120228
1205,-0.48302354152341737
1206,-0.4264645662139404
1207,-0.412105746548795
1208,-0.4608368880413775
1209,-0.46746607295400766
1210,-0.47458306276255185
1211,-0.48650692058783396
1212,-0.4673260550378083
1213,-0.48401269463085417
1214,-0.47166434331426577
1215,-0.4761053549765384
1216,-0.472308457766403
1217,-0.4665708415159364
1218,-0.41716343219811314
1219,-0.4848917610330296
1220,-0.45452744045235255
1221,-0.426611041906681
1222,-0.4684931056059768
1223,-0.47310282578655677
1224,-0.3804512500972868
1225,-0.4761150702453152
1226,-0.48069521941643506
1227,-0.4864123181250214
1228,-0.4083908235365695
1229,-0.47654399964884214
1230,-0.4564453962020248
1231,-0.4567523245483493
1232,-0.47254832492293614
1233,-0.48398153708682257
1234,-0.45262098811937895
1235,-0.486537907973176
1236,-0.48583841948740053
1237,-0.4712511691360538
1238,-0.48524200632719117
1239,-0.47117920258468954
1240,-0.40558459925102675
1241,-0.48732586494318353
1242,-0.42069629766468153
1243,-0.3883679645262079
1244,-0.48588160365896044
1245,-0.4039676969927822
1246,-0.4693579473755022
1247,-0.48741571959843166
1248,-0.44979747627383243
1249,-0.4414111574689755
1250,-0.42690210652441196
1251,-0.467150610427837
1252,-0.4482258705879095
1253,-0.4455266419174197
1254,-0.47146464287541895
1255,-0.445971882987113
1256,-0.42773352181014196
1257,-0.4515114316027369
1258,-0.39206961990010264
1259,-0.40116724282941824
1260,-0.4543828166028025
1261,-0.4091206866755846
1262,-0.3990785254055316
1263,-0.47013707570765517
1264,-0.4835116692540144
1265,-0.44203762507316674
1266,-0.4658379924644287
1267,-0.48211886801338544
1268,-0.3646856789338774
1269,-0.42130099258695547
1270,-0.4514566061693949
1271,-0.3069002914389249
1272,-0.48536082056715024
1273,-0.46857445453646557
1274,-0.47429279430248233
1275,-0.4440156204215805
1276,-0.367452288985529
1277,-0.4578971966877507
1278,-0.45446018697240714
1279,-0.318222366577875
1280,-0.35572936885408846
1281,-0.48356361309675644
1282,-0.4863840728491156
1283,-0.48664321909848063
1284,-0.48025344140578324
1285,-0.4054055695864467
1286,-0.29359715865419883
1287,-0.48009750927385936
1288,-0.38865475252444154
1289,-0.4671177873644347
1290,-0.4591358126595535
1291,-0.47294419175264474
1292,-0.44475673283676265
1293,-0.45574140901342064
1294,-0.4854685490016113
1295,-0.39884203471633994
1296,-0.4358742216799429
1297,-0.48582226201759854
1298,-0.4618274204795664
1299,-0.47317182611830444
1300,-0.463521993085892
1301,-0.4557185229948097
1302,-0.45649756026060484
1303,-0.4829820623660176
1304,-0.42794309698150934
1305,-0.4835145156612806
1306,-0.42385106192787947
1307,-0.4423947761610468
1308,-0.276187073541129
1309,-0.47964984441582165
1310,-0.48473614467096826
1311,-0.4652078456621004
1312,-0.4323417393287312
1313,-0.46087801806202494
1314,-0.4293891502348298
1315,-0.46380149449858316
1316,-0.3294018573197362
1317,-0.4781083713612881
1318,-0.4834762010008871
1319,-0.4648626108051101
1320,-0.48030188841294075
1321,-0.48355643764673883
1322,-0.4613043455071281
1323,-0.4089641141041101
1324,-0.4864902871692224
1325,-0.46013445983030976
1326,-0.4224374644713153
1327,-0.4770629796699715
1328,-0.4693391982982821
1329,-0.4331090747536124
1330,-0.4791386139908488
1331,-0.476011529062652
1332,-0.43716524148543573
1333,-0.45030619038070185
1334,-0.408184961382369
1335,-0.46356412369814565
1336,-0.3947597617705205
1337,-0.40632364990379066
1338,-0.47290464112544295
1339,-0.4715564253509048
1340,-0.46310605517788206
1341,-0.46507058843588317
1342,-0.4632443098293277
1343,-0.3985538464673358
1344,-0.46320016861857766
1345,-0.4108447055530772
1346,-0.39509469071931236
1347,-0.4813990785354216
1348,-0.402240985183667
1349,-0.4571509002752614
1350,-0.3539150466155019
1351,-0.4376773291225904
1352,-0.4645576031949836
1353,-0.4783947377920758
1354,-0.47718686505304214
1355,-0.46454501070548343
1356,-0.48208796111156027
1357,-0.45450145706169015
1358,-0.33797964861020113
1359,-0.45531959147226353
1360,-0.45240060155575723
1361,-0.4411782133087776
1362,-0.4815717327734898
1363,-0.47814393866158966
1364,-0.38509565631937864
1365,-0.44869465920746465
1366,-0.4329403636013663
1367,-0.479325850541366
1368,-0.4072344641335559
1369,-0.4811240303606119
1370,-0.3494571881009464
1371,-0.48719887122556316
1372,-0.448842588925677
1373,-0.48652631580541195
1374,-0.46462679521096895
1375,-0.4869645190731043
1376,-0.4860623342750533
1377,-0.4542577553565687
1378,-0.44561246655749975
1379,-0.4720065213666773
1380,-0.4816244243826403
1381,-0.4190201835894968
1382,-0.4486400288560111
1383,-0.4351255364714538
1384,-0.48602951679185247
1385,-0.4431112568180801
1386,-0.45541781819617855
1387,-0.4070522262711853
1388,-0.48456289384485624
1389,-0.35734179773764246
1390,-0.46638503870885806
1391,-0.46085048072834855
1392,-0.44858857877998387
1393,-0.47807245319802527
1394,-0.3726132983550741
1395,-0.43724496463522744
1396,-0.44766423040199854
1397,-0.47209839811104487
1398,-0.4418000543900325
1399,-0.39229073407447984
1400,-0.4091770315789667
1401,-0.4794855919414167
1402,-0.4792294715115371
1403,-0.32351980381303524
1404,-0.47119824798833415
1405,-0.4854679592461787
1406,-0.45951422492995586
1407,-0.44470746034792674
1408,-0.46969900537837606
1409,-0.3479264020648806
1410,-0.4211333469870543
1411,-0.4355194544372277
1412,-0.3790733736600344
1413,-0.3913275075592302
1414,-0.29285890741855314
1415,-0.44010288990410784
1416,-0.48386518298023135
1417,-0.46131346451413824
1418,-0.48496827838489365
1419,-0.31344509559741557
1420,-0.4344980393586389
1421,-0.39483868415501416
1422,-0.4776138807919645
1423,-0.46863838377242484
1424,-0.48214869346372774
1425,-0.43729651759244226
1426,-0.4010636423040557
1427,-0.4691503406529637
1428,-0.45972938665727586
1429,-0.4865253450822641
1430,-0.41500701743848595
1431,-0.47982175590099285
1432,-0.4745600013135625
1433,-0.47078147884504346
1434,-0.44926425358031064
1435,-0.48492205101403263
1436,-0.40958077249738073
1437,-0.31920074966627815
1438,-0.4517328578942836
1439,-0.4862529383393402
1440,-0.48455317724246844
1441,-0.4853285465495481
1442,-0.39426959255131927
1443,-0.4113899256101656
1444,-0.474535014728531
1445,-0.47536166419156806
1446,-0.4870704837165144
1447,-0.34207532673221774
1448,-0.39061863807030883
1449,-0.4161386917553283
1450,-0.4751865634527131
1451,-0.43988882923209155
1452,-0.4376762308775096
1453,-0.4774560773996784
1454,-0.4666173332216737
1455,-0.4503384794834909
1456,-0.4110241990418576
1457,-0.4827056972969949
1458,-0.4861848257666096
1459,-0.4559084340983134
1460,-0.2942991908603074
1461,-0.3934236365681757
1462,-0.4387885932287715
1463,-0.2897154955070015
1464,-0.40224745102616816
1465,-0.3313682582402121
1466,-0.45841057504432575
1467,-0.39435672490094864
1468,-0.460985751033913
1469,-0.4222597039715309
1470,-0.3830897015211244
1471,-0.4519809013281997
1472,-0.3860526972988336
1473,-0.26408285960778116
1474,-0.31222402611961625
1475,-0.36099535556479595
1476,-0.45077991448340016
1477,-0.3651002679246107
1478,-0.4819915883243613
1479,-0.45132365085465703
1480,-0.4602050260022315
1481,-0.3157172120956621
1482,-0.4444569344127916
1483,-0.42767178253288163
1484,-0.4577826651548313
1485,-0.4611283430380197
1486,-0.4305294902636681
1487,-0.360266476119968
1488,-0.42870761421464776
1489,-0.45808682290675684
1490,-0.4264979904685723
1491,-0.448895750221535
1492,-0.4735866505341619
1493,-0.45723712615912643
1494,-0.45524832628600903
1495,-0.42522824681855964
1496,-0.46468337290636264
1497,-0.3939054632001602
1498,-0.4669130884278087
1499,-0.4697761515688472
1500,-0.38713422375309625
1501,-0.4848122152152363
1502,-0.4758587991949648
1503,-0.4725919970167078
1504,-0.45212434380823674
1505,-0.470336034946991
1506,-0.4580709440101021
1507,-0.37139288117273045
1508,-0.4586142547824279
1509,-0.4858229006460062
1510,-0.4846106118005455
1511,-0.4792443550927473
1512,-0.47190600896749835
1513,-0.4685252759868715
1514,-0.43771699187834184
1515,-0.4758806322976147
1516,-0.3940896786259246
1517,-0.40755210944204884
1518,-0.4437792604254775
1519,-0.45364263324602194
1520,-0.4589450640270562
1521,-0.46875362654041347
1522,-0.44381562364292954
1523,-0.45266193485252937
1524,-0.414032157438004
1525,-0.4614458784613221
1526,-0.2989092883821495
1527,-0.48330979282607267
1528,-0.4655716718850246
1529,-0.44675808197555933
1530,-0.4579086214399788
1531,-0.27300680222982
1532,-0.3895327041585579
1533,-0.46466838661110377
1534,-0.40566008963649447
1535,-0.4763999688091975
1536,-0.35224989080055064
1537,-0.47007312572221616
1538,-0.4699319319040759
1539,-0.45201575770161073
1540,-0.46104034955103884
1541,-0.4731306371283531
1542,-0.4811372244457682
1543,-0.4334929937134515
1544,-0.29704431085796007
1545,-0.40780557533202416
1546,-0.46662154570545866
1547,-0.47157975591566137
1548,-0.40295347783219637
1549,-0.44487188040057163
1550,-0.46711817735739497
1551,-0.4740146520829315
1552,-0.48542651217291566
1553,-0.4479401486484455
1554,-0.4856098319794772
1555,-0.3965900845039072
1556,-0.4094198542352887
1557,-0.4548613935707382
1558,-0.3997047476620439
1559,-0.4434211222469687
1560,-0.426626265919462
1561,-0.4835205006650604
1562,-0.4705003275722375
1563,-0.4707394903224026
1564,-0.4800975369037712
1565,-0.48828237055814816
1566,-0.460707235819291
1567,-0.47325506005213225
1568,-0.3813617769963596
1569,-0.4562984255157442
1570,-0.4725666502320102
1571,-0.4473665954841701
1572,-0.4737421886411501
1573,-0.41705491198154926
1574,-0.4845720054504288
1575,-0.4689459927162269
1576,-0.48051818196169005
1577,-0.42101107144177585
1578,-0.47640622812681516
1579,-0.3667051925966417
1580,-0.4282328752023331
1581,-0.4624686526999518
1582,-0.4626803141970941
1583,-0.40514737316872745
1584,-0.39101714085152234
1585,-0.48514167610874187
1586,-0.3658079006498926
1587,-0.3822502075613004
1588,-0.48570606959923046
1589,-0.4103552517887538
1590,-0.38617067374712016
1591,-0.46233693089027383
1592,-0.45094951757722757
1593,-0.43579761188855504
1594,-0.3439823118983777
1595,-0.4250676100103655
1596,-0.450525198834545
1597,-0.4709669874059027
1598,-0.48439966305701904
1599,-0.4231926583546319
1600,-0.2924393496164504
1601,-0.3522550367379295
1602,-0.4682978708455481
1603,-0.4107598529559014
1604,-0.44522197346448217
1605,-0.37511289214378857
1606,-0.4845132713029552
1607,-0.3358181324359477
1608,-0.3777245555595206
1609,-0.45710427370320805
1610,-0.4173028503177404
1611,-0.4821267979754029
1612,-0.4102182402221936
1613,-0.47657569734642324
1614,-0.38666163213818167
1615,-0.4275819208512591
1616,-0.4600365014260048
1617,-0.41671598332525694
1618,-0.42870200459693225
1619,-0.4687700747394112
1620,-0.46574716378295666
1621,-0.4420449340701002
1622,-0.4670804199054846
1623,-0.4572312560562997
1624,-0.4260381305469941
1625,-0.46282293363050037
1626,-0.45310491747261517
1627,-0.4794173048244078
1628,-0.4457608603606131
1629,-0.45171284453896077
1630,-0.38841991259066583
1631,-0.44639316587693256
1632,-0.41745737103853237
1633,-0.4631290684978877
1634,-0.3846504047463093
1635,-0.3300413082441183
1636,-0.4657483856253073
1637,-0.4764191590248148
1638,-0.4675268944111043
1639,-0.44928893395279423
1640,-0.4596990609513555
1641,-0.4876592231552321
1642,-0.42937747709939444
1643,-0.4347105301159477
1644,-0.43926169677357935
1645,-0.4323543863832547
1646,-0.48597361108256637
1647,-0.435273508446255
1648,-0.40057138414291577
1649,-0.451545650710159
1650,-0.3578117719879915
1651,-0.4876215339608401
1652,-0.4206793012767784
1653,-0.42645000765817803
1654,-0.43552395208746775
1655,-0.42263664250036226
1656,-0.32540232427229177
1657,-0.29134796872021385
1658,-0.3851493623682243
1659,-0.46623304231648643
1660,-0.4493264555071
1661,-0.3442331159226418
1662,-0.4716044278800866
1663,-0.3873855151036334
1664,-0.44038868332066045
1665,-0.4278552190499126
1666,-0.45321197090980475
1667,-0.45166710465572424
1668,-0.4472514006005825
1669,-0.39801949549434473
1670,-0.4661705455527018
1671,-0.403134612206227
1672,-0.34467207914721454
1673,-0.45259097828794015
1674,-0.46928786174587034
1675,-0.4645510752048289
1676,-0.3972384296664134
1677,-0.46407535393560245
1678,-0.40949688356487335
1679,-0.4786991971074011
1680,-0.4029791413823613
1681,-0.4657631296168868
1682,-0.3855064008394485
1683,-0.3666640438261362
1684,-0.45261163248421377
1685,-0.33442911364752514
1686,-0.46126492068160146
1687,-0.46019013453731433
1688,-0.4269203589990869
1689,-0.3719661124067551
1690,-0.4765323920902804
1691,-0.43234854782892795
1692,-0.47293091751728655
1693,-0.4386834753067903
1694,-0.482045899313836
1695,-0.2686412393228135
1696,-0.4105565631283329
1697,-0.3530387436782387
1698,-0.39208911824920384
1699,-0.466800922966771
1700,-0.37034975483792654
1701,-0.4532109333484671
1702,-0.4192649391832406
1703,-0.48387682385500624
1704,-0.475238532208127
1705,-0.43384565203224645
1706,-0.28337614923205906
1707,-0.457808330305625
1708,-0.43474756900311906
1709,-0.45338132929900105
1710,-0.4602644120774314
1711,-0.44896145263620707
1712,-0.4534993883598862
1713,-0.4664559492945311
1714,-0.3769132991074843
1715,-0.30601124124040713
1716,-0.38495596883755023
1717,-0.38058301663376354
1718,-0.38456808074235216
1719,-0.4132653358002145
1720,-0.46861468552184576
1721,-0.35650198197511895
1722,-0.41800906147130573
1723,-0.4844478324000381
1724,-0.39722970550075853
1725,-0.40917095480801535
1726,-0.40607576237489046
1727,-0.41836440508745115
1728,-0.45600105773455213
1729,-0.44462654210427266
1730,-0.3892526643954363
1731,-0.42050231649261816
1732,-0.4601851758399093
1733,-0.4611525814621779
1734,-0.37704711589044565
1735,-0.45200152914882014
1736,-0.4868277645106483
1737,-0.4454217317565119
1738,-0.3616761673854149
1739,-0.4614365458688802
1740,-0.4698581297926489
1741,-0.47413167203832246
1742,-0.4656464395339325
1743,-0.3750265893862256
1744,-0.4450751514548408
1745,-0.43841106948131314
1746,-0.31777366405947066
1747,-0.4074063905053281
1748,-0.46259733350474214
1749,-0.4834259987440391
1750,-0.4362314317896967
1751,-0.392735684128391
1752,-0.43270770029165045
1753,-0.4242549962334681
1754,-0.4772315021664003
1755,-0.31895206393585673
1756,-0.4850920240571298
1757,-0.4390820578445302
1758,-0.44753721810033603
1759,-0.3697226455591812
1760,-0.42534733997456353
1761,-0.463673112719922
1762,-0.439469542737631
1763,-0.40702638983657835
1764,-0.28590524916828414
1765,-0.4229668488369751
1766,-0.449236403438155
1767,-0.43906937719141087
1768,-0.45071744276904324
1769,-0.3835910990125786
1770,-0.37186530364067577
1771,-0.45116342216259664
1772,-0.38593668236655315
1773,-0.44456202740264983
1774,-0.44266822572442877
1775,-0.43280016527617615
1776,-0.46320810282627567
1777,-0.3435254500005738
1778,-0.40850468851766925
1779,-0.39247070816875523
1780,-0.3677754385754239
1781,-0.2181649421240787
1782,-0.376625779394227
1783,-0.4542789672730727
1784,-0.46290975316442257
1785,-0.4467900973476408
1786,-0.4265041362626764
1787,-0.382577489366242
1788,-0.3879837661511269
1789,-0.46127162337419847
1790,-0.4154534936488447
1791,-0.40275192540331706
1792,-0.41565213845199384
1793,-0.4227626069506573
1794,-0.44473237199449583
1795,-0.43599163761413845
1796,-0.3076279368743473
1797,-0.372652265765269
1798,-0.30597965471260835
1799,-0.31764966145098833
1800,-0.3883672390584138
1801,-0.40516463958611115
1802,-0.32027164539162883
1803,-0.44265726217684875
1804,-0.31011200812045664
1805,-0.36110561345960074
1806,-0.4445506182009097
1807,-0.3180291685705213
1808,-0.39063477453284245
1809,-0.39662469594653454
1810,-0.3607523202073379
1811,-0.38276045664265407
1812,-0.45025693978808146
1813,-0.44808725140815087
1814,-0.4597204401741091
1815,-0.48102019215150893
1816,-0.44417665917763477
1817,-0.4288835541603244
1818,-0.44841807187715105
1819,-0.4501404306556079
1820,-0.4217903092530073
1821,-0.39513823894802513
1822,-0.3906209409889497
1823,-0.46893128077546375
1824,-0.44497215754720887
1825,-0.33715327611771256
1826,-0.40520229507394023
1827,-0.4603035719277658
1828,-0.4710374847737878
1829,-0.40711963184105954
1830,-0.39696811800482223
1831,-0.4631645838845526
1832,-0.4522457731072414
1833,-0.4621540546214015
1834,-0.42093749108224415
1835,-0.4373835324839931
1836,-0.3675268677104406
1837,-0.41011824907691247
1838,-0.47278959009953625
1839,-0.33056816842839654
1840,-0.47639482586115156
1841,-0.45750558740673697
1842,-0.4335357241956203
1843,-0.45215578117697475
1844,-0.35024476863510656
1845,-0.4058176384941149
1846,-0.444642125823735
1847,-0.4144505912047326
1848,-0.37839996877126764
1849,-0.4293513150585408
1850,-0.40835044819001903
1851,-0.47462628728327233
1852,-0.4631679361650952
1853,-0.26221747803000894
1854,-0.426876013733938
1855,-0.46250722576564757
1856,-0.3699058721539574
1857,-0.4051005107737801
1858,-0.39391449654261523
1859,-0.4739861558429401
1860,-0.4068523354696799
1861,-0.3282182755530326
1862,-0.48290504110988863
1863,-0.4594054828692993
1864,-0.48313307979073256
1865,-0.4412235632994086
1866,-0.4621744838937039
1867,-0.3852604618235512
1868,-0.47126882198380743
1869,-0.42447079298479234
1870,-0.42049677381328177
1871,-0.4142960469547599
1872,-0.42013092189361967
1873,-0.23193162369448633
1874,-0.34477886984456224
1875,-0.34593758009109854
1876,-0.27345624321046585
1877,-0.4674393330870374
1878,-0.4317853929937244
1879,-0.4561215856828129
1880,-0.2705399415781287
1881,-0.34122238118829495
1882,-0.44033322485466003
1883,-0.18980464607506983
1884,-0.38970468762281857
1885,-0.3800876624800568
1886,-0.37972130413501076
1887,-0.40421480883070005
1888,-0.4383078773452137
1889,-0.4808322376749057
1890,-0.48252593945210287
1891,-0.45133445979424464
1892,-0.3375453923471203
1893,-0.30094686010882127
1894,-0.40111553547615536
1895,-0.42532261187114145
1896,-0.4557863590824716
1897,-0.4130718928182021
1898,-0.4184508867665572
1899,-0.37514700100244014
1900,-0.44114157260003134
1901,-0.4013422761632556
1902,-0.36112026957921634
1903,-0.38332687831186996
1904,-0.4085937797047107
1905,-0.4666211242132078
1906,-0.4533724010889039
1907,-0.39657875264603465
1908,-0.43507313488703653
1909,-0.45790796354291746
1910,-0.4719918143205905
1911,-0.31559313113790244
1912,-0.4587260803733408
1913,-0.39829839454646015
1914,-0.44474457844592846
1915,-0.4325708950438951
1916,-0.44843480586050793
1917,-0.45795676992709794
1918,-0.3866427655277885
1919,-0.38064941102866817
1920,-0.396024172733436
1921,-0.3476209900428657
1922,-0.44605660481959636
1923,-0.3731091006368653
1924,-0.4056345671909589
1925,-0.39799962488527685
1926,-0.46034080894998464
1927,-0.3450779583688732
1928,-0.41908027327522146
1929,-0.2635894023399443
1930,-0.4417128408741562
1931,-0.429912832931531
1932,-0.46231570062222666
1933,-0.3894284874682265
1934,-0.3550915821595767
1935,-0.366174409394089
1936,-0.34144796721864357
1937,-0.2643977796988867
1938,-0.4326004618240253
1939,-0.3435543898979324
1940,-0.47691751589373826
1941,-0.3783134897391482
1942,-0.43817810097259424
1943,-0.46869759802217426
1944,-0.29678706868589616
1945,-0.41742460385153324
1946,-0.4382956588875486
1947,-0.47823648468110197
1948,-0.39995080158683893
1949,-0.46552418856194344
1950,-0.47715633341474717
1951,-0.4536829268929078
1952,-0.31362719692308505
1953,-0.3149477253611678
1954,-0.46713454847617136
1955,-0.46387002599726307
1956,-0.4410196182377183
1957,-0.37636137688305293
1958,-0.4259011975822721
1959,-0.3591339708796501
1960,-0.46305358889787124
1961,-0.3924176089064137
1962,-0.4002449365436639
1963,-0.4449547864405286
1964,-0.4390280317082266
1965,-0.4227959100002995
1966,-0.38677243587998045
1967,-0.4383768725319465
1968,-0.4038736600694222
1969,-0.4507816075617318
1970,-0.35884139623380373
1971,-0.38715715436882053
1972,-0.3800454608504666
1973,-0.3978871977158868
1974,-0.458140677939558
1975,-0.436356489225548
1976,-0.3932181644102965
1977,-0.3451981872580252
1978,-0.4578762580302448
1979,-0.46849369673457747
1980,-0.20820441932168668
1981,-0.3931677274709848
1982,-0.4521068415066386
1983,-0.46673318490199034
1984,-0.4197647380617536
1985,-0.29588979696001083
1986,-0.45302061350187167
1987,-0.4148117215389765
1988,-0.3628353208754135
1989,-0.4132262983360062
1990,-0.2808599948510257
1991,-0.47960276792918755
1992,-0.2844299196874955
1993,-0.313707841651076
1994,-0.44066110957400506
1995,-0.45541414399629354
1996,-0.4429514027398318
1997,-0.48590001550935363
1998,-0.42918779406638563
1999,-0.4701535960103613
2000,-0.46766908188291884
