1,-0.48599900482252906
2,-0.48820160959505665
3,-0.48391339474796635
4,-0.48675091250619745
5,-0.48636631930499075
6,-0.4683750956800164
7,-0.4909920408819939
8,-0.48344095584573
9,-0.4870240531363321
10,-0.48266565343553486
11,-0.4863005376056949
12,-0.47853412827539094
13,-0.48903144312855323
14,-0.4865385751178467
15,-0.4843921190875936
16,-0.4868113866790186
17,-0.4870311441810806
18,-0.4858087131735271
19,-0.3970640327390834
20,-0.48391274859518024
21,-0.48520160529346934
22,-0.4855410231703148
23,-0.4891958286479564
24,-0.48770569548233184
25,-0.4887373179390923
26,-0.4753939122130958
27,-0.4867514479478966
28,-0.4860609077897154
29,-0.48724019933322493
30,-0.48491474538066043
31,-0.48331280282676303
32,-0.4863466672439402
33,-0.48147554815581955
34,-0.48534426151705296
35,-0.4873363617923575
36,-0.4873227230822528
37,-0.4875925684486878
38,-0.48801593529312665
39,-0.4719546543119327
40,-0.4840849488873923
41,-0.4886259269266367
42,-0.48690834374544695
43,-0.48493558667287034
44,-0.4870429030915425
45,-0.4879076100978959
46,-0.48431253308647537
47,-0.4870743695889191
48,-0.485858620049306
49,-0.4864971980685161
50,-0.48715020538978543
51,-0.4738605218857312
52,-0.4816752503348722
53,-0.4877805885670788
54,-0.48158107691687907
55,-0.4852486524200959
56,-0.4837791403603173
57,-0.48891670488616185
58,-0.4866475677123647
59,-0.4868498391835728
60,-0.475969937919244
61,-0.48570189109648554
62,-0.4860022332963364
63,-0.48550525991828886
64,-0.4869366320004786
65,-0.4873299814890014
66,-0.4872103123930647
67,-0.48362549867114346
68,-0.4858476010318119
69,-0.47266425551180896
70,-0.4829530464496774
71,-0.48702155117432516
72,-0.4863944658051948
73,-0.47940732045381285
74,-0.48562601099803904
75,-0.48499402927206403
76,-0.48774983141563466
77,-0.4881204560806155
78,-0.4859933189989652
79,-0.4855953852455595
80,-0.4858758486429107
81,-0.4883254248998839
82,-0.4816344656924568
83,-0.48831970095668265
84,-0.48533606312891475
85,-0.4881465261766304
86,-0.47990679623922605
87,-0.4861681991579352
88,-0.48246648833482964
89,-0.48634535890174474
90,-0.48761784641473177
91,-0.47286333932237806
92,-0.48663842330511636
93,-0.4875956501421278
94,-0.48804550385574574
95,-0.4817262595299088
96,-0.4875083388969612
97,-0.4327367281942975
98,-0.46125216951734077
99,-0.48427664112543256
100,-0.4871128185376561
101,-0.4309869268241118
102,-0.47303657726861054
103,-0.4858392687510395
104,-0.4869464018805852
105,-0.4868748750646762
106,-0.467268894648401
107,-0.4866390859182005
108,-0.4856113495389468
109,-0.48707355437420663
110,-0.4849079649149176
111,-0.3546598354078099
112,-0.48339366926265226
113,-0.4841772255752546
114,-0.48776552574994714
115,-0.3852658837887051
116,-0.48576112878971645
117,-0.4850974213211012
118,-0.4855508884648601
119,-0.48690413573037555
120,-0.4873443282596909
121,-0.48607149502343644
122,-0.4862425312183887
123,-0.4812059299255323
124,-0.48582681730099386
125,-0.48403683836844175
126,-0.48628566793355615
127,-0.48705851977891096
128,-0.4765706201450315
129,-0.4808265310995577
130,-0.48673304195781375
131,-0.4619414273039912
132,-0.48733721539139474
133,-0.4741544614291487
134,-0.4864384437587471
135,-0.4388740027700719
136,-0.48523224253711467
137,-0.4840272988227394
138,-0.48657095006993384
139,-0.48505471574840087
140,-0.4899177985999495
141,-0.48607012123635995
142,-0.4872932414800288
143,-0.48651594812926047
144,-0.48605206049618993
145,-0.48741043878944557
146,-0.48486200673318
147,-0.4859367829022399
148,-0.4691898115190954
149,-0.48695892941201796
150,-0.48445757082906166
151,-0.4625506193778371
152,-0.48670615347680546
153,-0.4227453380924744
154,-0.4849871524049306
155,-0.4896139512214685
156,-0.48535399816317215
157,-0.4862810345329895
158,-0.4871988731376969
159,-0.4867096233562885
160,-0.4875944542624871
161,-0.4812452515245741
162,-0.4868997967166927
163,-0.48746954559137473
164,-0.48356475581483443
165,-0.4865904602454838
166,-0.48780001377188364
167,-0.4867070914009126
168,-0.49012890136188403
169,-0.46444277506448756
170,-0.4880475182352009
171,-0.48265975671754024
172,-0.487558084924326
173,-0.4881060275552383
174,-0.4849169790167667
175,-0.48484161626787436
176,-0.48712542306491474
177,-0.4858760712073146
178,-0.46661485953205595
179,-0.4860727018409225
180,-0.48375147396965423
181,-0.4866013547118931
182,-0.48430640648556467
183,-0.4884885309095204
184,-0.48717049810068686
185,-0.48652137364348397
186,-0.48735143906306944
187,-0.48592834222997955
188,-0.48518953211096416
189,-0.4860446199590195
190,-0.47347313502017163
191,-0.48625571763655445
192,-0.4860777770397028
193,-0.47888346588165626
194,-0.48616905932136084
195,-0.4857969965830291
196,-0.4854202037920171
197,-0.4849798997601852
198,-0.4869912362568219
199,-0.48592922751494977
200,-0.48538278994618794
201,-0.4882858641857097
202,-0.4887231352381773
203,-0.4867354056862446
204,-0.487275550850308
205,-0.4866129165277413
206,-0.4889311558217413
207,-0.4892659440454365
208,-0.47770779397166474
209,-0.4859756521926898
210,-0.4872311413085749
211,-0.48332130226631476
212,-0.4830337359540746
213,-0.4853170080667597
214,-0.47927711610458884
215,-0.4882045403492616
216,-0.4831493613758207
217,-0.4838431016596062
218,-0.47631301590194003
219,-0.46627473784614276
220,-0.48716456284099147
221,-0.4589168131871745
222,-0.4873982927295799
223,-0.4886683845375923
224,-0.48693900737074225
225,-0.48562643787140375
226,-0.464850589485979
227,-0.48665769462986475
228,-0.48529941121416553
229,-0.4886114009312098
230,-0.48670238260538473
231,-0.4830618371051589
232,-0.48881907447207
233,-0.47782758988555846
234,-0.48445644948518457
235,-0.4868004440891899
236,-0.4549971930819583
237,-0.4864019140931098
238,-0.48010289653898036
239,-0.4876522101191156
240,-0.48657459081192095
241,-0.3918881785856794
242,-0.4866833721427113
243,-0.48945218269528556
244,-0.4857005725849899
245,-0.48746567309653366
246,-0.48721189619397315
247,-0.48856897074692823
248,-0.45535207632776736
249,-0.4518201309019348
250,-0.48661033288874317
251,-0.4854908504939227
252,-0.48569934968691214
253,-0.48713485095634934
254,-0.4842214240254346
255,-0.485623630299522
256,-0.48822644024395323
257,-0.4686409473709292
258,-0.4732266545387903
259,-0.48828437773951505
260,-0.4861597517238897
261,-0.485646043527966
262,-0.4815600264770524
263,-0.48663479765558465
264,-0.47914433830097175
265,-0.4714855128348238
266,-0.4824450087594637
267,-0.48848612319826445
268,-0.4863509180710486
269,-0.47486990388242506
270,-0.4887342508211262
271,-0.47900870429339804
272,-0.48815389088436145
273,-0.47886933911633134
274,-0.4477019978833397
275,-0.4850407595854087
276,-0.4872419476710235
277,-0.48932853534235726
278,-0.48688142987036404
279,-0.48673573457935415
280,-0.48642544109118885
281,-0.47656605322398354
282,-0.48270648679298317
283,-0.4826193560685777
284,-0.4887241183467076
285,-0.4859899912894004
286,-0.48756262910631853
287,-0.46619355521855715
288,-0.477917935527151
289,-0.48673827366149436
290,-0.4865035226686093
291,-0.48629903630641585
292,-0.4844081625363633
293,-0.4867753440255707
294,-0.47958099462399045
295,-0.4603211031717214
296,-0.48137336712903506
297,-0.4837959415367622
298,-0.4873460598238549
299,-0.4543884808163569
300,-0.4739487152823126
301,-0.485873044268118
302,-0.4678271628397895
303,-0.48870923632195645
304,-0.487626273466945
305,-0.4857933816537329
306,-0.4893962876834291
307,-0.4867423520694444
308,-0.49037606309998183
309,-0.4832623184241697
310,-0.4871702365264485
311,-0.4867294649495765
312,-0.48683273421976075
313,-0.48808273213152503
314,-0.48121956489770695
315,-0.4456447964790667
316,-0.4838621594523463
317,-0.487150303526771
318,-0.4573927584451798
319,-0.48239834962010086
320,-0.48462361126593
321,-0.4494302041882442
322,-0.477244669580418
323,-0.4760098745638236
324,-0.39210649877577786
325,-0.489310521126705
326,-0.48640532083799076
327,-0.47743910121444255
328,-0.4867925993291921
329,-0.48494706796863624
330,-0.488462095638459
331,-0.4866194956930126
332,-0.48741297916774184
333,-0.48647453615143005
334,-0.48573238090510096
335,-0.48506211176108593
336,-0.4870136550530143
337,-0.48414291455836383
338,-0.476251589809776
339,-0.4672439118404945
340,-0.43473569613040336
341,-0.4873900602364781
342,-0.38829352796146827
343,-0.48487805676036366
344,-0.4817961293446081
345,-0.48356893800343176
346,-0.4847350966492777
347,-0.48462877740012306
348,-0.47747497301726866
349,-0.4867386809200796
350,-0.4718819840314727
351,-0.47931538402945534
352,-0.4867895076502809
353,-0.48590505565104136
354,-0.48002337622885494
355,-0.4876999282964898
356,-0.4850469739131918
357,-0.48147642663122686
358,-0.4567221014209985
359,-0.48610295379333374
360,-0.47921398888817635
361,-0.48666937599279214
362,-0.4869215479826711
363,-0.4844875272169523
364,-0.4861702166393236
365,-0.48889622198784716
366,-0.47500654914178897
367,-0.48382447957739
368,-0.48298319676409335
369,-0.486872118619632
370,-0.48479606284244664
371,-0.48852359924930844
372,-0.4803878026788857
373,-0.48174249317403417
374,-0.4721326842570042
375,-0.46445989837699425
376,-0.4862391751317579
377,-0.480300132139294
378,-0.48053537646787275
379,-0.487032864308957
380,-0.481022091114284
381,-0.48021035065738904
382,-0.48628297067921744
383,-0.4455417674727954
384,-0.4876995364269639
385,-0.488690089265244
386,-0.4795615111387915
387,-0.4696410149110818
388,-0.45928669568114733
389,-0.47052633106849834
390,-0.48706997627961984
391,-0.48735474616058144
392,-0.48786158033449817
393,-0.48826267573610305
394,-0.4843261269801737
395,-0.4850534515430386
396,-0.48786143525212455
397,-0.48656324031121884
398,-0.4461541238241874
399,-0.48557257903203105
400,-0.48698703738127724
401,-0.4781580051960711
402,-0.48693207956672463
403,-0.4840588761620637
404,-0.4872147523602743
405,-0.485408503377991
406,-0.4862624809484356
407,-0.4854544953818017
408,-0.4761138234687856
409,-0.393901746775716
410,-0.4725879647807448
411,-0.4867177655458291
412,-0.48731500432970837
413,-0.4868945404826242
414,-0.32593195766008093
415,-0.46917754498673814
416,-0.4868290499278052
417,-0.4854436695860773
418,-0.48915435649761607
419,-0.45918341979722177
420,-0.4804050523106084
421,-0.42866259868303747
422,-0.4872206612781163
423,-0.48617916014893386
424,-0.44896959423516525
425,-0.47870026908180363
426,-0.48084451248430143
427,-0.4872941814549338
428,-0.473371599186547
429,-0.47457454619475853
430,-0.48475791032741705
431,-0.402874575652256
432,-0.4815255944038313
433,-0.48798362901894693
434,-0.48471023814695824
435,-0.48618900979252216
436,-0.44874055794820195
437,-0.46086291924324657
438,-0.4886757553716908
439,-0.486074614699325
440,-0.44306150198324296
441,-0.47858221754188307
442,-0.4595632468048373
443,-0.4671571523209715
444,-0.45910793863124283
445,-0.4888084321493683
446,-0.4083240947975871
447,-0.37171064185708386
448,-0.4866143498671988
449,-0.48706503651716626
450,-0.4573912048031266
451,-0.4783896281465541
452,-0.43118514582431644
453,-0.48570207653878245
454,-0.4862944200361809
455,-0.47551996823112036
456,-0.48651234098922275
457,-0.48708312909731744
458,-0.4212836971189144
459,-0.4823677582871809
460,-0.47933431645744984
461,-0.4784600889288362
462,-0.471748103379854
463,-0.48291929857641425
464,-0.48475249744948795
465,-0.4874605904289558
466,-0.4883766579292474
467,-0.47787827889711254
468,-0.48687278566042586
469,-0.4855831900648468
470,-0.48316953630550125
471,-0.4845709658624688
472,-0.46632357323039497
473,-0.47879059447772715
474,-0.48701409107055893
475,-0.44605799101344334
476,-0.4843077446060457
477,-0.48672832639437924
478,-0.486695218836708
479,-0.48043588697926487
480,-0.4194483169636188
481,-0.48069085417185037
482,-0.4847106838125315
483,-0.48755262840272445
484,-0.4867580135892731
485,-0.48473688882905863
486,-0.47257452422978563
487,-0.4878749148965962
488,-0.47834560890470335
489,-0.48166728917525947
490,-0.43391696817921677
491,-0.3953129636134539
492,-0.4681149193118131
493,-0.485801620563705
494,-0.4807949533400238
495,-0.48381815046461285
496,-0.4871414178099766
497,-0.4846292315990865
498,-0.4869847322728768
499,-0.4813840966735386
500,-0.48234373328002067
501,-0.4710339643346096
502,-0.4741389061830411
503,-0.48834771131006505
504,-0.4852424331534781
505,-0.4864688563414633
506,-0.45957334652611215
507,-0.4803923747423816
508,-0.4198675484460888
509,-0.44630712753570795
510,-0.4855639187923688
511,-0.48460355895827484
512,-0.485133325406633
513,-0.4849636490960093
514,-0.48637987164012375
515,-0.4788224281255711
516,-0.4900136644352984
517,-0.4790507604648496
518,-0.4067650196475848
519,-0.48008421811671836
520,-0.4639487846875301
521,-0.44481721681677894
522,-0.46737312442475987
523,-0.4872627147383378
524,-0.4830439035329578
525,-0.48401866035082947
526,-0.4849138124019463
527,-0.4675016020493154
528,-0.4886272205740243
529,-0.45743368544791807
530,-0.4865157155476196
531,-0.48735826234062535
532,-0.35185629227843945
533,-0.487959492974981
534,-0.48102198428300297
535,-0.39123288787736765
536,-0.38171794193464753
537,-0.48609404257947875
538,-0.4402764344183922
539,-0.42893267233135823
540,-0.4825305175537349
541,-0.48527727429988854
542,-0.4863318672225633
543,-0.4871998796017288
544,-0.36219236429378804
545,-0.47929713959087766
546,-0.467323375717397
547,-0.48636368593378976
548,-0.48571794259523415
549,-0.47753983177298626
550,-0.48444782639128464
551,-0.45142302857841593
552,-0.44429967116097197
553,-0.47476693234867073
554,-0.4748403568211706
555,-0.4860577024815129
556,-0.3980809486833877
557,-0.4624780347255665
558,-0.479609407026722
559,-0.4849185282270986
560,-0.4789520555030406
561,-0.4207788287969564
562,-0.47486104292391984
563,-0.48288736507033947
564,-0.4866784920125336
565,-0.48119347324257694
566,-0.4799125474440348
567,-0.4775229647810546
568,-0.4868528132315207
569,-0.4873488185945723
570,-0.4876203831945632
571,-0.476844510957184
572,-0.4856599348222373
573,-0.47731879915552455
574,-0.4853274932634343
575,-0.47849429082886674
576,-0.4874460218482651
577,-0.4773294761828602
578,-0.46545331449403016
579,-0.4807044381683914
580,-0.47902040077371355
581,-0.45073560584261435
582,-0.46104590080782804
583,-0.4878392071295182
584,-0.4862119318291736
585,-0.4781406623397472
586,-0.48772202106156975
587,-0.47830576849719664
588,-0.45094141811881244
589,-0.4561408201155387
590,-0.4878475582645942
591,-0.4868741019335409
592,-0.4724740166532076
593,-0.4850208368705965
594,-0.4829579825278663
595,-0.4842415085172133
596,-0.48688695777177404
597,-0.48787387159286466
598,-0.47864683029057276
599,-0.4891596671408823
600,-0.48457942559068434
601,-0.4857487045925834
602,-0.4636266366516574
603,-0.48722087485513255
604,-0.48598715770698153
605,-0.4882185262549224
606,-0.4651662076637944
607,-0.48695228204089397
608,-0.47106586983694226
609,-0.4857818251271817
610,-0.48456607342195696
611,-0.4817918221022606
612,-0.47621322051539605
613,-0.47829824258053794
614,-0.48681496351792486
615,-0.4447471305390803
616,-0.41377070738755795
617,-0.48537897845203354
618,-0.4860175882247831
619,-0.48394330673623
620,-0.4217369677679884
621,-0.47845209299084934
622,-0.4860595475228566
623,-0.48658407851570856
624,-0.45604867015916284
625,-0.48735517420792074
626,-0.48998896908839373
627,-0.45292183809283254
628,-0.4853445111435373
629,-0.4749253228606396
630,-0.4851328543940225
631,-0.4864863777225516
632,-0.4828571871689208
633,-0.48225106488775593
634,-0.48361013425533256
635,-0.4886612241877269
636,-0.4874040522165237
637,-0.21321449207409252
638,-0.42995938082073004
639,-0.48109974187406
640,-0.4814150832660389
641,-0.48753766829707607
642,-0.48506524478576846
643,-0.48723520675453774
644,-0.44605370023760477
645,-0.4872060779151193
646,-0.4696649508328153
647,-0.48574601311293886
648,-0.46462130768303966
649,-0.48758363843996855
650,-0.37106830432138554
651,-0.43334636716059005
652,-0.42627108481913867
653,-0.4466638382460195
654,-0.47648114368593414
655,-0.45085238703580754
656,-0.4443447525813158
657,-0.46403199151161023
658,-0.47373322262850087
659,-0.4675699155374815
660,-0.45959404375214846
661,-0.36932905496623075
662,-0.46530135851635634
663,-0.48392957275213944
664,-0.488613205253102
665,-0.482887427777563
666,-0.4748207516589403
667,-0.48315839183917514
668,-0.4825093128124823
669,-0.4227558650488389
670,-0.4870138878129428
671,-0.48301246315460683
672,-0.4587978191751198
673,-0.4819938947206838
674,-0.438579728788842
675,-0.48827517093152195
676,-0.4773067723054624
677,-0.4286505870244406
678,-0.4856346541521244
679,-0.48630775157214673
680,-0.48285264021581115
681,-0.4637993047211278
682,-0.4861015713208179
683,-0.48553689856059984
684,-0.48828069617289777
685,-0.447583095778861
686,-0.4735521509752249
687,-0.42774047276784904
688,-0.4756279727257914
689,-0.41513932514394397
690,-0.42924388812547737
691,-0.4861794174079687
692,-0.45592682576010785
693,-0.4865063626770387
694,-0.48273549176904634
695,-0.4860273823727904
696,-0.48712410477246165
697,-0.48401930279833816
698,-0.4849525837035544
699,-0.4883931084679315
700,-0.4303082066798941
701,-0.48496140042131336
702,-0.4529423150283824
703,-0.4821558854869528
704,-0.4500363084735419
705,-0.4064467783418981
706,-0.4325556564789654
707,-0.48679195194387714
708,-0.48314513773313306
709,-0.486264876943904
710,-0.3826532923526404
711,-0.44210457563757327
712,-0.4871084557902237
713,-0.4859735855430597
714,-0.4595456100712185
715,-0.4509743776517781
716,-0.46858694947876806
717,-0.4854076992274551
718,-0.48714025741877015
719,-0.4591537987162459
720,-0.4840373003575282
721,-0.42290933980256057
722,-0.4856291520178719
723,-0.4299463378913027
724,-0.48348823750519726
725,-0.4125487381015954
726,-0.47904579522207824
727,-0.46756654253865104
728,-0.47325125137141055
729,-0.4162369576296954
730,-0.48623645002760446
731,-0.4854685843742641
732,-0.4826978614470314
733,-0.4099186487483928
734,-0.4666670110138795
735,-0.4742900516215547
736,-0.4870563090561485
737,-0.4564618270901825
738,-0.4872881780073054
739,-0.4834464621543528
740,-0.4518507314813921
741,-0.41166239314693687
742,-0.47545230788138815
743,-0.45705617622375316
744,-0.47524335107074933
745,-0.4855681872915706
746,-0.48698280689894985
747,-0.48627824067044506
748,-0.485205057854415
749,-0.3539626557698287
750,-0.47011457409528346
751,-0.459957141883495
752,-0.487863837381209
753,-0.4313851786821061
754,-0.474974626645938
755,-0.4392262426608022
756,-0.48918583366344975
757,-0.4543571508482906
758,-0.39678592957610404
759,-0.45600748794093743
760,-0.4714981976095825
761,-0.46942997199974773
762,-0.4328213322049919
763,-0.4400229209029137
764,-0.4579594761096201
765,-0.478415133869855
766,-0.4369911240292656
767,-0.4757717761750421
768,-0.46598538364571873
769,-0.43728933929027775
770,-0.47905191839410505
771,-0.4774324400594443
772,-0.48844470572240806
773,-0.4453512611635233
774,-0.48591983259746735
775,-0.47835373802549147
776,-0.4210759534319276
777,-0.4514457774463346
778,-0.4434167833047404
779,-0.44233883386004574
780,-0.474844197789994
781,-0.43979015135643074
782,-0.43966363844096684
783,-0.4490930773197529
784,-0.484741657875934
785,-0.47526995451414555
786,-0.4686459978798555
787,-0.4720083253167614
788,-0.48373849407664604
789,-0.4794840452007223
790,-0.4501549679267826
791,-0.4859536052741777
792,-0.46837095763346004
793,-0.4596812485550032
794,-0.27070311172038813
795,-0.4869331006575064
796,-0.48516130137472346
797,-0.4775577144703434
798,-0.47250635758520326
799,-0.3889255820227836
800,-0.47714475362570785
801,-0.48310326691582534
802,-0.4866443712690057
803,-0.46590333264852796
804,-0.48322949478637844
805,-0.48474311059464703
806,-0.4373857413493661
807,-0.476374657634745
808,-0.46009826523130176
809,-0.46641984844814105
810,-0.3925392440543934
811,-0.4824918332198252
812,-0.4682169317694138
813,-0.4809999949841351
814,-0.43907073205171215
815,-0.4458368124477304
816,-0.4453951894130408
817,-0.4868664527770925
818,-0.4798974338073422
819,-0.48653200602470154
820,-0.4534552621327157
821,-0.4494102928836914
822,-0.48807121693471905
823,-0.4689070636898898
824,-0.47065332343608857
825,-0.47175815228629214
826,-0.4715149711438112
827,-0.47625538578621923
828,-0.485554026342852
829,-0.47735759501077757
830,-0.48599571310706635
831,-0.4551076273430063
832,-0.48584589315875826
833,-0.4716357476555191
834,-0.43213501723811387
835,-0.46968199616242
836,-0.4843215312512564
837,-0.4533100877985836
838,-0.4666629409509603
839,-0.48067154105768956
840,-0.4831378742093805
841,-0.34072448546149425
842,-0.4791994219907703
843,-0.40790940891714783
844,-0.48550899164644706
845,-0.42502744251508984
846,-0.4824351859952557
847,-0.4792645026535638
848,-0.4867406477220822
849,-0.4882994488336859
850,-0.47022391455846413
851,-0.46647662661230144
852,-0.4636470697907674
853,-0.47176610047432876
854,-0.4819320329686602
855,-0.4836321485452821
856,-0.43381892890732277
857,-0.47783859958472735
858,-0.2800178301783629
859,-0.4771842463537992
860,-0.4602565266249997
861,-0.4141510629719618
862,-0.45213783017201364
863,-0.3714597559669035
864,-0.4364949718447707
865,-0.4844258633830168
866,-0.46572444292882537
867,-0.4784792046346317
868,-0.45969598474770884
869,-0.46172342098596925
870,-0.46818546666207483
871,-0.48590299109576635
872,-0.4676403364543488
873,-0.46381464919292226
874,-0.4874226884966806
875,-0.35173275628686634
876,-0.4883849364598297
877,-0.48841447631382623
878,-0.4811750925921033
879,-0.41014297074489015
880,-0.4876470584097356
881,-0.47790556170169307
882,-0.486875340831836
883,-0.4099183844657751
884,-0.48575567715373236
885,-0.463646730835878
886,-0.4848542806507078
887,-0.3964172240987877
888,-0.48780421824298775
889,-0.4700316172847289
890,-0.4506295487597753
891,-0.4851332209105036
892,-0.4545764231257877
893,-0.45395623865591705
894,-0.45244868907969954
895,-0.4792891449625667
896,-0.48479826324643827
897,-0.4287807856005811
898,-0.4817013394853154
899,-0.4137488347010516
900,-0.4578631766618847
901,-0.44927656439315905
902,-0.4318152642812969
903,-0.44932958173909365
904,-0.4278402580624124
905,-0.4775965106733536
906,-0.46455412573922655
907,-0.4864549869512192
908,-0.3705490125529201
909,-0.46890956420711594
910,-0.46482030762266563
911,-0.4434851774616184
912,-0.46164171014776384
913,-0.4158268233660918
914,-0.41666319085771475
915,-0.38816182083871
916,-0.4838686692563005
917,-0.4513858175171927
918,-0.4593296634290799
919,-0.47350077363949894
920,-0.4885460959997158
921,-0.3658927107207456
922,-0.48612800616135576
923,-0.4763433645589166
924,-0.4589257784296048
925,-0.4576056508949826
926,-0.4561033687705286
927,-0.4737060394968543
928,-0.45966101308670754
929,-0.4470379283710334
930,-0.395681779716131
931,-0.48053130019132595
932,-0.3924031246171555
933,-0.4836516386306582
934,-0.46316935524711533
935,-0.43661757907960147
936,-0.47863753086246796
937,-0.4522874737367077
938,-0.4764305780180095
939,-0.4776796883891443
940,-0.4864453317034657
941,-0.4668177025866053
942,-0.43626046529433493
943,-0.47645465476748167
944,-0.48355872157635477
945,-0.40114529790525644
946,-0.45148044565353557
947,-0.4738841123074874
948,-0.43223552190855313
949,-0.4666892220741323
950,-0.42179700925998126
951,-0.4834635362402071
952,-0.47801398550040874
953,-0.4357300284824413
954,-0.40989885125661
955,-0.3866183902225729
956,-0.4170266914455337
957,-0.40107953982682853
958,-0.46798790359042713
959,-0.48076050026459993
960,-0.4493621247877807
961,-0.4238547252499021
962,-0.3210112753480575
963,-0.4829128740678292
964,-0.40143351340708394
965,-0.4328808305955427
966,-0.4574091317297671
967,-0.4385405433104935
968,-0.4873256355837585
969,-0.43613068388337656
970,-0.413553886818418
971,-0.4279942691341943
972,-0.45126118987544966
973,-0.429934753008416
974,-0.46690050045794823
975,-0.4893895322147414
976,-0.387057897851237
977,-0.427088026152315
978,-0.47323664941326693
979,-0.40368907151539646
980,-0.3943638602243469
981,-0.4733579751477133
982,-0.4713609939557544
983,-0.48227704499098617
984,-0.44196144966823314
985,-0.45054047999089275
986,-0.47197959433736025
987,-0.4733238719056772
988,-0.4843908744158526
989,-0.42482655235242356
990,-0.48178905373989017
991,-0.4819658922612403
992,-0.47094525587461783
993,-0.4634373013209617
994,-0.4793731865877215
995,-0.48672972734130554
996,-0.46204627095812045
997,-0.4537350727452291
998,-0.46941805734539555
999,-0.3545253314659156
1000,-0.4820164868224653
1001,-0.45840845335941194
1002,-0.4854195842265133
1003,-0.4527331540856822
1004,-0.418489046282175
1005,-0.4668565973022219
1006,-0.4793076653067933
1007,-0.39795615848887067
1008,-0.20895058865055074
1009,-0.4816141464601905
1010,-0.48154614314598226
1011,-0.48374038206457304
1012,-0.43342520608350105
1013,-0.4693504162032748
1014,-0.4310562845287872
1015,-0.44902356190401593
1016,-0.47311837003816143
1017,-0.45601886441204126
1018,-0.4736688668500358
1019,-0.4572647032367028
1020,-0.44142358907267765
1021,-0.46262449151025076
1022,-0.46375882844826427
1023,-0.16038299055929833
1024,-0.43814589358696976
1025,-0.4732373825814386
1026,-0.4365974932382956
1027,-0.4861377564862382
1028,-0.46742204003959964
1029,-0.4788678836045909
1030,-0.4801514144363682
1031,-0.4780255440200068
1032,-0.4322249060699959
1033,-0.47191328761083906
1034,-0.3778702766381586
1035,-0.4695636044379003
1036,-0.4861742423871957
1037,-0.4849518645784097
1038,-0.48756684208013934
1039,-0.44881171818722504
1040,-0.4569417643824822
1041,-0.477614933105396
1042,-0.4813112268666554
1043,-0.4870494973995741
1044,-0.4559926193198137
1045,-0.46621669569583096
1046,-0.45946400069350374
1047,-0.4698914886697147
1048,-0.4049369948291053
1049,-0.48866873984797193
1050,-0.45336922676747266
1051,-0.4861933558845663
1052,-0.4486581729991331
1053,-0.3911754692126145
1054,-0.4592521630783756
1055,-0.48591140733055577
1056,-0.4841278827080977
1057,-0.36178900713872725
1058,-0.33278930856403427
1059,-0.48511957220830215
1060,-0.47716019719376385
1061,-0.468478500301768
1062,-0.46836899628247514
1063,-0.47326960184565264
1064,-0.4647058364163042
1065,-0.4261107768077153
1066,-0.48776127254193424
1067,-0.4787822336535049
1068,-0.46443718205603446
1069,-0.4827507889945131
1070,-0.4815491744210093
1071,-0.4620184857215982
1072,-0.4614771046474562
1073,-0.44294863420687486
1074,-0.4084929136958459
1075,-0.4055428496637608
1076,-0.48664481519261105
1077,-0.47686417211253596
1078,-0.485684023102767
1079,-0.472066117960127
1080,-0.3681515238944943
1081,-0.46090049157012336
1082,-0.4700499980358034
1083,-0.4455528066196536
1084,-0.4741041923755389
1085,-0.45243580930806426
1086,-0.47694742988770533
1087,-0.48624248734456016
1088,-0.4819131926474593
1089,-0.45923140201396045
1090,-0.4633259061275575
1091,-0.4869421896850106
1092,-0.4534865103302196
1093,-0.4864107342625114
1094,-0.42428519868014386
1095,-0.46491788226775166
1096,-0.45151724970243523
1097,-0.4212625136753784
1098,-0.34230898082847694
1099,-0.3135621333645642
1100,-0.3623828307710823
1101,-0.43212137809631856
1102,-0.4289930058884884
1103,-0.45338504578322786
1104,-0.46892518062857164
1105,-0.41453917461481976
1106,-0.4581833413147028
1107,-0.4838701074496693
1108,-0.47477746099218743
1109,-0.3458431147508454
1110,-0.45619597687398833
1111,-0.4858032862383692
1112,-0.4336324809955445
1113,-0.47132266502122694
1114,-0.40683005414259743
1115,-0.4306276131564775
1116,-0.4655125499811891
1117,-0.4608184323234925
1118,-0.46964672150123077
1119,-0.433316327141395
1120,-0.4374232203527792
1121,-0.41249877228373066
1122,-0.4724490281620609
1123,-0.463287065138786
1124,-0.4832256392206457
1125,-0.4712490059469027
1126,-0.36952106266652507
1127,-0.43288705349721074
1128,-0.3092195786050272
1129,-0.42935228690197386
1130,-0.4737361313475531
1131,-0.42572439269822365
1132,-0.469086327558269
1133,-0.47036063372718623
1134,-0.33145313761642736
1135,-0.40281278747947735
1136,-0.46728402536533337
1137,-0.44106872043816153
1138,-0.3414304064123205
1139,-0.4845317352712583
1140,-0.47362339376257345
1141,-0.42962296990790766
1142,-0.3753516754859475
1143,-0.43271420323605947
1144,-0.4418651375402332
1145,-0.41714179307998717
1146,-0.4397461983099779
1147,-0.4422546505483208
1148,-0.39650735292513745
1149,-0.4657518516262357
1150,-0.3940836058021733
1151,-0.44471753972357997
1152,-0.3846046370537905
1153,-0.44866326823106994
1154,-0.45986099194481717
1155,-0.44552235102531434
1156,-0.34542692933547287
1157,-0.4741284190810164
1158,-0.3248625642353816
1159,-0.4598888665619118
1160,-0.4122763188627095
1161,-0.46624231363298163
1162,-0.4569131833347984
1163,-0.4858991123075754
1164,-0.4597361051344595
1165,-0.4751136754941362
1166,-0.48566117384252533
1167,-0.41141367832963505
1168,-0.37673382845445874
1169,-0.4858896370630843
1170,-0.4441549378093774
1171,-0.48366540983684
1172,-0.3270458858832543
1173,-0.39937325007051405
1174,-0.4079924425961626
1175,-0.4859397588639782
1176,-0.42003334151850147
1177,-0.38216317146127066
1178,-0.47715129758718394
1179,-0.4638179439405832
1180,-0.48404343090063345
1181,-0.4729946387004888
1182,-0.425130518628178
1183,-0.4468982082973276
1184,-0.4865118956831224
1185,-0.45125165429394126
1186,-0.46850652105058577
1187,-0.4149364509206373
1188,-0.4844325765446806
1189,-0.47000937246419566
1190,-0.39735386501097203
1191,-0.4752296265055929
1192,-0.43472692977393373
1193,-0.4759447637104192
1194,-0.3787012068227159
1195,-0.4530354407086751
1196,-0.4756242988678588
1197,-0.45733722266309906
1198,-0.4520605879046112
1199,-0.42454457873394447
1200,-0.411565810116163
1201,-0.44522636952241923
1202,-0.4821973528698698
1203,-0.47582785449974513
1204,-0.39788708569410247
1205,-0.4187827518534753
1206,-0.47513527612151224
1207,-0.4458273642022097
1208,-0.4367952699855199
1209,-0.38690473935023206
1210,-0.42546266819344203
1211,-0.4859874021253676
1212,-0.48216884153915096
1213,-0.429854909986517
1214,-0.43945964473480437
1215,-0.4264725124111411
1216,-0.3936862745518214
1217,-0.48249647919063954
1218,-0.46960002316248967
1219,-0.4301859416443106
1220,-0.4657310956838536
1221,-0.48409028832251555
1222,-0.2847008370715452
1223,-0.4123333858351401
1224,-0.3941693923884018
1225,-0.4836935231089646
1226,-0.3053134259331897
1227,-0.4414901250515816
1228,-0.39094659918199876
1229,-0.48481045196082473
1230,-0.4331426615877422
1231,-0.4755265937742452
1232,-0.4654939704034454
1233,-0.4857943459834916
1234,-0.399940690074024
1235,-0.46181677874632654
1236,-0.33663969268609234
1237,-0.4759851663990166
1238,-0.41230731162993256
1239,-0.4673435010731101
1240,-0.46255163414441436
1241,-0.42662843592474586
1242,-0.3361995022416125
1243,-0.48400125410435796
1244,-0.4580246440765411
1245,-0.44624011534351554
1246,-0.33148514305282784
1247,-0.4166582107768853
1248,-0.45760967220974214
1249,-0.3558124342430724
1250,-0.4514344727578566
1251,-0.40303164962525323
1252,-0.4728654319684157
1253,-0.4755871312922574
1254,-0.40251132892774844
1255,-0.4269641883455105
1256,-0.48526620029938905
1257,-0.44937824439847907
1258,-0.45512685592360463
1259,-0.43565349420815186
1260,-0.46841733569140354
1261,-0.46553558176454624
1262,-0.343388795919417
1263,-0.33978675480060744
1264,-0.38607453649986945
1265,-0.4451438501527471
1266,-0.3995786408527378
1267,-0.34965419757040306
1268,-0.4740693136104635
1269,-0.4752479632198777
1270,-0.4673389108025313
1271,-0.48012054556921335
1272,-0.40412135294399054
1273,-0.27829085883114746
1274,-0.43453049129816534
1275,-0.38948839850112565
1276,-0.47510186182542613
1277,-0.43752579644079737
1278,-0.3834122392967209
1279,-0.4124151174947992
1280,-0.42419836744547096
1281,-0.41981166022115857
1282,-0.37868693283955973
1283,-0.41379159552711126
1284,-0.48440232643756814
1285,-0.45198523979059374
1286,-0.3389207039356334
1287,-0.4538911977913065
1288,-0.44468046571246767
1289,-0.45819817529484386
1290,-0.47457111180446865
1291,-0.46408156849891563
1292,-0.4722916492391883
1293,-0.39008240072840605
1294,-0.3449153370122617
1295,-0.46127590981273103
1296,-0.37484655196897504
1297,-0.47131245209626305
1298,-0.4402131387624252
1299,-0.4521293106743461
1300,-0.4465771703264255
1301,-0.4764555804158576
1302,-0.447897512775043
1303,-0.4115105059219888
1304,-0.4857379313775249
1305,-0.44498740815564797
1306,-0.4195016158370266
1307,-0.47478000972955653
1308,-0.3407819877967842
1309,-0.41662582165333734
1310,-0.47742435380628534
1311,-0.4220605815928946
1312,-0.4756464700796123
1313,-0.4764653664695146
1314,-0.3049536980220331
1315,-0.4452514834126242
1316,-0.34961698616664844
1317,-0.4411361368727488
1318,-0.351000312963928
1319,-0.47735439711686817
1320,-0.38379438995914084
1321,-0.4829818831148211
1322,-0.45488154578521184
1323,-0.2908797265859242
1324,-0.3501901668038723
1325,-0.4302710819438791
1326,-0.4262882175035232
1327,-0.4657844363276993
1328,-0.40195645554111
1329,-0.4321329425647478
1330,-0.4765022282159989
1331,-0.3896528320478879
1332,-0.43563061506806305
1333,-0.4475394135234238
1334,-0.4507485282590183
1335,-0.4673508423758495
1336,-0.47273496545155214
1337,-0.42159417627570384
1338,-0.4259637902608933
1339,0.021370834097508562
1340,-0.42883883316748517
1341,-0.4847000225247373
1342,-0.4428487263248589
1343,-0.45726957795975587
1344,-0.3733482619279937
1345,-0.4221262813070719
1346,-0.4108467450382847
1347,-0.4602943656432913
1348,-0.4635540529227083
1349,-0.39716078955929107
1350,-0.43143525528212695
1351,-0.38682832593971944
1352,-0.48209804781832327
1353,-0.3597180305580485
1354,-0.4502820175984667
1355,-0.4287293661033031
1356,-0.42198352906321257
1357,-0.4598781902533515
1358,-0.46590435544280234
1359,-0.46993139826501795
1360,-0.3720687525742146
1361,-0.4553577744722347
1362,-0.45637182995602116
1363,-0.4769625849337662
1364,-0.3861925782561355
1365,-0.3870094296139211
1366,-0.4682041917394656
1367,-0.4059708176556586
1368,-0.47657101481206676
1369,-0.37902198917365043
1370,-0.29303267186916715
1371,-0.32468486718544315
1372,-0.45576925880859365
1373,-0.4214753601451371
1374,-0.48263012068194516
1375,-0.4060860434922772
1376,-0.48470392416492764
1377,-0.41647980591076506
1378,-0.33551168957884175
1379,-0.4826762677030928
1380,-0.4357439300305127
1381,-0.43862074916866706
1382,-0.46945777889798607
1383,-0.3113543353404249
1384,-0.40894306786250695
1385,-0.2616695259231757
1386,-0.4314577242692158
1387,-0.4853119449589417
1388,-0.42152651997180807
1389,-0.36657487340755424
1390,-0.3379069470980277
1391,-0.37631804215699416
1392,-0.3327308708538158
1393,-0.4561728184592449
1394,-0.36026593180907
1395,-0.408528484870787
1396,-0.4333060509998712
1397,-0.33027437342284827
1398,-0.46154842061703755
1399,-0.35441544297057226
1400,-0.46330931773384154
1401,-0.4451361635230194
1402,-0.4613616887520855
1403,-0.4853183115609644
1404,-0.48665328604694047
1405,-0.4556963254955062
1406,-0.38641587174708286
1407,-0.466506432687219
1408,-0.45363038494583413
1409,-0.41930116514259536
1410,-0.4133762995626458
1411,-0.3862741744615719
1412,-0.3599857429033755
1413,-0.48228889307700057
1414,-0.3911345184367987
1415,-0.4448175598671079
1416,-0.48511439760296543
1417,-0.42306532124236956
1418,-0.4430264906508974
1419,-0.41238550937199103
1420,-0.48683164003841284
1421,-0.4838984610550888
1422,-0.4329098090138688
1423,-0.3734962277463003
1424,-0.48573235914463664
1425,-0.4570871392701957
1426,-0.4755790090286707
1427,-0.42033006477364104
1428,-0.48362039308998533
1429,-0.47522511095678444
1430,-0.4541120874093795
1431,-0.44524362706668846
1432,-0.4544417156299559
1433,-0.39930189401902577
1434,-0.4844924391248731
1435,-0.4437629659193507
1436,-0.47857099948537163
1437,-0.4120927778156925
1438,-0.48126964236008496
1439,-0.48607369032195324
1440,-0.39062645749824576
1441,-0.45433395655386466
1442,-0.33534294826660016
1443,-0.4426639258820807
1444,-0.4672257934096492
1445,-0.4840320769449195
1446,-0.4219756517338185
1447,-0.46419365242693766
1448,-0.36422784972271194
1449,-0.4065645346034712
1450,-0.4382735149622154
1451,-0.34091925436106135
1452,-0.4690268584235188
1453,-0.4053044139366088
1454,-0.4329746824570968
1455,-0.4574682638738828
1456,-0.45441709219636284
1457,-0.3124066915329521
1458,-0.45653121789264095
1459,-0.4585293041281604
1460,-0.45293989493883197
1461,-0.4579817074491384
1462,-0.26109950222010725
1463,-0.3673387101715181
1464,-0.4859962512521256
1465,-0.39143122190257096
1466,-0.48489874299253327
1467,-0.4536633291975468
1468,-0.45081798232036946
1469,-0.38289968278602105
1470,-0.30680059591435394
1471,-0.47008375168496025
1472,-0.4532894804821891
1473,-0.4314379123584201
1474,-0.43678431094287234
1475,-0.40872155420857637
1476,-0.45237166502719406
1477,-0.413044626834949
1478,-0.4060902613027279
1479,-0.4651723277546375
1480,-0.426703411693105
1481,-0.3872313199829347
1482,-0.4877863248486592
1483,-0.4831732896463322
1484,-0.41670938641227745
1485,-0.4644978955030878
1486,-0.3703868512456101
1487,-0.43443386599417927
1488,-0.48241016465246334
1489,-0.4697821310887276
1490,-0.4533310079354164
1491,-0.4832579119572101
1492,-0.3839305388028637
1493,-0.3806301921518322
1494,-0.41896604373535484
1495,-0.2689521170046286
1496,-0.426689813020993
1497,-0.4433358334003925
1498,-0.3639451092321771
1499,-0.34127172258054284
1500,-0.45892163427865723
1501,-0.3754775533662
1502,-0.42782684293585493
1503,-0.4827608677206611
1504,-0.4865295485524625
1505,-0.43787133102303927
1506,-0.4356650275648304
1507,-0.41255203420474
1508,-0.4245486283385139
1509,-0.44842360287403776
1510,-0.43968458566112184
1511,-0.45665408365180116
1512,-0.47265689836718705
1513,-0.4525548067987688
1514,-0.47267638769181936
1515,-0.3652745051099835
1516,-0.42719887000813456
1517,-0.34446613698672784
1518,-0.4222582258771215
1519,-0.4005586207231491
1520,-0.3984679665418022
1521,-0.43812404630479795
1522,-0.3486733598125688
1523,-0.4726310474066749
1524,-0.47800489930754825
1525,-0.4017989464210615
1526,-0.46679471223135344
1527,-0.46372837213511103
1528,-0.42438300612807617
1529,-0.3881037289140687
1530,-0.35074097389768505
1531,-0.3702305164589129
1532,-0.476797216716933
1533,-0.48194306639682194
1534,-0.3388864476284854
1535,-0.34832919788057276
1536,-0.45498170495208445
1537,-0.459541562379653
1538,-0.4479316046318544
1539,-0.4419478998774871
1540,-0.3157098928449734
1541,-0.48307201228369806
1542,-0.4379960716068609
1543,-0.40804299392959137
1544,-0.48414638430343326
1545,-0.3413326249550711
1546,-0.2554446030108122
1547,-0.42492979196088176
1548,-0.4438328025362731
1549,-0.29332174163199926
1550,-0.4328785401129531
1551,-0.39590859268902673
1552,-0.3628767054960546
1553,-0.3345857750003121
1554,-0.4016140275671313
1555,-0.3927984928549331
1556,-0.47400715713623126
1557,-0.4198786045290207
1558,-0.42632102240552117
1559,-0.4404274992496221
1560,-0.474484432088744
1561,-0.31135192838713577
1562,-0.4579552208611276
1563,-0.42386080954511224
1564,-0.4240907149797243
1565,-0.4551091900521343
1566,-0.46321977866424335
1567,-0.4732434702281652
1568,-0.26248105879989114
1569,-0.4481745720935724
1570,-0.43432092645365394
1571,-0.4783023127603892
1572,-0.34881460348736765
1573,-0.4703924216600967
1574,-0.46327914810680265
1575,-0.3168873079429781
1576,-0.27302496784663055
1577,-0.4867182389374764
1578,-0.4528859665155555
1579,-0.4185366693309126
1580,-0.3824187206184318
1581,-0.3935611767832565
1582,-0.4294365519986176
1583,-0.37545438826525235
1584,-0.32793353207677234
1585,-0.42852042582191235
1586,-0.4802094855078281
1587,-0.3882727408109708
1588,-0.4285978162724893
1589,-0.40209900712745084
1590,-0.4536160555051439
1591,-0.3815517121006247
1592,-0.3559400916964044
1593,-0.44550186987847973
1594,-0.40277293641959616
1595,-0.3545321469930679
1596,-0.3912516286235585
1597,-0.3620482980558259
1598,-0.4718083363246986
1599,-0.3098116197719077
1600,-0.42814534074133825
1601,-0.45963565639796045
1602,-0.4696805310659718
1603,-0.32844491261406994
1604,-0.48619608984249946
1605,-0.25851706384877876
1606,-0.46207480691083797
1607,-0.41896931604055737
1608,-0.2751377331287494
1609,-0.30968536738945085
1610,-0.43420269509627424
1611,-0.477830237765864
1612,-0.3521692543566558
1613,-0.4146322780139691
1614,-0.4540752350604593
1615,-0.39415374617561333
1616,-0.34246859287724807
1617,-0.47603654698790326
1618,-0.46423255110147904
1619,-0.4359189805259822
1620,-0.4438542037293885
1621,-0.3300907943561353
1622,-0.43380551967448744
1623,-0.28478881190971583
1624,-0.3945459099018078
1625,-0.41808488783495706
1626,-0.34820019483665676
1627,-0.450102630617173
1628,-0.475292302345346
1629,-0.48674832440060456
1630,-0.45923179856709967
1631,-0.40581330485891165
1632,-0.37311308525150416
1633,-0.45748792610780964
1634,-0.41816974097111725
1635,-0.4406617392895261
1636,-0.47920423713227406
1637,-0.4858370630740329
1638,-0.42309902271859656
1639,-0.42062125033232517
1640,-0.4135392282955123
1641,-0.44315271349075336
1642,-0.31867744190596514
1643,-0.4255812678681724
1644,-0.45500463370113736
1645,-0.4361388756730148
1646,-0.41655249058585014
1647,-0.44956904480225385
1648,-0.35123094223933016
1649,-0.4231888760604379
1650,-0.39154152720751695
1651,-0.44920027603112095
1652,-0.4463844331977957
1653,-0.44597748663664116
1654,-0.3680343565199568
1655,-0.44722232182583843
1656,-0.3898732335975857
1657,-0.4569423805483178
1658,-0.4041815698262956
1659,-0.42535281387143137
1660,-0.4365465554455676
1661,-0.46404091519973595
1662,-0.413168427537365
1663,-0.4851698733594958
1664,-0.3492747272922738
1665,-0.28359665372803017
1666,-0.3234301315688959
1667,-0.3647302827450926
1668,-0.4851007151365821
1669,-0.4311792489582323
1670,-0.4403325772590289
1671,-0.4214061492676095
1672,-0.4630445312477592
1673,-0.32918911477172663
1674,-0.4240754552662087
1675,-0.38111272004434177
1676,-0.42393824409735437
1677,-0.45881037259351454
1678,-0.452283449704162
1679,-0.42517028161954856
1680,-0.4804773706961018
1681,-0.47528895556806544
1682,-0.35462895487612517
1683,-0.4350175093984272
1684,-0.36019278016543554
1685,-0.4474182888945845
1686,-0.38050219981405625
1687,-0.4757662201936173
1688,-0.3949671305274617
1689,-0.3772033683852569
1690,-0.46082477266885696
1691,-0.36151303411523744
1692,-0.4131399878231222
1693,-0.3425697362026351
1694,-0.4404550339853147
1695,-0.4303355650589929
1696,-0.4261966754810108
1697,-0.4074733400279086
1698,-0.39102896662901093
1699,-0.4076127205380153
1700,-0.3472617551282545
1701,-0.4447840724278116
1702,-0.48565585619824325
1703,-0.35819893756338395
1704,-0.41799221290987026
1705,-0.39745421532606323
1706,-0.34267831886169786
1707,-0.43173702409031534
1708,-0.32051613124067335
1709,-0.3866597084605978
1710,-0.47038466160101944
1711,-0.38975601754750444
1712,-0.356438017053191
1713,-0.4716229150820198
1714,-0.4539680425877118
1715,-0.46904813013076724
1716,-0.45509928137792055
1717,-0.3939410083214816
1718,-0.33953535483976066
1719,-0.4094700723322585
1720,-0.4105567247990049
1721,-0.42251702382448375
1722,-0.30043858843408694
1723,-0.39015085489280027
1724,-0.4597493655002987
1725,-0.4550460321074634
1726,-0.4527536116286069
1727,-0.378584812072364
1728,-0.4073072807937688
1729,-0.3761284114289746
1730,-0.3857062602979971
1731,-0.480006723930222
1732,-0.3777810277861616
1733,-0.4645256436748946
1734,-0.3698161212794884
1735,-0.4619353053183611
1736,-0.42905633698892726
1737,-0.42509860743354605
1738,-0.42097741728378374
1739,-0.35467214471136793
1740,-0.34860802215843184
1741,-0.3444524223056676
1742,-0.430942712536
1743,-0.36269084107248856
1744,-0.47416095815585524
1745,-0.4062819888258657
1746,-0.3414663516269109
1747,-0.4052707301070679
1748,-0.45405863512158595
1749,-0.3978586198209441
1750,-0.4860147680031812
1751,-0.39973639981614423
1752,-0.4606138310006185
1753,-0.3855068517362506
1754,-0.4111448771018152
1755,-0.39397457063932123
1756,-0.4110910765251251
1757,-0.4384917446950178
1758,-0.44518428785714004
1759,-0.4857965364515865
1760,-0.3955733488657274
1761,-0.2876066518493723
1762,-0.3105796279714136
1763,-0.3195983445010044
1764,-0.24542602880668105
1765,-0.10766706919426616
1766,-0.43389353662629554
1767,-0.45236995837261135
1768,-0.44614001377143203
1769,-0.375952686943463
1770,-0.4626008698772516
1771,-0.40557409911252784
1772,-0.4193275392984453
1773,-0.42555597531979233
1774,-0.43282519684578136
1775,-0.3733602109146466
1776,-0.388684742623004
1777,-0.48365211964341404
1778,-0.3609510697066194
1779,-0.40650207865183174
1780,-0.4604393551382788
1781,-0.46867928695211764
1782,-0.4239886330015727
1783,-0.3661436892495548
1784,-0.46451133878836687
1785,-0.37413945562956663
1786,-0.41770287306589726
1787,-0.30464536675464904
1788,-0.41489711567318505
1789,-0.4627241198479834
1790,-0.3859579216146338
1791,-0.35270605132794935
1792,-0.390996293519957
1793,-0.4530907477518724
1794,-0.39094461095693256
1795,-0.4772404336143347
1796,-0.4064411761304064
1797,-0.4090620772397504
1798,-0.3713958785909534
1799,-0.39847795712028566
1800,-0.4459145308275297
1801,-0.4086077142588548
1802,-0.4755774699636482
1803,-0.4505500950882188
1804,-0.09534636673796996
1805,-0.41438783717609334
1806,-0.4142877292261109
1807,-0.43370256950120034
1808,-0.4193448015134843
1809,-0.3460206215375277
1810,-0.3978750217130917
1811,-0.47776117841985605
1812,-0.39949580796335193
1813,-0.283609089261703
1814,-0.3353084184148766
1815,-0.43684254245246207
1816,-0.3888910916920485
1817,-0.36568833757530406
1818,-0.4836557968840679
1819,-0.4461241822120825
1820,-0.43492043361596755
1821,-0.4629600796931721
1822,-0.4517681620894032
1823,-0.4359581973895978
1824,-0.4813994773978428
1825,-0.3378844192503667
1826,-0.448723383234446
1827,-0.46286802553476875
1828,-0.36933539489288053
1829,-0.45939125168087597
1830,-0.46123620933383824
1831,-0.33523162338025253
1832,-0.3993437542788926
1833,-0.4238893352465519
1834,-0.38901997257337223
1835,-0.41821129308052013
1836,-0.40739767712604386
1837,-0.456367417864041
1838,-0.44048091412452794
1839,-0.33917508777073374
1840,-0.3992720776582688
1841,-0.31873179879602825
1842,-0.4466881403643369
1843,-0.3605526629591353
1844,-0.3753681374190337
1845,-0.3679539085549933
1846,-0.38736322467787393
1847,-0.4019254820755363
1848,-0.360261617668867
1849,-0.34585830227120923
1850,-0.485845730209511
1851,-0.4181242096496877
1852,-0.4515952524405901
1853,-0.4713792237991926
1854,-0.43961315421392416
1855,-0.48561592101241385
1856,-0.3516306836310572
1857,-0.38394479435329376
1858,-0.4339182786910747
1859,-0.36305162599945445
1860,-0.4750707561168007
1861,-0.4578050107581548
1862,-0.0282207436400379
1863,-0.3854835506314301
1864,-0.4239294314823866
1865,-0.3816971234982246
1866,-0.2531782705635315
1867,-0.3849038852786797
1868,-0.359758458572704
1869,-0.34089356426044326
1870,-0.4426848891038594
1871,-0.4635324302999386
1872,-0.4826092982692398
1873,-0.38125044743776276
1874,-0.4187483744546447
1875,-0.43329181274642753
1876,-0.4865413050994254
1877,-0.4184886839666824
1878,-0.42731131152689267
1879,-0.37339536618580826
1880,-0.46003631325992883
1881,-0.43254878434241206
1882,-0.3954597077697898
1883,-0.3795412579120393
1884,-0.42297314204601083
1885,-0.45330049401346945
1886,-0.42988328254109937
1887,-0.37697541759606157
1888,-0.41316423258654855
1889,-0.3806201747455682
1890,-0.32821820954583936
1891,-0.3513789975715521
1892,-0.4155696395261828
1893,-0.41388053637682326
1894,-0.36205984554824266
1895,-0.3450886478090525
1896,-0.40089258676102424
1897,-0.43438574874714125
1898,-0.23618733455297933
1899,-0.44179642837589156
1900,-0.388297799219873
1901,-0.28546640762993986
1902,-0.386974432453334
1903,-0.36520419364420753
1904,-0.45351219453263575
1905,-0.37279997822617467
1906,-0.2795627221804652
1907,-0.44559574867802254
1908,-0.3234916598825988
1909,-0.36754934071018486
1910,-0.39972790883108944
1911,-0.29122016955184804
1912,-0.20741440774488162
1913,-0.3532655379216444
1914,-0.30439181810536803
1915,-0.361473987911714
1916,-0.4309801385068893
1917,-0.32166365254086443
1918,-0.4106108482424648
1919,-0.39161916789500173
1920,-0.3589486271986475
1921,-0.4796775110268785
1922,-0.4824376975580991
1923,-0.37781444544818565
1924,-0.30534797924973955
1925,-0.383648263193341
1926,-0.4088727968513768
1927,-0.4731252441951744
1928,-0.4230413325097076
1929,-0.4756838426001202
1930,-0.32680990777393937
1931,-0.46028250642571844
1932,-0.4532099979877301
1933,-0.38471418788478007
1934,-0.4585387326077911
1935,-0.38043421961301094
1936,-0.39698634457321547
1937,-0.47576602997628065
1938,-0.4368892041500089
1939,-0.3878618559033647
1940,-0.2147953317816478
1941,-0.35128207375382786
1942,-0.448992209033163
1943,-0.4111502574861722
1944,-0.41402293989995415
1945,-0.29112213980646723
1946,-0.47742764671177773
1947,-0.46761164103217545
1948,-0.4058907158813024
1949,-0.4564597661430722
1950,-0.4167529191081587
1951,-0.43653788192194243
1952,-0.3702562236581229
1953,-0.4061777159523061
1954,-0.350822394477846
1955,-0.3547009859059723
1956,-0.3479028760985048
1957,-0.4371730904705466
1958,-0.3981494113833459
1959,-0.46050363946526707
1960,-0.41109291606965914
1961,-0.487650338374103
1962,-0.24958286283630965
1963,-0.40202061947136675
1964,-0.42353446240837556
1965,-0.4109371080764395
1966,-0.38455842765001497
1967,-0.4006598902350772
1968,-0.40891694734775713
1969,-0.42930907821393094
1970,-0.28237513459295693
1971,-0.38066994621338884
1972,-0.4413163449302227
1973,-0.48604720339939533
1974,-0.4578748077819569
1975,-0.4419905778586514
1976,-0.42033792956952926
1977,-0.3986552037869716
1978,-0.4270203343198695
1979,-0.4378028089466606
1980,-0.41060436891234464
1981,-0.4286088810368796
1982,-0.23527304400577834
1983,-0.41916296690630006
1984,-0.37828297523848925
1985,-0.45512314981299457
1986,-0.4145097032478348
1987,-0.39778853601427494
1988,-0.4695897988120437
1989,-0.4416004347507895
1990,-0.4392786805716185
1991,-0.3797444572039633
1992,-0.3407339818421694
1993,-0.44035772545634083
1994,-0.4328409302322894
1995,-0.46588756371105894
1996,-0.39179070904456753
1997,-0.48699496277076887
1998,-0.4327289702294906
1999,-0.3906024943634522
2000,-0.25077987965917586
