1,-0.4872083992736086
2,-0.48650614022047234
3,-0.4866572820051119
4,-0.4874700997416835
5,-0.47372418668500343
6,-0.4870156576997496
7,-0.483434960299493
8,-0.48599108799420176
9,-0.4879127028739468
10,-0.48781629203988863
11,-0.4884291799068578
12,-0.4875759271922385
13,-0.47919170175897957
14,-0.47502330898466605
15,-0.48650090736386353
16,-0.48519470124838643
17,-0.48697483149632464
18,-0.48690290083459276
19,-0.47943838501529806
20,-0.4888084293053264
21,-0.49061173819181203
22,-0.4858599398422757
23,-0.4812161597515518
24,-0.4862545262780984
25,-0.48700757732545796
26,-0.4858213405070885
27,-0.4850256530799272
28,-0.48538466826770715
29,-0.4871492010000146
30,-0.48838826873458563
31,-0.4876388079999146
32,-0.48633461538010125
33,-0.48614778653497664
34,-0.4825295922782793
35,-0.48775503497697076
36,-0.48337100288921864
37,-0.48681311814530515
38,-0.48379939604757477
39,-0.48927035146306097
40,-0.4889844877942517
41,-0.4649919409011226
42,-0.4867035570654085
43,-0.48481565902567336
44,-0.48683543132723345
45,-0.4882153916509571
46,-0.4881459886122875
47,-0.486839655975756
48,-0.4870272926923057
49,-0.4831012543786397
50,-0.4264941738910615
51,-0.48647252679298747
52,-0.4433395130499675
53,-0.47549001607756264
54,-0.48668369048614246
55,-0.48252029700786814
56,-0.48591124898411375
57,-0.48791086702786524
58,-0.48522597655084954
59,-0.4860140949415066
60,-0.48591275672009765
61,-0.4851590888040676
62,-0.4864864842830049
63,-0.47821975737964856
64,-0.48772622431587404
65,-0.4864395140484973
66,-0.486849113622868
67,-0.4892750772212166
68,-0.48529216728772717
69,-0.4866913669707785
70,-0.4862170524995327
71,-0.4849319226248272
72,-0.4712059556868937
73,-0.48805984421261883
74,-0.4854725066596804
75,-0.4860740664656165
76,-0.48712705465141987
77,-0.486903848678438
78,-0.4852962578596326
79,-0.48252223390135107
80,-0.48246018938114565
81,-0.4850346246410641
82,-0.4875322396337907
83,-0.4898259923686346
84,-0.486907395090612
85,-0.48661087702325867
86,-0.48851389703714615
87,-0.48606255426820694
88,-0.48548204342485757
89,-0.4596687280199995
90,-0.4868560118644053
91,-0.4852779429413172
92,-0.4814158825934201
93,-0.4805469180243501
94,-0.48557079429664524
95,-0.4862510704718702
96,-0.48546414310973
97,-0.48691454901658054
98,-0.4868939330232258
99,-0.48392280643025387
100,-0.49010403433620653
101,-0.48689252448643855
102,-0.48749682147660006
103,-0.48496244831662905
104,-0.4857919978494304
105,-0.48746327178055116
106,-0.48176214170974796
107,-0.4872992718462611
108,-0.4828815644598254
109,-0.4837334587752027
110,-0.4861017503833658
111,-0.4847563878964231
112,-0.3342190621017831
113,-0.487956539542171
114,-0.48826895705440326
115,-0.48741098101139985
116,-0.48595380680584893
117,-0.4865324053202091
118,-0.48628848488175785
119,-0.4864623473568859
120,-0.48430332733485193
121,-0.488149309803427
122,-0.4883184313662729
123,-0.48672375823580766
124,-0.48925406829739554
125,-0.48931638659237087
126,-0.48741029368335204
127,-0.4842967748445034
128,-0.4874730368954937
129,-0.48411615032926786
130,-0.48488967392416554
131,-0.4846339560641865
132,-0.48560056696749054
133,-0.48307240549022945
134,-0.48458334320993945
135,-0.46773549502766254
136,-0.47684045430852434
137,-0.4865304836789195
138,-0.4866546252193753
139,-0.4858445414621535
140,-0.4868401506645348
141,-0.4849897525442517
142,-0.48617274065448296
143,-0.4859904863363362
144,-0.4419996883108069
145,-0.45824040410416517
146,-0.48658832394160617
147,-0.48638430321299886
148,-0.4870905155013585
149,-0.487992299134357
150,-0.4643206241957639
151,-0.4861481553299756
152,-0.4668609745037085
153,-0.48686697594616263
154,-0.4856429272798923
155,-0.4874394894454756
156,-0.4863769680433578
157,-0.4815711729888093
158,-0.48211725888652046
159,-0.4852253564315973
160,-0.48611137017712247
161,-0.47757955210502123
162,-0.4624047208759874
163,-0.48767148454145504
164,-0.4816866610747701
165,-0.4855813345556968
166,-0.4817545070698535
167,-0.4865011638881323
168,-0.4805666985979361
169,-0.4881197493663077
170,-0.4363862581414462
171,-0.48889029166893044
172,-0.48171322781305737
173,-0.48450952587107826
174,-0.486015315798988
175,-0.4857064787691037
176,-0.4746654794301468
177,-0.48895955213852094
178,-0.4866761992100068
179,-0.48776323616301104
180,-0.4870152643992769
181,-0.48354535495811013
182,-0.486518380194149
183,-0.47810583692524816
184,-0.48619297081326807
185,-0.4864351882605629
186,-0.48064669014754324
187,-0.48774884025446075
188,-0.4885672048624992
189,-0.48707244444746917
190,-0.48635202247042086
191,-0.49040168936907064
192,-0.47421889635722486
193,-0.48681632225479293
194,-0.4846193061843229
195,-0.485873606524959
196,-0.4787765548932134
197,-0.4860680590682087
198,-0.48761803448583796
199,-0.48776205393746297
200,-0.4703966628252175
201,-0.4828782360298081
202,-0.4846449618695331
203,-0.4863122381609869
204,-0.4867116815646602
205,-0.4862267543132873
206,-0.4880488032522836
207,-0.4837382401419561
208,-0.4859809443901202
209,-0.4879883180214599
210,-0.48691703383304963
211,-0.4740885286206945
212,-0.4882807877840439
213,-0.4845523751193798
214,-0.4867228472478915
215,-0.488401769726999
216,-0.48412650613940367
217,-0.4865066225262671
218,-0.4850650474039285
219,-0.490489443204619
220,-0.4866461230430456
221,-0.48151893797828293
222,-0.48344382632477806
223,-0.4853367440955209
224,-0.48608989515846124
225,-0.48731396610388344
226,-0.4889848790645868
227,-0.48637134053668984
228,-0.4814857484668947
229,-0.48447527348781244
230,-0.4893097232420341
231,-0.48908070503884865
232,-0.4856510420722304
233,-0.4545071057320109
234,-0.4869764784809288
235,-0.48805494240661296
236,-0.47391610613095303
237,-0.4824583006616179
238,-0.488135849725236
239,-0.48756650892152137
240,-0.4849067250102475
241,-0.4762156024120158
242,-0.485399315191119
243,-0.4860952429998177
244,-0.4879181656916462
245,-0.44921077501157236
246,-0.4860455447208421
247,-0.4871777962128506
248,-0.4841435034239099
249,-0.4867562173312721
250,-0.4858926874951595
251,-0.4872966507703259
252,-0.46434676889268256
253,-0.48610120161581466
254,-0.48697846421192803
255,-0.48687066463614004
256,-0.4849985718034897
257,-0.48268445439304464
258,-0.4863144787966912
259,-0.4871476748094122
260,-0.48634794957404504
261,-0.4845918814534658
262,-0.481949026102163
263,-0.47925155052113266
264,-0.4686027609381382
265,-0.48781617727565746
266,-0.48753975936732674
267,-0.48635279259698083
268,-0.46282279342624055
269,-0.48104758696904076
270,-0.48730139511050147
271,-0.486359831868629
272,-0.4859073423780865
273,-0.4878503693658794
274,-0.48707791266770745
275,-0.47860469649013987
276,-0.46245804278509856
277,-0.48559865597028185
278,-0.48491797980546086
279,-0.47865840846581525
280,-0.48160968294547507
281,-0.4871847068118372
282,-0.4827172285870312
283,-0.486138736573204
284,-0.480305653251135
285,-0.48632657397263024
286,-0.48648375828990376
287,-0.48646674740312407
288,-0.4865115156275573
289,-0.48145124658670974
290,-0.48652220680036384
291,-0.48992518152844466
292,-0.4870658968294599
293,-0.48446450792696155
294,-0.48714742211864326
295,-0.485259910132625
296,-0.4856615276705042
297,-0.4855940355206589
298,-0.4850515713684167
299,-0.4864723463794337
300,-0.4862770799829569
301,-0.4766531615368178
302,-0.48568489139382537
303,-0.48921120979412164
304,-0.4862632204256865
305,-0.4888398631837333
306,-0.4800148513505918
307,-0.48924728402372797
308,-0.4604043238032318
309,-0.4894275565964633
310,-0.4842266703657405
311,-0.4880960949193454
312,-0.4840628662935693
313,-0.487129446547534
314,-0.46768364089062775
315,-0.48565422557231386
316,-0.4835164858496106
317,-0.4865025301028902
318,-0.48545268386803464
319,-0.48257153361432287
320,-0.48742893913623503
321,-0.48234286697913475
322,-0.4890646858659091
323,-0.48619784369097585
324,-0.48893894387618536
325,-0.48629324730340623
326,-0.4781468704479755
327,-0.4774308839241156
328,-0.4869872905946254
329,-0.48535791716269355
330,-0.45246321099842685
331,-0.47104934082009753
332,-0.4562556574019754
333,-0.48542271797112896
334,-0.48614340419412333
335,-0.48305254886926574
336,-0.48696293015790854
337,-0.46364728643348885
338,-0.48691535752213755
339,-0.46327118090794583
340,-0.4816809969440806
341,-0.48900767001887413
342,-0.48349908885716586
343,-0.48807217055193974
344,-0.48655718252073676
345,-0.4791021456374469
346,-0.48663885887680675
347,-0.4766922860815504
348,-0.4834921508930367
349,-0.4852414243103257
350,-0.48453325425438354
351,-0.4867391603924322
352,-0.48721459763264824
353,-0.48110088424952185
354,-0.4852734192012439
355,-0.4870265492144383
356,-0.4812394495235806
357,-0.48432246866961093
358,-0.4859158106904569
359,-0.48804944249427756
360,-0.48637619575207186
361,-0.4860524328681849
362,-0.4721089391985869
363,-0.48643918494132604
364,-0.4863241348686961
365,-0.4866907651992483
366,-0.4859950408218137
367,-0.4883026905275538
368,-0.48620095763984644
369,-0.4748325028515004
370,-0.46938375014315065
371,-0.4856858762444701
372,-0.4781394643643752
373,-0.48374936396131407
374,-0.48595284311337295
375,-0.4866492849009932
376,-0.48636862295399014
377,-0.4853914670612146
378,-0.48209783272362905
379,-0.48693709363421356
380,-0.4317147473781965
381,-0.48593472793979103
382,-0.4870300185080085
383,-0.4858432312393711
384,-0.4847188260669584
385,-0.47797041197465495
386,-0.4865642153077358
387,-0.48873142158310834
388,-0.48543408352193274
389,-0.48231783133332157
390,-0.46352734298443765
391,-0.48397423138965734
392,-0.48594583995323676
393,-0.48536986599262416
394,-0.42651081036364935
395,-0.4697661946691089
396,-0.4858592229068433
397,-0.48494499684650494
398,-0.4853822623771099
399,-0.48778303077144425
400,-0.48817758938661965
401,-0.484921675380983
402,-0.4861379743062548
403,-0.4818298107770601
404,-0.48471519460202955
405,-0.48566366615119594
406,-0.48628106083164563
407,-0.4872749139712007
408,-0.48829309181388625
409,-0.48972703139383333
410,-0.4862259311580747
411,-0.4877043748387944
412,-0.4663829566913258
413,-0.48499739983880097
414,-0.4864272801522041
415,-0.4879304699065746
416,-0.4781291066670523
417,-0.4843048159988646
418,-0.4863887283204596
419,-0.48553292082767885
420,-0.48868343706426176
421,-0.47887506919157125
422,-0.48403447137564803
423,-0.4796292581018711
424,-0.4856930063815189
425,-0.4862246925250746
426,-0.4861148364896523
427,-0.48523969435802095
428,-0.440754585933449
429,-0.48300827571761673
430,-0.48977180558129174
431,-0.483647953214225
432,-0.48512545522574785
433,-0.4683353591797509
434,-0.47637215429144125
435,-0.48851593962544354
436,-0.48704745032244634
437,-0.4837383300568433
438,-0.4641489771603076
439,-0.4522012372844212
440,-0.4867394066263712
441,-0.48558523072846926
442,-0.4862957248547247
443,-0.45129847097302705
444,-0.4874149166973209
445,-0.48412689300194
446,-0.4560146925715696
447,-0.48756091951862224
448,-0.48696741830188645
449,-0.48660494537885063
450,-0.48650968916368403
451,-0.48520346492512095
452,-0.48269534663347735
453,-0.48815582243344313
454,-0.48570695941000996
455,-0.4866285901584113
456,-0.47431761088070523
457,-0.4864650147142843
458,-0.4872898512547779
459,-0.48858626799511506
460,-0.48693783764176357
461,-0.4536872990569568
462,-0.4850963459738546
463,-0.48336243842069054
464,-0.4806424176270565
465,-0.4854573542010946
466,-0.48685692312895584
467,-0.48706310734013875
468,-0.4849997142142861
469,-0.48634288027105127
470,-0.4872886052694396
471,-0.4831066118140939
472,-0.4824810532091647
473,-0.472639988254598
474,-0.4848893787931529
475,-0.48215497375154154
476,-0.4815366109597686
477,-0.4862502748765848
478,-0.4902586578085487
479,-0.4880395157705587
480,-0.48550696651240716
481,-0.48133364446765775
482,-0.4848247075496223
483,-0.4788166354595906
484,-0.4857192387906794
485,-0.4850504724483895
486,-0.48719733431077683
487,-0.47874071764433335
488,-0.4870069040093615
489,-0.45112360114402633
490,-0.37065017977519693
491,-0.4770853769402389
492,-0.4837487667815134
493,-0.480570808608556
494,-0.4876316772984501
495,-0.48765742615135377
496,-0.45991504503405173
497,-0.4894447052746012
498,-0.43025789811397347
499,-0.4869997867332506
500,-0.48012840217365343
501,-0.4856213015254953
502,-0.4790138079340934
503,-0.485077186749717
504,-0.47333637850391613
505,-0.4339556912834292
506,-0.48693280547904577
507,-0.44716282251200384
508,-0.480570522025519
509,-0.47856670200308293
510,-0.47888733667294237
511,-0.4856245009370375
512,-0.47364502786552803
513,-0.48772963659897156
514,-0.48755733605737256
515,-0.4869518308710499
516,-0.4777931360167641
517,-0.48516168937962295
518,-0.48593120322180033
519,-0.4860658258461438
520,-0.4792641324585304
521,-0.484037468783904
522,-0.34329099624909165
523,-0.4654873447614858
524,-0.48899764470746715
525,-0.419475632887418
526,-0.45428223253221744
527,-0.48427207855384147
528,-0.48324097866316673
529,-0.48177654049297497
530,-0.4791707097839231
531,-0.45458435329772734
532,-0.47824219978393173
533,-0.4862599437012392
534,-0.4860841963138617
535,-0.4856671312580306
536,-0.4854944947778351
537,-0.48367206352828473
538,-0.4749286880646594
539,-0.4786350089921843
540,-0.48630137673346513
541,-0.48093066330486633
542,-0.48463915297930693
543,-0.4834874155527911
544,-0.4846471770819895
545,-0.4806869239797415
546,-0.47007818006957297
547,-0.4889306152196554
548,-0.4867399231468408
549,-0.4869551410229926
550,-0.4886243032539268
551,-0.4775886950137841
552,-0.48575003754435475
553,-0.4836810055092122
554,-0.48542807691024703
555,-0.47859084608847996
556,-0.4872231100151102
557,-0.46669449807814
558,-0.4406839909014429
559,-0.48214910185973353
560,-0.48819200762561415
561,-0.4506338545670466
562,-0.4860531915401395
563,-0.48012872146213614
564,-0.48891957503455363
565,-0.4746744747078544
566,-0.4779121839147326
567,-0.4878872246924199
568,-0.4854123672108709
569,-0.48608340561716445
570,-0.48787494701090117
571,-0.4862657022173763
572,-0.44436252998376785
573,-0.433575848544825
574,-0.4634009282920352
575,-0.4852650822769256
576,-0.47979709822698663
577,-0.48264005344907784
578,-0.48751260697643806
579,-0.4819719362903823
580,-0.4879838125427199
581,-0.4874755350927037
582,-0.44930167933114085
583,-0.47484548245272973
584,-0.4860838362901526
585,-0.4889040749847791
586,-0.4866320894085553
587,-0.4833391412082777
588,-0.4839771549650367
589,-0.46162648495609526
590,-0.42924119611780714
591,-0.48457431468591383
592,-0.48456931015609567
593,-0.485514179840028
594,-0.48282826772204707
595,-0.48551183408125637
596,-0.4873841614233583
597,-0.4450349687371231
598,-0.4617739096224315
599,-0.4842429820629451
600,-0.4826128215703443
601,-0.47816476984175565
602,-0.4867387899333096
603,-0.48605239997764416
604,-0.48838171687197235
605,-0.47839765699307724
606,-0.4868267711714492
607,-0.485031842866253
608,-0.4860218162144798
609,-0.4833034414254169
610,-0.476893018898534
611,-0.485809470812283
612,-0.479345824948765
613,-0.4610255172184219
614,-0.4139607410651571
615,-0.4878748575528619
616,-0.46792333038543055
617,-0.4837124836920609
618,-0.48858754358599316
619,-0.4866189415237625
620,-0.48808130490900403
621,-0.487637943477948
622,-0.4821872465551305
623,-0.48675975417842965
624,-0.4869375419697888
625,-0.4871692854178732
626,-0.4818652503094127
627,-0.48713462136331204
628,-0.4217200787179285
629,-0.48463354689920113
630,-0.4854865221521296
631,-0.48687169391415314
632,-0.480107348284171
633,-0.4595088925646245
634,-0.48010809602361704
635,-0.4847027205872581
636,-0.27373513878823447
637,-0.4841451430211791
638,-0.4869758716561817
639,-0.4662559997772869
640,-0.48640509447018715
641,-0.4860422633226723
642,-0.484860367834889
643,-0.48239845441394325
644,-0.38192763578029265
645,-0.47900909030368544
646,-0.4780850396506576
647,-0.48405202582295814
648,-0.48477144501311753
649,-0.4844637359984398
650,-0.48769344814024074
651,-0.48711013089625943
652,-0.4874693934080035
653,-0.42867721994969576
654,-0.464231778875552
655,-0.4873451704954037
656,-0.4840781410168771
657,-0.4882145916664284
658,-0.46504017018142935
659,-0.4835846848839841
660,-0.48234462566788866
661,-0.4840638250322934
662,-0.4782762187101341
663,-0.48562004935725284
664,-0.4499156089364009
665,-0.48624133144205334
666,-0.48658550943357837
667,-0.4472551402287339
668,-0.4834217865543798
669,-0.39269589588639836
670,-0.4795650131437763
671,-0.4878273583759898
672,-0.4458805864054001
673,-0.4682698648477918
674,-0.48602825739706157
675,-0.4446573820772303
676,-0.4141078459013916
677,-0.48770269560947743
678,-0.4865945842242237
679,-0.4882673967354659
680,-0.4824572893701053
681,-0.4843843252275251
682,-0.4862260320207505
683,-0.4663280748377569
684,-0.4871850589757313
685,-0.4201040866548836
686,-0.4696267797651903
687,-0.4868164773789534
688,-0.4863714106071577
689,-0.4859293288080238
690,-0.48643794492671133
691,-0.485837109113173
692,-0.4846907422610663
693,-0.47911855245786295
694,-0.4842137067329771
695,-0.4830471314633077
696,-0.4865397427861848
697,-0.46159607452849755
698,-0.47547287991184534
699,-0.4819910441895155
700,-0.48662221335910144
701,-0.4849809694084427
702,-0.4806596325218981
703,-0.48703897494786613
704,-0.4862237303557773
705,-0.48301469781145945
706,-0.48161084299261225
707,-0.48847831146581855
708,-0.4862673108977064
709,-0.40778452070265625
710,-0.48841900113484227
711,-0.4781644219882535
712,-0.4850599999060172
713,-0.41041192889968425
714,-0.486463610950502
715,-0.459362360542933
716,-0.4733759224033602
717,-0.48599542318195377
718,-0.44449037913929834
719,-0.4729569770175678
720,-0.4857602852788372
721,-0.47198944083569194
722,-0.48733482697672303
723,-0.4866184417777927
724,-0.4874382417884972
725,-0.4858134075515883
726,-0.48137532109552045
727,-0.4824929422925349
728,-0.40399144338532006
729,-0.48480836575599084
730,-0.4704201994134458
731,-0.4743978884862625
732,-0.48592155507942625
733,-0.47915193427208586
734,-0.41827478780448585
735,-0.47642617543866134
736,-0.4812106683909837
737,-0.4871678683899779
738,-0.4847479568537377
739,-0.4436330426600735
740,-0.47812993332474923
741,-0.47656845002620796
742,-0.427706854556305
743,-0.41324088477711685
744,-0.4676067641901443
745,-0.48588208381887693
746,-0.4804930539874039
747,-0.45666333396301007
748,-0.4827926751388723
749,-0.48468006615301357
750,-0.4500568288447558
751,-0.4697532386517419
752,-0.4438258419501304
753,-0.43405983843555124
754,-0.45608023980825724
755,-0.48582575043863035
756,-0.4257890234120808
757,-0.4847471872303732
758,-0.37503933504604164
759,-0.4852172288081847
760,-0.4593035776184531
761,-0.4848245562475401
762,-0.4632456929967853
763,-0.4855224925851981
764,-0.4807737026243882
765,-0.425030922086902
766,-0.47689742281159064
767,-0.41977664427873046
768,-0.4862978766083886
769,-0.4876291296351046
770,-0.44957816637925907
771,-0.4701951518797235
772,-0.485077429434889
773,-0.47534233745038706
774,-0.4681195078865576
775,-0.41404634039135635
776,-0.4867119637253742
777,-0.48609719186944783
778,-0.48294067517588646
779,-0.47638244960862275
780,-0.48648608274345
781,-0.46369903663671974
782,-0.4594765271021481
783,-0.48170484428233196
784,-0.38111272913715927
785,-0.4591497300474068
786,-0.4828713227314285
787,-0.42877752346905995
788,-0.48569660794425595
789,-0.46746983217550775
790,-0.41277859880721596
791,-0.4641688486819355
792,-0.4844790241263138
793,-0.38817117688317826
794,-0.4754142964534814
795,-0.4172959791897641
796,-0.48619432428339165
797,-0.40721946016287824
798,-0.4863970909982715
799,-0.4808896107176403
800,-0.46707075761961375
801,-0.48575387399563286
802,-0.4528259513718729
803,-0.48492288631335173
804,-0.48230158926858696
805,-0.4862637214860412
806,-0.4856190567824409
807,-0.48684384547532267
808,-0.483050162740295
809,-0.4439294164863077
810,-0.48353069977910584
811,-0.483273189744109
812,-0.4208860129744864
813,-0.4580367036740582
814,-0.4884543252119691
815,-0.48801269885651843
816,-0.47952638852219226
817,-0.45326559410550665
818,-0.482430826318849
819,-0.48562431550803437
820,-0.4879067713245476
821,-0.48707055074864863
822,-0.4688608098363402
823,-0.4347977345252995
824,-0.4860240482361682
825,-0.48002987235514766
826,-0.4845996861000289
827,-0.4871506762159787
828,-0.4893391786394749
829,-0.45144892462494585
830,-0.48640418389302903
831,-0.447783833249752
832,-0.4373191721697635
833,-0.4839044992872509
834,-0.4843447859314165
835,-0.4671576606684144
836,-0.4841498585345731
837,-0.44322813441244735
838,-0.4767015703850289
839,-0.40582987615075117
840,-0.48558132444258045
841,-0.4818064994079043
842,-0.4862756318681165
843,-0.4442035730499122
844,-0.4614950816759431
845,-0.4712417586265474
846,-0.4878135127968253
847,-0.4850815977162664
848,-0.45060371965100476
849,-0.47782379236891925
850,-0.45880221042259467
851,-0.4770496846940518
852,-0.439166964330057
853,-0.47704108766414666
854,-0.44817013293934194
855,-0.4343095260306117
856,-0.43761314873705764
857,-0.4806023764575439
858,-0.42918993489047247
859,-0.4750611247682548
860,-0.40786769144638163
861,-0.48630457229970775
862,-0.48267453751167455
863,-0.45356281778830665
864,-0.45669865401360693
865,-0.4867320754904199
866,-0.4561995504643517
867,-0.4858343820577086
868,-0.4868740085570976
869,-0.4738886942647019
870,-0.4396541776227454
871,-0.48626876543391656
872,-0.39814913133227176
873,-0.4689198078559656
874,-0.48444453465337745
875,-0.48149958007324384
876,-0.48255907031794226
877,-0.4873460480699514
878,-0.4003035771428994
879,-0.42025815260885435
880,-0.48607963414010247
881,-0.4825940583398822
882,-0.4800172319647219
883,-0.48606977405844526
884,-0.454802642139598
885,-0.4873361803692544
886,-0.45960440167255284
887,-0.48526716107286455
888,-0.4884235919825442
889,-0.4845028105335923
890,-0.4844407497508296
891,-0.4707051567699502
892,-0.462983552553112
893,-0.45104338673885624
894,-0.4316829899163965
895,-0.46309558487874525
896,-0.4795245341037199
897,-0.4670100572335263
898,-0.4421334931414259
899,-0.48089771494405575
900,-0.3613127642659085
901,-0.48665187114943875
902,-0.48652498363109
903,-0.4710409916589704
904,-0.45692444129275706
905,-0.4825418002368163
906,-0.46466102473754567
907,-0.4810263165091342
908,-0.47329952494541877
909,-0.47946738947851403
910,-0.4784602141786467
911,-0.4321045916864754
912,-0.4345572001727637
913,-0.4558934982041999
914,-0.4894148479139773
915,-0.48766307818900756
916,-0.4823803631118114
917,-0.4444119723972905
918,-0.4478552135659418
919,-0.4818178346179766
920,-0.4734697619603062
921,-0.4873302000789058
922,-0.4804125000729711
923,-0.4516006603544005
924,-0.48700736544592765
925,-0.3086848355436601
926,-0.463375182040956
927,-0.4271960145437171
928,-0.46562337435259654
929,-0.4186662535585083
930,-0.4872888615692316
931,-0.4698322470382215
932,-0.41993508508138094
933,-0.45082754761128585
934,-0.48450762174139517
935,-0.4882264667621664
936,-0.47118889382899154
937,-0.4666148400575374
938,-0.43848938634827683
939,-0.4848095260712654
940,-0.4720165435662379
941,-0.41145804800086466
942,-0.4357750506663974
943,-0.4776728785778658
944,-0.47898237243335234
945,-0.47882561314113237
946,-0.48221655428894383
947,-0.46400941099130877
948,-0.42477320131380264
949,-0.4455615388464676
950,-0.4576620552984107
951,-0.48865716964082084
952,-0.46991874919687526
953,-0.31341911739657724
954,-0.4845232154789152
955,-0.4148754594883674
956,-0.48679324401628254
957,-0.4228916361606336
958,-0.4817267137540672
959,-0.487196325353017
960,-0.4827507524968782
961,-0.48633578397337396
962,-0.4838275674233486
963,-0.47680248725329005
964,-0.48546625260246223
965,-0.4860830967194228
966,-0.4725997853154832
967,-0.4688822084495258
968,-0.43634728307909
969,-0.46030412987297253
970,-0.441967750897061
971,-0.48202344854517304
972,-0.47617047576318133
973,-0.4801625178934869
974,-0.4428140152381827
975,-0.4632803223337794
976,-0.4811033019992857
977,-0.4866639365645391
978,-0.48288922754359914
979,-0.44519626033397774
980,-0.42776136896821193
981,-0.48066531132462387
982,-0.46553619121117046
983,-0.47737958157725846
984,-0.46613437047830025
985,-0.47979096653981035
986,-0.44395965505641505
987,-0.46462968449483155
988,-0.4867111572039037
989,-0.4831376297119787
990,-0.48084117268612975
991,-0.4661816687535165
992,-0.4788200594458591
993,-0.47001325180144216
994,-0.48252397091616883
995,-0.47364621889580033
996,-0.47310509734948597
997,-0.4754242096542765
998,-0.39379241991319264
999,-0.4660597044073785
1000,-0.47989580461910714
1001,-0.47801300397616925
1002,-0.4869680371448229
1003,-0.46181848305144146
1004,-0.4863685509046185
1005,-0.47557323243700517
1006,-0.4769172163569006
1007,-0.42731891868063226
1008,-0.4869074626185365
1009,-0.4680346575607244
1010,-0.467149390382005
1011,-0.37092134355601913
1012,-0.4757383004441979
1013,-0.36283776576901555
1014,-0.45448442745697903
1015,-0.4486898646722489
1016,-0.4451068944873563
1017,-0.44572863088540354
1018,-0.35438134036397995
1019,-0.4678072394943364
1020,-0.48578609789640115
1021,-0.48129342701521505
1022,-0.48698937155048727
1023,-0.46559490149644644
1024,-0.38192008842296443
1025,-0.48434671701871684
1026,-0.4398040621995478
1027,-0.4606352169554438
1028,-0.4209097227010124
1029,-0.43229980116909367
1030,-0.42368604006045335
1031,-0.39629785616771745
1032,-0.47861083261280196
1033,-0.40827901406825196
1034,-0.39045421845636796
1035,-0.40296553027931137
1036,-0.4826279571118374
1037,-0.4822100075579197
1038,-0.4631324053817107
1039,-0.4851681053969102
1040,-0.47425679650188896
1041,-0.48645190159243495
1042,-0.46685472881537465
1043,-0.46715984212058936
1044,-0.4114642817426869
1045,-0.4598157562277223
1046,-0.4044950751306658
1047,-0.4098884489282949
1048,-0.4846478945194372
1049,-0.37144730630419975
1050,-0.46111529395615164
1051,-0.3574695514635606
1052,-0.2865147171567765
1053,-0.48414433363363585
1054,-0.47389739603941206
1055,-0.44544124434673954
1056,-0.3685470785747959
1057,-0.3975260140561312
1058,-0.4373099539560934
1059,-0.48368432645049836
1060,-0.4362183805207491
1061,-0.48644299949683234
1062,-0.4600907730864101
1063,-0.48462796756713217
1064,-0.4607843764944124
1065,-0.48645858148112187
1066,-0.4269552298599885
1067,-0.46853613832686636
1068,-0.40367895588030456
1069,-0.4861142166330501
1070,-0.4497357887774978
1071,-0.48084201415724864
1072,-0.30894903700005
1073,-0.44872302096901
1074,-0.4757055266840865
1075,-0.42098372170123094
1076,-0.4715445890649385
1077,-0.48718370478747836
1078,-0.4770909197775759
1079,-0.479307584111173
1080,-0.3904897321821409
1081,-0.4779625412881808
1082,-0.3114614766524867
1083,-0.4560882057247485
1084,-0.4726585464483632
1085,-0.48483538407098015
1086,-0.4786178604444265
1087,-0.48627669258085704
1088,-0.4649447108479228
1089,-0.4804350978423773
1090,-0.4290928457804741
1091,-0.48379443946695233
1092,-0.46668858562790877
1093,-0.48563440418465037
1094,-0.41288697231145843
1095,-0.46779888012833715
1096,-0.4227035783751849
1097,-0.48203776311741836
1098,-0.45430721496755505
1099,-0.4064409674157752
1100,-0.4504144678475099
1101,-0.45254075108871405
1102,-0.43102247934100685
1103,-0.43538581247266167
1104,-0.44685735541638255
1105,-0.4851671001563804
1106,-0.4668241069483782
1107,-0.4738443749548846
1108,-0.45367937974950784
1109,-0.4852342607517028
1110,-0.4052775084838819
1111,-0.45632891775391615
1112,-0.469789752069637
1113,-0.4603261853420083
1114,-0.48408147208439095
1115,-0.4857494479182292
1116,-0.47895062208493566
1117,-0.4845699121846482
1118,-0.4595228265945332
1119,-0.3825598900815482
1120,-0.43411027666982144
1121,-0.4614477661220692
1122,-0.4468725400628154
1123,-0.4803263327407887
1124,-0.4743590375444157
1125,-0.45915712652396184
1126,-0.4401558761063091
1127,-0.4045749764763061
1128,-0.48301199397400835
1129,-0.4789309508629135
1130,-0.459350132278966
1131,-0.47088369854788586
1132,-0.4792551799293739
1133,-0.48802580567396603
1134,-0.4847906843623056
1135,-0.47530424758284434
1136,-0.4833884846189845
1137,-0.478893077681612
1138,-0.4620096609746884
1139,-0.318588206013076
1140,-0.46637415655178116
1141,-0.47513035396630193
1142,-0.4080967567558284
1143,-0.4663921687405759
1144,-0.4687810678717776
1145,-0.43388470963191583
1146,-0.43978417292019545
1147,-0.4834650748292551
1148,-0.4630622097244168
1149,-0.44731898173502616
1150,-0.4750659847611087
1151,-0.4338909321963712
1152,-0.4393644830230141
1153,-0.4810763023223622
1154,-0.44584546942253983
1155,-0.4797380265847022
1156,-0.4801712506919386
1157,-0.48110037688779367
1158,-0.48585099627136935
1159,-0.3228713034558005
1160,-0.48205946158609825
1161,-0.4809669566187448
1162,-0.4544604533582915
1163,-0.45740383166546156
1164,-0.4661506259333358
1165,-0.4233659136316365
1166,-0.3993051002955012
1167,-0.37591342903033803
1168,-0.4855711842591352
1169,-0.482720286749798
1170,-0.4202849064296299
1171,-0.4774864698774763
1172,-0.47560568724432883
1173,-0.4219891699117522
1174,-0.4783785110440365
1175,-0.46327865002946256
1176,-0.45054574129611635
1177,-0.4431120813057235
1178,-0.34773902377522614
1179,-0.48305536336657917
1180,-0.44860172052318986
1181,-0.457161920982813
1182,-0.48104803605852
1183,-0.4785713843471597
1184,-0.4557290273589378
1185,-0.4756647631750265
1186,-0.4796027291347038
1187,-0.4300083470966788
1188,-0.39281210895864954
1189,-0.47924956113042183
1190,-0.4858266912373623
1191,-0.445198199653473
1192,-0.3579712938288768
1193,-0.4763957295717357
1194,-0.45102620328265913
1195,-0.43159183558462016
1196,-0.48350218783005533
1197,-0.4337779459470241
1198,-0.48028623979813134
1199,-0.463812862226571
1200,-0.483695118623727
1201,-0.4491642414063242
1202,-0.45739295123859863
1203,-0.379533348401364
1204,-0.4851417136643036
1205,-0.4700775941492049
1206,-0.4768993097547026
1207,-0.46045059812541794
1208,-0.4503595136424959
1209,-0.47248201274355217
1210,-0.47560489739467027
1211,-0.4450996034353752
1212,-0.44254951722053776
1213,-0.4774565137135077
1214,-0.44480206910908154
1215,-0.4840526189606296
1216,-0.4296185959199484
1217,-0.4608240225304561
1218,-0.4563919262458178
1219,-0.4419428363221129
1220,-0.4611683501903693
1221,-0.4201062453971109
1222,-0.4304275449546555
1223,-0.46367625536547047
1224,-0.42453333646309366
1225,-0.47226154653944574
1226,-0.4847454751854157
1227,-0.3107945943997401
1228,-0.4635769077781309
1229,-0.45138663203766455
1230,-0.3907597509740979
1231,-0.46413522453143163
1232,-0.37340131436689433
1233,-0.4854831253283678
1234,-0.4768172356869471
1235,-0.29661112074159723
1236,-0.4453702570870366
1237,-0.42422262085360257
1238,-0.4856761874141113
1239,-0.46530163820811116
1240,-0.36537608150567846
1241,-0.41242871657668984
1242,-0.3544638958188136
1243,-0.48522680816386393
1244,-0.48661497289213906
1245,-0.4839620318701737
1246,-0.4727798679666066
1247,-0.48298260810055743
1248,-0.4842755310829877
1249,-0.45629536807768584
1250,-0.36873401355602425
1251,-0.48678355314848787
1252,-0.40805296222283166
1253,-0.423814532953097
1254,-0.4620081959080818
1255,-0.36150816261447816
1256,-0.45108451614742356
1257,-0.48402489964873746
1258,-0.48318876391009125
1259,-0.4638901207236923
1260,-0.4337442850624193
1261,-0.4681971981344498
1262,-0.4446145675603426
1263,-0.40049875214649727
1264,-0.3736330771956033
1265,-0.3138563887384931
1266,-0.48188264568029876
1267,-0.42834339406912947
1268,-0.4308080999695523
1269,-0.4398810179490167
1270,-0.3496958250277469
1271,-0.3841002983561557
1272,-0.48687112862519527
1273,-0.38498583891898264
1274,-0.46186445434463785
1275,-0.4700073513454368
1276,-0.33849502365269557
1277,-0.4793992789702553
1278,-0.43893251250935983
1279,-0.4634365628163652
1280,-0.46169414622591165
1281,-0.44679555559770606
1282,-0.46609252635877885
1283,-0.4529703142088617
1284,-0.48670706265161334
1285,-0.48498775365754904
1286,-0.45758079419650477
1287,-0.4594273884626
1288,-0.4512526870801481
1289,-0.44299203522584385
1290,-0.4403477077656266
1291,-0.4263688208402527
1292,-0.4730600922364428
1293,-0.4784315993156104
1294,-0.4628412277822674
1295,-0.40377955607228766
1296,-0.4287315125578394
1297,-0.46514150216044575
1298,-0.4743416736635286
1299,-0.47447996744452486
1300,-0.4509459808739742
1301,-0.45919244639287854
1302,-0.4820472069712706
1303,-0.4682972293941739
1304,-0.45541160916009604
1305,-0.44742731383837125
1306,-0.3975084339484657
1307,-0.43221162070509106
1308,-0.4055980596935898
1309,-0.4659515748532741
1310,-0.4477671261241482
1311,-0.45010735786153533
1312,-0.4078107069394104
1313,-0.4293077465642985
1314,-0.4519061212136061
1315,-0.29694225215954556
1316,-0.47454928015040576
1317,-0.48451433401753
1318,-0.4156163914727334
1319,-0.2950227948468804
1320,-0.46559678451641695
1321,-0.35084426865972357
1322,-0.4200618746983292
1323,-0.48527632486694344
1324,-0.4577567483018589
1325,-0.4516369818916913
1326,-0.45574746843714503
1327,-0.46533981272724656
1328,-0.4718452933681815
1329,-0.45247605339226205
1330,-0.48070954682610145
1331,-0.4322698691049197
1332,-0.42993890416373776
1333,-0.44423202503011255
1334,-0.4371859457628775
1335,-0.42310246196892315
1336,-0.40503591465993544
1337,-0.4867445462795625
1338,-0.45842551204427
1339,-0.3158989221313917
1340,-0.4644092187298391
1341,-0.43058692009898275
1342,-0.461540219336597
1343,-0.47477857909779314
1344,-0.40306086532050023
1345,-0.3915914420762389
1346,-0.4866137847409493
1347,-0.3593134290673571
1348,-0.4278272698364245
1349,-0.482166055650065
1350,-0.4609052223054119
1351,-0.4507715524367323
1352,-0.4861916226878347
1353,-0.4452966393691391
1354,-0.484316335214067
1355,-0.46779113967461633
1356,-0.4571482332429746
1357,-0.4821833982229541
1358,-0.4853857450275898
1359,-0.4614945668145134
1360,-0.4472053687840894
1361,-0.4644341270445334
1362,-0.4837145574410102
1363,-0.48117227649682615
1364,-0.4817726808279193
1365,-0.29810377806280475
1366,-0.36116025774082977
1367,-0.4426042398152783
1368,-0.4561910541824607
1369,-0.4836550798823175
1370,-0.42998689187039285
1371,-0.43470188494138695
1372,-0.4592600135773021
1373,-0.4862872563379144
1374,-0.48521670748534906
1375,-0.4175443111695832
1376,-0.42086488688567225
1377,-0.33013438624628483
1378,-0.47900448575448806
1379,-0.3976725006700965
1380,-0.417700423588449
1381,-0.47770679717262543
1382,-0.4684321877823779
1383,-0.48592523048504793
1384,-0.4622426587057646
1385,-0.43056422147935075
1386,-0.44876695578658427
1387,-0.41876186577147473
1388,-0.3363296586298865
1389,-0.46947303912107236
1390,-0.4722337398804654
1391,-0.473816746209565
1392,-0.32292737172184577
1393,-0.45914099046840795
1394,-0.47542680398147685
1395,-0.460616891618216
1396,-0.42680478839282693
1397,-0.4625348407554209
1398,-0.3486734361938566
1399,-0.48347284857704054
1400,-0.40437243521164645
1401,-0.4845904460751949
1402,-0.4264953851511276
1403,-0.4538544291077184
1404,-0.4108700035173029
1405,-0.4633839110736772
1406,-0.4807232436208041
1407,-0.3838374266522731
1408,-0.4840620418783156
1409,-0.4608131023401689
1410,-0.4456429304913091
1411,-0.45710412332396994
1412,-0.39889343044428643
1413,-0.44224668606757894
1414,-0.46955004178827764
1415,-0.4382540299459494
1416,-0.47040684609256656
1417,-0.45311311765286144
1418,-0.48452339163756003
1419,-0.38410086488963496
1420,-0.3742689383967584
1421,-0.3678188406061301
1422,-0.45029118765148507
1423,-0.43616822991987425
1424,-0.41169635565582535
1425,-0.4209910427344731
1426,-0.4810440057452846
1427,-0.44526908645718527
1428,-0.4358839097865938
1429,-0.3904770934719774
1430,-0.4816850887751188
1431,-0.47473271873065764
1432,-0.4310683246936143
1433,-0.45091046318635236
1434,-0.4212169575457798
1435,-0.37589240352768516
1436,-0.4638679947131099
1437,-0.4727962103448102
1438,-0.4147771623025543
1439,-0.4262336505523498
1440,-0.4793436272741482
1441,-0.40224078704932337
1442,-0.44768173466394146
1443,-0.47921639014059075
1444,-0.4299807092377764
1445,-0.4761677641219854
1446,-0.46770178542116125
1447,-0.4166189596929073
1448,-0.43108025335348005
1449,-0.47599999338972865
1450,-0.4181837987858012
1451,-0.48752343929183944
1452,-0.4215993568422101
1453,-0.438061060051372
1454,-0.43938298767263545
1455,-0.48834903884746594
1456,-0.4032539896085486
1457,-0.478884690135437
1458,-0.4314946311353086
1459,-0.4501404397709844
1460,-0.47658687564916247
1461,-0.33908043511201313
1462,-0.4392405234231542
1463,-0.47910090849698495
1464,-0.4657523584710646
1465,-0.4394320238561667
1466,-0.4226954087188873
1467,-0.4455758411172765
1468,-0.3912806635123323
1469,-0.3801535936389192
1470,-0.41443336610558
1471,-0.48241236256218256
1472,-0.4294094643218067
1473,-0.4630430073498614
1474,-0.26838493411817554
1475,-0.4687307953481399
1476,-0.4472712488395901
1477,-0.41753467885666834
1478,-0.44992624427266864
1479,-0.24068722091355874
1480,-0.40718173355531473
1481,-0.4439127729430136
1482,-0.4574906174994379
1483,-0.46164788322153827
1484,-0.45755819450697865
1485,-0.4210252520040558
1486,-0.4144556103387166
1487,-0.3961103660759165
1488,-0.40819412431939067
1489,-0.4820313952368943
1490,-0.47286216127248576
1491,-0.4575256853202682
1492,-0.42090778424435177
1493,-0.3947722773019812
1494,-0.2432816316417456
1495,-0.48655541783908024
1496,-0.45224852144983313
1497,-0.48494970281742544
1498,-0.3928265623827047
1499,-0.43826551444686956
1500,-0.44511657636520147
1501,-0.4682226960747198
1502,-0.44970830299769515
1503,-0.4817728796056285
1504,-0.4398386869165876
1505,-0.3537634622906146
1506,-0.4832736116404208
1507,-0.4748932730524918
1508,-0.43907714779823387
1509,-0.4873118427208762
1510,-0.3927907210081962
1511,-0.47496428981681577
1512,-0.4002324464013453
1513,-0.4407159990434874
1514,-0.41756418647889065
1515,-0.42600723701922105
1516,-0.4043015243692292
1517,-0.42941238439126744
1518,-0.41054099571268254
1519,-0.3279826573371081
1520,-0.42419689591650944
1521,-0.4462596791553812
1522,-0.4478414575114019
1523,-0.4680845636526805
1524,-0.4718147201462904
1525,-0.4862052790465483
1526,-0.4729583640432568
1527,-0.48152094733865025
1528,-0.47676047933453625
1529,-0.434307317233473
1530,-0.4610913084523204
1531,-0.46313616301247756
1532,-0.34976790723733875
1533,-0.46468324703549985
1534,-0.4470614878736868
1535,-0.3602006967700449
1536,-0.4730134585787643
1537,-0.4647249003567289
1538,-0.4326475728504727
1539,-0.44291259161257984
1540,-0.44034113542950737
1541,-0.45609570726793547
1542,-0.44785239407795685
1543,-0.46971030952058235
1544,-0.4136184211550858
1545,-0.41337775866148124
1546,-0.23616004117268855
1547,-0.48159465897620657
1548,-0.4853082616232008
1549,-0.46799321018474627
1550,-0.44901589045799367
1551,-0.3998333030818576
1552,-0.43697084121908397
1553,-0.4254378565615383
1554,-0.45423721255359756
1555,-0.4019647060183594
1556,-0.4867028455962174
1557,-0.4490700785783288
1558,-0.42131870769832014
1559,-0.3145753728918331
1560,-0.46974971287430184
1561,-0.4431615576097372
1562,-0.48504749705213684
1563,-0.42256516172080144
1564,-0.45191330911760175
1565,-0.4084440446936561
1566,-0.4572642121398675
1567,-0.46346686170560963
1568,-0.3912040290386093
1569,-0.3964223809115672
1570,-0.47261281431163443
1571,-0.48183506763684747
1572,-0.39760451169326644
1573,-0.4635902717351557
1574,-0.3867528395855793
1575,-0.48346733094132366
1576,-0.4657554192737028
1577,-0.46901363925164025
1578,-0.4279299138390055
1579,-0.44538574787432034
1580,-0.4703025416000937
1581,-0.45733209852884343
1582,-0.3008624014116499
1583,-0.4568311313361685
1584,-0.42878753445466616
1585,-0.27807577693082847
1586,-0.4734007816828967
1587,-0.33829797156910085
1588,-0.4122832461435412
1589,-0.32158768251142145
1590,-0.39322538891529313
1591,-0.4807240396502277
1592,-0.44035565800701126
1593,-0.38150706808032825
1594,-0.4061310266161151
1595,-0.32661499839743746
1596,-0.38433303913866884
1597,-0.41191444340415784
1598,-0.444634268014655
1599,-0.45440656965187926
1600,-0.45304627275651455
1601,-0.4255428328036864
1602,-0.4217986216698747
1603,-0.44325215596051554
1604,-0.44939338666360606
1605,-0.4808320246009676
1606,-0.4847925378803961
1607,-0.4556414298861852
1608,-0.4042141907482917
1609,-0.45775021164687285
1610,-0.39127408697670496
1611,-0.4288301948429226
1612,-0.45397852550950507
1613,-0.4822752881452377
1614,-0.44003586790838367
1615,-0.41474340190228254
1616,-0.45258482875613043
1617,-0.4476980318753076
1618,-0.4020772779916113
1619,-0.3622859547465192
1620,-0.41932257766603326
1621,-0.4338188604727379
1622,-0.3914308665873505
1623,-0.4576974496337126
1624,-0.37151962897405016
1625,-0.4312347933386654
1626,-0.45155455094606406
1627,-0.4714788126733577
1628,-0.4163078275676083
1629,-0.4062184989391845
1630,-0.47082201750491315
1631,-0.4339034802142023
1632,-0.4017095666460167
1633,-0.4729174474985331
1634,-0.45508951855216917
1635,-0.39249203663318366
1636,-0.3612391677416385
1637,-0.3677934857508507
1638,-0.4495629124434912
1639,-0.3381589088927094
1640,-0.4288301271051013
1641,-0.4695316673251725
1642,-0.3572007163439203
1643,-0.316872940063732
1644,-0.48366254797832814
1645,-0.4441174567305943
1646,-0.4693112839028082
1647,-0.46661728141123937
1648,-0.4649073384414673
1649,-0.42975019167084394
1650,-0.4774733199802347
1651,-0.4487280493005948
1652,-0.41241447663118413
1653,-0.4652185043413103
1654,-0.39640726217375044
1655,-0.4611709448578755
1656,-0.2818697289516491
1657,-0.41071891168623265
1658,-0.48652283516312933
1659,-0.4605251418175799
1660,-0.4852641075251323
1661,-0.19818919496372245
1662,-0.47684005502431026
1663,-0.43645581425014446
1664,-0.3939350350386838
1665,-0.47569723187989243
1666,-0.47975739564614595
1667,-0.48127138259109253
1668,-0.46842004355144806
1669,-0.36179458274170573
1670,-0.4680022641319676
1671,-0.39784779723943214
1672,-0.3602582327977089
1673,-0.3850668384627512
1674,-0.40586609040114363
1675,-0.4764621769943187
1676,-0.42253208370834944
1677,-0.42854364329855954
1678,-0.4800272795826059
1679,-0.3859297880787625
1680,-0.4423678597703969
1681,-0.4255311076905741
1682,-0.444836076201288
1683,-0.4636981835766681
1684,-0.34847065926852766
1685,-0.4768440986576181
1686,-0.372722809142329
1687,-0.421667620088309
1688,-0.4680926628424021
1689,-0.46120483558348657
1690,-0.4000966921701626
1691,-0.47272462637849944
1692,-0.45090946927867015
1693,-0.48112265435919604
1694,-0.4193137539166193
1695,-0.39588279228589485
1696,-0.30823480346447746
1697,-0.3783999913456244
1698,-0.38227967848419636
1699,-0.32421500726058855
1700,-0.4484308894507645
1701,-0.3754362035307219
1702,-0.46525041033637754
1703,-0.4357036328512408
1704,-0.4529137398981903
1705,-0.4643126600878667
1706,-0.2861942223999099
1707,-0.4422063416958952
1708,-0.4639093180253572
1709,-0.4441970973124213
1710,-0.4000186010011943
1711,-0.45336309525298807
1712,-0.31382644867258536
1713,-0.48569274457560774
1714,-0.3078910323770898
1715,-0.44692584920251077
1716,-0.34897689876200966
1717,-0.44996190230812616
1718,-0.37004271474185996
1719,-0.4038711361219573
1720,-0.4226152523517316
1721,-0.3727109235048255
1722,-0.3368446774906901
1723,-0.25404403399566594
1724,-0.42540526806063683
1725,-0.45432350950886913
1726,-0.4691260373384057
1727,-0.44394062539701573
1728,-0.4805791239573506
1729,-0.399988633063268
1730,-0.4362426312610352
1731,-0.43419579314754614
1732,-0.44699062235026954
1733,-0.3838718527456043
1734,-0.44743952124991787
1735,-0.4043777434932174
1736,-0.43462646299089436
1737,-0.4468437113379834
1738,-0.46390261940674593
1739,-0.4395725150573471
1740,-0.4142288928941052
1741,-0.4219441748366343
1742,-0.4264068731594015
1743,-0.4859370429609561
1744,-0.47526829163204015
1745,-0.44020260367496533
1746,-0.4598019924850077
1747,-0.45673049205323535
1748,-0.2836404938020667
1749,-0.3150688704881261
1750,-0.37169676756330683
1751,-0.41068505816104844
1752,-0.4826728694125059
1753,-0.43992663006054644
1754,-0.3136390770997545
1755,-0.48305918629839334
1756,-0.34139648940364625
1757,-0.44943408713650973
1758,-0.464076458037776
1759,-0.43510023505039847
1760,-0.446045786081831
1761,-0.41721131892945057
1762,-0.4697927565950419
1763,-0.3901271619956933
1764,-0.30181255456059597
1765,-0.431690591224091
1766,-0.38620342481548814
1767,-0.43629805484154305
1768,-0.4538900657650673
1769,-0.45745214554667946
1770,-0.37365128618569493
1771,-0.3903998543359401
1772,-0.3903038720867682
1773,-0.26404834993951426
1774,-0.4671194752512234
1775,-0.4582797832211559
1776,-0.406465443401043
1777,-0.47270297159030894
1778,-0.4687947404217885
1779,-0.4436161882209493
1780,-0.45257618851014747
1781,-0.46292278962097505
1782,-0.42280818315851704
1783,-0.45076546329071066
1784,-0.3945302125512884
1785,-0.48615888128042195
1786,-0.4798046760288245
1787,-0.41083358347590765
1788,-0.44751133828001877
1789,-0.47008097219243794
1790,-0.4325869582674589
1791,-0.2941132405007921
1792,-0.4382546725016146
1793,-0.437199237868907
1794,-0.45829517029102357
1795,-0.4247214272443505
1796,-0.4441349579446388
1797,-0.437895031204778
1798,-0.40667578784659386
1799,-0.3797861600900318
1800,-0.4706742956021972
1801,-0.362125419398599
1802,-0.38251905866745817
1803,-0.48235382447614006
1804,-0.3807174933356419
1805,-0.4700614564855638
1806,-0.4244249926446928
1807,-0.4625995841250297
1808,-0.47784675968761736
1809,-0.414851610659576
1810,-0.4702522919261396
1811,-0.3560533977502554
1812,-0.3999739607929999
1813,-0.4134607087426744
1814,-0.4671609763098566
1815,-0.44900669656149195
1816,-0.23980891986100963
1817,-0.41361134373295794
1818,-0.4494598339413543
1819,-0.44600547145273156
1820,-0.29694179591551767
1821,-0.42421864046719054
1822,-0.4154650981448231
1823,-0.48470442544162606
1824,-0.41825253231733506
1825,-0.479506182611468
1826,-0.4531249091421554
1827,-0.4706217946975991
1828,-0.46403313004698343
1829,-0.3880402620670633
1830,-0.43889488293922846
1831,-0.38270841218204216
1832,-0.48042953311774034
1833,-0.3734641090848098
1834,-0.306210989914247
1835,-0.34358881223418763
1836,-0.44098345965513486
1837,-0.46795085776275397
1838,-0.40092965653074225
1839,-0.2650460055568867
1840,-0.36745293999427686
1841,-0.39492370975041413
1842,-0.3752901591105783
1843,-0.45448777420760367
1844,-0.42173214856088487
1845,-0.371579671768701
1846,-0.4497882608407283
1847,-0.43108002884475877
1848,-0.39796090238141507
1849,-0.4850959763319468
1850,-0.3752336528801038
1851,-0.4702200733443768
1852,-0.482183556168742
1853,-0.3853204401022916
1854,-0.38295522678318794
1855,-0.4229469969682854
1856,-0.4513963984211528
1857,-0.32974961877207215
1858,-0.40657847944524295
1859,-0.32354228003598395
1860,-0.3315058281738344
1861,-0.3218321627328003
1862,-0.3454432442046862
1863,-0.42081454925311207
1864,-0.4278722544931712
1865,-0.38121048371775307
1866,-0.45810215998198806
1867,-0.4496743727728033
1868,-0.3588457374630521
1869,-0.46628495596792746
1870,-0.4808026062411546
1871,-0.24954323171571954
1872,-0.4440868570277115
1873,-0.48402021210906315
1874,-0.4797341325913432
1875,-0.353132036313249
1876,-0.3629992458952161
1877,-0.43098928830477984
1878,-0.3654136827681677
1879,-0.4459476077540467
1880,-0.3932880071392375
1881,-0.4308740142268864
1882,-0.42155529224298327
1883,-0.40286777840185606
1884,-0.3337652384444758
1885,-0.3501282813697198
1886,-0.2923108903012087
1887,-0.4442481481817582
1888,-0.3658900105508692
1889,-0.3971765356766825
1890,-0.3796828842920885
1891,-0.40173547474808946
1892,-0.45548249571143123
1893,-0.360226518395567
1894,-0.4436894566052114
1895,-0.3197304804661436
1896,-0.4451621719537835
1897,-0.46910665836596716
1898,-0.47870107135356366
1899,-0.4347770624573853
1900,-0.45536541032720734
1901,-0.46859446259170373
1902,-0.33159768319564725
1903,-0.3407780368317478
1904,-0.3891625025892452
1905,-0.3426064756529339
1906,-0.31058158485434073
1907,-0.4326567827763403
1908,-0.3446622522450181
1909,-0.4354708594319004
1910,-0.43904925409118584
1911,-0.4225090163016912
1912,-0.3969678344938098
1913,-0.38876977077230523
1914,-0.4481306689977518
1915,-0.4411494666223592
1916,-0.4234713448041739
1917,-0.35397310756863637
1918,-0.3081953788097086
1919,-0.38903401084595896
1920,-0.37615063245351826
1921,-0.4050118266187454
1922,-0.48466462472392824
1923,-0.3244270486379666
1924,-0.313955527858648
1925,-0.44945812080420044
1926,-0.45180896600837384
1927,-0.39798345253936085
1928,-0.2414669575302686
1929,-0.45079863120830954
1930,-0.4378919914846716
1931,-0.34387546749073994
1932,-0.37851306223245446
1933,-0.4294169798133406
1934,-0.47373021258485337
1935,-0.4706378046524555
1936,-0.36677511181594347
1937,-0.37420990628603934
1938,-0.42566920314471124
1939,-0.39095194736455846
1940,-0.39198911122611363
1941,-0.3839108707003714
1942,-0.44545755214091587
1943,-0.4648437297607669
1944,-0.41729427011384285
1945,-0.3056161738864131
1946,-0.4800272924479845
1947,-0.43235506055850415
1948,-0.3303703089276771
1949,-0.3445121370298161
1950,-0.4155219163396931
1951,-0.4160021913674327
1952,-0.40665656349281254
1953,-0.44344055158013596
1954,-0.4565345238419756
1955,-0.4723426921746017
1956,-0.41297288519299824
1957,-0.4234938937723575
1958,-0.4513399012308792
1959,-0.3698688216472425
1960,-0.432922549033258
1961,-0.4848036257736866
1962,-0.2744855780625384
1963,-0.3072045417939469
1964,-0.37519683742381427
1965,-0.4555312578348568
1966,-0.3632987382475422
1967,-0.3068951182850342
1968,-0.4523882782482764
1969,-0.297679070908771
1970,-0.3780655593028429
1971,-0.3417313777792106
1972,-0.36084850933062596
1973,-0.39323301460598825
1974,-0.2712591137868341
1975,-0.3940076413950908
1976,-0.3949875532316723
1977,-0.41514745801014546
1978,-0.38284758581061135
1979,-0.4808576712098848
1980,-0.4381735045229448
1981,-0.4605368849069676
1982,-0.4549928949306832
1983,-0.4383422411000686
1984,-0.37653348152036137
1985,-0.4025574037867908
1986,-0.4689854420162648
1987,-0.47404857214388835
1988,-0.3217910216734402
1989,-0.2566966212782475
1990,-0.38551423824314496
1991,-0.3705095121402584
1992,-0.45029268053414745
1993,-0.39881289743061976
1994,-0.39524162920695405
1995,-0.387748129869097
1996,-0.3308534845678817
1997,-0.370760709350303
1998,-0.28724766654313544
1999,-0.4091307531605183
2000,-0.4650582819353452
