1,-0.49003756955508987
2,-0.4833452619926652
3,-0.4846030312397311
4,-0.48529726220175046
5,-0.4481637946161179
6,-0.4894468050071913
7,-0.4875218076123336
8,-0.4847879211723242
9,-0.4876155158512111
10,-0.48693789582364183
11,-0.48709481262944565
12,-0.48576705641896717
13,-0.4870051757019133
14,-0.48614903666207715
15,-0.48651076991331327
16,-0.4892535519988289
17,-0.4874179238816066
18,-0.4860602988610194
19,-0.4874480809855673
20,-0.48640461491895337
21,-0.4857306102086209
22,-0.4824426069764367
23,-0.48797256630321817
24,-0.4863322407047331
25,-0.4865904062078084
26,-0.48657199889946534
27,-0.45860054766772285
28,-0.48666266700727945
29,-0.4879568965078132
30,-0.48815505672672777
31,-0.48397312948144566
32,-0.4870117353350903
33,-0.4865082287312225
34,-0.485661868735858
35,-0.4869278543921887
36,-0.48723407982257366
37,-0.4838271955750095
38,-0.48748380714005196
39,-0.4865444079000683
40,-0.4729132508756462
41,-0.4889704666362309
42,-0.48824736728698537
43,-0.4868005557821563
44,-0.48651707818589957
45,-0.48622336097233526
46,-0.48776229356079
47,-0.48880610311765216
48,-0.48816032282416083
49,-0.47532054536452906
50,-0.4893668903874891
51,-0.4887158112486244
52,-0.4832646742325995
53,-0.4866582286471092
54,-0.48595999392528094
55,-0.4881830050211091
56,-0.48681622178363204
57,-0.4856368169799657
58,-0.48526375239264846
59,-0.4857931725669459
60,-0.4854661446467193
61,-0.48790787640061856
62,-0.4852320781350122
63,-0.48677655005971765
64,-0.4835322499535344
65,-0.4812240224361391
66,-0.4868786121002463
67,-0.48582521588018707
68,-0.48668192958328227
69,-0.48450158177311264
70,-0.4871241652334147
71,-0.4865796295017677
72,-0.48628333887994146
73,-0.4847440522888389
74,-0.4842303823845506
75,-0.4872809658562024
76,-0.4872368448039233
77,-0.4870412835122984
78,-0.4775571439719189
79,-0.48886737024536353
80,-0.484427516459924
81,-0.48354849383134907
82,-0.48254352959837254
83,-0.48734224357940586
84,-0.4871298794665935
85,-0.4877494958225575
86,-0.48563990799266316
87,-0.48423937233225217
88,-0.4873844608373593
89,-0.4866748887358586
90,-0.4848897241010123
91,-0.48584195404702835
92,-0.47912380652044945
93,-0.48471327211129295
94,-0.4713695256065611
95,-0.4440206097401283
96,-0.48522095513462743
97,-0.4860056667953178
98,-0.4883780543649982
99,-0.4878616906172434
100,-0.3925555519236914
101,-0.48795896791226
102,-0.48519545991210905
103,-0.48643734538284206
104,-0.47750868713037836
105,-0.48478627741271346
106,-0.48691875968254467
107,-0.48181100114317715
108,-0.48379808013144276
109,-0.4870614267851012
110,-0.48467614922261437
111,-0.485695311355785
112,-0.48781325271062626
113,-0.4778615895134011
114,-0.4473755431222651
115,-0.4850912440101036
116,-0.4790737721350392
117,-0.4867639678137612
118,-0.48679729877243266
119,-0.4863623270514555
120,-0.4871162638463077
121,-0.48999384032369026
122,-0.48651697679202943
123,-0.4850826071730382
124,-0.4886210270960619
125,-0.48728287398699494
126,-0.4863022856506994
127,-0.4828839205055005
128,-0.48567385933915097
129,-0.48429120679139487
130,-0.477035266630651
131,-0.48626149590317685
132,-0.4450289846101133
133,-0.4870695956821336
134,-0.48735174261958036
135,-0.48461675106815955
136,-0.48570491240021757
137,-0.48605428550562435
138,-0.4861897355773843
139,-0.4830757181711468
140,-0.48819477833022235
141,-0.4726159009842108
142,-0.48483961473936266
143,-0.48635595190277603
144,-0.4865547263472957
145,-0.467629755375598
146,-0.4862517301045082
147,-0.48372729714072277
148,-0.48784563857517094
149,-0.474062244419591
150,-0.48886567663650843
151,-0.48652731007863126
152,-0.4843039369972052
153,-0.48471302630030194
154,-0.48470987564215695
155,-0.48712787664577156
156,-0.48979237799003744
157,-0.48673564469019637
158,-0.4901905286791681
159,-0.48862384883177956
160,-0.48698343017428963
161,-0.48264540047634763
162,-0.48270685170870753
163,-0.4876422720593511
164,-0.4875715763406871
165,-0.4873054378531554
166,-0.4848807318448636
167,-0.48389649657319717
168,-0.48627716693933376
169,-0.48789461659143973
170,-0.4870676040056482
171,-0.4832323900191069
172,-0.4863270098321027
173,-0.48673191190738035
174,-0.4787815404946461
175,-0.4899904650502102
176,-0.4291988997485624
177,-0.4550137961052178
178,-0.4867893789718815
179,-0.4802431093630509
180,-0.4843615340782629
181,-0.4498019383176456
182,-0.4867887924753977
183,-0.4850126253009263
184,-0.48092185084093386
185,-0.48617038310764144
186,-0.4757704530691462
187,-0.4865868217883053
188,-0.48648041621291865
189,-0.488165934018465
190,-0.483561260962699
191,-0.47377932724434596
192,-0.48354282934872117
193,-0.4868264239737672
194,-0.47753763104347585
195,-0.4881250153137068
196,-0.4879542440092452
197,-0.48476703838317947
198,-0.45241053777744583
199,-0.45114814093101546
200,-0.4820118453482039
201,-0.48847269939759047
202,-0.4834115220880361
203,-0.48638534565643327
204,-0.45606516102743383
205,-0.47339798882614265
206,-0.487524604099552
207,-0.47188275549674724
208,-0.4873405775932536
209,-0.48663137789827904
210,-0.48328776189745565
211,-0.48647972999445926
212,-0.47638367985607083
213,-0.4713543124640668
214,-0.4856596384158816
215,-0.47618899883683913
216,-0.48605182483439535
217,-0.4880969042847822
218,-0.47788233522833734
219,-0.4488902077202323
220,-0.4843337760464617
221,-0.48469435949945916
222,-0.48063370395139415
223,-0.486742578387074
224,-0.48302505607123936
225,-0.48680639775665335
226,-0.4855617187579555
227,-0.4875221890565769
228,-0.48513020302708487
229,-0.4855859174876679
230,-0.488987464514699
231,-0.48817041564036806
232,-0.4863671570487577
233,-0.4849094266987156
234,-0.48919175877784354
235,-0.486457976195609
236,-0.4868682661614095
237,-0.48879840303122724
238,-0.48887899412492725
239,-0.48482378034054946
240,-0.48737831008762533
241,-0.48343146549228994
242,-0.48534453430083935
243,-0.48534627939825037
244,-0.4792730985394866
245,-0.483824331486556
246,-0.48647740156867475
247,-0.4867220555835046
248,-0.48726230667315806
249,-0.482585859048088
250,-0.48751246879567905
251,-0.46367297573256505
252,-0.4874571462693664
253,-0.4863874243174324
254,-0.48763864374247007
255,-0.4718302675182257
256,-0.48726600122294633
257,-0.48617208689871233
258,-0.4836208916554142
259,-0.4827405289860586
260,-0.4777427793779098
261,-0.48302770782167914
262,-0.4866035662629853
263,-0.4854164070904896
264,-0.48349755936092437
265,-0.48670035261287087
266,-0.4884100920093591
267,-0.46345997882296247
268,-0.4851532222332112
269,-0.44758829190576194
270,-0.48676626147169455
271,-0.44013467396168404
272,-0.4252198869329904
273,-0.4862236993303078
274,-0.48445009746358914
275,-0.4741491451451496
276,-0.4834277172056882
277,-0.4873145363475481
278,-0.482884580059449
279,-0.48641474682325997
280,-0.4867848345651992
281,-0.37060091472174733
282,-0.4723029438303533
283,-0.485384125441361
284,-0.4850609256507967
285,-0.48148022612693037
286,-0.4831649754603306
287,-0.48683411845544217
288,-0.48312986586276174
289,-0.4853958534086241
290,-0.4795483741746798
291,-0.4838560256592484
292,-0.4867792120820599
293,-0.48717318846081475
294,-0.47494020405317244
295,-0.48642644188922135
296,-0.4793729571338306
297,-0.48716423190206437
298,-0.4834098439108537
299,-0.48716013144684717
300,-0.49067365674066166
301,-0.47355388596613085
302,-0.48620638277578004
303,-0.48490089302538575
304,-0.4877058156019669
305,-0.46211670405816235
306,-0.48728952898296535
307,-0.48717361820432165
308,-0.44375766711525316
309,-0.4870117195036034
310,-0.4823232501906687
311,-0.4897115937336038
312,-0.48732729110423106
313,-0.48551716656873617
314,-0.4865513354775856
315,-0.48431872838015155
316,-0.4861610947755446
317,-0.48502829166078404
318,-0.4865773750523487
319,-0.4867588268840953
320,-0.48592337270876523
321,-0.4863928570503693
322,-0.4667607036537288
323,-0.48902609346948145
324,-0.4849489779806594
325,-0.4867469906837475
326,-0.482339700966816
327,-0.47546335104905796
328,-0.4856447391921079
329,-0.4085049396590441
330,-0.48001585288792936
331,-0.4856715194049323
332,-0.48725756338761145
333,-0.48544064368473777
334,-0.4621423767112866
335,-0.487874822660022
336,-0.48547331613727934
337,-0.47971910519092303
338,-0.48668385602579195
339,-0.48347755261298736
340,-0.4863801879633165
341,-0.4869407310004314
342,-0.48657288044466174
343,-0.46512894378902925
344,-0.481797976821216
345,-0.48707683328493856
346,-0.486042690020543
347,-0.47621871190220727
348,-0.4868158846457962
349,-0.48751776053423296
350,-0.48213120088105704
351,-0.4865262737056125
352,-0.4857386713704113
353,-0.48327281563824703
354,-0.48666651834288305
355,-0.4816910260604053
356,-0.48583720482026826
357,-0.48058247727568326
358,-0.47616981738746406
359,-0.48431464784211664
360,-0.4884872759068844
361,-0.4833169227440527
362,-0.40469171550872896
363,-0.4852836021457773
364,-0.46870147534217144
365,-0.4871370754853286
366,-0.48166169487159394
367,-0.4827651028218309
368,-0.47864787303811074
369,-0.4843445876701798
370,-0.4854295447133303
371,-0.48372817712337873
372,-0.4752757870880019
373,-0.4843183318156804
374,-0.48058092800500335
375,-0.48858302808858023
376,-0.485454625236671
377,-0.48267787700588866
378,-0.46611780608477665
379,-0.48649143497764125
380,-0.48190671784631156
381,-0.48559778321757296
382,-0.4820616806615749
383,-0.48679259397778335
384,-0.46118827637650317
385,-0.4860957605225886
386,-0.4866608487805516
387,-0.48618427444929685
388,-0.4819409969276457
389,-0.4837063940326217
390,-0.4641387417431539
391,-0.4875841582113133
392,-0.4555358974429596
393,-0.48793473375966007
394,-0.4865298380111108
395,-0.4869388213667486
396,-0.48511317238920665
397,-0.45133863313682937
398,-0.48855874981865083
399,-0.4594910518325652
400,-0.484692581245361
401,-0.4845072924534896
402,-0.4861134019091412
403,-0.48488462854571024
404,-0.45442671842197746
405,-0.4850048853320798
406,-0.4779602352650365
407,-0.48723192726138986
408,-0.47000080681176437
409,-0.3736626791232793
410,-0.48506124181625726
411,-0.48554558103457296
412,-0.48817978728447803
413,-0.48475462941264147
414,-0.4857818634386772
415,-0.48410187754474276
416,-0.48658403464918437
417,-0.46024849697288567
418,-0.4867353731339017
419,-0.48734079959227417
420,-0.48721287695158527
421,-0.48623757585616717
422,-0.488511262775927
423,-0.45135382966022153
424,-0.4729425139173686
425,-0.4854427259789809
426,-0.4752097171293772
427,-0.4658357797957441
428,-0.48643587632230917
429,-0.4834901198436405
430,-0.48837994511953386
431,-0.48797955953346195
432,-0.4619721170595665
433,-0.4855728970495706
434,-0.48434446480718607
435,-0.43702852149356153
436,-0.48834686023974705
437,-0.48522503328733724
438,-0.46480534969393417
439,-0.48641575074110593
440,-0.4817336051307048
441,-0.4889636540563448
442,-0.4868519204475532
443,-0.48620315646222123
444,-0.486739285105805
445,-0.4846652859228367
446,-0.4863905835941808
447,-0.4339125851839804
448,-0.48429324260395307
449,-0.48633917444442953
450,-0.4865781451551769
451,-0.47997683443821587
452,-0.4651118018292755
453,-0.488334110679993
454,-0.48691378200021274
455,-0.48653959292619364
456,-0.48711253029776547
457,-0.47501916585046516
458,-0.4430886517122514
459,-0.48467627229310306
460,-0.48663893045489803
461,-0.4878201958469681
462,-0.486576858101313
463,-0.4875567209048066
464,-0.4839949741122052
465,-0.47792196577512464
466,-0.4850116857256879
467,-0.47768590526850396
468,-0.48340771570759267
469,-0.48633514228619373
470,-0.44579588922456853
471,-0.4852021068903349
472,-0.4875443888063794
473,-0.4851029055642371
474,-0.4769088791668504
475,-0.4743454627591426
476,-0.48537840094836254
477,-0.4870684545965072
478,-0.4850704400393554
479,-0.47670086040578813
480,-0.4668849351023257
481,-0.4849676550106812
482,-0.48735368301634163
483,-0.44288036659450125
484,-0.4867905619633805
485,-0.48780454926345207
486,-0.4864517072476743
487,-0.48856370158170404
488,-0.4616888275884974
489,-0.4820024190047471
490,-0.48696884047354283
491,-0.48664006451196745
492,-0.4862891118084722
493,-0.4870903449441704
494,-0.47576405975088865
495,-0.48320546121347846
496,-0.48360330281168307
497,-0.26629918102160194
498,-0.48631752692314195
499,-0.4809892946976579
500,-0.48704671941628574
501,-0.4811480995249605
502,-0.48470082351158106
503,-0.4856300925375391
504,-0.48628753218108567
505,-0.4739335399984979
506,-0.4855632795883362
507,-0.4790123141309761
508,-0.47224977193037926
509,-0.4847781326626661
510,-0.4881025443303912
511,-0.4680828381192776
512,-0.48899097596336855
513,-0.43994315857377414
514,-0.4879484333207445
515,-0.4179415984158645
516,-0.4591370370951226
517,-0.48163542854490565
518,-0.4861574548232185
519,-0.4867806072916724
520,-0.4863837264432068
521,-0.484022889507759
522,-0.48095986896760856
523,-0.48592212544660285
524,-0.48542757301761835
525,-0.4860753772468998
526,-0.4766107336831038
527,-0.4861109812184743
528,-0.48622888554201543
529,-0.48579959364761593
530,-0.4452153814089447
531,-0.4856302309330557
532,-0.48809133412649514
533,-0.48330670003508924
534,-0.4855867762092145
535,-0.48252680820183824
536,-0.48919001987155203
537,-0.44482439492211856
538,-0.48603985714920334
539,-0.46604565920561886
540,-0.4555539484507349
541,-0.4870782491730973
542,-0.4855154636794533
543,-0.4867995907433018
544,-0.48601415395205566
545,-0.486389109923317
546,-0.48536138534851553
547,-0.4852190682379376
548,-0.48441079809879106
549,-0.48266255848824896
550,-0.4854498061582356
551,-0.4774099528902992
552,-0.4852289777649206
553,-0.4765879129825139
554,-0.48006569911887553
555,-0.4862041982933734
556,-0.46566924528665804
557,-0.48642592152557534
558,-0.4835024671024882
559,-0.48884877402211147
560,-0.4773371888155271
561,-0.4847208169145683
562,-0.4794232194741842
563,-0.39391630884344286
564,-0.4860016611744668
565,-0.4759138195360102
566,-0.4860377969931197
567,-0.4778588291305084
568,-0.48633270903827863
569,-0.4832208107128938
570,-0.48321481187517706
571,-0.4833300643254436
572,-0.486084449790033
573,-0.48134089547672576
574,-0.4714431045607643
575,-0.48176408745174043
576,-0.3968388802859979
577,-0.48322728636752055
578,-0.4880377613781866
579,-0.4870048500812201
580,-0.4036365007841598
581,-0.48681157239052425
582,-0.4861459709873283
583,-0.4867156536681063
584,-0.4576760953594636
585,-0.39911095936782526
586,-0.4765317208418152
587,-0.4861057961831473
588,-0.48305683465482074
589,-0.4866296004930831
590,-0.48759541598759676
591,-0.48662780216230245
592,-0.48755088914248346
593,-0.48620713493292866
594,-0.4768086489749324
595,-0.48048882642042984
596,-0.4492613420529478
597,-0.4843147728901286
598,-0.4852170755791178
599,-0.48581855714159955
600,-0.4841300800781491
601,-0.47434345009081547
602,-0.48645102643240556
603,-0.48611800166116276
604,-0.48737229773609575
605,-0.48174719272522437
606,-0.48660857768628857
607,-0.48679099008757754
608,-0.4877021085208094
609,-0.4872112899474962
610,-0.4893589531023856
611,-0.4876634186275488
612,-0.4851476704845807
613,-0.4797215597179943
614,-0.4769790708913925
615,-0.4855892771787418
616,-0.4126694048981978
617,-0.4592789663297203
618,-0.4832144579458974
619,-0.4876456812988496
620,-0.48034069493122833
621,-0.3990348172120974
622,-0.47432597252148195
623,-0.4865672489176443
624,-0.4281431929808622
625,-0.4866840558785199
626,-0.4835538562612258
627,-0.40355365585502107
628,-0.4842041910081114
629,-0.4866253922550528
630,-0.4855933518641415
631,-0.4875127925870923
632,-0.4816357954615069
633,-0.4708890148779442
634,-0.4870362506523522
635,-0.48038506460052766
636,-0.48475032145781183
637,-0.48768210725997646
638,-0.4812534526141835
639,-0.4649746353377783
640,-0.39784190231622446
641,-0.48653712852872966
642,-0.48576159919533746
643,-0.46620468277740135
644,-0.4588159360258173
645,-0.48209903990526504
646,-0.4796224060407009
647,-0.45531922638690286
648,-0.4876699128111821
649,-0.47786010266163526
650,-0.43603584154015207
651,-0.4380470471307494
652,-0.48589811426158713
653,-0.48343575916226356
654,-0.4858196768812803
655,-0.4656999250509276
656,-0.4848771194370856
657,-0.43141752216232815
658,-0.4844109185566293
659,-0.48290470900730004
660,-0.4860966736210246
661,-0.4863489541238007
662,-0.4583926057623307
663,-0.462739494993323
664,-0.4834528956544628
665,-0.4182138406352515
666,-0.487816310162107
667,-0.46909091735381064
668,-0.48651529198135807
669,-0.47297519642866476
670,-0.483657709759885
671,-0.46919821940430634
672,-0.47667037361687853
673,-0.47468089534805036
674,-0.4769064497838358
675,-0.4864627327075922
676,-0.46559215065382853
677,-0.390945673945709
678,-0.48922067582294915
679,-0.4839726412415693
680,-0.474980053040577
681,-0.4863679213659216
682,-0.47539018480313966
683,-0.48324176593216495
684,-0.48674483124047374
685,-0.47838867733593216
686,-0.4770081821490596
687,-0.4730836269131551
688,-0.39027574069784066
689,-0.4827140721834579
690,-0.48247838724090303
691,-0.4740314847883574
692,-0.48662218958180714
693,-0.48780805610289
694,-0.4833665872897904
695,-0.47031581408712475
696,-0.4556229708552917
697,-0.48585475336456607
698,-0.48030080869943503
699,-0.4826154265232955
700,-0.4754384622456387
701,-0.4852107270570366
702,-0.36170693121416425
703,-0.48288321343862567
704,-0.48440687850510716
705,-0.4846226484031553
706,-0.48636642217522447
707,-0.485833180584356
708,-0.4658774908943565
709,-0.4852391798984056
710,-0.48630325711358346
711,-0.4848424417232276
712,-0.44338899900273393
713,-0.48674489395306636
714,-0.4721260781849267
715,-0.48315273963846544
716,-0.44949205669641895
717,-0.48490970378239207
718,-0.47530249508896555
719,-0.48102260701682553
720,-0.4416656477655094
721,-0.4122167705861574
722,-0.4629828202813498
723,-0.434104901620964
724,-0.4543463827634069
725,-0.4824010552767634
726,-0.47995952945444914
727,-0.4881500285315944
728,-0.4225600770533351
729,-0.48635802424081653
730,-0.4848599036387648
731,-0.3962955274294561
732,-0.48688751687977605
733,-0.4791112733215108
734,-0.44259581793747965
735,-0.40700436145648355
736,-0.4813940552872732
737,-0.4628526490138314
738,-0.35547137245792354
739,-0.4868486362821742
740,-0.48119640650509193
741,-0.44895493325466507
742,-0.4865463586709916
743,-0.4466131340148806
744,-0.48197324211968207
745,-0.4822580265424932
746,-0.4822053195064461
747,-0.4604665091237564
748,-0.4803476486308089
749,-0.462212752765739
750,-0.48707979473374824
751,-0.42442283319259805
752,-0.48236996644562885
753,-0.487455200037515
754,-0.4654920493901191
755,-0.4699707545488282
756,-0.48083698371683403
757,-0.47757211644142555
758,-0.48489924153697994
759,-0.41177768347625754
760,-0.4855667663777896
761,-0.4863592105104224
762,-0.4876466479680237
763,-0.48213775154944616
764,-0.4865189292124068
765,-0.460119693484528
766,-0.47432162522449867
767,-0.47525643012145546
768,-0.4826617123852274
769,-0.4805425903617801
770,-0.43858578697843226
771,-0.48389104027363594
772,-0.48681734938856713
773,-0.38451244781608945
774,-0.4223129491736887
775,-0.448398260792344
776,-0.48567451424937663
777,-0.4766311410440723
778,-0.4801636707742817
779,-0.4850757334177158
780,-0.4787364065332461
781,-0.4862663195113666
782,-0.44238583921901026
783,-0.4735135497197629
784,-0.47702296506187103
785,-0.4674846695113838
786,-0.472556988392346
787,-0.48574665047107973
788,-0.4727587719942688
789,-0.48484099861481866
790,-0.4848144477096064
791,-0.3976723616776723
792,-0.4864703007431624
793,-0.48479252786239774
794,-0.4865089885290328
795,-0.4860214789113833
796,-0.47460543946109063
797,-0.4565624812906716
798,-0.43753073613117677
799,-0.41864685424814874
800,-0.46205391048674616
801,-0.4834643150657228
802,-0.4884575427419977
803,-0.4867930701115959
804,-0.4563049309752749
805,-0.41982664943823983
806,-0.4866633486421213
807,-0.48758850618514155
808,-0.48692530595791506
809,-0.4828141376679019
810,-0.45859547179040816
811,-0.4786380332851648
812,-0.479588757610699
813,-0.48229675286458545
814,-0.48689060571630843
815,-0.4850124106503543
816,-0.38496989668036696
817,-0.4830413047162191
818,-0.47581662211184567
819,-0.4857733068846603
820,-0.47626790456753376
821,-0.3975487142569652
822,-0.48696198426688886
823,-0.48372196963300157
824,-0.4538720290023081
825,-0.4789225337532851
826,-0.48911553119688345
827,-0.4627803652583115
828,-0.47654367929895686
829,-0.4641101102101413
830,-0.46794801929103014
831,-0.48233384509862504
832,-0.42097658073768157
833,-0.4867671489786132
834,-0.42013826010110805
835,-0.41015582452472943
836,-0.4819061689689617
837,-0.4842711622989986
838,-0.4855803293661177
839,-0.4874281293557649
840,-0.48321298240903143
841,-0.4495361528021981
842,-0.4836936901239231
843,-0.47462258793154594
844,-0.4835420244518802
845,-0.48456824500186557
846,-0.47137290717769287
847,-0.477362674251719
848,-0.4701908703356611
849,-0.457199674259589
850,-0.4878730144602971
851,-0.48734010865973454
852,-0.48479396201676506
853,-0.4731578177962034
854,-0.48186995172284347
855,-0.48586989692301447
856,-0.4855897896318602
857,-0.4168115160725718
858,-0.48386470853029906
859,-0.4851167233382555
860,-0.46613929921747277
861,-0.4835828440413655
862,-0.46112548342199045
863,-0.488046606519245
864,-0.4789040824446998
865,-0.36279246470670184
866,-0.4665660800117043
867,-0.4857413286170151
868,-0.48761573905124966
869,-0.4792323065311812
870,-0.46457695721435227
871,-0.4734729523023715
872,-0.4861933021571154
873,-0.4810869039379743
874,-0.47850166779936437
875,-0.4824779395617931
876,-0.47992150212701734
877,-0.453750222396852
878,-0.4561824284204854
879,-0.48330288970908597
880,-0.4823953476767495
881,-0.4749739520343154
882,-0.413975303054794
883,-0.4119381867215706
884,-0.48061621125182796
885,-0.42516644058446745
886,-0.46740014533470864
887,-0.4271419296466143
888,-0.4655547801375104
889,-0.4848664351355146
890,-0.4486706146837886
891,-0.4508264363922661
892,-0.4868596047568072
893,-0.4817339878746386
894,-0.4570134506457422
895,-0.436945387094498
896,-0.48041919905309344
897,-0.40843077663057215
898,-0.43971830749931673
899,-0.4857550062787122
900,-0.48549716871164794
901,-0.47836806996703374
902,-0.4188040575890565
903,-0.4795928497060496
904,-0.38295384129485927
905,-0.4819989356329939
906,-0.3960859072321827
907,-0.46994028630766826
908,-0.4846852535998029
909,-0.4832356533914321
910,-0.486655235464171
911,-0.4819700873682546
912,-0.48407387750871134
913,-0.39941853900562135
914,-0.4648131256400819
915,-0.4550860491105286
916,-0.4624759667089163
917,-0.4782909559818465
918,-0.48586915709014694
919,-0.45063594774367166
920,-0.4851679550448383
921,-0.4747509702049109
922,-0.4855190038219425
923,-0.4861263314905137
924,-0.4708853295298402
925,-0.4819013703805254
926,-0.48563619338027575
927,-0.46526832178054917
928,-0.48259685103280575
929,-0.4226024795505143
930,-0.43753457358937
931,-0.2969404197221164
932,-0.43452781353333975
933,-0.38310456098657863
934,-0.47738707897709315
935,-0.4847115481840087
936,-0.45394732066736415
937,-0.4310197611245679
938,-0.4766496288163251
939,-0.4228987844191339
940,-0.4527360927518745
941,-0.48672635913361073
942,-0.48655046706542315
943,-0.48520883371111323
944,-0.48659608392574066
945,-0.4739054873228886
946,-0.36916163821177755
947,-0.4834808739208704
948,-0.4237591208988568
949,-0.4830972612598424
950,-0.4854928781792728
951,-0.4835855088700377
952,-0.38368518212333835
953,-0.4420314358897282
954,-0.4835783658626825
955,-0.4694969098617802
956,-0.4534933372719836
957,-0.4654356056379402
958,-0.48617664115989984
959,-0.47700312783451887
960,-0.4858962120681406
961,-0.427796936379813
962,-0.48873166172160876
963,-0.4301114270546099
964,-0.4493767535843634
965,-0.4141510070314832
966,-0.44655534824255677
967,-0.4868555666241343
968,-0.47876471392307574
969,-0.4870620600229839
970,-0.3740298850587298
971,-0.48457786135717307
972,-0.4868320392294878
973,-0.4670657332008377
974,-0.4851184639034891
975,-0.4797996820796565
976,-0.47296928588923487
977,-0.48124398689807557
978,-0.4866626370909098
979,-0.39855838498741003
980,-0.47889560103400997
981,-0.36684735776624977
982,-0.39139383432942737
983,-0.4862219648196147
984,-0.4395985893386033
985,-0.4758269549002614
986,-0.4449958477212122
987,-0.44378994202663163
988,-0.4544558247725926
989,-0.46611027187461845
990,-0.4129399915281931
991,-0.4873757593941388
992,-0.45826363906944184
993,-0.44863827870267325
994,-0.44017451217536696
995,-0.4682316657677642
996,-0.4860177276710274
997,-0.4764692544891772
998,-0.3915007920482073
999,-0.486440234732821
1000,-0.450882512215672
1001,-0.45160637054105224
1002,-0.4866858088524605
1003,-0.4462976292925658
1004,-0.4227856718660686
1005,-0.23048642792803625
1006,-0.47943144827793244
1007,-0.4864030997868217
1008,-0.48771701074858115
1009,-0.473517637710458
1010,-0.48243147076779597
1011,-0.4422733029696604
1012,-0.3560092998522052
1013,-0.4857861387872881
1014,-0.48540199758731295
1015,-0.4647278382771688
1016,-0.4787110095370462
1017,-0.48476726970402895
1018,-0.48116022349009835
1019,-0.4855197468329876
1020,-0.46950606715260773
1021,-0.44975781179948676
1022,-0.430336235223422
1023,-0.4786417817120158
1024,-0.4856099607683104
1025,-0.439247224143477
1026,-0.4053044417109299
1027,-0.4804394120475277
1028,-0.4164770148599566
1029,-0.39887200018845864
1030,-0.44293864032992497
1031,-0.4740603600930828
1032,-0.48212899114348284
1033,-0.3957263864235997
1034,-0.44213059305996066
1035,-0.23713616746043512
1036,-0.48597731121794335
1037,-0.45372297304873127
1038,-0.46579976280004837
1039,-0.2918106727556893
1040,-0.48517515651654686
1041,-0.4799597773897101
1042,-0.4869057777512498
1043,-0.4804286722360631
1044,-0.3289689567202282
1045,-0.48749159821304466
1046,-0.41066387101639723
1047,-0.4663643364442901
1048,-0.44060673056265315
1049,-0.45898950105968017
1050,-0.4268121502993511
1051,-0.43738512344754327
1052,-0.45063669070567103
1053,-0.4197599905218342
1054,-0.43683601840338376
1055,-0.46690058631399667
1056,-0.4757015526099053
1057,-0.4442852645451746
1058,-0.4703169304117587
1059,-0.4615504196269375
1060,-0.4856351283230664
1061,-0.3480735318369936
1062,-0.35827539987075147
1063,-0.4600219961767649
1064,-0.48601847224432937
1065,-0.4513520607178417
1066,-0.4463046022611151
1067,-0.4540570229980725
1068,-0.485182831666369
1069,-0.45813276518003476
1070,-0.4871421214867274
1071,-0.4571800213603512
1072,-0.3771123224108969
1073,-0.45101540490623554
1074,-0.4625283408199673
1075,-0.42218038752163417
1076,-0.43088476269743514
1077,-0.46651824777339496
1078,-0.48612704562250153
1079,-0.481601483619894
1080,-0.39395761950588176
1081,-0.431935358227666
1082,-0.48421267131991597
1083,-0.354112995123755
1084,-0.4166462287484306
1085,-0.48587574993937593
1086,-0.4558974964584293
1087,-0.48725356201762227
1088,-0.4269443826173649
1089,-0.4768615278052078
1090,-0.4877396151634645
1091,-0.38993080078315173
1092,-0.48577210194104503
1093,-0.4756784755722663
1094,-0.3685019698626819
1095,-0.4506496550134782
1096,-0.40685369104427943
1097,-0.3670643077611028
1098,-0.4576517168451355
1099,-0.4862988996323698
1100,-0.4810801819176984
1101,-0.4330348570219097
1102,-0.487553099229012
1103,-0.4325667625969859
1104,-0.3894421863138993
1105,-0.4764990398758525
1106,-0.4861081625396454
1107,-0.47063727008447953
1108,-0.40453960008147827
1109,-0.477227372976396
1110,-0.48654996303240516
1111,-0.4831484795818348
1112,-0.4756547211536338
1113,-0.4485875173517656
1114,-0.4764916029239349
1115,-0.4485698147376223
1116,-0.45043749777475095
1117,-0.4849214927777579
1118,-0.4844852031740422
1119,-0.318755263080425
1120,-0.48604619115425685
1121,-0.48464482741149484
1122,-0.48811130378863155
1123,-0.4574246331738425
1124,-0.46696714706434583
1125,-0.45143471925826834
1126,-0.4783840770137875
1127,-0.3911174998543097
1128,-0.48661679196821866
1129,-0.40806843467818654
1130,-0.4704910559860327
1131,-0.44815049165446375
1132,-0.46655993670843454
1133,-0.41206103973816094
1134,-0.47923548022629264
1135,-0.46702889651484675
1136,-0.4680652562816334
1137,-0.4847586480507131
1138,-0.4675315264692865
1139,-0.4790941148819997
1140,-0.47262578496079827
1141,-0.43249277819704635
1142,-0.4480695143975907
1143,-0.48191601245043525
1144,-0.45003164670069257
1145,-0.44543767013176655
1146,-0.4519917393225191
1147,-0.46513416586201034
1148,-0.3574708443883028
1149,-0.4712444776991017
1150,-0.479529935114749
1151,-0.4834992672038014
1152,-0.45259510976962636
1153,-0.4857838399154353
1154,-0.3548980408196862
1155,-0.4709361933517078
1156,-0.4597662194438406
1157,-0.48579237373605844
1158,-0.48191583532929794
1159,-0.35243794165679676
1160,-0.3948206098762097
1161,-0.4065783768513018
1162,-0.46915124945352976
1163,-0.4262316998976048
1164,-0.4714099440432223
1165,-0.4761094693877445
1166,-0.485760117679829
1167,-0.4564292887120063
1168,-0.40781705379406047
1169,-0.4832009194153112
1170,-0.43961713775698846
1171,-0.47085205199156843
1172,-0.4606718785445986
1173,-0.4832676525186423
1174,-0.48342228529651826
1175,-0.45867563024594143
1176,-0.45961933696485013
1177,-0.4594674238774776
1178,-0.4850085744555761
1179,-0.48493955994616716
1180,-0.48532231361385014
1181,-0.45285821466913206
1182,-0.4250407360697064
1183,-0.4756657558237281
1184,-0.428868513137914
1185,-0.4745089668905888
1186,-0.4692364062498826
1187,-0.4721061556341867
1188,-0.48618207573654687
1189,-0.48516475335813214
1190,-0.3182623419093147
1191,-0.46964101403352987
1192,-0.48607540992419657
1193,-0.46081595071788617
1194,-0.46856596506316056
1195,-0.4865285928521348
1196,-0.4847001373066069
1197,-0.4876755023700306
1198,-0.4722137926820464
1199,-0.4874081436870804
1200,-0.48667239955476793
1201,-0.4844107818805325
1202,-0.4595687687783626
1203,-0.4825027020221618
1204,-0.3656732073651086
1205,-0.2445318368722569
1206,-0.48802135602175667
1207,-0.4384410517869045
1208,-0.23473984820221103
1209,-0.3297854884517091
1210,-0.48743026783626353
1211,-0.4610241997626118
1212,-0.4237597285163025
1213,-0.3837984967905203
1214,-0.4443979319229602
1215,-0.4842478831231581
1216,-0.44615164175129
1217,-0.3895858391127041
1218,-0.4723276231709169
1219,-0.4414009704189737
1220,-0.4509008826216765
1221,-0.470750727129776
1222,-0.3606886792452413
1223,-0.4224876102936394
1224,-0.47760775535126776
1225,-0.38589788596559127
1226,-0.4375191117309888
1227,-0.3768974751671354
1228,-0.4121407199319705
1229,-0.38075290069083273
1230,-0.48135870412121723
1231,-0.46699559493296616
1232,-0.4053795991352952
1233,-0.44699692342356195
1234,-0.4032343981390735
1235,-0.3821866596657762
1236,-0.4845664804861775
1237,-0.4391023985425492
1238,-0.46637367447230477
1239,-0.4372054021500084
1240,-0.48164259773164886
1241,-0.4514139711434735
1242,-0.468327179442085
1243,-0.3908634307303817
1244,-0.44479471528940434
1245,-0.4118563166497328
1246,-0.3908983202648356
1247,-0.3882484376506345
1248,-0.4797951752234557
1249,-0.47622454149932203
1250,-0.4106155369041999
1251,-0.45609082464656125
1252,-0.4306937468275511
1253,-0.42977379012413014
1254,-0.46307878729392493
1255,-0.4864454055368324
1256,-0.45129366493619966
1257,-0.46312964484934255
1258,-0.481872799786353
1259,-0.4203774607974416
1260,-0.4880280941996057
1261,-0.4145363340029069
1262,-0.44364736678457134
1263,-0.4298786885943455
1264,-0.4413358016250111
1265,-0.4687251209873443
1266,-0.4777702107003749
1267,-0.4035567524821693
1268,-0.45233611936774976
1269,-0.46137725865547013
1270,-0.4743650279252471
1271,-0.3049006663739272
1272,-0.48648246949145685
1273,-0.4837645432725382
1274,-0.4055338563245282
1275,-0.4389156687127618
1276,-0.3768065236833626
1277,-0.4860415796526533
1278,-0.4809911216450099
1279,-0.4788804865059926
1280,-0.4391410528611327
1281,-0.47802254840795244
1282,-0.484445549551405
1283,-0.4437646867148251
1284,-0.4584941083314569
1285,-0.4817630312134392
1286,-0.4856673521868823
1287,-0.4727175564814069
1288,-0.4769584440731802
1289,-0.42532156592656567
1290,-0.37564569280266075
1291,-0.3025681662640324
1292,-0.38730627451127586
1293,-0.48605772990345275
1294,-0.4374221486248404
1295,-0.40968304590514015
1296,-0.4721061843637136
1297,-0.4423750879434124
1298,-0.4193136457972118
1299,-0.4007289210543889
1300,-0.4754671059799558
1301,-0.4553946153255659
1302,-0.42209823179800665
1303,-0.43342813719144413
1304,-0.48390595428537
1305,-0.3518588414902367
1306,-0.25282097892804783
1307,-0.4467163410796912
1308,-0.3618874624672149
1309,-0.35705255115674644
1310,-0.2972746374200834
1311,-0.4802114339410355
1312,-0.48553419870487985
1313,-0.4739062690445967
1314,-0.4866372457045757
1315,-0.3671638060042798
1316,-0.47047342853642243
1317,-0.3987694300760608
1318,-0.45336703752457425
1319,-0.38597743937444184
1320,-0.3302249097767726
1321,-0.4682180231093834
1322,-0.407165776385014
1323,-0.4435459607005127
1324,-0.4722796294241652
1325,-0.47356798383916515
1326,-0.47430510049508495
1327,-0.31272116685617385
1328,-0.47707095141170897
1329,-0.3290367820564309
1330,-0.36945618940764396
1331,-0.43891492037947866
1332,-0.4833198476353697
1333,-0.38016051738831114
1334,-0.4406767053088573
1335,-0.2540796358581304
1336,-0.47266376611219757
1337,-0.47292644380049215
1338,-0.47059283764673615
1339,-0.44815798682033126
1340,-0.40983981819475024
1341,-0.47838911355580777
1342,-0.3723540054127665
1343,-0.44567360951619994
1344,-0.44376651047153143
1345,-0.34296581800465814
1346,-0.39340481616500605
1347,-0.4638154074672593
1348,-0.41320144331429415
1349,-0.41623865980629665
1350,-0.3761219632581523
1351,-0.4858187572848659
1352,-0.4748751209920056
1353,-0.48513892211076115
1354,-0.38687768698660524
1355,-0.48482467411394703
1356,-0.4777725876260034
1357,-0.43285468407953154
1358,-0.4662361912856792
1359,-0.45492162551169285
1360,-0.41036629883861875
1361,-0.44851451974366113
1362,-0.1965372266570572
1363,-0.47699281846083824
1364,-0.3368878162374678
1365,-0.4498630366185734
1366,-0.4667717550572533
1367,-0.4429554202768133
1368,-0.47417261040527403
1369,-0.4299278129956962
1370,-0.37301124580900463
1371,-0.4472384191781562
1372,-0.3728891707965889
1373,-0.46227599414300447
1374,-0.4214534753054101
1375,-0.47477567866693393
1376,-0.3855503890316958
1377,-0.4756540935422911
1378,-0.4335940260224869
1379,-0.4172642222799376
1380,-0.34537864754065845
1381,-0.41050390197054787
1382,-0.34195016756367214
1383,-0.485590633166241
1384,-0.4233723271579445
1385,-0.3245513530252852
1386,-0.44620107865278524
1387,-0.4714220832572363
1388,-0.4560188157390982
1389,-0.477854548812667
1390,-0.46904357829899546
1391,-0.4267634863957538
1392,-0.45858014817568526
1393,-0.39484489389896016
1394,-0.4185541955268738
1395,-0.46561036428483654
1396,-0.4597563739941677
1397,-0.46818502918693783
1398,-0.4854880606561057
1399,-0.4761266185288088
1400,-0.46580581080338657
1401,-0.48671493120066356
1402,-0.448289255278003
1403,-0.41340971671212945
1404,-0.4444530328482751
1405,-0.48321071660445464
1406,-0.4563886333095874
1407,-0.4745535549081301
1408,-0.38944055200621513
1409,-0.38374484538475795
1410,-0.43784326738426227
1411,-0.4498960646168987
1412,-0.43280251619286175
1413,-0.48352169072089085
1414,-0.4050230819797102
1415,-0.30149055878694936
1416,-0.3241393966180077
1417,-0.40235846635903044
1418,-0.36560706903896706
1419,-0.4590160381052619
1420,-0.4737646329146228
1421,-0.43334658215445715
1422,-0.4850309778523563
1423,-0.4515498548615232
1424,-0.46111138110354966
1425,-0.4670526472576348
1426,-0.46305705738671893
1427,-0.3391087145303266
1428,-0.4560642478699451
1429,-0.30156855242720115
1430,-0.4157933749256638
1431,-0.3270980057439836
1432,-0.4807277389248858
1433,-0.3789656735274507
1434,-0.3878111590588111
1435,-0.25590384990012693
1436,-0.4416159854533773
1437,-0.4367074129477586
1438,-0.2975234472460759
1439,-0.4819772584970472
1440,-0.46463156486297463
1441,-0.48324891401145215
1442,-0.40017763974898735
1443,-0.4098140124275395
1444,-0.4719886008734368
1445,-0.46956022833412786
1446,-0.46962837709661276
1447,-0.45952261081855916
1448,-0.46533064972864485
1449,-0.39335422559177347
1450,-0.4286505806528584
1451,-0.47990327041173436
1452,-0.48250379564424145
1453,-0.3561349681308995
1454,-0.28972856486497495
1455,-0.46470502415772136
1456,-0.4288235612866474
1457,-0.47375196949062975
1458,-0.46384581121248997
1459,-0.36729612903846964
1460,-0.3729145484980071
1461,-0.30823151597474596
1462,-0.3406865742415394
1463,-0.4095533935789809
1464,-0.4389762349901487
1465,-0.3852605135192132
1466,-0.43192124001971915
1467,-0.4616641982269584
1468,-0.4498772158042092
1469,-0.40466619651684976
1470,-0.4121697224801961
1471,-0.4842080217845399
1472,-0.37251472999916974
1473,-0.4850882293019385
1474,-0.4639541065094653
1475,-0.4486227133718888
1476,-0.3430628396723978
1477,-0.4205578532993658
1478,-0.4227501861900237
1479,-0.3716683496728908
1480,-0.39570760387193266
1481,-0.38116429930169676
1482,-0.4460629498304543
1483,-0.42383826364468136
1484,-0.47158533829394184
1485,-0.45606871726655973
1486,-0.4119019632391925
1487,-0.3874902601411293
1488,-0.1576189734633091
1489,-0.3457059238189511
1490,-0.3721829679471951
1491,-0.31820275483423693
1492,-0.4310622751946653
1493,-0.4600244619147526
1494,-0.4501093307916327
1495,-0.3845801772816474
1496,-0.4383859879502525
1497,-0.4522415275908078
1498,-0.48181370682362806
1499,-0.40672307381120076
1500,-0.4023470326565173
1501,-0.43058321949780287
1502,-0.4654577228737379
1503,-0.4657817191946163
1504,-0.3476479291658047
1505,-0.4682843417684824
1506,-0.4801448167418177
1507,-0.48587461053887054
1508,-0.33572002730270045
1509,-0.4365529485805135
1510,-0.4469298780801596
1511,-0.411998161918601
1512,-0.4560326107427373
1513,-0.4259369015662003
1514,-0.3196020898326917
1515,-0.4835268247084875
1516,-0.3679336099107356
1517,-0.39700021155762133
1518,-0.4182579675255674
1519,-0.3754795690559529
1520,-0.44882826672747456
1521,-0.4812426615102162
1522,-0.4467134879003628
1523,-0.439325330869684
1524,-0.4391219531981775
1525,-0.4845364222149979
1526,-0.4036357738232572
1527,-0.44063809165282447
1528,-0.4600852504322036
1529,-0.40199281676291215
1530,-0.45418762257955886
1531,-0.42549247294006504
1532,-0.3448293528399693
1533,-0.45451867471752355
1534,-0.4850054780542058
1535,-0.38191806625518737
1536,-0.4788046410602832
1537,-0.473497995925767
1538,-0.3925094882621031
1539,-0.42992620219547456
1540,-0.3652450115315582
1541,-0.3592815730159077
1542,-0.46959392502848607
1543,-0.48312740052721576
1544,-0.4851069801796707
1545,-0.43568598559803823
1546,-0.4142148628988219
1547,-0.43502898377865484
1548,-0.37789586086985244
1549,-0.31935542746010515
1550,-0.41475201589692934
1551,-0.48295355089401987
1552,-0.40418182610451064
1553,-0.43489368636051917
1554,-0.4625462736327407
1555,-0.44580778053162085
1556,-0.4858591582394201
1557,-0.4701800066915403
1558,-0.4638895963293782
1559,-0.36489259972400667
1560,-0.46132212183498883
1561,-0.3208175518330637
1562,-0.4501906416218402
1563,-0.4068929607801047
1564,-0.47579570518663233
1565,-0.4708845844137095
1566,-0.46855741063506334
1567,-0.43483852421748703
1568,-0.3218524406482585
1569,-0.36879604278261774
1570,-0.45314302910229776
1571,-0.46159032053076343
1572,-0.4664676339494539
1573,-0.3549545940349628
1574,-0.42372683215375145
1575,-0.4370655014562727
1576,-0.48031489608739364
1577,-0.468020086776777
1578,-0.31146118831425357
1579,-0.4240823794488927
1580,-0.4675205040733582
1581,-0.3774965318940768
1582,-0.4092089419700875
1583,-0.456308481574886
1584,-0.40572737919329316
1585,-0.4707781070720755
1586,-0.4220417499040224
1587,-0.40377978540525955
1588,-0.3800125111391892
1589,-0.3757208890274424
1590,-0.4829136840576378
1591,-0.3808829922957027
1592,-0.3057388449152476
1593,-0.47852298997797166
1594,-0.4017837232139209
1595,-0.37309491182962784
1596,-0.32347411951118343
1597,-0.455154999302131
1598,-0.27078204195808825
1599,-0.432540260571689
1600,-0.42964150699785886
1601,-0.360288727890697
1602,-0.4850524220331379
1603,-0.47969239333812846
1604,-0.37535779742041836
1605,-0.4282592403565814
1606,-0.3676659413724245
1607,-0.4737493818922061
1608,-0.370917973111989
1609,-0.4169804316882771
1610,-0.43743588123748645
1611,-0.4717279692159037
1612,-0.4801592047099792
1613,-0.43771928718578806
1614,-0.3513364579417087
1615,-0.4861718271894649
1616,-0.3103155493430637
1617,-0.2971587845988358
1618,-0.40833922080552093
1619,-0.4584012691321749
1620,-0.43441295330708984
1621,-0.40659642946685876
1622,-0.4101066852700194
1623,-0.44427105481509727
1624,-0.4539790792996173
1625,-0.475643811620792
1626,-0.47679388869593775
1627,-0.40167702092320007
1628,-0.4690058806013455
1629,-0.45193893854945155
1630,-0.41951622519327747
1631,-0.29151566415389574
1632,-0.4820463975853528
1633,-0.39981657832455997
1634,-0.38096752879970136
1635,-0.44203854154022476
1636,-0.47068960465500115
1637,-0.3921955557213551
1638,-0.3165320090302519
1639,-0.4417563267817175
1640,-0.36708101797292
1641,-0.41973099596480534
1642,-0.3782704657002117
1643,-0.4470819214704312
1644,-0.2418748345804355
1645,-0.3674252033841051
1646,-0.40479735093603414
1647,-0.47972498075339154
1648,-0.4411633173220701
1649,-0.4145954752943931
1650,-0.4301172615161996
1651,-0.3458143717077222
1652,-0.341375520848893
1653,-0.4321086486420332
1654,-0.43020170331761837
1655,-0.3980168035540458
1656,-0.48332155342732724
1657,-0.46166686390050116
1658,-0.436946249929882
1659,-0.4619019024870484
1660,-0.46237766428959587
1661,-0.4339270051783189
1662,-0.4691702316525935
1663,-0.4836011439073278
1664,-0.39131939342527633
1665,-0.39201147969742284
1666,-0.471800504208331
1667,-0.37666796520513945
1668,-0.37417034905270524
1669,-0.40464398176826366
1670,-0.4157943604508999
1671,-0.4873774020390811
1672,-0.43342854072938664
1673,-0.4543728675790699
1674,-0.3918456725111789
1675,-0.45039975475564625
1676,-0.4451625224368492
1677,-0.46161463963028876
1678,-0.40889319119522416
1679,-0.35371839441502434
1680,-0.4039891278484854
1681,-0.3781359710257256
1682,-0.36978168359201413
1683,-0.42999961144067633
1684,-0.40705061011982
1685,-0.3248497098394843
1686,-0.4345420929732908
1687,-0.46609873833512805
1688,-0.48628425733372554
1689,-0.46446087365076727
1690,-0.40435497520369973
1691,-0.3763837049448674
1692,-0.41994894463292365
1693,-0.3943391405465736
1694,-0.4269878978695916
1695,-0.3808959248041433
1696,-0.36589829850763544
1697,-0.37408369764601956
1698,-0.45647335125352073
1699,-0.45637139678422345
1700,-0.3397056433273655
1701,-0.4461837906419139
1702,-0.444729958281165
1703,-0.3726703566403668
1704,-0.3918327255926587
1705,-0.46813696173829483
1706,-0.44160833600802285
1707,-0.3874519450743979
1708,-0.36931322173318293
1709,-0.4506455218210352
1710,-0.46597219377940646
1711,-0.40429848187891104
1712,-0.3484519061743371
1713,-0.3830722773640103
1714,-0.37771332952182335
1715,-0.48410536677365495
1716,-0.3647761820411876
1717,-0.45925585780543066
1718,-0.30844124520564387
1719,-0.3102162375205452
1720,-0.4701166701789918
1721,-0.30857141514012604
1722,-0.3954543778256192
1723,-0.48274804239631824
1724,-0.48337666676339675
1725,-0.4533096235877277
1726,-0.41908986905797574
1727,-0.4289489221245301
1728,-0.36746440770490796
1729,-0.4310842073134322
1730,-0.4647848062147875
1731,-0.4490247423709845
1732,-0.4245549578290565
1733,-0.47820964698561885
1734,-0.4377529645887148
1735,-0.2496362312776108
1736,-0.34151597697775077
1737,-0.39474695680777067
1738,-0.48358494711032474
1739,-0.39014195091354525
1740,-0.47336530472833677
1741,-0.44890635310687943
1742,-0.2847480682596651
1743,-0.37885986460782295
1744,-0.4851760799769659
1745,-0.4418887458429488
1746,-0.45291483244881175
1747,-0.4853477153656104
1748,-0.3879794522177422
1749,-0.47940163020754384
1750,-0.3450479890724398
1751,-0.44686470189730876
1752,-0.42310627200264805
1753,-0.4052519025593726
1754,-0.4724309047607597
1755,-0.4260860149369223
1756,-0.45135218191532084
1757,-0.43131399565347406
1758,-0.48115771975404015
1759,-0.43019678553113533
1760,-0.4531426299439427
1761,-0.34218967436862
1762,-0.39531572043697905
1763,-0.3386441489957276
1764,-0.36928120529155123
1765,-0.38041340834874654
1766,-0.44666575775834116
1767,-0.4390676866285203
1768,-0.388232299262318
1769,-0.4530389677568508
1770,-0.4864373128880597
1771,-0.4158303465065301
1772,-0.34008018871046547
1773,-0.42819756215216054
1774,-0.4859124000643898
1775,-0.39283372203595546
1776,-0.42484527644961384
1777,-0.32170033094453665
1778,-0.46322791810781555
1779,-0.3992375480685269
1780,-0.4251914923120341
1781,-0.45913991951937305
1782,-0.3410471734245818
1783,-0.4661988023718837
1784,-0.44736680389372613
1785,-0.4512398966442469
1786,-0.41298408158008115
1787,-0.3033878069694885
1788,-0.45828204095487796
1789,-0.42481278653742877
1790,-0.46222124951927573
1791,-0.44014657795299245
1792,-0.4496079231549098
1793,-0.4413547659807126
1794,-0.47206129700035776
1795,-0.4008314154516318
1796,-0.3796530789112063
1797,-0.35183106294823807
1798,-0.31033221915343495
1799,-0.3680055294059112
1800,-0.31022091742010677
1801,-0.4630968005849467
1802,-0.38258454973727535
1803,-0.3397698451299889
1804,-0.38060333263139967
1805,-0.46490096666319386
1806,-0.39965866750877393
1807,-0.4656267608762406
1808,-0.37486638137814093
1809,-0.379279472751005
1810,-0.48461043623097216
1811,-0.3183392467237712
1812,-0.3759934887333684
1813,-0.34914619757295523
1814,-0.39515147023324176
1815,-0.36916860092051834
1816,-0.4514625363178039
1817,-0.37967661920831347
1818,-0.289081383321366
1819,-0.3987661172385078
1820,-0.3192748167561093
1821,-0.357059821358859
1822,-0.44542264233171
1823,-0.43537933017820185
1824,-0.35918674642183546
1825,-0.4626887353452072
1826,-0.3423643610012074
1827,-0.33488767379489065
1828,-0.4130991164346322
1829,-0.4080151206306203
1830,-0.43845051426166287
1831,-0.4559524709992259
1832,-0.4384628002534389
1833,-0.4663375984786824
1834,-0.3483934239442906
1835,-0.34215380542663115
1836,-0.4583391123963936
1837,-0.45675118940576054
1838,-0.4332241670775094
1839,-0.4581378707275196
1840,-0.41186030593941064
1841,-0.4037148679106562
1842,-0.45660091537766084
1843,-0.42172164919526883
1844,-0.30649392237333734
1845,-0.3112111733116731
1846,-0.34537363552505995
1847,-0.43085896760374315
1848,-0.3519487374252304
1849,-0.44286523547914236
1850,-0.4572268991364039
1851,-0.45190238292267637
1852,-0.3505506129073195
1853,-0.46078101769536156
1854,-0.48809665622743587
1855,-0.3930881610854287
1856,-0.33656537298803
1857,-0.4179684053786151
1858,-0.38182306760340223
1859,-0.38836118462170627
1860,-0.4015646627719948
1861,-0.41835974725119984
1862,-0.38406764181464154
1863,-0.3465727370770449
1864,-0.3952321708317873
1865,-0.41696285303777747
1866,-0.4383481046103691
1867,-0.4473579074519247
1868,-0.4713630681845402
1869,-0.3519323801484579
1870,-0.44604086054399056
1871,-0.46227317076524865
1872,-0.30557352484458206
1873,-0.3706808690352191
1874,-0.29949065453671525
1875,-0.41566571575589095
1876,-0.27548097733288207
1877,-0.28968403372536916
1878,-0.448120467204542
1879,-0.303146132807568
1880,-0.29210945084782547
1881,-0.4207027349680234
1882,-0.4799932605032478
1883,-0.38560611110772963
1884,-0.34229787031977227
1885,-0.3332425487504361
1886,-0.45849829786631296
1887,-0.4867319090937633
1888,-0.4689926615204151
1889,-0.4023375723794245
1890,-0.39416916644372835
1891,-0.42401430218305847
1892,-0.29440230131795064
1893,-0.35455953543775065
1894,-0.32480980957404004
1895,-0.3988642785907542
1896,-0.399480362674118
1897,-0.4380359567390899
1898,-0.35193750739623025
1899,-0.4003613867174682
1900,-0.47090549698050777
1901,-0.3784773202712369
1902,-0.4166348987047309
1903,-0.2865254094321779
1904,-0.45520329766987944
1905,-0.4628842479302095
1906,-0.35178643594401704
1907,-0.40351830670013683
1908,-0.4637482102718804
1909,-0.450205791550843
1910,-0.3608818850493168
1911,-0.42613879240627894
1912,-0.2904207205050118
1913,-0.45522787585802793
1914,-0.48573548790760046
1915,-0.3290014686492678
1916,-0.416711029346704
1917,-0.3918862751078421
1918,-0.3153194634664214
1919,-0.4016428152680404
1920,-0.3374265664570664
1921,-0.45925307303940666
1922,-0.3909143464049278
1923,-0.3651379305309886
1924,-0.3686353301425311
1925,-0.39000379945574803
1926,-0.42447422136888235
1927,-0.39250609109214085
1928,-0.4038302516142257
1929,-0.47299619077458627
1930,-0.44900252127042317
1931,-0.44331811755180267
1932,-0.42320965181280285
1933,-0.46174201694922035
1934,-0.36286037812650995
1935,-0.4592685416844632
1936,-0.43500649283057863
1937,-0.3981112870800964
1938,-0.4517550151210876
1939,-0.3969372751222354
1940,-0.454891456553687
1941,-0.3419838587790496
1942,-0.3969067583943964
1943,-0.39641268546685005
1944,-0.42547690441386943
1945,-0.44348486713548596
1946,-0.4281796789204153
1947,-0.4270433288977276
1948,-0.3493159608007945
1949,-0.369482708920361
1950,-0.3659441851571571
1951,-0.38356544937735326
1952,-0.3598975441914417
1953,-0.26861792780946153
1954,-0.44441378961463873
1955,-0.40254662957176907
1956,-0.3988115502974237
1957,-0.34312500486576564
1958,-0.4216710862601833
1959,-0.3940510911896919
1960,-0.3725940978253752
1961,-0.4836448753211996
1962,-0.4659307384366682
1963,-0.44751112192633163
1964,-0.4850265163216339
1965,-0.4590603168121418
1966,-0.45539663480928855
1967,-0.47743520495961045
1968,-0.4611915854583458
1969,-0.38619743749997604
1970,-0.4537872803697921
1971,-0.35180959764197445
1972,-0.3175992584047693
1973,-0.4124588737292786
1974,-0.38331970516051117
1975,-0.4466662319421332
1976,-0.3462939865581742
1977,-0.33426486456809673
1978,-0.3435991102531891
1979,-0.4358237711663845
1980,-0.22728107201459502
1981,-0.42939936644123994
1982,-0.2962274686596192
1983,-0.48053900094980867
1984,-0.407656470572036
1985,-0.41735199273642454
1986,-0.37555548899588803
1987,-0.3622995841527701
1988,-0.3072403067642929
1989,-0.45482054831097
1990,-0.20463355541986455
1991,-0.30796712229029133
1992,-0.384831237747614
1993,-0.43427988140247853
1994,-0.4619513027236165
1995,-0.3515725940490996
1996,-0.3678401785601114
1997,-0.283206614137979
1998,-0.4418449565164059
1999,-0.4208240513489518
2000,-0.4380011743334686
