112,[-0.9567, 0.0653,-0.088 , 0.3825],[1.9521,1.289 ,0.5239,0.7488,1.1983],[-0.9548, 0.0686,-0.0908, 0.3947],0.2564
200,[-0.9599,-0.0031,-0.0011, 0.2816],[ 0.6074, 0.862 , 2.1381, 0.7337,-0.2395],[-0.9586,-0.001 ,-0.0051, 0.2914],0.2865
201,[-0.9604,-0.0434, 0.0716, 0.271 ],[-0.2767,-1.2861, 0.7852, 0.1816,-0.4629],[-0.9589,-0.0504, 0.0774, 0.2795],0.2538
202,[-0.9595, 0.042 ,-0.0693, 0.2911],[-0.3753, 1.8163,-0.6202,-0.1548,-0.7995],[-0.958 , 0.0486,-0.0755, 0.3001],0.2586
210,[-0.9572, 0.0686,-0.0185, 0.2811],[-0.7187,-1.4691, 0.7034,-0.7553,-0.8339],[-0.9561, 0.054 ,-0.0099, 0.2947],0.2808
212,[-0.9598, 0.1095,-0.1171, 0.2861],[0.2494,3.4524,0.8788,2.5268,0.0781],[-0.9585, 0.1075,-0.112 , 0.2977],0.2186
220,[-0.9645,-0.0608, 0.0476, 0.283 ],[-0.4888, 0.0416,-1.1615,-0.661 ,-0.7329],[-0.9633,-0.0539, 0.0405, 0.2968],0.2504
221,[-0.959 ,-0.0896, 0.1047, 0.2804],[0.8384,0.0869,2.5111,2.4938,0.2698],[-0.9576,-0.091 , 0.1055, 0.2902],0.2308
223,[-0.9584,-0.1465, 0.1676, 0.2577],[ 0.1635,-0.3675, 2.2036,-0.2677, 0.0473],[-0.9569,-0.1474, 0.1659, 0.2714],0.1857
232,[-0.9587, 0.1727,-0.1601, 0.2718],[-0.1506,-0.7325, 1.1033,-0.225 ,-0.4071],[-0.958 , 0.1622,-0.1411, 0.2854],0.186
234,[-0.9629, 0.1939,-0.2058, 0.2746],[ 0.4278, 2.1753,-0.1724, 0.5657, 0.5331],[-0.9617, 0.1899,-0.1965, 0.2767],0.1407
243,[-0.9581,-0.186 , 0.2041, 0.2702],[ 1.754 ,-0.0294, 0.6136, 2.3488, 0.1097],[-0.9566,-0.1854, 0.2039, 0.2821],0.156
300,[-0.9607,-0.0019, 0.0035, 0.1699],[-0.6702,-1.484 ,-1.1507, 0.9105,-2.3338],[-0.9599,-0.0027, 0.0051, 0.1815],0.2797
301,[-0.9602,-0.0413, 0.0745, 0.1775],[-1.5297,-2.1539,-0.148 ,-1.1492,-2.0958],[-0.9591,-0.0506, 0.082 , 0.1876],0.2511
302,[-0.9618, 0.0431,-0.0708, 0.1704],[-2.3011,-1.1367,-2.6807,-2.1035,-2.4883],[-0.9608, 0.0513,-0.0778, 0.1811],0.2465
310,[-0.9615, 0.0689,-0.0345, 0.1744],[-2.1222,-2.405 ,-0.0583,-2.3634,-2.2187],[-0.9609, 0.0547,-0.0163, 0.1856],0.2658
312,[-0.9625, 0.0958,-0.106 , 0.1779],[-0.3523, 0.2806,-1.7587, 1.5082,-1.7524],[-0.9616, 0.096 ,-0.1031, 0.1893],0.2155
314,[-0.973 , 0.1501,-0.1905, 0.1387],[-0.2355, 0.8865,-1.251 ,-0.2891,-0.9822],[-0.9716, 0.1629,-0.1994, 0.1457],0.1193
320,[-0.9604,-0.067 , 0.0308, 0.1636],[-2.1859,-0.677 ,-2.6357,-1.576 ,-2.1677],[-0.9598,-0.0535, 0.0166, 0.175 ],0.2711
321,[-0.9617,-0.0872, 0.0989, 0.1768],[ 1.2006,-0.616 , 1.5159, 2.7148,-0.3545],[-0.9608,-0.088 , 0.097 , 0.1894],0.2241
323,[-0.9633,-0.1467, 0.1878, 0.1711],[-1.0231,-1.4302, 1.243 , 0.0503,-1.0222],[-0.9618,-0.1555, 0.1936, 0.1852],0.1554
332,[-0.9596, 0.1871,-0.1314, 0.1797],[-1.6618,-1.9154, 0.1695,-0.9495,-1.6771],[-0.9599, 0.1672,-0.1096, 0.193 ],0.1903
334,[-0.9638, 0.2116,-0.2314, 0.1867],[ 0.5754, 1.1548,-1.2954, 2.0257,-0.7885],[-0.9627, 0.2116,-0.2272, 0.199 ],0.1169
343,[-0.9621,-0.1844, 0.2185, 0.1952],[ 0.6133,-1.3409, 0.8286, 0.8232,-1.0735],[-0.9606,-0.189 , 0.2218, 0.2058],0.1345
345,[-0.9581,-0.2229, 0.2974, 0.1564],[ 0.4197,-0.6007, 1.396 , 0.1837,-0.707 ],[-0.9549,-0.2359, 0.3201, 0.17  ],0.0932
400,[-0.9621,-0.0062, 0.0014, 0.0608],[ 0.5226, 2.6019, 1.514 ,10.7665,-0.9024],[-0.9618,-0.0052, 0.0026, 0.0749],0.2734
401,[-0.9617,-0.04  , 0.0726, 0.063 ],[-0.9681,-2.1087, 1.0948,-0.8797,-2.016 ],[-0.961 ,-0.0511, 0.084 , 0.0756],0.243
402,[-0.9628, 0.0374,-0.0716, 0.0577],[-1.2432,-0.2276,-2.4947,-1.4635,-2.8486],[-0.9622, 0.0489,-0.0808, 0.0706],0.2409
410,[-0.962 , 0.0702,-0.0355, 0.0653],[-1.5079,-1.9065, 0.6483,-1.6795,-2.376 ],[-0.9619, 0.0565,-0.02  , 0.0753],0.2621
412,[-0.9641, 0.095 ,-0.1025, 0.0625],[ 2.2163, 2.5122,-1.166 , 2.2933,-1.6683],[-0.9637, 0.0955,-0.0998, 0.075 ],0.2097
414,[-0.9633, 0.1428,-0.1911, 0.0522],[-0.6016,-0.2322,-1.4983, 1.6519,-1.3762],[-0.962 , 0.1568,-0.2023, 0.0624],0.1509
420,[-0.9618,-0.077 , 0.0299, 0.0521],[-2.1213,-0.4361,-2.3411,-1.1857,-2.5537],[-0.9618,-0.0596, 0.0134, 0.0638],0.2613
421,[-0.963 ,-0.0931, 0.0985, 0.0622],[ 0.262 , 0.219 , 3.3836, 5.5657,-0.2565],[-0.9626,-0.0932, 0.096 , 0.0752],0.216
422,[-0.98  ,-0.0836,-0.0633, 0.0151],[-0.5171,-0.0463,-1.1836,-0.4173,-0.3797],[-0.9794, 0.0073,-0.1421, 0.028 ],0.1725
423,[-0.9634,-0.1387, 0.1812, 0.0671],[-0.3994,-1.5582, 0.5534,-0.7406,-1.7144],[-0.9622,-0.1501, 0.1907, 0.0801],0.1573
432,[-0.9631, 0.1734,-0.1502, 0.0589],[-1.3621,-1.8919,-0.6377,-0.9572,-1.9285],[-0.9635, 0.1615,-0.13  , 0.0738],0.1726
434,[-0.966 , 0.195 ,-0.2153, 0.0607],[-0.5907, 0.6165,-1.6231, 1.2247,-1.5599],[-0.9653, 0.198 ,-0.2137, 0.0741],0.1194
436,[-0.9607, 0.2575,-0.3051, 0.0789],[ 0.118 , 1.5453,-0.3414, 0.9345,-0.724 ],[-0.9589, 0.2653,-0.3107, 0.0928],0.0732
440,[-0.9789,-0.1809, 0.0188, 0.0015],[-0.4809,-0.2321,-0.7756,-0.3227,-0.4344],[-0.98  ,-0.0836,-0.0633, 0.0151],0.1712
441,[-0.9632,-0.1841, 0.1315, 0.0487],[-1.713 ,-0.7869,-2.5402,-1.2489,-2.5217],[-0.964 ,-0.1629, 0.1087, 0.0612],0.1787
443,[-0.9619,-0.2273, 0.2113, 0.0498],[-0.9179,-1.5702, 0.1383, 0.8549,-1.8831],[-0.9622,-0.2194, 0.2007, 0.0639],0.1261
463,[-0.9624,-0.2958, 0.2478, 0.028 ],[-2.2593,-1.6571,-2.2207,-1.8502,-2.7444],[-0.9641,-0.28  , 0.2211, 0.0411],0.0883
465,[-0.9758,-0.2847, 0.282 , 0.0092],[-1.1606,-1.8915,-0.5829,-0.0809,-2.3954],[-0.9761,-0.2799, 0.27  , 0.0247],0.0357
500,[-0.963 ,-0.0144, 0.0045,-0.0586],[ 1.1967, 3.0364, 0.8084,17.0226,-0.6307],[-0.9632,-0.0116, 0.0045,-0.0433],0.2667
501,[-0.9612,-0.0356, 0.0722,-0.0494],[-1.4376,-1.8028, 0.8173,-0.9583,-2.243 ],[-0.9611,-0.0487, 0.0858,-0.0355],0.2432
502,[-0.9638, 0.0344,-0.0727,-0.0526],[-0.206 , 1.4124,-1.4167,-0.697 ,-1.814 ],[-0.9636, 0.0479,-0.0833,-0.0379],0.2352
510,[-0.9604, 0.0756,-0.0277,-0.056 ],[-1.1463,-1.9576, 0.8706,-0.1344,-1.8362],[-0.9609, 0.0595,-0.0125,-0.0427],0.264
512,[-0.9643, 0.1004,-0.1051,-0.0565],[ 0.5565, 0.5272,-0.959 , 5.4252,-1.3901],[-0.9645, 0.1024,-0.1054,-0.0416],0.2022
514,[-0.9617, 0.1494,-0.1783,-0.0555],[-0.2024, 1.3391,-1.0831, 0.7697,-1.2048],[-0.9613, 0.1584,-0.1846,-0.0401],0.1593
520,[-0.9611,-0.0764, 0.0266,-0.0679],[-0.488 , 4.1898,-1.0871, 0.028 ,-1.138 ],[-0.9616,-0.0591, 0.0106,-0.0552],0.2637
521,[-0.9625,-0.1044, 0.0995,-0.0618],[ 2.3378,-0.0495, 5.0224, 3.6248,-1.6425],[-0.9629,-0.1018, 0.0928,-0.0485],0.2128
523,[-0.958 ,-0.1464, 0.1773,-0.069 ],[-1.0967,-1.6532,-0.175 , 0.3438,-1.8313],[-0.9576,-0.1552, 0.1836,-0.0551],0.1731
532,[-0.9616, 0.1874,-0.136 ,-0.0409],[-1.1807,-1.3729, 0.0663,-0.8411,-1.071 ],[-0.9628, 0.1715,-0.1213,-0.0299],0.1743
534,[-0.9618, 0.208 ,-0.2151,-0.0602],[ 0.3374, 1.6358,-0.8629, 1.9888,-2.0863],[-0.9619, 0.2098,-0.2127,-0.0451],0.1259
536,[-9.6244e-01, 2.5963e-01,-2.8022e-01,-1.2668e-04],[ 1.5989, 0.819 ,-0.6878, 0.6141,-0.8366],[-0.9618, 0.2637,-0.2826, 0.0148],0.0769
541,[-0.9626,-0.19  , 0.1346,-0.0593],[-2.6613,-1.6892,-2.7221,-2.5205,-3.4734],[-0.9638,-0.1702, 0.1129,-0.0451],0.1745
543,[-0.9651,-0.2196, 0.2058,-0.0685],[-2.6679,-3.0437,-1.6663,-1.9097,-4.1028],[-0.9658,-0.2151, 0.1976,-0.0569],0.118
545,[-0.975 ,-0.268 , 0.2883,-0.0572],[-0.7776,-0.3791, 0.3608, 0.3442,-0.9468],[-0.9745,-0.2759, 0.2927,-0.0426],0.033
556,[-0.9575, 0.2944,-0.3266,-0.0997],[ 0.3187, 0.2081,-1.4864, 1.807 ,-1.3362],[-0.9565, 0.3024,-0.334 ,-0.0843],0.0556
563,[-0.9663,-0.3037, 0.2408,-0.0562],[-2.9595,-2.5826,-2.937 ,-2.7248,-3.4872],[-0.9686,-0.2831, 0.2122,-0.0413],0.0773
565,[-0.9692,-0.2993, 0.2949,-0.0734],[-2.4459,-3.4057,-2.0159,-1.8592,-3.8168],[-0.9698,-0.299 , 0.2881,-0.0634],0.0386
585,[-0.9598,-0.4124, 0.2837,-0.0596],[-2.1257,-2.4104,-2.4876,-2.5464,-3.1864],[-0.9653,-0.3859, 0.2405,-0.0437],0.0356
600,[-0.9624,-0.0159, 0.0051,-0.1761],[-2.919 ,-1.7491,-3.1208,-1.0626,-4.2933],[-0.9631,-0.0128, 0.0041,-0.1617],0.2674
601,[-0.9606,-0.0428, 0.0671,-0.1766],[-0.9731,-1.3985, 0.4437,-0.0836,-1.8284],[-0.9611,-0.0531, 0.0779,-0.1622],0.2441
602,[-0.9615, 0.0328,-0.0804,-0.1914],[-0.2642, 1.3278,-1.3232, 0.393 ,-1.325 ],[-0.9618, 0.0505,-0.0959,-0.1761],0.2354
610,[-0.963 , 0.0828,-0.0318,-0.1667],[-1.0643,-1.3761, 0.327 ,-0.457 ,-2.2277],[-0.9639, 0.0662,-0.0164,-0.151 ],0.2469
612,[-0.9628, 0.0906,-0.1035,-0.1753],[-0.7846, 1.0775,-1.2067, 2.0125,-1.9471],[-0.9634, 0.0961,-0.1063,-0.1596],0.2079
614,[-0.9622, 0.1426,-0.1843,-0.1779],[ 0.2817, 2.2488, 0.3165, 0.5481,-1.393 ],[-0.9619, 0.1582,-0.1959,-0.1625],0.1528
620,[-0.9612,-0.0726, 0.0312,-0.1706],[-1.1682, 3.0754,-0.8103,-0.2247,-1.2573],[-0.9621,-0.0578, 0.0163,-0.1564],0.2617
621,[-0.9616,-0.1016, 0.0968,-0.184 ],[-1.6442,-1.2697, 3.0812, 1.5014,-3.3039],[-0.9624,-0.1002, 0.0914,-0.1695],0.2155
623,[-0.9619,-0.1531, 0.1726,-0.174 ],[-0.8441,-0.7587, 0.8112, 0.3911,-1.6875],[-0.9621,-0.1625, 0.1807,-0.1581],0.1569
632,[-0.9557, 0.1764,-0.0876,-0.1851],[-0.6382,-0.5052,-0.2335,-0.5649,-1.3858],[-0.9579, 0.147 ,-0.0459,-0.17  ],0.231
634,[-0.9611, 0.1933,-0.217 ,-0.1773],[-0.2018,-0.1328,-0.436 , 2.4975,-1.7096],[-0.961 , 0.203 ,-0.2242,-0.1613],0.1265
636,[-0.9594, 0.2487,-0.3019,-0.1775],[ 1.5809, 1.4115,-0.0315, 0.8052,-0.9809],[-0.9582, 0.2638,-0.3126,-0.1617],0.0751
641,[-0.9623,-0.1752, 0.1462,-0.1828],[-2.9762,-2.1105,-2.7404,-2.5566,-3.9414],[-0.9636,-0.1675, 0.1344,-0.1672],0.1681
643,[-0.9633,-0.2012, 0.2012,-0.1672],[-4.3814,-5.4146,-4.2509,-3.3374,-6.1622],[-0.9639,-0.2039, 0.2011,-0.1534],0.1266
645,[-0.9683,-0.2678, 0.2848,-0.1403],[ 0.3579,-0.4801, 1.9696, 0.142 ,-1.358 ],[-0.9682,-0.2762, 0.2908,-0.124 ],0.0507
663,[-0.9601,-0.2902, 0.2582,-0.1566],[-1.6374,-2.2216,-1.6854,-1.5301,-2.9084],[-0.9617,-0.2849, 0.2474,-0.1406],0.0826
665,[-0.9592,-0.3124, 0.3127,-0.1933],[-0.9502,-3.2151,-1.8619,-0.8299,-3.8826],[-0.9598,-0.3165, 0.3116,-0.1778],0.0498
700,[-0.9602,-0.0141, 0.0038,-0.2918],[-5.901 ,-5.2261,-6.8086,-4.8931,-7.1579],[-0.9614,-0.0108, 0.0012,-0.2769],0.2761
701,[-0.9601,-0.0499, 0.0612,-0.2799],[-0.8217,-0.9213,-0.2025, 0.5845,-1.8455],[-0.9611,-0.0561, 0.0683,-0.266 ],0.2469
702,[-0.9627, 0.0355,-0.0739,-0.299 ],[ 1.3202, 0.7084,-0.8025, 1.3257,-1.6167],[-0.9636, 0.0541,-0.0937,-0.2859],0.2287
710,[-0.9749, 0.0963,-0.0323,-0.2793],[-1.0607,-1.1796,-0.1111,-0.3889,-1.5268],[-0.9765, 0.0612, 0.0025,-0.2627],0.2103
712,[-0.9624, 0.0952,-0.1013,-0.2965],[-1.7343,-1.3056,-1.8458,-1.0887,-2.8338],[-0.9635, 0.0997,-0.1045,-0.2799],0.2066
714,[-0.961 , 0.1372,-0.1976,-0.2764],[-0.4114, 2.6637, 0.3933, 0.983 ,-1.303 ],[-0.9606, 0.1606,-0.2166,-0.2602],0.1479
720,[-0.961 ,-0.0661, 0.0414,-0.2985],[-1.4898,-0.148 ,-2.2577,-0.7389,-2.8544],[-0.9624,-0.0578, 0.031 ,-0.2867],0.2544
721,[-0.9598,-0.0989, 0.0993,-0.293 ],[ -9.2131, -8.9406, -8.5456, -8.3259,-11.2133],[-0.961 ,-0.1013, 0.0996,-0.2785],0.2168
723,[-0.9571,-0.1625, 0.1721,-0.292 ],[ 0.2829,-0.8893, 0.2466, 1.7574,-1.192 ],[-0.958 ,-0.1689, 0.1752,-0.2751],0.1696
732,[-0.9654, 0.1822,-0.1384,-0.3497],[-1.2875,-0.6297,-0.4143,-0.9079,-1.3997],[-0.9677, 0.1707,-0.1244,-0.3331],0.1569
734,[-0.9578, 0.1714,-0.1919,-0.2592],[-1.4938,-0.0911,-0.5566, 0.7538,-2.4178],[-0.9583, 0.1812,-0.1995,-0.2422],0.1539
741,[-0.9612,-0.1732, 0.1538,-0.2876],[-2.4085,-2.2392,-2.2184,-1.8413,-3.2985],[-0.9628,-0.1699, 0.1455,-0.2715],0.1652
743,[-0.9611,-0.2036, 0.2079,-0.3144],[-6.0679,-7.5409,-5.5092,-5.6541,-7.9515],[-0.9621,-0.21  , 0.2111,-0.2985],0.1256
745,[-0.9588,-0.2657, 0.2919,-0.2769],[ 1.9204,-0.378 , 2.1322, 0.8278,-0.8652],[-0.9587,-0.2778, 0.3008,-0.2637],0.0727
765,[-0.9587,-0.2836, 0.3048,-0.2573],[ 0.1368,-1.4478,-0.6463, 1.0988,-2.6534],[-0.9587,-0.2938, 0.3108,-0.2451],0.0622
800,[-0.9591,-0.0121, 0.0123,-0.4138],[-10.1084, -9.7113, -9.9635,-10.4921,-11.4338],[-0.9608,-0.0114, 0.0084,-0.3974],0.283
801,[-0.957 ,-0.0527, 0.0679,-0.3788],[-0.4856,-1.2538,-0.5934,-0.3686,-1.5135],[-0.9584,-0.0607, 0.077 ,-0.3613],0.2515
812,[-0.9595, 0.0751,-0.0684,-0.4152],[-2.9532,-2.754 ,-2.4518,-2.5114,-4.3113],[-0.9613, 0.0758,-0.0689,-0.398 ],0.2381
820,[-0.9577,-0.0625, 0.0427,-0.3901],[-1.7134,-1.056 ,-2.703 ,-2.2025,-3.3544],[-0.9595,-0.0564, 0.0337,-0.3736],0.2661
821,[-0.9572,-0.0987, 0.1119,-0.4015],[-15.4569,-15.7326,-15.0824,-14.2046,-16.7284],[-0.9587,-0.1059, 0.1151,-0.3849],0.217
823,[-0.9567,-0.1491, 0.1791,-0.3924],[ 1.552 ,-0.0919, 1.24  , 0.8673,-1.0633],[-0.9575,-0.1632, 0.1894,-0.3766],0.1677
834,[-0.9587, 0.197 ,-0.1764,-0.4021],[-0.9796,-1.4244,-2.2023, 0.2777,-2.5674],[-0.9608, 0.1958,-0.1681,-0.3844],0.1524
843,[-0.9577,-0.1827, 0.1993,-0.3965],[ -8.9204, -9.3633, -8.4301, -7.853 ,-10.1367],[-0.9588,-0.1936, 0.2058,-0.3805],0.1447
1100,[-0.9371,-0.0155, 0.0148, 0.3908],[ 1.449 , 1.1027, 1.0598, 0.4642,10.6811],[-0.9355,-0.0154, 0.0161, 0.384 ],0.3683
1102,[-0.9302, 0.0226,-0.0778, 0.403 ],[ 0.3622, 3.9782,-0.5753,-0.1575, 0.4598],[-0.9281, 0.0296,-0.0794, 0.4074],0.3827
1110,[-0.9411, 0.0675,-0.0324, 0.3884],[ 0.3785,-0.5363, 2.6899,-0.4506, 0.9534],[-0.9396, 0.0595,-0.0293, 0.387 ],0.3476
1112,[-0.9393, 0.0893,-0.0969, 0.3881],[ 1.9759, 2.0572, 0.6696, 0.4854,10.7986],[-0.9376, 0.0874,-0.0904, 0.3841],0.3163
1120,[-0.9331,-0.0729, 0.0338, 0.3859],[ 0.903 , 3.5077,-0.9809,-0.0245, 2.5303],[-0.9316,-0.0636, 0.0233, 0.3885],0.3814
1121,[-0.9378,-0.0973, 0.0988, 0.3842],[ 1.036 , 1.0062, 3.5421, 0.4277,13.5174],[-0.9362,-0.094 , 0.0902, 0.3809],0.3194
1143,[-0.9427,-0.1701, 0.1781, 0.3839],[1.4935,0.3825,6.7395,0.535 ,1.967 ],[-0.9412,-0.1658, 0.1692, 0.3935],0.2324
1200,[-0.9301,-0.0287, 0.027 , 0.2803],[  1.8544,  3.1748,  1.6848,  1.1935,103.1658],[-0.9289,-0.0283, 0.0279, 0.2725],0.396
1201,[-0.9282,-0.0474, 0.0645, 0.2669],[ 5.8589e-01,-7.9482e-01, 4.2905e+01,-1.0850e-02, 1.6289e+00],[-0.9269,-0.0494, 0.0645, 0.2674],0.3856
1202,[-0.9416, 0.0449,-0.0671, 0.2853],[ 0.6919,12.3393,-0.6589,-0.6369, 1.2302],[-0.9402, 0.0482,-0.0679, 0.2855],0.3341
1210,[-0.9314, 0.0745,-0.0308, 0.3088],[-0.1966,-0.8321, 9.7325,-0.5915, 1.2312],[-0.9303, 0.0654,-0.0249, 0.3055],0.3856
1212,[-0.9396, 0.0925,-0.1028, 0.3158],[ 1.2158,37.7839, 0.3439, 1.4167, 3.3082],[-0.9381, 0.0915,-0.097 , 0.3197],0.3101
1214,[-0.9487, 0.1349,-0.1733, 0.3103],[12.8228, 1.2953,-0.8291, 0.0153, 0.9794],[-0.9468, 0.1385,-0.1721, 0.3229],0.2227
1220,[-0.9288,-0.0658, 0.0369, 0.2944],[ 0.1915,37.8428,-0.2395,-0.1749, 0.4079],[-0.9277,-0.06  , 0.0343, 0.2972],0.3949
1221,[-0.9334,-0.0808, 0.0885, 0.2895],[ 0.7509, 0.7698,92.3598, 0.9155, 2.2046],[-0.9321,-0.0799, 0.0833, 0.2946],0.3438
1230,[-0.9439, 0.196 ,-0.0392, 0.2709],[-0.2382,-1.3474, 0.1376,-0.803 ,-0.4265],[-0.9447, 0.163 ,-0.0255, 0.2839],0.2828
1232,[-0.9282, 0.1932,-0.1305, 0.2654],[-0.0122,-0.8358, 1.3019, 0.0997, 0.0209],[-0.9285, 0.1793,-0.1112, 0.2597],0.3021
1234,[-0.9262, 0.2353,-0.2297, 0.2704],[1.2494,1.4828,0.0655,0.9486,6.2201],[-0.9258, 0.2299,-0.2143, 0.2647],0.2386
1236,[-0.9237, 0.2581,-0.2864, 0.2618],[ 0.5609,12.7911,-0.6019,-0.3985, 2.604 ],[-0.9222, 0.2568,-0.2772, 0.27  ],0.209
1241,[-0.9241,-0.1892, 0.1281, 0.323 ],[ 0.3409, 6.2804, 0.0715,-0.0977, 2.0304],[-0.9242,-0.1754, 0.1012, 0.3151],0.327
1243,[-0.942 ,-0.1953, 0.2038, 0.3037],[ 0.9828, 0.0145,12.9773, 1.7254, 3.6455],[-0.9408,-0.1922, 0.1953, 0.3105],0.2115
1245,[-0.9295,-0.266 , 0.3024, 0.2925],[ 0.1383,-1.2013, 3.7552, 1.5361, 1.0484],[-0.9276,-0.2654, 0.2985, 0.2961],0.1767
1256,[-0.9136, 0.3194,-0.3523, 0.2809],[ 1.2328, 9.1098,-0.3224, 0.4189, 1.8097],[-0.9122, 0.317 ,-0.3392, 0.2935],0.1606
1300,[-0.9215,-0.0126, 0.0112, 0.1748],[  1.0829,131.3133,  1.9672,  1.0215,  1.718 ],[-0.9207,-0.0126, 0.0138, 0.1791],0.4316
1301,[-0.922 ,-0.0442, 0.0659, 0.1959],[  1.1248, -0.5507,139.6862,  0.739 ,  0.6304],[-0.921 ,-0.0471, 0.067 , 0.1971],0.4071
1302,[-0.9194, 0.0403,-0.0751, 0.1435],[8.1619e-01,1.1846e+02,3.3322e-02,7.2224e-02,5.5544e-01],[-0.9185, 0.045 ,-0.0759, 0.1479],0.4167
1310,[-0.9202, 0.0674,-0.0423, 0.1415],[-0.4526,-1.3557, 4.4842,-1.9311, 3.7211],[-0.9198, 0.0627,-0.0391, 0.1399],0.4206
1311,[-0.938 , 0.0619, 0.059 , 0.1681],[-1.9459,-2.7714,-2.1741,-2.0116,-1.8108],[-0.9373, 0.0386, 0.0697, 0.1541],0.3485
1312,[-0.9196, 0.0749,-0.0896, 0.1428],[ 0.4775, 2.3675, 1.1541, 1.1358,88.5234],[-0.9189, 0.0762,-0.088 , 0.1363],0.3934
1314,[-0.9268, 0.1496,-0.1794, 0.1492],[ 0.4321,19.8087,-0.6182,-0.1966, 0.5465],[-0.9256, 0.1525,-0.1782, 0.1537],0.2891
1320,[-0.9207,-0.0662, 0.0398, 0.1618],[7.8637e-01,1.0352e+02,1.7731e-01,3.0365e-01,9.7552e-02],[-0.9201,-0.0616, 0.0391, 0.1695],0.4178
1321,[-0.9273,-0.0819, 0.087 , 0.1719],[  2.3724,  0.9062,135.6288,  0.8809,  1.6005],[-0.9265,-0.0812, 0.082 , 0.1779],0.3647
1323,[-0.9317,-0.1456, 0.1928, 0.1664],[ 2.7177,-1.1087,20.4176,-0.0217, 3.7756],[-0.9301,-0.151 , 0.1936, 0.1758],0.2679
1330,[-0.9331, 0.18  ,-0.0362, 0.1567],[-1.3209,-2.2855,-1.1737,-1.7509,-1.6008],[-0.9341, 0.1548,-0.0286, 0.1712],0.3287
1332,[-0.9276, 0.1878,-0.1353, 0.2002],[-4.1962,-4.3568,-4.7898,-3.6811,-4.4168],[-0.928 , 0.1755,-0.1151, 0.2047],0.3026
1334,[-0.9289, 0.2109,-0.2113, 0.1746],[ 1.1235,27.6327, 0.7789, 1.315 , 3.9742],[-0.9284, 0.2075,-0.2008, 0.1847],0.245
1336,[-0.9339, 0.2471,-0.2951, 0.1906],[ 0.7482,26.1852,-0.1939, 0.8727,-0.3402],[-0.9319, 0.2501,-0.2944, 0.2018],0.171
1340,[-0.9479,-0.1775, 0.049 , 0.1438],[-2.6327,-2.3808,-3.4113,-2.6135,-2.5616],[-0.9489,-0.1403,-0.0035, 0.1556],0.2855
1341,[-0.9308,-0.199 , 0.1286, 0.1402],[-0.0577, 0.7373,-1.5243,-0.4685,-0.7839],[-0.9317,-0.1854, 0.1161, 0.1411],0.2839
1343,[-0.9321,-0.1843, 0.2194, 0.1541],[ 8.4680e-01,-2.4086e-03, 1.7344e+00, 6.7862e-01, 1.8704e+01],[-0.9309,-0.187 , 0.2162, 0.147 ],0.238
1345,[-0.9347,-0.2357, 0.3051, 0.1841],[ 0.3574,-0.7928,13.5205, 1.0613, 0.3412],[-0.9321,-0.2412, 0.3052, 0.1969],0.1669
1354,[-0.9402, 0.3067,-0.2364, 0.1883],[-1.7943,-2.3962,-1.7114,-1.7114,-2.0578],[-0.9421, 0.29  ,-0.2059, 0.1977],0.1589
1356,[-0.9339, 0.3266,-0.3446, 0.1667],[ 1.0014, 3.9322,-0.6192, 4.624 , 0.4235],[-0.9331, 0.3243,-0.3341, 0.1803],0.115
1358,[-0.9344, 0.3116,-0.3971, 0.1979],[-0.0395,10.3237,-0.616 , 0.7348, 1.2066],[-0.9309, 0.3151,-0.396 , 0.2085],0.0972
1363,[-0.9179,-0.2937, 0.2472, 0.1705],[ 0.4069,-0.155 ,-1.355 , 1.4918,-0.3282],[-0.9192,-0.2847, 0.2258, 0.1697],0.2312
1365,[-0.9157,-0.3117, 0.298 , 0.1359],[ 1.7615,-0.149 , 7.7965, 0.6345, 0.1552],[-0.9161,-0.3074, 0.2837, 0.1505],0.2026
1400,[-0.9219,-0.0058, 0.0025, 0.0632],[  1.2865,  3.0411,426.6054,  1.4712,  1.0521],[-0.9216,-0.0046,-0.0016, 0.0695],0.4324
1401,[-0.9192,-0.041 , 0.0717, 0.0441],[ 1.3039e-01,-6.8688e-01, 4.1518e+01,-4.5388e-01, 6.1186e-03],[-0.9188,-0.0454, 0.0723, 0.0514],0.4142
1402,[-0.9208, 0.0395,-0.07  , 0.0763],[ 3.2657e-01, 2.1505e+02,-5.2820e-01,-3.8895e-01,-3.1251e-02],[-0.9203, 0.0442,-0.0731, 0.0798],0.414
1403,[-0.9424,-0.0512, 0.1679, 0.0115],[-1.6601,-1.995 ,-0.5576,-1.1459,-1.5225],[-0.9407,-0.0745, 0.1818, 0.0251],0.269
1410,[-0.919 , 0.0649,-0.0426, 0.0554],[ 1.3197e+00,-1.0122e-01, 1.5157e+02,-1.0558e-01, 5.8848e-02],[-0.9189, 0.0611,-0.041 , 0.0554],0.4243
1411,[-0.9372, 0.0739, 0.0659, 0.0017],[-1.8677,-2.368 ,-1.8018,-1.8741,-1.8552],[-0.9366, 0.0401, 0.1156, 0.0173],0.3299
1412,[-0.9194, 0.0781,-0.0868, 0.0622],[  1.0794,594.8838,  1.5062,  1.8527,  0.8436],[-0.9191, 0.0787,-0.084 , 0.0644],0.3948
1414,[-0.9243, 0.1432,-0.1825, 0.0637],[ 0.7791,76.8904,-0.8821, 0.1926, 0.4723],[-0.9233, 0.1482,-0.1837, 0.0733],0.298
1420,[-0.9214,-0.0655, 0.0438, 0.071 ],[ -0.2893,129.9382, -0.3009,  0.4327, -0.8348],[-0.9212,-0.0617, 0.0421, 0.0808],0.4146
1421,[-0.9193,-0.0761, 0.084 , 0.0553],[2.0903e-01,8.6658e-01,5.3720e+02,3.0639e+00,2.2741e+00],[-0.919 ,-0.0766, 0.0814, 0.0662],0.3928
1422,[-0.9525,-0.0634,-0.0589, 0.1166],[-2.5017,-2.5071,-3.4278,-2.4018,-2.3251],[-0.9518,-0.0327,-0.076 , 0.1303],0.2889
1423,[-0.9362,-0.1349, 0.185 , 0.0719],[ 0.042 ,-1.0228, 0.9554,31.7315, 1.5545],[-0.9349,-0.143 , 0.1897, 0.0849],0.2565
1430,[-0.9444, 0.1757,-0.0503, 0.0242],[-1.3286,-1.8645,-0.7079,-1.5624,-1.1891],[-9.4599e-01, 1.4159e-01,-7.4505e-04, 8.6794e-03],0.2977
1432,[-0.9343, 0.1873,-0.1331, 0.0524],[-2.579 ,-2.9749,-2.4427,-2.4169,-2.9726],[-0.9352, 0.1754,-0.1185, 0.0619],0.2736
1434,[-0.9299, 0.199 ,-0.218 , 0.0616],[ 1.7676, 5.7511,-0.076 ,22.1316, 1.2862],[-0.9292, 0.2002,-0.2147, 0.0754],0.2381
1436,[-0.9363, 0.2515,-0.2885, 0.0704],[ 0.3984,17.0013,-0.4705, 0.3622, 0.0271],[-0.935 , 0.2549,-0.2878, 0.0806],0.1614
1440,[-0.9384,-0.1788, 0.0334, 0.0706],[-3.1978,-1.9118,-3.1442,-2.1734,-2.9884],[-0.9398,-0.1463,-0.003 , 0.0857],0.3171
1441,[-0.9325,-0.1864, 0.1377, 0.0547],[-1.1842,-2.201 ,-2.6058, 0.1472,-2.2143],[-0.9333,-0.1756, 0.123 , 0.0635],0.2762
1443,[-0.9331,-0.2096, 0.2067, 0.0575],[ 0.8318, 0.4564,23.6977, 1.1928, 0.8589],[-0.9331,-0.2069, 0.1967, 0.0625],0.2306
1445,[-0.9227,-0.2313, 0.294 , 0.0638],[ 0.5757,-0.955 ,15.678 , 1.3203, 0.3183],[-0.9206,-0.2373, 0.2968, 0.0611],0.2008
1454,[-0.9298, 0.2885,-0.2628, 0.0713],[-1.5099,-1.8304,-1.4836,-1.3859,-2.0222],[-0.9304, 0.2837,-0.2569, 0.0815],0.1776
1456,[-0.9344, 0.3106,-0.3135, 0.0524],[ 1.4818, 2.9121,-0.589 , 3.3403,-0.572 ],[-0.9343, 0.3091,-0.3066, 0.0642],0.1312
1458,[-0.9313, 0.366 ,-0.4022, 0.0353],[ 1.1606,12.1498,-0.6508, 0.9056,-0.1641],[-0.93  , 0.3674,-0.3985, 0.0482],0.0741
1463,[-0.9232,-0.2987, 0.2415, 0.0473],[-2.088 ,-1.8994,-1.725 ,-1.4119,-2.1645],[-0.9251,-0.2895, 0.2228, 0.054 ],0.2086
1465,[-0.9216,-0.3155, 0.3248, 0.0434],[ 0.6556,-0.5898, 6.1595, 2.1328, 0.0373],[-0.9214,-0.3146, 0.3162, 0.0545],0.1604
1500,[-0.9219,-0.0035, 0.0065,-0.0583],[ 3.3397,28.888 , 0.974 , 5.0749, 0.5803],[-0.9221,-0.0045, 0.0112,-0.05  ],0.4331
1501,[-0.9181,-0.0368, 0.0761,-0.0612],[ 3.6571e-03,-6.5596e-01, 1.1508e+01, 8.6387e-01,-2.6292e-01],[-0.918 ,-0.0431, 0.0793,-0.0527],0.4197
1502,[-0.9252, 0.0316,-0.0764,-0.0608],[-12.0814,-10.8384,-13.8184,-11.679 ,-12.7579],[-0.9251, 0.0394,-0.08  ,-0.0525],0.3947
1510,[-0.9177, 0.0628,-0.0448,-0.0581],[ 2.6425e-02, 8.1739e-01, 4.2731e+00, 9.1603e+01,-4.2246e-01],[-0.918 , 0.0596,-0.0413,-0.0467],0.426
1511,[-0.9477, 0.0613, 0.0629,-0.0422],[-1.7362,-1.6539,-0.7469,-1.7655,-1.5387],[-0.9476, 0.0293, 0.0907,-0.0264],0.301
1512,[-0.9204, 0.0707,-0.0772,-0.0541],[ 1.0302, 8.6471, 0.3709,67.3504, 0.5026],[-0.9205, 0.0719,-0.0779,-0.0411],0.3962
1514,[-0.929 , 0.1338,-0.1898,-0.0539],[ 0.3337, 4.0009,-0.7668, 0.4196,-1.1546],[-0.928 , 0.1433,-0.1955,-0.0402],0.2802
1520,[-0.9221,-0.0638, 0.0435,-0.0734],[-0.292 ,72.5485, 0.6079, 1.6377,-1.1333],[-0.9224,-0.0607, 0.0426,-0.0613],0.411
1521,[-0.9201,-0.0732, 0.083 ,-0.0589],[7.9893e-01,1.2369e-01,1.6304e+00,1.4386e+02,6.5180e-01],[-0.9202,-0.0748, 0.0833,-0.0448],0.3931
1523,[-0.9238,-0.1528, 0.1813,-0.0781],[ 3.6167,-1.4909, 5.2226, 1.536 , 0.0661],[-0.9234,-0.1579, 0.1841,-0.0659],0.2876
1530,[-0.9469, 0.1674,-0.045 ,-0.0389],[-1.1382,-1.4965,-0.2582,-0.8334,-0.979 ],[-0.9486, 0.1323, 0.0053,-0.0389],0.2872
1532,[-0.9393, 0.1949,-0.1285,-0.0695],[-5.592 ,-5.7072,-5.2399,-5.2921,-5.5657],[-0.9409, 0.1811,-0.1129,-0.0592],0.2518
1534,[-0.933 , 0.2249,-0.2107,-0.0715],[ 3.6217, 3.8496,-0.6334, 3.61  ,-0.3117],[-0.9338, 0.2222,-0.2017,-0.0573],0.2192
1536,[-0.9417, 0.2559,-0.2955,-0.0583],[-0.07  ,11.4385,-0.8755, 0.9013,-0.1036],[-0.9406, 0.2626,-0.3007,-0.0447],0.134
1541,[-0.9327,-0.184 , 0.1382,-0.0646],[-3.6603,-4.5747,-3.0886,-3.5376,-4.7286],[-0.934 ,-0.1743, 0.1216,-0.0517],0.277
1543,[-0.934 ,-0.2134, 0.2139,-0.0642],[ 1.7337,-0.1625, 5.3446,10.054 , 0.2225],[-0.9343,-0.213 , 0.2077,-0.0489],0.2168
1545,[-0.9347,-0.2597, 0.2936,-0.0793],[ 3.6971,-0.8361, 2.7005, 1.7169,-0.357 ],[-0.9339,-0.265 , 0.2946,-0.0691],0.1575
1554,[-0.9293, 0.2915,-0.2456,-0.0846],[-1.0751,-1.6656,-1.8722,-0.5859,-2.104 ],[-0.9312, 0.2853,-0.233 ,-0.0736],0.185
1556,[-0.9338, 0.3045,-0.3181,-0.0669],[ 1.9126, 3.2451,-0.428 , 2.9276,-1.2003],[-0.9335, 0.3067,-0.3158,-0.0519],0.131
1558,[-0.9401, 0.3494,-0.3989,-0.0363],[ 0.5452, 7.9494,-0.5686, 2.8296,-0.2129],[-0.9382, 0.3541,-0.4023,-0.0215],0.0552
1561,[-0.9217,-0.2903, 0.1645,-0.0033],[-1.1808,-0.9039,-1.3363,-1.0368,-1.5674],[-0.9254,-0.2697, 0.1266, 0.0117],0.2632
1563,[-0.935 ,-0.2927, 0.2525,-0.0482],[-1.687 ,-2.4147,-1.7078,-1.23  ,-2.3012],[-0.9367,-0.2857, 0.2349,-0.0402],0.167
1565,[-0.9267,-0.3134, 0.328 ,-0.0643],[ 2.8613,-0.4688, 6.31  , 1.8328,-0.9501],[-0.9265,-0.3147, 0.3228,-0.0508],0.1405
1585,[-0.948 ,-0.4408, 0.3496,-0.0987],[-1.1637,-1.4899,-0.8385,-0.2547,-2.1263],[-0.9525,-0.4316, 0.3258,-0.083 ],0.0163
1600,[-0.9201,-0.0111, 0.0101,-0.1699],[ 0.403 , 1.8458, 2.4672,31.9308, 0.5232],[-0.9208,-0.011 , 0.0115,-0.1572],0.4367
1601,[-0.9154,-0.0379, 0.074 ,-0.1732],[-0.1341,-0.4593, 4.6606, 3.5124,-1.0169],[-0.9159,-0.044 , 0.0775,-0.1682],0.4219
1602,[-0.9248, 0.0276,-0.0777,-0.1633],[-14.5045,-13.1642,-15.178 ,-13.8977,-14.979 ],[-0.9251, 0.0374,-0.0852,-0.1543],0.3914
1610,[-0.9166, 0.0643,-0.0461,-0.1811],[ 3.8846e-02, 7.4823e-01, 4.5591e+01, 1.9506e+00,-4.6619e-01],[-0.9175, 0.0621,-0.0463,-0.1754],0.4293
1612,[-0.918 , 0.0698,-0.0701,-0.1769],[ 0.7913,34.0068, 0.167 ,35.5391, 0.2234],[-0.9187, 0.0702,-0.0685,-0.1679],0.4089
1614,[-0.9322, 0.1294,-0.1859,-0.1757],[-0.3701, 0.6576,-1.8074, 0.7699,-1.5262],[-0.9317, 0.1411,-0.1935,-0.1629],0.269
1620,[-0.9207,-0.0642, 0.0438,-0.1792],[-12.1578,-10.0882,-12.1201,-10.1306,-13.4433],[-0.9216,-0.0606, 0.039 ,-0.1706],0.4178
1621,[-0.9189,-0.0826, 0.0859,-0.1943],[ 0.7096,-0.1448,38.0303, 4.6182,-0.3652],[-0.9197,-0.0834, 0.0836,-0.1886],0.3928
1622,[-0.9181,-0.0673,-0.057 ,-0.1486],[-0.0518,-0.4154,-1.3969,-0.076 ,-1.3302],[-0.9187,-0.0481,-0.0627,-0.133 ],0.4298
1623,[-0.9281,-0.1495, 0.1788,-0.1897],[ 1.0692,-0.9895, 3.0868,12.1359,-0.2756],[-0.9281,-0.156 , 0.1825,-0.1743],0.275
1625,[-0.9143,-0.1533, 0.2785,-0.2089],[-0.293 ,-0.5024, 0.1343,-0.2566,-0.5451],[-0.9116,-0.1699, 0.2864,-0.1923],0.2569
1632,[-0.9398, 0.1931,-0.1408,-0.1647],[-5.2885,-5.1863,-5.7985,-4.7997,-5.7414],[-0.9416, 0.1823,-0.1251,-0.1526],0.2435
1634,[-0.9293, 0.2346,-0.2213,-0.1913],[-1.3666,-0.3748,-2.9587,-0.3309,-2.4286],[-0.9305, 0.2337,-0.2145,-0.1762],0.2203
1636,[-0.9247, 0.2667,-0.2874,-0.2095],[-0.1559, 6.5383,-0.6343, 1.6587,-0.434 ],[-0.9246, 0.2717,-0.2889,-0.1942],0.1862
1641,[-0.9323,-0.1827, 0.1461,-0.1658],[-4.7735,-5.5991,-4.6134,-4.4215,-5.7804],[-0.9338,-0.1761, 0.1327,-0.1521],0.273
1643,[-0.9361,-0.2043, 0.2189,-0.1838],[ 0.0866,-2.2612, 2.0661, 2.4702,-1.8771],[-0.9364,-0.2086, 0.219 ,-0.1684],0.2086
1645,[-0.9315,-0.2537, 0.298 ,-0.184 ],[ 0.3636,-0.8393,12.7449, 0.525 ,-0.2997],[-0.9306,-0.2619, 0.303 ,-0.1698],0.1656
1654,[-0.9279, 0.2856,-0.2616,-0.1657],[-1.0518,-0.7052,-1.6726,-0.3231,-1.7725],[-0.9294, 0.2836,-0.2518,-0.1531],0.1836
1656,[-0.9228, 0.2965,-0.2974,-0.1907],[ 0.3658, 2.4402,-0.9888, 2.7008,-0.7781],[-0.9235, 0.2986,-0.2938,-0.1753],0.1762
1663,[-0.954 ,-0.2967, 0.2621,-0.1627],[-0.0816,-0.8671,-0.3686, 0.7476,-0.8133],[-0.956 ,-0.2907, 0.2455,-0.1467],0.098
1665,[-0.9351,-0.2972, 0.3241,-0.1711],[ 0.1639,-1.0099, 2.6663, 5.2581,-0.2368],[-0.9347,-0.3025, 0.3249,-0.1556],0.1231
1687,[-0.9332,-0.4464, 0.4202,-0.1876],[ 2.3306,-1.1416, 3.3337, 3.7514,-1.4232],[-0.9349,-0.4481, 0.4116,-0.1713],0.0174
1700,[-0.9276,-0.0056, 0.0103,-0.3051],[-15.0388,-14.6281,-15.4122,-14.7466,-16.4261],[-0.9289,-0.0065, 0.011 ,-0.2924],0.4133
1701,[-0.9352,-0.0429, 0.0689,-0.3134],[-10.4285,-11.0885,-10.133 ,-10.0313,-11.0528],[-0.9363,-0.0499, 0.0759,-0.3011],0.3448
1702,[-0.9374, 0.0338,-0.0724,-0.2928],[-3.2243,-2.6354,-4.0554,-3.271 ,-4.1334],[-0.9384, 0.0436,-0.08  ,-0.2815],0.3378
1710,[-0.9198, 0.0654,-0.0429,-0.272 ],[-1.4207,-2.6067,-1.4895, 0.0137,-3.0922],[-0.9212, 0.062 ,-0.0396,-0.265 ],0.4191
1712,[-0.9267, 0.0888,-0.0886,-0.291 ],[-4.5606,-5.3524,-6.2759,-4.4877,-6.9581],[-0.9279, 0.0901,-0.0876,-0.2815],0.356
1714,[-0.9214, 0.1501,-0.1853,-0.3211],[-0.1225, 1.1442,-1.6497, 1.2198,-0.6722],[-0.9218, 0.1583,-0.1908,-0.3095],0.2929
1720,[-0.9205,-0.0642, 0.046 ,-0.2723],[-7.8916,-7.2805,-7.7588,-7.2912,-8.765 ],[-0.9218,-0.0613, 0.0418,-0.2661],0.4173
1721,[-0.9214,-0.0833, 0.0901,-0.2769],[-52.5018,-52.0814,-51.2314,-50.9633,-52.891 ],[-0.9224,-0.0856, 0.0902,-0.2702],0.3776
1723,[-0.9358,-0.1447, 0.1849,-0.3044],[-1.492 ,-2.5504,-0.2352, 0.7576,-2.6284],[-0.936 ,-0.1556, 0.1941,-0.2908],0.2431
1732,[-0.9353, 0.177 ,-0.1465,-0.2941],[-1.1218,-1.6143,-1.6131,-0.5458,-2.0148],[-0.9372, 0.1725,-0.136 ,-0.2825],0.2597
1734,[-0.924 , 0.218 ,-0.2285,-0.3128],[ 0.0262, 2.1522,-1.2717, 2.807 ,-1.0205],[-0.9247, 0.2226,-0.2306,-0.2963],0.2386
1736,[-0.9197, 0.2649,-0.2873,-0.2987],[ 0.1373, 9.0447,-0.7809, 1.8807,-0.8814],[-0.9197, 0.2711,-0.2916,-0.2825],0.2026
1741,[-0.9337,-0.1749, 0.1494,-0.2952],[-1.1489,-1.3026,-0.5699,-0.7594,-1.9377],[-0.9355,-0.1715, 0.1397,-0.2845],0.265
1743,[-0.9338,-0.193 , 0.2221,-0.297 ],[ 0.459 ,-1.2401, 7.0986, 6.2469,-1.0702],[-0.9341,-0.2014, 0.2277,-0.281 ],0.2142
1745,[-0.9374,-0.2437, 0.2938,-0.2837],[-0.0534,-0.5948, 1.3149, 6.5938,-0.8813],[-0.9366,-0.2551, 0.3018,-0.267 ],0.151
1754,[-0.937 , 0.2791,-0.2691,-0.262 ],[-0.299 ,-0.2748,-0.4951, 0.9906,-0.5379],[-0.9383, 0.2809,-0.2652,-0.2453],0.149
1756,[-0.9185, 0.2873,-0.3076,-0.2746],[ 0.7279, 0.3317,-0.8455, 2.7728,-1.0022],[-0.9186, 0.2927,-0.3101,-0.2587],0.1864
1765,[-0.94  ,-0.2852, 0.3167,-0.2623],[ 0.3759,-1.0004, 5.1339, 2.0007,-1.3323],[-0.9396,-0.2934, 0.3209,-0.2457],0.1143
1767,[-0.9353,-0.3802, 0.4216,-0.3724],[ 0.2152,-0.4156, 1.5513,14.5909,-0.6966],[-0.934 ,-0.3902, 0.429 ,-0.3572],0.0384
1787,[-0.9313,-0.4135, 0.4391,-0.3054],[ 0.6291, 0.1816, 0.8325, 9.4767,-1.1223],[-0.9307,-0.4203, 0.4406,-0.2882],0.028
1800,[-0.9297,-0.0073, 0.0237,-0.44  ],[-33.9369,-34.367 ,-33.7418,-33.3773,-35.3516],[-0.9315,-0.0109, 0.026 ,-0.4247],0.4014
1801,[-0.9347,-0.0403, 0.0705,-0.4376],[-14.2767,-14.9746,-13.5548,-13.5372,-15.6952],[-0.9363,-0.0485, 0.0778,-0.4219],0.3451
1802,[-0.9435, 0.0405,-0.0756,-0.4168],[-0.6881,-0.0036,-1.3876,-0.1823,-1.8536],[-0.9449, 0.0524,-0.0889,-0.4031],0.304
1810,[-0.9247, 0.065 ,-0.0389,-0.4396],[-1.9815,-2.2701,-1.3888,-0.6279,-2.705 ],[-0.9268, 0.0611,-0.035 ,-0.4258],0.3985
1812,[-0.9238, 0.1147,-0.121 ,-0.4447],[-2.6767,-2.1542,-4.4444,-1.8718,-4.4223],[-0.9254, 0.1184,-0.1235,-0.4284],0.3347
1814,[-0.9162, 0.1532,-0.1869,-0.4558],[ 0.9159,14.8754,-0.1755, 2.8106,-0.7215],[-0.9171, 0.1617,-0.1922,-0.4393],0.3111
1820,[-0.9435,-0.0612, 0.0449,-0.3838],[-0.422 , 0.3059,-1.2262, 0.6674,-1.3543],[-0.9452,-0.0571, 0.0349,-0.3663],0.3229
1821,[-0.9396,-0.0786, 0.1045,-0.4171],[-40.1716,-40.6381,-40.2119,-39.6504,-41.0884],[-0.9409,-0.087 , 0.1115,-0.4015],0.2937
1823,[-0.9388,-0.1356, 0.1836,-0.4066],[-1.4791,-2.4511,-0.5197,-0.5035,-2.9264],[-0.9392,-0.1497, 0.196 ,-0.3902],0.2357
1832,[-0.9184, 0.1717,-0.1564,-0.4066],[ 0.0401, 0.3582, 0.0547, 0.243 ,-0.5646],[-0.9204, 0.172 ,-0.1529,-0.3953],0.3167
1834,[-0.9198, 0.1904,-0.2151,-0.4206],[-0.2759, 2.0617,-0.779 , 3.0111,-1.7425],[-0.9207, 0.1979,-0.2199,-0.4043],0.2705
1836,[-0.9198, 0.2522,-0.283 ,-0.3899],[ 3.8802, 2.5701,-0.5343, 1.8675,-1.1401],[-0.92  , 0.2606,-0.2889,-0.3726],0.2095
1843,[-0.9373,-0.1805, 0.2192,-0.3994],[-0.8609,-1.4811, 0.978 , 1.2932,-2.0553],[-0.9377,-0.1925, 0.2273,-0.383 ],0.2066
1845,[-0.9266,-0.2034, 0.2857,-0.3759],[ 2.2658,-0.7249, 3.2675, 2.6186,-0.7247],[-0.9252,-0.2189, 0.2951,-0.3592],0.2078
1865,[-0.9414,-0.3087, 0.3564,-0.4672],[ 0.1421,-0.304 , 1.3249,11.3207,-1.0173],[-0.9405,-0.3237, 0.3698,-0.4498],0.0766
1867,[-0.9378,-0.3574, 0.4014,-0.4055],[ 0.4143,-0.0984,13.09  , 1.2244,-0.8518],[-0.9365,-0.3691, 0.412 ,-0.3887],0.0487
1900,[-0.9205, 0.0082, 0.0184,-0.5635],[-111.9277,-111.0753,-111.0776,-111.0971,-112.7686],[-0.9229, 0.003 , 0.0226,-0.5475],0.4455
1901,[-0.9285,-0.0311, 0.0712,-0.5393],[ 1.5659,-0.9116, 2.8373, 3.674 ,-1.847 ],[-0.9305,-0.041 , 0.0796,-0.523 ],0.3726
1902,[-0.9126, 0.0523,-0.0859,-0.7294],[-4.501 ,-4.2613,-5.0296,-4.2816,-5.2464],[-0.9154, 0.0598,-0.0875,-0.719 ],0.4258
1910,[-0.9172, 0.0658,-0.0345,-0.5841],[-85.7255,-85.8116,-85.4731,-85.5228,-86.5501],[-0.9199, 0.0609,-0.0263,-0.567 ],0.4346
1912,[-0.9164, 0.1097,-0.1248,-0.5531],[-113.8954,-113.984 ,-113.7482,-113.7665,-115.3737],[-0.9182, 0.1158,-0.1331,-0.536 ],0.3582
1914,[-0.9152, 0.1438,-0.1825,-0.5231],[ 3.2879, 1.588 ,-0.0458,26.1784,-1.0036],[-0.9162, 0.1538,-0.1919,-0.5062],0.3184
1920,[-0.9131,-0.0558, 0.0365,-0.5154],[-5.1978,-4.8068,-5.5434,-4.9357,-5.7901],[-0.9156,-0.0541, 0.0372,-0.5308],0.4544
1921,[-0.9328,-0.0747, 0.1114,-0.5407],[ -0.6056, -0.9081,  0.9126,117.9966, -1.6339],[-0.9345,-0.0856, 0.1201,-0.5239],0.3168
1923,[-0.9368,-0.139 , 0.1803,-0.585 ],[-0.0804,30.1189, 3.0587, 1.3953,-0.6277],[-0.938 ,-0.1542, 0.1938,-0.5667],0.239
1934,[-0.9189, 0.173 ,-0.2038,-0.5139],[-1.0952,-2.6987,-4.0408,-2.0547,-4.7657],[-0.9199, 0.1823,-0.2114,-0.4958],0.2848
1943,[-0.9442,-0.1867, 0.2359,-0.5812],[ 0.717 , 0.7095, 0.3511,24.9534,-0.7296],[-0.9445,-0.2067, 0.2591,-0.5633],0.1637
1945,[-0.9439,-0.2474, 0.3047,-0.5267],[ 9.7092e-03,-2.3700e-01, 1.7232e+01, 8.2748e-01,-6.9276e-01],[-0.9433,-0.2666, 0.3224,-0.5093],0.114
2100,[-0.8882, 0.0136,-0.0059, 0.3792],[-2.9051,-3.0652,-2.5933,-3.2545,-2.187 ],[-0.8866, 0.0127,-0.0064, 0.3655],0.3568
2102,[-0.8872, 0.0332,-0.0744, 0.3902],[-1.1982,-0.0526,-1.6899,-1.3018, 0.101 ],[-0.8852, 0.0368,-0.0743, 0.384 ],0.3148
2200,[-0.9028,-0.0373, 0.035 , 0.2686],[-66.8016,-66.7321,-66.4256,-67.2308,-66.0334],[-0.9016,-0.0365, 0.0337, 0.2635],0.3957
2201,[-0.9055,-0.0484, 0.065 , 0.2652],[-20.9411,-21.777 ,-20.2713,-21.5976,-20.1569],[-0.9042,-0.0498, 0.0646, 0.2628],0.3912
2202,[-0.895 , 0.036 ,-0.072 , 0.2856],[-10.1342, -9.7413,-10.4055,-10.7455, -9.5763],[-0.8936, 0.0395,-0.0726, 0.281 ],0.3462
2210,[-0.9033, 0.0865,-0.0265, 0.2569],[-3.4598,-3.6729,-2.9504,-4.077 ,-3.0132],[-0.9026, 0.0786,-0.0262, 0.2485],0.3882
2212,[-0.8979, 0.0657,-0.0898, 0.2791],[-3.5442,-3.444 ,-4.7606,-4.254 ,-3.8023],[-0.8966, 0.0673,-0.0869, 0.268 ],0.3396
2220,[-0.905 ,-0.0659, 0.0371, 0.2722],[-4.9413,-3.9732,-5.8724,-5.2914,-4.1466],[-0.904 ,-0.0612, 0.0317, 0.268 ],0.3997
2221,[-0.9044,-0.0711, 0.0852, 0.2671],[-27.9064,-28.7603,-27.7993,-29.126 ,-27.8482],[-0.9032,-0.0716, 0.0829, 0.2629],0.3677
2234,[-0.8671, 0.1786,-0.2234, 0.2568],[ 0.2439, 4.4174,-0.4029,-0.0908, 1.0141],[-0.8652, 0.18  ,-0.2184, 0.2671],0.1226
2243,[-0.8986,-0.2342, 0.2288, 0.2578],[-0.2079,-1.2596, 2.2149,-0.3372, 1.3085],[-0.8983,-0.2301, 0.2123, 0.2541],0.2143
2254,[-0.9101, 0.2894,-0.2459, 0.3483],[0.4847,0.5474,0.2694,0.2385,3.0429],[-0.9107, 0.2794,-0.2199, 0.3461],0.2325
2256,[-0.91  , 0.3071,-0.2992, 0.3227],[ 1.179 , 5.93  ,-0.6849, 0.0942, 3.5244],[-0.9098, 0.301 ,-0.2794, 0.3333],0.1895
2300,[-0.9055,-0.0166, 0.0175, 0.1748],[-139.8188,-139.4027,-139.5303,-140.2439,-138.9019],[-0.9047,-0.0166, 0.0176, 0.1675],0.4139
2301,[-0.9059,-0.045 , 0.0665, 0.1848],[-47.8995,-49.4402,-46.4584,-49.568 ,-47.629 ],[-0.9049,-0.0473, 0.067 , 0.1776],0.3943
2302,[-0.9064, 0.0426,-0.0729, 0.1526],[-33.6688,-33.3114,-34.5859,-34.4029,-33.2211],[-0.9055, 0.0462,-0.0744, 0.1502],0.394
2310,[-0.9065, 0.062 ,-0.0463, 0.1453],[-7.1333,-8.7393,-6.3064,-8.0745,-6.331 ],[-0.906 , 0.0591,-0.0413, 0.142 ],0.4056
2312,[-0.9053, 0.0725,-0.0882, 0.1489],[-14.9154,-13.8631,-15.8457,-16.0719,-14.4219],[-0.9046, 0.0738,-0.087 , 0.1435],0.3709
2314,[-0.9006, 0.1505,-0.1823, 0.1442],[-1.4072,-0.3622,-3.5593,-3.1658,-0.4914],[-0.8994, 0.1527,-0.1816, 0.145 ],0.2693
2320,[-0.9065,-0.0657, 0.0424, 0.1488],[-3.2557,-0.4898,-3.8553,-3.8035, 0.3184],[-0.9061,-0.062 , 0.0383, 0.1434],0.4055
2321,[-0.9039,-0.078 , 0.0844, 0.1545],[-60.5874,-62.2077,-59.5311,-61.4747,-60.9216],[-0.9032,-0.0778, 0.0809, 0.1504],0.366
2323,[-0.9022,-0.1332, 0.1838, 0.165 ],[-5.6095,-6.6676,-5.2104,-6.3604,-5.4687],[-0.9006,-0.1374, 0.1831, 0.1648],0.2799
2332,[-0.9031, 0.1818,-0.1431, 0.1539],[ 0.2198,-1.4421,-0.472 ,-1.605 , 0.0495],[-0.9035, 0.1747,-0.1265, 0.1513],0.3007
2334,[-0.9006, 0.1963,-0.2138, 0.1507],[ 0.8865, 5.8907,-0.7409, 0.2954,18.3538],[-0.8999, 0.1962,-0.2064, 0.1469],0.2401
2341,[-0.8957,-0.1918, 0.1356, 0.1581],[ 0.331 , 0.864 ,-0.7435,-0.4643, 3.5775],[-0.8963,-0.1833, 0.1207, 0.1505],0.2719
2343,[-0.8991,-0.1975, 0.2113, 0.1654],[ 1.9639,-0.1886, 9.3153,-0.0095, 1.3104],[-0.8983,-0.1966, 0.2014, 0.1605],0.2361
2345,[-0.9071,-0.2361, 0.288 , 0.2081],[ 0.0865,-1.6993, 7.0281, 0.2855, 0.9958],[-0.9051,-0.2381, 0.2824, 0.2175],0.202
2363,[-0.9076,-0.2912, 0.2427, 0.1922],[2.5711,2.5678,0.8038,4.0515,7.6799],[-0.9089,-0.2826, 0.2197, 0.1943],0.2246
2365,[-0.9069,-0.3109, 0.3209, 0.154 ],[ 0.1813,-0.2403, 9.8822, 1.2158, 0.5049],[-0.9064,-0.3088, 0.3084, 0.1617],0.1606
2400,[-0.9042,-0.014 , 0.0082, 0.0641],[1.6152e+00,2.8761e+00,2.7516e+00,3.8150e-01,4.0683e+02],[-0.904 ,-0.013 , 0.0061, 0.0501],0.4125
2401,[-0.9033,-0.0447, 0.0668, 0.0655],[-15.5677,-16.0872,-13.4104,-15.8955,-14.3345],[-0.9029,-0.0475, 0.0682, 0.0549],0.3847
2402,[-0.9043, 0.0354,-0.0736, 0.0561],[-42.6085,-41.1507,-43.3655,-42.9161,-41.9888],[-0.9038, 0.0404,-0.0768, 0.0458],0.3882
2410,[-0.9057, 0.0645,-0.0443, 0.0521],[-3.6979,-5.3489,23.5772,-5.2545,-0.8205],[-0.9056, 0.0616,-0.0422, 0.045 ],0.4021
2411,[-0.9053, 0.0648, 0.0769, 0.0517],[-3.1329,-3.4842,-3.133 ,-3.2368,-2.8769],[-0.9049, 0.047 , 0.0766, 0.0664],0.3896
2412,[-0.9051, 0.0776,-0.0882, 0.0602],[  0.7624,109.847 , -0.1953,  1.1054,  7.8158],[-0.9047, 0.0783,-0.085 , 0.052 ],0.3705
2414,[-0.8991, 0.1414,-0.1855, 0.065 ],[-0.5061, 0.7362,-4.6928,-3.538 ,-1.316 ],[-0.898 , 0.1457,-0.1859, 0.064 ],0.265
2420,[-0.9043,-0.0641, 0.0442, 0.0677],[ 0.3411,43.0212, 0.4736,-0.5512, 3.651 ],[-0.9042,-0.0614, 0.0437, 0.06  ],0.3951
2421,[-0.9045,-0.0792, 0.0881, 0.0734],[  0.7416,  1.738 ,115.0872, -0.3851,  2.0955],[-0.9041,-0.0797, 0.0848, 0.0716],0.3671
2423,[-0.8891,-0.1338, 0.1798, 0.0572],[ -8.6703,-10.0421, -8.2494, -9.0228, -8.6568],[-0.8881,-0.1382, 0.1805, 0.0503],0.2339
2430,[-0.8915, 0.1783,-0.0416, 0.0438],[-2.4457,-3.3267,-1.7959,-3.0351,-2.6459],[-0.8931, 0.1623,-0.0311, 0.0505],0.3078
2432,[-0.8989, 0.1842,-0.1366, 0.063 ],[-0.0113,-1.4548,-1.018 ,-1.3843, 3.772 ],[-0.8997, 0.1774,-0.1235, 0.0555],0.2855
2434,[-0.8975, 0.2003,-0.2184, 0.0718],[ 0.994 ,29.8255,-0.097 , 1.0108, 1.8043],[-0.8969, 0.2008,-0.2121, 0.073 ],0.2243
2436,[-0.8902, 0.2423,-0.2969, 0.0734],[ 0.3571,13.6285,-0.7154, 0.0137,-0.711 ],[-0.8883, 0.2458,-0.2958, 0.0831],0.1378
2441,[-0.9041,-0.1774, 0.1451, 0.0456],[ 0.8559, 1.5124, 0.9651, 1.6914,58.216 ],[-0.9047,-0.172 , 0.1322, 0.0424],0.3039
2443,[-0.9002,-0.1961, 0.199 , 0.0457],[4.0959e+00,1.1850e-02,3.5029e+01,9.0672e-01,8.2598e-01],[-0.9   ,-0.195 , 0.1905, 0.0548],0.2484
2445,[-0.906 ,-0.2323, 0.2862, 0.0549],[-0.3545,-1.1372, 5.7688, 1.7384, 0.4578],[-0.9044,-0.2365, 0.2838, 0.0536],0.1998
2454,[-0.9079, 0.3066,-0.246 , 0.0386],[1.2543,1.052 ,0.0798,1.1672,0.6216],[-0.91  , 0.2985,-0.2254, 0.0534],0.218
2456,[-0.9042, 0.3179,-0.2802, 0.0085],[ 2.1279, 9.3538,-0.3735, 0.9131,-0.0198],[-0.9059, 0.3133,-0.2647, 0.0241],0.1773
2463,[-0.9092,-0.3243, 0.2712, 0.0156],[1.2896,0.9575,1.5357,2.4332,2.8259],[-0.9114,-0.3177, 0.251 , 0.025 ],0.201
2465,[-0.9078,-0.3188, 0.2943, 0.0147],[ 0.7468,-0.6424, 8.4122, 0.6234, 0.8169],[-0.909 ,-0.3152, 0.2791, 0.0246],0.1803
2500,[-0.9044,-0.0079, 0.0036,-0.0608],[1.6376e+00,5.2529e+02,2.1246e+00,2.0835e-01,3.0798e+00],[-0.9047,-0.0077, 0.0062,-0.0728],0.4181
2501,[-0.9039,-0.0388, 0.0715,-0.0722],[-4.5889,-6.1635,14.3486,-5.7238,-4.0917],[-0.904 ,-0.0434, 0.0739,-0.0826],0.3889
2502,[-0.9031, 0.0372,-0.0717,-0.0521],[ 1.1913,40.1593,-2.6834,-1.833 , 1.4551],[-0.9032, 0.0418,-0.073 ,-0.0643],0.3864
2510,[-0.905 , 0.0637,-0.0474,-0.0617],[  0.4116, -0.4018,147.931 , -0.6695,  0.4465],[-0.9054, 0.0619,-0.048 ,-0.0679],0.3987
2511,[-0.9075, 0.0643, 0.0602,-0.0177],[-2.5186,-2.7869,-2.04  ,-2.3261,-1.722 ],[-0.9077, 0.048 , 0.0602,-0.0317],0.4093
2512,[-0.9033, 0.0734,-0.082 ,-0.0649],[ 9.0586e-01, 2.0350e+02,-1.0033e-01, 1.3434e+00, 1.8207e+00],[-0.9035, 0.0744,-0.0801,-0.0728],0.3697
2514,[-0.8932, 0.1406,-0.1856,-0.0705],[ 1.431 , 1.3455,-3.4963,-0.4129,-0.1593],[-0.8926, 0.1458,-0.1871,-0.0729],0.2437
2520,[-0.9035,-0.0603, 0.0502,-0.0705],[  1.8042,228.1799,  0.5544,  0.4123,  2.1462],[-0.9039,-0.0593, 0.0507,-0.0761],0.3919
2521,[-0.9033,-0.0648, 0.0688,-0.0703],[  0.7262,  0.6276,418.7087,  0.8947,  0.8148],[-0.9036,-0.0653, 0.0674,-0.0766],0.3801
2523,[-0.8964,-0.1489, 0.185 ,-0.068 ],[-3.1513,-5.6025,-2.6758,-3.3821,-2.7468],[-0.896 ,-0.1533, 0.1866,-0.0689],0.2534
2532,[-0.8952, 0.1738,-0.1505,-0.0473],[-0.3833,-0.0734,-0.7359,-0.31  , 0.2301],[-0.896 , 0.1705,-0.1414,-0.052 ],0.2665
2534,[-0.8947, 0.1912,-0.2132,-0.0552],[ 0.9288,15.3154,-0.3075, 4.4932, 1.1376],[-0.8945, 0.1933,-0.2097,-0.0507],0.2194
2536,[-0.905 , 0.2097,-0.2838,-0.0084],[-0.811 , 7.5058,-1.0335, 1.326 ,-0.9825],[-0.9028, 0.2171,-0.2896, 0.0017],0.2006
2541,[-0.905 ,-0.1781, 0.1473,-0.0507],[1.1009,0.6965,9.5709,1.9864,1.6023],[-0.9059,-0.1734, 0.1358,-0.0419],0.3058
2543,[-0.9054,-0.1849, 0.1981,-0.0651],[  1.3302, -0.9008,  2.0458,145.8902,  0.4347],[-0.9054,-0.1864, 0.1951,-0.0502],0.2693
2556,[-0.9025, 0.3157,-0.3284,-0.0774],[ 2.1678, 2.0841,-0.9401, 4.5152, 0.5957],[-0.9024, 0.3171,-0.3245,-0.0689],0.1359
2565,[-0.905 ,-0.3332, 0.339 ,-0.0517],[ 0.2432,-0.5365,12.0302, 1.3873, 0.0307],[-0.9052,-0.3334, 0.33  ,-0.0389],0.1347
2600,[-0.9055, 0.0026, 0.0044,-0.1637],[  2.0969,164.2897,  9.0274,  0.1983,  1.8839],[-9.0619e-01, 8.4781e-04, 1.0125e-02,-1.6995e-01],0.4282
2601,[-0.9051,-0.0413, 0.073 ,-0.1704],[  0.5945, -0.9158,175.5378,  0.4207, -0.1799],[-0.9056,-0.0461, 0.0749,-0.1775],0.3944
2602,[-0.9042, 0.0467,-0.0667,-0.1498],[ 0.1199,10.4572,-0.1599, 0.4672,-0.0188],[-0.9048, 0.0497,-0.0671,-0.1585],0.3925
2610,[-0.9051, 0.0663,-0.0465,-0.1747],[6.3082e-01,4.2524e-01,1.6300e+02,8.2284e-02,1.0074e+00],[-0.906 , 0.0642,-0.0467,-0.179 ],0.4009
2612,[-0.9042, 0.0815,-0.0854,-0.1662],[ 2.2275e+00, 2.5734e+02,-7.3771e-02, 2.6591e+00, 3.3708e+00],[-0.905 , 0.0821,-0.0816,-0.1726],0.3713
2614,[-0.8956, 0.1448,-0.1804,-0.1451],[ 0.4091, 3.6232,-1.3361, 4.24  ,-0.5062],[-0.8955, 0.1495,-0.1812,-0.1437],0.2556
2620,[-0.9062,-0.0604, 0.0503,-0.1675],[ 0.9664,87.1648, 0.543 , 0.8274, 0.7776],[-0.9071,-0.0596, 0.0512,-0.1781],0.4055
2621,[-0.906 ,-0.071 , 0.0832,-0.1866],[ 1.2453e+00,-2.2665e-02, 5.5072e+00, 1.5753e+00, 2.9143e+02],[-0.9067,-0.0734, 0.0842,-0.1998],0.3817
2623,[-0.905 ,-0.1439, 0.1815,-0.193 ],[ 0.7327,-0.539 ,83.391 ,-0.5067, 0.7081],[-0.905 ,-0.1497, 0.1834,-0.1829],0.2909
2632,[-0.9014, 0.1747,-0.1508,-0.158 ],[ 0.7846, 0.4066,-0.5029, 0.0679,-0.1727],[-0.9026, 0.1722,-0.1438,-0.1552],0.2893
2634,[-0.8999, 0.1916,-0.2085,-0.177 ],[ 1.2463,17.3188,-0.2193, 2.8222, 1.1309],[-0.9001, 0.1942,-0.2055,-0.1711],0.2412
2636,[-0.9105, 0.2763,-0.3195,-0.1787],[-0.2264, 0.1865,-1.8951, 2.9125,-1.4291],[-0.9095, 0.2821,-0.322 ,-0.1656],0.1772
2641,[-0.9033,-0.1828, 0.1479,-0.1823],[0.731 ,0.1325,2.66  ,6.5742,0.527 ],[-0.9049,-0.1781, 0.1343,-0.1697],0.3003
2643,[-0.9052,-0.1899, 0.2037,-0.1735],[ 0.7   , 0.2461,71.2981, 1.    ,-0.0786],[-0.9055,-0.1925, 0.2016,-0.1638],0.264
2645,[-0.9023,-0.2144, 0.3134,-0.1585],[ 0.3275,-1.7364, 1.6954, 1.7027,-1.1486],[-0.8995,-0.2252, 0.3213,-0.1482],0.1713
2656,[-0.9092, 0.3017,-0.3242,-0.1664],[ 3.2218, 1.8864,-0.8293, 3.0863, 0.1861],[-0.9088, 0.3053,-0.3239,-0.1538],0.1629
2665,[-0.9066,-0.3279, 0.3758,-0.1691],[ 1.2156,-0.9404, 1.7673, 4.3334, 0.9171],[-0.9052,-0.3329, 0.376 ,-0.1529],0.113
2700,[-0.9022, 0.0254,-0.0055,-0.317 ],[ 2.0217, 3.4636,61.5628, 1.3343, 2.4019],[-0.9035, 0.023 ,-0.0056,-0.3052],0.4256
2701,[-0.9054,-0.0426, 0.0779,-0.2931],[-2.1503,-3.7978,-1.7004,-1.2956,-2.0861],[-0.9063,-0.0485, 0.0817,-0.2889],0.393
2702,[-0.8918, 0.035 ,-0.0769,-0.2915],[-2.7977,-1.951 ,-3.8699,-2.6619,-3.295 ],[-0.8928, 0.0408,-0.0807,-0.2922],0.3394
2710,[-0.9006, 0.0642,-0.041 ,-0.3043],[ 0.3601, 0.7999,20.691 , 5.8222, 0.357 ],[-0.9021, 0.0614,-0.0375,-0.2986],0.3892
2712,[-0.8981, 0.0939,-0.0988,-0.3027],[ 1.8284,33.0305, 0.0365, 0.648 , 1.5427],[-0.8993, 0.0954,-0.0976,-0.2965],0.3333
2714,[-0.9051, 0.1494,-0.1778,-0.3254],[ 0.5302, 1.4312,-1.8751, 0.1311,-0.0827],[-0.9057, 0.1553,-0.1818,-0.3174],0.2918
2720,[-0.9066,-0.0655, 0.0486,-0.2673],[ 0.9077, 5.3496, 1.1845,10.5697,-0.2813],[-0.9079,-0.0638, 0.0481,-0.2688],0.4088
2721,[-0.9065,-0.0857, 0.0965,-0.2646],[ 1.1206e+00,-2.3585e-02, 7.4588e+00, 3.1775e+01, 1.7858e+00],[-0.9074,-0.0882, 0.0976,-0.2621],0.3713
2723,[-0.9043,-0.1372, 0.182 ,-0.284 ],[ 0.6547,-0.6748,83.1976, 0.1875,-0.2978],[-0.9045,-0.1447, 0.1854,-0.2881],0.2904
2734,[-0.9046, 0.185 ,-0.2017,-0.3113],[1.2931,3.9128,0.1055,5.9485,0.3646],[-0.9054, 0.1892,-0.2023,-0.296 ],0.2646
2741,[-0.8989,-0.1729, 0.1401,-0.2703],[ 0.6996, 0.4081, 0.4928, 1.267 ,-0.0034],[-0.9009,-0.1689, 0.1253,-0.2785],0.2929
2743,[-0.9041,-0.1869, 0.2116,-0.3109],[ 0.3063,-0.6372, 1.4985,78.0964, 0.8471],[-0.9046,-0.192 , 0.2132,-0.2996],0.255
2800,[-0.8968, 0.0342,-0.0017,-0.4288],[ 1.3633, 1.4523,76.3187, 4.7566, 0.7409],[-8.9872e-01, 3.0248e-02,-3.0470e-04,-4.1384e-01],0.402
2801,[-0.8996,-0.0167, 0.0743,-0.4234],[-0.0085,-1.0572, 1.5736, 1.5209,-0.1696],[-0.9011,-0.0254, 0.0792,-0.4107],0.3794
2802,[-0.8971, 0.0327,-0.0858,-0.4359],[ 0.0813,13.1167,-0.7029, 1.3424,-1.0263],[-0.8985, 0.0414,-0.0924,-0.4253],0.3568
2810,[-0.8868, 0.0631,-0.0391,-0.4502],[ 1.4154, 1.7844, 1.7839,33.0034, 1.1457],[-0.8889, 0.0601,-0.0318,-0.4331],0.3357
2811,[-0.8846, 0.0593, 0.0616,-0.4957],[-0.3399,-0.2128, 0.0701,-0.0042,-0.2441],[-0.8865, 0.0434, 0.0778,-0.4776],0.3124
2812,[-0.8873, 0.0765,-0.0784,-0.4468],[55.0899, 3.571 , 0.5625, 1.0461, 0.5851],[-0.8891, 0.0783,-0.081 ,-0.432 ],0.3066
2814,[-0.9061, 0.1431,-0.1848,-0.4441],[-0.083 , 5.5935,-0.4565, 2.4603,-0.8229],[-0.9069, 0.1515,-0.1886,-0.4304],0.2952
2820,[-0.8907,-0.0679, 0.0367,-0.4737],[-0.2407, 2.2977, 0.0399, 1.2287,-0.0571],[-0.893 ,-0.0643, 0.0302,-0.4699],0.3515
2821,[-0.9019,-0.0635, 0.0818,-0.4084],[2.1525,0.0107,2.6078,1.9951,0.3613],[-0.9034,-0.0673, 0.0843,-0.3936],0.37
2832,[-0.9038, 0.1782,-0.158 ,-0.4522],[0.5578,0.4592,0.3687,2.0034,0.2106],[-0.9059, 0.179 ,-0.1599,-0.4408],0.2918
2834,[-0.9081, 0.1827,-0.2031,-0.4173],[ 0.2485, 6.9136,-0.0088, 1.3969, 0.4418],[-0.9092, 0.1885,-0.2051,-0.4038],0.278
2843,[-0.8983,-0.1763, 0.2031,-0.3807],[ 1.9009,-0.5975, 1.1553, 4.9482, 0.614 ],[-0.899 ,-0.1822, 0.2076,-0.3631],0.2413
2900,[-0.9   , 0.0356, 0.0052,-0.6314],[ 2.2633e+00, 1.3099e-01, 6.8195e+02, 2.3645e+00,-1.7318e-01],[-0.9029, 0.0301, 0.0076,-0.6147],0.4199
2901,[-0.9024,-0.0013, 0.0666,-0.6455],[-0.2759,-0.8007,47.8766, 2.3429,-0.5145],[-0.9048,-0.0115, 0.0704,-0.6299],0.405
2902,[-0.8814, 0.0335,-0.0779,-0.7056],[-1.532 ,24.7312,-2.8216,-0.0851,-2.8318],[-0.884 , 0.0405,-0.0818,-0.6897],0.3024
2910,[-0.882 , 0.0661,-0.0411,-0.6791],[-0.0681, 0.1402, 0.5612,66.8301,-1.0821],[-0.8851, 0.0635,-0.0345,-0.6624],0.3175
2912,[-0.8842, 0.0763,-0.0733,-0.6833],[ -4.3069,  8.2047, -7.7601,139.5795, -7.6491],[-0.8871, 0.0779,-0.0751,-0.6671],0.3017
2914,[-0.9022, 0.1395,-0.1797,-0.551 ],[ 0.1761,10.5196,-1.1246, 0.6995,-0.4212],[-0.9033, 0.1487,-0.1875,-0.5337],0.2835
2920,[-0.8808,-0.072 , 0.0396,-0.5946],[-1.7637,-0.6506,-1.0829, 0.341 ,-2.8095],[-0.8836,-0.0689, 0.0359,-0.5779],0.3072
2921,[-0.8798,-0.0818, 0.0637,-0.6294],[ 0.2835,-0.4434, 2.6101, 3.5655,-0.0148],[-0.8827,-0.081 , 0.0606,-0.6119],0.2896
2934,[-0.8942, 0.1763,-0.1877,-0.5298],[-0.2752, 3.6945,-0.8249, 3.4678,-0.536 ],[-0.896 , 0.1806,-0.1845,-0.5135],0.2413
3001,[-0.8308, 0.0053, 0.1076, 0.5062],[-0.0829,-0.99  , 0.1913,-0.6672,-0.5193],[-0.828 ,-0.0019, 0.1088, 0.4931],0.1098
3101,[-0.8356, 0.0218, 0.1116, 0.4842],[-1.0026,-1.3438, 0.2347,-1.1701, 0.0554],[-0.8328, 0.0129, 0.1105, 0.4861],0.1184
3102,[-0.8651, 0.0375,-0.0658, 0.3875],[-0.5312,-0.3288,-0.9722,-0.9579,-0.7019],[-0.8633, 0.0396,-0.0682, 0.3745],0.2284
3110,[-0.8535, 0.126 ,-0.0109, 0.4021],[-0.36  ,-0.9949, 0.3394,-0.9831, 0.1984],[-0.8526, 0.1138, 0.0195, 0.4138],0.1764
3111,[-0.849 , 0.0813, 0.0724, 0.4448],[-0.4856,-0.4468,-0.2282,-0.5803,-0.5014],[-0.847 , 0.0682, 0.0899, 0.4564],0.1537
3112,[-0.855 , 0.1511,-0.0784, 0.3751],[ 0.1527, 0.0418,-1.2972,-0.7803,-0.0486],[-0.8545, 0.1424,-0.0537, 0.386 ],0.1648
3200,[-0.8488, 0.0501,-0.0507, 0.2705],[-1.3045,-1.0878,-1.1516,-2.5212,-1.0011],[-0.8477, 0.0492,-0.0429, 0.2562],0.1796
3202,[-0.8567, 0.0461,-0.0682, 0.3307],[-0.6217, 0.4568,-1.5692,-1.7084,-0.6221],[-0.8551, 0.0473,-0.0667, 0.3199],0.1972
3212,[-0.8557, 0.1617,-0.111 , 0.3576],[-0.6095, 0.2325,-1.3271,-1.129 , 1.0367],[-0.8552, 0.1548,-0.0896, 0.3694],0.1492
3232,[-0.857 , 0.1719,-0.1477, 0.3322],[-0.2363,-0.5372,-0.0441,-0.4467, 0.9013],[-0.8563, 0.1673,-0.1304, 0.3453],0.1329
3234,[-0.8614, 0.1797,-0.197 , 0.2901],[ 0.1531, 1.2717,-1.1267,-0.7116,-0.184 ],[-0.8601, 0.1787,-0.1866, 0.2998],0.1194
3300,[-0.8626, 0.0018, 0.0059, 0.1663],[ 0.0771,-0.2899,-0.8619,-1.6073, 1.093 ],[-0.8619, 0.0009, 0.0087, 0.1557],0.2549
3312,[-0.8642, 0.0701,-0.1484, 0.1359],[-0.5681, 0.4142,-1.4753,-1.9718, 0.8384],[-0.8627, 0.0763,-0.1477, 0.1214],0.1816
3400,[-0.8628,-0.0229, 0.0317, 0.0575],[ 0.0617, 2.4697, 1.8123,-1.9802, 2.0552],[-0.8626,-0.0236, 0.0317, 0.0435],0.2461
3412,[-0.8582, 0.0947,-0.1544, 0.069 ],[ 0.7974, 2.1588,-1.2253,-0.904 , 2.4009],[-0.857 , 0.0996,-0.1573, 0.0538],0.1504
3414,[-0.8537, 0.1139,-0.1682, 0.0082],[-1.0924,-0.0388,-2.9908,-1.7732, 0.2371],[-0.8527, 0.1184,-0.1705,-0.0074],0.1248
3434,[-0.8628, 0.21  ,-0.2692, 0.0846],[ 2.5235, 2.6599,-1.121 ,-0.757 , 1.8218],[-0.8609, 0.2135,-0.2692, 0.0783],0.0773
3500,[-0.8626,-0.0255, 0.0279,-0.0477],[-1.6936,-1.1682,-0.6948,-3.2044,-1.2201],[-0.8629,-0.0258, 0.0286,-0.0579],0.2474
3501,[-0.8651,-0.0494, 0.0657,-0.0855],[-2.0441,-3.4602,-1.3619,-2.801 ,-1.2137],[-0.8655,-0.0512, 0.0666,-0.1005],0.2326
3514,[-0.8523, 0.1205,-0.1712,-0.0148],[-0.8939, 0.0065,-2.7079,-0.4285,-1.633 ],[-0.8515, 0.1247,-0.172 ,-0.0293],0.1182
3600,[-0.8647,-0.0112, 0.0058,-0.1417],[-2.6067,-1.8985,-2.0488,-3.3677,-1.6047],[-0.8654,-0.0103, 0.0009,-0.1508],0.2715
3601,[-0.8663,-0.0543, 0.0631,-0.1294],[-2.6763,-4.1933,-2.5848,-3.2236,-3.7178],[-0.8668,-0.0552, 0.0618,-0.1424],0.2379
3610,[-0.8401, 0.0718,-0.0487,-0.2409],[-2.9907,-3.4249,-1.7508,-3.7036,-2.4608],[-0.8414, 0.0702,-0.0475,-0.2573],0.1496
3612,[-0.8383, 0.0741,-0.0626,-0.242 ],[ 0.1663, 0.3686,-1.7175,-0.4205, 0.5778],[-0.8394, 0.0728,-0.0539,-0.2325],0.1402
3710,[-0.8542, 0.0656,-0.0478,-0.3398],[-0.4765,-1.8417, 0.8236,-0.3022,-0.8762],[-0.8558, 0.0648,-0.0505,-0.3346],0.2007
3712,[-0.8477, 0.0742,-0.0791,-0.3317],[ 0.6643, 4.209 ,-0.1933,-0.052 , 2.0455],[-0.8491, 0.0752,-0.0782,-0.3332],0.1635
3720,[-0.8636,-0.0575, 0.0429,-0.351 ],[-1.3072,-0.7731,-1.8436,-1.2166,-0.5656],[-0.8652,-0.0567, 0.0433,-0.3445],0.2387
3800,[-0.8543, 0.042 ,-0.0355,-0.4458],[0.7552,1.9673,2.5503,1.762 ,1.0627],[-0.8562, 0.0419,-0.0363,-0.4376],0.2151
3802,[-0.8481, 0.0512,-0.0691,-0.4525],[-0.6731, 2.2727,-1.2145,-0.1048, 0.3552],[-0.8498, 0.0537,-0.0718,-0.4427],0.175
3810,[-0.8512, 0.0662,-0.0506,-0.4731],[1.3694,0.3815,7.7419,0.8193,1.2972],[-0.8534, 0.0656,-0.051 ,-0.4722],0.1911
3812,[-0.8544, 0.0668,-0.063 ,-0.4711],[ 1.5466,12.4925, 0.0367, 1.9997, 2.8438],[-0.8565, 0.0672,-0.0622,-0.4686],0.1969
3820,[-0.8582,-0.0662, 0.0459,-0.4299],[ 0.6469, 0.3541, 0.1399,-0.1473,-0.0995],[-0.8603,-0.0645, 0.0413,-0.4158],0.2185
3821,[-0.8477,-0.066 , 0.0577,-0.4736],[ 0.9714,-0.1159, 2.2967, 0.4511, 0.4963],[-0.8498,-0.0658, 0.0557,-0.4569],0.1762
3832,[-0.8418, 0.1886,-0.119 ,-0.4824],[0.6625,0.7888,0.8582,0.3806,0.8777],[-0.8455, 0.1836,-0.102 ,-0.5004],0.1038
3900,[-0.8392, 0.0336,-0.0309,-0.8925],[ 0.6548, 3.0387, 5.2537,61.6396, 0.5477],[-0.843 , 0.0346,-0.0351,-0.8785],0.1697
3901,[-0.8297,-0.0473, 0.0662,-0.6069],[-1.55  ,-3.0115, 0.235 ,-0.4739,-2.3963],[-0.8322,-0.0497, 0.0663,-0.6065],0.121
3902,[-0.8348, 0.0461,-0.076 ,-0.8074],[-1.3778,12.3707,-2.7005, 0.7091,-2.286 ],[-0.838 , 0.0501,-0.0782,-0.7985],0.1365
3910,[-0.8457, 0.068 ,-0.0508,-0.7177],[  0.7017,  2.0878,357.0369,  3.645 ,  1.2156],[-0.849 , 0.0677,-0.0522,-0.7146],0.1751
3912,[-0.8443, 0.0684,-0.0637,-0.7354],[1.0574e+00,6.2717e+02,4.1796e-01,2.4278e+00,5.0855e-01],[-0.8476, 0.069 ,-0.0619,-0.7319],0.1666
3920,[-0.8429,-0.0673, 0.0426,-0.8358],[-0.7284, 2.9914,-0.6233,10.6617,-0.5889],[-0.8467,-0.0658, 0.0389,-0.8194],0.1729
3921,[-0.8419,-0.0866, 0.0947,-0.7242],[ 0.4633,-0.2396,15.3656, 0.1697, 1.0155],[-0.8448,-0.0886, 0.0928,-0.7113],0.1391
3932,[-0.839 , 0.1836,-0.1031,-0.6407],[-1.0913,-0.7951,-0.8802, 0.1675,-1.5569],[-0.8432, 0.1775,-0.0844,-0.6302],0.1063
3934,[-0.8262, 0.1963,-0.1756,-0.5701],[ 0.1774, 2.9398,-1.3964, 0.4639,-0.2192],[-0.8291, 0.1966,-0.1674,-0.5524],0.0309
4800,[-0.8092, 0.0244,-0.0211,-0.4915],[-0.0418,-0.0672, 1.3675,-0.4245, 1.3592],[-0.8115, 0.0244,-0.0212,-0.4946],0.0811
4802,[-0.8056, 0.0317,-0.0764,-0.478 ],[-0.712 , 0.5033,-1.0119,-0.8086,-0.3675],[-0.8073, 0.0356,-0.0785,-0.4707],0.0494
4810,[-0.8145, 0.0706,-0.0493,-0.469 ],[ 0.186 ,-0.4289, 0.7716,-0.1175, 0.5263],[-0.8167, 0.0696,-0.0487,-0.4608],0.0742
4812,[-0.8194, 0.0639,-0.0718,-0.4752],[ 0.1837, 0.8486,-0.1869,-0.3643, 1.5625],[-0.8214, 0.0652,-0.0706,-0.4714],0.0821
4900,[-0.7971, 0.0362,-0.0299,-0.8473],[  4.6642,  3.3935,142.818 ,  0.2436,  1.6018],[-0.8009, 0.0366,-0.0334,-0.8522],0.0426
4901,[-0.8021,-0.0176, 0.075 ,-0.863 ],[-2.9891,-4.1273,-2.0255,-2.7118,-2.6615],[-0.8054,-0.0229, 0.078 ,-0.8518],0.0473
4902,[-0.7948, 0.0363,-0.0695,-0.7724],[-2.0799e-01, 3.4340e+02,-6.5229e-01,-2.9049e-01, 8.4234e-01],[-0.798 , 0.0395,-0.0702,-0.7753],0.0257
4910,[-0.8039, 0.0649,-0.0494,-0.7741],[ 0.6127, 0.3367,29.7517, 0.6377, 0.2822],[-0.8074, 0.0648,-0.051 ,-0.7665],0.0496
4912,[-0.8028, 0.0668,-0.0676,-0.7835],[  0.8291,122.9575, -0.2083,  1.2423,  0.8392],[-0.8062, 0.0678,-0.0655,-0.7768],0.0413
4914,[-0.7921, 0.1425,-0.1791,-0.8027],[-0.6992, 0.6692,-1.7599,-0.5285, 0.297 ],[-0.7943, 0.1473,-0.1813,-0.7931],-0.044
4920,[-0.795 ,-0.0689, 0.0406,-0.8494],[ 0.5657,11.0675,-0.2964,-0.1537,-0.0848],[-0.7989,-0.0679, 0.0415,-0.8576],0.0278
4921,[-0.8038,-0.0688, 0.0602,-0.8544],[-0.0729,-0.5101,13.1681,-0.0215, 0.8257],[-0.8077,-0.0692, 0.0592,-0.8605],0.0468
4932,[-0.8141, 0.1929,-0.1467,-0.8816],[-0.1824, 0.9001,-0.3722, 0.0743,-0.8179],[-0.8188, 0.1918,-0.1345,-0.8681],0.0163
4934,[-0.8034, 0.1826,-0.191 ,-0.8091],[ 1.3378, 3.8061,-0.9675, 0.9454,-0.3504],[-0.8062, 0.1859,-0.188 ,-0.7912],-0.0286
5800,[-0.7494, 0.0348, 0.0141,-0.478 ],[ 0.1885, 0.0059, 0.6509,-1.1827, 1.1889],[-0.7516, 0.0323, 0.0116,-0.4886],-0.0688
5810,[-0.7385, 0.0614,-0.0203,-0.4193],[-0.0275,-0.7017, 0.0608,-0.8208, 0.6148],[-0.7406, 0.0588,-0.0076,-0.4296],-0.0989
5820,[-0.7512,-0.0788, 0.0478,-0.4743],[-0.4705,-0.3002,-0.5692,-0.458 , 0.3014],[-0.7537,-0.0775, 0.0468,-0.4918],-0.0826
5821,[-0.7466,-0.0808, 0.0667,-0.4885],[ 0.2433,-0.8751, 0.3717,-0.0871, 1.6202],[-0.7489,-0.0801, 0.0579,-0.4743],-0.0954
5900,[-7.4953e-01, 1.8445e-04,-1.7662e-02,-7.1944e-01],[ 5.5194e-01, 1.6838e+00, 2.2234e+02,-1.7233e-01, 2.8599e+00],[-0.7527, 0.0017,-0.024 ,-0.7269],-0.0691
5901,[-0.744 ,-0.0377, 0.0625,-0.7137],[-0.129 ,-1.2888, 8.7828,-0.3503, 0.7681],[-0.747 ,-0.0396, 0.0606,-0.7214],-0.091
5902,[-0.7575, 0.0337,-0.0656,-0.7438],[-2.7578e-02, 2.9716e+02,-4.6329e-01,-6.4853e-02, 1.7890e+00],[-0.7606, 0.0363,-0.0658,-0.7512],-0.0619
5910,[-0.7587, 0.0626,-0.0427,-0.8281],[-0.2692,-0.5601, 1.9548,-2.8335,56.5516],[-0.7625, 0.062 ,-0.0404,-0.8368],-0.0581
5912,[-0.7598, 0.0661,-0.074 ,-0.8458],[-8.8523,10.7075,-9.4062,-9.6338,-4.0092],[-0.7635, 0.0675,-0.0731,-0.8535],-0.0645
5914,[-0.754 , 0.1351,-0.179 ,-0.9285],[-0.8474, 0.6745,-1.7871,-0.6065,-0.0381],[-0.7567, 0.14  ,-0.1797,-0.9283],-0.12
5920,[-0.7609,-0.0655, 0.039 ,-0.7445],[ 0.2815, 1.1584,-0.8863,-1.3195, 1.7833],[-0.7644,-0.0644, 0.0355,-0.7568],-0.0534
5921,[-0.7487,-0.074 , 0.0769,-0.7354],[-0.1776,-1.1783,16.779 ,-0.4253, 2.1287],[-0.752 ,-0.0748, 0.0726,-0.7435],-0.0903
6600,[-0.689 , 0.0081,-0.025 ,-0.2344],[-0.004 ,-0.127 , 0.5757,-1.109 , 0.3229],[-0.69  , 0.0092,-0.0301,-0.2512],-0.1825
6700,[-0.6932, 0.0065,-0.0014,-0.3504],[-0.0994,-0.4577, 0.3753,-1.3838, 4.9037],[-0.6948, 0.0062, 0.0008,-0.3639],-0.1746
6701,[-0.694 ,-0.0159, 0.0704,-0.3585],[-1.0123,-1.9137, 0.1695,-2.1186, 0.4972],[-0.6952,-0.0186, 0.0705,-0.3676],-0.1827
6702,[-0.6957, 0.0241,-0.0704,-0.3539],[-1.2601,-0.6608,-2.2391,-2.095 , 0.0793],[-0.6969, 0.0264,-0.0697,-0.3546],-0.1809
6710,[-0.7132, 0.0735,-0.0383,-0.3255],[-0.11  ,-0.5113, 0.1487,-0.7476, 0.6342],[-0.7149, 0.0721,-0.0383,-0.3288],-0.1536
6712,[-0.7166, 0.066 ,-0.0696,-0.353 ],[-0.4771, 0.654 ,-0.9283,-1.4816, 0.3652],[-0.7182, 0.0663,-0.0665,-0.3563],-0.1518
6800,[-0.6956, 0.0053, 0.0037,-0.4586],[-20.8004,-20.9614,-20.5855,-22.2437,-19.7345],[-0.6976, 0.0048, 0.0053,-0.4717],-0.1701
6801,[-0.6947,-0.0115, 0.0752,-0.463 ],[-3.3057,-4.9718,-2.3279,-5.1902,-2.8181],[-0.6964,-0.0147, 0.0738,-0.4769],-0.1806
6802,[-0.6964, 0.027 ,-0.075 ,-0.459 ],[-19.5272,-19.2787,-19.6097,-20.4712,-18.5095],[-0.6981, 0.0296,-0.0759,-0.4698],-0.1805
6810,[-0.7115, 0.0632,-0.0176,-0.429 ],[-0.9674,-0.8681,-0.0867,-1.8016, 0.7297],[-0.7136, 0.0606,-0.0055,-0.4352],-0.1497
6812,[-0.7079, 0.065 ,-0.106 ,-0.441 ],[-3.2938,-2.2206,-4.0627,-4.1574,-2.0684],[-0.7093, 0.0673,-0.1036,-0.4453],-0.1732
6900,[-0.7131, 0.0021,-0.0046,-0.6011],[  2.5774,  2.0757,261.8747, -0.7401,  3.4734],[-0.7157, 0.0024,-0.0082,-0.6134],-0.1397
6901,[-0.7054,-0.0216, 0.0719,-0.5668],[-0.2552,-1.4721,45.7391,-1.7433, 0.7391],[-0.7076,-0.0242, 0.0672,-0.5804],-0.1623
6902,[-0.7135, 0.0369,-0.0702,-0.629 ],[ 0.8678,43.658 ,-0.5072,-1.1994,42.2443],[-0.7161, 0.0391,-0.0699,-0.6445],-0.1506
6910,[-0.7177, 0.0635,-0.038 ,-0.6808],[-2.3412,-2.7322, 5.7318,-3.5709, 3.9284],[-0.7209, 0.0626,-0.0356,-0.6938],-0.1407
6911,[-0.6977, 0.0663, 0.0608,-0.6861],[-1.7544,-2.1109,-0.6061,-1.6656,-0.8071],[-0.7009, 0.0607, 0.0511,-0.7041],-0.1772
6912,[-0.7179, 0.0685,-0.091 ,-0.6819],[-5.5063, 1.2858,-7.6358,-7.3536,-0.1333],[-0.7207, 0.0703,-0.0873,-0.6963],-0.1517
6914,[-0.7094, 0.1123,-0.175 ,-0.6933],[-0.4156, 3.0837,-2.7006,-0.6543, 0.3596],[-0.711 , 0.1166,-0.1744,-0.7041],-0.1921
6921,[-0.7244,-0.0642, 0.0923,-0.6504],[ 0.4759,-1.4738, 2.8959,-1.5549, 0.5695],[-0.7269,-0.0664, 0.0923,-0.659 ],-0.1414
7422,[-0.6695,-0.1411,-0.1202, 0.0216],[-3.9418,-3.6154,-6.8017,-5.7126,-2.5419],[-0.6697,-0.1307,-0.1255, 0.0127],-0.2449
7442,[-0.6664,-0.1821,-0.0928, 0.018 ],[-3.3467,-2.6842,-4.9749,-3.8811,-1.9069],[-0.6678,-0.1712,-0.102 , 0.0158],-0.2499
7500,[-0.6652,-0.0061,-0.0352,-0.1154],[-0.6032,-1.4513,-0.7618,-1.8207, 0.5317],[-0.6657,-0.0046,-0.0289,-0.1291],-0.2182
7502,[-0.6668,-0.041 ,-0.126 ,-0.1048],[-2.9194,-1.9651,-4.8892,-4.1682,-1.8187],[-0.6664,-0.0345,-0.121 ,-0.1169],-0.2346
7504,[-0.6593,-0.0197,-0.1848,-0.1171],[-4.4844,-4.1198,-6.1367,-5.2581,-3.6748],[-0.6577,-0.0119,-0.1819,-0.1252],-0.2516
7522,[-0.6711,-0.1284,-0.1262,-0.0746],[-2.8525, 1.3604,-6.177 ,-4.6661, 0.7009],[-0.6714,-0.118 ,-0.1308,-0.0891],-0.2417
7524,[-0.668 ,-0.0827,-0.1718,-0.1194],[-5.7475,-5.3782,-7.2273,-6.3589,-5.4984],[-0.667 ,-0.0724,-0.176 ,-0.1357],-0.2473
7542,[-0.6638,-0.1969,-0.0796,-0.0108],[-20.1182,-17.971 ,-22.1097,-21.5201,-18.9396],[-0.6654,-0.1878,-0.0875,-0.0179],-0.2531
7600,[-0.6741, 0.002 ,-0.0252,-0.2195],[-1.661 ,-2.816 ,-2.5392,-3.2903,-0.0771],[-0.6751, 0.0027,-0.0175,-0.2317],-0.204
7602,[-0.6704,-0.0363,-0.1274,-0.2136],[-19.3706,-17.7411,-21.6391,-20.6342,-18.027 ],[-0.6704,-0.0297,-0.1219,-0.2277],-0.2288
7604,[-0.6662,-0.0378,-0.1738,-0.218 ],[-14.7403,-13.8068,-16.2611,-15.1358,-13.9557],[-0.6653,-0.0292,-0.1728,-0.2299],-0.243
7622,[-0.6723,-0.0809,-0.1436,-0.1679],[-12.709 ,-11.2678,-16.1898,-14.6351,-11.7676],[-0.6721,-0.0717,-0.1442,-0.1827],-0.2359
7624,[-0.6693,-0.0672,-0.1719,-0.1893],[-6.3307,-5.4785,-8.5116,-7.0565,-5.8618],[-0.6685,-0.0574,-0.174 ,-0.2014],-0.2429
7700,[-0.6784, 0.0023,-0.0218,-0.3345],[-14.6752,-15.002 ,-15.4381,-15.872 ,-13.109 ],[-0.6799, 0.0028,-0.0129,-0.3483],-0.1965
7701,[-0.684 ,-0.0093, 0.0704,-0.3542],[-2.7102,-3.9856,-1.1948,-3.4687,-2.1397],[-0.6853,-0.0122, 0.0701,-0.3657],-0.1969
7702,[-0.6726,-0.0096,-0.1065,-0.3061],[-28.0645,-26.2165,-30.1813,-29.6402,-26.8585],[-0.6733,-0.0049,-0.0976,-0.3202],-0.2184
7704,[-0.6647,-0.0099,-0.1783,-0.2946],[-14.3654,-13.734 ,-16.3284,-15.2878,-14.4205],[-0.664 ,-0.0022,-0.1762,-0.3079],-0.2431
7800,[-0.6832, 0.009 ,-0.0107,-0.4217],[-56.79  ,-57.0441,-56.9689,-58.2214,-56.5784],[-0.6851, 0.0088,-0.0041,-0.4353],-0.1897
7801,[-0.686 ,-0.0049, 0.0723,-0.434 ],[-5.6588,-6.6941,-4.6925,-6.8678,-5.2849],[-0.6876,-0.0081, 0.071 ,-0.4472],-0.1932
7802,[-0.6778, 0.0212,-0.0841,-0.42  ],[-36.8484,-36.0039,-37.8886,-37.6622,-35.9134],[-0.6793, 0.0239,-0.0769,-0.4332],-0.2084
7804,[-0.6639, 0.0352,-0.182 ,-0.4152],[-2.431 ,-1.6533,-3.8684,-3.4119,-2.2725],[-0.6635, 0.0414,-0.179 ,-0.4254],-0.2475
7810,[-0.6712, 0.0617,-0.0426,-0.4748],[-2.4035,-3.2601,-1.856 ,-3.6288,-1.8422],[-0.6735, 0.0611,-0.0399,-0.4816],-0.217
7812,[-0.6727, 0.0635,-0.1083,-0.4613],[-4.2804,-3.3412,-5.3209,-5.5859,-3.4207],[-0.6742, 0.0655,-0.0997,-0.4729],-0.2252
7814,[-0.6586, 0.0631,-0.1969,-0.4768],[-2.5989,-1.6608,-4.6481,-3.7419,-2.325 ],[-0.6583, 0.0688,-0.1925,-0.4934],-0.2595
7900,[-0.6856, 0.0299,-0.0102,-0.5227],[ -9.6611, -9.7446, -9.3062,-10.4324, -9.3359],[-0.6879, 0.0289,-0.0066,-0.5352],-0.1892
7901,[-0.6866, 0.012 , 0.0761,-0.5273],[-2.6557,-3.7137,-1.6242,-3.6118,-2.7698],[-0.6886, 0.008 , 0.0709,-0.5417],-0.1914
7902,[-0.6841, 0.0403,-0.081 ,-0.5218],[-7.6865,-7.2793,-7.9776,-8.4423,-7.6593],[-0.6861, 0.0424,-0.0777,-0.5334],-0.2015
7904,[-0.6762, 0.0501,-0.1775,-0.5055],[-0.5496,-1.2607,-0.5342,-1.5868,-1.087 ],[-0.676 , 0.0566,-0.1899,-0.5237],-0.2353
7910,[-0.6813, 0.0699,-0.0258,-0.5716],[-3.7743,-4.4009,-2.5018,-4.5347,-3.1084],[-0.6841, 0.0677,-0.0153,-0.5853],-0.2
7912,[-0.6789, 0.0724,-0.1044,-0.5557],[-5.4608,-4.4678,-6.6099,-6.645 ,-4.9076],[-0.681 , 0.0741,-0.0972,-0.567 ],-0.2167
7914,[-0.6734, 0.0973,-0.1938,-0.6212],[-0.5317, 5.5378,-2.0405,-1.4398,-0.0903],[-0.6741, 0.1022,-0.1915,-0.6364],-0.2447
