1300,[-0.9153,-0.0333, 0.0362, 0.1373],[  0.8883,  2.4793,  2.1992,  0.6162,261.6994],[-0.9147,-0.0337, 0.0376, 0.1331],0.4412
1301,[-0.9155,-0.0489, 0.0632, 0.1375],[ 1.4407e-01,-6.4176e-01, 1.0726e+02, 6.6782e-02, 2.8958e+00],[-0.9148,-0.0505, 0.0628, 0.142 ],0.4278
1302,[-0.9145, 0.0474,-0.0636, 0.1397],[-2.4197,-1.357 ,-3.4051,-2.2804,-1.4357],[-0.9138, 0.0492,-0.0635, 0.1433],0.4278
1310,[-0.9163, 0.0649,-0.0396, 0.1487],[-10.6323,-11.8063, -9.355 ,-10.7571,-10.4495],[-0.9157, 0.0604,-0.0345, 0.1515],0.4362
1312,[-0.9162, 0.0777,-0.0805, 0.1405],[ 0.9222, 1.5707,-1.7827, 0.94  , 1.4517],[-0.9156, 0.0768,-0.0755, 0.1426],0.4064
1320,[-0.9158,-0.0628, 0.0449, 0.1354],[ 0.9516, 7.3818,-0.1213,-0.0316, 5.9077],[-0.9153,-0.06  , 0.0445, 0.1365],0.4333
1321,[-0.9164,-0.0689, 0.0837, 0.1404],[ 1.2799, 0.125 , 2.9761, 1.4093,13.5507],[-0.9157,-0.0702, 0.0824, 0.1358],0.4075
1323,[-0.9224,-0.1477, 0.1697, 0.1345],[-0.251 ,-1.3601, 4.2288, 0.4028, 4.1054],[-0.9216,-0.1489, 0.1644, 0.141 ],0.3184
1332,[-0.915 , 0.1815,-0.1312, 0.1395],[-5.5018,-6.0027,-4.3245,-5.6163,-5.6717],[-0.9156, 0.1715,-0.1095, 0.1426],0.3576
1334,[-0.9141, 0.1966,-0.1679, 0.1285],[ 3.4295, 5.6394,-1.242 , 3.0973, 1.7101],[-0.9145, 0.1902,-0.1512, 0.1383],0.3248
1341,[-0.9178,-0.1786, 0.1381, 0.1581],[-3.2516,-3.1515,-3.2433,-3.2804,-2.9225],[-0.9181,-0.1698, 0.1184, 0.1571],0.3449
1343,[-0.9156,-0.1995, 0.19  , 0.1418],[ 0.5913,-0.2878, 3.9576, 1.9654, 2.396 ],[-0.9154,-0.1957, 0.1777, 0.1509],0.3127
1400,[-0.9158,-0.0314, 0.0322, 0.0661],[2.5497e-01,9.3776e+02,3.6843e+00,5.8327e+00,1.9417e+00],[-0.9155,-0.0318, 0.0351, 0.0719],0.4426
1401,[-0.9151,-0.0468, 0.064 , 0.0679],[ 3.8701e-01,-1.3217e-01, 5.2933e+02,-3.1060e-01, 6.0315e-01],[-0.9146,-0.0491, 0.0645, 0.0729],0.4283
1402,[-0.9167, 0.0409,-0.0687, 0.0511],[ 0.0791,39.9016,-0.9242, 0.1591, 1.1216],[-0.9163, 0.0447,-0.0695, 0.0632],0.429
1410,[-0.9182, 0.0632,-0.0425, 0.0683],[-29.2827,-30.1988,-29.0102,-29.7512,-29.9805],[-0.918 , 0.0594,-0.0376, 0.074 ],0.4301
1412,[-0.9172, 0.0735,-0.0834, 0.0632],[ 1.1049,45.3524, 0.6229, 2.0485, 1.5921],[-0.9168, 0.0743,-0.081 , 0.0739],0.4053
1414,[-0.9195, 0.1514,-0.1744, 0.0213],[ 0.3642,31.091 ,-0.4029, 0.5557, 0.5079],[-0.919 , 0.1539,-0.172 , 0.034 ],0.3229
1420,[-0.9168,-0.0602, 0.0489, 0.0522],[ 4.9713e-01, 3.5637e+02,-1.1703e-01, 1.4034e-01, 5.7425e-01],[-0.9166,-0.0584, 0.0488, 0.0603],0.4341
1421,[-0.9167,-0.0677, 0.0726, 0.0536],[  1.183 ,  0.4859,337.662 ,  1.1985,  1.8953],[-0.9164,-0.0678, 0.0702, 0.061 ],0.4172
1423,[-0.9186,-0.1476, 0.1746, 0.0407],[ 0.7684,-0.3511,50.0228, 0.4737, 0.4785],[-0.9179,-0.1506, 0.1733, 0.0495],0.3224
1432,[-0.9234, 0.1783,-0.1594, 0.0569],[-9.4161,-9.5627,-9.0059,-8.6059,-9.7516],[-0.9236, 0.175 ,-0.158 , 0.0592],0.3011
1434,[-0.9177, 0.1955,-0.1975, 0.0467],[ 1.1257, 4.4282,-0.7593, 1.2517,-0.1688],[-0.9176, 0.1943,-0.1904, 0.0567],0.2957
1441,[-0.916 ,-0.1757, 0.1447, 0.0793],[-6.0164,-6.1765,-5.2873,-5.7689,-5.7585],[-0.9165,-0.1689, 0.1273, 0.0881],0.3432
1443,[-0.9172,-0.1857, 0.1981, 0.0459],[ 0.9683,-0.3567,28.3239, 2.5421, 1.2457],[-0.9168,-0.186 , 0.1927, 0.0567],0.299
1500,[-0.9159,-0.0204, 0.0191,-0.061 ],[ 1.4895, 2.2497, 2.3636,91.8079, 0.6019],[-0.9161,-0.0205, 0.0206,-0.0481],0.4499
1501,[-0.9151,-0.0457, 0.0653,-0.0451],[ 0.1595,-1.0979,43.8161,-0.3541,-1.1116],[-0.9152,-0.0488, 0.0664,-0.0376],0.4267
1502,[-0.9172, 0.0387,-0.069 ,-0.0596],[-8.0768,-5.3968,-9.7569,-7.8989,-8.4975],[-0.9172, 0.0435,-0.0715,-0.0482],0.4286
1510,[-0.9193, 0.0619,-0.0424,-0.0718],[-8.9696,-8.8511,-5.2304,-7.6143,-9.0588],[-0.9197, 0.0583,-0.0368,-0.0612],0.4304
1512,[-0.9194, 0.0698,-0.0774,-0.0625],[ 1.4306, 1.0955, 0.5491,23.0264, 0.257 ],[-0.9195, 0.0708,-0.0759,-0.0479],0.4052
1514,[-0.9174, 0.1462,-0.1818,-0.06  ],[ 0.155 ,14.6472,-1.0762, 0.6655, 0.522 ],[-0.9168, 0.1514,-0.1845,-0.0459],0.3167
1520,[-0.9168,-0.0607, 0.0486,-0.0583],[ 1.0582e+00, 1.8241e+02,-2.1991e-01, 1.1508e+00, 5.5504e-02],[-0.9171,-0.0591, 0.0486,-0.0495],0.4334
1521,[-0.9164,-0.0671, 0.0708,-0.0599],[  1.1645,  0.1684,119.2165,119.3159,  0.309 ],[-0.9166,-0.0675, 0.0693,-0.0503],0.4194
1523,[-0.9194,-0.1432, 0.1789,-0.0534],[-0.3333,-0.8616,34.7709, 0.8051,-0.1316],[-0.9189,-0.1485, 0.1808,-0.0413],0.3176
1532,[-0.918 , 0.168 ,-0.1567,-0.0132],[-4.1781,-4.4809,-3.9865,-4.1132,-4.7324],[-0.9182, 0.1666,-0.157 ,-0.0049],0.3272
1534,[-0.92  , 0.1889,-0.2081,-0.0604],[ 0.7206, 6.0163,-0.1708, 6.4332,-0.6008],[-0.9197, 0.1916,-0.2073,-0.0454],0.2787
1541,[-0.9194,-0.1708, 0.1514,-0.0825],[-3.997 ,-4.219 ,-4.1753,-3.3525,-4.5314],[-0.9202,-0.167 , 0.1403,-0.0832],0.3235
1543,[-0.9193,-0.1854, 0.2056,-0.0474],[ 0.023 ,-0.2282, 4.505 ,15.0969, 0.9292],[-0.919 ,-0.1881, 0.2046,-0.032 ],0.2846
1600,[-0.9162,-0.0053, 0.0043,-0.1652],[-58.0805,-57.262 ,-57.1081,-56.7959,-59.3972],[-0.9169,-0.0053, 0.0049,-0.1574],0.4546
1601,[-0.916 ,-0.0436, 0.0681,-0.1671],[-20.257 ,-21.3089,-19.0064,-20.1579,-20.7639],[-0.9166,-0.048 , 0.0711,-0.163 ],0.4232
1602,[-0.9144, 0.0446,-0.0663,-0.168 ],[-0.6917, 4.2701,-3.0143, 3.8501,-1.9622],[-0.915 , 0.0483,-0.0678,-0.1657],0.4281
1603,[-0.9207,-0.0533, 0.1819,-0.1467],[-0.8903,-1.2632,-0.6619,-0.4837,-1.3454],[-0.9194,-0.0729, 0.1874,-0.1325],0.3534
1610,[-0.918 , 0.0626,-0.043 ,-0.1759],[-16.804 ,-16.9655,-16.9952,-16.1969,-17.9986],[-0.9188, 0.0589,-0.0355,-0.1647],0.4338
1612,[-0.9171, 0.0693,-0.0746,-0.1803],[-1.1281, 0.9336,-3.2162, 0.6789,-1.8227],[-0.9178, 0.0701,-0.0715,-0.1698],0.4109
1614,[-0.9206, 0.1418,-0.1857,-0.1799],[ 1.667 , 4.2071,-0.3699, 2.6451,-1.1813],[-0.9203, 0.1496,-0.1901,-0.165 ],0.3071
1620,[-0.9147,-0.0625, 0.0466,-0.1685],[ 0.4427, 3.3894,-2.3199, 4.6273,-2.9485],[-0.9155,-0.0602, 0.0441,-0.1594],0.4376
1621,[-0.9144,-0.0718, 0.074 ,-0.1679],[ 0.7186,-0.9802, 3.948 ,86.5877,-0.2148],[-0.9151,-0.0724, 0.0726,-0.1574],0.4167
1623,[-0.9177,-0.1385, 0.1795,-0.172 ],[-1.0693,-2.4733, 0.4797,-1.2388,-2.5391],[-0.9175,-0.1456, 0.1835,-0.159 ],0.3214
1634,[-0.9236, 0.1752,-0.2025,-0.1444],[ 0.6773, 6.5909,-0.2029, 3.5638,-0.3355],[-0.9234, 0.1807,-0.2072,-0.1309],0.272
1641,[-0.9162,-0.1735, 0.1448,-0.1507],[-7.9635,-7.9187,-7.8607,-7.16  ,-8.3707],[-0.9175,-0.1692, 0.1342,-0.1444],0.3323
1643,[-0.9185,-0.1818, 0.1957,-0.1781],[-0.9303,-2.6738,-0.3535,-0.3674,-2.35  ],[-0.9189,-0.1846, 0.1936,-0.1627],0.2913
1700,[-0.9161, 0.012 ,-0.0084,-0.2879],[-54.3081,-54.0004,-53.9828,-53.6458,-55.139 ],[-0.9173, 0.0114,-0.0067,-0.2766],0.4587
1701,[-0.915 ,-0.0413, 0.0683,-0.27  ],[-11.6456,-12.1127,-10.2268,-11.0174,-12.1572],[-0.9159,-0.0466, 0.0732,-0.2628],0.4279
1702,[-0.916 , 0.0442,-0.0685,-0.3168],[-8.9166,-7.1708,-8.8878,-8.2607,-9.3705],[-0.9172, 0.0488,-0.0699,-0.3038],0.4273
1710,[-0.9162, 0.0631,-0.0446,-0.28  ],[-10.1441,-10.428 , -9.8012, -9.16  ,-10.5366],[-0.9175, 0.0603,-0.0397,-0.2682],0.4353
1712,[-0.9168, 0.0674,-0.0725,-0.2889],[-23.7575,-23.1157,-24.359 ,-22.8191,-24.3452],[-0.918 , 0.069 ,-0.0725,-0.2766],0.4133
1714,[-0.9223, 0.1129,-0.1757,-0.2646],[ 0.3765, 4.4931,-1.0407, 3.5535,-1.3168],[-0.9222, 0.124 ,-0.1774,-0.2484],0.3144
1720,[-0.9152,-0.0669, 0.0414,-0.2716],[-19.8749,-19.6978,-20.1152,-19.1202,-21.099 ],[-0.9165,-0.0633, 0.0376,-0.2632],0.438
1721,[-0.9154,-0.0841, 0.0879,-0.274 ],[-41.7468,-41.7301,-40.4503,-41.3109,-42.1829],[-0.9165,-0.0854, 0.0859,-0.2645],0.402
1723,[-0.919 ,-0.138 , 0.1767,-0.2851],[ 0.9137,-1.1473, 3.0211, 0.6943,-1.1549],[-0.9192,-0.1461, 0.1829,-0.2694],0.3203
1741,[-0.9136,-0.1711, 0.1566,-0.2691],[-8.2878,-8.21  ,-8.348 ,-7.769 ,-9.0716],[-0.9151,-0.1695, 0.1454,-0.2543],0.3375
1743,[-0.9208,-0.1681, 0.1957,-0.2604],[-3.9851,-5.093 ,-2.9071,-2.8058,-5.4745],[-0.9211,-0.1742, 0.1987,-0.247 ],0.2914
1800,[-0.9145, 0.005 ,-0.0157,-0.4054],[-28.578 ,-29.1784,-29.4895,-28.6056,-30.8029],[-0.9161, 0.0079,-0.0228,-0.3903],0.4655
1801,[-0.9137,-0.047 , 0.0606,-0.408 ],[-4.0357,-4.3427,-3.6474,-3.3769,-5.315 ],[-0.9153,-0.0503, 0.063 ,-0.3925],0.4333
1802,[-0.9147, 0.0395,-0.0702,-0.4068],[-2.9717,-2.1081,-4.1667,-2.1915,-4.7634],[-0.9162, 0.0456,-0.0738,-0.3917],0.4299
1810,[-0.9134, 0.0598,-0.0397,-0.4092],[-2.9683,-2.3471,-2.5409,-1.9156,-3.4882],[-0.9152, 0.0568,-0.0334,-0.3929],0.4474
1812,[-0.9157, 0.0728,-0.0784,-0.3974],[-10.0043, -9.8508,-10.4801, -8.9203,-11.0525],[-0.9173, 0.075 ,-0.0787,-0.3816],0.4102
1820,[-0.9149,-0.0749, 0.0378,-0.3901],[-4.1741,-3.2423,-3.8006,-3.2211,-4.3981],[-0.9168,-0.0705, 0.0384,-0.3735],0.438
1821,[-0.9131,-0.0849, 0.1005,-0.4023],[-15.4653,-16.3901,-14.8204,-14.6552,-16.1875],[-0.9145,-0.0885, 0.0995,-0.3858],0.3999
1900,[-9.1275e-01,-3.9913e-03,-3.6936e-04,-5.0889e-01],[-142.1991,-142.7704,-142.4577,-141.7471,-143.257 ],[-0.9149,-0.0021,-0.0086,-0.4907],0.487
2200,[-0.9024, 0.0379,-0.0255, 0.2543],[-9.01  ,-9.3127,-8.8177,-9.6735,-8.6163],[-0.9014, 0.0365,-0.0292, 0.24  ],0.4009
2210,[-0.904 , 0.0623,-0.0194, 0.2619],[-1.5047,-1.6102,-0.598 ,-1.8057,-0.5627],[-9.0317e-01, 5.4499e-02,-2.1931e-04, 2.4755e-01],0.4143
2212,[-0.9081, 0.0617,-0.0709, 0.2528],[-0.9788,-0.3948,-1.3718,-2.0822,-0.5793],[-0.907 , 0.0619,-0.0685, 0.2385],0.3959
2220,[-0.8907,-0.0616, 0.0321, 0.2608],[-1.3503,-0.9821,-1.8366,-2.2404,-1.2571],[-0.8898,-0.0565, 0.0168, 0.2465],0.347
2300,[-0.9087,-0.0399, 0.0391, 0.1424],[-89.612 ,-89.1207,-88.8759,-89.8318,-87.8986],[-0.9081,-0.0395, 0.038 , 0.1346],0.4202
2301,[-0.9088,-0.0499, 0.0645, 0.1395],[-25.8589,-26.7418,-24.7754,-26.6139,-24.1323],[-0.9081,-0.0513, 0.0641, 0.1371],0.4078
2302,[-0.9091, 0.0479,-0.0642, 0.1462],[-14.3414,-13.7245,-14.5028,-14.4049,-13.8187],[-0.9084, 0.0496,-0.0637, 0.1441],0.41
2310,[-0.9079, 0.0637,-0.0404, 0.1519],[-11.3166,-10.8901,-10.4125,-11.2432, -9.9156],[-0.9074, 0.0595,-0.0327, 0.1481],0.4155
2312,[-0.9083, 0.074 ,-0.0814, 0.1475],[-10.8727,-10.5883,-11.7844,-11.429 , -9.5835],[-0.9076, 0.0739,-0.0767, 0.145 ],0.3887
2320,[-0.9088,-0.0617, 0.0474, 0.1411],[-10.5568,-10.0324,-11.06  ,-11.4783,-10.3226],[-0.9083,-0.0592, 0.0445, 0.1371],0.4142
2321,[-0.9073,-0.0652, 0.0821, 0.1432],[-33.9387,-34.7584,-34.0827,-35.1333,-33.297 ],[-0.9065,-0.0668, 0.0817, 0.1363],0.385
2400,[-0.9085,-0.0409, 0.0347, 0.0596],[  1.3988,  6.5006,  8.8751, -1.0978,911.3413],[-0.9083,-0.0397, 0.0317, 0.0462],0.4248
2401,[-0.9091,-0.0484, 0.0638, 0.074 ],[-0.5436,-1.6444,69.2912,-1.9443, 7.3769],[-0.9087,-0.0501, 0.0635, 0.067 ],0.4114
2402,[-0.9063, 0.0335,-0.067 , 0.0527],[-32.573 ,-31.808 ,-33.5149,-33.1532,-32.6709],[-0.906 , 0.0378,-0.0687, 0.0433],0.4024
2410,[-0.908 , 0.0641,-0.0406, 0.0625],[-17.1637,-18.4524,-16.5346,-17.3435,-17.1934],[-0.9079, 0.0601,-0.0342, 0.0549],0.4167
2412,[-0.9078, 0.0769,-0.0837, 0.0742],[-5.3122,-3.8687,-8.3849,-6.2096,-3.3379],[-0.9074, 0.0769,-0.0795, 0.0663],0.3852
2414,[-0.9101, 0.157 ,-0.1782, 0.0126],[-3.4386,-2.2807,-5.5915,-4.2058,-2.2499],[-0.9097, 0.1589,-0.1738, 0.009 ],0.3097
2420,[-0.9074,-0.0616, 0.0459, 0.0517],[-5.2803,-6.9458,-7.1377,-7.0325,-4.5138],[-0.9074,-0.0587, 0.0396, 0.0411],0.4126
2421,[-0.9064,-0.0704, 0.0826, 0.0619],[ 3.3684, 0.0762,30.2141,-0.1221,30.1374],[-0.9061,-0.0715, 0.0803, 0.0506],0.3815
2423,[-0.9037,-0.1457, 0.1814, 0.0256],[-2.1554,-4.2914,-0.0698,-2.6775,-1.0953],[-0.903 ,-0.1494, 0.1813, 0.0211],0.2845
2432,[-0.9053, 0.1808,-0.1407, 0.0422],[-3.4912,-4.236 ,-3.8605,-3.7505,-2.8637],[-0.9062, 0.1738,-0.1218, 0.0331],0.3133
2434,[-0.9038, 0.1965,-0.209 , 0.0399],[ 1.5389, 6.8109,-0.5861, 0.7933, 0.7011],[-0.9035, 0.1966,-0.2015, 0.0457],0.2542
2441,[-0.9106,-0.1744, 0.1521, 0.0795],[-1.2098,-1.4038,-1.6315,-0.7729,-0.2634],[-0.9109,-0.1693, 0.1361, 0.0861],0.3278
2443,[-0.9105,-0.1806, 0.1819, 0.0613],[ 0.1277,-0.6178,19.0404, 0.66  , 3.7445],[-0.9104,-0.179 , 0.1713, 0.0688],0.3039
2500,[-0.9086,-0.0291, 0.016 ,-0.0562],[1.4515e+00,1.1087e+03,2.8129e+00,5.2778e-01,1.6665e+00],[-0.9089,-0.0275, 0.0166,-0.0692],0.4357
2501,[-0.9085,-0.0462, 0.066 ,-0.0587],[ -0.5323, -0.4984,112.9072, -0.6373, -0.2574],[-0.9087,-0.0491, 0.0668,-0.0702],0.4103
2502,[-0.9073, 0.0293,-0.0663,-0.0709],[ 3.3349e-01, 8.8821e+01,-1.4820e+00,-2.5119e-02,-5.4687e-01],[-0.9074, 0.0346,-0.0682,-0.083 ],0.4108
2510,[-0.9079, 0.065 ,-0.0423,-0.054 ],[-16.4617,-16.982 ,-14.6455,-16.998 ,-16.0447],[-0.9083, 0.0617,-0.0388,-0.0639],0.4159
2512,[-0.9059, 0.0743,-0.0854,-0.0682],[-3.0905,-2.7893,-5.6737,-4.2746,-2.4276],[-0.9061, 0.0757,-0.0838,-0.0763],0.3782
2514,[-0.9095, 0.16  ,-0.2033,-0.0336],[-3.8063,-2.7426,-5.2238,-3.6044,-3.95  ],[-0.9086, 0.1652,-0.2045,-0.0267],0.2875
2520,[-0.9068,-0.0629, 0.0468,-0.0652],[ 0.1611,90.607 , 0.1274, 0.7782, 1.0582],[-0.9072,-0.061 , 0.0467,-0.0792],0.4076
2521,[-0.9072,-0.0711, 0.0808,-0.0668],[  1.5429, -0.3177,  2.9982,  1.2756,305.3905],[-0.9074,-0.0724, 0.0795,-0.0813],0.3874
2523,[-0.9055,-0.1427, 0.1809,-0.0675],[-0.5224,-4.7379, 2.7551,-1.6527, 1.1059],[-0.9051,-0.1477, 0.1817,-0.0766],0.2931
2532,[-0.9108, 0.1748,-0.1144,-0.0094],[-2.724 ,-2.2988,-2.7145,-2.3918,-2.1076],[-0.9122, 0.1646,-0.0923,-0.025 ],0.3571
2534,[-0.9084, 0.1802,-0.2093,-0.0298],[ 0.3443,14.8504,-0.2984, 6.3519, 0.9625],[-0.9079, 0.1833,-0.2072,-0.018 ],0.2745
2541,[-0.9065,-0.168 , 0.1578,-0.0927],[-0.3809,-1.3693,-0.2146, 0.2724,-0.1034],[-0.9073,-0.1659, 0.1453,-0.096 ],0.3103
2543,[-0.9066,-0.1722, 0.1878,-0.0799],[ 0.9717,-0.4761, 4.7481, 2.154 ,43.2507],[-0.9067,-0.174 , 0.1823,-0.0882],0.2865
2600,[-0.909 ,-0.0087, 0.0042,-0.1507],[ 1.6288, 5.7462,53.551 , 0.4983, 0.482 ],[-0.9097,-0.0079, 0.0028,-0.1585],0.4428
2601,[-0.9082,-0.0474, 0.0705,-0.1547],[-14.071 ,-15.6966,-13.3196,-14.8446,-15.0425],[-0.9088,-0.051 , 0.0719,-0.1597],0.4073
2602,[-0.9091, 0.045 ,-0.067 ,-0.1493],[-0.6879,71.9408,-0.2242, 0.9778, 1.3647],[-0.9097, 0.0486,-0.0688,-0.1578],0.414
2610,[-0.908 , 0.0655,-0.0438,-0.1844],[-7.3147,-7.5372,-6.0054,-6.4201,-7.228 ],[-0.909 , 0.0622,-0.038 ,-0.187 ],0.419
2612,[-0.9084, 0.0728,-0.0877,-0.1664],[ 0.7587,66.6512,-0.4356, 0.8225, 2.8321],[-0.909 , 0.0751,-0.0857,-0.1751],0.3902
2620,[-0.9085,-0.0642, 0.0486,-0.1692],[ 1.2204,86.188 , 0.5916, 0.79  , 0.4638],[-0.9094,-0.0626, 0.049 ,-0.1815],0.4156
2621,[-0.9085,-0.0758, 0.084 ,-0.1665],[1.4386e+00,9.4316e-02,2.2836e+02,1.5316e+00,1.0133e+00],[-0.9092,-0.0773, 0.0826,-0.1788],0.3914
2623,[-0.9067,-0.1518, 0.1809,-0.1766],[-0.0753,-1.6855, 8.7476, 8.5234,-0.5816],[-0.9068,-0.1565, 0.1817,-0.1705],0.2956
2641,[-0.9088,-0.1751, 0.15  ,-0.1697],[0.949 ,0.1751,0.3607,8.0576,0.5398],[-0.9102,-0.1713, 0.1359,-0.1666],0.324
2643,[-0.9076,-0.1754, 0.1795,-0.1674],[ 1.2272,-0.4265,45.5548, 7.8676, 0.7114],[-0.9083,-0.1762, 0.1723,-0.1663],0.2965
2700,[-0.9027, 0.0092,-0.0048,-0.3208],[  1.5557,163.8588,  1.9697,  0.3585,  1.9289],[-0.9041, 0.0083,-0.0019,-0.3113],0.423
2701,[-0.9044,-0.0399, 0.067 ,-0.2827],[ 1.2315,-0.187 , 9.8531, 1.3872,-0.4242],[-0.9054,-0.0446, 0.0708,-0.2755],0.3959
2702,[-0.9035, 0.0441,-0.0668,-0.3453],[ 0.2185,47.2553,-0.4364, 1.1788, 0.7969],[-0.9048, 0.0477,-0.0655,-0.3346],0.3943
2710,[-0.9049, 0.0601,-0.0493,-0.3169],[ 0.6386, 0.0836, 3.2567, 4.1506,-0.9639],[-0.9063, 0.0589,-0.0464,-0.3053],0.4049
2712,[-0.9058, 0.063 ,-0.067 ,-0.3129],[50.8925, 4.2809, 1.0129, 1.0341, 1.3627],[-0.9071, 0.0642,-0.0666,-0.3038],0.3962
2720,[-0.9081,-0.0688, 0.0445,-0.2663],[-0.036 , 0.0668,-1.3428, 2.322 ,-1.6509],[-0.9095,-0.0655, 0.0403,-0.264 ],0.4183
2721,[-0.9052,-0.0799, 0.0947,-0.2847],[ 0.8986, 0.544 ,19.9323, 4.7988, 0.5544],[-0.9063,-0.0826, 0.0933,-0.2801],0.3711
2723,[-0.9072,-0.1518, 0.1809,-0.31  ],[-0.3562,-1.6731,-0.8755, 3.6016,-0.4425],[-0.9078,-0.1575, 0.1825,-0.2983],0.2983
2743,[-0.9095,-0.1694, 0.1803,-0.2936],[ 1.1977,-0.1024,10.3853, 2.0103, 0.2109],[-0.9105,-0.1721, 0.1758,-0.2767],0.3055
2800,[-0.8918, 0.0116,-0.0041,-0.436 ],[  1.8188,  1.8817,288.3405,  2.2359,  0.7205],[-0.8936, 0.0114,-0.0078,-0.421 ],0.3809
2801,[-0.895 ,-0.0362, 0.0684,-0.4437],[ 2.6586,-0.0721, 2.9284,12.4708, 0.1023],[-0.8967,-0.0411, 0.0699,-0.4265],0.36
2802,[-0.8981, 0.0424,-0.0669,-0.4076],[ 0.1485,34.6595, 0.1314, 1.2513,-0.1194],[-0.8996, 0.0468,-0.0702,-0.3938],0.37
2810,[-0.8954, 0.0604,-0.0463,-0.4346],[ 2.2633, 0.66  , 2.8442, 4.3453,-0.1133],[-0.8974, 0.0591,-0.0431,-0.4186],0.3673
2812,[-0.8974, 0.0655,-0.0676,-0.4305],[ 0.8237,39.6589, 0.0519, 4.301 , 0.8764],[-0.8992, 0.0668,-0.067 ,-0.4156],0.3602
2820,[-0.8951,-0.0713, 0.0395,-0.449 ],[ 0.1382, 1.2197,-0.2161, 1.6581,-0.384 ],[-0.8973,-0.0681, 0.0383,-0.4353],0.3645
2821,[-0.903 ,-0.0762, 0.1032,-0.4261],[ 1.7155, 1.201 ,45.8243, 1.3427, 0.1686],[-0.9044,-0.0814, 0.1051,-0.41  ],0.3577
2823,[-0.9058,-0.1382, 0.1755,-0.3907],[ 1.2625,-0.2126, 9.8852, 2.3631,-0.6082],[-0.9065,-0.1455, 0.1787,-0.3775],0.3008
2900,[-8.7810e-01, 2.3173e-02, 5.8875e-04,-5.7780e-01],[-3.1190e-01, 4.7976e-01, 1.1588e+01, 8.1295e+02,-5.2580e-01],[-8.8061e-01, 2.0750e-02, 6.2108e-04,-5.5992e-01],0.3256
2901,[-0.8909,-0.0191, 0.0712,-0.5487],[ 4.2816e-01,-1.3823e-02, 1.9402e+02, 5.5658e-01,-6.4759e-01],[-0.8929,-0.0268, 0.0755,-0.532 ],0.3472
2902,[-0.8816, 0.0457,-0.0654,-0.5865],[ 0.8754,24.7394,-1.5966, 2.0027,-1.9431],[-0.884 , 0.0492,-0.067 ,-0.5707],0.305
2910,[-0.8782, 0.062 ,-0.0427,-0.5788],[-64.8147,-64.9989,-64.1388,-64.1857,-65.2384],[-0.8808, 0.0604,-0.0392,-0.5633],0.2994
2912,[-0.8822, 0.0629,-0.0626,-0.5778],[-0.5147, 4.2153,-1.4324,26.4594,-1.2157],[-0.8847, 0.0641,-0.0627,-0.5606],0.3034
2920,[-0.8854,-0.0786, 0.0483,-0.5145],[-5.2613,-5.428 ,-5.4234,-4.7113,-6.0302],[-0.8879,-0.0745, 0.0344,-0.4963],0.3234
2921,[-0.8838,-0.0793, 0.0989,-0.5843],[ 2.9338e-01,-3.8136e-01, 1.4091e+00, 1.6183e+02, 6.2320e-02],[-0.886 ,-0.0832, 0.0987,-0.567 ],0.2853
3800,[-0.8602, 0.0356,-0.0046,-0.4732],[2.0049,0.2549,4.155 ,1.8516,1.6238],[-0.8624, 0.0328,-0.0044,-0.4685],0.2503
3801,[-0.8667,-0.0069, 0.0558,-0.4228],[-0.3462,-0.5452, 0.7656,-0.5619,-0.3851],[-0.8682,-0.0127, 0.0602,-0.4073],0.2605
3810,[-0.8488, 0.0598,-0.032 ,-0.4863],[1.1744,0.4651,1.077 ,1.6753,5.4994],[-0.8512, 0.0571,-0.0234,-0.4814],0.1959
3900,[-8.5610e-01, 4.0817e-02, 1.4936e-04,-6.7624e-01],[  1.9573,  0.5575,436.534 ,  1.4249,  0.488 ],[-8.5912e-01, 3.7165e-02, 5.0684e-04,-6.5983e-01],0.2359
3901,[-0.847 ,-0.0204, 0.0685,-0.7582],[-0.5194,-1.6829, 6.4077, 0.3235,-1.1973],[-0.85  ,-0.0259, 0.0703,-0.7445],0.1855
3902,[-0.8464, 0.0487,-0.0651,-0.7013],[-1.8831,15.5618,-2.7729,-0.2057,-2.483 ],[-0.8493, 0.0513,-0.0659,-0.6905],0.1777
3910,[-0.8417, 0.0631,-0.0372,-0.7608],[  1.8423,  0.8069,  8.4084,423.7199,  0.9962],[-0.8452, 0.0608,-0.0289,-0.7449],0.1725
3912,[-0.832 , 0.0655,-0.0618,-0.7893],[  0.7764,204.6676, -0.5417,  1.2843,  0.4742],[-0.8354, 0.0661,-0.0591,-0.7812],0.1284
3921,[-0.8629,-0.065 , 0.0934,-0.6496],[ 1.2765, 0.3026,17.8674, 1.6377, 0.8359],[-0.8653,-0.0693, 0.0937,-0.6412],0.2145
4900,[-0.797 , 0.0484,-0.0342,-0.9025],[-6.9957,-7.6496,-6.6794,-7.3563,-8.954 ],[-0.801 , 0.0482,-0.0349,-0.8972],0.0408
4902,[-0.7911, 0.0438,-0.0692,-0.7873],[ 3.5612e-01, 3.8315e+02,-3.2421e-01,-6.2241e-01,-2.6748e-01],[-0.7944, 0.0465,-0.0696,-0.7904],0.0145
4910,[-0.8049, 0.0611,-0.0503,-0.8177],[  0.972 ,  0.1971,128.5979,  0.4192,  1.9316],[-0.8085, 0.0614,-0.0517,-0.8165],0.0533
4912,[-0.8053, 0.0616,-0.0652,-0.8151],[ 6.9265e-01, 3.2206e+02,-2.6353e-01, 3.1323e-01, 1.2624e+00],[-0.8088, 0.0628,-0.063 ,-0.8145],0.0504
5900,[-0.7473, 0.0088,-0.0295,-0.7337],[  1.2641,  1.6718,206.1513, -0.2425,  1.2047],[-0.7505, 0.0106,-0.0355,-0.742 ],-0.0735
5901,[-0.7356,-0.0454, 0.0565,-0.6959],[-1.1002,-1.9959, 2.4113,-0.8216, 4.0256],[-0.7386,-0.0465, 0.0553,-0.7089],-0.1082
5902,[-0.7591, 0.0334,-0.0656,-0.7529],[ 3.3762e-01, 3.6665e+02,-1.8541e-01,-3.9987e-01, 4.9255e-01],[-0.7622, 0.036 ,-0.0659,-0.7595],-0.0584
5910,[-0.7587, 0.0585,-0.0421,-0.8696],[ 0.3701,-1.7151, 4.3793,-2.273 , 8.5432],[-0.7628, 0.0579,-0.0365,-0.8865],-0.0555
5912,[-0.7587, 0.0627,-0.07  ,-0.8692],[-3.3663,-1.9698,-7.232 ,-6.4148,-2.9615],[-0.7625, 0.064 ,-0.0673,-0.8814],-0.0645
6700,[-0.6917, 0.0024, 0.0016,-0.358 ],[-0.1028,-0.586 , 0.5575,-1.0401, 4.2371],[-0.6933, 0.0022, 0.0012,-0.3691],-0.1752
6701,[-0.6916,-0.0115, 0.0745,-0.3602],[-1.3217,-2.1954, 0.3912,-1.6692, 0.9205],[-0.6929,-0.0145, 0.0737,-0.3773],-0.186
6702,[-0.6932, 0.0274,-0.0714,-0.3663],[-1.3636,-0.601 ,-1.9481,-2.156 , 0.2224],[-0.6946, 0.0293,-0.0643,-0.3708],-0.1842
6800,[-0.6943, 0.0012, 0.0086,-0.4651],[-21.7923,-21.5089,-21.1787,-22.9078,-20.5088],[-6.9640e-01, 6.4207e-04, 1.0296e-02,-4.7951e-01],-0.171
6801,[-0.6922,-0.0086, 0.0706,-0.4655],[-3.434 ,-4.9551,-2.2552,-4.7652,-2.3744],[-0.6941,-0.0113, 0.0629,-0.4798],-0.1819
6802,[-0.6932, 0.0213,-0.0723,-0.4677],[-23.4386,-23.3489,-23.7022,-24.5812,-22.7464],[-0.695 , 0.024 ,-0.0718,-0.4807],-0.1839
6900,[-7.1288e-01, 4.6796e-04,-5.7255e-03,-6.0523e-01],[ 1.1524e+00,-2.3892e-01, 2.6845e+02,-5.1065e-01, 2.0407e+00],[-0.7156, 0.001 ,-0.0097,-0.6179],-0.1381
6901,[-0.6968,-0.0088, 0.0664,-0.5314],[-0.716 ,-1.4083,43.3252,-1.0697,-0.3348],[-0.699 ,-0.0113, 0.0563,-0.5472],-0.1729
6902,[-0.7145, 0.0336,-0.0691,-0.6398],[-0.184 ,44.2005, 0.1021,-1.5397,42.6362],[-0.7171, 0.0358,-0.0688,-0.6555],-0.1481
6910,[-0.7162, 0.062 ,-0.0336,-0.7129],[-0.8683,-3.5688,-0.0282,-3.3001,-0.3185],[-0.7196, 0.0606,-0.0257,-0.7301],-0.1409
6912,[-0.7178, 0.0621,-0.0804,-0.7065],[-10.9811, -9.7708,-13.691 ,-13.1367, -9.9427],[-0.7208, 0.0635,-0.075 ,-0.721 ],-0.1478
7422,[-0.6698,-0.1492,-0.1151, 0.0135],[-4.3774,-3.8123,-6.6623,-5.4155,-2.8791],[-6.7027e-01,-1.3859e-01,-1.2092e-01, 4.6540e-04],-0.2447
7442,[-0.6662,-0.1837,-0.0927, 0.015 ],[-3.2875,-2.8868,-5.1643,-4.0932,-2.1043],[-0.6677,-0.1727,-0.1016, 0.0099],-0.2501
7502,[-0.6683,-0.0518,-0.1345,-0.1198],[-3.2613,-1.9384,-4.6821,-4.3828,-1.8076],[-0.6679,-0.0444,-0.1303,-0.1351],-0.2354
7522,[-0.6712,-0.131 ,-0.1249,-0.0778],[-2.9416,-0.0614,-5.972 ,-4.3128, 0.5817],[-0.6716,-0.1205,-0.1297,-0.0927],-0.2416
7542,[-0.6638,-0.1968,-0.0795,-0.0111],[-20.8505,-18.6873,-22.9436,-22.3236,-19.6592],[-0.6654,-0.1877,-0.0874,-0.0188],-0.253
7600,[-0.6734,-0.0041,-0.0416,-0.2395],[-1.3186,-2.5322,-2.5694,-3.2459,-0.0397],[-0.6745,-0.0027,-0.0275,-0.2549],-0.205
7602,[-0.6711,-0.04  ,-0.1293,-0.2191],[-21.0456,-19.6387,-23.344 ,-22.7228,-20.0623],[-0.6712,-0.0331,-0.124 ,-0.2337],-0.2284
7604,[-0.668 ,-0.0454,-0.1726,-0.2332],[-14.924 ,-13.5094,-16.5575,-15.3151,-14.1057],[-0.6672,-0.0365,-0.172 ,-0.2453],-0.2412
7622,[-0.6724,-0.081 ,-0.1423,-0.1691],[-13.3954,-11.8118,-16.7404,-15.2657,-12.2032],[-0.6723,-0.0718,-0.1426,-0.1841],-0.2354
7624,[-0.6696,-0.0675,-0.1721,-0.2008],[-6.2037,-5.4045,-8.1078,-6.7886,-5.454 ],[-0.6688,-0.0576,-0.1742,-0.2156],-0.2425
7700,[-6.7855e-01, 3.5940e-05,-2.5050e-02,-3.4255e-01],[-15.5975,-16.3035,-16.3562,-17.1667,-14.1402],[-6.8009e-01, 6.2586e-04,-1.2969e-02,-3.5703e-01],-0.1957
7701,[-0.6845,-0.0082, 0.0665,-0.3538],[-2.7805,-4.6233,-1.6515,-4.0788,-2.526 ],[-0.6858,-0.0109, 0.0639,-0.3667],-0.1947
7702,[-0.6733,-0.013 ,-0.1043,-0.3055],[-30.2933,-29.2445,-32.4539,-31.8169,-29.6966],[-0.674 ,-0.0083,-0.0949,-0.3203],-0.2169
7704,[-0.6648,-0.0151,-0.1741,-0.2911],[-13.9843,-13.594 ,-15.8453,-15.024 ,-13.6146],[-0.6641,-0.0074,-0.1711,-0.3051],-0.2421
7800,[-0.6837, 0.006 ,-0.0084,-0.4219],[-58.7026,-58.7804,-58.9076,-59.7957,-58.1305],[-6.8555e-01, 5.7198e-03, 2.4046e-04,-4.3649e-01],-0.1881
7801,[-0.6865,-0.0061, 0.0694,-0.4378],[-6.597 ,-7.3947,-5.3322,-7.3092,-6.3361],[-0.6882,-0.0089, 0.0643,-0.4529],-0.1911
7802,[-0.678 , 0.0163,-0.0813,-0.4133],[-39.5996,-38.6729,-40.4614,-40.4604,-39.2458],[-0.6795, 0.019 ,-0.0724,-0.4276],-0.2067
7812,[-0.6714, 0.0565,-0.1468,-0.4839],[-4.2258,-3.2767,-5.4096,-5.3021,-3.6448],[-0.6724, 0.0607,-0.1404,-0.5019],-0.2334
7900,[-0.6863, 0.0236, 0.0027,-0.5169],[ -9.6671,-10.0399, -9.3417,-10.5692, -9.4517],[-0.6886, 0.022 , 0.0131,-0.5323],-0.1869
7901,[-0.6873, 0.0126, 0.0665,-0.523 ],[-2.7797,-3.6586,-2.3701,-3.4619,-2.6519],[-0.6893, 0.0088, 0.0666,-0.5397],-0.1896
7902,[-0.6853, 0.04  ,-0.0945,-0.5231],[-7.8704,-7.6454,-8.2965,-8.6625,-7.9034],[-0.6871, 0.0428,-0.0915,-0.5393],-0.2023
7910,[-0.6834, 0.06  ,-0.0312,-0.6156],[-4.3399,-4.4108,-3.3651,-5.2605,-4.2529],[-0.6864, 0.0582,-0.0139,-0.6263],-0.1944
7912,[-0.6807, 0.063 ,-0.101 ,-0.5633],[-4.9376,-4.5785,-6.7227,-6.6193,-4.7978],[-0.6829, 0.0648,-0.0902,-0.5807],-0.2115
