2,[-0.986 , 0.0298,-0.1341, 0.625 ],[0.7467,6.5493,0.2141,1.2655,0.3069],[-0.9821, 0.0903,-0.1884, 0.625 ],0.1181
4,[-0.9878, 0.0454,-0.2534, 0.5753],[-0.3354, 1.2802,-0.6646,-0.279 ,-0.488 ],[-0.9811, 0.1493,-0.3532, 0.5633],0.0396
14,[-0.9746, 0.1238,-0.2044, 0.6177],[ 0.2794,10.9537,-0.1434, 0.9984, 0.4287],[-0.9708, 0.1402,-0.2143, 0.6131],0.1256
16,[-0.9811, 0.1493,-0.3532, 0.5633],[ 0.1114, 0.4636,-0.7229, 0.9966,-0.5124],[-0.9737, 0.1964,-0.3954, 0.5518],0.0266
20,[-0.9889,-0.095 ,-0.0118, 0.625 ],[ 1.1933, 6.959 , 0.6034,-0.3194, 0.5984],[-0.9861, 0.0124,-0.113 , 0.625 ],0.1539
34,[-0.9681, 0.1832,-0.2583, 0.5702],[6.2139,2.89  ,1.1603,2.7879,1.5002],[-0.9643, 0.1904,-0.2652, 0.5625],0.1059
36,[-0.9692, 0.2142,-0.3084, 0.625 ],[-0.1613, 9.4006,-0.139 , 0.353 , 1.0834],[-0.9647, 0.219 ,-0.3107, 0.625 ],0.0754
38,[-0.9662, 0.2192,-0.412 , 0.5411],[ 1.1737, 4.1755, 0.2012,-0.0853,-0.183 ],[-0.9588, 0.2371,-0.4233, 0.5308],0.0397
40,[-0.9736,-0.1841, 0.0139, 0.6065],[-0.4608, 0.608 ,-0.5638,-0.1829, 0.1761],[-0.9713,-0.0439,-0.1201, 0.6002],0.1773
41,[-0.9736,-0.2356, 0.1064, 0.625 ],[1.5963,4.9799,0.3922,1.6222,0.4529],[-0.9727,-0.1075,-0.017 , 0.625 ],0.1742
63,[-0.9894,-0.3348, 0.231 , 0.625 ],[0.7908,6.2566,0.08  ,0.0552,0.6118],[-0.9895,-0.1521, 0.0422, 0.625 ],0.1231
83,[-0.9877,-0.4424, 0.2292, 0.6006],[-0.1781, 0.3642,-0.8792, 0.0719, 0.2485],[-0.9911,-0.1973,-0.0138, 0.588 ],0.113
85,[-0.9799,-0.4576, 0.339 , 0.6191],[0.9072,1.7908,1.1693,1.1289,0.5245],[-0.9829,-0.3802, 0.2612, 0.625 ],-0.0151
95,[-0.9767,-0.5716, 0.3571, 0.6188],[-1.0937,-1.014 ,-2.5845,-1.246 ,-1.3685],[-0.9842,-0.4951, 0.2813, 0.6066],-0.0666
97,[-0.9713,-0.5776, 0.4301, 0.6204],[-1.2604,-0.6003,-2.4082,-1.6873,-2.6302],[-0.9765,-0.4988, 0.3545, 0.6189],-0.081
99,[-0.9736,-0.6932, 0.6123, 0.625 ],[  1.2672,  8.1185,446.1391,  2.2945,  0.5501],[-0.9777,-0.6699, 0.5871, 0.625 ],-0.2295
300,[-0.9585,-0.0064, 0.0124, 0.1748],[-1.2106,-0.9661,-1.0154,-0.717 ,-1.3771],[-0.9577,-0.0084, 0.0153, 0.1833],0.2878
312,[-0.9578, 0.0889,-0.101 , 0.1355],[-0.5374,-0.1648,-0.9668, 0.1196,-0.6098],[-0.9571, 0.0911,-0.1021, 0.1206],0.2339
321,[-0.9598,-0.067 , 0.0732, 0.1548],[-0.3884,-0.5385, 0.4766,-0.0565,-0.8828],[-0.959 ,-0.0673, 0.0724, 0.1632],0.2485
323,[-0.9564,-0.1377, 0.1746, 0.1348],[-0.0988,-0.576 , 0.4383, 0.1064,-0.5652],[-0.955 ,-0.1466, 0.1888, 0.1482],0.1834
400,[-0.9614, 0.0012, 0.0064, 0.0503],[-2.6899,-1.9203,-2.1919,-1.6377,-3.3791],[-0.9611,-0.0017, 0.0102, 0.0594],0.2767
401,[-0.9614,-0.0422, 0.0767, 0.0531],[-1.6989,-2.5766,-1.188 ,-2.1283,-2.0007],[-0.9608,-0.0536, 0.0897, 0.0679],0.2404
402,[-0.9622, 0.0426,-0.0785, 0.0367],[-1.6859,-0.8094,-2.1869,-1.4378,-2.2476],[-0.9617, 0.0536,-0.0859, 0.0507],0.2387
412,[-0.9586, 0.0831,-0.1013, 0.1014],[-1.2681,-0.8778,-1.9451,-0.8743,-2.1534],[-0.9579, 0.0868,-0.102 , 0.1122],0.2327
420,[-0.9574,-0.0676, 0.0365, 0.085 ],[-1.1897, 0.1657,-1.5233,-0.8902,-2.0965],[-0.9571,-0.0581, 0.0287, 0.0878],0.2727
421,[-0.96  ,-0.0727, 0.0925, 0.0742],[-1.535 ,-1.9648,-0.9588,-0.4993,-2.2721],[-0.9594,-0.0781, 0.0977, 0.0866],0.2326
500,[-0.9612, 0.0054,-0.0015,-0.0549],[-0.2369, 0.1145, 0.3184, 0.6987,-2.2813],[-0.9614, 0.0042,-0.001 ,-0.0403],0.2753
501,[-0.96  ,-0.018 , 0.077 ,-0.0251],[-1.1592,-1.5149,-0.2254,-0.6213,-1.477 ],[-0.9596,-0.0369, 0.0937,-0.0106],0.2497
502,[-0.9574, 0.0421,-0.0618,-0.0765],[-0.741 ,-0.0256,-1.6926,-1.3653,-1.4358],[-0.9575, 0.0487,-0.0692,-0.0617],0.2629
510,[-0.9595, 0.0798,-0.0299,-0.0595],[-1.34  ,-1.1934, 0.3879,-0.7418,-1.6653],[-0.9601, 0.0624,-0.0105,-0.0527],0.2652
512,[-0.9584, 0.1162,-0.097 ,-0.0726],[-0.8413,-0.1714,-1.5085, 0.0498,-2.0835],[-0.959 , 0.1091,-0.0848,-0.0601],0.2265
520,[-0.9609,-0.0612, 0.0457,-0.0812],[-1.3028, 0.0703,-1.8476,-1.0568,-1.4423],[-0.9613,-0.0568, 0.0436,-0.0707],0.2558
521,[-0.9626,-0.0757, 0.0761,-0.0854],[-1.3318,-1.8454,-1.6467,-0.096 ,-2.7082],[-0.963 ,-0.0743, 0.0692,-0.0719],0.2323
600,[-0.9597, 0.017 ,-0.0129,-0.1795],[-1.3491,-1.5074,-1.63  ,-0.5212,-2.8339],[-0.9604, 0.0161,-0.0128,-0.1633],0.2797
601,[-0.9585,-0.0457, 0.061 ,-0.2277],[-0.824 ,-1.0423, 0.7127,-0.4745,-1.2552],[-0.9593,-0.0523, 0.0678,-0.212 ],0.2554
602,[-0.9574, 0.0483,-0.0621,-0.1369],[-0.0743, 0.0326,-1.6529,-0.2727,-1.3008],[-0.9579, 0.0516,-0.0594,-0.1213],0.2644
612,[-0.9571, 0.0703,-0.069 ,-0.1505],[-1.0928,-0.6236,-1.4242, 0.9866,-1.9259],[-0.9577, 0.0703,-0.0672,-0.1343],0.2541
620,[-0.9559,-0.0654, 0.0467,-0.1379],[-0.5907,-0.3505,-1.5329,-1.0184,-1.4959],[-0.9565,-0.0615, 0.0472,-0.1223],0.2706
621,[-0.9609,-0.0675, 0.0801,-0.1714],[-2.2508,-2.4285,-0.54  ,-0.7539,-3.7019],[-0.9614,-0.0725, 0.083 ,-0.1554],0.2332
623,[-0.9558,-0.1343, 0.2152,-0.2449],[-0.4265,-0.919 , 0.0252, 0.872 ,-0.9979],[-0.9548,-0.1582, 0.2324,-0.2281],0.1612
700,[-0.9568,-0.0069, 0.0145,-0.2614],[-4.5893,-3.8838,-3.525 ,-2.8803,-5.3323],[-0.9579,-0.0096, 0.0166,-0.2451],0.2843
701,[-0.9574,-0.0037, 0.1042,-0.3008],[-0.4318,-0.963 , 0.1798, 0.3736,-1.0647],[-0.9575,-0.0401, 0.1441,-0.2872],0.236
723,[-0.957 ,-0.0919, 0.1862,-0.268 ],[-0.414 ,-0.6438, 0.6359, 0.4523,-0.7694],[-0.9562,-0.1208, 0.2059,-0.2534],0.1827
1000,[-0.9299, 0.0154,-0.0289, 0.5589],[ 1.2495, 1.2063, 2.1259, 1.7869,67.8818],[-0.9274, 0.0175,-0.0297, 0.5481],0.4144
1002,[-0.918 ,-0.0333,-0.1409, 0.5686],[16.5033, 2.8943,-0.4577, 0.3337, 0.1109],[-0.9144,-0.011 ,-0.1523, 0.5645],0.3933
1004,[-0.9183, 0.0016,-0.1948, 0.5795],[-0.5542, 3.3897,-1.9762, 0.6698,-0.2011],[-0.9136, 0.0243,-0.2071, 0.5756],0.3614
1010,[-0.939 , 0.0734,-0.0047, 0.625 ],[ 0.2047,-0.0402,32.4211, 0.5196, 1.9881],[-0.9366, 0.0584, 0.0099, 0.625 ],0.3696
1012,[-0.9429, 0.1244,-0.1106, 0.6049],[ 2.4783,25.0646, 1.1168, 0.9594, 0.9997],[-0.9407, 0.1146,-0.0892, 0.6028],0.2929
1014,[-0.9229, 0.0873,-0.2382, 0.557 ],[2.5772,9.1255,0.0533,0.2442,1.366 ],[-0.9181, 0.1004,-0.2382, 0.5568],0.2915
1020,[-0.9166,-0.1435,-0.0373, 0.6015],[ 4.5953,17.5011,-0.5629, 1.1921, 4.1919],[-0.915 ,-0.1171,-0.0536, 0.5987],0.3963
1022,[-0.9197,-0.1074,-0.0916, 0.5901],[ 0.7819, 8.5088,-1.4103,-0.2514, 0.3687],[-0.9172,-0.0783,-0.1114, 0.5856],0.3811
1024,[-0.9313,-0.0779,-0.1725, 0.6188],[-1.1627,-1.5129,-2.3388,-0.7248,-1.1421],[-0.927 ,-0.0387,-0.2046, 0.6128],0.3298
1032,[-0.9225, 0.179 ,-0.1435, 0.5209],[ 0.7251, 0.3741, 2.6939, 0.4895,21.0803],[-0.9213, 0.1674,-0.1163, 0.5107],0.3337
1034,[-0.933 , 0.2162,-0.2324, 0.5503],[ 1.3574,39.3109, 0.8879, 1.5218, 1.6851],[-0.931 , 0.2105,-0.2179, 0.5413],0.2287
1036,[-0.9461, 0.2161,-0.2895, 0.5648],[-0.5405,10.7694,-0.9674, 0.8307, 0.9292],[-0.9424, 0.217 ,-0.2857, 0.5569],0.1547
1038,[-0.944 , 0.2583,-0.4406, 0.5116],[ 0.1566, 8.0032,-0.9794,-0.0753, 0.6017],[-0.9366, 0.2653,-0.4457, 0.5028],0.0803
1040,[-0.9189,-0.2196, 0.0051, 0.6054],[ 0.3745,15.526 ,-0.9045,-0.2473,-0.6875],[-0.919 ,-0.1863,-0.0211, 0.602 ],0.3709
1041,[-0.9158,-0.2656, 0.0617, 0.6068],[ 1.3103,15.1798, 0.5115, 2.4163, 0.9319],[-0.917 ,-0.2351, 0.0379, 0.6065],0.3484
1042,[-0.9289,-0.1825,-0.0611, 0.6085],[-1.252 ,-0.8158,-2.3953,-1.3095,-1.4312],[-0.9277,-0.1402,-0.0975, 0.603 ],0.33
1054,[-0.9233, 0.3379,-0.2345, 0.5358],[ 0.5246, 0.6298,14.3517, 1.9207, 1.8115],[-0.9248, 0.3203,-0.2228, 0.5257],0.1953
1060,[-0.921 ,-0.2878, 0.0461, 0.6046],[-1.8334,-2.0584,-2.5157,-2.2144,-1.9536],[-0.923 ,-0.2495, 0.0124, 0.6019],0.3346
1061,[-0.9181,-0.3265, 0.093 , 0.6033],[-0.1243, 4.413 ,-1.4429, 0.4375, 0.9088],[-0.9212,-0.2919, 0.0621, 0.6014],0.2994
1063,[-0.9388,-0.3652, 0.1913, 0.6208],[3.1339,0.3426,1.4108,5.9837,0.9419],[-0.9418,-0.3291, 0.1587, 0.6208],0.1657
1074,[-0.9138, 0.4085,-0.2643, 0.581 ],[ 0.1098,-0.996 , 0.4409,-0.3704,-0.3334],[-0.917 , 0.3909,-0.2613, 0.5686],0.169
1081,[-0.9181,-0.4016, 0.1471, 0.6123],[-4.2616,-3.7897,-4.3717,-4.0437,-4.0717],[-0.9234,-0.3672, 0.114 , 0.6108],0.2302
1083,[-0.9178,-0.4312, 0.1934, 0.5874],[-1.4905,-0.8353,-2.7858,-1.8152,-2.078 ],[-0.9237,-0.4016, 0.1653, 0.5844],0.1883
1085,[-0.9364,-0.4704, 0.3017, 0.625 ],[1.59  ,0.8943,1.216 ,1.5734,1.3437],[-0.9413,-0.4443, 0.2773, 0.625 ],0.0617
1095,[-0.9194,-0.5282, 0.356 , 0.625 ],[-4.6314,-4.0373,-4.8411,-3.5297,-4.549 ],[-0.9254,-0.5118, 0.3413, 0.625 ],0.0459
1097,[-0.9324,-0.6495, 0.4626, 0.6084],[-7.0347,-6.3264,-7.1346,-7.0757,-7.1568],[-0.9398,-0.642 , 0.4586, 0.6107],-0.1017
1099,[-0.9347,-0.7487, 0.6737, 0.625 ],[1.3454e+03,1.4231e+01,2.6554e+00,8.6016e+00,2.6448e-01],[-0.9387,-0.7463, 0.6728, 0.625 ],-0.2413
1100,[-0.9188, 0.0249,-0.0225, 0.4936],[ 1.3327, 0.7216, 1.2443,27.5531, 0.9911],[-0.9166, 0.0228,-0.0102, 0.4936],0.4549
1102,[-0.9169,-0.0242,-0.1219, 0.4604],[0.5328,4.1174,0.443 ,0.894 ,0.7765],[-0.9141,-0.0055,-0.1296, 0.4569],0.4109
1104,[-0.9193,-0.0014,-0.191 , 0.4822],[-0.135 , 0.2407,-1.4296, 0.6449, 0.1279],[-0.9151, 0.0229,-0.2053, 0.4802],0.3609
1110,[-0.9209, 0.1024,-0.011 , 0.4121],[ 1.2888, 0.2382,12.7102, 0.7319, 0.6077],[-0.9198, 0.0867, 0.0037, 0.4009],0.419
1112,[-0.9207, 0.1427,-0.0801, 0.4678],[ 1.4104,10.4441, 0.5152, 0.7976, 1.6173],[-0.9197, 0.1289,-0.055 , 0.4556],0.3897
1114,[-0.9123, 0.0663,-0.2255, 0.4743],[-0.1243, 1.703 , 0.0177, 1.1328, 0.2691],[-0.9078, 0.0818,-0.23  , 0.4693],0.312
1120,[-0.9191,-0.1391,-0.0305, 0.4454],[0.4355,1.5092,0.1528,1.5219,0.8585],[-0.9181,-0.1128,-0.0481, 0.4403],0.3978
1122,[-0.9227,-0.0946,-0.0997, 0.4674],[-0.0971, 1.7033,-1.1217,-0.53  , 0.4712],[-0.9204,-0.0646,-0.1202, 0.4634],0.3788
1130,[-0.9275, 0.1725,-0.0476, 0.3886],[-0.0435,-0.5165, 0.5365,-0.2917, 0.129 ],[-0.9275, 0.1495,-0.0276, 0.3776],0.3586
1132,[-0.9226, 0.2094,-0.1158, 0.4339],[1.133 ,1.8808,6.8078,0.5958,1.2208],[-0.9228, 0.1915,-0.0963, 0.422 ],0.3162
1134,[-0.9219, 0.2135,-0.2292, 0.4539],[0.6498,5.2932,0.3874,1.3115,1.1724],[-0.9201, 0.2092,-0.2164, 0.4482],0.2652
1136,[-0.9356, 0.2134,-0.2794, 0.4969],[ 0.0511, 1.239 ,-0.053 , 1.0582, 0.4113],[-0.9324, 0.2146,-0.2759, 0.4908],0.1939
1138,[-0.926 , 0.2733,-0.4424, 0.4876],[-0.2507,-0.1284,-0.6769, 0.1351,-0.3543],[-0.9194, 0.2773,-0.4377, 0.4744],0.1304
1140,[-0.9241,-0.2182,-0.0016, 0.4493],[-0.2528, 0.9225,-0.8406, 1.3935,-0.6156],[-0.9248,-0.1809,-0.032 , 0.4429],0.3488
1141,[-0.9304,-0.2747, 0.0576, 0.4969],[0.5075,0.9951,0.3803,1.4222,0.328 ],[-0.9323,-0.2353, 0.0206, 0.4908],0.3019
1142,[-0.9492,-0.1814,-0.0603, 0.4413],[-0.304 , 0.0609,-0.4306, 0.2314,-0.3258],[-0.9483,-0.1225,-0.1127, 0.4547],0.249
1152,[-0.9224, 0.287 ,-0.1559, 0.4518],[ 0.1273,-0.11  , 0.0647, 0.1387, 0.0176],[-0.9241, 0.2651,-0.1359, 0.4384],0.2661
1154,[-0.919 , 0.3341,-0.2055, 0.4302],[0.7127,0.6579,1.3746,0.7597,0.7969],[-0.9214, 0.315 ,-0.1894, 0.4211],0.2256
1158,[-0.9161, 0.2791,-0.435 , 0.4678],[ 0.1729, 0.3582,-0.4612, 0.2149,-0.0482],[-0.91  , 0.2822,-0.4282, 0.4553],0.1272
1160,[-0.9456,-0.2991, 0.047 , 0.468 ],[-0.1776, 0.1454,-0.3528,-0.0508,-0.2283],[-0.9483,-0.2417,-0.0057, 0.4547],0.2441
1161,[-0.9234,-0.3285, 0.0885, 0.4664],[-0.0849, 0.4824,-0.3102, 0.2376,-0.2203],[-0.9271,-0.2903, 0.0546, 0.4591],0.2821
1181,[-0.9209,-0.4046, 0.1507, 0.4876],[-0.0376,-0.0117,-0.481 ,-0.1542,-0.2195],[-0.9267,-0.3694, 0.1174, 0.4929],0.2157
1200,[-0.9224, 0.0359, 0.0357, 0.3062],[ 1.7571, 0.5679, 1.1994,-0.1661, 2.1377],[-0.921 , 0.0246, 0.0427, 0.2968],0.44
1201,[-0.9154, 0.0013, 0.0815, 0.2975],[-0.1563,-0.5873, 1.6755,-0.41  , 0.7284],[-0.9136,-0.011 , 0.0952, 0.2848],0.4338
1202,[-0.9142,-0.0186,-0.1127, 0.3576],[-0.0355, 1.0815,-0.7994,-0.535 , 0.38  ],[-0.912 ,-0.002 ,-0.1151, 0.3449],0.422
1210,[-0.9246, 0.101 ,-0.0069, 0.3249],[ 0.8767,-0.4987, 0.796 , 0.0608, 1.5479],[-0.9239, 0.0847, 0.0048, 0.312 ],0.401
1212,[-0.9223, 0.159 ,-0.0618, 0.3353],[2.0211,1.6968,0.187 ,0.4156,1.5623],[-0.9222, 0.1414,-0.0459, 0.3354],0.3626
1220,[-0.9121,-0.1207, 0.016 , 0.35  ],[ 0.2298, 1.1807,-0.1181,-0.2463, 1.0141],[-0.9115,-0.1059, 0.0113, 0.3455],0.4171
1221,[-0.9135,-0.1401, 0.0694, 0.3352],[0.5169,1.2197,1.8465,0.3817,2.1581],[-0.913 ,-0.1289, 0.0632, 0.3375],0.3924
1232,[-0.9252, 0.2115,-0.109 , 0.3451],[ 0.4953, 0.2006, 1.4721,-0.0977, 1.0039],[-0.9258, 0.1927,-0.0917, 0.3368],0.3083
1240,[-0.9131,-0.1894, 0.0239, 0.3749],[0.0903,0.5253,0.0979,0.4653,0.0186],[-0.9136,-0.1656, 0.0105, 0.3619],0.4031
1241,[-0.9142,-0.1935, 0.1364, 0.2867],[0.5739,0.735 ,0.2521,0.1835,0.7865],[-0.9143,-0.1823, 0.1167, 0.2938],0.345
1243,[-0.9186,-0.2216, 0.1982, 0.2733],[ 1.3622,-0.0907, 2.005 , 0.7678, 3.0752],[-0.9183,-0.2158, 0.1898, 0.2767],0.2776
1300,[-0.9165, 0.0291,-0.0326, 0.1377],[  1.0647,  0.8232,  0.8008,  0.4803,270.6422],[-0.9159, 0.0297,-0.0346, 0.1334],0.4384
1301,[-0.9188,-0.0454, 0.0669, 0.1395],[ 0.3497,-1.1723, 5.0014,-0.6241, 0.3772],[-0.918 ,-0.0482, 0.0669, 0.145 ],0.4119
1302,[-0.9161, 0.0478,-0.0647, 0.1385],[-1.5482e-02, 1.2553e+02, 9.4390e-02, 1.6146e-01, 1.7873e+00],[-0.9154, 0.0498,-0.0646, 0.1432],0.4241
1310,[-0.9172, 0.0641,-0.0425, 0.1402],[ 0.4127,-1.2105,27.889 , 0.3775, 1.489 ],[-0.9167, 0.0606,-0.0424, 0.1456],0.4283
1312,[-0.918 , 0.0705,-0.086 , 0.1428],[ 1.7666, 4.3093, 0.3926, 0.0635,39.5836],[-0.9173, 0.0719,-0.0849, 0.138 ],0.3992
1314,[-0.9172, 0.1393,-0.1798, 0.139 ],[-0.0364, 2.0332,-1.1175,-0.1881, 1.3594],[-0.9159, 0.1437,-0.1808, 0.1374],0.3156
1320,[-0.9206,-0.073 , 0.0298, 0.1443],[-0.7252, 0.381 ,-2.0927,-0.3631,-0.89  ],[-0.9202,-0.0653, 0.0239, 0.149 ],0.4213
1321,[-0.9195,-0.0891, 0.0945, 0.1401],[ 1.3531, 0.0951, 4.6649, 0.5278,11.9956],[-0.9189,-0.0885, 0.0893, 0.1367],0.3836
1322,[-0.9331,-0.0624,-0.0606, 0.1285],[-0.6533,-0.029 ,-0.8181,-0.5398,-0.0383],[-0.9326,-0.0408,-0.0658, 0.1143],0.3696
1323,[-0.9374,-0.1411, 0.1927, 0.1448],[ 0.8166,-1.2348, 4.2287, 0.7692, 0.7072],[-0.9357,-0.1486, 0.1971, 0.1481],0.2485
1332,[-0.9205, 0.1807,-0.1398, 0.1407],[-1.1689,-1.7423,-1.173 ,-1.466 ,-0.9423],[-0.9208, 0.1725,-0.1275, 0.146 ],0.3247
1334,[-0.9251, 0.1901,-0.1807, 0.1329],[ 0.26  , 2.936 ,-0.9665,-0.2209, 1.8325],[-0.925 , 0.1859,-0.1678, 0.1325],0.2852
1341,[-0.9226,-0.1749, 0.1404, 0.1611],[-1.0488,-1.3087,-1.5122,-1.3428,-0.8318],[-0.9227,-0.1667, 0.1255, 0.1698],0.3186
1343,[-0.9258,-0.189 , 0.205 , 0.1787],[1.0002,0.1829,7.198 ,1.1966,1.8282],[-0.9249,-0.1887, 0.1992, 0.1849],0.2639
1345,[-0.915 ,-0.211 , 0.2785, 0.2091],[ 1.453 ,-0.5662, 3.6548, 0.6393, 1.8546],[-0.9125,-0.2156, 0.2776, 0.2047],0.2422
1363,[-0.9124,-0.2859, 0.2359, 0.1929],[-0.5494,-0.1324,-0.357 ,-0.5359,-0.4364],[-0.913 ,-0.2794, 0.2407, 0.2063],0.2304
1400,[-0.917 , 0.0251,-0.0265, 0.0672],[1.1229e+00,5.8151e+00,6.3211e+02,7.9177e-01,5.4419e-01],[-0.9167, 0.0256,-0.0296, 0.0729],0.4413
1401,[-0.9174,-0.0376, 0.0736, 0.0504],[-0.0769,-0.9006,42.6401, 2.09  , 1.5344],[-0.9169,-0.0427, 0.0752, 0.0617],0.4231
1402,[-0.9161, 0.0462,-0.0648, 0.0712],[-3.2883e-01, 3.7831e+02, 3.7874e-02, 3.9095e-01, 7.4292e-01],[-0.9156, 0.0488,-0.0657, 0.0748],0.4256
1403,[-0.9138,-0.054 , 0.1673, 0.0208],[-0.9694,-1.187 ,-0.5355,-1.0509,-0.9648],[-0.9122,-0.0686, 0.1683, 0.0343],0.3667
1410,[-0.9175, 0.0607,-0.0486, 0.0501],[ 4.7629e-02,-4.0563e-01, 3.1905e+02, 1.8239e+00, 2.8591e+00],[-0.9173, 0.0587,-0.0481, 0.0588],0.4302
1411,[-0.9269, 0.076 , 0.0714, 0.0321],[-1.2667,-1.5784,-1.2672,-1.3135,-1.2432],[-0.9266, 0.0501, 0.0846, 0.0463],0.3843
1412,[-0.9173, 0.068 ,-0.0735, 0.0522],[1.2471e+01,3.1354e+02,4.2794e-02,1.0049e+00,1.7474e+00],[-0.917 , 0.0683,-0.0712, 0.0598],0.4128
1414,[-0.9194, 0.1414,-0.1817, 0.05  ],[ 0.4963,26.267 ,-1.7079, 0.2535, 4.7277],[-0.9184, 0.1465,-0.1834, 0.0552],0.312
1420,[-0.9192,-0.0648, 0.0414, 0.0517],[-24.037 ,-22.6668,-24.2236,-24.088 ,-23.8421],[-0.9191,-0.0606, 0.0367, 0.0571],0.4279
1421,[-0.9186,-0.0793, 0.0892, 0.0561],[ 2.8082, 0.1472,36.9355,16.5807, 0.7995],[-0.9183,-0.0799, 0.0862, 0.0649],0.3941
1422,[-0.9145,-0.0649,-0.0623, 0.0694],[-1.7443,-1.4652,-2.6674,-2.1658,-1.8325],[-0.914 ,-0.0448,-0.0824, 0.0843],0.429
1423,[-0.9238,-0.14  , 0.1824, 0.0539],[ 0.7534,-1.0263,23.4249, 0.0867, 2.2343],[-0.9228,-0.1455, 0.1841, 0.0615],0.2976
1430,[-0.9196, 0.1767,-0.0531, 0.1068],[-1.3188,-1.7775, 0.2991,-1.2123,-1.4533],[-0.921 , 0.1535,-0.0138, 0.0917],0.3917
1432,[-0.9234, 0.182 ,-0.1374, 0.0584],[-4.9792,-5.3161,-5.8271,-4.9183,-5.901 ],[-0.9241, 0.1732,-0.123 , 0.0657],0.3142
1434,[-0.9218, 0.1986,-0.2026, 0.0407],[ 1.1877,13.3994,-0.1414, 1.2977, 0.4128],[-0.9217, 0.1976,-0.1947, 0.0509],0.2742
1436,[-0.9136, 0.2608,-0.2905, 0.0208],[ 2.9754, 3.5204,-1.3619, 3.954 , 1.4176],[-0.9127, 0.2632,-0.289 , 0.0211],0.2136
1441,[-0.9263,-0.1844, 0.1429, 0.0632],[-6.3865,-6.1555,-6.7626,-6.2502,-6.3893],[-0.927 ,-0.176 , 0.1308, 0.0713],0.299
1443,[-0.9223,-0.195 , 0.2053, 0.0567],[ 3.6718,-0.9561, 4.146 , 3.1699, 1.0172],[-0.922 ,-0.1948, 0.1985, 0.0678],0.2739
1463,[-0.9302,-0.2894, 0.2517, 0.02  ],[-1.6361,-1.8913,-1.6271,-1.3638,-1.6657],[-0.9317,-0.2819, 0.2321, 0.0201],0.186
1465,[-0.9255,-0.314 , 0.3263, 0.0312],[ 0.2189,-1.3947, 2.1733, 2.0884, 0.331 ],[-0.9252,-0.3133, 0.3181, 0.0373],0.147
1500,[-0.9166, 0.0206,-0.017 ,-0.0592],[ 1.3356,55.597 ,11.6862,92.611 , 0.5807],[-0.9168, 0.0201,-0.017 ,-0.0474],0.4481
1501,[-0.9185,-0.0331, 0.0751,-0.0559],[-41.0281,-42.6545,-39.8261,-41.6534,-40.8285],[-0.9184,-0.0401, 0.0803,-0.0462],0.421
1502,[-0.9157, 0.0456,-0.0663,-0.0452],[-21.3511,-18.8314,-22.0947,-21.427 ,-20.8163],[-0.9158, 0.049 ,-0.0682,-0.0406],0.4247
1503,[-0.9144,-0.0469, 0.1682,-0.0335],[-1.823 ,-2.5952,-1.1466,-2.0112,-2.1284],[-0.913 ,-0.0634, 0.1711,-0.0348],0.3715
1504,[-0.9141, 0.0352,-0.1834,-0.1025],[-2.8335,-2.3853,-2.7767,-2.5689,-2.3421],[-0.9125, 0.0557,-0.1878,-0.0975],0.3651
1510,[-0.9167, 0.061 ,-0.0482,-0.0643],[ 9.3344e+00, 5.0777e-01, 3.4104e+02, 1.6347e+00,-1.7992e-01],[-0.9171, 0.0593,-0.0481,-0.0561],0.432
1511,[-0.9164, 0.0603, 0.0627,-0.0656],[-2.0953,-3.1456,-0.9738,-2.2582,-2.1625],[-0.9167, 0.0424, 0.0642,-0.0653],0.4233
1512,[-0.9168, 0.0668,-0.0701,-0.0607],[  2.4614,109.4892,  0.2198,109.0351,  0.3292],[-0.917 , 0.0672,-0.0686,-0.0518],0.417
1514,[-0.9205, 0.1402,-0.1831,-0.0603],[-0.2694,12.4498,-1.747 , 2.5433, 0.5875],[-0.9198, 0.1467,-0.1863,-0.0493],0.3097
1520,[-0.9173,-0.0614, 0.046 ,-0.0627],[-8.7948,82.7365,-8.1361,-6.5721,-9.4841],[-0.9177,-0.059 , 0.0444,-0.0564],0.4308
1521,[-0.9182,-0.0716, 0.0793,-0.0608],[ 1.5661,-3.7559,18.6274, 0.5145,-1.9837],[-0.9184,-0.0727, 0.0779,-0.0522],0.4057
1522,[-0.9172,-0.0632,-0.0641,-0.0455],[-2.5903,-1.8525,-2.9543,-2.371 ,-2.7015],[-0.9169,-0.0396,-0.1021,-0.0317],0.4228
1523,[-0.9233,-0.1375, 0.1822,-0.058 ],[ 0.0364,-1.8693, 6.5348, 4.0304,-0.9276],[-0.9226,-0.1446, 0.1862,-0.0463],0.2996
1530,[-0.914 , 0.1912,-0.0399,-0.0354],[-1.4054,-1.6729,-0.3563,-1.0297,-1.6491],[-0.9162, 0.1649, 0.0048,-0.0196],0.4122
1532,[-0.9294, 0.1848,-0.1408,-0.0596],[-6.2819,-6.4995,-6.9046,-5.59  ,-7.2679],[-0.9306, 0.1763,-0.1269,-0.0482],0.2863
1534,[-0.9238, 0.2022,-0.2099,-0.0657],[ 1.6625, 7.2306,-0.6428,11.432 ,-0.5379],[-0.924 , 0.2029,-0.2052,-0.0529],0.2602
1536,[-0.9177, 0.2434,-0.2898,-0.04  ],[ 0.3441, 2.3881,-1.2326,13.1466,-0.227 ],[-0.9164, 0.2486,-0.2914,-0.0273],0.2188
1540,[-0.9183,-0.1689, 0.0219,-0.1129],[-1.4454,-0.6332,-1.6259,-1.5773,-1.2608],[-0.9203,-0.1415,-0.0234,-0.0974],0.3958
1541,[-0.9274,-0.1798, 0.1442,-0.063 ],[-7.5338,-8.2248,-7.9523,-7.52  ,-8.4437],[-0.9283,-0.1736, 0.1361,-0.0531],0.2923
1543,[-0.9246,-0.1956, 0.2127,-0.0527],[ 1.4299,-1.3808, 1.8429, 1.2382,-1.2223],[-0.9244,-0.1977, 0.2099,-0.041 ],0.2601
1545,[-0.9314,-0.2583, 0.3049,-0.083 ],[ 0.1444,-1.0048,12.0259, 0.5736, 0.1406],[-0.9301,-0.2649, 0.3084,-0.0693],0.1618
1554,[-0.9235, 0.2891,-0.2434,-0.1033],[-1.7054,-1.6512,-1.9093,-1.4089,-2.2212],[-0.9255, 0.2837,-0.2312,-0.1028],0.2073
1556,[-0.9147, 0.2961,-0.2944,-0.0944],[ 0.3069, 2.786 ,-1.0998, 2.4633,-0.9784],[-0.9153, 0.2963,-0.2865,-0.0914],0.2052
1563,[-0.9349,-0.2917, 0.2458,-0.0235],[-2.1574,-2.3107,-2.1867,-1.4702,-2.6389],[-0.9367,-0.2829, 0.2256,-0.0264],0.1711
1565,[-0.9297,-0.301 , 0.3252,-0.0432],[ 0.6323,-1.5286, 1.4693, 2.1494,-0.5458],[-0.929 ,-0.3036, 0.3233,-0.0308],0.1425
1600,[-0.917 , 0.0101,-0.0066,-0.1619],[-97.7729,-97.1608,-98.5022,-97.1432,-98.9605],[-0.9177, 0.0096,-0.0061,-0.1556],0.4497
1601,[-0.9154,-0.0416, 0.0691,-0.1666],[-10.5974,-11.6308, -8.0478, -9.5358,-11.3777],[-0.9159,-0.0465, 0.0721,-0.1632],0.4229
1602,[-0.9166, 0.0408,-0.0696,-0.1548],[-36.7243,-35.8955,-37.6399,-36.6182,-37.877 ],[-0.917 , 0.0461,-0.0733,-0.1543],0.4192
1604,[-0.9174, 0.0402,-0.1704,-0.1528],[-2.1558,-1.5574,-3.0566,-2.2856,-2.1978],[-0.9163, 0.0595,-0.175 ,-0.1371],0.3755
1610,[-0.915 , 0.0626,-0.0464,-0.1599],[ 0.6058, 0.0871,21.388 ,25.929 ,-0.8461],[-0.9158, 0.0603,-0.0441,-0.1511],0.4344
1611,[-0.9193, 0.0567, 0.0574,-0.2025],[-1.5286,-2.0045,-0.5464,-1.0491,-1.1586],[-0.9197, 0.0338, 0.0954,-0.1859],0.4162
1612,[-0.9158, 0.0719,-0.0742,-0.1639],[ -9.2537, -7.3393,-10.0559, -5.0412,-10.0984],[-0.9165, 0.0726,-0.0729,-0.1555],0.4112
1614,[-0.9209, 0.1396,-0.186 ,-0.1874],[-3.2107,-0.5632,-5.0228,-2.1845,-4.2534],[-0.9206, 0.1479,-0.1911,-0.1756],0.305
1620,[-0.9164,-0.0651, 0.0411,-0.1733],[-27.4959,-27.2749,-29.1107,-27.4909,-28.9237],[-0.9173,-0.0613, 0.0361,-0.1667],0.4356
1621,[-0.9168,-0.0725, 0.0787,-0.1744],[-30.5506,-32.3498,-30.0531,-27.7801,-31.7413],[-0.9175,-0.0737, 0.077 ,-0.1671],0.4077
1622,[-0.9208,-0.0654,-0.0594,-0.1498],[-2.3508,-1.1462,-2.2092,-2.2005,-2.3272],[-0.9212,-0.0421,-0.0891,-0.1446],0.4087
1623,[-0.9272,-0.1374, 0.1864,-0.1716],[-0.3799,-1.7583, 1.4213, 0.0775,-1.6993],[-0.9268,-0.1469, 0.1928,-0.1631],0.2834
1632,[-0.93  , 0.1771,-0.1508,-0.1706],[-4.8226,-4.6822,-4.4562,-3.8124,-4.8578],[-0.9312, 0.1729,-0.1421,-0.1589],0.2792
1634,[-0.9259, 0.1968,-0.2107,-0.1814],[ 2.7581, 3.9132,-1.9785, 4.0201,-1.2798],[-0.9262, 0.2   ,-0.2097,-0.1662],0.2523
1636,[-0.9172, 0.2629,-0.2953,-0.2063],[-0.0529, 1.9387,-0.9901, 7.6609,-0.5472],[-0.9167, 0.2685,-0.2972,-0.1899],0.213
1641,[-0.9165,-0.1836, 0.129 ,-0.176 ],[-6.2732,-6.3201,-6.5037,-5.8988,-6.9248],[-0.9184,-0.1753, 0.114 ,-0.1676],0.3396
1643,[-0.9301,-0.1939, 0.2253,-0.1756],[-0.561 ,-2.2806, 0.8321, 1.1435,-1.6195],[-0.9299,-0.2004, 0.2284,-0.1635],0.2294
1645,[-0.9401,-0.2482, 0.3014,-0.1705],[ 2.8624,-1.332 , 2.5812, 2.1831,-0.2491],[-0.9387,-0.259 , 0.3112,-0.1549],0.1372
1654,[-0.9256, 0.2905,-0.2632,-0.1402],[-1.351 ,-0.6841,-1.3853,-0.88  ,-1.5399],[-0.927 , 0.2884,-0.2578,-0.1322],0.1864
1656,[-0.9195, 0.2885,-0.295 ,-0.1654],[ 0.1958, 1.8876,-0.9996, 2.2775,-1.2406],[-0.9199, 0.2908,-0.2923,-0.1588],0.1914
1665,[-0.9335,-0.2983, 0.3347,-0.1598],[-0.4194,-1.5114, 0.9388, 1.482 ,-1.2564],[-0.9326,-0.3046, 0.3364,-0.1438],0.1238
1700,[-0.9243, 0.0101,-0.0055,-0.2867],[-68.7484,-68.3515,-68.2723,-68.5499,-69.3733],[-0.9256, 0.0092,-0.0042,-0.2782],0.4215
1701,[-0.9248,-0.0305, 0.0773,-0.2803],[-13.2853,-13.4308,-12.2211,-12.9045,-13.8905],[-0.9256,-0.0404, 0.0856,-0.2745],0.3905
1702,[-0.9209, 0.0353,-0.0823,-0.3077],[-15.1004,-14.5655,-15.4141,-14.2756,-15.4804],[-0.9218, 0.0446,-0.0898,-0.3003],0.4017
1704,[-0.9354, 0.0529,-0.1732,-0.2882],[-0.6975,-0.7659,-1.1277,-0.594 ,-0.535 ],[-0.9348, 0.077 ,-0.1832,-0.2719],0.29
1710,[-0.9188, 0.0632,-0.0457,-0.2974],[-13.8354,-13.8895,-13.5196,-13.2409,-14.8099],[-0.9202, 0.0607,-0.0429,-0.2868],0.4221
1712,[-0.9204, 0.083 ,-0.0887,-0.3008],[-54.5024,-53.8298,-54.3844,-53.9055,-55.    ],[-0.9215, 0.0852,-0.0899,-0.2898],0.3828
1714,[-0.9219, 0.1433,-0.183 ,-0.3072],[-0.802 , 3.9939,-2.3531, 2.1634,-1.6633],[-0.9222, 0.1519,-0.1892,-0.2924],0.2997
1720,[-0.9169,-0.0647, 0.0447,-0.2844],[-15.6422,-14.9823,-15.9699,-14.3429,-16.5882],[-0.9182,-0.062 , 0.0421,-0.2785],0.4295
1721,[-0.9183,-0.073 , 0.0759,-0.2813],[-38.4628,-38.9597,-37.5443,-37.7074,-39.2124],[-0.9194,-0.0744, 0.0762,-0.274 ],0.4026
1723,[-0.9379,-0.1157, 0.185 ,-0.2869],[-0.7674,-2.0381, 1.0841, 0.0907,-2.3057],[-0.9375,-0.1329, 0.1989,-0.2704],0.2427
1732,[-0.93  , 0.1734,-0.155 ,-0.2735],[-1.78  ,-2.7918,-2.281 ,-1.4424,-3.0178],[-0.9315, 0.172 ,-0.1502,-0.2577],0.2751
1734,[-0.9258, 0.1881,-0.2107,-0.2942],[ 0.3106, 1.0062,-2.2244, 0.5917,-2.298 ],[-0.9263, 0.1942,-0.2137,-0.2789],0.254
1736,[-0.9195, 0.2483,-0.2882,-0.2801],[ 0.0214, 1.7949,-0.881 , 3.1334,-1.0147],[-0.919 , 0.2563,-0.2941,-0.2632],0.2126
1741,[-0.9261,-0.1826, 0.1497,-0.3105],[-6.0402,-6.3301,-6.0895,-5.534 ,-6.1402],[-0.9281,-0.1796, 0.1448,-0.3092],0.2881
1743,[-0.9354,-0.1898, 0.2045,-0.2923],[-3.8409,-4.7314,-3.3748,-2.3092,-5.2217],[-0.9361,-0.196 , 0.2075,-0.2929],0.22
1745,[-0.9401,-0.2353, 0.2846,-0.268 ],[ 0.9145,-1.1905, 2.1743, 2.4548,-0.803 ],[-0.9392,-0.2475, 0.2964,-0.2514],0.1469
1800,[-0.9261, 0.0139,-0.0126,-0.4187],[-17.221 ,-17.05  ,-16.7494,-16.219 ,-18.0137],[-0.9279, 0.0137,-0.0135,-0.4091],0.41
1801,[-0.9386,-0.0135, 0.0923,-0.3945],[-2.7264,-3.5034,-2.2067,-2.3709,-4.0775],[-0.9398,-0.0317, 0.1014,-0.3982],0.3262
1802,[-0.914 , 0.0364,-0.0855,-0.42  ],[-3.8419,-3.0363,-4.5676,-3.4239,-4.5185],[-0.9154, 0.0455,-0.0911,-0.4074],0.4234
1810,[-0.9183, 0.0641,-0.0468,-0.4211],[-7.735 ,-7.5708,-6.8997,-6.6742,-8.8161],[-0.9202, 0.0622,-0.0447,-0.4093],0.4224
1812,[-0.9175, 0.0854,-0.0969,-0.4229],[-23.518 ,-22.8926,-23.2507,-22.0178,-24.1088],[-0.9191, 0.0891,-0.099 ,-0.4095],0.3868
1814,[-0.9213, 0.1422,-0.1854,-0.4172],[-0.0735, 3.2196,-1.2373, 2.6728,-0.9883],[-0.9218, 0.1525,-0.1944,-0.3998],0.3
1820,[-0.9143,-0.0649, 0.0421,-0.3842],[-4.7537,-4.5712,-4.4921,-4.1373,-6.029 ],[-0.9161,-0.0623, 0.0407,-0.3748],0.4378
1821,[-0.9261,-0.0751, 0.0782,-0.3943],[-13.9005,-15.0158,-14.8719,-13.5968,-15.6318],[-0.9277,-0.0777, 0.0805,-0.387 ],0.3643
1832,[-0.9363, 0.1673,-0.1476,-0.4561],[-0.2607,-0.582 ,-0.432 ,-0.2277,-1.326 ],[-0.9387, 0.166 ,-0.138 ,-0.4487],0.2554
1834,[-0.9235, 0.1742,-0.2104,-0.394 ],[-0.2747, 0.1383,-1.1076, 1.4619,-1.9267],[-0.9239, 0.1836,-0.218 ,-0.3769],0.2665
1841,[-0.9421,-0.1853, 0.162 ,-0.3802],[-2.4738,-2.7077,-2.4946,-2.3572,-3.4877],[-0.9441,-0.1836, 0.1557,-0.3635],0.2208
1843,[-0.9463,-0.1882, 0.1716,-0.3964],[-2.8148,-3.8945,-3.0429,-2.5991,-4.9756],[-0.9483,-0.1892, 0.1697,-0.395 ],0.1967
1900,[-0.9271, 0.0442,-0.0317,-0.5019],[-17.6659,-18.2045,-17.5079,-18.232 ,-19.5134],[-0.9293, 0.043 ,-0.0317,-0.4838],0.3988
1902,[-0.913 , 0.0455,-0.0862,-0.5126],[-2.9212,-3.1457,-3.3556,-4.2188,-4.4789],[-0.9148, 0.054 ,-0.0935,-0.5094],0.4192
1910,[-0.915 , 0.0643,-0.0524,-0.5039],[-4.2166,-3.1313,-3.6518,-3.619 ,-5.606 ],[-0.9172, 0.0634,-0.0501,-0.4972],0.4325
1912,[-0.9153, 0.0764,-0.0979,-0.5113],[-9.6535,-7.9138,-8.0788,-7.2114,-8.8548],[-0.9171, 0.0823,-0.1028,-0.501 ],0.3952
2000,[-0.8828,-0.0158,-0.0197, 0.5427],[ 0.1408,-0.8574,-0.4828,-0.9882, 0.9905],[-0.8804,-0.0127,-0.0155, 0.5318],0.3192
2001,[-0.8777,-0.0259, 0.0665, 0.5222],[ 0.0119,-1.8431, 1.2745,-1.0591, 1.4594],[-0.8753,-0.0287, 0.0654, 0.5118],0.2754
2002,[-0.8914,-0.0065,-0.1015, 0.5588],[-5.4358,-3.7749,-6.6342,-5.8695,-4.7122],[-0.8884, 0.0036,-0.099 , 0.5496],0.3213
2004,[-0.9   , 0.0297,-0.1902, 0.5686],[-1.2972, 0.9659,-2.599 ,-0.9313,-0.5024],[-0.8957, 0.0444,-0.193 , 0.5645],0.2987
2010,[-0.8731, 0.0695,-0.0351, 0.5248],[-0.9655,-1.6061, 0.48  ,-1.383 ,-0.0594],[-0.8711, 0.0642,-0.0199, 0.5132],0.263
2012,[-0.878 , 0.0804,-0.121 , 0.5429],[ 1.1372, 2.7263,-0.9872,-0.5665, 1.7982],[-0.8754, 0.0809,-0.104 , 0.5341],0.243
2014,[-0.8877, 0.0869,-0.2022, 0.5624],[ 0.5115, 2.0564,-2.2679,-0.396 , 1.2164],[-0.8838, 0.0941,-0.1938, 0.5581],0.2311
2016,[-0.8964, 0.1059,-0.2901, 0.5271],[-1.223 ,-0.6975,-3.4714,-1.3461,-1.2184],[-0.8907, 0.1188,-0.2901, 0.5167],0.2033
2020,[-0.8972,-0.1123,-0.0112, 0.5639],[-3.4425,-2.6849,-4.7123,-3.9725,-2.7319],[-0.8954,-0.0975,-0.0144, 0.5554],0.3473
2021,[-0.8842,-0.0996, 0.0699, 0.5321],[ 1.2677,-0.7702, 1.8613,-0.1737, 1.7035],[-0.8823,-0.0951, 0.0683, 0.5205],0.2779
2022,[-0.9017,-0.084 ,-0.0781, 0.5843],[-0.559 , 0.859 ,-2.055 ,-0.8731, 0.7048],[-0.8992,-0.065 ,-0.0863, 0.576 ],0.352
2040,[-0.9019,-0.2109, 0.0244, 0.5945],[-0.5168, 1.7956,-2.0819,-0.9894,-0.2993],[-0.9019,-0.1869, 0.0094, 0.5877],0.3376
2041,[-0.8974,-0.2527, 0.0703, 0.5888],[0.5432,1.6351,0.474 ,0.5706,4.6983],[-0.8983,-0.2303, 0.0564, 0.5845],0.2864
2042,[-0.8766,-0.1848,-0.0566, 0.5275],[-0.8387,-0.5275,-1.2354,-0.6122,-0.5292],[-0.876 ,-0.1607,-0.0733, 0.5388],0.2245
2054,[-0.8974, 0.3655,-0.245 , 0.5214],[ 2.4006, 1.4025, 0.7526, 0.9931,20.1389],[-0.8997, 0.3517,-0.2391, 0.5089],0.1511
2060,[-0.8961,-0.2873, 0.0476, 0.5774],[-0.7919,-0.7158,-1.2163,-0.8736,-0.0337],[-0.8982,-0.2585, 0.0235, 0.5773],0.29
2061,[-0.8928,-0.3363, 0.1201, 0.5964],[ 0.8233,38.7168,-0.6611, 2.1112, 0.6466],[-0.8961,-0.3122, 0.1005, 0.5948],0.2215
2063,[-0.8747,-0.3768, 0.1733, 0.5635],[1.3678,0.7117,3.9784,0.3974,6.0292],[-0.8789,-0.3587, 0.1582, 0.5575],0.118
2074,[-0.8878, 0.4292,-0.2502, 0.55  ],[ 1.0204,-0.5459, 2.5749, 0.309 , 0.1757],[-0.8926, 0.4136,-0.2414, 0.5378],0.1001
2076,[-0.8847, 0.4686,-0.3268, 0.583 ],[ 1.0629, 2.3724, 1.2891, 2.2502,15.9497],[-0.8895, 0.4558,-0.3006, 0.5762],0.0476
2078,[-0.8924, 0.4905,-0.4116, 0.625 ],[ 0.6952,69.9337,-0.5335, 1.1837, 0.9872],[-0.8954, 0.4804,-0.3902, 0.625 ],0.0106
2081,[-0.8949,-0.3984, 0.1577, 0.6142],[ 0.0111, 3.2067,-1.4235, 0.4922, 0.1141],[-0.9   ,-0.3733, 0.1346, 0.6148],0.1911
2083,[-0.8806,-0.4378, 0.2032, 0.6182],[ 0.8129,52.8912,-0.6277, 0.9713, 0.7606],[-0.8865,-0.4183, 0.1855, 0.6177],0.1049
2093,[-0.8769,-0.5158, 0.2516, 0.6113],[-6.2285,-5.8083,-7.7418,-6.4194,-6.8434],[-0.8851,-0.4997, 0.2412, 0.6097],0.0413
2095,[-0.8768,-0.5657, 0.3053, 0.5964],[-5.6468,-4.5674,-6.0272,-5.4518,-5.6921],[-0.8858,-0.5541, 0.2993, 0.5901],-0.0059
2097,[-0.8881,-0.637 , 0.44  , 0.6201],[-10.0163,-10.0779, -9.5745, -9.6923, -9.7819],[-0.8957,-0.6321, 0.4411, 0.6184],-0.081
2098,[-0.8792, 0.5278,-0.4483, 0.6028],[1.114 ,2.1283,0.0896,7.5867,0.6017],[-0.8823, 0.5201,-0.4387, 0.6109],-0.0586
2099,[-0.8762, 0.3094,-0.209 , 0.6113],[ -1.6411,  2.4878,  3.6065,558.1208,  0.7757],[-0.8776, 0.2997,-0.2911, 0.6137],-0.3166
2100,[-0.8771,-0.0104,-0.0074, 0.4371],[8.6621,0.6911,1.114 ,0.181 ,1.7777],[-0.8752,-0.0089,-0.0042, 0.4276],0.299
2101,[-0.8758,-0.0381, 0.0672, 0.4271],[ 0.2732,-1.515 , 2.1382,-1.315 , 1.8391],[-0.8739,-0.0396, 0.062 , 0.4166],0.2709
2102,[-0.8821, 0.0067,-0.0947, 0.4514],[ 0.3559, 6.6501,-0.9283, 0.1318, 0.5192],[-0.8797, 0.0141,-0.0896, 0.4417],0.2894
2104,[-0.9052, 0.0367,-0.2043, 0.4784],[-0.7285, 1.2585,-1.8155,-0.0436,-0.558 ],[-0.9008, 0.0534,-0.2123, 0.4776],0.3058
2110,[-0.8744, 0.074 ,-0.0335, 0.4412],[ 0.0506,-0.5779, 5.8923, 0.1274, 1.5046],[-0.8728, 0.0695,-0.0342, 0.4324],0.2662
2112,[-0.8775, 0.0755,-0.1084, 0.4515],[ 0.7107, 7.3204, 0.6649,-0.1432, 2.4969],[-0.8754, 0.0759,-0.0933, 0.443 ],0.2496
2114,[-0.8872, 0.1016,-0.2195, 0.4558],[-0.5892, 2.7124,-1.5612, 1.5872,-0.486 ],[-0.8835, 0.1094,-0.2131, 0.4534],0.2158
2116,[-0.8763, 0.1441,-0.2887, 0.4871],[-0.728 , 0.1413,-1.8252,-0.6842,-0.8236],[-0.8712, 0.1516,-0.2895, 0.4757],0.125
2120,[-0.8881,-0.1067, 0.0033, 0.4266],[ 0.9671, 3.2613,-0.5048,-0.1467, 4.1454],[-0.887 ,-0.0951, 0.0019, 0.4174],0.3134
2121,[-0.8816,-0.0841, 0.0725, 0.4365],[ 1.2003,-0.0374, 3.3353,-0.3619, 1.8632],[-0.8799,-0.0813, 0.0672, 0.425 ],0.2751
2122,[-0.8869,-0.0997,-0.0787, 0.4187],[-1.1648, 1.3334,-2.2958,-1.2803, 0.8167],[-0.8853,-0.0806,-0.0873, 0.4123],0.2886
2130,[-0.8674, 0.1892,-0.0391, 0.468 ],[-1.0182,-1.8895,-0.7625,-1.9126,-1.24  ],[-0.8674, 0.176 ,-0.0479, 0.4548],0.1982
2132,[-0.8995, 0.2318,-0.1288, 0.4307],[ 1.1244, 0.7792, 0.8705, 0.5452,14.9792],[-0.9001, 0.2168,-0.1082, 0.4183],0.2755
2134,[-0.8876, 0.2742,-0.2231, 0.4685],[ 0.0085, 4.4921,-0.3025, 0.1621, 1.3915],[-0.8877, 0.2642,-0.2048, 0.4695],0.1718
2140,[-0.89  ,-0.2215, 0.0221, 0.4146],[-0.114 , 2.4857,-2.5861,-1.2014, 0.2013],[-0.8911,-0.1988, 0.0074, 0.4073],0.2876
2141,[-0.8891,-0.241 , 0.0796, 0.4218],[ 2.3465, 2.6939, 1.2689, 0.3324,14.3903],[-0.8905,-0.2229, 0.07  , 0.4117],0.2535
2142,[-0.8777,-0.1754,-0.0599, 0.4233],[-0.2358,-0.3385,-1.0769,-0.2685,-0.3384],[-0.8774,-0.1511,-0.0792, 0.4172],0.2316
2154,[-0.9058, 0.3255,-0.2145, 0.4739],[1.2591,1.3826,1.9087,0.7907,1.0704],[-0.9076, 0.3106,-0.203 , 0.462 ],0.2142
2156,[-0.8777, 0.2859,-0.3389, 0.4408],[-0.0583, 2.3937,-0.3823, 0.0336, 0.4525],[-0.8751, 0.2841,-0.3254, 0.4503],0.0678
2158,[-0.9019, 0.2855,-0.4146, 0.438 ],[-0.3412, 1.0793,-1.385 ,-0.4032,-1.248 ],[-0.8968, 0.2873,-0.4045, 0.4269],0.0956
2160,[-0.8807,-0.2887, 0.0451, 0.4117],[-0.0718,-0.2023,-1.6003,-0.6409,-0.5042],[-0.8837,-0.2638, 0.0252, 0.4032],0.2305
2161,[-0.8792,-0.3257, 0.1107, 0.4275],[ 0.5742,28.2366,-0.5846, 0.8992, 0.8914],[-0.8829,-0.3051, 0.0957, 0.4197],0.1799
2163,[-0.8704,-0.3737, 0.1717, 0.4433],[0.8909,0.8312,1.3619,0.5845,1.7565],[-0.8751,-0.3571, 0.1586, 0.4349],0.1062
2174,[-0.9032, 0.4164,-0.2633, 0.4682],[ 0.263 ,-0.1336, 0.8433, 0.0041, 0.2669],[-0.9072, 0.4014,-0.2609, 0.4564],0.1419
2176,[-0.883 , 0.4733,-0.303 , 0.4864],[0.8866,0.8705,0.7581,0.9967,1.1033],[-0.8888, 0.4607,-0.2846, 0.4823],0.049
2181,[-0.8739,-0.3986, 0.1548, 0.477 ],[ 0.3355, 0.7097,-0.2805, 0.3151, 0.6234],[-0.8797,-0.3784, 0.1368, 0.4735],0.1209
2183,[-0.8754,-0.4177, 0.1836, 0.4816],[ 0.9542, 1.1913,-0.0654, 3.2662, 0.3925],[-0.8814,-0.399 , 0.1671, 0.4787],0.105
2200,[-0.8801,-0.0197,-0.0108, 0.3054],[-14.3863,-15.2089,-14.4532,-15.7   ,-13.2618],[-0.8788,-0.0167,-0.0097, 0.2964],0.3094
2201,[-0.8778,-0.0371, 0.0712, 0.3042],[-4.0291,-4.8175,-3.4312,-5.0368,-3.654 ],[-0.8762,-0.04  , 0.0718, 0.2972],0.2764
2202,[-0.8815,-0.01  ,-0.0923, 0.3013],[-5.2362,-4.3786,-6.3162,-6.1226,-4.9507],[-8.7977e-01,-1.9340e-04,-9.2583e-02, 2.9297e-01],0.2893
2204,[-0.8791, 0.0209,-0.184 , 0.3074],[-0.6144, 0.7065,-1.6648,-0.461 ,-0.6737],[-0.8758, 0.0355,-0.1914, 0.3009],0.2274
2210,[-0.8917, 0.0687,-0.0269, 0.308 ],[-1.9715,-2.9291,-0.9966,-3.3564,-0.9613],[-0.8906, 0.063 ,-0.0246, 0.2965],0.3434
2212,[-0.8836, 0.0735,-0.1018, 0.3003],[-1.4919,-1.6273,-2.5919,-2.428 ,-0.8822],[-0.8821, 0.0749,-0.0977, 0.294 ],0.2741
2214,[-0.877 , 0.1027,-0.2022, 0.309 ],[-0.4687, 0.5599,-1.5487,-0.0842, 0.9309],[-0.8742, 0.1093,-0.1963, 0.3026],0.1896
2220,[-8.8795e-01,-1.0974e-01,-7.1814e-05, 3.1007e-01],[ -8.7525, -7.9758,-10.3169,-10.1876, -8.4605],[-0.8873,-0.0975,-0.0031, 0.3002],0.314
2221,[-0.8843,-0.0996, 0.0833, 0.3017],[-1.8721,-2.5924,-1.3043,-2.898 ,-1.0286],[-0.8833,-0.0968, 0.0804, 0.2918],0.2762
2222,[-0.8827,-0.0932,-0.0793, 0.3115],[-2.6885,-1.4455,-4.4023,-3.7798,-3.1345],[-0.8815,-0.0751,-0.0879, 0.3023],0.2758
2240,[-0.8839,-0.2025, 0.0171, 0.3467],[-4.8793,-4.0047,-6.7415,-5.5127,-4.3224],[-0.8848,-0.1825, 0.0053, 0.3373],0.2704
2241,[-0.8849,-0.2263, 0.0835, 0.337 ],[ 0.5008, 0.9057,-0.8239,-1.7815, 0.7793],[-0.8861,-0.2108, 0.0763, 0.3267],0.2402
2242,[-0.8778,-0.1767,-0.0613, 0.3424],[-0.1775, 0.0357,-0.3809,-0.1015, 0.019 ],[-0.8778,-0.1521,-0.0787, 0.3336],0.2326
2243,[-0.8797,-0.1886, 0.1827, 0.3039],[ 0.7462,-0.9849, 2.2497,-0.421 , 0.5616],[-0.8788,-0.1861, 0.1792, 0.2903],0.1803
2260,[-0.8756,-0.2838, 0.0503, 0.3726],[0.2776,0.1108,0.1912,0.0031,0.1565],[-0.8787,-0.2611, 0.0337, 0.3622],0.2091
2261,[-0.8778,-0.2934, 0.1144, 0.3625],[ 0.5446, 0.5767,-0.2004, 0.029 , 0.4934],[-0.8806,-0.276 , 0.1039, 0.3533],0.1807
2300,[-0.9034, 0.0301,-0.0336, 0.1546],[ -99.8452, -99.4928, -99.2068,-100.5609, -98.6896],[-0.9028, 0.0301,-0.0328, 0.1474],0.3999
2301,[-0.8964,-0.042 , 0.0706, 0.162 ],[-16.5478,-17.3102,-16.5215,-16.8283,-15.9759],[-0.8955,-0.0449, 0.0716, 0.1584],0.3542
2302,[-0.9029, 0.0415,-0.0709, 0.1514],[-37.348 ,-36.5189,-38.9466,-39.2713,-35.8703],[-0.9021, 0.0445,-0.0713, 0.1476],0.3819
2304,[-0.8749, 0.0308,-0.1779, 0.1997],[-1.0258,-0.6892,-1.7838,-1.1711,-0.6129],[-0.8722, 0.0442,-0.1852, 0.1898],0.2126
2310,[-0.9057, 0.0619,-0.0456, 0.1496],[-9.0884,-8.9549,-8.0487,-8.5919,-7.9522],[-0.9051, 0.0591,-0.042 , 0.147 ],0.4016
2312,[-0.9048, 0.068 ,-0.0884, 0.1526],[-42.8537,-42.4742,-43.4883,-43.4375,-40.9756],[-0.904 , 0.07  ,-0.0884, 0.1458],0.3698
2314,[-0.889 , 0.1102,-0.1871, 0.1675],[-3.7781,-2.625 ,-5.3665,-4.4534,-3.0394],[-0.8871, 0.1166,-0.1875, 0.1622],0.2368
2320,[-0.886 ,-0.0774, 0.0192, 0.1988],[-14.2569,-13.9714,-14.2609,-14.5712,-13.8899],[-0.8855,-0.0707, 0.0159, 0.19  ],0.3187
2321,[-0.8934,-0.0841, 0.0878, 0.175 ],[-8.469 ,-9.6925,-7.5814,-9.2835,-7.7913],[-0.8927,-0.0838, 0.0847, 0.1666],0.3192
2322,[-0.8828,-0.0703,-0.0732, 0.2308],[-2.2748,-1.8132,-2.8626,-2.1283,-2.1706],[-0.8817,-0.0547,-0.0835, 0.2208],0.2865
2323,[-0.8949,-0.1433, 0.1806, 0.1609],[-0.7875,-2.4951,-0.4886,-1.5563,-0.4339],[-0.8937,-0.1458, 0.1768, 0.16  ],0.253
2332,[-0.9043, 0.1806,-0.1498, 0.1336],[-0.9464,-1.8576,-0.8435,-1.5931,-0.2192],[-0.9046, 0.1743,-0.1324, 0.1282],0.3023
2334,[-0.887, 0.193,-0.211, 0.151],[ 0.667 , 1.6326,-1.8896,-0.9068, 2.6449],[-0.8862, 0.193 ,-0.2026, 0.1453],0.1954
2341,[-0.8872,-0.1829, 0.1265, 0.1925],[-0.4959,-0.2027,-0.6956,-0.5586, 0.1928],[-0.8875,-0.1754, 0.1164, 0.1824],0.2442
2343,[-0.8982,-0.2083, 0.2082, 0.1848],[ 0.4996,-1.3934, 3.2979, 0.7148, 2.0555],[-0.8977,-0.206 , 0.1982, 0.1798],0.231
2363,[-0.9095,-0.3047, 0.2609, 0.1716],[0.5357,0.446 ,0.6398,0.42  ,0.7623],[-0.9108,-0.2971, 0.2408, 0.1717],0.214
2365,[-0.9077,-0.3192, 0.3076, 0.151 ],[ 1.2906,-0.6401, 1.7374, 0.1582, 1.89  ],[-0.9081,-0.3153, 0.2936, 0.1625],0.17
2400,[-0.9075, 0.0372,-0.0315, 0.0602],[5.7778e-01,1.9162e+00,1.1014e+00,7.7644e-02,8.3362e+02],[-0.9074, 0.036 ,-0.0288, 0.0467],0.4221
2401,[-0.9024,-0.0319, 0.0718, 0.054 ],[-31.8396,-32.694 ,-30.4311,-32.3887,-31.6182],[-0.9019,-0.037 , 0.0742, 0.0464],0.3829
2402,[-0.9078, 0.0457,-0.0667, 0.0696],[-0.0703,51.4251,-1.0793,-0.5838, 5.6537],[-0.9074, 0.0482,-0.0668, 0.0612],0.4053
2404,[-0.867 , 0.0399,-0.1737, 0.1177],[-1.2734,-0.7231,-1.6628,-1.6487,-1.4473],[-0.8647, 0.0515,-0.179 , 0.1327],0.186
2410,[-0.9064, 0.0626,-0.0451, 0.0513],[-1.8637,-3.5736,-1.5365,-2.8657, 3.6968],[-0.9063, 0.0595,-0.0387, 0.04  ],0.4079
2411,[-0.8978, 0.0752, 0.0589, 0.004 ],[-2.1996,-3.4014,-1.9485,-2.9104,-2.2982],[-0.8977, 0.0548, 0.0967,-0.0116],0.3452
2412,[-0.9053, 0.0738,-0.0884, 0.0591],[ 1.3848,51.042 ,-0.4897,-0.3383,48.5695],[-0.905 , 0.0752,-0.0864, 0.0473],0.3724
2414,[-0.8988, 0.1376,-0.184 , 0.0539],[-4.4872,-2.6688,-6.5259,-4.6786,-3.7378],[-0.8978, 0.1421,-0.1842, 0.0516],0.2669
2420,[-0.9011,-0.0662, 0.0391, 0.053 ],[-11.1741,-11.4379,-11.3002,-12.2134,-11.4838],[-0.9011,-0.0621, 0.0334, 0.0459],0.3868
2421,[-0.9047,-0.0839, 0.0983, 0.0615],[-0.2724,-4.316 , 0.6803,-1.5073,31.7861],[-0.9043,-0.0852, 0.0958, 0.0503],0.3607
2422,[-0.8843,-0.1041,-0.0931, 0.0661],[-1.0452,-1.4058,-1.931 ,-1.7292,-1.4482],[-0.884 ,-0.082 ,-0.1075, 0.052 ],0.2733
2423,[-0.9033,-0.1396, 0.187 , 0.0485],[-1.9942,-4.3763, 1.3041,-1.943 , 0.127 ],[-0.9022,-0.1447, 0.1885, 0.0463],0.2799
2430,[-0.8995, 0.1732,-0.0496, 0.0262],[-2.0125,-2.5167,-0.5192,-1.7358,-1.7804],[-0.9011, 0.1577,-0.043 , 0.0187],0.3389
2432,[-0.9012, 0.1881,-0.1346, 0.0509],[-2.5679,-2.9471,-2.9806,-3.4236,-1.6319],[-0.9023, 0.1799,-0.1167, 0.0446],0.2976
2434,[-0.9   , 0.2054,-0.2119, 0.0436],[ 0.2736,14.2244,-0.2031,-0.0286, 6.4336],[-0.8999, 0.2047,-0.2029, 0.0462],0.2371
2436,[-0.9019, 0.2442,-0.2811, 0.0273],[ 0.5139, 8.6357,-2.024 ,-0.7306, 1.7481],[-0.9008, 0.2467,-0.2778, 0.0353],0.1857
2440,[-0.8795,-0.2028, 0.0221, 0.093 ],[ 0.0085,-0.2376,-1.1734,-1.0461,-1.1336],[-0.8815,-0.1826,-0.0035, 0.0981],0.2602
2441,[-0.8945,-0.1839, 0.1513, 0.0313],[-0.5551,-0.9476,-0.638 ,-0.236 , 0.2973],[-0.8953,-0.1793, 0.1371, 0.0245],0.2618
2443,[-0.8992,-0.1812, 0.2073, 0.0399],[ 2.613 ,-0.696 , 5.292 , 0.7208,17.9107],[-0.8986,-0.1831, 0.2031, 0.0306],0.2417
2445,[-0.8974,-0.2663, 0.2823, 0.0132],[-0.0075,-1.5797, 0.8256,-0.2132, 7.3472],[-0.8972,-0.2668, 0.2737, 0.0103],0.1656
2454,[-0.877 , 0.2801,-0.2704, 0.0604],[ 0.2715, 0.228 ,-0.2644, 0.8264, 0.4704],[-0.8772, 0.2788,-0.2679, 0.0628],0.0997
2456,[-0.8772, 0.2817,-0.2945, 0.0297],[ 0.3559, 6.369 ,-0.2447, 5.9816, 1.2392],[-0.8769, 0.2819,-0.2882, 0.0346],0.0893
2465,[-0.9092,-0.3258, 0.3467, 0.0985],[ 0.6207,-0.3451, 7.6278, 0.5024, 0.6268],[-0.9085,-0.3253, 0.3393, 0.1127],0.1445
2500,[-0.9072, 0.0269,-0.0155,-0.0556],[4.6359e-01,2.4814e+00,1.0462e+03,5.1043e-01,3.5131e+00],[-0.9075, 0.0255,-0.0164,-0.0681],0.4286
2501,[-0.9061,-0.0292, 0.0687,-0.0682],[ 1.4542,-0.2881,33.9642,-1.1505, 0.3298],[-0.9062,-0.0347, 0.0707,-0.0802],0.4044
2502,[-0.9065, 0.0446,-0.0683,-0.0574],[ 5.5505e-03, 9.0605e+01,-1.2514e+00,-9.2303e-01,-4.4344e-01],[-0.9066, 0.0479,-0.0693,-0.0681],0.4009
2504,[-0.8758, 0.0369,-0.1838,-0.0404],[-1.1949,-1.6587,-2.2105,-1.6105,-1.8867],[-0.8737, 0.0522,-0.1976,-0.0538],0.21
2510,[-0.9049, 0.0654,-0.0462,-0.0717],[  0.4157,  0.3547,234.3663,  0.4654,  0.8507],[-0.9054, 0.0631,-0.0458,-0.0801],0.3995
2511,[-0.909 , 0.0597, 0.0612,-0.0145],[-2.5207,-3.2514,-2.6227,-2.4991,-2.5046],[-0.909 , 0.0426, 0.0698,-0.029 ],0.4136
2512,[-0.9053, 0.0773,-0.0861,-0.0639],[1.0187e+00,6.4258e+02,6.0908e-02,6.5403e-01,2.1818e+00],[-0.9055, 0.0783,-0.0832,-0.0723],0.3749
2514,[-0.8992, 0.1406,-0.1851,-0.0545],[-0.8258,-0.0811,-4.1694,-1.1379,-1.177 ],[-0.8985, 0.1459,-0.1866,-0.0572],0.2663
2520,[-0.9043,-0.0628, 0.0485,-0.0738],[ -2.4148,167.3871, -3.0126, -2.7086, -0.9006],[-0.9047,-0.0612, 0.0484,-0.0751],0.3958
2521,[-0.9029,-0.0766, 0.0802,-0.0697],[-1.9254e-02,-2.9791e+00, 1.3784e+02,-6.3482e-01, 1.1934e+00],[-0.9032,-0.0769, 0.0774,-0.0737],0.3687
2523,[-0.9004,-0.1424, 0.1841,-0.0503],[-6.0135,-8.5633,-4.6107,-5.6979,-6.691 ],[-0.8998,-0.1474, 0.1856,-0.0523],0.2712
2525,[-0.9   ,-0.1595, 0.2863,-0.1149],[-1.8892,-2.419 ,-1.6002,-1.3636,-1.5579],[-0.8971,-0.1729, 0.2884,-0.1302],0.2016
2530,[-0.899 , 0.1831,-0.0457,-0.0759],[-1.9272,-2.7051,-0.9596,-2.2773,-2.1526],[-0.9012, 0.1655,-0.0299,-0.0759],0.3399
2532,[-0.8976, 0.1824,-0.142 ,-0.0607],[-0.5831,-1.6586,-2.5476,-1.3366, 0.6056],[-0.8989, 0.1767,-0.1278,-0.0645],0.2806
2534,[-0.8985, 0.1974,-0.217 ,-0.063 ],[ 1.3699,62.0212,-0.0855, 1.0368, 1.1608],[-0.8984, 0.1993,-0.2123,-0.059 ],0.2295
2536,[-0.8983, 0.2473,-0.2957,-0.0543],[ 2.2699,12.0519,-1.3899,-0.2918,-0.1528],[-0.897 , 0.2516,-0.2952,-0.0419],0.1629
2541,[-0.8991,-0.1777, 0.1444,-0.0741],[-0.3127,-2.9922,-1.8605,-1.7455,-0.7891],[-0.9003,-0.173 , 0.1322,-0.0808],0.2856
2543,[-0.8975,-0.1892, 0.2061,-0.0568],[ 1.1766,-0.0634,51.6496, 0.4315, 1.37  ],[-0.8974,-0.1908, 0.2005,-0.0633],0.2352
2545,[-0.9013,-0.2462, 0.2995,-0.0571],[-0.0784,-1.0986,13.2192, 4.3559, 0.3629],[-0.8998,-0.2512, 0.3   ,-0.0473],0.1702
2554,[-0.9003, 0.2967,-0.2528,-0.1056],[ 0.0359, 0.5081,-0.5105, 0.7174, 0.5663],[-0.9024, 0.2921,-0.2356,-0.0957],0.1899
2556,[-0.8901, 0.2986,-0.3035,-0.0661],[0.8589,9.6857,0.2304,0.9663,0.1699],[-0.8904, 0.2985,-0.2937,-0.0561],0.1218
2600,[-0.8994, 0.008 ,-0.0027,-0.1643],[1.215 ,9.5377,1.1146,2.8546,0.3568],[-9.0015e-01, 6.9352e-03, 1.8342e-04,-1.7191e-01],0.4003
2601,[-0.9014,-0.0412, 0.0698,-0.1757],[ 1.0371,-0.9565,25.8899, 0.2804, 0.6299],[-0.902 ,-0.0455, 0.072 ,-0.1818],0.3809
2602,[-0.9002, 0.0464,-0.0713,-0.1446],[-19.4299,-19.6014,-21.0613,-20.6694,-20.3768],[-0.9006, 0.0499,-0.0727,-0.1503],0.373
2604,[-0.9038, 0.0525,-0.1671,-0.1634],[-1.0355,-0.3692,-1.1578,-1.208 ,-1.1107],[-0.903 , 0.0674,-0.169 ,-0.1715],0.3279
2610,[-0.9031, 0.0644,-0.048 ,-0.1673],[  0.5155,  0.4904,261.6498,  0.616 ,  0.8531],[-0.904 , 0.0628,-0.0487,-0.1734],0.3921
2612,[-0.9038, 0.0755,-0.0806,-0.1653],[  1.974 ,191.9603,  0.8299,  1.1903,  0.4915],[-0.9045, 0.0764,-0.0783,-0.1711],0.374
2614,[-0.9023, 0.1407,-0.1873,-0.1765],[ 0.6424, 2.3839,-2.6356, 0.83  ,-0.1928],[-0.902 , 0.1474,-0.1904,-0.1722],0.2773
2620,[-0.8993,-0.0651, 0.0485,-0.1823],[ 4.6493e-01, 3.0311e+02,-4.1638e-01, 1.3917e+00,-3.2311e-02],[-0.9002,-0.0635, 0.0491,-0.1786],0.3746
2621,[-0.9012,-0.074 , 0.0779,-0.1774],[  2.4757,  0.9793,303.4743,  0.76  ,  0.8429],[-0.9019,-0.0747, 0.0754,-0.1775],0.3647
2623,[-0.9003,-0.142 , 0.1826,-0.1634],[-0.5408,-3.2657, 1.1746, 1.2526,-1.1363],[-0.9002,-0.1478, 0.1848,-0.1624],0.2725
2632,[-0.895 , 0.1775,-0.1365,-0.1609],[ 0.1574, 0.2862,-0.6719, 1.4205,-0.2715],[-0.8967, 0.1722,-0.1217,-0.1581],0.2775
2634,[-0.899 , 0.19  ,-0.2208,-0.1613],[ 1.0714, 4.2302, 0.051 ,25.6891, 0.34  ],[-0.8989, 0.1941,-0.2195,-0.1503],0.2304
2636,[-0.8996, 0.2509,-0.2939,-0.1901],[-0.0316, 3.3544,-1.6377, 2.5522,-0.936 ],[-0.8988, 0.2564,-0.2947,-0.1744],0.1669
2640,[-0.908 ,-0.1744, 0.0479,-0.2011],[-0.8262,-0.2095,-1.6331,-1.0505,-1.0491],[-0.9106,-0.1593, 0.0494,-0.216 ],0.3738
2641,[-0.9012,-0.1814, 0.1362,-0.1682],[-1.6617,-2.6968,-1.392 ,-0.6468,-2.448 ],[-0.9029,-0.1755, 0.1222,-0.1705],0.2997
2643,[-0.8973,-0.1933, 0.1997,-0.1706],[ 1.6972,-0.2401,13.9396, 1.2678, 1.3421],[-0.898 ,-0.1946, 0.1937,-0.1772],0.2392
2645,[-0.8826,-0.2277, 0.3166,-0.152 ],[-0.7917,-1.4334, 3.0473, 2.7103, 0.3543],[-0.8802,-0.2358, 0.3212,-0.1517],0.1061
2654,[-0.9086, 0.2787,-0.2667,-0.1707],[ 0.6694, 0.9481,-0.3612, 1.2753,-0.013 ],[-0.9097, 0.2783,-0.2567,-0.1576],0.2115
2656,[-0.896 , 0.303 ,-0.3158,-0.1792],[ 1.002 ,12.1191,-0.3866, 0.7877,-0.2565],[-0.8963, 0.3052,-0.3098,-0.1658],0.1287
2700,[-0.8839,-0.0056, 0.0045,-0.3121],[ 1.6482, 2.1682,70.7802, 1.5212, 2.2752],[-0.8853,-0.0051, 0.0017,-0.3188],0.3365
2701,[-0.8817,-0.0389, 0.0721,-0.291 ],[-7.0754,-7.0009,-6.1272,-5.6586,-6.5211],[-0.8827,-0.0433, 0.0737,-0.2929],0.3003
2702,[-0.8914, 0.0388,-0.0775,-0.3314],[-5.4186,-4.6133,-6.4571,-5.7066,-6.6954],[-0.8925, 0.0445,-0.0808,-0.3258],0.3368
2710,[-0.9003, 0.0643,-0.0497,-0.299 ],[  0.2576,  1.0748,167.6207,  1.335 ,  1.3584],[-0.9017, 0.0632,-0.0506,-0.297 ],0.3807
2712,[-0.8999, 0.0728,-0.0773,-0.3036],[1.3172e+00,1.6841e+02,4.4994e-02,2.2040e+00,9.8678e-01],[-0.9012, 0.074 ,-0.0761,-0.2991],0.3618
2714,[-0.8926, 0.1374,-0.1816,-0.3187],[-0.3193,10.6737,-1.497 , 1.4693,-0.7276],[-0.893 , 0.1443,-0.1844,-0.3149],0.2477
2720,[-0.8924,-0.0659, 0.0486,-0.2962],[ 1.3118e+00, 7.7039e+01,-5.0372e-02, 1.3417e+00, 2.5468e-01],[-0.8938,-0.0645, 0.0494,-0.2893],0.3467
2721,[-0.8895,-0.0749, 0.0778,-0.3057],[  0.8151,  0.4283,187.8105,  1.9265,  1.7368],[-0.8908,-0.0758, 0.0757,-0.2974],0.3177
2723,[-0.8905,-0.1408, 0.1755,-0.2948],[ 0.4321,-1.6065, 1.1179, 4.3963,-0.5262],[-0.8909,-0.1463, 0.1775,-0.2809],0.2429
2732,[-0.8932, 0.1752,-0.1397,-0.2627],[ 1.0149,-0.0866,-0.0118, 2.0748,-0.3604],[-0.8951, 0.1709,-0.1241,-0.2477],0.2698
2734,[-0.8919, 0.1927,-0.218 ,-0.3073],[ 2.2415,18.9867,-0.0639, 2.5602, 0.3673],[-0.8924, 0.1974,-0.2166,-0.2981],0.2068
2736,[-0.9023, 0.2492,-0.2935,-0.3033],[-1.0254, 2.8705,-1.5454, 4.8822,-0.8868],[-0.9017, 0.2563,-0.2967,-0.287 ],0.1752
2741,[-0.8913,-0.1782, 0.1454,-0.3018],[ 1.3336,-0.2315,-0.2414, 1.5413,-0.7239],[-0.8932,-0.1758, 0.1407,-0.2977],0.2541
2743,[-0.8902,-0.192 , 0.1821,-0.2737],[ 0.8741,-0.2473,13.6092, 2.0178, 1.0911],[-0.8917,-0.1921, 0.175 ,-0.2847],0.2272
2756,[-0.9006, 0.2851,-0.3329,-0.2749],[ 0.8522, 1.6083,-0.908 , 4.8684,-0.1124],[-0.8996, 0.2917,-0.3354,-0.2579],0.1338
2800,[-0.8821,-0.0042,-0.0035,-0.4485],[  0.9469,  1.3023,398.1858,  3.7384,  0.7817],[-0.8841,-0.0025,-0.0091,-0.4517],0.3321
2801,[-0.8725,-0.0444, 0.0715,-0.4259],[ 0.4189,-0.725 ,43.6762, 0.9011,-0.2481],[-0.8742,-0.0481, 0.073 ,-0.4339],0.2643
2802,[-0.8888, 0.0354,-0.0741,-0.4488],[-1.2471e-01, 1.3740e+02,-1.3176e+00, 3.0468e+00,-8.8696e-01],[-0.8904, 0.0414,-0.0776,-0.4469],0.3307
2810,[-0.8919, 0.0647,-0.0483,-0.4395],[  0.7338,  3.0988,222.0627,  3.364 ,  1.1104],[-0.8939, 0.0637,-0.049 ,-0.4353],0.3481
2812,[-0.8922, 0.0719,-0.0792,-0.4446],[9.6343e-01,3.9410e+02,1.1370e-01,1.7975e+00,7.0042e-01],[-0.894 , 0.0739,-0.0786,-0.4387],0.3305
2814,[-0.8889, 0.1374,-0.1947,-0.4268],[ 4.3568, 0.3139,-1.12  , 3.6656,-0.1871],[-0.8893, 0.1465,-0.1993,-0.4236],0.2273
2820,[-0.8775,-0.0645, 0.0492,-0.4226],[ 1.2158,52.5308, 0.3743, 3.8526, 0.4147],[-0.8794,-0.0638, 0.0505,-0.4151],0.2876
2821,[-0.8779,-0.0687, 0.0774,-0.4255],[  0.8347,  0.3981,  7.7653,121.3826,  1.0833],[-0.8796,-0.0705, 0.0773,-0.4128],0.2742
2823,[-0.8673,-0.1548, 0.1731,-0.3818],[ 0.0473,-1.1067,10.3693, 1.6449,-0.1718],[-0.8684,-0.1578, 0.1693,-0.3642],0.1609
2832,[-0.8918, 0.1671,-0.1504,-0.3851],[ 1.0821, 0.8835, 1.7805, 1.7416,-0.2177],[-0.8939, 0.1663,-0.1404,-0.3899],0.2599
2834,[-0.8966, 0.1888,-0.2423,-0.4043],[ 3.2427, 2.3685,-0.1076, 8.6865,-0.1046],[-0.8964, 0.1981,-0.2492,-0.3924],0.2071
2836,[-0.9073, 0.2278,-0.2857,-0.3843],[-0.6916, 3.266 ,-0.9967, 0.9102,-0.9913],[-0.9065, 0.238 ,-0.2951,-0.3668],0.2009
2841,[-0.8731,-0.177 , 0.143 ,-0.4407],[0.1402,0.302 ,0.7015,5.2856,0.0241],[-0.8757,-0.1751, 0.1352,-0.4276],0.1922
2843,[-0.8685,-0.1827, 0.1798,-0.4317],[ 1.0765,-0.6376, 2.3418,13.9309, 0.0257],[-0.8705,-0.1839, 0.1708,-0.4317],0.1567
2900,[-0.8858,-0.0073,-0.0087,-0.513 ],[ 0.0866, 0.9023, 1.1282,74.9465,-0.6572],[-0.888 ,-0.0044,-0.0158,-0.5058],0.3493
2901,[-0.8774,-0.0343, 0.0678,-0.5498],[  0.3574, -1.2507,195.5433,  4.1438, -0.7107],[-0.8796,-0.0391, 0.07  ,-0.5458],0.2907
2902,[-0.8903, 0.0406,-0.0758,-0.5083],[-8.4349,-4.6686,-8.4755,-6.4609,-9.073 ],[-0.8922, 0.0464,-0.0798,-0.5073],0.3351
2910,[-0.8865, 0.0646,-0.0473,-0.5117],[7.8461e-01,6.4437e-02,6.0353e+00,7.3128e+01,5.6079e-01],[-0.8888, 0.0632,-0.0442,-0.503 ],0.3286
2912,[-0.889 , 0.0695,-0.0791,-0.5142],[ 0.8355, 1.4806, 0.973 ,56.3723, 0.0616],[-0.8911, 0.0721,-0.0793,-0.5062],0.3195
2914,[-0.9057, 0.0829,-0.1699,-0.5113],[ 0.1906,10.8184,-1.0902,-0.1425,-1.2924],[-0.9058, 0.0998,-0.1964,-0.4935],0.3113
2920,[-0.8766,-0.0653, 0.0498,-0.5089],[-18.4626,-18.5927,-18.9777,-17.5651,-18.7481],[-0.879 ,-0.0645, 0.0489,-0.501 ],0.2862
2921,[-0.874 ,-0.0695, 0.073 ,-0.5195],[ 2.9897e+00,-4.9441e-01, 2.9655e+00, 2.9223e+02,-1.0912e-01],[-0.8762,-0.071 , 0.0724,-0.5074],0.2629
3000,[-0.8594, 0.0201,-0.0066, 0.5302],[-6.5858,-6.6434,-6.6106,-7.1396,-6.0418],[-0.8571, 0.0187,-0.0059, 0.5191],0.2292
3001,[-0.8626,-0.0258, 0.0671, 0.5135],[-2.1665,-2.7897,-0.86  ,-2.3132,-1.082 ],[-0.8602,-0.0286, 0.0666, 0.5012],0.2222
3002,[-0.8586, 0.0352,-0.0863, 0.5243],[-3.3292,-2.5348,-4.3375,-4.0236,-2.9351],[-0.856 , 0.0387,-0.0898, 0.515 ],0.1952
3010,[-0.8558, 0.0769,-0.031 , 0.5329],[-2.3904,-3.6153,-2.1251,-3.7358,-1.5625],[-0.8538, 0.0726,-0.0325, 0.521 ],0.1953
3012,[-0.8616, 0.0906,-0.0966, 0.5393],[-3.5538,-2.8973,-4.077 ,-4.0984,-2.8688],[-0.8594, 0.0887,-0.0831, 0.5299],0.1905
3014,[-0.8605, 0.0856,-0.2035, 0.5211],[-2.3524,-1.1417,-3.3902,-2.2717,-1.7153],[-0.8566, 0.0921,-0.1988, 0.5098],0.1366
3020,[-0.8658,-0.0561, 0.0423, 0.5408],[ 0.7334, 1.7423,-1.1857, 0.037 , 2.4035],[-0.8635,-0.0551, 0.0538, 0.5278],0.2287
3032,[-0.8658, 0.2376,-0.1419, 0.5133],[-1.0922,-1.547 ,-0.8273,-2.3272,-0.2698],[-0.8663, 0.2253,-0.1073, 0.5006],0.1518
3034,[-0.8656, 0.2606,-0.2165, 0.5209],[-0.5675, 0.2957,-2.2403,-2.1441,-0.6821],[-0.8655, 0.2524,-0.1883, 0.5244],0.1069
3040,[-0.8616,-0.2352, 0.0149, 0.5183],[-1.1106, 0.0359,-2.7402,-1.5863,-0.5217],[-0.8627,-0.2155, 0.0029, 0.5084],0.1808
3041,[-0.8606,-0.248 , 0.0658, 0.5129],[0.9541,0.972 ,0.0314,0.4963,4.4551],[-0.8619,-0.2318, 0.0588, 0.5074],0.1536
3060,[-0.8583,-0.2939, 0.0415, 0.5173],[-1.7739,-1.5586,-2.5562,-2.0291,-1.0584],[-0.8611,-0.2723, 0.0245, 0.5171],0.1488
3061,[-0.8482,-0.3536, 0.1064, 0.524 ],[-0.3324, 0.4462,-1.0559,-0.9056,-0.25  ],[-0.8527,-0.3349, 0.0898, 0.5176],0.0767
3063,[-0.8619,-0.3791, 0.1837, 0.5245],[ 0.7646,-0.4935, 1.3569,-0.654 , 1.0252],[-0.8663,-0.3636, 0.1712, 0.5154],0.0728
3076,[-0.8629, 0.4763,-0.3672, 0.5832],[ 1.2844,14.5305,-0.5249, 0.8766, 1.8551],[-0.867 , 0.4671,-0.3398, 0.5924],-0.0322
3078,[-0.8564, 0.4911,-0.4149, 0.5633],[ 0.3054,49.0498,-0.886 , 1.5516, 0.7649],[-0.8595, 0.484 ,-0.3916, 0.5734],-0.0751
3081,[-0.8381,-0.4124, 0.1479, 0.5476],[-1.266 ,-0.2359,-2.1607,-1.1974,-0.8466],[-0.8443,-0.3956, 0.133 , 0.5386],0.0161
3083,[-0.8448,-0.4618, 0.2309, 0.5761],[1.4673e+00,8.4327e+01,3.1250e-02,1.7799e+00,1.4294e+00],[-0.8515,-0.4485, 0.2205, 0.5696],-0.0155
3093,[-0.8389,-0.525 , 0.2587, 0.6174],[ 0.5487,44.7532,-0.7895, 0.6332, 0.0453],[-0.8473,-0.5134, 0.255 , 0.6166],-0.0614
3095,[-0.8368,-0.558 , 0.2855, 0.6167],[-3.9942,-4.7571,-3.7603,-3.9224,-4.3655],[-0.8462,-0.5479, 0.2757, 0.6144],-0.0836
3096,[-0.863 , 0.5062,-0.37  , 0.5493],[ 0.4121,-0.009 , 0.2649, 0.5197, 0.3999],[-0.8685, 0.4973,-0.3414, 0.5402],-0.0411
3097,[-0.8405,-0.6586, 0.4314, 0.624 ],[-9.0312,-9.3439,-8.7079,-8.726 ,-9.0154],[-0.8494,-0.6558, 0.4303, 0.624 ],-0.171
3098,[-0.8508, 0.5216,-0.4539, 0.5642],[ 0.5411,10.8738,-0.2247, 0.6913, 0.4044],[-0.854 , 0.5157,-0.4317, 0.5593],-0.1126
3099,[-0.846 , 0.4576,-0.1501, 0.6092],[-112.119 ,-110.8381,-112.9942,-111.2863,-112.85  ],[-0.8473, 0.4883,-0.1487, 0.6069],-0.2996
3100,[-0.8571, 0.0065,-0.0035, 0.4155],[-5.3487,-7.0213,-6.1937,-7.1562,-5.2815],[-0.8553, 0.0061,-0.0023, 0.405 ],0.2237
3101,[-0.8535,-0.0178, 0.0713, 0.4119],[-1.9428,-3.4326,-1.2301,-3.0302,-1.8594],[-0.8515,-0.0213, 0.068 , 0.4016],0.1932
3102,[-0.857 , 0.0246,-0.0806, 0.4207],[-2.8786,-1.7142,-3.658 ,-3.808 ,-1.4988],[-0.8549, 0.0282,-0.0757, 0.4107],0.1988
3104,[-0.8657, 0.045 ,-0.2113, 0.3756],[-0.5839,-0.1131,-2.2146,-1.3006,-0.5094],[-0.8618, 0.0573,-0.2148, 0.3618],0.1603
3110,[-0.8526, 0.0704,-0.032 , 0.4251],[-3.0407,-3.6069,-2.1958,-4.0719,-1.9554],[-0.851 , 0.0664,-0.0275, 0.4142],0.1893
3111,[-0.856 , 0.0598, 0.0662, 0.449 ],[-2.2781,-2.6896,-1.3949,-2.3388,-2.0883],[-0.8542, 0.0509, 0.0485, 0.4356],0.1992
3112,[-0.8532, 0.0762,-0.089 , 0.435 ],[-1.555 , 0.1662,-1.6167,-2.1217, 0.2394],[-0.8513, 0.0757,-0.0806, 0.4242],0.1694
3114,[-0.8535, 0.133 ,-0.1985, 0.4516],[ 0.0631, 1.2536,-1.5187,-0.6585,-0.9402],[-0.8508, 0.1348,-0.1851, 0.4427],0.1082
3116,[-0.8637, 0.161 ,-0.2987, 0.4619],[-0.7038,-0.342 ,-1.1993,-1.149 ,-0.8563],[-0.859 , 0.1667,-0.2907, 0.4518],0.0812
3120,[-0.8572,-0.1011,-0.01  , 0.4134],[ 0.2521, 1.2703,-0.6479,-0.8835, 1.6776],[-0.8561,-0.0916,-0.0104, 0.4032],0.1953
3121,[-0.8588,-0.0682, 0.0773, 0.414 ],[ 0.8043,-0.5515, 2.9368,-0.4861, 2.2854],[-0.8571,-0.0677, 0.0716, 0.4034],0.1947
3122,[-0.8538,-0.1162,-0.0768, 0.4041],[-1.2467, 0.1763,-3.0212,-1.632 , 0.0242],[-0.8525,-0.1001,-0.0825, 0.3939],0.1638
3132,[-0.8465, 0.1883,-0.1275, 0.418 ],[ 6.2910e-01, 7.0281e-03, 5.7923e-01,-3.5025e-01, 1.3894e+01],[-0.8463, 0.1799,-0.0969, 0.4058],0.1117
3134,[-0.8436, 0.1782,-0.2289, 0.4244],[-0.3549, 2.2822,-1.468 ,-0.2603,-0.3104],[-0.8413, 0.1782,-0.2106, 0.4126],0.0555
3136,[-0.8568, 0.1691,-0.2858, 0.447 ],[-0.714 , 2.0329,-1.5808,-0.148 ,-0.1846],[-0.8527, 0.1732,-0.275 , 0.4489],0.0665
3140,[-0.8477,-0.2396, 0.006 , 0.4024],[-2.7967,-2.6024,-5.6104,-4.6741,-2.2987],[-0.8494,-0.2205,-0.0072, 0.3923],0.1325
3141,[-0.8529,-0.2633, 0.077 , 0.3846],[ 1.541 , 0.9898, 0.136 , 0.7397,11.9516],[-0.8551,-0.2478, 0.0691, 0.3778],0.1238
3142,[-0.8533,-0.1786,-0.063 , 0.392 ],[-1.4021,-1.684 ,-3.3309,-1.9369,-2.1042],[-0.8533,-0.1578,-0.0766, 0.3809],0.1475
3160,[-0.8447,-0.2924, 0.0431, 0.4143],[-0.5146,-0.0666,-3.5646,-1.8569, 1.1356],[-0.8479,-0.2729, 0.0272, 0.4057],0.1068
3161,[-0.8458,-0.3449, 0.1081, 0.4238],[ 0.2466,89.462 ,-0.5643, 0.6075, 2.1498],[-0.8504,-0.3275, 0.0935, 0.4145],0.0709
3163,[-0.8538,-0.375 , 0.1766, 0.4324],[ 1.2834, 0.3635, 3.0364, 0.4344,12.8346],[-0.8585,-0.3606, 0.1659, 0.4217],0.0545
3181,[-0.843 ,-0.4017, 0.1529, 0.4569],[ 3.3659, 1.9601,-0.613 ,-0.8217, 2.4001],[-0.8491,-0.3854, 0.1379, 0.4464],0.0309
3183,[-0.8424,-0.4268, 0.1963, 0.4716],[47.7007, 3.7736, 0.7077, 2.2182, 1.6038],[-0.8487,-0.4128, 0.1835, 0.4605],0.0035
3200,[-0.8498,-0.0008,-0.0014, 0.3075],[ 2.9844, 0.5968, 2.7548, 0.6386,13.2135],[-8.4845e-01,-7.6941e-04, 3.6592e-04, 2.9430e-01],0.1981
3201,[-0.8484,-0.0248, 0.0675, 0.3068],[-2.1368,-3.9453,-0.4613,-3.3771,-2.0898],[-0.8469,-0.0276, 0.0649, 0.295 ],0.1766
3202,[-0.85  , 0.0014,-0.0829, 0.2966],[ 0.4851, 3.8665,-1.3845, 0.1813, 1.384 ],[-0.8484, 0.0074,-0.0793, 0.2867],0.1776
3204,[-0.8544, 0.0193,-0.1823, 0.2741],[-0.1624, 0.7403,-2.4194,-0.8982, 0.5354],[-0.8513, 0.0314,-0.1838, 0.2684],0.1469
3210,[-0.8459, 0.0706,-0.0298, 0.3167],[-1.6646,-2.4047, 0.3595,-2.7601, 0.5992],[-0.8448, 0.0667,-0.0253, 0.3065],0.1684
3211,[-0.8442, 0.0753, 0.0777, 0.2849],[-1.2261,-1.9659,-0.9741,-1.8116,-1.2148],[-0.843 , 0.0636, 0.0756, 0.2709],0.1474
3212,[-0.8469, 0.0759,-0.0922, 0.3154],[ 0.8085, 2.4182,-0.6368,-1.2459, 1.4176],[-0.8455, 0.0759,-0.084 , 0.3052],0.1489
3214,[-0.856 , 0.0986,-0.2006, 0.2991],[-0.9814, 2.8146,-1.6058,-0.1125, 1.1276],[-0.8532, 0.1048,-0.1962, 0.2866],0.1223
3220,[-0.8507,-0.115 ,-0.0248, 0.2998],[ 1.4653, 2.3212,-0.9868,-0.7333, 3.6873],[-0.8502,-0.1035,-0.0247, 0.2901],0.1712
3221,[-0.8533,-0.075 , 0.0806, 0.2947],[ 1.0138,-0.9285, 4.3379,-0.4415, 4.9212],[-0.8521,-0.0747, 0.079 , 0.2839],0.1731
3222,[-0.8525,-0.0972,-0.0763, 0.3012],[ 3.3555, 8.536 ,-2.4247,-1.8975, 2.0459],[-0.8515,-0.0827,-0.0794, 0.2911],0.1676
3223,[-0.862 ,-0.1044, 0.1695, 0.2958],[-0.1092,-1.4013, 1.6733, 0.197 ,-0.4819],[-0.8599,-0.1079, 0.1611, 0.2825],0.1553
3240,[-0.8517,-0.2101,-0.0028, 0.3437],[-1.0452,21.7617,-1.9625,-1.0335, 2.5466],[-0.853 ,-0.192 ,-0.0136, 0.3322],0.1532
3241,[-0.8543,-0.2462, 0.0782, 0.3486],[-0.2164, 0.1765, 0.009 ,-0.8223, 1.5189],[-0.8562,-0.2317, 0.0684, 0.3399],0.1329
3242,[-0.8518,-0.175 ,-0.0629, 0.3454],[-1.0358,-1.2079,-1.9626,-1.241 ,-1.2935],[-0.8519,-0.1546,-0.0759, 0.3341],0.1442
3260,[-0.84  ,-0.2869, 0.0427, 0.3521],[-0.221 , 0.1235,-0.6616,-0.5666,-0.492 ],[-0.8433,-0.2685, 0.0286, 0.3423],0.0941
3261,[-0.8468,-0.3037, 0.0957, 0.3577],[ 0.5985, 0.4397,-0.8753, 0.0495, 0.1923],[-0.8502,-0.2878, 0.0854, 0.3502],0.0881
3263,[-0.8585,-0.325 , 0.1717, 0.3569],[0.8567,0.2758,0.6845,0.228 ,0.5715],[-0.8616,-0.313 , 0.1678, 0.3433],0.0802
3300,[-0.8442,-0.0061,-0.0018, 0.1847],[ 0.6794, 0.9303, 1.8153,-0.1272,53.4739],[-8.4346e-01,-5.5997e-03,-1.0113e-04, 1.7042e-01],0.1822
3301,[-0.846 ,-0.0288, 0.0682, 0.1863],[-0.3527,-2.5515, 3.3035,-2.5185, 0.5134],[-0.845 ,-0.0316, 0.0663, 0.1744],0.1689
3302,[-0.8497, 0.0107,-0.0823, 0.1957],[ 0.4462,29.7738,-1.2027,-0.3382, 0.6548],[-0.8486, 0.0161,-0.0781, 0.1854],0.1789
3304,[-0.8526, 0.029 ,-0.1827, 0.2052],[-1.1233,-0.4066,-2.4712,-1.2276,-1.0586],[-0.8498, 0.0406,-0.1844, 0.1966],0.1393
3310,[-0.8422, 0.0696,-0.0332, 0.1859],[-1.1415,-0.9988, 0.6109,-1.6589,-0.1636],[-0.8417, 0.0661,-0.0283, 0.1739],0.1587
3311,[-0.8449, 0.0592, 0.1085, 0.2443],[-0.1714,-0.4635,-0.3434,-0.5426,-0.41  ],[-0.8435, 0.0469, 0.1006, 0.2307],0.146
3312,[-0.8501, 0.0808,-0.1058, 0.1745],[ 0.3676, 2.3801,-0.5636,-0.1421, 3.666 ],[-0.8492, 0.0817,-0.0963, 0.1638],0.1549
3314,[-0.8514, 0.0972,-0.2027, 0.1784],[ 0.1962, 2.988 ,-1.4426,-0.7505, 0.3958],[-0.8489, 0.1042,-0.2   , 0.17  ],0.1089
3320,[-0.8478,-0.0784, 0.0068, 0.2031],[-4.2664,-3.9769,-5.3917,-5.7781,-3.3504],[-0.8473,-0.0725, 0.0068, 0.1918],0.176
3321,[-0.8506,-0.0769, 0.0823, 0.1914],[ 1.6366,-0.7814, 7.6673,-0.7234, 1.3314],[-0.8498,-0.0766, 0.077 , 0.1807],0.1658
3322,[-0.8473,-0.0765,-0.0737, 0.2199],[-3.0206,-1.4979,-3.7139,-3.1487,-1.7254],[-0.8464,-0.0644,-0.0749, 0.2087],0.1594
3340,[-0.8436,-0.1824,-0.0072, 0.2326],[-1.3429,-0.8034,-2.1192,-1.737 ,-1.5736],[-0.8446,-0.167 ,-0.0141, 0.2225],0.1358
3400,[-0.8424,-0.0025, 0.0018, 0.0625],[ 0.1619, 0.7353, 1.2098,-0.5797,43.0604],[-0.8422,-0.0025, 0.0025, 0.0474],0.178
3401,[-0.8429,-0.0283, 0.0661, 0.0599],[-0.6604,-1.74  , 6.4867,-1.9802, 0.5371],[-0.8425,-0.0312, 0.0652, 0.0473],0.1616
3402,[-0.848 , 0.0254,-0.0716, 0.0665],[ 0.3795, 9.5854,-1.9309,-1.2388, 1.4427],[-0.8475, 0.029 ,-0.0701, 0.055 ],0.1765
3404,[-0.8655, 0.0332,-0.1842, 0.1238],[-0.7259,-0.6373,-1.5253,-0.4113,-0.5025],[-0.8628, 0.0463,-0.1921, 0.1388],0.1765
3410,[-0.8504, 0.0724,-0.0309, 0.0513],[-0.3445,-0.7752, 1.381 ,-1.3137, 0.6874],[-0.8505, 0.0684,-0.0252, 0.0405],0.1867
3411,[-0.843 , 0.0597, 0.0693, 0.0104],[-0.4034,-0.4622, 0.0331,-0.6581,-0.2957],[-0.843 , 0.05  , 0.0607,-0.0046],0.1573
3412,[-0.8536, 0.0823,-0.1014, 0.062 ],[-0.2487,11.6643,-0.1045,-0.1603, 0.6217],[-0.8532, 0.083 ,-0.0926, 0.0512],0.169
3414,[-0.8488, 0.1285,-0.2049, 0.0736],[-0.5636, 1.3603,-1.8432,-1.3957,-0.72  ],[-0.847 , 0.1336,-0.2021, 0.0652],0.0921
3416,[-0.8465, 0.1606,-0.2903, 0.0022],[-1.0323,-0.1468,-1.3525,-1.0344,-0.6674],[-0.8426, 0.1694,-0.3036, 0.0158],0.0301
3420,[-0.8491,-0.064 , 0.034 , 0.0742],[-2.997 ,-3.2963,-4.0293,-4.2143,-3.3803],[-0.849 ,-0.0612, 0.0316, 0.0629],0.1831
3421,[-0.8532,-0.0779, 0.0872, 0.061 ],[ 0.2904,-0.9086, 3.8203,-0.5753, 4.5599],[-0.8529,-0.0783, 0.0848, 0.048 ],0.1728
3423,[-0.8649,-0.1126, 0.171 , 0.0304],[-1.4898,-2.6333,-0.6563,-0.6942,-0.6739],[-0.8639,-0.1171, 0.1672, 0.0156],0.1626
3432,[-0.8238, 0.1715,-0.1506, 0.0349],[-0.2637,-0.4985, 0.5729,-0.838 , 0.6611],[-0.8241, 0.1696,-0.1442, 0.0493],0.0338
3434,[-0.8303, 0.1747,-0.2389, 0.0458],[-0.2201, 2.6323,-1.0948,-0.5965, 1.2169],[-0.8285, 0.1784,-0.2392, 0.0378],0.0129
3436,[-0.8387, 0.1773,-0.3079, 0.0192],[-0.4585,-0.5574,-2.0636,-0.6586, 3.4362],[-0.8348, 0.1849,-0.3114, 0.0134],0.0023
3441,[-0.8586,-0.1701, 0.1531, 0.0297],[-0.1546, 0.3802,-0.21  ,-0.5326, 0.8134],[-0.8589,-0.1682, 0.1479, 0.0437],0.1342
3443,[-0.8651,-0.2767, 0.1765, 0.0332],[ 0.2618,-1.6197, 1.264 ,-0.3481, 1.2366],[-0.8681,-0.2669, 0.1495, 0.048 ],0.1244
3463,[-0.8582,-0.2942, 0.2398, 0.0201],[ 0.7944,-0.0174, 1.2928, 0.0069, 0.3444],[-0.8602,-0.2892, 0.2201, 0.0252],0.0655
3500,[-0.8429,-0.0012, 0.0041,-0.0614],[ 1.0684, 1.0435, 0.9003,-0.4235,61.4681],[-0.8432,-0.0015, 0.0047,-0.0772],0.1811
3501,[-0.8422,-0.0278, 0.0631,-0.0694],[-1.0609,-2.2432, 0.3531,-2.5813, 0.0206],[-0.8424,-0.0308, 0.0634,-0.0828],0.1618
3502,[-0.8441, 0.0303,-0.0686,-0.0624],[-3.6568,-2.481 ,-5.3378,-4.8547,-2.5365],[-0.8442, 0.0335,-0.0686,-0.076 ],0.165
3510,[-0.8529, 0.0731,-0.0295,-0.0564],[ 0.0213,-0.8095, 1.3302,-1.4394, 0.5838],[-0.8535, 0.069 ,-0.0247,-0.0685],0.1967
3511,[-0.8418, 0.0596, 0.0629,-0.0552],[-0.7988,-0.6616,-0.3805,-0.5339,-0.6447],[-0.842 , 0.0488, 0.0723,-0.0698],0.1505
3512,[-0.853 , 0.0809,-0.0863,-0.0579],[ 0.6678, 2.0731,-1.3708,-1.1503, 2.5665],[-0.8533, 0.081 ,-0.0806,-0.07  ],0.1741
3514,[-0.8583, 0.1412,-0.2131,-0.0561],[-0.6443, 0.6512,-1.5707,-1.0064, 0.1612],[-0.8569, 0.1471,-0.2144,-0.0657],0.1118
3516,[-0.8519, 0.1466,-0.2816,-0.0196],[-0.3553,-0.541 ,-0.7605,-0.8238,-0.9902],[-0.8483, 0.1561,-0.2876,-0.005 ],0.0559
3520,[-0.8544,-0.0632, 0.0415,-0.0614],[-0.458 ,-0.2221,-2.0428,-1.8414,-0.3418],[-0.8548,-0.0612, 0.0388,-0.0708],0.2018
3521,[-0.854 ,-0.0801, 0.0923,-0.0572],[-0.2156,-1.7413, 0.123 ,-1.5047, 1.526 ],[-0.8541,-0.0811, 0.0906,-0.0688],0.1735
3523,[-0.8595,-0.1465, 0.1735,-0.0838],[-0.2768,-1.5631,-0.1981,-1.2572, 0.056 ],[-0.8593,-0.1493, 0.1751,-0.0946],0.1326
3532,[-0.8411, 0.1741,-0.1374,-0.0871],[-0.4838,-0.6843,-1.1537,-0.7591,-0.6478],[-0.8421, 0.1716,-0.1356,-0.078 ],0.088
3534,[-0.8458, 0.177 ,-0.197 ,-0.0804],[ 0.9514, 3.1666,-1.291 , 0.1978, 1.1973],[-0.8458, 0.1785,-0.1935,-0.0917],0.0767
3536,[-0.8313, 0.1929,-0.2954,-0.0667],[-0.184 , 5.341 ,-1.1972, 0.4108,-0.505 ],[-0.8286, 0.1992,-0.2969,-0.0801],-0.013
3541,[-0.8577,-0.1749, 0.1518,-0.0108],[-0.2532,-0.374 ,-0.38  ,-0.4862,-0.2262],[-0.8582,-0.173 , 0.1503, 0.0032],0.1293
3543,[-0.8563,-0.1766, 0.1841,-0.0762],[ 1.0575,-1.5939, 2.6844, 0.2385, 1.6665],[-0.8565,-0.1771, 0.1787,-0.0621],0.1119
3565,[-0.8558,-0.299 , 0.3278,-0.0521],[-0.5259,-0.6594, 5.8031, 0.1881, 1.2916],[-0.8552,-0.3004, 0.3202,-0.0403],0.0099
3600,[-0.8448,-0.0022, 0.0035,-0.1858],[ 0.5932, 1.0538, 1.4551,-0.2888,65.699 ],[-0.8456,-0.0023, 0.0035,-0.2022],0.1891
3601,[-0.8457,-0.0356, 0.0674,-0.1861],[-1.9874,-3.2856,-0.6146,-3.4813,-1.4575],[-0.8464,-0.0387, 0.0685,-0.1991],0.1707
3602,[-0.8441, 0.0349,-0.0667,-0.189 ],[-2.4093,-0.7259,-3.8663,-3.8017,-1.4151],[-0.8447, 0.0379,-0.0672,-0.2027],0.166
3610,[-0.8552, 0.0663,-0.0397,-0.1824],[-1.419 ,-1.054 ,-0.3867,-1.6452, 0.4418],[-0.8562, 0.064 ,-0.0368,-0.1921],0.2051
3612,[-0.8522, 0.0749,-0.086 ,-0.1868],[-0.8277,-0.8627,-2.8982,-2.8195,-1.5639],[-0.853 , 0.076 ,-0.0836,-0.1991],0.1738
3614,[-0.8613, 0.1499,-0.1709,-0.1322],[-0.3243, 1.3096,-2.103 ,-0.9179,-0.3041],[-0.8616, 0.1516,-0.1626,-0.1484],0.1437
3620,[-0.8504,-0.062 , 0.0449,-0.1903],[-0.6481,-0.5911,-1.8249,-2.1584,-0.3099],[-0.8514,-0.0605, 0.0416,-0.2014],0.1898
3621,[-0.8493,-0.0773, 0.0918,-0.1976],[-1.072 ,-1.3981, 0.7018,-1.3194, 0.1476],[-0.8501,-0.0788, 0.0906,-0.2098],0.1608
3623,[-0.8545,-0.1534, 0.1799,-0.1573],[-0.6245,-1.5092, 0.4971,-0.4037,-0.1189],[-0.8546,-0.1562, 0.1807,-0.162 ],0.1136
3632,[-0.8329, 0.173 ,-0.1383,-0.1444],[ 0.1681, 0.1188,-0.1656,-0.1914, 0.8474],[-0.8341, 0.1711,-0.1383,-0.142 ],0.0635
3634,[-0.8499, 0.1788,-0.1902,-0.1377],[ 0.7145, 1.8614,-1.8027, 1.0381, 0.574 ],[-0.8504, 0.1796,-0.1807,-0.1364],0.0929
3636,[-0.8237, 0.2127,-0.2922,-0.1306],[-0.454 , 3.492 ,-1.2345, 0.0519,-0.4937],[-0.8218, 0.2176,-0.2903,-0.1416],-0.033
3643,[-0.864 ,-0.1897, 0.217 ,-0.1743],[ 0.667 ,-0.7423, 4.1232, 0.4143, 0.4232],[-0.864 ,-0.1929, 0.2166,-0.175 ],0.1145
3665,[-0.8645,-0.2809, 0.3506,-0.1341],[ 1.1502,-0.8538, 4.5985, 0.6955, 0.2613],[-0.8623,-0.2856, 0.3508,-0.1181],0.0225
3700,[-8.4904e-01, 7.6210e-04, 3.5297e-03,-3.0906e-01],[  1.9522,148.0073,  3.582 ,  0.8322,  6.6009],[-8.5043e-01,-1.0404e-04, 8.2733e-03,-3.2341e-01],0.2039
3701,[-0.852 ,-0.0336, 0.0694,-0.3255],[ 0.0993,-0.8243,18.6454,-0.6287, 0.5456],[-0.8532,-0.0374, 0.0712,-0.3381],0.1931
3702,[-0.8459, 0.0388,-0.0666,-0.3042],[-0.4837, 6.4415,-2.2331,-2.073 , 2.8539],[-0.8472, 0.0417,-0.0668,-0.3184],0.1729
3710,[-0.854 , 0.0686,-0.0433,-0.3159],[1.7815,1.0672,9.8784,0.7725,3.438 ],[-0.8556, 0.0668,-0.0435,-0.3273],0.2008
3712,[-0.8505, 0.0712,-0.0819,-0.3139],[ 0.6464,27.9901, 0.6876, 1.4618, 2.511 ],[-0.8518, 0.0725,-0.0787,-0.327 ],0.1733
3720,[-0.8514,-0.0643, 0.0477,-0.3288],[0.6961,5.5313,1.2843,0.5754,1.8347],[-0.853 ,-0.0633, 0.0473,-0.3386],0.1917
3721,[-0.8508,-0.0693, 0.0834,-0.3187],[ 1.0026e+00, 2.3687e-01, 1.5170e+01,-2.7929e-04, 1.4617e+00],[-0.8521,-0.071 , 0.0815,-0.3304],0.1736
3723,[-0.8487,-0.1371, 0.1794,-0.3283],[-0.3906,-1.4551, 2.6599, 0.8219,-0.0703],[-0.8492,-0.142 , 0.1807,-0.3419],0.1032
3730,[-0.8506, 0.1786,-0.0062,-0.3303],[-0.1006,-0.5011,-0.128 , 0.0928,-0.1231],[-0.8539, 0.1632, 0.0088,-0.3142],0.1717
3732,[-0.837 , 0.2178,-0.1086,-0.3283],[ 0.2405, 0.9384,-0.2531, 0.8242, 1.0116],[-0.8409, 0.2088,-0.0822,-0.3362],0.0889
3734,[-0.8252, 0.2369,-0.1838,-0.2746],[ 2.1509, 3.1375,-1.2318, 0.7627, 0.5178],[-0.8281, 0.2337,-0.1655,-0.2911],0.0169
3741,[-0.8502,-0.1684, 0.1551,-0.3316],[0.4502,0.4277,0.4526,0.2549,0.1171],[-0.8518,-0.1688, 0.155 ,-0.3362],0.1094
3743,[-0.8531,-0.1693, 0.1837,-0.3661],[ 0.1868,-0.7943, 2.941 , 3.1929, 1.7765],[-0.8543,-0.1718, 0.1782,-0.3661],0.1079
3800,[-8.5521e-01, 2.2029e-03,-5.7507e-05,-4.2005e-01],[  1.0475,  2.6523,367.8678,  1.6967,  2.0271],[-0.8571, 0.0022,-0.0022,-0.4294],0.2271
3801,[-0.857 ,-0.0374, 0.0716,-0.4094],[ 1.0115,-0.6404,53.5785,-0.1349,-0.4638],[-0.8586,-0.0413, 0.0723,-0.4189],0.2099
3802,[-0.8535, 0.041 ,-0.0666,-0.4389],[  0.175 ,122.3744, -0.429 , -0.3011,  0.4615],[-0.8553, 0.0441,-0.0678,-0.4488],0.1993
3810,[-0.8559, 0.0655,-0.0479,-0.4297],[ 0.8129, 0.8521,77.7589, 1.1181, 0.9576],[-0.858 , 0.0647,-0.0494,-0.4383],0.2077
3812,[-0.8549, 0.0674,-0.074 ,-0.442 ],[1.9076e+02,2.5606e+00,5.0375e-02,3.1814e+00,1.3156e+00],[-0.8568, 0.0689,-0.0734,-0.4512],0.193
3820,[-0.8572,-0.0638, 0.0493,-0.4289],[ 0.8436,51.6867, 0.6563, 0.6994, 1.0302],[-0.8592,-0.0633, 0.0506,-0.4369],0.2121
3821,[-0.8577,-0.0683, 0.0776,-0.4336],[  1.8572,  0.2378,105.5992,  3.1534,  0.4516],[-0.8595,-0.0699, 0.0756,-0.4414],0.2013
3823,[-0.8611,-0.1434, 0.1841,-0.4183],[-0.382 ,-1.6198,-0.1857, 3.5922,-0.6067],[-0.8618,-0.1488, 0.1845,-0.4068],0.1373
3841,[-0.8621,-0.1734, 0.1608,-0.4192],[1.7467,0.9822,2.4524,1.764 ,1.4425],[-0.8641,-0.1742, 0.1585,-0.4362],0.1447
3843,[-0.8647,-0.174 , 0.1964,-0.3942],[ 3.1892,-0.6693, 2.7648, 0.6852,10.496 ],[-0.8659,-0.1776, 0.1914,-0.3997],0.1361
3900,[-0.8568, 0.0115,-0.0157,-0.5363],[  0.9461,211.7623, 10.6283,  3.4379,  0.4352],[-0.8592, 0.012 ,-0.0143,-0.5438],0.2315
3901,[-0.8624,-0.0432, 0.0633,-0.5478],[  0.6613, -0.7549,119.2512, -0.1277, -0.3423],[-0.8647,-0.0464, 0.0663,-0.5538],0.2318
3902,[-0.8495, 0.038 ,-0.0724,-0.5312],[-7.2601e-01, 5.4239e+01,-1.5780e+00,-1.9906e-02,-6.9978e-01],[-0.8516, 0.0421,-0.0738,-0.5399],0.1852
3910,[-0.8592, 0.0628,-0.0441,-0.533 ],[4.4602e-03,6.7484e-01,4.0075e+00,1.2963e+02,4.5531e-01],[-0.8617, 0.061 ,-0.0371,-0.5257],0.2264
3912,[-0.8575, 0.0687,-0.0795,-0.5368],[ 1.3716e+00, 3.3047e+02,-2.0089e-01, 5.1253e+00, 1.0502e+00],[-0.8598, 0.0708,-0.0782,-0.5446],0.2006
3920,[-0.8573,-0.0661, 0.046 ,-0.5192],[-28.6595,-28.9681,-29.5459,-28.6604,-29.7909],[-0.8597,-0.0649, 0.0443,-0.5227],0.2153
3921,[-0.8588,-0.0759, 0.0868,-0.521 ],[-14.6943,-15.7174,-13.9298,-13.4818,-15.7205],[-0.8609,-0.0782, 0.0868,-0.5217],0.1985
4061,[-0.7981,-0.3765, 0.1175, 0.5112],[-0.4129, 0.8434,-2.3391,-1.9745, 0.7001],[-0.8035,-0.3626, 0.1062, 0.502 ],-0.0623
4081,[-0.7928,-0.4292, 0.1519, 0.5166],[-0.342 ,16.5271,-2.2213,-1.5352,-0.1698],[-0.7998,-0.4165, 0.1457, 0.5061],-0.0964
4083,[-0.8012,-0.4746, 0.2212, 0.5376],[ 5.1335e-01, 3.2002e+00,-3.1461e-01,-5.7648e-02, 9.1363e+01],[-0.8087,-0.4641, 0.217 , 0.5259],-0.113
4085,[-0.8104,-0.4958, 0.2784, 0.625 ],[ 0.681 ,-0.7301, 2.4218,-0.0958, 0.6123],[-0.8174,-0.4861, 0.2619, 0.625 ],-0.1167
4093,[-0.7973,-0.5347, 0.2502, 0.5972],[ 0.173 ,87.4708,-0.6513, 0.2733, 1.4984],[-0.8064,-0.5256, 0.2531, 0.593 ],-0.1456
4095,[-0.7979,-0.5539, 0.293 , 0.6233],[ 2.2541, 0.6527,26.5921, 3.1005, 2.4518],[-0.807 ,-0.5458, 0.2825, 0.6228],-0.1589
4097,[-0.7911,-0.6258, 0.4208, 0.625 ],[-3.6476,-5.3534,-1.6771,-2.9848,-3.9854],[-0.7996,-0.6225, 0.4039, 0.6246],-0.2277
4099,[-0.7992,-0.5226, 0.7099, 0.624 ],[-349.9589,-350.1829,-349.9546,-350.2672,-350.004 ],[-0.8051,-0.4886, 0.7082, 0.6235],-0.3793
4100,[-0.8198, 0.0398,-0.0434, 0.3902],[-3.2436,-3.2958,-3.0229,-4.5445,-2.6067],[-0.8181, 0.0394,-0.0391, 0.3796],0.0903
4102,[-0.8204, 0.0363,-0.0561, 0.3784],[-0.6773, 0.6729,-2.5432,-2.3303,-0.2393],[-0.8186, 0.0369,-0.052 , 0.3713],0.0886
4112,[-0.8211, 0.1203,-0.1469, 0.3762],[-0.1834, 0.3197,-1.5215,-1.6696, 0.8316],[-0.8194, 0.1201,-0.1335, 0.3639],0.04
4120,[-0.8167,-0.1573,-0.0231, 0.3823],[-2.1437,-1.5152,-3.6436,-3.369 ,-1.1618],[-0.8166,-0.145 ,-0.0245, 0.3701],0.058
4140,[-0.8143,-0.2449, 0.0162, 0.4236],[-5.5903,-4.7962,-7.083 ,-7.0564,-4.4684],[-0.8162,-0.2296, 0.0069, 0.4146],0.0336
4141,[-0.8114,-0.2618, 0.0843, 0.3859],[-1.2741,-0.1201,-0.9798,-2.1549, 0.5529],[-0.8135,-0.2503, 0.0807, 0.3783],0.0013
4160,[-0.8159,-0.2992, 0.0445, 0.4335],[-6.0883,-5.6286,-7.3252,-6.317 ,-5.5894],[-0.8194,-0.2825, 0.0305, 0.4259],0.0219
4161,[-0.8109,-0.3611, 0.1133, 0.4457],[-1.6117e-02, 3.1964e+01,-1.1404e+00,-1.4297e+00, 1.0285e+00],[-0.816 ,-0.3466, 0.1005, 0.4362],-0.0274
4163,[-0.8039,-0.3838, 0.1702, 0.4519],[ 1.8037, 0.1436, 2.8947,-0.3751, 1.7831],[-0.809 ,-0.3724, 0.1608, 0.441 ],-0.0684
4181,[-0.8036,-0.4098, 0.1492, 0.4731],[-0.4148,18.5626,-0.6801,-1.3214, 1.0675],[-0.81  ,-0.3965, 0.1398, 0.4618],-0.0675
4183,[-0.8085,-0.4352, 0.1934, 0.4836],[1.5936e+00,2.1542e+01,1.0300e+00,8.6498e-03,1.8200e+00],[-0.8152,-0.4234, 0.1839, 0.471 ],-0.0779
4200,[-0.8164, 0.0225,-0.0117, 0.2933],[-3.6704,-4.223 ,-3.5068,-5.    ,-2.6122],[-0.8152, 0.0216,-0.0103, 0.28  ],0.0872
4201,[-0.8209,-0.0028, 0.0656, 0.2625],[-2.084 ,-3.4203,-0.5873,-3.1784,-0.6359],[-0.8196,-0.0067, 0.0618, 0.2501],0.0977
4202,[-0.8171,-0.0062,-0.091 , 0.28  ],[-0.8617, 1.3268,-2.4243,-2.1115, 0.5856],[-8.1555e-01,-4.3899e-04,-8.3216e-02, 2.6837e-01],0.074
4210,[-0.8162, 0.0711,-0.0444, 0.2918],[-2.2006,-3.5241,-1.2647,-3.606 ,-1.3808],[-0.8152, 0.069 ,-0.0453, 0.2801],0.0709
4212,[-0.8175, 0.0927,-0.0872, 0.3086],[ 0.3126, 2.1803,-1.4017,-1.2185, 1.9581],[-0.8164, 0.091 ,-0.0761, 0.2955],0.0583
4220,[-0.8142,-0.1181,-0.0061, 0.2922],[ 0.2912, 1.7679,-1.8978,-1.9621, 2.7897],[-0.8138,-0.11  ,-0.0009, 0.2794],0.0644
4222,[-0.8197,-0.0752,-0.1056, 0.3233],[-2.3323,-1.3532,-4.5625,-3.8632,-1.0852],[-0.8181,-0.0632,-0.1055, 0.312 ],0.0623
4240,[-0.8112,-0.2152, 0.0164, 0.3149],[-4.7077,-3.8057,-5.9572,-5.4125,-3.6592],[-0.8127,-0.2019, 0.0087, 0.3034],0.0337
4241,[-0.812 ,-0.2307, 0.0701, 0.3566],[ 0.0747, 0.3362,-0.3031,-1.6804, 0.8718],[-0.8135,-0.2197, 0.0597, 0.3473],0.0166
4260,[-0.8188,-0.2938, 0.0484, 0.3505],[-1.5488,-0.8699,-2.0362,-1.4413,-1.1565],[-0.8224,-0.2776, 0.0355, 0.3388],0.0296
4261,[-0.8132,-0.3288, 0.0929, 0.3571],[-0.2439, 2.1375,-1.1522,-1.2853, 0.5255],[-0.8177,-0.3143, 0.0808, 0.3474],-0.0076
4300,[-0.816 , 0.0022, 0.0027, 0.1739],[ 0.6689,-1.3191,-0.7569,-2.797 , 1.9914],[-0.8153, 0.0018, 0.0032, 0.16  ],0.0909
4301,[-0.8177,-0.0251, 0.0657, 0.1772],[-2.6899,-3.9085,-0.9536,-3.6024,-1.4354],[-0.8168,-0.0276, 0.0646, 0.1642],0.082
4302,[-0.8159, 0.0339,-0.0828, 0.1823],[-1.2137, 0.5045,-2.8866,-2.4917, 0.2446],[-0.8148, 0.0367,-0.0785, 0.17  ],0.0693
4310,[-0.814 , 0.0739,-0.0328, 0.1734],[-2.7867,-2.7621,-1.2113,-4.1254,-1.74  ],[-0.8136, 0.0706,-0.0277, 0.1596],0.0706
4312,[-0.8167, 0.0863,-0.0913, 0.1821],[ 0.4211, 1.2971,-1.2419,-1.2102, 2.8716],[-0.816 , 0.0857,-0.0806, 0.1696],0.0574
4314,[-0.8195, 0.1314,-0.1948, 0.163 ],[-0.4299, 4.2625,-1.1798,-0.2635,-0.1236],[-0.818 , 0.134 ,-0.1819, 0.1536],0.0171
4320,[-0.8155,-0.0871, 0.0166, 0.1881],[-0.0693, 3.3904,-1.0685,-1.5922, 4.0733],[-0.8152,-0.0822, 0.0171, 0.1748],0.0743
4321,[-0.816 ,-0.0783, 0.0653, 0.2014],[ 0.3745,-1.1634, 3.8584,-1.0821, 3.1981],[-0.8153,-0.0768, 0.0588, 0.1881],0.0649
4400,[-8.1534e-01, 5.4396e-04, 8.0962e-04, 6.0605e-02],[-0.1517, 0.426 , 1.4726,-1.566 , 8.0732],[-8.1511e-01, 4.5244e-04, 9.0165e-04, 4.5584e-02],0.0897
4401,[-0.8161,-0.0252, 0.0674, 0.0517],[-1.4455,-2.8177, 0.2183,-3.0359,-1.024 ],[-0.8158,-0.028 , 0.066 , 0.0373],0.0785
4402,[-0.8145, 0.0271,-0.0645, 0.0548],[-1.0189, 0.2741,-2.5938,-2.5476, 0.1434],[-0.8141, 0.0296,-0.0635, 0.041 ],0.0745
4410,[-0.8145, 0.0777,-0.0199, 0.0696],[-1.3894,-1.4989,-1.1286,-2.7137,-0.6982],[-0.8146, 0.0728,-0.0086, 0.0554],0.0746
4412,[-0.8162, 0.0977,-0.0891, 0.0789],[ 0.269 , 2.8104,-0.9483,-1.1252, 2.1069],[-0.8161, 0.0962,-0.0767, 0.0659],0.0558
4414,[-0.8187, 0.1387,-0.1864, 0.1116],[-0.0323, 1.6973,-1.8776,-0.4193, 0.074 ],[-0.8177, 0.1404,-0.1718, 0.1159],0.0172
4420,[-0.8174,-0.0675, 0.028 , 0.0736],[ 0.8565, 0.8699,-0.6386,-1.373 , 3.2365],[-0.8174,-0.0645, 0.0258, 0.0589],0.0838
4421,[-0.8175,-0.0688, 0.0817, 0.0589],[ 0.6871,-1.0702, 5.5696,-1.179 , 2.0315],[-0.8172,-0.0691, 0.0733, 0.0458],0.0681
4432,[-0.8204, 0.1835,-0.1626, 0.012 ],[ 0.1946,-0.1474, 0.2004,-0.4476, 0.4755],[-0.8212, 0.1811,-0.1448,-0.0035],0.0221
4434,[-0.8194, 0.1868,-0.2236, 0.0344],[-0.1725, 1.5398,-0.7476, 0.193 , 0.4287],[-0.8186, 0.1882,-0.2132, 0.0236],-0.0077
4500,[-0.8149, 0.002 , 0.0013,-0.0575],[-1.344 , 0.3224, 0.3451,-3.3014, 1.0925],[-0.8152, 0.0018, 0.0017,-0.0723],0.0892
4501,[-0.8162,-0.0314, 0.0664,-0.0667],[-1.9526,-2.6723, 0.5493,-2.6455,-0.3205],[-0.8163,-0.034 , 0.0666,-0.0805],0.0782
4502,[-0.815 , 0.0258,-0.0673,-0.0636],[-0.2671, 3.6144,-2.058 ,-2.6012, 1.5699],[-0.8151, 0.0288,-0.0677,-0.0772],0.0761
4510,[-0.8191, 0.0727,-0.0074,-0.0342],[-0.4213,-1.2797,-0.4529,-1.7887, 0.2084],[-0.8196, 0.0681,-0.0072,-0.0489],0.0916
4512,[-0.8155, 0.0622,-0.0899,-0.0893],[ 0.7941, 2.3271,-1.2503,-0.6972, 1.774 ],[-0.8157, 0.064 ,-0.0863,-0.1009],0.0615
4520,[-0.8176,-0.0633, 0.0424,-0.0696],[-0.1165, 0.692 ,-0.5715,-1.7073, 1.2306],[-0.8181,-0.0614, 0.036 ,-0.085 ],0.0845
4521,[-0.8181,-0.08  , 0.112 ,-0.0616],[ 0.3258,-0.844 , 2.9294,-1.1285, 2.3833],[-0.818 ,-0.0821, 0.1087,-0.0742],0.0554
4532,[-0.8194, 0.1877,-0.1328,-0.0777],[-0.3964, 0.0027, 0.0205,-0.5684,-0.053 ],[-0.8211, 0.1835,-0.1194,-0.0896],0.0291
4534,[-0.8154, 0.1958,-0.2113,-0.0326],[ 0.5156, 0.9625,-1.4814, 0.2139,-0.2462],[-0.8154, 0.1961,-0.1992,-0.0418],-0.0137
4600,[-0.8157,-0.0044, 0.0032,-0.176 ],[ 2.2209, 1.3941, 2.0417,-1.6237, 2.4249],[-8.1657e-01,-4.0350e-03,-6.6910e-05,-1.9012e-01],0.0921
4601,[-0.8167,-0.0369, 0.0728,-0.1711],[-1.5772,-3.5524,-0.7604,-3.7062,-1.6067],[-0.8173,-0.0397, 0.073 ,-0.185 ],0.0774
4602,[-0.8155, 0.0351,-0.0672,-0.1877],[-2.9635,-1.3362,-3.9971,-4.0139,-1.5808],[-0.8161, 0.0376,-0.0674,-0.2019],0.0766
4610,[-0.8179, 0.0574,-0.0431,-0.1585],[-0.8135,-1.3758,-0.5558,-1.2775,-0.3334],[-0.8188, 0.0558,-0.0326,-0.1745],0.0891
4612,[-0.8158, 0.0774,-0.0831,-0.1793],[-0.383 , 1.5852,-1.267 ,-0.7476, 1.6402],[-0.8167, 0.0775,-0.0743,-0.1954],0.0637
4620,[-0.8191,-0.067 , 0.042 ,-0.1571],[-0.9614,-0.0857,-0.8525,-1.671 , 0.6139],[-0.82  ,-0.0656, 0.045 ,-0.1719],0.0858
4621,[-0.8174,-0.0751, 0.0944,-0.1871],[ 0.3737,-0.6963, 1.756 ,-0.3066, 1.6803],[-0.818 ,-0.0766, 0.0914,-0.1958],0.0626
4634,[-0.8179, 0.2377,-0.2492,-0.2165],[-0.1651, 0.7395,-0.9136,-0.2141, 0.7555],[-0.8186, 0.2389,-0.2386,-0.227 ],-0.0311
4636,[-0.8197, 0.2239,-0.2847,-0.1568],[-0.8847, 0.2698,-1.5788,-0.9447, 0.0398],[-0.8186, 0.2277,-0.2801,-0.1684],-0.0406
4700,[-0.8172, 0.0082,-0.0116,-0.2971],[0.4672,0.7672,1.5035,0.1527,6.9901],[-0.8186, 0.0087,-0.0135,-0.3133],0.0969
4701,[-0.8172,-0.0412, 0.0715,-0.298 ],[-2.6258,-3.2543,-1.7267,-3.3005,-2.8009],[-0.8183,-0.0439, 0.0728,-0.3116],0.079
4702,[-0.8159, 0.0394,-0.0704,-0.2879],[ 0.1364,11.3099,-0.813 ,-1.0245, 0.3965],[-0.817 , 0.042 ,-0.0697,-0.3007],0.077
4710,[-0.8206, 0.0765,-0.0389,-0.2578],[-0.4198,-1.2096,-0.4653,-1.3393, 0.331 ],[-0.8222, 0.0728,-0.0234,-0.2738],0.0967
4712,[-0.8195, 0.0629,-0.0923,-0.3292],[-0.1661,-0.6915,-3.0218,-1.9504,-0.4666],[-0.8206, 0.0656,-0.0922,-0.3394],0.0731
4721,[-0.8205,-0.0706, 0.0929,-0.2684],[-0.236 ,-1.2572, 1.7008,-0.4483, 1.0434],[-0.8214,-0.0726, 0.0904,-0.2785],0.0737
4734,[-0.8216, 0.2398,-0.2082,-0.251 ],[ 0.0137, 3.0741,-0.6473, 0.3112, 1.4758],[-0.8239, 0.2382,-0.1925,-0.2661],-0.0039
4800,[-0.8198, 0.0224,-0.0192,-0.3996],[3.3314e+00,3.5889e+00,1.8527e+01,6.0307e-03,8.0130e+00],[-0.8217, 0.0225,-0.0214,-0.4166],0.1073
4801,[-0.822 ,-0.0467, 0.0715,-0.3841],[-0.4901,-1.9729, 0.4765,-1.4722,-0.4036],[-0.8236,-0.0494, 0.0744,-0.4003],0.0922
5061,[-0.7617,-0.3839, 0.1252, 0.5114],[-8.6351,-8.6804,-9.6956,-9.7926,-8.3889],[-0.7673,-0.3724, 0.1181, 0.5019],-0.1397
5063,[-0.763 ,-0.387 , 0.1781, 0.5123],[-2.0473,-2.4635,-1.4567,-2.9627,-1.7859],[-0.7679,-0.3777, 0.1693, 0.4993],-0.1527
5081,[-0.7562,-0.4705, 0.1516, 0.551 ],[-1.063 ,27.4123,-2.7452,-1.6997,-1.2261],[-0.7647,-0.4596, 0.155 , 0.5399],-0.1734
5083,[-0.762 ,-0.4752, 0.1929, 0.5506],[ 0.9613, 2.2693,-0.9772,-0.2035,54.0617],[-0.77  ,-0.4654, 0.1925, 0.5387],-0.1753
5091,[-0.7461,-0.5222, 0.1577, 0.5896],[ 0.3793, 5.7553,-1.0875, 0.3002,-0.2062],[-0.7565,-0.5121, 0.1716, 0.5778],-0.2027
5093,[-0.7567,-0.546 , 0.2179, 0.6029],[ 0.2744,99.1387,-0.603 , 0.5169, 0.7401],[-0.767 ,-0.5374, 0.2208, 0.595 ],-0.2043
5095,[-0.7473,-0.5946, 0.3133, 0.6249],[ 1.2952e+00,-3.1595e-03, 1.9599e+01, 1.7043e+00, 3.0662e+00],[-0.7582,-0.5885, 0.2801, 0.6247],-0.242
5097,[-0.7522,-0.6094, 0.4414, 0.625 ],[ 0.3776,-0.6107,34.8471, 1.1118, 0.7758],[-0.7595,-0.6063, 0.4204, 0.625 ],-0.2765
5099,[-0.7436,-0.7692, 0.4942, 0.6185],[  2.1991, -1.9494,414.5326,  1.2824, -2.3342],[-0.7457,-0.7648, 0.5446, 0.6202],-0.4042
5161,[-0.7689,-0.3615, 0.1237, 0.4602],[-10.1027, -9.7686,-10.6916,-10.9774, -9.2196],[-0.7739,-0.3502, 0.1149, 0.4476],-0.1219
5163,[-0.7679,-0.3777, 0.1693, 0.4993],[-2.1038,-2.4491,-1.4198,-3.0098,-0.9303],[-0.7727,-0.368 , 0.1601, 0.4861],-0.1397
5181,[-0.7647,-0.4355, 0.1516, 0.4735],[-2.4765,-0.3365,-3.4276,-4.0693,-2.0008],[-0.7721,-0.4244, 0.1476, 0.4618],-0.1509
5183,[-0.762 ,-0.4439, 0.1799, 0.474 ],[ 0.0979, 1.5648,-0.1693,-0.4291, 6.8716],[-0.7693,-0.434 , 0.1743, 0.4609],-0.1644
6081,[-0.722 ,-0.4866, 0.1525, 0.5704],[-11.2746, -9.7612,-12.3369,-12.1181,-11.2281],[-0.7312,-0.4768, 0.1546, 0.5585],-0.2275
6083,[-0.7204,-0.4865, 0.188 , 0.5719],[-7.7978,-8.0897,-7.8834,-9.2555,-7.6449],[-0.729 ,-0.4778, 0.1839, 0.5611],-0.2364
6091,[-0.7182,-0.5202, 0.1598, 0.6019],[ 0.1224, 4.6037,-0.7841,-0.4359,-0.1193],[-0.7285,-0.5111, 0.1741, 0.5897],-0.2417
6093,[-0.7146,-0.5434, 0.2215, 0.6169],[ 1.8923, 1.6644,-0.6101, 0.1051,85.4421],[-0.7253,-0.5353, 0.1975, 0.6091],-0.2548
6095,[-0.709 ,-0.5831, 0.3338, 0.625 ],[ 0.2845,-0.9388,82.2831, 0.4975, 0.6406],[-0.719 ,-0.5781, 0.2996, 0.625 ],-0.2896
6097,[-0.7031,-0.6064, 0.4372, 0.625 ],[ 0.1678,-0.6716,77.28  ,-0.439 ,-0.1624],[-0.7106,-0.6037, 0.4101, 0.625 ],-0.3227
6099,[-0.7011,-0.7336, 0.7998, 0.5795],[ -1.4501, -2.2414,  1.4674,163.4235, -1.533 ],[-0.7   ,-0.7265, 0.8365, 0.5871],-0.4338
6183,[-0.7215,-0.4555, 0.2042, 0.4888],[-0.835 ,-1.079 ,-1.0336,-1.5559,-0.6956],[-0.7288,-0.4477, 0.1996, 0.4866],-0.2339
6193,[-0.698 ,-0.5076, 0.1795, 0.4897],[-0.0386,-0.0877,-0.0681, 0.0574,-0.046 ],[-0.7077,-0.4999, 0.1926, 0.5023],-0.2688
6199,[-0.7024,-0.823 ,-0.2695, 0.4329],[-400.1229,-400.1057,-399.5797,-399.1898,-400.7983],[-0.7023,-0.8142,-0.1588, 0.4422],-0.4594
6299,[-0.6965,-0.8915,-0.801 , 0.3283],[-153.0481,-152.5779,-153.1882,-152.2834,-154.2301],[-0.6976,-0.8833,-0.7741, 0.338 ],-0.4668
6399,[-0.6928,-0.9178,-0.8947, 0.2269],[-5.7423,-5.4012,-6.7743,-4.5978,-7.2259],[-0.694 ,-0.9098,-0.887 , 0.2361],-0.4689
7081,[-0.6818,-0.4808, 0.16  , 0.5661],[-8.7786,-7.463 ,-9.4304,-8.8109,-8.6924],[-0.6905,-0.4728, 0.1716, 0.5694],-0.28
7083,[-0.6706,-0.4942, 0.1927, 0.5773],[-18.3399,-18.5475,-18.0013,-18.3952,-18.1402],[-0.6798,-0.4865, 0.1763, 0.5721],-0.294
7091,[-0.6852,-0.519 , 0.164 , 0.59  ],[-0.2812, 0.041 ,-0.2727,-0.1361,-0.1026],[-0.6951,-0.5114, 0.1904, 0.5814],-0.2844
7093,[-0.6768,-0.5372, 0.2397, 0.6166],[10.6778,-0.691 ,-0.4798, 0.5045, 4.5496],[-0.687 ,-0.5303, 0.2098, 0.6133],-0.2988
7095,[-0.6708,-0.5633, 0.3419, 0.6245],[-0.1595,-1.8907,59.3239,-0.2265, 0.1587],[-0.6796,-0.5589, 0.3086, 0.6242],-0.3256
7097,[-0.6675,-0.5878, 0.4476, 0.625 ],[  0.1283, -1.6548,112.8244, -0.4508, -0.2822],[-0.6739,-0.5853, 0.4196, 0.625 ],-0.3511
7099,[-0.667 ,-0.6486, 0.7545, 0.6073],[-1.3061e+00,-1.9525e+00, 2.6761e+03,-7.8289e-01, 1.3285e+00],[-0.6659,-0.6439, 0.7402, 0.6104],-0.4119
7191,[-0.6877,-0.5153, 0.1601, 0.4765],[-0.2175,-0.057 ,-0.098 ,-0.1148,-0.0885],[-0.698 ,-0.5076, 0.1795, 0.4897],-0.2788
7193,[-0.6766,-0.5234, 0.1945, 0.489 ],[-0.1466,-0.0546,-0.1854,-0.1256,-0.0858],[-0.6877,-0.5153, 0.1601, 0.4765],-0.2881
7199,[-0.6784,-0.7273, 0.8351, 0.4546],[-96.0905,-96.5436,-96.2744,-95.6987,-96.9979],[-0.6761,-0.7201, 0.852 , 0.465 ],-0.4439
7299,[-0.684 ,-0.9346,-0.8698, 0.286 ],[-191.3722,-191.4432,-191.8246,-190.8353,-192.1636],[-0.6855,-0.9332,-0.86  , 0.2958],-0.4772
7399,[-0.6754,-0.8223,-0.933 , 0.1883],[-83.317 ,-82.6236,-84.8221,-82.7314,-84.9113],[-0.6765,-0.8545,-0.9313, 0.1995],-0.4874
7499,[-0.668 ,-0.3068,-0.6478, 0.0661],[-66.17  ,-65.8588,-67.1851,-65.459 ,-67.8007],[-0.6684,-0.3524,-0.7182, 0.0783],-0.4972
7599,[-0.6666, 0.226 , 0.2183,-0.0038],[-44.453 ,-44.22  ,-44.7678,-43.3444,-45.119 ],[-6.6656e-01,-1.1389e-01,-1.5210e-01, 6.4875e-04],-0.4994
8093,[-0.6404,-0.5345, 0.264 , 0.6055],[-0.3081,-0.9868,-0.8154,-0.6252, 0.57  ],[-0.6502,-0.5287, 0.2262, 0.6062],-0.3348
8095,[-0.6358,-0.5504, 0.3568, 0.622 ],[-1.2718,-3.6332, 0.3648,-2.3919,-0.4391],[-0.6436,-0.5467, 0.3251, 0.62  ],-0.355
8097,[-0.6308,-0.568 , 0.456 , 0.6249],[-0.6358,-2.8394,17.0141,-0.97  ,-0.4119],[-0.6361,-0.5655, 0.4283, 0.6249],-0.3754
8099,[-0.6304,-0.6017, 0.663 , 0.6193],[-1.1618e+00,-2.9973e+00, 1.2792e+03,-4.7895e-01, 2.6290e+00],[-0.6299,-0.5987, 0.6442, 0.6205],-0.4092
8199,[-0.6339,-0.642 , 0.8027, 0.4695],[-35.5839,-35.8346,-35.3073,-34.9304,-36.4024],[-0.6306,-0.6371, 0.7918, 0.4802],-0.4312
8299,[-0.6327,-0.652 , 0.8138, 0.341 ],[-6.798 ,-7.2838,-6.7321,-6.4791,-7.5255],[-0.6288,-0.6474, 0.8047, 0.3469],-0.4348
9097,[-0.5937,-0.5582, 0.4705, 0.6222],[-2.7275,-5.1748,-0.9406,-3.3058,-2.8119],[-0.5981,-0.5561, 0.443 , 0.6201],-0.3976
9099,[-0.5943,-0.5765, 0.6131, 0.6143],[-1.0782e-01,-2.8757e+00, 3.6599e+02,-6.1404e-01,-1.4305e+00],[-0.5944,-0.5742, 0.592 , 0.6162],-0.4162
9199,[-0.5947,-0.6089, 0.7006, 0.4732],[-12.5116,-12.7185,-12.2372,-12.1123,-13.2768],[-0.5928,-0.6062, 0.6862, 0.486 ],-0.4296
