0,[-0.9718,-0.0348,-0.0313, 0.5829],[ 0.6478,20.4182, 0.8087, 0.9693, 1.5173],[-0.9691,-0.0044,-0.0581, 0.5779],0.2353
1,[-0.9567,-0.0505, 0.0645, 0.6063],[ 0.279 ,-0.391 , 2.9889, 0.3941,-0.3794],[-0.9538,-0.0538, 0.0803, 0.6153],0.2706
2,[-0.9719, 0.0077,-0.0981, 0.5987],[ 0.7977, 1.7279, 0.0329, 1.2973,11.3628],[-0.9686, 0.0421,-0.1271, 0.5909],0.2032
4,[-0.9732, 0.0171,-0.2097, 0.5966],[ 0.2046, 2.8064,-1.0953, 1.4409, 0.9556],[-0.9677, 0.0868,-0.2738, 0.5952],0.1338
6,[-0.9748, 0.0415,-0.2922, 0.605 ],[-1.458 ,-1.0168,-2.3687,-1.018 ,-1.38  ],[-0.967 , 0.1137,-0.3628, 0.6087],0.0901
10,[-0.9558, 0.0792,-0.0248, 0.625 ],[0.0274,0.1537,1.4082,0.6468,0.4232],[-0.9534, 0.0575, 0.015 , 0.625 ],0.2977
12,[-0.9656, 0.0892,-0.1273, 0.577 ],[14.4043, 1.5329, 0.783 , 1.7473, 1.1759],[-0.9628, 0.0937,-0.1251, 0.5684],0.2041
14,[-0.9697, 0.1204,-0.2084, 0.5819],[ 1.2694,12.1752, 0.2105, 2.1019, 1.7449],[-0.9659, 0.1385,-0.2188, 0.5738],0.1394
16,[-0.9771, 0.1285,-0.3251, 0.6066],[ 0.2827,-0.4889,-0.6   , 5.6842, 0.9313],[-0.97  , 0.1753,-0.367 , 0.606 ],0.0567
18,[-0.9614, 0.1608,-0.4081, 0.625 ],[-0.2475,-0.5754,-1.9179,-0.8053,-0.4627],[-0.9524, 0.1868,-0.4305, 0.625 ],0.0751
20,[-0.974 ,-0.1057, 0.0075, 0.5992],[ 0.7287,14.0662,-0.2711, 0.866 , 0.2591],[-0.9717,-0.0495,-0.0468, 0.5945],0.216
21,[-0.973 ,-0.1409, 0.0883, 0.5757],[10.9667, 0.737 , 4.872 , 2.0275, 1.7998],[-0.9712,-0.1008, 0.0459, 0.5697],0.2003
22,[-0.9686,-0.1001,-0.1027, 0.6015],[ 0.495 , 4.3248,-0.9573,-0.0801, 0.3674],[-0.9651,-0.0193,-0.1779, 0.6033],0.1969
34,[-0.9627, 0.1928,-0.247 , 0.6042],[1.9279,3.6931,1.2034,8.4406,1.3552],[-0.9596, 0.191 ,-0.2344, 0.6068],0.1324
36,[-0.9714, 0.2282,-0.3298, 0.6184],[ 0.6795,15.108 ,-0.3274, 0.6892, 0.5927],[-0.9668, 0.2326,-0.3266, 0.6183],0.0587
38,[-0.9698, 0.2336,-0.4158, 0.6104],[ 0.7784, 1.5308,-0.5377, 5.5839, 8.5462],[-0.9626, 0.2457,-0.4226, 0.6096],0.027
40,[-0.9683,-0.2175, 0.0104, 0.6011],[ 2.8796, 1.0524,-0.7432, 0.2715, 0.5411],[-0.9673,-0.1122,-0.0904, 0.6032],0.1877
41,[-0.9764,-0.2166, 0.1129, 0.6052],[5.9356,0.9087,1.6691,1.3499,3.8206],[-0.9755,-0.1428, 0.0406, 0.6016],0.168
42,[-0.9623,-0.1796,-0.0699, 0.5903],[-2.0924,-1.8269,-2.865 ,-1.6597,-2.3299],[-0.9604,-0.0987,-0.1475, 0.5902],0.2011
43,[-0.979 ,-0.2567, 0.1967, 0.6035],[ 2.8302, 1.6253,12.7362, 1.7161, 1.1001],[-0.9781,-0.1838, 0.123 , 0.5999],0.1101
56,[-0.9639, 0.3026,-0.3634, 0.6219],[ 1.6632,13.0306, 0.6474, 1.481 , 0.9494],[-0.9607, 0.2917,-0.3432, 0.6219],0.0448
58,[-0.9713, 0.3359,-0.4456, 0.6226],[ 0.0717, 5.324 ,-1.0685, 0.7322,-0.0773],[-0.9665, 0.3241,-0.4273, 0.622 ],-0.0157
59,[-0.9755, 0.3611,-0.5244, 0.625 ],[-1.9104,-1.8773,-3.5197,-1.8354,-2.3516],[-0.969 , 0.3452,-0.501 , 0.6219],-0.0583
60,[-0.984 ,-0.2941, 0.0414, 0.625 ],[-1.6525,-1.3477,-2.6203,-1.5017,-2.1388],[-0.9835,-0.0954,-0.1568, 0.6125],0.122
61,[-0.967 ,-0.3266, 0.1224, 0.5961],[ 0.0947, 1.608 ,-0.6641, 3.3106,-0.2421],[-0.9689,-0.2269, 0.0256, 0.5971],0.1558
63,[-0.9755,-0.3357, 0.2233, 0.6086],[0.857 ,9.0101,0.6748,1.0184,0.738 ],[-0.9765,-0.2558, 0.1456, 0.6072],0.0866
65,[-0.9775,-0.3541, 0.3041, 0.6151],[ 1.0271, 1.7253,12.3278, 1.3668, 1.1072],[-0.9774,-0.2903, 0.2398, 0.609 ],0.0386
67,[-0.972,-0.387, 0.402, 0.625],[-0.0419,-0.6611,-0.133 ,-0.2466, 0.0933],[-0.9709,-0.3586, 0.3592, 0.625 ],-0.0139
78,[-0.9679, 0.3987,-0.4751, 0.625 ],[1.9714,1.787 ,0.8168,8.0205,2.1141],[-0.9646, 0.3783,-0.4497, 0.625 ],-0.0411
79,[-0.9723, 0.4494,-0.5664, 0.625 ],[ 0.3712,20.9975,-0.8127, 1.2519, 0.0728],[-0.9678, 0.4154,-0.529 , 0.625 ],-0.0935
81,[-0.9862,-0.3924, 0.1453, 0.625 ],[-2.231 ,-1.5307,-3.1071,-1.3922,-2.1592],[-0.9883,-0.1468,-0.0987, 0.6125],0.1096
83,[-0.9718,-0.4298, 0.2313, 0.6025],[ 0.6949, 1.0526,-1.0783, 1.2897, 1.1918],[-0.9758,-0.3063, 0.1104, 0.6   ],0.0696
85,[-0.9757,-0.444 , 0.3344, 0.6174],[3.2281,4.2621,0.1244,1.5724,0.8217],[-0.9782,-0.3625, 0.2554, 0.6162],0.0018
87,[-0.975 ,-0.4781, 0.4169, 0.6215],[7.4499,0.7604,1.8357,1.9864,1.1444],[-0.9766,-0.4254, 0.3672, 0.6196],-0.0555
93,[-0.9752,-0.5249, 0.2713, 0.625 ],[-2.8552,-2.3783,-3.3367,-2.5098,-2.9325],[-0.9826,-0.4191, 0.1683, 0.625 ],0.0049
95,[-0.9715,-0.5539, 0.3558, 0.6208],[-3.1107,-1.7651,-3.6365,-2.4969,-2.4746],[-0.9782,-0.4829, 0.2868, 0.6187],-0.0513
97,[-0.9709,-0.5778, 0.4515, 0.6221],[-2.3384,-1.0007,-2.7661,-1.5155,-3.4566],[-0.9756,-0.528 , 0.4035, 0.6219],-0.11
99,[-0.9726,-0.2942, 0.3533, 0.6236],[7.3870e+02,2.9410e+00,1.2938e+00,5.5496e+00,5.2633e-01],[-0.9753,-0.209 , 0.2686, 0.6239],-0.2813
100,[-0.9643,-0.0212,-0.0302, 0.4413],[0.7125,0.4186,0.4048,0.1747,1.1104],[-0.9623,-0.0039,-0.0447, 0.4283],0.2681
102,[-0.9635, 0.0335,-0.0869, 0.4688],[0.0266,0.3936,0.2866,0.5082,0.5074],[-0.9612, 0.0465,-0.0944, 0.4598],0.2402
112,[-0.9588, 0.0641,-0.0991, 0.4745],[0.5103,0.5745,0.5836,0.5806,0.2747],[-0.9564, 0.0692,-0.1003, 0.4772],0.2461
114,[-0.9567, 0.14  ,-0.2021, 0.491 ],[ 0.0345, 0.3701, 0.225 , 0.609 ,-0.0903],[-0.9538, 0.1452,-0.1968, 0.4805],0.1846
120,[-0.9627,-0.0905, 0.0291, 0.484 ],[ 2.8858e-01, 9.5075e-01,-2.3755e-04, 1.1130e-01, 6.4431e-01],[-0.961 ,-0.0677, 0.0105, 0.473 ],0.2641
121,[-0.9706,-0.1501, 0.0651, 0.4876],[0.5615,0.464 ,0.3399,0.5951,0.5073],[-0.9695,-0.1117, 0.0335, 0.4782],0.2083
141,[-0.9712,-0.1937, 0.1028, 0.4975],[0.4339,0.357 ,0.5352,0.2712,0.0889],[-0.9706,-0.1501, 0.0651, 0.4876],0.1777
199,[-0.9645, 0.3435, 0.3435, 0.4528],[-0.5529, 0.6278,-0.7601, 2.3646,-1.0612],[-0.9658, 0.5696, 0.1189, 0.4654],-0.3937
300,[-0.9594, 0.0267,-0.0476, 0.1479],[-3.2096,-2.322 ,-2.5869,-2.6134,-3.2436],[-0.9585, 0.0324,-0.0519, 0.1613],0.2725
302,[-0.957 , 0.0442,-0.066 , 0.1696],[-0.6548,-0.0651,-1.0466,-0.8652,-1.0679],[-0.956 , 0.0496,-0.0706, 0.1827],0.2678
310,[-0.9577, 0.0926,-0.012 , 0.1399],[-0.3346,-1.3557, 0.3235,-0.8834,-0.6825],[-0.9576, 0.0676, 0.0095, 0.1265],0.2785
312,[-0.9565, 0.1121,-0.1003, 0.1481],[ 0.0455,-0.5671,-0.2954,-0.007 ,-1.2987],[-0.9561, 0.1052,-0.0875, 0.1574],0.2378
332,[-0.9563, 0.1918,-0.149 , 0.1348],[-0.2875,-0.0961, 0.32  ,-0.144 ,-0.5035],[-0.9568, 0.1753,-0.1237, 0.1487],0.1921
356,[-0.9559, 0.3007,-0.3177, 0.1353],[ 0.1092, 0.4101,-0.4424, 0.4345, 0.196 ],[-0.9551, 0.2991,-0.3116, 0.1483],0.0699
400,[-0.9597,-0.0144,-0.0087, 0.0531],[-5.1524,-5.6513,-5.3871,-4.8704,-6.3501],[-0.9594,-0.0066,-0.0152, 0.0638],0.2779
401,[-0.9561,-0.0549, 0.0576, 0.0596],[-2.745 ,-2.806 ,-1.1578,-1.7211,-2.6354],[-0.9558,-0.0563, 0.0621, 0.0743],0.2694
402,[-0.9587, 0.0326,-0.0791, 0.0655],[-2.0883,-0.7044,-2.7927,-1.7243,-2.57  ],[-0.958 , 0.0464,-0.0908, 0.0751],0.2534
412,[-0.9587, 0.0898,-0.1108, 0.0687],[-2.0603,-1.6136,-3.0323,-1.7627,-3.3607],[-0.9582, 0.0947,-0.1135, 0.0826],0.2241
420,[-0.9619,-0.0706, 0.0264, 0.0219],[-1.6938,-0.7338,-1.7308,-1.4195,-2.2228],[-0.962 ,-0.0553, 0.0134, 0.0289],0.2631
421,[-0.9601,-0.0651, 0.0654, 0.043 ],[-3.0239,-3.1084,-2.5303,-2.8418,-3.7796],[-0.9599,-0.0639, 0.0614, 0.0516],0.2509
434,[-0.9556, 0.2114,-0.1804, 0.1126],[-1.0079, 0.4116,-1.3201,-0.2127,-1.5271],[-0.9561, 0.1992,-0.1606, 0.1276],0.1697
436,[-0.9657, 0.2741,-0.3094, 0.0029],[ 0.2188, 0.059 ,-0.7223,-0.1378,-0.6924],[-0.9646, 0.2811,-0.3127, 0.0178],0.0502
456,[-0.9607, 0.2942,-0.3206, 0.07  ],[-0.1924, 0.25  ,-0.5523, 0.0468,-1.2836],[-0.9596, 0.2966,-0.3212, 0.0846],0.0544
500,[-0.9591,-0.029 , 0.0066,-0.0459],[-2.433 ,-1.6992,-1.1649,-0.988 ,-3.7904],[-0.9592,-0.0195,-0.0089,-0.0356],0.2848
502,[-9.5772e-01,-3.3748e-04,-6.1223e-02,-8.8568e-03],[-1.6701,-0.7643,-1.7135,-1.2261,-2.1594],[-0.9572, 0.0227,-0.0949, 0.0061],0.2641
512,[-0.9609, 0.0826,-0.0848,-0.0593],[-2.7182,-1.6833,-3.106 ,-2.3721,-4.4235],[-0.9611, 0.0836,-0.0855,-0.0508],0.229
514,[-0.9718, 0.1635,-0.1748,-0.1198],[-1.1294,-0.0909,-1.7083,-0.6163,-2.0611],[-0.9718, 0.1735,-0.1904,-0.1044],0.1176
520,[-0.9581,-0.0797, 0.0358,-0.0288],[-0.7517, 0.4405,-1.919 ,-1.2363,-1.8907],[-0.9585,-0.0651, 0.0212,-0.0138],0.268
521,[-0.9593,-0.1081, 0.0856,-0.0555],[-1.8922,-2.9753,-1.9646,-1.0728,-2.8752],[-0.9598,-0.1002, 0.0748,-0.0445],0.2312
534,[-0.9707, 0.2106,-0.2357,-0.0841],[-1.5528,-0.7092,-2.1106,-0.6616,-2.4355],[-0.9701, 0.2224,-0.2493,-0.0732],0.0815
536,[-0.9675, 0.2605,-0.2918,-0.0206],[-0.1868, 0.2118,-0.7663,-0.3566,-1.0641],[-0.9663, 0.2696,-0.3035,-0.0049],0.0534
541,[-0.9577,-0.1764, 0.1373,-0.0652],[-0.9635,-0.4769,-1.3976,-0.6493,-1.4777],[-0.9589,-0.1623, 0.113 ,-0.052 ],0.1945
543,[-0.9571,-0.1745, 0.1758,-0.102 ],[-1.6604,-2.099 ,-0.3238,-0.9729,-2.5472],[-0.9576,-0.1745, 0.1692,-0.0904],0.1712
600,[-0.9621, 0.019 ,-0.0243,-0.1751],[-2.8805,-2.4644,-2.0696,-1.4905,-4.0755],[-0.9627, 0.0214,-0.0272,-0.1595],0.2548
602,[-0.9608, 0.0462,-0.0707,-0.1961],[-0.8778,-0.1873,-1.3601,-0.2294,-1.7984],[-0.9614, 0.0568,-0.0813,-0.1804],0.2407
610,[-0.9671, 0.0571,-0.0485,-0.221 ],[-1.2365,-1.7079,-0.6398,-0.9826,-2.2453],[-0.968 , 0.0559,-0.0497,-0.2053],0.2287
612,[-0.9644, 0.0892,-0.1048,-0.1673],[-2.914 ,-2.079 ,-3.3525,-1.4637,-4.2258],[-0.9648, 0.0975,-0.1118,-0.1513],0.2009
614,[-0.9716, 0.1557,-0.1719,-0.1361],[-0.532 ,-0.1664,-0.9736, 0.2121,-1.2558],[-0.9718, 0.1635,-0.1748,-0.1198],0.1272
621,[-0.9563,-0.0976, 0.1189,-0.1649],[-2.7771,-2.9167,-2.5365,-2.0216,-4.0584],[-0.9566,-0.1053, 0.1253,-0.1488],0.2207
623,[-0.9561,-0.1559, 0.1763,-0.155 ],[-0.7376,-0.6409, 0.4347, 0.1153,-1.6955],[-0.9563,-0.1629, 0.1796,-0.1407],0.176
643,[-0.9565,-0.169 , 0.1815,-0.1269],[-1.4357,-2.0896,-1.0907,-0.1705,-2.5589],[-0.9567,-0.173 , 0.1804,-0.114 ],0.1701
700,[-0.9642,-0.0192,-0.0253,-0.3151],[-5.4391,-5.4456,-5.2445,-4.204 ,-6.4657],[-0.9655,-0.0024,-0.0373,-0.3066],0.258
702,[-0.9678, 0.0298,-0.0629,-0.2728],[-0.3436, 0.0704,-1.1632, 0.2868,-1.2578],[-0.9687, 0.0458,-0.0772,-0.2562],0.2196
710,[-0.9643, 0.0644,-0.05  ,-0.2598],[-0.6467,-0.8922, 0.5277,-0.9033,-1.6296],[-0.9655, 0.0604,-0.0464,-0.244 ],0.2374
712,[-0.9593, 0.0706,-0.0651,-0.2749],[-2.9565,-2.6635,-3.8173,-2.6739,-4.4902],[-0.9606, 0.0701,-0.063 ,-0.2699],0.2454
720,[-0.9585,-0.0828, 0.0287,-0.3475],[-1.0256, 0.0651,-0.7851,-0.1676,-1.4197],[-0.9604,-0.0644, 0.0082,-0.3309],0.268
743,[-0.9594,-0.2026, 0.2151,-0.3443],[-0.8031,-1.7126,-1.5164, 0.0777,-1.77  ],[-0.9602,-0.2141, 0.2275,-0.3509],0.1235
745,[-0.9625,-0.2649, 0.2859,-0.363 ],[-0.0792,-0.2524, 0.0057, 0.917 ,-0.6409],[-0.9628,-0.2812, 0.3019,-0.3795],0.0592
765,[-0.963 ,-0.3316, 0.3542,-0.3601],[-0.0534,-1.1708,-0.5129, 0.4233,-1.4048],[-0.9627,-0.3476, 0.3719,-0.3426],0.0057
843,[-0.9612,-0.2202, 0.2371,-0.3806],[-1.0842,-1.2941, 0.0677,-0.1618,-1.6437],[-0.9618,-0.2346, 0.2537,-0.3631],0.0999
865,[-0.963 ,-0.2983, 0.3194,-0.3841],[-0.5934,-0.9262,-0.467 , 0.5027,-0.5865],[-0.9631,-0.3151, 0.3368,-0.3776],0.0315
1000,[-0.9242,-0.0118, 0.0156, 0.5736],[ 1.6869, 1.9282, 1.9059,34.7938, 6.7729],[-0.9216,-0.0124, 0.0198, 0.579 ],0.431
1001,[-0.9469,-0.0121, 0.0651, 0.6218],[ 0.3156,-0.335 , 6.9283, 0.4807, 0.6149],[-0.944 ,-0.0212, 0.069 , 0.6247],0.3246
1002,[-0.922 ,-0.0251,-0.136 , 0.5856],[ 0.0375,31.501 ,-0.2983, 0.5244, 0.5223],[-0.9184,-0.0037,-0.1479, 0.5739],0.3842
1004,[-0.9226, 0.0017,-0.2028, 0.5792],[ 0.7992,20.86  ,-1.4253, 0.9386,-0.7402],[-0.9178, 0.0269,-0.2184, 0.568 ],0.3468
1006,[-0.9292, 0.0403,-0.2899, 0.5801],[-4.245 ,-4.3035,-5.7818,-4.1974,-4.6329],[-0.9222, 0.0697,-0.3124, 0.5697],0.2718
1010,[-0.9345, 0.0833,-0.0383, 0.5494],[ 1.4249,-0.5354,12.391 , 1.0219, 0.894 ],[-0.9324, 0.0745,-0.0406, 0.5381],0.3646
1012,[-0.9339, 0.116 ,-0.1187, 0.5551],[ 3.3991, 2.4263, 1.3184, 1.85  ,81.4139],[-0.9316, 0.1122,-0.1139, 0.544 ],0.3165
1014,[-0.9254, 0.0971,-0.2335, 0.5602],[ 1.4172,19.1436,-0.0368, 2.4565, 0.377 ],[-0.9209, 0.1093,-0.2337, 0.5518],0.2873
1016,[-0.924 , 0.0969,-0.3169, 0.5693],[ 1.9868,11.7984,-1.4679, 0.1746,-0.9473],[-0.917 , 0.1172,-0.3285, 0.5613],0.2461
1018,[-0.9389, 0.1499,-0.3947, 0.5513],[-4.9679,-3.8648,-5.4709,-3.9887,-4.5464],[-0.9303, 0.1704,-0.4099, 0.5398],0.1594
1020,[-0.9212,-0.1392,-0.0329, 0.6079],[ 1.5322,44.8048,-0.1995, 0.6949, 0.9247],[-0.9195,-0.1125,-0.0502, 0.6076],0.3858
1021,[-0.9402,-0.1126, 0.0816, 0.5535],[ 1.8073, 0.8323,34.3057, 0.6969, 3.1821],[-0.9383,-0.1024, 0.0697, 0.5437],0.3167
1022,[-0.9262,-0.1066,-0.1031, 0.6135],[ 0.0912, 4.089 ,-1.2894, 0.0544,24.2875],[-0.9234,-0.0733,-0.1281, 0.606 ],0.3593
1024,[-0.9362,-0.0675,-0.1791, 0.6082],[-3.2729,-2.9728,-4.2679,-3.3436,-3.5373],[-0.9316,-0.0256,-0.2149, 0.5966],0.3128
1032,[-0.9282, 0.1964,-0.1325, 0.5907],[ 0.9981, 0.485 ,37.4567, 1.018 , 1.4799],[-0.9271, 0.1815,-0.1219, 0.5863],0.2959
1034,[-0.9375, 0.2197,-0.2246, 0.6011],[ 1.1284,25.2294, 0.3971, 0.9334, 2.6556],[-0.9356, 0.2101,-0.2007, 0.5985],0.2181
1036,[-0.9344, 0.2403,-0.3263, 0.5931],[11.5729, 6.8657,-1.3159, 1.1425,-0.0599],[-0.9305, 0.2395,-0.3136, 0.5899],0.1683
1038,[-0.9346, 0.244 ,-0.4303, 0.5969],[ 1.3306e-02, 3.0069e+01,-1.0914e+00, 2.0273e+00, 3.2423e-01],[-0.9273, 0.2498,-0.4279, 0.5913],0.1154
1040,[-0.9262,-0.2222,-0.0012, 0.6131],[32.8512, 1.7935,-0.9051,-0.2116,-0.0942],[-0.9262,-0.1836,-0.0336, 0.6144],0.3413
1041,[-0.9273,-0.2449, 0.0868, 0.5904],[ 1.9472,38.2883, 1.2383, 0.9652, 1.6321],[-0.9279,-0.2163, 0.064 , 0.5871],0.3052
1042,[-0.9356,-0.1781,-0.0662, 0.6158],[-3.1354,-2.6418,-4.1945,-2.8413,-2.6959],[-0.9341,-0.1312,-0.1076, 0.6173],0.3035
1043,[-0.9482,-0.2599, 0.1899, 0.5893],[ 1.4612, 0.4008,18.5194, 0.9045, 2.2966],[-0.948 ,-0.2358, 0.1606, 0.5768],0.1819
1054,[-0.9242, 0.2923,-0.2543, 0.6182],[3.1061,2.3218,1.207 ,2.6561,8.1159],[-0.9239, 0.2778,-0.2228, 0.6137],0.2142
1056,[-0.9301, 0.3119,-0.3434, 0.6221],[ 1.2383,47.1119, 0.0897, 1.4094, 0.9754],[-0.9279, 0.3031,-0.3227, 0.6217],0.1428
1058,[-0.9374, 0.3412,-0.4313, 0.6197],[-0.573 , 4.5428,-1.4082,13.3602,-0.6994],[-0.9335, 0.3342,-0.4141, 0.6202],0.0699
1059,[-0.9317, 0.3759,-0.5288, 0.625 ],[-3.241 ,-2.8662,-5.1133,-3.2988,-4.5973],[-0.9259, 0.3682,-0.509 , 0.6234],0.0339
1060,[-0.9303,-0.2908, 0.0432, 0.6095],[-4.2157,-3.8021,-5.7146,-4.0983,-4.5035],[-0.9322,-0.2458, 0.0019, 0.6132],0.3019
1061,[-0.9237,-0.3386, 0.0981, 0.6065],[ 0.3918, 4.6151,-1.1822,19.9241, 0.0958],[-0.927 ,-0.3003, 0.0628, 0.6078],0.2729
1063,[-0.9401,-0.3279, 0.2166, 0.6076],[ 1.2513, 3.2349, 1.2765, 1.7935,20.9477],[-0.9415,-0.3004, 0.1878, 0.6017],0.164
1065,[-0.9402,-0.3669, 0.3068, 0.5993],[ 0.7594, 0.0989,29.2056, 1.1505, 2.6222],[-0.9409,-0.347 , 0.2842, 0.6059],0.1039
1076,[-0.9137, 0.4581,-0.3499, 0.5034],[0.7647,0.3784,1.0372,1.8912,0.2741],[-0.9173, 0.4449,-0.3314, 0.4903],0.1065
1078,[-0.9344, 0.4024,-0.4663, 0.625 ],[ 7.0103e-01, 1.6607e+00,-1.7369e-02, 5.6317e+01, 1.1840e+00],[-0.9317, 0.3913,-0.4443, 0.625 ],0.039
1079,[-0.9407, 0.4313,-0.5629, 0.6195],[ 0.6456,88.893 ,-1.332 , 0.4285,-0.6484],[-0.9358, 0.4177,-0.542 , 0.6213],-0.0299
1081,[-0.9219,-0.4043, 0.1506, 0.605 ],[-8.6805,-8.9932,-9.8012,-8.9652,-8.8796],[-0.9272,-0.3681, 0.1158, 0.6036],0.2155
1083,[-0.9217,-0.4455, 0.2   , 0.6062],[-1.6929, 0.8107,-3.8502,-1.0302,-1.6065],[-0.928 ,-0.4138, 0.1697, 0.605 ],0.1663
1085,[-0.935 ,-0.4519, 0.3322, 0.5955],[ 1.4352, 2.6072, 1.324 ,13.506 , 1.464 ],[-0.9384,-0.4304, 0.3105, 0.5976],0.0621
1087,[-0.9349,-0.47  , 0.421 , 0.5972],[ 1.0541, 0.31  ,40.608 , 1.5535, 0.6049],[-0.9364,-0.4547, 0.4033, 0.5954],0.0138
1093,[-0.9203,-0.5157, 0.2458, 0.6059],[-15.7255,-15.0333,-16.2862,-14.9745,-15.6807],[-0.9286,-0.4886, 0.2219, 0.6064],0.1043
1095,[-0.9282,-0.5523, 0.3378, 0.5987],[-8.8929,-6.918 ,-9.896 ,-8.3427,-9.2858],[-0.9357,-0.533 , 0.322 , 0.5966],0.0186
1097,[-0.9351,-0.6146, 0.4602, 0.6195],[-5.6282,-4.0896,-6.7894,-5.4528,-6.4959],[-0.9411,-0.6042, 0.4528, 0.6191],-0.0846
1099,[-0.9329,-0.7259, 0.6218, 0.6228],[1.0431e-01,3.5728e-01,2.4314e-01,1.5528e+03,1.8564e+00],[-0.9375,-0.725 , 0.6227, 0.6234],-0.2111
1100,[-0.9298, 0.0281,-0.0142, 0.4232],[ 1.2353,43.9607, 2.4397, 1.8137, 1.6782],[-0.9279, 0.0242,-0.0044, 0.4149],0.4066
1101,[-0.9248,-0.0186, 0.0868, 0.3972],[ 0.6765,-0.4694, 5.9437, 0.1254, 0.6532],[-0.9227,-0.0286, 0.0945, 0.3893],0.3995
1102,[-0.9354, 0.0255,-0.0875, 0.4571],[1.4128,4.1225,0.0732,1.1655,5.4341],[-0.9331, 0.0343,-0.0895, 0.4459],0.357
1104,[-0.9289, 0.0097,-0.2079, 0.4627],[-0.4667,-0.3929,-1.0012, 1.0968,-0.2537],[-0.9243, 0.0378,-0.2266, 0.4587],0.3258
1110,[-0.9284, 0.0722,-0.0319, 0.4322],[ 0.9321, 0.4705,22.3456, 1.0229, 0.7735],[-0.9267, 0.0642,-0.0271, 0.4231],0.3992
1112,[-0.9297, 0.0965,-0.1012, 0.4637],[ 1.3449,44.6055, 0.7283, 1.038 , 0.5954],[-0.9277, 0.0933,-0.09  , 0.4526],0.3496
1114,[-0.9265, 0.1164,-0.213 , 0.4605],[ 2.3214, 1.4234,-0.4679, 1.2207, 0.3944],[-0.9231, 0.1244,-0.2089, 0.4558],0.2896
1116,[-0.9205, 0.1053,-0.3065, 0.4637],[-0.0507, 0.256 ,-1.2975, 0.3098,-1.077 ],[-0.9143, 0.1244,-0.3155, 0.4636],0.2481
1120,[-0.919 ,-0.1229,-0.0066, 0.4518],[ 0.4329,17.2991, 0.5881, 1.1857, 1.014 ],[-0.9178,-0.103 ,-0.0191, 0.4499],0.4018
1121,[-0.9386,-0.148 , 0.0643, 0.4797],[1.167 ,0.5781,2.6407,6.3325,0.5678],[-0.9377,-0.1274, 0.0394, 0.4697],0.3207
1122,[-0.9222,-0.1115,-0.0896, 0.4638],[-0.6839, 0.4267,-0.7753, 0.2882, 0.4648],[-0.9201,-0.0791,-0.1138, 0.4652],0.3612
1132,[-0.9366, 0.2094,-0.1228, 0.4134],[0.9753,0.5128,1.314 ,0.4774,0.9979],[-0.9367, 0.1874,-0.0957, 0.4124],0.2656
1134,[-0.9264, 0.1971,-0.2151, 0.4819],[1.6724,2.2311,0.056 ,0.9379,0.5565],[-0.9246, 0.1924,-0.1958, 0.4817],0.2646
1136,[-0.9291, 0.2296,-0.2967, 0.4905],[ 0.0541, 0.8188,-0.774 , 1.4859, 0.9935],[-0.9261, 0.2303,-0.2849, 0.482 ],0.1927
1140,[-0.9161,-0.2094, 0.0139, 0.4572],[-0.0776, 1.2658,-0.4639,-0.21  ,-0.4858],[-0.9166,-0.1793,-0.0091, 0.4526],0.3793
1141,[-0.916 ,-0.2343, 0.068 , 0.4762],[1.2942,2.8663,1.0998,1.3125,0.9232],[-0.917 ,-0.2096, 0.0515, 0.4662],0.3506
1142,[-0.9471,-0.1669,-0.0871, 0.4482],[-0.2195,-0.0014,-0.5765,-0.1709,-0.4836],[-0.9456,-0.1077,-0.1428, 0.4348],0.2526
1154,[-0.9359, 0.3307,-0.2265, 0.4338],[0.5459,0.5106,0.2749,0.5549,0.1906],[-0.9378, 0.3098,-0.2073, 0.4253],0.163
1160,[-0.9444,-0.2865, 0.0284, 0.4713],[-0.192 ,-0.4138,-0.5396,-0.1988,-0.5481],[-0.9466,-0.2279,-0.0286, 0.4594],0.2462
1161,[-0.9248,-0.3435, 0.102 , 0.4852],[-0.2498, 0.3488,-1.0701, 0.1155,-0.8062],[-0.9288,-0.305 , 0.0661, 0.4852],0.2628
1176,[-0.9225, 0.422 ,-0.3061, 0.4722],[0.2751,0.54  ,0.2455,0.4246,0.1655],[-0.9258, 0.4059,-0.2903, 0.4607],0.119
1181,[-0.9297,-0.4125, 0.1569, 0.4573],[-0.8874,-0.2379,-1.0847,-0.3422,-0.5895],[-0.936 ,-0.3742, 0.1198, 0.4447],0.1799
1183,[-0.9176,-0.4492, 0.1949, 0.487 ],[-0.7038, 0.186 ,-0.9684, 0.1157,-0.5449],[-0.9247,-0.4198, 0.1667, 0.4889],0.1751
1185,[-0.9411,-0.4689, 0.2851, 0.4941],[0.5911,0.5071,0.3974,0.2911,0.5629],[-0.9468,-0.4408, 0.2592, 0.5073],0.056
1195,[-0.9285,-0.5114, 0.3192, 0.4941],[-1.0321,-1.2841,-1.486 ,-0.3155,-0.6142],[-0.935 ,-0.4919, 0.3046, 0.5072],0.046
1197,[-0.9168,-0.5187, 0.4143, 0.49  ],[-0.6562,-0.2961,-1.1627,-0.8733,-0.9366],[-0.9207,-0.5082, 0.405 , 0.5032],0.0297
1199,[-0.9304,-0.7216, 0.6027, 0.4415],[ 2.4605, 7.2303,-0.748 , 0.598 ,-1.6736],[-0.9351,-0.7266, 0.6108, 0.4508],-0.1966
1200,[-0.9212, 0.0256,-0.0022, 0.3122],[1.9144,0.4245,1.506 ,0.1952,5.845 ],[-0.9199, 0.021 , 0.0047, 0.3018],0.4409
1201,[-0.9213,-0.0306, 0.0878, 0.33  ],[ 0.4557,-0.6017, 3.963 ,-0.4595, 2.1408],[-0.9196,-0.0381, 0.0899, 0.3196],0.4105
1202,[-0.9321, 0.0397,-0.0737, 0.3562],[ 0.0715, 1.6809, 0.0449,-0.197 , 0.039 ],[-0.9304, 0.0449,-0.0789, 0.3474],0.3724
1210,[-0.9234, 0.0687,-0.0277, 0.2917],[1.6686e+00,9.7786e-04,2.4730e+00,4.1717e-01,1.7701e+00],[-0.9223, 0.061 ,-0.0225, 0.2894],0.4176
1212,[-0.9265, 0.0886,-0.0917, 0.3113],[1.1794,1.369 ,0.6613,1.0579,3.1136],[-0.9252, 0.087 ,-0.0861, 0.3074],0.363
1220,[-0.9157,-0.1068,-0.0032, 0.3211],[ 0.6115, 1.0876,-0.1946,-0.2567, 0.2703],[-0.915 ,-0.0909,-0.0094, 0.3136],0.4214
1221,[-0.9162,-0.0645, 0.0948, 0.3056],[0.8121,0.113 ,2.9638,0.0959,2.4939],[-0.9146,-0.0676, 0.096 , 0.2969],0.4024
1222,[-0.912 ,-0.0958,-0.0652, 0.3596],[ 0.212 , 0.298 ,-0.3898,-0.0908, 0.0896],[-0.9107,-0.074 ,-0.0741, 0.3517],0.4037
1223,[-0.9253,-0.0721, 0.1678, 0.2617],[ 0.9648,-0.7006, 0.8772,-0.0357, 0.276 ],[-0.9228,-0.0853, 0.1775, 0.2474],0.3376
1299,[-0.9321,-0.8205, 0.638 , 0.3678],[ 3.9398, 0.8486, 1.4052, 5.6998,-0.0707],[-0.9384,-0.8394, 0.6607, 0.3733],-0.2766
1300,[-0.9184, 0.0046,-0.0066, 0.1393],[  1.3291,  4.191 ,  2.7316,  0.6682,332.1052],[-0.9178, 0.005 ,-0.0082, 0.1339],0.4383
1301,[-0.9183,-0.0442, 0.0669, 0.1415],[ 8.7224e-01,-3.7677e-01, 7.5228e+01, 5.9295e-02, 4.4625e+00],[-0.9175,-0.0471, 0.0668, 0.1459],0.4203
1302,[-0.9182, 0.0427,-0.0637, 0.1356],[ 1.1276, 2.8326,-0.6132,-0.1186,63.9701],[-0.9175, 0.0455,-0.065 , 0.1304],0.4228
1310,[-0.919 , 0.0651,-0.0416, 0.1601],[ 5.4726e-02,-4.0392e-01, 1.1628e+02,-2.8166e-01, 2.7242e+00],[-0.9184, 0.0612,-0.0411, 0.1673],0.4238
1312,[-0.9201, 0.0775,-0.0797, 0.1523],[  1.2005,108.9231,  1.0406,  0.5971,  1.2468],[-0.9194, 0.0765,-0.0751, 0.1587],0.3956
1314,[-0.9201, 0.1509,-0.1742, 0.1442],[ 1.0209, 2.7668,-1.2018,-0.0079, 0.9959],[-0.9192, 0.1529,-0.1732, 0.1447],0.3195
1320,[-0.9189,-0.0717, 0.0355, 0.1421],[ 0.5962,24.5546,-0.0274, 0.1323, 1.8786],[-0.9184,-0.0658, 0.0335, 0.1458],0.4256
1321,[-0.919 ,-0.0768, 0.0865, 0.1436],[ 1.9816, 0.203 , 2.2449, 0.53  ,49.9995],[-0.9184,-0.0772, 0.0835, 0.1378],0.3965
1323,[-0.9202,-0.143 , 0.1832, 0.1533],[ 0.4369,-0.3101, 6.9541, 0.3606, 1.5166],[-0.9189,-0.147 , 0.1823, 0.1559],0.3128
1332,[-0.9254, 0.1861,-0.1306, 0.1587],[-0.9702,-1.3876,-0.0481,-0.8503,-1.0891],[-0.9259, 0.1745,-0.1138, 0.1629],0.3107
1334,[-0.9265, 0.2089,-0.1986, 0.1454],[ 1.0965, 2.9637,-0.6742,-0.2861, 2.222 ],[-0.9263, 0.2047,-0.1883, 0.1492],0.2589
1336,[-0.9202, 0.2424,-0.2883, 0.1564],[ 0.7353, 2.4832,-0.9586,-0.1541, 1.7954],[-0.9184, 0.2453,-0.2879, 0.1561],0.2142
1340,[-0.92  ,-0.1723, 0.052 , 0.1276],[-0.2264, 0.1907,-0.5831,-0.139 ,-0.4127],[-0.921 ,-0.155 , 0.0518, 0.1419],0.3727
1341,[-0.9203,-0.1851, 0.1317, 0.1475],[-0.3958,-0.7629,-1.009 ,-0.9691,-1.195 ],[-0.9208,-0.1746, 0.1144, 0.1497],0.3298
1343,[-0.9194,-0.2082, 0.2007, 0.1528],[ 1.3429,-1.4642, 3.0559, 0.2197, 3.1964],[-0.9192,-0.2044, 0.1882, 0.1545],0.2835
1354,[-0.9393, 0.293 ,-0.2147, 0.138 ],[-0.4319,-0.284 ,-0.312 ,-0.1808,-0.2035],[-0.9413, 0.2761,-0.1842, 0.1433],0.1782
1356,[-0.9543, 0.2936,-0.2976, 0.1628],[ 0.7777, 1.5662,-0.6177, 1.7348, 0.8854],[-0.9539, 0.2892,-0.2867, 0.1629],0.0877
1363,[-0.916 ,-0.2871, 0.2517, 0.1587],[-0.4804,-0.7491,-0.729 ,-0.0582,-0.5252],[-0.9164,-0.2817, 0.2513, 0.1724],0.2303
1365,[-0.914 ,-0.3018, 0.2779, 0.1254],[ 1.1608,-1.1308, 3.025 , 0.6849, 2.1667],[-0.9148,-0.2964, 0.261 , 0.1391],0.2185
1400,[-0.919 ,-0.0077, 0.0049, 0.0712],[676.2744,  4.7623,  1.9544,  2.6793,  2.0595],[-0.9186,-0.0072, 0.0038, 0.0736],0.4398
1401,[-0.9183,-0.043 , 0.064 , 0.0698],[3.8435e-01,1.1329e-02,2.0719e+02,3.9405e-02,7.0977e-01],[-0.9178,-0.0459, 0.0647, 0.0734],0.4236
1402,[-0.9185, 0.0388,-0.0663, 0.07  ],[ 1.6349e-01, 3.5670e+02,-1.0078e+00,-5.0010e-01, 1.6428e+00],[-0.918 , 0.0427,-0.0673, 0.0695],0.4222
1410,[-0.9188, 0.062 ,-0.0465, 0.0625],[-1.8510e-01, 2.3465e-01, 2.3337e+02, 5.8362e-01,-1.9401e-01],[-0.9186, 0.0594,-0.0459, 0.073 ],0.424
1411,[-0.9259, 0.0566, 0.0677, 0.0029],[-1.45  ,-2.3919,-1.1138,-2.2703,-2.153 ],[-0.9257, 0.0364, 0.0727, 0.0178],0.3985
1412,[-0.9185, 0.0709,-0.0772, 0.0557],[2.1398e+00,4.2764e+02,2.6987e-01,1.5755e+00,2.5572e+00],[-0.9182, 0.0712,-0.0747, 0.0639],0.4043
1414,[-0.9207, 0.1467,-0.1807, 0.0436],[ 0.0681,21.7638,-0.6723,-0.1073, 0.9543],[-0.9199, 0.1509,-0.1808, 0.0515],0.3069
1420,[-0.9187,-0.0636, 0.0452, 0.0501],[-9.7448e-02, 3.5600e+02,-2.7232e-02, 2.7123e-01, 6.1253e-01],[-0.9186,-0.0607, 0.0448, 0.0562],0.4274
1421,[-0.9189,-0.073 , 0.076 , 0.0522],[2.0511e+00,5.2024e-01,3.3571e+02,3.1411e-01,1.6703e+00],[-0.9186,-0.0728, 0.0726, 0.0583],0.4062
1423,[-0.9195,-0.1462, 0.1809, 0.0453],[-0.2329,-1.2822, 1.7331,22.7504, 4.7652],[-0.9186,-0.1503, 0.1812, 0.0555],0.3122
1432,[-0.9266, 0.1833,-0.1399, 0.0663],[-4.4952,-4.5644,-5.482 ,-3.9515,-4.945 ],[-0.9272, 0.1741,-0.1246, 0.0767],0.3022
1434,[-0.9246, 0.1999,-0.2046, 0.0515],[ 1.6642,18.3112,-0.7003, 4.3967,-0.0474],[-0.9243, 0.199 ,-0.1981, 0.0638],0.2638
1436,[-0.9262, 0.2728,-0.3064, 0.0224],[ 0.7101, 8.9278,-0.6232, 1.0755, 0.5875],[-0.9251, 0.2755,-0.3034, 0.0333],0.1773
1440,[-0.9217,-0.1738, 0.0414, 0.0128],[-0.899 , 0.1734,-1.2322,-0.7506,-1.14  ],[-0.9232,-0.1544, 0.0394, 0.0276],0.3693
1441,[-0.9211,-0.1835, 0.1371, 0.0704],[-3.9962,-4.2321,-4.1375,-3.2663,-4.7561],[-0.9219,-0.1742, 0.1197, 0.0777],0.3234
1443,[-0.9207,-0.2002, 0.2108, 0.0499],[ 1.8701,-0.2752,19.0741, 8.7341, 1.2265],[-0.9204,-0.2   , 0.2038, 0.0613],0.2737
1445,[-0.9202,-0.257 , 0.2924, 0.042 ],[-0.5242,-1.0713, 9.9395, 2.869 , 1.7787],[-0.9191,-0.2597, 0.2901, 0.0546],0.207
1454,[-0.9315, 0.2973,-0.2542, 0.0531],[-1.9453,-2.1592,-1.7553,-2.0412,-2.7747],[-0.9331, 0.2889,-0.2339, 0.0668],0.1768
1456,[-0.9206, 0.3216,-0.3103, 0.0557],[ 0.621 , 2.576 ,-0.8454, 1.7671,-0.2329],[-0.9211, 0.3189,-0.2995, 0.0677],0.1716
1463,[-0.9124,-0.2914, 0.2709, 0.0032],[-1.9366,-1.5452,-1.8032,-1.5995,-2.1328],[-0.9128,-0.29  , 0.2783, 0.0174],0.206
1465,[-0.9134,-0.2991, 0.3087, 0.0528],[ 0.3509,-1.2483, 2.3258, 3.5621, 0.1931],[-0.913 ,-0.2989, 0.3064, 0.0639],0.188
1500,[-9.1949e-01, 4.5988e-03,-3.6977e-04,-5.4335e-02],[-62.6186,-63.2892,-61.9043,-61.0354,-63.8384],[-9.1970e-01, 3.8985e-03, 1.1826e-04,-4.7316e-02],0.4412
1501,[-0.9182,-0.0354, 0.073 ,-0.0499],[-47.1035,-48.3147,-46.1807,-47.2628,-48.3288],[-0.9181,-0.0416, 0.0769,-0.0474],0.4177
1502,[-0.9178, 0.0408,-0.0687,-0.0415],[-0.7515,80.3547,-0.619 , 0.2726,-0.4085],[-0.9178, 0.0453,-0.0709,-0.0427],0.4208
1510,[-0.9183, 0.0625,-0.046 ,-0.0645],[ -2.1612, -1.4654,101.1909,  0.3343, -3.4031],[-0.9187, 0.0601,-0.0457,-0.055 ],0.4247
1512,[-0.9184, 0.07  ,-0.0763,-0.0559],[ 0.6678,45.0938,-0.4516,83.2328, 0.966 ],[-0.9185, 0.0709,-0.0754,-0.0443],0.4054
1514,[-0.9238, 0.1437,-0.1846,-0.0612],[ 1.1943,19.8374,-0.7784, 1.3489, 0.3095],[-0.9232, 0.1503,-0.1879,-0.0483],0.2973
1520,[-0.9187,-0.0624, 0.047 ,-0.0599],[ 9.8784e-01, 1.7091e+02,-2.1467e-02, 2.4524e+00,-4.0255e-01],[-0.9191,-0.0603, 0.0471,-0.0539],0.4254
1521,[-0.9186,-0.073 , 0.0781,-0.0646],[ 8.5846e-01,-1.2359e-01, 1.1938e+02, 4.6607e+00,-2.3948e-02],[-0.9188,-0.0736, 0.076 ,-0.0566],0.4044
1523,[-0.9227,-0.1405, 0.1863,-0.061 ],[ 0.7188,-1.1217,33.712 , 0.6762,-0.3811],[-0.9219,-0.1476, 0.19  ,-0.0491],0.3005
1532,[-0.9264, 0.1813,-0.1432,-0.0539],[-4.0618,-4.1631,-4.5312,-3.1107,-4.3776],[-0.9274, 0.1743,-0.1311,-0.0421],0.2981
1534,[-0.925 , 0.2004,-0.2106,-0.0635],[ 2.3685, 3.9348,-0.6528,19.0934, 0.0495],[-0.925 , 0.2017,-0.2074,-0.0484],0.2571
1536,[-0.9311, 0.26  ,-0.2919,-0.0733],[ 0.212 ,10.1245,-0.6635, 0.6744,-0.5473],[-0.9303, 0.2647,-0.2924,-0.0589],0.1703
1540,[-0.9149,-0.1776, 0.0377,-0.0821],[-0.5718, 0.1009,-1.0395,-0.3302,-0.9569],[-0.9171,-0.1569, 0.0231,-0.0769],0.403
1541,[-0.9221,-0.1819, 0.1379,-0.0524],[-4.6539,-5.0638,-4.7071,-4.78  ,-5.616 ],[-0.9232,-0.1739, 0.1229,-0.0408],0.318
1543,[-0.9225,-0.1942, 0.2216,-0.0536],[ 3.0611,-0.4415,11.7996, 7.9025, 0.8098],[-0.922 ,-0.1978, 0.2207,-0.041 ],0.2616
1545,[-0.9226,-0.25  , 0.2913,-0.0592],[ 1.1845,-0.5462, 1.5664,14.7008,-0.0212],[-0.9215,-0.2551, 0.2923,-0.0438],0.2002
1554,[-0.9382, 0.2877,-0.2707,-0.0128],[-1.4508,-1.76  ,-2.3133,-0.9561,-2.5312],[-0.9391, 0.2838,-0.2572, 0.0019],0.1487
1556,[-0.9309, 0.3117,-0.3244,-0.0577],[ 0.4256, 1.4859,-1.2453, 2.2144,-0.913 ],[-0.9307, 0.313 ,-0.3194,-0.0431],0.1329
1558,[-0.9199, 0.3546,-0.3907,-0.0871],[ 0.4573, 2.9886,-0.8561, 1.8733,-0.2859],[-0.9187, 0.358 ,-0.3896,-0.0722],0.1164
1563,[-0.9142,-0.2962, 0.2674,-0.0415],[-0.8399,-1.3242,-1.5342,-0.704 ,-1.6439],[-0.9148,-0.2948, 0.2771,-0.0263],0.2055
1565,[-0.9178,-0.2964, 0.3177,-0.0491],[-0.1965,-1.1726, 0.9003, 1.0494,-0.9251],[-0.9172,-0.2987, 0.3176,-0.0409],0.1843
1600,[-0.9206, 0.0138,-0.0023,-0.1692],[-140.0925,-141.5892,-140.771 ,-140.5522,-142.0482],[-9.2137e-01, 1.1675e-02, 9.3042e-05,-1.6312e-01],0.438
1601,[-0.9189,-0.0334, 0.0787,-0.1711],[-47.9307,-49.3838,-47.0366,-48.1249,-48.762 ],[-0.9193,-0.0415, 0.0844,-0.1686],0.4081
1602,[-0.9176, 0.0438,-0.0695,-0.1603],[-16.3798,-16.7361,-17.3614,-15.992 ,-17.7825],[-0.9181, 0.0487,-0.0731,-0.1594],0.4143
1603,[-0.9248,-0.0493, 0.1804,-0.1785],[-1.119 ,-2.1204,-1.0975,-1.105 ,-1.8685],[-0.9236,-0.0708, 0.188 ,-0.1709],0.3365
1610,[-0.9178, 0.0647,-0.0425,-0.1777],[-20.5565,-20.0051,-18.163 ,-18.7839,-20.4092],[-0.9187, 0.0611,-0.0381,-0.1701],0.4288
1611,[-0.9264, 0.0575, 0.0651,-0.183 ],[-1.3427,-1.7004,-0.2357,-1.0672,-0.9813],[-0.9267, 0.0306, 0.1077,-0.1693],0.3804
1612,[-0.9177, 0.0758,-0.0784,-0.1803],[-33.1823,-31.8593,-35.296 ,-32.9859,-35.5148],[-0.9185, 0.0765,-0.0766,-0.173 ],0.4023
1614,[-0.9226, 0.1424,-0.1859,-0.186 ],[ 1.0689,13.4288,-1.2025,-0.1087,-1.081 ],[-0.9224, 0.1505,-0.191 ,-0.1725],0.2983
1620,[-0.9166,-0.0632, 0.048 ,-0.1609],[ 5.2514e-01, 4.9813e+01, 1.7058e-02, 4.9693e+00,-6.6216e-01],[-0.9174,-0.0614, 0.0483,-0.1558],0.4278
1621,[-0.9168,-0.0769, 0.0862,-0.1652],[-1.3381e-02,-1.2280e+00, 3.0344e+00, 6.1469e+01,-1.0950e+00],[-0.9174,-0.0788, 0.0862,-0.154 ],0.3989
1623,[-0.9236,-0.1333, 0.1884,-0.1718],[-3.1714,-4.5286,-0.7474,-2.1392,-4.1435],[-0.9231,-0.1434, 0.1957,-0.1597],0.2958
1630,[-0.9191, 0.1679,-0.0525,-0.2258],[-0.4075,-1.0712,-0.3446,-0.6034,-0.6727],[-0.9216, 0.1494,-0.034 ,-0.2091],0.3814
1632,[-0.9245, 0.1761,-0.1447,-0.1816],[-5.755 ,-5.0758,-5.2145,-5.3324,-6.0307],[-0.9258, 0.1717,-0.1367,-0.1684],0.3032
1634,[-0.9248, 0.1919,-0.2103,-0.1812],[ 1.393 , 2.8947,-1.7437, 4.0695,-0.9021],[-0.925 , 0.196 ,-0.2105,-0.1663],0.259
1636,[-0.9263, 0.2529,-0.289 ,-0.167 ],[ 0.7101, 3.5328,-0.7081, 6.7781,-0.7483],[-0.9257, 0.2592,-0.2912,-0.1507],0.1881
1640,[-0.9183,-0.1734, 0.0326,-0.1401],[-0.0435, 0.1765,-0.4789,-0.0828,-0.8265],[-0.9206,-0.1537, 0.0303,-0.1359],0.3856
1641,[-0.916 ,-0.1808, 0.1317,-0.1745],[-2.5817,-3.1375,-2.0228,-2.3539,-3.2671],[-0.9178,-0.1733, 0.1163,-0.1671],0.3427
1643,[-0.9247,-0.1905, 0.2163,-0.1745],[ 0.789 ,-0.741 , 2.9172, 7.5176,-0.7913],[-0.9246,-0.1956, 0.2174,-0.16  ],0.255
1645,[-0.9248,-0.2455, 0.297 ,-0.1685],[ 0.9934,-1.1946, 8.4301, 1.2578,-0.7265],[-0.9236,-0.2538, 0.3026,-0.1535],0.1877
1656,[-0.927 , 0.3184,-0.3583,-0.1898],[-0.1844, 1.6631,-1.6732, 1.3416,-1.1426],[-0.9259, 0.325 ,-0.3623,-0.1767],0.1231
1665,[-0.9113,-0.2798, 0.3079,-0.1513],[ 0.8535,-1.4157, 1.136 , 2.3156,-1.5263],[-0.9108,-0.2838, 0.3063,-0.1395],0.1885
1700,[-0.9229, 0.017 ,-0.0037,-0.2957],[-105.4142,-104.7153,-104.8183,-104.2362,-105.8698],[-0.9242, 0.0145,-0.001 ,-0.2872],0.4285
1701,[-0.9216,-0.0313, 0.0789,-0.2925],[-22.0548,-22.9163,-20.3449,-21.0657,-23.0481],[-0.9224,-0.0408, 0.0863,-0.2849],0.401
1702,[-0.9191, 0.0369,-0.0797,-0.3083],[-16.7707,-15.6507,-17.1193,-16.3253,-17.4747],[-0.92  , 0.0453,-0.0866,-0.2981],0.4089
1710,[-0.9183, 0.0672,-0.0409,-0.3002],[-33.3041,-33.3201,-32.4629,-32.1097,-34.25  ],[-0.9197, 0.0632,-0.0364,-0.2908],0.4267
1711,[-0.9167, 0.0674, 0.0595,-0.2641],[-0.0771,-0.6407, 0.2202,-0.4375,-0.6873],[-0.9178, 0.047 , 0.0703,-0.2471],0.431
1712,[-0.9187, 0.0843,-0.084 ,-0.2975],[-95.5001,-94.8077,-96.444 ,-94.8086,-96.8591],[-0.9199, 0.0852,-0.0828,-0.2898],0.3929
1714,[-0.9229, 0.1446,-0.1844,-0.3012],[-0.9719,11.6115,-1.1988, 0.4116,-1.528 ],[-0.9231, 0.1535,-0.1911,-0.2871],0.295
1720,[-0.9179,-0.0634, 0.0463,-0.2909],[-8.6964,-8.819 ,-8.8571,-8.1644,-9.9023],[-0.9192,-0.0609, 0.0431,-0.2823],0.4255
1721,[-0.9195,-0.0768, 0.0905,-0.2899],[-33.6558,-34.4605,-33.8962,-33.1731,-34.7843],[-0.9206,-0.0802, 0.0922,-0.2808],0.3872
1723,[-0.9283,-0.1347, 0.1854,-0.2845],[ 0.0892,-1.5994, 2.1886, 1.2697,-2.0333],[-0.9283,-0.1461, 0.1942,-0.2711],0.2742
1732,[-0.9193, 0.1773,-0.1466,-0.2826],[-2.9116,-3.1801,-3.2383,-2.5593,-3.7224],[-0.9211, 0.1738,-0.1374,-0.2689],0.3192
1734,[-0.9241, 0.1836,-0.2107,-0.2875],[-2.7493,-3.1045,-4.8014,-1.4933,-4.8055],[-0.9244, 0.1902,-0.2135,-0.2737],0.2631
1736,[-0.9369, 0.2442,-0.3058,-0.2922],[-0.4596, 0.7243,-1.0065, 7.8996,-0.4226],[-0.9356, 0.2577,-0.3182,-0.2752],0.1441
1741,[-0.914 ,-0.1909, 0.1363,-0.2541],[-1.3614,-1.399 ,-1.3902,-1.0764,-2.0731],[-0.9163,-0.1826, 0.1158,-0.2376],0.3405
1743,[-0.9245,-0.195 , 0.2222,-0.2911],[-0.2286,-1.8162, 1.2071, 1.8607,-2.3179],[-0.9248,-0.2019, 0.2252,-0.2785],0.2472
1745,[-0.9168,-0.2335, 0.2779,-0.2532],[ 0.1492,-0.7265, 3.3326, 0.8318,-1.3543],[-0.916 ,-0.2419, 0.2884,-0.2364],0.2332
1800,[-0.9193, 0.0094,-0.0085,-0.3991],[-33.1521,-32.094 ,-32.8654,-32.1518,-34.3902],[-0.921 , 0.0094,-0.009 ,-0.3901],0.4368
1801,[-0.9202,-0.0339, 0.0679,-0.3988],[-5.0436,-5.9078,-3.3777,-3.7315,-5.7255],[-0.9216,-0.0418, 0.075 ,-0.3905],0.4105
1802,[-0.917 , 0.0249,-0.0764,-0.4168],[ -9.6673, -7.6962, -9.7949, -7.73  ,-10.2721],[-0.9184, 0.0349,-0.0831,-0.4094],0.4226
1810,[-0.9188, 0.0672,-0.0416,-0.3909],[-11.0207,-10.8586,-10.4168,-10.2405,-11.6308],[-0.9207, 0.0631,-0.0354,-0.3824],0.4221
1812,[-0.9178, 0.0841,-0.0936,-0.4092],[-33.9815,-34.1435,-33.8707,-32.6461,-34.594 ],[-0.9194, 0.0872,-0.0945,-0.3979],0.3883
1814,[-0.9264, 0.1311,-0.1847,-0.4025],[-1.1994, 2.7479,-1.9796, 1.7617,-2.0461],[-0.9268, 0.144 ,-0.1935,-0.3882],0.2869
1820,[-0.9216,-0.0693, 0.0377,-0.4143],[-6.9434,-6.7394,-7.2041,-6.0794,-8.0859],[-0.9236,-0.0638, 0.0295,-0.4031],0.4097
1821,[-0.923 ,-0.0887, 0.0915,-0.4184],[-14.6554,-15.3017,-14.4592,-14.1465,-15.2606],[-0.9248,-0.0906, 0.0896,-0.4074],0.3685
1823,[-0.9182,-0.1322, 0.1923,-0.4047],[ 0.1231,-1.3848, 1.2849, 1.6008,-0.9866],[-0.9185,-0.1443, 0.1998,-0.3998],0.316
1832,[-0.9167, 0.1692,-0.1632,-0.3816],[-0.2806,-0.3007,-0.9325, 0.4042,-0.7852],[-0.9185, 0.17  ,-0.1558,-0.3641],0.325
1834,[-0.9207, 0.1734,-0.2004,-0.3903],[-1.7048,-1.017 ,-2.7627,-0.0704,-3.2218],[-0.9215, 0.1807,-0.2037,-0.3743],0.2841
1843,[-0.9317,-0.1898, 0.2214,-0.3763],[-0.7865,-1.9095, 0.5619, 0.5473,-2.0608],[-0.9322,-0.199 , 0.2261,-0.3588],0.2245
1900,[-0.9204,-0.0498, 0.0131,-0.5135],[-19.571 ,-18.7279,-18.7485,-17.9388,-20.4729],[-0.9228,-0.0437, 0.0073,-0.4981],0.4399
1902,[-0.9283,-0.0241,-0.08  ,-0.5069],[ 4.352 , 1.3114,-0.8045,21.0383,-1.7452],[-9.2979e-01,-7.7351e-04,-1.0179e-01,-4.8871e-01],0.379
1912,[-0.9151, 0.0702,-0.0957,-0.5131],[-16.9812,-16.5109,-16.6322,-16.1689,-18.5323],[-0.9169, 0.0764,-0.1001,-0.5   ],0.4006
1920,[-0.9201,-0.08  , 0.0104,-0.5325],[-15.4619,-16.1884,-14.5426,-16.5394,-16.8022],[-0.9227,-0.0663,-0.0097,-0.5148],0.4205
1921,[-0.9185,-0.1152, 0.1115,-0.5569],[-11.7543,-11.8486,-12.2076,-10.6152,-13.7682],[-0.9209,-0.1169, 0.1084,-0.5446],0.3628
2000,[-0.8881,-0.0148,-0.0238, 0.5367],[ -9.1379, -9.512 , -9.4574,-10.4891, -8.9512],[-0.8858,-0.0113,-0.0193, 0.5251],0.3403
2001,[-0.8814,-0.0296, 0.0732, 0.5425],[-1.5196,-2.7773,-0.404 ,-2.2415,-1.2182],[-0.8788,-0.0324, 0.0691, 0.5343],0.2907
2002,[-0.8948,-0.0022,-0.1047, 0.5498],[-6.7982,-6.2025,-8.2202,-8.0035,-6.8803],[-0.8918, 0.0079,-0.1025, 0.5394],0.3329
2004,[-0.9021, 0.0298,-0.1971, 0.552 ],[-2.1408,-1.0149,-3.9702,-2.4386,-1.6624],[-0.8978, 0.0456,-0.2012, 0.5417],0.3025
2010,[-0.8931, 0.1047,-0.0254, 0.5374],[-2.7293,-3.2008,-1.1537,-3.0655,-2.0816],[-0.8915, 0.0949,-0.0232, 0.5275],0.334
2012,[-0.8894, 0.0901,-0.1345, 0.5274],[ 3.9532e+00, 8.1266e+00, 6.0689e-03,-7.2828e-01, 3.5962e+00],[-0.8868, 0.0911,-0.1214, 0.5166],0.2752
2014,[-0.8925, 0.0909,-0.2209, 0.528 ],[ 0.1583, 1.517 ,-2.7662,-1.6743, 0.9963],[-0.8884, 0.0998,-0.2158, 0.5179],0.2359
2016,[-0.8956, 0.1241,-0.3073, 0.5434],[-2.7532,-2.2289,-5.5381,-3.1166,-2.3226],[-0.8896, 0.1356,-0.3069, 0.5363],0.1849
2018,[-0.8929, 0.1559,-0.3958, 0.5298],[-3.737 ,-3.3576,-5.0844,-3.8287,-4.4418],[-0.8846, 0.1678,-0.398 , 0.519 ],0.1144
2020,[-0.8956,-0.1147,-0.0095, 0.5538],[ 1.3434, 2.3652,-1.8585,-0.7515, 2.8523],[-0.894 ,-0.1   ,-0.0128, 0.5432],0.3408
2021,[-0.8846,-0.1106, 0.0712, 0.5192],[ 0.0717, 0.1257, 2.842 ,-0.4535, 3.6836],[-0.8829,-0.1052, 0.0709, 0.5083],0.2753
2022,[-0.9021,-0.0829,-0.0776, 0.5778],[-1.3939, 0.3214,-3.5952,-2.3364,-1.3943],[-0.8996,-0.064 ,-0.0858, 0.5676],0.3546
2030,[-0.901 , 0.1819,-0.0301, 0.563 ],[-2.7079,-3.5063,-1.2012,-3.2549,-2.8372],[-0.9005, 0.1625,-0.0204, 0.5504],0.341
2032,[-0.9002, 0.2039,-0.1242, 0.5789],[ 2.4542,-0.5437, 2.5713,-0.4655, 7.0227],[-0.8996, 0.1901,-0.0996, 0.5698],0.2906
2034,[-0.8926, 0.2398,-0.2218, 0.5683],[ 0.3894, 2.1967,-1.1722,-0.1281, 0.3365],[-0.8915, 0.2317,-0.1964, 0.563 ],0.1986
2036,[-0.8866, 0.2219,-0.3297, 0.5616],[-0.2721, 5.0113,-1.7643, 0.1728, 1.8315],[-0.8823, 0.2236,-0.3168, 0.5536],0.1187
2038,[-0.8916, 0.253 ,-0.4243, 0.5677],[-0.1383,15.9647,-1.5844, 1.8155, 2.5277],[-0.885 , 0.2559,-0.4152, 0.5613],0.0713
2040,[-0.8993,-0.2089, 0.0258, 0.5893],[-1.6628, 0.9351,-3.2079,-1.4517, 1.0681],[-0.8993,-0.1859, 0.0118, 0.581 ],0.3275
2041,[-0.893 ,-0.2426, 0.0749, 0.5789],[ 1.1162, 2.2191,-0.0661, 0.125 ,12.9101],[-0.8937,-0.2225, 0.0632, 0.5716],0.2692
2054,[-0.8935, 0.2979,-0.2395, 0.5874],[ 1.5687, 2.9831, 0.2801, 2.4387,22.0921],[-0.8939, 0.2857,-0.2059, 0.5794],0.1779
2056,[-0.8948, 0.3178,-0.3325, 0.599 ],[ 0.2219,37.1949,-0.6626,-0.2773, 0.8029],[-0.8934, 0.3109,-0.3077, 0.5959],0.1197
2058,[-0.8975, 0.3566,-0.4333, 0.6173],[-1.2619, 1.0701,-3.8485,-0.8563,-0.9798],[-0.8942, 0.3512,-0.4131, 0.6138],0.056
2059,[-0.9045, 0.3835,-0.511 , 0.625 ],[-6.1923,-4.5153,-7.4518,-5.2706,-5.1691],[-0.8994, 0.3777,-0.4957, 0.625 ],0.0197
2060,[-0.8932,-0.2852, 0.0509, 0.5749],[-0.7284,-0.4191,-2.0264,-0.998 ,-0.6618],[-0.8953,-0.258 , 0.0294, 0.5772],0.2753
2061,[-0.891 ,-0.3347, 0.1207, 0.5978],[ 7.9733e-01, 5.7403e+01,-5.2706e-01, 5.3166e-01,-4.2133e-02],[-0.8942,-0.3112, 0.102 , 0.5959],0.2145
2063,[-0.8783,-0.3796, 0.1732, 0.5943],[ 1.7517, 0.5664, 3.8671, 2.8227,13.7034],[-0.8826,-0.3606, 0.1572, 0.5915],0.129
2065,[-0.9087,-0.3594, 0.3126, 0.5193],[-0.1135,-0.5361,11.6184, 1.0454,-0.0425],[-0.9093,-0.3487, 0.2981, 0.5261],0.1557
2076,[-0.9066, 0.481 ,-0.3708, 0.5285],[1.5036,6.0201,0.5564,0.9688,4.9959],[-0.9102, 0.4698,-0.3625, 0.5159],0.0686
2079,[-0.9098, 0.3901,-0.526 , 0.625 ],[  0.1729,143.5057, -1.7268, -1.3955, -0.5876],[-0.9045, 0.3835,-0.511 , 0.625 ],0.023
2081,[-0.8979,-0.4004, 0.1576, 0.6135],[-0.0983, 8.4756,-0.9841,-0.1699,-0.3141],[-0.9031,-0.3742, 0.1332, 0.6126],0.2022
2083,[-0.8855,-0.4456, 0.2074, 0.6151],[5.1470e-01,1.1629e+02,1.1147e-02,1.2483e+00,6.5035e-01],[-0.8918,-0.4252, 0.1889, 0.6135],0.1164
2085,[-0.8973,-0.4335, 0.3402, 0.548 ],[12.9168, 0.9076, 1.7465, 2.3189, 3.2166],[-0.8999,-0.4226, 0.3272, 0.5451],0.0787
2087,[-0.9061,-0.4602, 0.4415, 0.5846],[ 6.6414e-01,-2.7127e-01, 3.8829e+01, 5.0348e-01, 3.3400e-02],[-0.9065,-0.4511, 0.4298, 0.5741],0.0349
2093,[-0.8815,-0.5236, 0.2555, 0.6165],[-14.8668,-14.5128,-15.2716,-14.2513,-14.3817],[-0.89  ,-0.507 , 0.2445, 0.6149],0.05
2095,[-0.8828,-0.5661, 0.3074, 0.6131],[-10.6112, -9.1135,-11.2486, -9.8689,-10.6457],[-0.8917,-0.5535, 0.3012, 0.6117],0.0085
2096,[-0.8856, 0.526 ,-0.3663, 0.5583],[-0.1895,-0.4097, 0.1552, 0.1696,-0.0941],[-0.8911, 0.5165,-0.3659, 0.5521],-0.005
2097,[-0.889 ,-0.647 , 0.4526, 0.6094],[-7.5625,-7.5508,-7.4511,-7.8379,-7.5677],[-0.8966,-0.6432, 0.453 , 0.6089],-0.0883
2099,[-0.8894,-0.7144, 0.5961, 0.6064],[ -0.4801,  4.8064,  5.0663,454.3735, -0.6761],[-0.8946,-0.7138, 0.5971, 0.6102],-0.1893
2100,[-0.8786,-0.0078,-0.0072, 0.4335],[ 0.4845, 1.8056, 1.9882, 0.0927,38.413 ],[-0.8767,-0.0068,-0.0024, 0.4209],0.3046
2101,[-0.8777,-0.0325, 0.067 , 0.421 ],[-0.5131,-1.2224, 3.0164,-0.9515, 2.2276],[-0.8757,-0.0349, 0.0637, 0.4079],0.2791
2102,[-0.882 , 0.0084,-0.0892, 0.455 ],[ 1.1085,10.5958,-0.7578, 0.3051, 0.6462],[-0.8797, 0.0151,-0.0838, 0.4448],0.2911
2104,[-0.8925, 0.0317,-0.1897, 0.4702],[-0.8934,-0.0834,-2.1357,-0.0947,-0.7438],[-0.8886, 0.0458,-0.1916, 0.4674],0.2703
2110,[-0.8872, 0.079 ,-0.0333, 0.4308],[ 0.5354, 0.1904,16.2868, 0.0399, 0.7204],[-0.8856, 0.0735,-0.0332, 0.4195],0.3161
2112,[-0.8779, 0.099 ,-0.1138, 0.4388],[ 0.2297, 6.267 , 0.1068, 0.7158,27.0407],[-0.8761, 0.098 ,-0.1043, 0.4262],0.2388
2114,[-0.8804, 0.1163,-0.205 , 0.4728],[ 0.9298, 4.5696,-1.0936,-0.1998, 1.7964],[-0.8772, 0.1207,-0.1935, 0.4622],0.1966
2116,[-0.8867, 0.1414,-0.3039, 0.4742],[-1.0429, 1.5177,-1.9032,-1.2793,-0.4484],[-0.8814, 0.1507,-0.3006, 0.4671],0.1536
2120,[-0.8857,-0.0985, 0.0133, 0.439 ],[ 0.657 , 3.9349,-0.0963, 0.9554, 1.2493],[-0.8844,-0.0891, 0.0146, 0.4296],0.3046
2121,[-0.8803,-0.0842, 0.0727, 0.4277],[ 1.2886, 0.1046, 3.0158,-0.1997, 2.1444],[-0.8786,-0.0815, 0.0673, 0.4179],0.27
2122,[-0.8874,-0.0911,-0.0782, 0.4367],[-1.1248, 0.6419,-2.5537,-1.6128,-1.026 ],[-0.8856,-0.0729,-0.0861, 0.4288],0.2939
2130,[-0.8833, 0.1877,-0.0351, 0.4668],[-1.3664,-1.7426,-0.5688,-1.6356,-0.8462],[-0.8833, 0.1712,-0.0289, 0.4566],0.2673
2132,[-0.8855, 0.1979,-0.1128, 0.4652],[ 0.6435, 0.8292, 2.3106,-0.6721, 1.8474],[-0.8852, 0.187 ,-0.1033, 0.4557],0.236
2134,[-0.8797, 0.1904,-0.2228, 0.461 ],[-0.1036, 0.7629,-1.0779,-0.4388, 0.2713],[-0.8776, 0.1886,-0.2061, 0.4552],0.1653
2136,[-0.878 , 0.1962,-0.3173, 0.4769],[ 0.7662, 1.1824,-1.4965, 0.2732,-0.0172],[-0.8736, 0.2   ,-0.3059, 0.472 ],0.106
2138,[-0.8855, 0.2279,-0.4218, 0.4917],[-0.3752,-0.5997,-1.4725, 2.3617,-0.909 ],[-0.8782, 0.2336,-0.4165, 0.494 ],0.0604
2140,[-0.8882,-0.2105, 0.0256, 0.4448],[-2.7835,-1.4024,-4.1474,-3.0176,-1.3458],[-0.8889,-0.1895, 0.0124, 0.4374],0.2827
2141,[-0.8875,-0.2356, 0.0782, 0.4508],[ 1.2354, 3.7479, 0.1899,-0.0189, 7.5733],[-0.8886,-0.2179, 0.0687, 0.4428],0.2495
2142,[-0.8894,-0.1758,-0.061 , 0.4233],[-0.6791,-0.5834,-0.8635,-0.6264,-0.2883],[-0.8891,-0.1486,-0.0821, 0.4175],0.2762
2152,[-0.8768, 0.2779,-0.1512, 0.4755],[-0.0798,-0.4268, 0.5277,-0.056 ,-0.0196],[-0.8786, 0.2622,-0.1123, 0.463 ],0.1757
2154,[-0.8751, 0.2914,-0.1869, 0.4887],[0.5823,0.8138,0.8045,0.8222,0.5044],[-0.8768, 0.2779,-0.1512, 0.4755],0.147
2160,[-0.8837,-0.2917, 0.0465, 0.4343],[-0.2748,-0.165 ,-1.1487,-0.4857,-0.752 ],[-0.8867,-0.2656, 0.0243, 0.4306],0.2414
2161,[-0.8812,-0.3234, 0.1122, 0.451 ],[ 1.6180e-03, 6.8703e+00,-1.3609e+00, 1.0472e+00,-5.5004e-01],[-0.8847,-0.3026, 0.0964, 0.4474],0.1873
2163,[-0.8718,-0.3769, 0.1714, 0.4386],[1.0811,0.7399,3.0061,0.7901,1.3271],[-0.8766,-0.3598, 0.1574, 0.4328],0.1103
2165,[-0.9077,-0.378 , 0.3348, 0.4918],[ 0.1401,-0.4781, 1.0437, 1.1788, 0.2083],[-0.9085,-0.3679, 0.3177, 0.5049],0.1344
2181,[-0.8757,-0.401 , 0.1555, 0.4789],[ 0.1378, 0.359 ,-0.4753, 0.4333, 0.2558],[-0.8816,-0.3805, 0.1374, 0.4766],0.1256
2183,[-0.874 ,-0.4192, 0.184 , 0.4802],[ 0.7382, 0.7714,-0.1368, 2.1123, 0.0628],[-0.8801,-0.4007, 0.1681, 0.4799],0.0996
2193,[-0.8852,-0.5036, 0.2554, 0.497 ],[-0.5403,-0.5508,-0.4401,-0.5077,-0.4786],[-0.8933,-0.4876, 0.2425, 0.4839],0.0681
2195,[-0.889 ,-0.5899, 0.3828, 0.4672],[-0.4123,-0.2228,-0.8268, 0.066 ,-1.2095],[-0.8968,-0.5828, 0.3828, 0.475 ],-0.0281
2199,[-0.8858,-0.6925, 0.558 , 0.4563],[-7.02  ,-6.7957,-7.7639,-7.431 ,-8.3102],[-0.8914,-0.6937, 0.5611, 0.4519],-0.1704
2200,[-0.8778,-0.0086,-0.0046, 0.3215],[-21.4275,-21.644 ,-21.7835,-22.3061,-20.9922],[-0.8764,-0.0073,-0.0047, 0.3113],0.3019
2201,[-0.8839,-0.0302, 0.0743, 0.3125],[-5.7997,-6.9158,-4.6832,-7.0595,-5.3359],[-0.8823,-0.0343, 0.0756, 0.3019],0.3017
2202,[-8.7883e-01,-7.9139e-04,-8.9699e-02, 3.0743e-01],[-4.8153,-4.3536,-6.104 ,-5.9969,-4.6408],[-0.877 , 0.0077,-0.0912, 0.2993],0.2788
2204,[-0.8798, 0.0192,-0.182 , 0.2897],[-0.2381, 0.0594,-1.2134,-0.3402,-0.0687],[-0.8767, 0.034 ,-0.1876, 0.278 ],0.2326
2210,[-0.8806, 0.0759,-0.0284, 0.3109],[-3.7807,-4.3752,-2.9356,-4.4357,-2.8614],[-0.8796, 0.0701,-0.0207, 0.2994],0.2951
2211,[-0.8669, 0.0571, 0.0622, 0.3108],[-0.1813,-0.7305, 0.4141,-0.5536,-0.574 ],[-0.8653, 0.0435, 0.0972, 0.2967],0.223
2212,[-0.8783, 0.0914,-0.0912, 0.33  ],[-2.5932,-1.9096,-3.5107,-3.8079,-1.9045],[-0.877 , 0.09  ,-0.0867, 0.3182],0.2529
2214,[-0.8782, 0.0783,-0.1955, 0.2804],[ 0.0848, 2.4465,-0.8369,-0.8765, 0.7406],[-0.8751, 0.0878,-0.1994, 0.2725],0.1999
2220,[-0.8836,-0.0971, 0.0105, 0.3241],[-4.8146,-4.9935,-6.3399,-6.2322,-4.5329],[-0.8828,-0.0874, 0.0075, 0.3152],0.2996
2221,[-0.8811,-0.0812, 0.0862, 0.3189],[-2.7693,-3.4179,-2.0858,-3.6832,-1.7397],[-0.8797,-0.0808, 0.085 , 0.3087],0.2677
2222,[-0.8836,-0.0878,-0.082 , 0.3244],[-1.722 ,-0.5762,-2.9528,-2.2105,-2.091 ],[-0.8822,-0.0698,-0.092 , 0.3158],0.279
2223,[-0.8731,-0.0888, 0.1812, 0.3153],[-0.0647,-1.2717, 0.9979,-0.7475,-0.6563],[-0.8707,-0.0944, 0.1676, 0.3025],0.1944
2232,[-0.8764, 0.1739,-0.1536, 0.3163],[ 0.3865,-0.0335, 0.3691,-0.0864, 0.8959],[-0.8759, 0.1682,-0.1262, 0.3099],0.1995
2234,[-0.883 , 0.1766,-0.2339, 0.3457],[ 0.4873, 1.2572,-0.4175,-0.0761, 0.2649],[-0.8808, 0.1777,-0.2167, 0.3379],0.1745
2240,[-0.8836,-0.2011, 0.022 , 0.3389],[-2.2817,-1.2821,-3.4716,-2.2997,-1.2566],[-0.8846,-0.1817, 0.0102, 0.3304],0.2696
2241,[-0.879 ,-0.226 , 0.084 , 0.3265],[ 0.2951, 0.9038,-0.8601,-0.9712, 0.8065],[-0.8803,-0.2113, 0.0769, 0.3163],0.2185
2242,[-0.8981,-0.1764,-0.0644, 0.3558],[-0.1636,-0.1411,-0.2826,-0.1462,-0.0992],[-0.898 ,-0.1465,-0.0881, 0.342 ],0.3084
2243,[-0.8716,-0.1846, 0.2039, 0.3155],[ 0.2608,-0.3676, 0.9597, 0.4109, 1.1733],[-0.8699,-0.1843, 0.2049, 0.3154],0.1411
2260,[-0.8702,-0.2783, 0.0401, 0.3509],[-0.0125, 0.0726, 0.0324, 0.1229, 0.0116],[-0.8731,-0.2558, 0.0217, 0.3648],0.1966
2261,[-0.8765,-0.2992, 0.1039, 0.3589],[ 0.1464, 0.4117,-0.3793,-0.1514, 0.2336],[-0.8797,-0.2804, 0.0908, 0.3496],0.1813
2263,[-0.8992,-0.281 , 0.2373, 0.2596],[0.8827,0.2508,0.6051,0.6469,0.5501],[-0.9   ,-0.2734, 0.2193, 0.2453],0.1973
2300,[-0.9036, 0.0065,-0.006 , 0.1577],[-77.3883,-77.0442,-77.4199,-78.348 ,-76.6512],[-0.903 , 0.0063,-0.0054, 0.1501],0.4043
2301,[-0.9046,-0.0422, 0.0698, 0.1523],[-19.5901,-20.772 ,-19.5618,-20.437 ,-19.649 ],[-0.9037,-0.0453, 0.0709, 0.1499],0.3886
2302,[-0.9022, 0.0385,-0.0698, 0.1554],[-30.0421,-29.4226,-30.761 ,-30.1957,-30.643 ],[-0.9013, 0.0419,-0.0713, 0.1513],0.3796
2304,[-0.8796, 0.0417,-0.1876, 0.1914],[-0.2175,-0.4757,-1.5137,-0.9669,-0.2783],[-0.8767, 0.0556,-0.1996, 0.1784],0.2185
2310,[-0.9073, 0.0624,-0.0441, 0.1612],[-5.2825,-5.7042,-4.5507,-6.5165,-3.7546],[-0.9067, 0.0593,-0.0403, 0.1573],0.4089
2311,[-0.905 , 0.0763, 0.0619, 0.1388],[-1.3619,-1.036 ,-0.4644,-0.6284,-0.6486],[-0.9046, 0.059 , 0.0626, 0.1238],0.3894
2312,[-0.9051, 0.0711,-0.0802, 0.1558],[-24.5033,-23.6493,-24.8667,-24.6327,-22.9619],[-0.9044, 0.0715,-0.0781, 0.1514],0.3759
2314,[-0.8845, 0.1189,-0.1948, 0.173 ],[-0.7366,-0.284 ,-2.5865,-2.0492,-1.3467],[-0.8824, 0.125 ,-0.1983, 0.163 ],0.212
2320,[-0.896 ,-0.0734, 0.0303, 0.1677],[-8.226 ,-7.2696,-7.9151,-8.397 ,-7.4515],[-0.8956,-0.0677, 0.0246, 0.1619],0.3612
2321,[-0.9019,-0.0778, 0.0904, 0.152 ],[-5.7418,-7.0783,-5.4724,-6.9305,-4.5949],[-0.9012,-0.0785, 0.0876, 0.1456],0.3546
2322,[-0.8793,-0.0736,-0.0745, 0.2295],[-1.1317,-0.7779,-2.0571,-0.9796,-0.9873],[-0.8782,-0.0579,-0.0857, 0.2199],0.271
2323,[-0.9013,-0.1406, 0.1802, 0.1565],[-1.3151,-3.0307,-1.122 ,-1.8146,-1.3848],[-0.9001,-0.1436, 0.1774, 0.1534],0.2773
2332,[-0.904 , 0.1792,-0.1444, 0.1491],[ 0.0148,-0.4665, 0.1066,-0.7987, 0.4481],[-0.9042, 0.1731,-0.1322, 0.1486],0.3008
2334,[-0.9031, 0.2011,-0.2042, 0.1477],[ 1.903 , 2.4107,-1.0285,-0.909 , 3.893 ],[-0.9027, 0.1992,-0.1943, 0.1526],0.2535
2340,[-0.8761,-0.1953, 0.0266, 0.2133],[-0.5624, 0.0524,-1.1469,-0.5816,-0.1581],[-0.8775,-0.178 , 0.0147, 0.2067],0.2447
2341,[-0.8942,-0.1905, 0.1262, 0.1699],[-0.5774,-0.2796,-0.9075,-1.5222,-0.0876],[-0.8949,-0.1819, 0.1149, 0.1616],0.2699
2343,[-0.9005,-0.212 , 0.2077, 0.152 ],[ 0.7801,-1.4148, 2.6548,-0.2896, 3.9909],[-0.9003,-0.2092, 0.197 , 0.1502],0.2395
2363,[-0.8984,-0.2903, 0.2607, 0.2418],[ 1.022 , 0.119 , 0.3554,-0.1183, 2.3231],[-0.8989,-0.2842, 0.2454, 0.2524],0.1764
2365,[-0.9007,-0.3098, 0.3168, 0.1875],[ 0.2938,-0.0692, 7.3983, 0.9824, 1.7778],[-0.9001,-0.3077, 0.3107, 0.1968],0.1394
2400,[-9.0782e-01,-5.5618e-03, 6.4503e-04, 6.2474e-02],[-3.6898e-02, 2.9548e+00, 6.9093e-01, 1.9141e-01, 3.6430e+02],[-9.0761e-01,-4.7224e-03,-7.3599e-04, 4.8845e-02],0.4281
2401,[-0.9072,-0.0371, 0.0676, 0.0592],[-0.1539,-1.1485,26.6746,-1.3945, 1.1125],[-0.9068,-0.041 , 0.0683, 0.0511],0.405
2402,[-0.9078, 0.0352,-0.0691, 0.0595],[-14.2821,-10.9018,-15.4743,-15.5174,-12.8332],[-0.9074, 0.0396,-0.0706, 0.0496],0.4072
2404,[-0.8863, 0.051 ,-0.1732, 0.0991],[-1.2373,-1.5924,-2.0211,-1.6967,-1.3026],[-0.8843, 0.0632,-0.175 , 0.086 ],0.255
2410,[-0.9076, 0.063 ,-0.0461, 0.0572],[-2.1153,-3.3476,19.3568,-2.7065, 0.771 ],[-0.9075, 0.0605,-0.044 , 0.0463],0.4104
2411,[-0.9046, 0.059 , 0.0626, 0.1238],[-1.1402,-1.5752, 0.0281,-1.1013,-0.6015],[-0.9041, 0.0436, 0.0649, 0.1097],0.3933
2412,[-0.9069, 0.0711,-0.0822, 0.0586],[ 0.9568,21.2207,-1.206 , 2.1203,42.995 ],[-0.9066, 0.0721,-0.0806, 0.0469],0.3835
2414,[-0.898 , 0.1364,-0.1846, 0.0539],[-4.5468,-4.2383,-6.594 ,-4.3803,-4.5302],[-0.8969, 0.1412,-0.1861, 0.0512],0.2634
2420,[-0.9043,-0.0684, 0.0385, 0.0555],[-1.7012, 5.4076,-1.8964,-1.342 , 6.1856],[-0.9043,-0.0639, 0.0331, 0.0466],0.3985
2421,[-0.9049,-0.0839, 0.0917, 0.0633],[ 1.1866e+00,-2.1998e-02, 7.6286e+01, 7.3154e-01, 1.1489e+00],[-0.9046,-0.0841, 0.087 , 0.0605],0.366
2422,[-0.9078,-0.0683,-0.0643, 0.0393],[-2.6486,-2.2454,-3.006 ,-2.6882,-2.5463],[-0.9075,-0.0489,-0.0812, 0.0241],0.3981
2423,[-0.902 ,-0.1413, 0.1801, 0.0468],[-1.5919,-3.6574, 1.1642,-1.9021, 0.5959],[-0.9011,-0.1453, 0.1804, 0.0433],0.2792
2430,[-0.9045, 0.1773,-0.05  , 0.1126],[-0.5125,-1.0122, 0.257 ,-0.3182,-0.6415],[-0.9057, 0.1619,-0.0511, 0.1092],0.3505
2432,[-0.8967, 0.1832,-0.1415, 0.0555],[ 0.2567, 0.3263,-0.4025, 0.0274,-0.0006],[-0.8974, 0.1769,-0.1289, 0.0573],0.2749
2434,[-0.8992, 0.1983,-0.2105, 0.0574],[ 1.8004,15.2972,-0.4607, 1.0136, 4.7099],[-0.8989, 0.1984,-0.2042, 0.0603],0.2357
2436,[-0.8875, 0.2419,-0.2821, 0.0055],[ 0.1502, 2.0665,-1.4126,-0.4987, 3.7919],[-0.8865, 0.2445,-0.2774, 0.0148],0.139
2440,[-0.9059,-0.1706, 0.0302, 0.0296],[-1.7311,-0.1361,-2.3804,-1.7583,-1.2174],[-0.9075,-0.1534, 0.0312, 0.0296],0.3718
2441,[-0.9008,-0.1842, 0.1344, 0.0708],[-0.4009,-1.7476,-1.6962,-1.2249, 1.5288],[-0.9017,-0.1764, 0.117 , 0.0637],0.2968
2443,[-0.902 ,-0.2033, 0.2144, 0.0565],[ 0.4391,-0.2274,38.1637, 1.7731, 5.3927],[-0.9017,-0.2031, 0.2066, 0.0627],0.2426
2445,[-0.894 ,-0.2563, 0.3044, 0.029 ],[ 4.5343,-2.2407, 1.2044,-0.0761, 2.7442],[-0.8925,-0.2594, 0.3015, 0.0288],0.1427
2463,[-0.8853,-0.2802, 0.2652, 0.0578],[ 0.5382,-0.4683, 0.6808,-0.3473, 0.7435],[-0.8857,-0.2782, 0.2611, 0.0668],0.132
2465,[-0.8971,-0.3056, 0.334 , 0.0736],[ 2.029 ,-0.2402,10.7472, 0.6587, 0.9141],[-0.896 ,-0.3064, 0.3311, 0.0796],0.119
2500,[-0.907 ,-0.0049, 0.0024,-0.0538],[  2.9136,507.1853,  3.261 ,  1.8317,  2.9721],[-0.9072,-0.005 , 0.0059,-0.0659],0.4268
2501,[-0.9068,-0.0363, 0.0734,-0.066 ],[-2.0062e-01,-9.3764e-01, 2.2738e+02,-4.6820e-01,-1.7915e-01],[-0.9069,-0.0417, 0.0761,-0.0766],0.4016
2502,[-0.9077, 0.0369,-0.0706,-0.0514],[  2.8032,121.9863, -2.5128, -0.7562, 11.1694],[-0.9078, 0.0417,-0.0726,-0.0639],0.4069
2504,[-0.9011, 0.0526,-0.1692,-0.0263],[-1.7272,-1.1603,-2.2558,-1.683 ,-1.1281],[-0.8996, 0.0668,-0.1746,-0.0389],0.3119
2510,[-0.907 , 0.0633,-0.0472,-0.0703],[ -1.1491, -0.7121,108.0296, -0.9659,  0.7893],[-0.9074, 0.0614,-0.0472,-0.081 ],0.4083
2512,[-0.9066, 0.0741,-0.0853,-0.0668],[ 1.9442e+00, 4.2294e+02,-4.0324e-01, 2.4016e-01, 5.6662e-01],[-0.9068, 0.0755,-0.0832,-0.0777],0.3818
2514,[-0.8964, 0.1422,-0.1836,-0.0683],[-3.7084,-2.8187,-6.1666,-4.0582,-2.9323],[-0.8958, 0.1472,-0.1854,-0.0734],0.2563
2520,[-0.9021,-0.0605, 0.0494,-0.0625],[ -0.6129,314.1706,  1.7648,  1.1656,  1.6034],[-0.9024,-0.0593, 0.0496,-0.0645],0.386
2521,[-0.9037,-0.067 , 0.074 ,-0.0629],[1.2211e+00,5.8482e-01,5.3935e+02,1.5796e-01,3.2650e+00],[-0.9039,-0.0679, 0.0724,-0.0646],0.3777
2522,[-0.9053,-0.0713,-0.0651,-0.0358],[-2.8195,-2.3449,-3.3722,-2.5504,-2.2806],[-0.9055,-0.0518,-0.0795,-0.0461],0.3888
2523,[-0.9034,-0.1429, 0.1868,-0.0513],[-4.1026,-6.5537,-3.1509,-3.8722,-4.3549],[-0.9027,-0.1483, 0.1886,-0.0506],0.2805
2530,[-0.9049, 0.1679,-0.0249,-0.0957],[-0.679 ,-1.2246, 0.8461,-0.924 ,-1.2281],[-0.9071, 0.1505,-0.0257,-0.1118],0.3739
2532,[-0.9001, 0.1797,-0.145 ,-0.0563],[ 1.9061, 0.5511,-0.0041, 1.9793, 1.2375],[-0.9012, 0.1745,-0.1315,-0.0555],0.2888
2534,[-0.8964, 0.1987,-0.217 ,-0.0635],[ 0.6887,29.313 , 0.0889, 0.7697, 0.8715],[-0.8963, 0.2004,-0.2126,-0.0618],0.2214
2536,[-0.8941, 0.2406,-0.2906,-0.0578],[ 2.3857, 9.5656,-1.5036, 2.2164, 1.0139],[-0.8928, 0.2451,-0.2898,-0.0464],0.154
2540,[-0.9022,-0.1779, 0.0318,-0.0665],[-1.9061,-1.0543,-2.3612,-1.2327,-1.5634],[-0.9043,-0.1598, 0.0254,-0.0629],0.3568
2541,[-0.9006,-0.1884, 0.1353,-0.0643],[ 1.8498,-0.5306,-0.6586, 1.2729, 1.281 ],[-0.9021,-0.1808, 0.118 ,-0.0652],0.2965
2543,[-0.9004,-0.1988, 0.2216,-0.0591],[ 2.041 ,-0.5557,62.2445, 1.4636, 0.0888],[-0.9001,-0.2011, 0.2177,-0.0581],0.2327
2545,[-0.8986,-0.2363, 0.2911,-0.0495],[ 0.1139,-0.7301,17.9762,-0.065 ,-1.3645],[-0.8972,-0.2414, 0.2917,-0.0423],0.1695
2563,[-0.9107,-0.2965, 0.2752,-0.0276],[ 0.3273, 0.0732, 0.8519, 0.9016,-0.2076],[-0.9117,-0.2935, 0.262 ,-0.0118],0.2086
2565,[-0.8954,-0.292 , 0.3011,-0.0571],[ 0.7144,-0.4751, 0.897 , 7.603 , 0.3856],[-0.8955,-0.2926, 0.2932,-0.045 ],0.1421
2600,[-0.9023,-0.0013, 0.0063,-0.1635],[ 1.6213, 3.5404, 2.4954, 1.0708,81.7133],[-0.9031,-0.0027, 0.0112,-0.1778],0.4115
2601,[-0.9037,-0.0413, 0.0797,-0.1579],[-18.9689,-20.2618,-17.2509,-19.2839,-18.9927],[-0.9041,-0.047 , 0.0829,-0.1645],0.3838
2602,[-0.9066, 0.0459,-0.0711,-0.1522],[ 0.3031,24.5418,-1.4066,-0.3504, 1.5023],[-0.9071, 0.0498,-0.0728,-0.161 ],0.4006
2610,[-0.9028, 0.0659,-0.047 ,-0.1755],[ 0.5206, 0.4498,80.6735, 0.5832, 1.3633],[-0.9037, 0.064 ,-0.0476,-0.1824],0.3912
2612,[-0.9047, 0.0783,-0.086 ,-0.176 ],[  1.2303,  1.1173, -0.3587,  0.5841,166.0668],[-0.9054, 0.0797,-0.0842,-0.1892],0.3733
2614,[-0.9018, 0.1458,-0.1839,-0.1783],[-0.0454, 1.3419,-2.8503, 5.1044, 0.2093],[-0.9017, 0.1513,-0.1854,-0.1735],0.2766
2620,[-0.8978,-0.0618, 0.0504,-0.1731],[  0.894 ,300.2464,  0.7601,  1.2367,  1.6252],[-0.8986,-0.0608, 0.0511,-0.173 ],0.3685
2621,[-0.9024,-0.0738, 0.0873,-0.1715],[ 2.0103e-01,-4.4895e-02, 4.5414e+02, 7.8118e-01, 8.3650e+00],[-0.903 ,-0.076 , 0.0869,-0.1741],0.3634
2623,[-0.9053,-0.1392, 0.1909,-0.1869],[ 0.1011,-3.608 ,-0.2261, 0.4879,-1.4206],[-0.9049,-0.1469, 0.1953,-0.1852],0.2865
2632,[-0.8978, 0.1859,-0.1404,-0.1902],[ 0.9699, 0.5712,-0.8775, 1.7763,-0.8083],[-0.8996, 0.1804,-0.1273,-0.1911],0.2823
2634,[-0.8956, 0.1984,-0.2146,-0.1772],[ 1.4233,23.0028,-0.4878, 1.6407, 0.7138],[-0.8959, 0.2009,-0.2109,-0.1785],0.2209
2636,[-0.8864, 0.2433,-0.2834,-0.1653],[ 0.2186, 8.0624,-1.3638,-0.0084,-0.9358],[-0.8857, 0.248 ,-0.284 ,-0.1683],0.1329
2640,[-0.9082,-0.1683, 0.0321,-0.1856],[-0.2039, 0.4604,-1.0493,-0.7258,-1.1778],[-0.9106,-0.1457,-0.0077,-0.1691],0.4005
2641,[-0.8997,-0.1915, 0.133 ,-0.176 ],[ 1.5041, 0.129 , 1.5366, 3.4533,-0.5025],[-0.9018,-0.1837, 0.1146,-0.1709],0.2953
2643,[-0.8992,-0.2022, 0.2179,-0.1786],[ 3.5607,-0.3642,45.6412, 2.2254, 0.3396],[-0.8996,-0.2047, 0.2136,-0.1791],0.2313
2645,[-0.894 ,-0.236 , 0.2827,-0.1399],[ 1.1004,-1.854 , 1.1017, 2.6767,-1.1464],[-0.893 ,-0.2411, 0.2827,-0.1359],0.1595
2665,[-0.9105,-0.2859, 0.3116,-0.1339],[ 0.3935,-0.7187, 4.5828, 0.7536,-0.2886],[-0.9098,-0.2899, 0.3163,-0.123 ],0.1773
2700,[-8.8614e-01,-3.9364e-03,-4.5343e-04,-3.4201e-01],[  2.4785,  3.1183,  1.8782,  1.5194,335.0865],[-0.8877,-0.0034,-0.001 ,-0.3508],0.3448
2701,[-0.8887,-0.0381, 0.0725,-0.3198],[-4.0819,-5.4947,-3.5304,-3.2905,-4.8987],[-0.8898,-0.043 , 0.075 ,-0.3102],0.329
2702,[-0.8924, 0.0312,-0.0713,-0.3256],[ 1.8337e-01, 4.5726e+01,-6.1515e-01, 3.4131e-02,-3.6690e-01],[-0.8935, 0.0369,-0.0737,-0.3172],0.3472
2710,[-0.8927, 0.0659,-0.0472,-0.314 ],[7.2691e-01,2.2896e-01,2.4289e+02,1.0054e+00,3.5234e-01],[-0.8942, 0.0644,-0.0475,-0.3103],0.35
2712,[-0.8945, 0.0745,-0.076 ,-0.3098],[9.4401e-01,4.5258e+02,3.4236e-01,1.6171e+00,9.4457e-01],[-0.8958, 0.0753,-0.074 ,-0.3117],0.3398
2714,[-0.9045, 0.1371,-0.1808,-0.291 ],[ 0.9322, 5.6694,-0.7319, 5.0763,-0.9805],[-0.9047, 0.1444,-0.1844,-0.2883],0.2918
2720,[-0.8864,-0.0635, 0.048 ,-0.3088],[  0.8632,183.5752,  0.5447,  1.3997,  1.1985],[-0.8878,-0.0624, 0.0483,-0.3037],0.3237
2721,[-0.8856,-0.0689, 0.0749,-0.3033],[  1.4895,  0.9108,177.7986,  0.6095,  0.7279],[-0.8868,-0.0701, 0.0734,-0.2984],0.3061
2722,[-0.8934,-0.0609,-0.0622,-0.3615],[-0.6597,-0.451 ,-1.3082,-0.7868,-0.3732],[-0.8946,-0.0417,-0.0971,-0.3441],0.3379
2723,[-0.9064,-0.1327, 0.1869,-0.2723],[ 0.1283,-1.013 , 1.7737, 7.3931,-0.671 ],[-0.9063,-0.1415, 0.193 ,-0.2648],0.2951
2730,[-0.905 , 0.1837,-0.0467,-0.3389],[ 0.0723,-0.3815, 0.4916,-0.1408,-0.295 ],[-0.9084, 0.1622,-0.0076,-0.3224],0.3829
2732,[-0.897 , 0.193 ,-0.1358,-0.281 ],[-0.1532, 0.1171, 0.1307, 1.6608,-0.5197],[-0.8994, 0.1862,-0.1201,-0.2779],0.2828
2734,[-0.8944, 0.197 ,-0.2051,-0.2899],[ 2.0683, 7.6498,-0.2503, 0.5513, 0.0836],[-0.8954, 0.1992,-0.1991,-0.2854],0.2261
2736,[-0.8945, 0.2277,-0.3019,-0.2995],[-0.6195, 1.8077,-1.8655, 0.8286,-1.1616],[-0.8929, 0.2372,-0.3102,-0.2879],0.1487
2741,[-0.903 ,-0.1757, 0.1355,-0.2944],[-0.0596,-0.4297, 1.6375, 1.1808,-0.132 ],[-0.9052,-0.1707, 0.1203,-0.2867],0.3121
2743,[-0.9005,-0.202 , 0.2226,-0.2655],[ 6.6491,-0.5745, 2.2625, 7.8756, 0.9444],[-0.901 ,-0.206 , 0.2207,-0.2633],0.233
2800,[-0.8846,-0.0038,-0.0042,-0.401 ],[  5.8358,  2.6369,  3.802 ,276.4278,  0.6901],[-0.8863,-0.0026,-0.0064,-0.3935],0.34
2801,[-0.8817,-0.0354, 0.07  ,-0.4053],[ 0.3318, 0.0849,67.224 , 1.822 ,-0.3484],[-0.8832,-0.0404, 0.073 ,-0.4041],0.3045
2802,[-0.8887, 0.032 ,-0.0697,-0.4194],[  0.2779,123.5501, -0.4982,  1.5205, -0.1623],[-0.8903, 0.0376,-0.072 ,-0.4244],0.3341
2810,[-0.8892, 0.0653,-0.0485,-0.3943],[ 0.8603, 0.3961, 1.2834,56.6618, 0.7103],[-0.891 , 0.0638,-0.0462,-0.3862],0.3381
2812,[-0.8919, 0.0715,-0.0792,-0.4196],[  1.0025,  1.4395,  0.3752,115.3294,  0.1747],[-0.8936, 0.0735,-0.0786,-0.4091],0.3295
2814,[-0.9063, 0.1264,-0.1729,-0.3875],[ 0.0065, 1.1038,-1.053 , 1.8145,-0.15  ],[-0.9069, 0.1351,-0.179 ,-0.3701],0.3073
2820,[-0.882 ,-0.066 , 0.0396,-0.4236],[ 1.5537, 2.6901, 0.2297,72.1774, 0.7214],[-0.884 ,-0.0628, 0.032 ,-0.4137],0.3125
2821,[-0.8789,-0.075 , 0.0786,-0.4302],[  0.6357,  0.4261,187.7891,  2.4544,  0.6556],[-0.8808,-0.0762, 0.0758,-0.4327],0.2773
2822,[-0.8982,-0.0575,-0.061 ,-0.4343],[-0.292 ,-0.1332,-1.1829,-0.1867,-0.9065],[-0.8996,-0.0378,-0.0954,-0.4165],0.3622
2823,[-0.8869,-0.1491, 0.1702,-0.4505],[-0.1188,-0.6874, 0.4131, 4.8837, 0.3685],[-0.8883,-0.1536, 0.1693,-0.4419],0.2324
2832,[-0.8731, 0.1848,-0.1111,-0.4333],[1.4826,0.2171,0.581 ,1.9717,0.0117],[-0.8765, 0.1773,-0.0902,-0.4268],0.213
2834,[-0.8986, 0.1738,-0.2138,-0.3856],[ 1.8423, 1.4906,-0.1506, 4.5493, 0.3626],[-0.899 , 0.1807,-0.2141,-0.368 ],0.239
2841,[-0.8795,-0.1832, 0.1352,-0.4077],[0.7316,0.4159,0.6012,1.6828,0.0092],[-0.8822,-0.1797, 0.1279,-0.4014],0.2164
2843,[-0.8698,-0.1896, 0.1808,-0.3869],[ 0.8657, 0.5459, 8.5983, 2.1345,-0.0272],[-0.8717,-0.1902, 0.1716,-0.3985],0.1579
2900,[-0.8814,-0.0139,-0.0149,-0.5175],[-0.3175,10.0958, 1.7946,36.1427,-1.3382],[-0.8837,-0.0094,-0.0228,-0.5019],0.3298
2901,[-0.8921,-0.0523, 0.0815,-0.5073],[-0.8241,-2.1427, 6.351 , 6.8019,-2.5275],[-0.894 ,-0.0576, 0.0862,-0.5104],0.3346
2902,[-0.8802, 0.0439,-0.0772,-0.5119],[-0.8387,69.3217,-0.6202, 0.7792,-0.7683],[-0.8822, 0.049 ,-0.08  ,-0.5162],0.2929
2910,[-0.8781, 0.0606,-0.0447,-0.526 ],[-0.7939, 0.6349,16.0545,12.02  ,-1.5074],[-0.8805, 0.0595,-0.0417,-0.5188],0.2976
2912,[-0.8897, 0.0669,-0.0877,-0.5199],[ 1.8197, 4.4542,-2.3348, 4.7008,-2.4534],[-0.8916, 0.0711,-0.0899,-0.5101],0.3177
2920,[-0.8886,-0.0721, 0.0383,-0.5285],[  1.9337,  1.4874, -0.4108,262.8406, -1.4296],[-0.8911,-0.0673, 0.0262,-0.5184],0.3437
2921,[-0.8908,-0.0883, 0.0939,-0.5293],[-0.4826, 0.3587,15.1074, 3.7389,-2.4281],[-0.893 ,-0.0903, 0.091 ,-0.5334],0.3133
2923,[-0.8958,-0.1478, 0.1729,-0.5004],[23.5858,-1.9036, 1.9335, 1.1073,-1.5691],[-0.8972,-0.1534, 0.1726,-0.4823],0.2638
3000,[-0.8611, 0.0133, 0.0045, 0.5263],[-5.9661,-6.4383,-6.0452,-6.8582,-5.8087],[-0.8588, 0.0117, 0.0057, 0.5141],0.2311
3002,[-0.8632, 0.0358,-0.1084, 0.5133],[-2.1919,-1.0686,-2.9163,-2.7969,-1.2446],[-0.8605, 0.0399,-0.0976, 0.5036],0.2073
3010,[-0.8575, 0.087 ,-0.0198, 0.522 ],[-4.1475,-5.2263,-4.0525,-5.0248,-4.4006],[-0.8556, 0.0809,-0.0205, 0.5106],0.2015
3012,[-0.8581, 0.1159,-0.1221, 0.5244],[-4.0727,-3.7925,-4.6527,-4.9493,-3.8505],[-0.8561, 0.1135,-0.1049, 0.5142],0.1624
3014,[-0.8594, 0.1401,-0.1991, 0.5424],[-1.7709,-0.3301,-3.1523,-2.7775,-1.3389],[-0.8566, 0.1407,-0.1807, 0.5323],0.1251
3016,[-0.8624, 0.1618,-0.3062, 0.587 ],[-2.1673,-1.7364,-3.6798,-1.8991,-2.1398],[-0.8571, 0.1667,-0.2969, 0.5822],0.0736
3020,[-0.8639,-0.0901, 0.0139, 0.5152],[-1.4691,-0.2978,-1.7901,-1.6863, 0.1061],[-0.8622,-0.083 , 0.0142, 0.5026],0.2269
3021,[-0.8641,-0.0766, 0.0614, 0.5383],[-1.1347,-0.9684,-0.0244,-1.0486,-0.354 ],[-0.8621,-0.0726, 0.0405, 0.5254],0.2221
3030,[-0.8342, 0.2033,-0.0397, 0.5023],[-2.7649,-3.6976,-1.7909,-3.4385,-2.3622],[-0.8344, 0.1922,-0.0567, 0.4892],0.0836
3032,[-0.8433, 0.1878,-0.1181, 0.5196],[ 0.2587,-0.9977, 0.2362,-1.2769, 4.1084],[-0.8427, 0.1798,-0.0987, 0.5085],0.0993
3034,[-0.8457, 0.1997,-0.2211, 0.5541],[-3.0227,-2.19  ,-4.2153,-4.0888,-2.558 ],[-0.8436, 0.1969,-0.2001, 0.5463],0.06
3036,[-0.8513, 0.2164,-0.3209, 0.5442],[-1.9101, 0.2716,-3.6555,-2.1829,-0.7784],[-0.8471, 0.2179,-0.3056, 0.5394],0.025
3038,[-0.8615, 0.2641,-0.4023, 0.5152],[-0.9203, 1.3832,-2.7814, 1.3695,-1.1782],[-0.8561, 0.2655,-0.3894, 0.5121],-0.0003
3040,[-0.858 ,-0.2388, 0.0335, 0.5093],[-3.0766,-1.6709,-4.5827,-3.3634,-2.4675],[-0.8592,-0.2207, 0.0217, 0.4967],0.1611
3041,[-0.8599,-0.2567, 0.0757, 0.5308],[ 0.5085, 1.2394,-0.6387,-0.8769, 2.4447],[-0.8613,-0.2403, 0.0646, 0.52  ],0.1465
3060,[-0.8532,-0.2927, 0.0462, 0.5266],[-2.268 ,-2.0666,-2.8615,-2.6532,-2.7135],[-0.8559,-0.2723, 0.0301, 0.514 ],0.1299
3061,[-0.8554,-0.3511, 0.1362, 0.5421],[-3.059 ,-1.2776,-4.2297,-3.8203,-2.5818],[-0.8594,-0.3339, 0.1211, 0.5379],0.0842
3063,[-0.8529,-0.3776, 0.1795, 0.5421],[-0.3392,-1.2417, 1.1651,-1.2824, 0.9888],[-0.8572,-0.3627, 0.1672, 0.5368],0.05
3081,[-0.8517,-0.4018, 0.1575, 0.5602],[-1.2116,-0.7462,-2.0234,-1.0754,-1.1293],[-0.8573,-0.3844, 0.1418, 0.5588],0.0516
3083,[-0.8472,-0.4592, 0.2304, 0.5968],[ 1.4156,77.575 ,-0.0843, 1.1122, 2.4749],[-0.8537,-0.4455, 0.2196, 0.5931],-0.0089
3085,[-0.8342,-0.4949, 0.2813, 0.616 ],[ 0.8857,-0.4389, 4.448 , 0.9908, 1.0162],[-0.841 ,-0.4842, 0.2683, 0.6146],-0.0697
3093,[-0.8415,-0.5411, 0.2597, 0.6214],[-0.3432,87.0908,-1.4221,-0.1712,-0.7087],[-0.8506,-0.5296, 0.2579, 0.6207],-0.0609
3095,[-0.8428,-0.5661, 0.2929, 0.6191],[-7.167 ,-7.3951,-7.4766,-6.4473,-7.5443],[-0.8521,-0.5563, 0.2894, 0.6179],-0.079
3097,[-0.8433,-0.6662, 0.4543, 0.6112],[-13.4009,-14.355 ,-12.1673,-13.089 ,-13.3069],[-0.8517,-0.6641, 0.4511, 0.6126],-0.1779
3098,[-0.8559, 0.5658,-0.446 , 0.6069],[ 1.0163, 4.1125,-0.0721, 1.9704, 1.3403],[-0.8613, 0.5596,-0.4191, 0.5953],-0.11
3099,[-0.8441,-0.6332, 0.5335, 0.5898],[-160.1764,-160.3602,-159.7968,-159.0328,-159.8253],[-0.8494,-0.6336, 0.5329, 0.5893],-0.2516
3100,[-8.5843e-01, 3.2575e-03,-5.1809e-04, 4.1041e-01],[-6.5776,-6.6616,-6.3262,-7.9145,-5.6483],[-0.8567, 0.0029, 0.001 , 0.3987],0.2272
3101,[-0.8565,-0.0125, 0.0726, 0.4037],[-4.2829,-5.6868,-3.3509,-5.4939,-4.2312],[-0.8545,-0.017 , 0.075 , 0.3928],0.1994
3102,[-0.8575, 0.0195,-0.0841, 0.4169],[-2.2919,-1.3447,-3.6363,-3.6962,-1.4046],[-0.8554, 0.0238,-0.0795, 0.4065],0.2001
3110,[-0.8536, 0.0906,-0.0227, 0.407 ],[-8.0302,-8.8254,-7.7   ,-9.138 ,-7.2566],[-0.8523, 0.0838,-0.0121, 0.3965],0.1889
3111,[-0.8509, 0.073 , 0.0676, 0.4081],[-3.8281,-4.2075,-2.5571,-3.7252,-3.2229],[-0.8493, 0.063 , 0.0523, 0.3999],0.1771
3112,[-0.8589, 0.109 ,-0.1059, 0.4165],[-0.4222, 0.8657,-1.2381,-1.7882, 1.2427],[-0.8574, 0.1063,-0.0891, 0.405 ],0.1751
3114,[-0.86  , 0.1339,-0.1984, 0.4455],[ 0.2697, 1.2474,-2.2143,-1.4469, 0.3866],[-0.8573, 0.1357,-0.1844, 0.4351],0.1281
3116,[-0.8601, 0.159 ,-0.2976, 0.4487],[ 0.2491,-0.9874,-2.2915,-1.2901,-1.1273],[-0.8555, 0.1647,-0.2883, 0.4364],0.0728
3120,[-0.8613,-0.0873, 0.0198, 0.415 ],[-1.2173, 1.0191,-2.0956,-2.2086, 1.3527],[-0.8599,-0.081 , 0.0194, 0.4047],0.2143
3121,[-0.8607,-0.0703, 0.0766, 0.4074],[-0.6179,-0.8917, 1.25  ,-1.0592, 1.2544],[-0.8589,-0.0697, 0.0731, 0.3982],0.1998
3122,[-0.8582,-0.0919,-0.0782, 0.413 ],[-2.5559,-1.8299,-5.0301,-3.6676,-2.4596],[-0.8566,-0.0773,-0.084 , 0.4016],0.1848
3123,[-0.8644,-0.1654, 0.179 , 0.3917],[-0.8972,-1.4255, 0.4077,-0.4643, 0.6158],[-0.863 ,-0.1631, 0.1595, 0.3788],0.145
3132,[-0.8425, 0.1833,-0.1329, 0.4104],[-0.8344,-2.0849,-0.6309,-3.0767, 0.696 ],[-0.842 , 0.1775,-0.1207, 0.3982],0.0901
3134,[-0.848 , 0.193 ,-0.2254, 0.4283],[-0.2428, 1.385 ,-2.0905,-1.37  , 0.6661],[-0.8461, 0.1918,-0.2075, 0.4177],0.0664
3136,[-0.8501, 0.2052,-0.3231, 0.4625],[-0.4774, 2.8566,-2.0957,-0.2666,-0.0447],[-0.8457, 0.2081,-0.3105, 0.4531],0.0235
3138,[-0.8651, 0.1908,-0.3931, 0.4884],[-0.8498, 1.249 ,-1.8618,-0.567 ,-0.9877],[-0.8579, 0.1977,-0.3874, 0.4772],0.0302
3140,[-0.8563,-0.2193, 0.0219, 0.4271],[-3.4382,-1.9254,-5.218 ,-4.2352,-3.2073],[-0.8573,-0.202 , 0.011 , 0.4191],0.1635
3141,[-0.8565,-0.2516, 0.0736, 0.4185],[ 0.7512, 1.4005,-0.386 ,-0.666 , 4.4265],[-0.8582,-0.2362, 0.065 , 0.4094],0.1384
3160,[-0.858 ,-0.2912, 0.0458, 0.4306],[-2.3512,-2.2785,-2.9015,-1.6892,-2.2027],[-0.861 ,-0.2702, 0.0286, 0.4209],0.1481
3161,[-0.8502,-0.3411, 0.1228, 0.4323],[-1.6273, 0.7066,-2.8958,-0.9306, 0.3426],[-0.8544,-0.3245, 0.1091, 0.4263],0.0779
3163,[-0.8492,-0.371 , 0.1801, 0.4434],[1.3679,0.394 ,1.7917,0.5197,2.5378],[-0.8536,-0.3573, 0.169 , 0.4375],0.0416
3181,[-0.8457,-0.4008, 0.1559, 0.4498],[-0.8137,-0.0939,-1.6903,-0.7935,-0.5999],[-0.8518,-0.3844, 0.1411, 0.4426],0.037
3183,[-0.842 ,-0.4292, 0.2027, 0.4648],[ 0.2694,15.9164, 0.0838, 4.1495, 0.5371],[-0.8482,-0.4156, 0.1906, 0.4583],-0.001
3193,[-0.8341,-0.5038, 0.2576, 0.4969],[ 0.0443, 0.3847,-0.1122, 0.1666, 0.123 ],[-0.8421,-0.4931, 0.2507, 0.4908],-0.0649
3195,[-0.8494,-0.6143, 0.3738, 0.4313],[ 0.1506,-0.1085, 0.1784, 0.1385, 0.2462],[-0.8588,-0.6097, 0.3697, 0.4439],-0.1151
3197,[-0.8256,-0.6233, 0.4102, 0.4251],[ 0.6284,-0.1672, 0.7958, 2.9247, 0.9216],[-0.8349,-0.6205, 0.3884, 0.4116],-0.1689
3199,[-0.8441,-0.7265, 0.5905, 0.4846],[-15.9242,-15.9617,-15.2118,-15.4622,-16.2427],[-0.8498,-0.7279, 0.5934, 0.488 ],-0.2557
3200,[-0.8534, 0.0011, 0.002 , 0.3045],[ 0.9036, 4.8345, 4.9655,-0.0911,10.8253],[-0.8521, 0.0009, 0.0025, 0.2912],0.2096
3201,[-0.8531,-0.0173, 0.073 , 0.3031],[-1.7773,-3.8063,-0.3746,-3.4468,-1.172 ],[-0.8516,-0.0213, 0.0715, 0.2907],0.1905
3202,[-0.8523, 0.022 ,-0.0775, 0.3025],[-0.9072, 0.9912,-2.7375,-2.4318, 1.4903],[-0.8507, 0.026 ,-0.0761, 0.2912],0.1855
3204,[-0.8568, 0.0179,-0.1913, 0.2933],[-1.1297, 0.0112,-2.9936,-1.2284,-1.0952],[-0.8533, 0.0313,-0.1976, 0.2898],0.1483
3210,[-0.8525, 0.0778,-0.0237, 0.3119],[-3.643 ,-5.0222,-3.2012,-5.7395,-3.4518],[-0.8514, 0.0728,-0.0207, 0.3013],0.1885
3211,[-0.8535, 0.0691, 0.0693, 0.3192],[-2.1707,-2.9468,-1.0369,-2.252 ,-1.7977],[-0.8522, 0.0583, 0.0631, 0.3079],0.1847
3212,[-0.8554, 0.0922,-0.085 , 0.3234],[-0.068 , 8.726 ,-0.2731,-0.685 , 0.8368],[-0.8542, 0.0901,-0.0744, 0.3123],0.176
3214,[-0.8472, 0.1268,-0.1865, 0.3248],[-0.0527, 1.9515,-1.5988,-0.4018, 0.8282],[-0.8451, 0.1293,-0.1767, 0.3176],0.0968
3220,[-0.856 ,-0.0835, 0.0203, 0.3141],[-0.4716, 0.3682,-2.4691,-2.7768, 0.1278],[-0.8551,-0.0777, 0.0179, 0.3036],0.1989
3221,[-0.8565,-0.0736, 0.0833, 0.3138],[ 0.3702,-1.3324, 2.9541,-1.1051, 2.2805],[-0.8552,-0.0733, 0.0786, 0.302 ],0.1838
3222,[-0.8547,-0.0881,-0.0795, 0.314 ],[-3.228 ,-2.2525,-4.7462,-3.2246,-2.8071],[-0.8535,-0.0739,-0.0848, 0.3074],0.1759
3223,[-0.855 ,-0.0818, 0.1731, 0.31  ],[ 0.1775,-1.4837, 0.5101,-1.1311, 0.9371],[-0.8526,-0.087 , 0.1617, 0.2975],0.1398
3230,[-0.8318, 0.1985,-0.052 , 0.333 ],[-1.4138,-1.8036,-0.4765,-1.5337,-1.1029],[-0.8325, 0.1887,-0.0682, 0.3198],0.0757
3232,[-0.8392, 0.1795,-0.1262, 0.3322],[-0.4408,-1.1565,-0.8377,-1.7939,-0.0597],[-0.8389, 0.1741,-0.1174, 0.3233],0.0829
3234,[-0.8398, 0.1867,-0.1979, 0.344 ],[ 0.5627, 1.7453,-0.9099,-0.2259, 0.1701],[-0.8385, 0.185 ,-0.1848, 0.3335],0.0549
3240,[-0.8546,-0.2084, 0.0262, 0.33  ],[-2.3241,-1.5537,-3.7351,-2.8956,-2.4814],[-0.8558,-0.1926, 0.0169, 0.3226],0.162
3241,[-0.8528,-0.242 , 0.084 , 0.3272],[ 0.2594, 0.4507,-0.2482,-0.918 , 0.9371],[-0.8546,-0.2287, 0.0759, 0.3185],0.1256
3243,[-0.8656,-0.1815, 0.1743, 0.3157],[-0.2206,-0.9464, 1.0284,-0.8962, 0.1237],[-0.8647,-0.1783, 0.1615, 0.3288],0.1437
3260,[-0.8575,-0.2845, 0.0437, 0.3442],[-0.383 ,-0.0687,-0.7498,-0.3072,-0.2756],[-0.8607,-0.2639, 0.0275, 0.3423],0.1498
3261,[-0.8492,-0.3162, 0.117 , 0.3488],[-0.3067, 0.9873,-1.4211,-0.773 ,-0.1604],[-0.8529,-0.3009, 0.1058, 0.3416],0.0836
3263,[-0.8412,-0.336 , 0.1906, 0.314 ],[1.3431,0.4091,0.5779,0.3738,1.3882],[-0.8445,-0.3261, 0.1856, 0.3036],0.0227
3283,[-0.83  ,-0.3978, 0.1917, 0.3431],[0.2303,0.1169,0.2582,0.3267,0.5288],[-0.8356,-0.386 , 0.1822, 0.3322],-0.0196
3300,[-0.847 , 0.004 , 0.0029, 0.1853],[-0.0292, 1.3725, 2.1149,-0.5005,27.293 ],[-0.8462, 0.0034, 0.0039, 0.1708],0.1882
3301,[-0.8454,-0.0247, 0.0723, 0.1858],[ 0.6915,-1.7734, 3.8892,-1.3252, 2.9435],[-0.8444,-0.0283, 0.0719, 0.1729],0.1655
3302,[-0.8497, 0.0278,-0.0764, 0.1881],[ 0.1649, 3.9107,-1.7222,-1.6149, 4.1083],[-0.8487, 0.0314,-0.0755, 0.1759],0.1776
3303,[-0.8594,-0.0421, 0.1692, 0.2428],[-0.6007,-0.8052,-0.4444,-0.5312,-0.4681],[-0.857 ,-0.051 , 0.1586, 0.2284],0.168
3304,[-0.8525, 0.0293,-0.1785, 0.191 ],[-0.4122, 0.2984,-1.6435,-0.4009,-1.5754],[-0.8499, 0.0408,-0.183 , 0.1778],0.1398
3310,[-0.846 , 0.0673,-0.0353, 0.2016],[-1.7834,-2.8111,-1.3285,-3.1231,-1.2716],[-0.8453, 0.0644,-0.0336, 0.1891],0.1689
3311,[-0.8411, 0.0738, 0.0594, 0.2448],[-0.645 ,-0.8976,-0.2254,-0.8574,-1.1916],[-0.8402, 0.0638, 0.0549, 0.2319],0.1454
3312,[-0.848 , 0.0737,-0.0832, 0.1867],[ 0.475 , 2.5724,-1.259 ,-0.9985, 4.7923],[-0.8471, 0.0738,-0.0795, 0.1738],0.1564
3314,[-0.8527, 0.103 ,-0.1984, 0.181 ],[-0.5603, 3.7558,-1.299 ,-0.4922,-0.2732],[-0.8504, 0.1092,-0.1948, 0.1714],0.1129
3320,[-0.8514,-0.0739, 0.0263, 0.1967],[-0.7571,-0.7787,-1.8845,-2.5026,-0.5442],[-0.8508,-0.0695, 0.0236, 0.1856],0.1866
3321,[-0.8524,-0.0787, 0.0912, 0.1866],[ 0.7562,-1.1321, 3.8275,-1.0862, 2.4375],[-0.8515,-0.079 , 0.0878, 0.1745],0.1661
3322,[-0.865 ,-0.0689,-0.0655, 0.2159],[-1.7025,-0.8151,-2.0733,-1.1698,-1.651 ],[-0.8642,-0.0566,-0.068 , 0.2016],0.2253
3323,[-0.8604,-0.0883, 0.1717, 0.22  ],[-0.6721,-2.1365, 1.128 ,-1.793 ,-0.3303],[-0.8585,-0.0935, 0.1613, 0.2065],0.1561
3332,[-0.8337, 0.175 ,-0.1184, 0.2126],[ 0.0438, 0.1414, 0.1006,-0.4583, 0.8177],[-0.834 , 0.1692,-0.1004, 0.2128],0.0755
3334,[-0.8409, 0.1827,-0.2347, 0.1839],[ 0.6849, 1.7025,-0.8914, 0.1749, 0.2261],[-0.8392, 0.1843,-0.2231, 0.1889],0.0435
3340,[-0.8466,-0.1917, 0.0168, 0.2249],[-0.612 ,-0.327 ,-1.1208,-0.2943,-0.6316],[-0.8478,-0.1774, 0.0101, 0.2186],0.1415
3341,[-0.8582,-0.2297, 0.1075, 0.2138],[ 0.3549, 0.0858,-0.3695,-0.7707, 0.8013],[-0.8598,-0.2191, 0.1016, 0.2037],0.1358
3343,[-0.8645,-0.1727, 0.1889, 0.1546],[-0.2775,-1.0178, 1.2545,-0.651 , 1.1868],[-0.8639,-0.1722, 0.1756, 0.1414],0.138
3361,[-0.8587,-0.2861, 0.155 , 0.2261],[ 0.2926, 0.3603, 0.0871,-0.0933, 0.1683],[-0.8614,-0.2751, 0.1448, 0.2231],0.1028
3363,[-0.8536,-0.3078, 0.1755, 0.2409],[ 0.7806, 0.2027, 1.2958,-0.1443, 0.8035],[-0.8566,-0.2972, 0.1619, 0.2333],0.0743
3400,[-0.8437, 0.0016, 0.0048, 0.0629],[ 1.7439, 1.3005, 2.2671,-1.1526,22.2111],[-0.8434, 0.0011, 0.0049, 0.0478],0.1794
3401,[-0.842 ,-0.0284, 0.0702, 0.0622],[-1.4146,-1.6982, 4.5262,-2.2838, 1.4828],[-0.8416,-0.0316, 0.07  , 0.0489],0.1563
3402,[-0.8449, 0.0333,-0.0733, 0.0643],[-2.4895,-0.5047,-3.5695,-3.4586,-1.1112],[-0.8444, 0.0365,-0.074 , 0.0516],0.1625
3404,[-0.8567, 0.0434,-0.1867, 0.1099],[-0.7237,-0.4407,-0.9565,-0.3274,-0.6152],[-0.8541, 0.0552,-0.1943, 0.0961],0.1438
3410,[-0.8454, 0.0674,-0.036 , 0.0654],[-0.244 ,-1.3247,-0.1862,-1.8858, 0.3522],[-0.8454, 0.0644,-0.0312, 0.0535],0.1697
3412,[-0.8451, 0.0718,-0.0855, 0.061 ],[ 0.4888, 4.5403,-1.038 ,-0.8457, 3.9127],[-0.8448, 0.0725,-0.0814, 0.0476],0.1485
3414,[-0.8477, 0.1189,-0.2014, 0.0714],[ 0.328 , 0.907 ,-2.3242,-0.9423, 0.3522],[-0.8459, 0.1246,-0.2006, 0.0637],0.0921
3416,[-0.85  , 0.1625,-0.2803, 0.0481],[-0.7134,-0.6348,-1.0505,-1.0028,-0.3294],[-0.8468, 0.1701,-0.2807, 0.0332],0.0494
3420,[-0.8491,-0.0651, 0.0365, 0.0686],[-0.967 , 1.146 ,-0.5822,-1.5929, 0.2737],[-0.849 ,-0.0624, 0.0337, 0.0572],0.1821
3421,[-0.8465,-0.0791, 0.0972, 0.0602],[ 0.2588,-0.8214, 2.0709,-0.7705, 4.8068],[-0.8461,-0.0802, 0.095 , 0.0465],0.1459
3422,[-0.8593,-0.059 ,-0.0634, 0.1049],[-0.3726,-0.187 ,-0.6606,-0.695 ,-0.6984],[-0.8588,-0.0474,-0.0721, 0.0906],0.2083
3423,[-0.8623,-0.1661, 0.1774, 0.04  ],[-0.9155,-1.8072, 0.3466,-1.1823,-1.1595],[-0.8619,-0.1669, 0.1779, 0.025 ],0.1329
3434,[-0.8396, 0.1694,-0.1887, 0.0211],[-0.3485, 3.2849,-1.1349,-0.014 , 1.3295],[-0.8394, 0.17  ,-0.1783, 0.009 ],0.0642
3436,[-0.8439, 0.1769,-0.2798, 0.0177],[ 0.3733, 0.1452,-1.6925,-1.11  , 0.4878],[-0.8412, 0.1832,-0.2776, 0.0026],0.0306
3441,[-0.862 ,-0.186 , 0.1593, 0.0899],[-0.0423,-0.3462,-0.5359,-0.4006, 0.2181],[-0.8623,-0.1837, 0.1606, 0.0759],0.1344
3443,[-0.8616,-0.1999, 0.204 , 0.0419],[ 0.2286,-1.255 , 1.5186,-0.4634, 1.3777],[-0.8613,-0.2003, 0.2079, 0.0273],0.1067
3500,[-8.4372e-01,-3.3437e-04, 3.5509e-03,-6.1489e-02],[ 1.1962, 2.7831, 1.915 ,-0.6563,30.7465],[-8.4404e-01,-6.0061e-04, 3.4765e-03,-7.7118e-02],0.1814
3501,[-0.8425,-0.0312, 0.0679,-0.066 ],[-1.8424,-3.609 ,-0.1679,-3.533 ,-0.3228],[-0.8426,-0.0343, 0.0685,-0.0787],0.1593
3502,[-0.8438, 0.0344,-0.0725,-0.06  ],[-3.2121,-1.8036,-3.9875,-4.2743,-2.6566],[-0.8439, 0.0376,-0.0732,-0.0716],0.1607
3510,[-0.8451, 0.0645,-0.0391,-0.0587],[-0.6344,-1.3575, 0.6848,-1.601 , 0.4996],[-0.8455, 0.0622,-0.0354,-0.0713],0.1693
3511,[-0.8517, 0.066 , 0.0721,-0.0658],[-0.3796,-1.0444,-0.4732,-0.7828,-0.4047],[-0.8521, 0.0547, 0.0652,-0.0804],0.1849
3512,[-0.8445, 0.0707,-0.0859,-0.0663],[-1.3227, 0.4131,-2.8509,-2.5557, 0.3674],[-0.8447, 0.0719,-0.0838,-0.0791],0.1478
3514,[-0.8498, 0.1362,-0.2123,-0.045 ],[-1.0807, 0.0111,-1.6295,-0.9116,-1.1202],[-0.8483, 0.1421,-0.2153,-0.0508],0.0875
3520,[-0.8474,-0.0683, 0.0407,-0.0702],[-0.2643, 0.0894,-1.031 ,-1.9637, 0.2565],[-0.848 ,-0.0658, 0.0376,-0.083 ],0.1774
3521,[-0.8441,-0.0798, 0.0927,-0.0613],[ 0.1085,-1.7544, 2.1944,-1.5193, 1.8106],[-0.8443,-0.0807, 0.0891,-0.0739],0.142
3523,[-0.8569,-0.1359, 0.1839,-0.077 ],[-0.5951,-1.5571, 1.0171, 0.6071, 1.208 ],[-0.8562,-0.1401, 0.1848,-0.0749],0.1228
3532,[-0.8394, 0.1741,-0.1485,-0.0657],[ 0.8544,-0.2237, 0.3725,-0.315 ,-0.4276],[-0.8404, 0.1721,-0.1418,-0.0785],0.0789
3534,[-0.8386, 0.188 ,-0.2315,-0.0619],[ 0.9293, 3.5244,-1.1326, 0.1254, 2.1174],[-0.8379, 0.1906,-0.2237,-0.0726],0.0379
3541,[-0.8579,-0.1872, 0.1314,-0.0758],[-0.4603,-0.4148,-0.2663,-0.875 ,-0.0992],[-0.8595,-0.1817, 0.1156,-0.077 ],0.1435
3543,[-0.8587,-0.1951, 0.2098,-0.0578],[ 1.1537,-1.0331, 2.8744, 0.3334, 0.6201],[-0.8587,-0.1962, 0.2061,-0.0607],0.1012
3600,[-0.8463,-0.0019, 0.0011,-0.1854],[ 1.1313, 1.5197, 1.0555, 0.7408,38.2728],[-8.4714e-01,-1.8104e-03, 6.9721e-04,-2.0174e-01],0.1921
3601,[-0.8466,-0.0351, 0.0687,-0.1861],[-1.6083,-3.4645,-0.5815,-2.4759,-1.1262],[-0.8472,-0.0383, 0.0698,-0.1985],0.173
3602,[-0.8473, 0.0335,-0.0697,-0.1867],[-2.9896,-1.6843,-3.7049,-4.079 ,-3.0329],[-0.848 , 0.037 ,-0.0712,-0.1987],0.1753
3610,[-0.8496, 0.0651,-0.0428,-0.191 ],[-0.0286,-0.1963, 1.2947,-1.4249, 1.9445],[-0.8506, 0.0633,-0.0412,-0.2037],0.1854
3612,[-0.8478, 0.0735,-0.0864,-0.1894],[ 0.5138, 0.142 ,-1.7252,-1.5574, 1.1755],[-0.8486, 0.0749,-0.0848,-0.2028],0.159
3614,[-0.8423, 0.1319,-0.1862,-0.2073],[ 0.3617, 1.5432,-1.3554,-0.5472,-0.018 ],[-0.842 , 0.137 ,-0.1889,-0.2169],0.0808
3620,[-0.8509,-0.0654, 0.0419,-0.19  ],[ 0.9747, 3.4424, 0.2893,-0.2816, 2.5578],[-0.852 ,-0.0636, 0.0416,-0.2012],0.1899
3621,[-0.8483,-0.0727, 0.0871,-0.1995],[ 0.9947,-0.393 , 4.8466, 0.057 , 7.8299],[-0.849 ,-0.0742, 0.0855,-0.2129],0.1612
3623,[-0.8484,-0.1238, 0.1744,-0.1958],[-0.7797,-2.3604,-0.0555,-0.8249,-0.0772],[-0.8483,-0.1287, 0.1761,-0.2053],0.1066
3632,[-0.848 , 0.1801,-0.1244,-0.1834],[ 0.2424, 0.1012, 0.3506,-0.7504, 1.1463],[-0.85  , 0.1757,-0.1143,-0.1904],0.1166
3634,[-0.8406, 0.1959,-0.1857,-0.1485],[ 0.4616, 3.6901,-0.5959, 0.8375, 1.8228],[-0.8417, 0.195 ,-0.173 ,-0.1624],0.0642
3643,[-0.8561,-0.1947, 0.2084,-0.1771],[ 1.2302,-0.6505, 6.3006, 0.0395, 0.825 ],[-0.8565,-0.1963, 0.2046,-0.1797],0.096
3700,[-8.5106e-01,-5.4738e-04, 7.6177e-06,-3.0806e-01],[  1.6499,120.3586,  2.3522,  0.3891,  0.7144],[-8.5245e-01,-8.0711e-04, 3.2867e-03,-3.2214e-01],0.2106
3701,[-0.853 ,-0.0347, 0.0704,-0.3223],[ 0.1425,-0.8587,27.6669,-0.2636,-0.3546],[-0.8542,-0.0385, 0.0719,-0.3319],0.1957
3702,[-0.8509, 0.0373,-0.0692,-0.3026],[ 1.079 , 5.2333,-1.0915,-0.4188, 3.9667],[-0.852 , 0.0407,-0.0706,-0.3164],0.1882
3710,[-0.8562, 0.0672,-0.0465,-0.3167],[ 1.5321, 0.517 , 7.6294,-0.5257, 1.3899],[-0.8578, 0.0659,-0.0472,-0.3258],0.2072
3712,[-0.8552, 0.0755,-0.0807,-0.3162],[ 1.1176, 2.9972, 0.3291,-0.0409, 1.3421],[-0.8566, 0.0764,-0.0777,-0.3258],0.188
3714,[-0.8479, 0.146 ,-0.1882,-0.3024],[-0.1293, 4.0975,-1.1116, 0.0645, 0.145 ],[-0.8482, 0.1507,-0.1887,-0.3115],0.0931
3720,[-0.8546,-0.0678, 0.0475,-0.3211],[ 0.8657,40.6451, 0.4602, 0.9089, 2.0056],[-0.8562,-0.0666, 0.0482,-0.3284],0.2014
3721,[-0.8541,-0.0727, 0.0845,-0.3135],[ 2.1046, 0.2907,58.3451, 1.655 , 1.3987],[-0.8553,-0.0742, 0.0821,-0.3196],0.1831
3723,[-0.8558,-0.1397, 0.1938,-0.299 ],[ 0.265 ,-2.2542, 1.2791, 0.6938,-0.9052],[-0.8557,-0.1457, 0.1985,-0.2947],0.1142
3732,[-0.8569, 0.173 ,-0.1229,-0.3278],[0.2811,1.8262,0.7881,0.4443,1.7164],[-0.8592, 0.1694,-0.1161,-0.3129],0.1469
3734,[-0.8484, 0.1807,-0.1923,-0.3457],[ 1.8419, 3.9756,-0.3012, 1.0078, 0.1167],[-0.8496, 0.1828,-0.1862,-0.3451],0.088
3743,[-0.8599,-0.175 , 0.2092,-0.307 ],[ 1.7525,-0.2847, 7.8029, 0.2347, 1.0604],[-0.8603,-0.1792, 0.208 ,-0.313 ],0.1125
3800,[-0.8568, 0.0018,-0.0024,-0.4147],[  0.7423,  3.4107,248.5594,  1.7601,  1.544 ],[-0.8587, 0.0021,-0.0046,-0.4238],0.2338
3801,[-0.8564,-0.0385, 0.0736,-0.3953],[-3.5545,-5.0035,-1.8812,-2.2286,-3.9673],[-0.8579,-0.0425, 0.0753,-0.3983],0.2057
3802,[-0.8571, 0.0431,-0.0668,-0.4307],[-2.1300e-02, 7.4273e+01,-4.7487e-01, 4.9298e-01,-1.7257e-01],[-0.8589, 0.0461,-0.0677,-0.4403],0.2108
3810,[-0.8597, 0.068 ,-0.0486,-0.4023],[ 1.3154, 1.2833,16.4334, 1.1898, 1.6659],[-0.8616, 0.0669,-0.0497,-0.4052],0.2193
3812,[-0.8589, 0.072 ,-0.0765,-0.4076],[ 0.2977, 4.5868,-1.0988, 4.6398, 3.1616],[-0.8607, 0.0731,-0.0746,-0.4081],0.2044
3814,[-0.8463, 0.1548,-0.1694,-0.3837],[-0.0159, 1.5204,-1.2588, 1.4732,-0.4416],[-0.8476, 0.1573,-0.1667,-0.3805],0.0966
3820,[-0.8576,-0.0684, 0.0483,-0.4146],[ 1.4324,70.7284, 0.5953, 2.6665, 0.1682],[-0.8596,-0.0673, 0.0491,-0.4222],0.2124
3821,[-0.8576,-0.0723, 0.0772,-0.4117],[9.7278e-01,4.4406e-02,8.0731e+01,4.8561e+00,1.4838e+00],[-0.8594,-0.0734, 0.0748,-0.4161],0.1999
3823,[-0.8665,-0.1416, 0.1672,-0.4044],[-0.0074,-2.0291, 1.4889, 0.2013,-0.5035],[-0.8677,-0.1458, 0.168 ,-0.414 ],0.1637
3832,[-0.8473, 0.1909,-0.1365,-0.4114],[ 1.4087, 3.4205, 0.415 , 1.5062,-0.0831],[-0.8502, 0.1878,-0.1291,-0.4096],0.1078
3834,[-0.8523, 0.1955,-0.1928,-0.3975],[ 1.3781, 7.7798,-0.567 , 1.6903,-0.0333],[-0.8541, 0.1967,-0.1847,-0.4046],0.0957
3900,[-0.8555, 0.0176,-0.0278,-0.5149],[-2.3033,-1.9279,-1.653 ,-0.3506,-3.6101],[-0.8577, 0.0193,-0.0311,-0.5135],0.2238
3901,[-0.8655,-0.0461, 0.0731,-0.5101],[-10.594 ,-12.5283, -9.036 , -9.2608,-11.9001],[-0.8674,-0.05  , 0.0767,-0.5071],0.2364
3902,[-0.8519, 0.0312,-0.0767,-0.5324],[ -0.2152,105.3326, -1.8947,  1.8524, -0.785 ],[-0.8539, 0.0363,-0.0782,-0.5385],0.193
3910,[-0.8603, 0.0586,-0.0494,-0.5351],[-0.1785, 0.1136, 4.0644,33.4982,-0.6907],[-0.8627, 0.0581,-0.0457,-0.5282],0.2284
3912,[-0.8598, 0.0627,-0.0745,-0.5347],[ 5.1338,29.0663,-1.1324, 0.7268, 1.2329],[-0.8621, 0.0649,-0.0745,-0.5407],0.2121
3920,[-0.8567,-0.0716, 0.0497,-0.5305],[  6.7169,272.6542,  0.6875,  0.6452, -0.921 ],[-0.8592,-0.0706, 0.0513,-0.5389],0.2093
3921,[-0.8568,-0.067 , 0.0673,-0.5341],[-2.3935e-01,-9.0849e-01, 7.8195e+01, 8.0062e+00,-6.2338e-02],[-0.8592,-0.0678, 0.0653,-0.5418],0.2047
4061,[-0.8074,-0.3695, 0.1431, 0.5197],[-1.8797,-1.1196,-3.1028,-2.4729,-0.224 ],[-0.8121,-0.3565, 0.1325, 0.5071],-0.0483
4063,[-0.8105,-0.3726, 0.1887, 0.5476],[-0.3418,-1.2953, 0.0049,-1.2365, 0.8654],[-0.8144,-0.3619, 0.1815, 0.5347],-0.0604
4081,[-0.8061,-0.408 , 0.157 , 0.5367],[-3.1862,-2.11  ,-3.7965,-3.3916,-3.0976],[-0.812 ,-0.395 , 0.1489, 0.5246],-0.0654
4083,[-0.8039,-0.4731, 0.2364, 0.5624],[-0.7394, 0.729 ,-1.1562,-0.6156, 7.0113],[-0.8109,-0.463 , 0.2315, 0.5541],-0.1125
4085,[-0.7988,-0.4898, 0.2807, 0.6172],[-0.491 ,-1.3427, 1.8132,-0.5214, 0.4628],[-0.8054,-0.4811, 0.2719, 0.6173],-0.1397
4091,[-0.7855,-0.5129, 0.1654, 0.5786],[-0.2682, 0.0845,-0.4807,-0.2816,-0.1913],[-0.7954,-0.5011, 0.1736, 0.5684],-0.1367
4093,[-0.7994,-0.5571, 0.2515, 0.6146],[ 3.8724e-01, 1.7432e+02,-9.3568e-01, 2.5099e-01, 9.8500e-02],[-0.8093,-0.5481, 0.2554, 0.6131],-0.1477
4095,[-0.799 ,-0.5683, 0.2944, 0.6226],[-5.9943,-6.5402,-4.1764,-5.042 ,-5.9067],[-0.8086,-0.5606, 0.284 , 0.6218],-0.1608
4097,[-0.7988,-0.6737, 0.4544, 0.6104],[-18.0362,-19.2495,-17.0687,-17.8204,-18.3849],[-0.8078,-0.6723, 0.445 , 0.6091],-0.2421
4099,[-0.799 ,-0.6979, 0.5946, 0.6018],[-329.8375,-330.5577,-330.0749,-330.0477,-331.1331],[-0.8044,-0.6951, 0.5913, 0.5995],-0.2996
4110,[-0.8194, 0.1098,-0.0282, 0.4017],[-3.6371,-4.3349,-2.6716,-4.5781,-2.8146],[-0.8184, 0.1037,-0.025 , 0.3884],0.0756
4112,[-0.8209, 0.1493,-0.0948, 0.4325],[-0.217 , 0.3272,-1.4558,-2.0212, 0.6601],[-0.8201, 0.1434,-0.0726, 0.4195],0.0533
4134,[-0.8154, 0.2207,-0.2223, 0.3873],[-0.4313, 2.4176,-1.8981,-1.2739, 0.533 ],[-0.8146, 0.2178,-0.1973, 0.3796],-0.0215
4136,[-0.8149, 0.2189,-0.3052, 0.4018],[-0.7554, 1.6822,-1.7938,-0.5723,-0.6393],[-0.8117, 0.22  ,-0.2884, 0.3938],-0.0562
4140,[-0.8158,-0.2501, 0.0328, 0.4048],[-2.1234,-0.8661,-3.2598,-3.1976,-0.9495],[-0.8178,-0.2356, 0.0258, 0.3919],0.0333
4141,[-0.8209,-0.2737, 0.0747, 0.4066],[-0.1036, 0.6501,-0.0273,-0.6903, 2.3404],[-0.8235,-0.2603, 0.0688, 0.393 ],0.0272
4160,[-0.8093,-0.2867, 0.0538, 0.4373],[-2.2597,-2.1522,-2.9438,-2.2973,-2.0155],[-0.8122,-0.2721, 0.0446, 0.4239],0.0021
4161,[-0.8103,-0.3549, 0.1318, 0.4474],[-1.7338,-1.0555,-3.4797,-2.968 ,-1.0443],[-0.8149,-0.3418, 0.1207, 0.4373],-0.0349
4163,[-0.8109,-0.376 , 0.1849, 0.423 ],[ 0.4389,-0.0434, 0.7139,-0.7259, 0.9111],[-0.8155,-0.3653, 0.1762, 0.4119],-0.0574
4181,[-0.808 ,-0.4143, 0.1578, 0.4563],[-2.0092,-1.4991,-2.983 ,-2.1872,-1.9865],[-0.8145,-0.4012, 0.1488, 0.4481],-0.0621
4183,[-0.8055,-0.4484, 0.2173, 0.4683],[-0.0499, 7.9588,-0.112 ,-0.2434, 0.3133],[-0.8122,-0.438 , 0.2103, 0.4583],-0.0961
4193,[-0.8024,-0.5064, 0.2529, 0.495 ],[ 0.111 , 0.4509,-0.0515, 0.058 , 0.5587],[-0.8106,-0.4974, 0.2506, 0.4872],-0.1288
4197,[-0.798 ,-0.6301, 0.4553, 0.4678],[ 0.527 ,-0.2328, 1.6357, 0.0958, 0.3508],[-0.8056,-0.6283, 0.4411, 0.4554],-0.2304
4199,[-0.7956,-0.685 , 0.5988, 0.4927],[-32.7303,-33.5857,-33.7141,-32.4031,-33.7728],[-0.7996,-0.6837, 0.5997, 0.4973],-0.2974
4200,[-8.1747e-01, 2.6046e-02,-1.0457e-04, 2.8590e-01],[-0.6996,-1.8348,-1.0191,-3.0066, 0.0644],[-8.1626e-01, 2.4245e-02,-5.5367e-04, 2.7306e-01],0.0914
4201,[-0.8199,-0.0076, 0.0631, 0.2793],[-2.4305,-3.843 ,-0.065 ,-3.6581,-1.4589],[-0.8185,-0.0113, 0.065 , 0.2662],0.092
4210,[-0.8163, 0.0937,-0.0254, 0.3042],[-2.0498,-3.4633,-1.3671,-4.4632,-1.975 ],[-0.8155, 0.0888,-0.0248, 0.2919],0.0714
4212,[-0.8217, 0.1453,-0.0761, 0.288 ],[-0.3197, 2.3269,-1.3237,-1.3856, 1.6804],[-0.8216, 0.1389,-0.0575, 0.2753],0.0637
4230,[-0.8083, 0.1787,-0.0478, 0.3031],[-2.6044,-3.2096,-1.2703,-3.2698,-2.1465],[-0.8088, 0.171 ,-0.0639, 0.289 ],0.0177
4232,[-0.8135, 0.19  ,-0.1061, 0.334 ],[ 0.3789, 0.6117, 0.6685,-0.9124, 8.2732],[-0.8139, 0.1824,-0.08  , 0.3228],0.0229
4234,[-0.8047, 0.216 ,-0.2082, 0.3618],[ 0.0813, 1.5775,-1.4559,-0.5336,-0.1578],[-0.8041, 0.2128,-0.1835, 0.353 ],-0.0402
4240,[-0.8203,-0.2308, 0.0199, 0.3348],[-1.573 ,-0.1459,-3.007 ,-2.4788,-1.7831],[-0.8222,-0.2164, 0.013 , 0.3216],0.055
4260,[-0.8148,-0.294 , 0.0444, 0.286 ],[-0.5792,-0.1997,-0.8116,-0.6036,-0.3851],[-0.8187,-0.2778, 0.0306, 0.2718],0.0212
4261,[-0.8062,-0.3397, 0.1045, 0.3433],[-0.3268,-0.5489,-1.1088,-1.0447, 0.0706],[-0.811 ,-0.3261, 0.0927, 0.3343],-0.0301
4263,[-0.8186,-0.3753, 0.1952, 0.3533],[-0.2819, 0.3251, 0.8239,-0.254 , 0.5572],[-0.8232,-0.3653, 0.1909, 0.3482],-0.045
4281,[-0.7783,-0.3978, 0.1497, 0.3713],[ 0.0759, 0.0522,-0.0633,-0.0362, 0.0247],[-0.7846,-0.3867, 0.1425, 0.3575],-0.1179
4283,[-0.8041,-0.4209, 0.2184, 0.349 ],[0.242 ,0.228 ,0.204 ,0.2509,0.391 ],[-0.8101,-0.4116, 0.2118, 0.344 ],-0.0927
4300,[-0.8165, 0.0202, 0.0016, 0.1757],[-0.3196, 0.7649, 0.6759,-1.9003, 5.0794],[-0.8158, 0.0186, 0.0023, 0.1614],0.0916
4301,[-0.8184,-0.0226, 0.0713, 0.1634],[ 0.0107,-2.3284, 1.9262,-2.4747, 1.0893],[-0.8175,-0.0257, 0.0695, 0.1506],0.0824
4302,[-0.8155, 0.0319,-0.0723, 0.1732],[-0.5674, 0.1309,-3.6122,-3.0375,-0.8592],[-0.8146, 0.0344,-0.0719, 0.1593],0.0715
4310,[-0.8156, 0.0831,-0.0248, 0.1912],[-1.6537,-3.1999,-0.8587,-3.5635,-0.6744],[-0.8152, 0.0788,-0.0218, 0.1788],0.0736
4311,[-0.8176, 0.0573, 0.0653, 0.1357],[-2.3253,-3.0316,-1.5477,-2.5426,-2.3192],[-0.8171, 0.0492, 0.0602, 0.1207],0.0777
4312,[-0.8172, 0.0679,-0.0804, 0.1704],[-0.2584, 3.4498,-0.6043,-1.1501, 1.3911],[-0.8164, 0.0683,-0.0772, 0.161 ],0.0649
4320,[-0.8211,-0.0845, 0.0387, 0.1543],[-0.8773, 0.1862,-1.5712,-1.6433, 0.8163],[-0.8209,-0.081 , 0.0372, 0.1408],0.0861
4321,[-0.8197,-0.0903, 0.1082, 0.166 ],[ 0.5955,-0.9067, 2.1076,-1.3219, 2.9929],[-0.8189,-0.0907, 0.1017, 0.152 ],0.0576
4400,[-0.8159, 0.0056, 0.0042, 0.0595],[ 0.3116, 1.2822, 2.291 ,-1.8289, 9.5678],[-0.8157, 0.005 , 0.0032, 0.0446],0.0909
4401,[-0.8174,-0.0163, 0.0676, 0.0605],[-0.9426,-2.5875, 1.5209,-2.8297, 1.0151],[-0.8169,-0.0197, 0.0671, 0.0475],0.0831
4402,[-0.8162, 0.0403,-0.0713, 0.0599],[-1.2791, 1.2713,-2.47  ,-2.7722,-0.295 ],[-0.8158, 0.0424,-0.072 , 0.0457],0.0722
4410,[-0.8145, 0.0634,-0.0284, 0.0637],[-2.2098,-2.2994,-1.071 ,-3.4518,-1.861 ],[-0.8145, 0.0608,-0.0254, 0.0502],0.0763
4412,[-0.8141, 0.0627,-0.0776, 0.0565],[-0.2592, 3.0574,-0.6157,-1.3416, 1.767 ],[-0.8138, 0.0634,-0.074 , 0.0445],0.0603
4420,[-0.8169,-0.072 , 0.0234, 0.0592],[-0.6804,-0.1185,-1.2768,-1.8692, 0.4648],[-0.817 ,-0.0679, 0.0146, 0.0488],0.0841
4421,[-0.8184,-0.079 , 0.1098, 0.0582],[-0.1929,-1.2208, 3.5758,-0.8   , 2.48  ],[-0.8179,-0.0807, 0.1057, 0.0465],0.0564
4500,[-0.8159, 0.006 ,-0.001 ,-0.0585],[-0.5487,-0.1665,-0.9616,-2.9116, 2.1345],[-8.1619e-01, 5.5734e-03, 3.6261e-06,-7.3903e-02],0.0921
4501,[-0.8162,-0.0282, 0.0718,-0.0675],[-1.4609,-2.3878, 1.5937,-2.6813, 1.0723],[-0.8163,-0.0314, 0.0727,-0.0806],0.0772
4502,[-0.8166, 0.026 ,-0.0708,-0.0624],[-0.4612, 1.7261,-2.4441,-2.5567, 0.9842],[-0.8167, 0.0291,-0.0692,-0.0757],0.0798
4510,[-0.8106, 0.0573,-0.0461,-0.0522],[-1.0483,-1.9011,-0.9453,-2.2167,-0.7342],[-0.811 , 0.0564,-0.0423,-0.0627],0.0639
4512,[-0.8139, 0.068 ,-0.0807,-0.0497],[ 0.2858, 2.6018,-1.1033,-0.302 , 2.9383],[-0.8141, 0.0687,-0.077 ,-0.0641],0.0584
4520,[-0.8203,-0.0696, 0.0419,-0.0341],[-0.2028, 0.1802,-1.2396,-1.8874,-0.1905],[-0.8207,-0.0673, 0.0374,-0.0473],0.0897
4521,[-0.8155,-0.0954, 0.1197,-0.0642],[ 0.7916,-1.6245, 2.5521,-1.2394, 1.9433],[-0.8155,-0.0969, 0.1158,-0.0762],0.0422
4600,[-8.1718e-01, 4.1445e-03, 5.9101e-04,-1.7785e-01],[-1.8642,-0.5017,-0.3133,-3.9612,-0.0768],[-8.1803e-01, 3.8179e-03, 4.8928e-04,-1.9287e-01],0.0969
4601,[-0.8163,-0.0325, 0.0727,-0.1707],[-4.6211,-6.2724,-3.2803,-6.0197,-4.3148],[-0.8168,-0.0356, 0.073 ,-0.1833],0.0775
4602,[-0.8183, 0.0368,-0.0701,-0.1631],[-2.2506,-0.0996,-3.3741,-3.4319,-0.7943],[-0.8188, 0.0394,-0.0699,-0.176 ],0.0829
4610,[-0.8165, 0.0564,-0.0509,-0.1266],[-0.8833,-1.4864,-0.5639,-1.7151,-0.2624],[-0.8171, 0.0559,-0.0468,-0.1103],0.0799
4612,[-0.8177, 0.0747,-0.0864,-0.175 ],[-0.464 , 1.7925,-1.3293,-1.1313, 0.73  ],[-0.8185, 0.0755,-0.0818,-0.1898],0.0671
4620,[-0.82  ,-0.1082, 0.0466,-0.1915],[-0.947 ,-0.1036,-1.5111,-1.5221,-0.299 ],[-0.8216,-0.1027, 0.0279,-0.2065],0.0844
4621,[-0.8135,-0.0975, 0.1121,-0.1869],[ 0.1124,-2.0995, 1.0529,-1.0527, 0.9574],[-0.8143,-0.0986, 0.1082,-0.2004],0.0407
4634,[-0.8214, 0.1761,-0.2276,-0.2183],[-0.0272, 1.2523,-0.5374,-0.4643, 1.6845],[-0.8209, 0.1803,-0.2278,-0.2348],-0.0041
4700,[-0.818 , 0.0105,-0.01  ,-0.2932],[-0.0483, 2.0658, 0.3534,-0.6637, 2.8266],[-0.8194, 0.0106,-0.0108,-0.3082],0.1011
4701,[-0.8153,-0.0455, 0.0775,-0.2927],[-3.0957,-5.353 ,-2.4126,-4.646 ,-3.0981],[-0.8164,-0.0481, 0.0761,-0.3019],0.0713
4702,[-0.8206, 0.0458,-0.0596,-0.2996],[-2.9348,-2.309 ,-5.0271,-4.1677,-2.5063],[-0.8219, 0.0469,-0.0557,-0.3142],0.094
4712,[-0.8191, 0.0737,-0.08  ,-0.2809],[-1.3583,-0.7037,-2.3898,-2.2055,-0.4823],[-0.8204, 0.0745,-0.0784,-0.2977],0.0739
4720,[-0.8125,-0.0781, 0.0357,-0.3297],[-1.0516, 0.3056,-1.9348,-1.4887,-0.7371],[-0.8144,-0.075 , 0.0297,-0.346 ],0.0715
4721,[-0.8136,-0.0911, 0.1146,-0.3066],[-0.1842,-2.1287, 0.2803,-0.985 , 0.3294],[-0.8146,-0.0932, 0.111 ,-0.3157],0.0422
4734,[-0.821 , 0.1928,-0.2212,-0.2914],[ 0.632 , 2.3366,-1.0943, 1.9251, 1.5863],[-0.8215, 0.1957,-0.2172,-0.3067],-0.0043
4800,[-0.8191,-0.0379, 0.033 ,-0.4051],[38.485 , 0.7981, 1.9405, 0.6928, 0.479 ],[-0.821 ,-0.0381, 0.0353,-0.419 ],0.0908
4801,[-0.8189,-0.0536, 0.0615,-0.3769],[-3.9558e-01,-1.6000e+00, 1.9597e+01,-2.4724e-01, 6.7452e-03],[-0.8206,-0.0542, 0.0548,-0.3925],0.0881
4820,[-0.8178,-0.0758, 0.039 ,-0.3835],[ 0.5545, 0.0235,-0.5886,-1.257 ,-0.2789],[-0.8198,-0.0742, 0.0465,-0.3997],0.0821
5081,[-0.7555,-0.4628, 0.1587, 0.5499],[-2.6217,-1.1241,-3.7166,-3.2015,-2.4028],[-0.7635,-0.4524, 0.1642, 0.5433],-0.176
5083,[-0.7626,-0.48  , 0.2226, 0.5543],[-3.9893,-2.8013,-4.4201,-4.6935,-2.9484],[-0.7702,-0.4713, 0.2228, 0.5465],-0.1838
5085,[-0.7591,-0.4894, 0.2829, 0.563 ],[-1.1612,-2.089 , 0.1001,-0.7621,-1.019 ],[-0.7659,-0.4825, 0.2722, 0.5545],-0.205
5091,[-0.7494,-0.5327, 0.1589, 0.5873],[-0.7521, 0.7547,-1.213 ,-0.5435,-0.2552],[-0.7601,-0.5228, 0.1788, 0.578 ],-0.2014
5093,[-0.7582,-0.5597, 0.2345, 0.6101],[-2.3148e-01, 9.5882e+01,-7.1797e-01, 5.6046e-01,-4.6914e-02],[-0.7688,-0.5516, 0.235 , 0.6064],-0.2084
5095,[-0.753 ,-0.6079, 0.3246, 0.6227],[ 1.2978,-0.6526,64.8881, 1.4677, 0.4072],[-0.7641,-0.6022, 0.292 , 0.6222],-0.2401
5097,[-0.7461,-0.6405, 0.4278, 0.6238],[-5.8738,-7.1603,-3.6869,-5.8501,-5.9967],[-0.7553,-0.6379, 0.4009, 0.6235],-0.2841
5099,[-0.7499,-0.7405, 0.6018, 0.6053],[-176.8044,-177.5592,-175.2787,-176.6836,-177.2114],[-0.7528,-0.7372, 0.6176, 0.6055],-0.3786
5181,[-0.7554,-0.4299, 0.1501, 0.4116],[-1.1805,-0.3926,-2.2737,-1.8489,-1.2902],[-0.7629,-0.4195, 0.1485, 0.4009],-0.1652
5183,[-0.7623,-0.4681, 0.2278, 0.4617],[-0.95  , 0.9236,-1.0907,-1.518 ,-0.6794],[-0.7696,-0.4599, 0.2256, 0.4546],-0.1826
5185,[-0.7597,-0.4851, 0.2795, 0.4697],[ 0.3737,-0.7335, 0.395 ,-0.0385,-0.0302],[-0.7664,-0.4786, 0.2759, 0.4606],-0.2037
5193,[-0.7536,-0.5116, 0.2389, 0.4838],[ 0.0017, 0.3206,-0.1311, 0.3053,-0.1439],[-0.7624,-0.504 , 0.2402, 0.4788],-0.2074
5195,[-0.7481,-0.5377, 0.284 , 0.4823],[ 0.2219,-0.0397, 0.0045, 0.0929,-0.0213],[-0.7573,-0.5314, 0.2675, 0.4698],-0.2277
5199,[-0.7418,-0.8247,-0.1527, 0.4644],[-71.8227,-71.9304,-71.7836,-71.5256,-72.5235],[-0.7429,-0.8162,-0.101 , 0.4699],-0.435
5299,[-0.7423,-0.8833,-0.9381, 0.375 ],[-3.2838,-3.6835,-3.3181,-2.3129,-4.1818],[-0.7433,-0.8737,-0.9368, 0.3887],-0.46
6081,[-0.7167,-0.4787, 0.1501, 0.5837],[-1.8147, 0.0937,-2.9858,-2.2833,-1.9094],[-0.7255,-0.4691, 0.1548, 0.5725],-0.2337
6083,[-0.7223,-0.4886, 0.2152, 0.5594],[-4.1709,-3.466 ,-4.6259,-4.7682,-3.413 ],[-0.7304,-0.481 , 0.2194, 0.548 ],-0.2423
6085,[-0.7275,-0.4892, 0.2861, 0.5961],[-1.1103,-2.786 ,-0.1162,-1.681 ,-1.7662],[-0.7338,-0.4833, 0.286 , 0.5844],-0.2519
6091,[-0.7197,-0.5267, 0.1603, 0.5902],[-0.3131, 0.3441,-0.5285,-0.0692,-0.4629],[-0.7301,-0.518 , 0.1851, 0.5778],-0.243
6093,[-0.7191,-0.5512, 0.2433, 0.6044],[ 0.7317, 0.2807,-1.5691,-0.7574, 5.129 ],[-0.7296,-0.5438, 0.2226, 0.5982],-0.2562
6095,[-0.7125,-0.5876, 0.3372, 0.6225],[ 0.1201,-0.9291,54.114 ,-0.0818, 0.4833],[-0.7225,-0.5828, 0.305 , 0.6213],-0.2878
6097,[-0.7093,-0.6199, 0.4434, 0.6249],[ 7.1695e-02,-1.3777e+00, 8.8504e+01, 3.8875e-01, 9.5471e-01],[-0.7172,-0.6174, 0.4144, 0.6249],-0.3201
6099,[-0.7051,-0.7267, 0.661 , 0.5835],[ 4.6393e-01,-1.8705e+00, 2.6713e+03,-9.6644e-01,-1.6720e+00],[-0.7048,-0.7202, 0.7019, 0.5893],-0.4236
6181,[-0.7152,-0.4713, 0.1485, 0.4514],[-0.6483, 0.0715,-1.4863,-1.2729,-1.0356],[-0.7244,-0.4619, 0.1489, 0.4395],-0.2323
6183,[-0.7178,-0.4875, 0.2228, 0.4705],[-0.737 ,-0.6067,-0.5094,-1.2119,-0.1919],[-0.7261,-0.4803, 0.2181, 0.4603],-0.2473
6185,[-0.7299,-0.4921, 0.2792, 0.4869],[-0.6703,-1.375 , 0.2571,-0.2266, 0.2092],[-0.7368,-0.4865, 0.2805, 0.4737],-0.2477
6193,[-0.7149,-0.5118, 0.2317, 0.4789],[-0.0845,-0.1534,-0.1385,-0.0224, 0.1439],[-0.724 ,-0.5051, 0.2308, 0.4661],-0.2573
6195,[-0.6979,-0.521 , 0.2909, 0.4932],[-0.1554,-0.1664, 0.1307, 0.2236,-0.0534],[-0.706 ,-0.516 , 0.2836, 0.4936],-0.2894
6199,[-0.7046,-0.8414,-0.3585, 0.4354],[-496.4314,-496.465 ,-496.0746,-495.7331,-497.1936],[-0.7049,-0.8331,-0.2783, 0.4447],-0.4614
6299,[-0.6964,-0.8991,-0.8082, 0.3304],[-180.5301,-180.351 ,-180.6876,-179.8835,-181.5806],[-0.6976,-0.8929,-0.783 , 0.3397],-0.4702
6399,[-0.6928,-0.9064,-0.8717, 0.2254],[-5.8677,-5.2764,-6.7933,-4.4218,-7.2901],[-0.6939,-0.9046,-0.8579, 0.2344],-0.4721
7083,[-0.6885,-0.4976, 0.2043, 0.6015],[-3.5648,-3.8556,-3.8075,-4.1639,-3.0068],[-0.6978,-0.4892, 0.169 , 0.5889],-0.2741
7091,[-0.6863,-0.5021, 0.1324, 0.6125],[-0.1804, 0.1403,-0.4302,-0.1724,-0.1322],[-0.696 ,-0.4935, 0.1591, 0.5999],-0.2752
7093,[-0.677 ,-0.5362, 0.2484, 0.5915],[-0.6775,-0.6872,-1.4534,-1.4482, 1.3789],[-0.6867,-0.5301, 0.2351, 0.5849],-0.3032
7095,[-0.6743,-0.5668, 0.3465, 0.6172],[-2.7562,-4.5082,-1.1982,-2.6123,-1.5452],[-0.683 ,-0.5627, 0.3191, 0.6142],-0.3249
7097,[-0.6713,-0.5952, 0.4531, 0.6246],[ 0.2891,-2.2427,42.3083, 0.3248, 0.3076],[-0.6779,-0.5927, 0.4251, 0.6245],-0.3501
7099,[-0.6701,-0.6525, 0.7357, 0.6093],[-2.3697e-01,-1.7043e+00, 2.2401e+03, 1.7529e+00,-1.0696e+00],[-0.6696,-0.6483, 0.7192, 0.612 ],-0.4076
7183,[-0.6844,-0.4985, 0.167 , 0.4887],[-0.567 ,-0.325 ,-0.5386,-1.2166,-0.4489],[-0.6944,-0.4902, 0.1586, 0.4755],-0.2764
7199,[-0.6772,-0.7321, 0.8474, 0.4505],[-52.3162,-52.8497,-51.8703,-51.7917,-53.3694],[-0.6752,-0.7255, 0.86  , 0.46  ],-0.4433
7299,[-0.6837,-0.9131,-0.8544, 0.2896],[-199.5192,-199.8176,-200.044 ,-199.3546,-200.5168],[-0.6851,-0.9161,-0.8449, 0.2998],-0.4802
7399,[-0.6751,-0.7351,-0.9043, 0.1885],[-98.1138,-97.8659,-99.029 ,-97.4687,-99.4767],[-0.6762,-0.7739,-0.91  , 0.1998],-0.4894
7499,[-0.668 ,-0.2376,-0.5921, 0.0661],[-73.8005,-73.5323,-74.3405,-72.8901,-75.1482],[-0.6683,-0.2785,-0.6546, 0.0784],-0.4975
7599,[-0.6666, 0.2255, 0.1876,-0.0046],[-46.5763,-46.3752,-46.7465,-45.6976,-47.1837],[-6.6656e-01,-8.5071e-02,-1.6835e-01,-4.2758e-04],-0.4993
8095,[-0.6352,-0.5489, 0.3541, 0.6047],[-2.2025,-3.7462,-1.0391,-2.4086,-1.9784],[-0.643 ,-0.5453, 0.3248, 0.5982],-0.3552
8097,[-0.6317,-0.5719, 0.4565, 0.6231],[-2.5414,-4.6048,-1.072 ,-2.8578,-2.3129],[-0.6371,-0.5696, 0.4303, 0.6215],-0.3755
8099,[-0.6322,-0.6099, 0.6662, 0.615 ],[-4.9669e-01,-1.9566e+00, 6.2345e+02,-6.1988e-01,-5.4255e-01],[-0.6319,-0.6069, 0.6472, 0.617 ],-0.4096
8199,[-0.6353,-0.6545, 0.7876, 0.459 ],[-22.3726,-22.9767,-22.6017,-22.3124,-23.5928],[-0.6327,-0.6503, 0.7761, 0.4698],-0.4304
9097,[-0.5975,-0.5604, 0.4811, 0.625 ],[-2.6656,-4.0787, 0.1304,-2.5937,-1.5429],[-0.6016,-0.5583, 0.4546, 0.625 ],-0.3973
9099,[-0.5947,-0.5756, 0.6126, 0.6217],[ -0.8334, -2.5953,190.36  ,  1.0405,  0.2021],[-0.5948,-0.5733, 0.5917, 0.6226],-0.416
