1998,[-0.9125, 0.5026,-0.4795,-3.4653],[ 0.    , 0.    , 0.    ,-0.0657, 0.    ],[-0.9133, 0.5597,-0.5348,-3.4983],-0.0523
1999,[-0.9124, 0.5877,-0.5622,-3.4817],[-0.0717, 0.    , 0.    ,-0.0769, 0.    ],[-0.9093, 0.6416,-0.615 ,-3.4494],-0.1394
2934,[-0.8671, 0.2551,-0.2465,-3.5929],[ 0.    ,-0.0276, 0.    , 0.    , 0.    ],[-0.8778, 0.2842,-0.2811,-3.5608],0.0939
2945,[-0.8729,-0.2229, 0.3273,-2.8658],[-0.0097,-0.0166,-0.0132, 0.    ,-0.0199],[-0.8755,-0.2582, 0.3599,-2.8892],0.0653
2956,[-0.8873, 0.319 ,-0.3104,-3.5294],[-0.0391, 0.    , 0.    ,-0.033 ,-0.0458],[-0.8959, 0.3572,-0.3438,-3.4976],0.0882
2967,[-0.8754,-0.3497, 0.4539,-2.9327],[ 0.    , 0.    , 0.    ,-0.0463,-0.0257],[-0.8719,-0.3851, 0.4927,-2.9226],-0.0483
2976,[-0.9037, 0.3988,-0.3812,-3.4655],[ 0.    , 0.    , 0.    ,-0.0522, 0.    ],[-0.9092, 0.4485,-0.4279,-3.4984],0.0444
2978,[-0.9092, 0.4485,-0.4279,-3.4984],[ 0.    , 0.    , 0.    , 0.    ,-0.0591],[-0.9125, 0.5026,-0.4795,-3.4653],0.0014
2989,[-0.8672,-0.419 , 0.5303,-2.8923],[-0.0266, 0.    , 0.    , 0.    , 0.    ],[-0.8602,-0.4493, 0.5648,-2.9224],-0.1263
2999,[-0.8914, 0.7465,-0.7188,-3.3693],[-0.0815,-0.0917, 0.    ,-0.2628, 0.    ],[-0.8824, 0.7804,-0.7521,-3.3371],-0.299
3901,[-0.8306,-0.0452, 0.1399,-2.692 ],[0.    ,0.0042,0.    ,0.    ,0.    ],[-0.8398,-0.0641, 0.1641,-2.7195],0.1067
3921,[-0.8398,-0.0641, 0.1641,-2.7195],[0.   ,0.   ,0.   ,0.   ,0.002],[-0.8483,-0.0861, 0.1919,-2.7456],0.1152
3923,[-0.8554,-0.1129, 0.2249,-2.7745],[-0.0007, 0.    ,-0.0106, 0.    , 0.    ],[-0.8617,-0.1415, 0.2554,-2.8024],0.112
3934,[-0.8415, 0.2128,-0.1944,-3.6596],[-0.0162, 0.    ,-0.0232,-0.0192, 0.    ],[-0.8546, 0.2326,-0.219 ,-3.6262],0.0709
3989,[-0.8559,-0.4628, 0.5807,-2.9367],[-0.0252, 0.    ,-0.0264, 0.    , 0.    ],[-0.847 ,-0.4887, 0.6064,-2.9646],-0.1787
3997,[-0.8294,-0.6359, 0.4751,-2.9392],[ 0.    , 0.    , 0.    ,-0.0809, 0.    ],[-0.8366,-0.6634, 0.503 ,-2.9103],-0.2191
3999,[-0.8407,-0.3993, 0.3262,-3.0135],[-0.1642,-0.2835,-0.2971,-0.3148,-0.1527],[-0.8351,-0.3068, 0.3446,-3.0062],-0.3418
4901,[-0.8049,-0.0107, 0.0938,-2.6589],[0.    ,0.0125,0.    ,0.    ,0.0135],[-0.8154,-0.0235, 0.111 ,-2.6616],0.0655
4912,[-0.7826, 0.1638,-0.1296,-3.5937],[ 0.    , 0.    , 0.    , 0.    ,-0.0121],[-0.7979, 0.1722,-0.1414,-3.6273],-0.0318
4932,[-0.8054, 0.1774,-0.1485,-3.6442],[ 0.    , 0.    ,-0.0126,-0.014 , 0.    ],[-0.8204, 0.1891,-0.1642,-3.6771],0.0117
4943,[-0.781 ,-0.1797, 0.2536,-2.6922],[ 0.    ,-0.0344, 0.    ,-0.0332, 0.    ],[-0.7871,-0.1963, 0.2704,-2.6913],-0.0968
4945,[-0.7965,-0.2321, 0.3081,-2.6356],[-0.0395,-0.0361, 0.    ,-0.0377,-0.0413],[-0.8001,-0.2508, 0.3283,-2.6081],-0.1013
4965,[-0.8052,-0.2899, 0.3714,-2.5809],[ 0.    , 0.    , 0.    ,-0.0461,-0.0442],[-0.8061,-0.3105, 0.3947,-2.6094],-0.1256
4967,[-0.804 ,-0.3516, 0.4426,-2.5811],[ 0.    ,-0.1026,-0.0514,-0.0482, 0.    ],[-0.8018,-0.3716, 0.4642,-2.5535],-0.1701
4987,[-0.7974,-0.4007, 0.493 ,-2.5134],[ 0.    , 0.    ,-0.0554, 0.    , 0.    ],[-0.793 ,-0.4188, 0.5147,-2.4889],-0.211
4989,[-0.7881,-0.4356, 0.5299,-2.466 ],[ 0.    ,-0.0563,-0.0572, 0.    ,-0.0569],[-0.7826,-0.4518, 0.5471,-2.4601],-0.2422
4995,[-0.7789,-0.5318, 0.3767,-2.8587],[-0.0658, 0.    , 0.    , 0.    , 0.    ],[-0.7903,-0.5483, 0.3909,-2.8886],-0.2164
4997,[-0.806 ,-0.5782, 0.419 ,-2.9299],[ 0.    ,-0.0756,-0.1377,-0.0726, 0.    ],[-0.8158,-0.6001, 0.44  ,-2.9425],-0.209
4999,[-0.8008, 0.6083, 0.2454,-2.9834],[-0.2884,-0.0922,-0.1954,-0.1031,-0.0131],[-0.7892, 0.6005, 0.2535,-2.9688],-0.4208
5900,[-0.7479, 0.032 , 0.0402,-2.7762],[0.0022,0.    ,0.0042,0.    ,0.    ],[-0.7599, 0.0254, 0.0505,-2.7474],-0.0582
5901,[-0.7716, 0.0182, 0.0575,-2.72  ],[0.    ,0.0124,0.    ,0.    ,0.    ],[-0.7831, 0.0102, 0.0651,-2.6939],-0.0035
5912,[-0.7517, 0.1517,-0.1117,-3.5934],[ 0.    , 0.    , 0.    ,-0.0139,-0.0243],[-0.7672, 0.1574,-0.1201,-3.5826],-0.0891
5923,[-0.756 ,-0.13  , 0.2058,-2.6062],[ 0.    ,-0.0598,-0.0587, 0.    ,-0.0298],[-0.7635,-0.1433, 0.2184,-2.6298],-0.117
5956,[-0.7466, 0.3176,-0.3423,-1.9926],[ 0.    , 0.    ,-0.2208,-0.133 , 0.    ],[-0.7496, 0.3281,-0.3537,-1.9802],-0.2127
5958,[-0.7594, 0.3771,-0.4083,-1.878 ],[-0.0508,-0.0507, 0.    , 0.    ,-0.0508],[-0.7604, 0.3882,-0.4184,-1.8552],-0.2253
5978,[-0.762 , 0.4375,-0.462 ,-1.8092],[ 0.    ,-0.1036,-0.051 ,-0.1039,-0.1517],[-0.7618, 0.4484,-0.4725,-1.8093],-0.2499
5979,[-0.7589, 0.4915,-0.5167,-1.8459],[-0.1155, 0.    , 0.    , 0.    , 0.    ],[-0.7572, 0.5024,-0.5278,-1.8701],-0.2804
5985,[-0.7432,-0.491 , 0.3471,-2.8323],[ 0.   , 0.   , 0.   , 0.   ,-0.062],[-0.7553,-0.5034, 0.3548,-2.8589],-0.2439
5989,[-0.7698,-0.4821, 0.5792,-2.4973],[ 0.    ,-0.1158, 0.    , 0.    ,-0.0581],[-0.7626,-0.4961, 0.5941,-2.5239],-0.288
5995,[-0.7613,-0.5102, 0.3598,-2.8738],[ 0.    , 0.    , 0.    ,-0.0628,-0.0639],[-0.7731,-0.5244, 0.3707,-2.8738],-0.229
5999,[-0.7506, 0.5163,-0.1986,-2.4293],[-0.2226,-0.1882,-0.2567,-0.1652,-0.1676],[-0.7426, 0.5183,-0.2   ,-2.4228],-0.3789
6900,[-0.711 , 0.0464, 0.0173,-2.7213],[-0.0078,-0.0017, 0.    , 0.0011,-0.0047],[-0.7233, 0.0422, 0.0241,-2.7489],-0.1294
6912,[-0.712 , 0.1411,-0.0956,-3.6441],[ 0.    , 0.    ,-0.0155,-0.0177, 0.    ],[-0.7281, 0.1448,-0.1012,-3.6431],-0.1563
6921,[-0.7109,-0.0697, 0.1487,-2.468 ],[ 0.    , 0.    ,-0.058 , 0.    ,-0.0619],[-0.7195,-0.0792, 0.1591,-2.4942],-0.1693
6923,[-0.7129,-0.1165, 0.2183,-3.2279],[-0.0275, 0.    ,-0.0611, 0.    , 0.    ],[-0.7212,-0.131 , 0.2301,-3.2273],-0.1871
6925,[-0.702 ,-0.1569, 0.2779,-3.8941],[ 0.    , 0.    , 0.    , 0.    ,-0.0621],[-0.7094,-0.1756, 0.2943,-3.8688],-0.2271
6934,[-0.705 , 0.2317,-0.2547,-1.9479],[-0.0424,-0.0449,-0.0898, 0.    ,-0.0432],[-0.7102, 0.2393,-0.2626,-1.9348],-0.2316
6936,[-0.7248, 0.2636,-0.2875,-1.9524],[ 0.    ,-0.0897, 0.    , 0.    ,-0.0448],[-0.7294, 0.2725,-0.2962,-1.9764],-0.2179
6945,[-0.7201,-0.217 , 0.336 ,-3.9354],[-0.1991,-0.0633,-0.0699, 0.    , 0.    ],[-0.7241,-0.2385, 0.3586,-3.967 ],-0.231
6965,[-0.7025,-0.3387, 0.3561,-4.1621],[ 0.    , 0.    , 0.    , 0.    ,-0.1975],[-0.7094,-0.3575, 0.3745,-4.1985],-0.2739
6967,[-0.7248,-0.3374, 0.4405,-4.1145],[-0.1529,-0.0765,-0.1485, 0.    ,-0.0726],[-0.7234,-0.3598, 0.4623,-4.1473],-0.2744
6985,[-0.7119,-0.4656, 0.312 ,-2.8027],[-0.1185, 0.    ,-0.059 , 0.    ,-0.0592],[-0.7247,-0.4752, 0.3253,-2.8032],-0.2689
6987,[-0.7263,-0.4412, 0.4549,-4.2558],[-0.0716, 0.    ,-0.1415,-0.1389, 0.    ],[-0.7279,-0.463 , 0.4751,-4.2342],-0.2923
6989,[-0.7047,-0.4284, 0.5467,-4.2363],[-0.0945, 0.    ,-0.0907,-0.0926,-0.0887],[-0.6963,-0.4482, 0.5655,-4.2522],-0.3347
6999,[-0.7122, 0.164 , 0.0998,-2.9781],[-0.2832,-0.258 ,-0.4333,-0.0052,-0.3094],[-0.7043, 0.1581, 0.1042,-2.9823],-0.3968
7489,[-0.6545,-0.4173,-0.5799, 0.0229],[-1.9508,-1.1875,-3.3724,-2.1255,-1.0829],[-0.6467,-0.3932,-0.6014, 0.0322],-0.3689
7588,[-0.6667,-0.5   ,-0.5   , 0.    ],[-0.1133, 5.1469,-0.9161,-1.0502,-0.3742],[-0.6666,-0.5007,-0.4999, 0.    ],-0.3561
7589,[-0.6618,-0.4557,-0.5436,-0.0039],[-8.6658,-8.4299,-9.4442,-8.2139,-8.6197],[-0.657 ,-0.4302,-0.5677,-0.0018],-0.3624
7598,[-0.6665,-0.5036,-0.4994, 0.    ],[-0.4686, 0.2108,-1.4816,-0.6891,-0.7344],[-6.6557e-01,-4.7707e-01,-5.2590e-01, 5.3972e-05],-0.3572
7900,[-0.6806, 0.0549, 0.0081,-2.6515],[ 0.    ,-0.0111, 0.    , 0.    , 0.    ],[-0.6927, 0.052 , 0.0085,-2.6804],-0.1818
7901,[-0.6706,-0.0353, 0.1115,-2.3654],[-0.0642,-0.064 , 0.    , 0.    ,-0.0365],[-0.6797,-0.0421, 0.1174,-2.3811],-0.2167
7910,[-0.6567, 0.0608, 0.0101,-2.6019],[-0.0206, 0.    , 0.    , 0.    ,-0.0304],[-0.6686, 0.0579, 0.0088,-2.6255],-0.2184
7912,[-0.6716, 0.1344,-0.0856,-3.5624],[-0.0444, 0.    , 0.    , 0.    ,-0.0221],[-0.6877, 0.1368,-0.0891,-3.5952],-0.2155
7923,[-0.6683,-0.0983, 0.2203,-3.9945],[-0.0576,-0.0574,-0.1155, 0.    , 0.    ],[-0.6789,-0.114 , 0.2356,-3.9642],-0.2472
7934,[-0.6644, 0.1863,-0.2238,-1.9923],[-0.1366,-0.0913,-0.1424,-0.0883,-0.0997],[-0.6699, 0.1932,-0.2336,-1.9873],-0.2694
7936,[-0.6718, 0.2237,-0.3252,-1.9115],[-0.0653, 0.    , 0.    ,-0.2603, 0.    ],[-0.672 , 0.2337,-0.3461,-1.8964],-0.2899
7938,[-0.6673, 0.2647,-0.4038,-1.8227],[ 0.    ,-0.0697, 0.    ,-0.0697,-0.0697],[-0.6645, 0.2748,-0.4103,-1.8147],-0.3126
7943,[-0.6453,-0.2472, 0.2651,-3.9685],[ 0.    ,-0.0645, 0.    , 0.    , 0.    ],[-0.6564,-0.2599, 0.2782,-3.9969],-0.2999
7945,[-0.6617,-0.2668, 0.2854,-4.0104],[ 0.    , 0.    ,-0.064 , 0.    ,-0.0642],[-0.6719,-0.281 , 0.3005,-4.0417],-0.2902
7958,[-0.6544, 0.3118,-0.4257,-1.7927],[-0.0708,-0.1417,-0.2112, 0.    ,-0.071 ],[-0.6518, 0.3207,-0.4318,-1.7955],-0.3331
7965,[-0.6815,-0.2961, 0.3155,-4.0766],[ 0.    , 0.    ,-0.0645, 0.    ,-0.0646],[-0.6905,-0.3123, 0.3305,-4.1097],-0.2798
7983,[-0.6563,-0.4357, 0.271 ,-2.9039],[-0.0617, 0.    , 0.    ,-0.0606, 0.    ],[-0.6709,-0.442 , 0.2795,-2.8744],-0.3118
7985,[-0.6781,-0.4454, 0.284 ,-2.8601],[ 0.    ,-0.0603, 0.    , 0.    , 0.    ],[-0.6921,-0.4527, 0.294 ,-2.8302],-0.295
7989,[-0.6769,-0.4851, 0.6015,-4.2334],[ 0.   ,-0.201, 0.   , 0.   , 0.   ],[-0.6656,-0.5013, 0.6179,-4.1991],-0.3736
7999,[-0.6677, 0.0303, 0.3476,-3.2849],[-0.0702,-0.184 ,-0.1831,-0.4326,-0.0895],[-0.6561, 0.0232, 0.2302,-3.2831],-0.436
8469,[-0.6221,-0.3436,-0.6424, 0.0441],[-4.7835,-4.4611,-5.9216,-5.1538,-4.46  ],[-0.6091,-0.3235,-0.6575, 0.0482],-0.3897
8569,[-0.6214,-0.3428,-0.6437,-0.0273],[-3.8717,-3.3377,-4.735 ,-3.9604,-3.5347],[-0.6082,-0.3225,-0.6591,-0.0289],-0.3902
8901,[-0.6214,-0.011 , 0.0956,-2.694 ],[-0.0694,-0.0395,-0.0347,-0.101 , 0.    ],[-0.6319,-0.0174, 0.1035,-2.6874],-0.2721
8903,[-0.6252,-0.0496, 0.1689,-4.1124],[-0.0584, 0.    , 0.    , 0.    , 0.    ],[-0.6386,-0.0622, 0.1845,-4.0763],-0.2805
8910,[-0.6215, 0.0704, 0.006 ,-2.5336],[-0.053 , 0.    ,-0.0265, 0.    , 0.    ],[-0.6331, 0.0672, 0.011 ,-2.5575],-0.2656
8912,[-0.6167, 0.1371,-0.1238,-2.4557],[-0.0585, 0.    ,-0.0877,-0.0576,-0.1646],[-0.6269, 0.14  ,-0.1296,-2.4645],-0.2949
8914,[-0.6307, 0.1548,-0.1845,-2.0588],[-0.2055,-0.0496,-0.0515,-0.1011, 0.    ],[-0.6376, 0.1604,-0.1929,-2.0574],-0.2948
8923,[-0.6386,-0.0622, 0.1845,-4.0763],[ 0.    , 0.    ,-0.0578, 0.    , 0.    ],[-0.6511,-0.0759, 0.2017,-4.0419],-0.2705
8943,[-0.6217,-0.2247, 0.242 ,-3.9067],[-0.1291,-0.0634, 0.    , 0.    , 0.    ],[-0.6337,-0.2357, 0.2534,-3.9382],-0.3154
8956,[-0.6107, 0.3653,-0.3586,-2.4515],[-0.0556, 0.    ,-0.05  ,-0.0582,-0.1134],[-0.6152, 0.3734,-0.3714,-2.4463],-0.3603
8958,[-0.638 , 0.3595,-0.4695,-1.8737],[-0.0787, 0.    ,-0.1573, 0.    ,-0.0788],[-0.6338, 0.3679,-0.4818,-1.8956],-0.3593
8959,[-0.624 , 0.3844,-0.5071,-1.942 ],[ 0.    ,-0.0818, 0.    ,-0.0815, 0.    ],[-0.6185, 0.3925,-0.5149,-1.964 ],-0.3763
8978,[-0.6326, 0.4372,-0.4465,-2.4746],[-0.1116,-0.0837, 0.    ,-0.0962,-0.0484],[-0.6339, 0.4466,-0.4562,-2.467 ],-0.3659
8979,[-0.617 , 0.4265,-0.5153,-2.053 ],[-0.0871, 0.    ,-0.0807,-0.0813, 0.    ],[-0.6129, 0.4343,-0.5203,-2.0412],-0.3849
8983,[-0.6186,-0.4222, 0.2541,-2.9001],[ 0.    , 0.    , 0.    ,-0.1254,-0.0627],[-0.6338,-0.4273, 0.2603,-2.909 ],-0.3393
8999,[-0.6235, 0.2141,-0.2186,-3.4075],[-0.1761,-0.2844,-0.3079,-0.1471,-0.061 ],[-0.6111, 0.2093,-0.2139,-3.4072],-0.4567
9349,[-0.5622,-0.2686,-0.6916, 0.1344],[-0.4093,-0.6052,-0.5387,-0.5892,-0.4952],[-0.5452,-0.2535,-0.6984, 0.1382],-0.4177
9369,[-0.5745,-0.282 ,-0.689 , 0.1312],[-1.1772,-0.3592,-0.6486,-0.7467,-0.3148],[-0.558 ,-0.2662,-0.6978, 0.1375],-0.4133
9449,[-0.5647,-0.2707,-0.6908, 0.0589],[-0.5862,-0.1411,-0.8647,-0.2897,-0.033 ],[-0.5477,-0.2553,-0.6982, 0.059 ],-0.4168
9469,[-0.5831,-0.2903,-0.6812, 0.057 ],[-1.0378,-1.0004,-2.2567,-1.5637,-0.7413],[-0.5669,-0.2736,-0.6907, 0.058 ],-0.4094
9549,[-0.5673,-0.273 ,-0.6908,-0.0342],[-0.5796,-0.2445,-0.9621,-0.9873,-0.3306],[-0.55  ,-0.2573,-0.6991,-0.0391],-0.4161
9569,[-0.5827,-0.2901,-0.6826,-0.0367],[-1.7494,-1.283 ,-2.5629,-2.4549,-1.1775],[-0.5662,-0.2733,-0.6927,-0.0399],-0.4098
9649,[-0.5665,-0.274 ,-0.7012,-0.1325],[-0.5835,-0.4304,-0.562 ,-0.5113,-0.9517],[-0.5485,-0.2582,-0.7117,-0.1408],-0.4178
9669,[-0.5736,-0.2864,-0.7151,-0.1371],[-0.5007,-0.8373,-0.6907,-0.706 ,-0.4901],[-0.5553,-0.2705,-0.7309,-0.1414],-0.4175
9900,[-0.5613, 0.0205, 0.0512,-2.5363],[ 0.    , 0.    ,-0.0532, 0.    , 0.    ],[-0.5721, 0.0168, 0.0561,-2.508 ],-0.327
9901,[-5.8164e-01,-2.6713e-03, 9.4727e-02,-3.3148e+00],[-0.061 ,-0.0434, 0.    ,-0.1003,-0.0964],[-0.5945,-0.0095, 0.1028,-3.2835],-0.3111
9910,[-0.5813, 0.0782,-0.0203,-2.4818],[ 0.    ,-0.1068, 0.    , 0.    ,-0.0381],[-0.5927, 0.0765,-0.0138,-2.4817],-0.3095
9912,[-0.5779, 0.1275,-0.1199,-2.3287],[-0.0998,-0.0842,-0.2034,-0.1881,-0.0824],[-0.5876, 0.1301,-0.1235,-2.3184],-0.3303
9925,[-0.5581,-0.0902, 0.3496,-3.7806],[-0.103 ,-0.2086, 0.    , 0.    ,-0.1052],[-0.5581,-0.107 , 0.3672,-3.7714],-0.3723
9927,[-0.5562,-0.1324, 0.3951,-3.7799],[-0.114, 0.   , 0.   , 0.   , 0.   ],[-0.5527,-0.1492, 0.4142,-3.8125],-0.383
9943,[-0.5776,-0.1921, 0.2096,-3.7934],[ 0.    ,-0.0627,-0.0669, 0.    ,-0.1294],[-0.5905,-0.2006, 0.2177,-3.8242],-0.3441
9956,[-0.5769, 0.3212,-0.326 ,-2.4354],[-0.1851,-0.0602,-0.0526,-0.0553,-0.0669],[-0.5826, 0.3282,-0.3277,-2.4452],-0.3727
9979,[-0.5808, 0.4376,-0.5552,-1.8335],[-0.3958, 0.    ,-0.0803,-0.0767, 0.    ],[-0.574 , 0.4435,-0.5645,-1.8119],-0.4097
9983,[-0.5723,-0.4096, 0.2401,-2.8541],[-0.0641,-0.0659, 0.    , 0.    ,-0.0679],[-0.5878,-0.4134, 0.2443,-2.8635],-0.3695
9999,[-0.5782, 0.1763,-0.1788,-3.4651],[-0.1332,-0.0821,-0.3448,-0.19  ,-0.1453],[-0.5643, 0.0178,-0.1726,-3.4494],-0.4724
10349,[-0.5318,-0.2431,-0.7046, 0.1431],[-0.7464,-0.545 ,-0.9591,-0.8678,-0.7059],[-0.5137,-0.2297,-0.7091, 0.1487],-0.4287
10449,[-0.5348,-0.2452,-0.7029, 0.0572],[-0.9719, 0.1479,-1.6747,-0.9742,-0.5463],[-0.5166,-0.2315,-0.7077, 0.0592],-0.4277
10549,[-0.5347,-0.2456,-0.7044,-0.0453],[-1.5612,-1.2011,-2.1763,-2.0328,-1.453 ],[-0.5162,-0.2316,-0.7096,-0.0499],-0.428
10649,[-0.5287,-0.243 ,-0.7162,-0.1444],[-0.8044,-0.8064,-1.166 ,-1.2451,-1.1326],[-0.5094,-0.2293,-0.7234,-0.1473],-0.4312
10900,[-0.5339, 0.0287, 0.0419,-2.4942],[ 0.    , 0.    , 0.    ,-0.1116,-0.1117],[-0.5449, 0.0255, 0.0456,-2.5082],-0.3486
10901,[-0.5312, 0.0062, 0.1013,-4.257 ],[ 0.    , 0.    , 0.    ,-0.1876, 0.    ],[-5.4813e-01,-1.2856e-03, 1.0998e-01,-4.2207e+00],-0.3496
10903,[-0.525 , 0.0246, 0.2495,-3.9809],[-0.1779,-0.0885,-0.089 , 0.    , 0.    ],[-0.5331, 0.0089, 0.2623,-3.9477],-0.3728
10905,[-0.5487,-0.0316, 0.2968,-3.8713],[-0.2874, 0.    , 0.    , 0.    , 0.    ],[-0.553 ,-0.0483, 0.3104,-3.8436],-0.3661
10910,[-0.5358, 0.0818,-0.0392,-2.4469],[-0.0487,-0.0973, 0.    ,-0.0417, 0.    ],[-0.5471, 0.0813,-0.0354,-2.4725],-0.3504
10912,[-0.5318, 0.1147,-0.1083,-2.392 ],[-0.2526,-0.082 ,-0.2579,-0.0656,-0.0613],[-0.5419, 0.1169,-0.1099,-2.3802],-0.3628
10923,[-0.5248,-0.1627, 0.1807,-3.6757],[ 0.  ,-0.14, 0.  , 0.  , 0.  ],[-0.5382,-0.1693, 0.1871,-3.7069],-0.3754
10927,[-0.5501,-0.1575, 0.4238,-3.828 ],[-0.1204, 0.    ,-0.1171, 0.    , 0.    ],[-0.5447,-0.174 , 0.4402,-3.8583],-0.3915
10936,[-0.5269, 0.2582,-0.2908,-2.3125],[-0.0696,-0.1373,-0.0677,-0.0749,-0.0732],[-0.5321, 0.2644,-0.2955,-2.3292],-0.3941
10943,[-0.5449,-0.1727, 0.1906,-3.7221],[ 0.    , 0.    ,-0.0684, 0.    , 0.    ],[-0.5581,-0.18  , 0.1981,-3.7511],-0.3642
10947,[-0.5305,-0.2056, 0.4674,-3.9136],[-0.1247, 0.    ,-0.1286,-0.2702, 0.    ],[-0.5222,-0.2207, 0.4811,-3.9247],-0.409
10956,[-0.5304, 0.3187,-0.35  ,-2.3431],[-0.0887, 0.    ,-0.0877,-0.1152,-0.0611],[-0.5339, 0.3254,-0.3555,-2.3336],-0.4013
10958,[-0.5236, 0.3724,-0.4085,-2.2035],[-0.0277,-0.0342,-0.0125,-0.0204, 0.    ],[-0.5248, 0.379 ,-0.415 ,-2.1822],-0.4146
10979,[-0.5347, 0.4689,-0.6133,-1.7039],[-0.2468,-0.0809,-0.0839, 0.    , 0.    ],[-0.5256, 0.4731,-0.6208,-1.6829],-0.4353
10983,[-0.5334,-0.4013, 0.2304,-2.8941],[ 0.    ,-0.0711, 0.    ,-0.0691, 0.    ],[-0.5491,-0.4044, 0.2338,-2.874 ],-0.391
10999,[-0.5345,-0.2882,-0.2367,-3.3447],[-0.2405,-0.0566,-0.1597,-0.0862,-0.1882],[-0.5203,-0.2919,-0.2324,-3.3437],-0.4796
11349,[-0.4906,-0.2142,-0.7119, 0.1523],[-0.4702,-0.6493,-1.0902,-0.6806,-0.2469],[-0.4716,-0.2026,-0.7134, 0.1556],-0.441
11449,[-0.4908,-0.214 ,-0.7121, 0.0608],[-0.1816,-0.2093,-1.3893,-0.6845, 0.6145],[-0.4715,-0.2022,-0.7134, 0.0609],-0.4411
11549,[-0.4891,-0.2133,-0.715 ,-0.0533],[-1.2641,-1.0455,-1.5691,-1.7771,-0.42  ],[-0.4694,-0.2013,-0.7167,-0.0614],-0.4418
11649,[-0.4862,-0.2132,-0.7237,-0.1446],[-1.3799,-1.2216,-1.3042,-1.823 ,-1.0775],[-0.4658,-0.2013,-0.7262,-0.1542],-0.4434
11810,[-0.4821, 0.1193, 0.0092,-0.4873],[0.,0.,0.,0.,0.],[-0.4851, 0.1155, 0.0261,-0.47  ],-0.392
11900,[-0.4897, 0.0398, 0.0264,-2.5363],[ 0.    ,-0.1896, 0.    , 0.    ,-0.0582],[-0.5009, 0.0373, 0.0298,-2.5133],-0.3782
11901,[-0.4871, 0.0227, 0.086 ,-4.3481],[ 0.    ,-0.0656, 0.    ,-0.0677, 0.    ],[-0.505 , 0.0165, 0.0908,-4.3116],-0.3784
11910,[-0.483 , 0.1046,-0.0379,-1.4351],[ 0.    ,-0.1281, 0.    ,-0.0213,-0.148 ],[-0.49  , 0.1032,-0.0301,-1.4397],-0.3886
11912,[-0.4878, 0.1173,-0.0936,-2.4843],[-0.1055,-0.1263, 0.    ,-0.4039,-0.0458],[-0.4987, 0.1186,-0.0949,-2.4803],-0.3887
11913,[-0.4897, 0.0768, 0.2042,-3.9668],[ 0.    ,-0.0866,-0.0862,-0.0861, 0.    ],[-0.5009, 0.0625, 0.221 ,-4.0004],-0.392
11921,[-0.4774,-0.1425, 0.1644,-3.6342],[ 0.   , 0.   , 0.   ,-0.075, 0.   ],[-0.4911,-0.1479, 0.1681,-3.6598],-0.3991
11923,[-0.4979,-0.1508, 0.1703,-3.6428],[ 0.    , 0.    ,-0.0717, 0.    ,-0.0734],[-0.5114,-0.1566, 0.1751,-3.6427],-0.3894
11934,[-0.4888, 0.2181,-0.2592,-2.2818],[ 0.    ,-0.1406,-0.0753,-0.1421,-0.2035],[-0.4945, 0.2236,-0.264 ,-2.2754],-0.4078
11936,[-0.4736, 0.2706,-0.3017,-2.2467],[-0.1394, 0.    , 0.    , 0.    ,-0.0734],[-0.4782, 0.2762,-0.3094,-2.2555],-0.4206
11949,[-0.4977,-0.2563, 0.5148,-3.8828],[-0.1464,-0.1521,-0.1583, 0.    , 0.    ],[-0.4862,-0.2693, 0.5278,-3.8493],-0.4296
11956,[-0.4963, 0.3036,-0.3394,-2.3501],[-0.0969,-0.1   ,-0.0678,-0.0546,-0.1267],[-0.4999, 0.3099,-0.3458,-2.3562],-0.4159
11969,[-0.4742,-0.2818, 0.5406,-3.817 ],[ 0.    , 0.    , 0.    ,-0.1674, 0.    ],[-0.4611,-0.2935, 0.5522,-3.7868],-0.4405
11979,[-0.4896, 0.4877,-0.6277,-1.61  ],[-0.2355, 0.    , 0.    ,-0.0839,-0.0801],[-0.4811, 0.4911,-0.6273,-1.6063],-0.4497
11983,[-0.4935,-0.3942, 0.2232,-2.9496],[ 0.   ,-0.073,-0.146, 0.   , 0.   ],[-0.5095,-0.397 , 0.2259,-2.9267],-0.4094
11999,[-0.4914,-0.4167,-0.0864,-3.4933],[-0.3028,-0.0913,-0.0532,-0.0972,-0.115 ],[-0.4766,-0.4203,-0.0844,-3.496 ],-0.4827
12249,[-0.4236,-0.1769,-0.7099, 0.2515],[ 0.    ,-0.2013, 0.    ,-0.2187, 0.    ],[-0.4042,-0.1675,-0.7054, 0.2658],-0.4563
12349,[-0.4451,-0.1874,-0.7124, 0.1631],[-0.4842,-0.2793,-0.5351,-0.4862,-0.4562],[-0.4254,-0.1773,-0.7123, 0.1656],-0.452
12449,[-0.4465,-0.1882,-0.7126, 0.0638],[-0.0966, 0.9507,-0.4034,-0.2393, 0.7447],[-0.4266,-0.1778,-0.7118, 0.0601],-0.4517
12549,[-0.4474,-0.1889,-0.7155,-0.0563],[-0.2346,-0.0862,-1.3497,-1.3215,-0.3258],[-0.4271,-0.1783,-0.7147,-0.0652],-0.4518
12649,[-0.4464,-0.1897,-0.7241,-0.1509],[-1.7699,-1.5043,-1.8931,-2.1668,-1.3701],[-0.4255,-0.1791,-0.7247,-0.1588],-0.4527
12812,[-0.4315, 0.1391,-0.127 ,-0.4784],[ 0.    ,-0.133 ,-0.072 , 0.    ,-0.1838],[-0.4337, 0.1392,-0.1235,-0.4811],-0.4219
12900,[-0.4437, 0.0485, 0.0188,-2.6406],[ 0.    ,-0.0691,-0.1308,-0.0714, 0.    ],[-0.4554, 0.0464, 0.0202,-2.6127],-0.4029
12901,[-0.4503, 0.0342, 0.079 ,-4.4208],[-0.0691, 0.    , 0.    ,-0.0712, 0.    ],[-0.4688, 0.0286, 0.0821,-4.3848],-0.3987
12910,[-0.4454, 0.0822,-0.0444,-2.2267],[-0.0676,-0.0591,-0.1323, 0.    ,-0.0649],[-0.4556, 0.0822,-0.0458,-2.2515],-0.4059
12911,[-0.45  , 0.1145, 0.1547,-3.8706],[ 0.    ,-0.0856,-0.0864, 0.    ,-0.0849],[-0.4641, 0.1028, 0.1687,-3.9019],-0.4094
12912,[-0.4465, 0.1204,-0.0863,-1.7678],[-0.1676,-0.2104,-0.2762,-0.1885,-0.153 ],[-0.4546, 0.1207,-0.0843,-1.7644],-0.4102
12921,[-0.4433,-0.13  , 0.1535,-3.5633],[ 0.    ,-0.0765,-0.2257, 0.    , 0.    ],[-0.457 ,-0.1349, 0.1582,-3.5924],-0.4136
12934,[-0.4438, 0.2125,-0.2478,-2.3934],[-0.138 ,-0.0517,-0.1991,-0.4098, 0.    ],[-0.4503, 0.2174,-0.2519,-2.3721],-0.4252
12936,[-0.4637, 0.26  ,-0.2848,-2.2819],[-0.0755, 0.    , 0.    , 0.    , 0.    ],[-0.4689, 0.2652,-0.2936,-2.2549],-0.4228
12963,[-0.4367,-0.3855, 0.216 ,-3.0396],[ 0.    , 0.    ,-0.1584, 0.    , 0.    ],[-0.4531,-0.3878, 0.2176,-3.0121],-0.4309
12969,[-0.4473,-0.3043, 0.5625,-3.7528],[-0.175 , 0.    ,-0.1924, 0.    ,-0.1833],[-0.4331,-0.3147, 0.5721,-3.7418],-0.45
12979,[-0.4643, 0.4979,-0.6281,-1.6245],[ 0.    , 0.    , 0.    ,-0.0798, 0.    ],[-0.4559, 0.5012,-0.63  ,-1.6457],-0.4564
12983,[-0.4613,-0.389 , 0.2186,-2.9988],[ 0.    , 0.    ,-0.0771, 0.    , 0.    ],[-0.4775,-0.3916, 0.2211,-2.9733],-0.4224
12998,[-0.4236, 0.6221,-0.4921,-2.4715],[ 0.    , 0.    ,-0.1153, 0.    , 0.    ],[-0.429 , 0.6287,-0.5023,-2.4435],-0.4618
12999,[-0.4498, 0.5873,-0.5136,-2.479 ],[-0.5078,-0.4703,-0.4925,-0.4823,-0.684 ],[-0.4463, 0.5921,-0.5185,-2.4771],-0.4724
13000,[6.0905,0.009 ,0.0084,0.5695],[-0.4071,-1.237 ,-0.2054,-0.2668,-0.9666],[6.093 ,0.0089,0.0072,0.5686],-0.5
13001,[4.1709,0.0118,0.1022,0.5744],[ 0.5204,-0.8956,-0.5749,-0.4578, 0.5425],[4.174 ,0.0115,0.0998,0.5722],-0.5
13002,[ 6.9235,-0.021 ,-0.1213, 0.5562],[-0.8332,-1.6189,-0.4878,-1.9866,-0.4245],[ 6.9268,-0.0208,-0.1222, 0.5545],-0.5
13003,[5.1441,0.02  ,0.2274,0.5644],[-0.4551,-1.5629,-1.5907,-2.2037, 0.2065],[5.1492,0.0195,0.2233,0.5605],-0.5
13004,[ 5.8887,-0.0136,-0.2198, 0.5454],[-0.9617,-0.762 ,-0.0112,-1.2426, 0.3824],[ 5.8937,-0.0132,-0.2204, 0.5415],-0.5
13005,[6.0658,0.0114,0.3312,0.5711],[-1.0143,-3.079 , 0.6385,-0.499 ,-0.1193],[6.0737,0.0108,0.3264,0.5694],-0.5
13006,[ 4.7231,-0.0196,-0.3287, 0.5607],[-0.8587,-0.7181,-0.6956,-1.3495,-0.6359],[ 4.7311,-0.019 ,-0.3286, 0.5605],-0.5
13007,[ 6.0332e+00,-5.2507e-03, 4.4190e-01, 5.8668e-01],[-1.7513,-2.1945,-1.2029,-1.5012,-2.6281],[ 6.0448e+00,-5.8352e-03, 4.3731e-01, 5.8750e-01],-0.5
13008,[ 4.8180e+00, 3.1554e-03,-4.1921e-01, 5.5867e-01],[-0.772 ,-0.0962, 0.0693,-0.216 , 0.5024],[ 4.8290e+00, 3.7654e-03,-4.1982e-01, 5.5795e-01],-0.5
13009,[4.16  ,0.0092,0.1632,0.5611],[ 0.2091,-1.9456,-0.18  ,-1.3656, 1.1098],[4.1821,0.0091,0.17  ,0.5608],-0.5
13010,[4.0144,0.101 ,0.0093,0.5726],[ 1.8082, 1.2973,-0.0625, 0.4331,-0.3326],[4.0163,0.1006,0.0111,0.5736],-0.5
13011,[4.9614,0.1047,0.1092,0.5505],[-0.8468, 0.4658,-1.5923,-2.1062, 0.2126],[4.9639,0.1042,0.112 ,0.5502],-0.5
13012,[ 5.0168, 0.1205,-0.1311, 0.5498],[-1.5474,-3.2007,-0.8086,-1.6531,-1.2519],[ 5.0192, 0.1205,-0.1296, 0.5472],-0.5
13013,[5.7211,0.0867,0.2132,0.554 ],[-0.1394,-1.1537, 0.4603,-0.662 , 0.5923],[5.7256,0.0861,0.2146,0.5531],-0.5
13014,[ 4.6922, 0.1201,-0.2077, 0.5469],[-2.0059,-0.681 ,-1.6302,-2.2359,-0.2787],[ 4.6959, 0.1202,-0.2041, 0.5451],-0.5
13015,[7.1994,0.0863,0.3333,0.5603],[-0.3977, 0.6291,-0.8713, 1.1549,-0.5399],[7.2072,0.0857,0.3363,0.5613],-0.5
13016,[ 5.356 , 0.1193,-0.3243, 0.556 ],[-0.8487,-0.0473,-1.6396,-1.7202,-1.2849],[ 5.3627, 0.1196,-0.3179, 0.5571],-0.5
13017,[6.7027,0.0878,0.432 ,0.5787],[2.5091,0.5411,1.7019,1.6305,2.1641],[6.7137,0.0872,0.4339,0.5788],-0.5
13018,[ 5.266 , 0.1294,-0.4621, 0.5606],[-0.2238,-0.6033, 0.476 , 0.8054, 0.9925],[ 5.2774, 0.1298,-0.4622, 0.5606],-0.5
13019,[ 6.8307, 0.1119,-0.3624, 0.574 ],[3.0896,1.7585,0.8003,2.576 ,4.3234],[ 6.8494, 0.112 ,-0.3617, 0.5733],-0.5
13020,[ 7.1962,-0.0815,-0.0073, 0.5631],[-2.1476,-2.3942,-0.3404,-2.0107,-1.3835],[ 7.1983,-0.0813,-0.0118, 0.5625],-0.5
13021,[ 6.7567,-0.0892, 0.1176, 0.5632],[ 0.1757,-2.1103,-0.878 ,-1.7274,-0.9241],[ 6.7594,-0.0892, 0.1146, 0.5622],-0.5
13022,[ 7.1098,-0.0853,-0.1122, 0.5604],[-0.9746,-0.5987,-0.3347,-1.3317,-0.571 ],[ 7.1125,-0.0849,-0.1144, 0.5593],-0.5
13023,[ 6.6775,-0.0866, 0.2201, 0.5699],[-1.3006,-1.9662,-1.0865,-0.9023,-1.0075],[ 6.682 ,-0.0867, 0.2168, 0.5693],-0.5
13024,[ 7.2856,-0.0839,-0.2005, 0.5737],[ 9.8755, 0.4628,-0.941 ,-2.    ,-0.6357],[ 7.2899,-0.0835,-0.2023, 0.5732],-0.5
13025,[ 6.593 ,-0.0854, 0.3338, 0.5758],[-1.2718,-1.9891,-0.2422,-1.1825,-2.1307],[ 6.6007,-0.0857, 0.3318, 0.5768],-0.5
13026,[ 7.3346,-0.074 ,-0.3381, 0.5537],[-1.1619,-1.0056,-0.5506,-1.2986,-0.3963],[ 7.3426,-0.0735,-0.3416, 0.5494],-0.5
13027,[ 6.533 ,-0.0808, 0.4121, 0.5793],[-0.1119,-1.5039,-0.1817,-1.0667,-1.4218],[ 6.5432,-0.0811, 0.4101, 0.5787],-0.5
13028,[ 8.5456,-0.0732,-0.4055, 0.5665],[-0.4158, 0.0339,-0.8196, 0.1567,-0.5598],[ 8.5558,-0.0727,-0.405 , 0.5693],-0.5
13029,[ 7.5202,-0.0616, 0.2027, 0.55  ],[-0.999 ,-1.5282,-0.0039,-0.9121, 0.2625],[ 7.5392,-0.0619, 0.147 , 0.5469],-0.5
13030,[ 4.3964e+00, 1.8601e-01,-4.1387e-03, 5.5575e-01],[-0.8873,-1.1871,-1.6524,-0.7591,-1.1171],[ 4.3966e+00, 1.8554e-01,-5.6029e-04, 5.5548e-01],-0.5
13031,[4.4232,0.1916,0.1006,0.5595],[-1.0706,-0.8046,-1.2438,-1.0693,-1.0957],[4.4238,0.1909,0.1034,0.5578],-0.5
13032,[ 4.5824, 0.1914,-0.1088, 0.5538],[-2.0106,-0.8081,-2.2076,-1.4853,-0.33  ],[ 4.5831, 0.1912,-0.103 , 0.5516],-0.5
13033,[3.4421,0.186 ,0.2047,0.5685],[-0.9942,-0.649 ,-0.6463,-0.6174,-0.5398],[3.4446,0.185 ,0.2054,0.5663],-0.5
13034,[ 4.4234, 0.1943,-0.2336, 0.5669],[-0.4096,-0.2786,-1.8606,-2.0109,-1.5577],[ 4.4263, 0.1943,-0.2312, 0.5668],-0.5
13036,[ 4.1831, 0.1907,-0.3338, 0.557 ],[-1.4943,-0.7042,-2.0455,-1.302 ,-1.0562],[ 4.1888, 0.1909,-0.3312, 0.5561],-0.5
13037,[3.7612,0.1673,0.4504,0.5105],[-0.4948,-0.6442,-0.8591,-0.8201,-0.5654],[3.7715,0.1661,0.4522,0.5227],-0.5
13038,[ 4.4341, 0.1842,-0.4475, 0.5517],[-1.6069, 0.6316,-1.0094,-0.6364, 0.1044],[ 4.4437, 0.1845,-0.4462, 0.5509],-0.5
13039,[ 5.4457, 0.1825,-0.6126, 0.5439],[-0.817 ,-1.173 ,-0.8536,-2.2008,-0.9923],[ 5.4624, 0.1826,-0.6144, 0.5418],-0.5
13040,[ 9.2762e+00,-1.7355e-01, 1.2702e-04, 5.5935e-01],[-0.601 ,-0.8705,-0.5956,-0.8354,-0.7488],[ 9.2767e+00,-1.7332e-01,-3.3192e-03, 5.5281e-01],-0.5
13041,[ 7.8921,-0.1756, 0.1179, 0.5924],[-0.7754,-1.1685,-0.903 ,-0.9696,-1.3396],[ 7.8935,-0.1755, 0.1138, 0.5951],-0.5
13042,[ 7.1152,-0.1676,-0.0704, 0.5317],[-1.4119,-1.8875,-0.4407,-1.3077,-1.1238],[ 7.1158,-0.1673,-0.0541, 0.5201],-0.5
13043,[ 7.1293,-0.1771, 0.1946, 0.564 ],[-1.2292,-1.3891,-1.1138,-0.1166,-0.4285],[ 7.1318,-0.177 , 0.1923, 0.5649],-0.5
13047,[12.3261,-0.1754, 0.4636, 0.5312],[-1.3428,-0.8225,-0.9775,-1.467 , 0.2339],[12.3366,-0.1755, 0.4641, 0.5232],-0.5
13049,[10.8741,-0.1777, 0.5866, 0.5436],[-1.4217,-1.0064, 0.2316,-0.04  ,-0.7091],[10.8889,-0.1778, 0.5854, 0.5454],-0.5
13054,[ 2.6006, 0.2985,-0.2294, 0.5427],[-1.1654,-0.1895,-0.0328,-0.2808,-0.2239],[ 2.6004, 0.2982,-0.2339, 0.5475],-0.5
13056,[ 3.3758, 0.3529,-0.3491, 0.5777],[-0.4448,-0.0845,-0.2825,-0.8338,-0.0854],[ 3.3768, 0.3527,-0.3495, 0.5757],-0.5
13058,[ 3.1503, 0.3655,-0.443 , 0.5746],[-0.6367,-0.5172,-0.8232,-0.7905,-1.0839],[ 3.1539, 0.3654,-0.4422, 0.5751],-0.5
13100,[ 5.2637e+00, 6.4197e-03,-1.8417e-03, 4.2240e-01],[-1.2193,-1.7106,-1.5252,-1.8419,-0.8285],[ 5.2656e+00, 6.4062e-03,-3.2041e-03, 4.1981e-01],-0.5
13101,[5.3596,0.0131,0.1219,0.4355],[-0.1091, 0.1096,-0.9702,-0.9999,-1.3967],[5.3623,0.0128,0.1235,0.429 ],-0.5
13102,[ 6.4633,-0.016 ,-0.1234, 0.4391],[ 1.0415,-1.6421, 0.0293, 0.1007, 1.5475],[ 6.4661,-0.0158,-0.124 , 0.4374],-0.5
13103,[6.1286,0.0072,0.2231,0.4324],[-1.6533,-0.0272, 0.5698,-0.6265, 0.7521],[6.1333,0.0068,0.2216,0.4276],-0.5
13104,[ 6.1799e+00,-3.7578e-03,-2.1085e-01, 4.3845e-01],[ 0.272 , 0.7889,-1.8166, 0.0287, 0.3733],[ 6.1843e+00,-3.4009e-03,-2.1026e-01, 4.3807e-01],-0.5
13105,[ 6.6426e+00,-2.6739e-03, 3.3231e-01, 4.2275e-01],[-2.0094,-2.4738,-1.4917,-2.7946,-1.8274],[ 6.6503e+00,-3.1711e-03, 3.2961e-01, 4.2053e-01],-0.5
13106,[ 6.0080e+00, 2.0806e-03,-3.3354e-01, 4.3483e-01],[-1.3533,-1.4303, 0.0807,-2.168 ,-0.9385],[ 6.0159e+00, 2.5835e-03,-3.3682e-01, 4.3365e-01],-0.5
13107,[ 6.6568,-0.0073, 0.4313, 0.416 ],[-1.3912,-1.2102, 0.3656,-0.7354, 0.6705],[ 6.6679,-0.0079, 0.4294, 0.4161],-0.5
13108,[ 6.4876e+00, 1.4400e-03,-4.5209e-01, 4.2924e-01],[-1.2115, 1.5801, 0.702 ,-0.6663, 0.8255],[ 6.4995e+00, 2.1299e-03,-4.5100e-01, 4.2652e-01],-0.4999
13109,[ 3.9826, 0.012 ,-0.3694, 0.428 ],[-6.2238,-6.0138,-7.2279,-7.9393,-7.259 ],[ 4.0056, 0.0124,-0.367 , 0.4282],-0.4999
13110,[4.6422e+00,1.0986e-01,3.7592e-03,4.2749e-01],[ 0.7614, 1.052 , 0.6615,-1.1006,-0.3124],[4.6433,0.1095,0.005 ,0.4278],-0.5
13111,[5.3694,0.1045,0.1104,0.4453],[-1.4059,-2.3728,-2.5397,-1.3111,-2.2745],[5.3714,0.104 ,0.1121,0.4486],-0.5
13112,[ 5.1383, 0.1191,-0.1293, 0.4302],[-1.058 ,-3.9247,-3.1976,-2.6218,-1.9726],[ 5.1402, 0.1191,-0.1293, 0.4291],-0.5
13113,[5.9495,0.0936,0.2213,0.4519],[-0.3061,-0.8927,-1.9518, 0.3797,-1.995 ],[5.9538,0.0929,0.2247,0.4548],-0.5
13114,[ 4.7997, 0.116 ,-0.2006, 0.4358],[-0.292 , 0.7485,-1.4546, 0.426 ,-0.2184],[ 4.803 , 0.1161,-0.1989, 0.435 ],-0.5
13115,[6.5997,0.0922,0.3227,0.4434],[ 0.4809,-0.3742,-0.0902,-1.0665,-2.0117],[6.6067,0.0915,0.3235,0.4479],-0.5
13116,[ 5.176 , 0.1125,-0.3337, 0.4404],[-3.2547,-1.3547,-2.1375,-2.3112,-3.0443],[ 5.1829, 0.1128,-0.3303, 0.4454],-0.5
13117,[6.7679,0.0845,0.4256,0.4456],[-0.273 ,-0.0297,-0.4946, 0.8539, 0.0577],[6.7786,0.0838,0.4276,0.4471],-0.5
13118,[ 5.648 , 0.1219,-0.456 , 0.4378],[-3.6895,-3.3502,-3.6828,-4.723 ,-4.6158],[ 5.6592, 0.1223,-0.4552, 0.4407],-0.5
13119,[ 6.7223, 0.1099,-0.3038, 0.4293],[ 0.0173, 1.5205,-2.0985,-1.2186, 0.3375],[ 6.7423, 0.11  ,-0.3041, 0.4281],-0.5
13120,[ 6.8531,-0.0854,-0.0079, 0.454 ],[-2.1057,-3.2983,-1.9583,-1.6726,-3.2822],[ 6.8547,-0.0852,-0.0138, 0.4552],-0.5
13121,[ 6.6864,-0.0862, 0.1144, 0.4531],[-1.2525,-2.566 ,-1.305 ,-1.1358,-1.7666],[ 6.6887,-0.0862, 0.1111, 0.4547],-0.5
13122,[ 7.0869,-0.0844,-0.1113, 0.4481],[-1.8958,-2.7142,-1.3278,-2.1651,-2.821 ],[ 7.0892,-0.084 ,-0.1141, 0.4498],-0.5
13123,[ 7.3124,-0.0845, 0.2146, 0.4499],[-1.7656,-2.4352,-1.7823,-1.3561,-2.9732],[ 7.3164,-0.0846, 0.212 , 0.452 ],-0.5
13124,[ 7.7232,-0.0832,-0.209 , 0.4411],[-1.5772,-1.514 ,-0.3855,-1.298 ,-1.3255],[ 7.7273,-0.0827,-0.2118, 0.44  ],-0.5
13125,[ 6.3811,-0.0829, 0.3379, 0.4435],[-1.66  ,-2.1596,-1.3718,-1.3152,-2.3284],[ 6.3887,-0.0833, 0.3364, 0.4482],-0.5
13126,[ 7.7214,-0.0892,-0.3219, 0.427 ],[-1.4899,-1.0749,-0.7165,-0.973 , 0.5391],[ 7.7284,-0.0886,-0.3248, 0.4229],-0.5
13127,[ 7.3081,-0.0946, 0.4271, 0.4258],[-1.6289,-1.7703,-1.0859,-1.0714,-0.9223],[ 7.3186,-0.095 , 0.4256, 0.4241],-0.5
13128,[ 7.4071,-0.0916,-0.422 , 0.4474],[-0.9443,-0.1475, 0.1159,-0.6672,-0.4866],[ 7.4176,-0.091 ,-0.4222, 0.455 ],-0.5
13129,[ 7.8955,-0.0833, 0.3228, 0.4097],[-0.8044,-0.1392,-0.3165,-0.3688, 2.5924],[ 7.9156,-0.0831, 0.3312, 0.4079],-0.4993
13130,[ 4.3269, 0.1977,-0.0137, 0.4563],[-0.4419,-1.5901,-0.9232,-0.6318,-0.7052],[ 4.3264, 0.1972,-0.0128, 0.4578],-0.5
13131,[5.0885,0.1795,0.0998,0.4503],[-0.825 ,-1.0779,-0.9586,-0.9934,-0.8573],[5.089 ,0.1788,0.1016,0.4481],-0.5
13132,[ 3.4357, 0.1888,-0.1217, 0.4451],[-1.0029,-0.4071,-0.1037, 0.2166,-0.021 ],[ 3.4362, 0.1885,-0.1204, 0.4464],-0.5
13133,[4.3094,0.184 ,0.2175,0.4234],[-0.2482,-0.6869,-0.4514,-0.4787,-0.6189],[4.3118,0.1831,0.2239,0.4198],-0.5
13134,[ 5.0911, 0.1917,-0.2311, 0.4261],[-0.6448,-1.8056,-2.0147,-1.7466,-1.6289],[ 5.0935, 0.1917,-0.229 , 0.4259],-0.5
13135,[4.2762,0.1782,0.336 ,0.4151],[-0.5386,-1.1115,-0.5742,-0.8889,-0.7819],[4.2823,0.1771,0.3429,0.4098],-0.5
13136,[ 4.6147, 0.1963,-0.3378, 0.4223],[-0.2844, 0.1402, 0.2515,-0.7848, 0.0403],[ 4.6201, 0.1964,-0.3377, 0.4208],-0.5
13137,[7.8632,0.1806,0.458 ,0.4213],[-0.8244,-1.0252,-0.4946,-0.2534,-1.2013],[7.8731,0.1799,0.4518,0.4211],-0.5
13138,[ 5.2333, 0.1959,-0.4414, 0.4331],[-1.4555,-2.0307,-1.1128,-1.8123,-1.4855],[ 5.2424, 0.1961,-0.4424, 0.4333],-0.5
13139,[ 5.8365, 0.1903,-0.4543, 0.4208],[ 0.2443,-1.2247,-0.221 ,-3.2149,-0.5545],[ 5.8553, 0.1903,-0.447 , 0.4193],-0.5
13140,[ 6.5986,-0.1743, 0.0127, 0.421 ],[-1.2057,-0.6511,-1.7379,-0.53  ,-1.0959],[ 6.5985,-0.174 , 0.0134, 0.4186],-0.5
13141,[ 7.0377,-0.1786, 0.0948, 0.4169],[-0.1762, 0.3689,-0.7762,-0.6984, 2.4372],[ 7.038 ,-0.1785, 0.0922, 0.4172],-0.5
13143,[ 6.7903,-0.1808, 0.216 , 0.4372],[-1.3305,-2.0703,-1.011 ,-1.4009,-1.025 ],[ 6.7927,-0.1808, 0.2138, 0.4398],-0.5
13145,[10.0568,-0.1797, 0.3415, 0.4477],[-1.7097,-2.2047,-0.653 ,-0.8094,-1.0803],[10.0626,-0.1798, 0.3322, 0.4513],-0.5
13147,[ 7.7388,-0.1811, 0.4371, 0.4302],[-0.0022,-0.8943, 0.801 ,-0.7164,-0.3662],[ 7.7479,-0.1813, 0.4297, 0.4309],-0.5
13149,[10.1038,-0.1738, 0.5849, 0.439 ],[-2.2573,-1.5874,-1.4727,-1.8147,-2.2183],[10.1187,-0.1739, 0.5843, 0.4408],-0.5
13152,[ 2.637 , 0.3084,-0.1611, 0.4077],[-0.5128,-0.3896,-0.4054,-0.2539,-0.2632],[ 2.6345, 0.308 ,-0.1651, 0.4212],-0.5
13154,[ 2.6493, 0.3102,-0.1993, 0.4305],[-0.6295,-0.4988,-0.358 ,-0.7624,-0.8836],[ 2.6474, 0.3098,-0.1978, 0.4317],-0.5
13156,[ 2.9312, 0.341 ,-0.3491, 0.4455],[-0.7596,-0.5871,-0.7229,-0.5848,-0.8388],[ 2.9325, 0.3409,-0.3491, 0.4456],-0.5
13158,[ 4.1061, 0.3414,-0.445 , 0.444 ],[-0.9216,-1.0171,-0.663 ,-0.66  ,-0.7414],[ 4.1106, 0.3414,-0.4432, 0.445 ],-0.5
13159,[ 5.6929, 0.3395,-0.5577, 0.4097],[-0.2127,-0.4532,-0.6503,-0.3621, 0.1046],[ 5.7017, 0.3395,-0.5581, 0.4109],-0.5
13200,[ 5.6094e+00, 6.9168e-03,-2.3629e-03, 3.0842e-01],[ 0.9213,-0.8608,-0.6765, 0.4892, 0.0997],[ 5.6108e+00, 6.9026e-03,-3.6268e-03, 3.0849e-01],-0.5
13201,[ 6.1015e+00,-3.2462e-03, 1.1156e-01, 2.9156e-01],[-1.1147,-0.0282, 0.0464,-1.3861, 0.3195],[ 6.1035e+00,-3.4585e-03, 1.0913e-01, 2.8622e-01],-0.5
13202,[ 6.4105e+00, 5.8538e-03,-1.1184e-01, 2.9340e-01],[ 0.9179,-0.0464,-1.066 ,-2.027 , 1.2546],[ 6.4125e+00, 6.0429e-03,-1.1039e-01, 2.8921e-01],-0.5
13203,[ 7.0629e+00,-3.0770e-03, 2.3335e-01, 3.0169e-01],[-1.4963, 1.129 , 0.2058, 0.2617, 1.5177],[ 7.0675e+00,-3.4700e-03, 2.3414e-01, 2.9932e-01],-0.5
13204,[ 6.6687, 0.0075,-0.2106, 0.3147],[ 2.1198, 1.1239, 1.5164,-1.8715,-2.3759],[ 6.6727, 0.0078,-0.2099, 0.3174],-0.5
13205,[ 6.8404e+00,-4.1582e-03, 3.3289e-01, 3.1216e-01],[-0.5167, 2.4978,-0.0655, 2.4595, 3.3589],[ 6.8480e+00,-4.6643e-03, 3.3281e-01, 3.1043e-01],-0.5
13206,[ 6.3563, 0.0201,-0.3282, 0.2934],[ 1.185 , 0.9278, 2.2591,-0.2344, 2.0117],[ 6.3637, 0.0206,-0.3291, 0.2922],-0.5
13207,[ 6.9296,-0.0091, 0.4225, 0.3166],[ 0.1742,-0.7396, 0.4251, 0.0378,-1.546 ],[ 6.9403,-0.0096, 0.4207, 0.3218],-0.5
13208,[ 6.5617, 0.0154,-0.4544, 0.3096],[ 5.9073,-0.4034, 3.9678,-1.9758, 0.3373],[ 6.5738, 0.0161,-0.4571, 0.3069],-0.4998
13209,[ 3.0707, 0.0073,-0.5077, 0.3143],[-3.842 ,-4.0507,-4.7129,-3.9215,-4.7264],[ 3.0941, 0.0082,-0.5075, 0.3152],-0.4995
13210,[ 4.6103e+00, 1.0887e-01,-1.3394e-03, 3.2472e-01],[-0.3858,-1.3445,-2.287 ,-1.2438,-1.625 ],[4.6110e+00,1.0853e-01,1.6968e-03,3.2664e-01],-0.5
13211,[5.0065,0.103 ,0.1061,0.3219],[-2.136 ,-2.0208,-2.6831,-1.5138,-3.149 ],[5.008 ,0.1025,0.1096,0.3257],-0.5
13212,[ 5.2656, 0.1149,-0.1207, 0.3288],[ 0.9051, 1.6904,-2.0414, 0.6005,-0.6267],[ 5.267 , 0.1149,-0.1176, 0.329 ],-0.5
13213,[6.3895,0.0991,0.2301,0.3174],[-0.6446,-1.2568, 0.772 , 0.9772,-0.8032],[6.3934,0.0985,0.2281,0.3192],-0.5
13214,[ 4.9638, 0.1156,-0.2056, 0.3342],[-1.3646,-1.196 ,-0.9783, 0.1911,-0.8009],[ 4.9668, 0.1157,-0.2037, 0.3367],-0.5
13215,[7.0702,0.0947,0.322 ,0.3144],[-0.4832,-1.9292,-0.3625,-1.0508,-2.9348],[7.0768,0.0941,0.3194,0.3217],-0.5
13216,[ 6.3174, 0.1086,-0.3415, 0.3149],[-1.0552,-1.4296, 0.1465,-0.9458,-2.1687],[ 6.3245, 0.109 ,-0.3413, 0.3204],-0.5
13217,[7.7095,0.0986,0.4333,0.3217],[-1.3865,-0.2274,-0.4021,-0.0618,-0.7063],[7.72  ,0.0979,0.4303,0.3241],-0.5
13218,[ 5.6951, 0.123 ,-0.4533, 0.3185],[-2.3635,-2.0977,-3.6308,-2.45  ,-4.1478],[ 5.706 , 0.1235,-0.4526, 0.3235],-0.5
13219,[ 5.7854, 0.1076,-0.2885, 0.3092],[ 0.8581,-2.8982, 0.1783, 0.6979, 0.5579],[ 5.8062, 0.1077,-0.2866, 0.3078],-0.5
13220,[ 6.4195e+00,-1.0674e-01,-3.9941e-03, 3.1375e-01],[-0.9734,-1.8709,-0.8554,-1.1213,-1.7884],[ 6.4201,-0.1065,-0.0082, 0.3159],-0.5
13221,[ 5.5607,-0.0842, 0.103 , 0.3063],[-1.9593,-1.4639,-0.8934,-1.662 ,-1.5814],[ 5.5622,-0.0842, 0.1007, 0.3082],-0.5
13222,[ 5.8599,-0.0909,-0.0958, 0.318 ],[-1.7905,-2.8956,-1.8763,-2.1447,-2.6601],[ 5.8613,-0.0906,-0.0986, 0.3215],-0.5
13223,[ 7.0417,-0.0786, 0.2282, 0.3087],[-1.832 ,-2.0109,-0.9776,-1.0216,-1.5904],[ 7.0457,-0.0788, 0.2257, 0.3087],-0.5
13224,[ 7.2777,-0.0902,-0.2203, 0.3117],[-1.1448,-1.1235,-1.2912,-0.8114,-0.3946],[ 7.2815,-0.0897,-0.2225, 0.3088],-0.5
13225,[ 7.1554,-0.0882, 0.3424, 0.3129],[-1.0395,-2.2559,-0.0469,-0.9567,-0.8742],[ 7.1626,-0.0885, 0.3377, 0.3122],-0.5
13226,[ 8.4967,-0.0899,-0.3218, 0.3256],[ 0.0407, 0.0991,-0.4338,-0.8953,-1.7559],[ 8.5034,-0.0894,-0.3222, 0.3261],-0.5
13227,[ 8.2025,-0.0976, 0.4482, 0.313 ],[-2.2704,-2.6509,-1.6123,-2.3197,-2.3925],[ 8.2135,-0.0979, 0.4438, 0.3123],-0.5
13228,[ 7.5061,-0.1002,-0.4537, 0.3274],[-1.1349, 0.2757,-1.5938,-1.4799,-1.1064],[ 7.5175,-0.0996,-0.4527, 0.3355],-0.5
13229,[ 6.1812,-0.0969, 0.0495, 0.3001],[-3.8915,-5.3299,-3.7191,-4.5971,-3.9613],[ 6.2013,-0.0954, 0.0474, 0.3016],-0.4959
13230,[ 5.6006e+00, 1.7477e-01,-1.5381e-03, 3.1588e-01],[-1.0617,-1.0104,-1.6342,-0.9867,-0.9999],[ 5.6000e+00, 1.7442e-01,-5.9697e-04, 3.2021e-01],-0.5
13231,[5.0085,0.1696,0.0748,0.2845],[-0.8384,-0.8376,-0.7762,-0.5123,-0.8629],[5.0083,0.1691,0.0858,0.284 ],-0.5
13232,[ 4.104 , 0.1814,-0.1336, 0.3131],[-0.6732,-0.4303,-0.0047, 0.377 ,-1.4035],[ 4.1043, 0.1812,-0.1329, 0.3158],-0.5
13233,[5.7012,0.1735,0.2423,0.3243],[-0.7917,-0.8842,-0.4716,-0.7712,-0.3181],[5.7042,0.1728,0.2456,0.3269],-0.5
13234,[ 4.7171, 0.1907,-0.2342, 0.3092],[-0.3861,-0.3033, 1.7881,-1.5841,-0.7174],[ 4.7194, 0.1908,-0.2359, 0.309 ],-0.5
13235,[6.1882,0.1766,0.3223,0.3352],[-0.4444,-0.4896,-0.5401,-0.4934,-0.4068],[6.1931,0.1758,0.3123,0.3419],-0.5
13236,[ 5.2131, 0.2011,-0.3427, 0.3192],[-1.4927,-2.0241,-0.4757,-0.0282,-1.5086],[ 5.2185, 0.2012,-0.3444, 0.3221],-0.5
13237,[7.7547,0.1803,0.4653,0.3334],[-0.6861,-0.7318,-0.388 ,-0.2905,-0.7732],[7.765 ,0.1795,0.4638,0.3335],-0.5
13238,[ 5.0668, 0.2048,-0.4355, 0.3069],[-2.2196,-2.8593,-0.7205,-2.6339,-2.2819],[ 5.0755, 0.205 ,-0.4383, 0.3055],-0.5
13239,[ 5.9493, 0.1915,-0.4084, 0.3101],[2.4662,0.7953,3.338 ,1.2117,0.5931],[ 5.9689, 0.1914,-0.3985, 0.3096],-0.5
13240,[ 6.0326e+00,-1.7203e-01,-2.8310e-03, 3.2163e-01],[-0.316 ,-1.3617,-0.7325,-1.5865,-1.296 ],[ 6.0321,-0.1717,-0.0088, 0.3197],-0.5
13241,[ 7.6732,-0.1777, 0.1204, 0.3092],[ 0.303 ,-0.544 , 1.6403,-1.6589,-0.868 ],[ 7.6734,-0.1776, 0.1173, 0.3126],-0.5
13242,[ 4.5418,-0.1723,-0.073 , 0.296 ],[-1.4189,-0.3848,-1.2084,-0.6683,-1.6218],[ 4.5415,-0.1717,-0.0725, 0.3015],-0.5
13243,[ 6.606 ,-0.18  , 0.2161, 0.3013],[-1.5551,-2.6063,-1.2278,-2.0153,-2.1719],[ 6.608 ,-0.18  , 0.2148, 0.3015],-0.5
13245,[ 5.0564,-0.1855, 0.3204, 0.2921],[-1.1139,-1.7152,-0.9343,-1.1863,-0.9916],[ 5.0611,-0.1857, 0.3136, 0.2919],-0.5
13247,[ 7.1382,-0.1801, 0.4227, 0.3042],[-0.5928,-1.416 ,-0.2117,-0.4733,-1.0454],[ 7.1469,-0.1804, 0.4221, 0.306 ],-0.5
13249,[ 9.8431,-0.1696, 0.5276, 0.3139],[-1.558 ,-1.7473,-1.0126,-0.5705,-1.597 ],[ 9.8576,-0.1695, 0.526 , 0.3192],-0.4989
13254,[ 2.7077, 0.3214,-0.2399, 0.3218],[-0.8862,-1.0302,-1.0767,-0.7358,-0.951 ],[ 2.706 , 0.3211,-0.239 , 0.3238],-0.5
13256,[ 2.7167, 0.3336,-0.3224, 0.3299],[-0.8656,-0.8409,-0.4024,-1.0376,-0.5616],[ 2.717 , 0.3335,-0.3202, 0.3313],-0.5
13258,[ 6.0244, 0.3083,-0.4519, 0.3169],[-0.9688,-0.7781,-0.9828,-0.9574,-0.9141],[ 6.0304, 0.3083,-0.4527, 0.317 ],-0.5
13259,[ 6.4812, 0.3184,-0.5759, 0.3021],[-0.6175,-0.423 ,-1.1689,-0.9188,-1.0955],[ 6.4915, 0.3184,-0.5754, 0.3056],-0.5
13300,[6.2981e+00,6.7948e-04,1.2880e-02,1.8109e-01],[-1.1572, 5.5424, 2.1334,-0.9078, 2.602 ],[6.2989e+00,6.4355e-04,1.4645e-02,1.7608e-01],-0.5
13301,[ 6.0329,-0.0067, 0.0997, 0.1901],[ 1.7949,-2.9363, 0.1497,-1.0387,-0.3063],[ 6.0343,-0.0068, 0.0944, 0.1869],-0.5
13302,[ 6.3162, 0.0106,-0.1142, 0.2024],[ 2.2338, 2.2918, 3.7692, 1.5778,-1.5762],[ 6.3179, 0.0108,-0.1134, 0.2031],-0.5
13303,[ 6.6430e+00,-2.0600e-03, 2.2848e-01, 1.9557e-01],[-0.8455,-2.1491, 0.6984,-0.7813,-0.0377],[ 6.6470e+00,-2.4676e-03, 2.2391e-01, 1.9751e-01],-0.5
13304,[ 6.1842, 0.0186,-0.2156, 0.1833],[-0.8339, 0.3842,-2.5754,-1.2769,-0.5184],[ 6.1878, 0.019 ,-0.2123, 0.1847],-0.5
13305,[6.7674e+00,1.8919e-03,3.3076e-01,1.9907e-01],[ 0.1786,-2.1847,-0.4302,-0.2413, 0.157 ],[6.7746e+00,1.3390e-03,3.2938e-01,1.9928e-01],-0.5
13306,[ 6.5266, 0.0197,-0.3233, 0.1901],[ 4.3891,-1.2121,-0.1325, 2.8388,-1.2394],[ 6.5336, 0.0202,-0.3232, 0.1941],-0.5
13307,[ 7.0973e+00,-6.1477e-03, 4.3205e-01, 1.9185e-01],[-1.476 ,-1.2857,-1.0459, 0.0165,-2.1837],[ 7.1084e+00,-6.7243e-03, 4.3192e-01, 2.0116e-01],-0.5
13308,[ 6.8108, 0.0173,-0.4424, 0.1962],[ 1.5686, 0.4267,-0.1177, 1.7001, 1.5111],[ 6.8223, 0.018 ,-0.4436, 0.1938],-0.4998
13309,[ 2.1603e+00,-8.0512e-04,-5.7605e-01, 1.9348e-01],[-4.43  ,-3.082 ,-4.8482,-4.4032,-4.7826],[ 2.1839e+00, 5.7418e-04,-5.7630e-01, 1.9291e-01],-0.4989
13310,[ 5.9233, 0.1117,-0.0081, 0.2008],[-0.9982,-0.9089,-2.1782,-0.8696,-1.5218],[ 5.9234e+00, 1.1143e-01,-4.6977e-03, 2.0222e-01],-0.5
13311,[5.0792,0.1149,0.1088,0.2068],[-1.6937, 0.7643,-0.5004, 0.3534,-1.0171],[5.08  ,0.1143,0.112 ,0.2114],-0.5
13312,[ 5.8102, 0.1053,-0.1194, 0.1887],[-0.4664, 0.0387,-0.0962,-0.3714,-0.1496],[ 5.8111, 0.1052,-0.1173, 0.1878],-0.5
13313,[7.058 ,0.0991,0.2418,0.1803],[-0.1786,-0.4728,-0.975 ,-0.9781,-0.4493],[7.0618,0.0985,0.2445,0.1816],-0.5
13314,[ 5.359 , 0.1019,-0.2259, 0.1795],[-1.4491,-0.8622,-1.6591,-0.7393,-1.0266],[ 5.3621, 0.1021,-0.2223, 0.1815],-0.5
13315,[6.4054,0.0927,0.3254,0.1865],[-1.6514,-1.1591,-1.4321,-0.2753,-0.8736],[6.412 ,0.0919,0.3269,0.193 ],-0.5
13316,[ 5.6756, 0.098 ,-0.3353, 0.1873],[-1.3564,-0.5723,-2.198 ,-1.0876,-1.5858],[ 5.6822, 0.0985,-0.3326, 0.1915],-0.5
13317,[6.5846,0.0944,0.4295,0.1769],[-0.5304,-1.2966, 0.1992,-0.4021, 0.2533],[6.595 ,0.0937,0.429 ,0.1751],-0.5
13318,[ 5.2325, 0.1223,-0.4557, 0.1902],[-2.2697,-2.5089,-2.566 ,-1.9703,-3.1157],[ 5.2435, 0.1228,-0.4546, 0.1971],-0.5
13319,[ 5.55  , 0.1102,-0.461 , 0.1964],[ 2.51  , 0.8921,-2.0689, 0.7042, 1.275 ],[ 5.5706, 0.1104,-0.4615, 0.1952],-0.5
13320,[ 5.8458e+00,-9.1621e-02, 3.3353e-03, 1.9463e-01],[-1.346 ,-2.092 ,-0.9072,-1.5506,-1.5885],[ 5.8461e+00,-9.1417e-02,-5.1146e-04, 1.9424e-01],-0.5
13321,[ 6.1206,-0.0943, 0.1105, 0.1819],[-0.942 ,-2.9296,-1.551 ,-0.8246,-1.8074],[ 6.1216,-0.0943, 0.1073, 0.1848],-0.5
13322,[ 6.2104,-0.0896,-0.11  , 0.1989],[-1.153 ,-0.8027,-0.0997,-1.0634,-1.203 ],[ 6.2116,-0.0892,-0.1102, 0.2019],-0.5
13323,[ 5.5639,-0.0779, 0.222 , 0.1844],[-1.363 ,-1.6791,-1.0289,-1.5524,-0.7055],[ 5.5673,-0.0782, 0.2212, 0.1819],-0.5
13324,[ 7.1965,-0.0867,-0.2189, 0.1962],[-1.4745,-1.5109,-0.6039,-0.4328, 0.0924],[ 7.1999,-0.0862,-0.2194, 0.1967],-0.5
13325,[ 7.3331,-0.0884, 0.3425, 0.1838],[-2.1551,-0.3078, 0.7115,-1.8969,-0.6309],[ 7.3402,-0.0888, 0.3428, 0.1787],-0.5
13326,[ 8.5526,-0.0951,-0.3048, 0.212 ],[-1.4373,-0.3591,-0.9797,-0.8093,-1.1387],[ 8.5585,-0.0946,-0.3076, 0.2127],-0.5
13327,[ 8.1297,-0.0962, 0.4485, 0.188 ],[-2.4965,-1.2475,-1.813 ,-1.7091,-0.2875],[ 8.1408,-0.0965, 0.4471, 0.1837],-0.5
13328,[ 6.5331,-0.1006,-0.4662, 0.1728],[-0.0303,-0.4322,-0.6888,-0.9321,-0.7801],[ 6.5451,-0.0998,-0.471 , 0.1762],-0.5
13329,[ 3.1974,-0.0999,-0.2858, 0.1824],[-11.8509,-11.8291,-10.9195,-10.2535,-11.386 ],[ 3.2183,-0.0965,-0.2884, 0.1857],-0.4896
13330,[ 4.2889, 0.186 ,-0.0085, 0.1846],[-0.8007,-0.871 ,-1.4927,-0.8038,-0.6985],[ 4.2875, 0.1855,-0.0054, 0.1889],-0.5
13331,[5.0726,0.1951,0.1069,0.1736],[-0.8786,-0.2898,-1.5888,-0.7142,-1.0486],[5.0717,0.1945,0.1143,0.173 ],-0.5
13332,[ 5.0042, 0.1846,-0.1228, 0.1773],[ 0.1771,-1.0043,-0.4356,-1.4545,-0.2637],[ 5.0038, 0.1844,-0.1228, 0.1787],-0.5
13333,[5.0019,0.1863,0.1833,0.1826],[-0.709 ,-0.7006,-0.4804,-0.3355,-0.6961],[5.0026,0.1854,0.188 ,0.1825],-0.5
13334,[ 4.47  , 0.1958,-0.2285, 0.1755],[ 1.0725,-0.8641,-0.2328,-0.193 , 0.2122],[ 4.4715, 0.1959,-0.229 , 0.1765],-0.5
13335,[2.0005,0.1773,0.3272,0.1502],[-0.585 ,-0.9213,-0.8536,-0.7496,-0.5503],[2.0053,0.1753,0.3235,0.1473],-0.5
13336,[ 5.2673, 0.2005,-0.3312, 0.184 ],[-2.036 ,-1.2882,-0.9371,-1.4715,-1.9394],[ 5.2719, 0.2007,-0.331 , 0.1854],-0.5
13337,[6.3134,0.1796,0.4598,0.1854],[-0.5437,-0.3713,-0.5717,-0.3009,-0.1446],[6.3235,0.1787,0.4587,0.1823],-0.5
13338,[ 5.5139, 0.2013,-0.4307, 0.1898],[-0.8081,-0.2949,-1.595 ,-0.5539,-0.2869],[ 5.5222, 0.2015,-0.4294, 0.1891],-0.5
13339,[ 6.0197, 0.1964,-0.4141, 0.2079],[ 1.6139,-1.3373,-0.8559, 0.8877, 0.2394],[ 6.0394, 0.1963,-0.4103, 0.2092],-0.5
13340,[ 4.7978,-0.1721,-0.0223, 0.1872],[-1.1417,-1.1655, 0.2298,-0.8739, 0.4082],[ 4.7969,-0.1716,-0.0364, 0.1988],-0.5
13341,[ 7.8746,-0.1787, 0.1377, 0.1918],[-0.5515,-1.3227,-1.5092, 0.8064,-1.6428],[ 7.8746,-0.1787, 0.1371, 0.1952],-0.5
13343,[ 8.3761,-0.1867, 0.2097, 0.1992],[-1.7114,-1.2735,-1.6269,-0.9259,-1.8285],[ 8.3774,-0.1867, 0.2089, 0.2027],-0.5
13345,[10.279 ,-0.1839, 0.319 , 0.1851],[-0.3356,-1.5312,-0.0837,-0.8223, 0.2232],[10.2836,-0.184 , 0.3182, 0.1825],-0.5
13347,[ 9.547 ,-0.1804, 0.4438, 0.1778],[-1.2448,-1.4414,-0.8744,-0.4183,-0.6678],[ 9.5564,-0.1806, 0.4424, 0.1803],-0.5
13349,[ 0.3963,-0.1708,-0.6138, 0.172 ],[-0.3661,-0.9612, 0.3307,-0.2421,-0.8599],[ 0.4162,-0.1625,-0.6138, 0.1742],-0.4633
13354,[ 2.728 , 0.3244,-0.2555, 0.2283],[-0.8585,-1.0985,-1.0233,-0.9247,-1.0841],[ 2.7264, 0.3242,-0.2551, 0.231 ],-0.5
13356,[ 4.9511, 0.3115,-0.3816, 0.233 ],[-0.7042,-0.8441,-1.009 ,-0.6878,-0.5006],[ 4.9542, 0.3115,-0.3809, 0.2463],-0.5
13358,[ 4.8036, 0.3185,-0.4548, 0.1956],[-0.6566,-1.2487,-1.112 ,-1.3577,-1.0072],[ 4.8092, 0.3186,-0.453 , 0.1975],-0.5
13359,[ 6.8475, 0.3057,-0.5709, 0.1851],[-0.6019,-0.9153,-0.2722,-0.8118,-1.3404],[ 6.8584, 0.3058,-0.5713, 0.1889],-0.5
13400,[ 6.1646e+00,-2.7615e-03, 4.2609e-03, 5.7126e-02],[ 1.0067, 1.2907, 0.1576,-1.4619,-0.4937],[ 6.1649e+00,-2.7605e-03, 6.1251e-04, 5.2762e-02],-0.5
13401,[ 5.8916e+00,-5.0721e-03, 9.7782e-02, 6.5132e-02],[-1.2867,-0.3402,-0.0427,-1.5982,-0.0791],[ 5.8925e+00,-5.2778e-03, 9.4581e-02, 6.1923e-02],-0.5
13402,[ 5.7263e+00, 2.0890e-03,-1.0375e-01, 5.2483e-02],[-1.505 , 1.0241,-1.6985,-1.5921, 0.0996],[ 5.7273e+00, 2.3238e-03,-1.0432e-01, 4.7217e-02],-0.5
13403,[6.3939e+00,3.8808e-04,2.3143e-01,5.7244e-02],[ 1.7528, 1.7599, 1.4735,-0.066 , 0.0327],[ 6.3976e+00,-7.7470e-05, 2.3026e-01, 5.8504e-02],-0.5
13404,[ 6.0846, 0.0167,-0.2354, 0.0521],[-0.0035,-1.1535, 0.6022,-0.7026,-0.5332],[ 6.0884, 0.0171,-0.2349, 0.0538],-0.5
13405,[6.2979,0.0065,0.3275,0.0598],[-1.2934,-2.1024, 1.4326,-1.8439,-1.9387],[6.3046e+00,5.8434e-03,3.2494e-01,6.1347e-02],-0.5
13406,[ 6.6281, 0.0152,-0.3148, 0.0575],[ 2.8985,-0.726 ,-2.2727, 0.4382,-0.1433],[ 6.6344, 0.0157,-0.315 , 0.0641],-0.5
13407,[ 7.2773e+00,-5.8823e-03, 4.4354e-01, 5.5656e-02],[-0.101 ,-0.6519,-0.4612,-0.4432,-1.5537],[ 7.2886e+00,-6.4890e-03, 4.4286e-01, 6.3208e-02],-0.5
13408,[ 7.9628, 0.0173,-0.4355, 0.0595],[-1.1308, 0.173 ,-0.4356, 1.3614, 2.514 ],[ 7.9739, 0.0179,-0.4358, 0.0543],-0.4999
13409,[ 1.587 ,-0.0101,-0.5687, 0.0584],[-4.0021,-3.9487,-3.5988,-3.7524,-4.5396],[ 1.6108,-0.0083,-0.568 , 0.0525],-0.4984
13410,[ 6.1199e+00, 1.1589e-01,-3.9962e-03, 5.6855e-02],[-1.3968, 0.0938,-1.3679,-0.902 , 0.3264],[6.1192e+00,1.1561e-01,1.6070e-03,5.1717e-02],-0.5
13411,[5.1485,0.1271,0.1194,0.0587],[-1.5919,-0.9661,-2.1263,-1.2383,-1.444 ],[5.1487,0.1264,0.1242,0.0621],-0.5
13412,[ 5.9977, 0.1034,-0.117 , 0.0747],[-1.547 ,-0.3476,-0.3366, 0.9645,-1.1366],[ 5.9981, 0.1034,-0.115 , 0.0738],-0.5
13413,[7.1783,0.1012,0.24  ,0.0728],[-1.8464,-0.9857,-1.5807,-0.0976,-1.9875],[7.1817,0.1005,0.242 ,0.0814],-0.5
13414,[ 4.5127, 0.097 ,-0.2237, 0.0741],[-1.1091,-1.9706,-2.4644,-1.7885,-2.0191],[ 4.5155, 0.0973,-0.223 , 0.0784],-0.5
13415,[6.557 ,0.089 ,0.3226,0.0602],[-1.2904,-1.4209, 0.3236,-0.9865,-2.3427],[6.5632,0.0882,0.3225,0.0676],-0.5
13416,[ 5.4749, 0.1049,-0.341 , 0.0716],[-1.0796,-1.2582,-2.0652,-0.9223,-2.1958],[ 5.4815, 0.1055,-0.3396, 0.0794],-0.4999
13417,[7.459 ,0.0896,0.4249,0.0768],[ 0.5236,-0.2531, 0.0258, 0.3612,-0.3701],[7.4692,0.0889,0.4252,0.0814],-0.5
13418,[ 4.8621, 0.1224,-0.4543, 0.0616],[-3.424 ,-2.159 ,-2.702 ,-2.2725,-3.9565],[ 4.8729, 0.123 ,-0.4525, 0.0672],-0.5
13419,[ 5.283 , 0.1084,-0.5101, 0.0582],[-1.018 ,-2.2435,-5.8556,-4.1526, 0.2381],[ 5.3036, 0.1087,-0.5099, 0.0556],-0.5
13420,[ 6.8469e+00,-8.4328e-02,-3.9384e-03, 5.7816e-02],[-1.6333,-2.2626,-0.7455,-2.1092,-0.661 ],[ 6.8467,-0.0841,-0.0079, 0.0505],-0.5
13421,[ 6.0961,-0.096 , 0.1216, 0.0778],[-1.0764,-0.3367, 0.2994, 0.5644,-0.9974],[ 6.0968,-0.0961, 0.1186, 0.0825],-0.5
13422,[ 7.4789,-0.0921,-0.1019, 0.0467],[-1.1595,-1.5901,-1.0174,-0.9741,-1.2072],[ 7.4793,-0.0918,-0.1049, 0.0429],-0.5
13423,[ 5.8569,-0.077 , 0.224 , 0.0597],[-1.4608,-1.674 , 0.8652,-0.8355,-0.3822],[ 5.8599,-0.0774, 0.2216, 0.0587],-0.5
13424,[ 6.8719,-0.1024,-0.2257, 0.0636],[-0.4854, 0.0118,-1.245 , 0.0874, 0.1481],[ 6.8747,-0.1018,-0.225 , 0.0633],-0.5
13425,[ 6.2469,-0.092 , 0.3445, 0.0555],[-0.9002,-0.3762,-1.5424,-1.4892,-1.016 ],[ 6.2538,-0.0924, 0.3446, 0.0513],-0.5
13426,[ 5.6806,-0.0863,-0.306 , 0.0399],[ 0.2811, 0.2518,-0.6293,-0.44  ,-0.2702],[ 5.6862,-0.0856,-0.3059, 0.0416],-0.5
13427,[ 7.3417,-0.099 , 0.4315, 0.054 ],[-1.823 ,-1.7789,-1.6376,-2.1784, 0.2675],[ 7.3519,-0.0995, 0.4296, 0.0476],-0.5
13428,[ 5.8863,-0.0931,-0.4292, 0.1008],[-1.1026,-0.2447, 1.4564,-0.3838,-0.7716],[ 5.897 ,-0.0923,-0.438 , 0.1083],-0.5
13429,[ 1.5241,-0.1078,-0.4718, 0.0605],[-17.0639,-17.0839,-16.9875,-16.9956,-18.2858],[ 1.5453,-0.1028,-0.4724, 0.061 ],-0.4837
13430,[ 4.7322, 0.1867,-0.0184, 0.0474],[-0.9266,-0.791 ,-1.0013,-1.5819,-0.8994],[ 4.7301, 0.1862,-0.0137, 0.0464],-0.5
13431,[3.5288,0.1991,0.1106,0.0558],[-0.2637,-0.6842,-1.2525,-0.6371,-0.6079],[3.5273,0.1981,0.1146,0.0522],-0.5
13432,[ 5.7355, 0.185 ,-0.1082, 0.0575],[-1.3888, 0.1932,-1.4874,-1.1335,-0.7381],[ 5.7342, 0.1848,-0.1025, 0.057 ],-0.5
13433,[2.9958,0.1956,0.2132,0.0416],[-0.9047,-0.4174,-0.612 ,-1.3637,-0.8077],[2.9966,0.1942,0.2187,0.0418],-0.5
13434,[ 4.5818, 0.1923,-0.23  , 0.068 ],[ 0.5753, 0.1128,-0.7717,-1.0697,-2.0737],[ 4.583 , 0.1923,-0.2274, 0.0714],-0.5
13435,[2.2971,0.185 ,0.3336,0.0786],[-0.7087,-1.1468,-0.822 ,-0.6119,-0.9292],[2.3022,0.1831,0.3412,0.0841],-0.5
13436,[ 5.3406, 0.1964,-0.3296, 0.0653],[-2.3945,-1.2428,-2.2887,-0.4846,-1.865 ],[ 5.345 , 0.1966,-0.328 , 0.0662],-0.5
13437,[5.1282,0.1739,0.4397,0.0666],[-0.5901,-0.1917,-0.421 ,-0.6889,-0.4358],[5.1375,0.1727,0.4415,0.0623],-0.5
13438,[ 5.0755, 0.1973,-0.4212, 0.0746],[-1.5805,-0.6866,-1.5501, 0.2363,-0.5025],[ 5.0834, 0.1977,-0.4202, 0.0763],-0.5
13439,[ 5.6528, 0.2024,-0.5658, 0.0758],[-0.5989,-1.2888,-0.2563,-1.1123,-1.265 ],[ 5.6716, 0.2025,-0.5713, 0.075 ],-0.5
13440,[ 6.0432e+00,-1.7284e-01, 1.4424e-04, 6.7271e-02],[-1.1303,-1.3922, 0.209 ,-0.7469,-1.4907],[ 6.0416,-0.1725,-0.0086, 0.0771],-0.5
13441,[ 7.7849,-0.179 , 0.143 , 0.0712],[-2.0933,-1.5419,-1.5207,-0.7292,-1.7927],[ 7.7845,-0.1789, 0.1417, 0.0783],-0.5
13442,[ 8.5856e+00,-1.9374e-01,-7.9076e-02, 7.1827e-03],[-1.8763,-1.9977,-1.3647,-1.1429,-1.1494],[ 8.5835e+00,-1.9337e-01,-7.2452e-02, 1.8245e-03],-0.5
13443,[ 7.9338,-0.1807, 0.2159, 0.0552],[-0.9573,-2.2844,-0.5408,-0.5964,-1.3527],[ 7.9349,-0.1807, 0.2126, 0.0598],-0.5
13445,[ 9.3254,-0.1866, 0.3281, 0.0478],[-1.5569,-2.4627,-1.2555,-1.1031,-0.995 ],[ 9.3299,-0.1867, 0.3255, 0.0496],-0.5
13447,[ 9.2668,-0.1807, 0.4389, 0.0515],[-0.8346,-0.5906,-0.7031,-0.7361,-0.6615],[ 9.276 ,-0.1809, 0.4404, 0.0536],-0.5
13449,[-0.3039,-0.1719,-0.6973, 0.0596],[ 1.5858, 0.0859,-1.437 ,-0.5935, 1.8043],[-0.2835,-0.1627,-0.6952, 0.0555],-0.46
13458,[ 4.1604, 0.3206,-0.4623, 0.0619],[-1.381 ,-0.0259,-0.8534,-0.6064,-1.4111],[ 4.1662, 0.3207,-0.4626, 0.0743],-0.5
13459,[ 5.7376, 0.3359,-0.6569, 0.0496],[-0.8956,-0.0972, 0.0796,-0.2947,-0.7616],[ 5.7505, 0.3358,-0.6574, 0.0511],-0.5
13467,[ 7.4908,-0.3239, 0.4563, 0.017 ],[-1.329 ,-0.3135,-0.6347, 0.3065,-2.1029],[ 7.4964,-0.324 , 0.4603, 0.0118],-0.5
13469,[ 7.6145e+00,-3.2541e-01, 5.3250e-01, 2.0958e-03],[-0.8459,-1.57  ,-0.965 ,-0.6855,-2.1257],[ 7.6236,-0.3255, 0.5427,-0.0135],-0.5
13500,[ 5.7587e+00, 2.9859e-03,-4.2680e-03,-4.0543e-02],[ 0.8395,-1.0324, 0.0153, 0.6315,-1.7176],[ 5.7586e+00, 2.9924e-03,-8.4427e-03,-4.0848e-02],-0.5
13501,[ 4.9413,-0.007 , 0.1038,-0.0526],[-0.7008,-1.6372,-1.5522,-1.478 ,-1.0715],[ 4.9418,-0.0073, 0.1017,-0.0545],-0.5
13502,[ 5.9181e+00, 5.5722e-03,-1.1407e-01,-7.2501e-02],[ 0.8705,-1.4106, 1.9204, 0.039 , 2.2025],[ 5.9187e+00, 5.8374e-03,-1.1938e-01,-7.7506e-02],-0.5
13503,[ 6.0742e+00,-3.0037e-03, 2.3348e-01,-5.0872e-02],[-2.4311,-1.4465,-1.1552,-1.1799,-2.8113],[ 6.0775e+00,-3.5206e-03, 2.3265e-01,-4.7335e-02],-0.5
13504,[ 6.3248, 0.0127,-0.225 ,-0.0625],[-1.605 ,-1.6646, 3.1477, 2.1513,-2.1363],[ 6.3281, 0.0132,-0.2314,-0.0589],-0.5
13505,[ 6.4791e+00,-1.6240e-04, 3.3012e-01,-6.9503e-02],[-1.5508,-1.4638,-0.2428,-1.4933,-2.1642],[ 6.4857e+00,-7.9342e-04, 3.2815e-01,-6.8573e-02],-0.5
13506,[ 6.8406, 0.0149,-0.3093,-0.0584],[-1.2609, 1.7884,-2.4435,-1.4737, 0.0116],[ 6.8465, 0.0154,-0.3098,-0.0576],-0.5
13507,[ 6.9134,-0.0102, 0.441 ,-0.0631],[-0.2308,-0.9509, 0.0764,-0.0956,-1.5034],[ 6.9246,-0.0108, 0.4401,-0.0535],-0.5
13508,[ 7.3585, 0.0171,-0.4394,-0.0506],[ 1.1564e+00, 1.0534e-01,-2.0435e+00,-6.5952e-04, 2.9588e-01],[ 7.3695, 0.0181,-0.4371,-0.0516],-0.4997
13509,[ 3.2377e+00,-5.1042e-04,-2.5458e-01,-7.8297e-02],[-6.5493,-5.8103,-5.3332,-6.9324,-5.8805],[ 3.2623e+00, 5.1296e-04,-2.5449e-01,-8.3808e-02],-0.4991
13510,[ 4.9521, 0.1205,-0.0071,-0.0746],[-2.0509, 0.0957,-0.0056,-1.6582, 0.2352],[ 4.9508e+00, 1.2021e-01,-4.6464e-03,-7.9988e-02],-0.5
13511,[ 4.7997, 0.1151, 0.1053,-0.0687],[-1.9049,-1.7968,-3.134 ,-2.2826,-2.5539],[ 4.7993, 0.1145, 0.1104,-0.067 ],-0.5
13512,[ 5.5119, 0.1071,-0.1164,-0.0695],[-0.6724,-0.607 ,-1.3219,-1.7967,-1.7105],[ 5.5118, 0.1071,-0.1146,-0.0702],-0.5
13513,[ 5.6607, 0.1062, 0.2394,-0.072 ],[-1.7949,-1.209 ,-0.9199,-0.5079,-0.6938],[ 5.6635, 0.1053, 0.2419,-0.0697],-0.5
13514,[ 5.114 , 0.0971,-0.2217,-0.0732],[-1.9419,-1.4236,-1.9891,-2.3813,-1.0768],[ 5.1163, 0.0975,-0.22  ,-0.0729],-0.5
13515,[ 6.5552, 0.0914, 0.3252,-0.0631],[-1.4839,-0.0686,-0.7028,-0.191 ,-1.9341],[ 6.5611, 0.0906, 0.3249,-0.0544],-0.5
13516,[ 6.1906, 0.1074,-0.3442,-0.0751],[-0.6588,-1.8444,-0.3829,-1.1179,-1.2659],[ 6.1971, 0.1079,-0.3458,-0.0735],-0.4999
13517,[ 7.4428, 0.0729, 0.4306,-0.0724],[ 0.8038,-0.007 , 0.5123,-0.9537,-1.428 ],[ 7.4531, 0.0721, 0.4289,-0.065 ],-0.5
13518,[ 4.2056, 0.1198,-0.4502,-0.0577],[-2.624 ,-2.7247,-2.4068,-3.6048,-4.0426],[ 4.2163, 0.1206,-0.4494,-0.0538],-0.5
13519,[ 5.8789, 0.1013,-0.3694,-0.0828],[-2.9328,-3.0681,-2.9413,-3.2382, 4.4281],[ 5.9017, 0.1015,-0.365 ,-0.086 ],-0.5
13520,[ 6.9813,-0.0765,-0.0209,-0.0583],[-1.8303,-2.5339,-1.5547,-1.4777,-1.5065],[ 6.9807,-0.0763,-0.0229,-0.0595],-0.5
13521,[ 5.1226,-0.0838, 0.124 ,-0.0447],[-0.7395,-1.3936,-1.511 ,-0.1371,-1.8446],[ 5.123 ,-0.084 , 0.1223,-0.041 ],-0.5
13522,[ 5.8778,-0.094 ,-0.1066,-0.0637],[-1.7871,-1.0592,-0.6378,-1.6208,-1.5237],[ 5.8778,-0.0935,-0.1104,-0.0659],-0.5
13523,[ 5.5327,-0.0864, 0.2367,-0.0551],[ 0.1644,-1.0278,-1.133 ,-0.2851,-0.9575],[ 5.5356,-0.0867, 0.2362,-0.0559],-0.5
13524,[ 6.0933,-0.1092,-0.2344,-0.07  ],[-1.5495,-0.4006, 0.7346, 0.4457, 0.2497],[ 6.0959,-0.1085,-0.2373,-0.0706],-0.5
13525,[ 5.9168,-0.0984, 0.3413,-0.0664],[-0.7237,-0.5211,-1.2491,-0.7669,-0.2544],[ 5.9232,-0.0989, 0.3417,-0.0688],-0.5
13526,[ 5.8145,-0.0929,-0.2994,-0.0603],[ 1.0927, 1.4318,-0.9828, 0.9266, 0.0518],[ 5.8194,-0.0921,-0.2986,-0.0561],-0.5
13527,[ 7.0234,-0.1008, 0.4342,-0.0679],[-1.1533,-0.6822,-0.7134,-2.6886,-0.2697],[ 7.0337,-0.1012, 0.4339,-0.0726],-0.5
13528,[ 9.6364,-0.0737,-0.449 ,-0.1051],[-1.2065e+00, 3.3295e-02,-1.1156e-03,-3.7241e-01,-8.2431e-01],[ 9.6474,-0.0732,-0.4434,-0.1079],-0.5
13529,[ 2.4806,-0.1033,-0.3146,-0.0648],[-27.3052,-28.1065,-26.6841,-28.5006,-26.2237],[ 2.5018,-0.099 ,-0.3157,-0.0674],-0.4867
13530,[ 5.0135, 0.1843,-0.0234,-0.0579],[-1.624 ,-1.85  ,-0.5058,-0.2994,-0.3532],[ 5.0111, 0.1838,-0.0235,-0.0594],-0.5
13531,[ 3.7241, 0.1898, 0.1044,-0.0462],[-1.0901,-1.237 ,-1.5525,-0.983 ,-1.0219],[ 3.7223, 0.1888, 0.1072,-0.0507],-0.5
13532,[ 5.3001, 0.1901,-0.0995,-0.0569],[ 0.1408,-0.7567,-2.1673, 0.1724,-0.2984],[ 5.2982, 0.1899,-0.0953,-0.0551],-0.5
13533,[ 2.3605, 0.1869, 0.2019,-0.0722],[-0.9973,-0.3895,-1.1277,-0.1021,-0.8692],[ 2.3608, 0.1853, 0.2078,-0.0764],-0.5
13534,[ 4.5033, 0.1938,-0.2307,-0.0522],[-1.9837,-1.9422,-2.6099,-1.4551,-2.8354],[ 4.5041, 0.1938,-0.2281,-0.0463],-0.5
13535,[ 2.9787, 0.193 , 0.3232,-0.0339],[-0.959 ,-0.9229,-0.6434,-0.7791,-1.2388],[ 2.983 , 0.1914, 0.3297,-0.0306],-0.5
13536,[ 5.3288, 0.1941,-0.3305,-0.0568],[-1.7658,-1.1235,-2.5701,-0.8689,-2.1769],[ 5.333 , 0.1943,-0.3289,-0.0516],-0.5
13537,[ 3.0679, 0.1704, 0.4187,-0.0209],[-0.7769,-0.5804,-0.1848,-0.6597,-0.7399],[ 3.0759, 0.1688, 0.4093,-0.0202],-0.5
13538,[ 5.4112, 0.1918,-0.4178,-0.05  ],[-1.0788,-0.5724,-1.9362,-0.8556,-1.2128],[ 5.419 , 0.1922,-0.4164,-0.0486],-0.5
13539,[ 5.0667, 0.1927,-0.5665,-0.0735],[-1.8198, 0.3868,-0.5054,-0.8428, 0.3202],[ 5.0857, 0.1929,-0.5619,-0.0791],-0.5
13540,[ 7.8066,-0.1965, 0.0086,-0.0688],[-1.2235,-1.1823, 0.1626,-1.0865,-1.2027],[ 7.8038e+00,-1.9622e-01, 5.7793e-03,-6.6698e-02],-0.5
13541,[ 6.658 ,-0.1836, 0.1302,-0.0727],[-1.0778,-1.2428,-0.8014,-1.3524,-1.0954],[ 6.6566,-0.1835, 0.1275,-0.0711],-0.5
13542,[ 8.6029,-0.196 ,-0.0695,-0.0579],[-0.6554,-0.739 ,-0.9347,-0.9765,-1.5387],[ 8.6004,-0.1956,-0.0696,-0.0557],-0.5
13543,[ 7.334 ,-0.1788, 0.2165,-0.0621],[-1.8776,-0.8745,-0.5653,-0.5645,-0.9148],[ 7.3347,-0.1788, 0.2145,-0.0601],-0.5
13545,[ 9.3026,-0.187 , 0.3278,-0.0615],[-1.74  ,-1.2782,-1.5559,-1.2628,-1.6357],[ 9.3068,-0.1871, 0.3267,-0.0559],-0.5
13547,[ 8.6368,-0.1949, 0.4359,-0.087 ],[-0.6704,-0.7459,-0.2505,-0.6507, 0.584 ],[ 8.6453,-0.1951, 0.4357,-0.091 ],-0.5
13549,[-0.0089,-0.1729,-0.6388,-0.0619],[-0.4774, 0.1532, 0.0016,-1.2548, 1.4341],[ 0.0117,-0.1638,-0.6365,-0.0696],-0.4613
13556,[ 7.669 , 0.2944,-0.3617,-0.0709],[-0.2382,-0.3065,-0.6649,-0.6194,-0.3389],[ 7.6714, 0.2945,-0.3627,-0.0732],-0.5
13558,[ 5.4156, 0.3085,-0.4572,-0.0818],[-1.781 , 0.2479,-0.7886,-0.2295,-1.6618],[ 5.4213, 0.3087,-0.4527,-0.0757],-0.5
13559,[ 5.4168, 0.3321,-0.6077,-0.0589],[-1.4229,-1.0132,-0.2925,-0.5025,-1.0228],[ 5.4281, 0.3322,-0.6089,-0.0567],-0.5
13565,[ 7.8925,-0.2931, 0.3053,-0.0688],[-1.5239,-0.4152,-1.0593,-1.4202,-2.1416],[ 7.8927,-0.2931, 0.3035,-0.0705],-0.5
13567,[ 7.1491,-0.3075, 0.4638,-0.0647],[-0.2572,-1.1964,-0.6488,-0.5719,-1.2132],[ 7.1554,-0.3076, 0.4646,-0.0616],-0.5
13569,[ 7.6688,-0.3259, 0.5235,-0.0522],[-0.7094,-1.7919,-1.2147, 0.3046,-1.0504],[ 7.677 ,-0.326 , 0.5231,-0.0498],-0.5
13600,[ 4.4794, 0.0127, 0.0162,-0.1809],[-1.5282,-0.3819, 0.1202, 0.2868,-1.7162],[ 4.4786, 0.0126, 0.0142,-0.1766],-0.4999
13601,[ 4.9193,-0.008 , 0.1128,-0.1819],[-0.9126,-0.0895,-0.1397,-0.4013, 1.7711],[ 4.9194,-0.0083, 0.1126,-0.1882],-0.5
13602,[ 6.1752, 0.0089,-0.1289,-0.1487],[ 0.5542,-0.8185,-1.5685, 3.8033,-1.598 ],[ 6.1757, 0.0092,-0.1313,-0.142 ],-0.5
13603,[ 5.6315e+00,-4.7330e-03, 2.2682e-01,-1.7780e-01],[-2.205 ,-1.7704,-1.371 ,-0.7758,-1.1525],[ 5.6342e+00,-5.3389e-03, 2.2532e-01,-1.7303e-01],-0.4999
13604,[ 6.6275, 0.0122,-0.2208,-0.1723],[-2.3296, 0.2951,-2.8389, 0.1569,-1.3887],[ 6.6301, 0.0126,-0.2203,-0.1716],-0.5
13605,[ 6.9439e+00,-2.0043e-03, 3.4599e-01,-1.8111e-01],[ 0.1624,-0.3179, 0.1979,-1.0548,-2.0632],[ 6.9509e+00,-2.6410e-03, 3.4442e-01,-1.7920e-01],-0.5
13606,[ 7.5877, 0.021 ,-0.316 ,-0.1777],[-1.94  ,-1.1944,-2.5795,-1.6668,-0.6332],[ 7.5935, 0.0215,-0.3149,-0.1811],-0.5
13607,[ 6.7802,-0.0116, 0.4408,-0.1943],[-0.9705,-2.7343,-0.2477,-1.5982,-0.9168],[ 6.7911,-0.0122, 0.4359,-0.1916],-0.5
13608,[ 6.1633, 0.015 ,-0.442 ,-0.189 ],[-1.0142, 0.1579,-1.8346,-0.7254,-2.29  ],[ 6.1741, 0.0164,-0.4361,-0.1878],-0.4993
13609,[ 4.6254, 0.0056, 0.0131,-0.1962],[-13.187 ,-13.2408,-13.0978,-13.6246,-13.1624],[ 4.6503, 0.006 , 0.0169,-0.1989],-0.4996
13610,[ 4.5939e+00, 1.2297e-01,-2.1990e-03,-1.8356e-01],[-0.082 ,-0.2226,-2.2452,-2.129 ,-2.0288],[ 4.5921e+00, 1.2260e-01, 2.1146e-03,-1.8606e-01],-0.4999
13611,[ 4.9525, 0.117 , 0.1004,-0.1908],[-2.6525,-1.4984,-2.6913,-2.004 ,-0.9624],[ 4.9515, 0.1163, 0.1051,-0.1904],-0.5
13612,[ 5.7586, 0.1068,-0.1209,-0.1864],[-1.0536,-1.3837,-1.9158,-2.1306,-1.3633],[ 5.758 , 0.1068,-0.1161,-0.1881],-0.4999
13613,[ 5.6313, 0.1073, 0.2331,-0.1885],[-1.4711,-1.1669,-3.5271,-2.6218,-2.68  ],[ 5.6336, 0.1064, 0.2385,-0.1858],-0.5
13614,[ 5.2604, 0.1038,-0.2156,-0.1884],[-1.0073,-0.727 ,-2.3169,-1.1731,-2.1574],[ 5.262 , 0.1042,-0.2128,-0.1872],-0.4999
13615,[ 6.7275, 0.0909, 0.3326,-0.1861],[-1.1375,-1.2187,-1.7296, 0.456 ,-1.665 ],[ 6.7334, 0.0901, 0.3325,-0.1789],-0.5
13616,[ 6.2059, 0.1132,-0.342 ,-0.1815],[-0.6709, 0.6054,-0.747 ,-0.4486,-0.9241],[ 6.2117, 0.1138,-0.3382,-0.1782],-0.5
13617,[ 7.4298, 0.0823, 0.4451,-0.1979],[-1.1811,-1.794 ,-1.0419,-0.04  ,-1.5128],[ 7.4404, 0.0815, 0.4387,-0.1969],-0.5
13618,[ 5.2176, 0.122 ,-0.4477,-0.191 ],[-2.4507,-2.2619,-3.3947,-2.1902,-1.4867],[ 5.2277, 0.1227,-0.4431,-0.1883],-0.5
13619,[ 6.3135, 0.0987,-0.2847,-0.1907],[2.5055,1.0925,2.5237,0.7389,2.3854],[ 6.3378, 0.0988,-0.2776,-0.1911],-0.5
13620,[ 6.5965,-0.0857,-0.0183,-0.1928],[-1.6646,-2.0278,-1.4707,-1.3254,-0.5477],[ 6.5952,-0.0855,-0.0202,-0.1921],-0.5
13621,[ 5.6614,-0.071 , 0.1215,-0.1925],[-0.8241,-1.5524,-0.9355,-1.8415,-0.5089],[ 5.6612,-0.0711, 0.1168,-0.2001],-0.5
13622,[ 6.5826,-0.0988,-0.1115,-0.1879],[-0.7484,-0.2918, 0.0318,-1.6549,-1.8044],[ 6.5819,-0.0983,-0.1132,-0.1873],-0.5
13623,[ 6.0378,-0.0868, 0.2441,-0.177 ],[-2.0129,-0.802 ,-0.6233,-1.2655,-0.762 ],[ 6.0406,-0.0871, 0.2442,-0.1803],-0.5
13624,[ 5.3357,-0.1261,-0.224 ,-0.1802],[-0.5543,-1.6635,-0.2822,-1.5388,-1.0768],[ 5.3374,-0.1253,-0.227 ,-0.1787],-0.5
13625,[ 6.2677,-0.0992, 0.347 ,-0.178 ],[ 1.4326, 2.0366,-1.3088, 1.1655, 0.7411],[ 6.2741,-0.0997, 0.3488,-0.179 ],-0.5
13626,[ 5.7096,-0.1071,-0.3142,-0.1751],[-1.3706,-0.9999,-1.6326,-1.1768,-2.0216],[ 5.7146,-0.1063,-0.3151,-0.172 ],-0.5
13627,[ 6.989 ,-0.1018, 0.4407,-0.1899],[-0.6374,-0.9392,-1.3957,-2.2529,-1.261 ],[ 6.9994,-0.1022, 0.4403,-0.1958],-0.5
13628,[ 8.3199,-0.0943,-0.4391,-0.1875],[-1.3614e-03,-1.6160e+00,-9.2459e-01,-6.0846e-01,-1.2126e+00],[ 8.3303,-0.0937,-0.4382,-0.1894],-0.5
13629,[ 5.3917,-0.098 , 0.0972,-0.19  ],[-42.6644,-42.6445,-41.9123,-41.6146,-42.9993],[ 5.4128,-0.096 , 0.0957,-0.1923],-0.4941
13630,[ 4.4724, 0.1899,-0.018 ,-0.1681],[-0.7274, 0.0143,-1.53  ,-1.0687,-1.5945],[ 4.4693, 0.1894,-0.0146,-0.1673],-0.5
13631,[ 4.0216, 0.1964, 0.0999,-0.2049],[-1.5209,-0.6746,-1.2114,-1.0264,-0.9827],[ 4.019 , 0.1953, 0.1039,-0.2066],-0.5
13632,[ 5.2585, 0.1829,-0.1023,-0.163 ],[-1.8756,-0.3717,-1.3057, 0.3304,-1.8219],[ 5.2564, 0.1827,-0.0998,-0.158 ],-0.5
13633,[ 2.1719, 0.1876, 0.2083,-0.1611],[-1.1179,-0.1149,-1.0998,-0.8902,-1.2091],[ 2.172 , 0.1859, 0.2127,-0.1602],-0.5
13634,[ 4.9945, 0.191 ,-0.2374,-0.1876],[-1.6468,-1.803 ,-1.7128,-0.8245,-2.3416],[ 4.9951, 0.1911,-0.2343,-0.1808],-0.5
13635,[ 5.2196, 0.1746, 0.3416,-0.224 ],[-0.7168,-0.8472,-0.7971,-0.9474,-1.2213],[ 5.2249, 0.1735, 0.3552,-0.2335],-0.5
13636,[ 5.334 , 0.189 ,-0.3352,-0.1981],[-0.7018,-0.892 ,-1.2149,-1.3474,-1.357 ],[ 5.3382, 0.1892,-0.3338,-0.1951],-0.5
13637,[ 7.6171, 0.1703, 0.4908,-0.2475],[-0.7293,-0.7977,-0.8846,-0.7242,-0.7947],[ 7.628 , 0.1695, 0.4777,-0.2644],-0.5
13638,[ 6.03  , 0.2004,-0.4391,-0.2018],[-1.6784,-0.8862,-1.4852,-1.7364,-0.7169],[ 6.0383, 0.2008,-0.4393,-0.2041],-0.5
13639,[ 5.8919, 0.1894,-0.4902,-0.2083],[-0.3894,-0.6037,-0.3647,-1.3729, 0.4044],[ 5.912 , 0.1895,-0.49  ,-0.2121],-0.5
13640,[ 5.5973,-0.1839, 0.0176,-0.1979],[-1.5811,-1.2324,-0.2803,-1.0202,-0.2626],[ 5.5943,-0.1836, 0.0147,-0.2002],-0.5
13641,[ 5.86  ,-0.1875, 0.1156,-0.1928],[-1.3025,-1.0711,-0.637 ,-1.6516,-0.5934],[ 5.8578,-0.1873, 0.1124,-0.1938],-0.5
13642,[ 7.7415,-0.1852,-0.1141,-0.2329],[-1.679 ,-0.1406,-0.6685,-0.175 ,-0.7319],[ 7.7392,-0.1848,-0.1157,-0.237 ],-0.5
13643,[ 7.3072,-0.1891, 0.2238,-0.1783],[-0.6415,-1.6232,-1.0926,-0.7301,-1.9957],[ 7.3075,-0.1892, 0.2235,-0.1719],-0.5
13644,[ 6.4314,-0.1832,-0.1751,-0.249 ],[-1.0638,-1.0613,-0.2018,-0.6626,-0.8494],[ 6.4299,-0.1824,-0.1652,-0.2654],-0.5
13645,[ 8.1675,-0.1848, 0.3435,-0.187 ],[-1.2169,-2.7392,-1.289 ,-0.0899,-1.0024],[ 8.1721,-0.185 , 0.3407,-0.1833],-0.5
13647,[ 8.7471,-0.1933, 0.4458,-0.1886],[-1.8622,-0.4407,-0.9639,-0.7934,-0.5114],[ 8.7559,-0.1936, 0.4452,-0.1879],-0.5
13649,[ 4.2356,-0.1783, 0.0286,-0.1846],[ 0.8235,-0.1598,-0.5332,-0.6631, 0.7401],[ 4.2538,-0.1744, 0.0303,-0.1931],-0.4831
13652,[ 1.8676, 0.2839,-0.1437,-0.2482],[-0.8994,-1.006 ,-0.822 ,-1.1277,-0.9273],[ 1.8625, 0.2834,-0.1296,-0.2651],-0.5
13656,[ 7.7586, 0.2947,-0.3716,-0.1407],[-0.0549,-0.7307,-1.3282,-1.1241,-1.7855],[ 7.7611, 0.2948,-0.3674,-0.1453],-0.5
13658,[ 5.5468, 0.3087,-0.4801,-0.1758],[-0.8245,-1.5451,-1.3073,-1.3626,-1.8175],[ 5.5537, 0.3088,-0.4795,-0.1717],-0.5
13659,[ 5.4078, 0.3169,-0.5699,-0.1788],[-1.1764,-0.7888,-0.7084,-0.1735,-1.7855],[ 5.4183, 0.3171,-0.5697,-0.1749],-0.5
13661,[ 8.5008,-0.2787, 0.0859,-0.2178],[-1.4849,-1.2308,-1.1522,-1.1939,-1.4525],[ 8.4954,-0.2784, 0.0868,-0.214 ],-0.5
13663,[ 7.2284,-0.2916, 0.2166,-0.217 ],[-1.3239,-0.8066,-0.0541,-1.0464,-1.3419],[ 7.2253,-0.2915, 0.2144,-0.2118],-0.5
13665,[ 7.8607,-0.2905, 0.3363,-0.1895],[-1.347 ,-0.2295,-1.7128,-0.4893,-0.0924],[ 7.862 ,-0.2905, 0.3347,-0.1854],-0.5
13667,[ 7.1216,-0.3039, 0.4535,-0.1929],[-1.8651,-1.3943,-1.6791, 0.0057,-2.8227],[ 7.1275,-0.304 , 0.4536,-0.1871],-0.5
13678,[ 2.6897, 0.4179,-0.4613,-0.1976],[-0.5425,-0.3849,-0.6338,-0.7078,-0.5475],[ 2.6916, 0.418 ,-0.4644,-0.1959],-0.5
13679,[ 2.7798, 0.4205,-0.5475,-0.2221],[-0.6656,-0.5521,-0.4287,-0.5476,-0.2709],[ 2.7855, 0.4206,-0.5488,-0.2277],-0.5
13700,[ 3.7478, 0.0238, 0.0071,-0.3059],[-1.5005,-0.9791,-1.2105,-0.5017,-1.5316],[ 3.7465, 0.0236, 0.0058,-0.3015],-0.4997
13701,[ 5.4287e+00, 4.3555e-04, 1.1531e-01,-3.1140e-01],[-0.9487,-0.3737,-0.3004,-1.4948,-0.5151],[ 5.4283e+00, 7.3890e-05, 1.1625e-01,-3.1689e-01],-0.4999
13702,[ 6.5183, 0.0171,-0.1246,-0.3084],[ 0.6815,-1.4865, 0.5632,-0.3935,-0.173 ],[ 6.5181, 0.0173,-0.1252,-0.3079],-0.4999
13703,[ 5.0973e+00,-9.8157e-04, 2.1450e-01,-2.9957e-01],[-1.1842,-0.3213,-1.0775, 2.4957, 0.9535],[ 5.0993e+00,-1.6601e-03, 2.1547e-01,-2.9318e-01],-0.4999
13704,[ 7.1204, 0.0141,-0.2337,-0.3082],[-1.3272,-0.5229,-0.2614,-1.1866,-1.1519],[ 7.1229, 0.0145,-0.2306,-0.3078],-0.5
13705,[ 7.7044,-0.0088, 0.3598,-0.3194],[ 0.6481, 6.9661,-0.2352,-1.4941, 0.3036],[ 7.7119,-0.0094, 0.3638,-0.3171],-0.5
13706,[ 8.3014, 0.0182,-0.3265,-0.3086],[-1.1021,-1.0488,-2.4951,-2.6366,-1.0349],[ 8.3071, 0.0187,-0.321 ,-0.3128],-0.5
13707,[ 7.0882,-0.0135, 0.4359,-0.3182],[-2.4878,-2.9149,-1.3733,-2.6888,-2.0158],[ 7.0988,-0.0142, 0.4335,-0.323 ],-0.5
13708,[ 9.5397, 0.0169,-0.4471,-0.3236],[-2.4328,-1.4757,-2.4798,-2.781 ,-1.746 ],[ 9.5507, 0.0176,-0.4406,-0.3231],-0.4999
13709,[ 5.4874, 0.0077, 0.081 ,-0.3113],[-37.581 ,-38.4865,-37.3747,-38.5544,-37.2886],[ 5.5127, 0.0079, 0.0833,-0.3124],-0.4998
13710,[ 4.3297e+00, 1.2389e-01, 2.5613e-03,-3.0276e-01],[-1.4889,-0.6089,-0.9417,-1.0909,-1.7805],[ 4.3273, 0.1234, 0.0085,-0.3046],-0.4999
13711,[ 5.226 , 0.1198, 0.112 ,-0.299 ],[-0.9943,-2.3029,-2.3594,-2.3988,-2.3793],[ 5.2247, 0.1191, 0.1172,-0.2991],-0.5
13712,[ 4.8768, 0.1198,-0.131 ,-0.3068],[-1.7245,-1.516 ,-1.6283,-2.722 ,-2.2966],[ 4.8757, 0.1199,-0.1302,-0.3095],-0.4998
13713,[ 5.0074, 0.108 , 0.2224,-0.3085],[-1.0102, 0.968 ,-1.1874,-0.6872,-1.4529],[ 5.009 , 0.107 , 0.2256,-0.3031],-0.5
13714,[ 5.6871, 0.1189,-0.2189,-0.3111],[-2.5672,-0.8972,-2.0976,-2.0674,-1.9823],[ 5.6881, 0.1193,-0.2162,-0.3084],-0.5
13715,[ 7.0884, 0.092 , 0.3376,-0.3054],[-1.1713,-0.6076,-0.1818,-0.9833,-2.0865],[ 7.0942, 0.0911, 0.3371,-0.3013],-0.5
13716,[ 6.5839, 0.1269,-0.3383,-0.3305],[-1.6122,-1.8529,-2.7923,-3.7033,-0.0889],[ 6.5891, 0.1274,-0.3359,-0.3336],-0.5
13717,[ 7.839 , 0.0902, 0.4411,-0.312 ],[ 0.1071,-1.4086, 0.3195,-0.4182,-0.1643],[ 7.8492, 0.0894, 0.435 ,-0.3135],-0.5
13718,[ 6.1032, 0.1273,-0.4493,-0.321 ],[-3.284 ,-2.4785,-2.7484,-3.0389,-2.3835],[ 6.1133, 0.128 ,-0.445 ,-0.3213],-0.5
13719,[ 6.3184, 0.1002,-0.3311,-0.3134],[-4.35  ,-5.2625,-3.9851,-4.4804,-5.4977],[ 6.343 , 0.1003,-0.3274,-0.3134],-0.5
13720,[ 6.7187,-0.0948,-0.0191,-0.3096],[-0.5182,-1.7897,-0.7331,-1.2286,-0.3097],[ 6.7167,-0.0945,-0.0219,-0.3056],-0.5
13721,[ 5.7446,-0.0875, 0.1108,-0.3185],[-1.0223,-1.2072,-0.611 ,-1.2505,-0.1236],[ 5.7435,-0.0876, 0.1082,-0.3259],-0.5
13722,[ 6.1846,-0.1234,-0.1097,-0.3086],[ 0.0266,-0.7308,-1.1586,-0.7831,-2.151 ],[ 6.1831,-0.1229,-0.112 ,-0.3062],-0.5
13723,[ 6.3383,-0.0915, 0.2401,-0.3215],[ 0.1217,-1.0069,-1.3757,-0.9152,-0.8902],[ 6.3404,-0.0918, 0.239 ,-0.3242],-0.5
13724,[ 5.5073,-0.1346,-0.2115,-0.3051],[-0.0545,-1.4322, 0.5317,-1.1713,-0.6087],[ 5.5081,-0.1339,-0.2151,-0.3035],-0.5
13725,[ 6.3773,-0.1039, 0.3523,-0.3237],[-3.4117,-2.5298,-3.3273,-3.7939,-3.3512],[ 6.3835,-0.1044, 0.3515,-0.3278],-0.5
13726,[ 5.8909,-0.1044,-0.3351,-0.3002],[-0.7618,-0.1572,-1.1904,-1.091 , 0.5339],[ 5.8966,-0.1035,-0.3366,-0.3031],-0.5
13727,[ 7.264 ,-0.1074, 0.4497,-0.3218],[-6.6989,-6.8851,-6.5529,-7.7967,-5.9728],[ 7.2745,-0.1078, 0.4479,-0.3285],-0.5
13728,[10.1055,-0.0872,-0.4417,-0.3244],[ 0.8212, 0.1156,-1.9186,-1.7428,-1.309 ],[10.1158,-0.0867,-0.4366,-0.3279],-0.5
13729,[ 7.9459,-0.1001, 0.4237,-0.3199],[-47.7838,-48.028 ,-49.2931,-48.4978,-48.6568],[ 7.9662,-0.1001, 0.4232,-0.3206],-0.4995
13730,[ 4.6864, 0.1774,-0.0251,-0.3148],[-0.6393,-1.2468,-0.727 ,-1.2611,-1.2972],[ 4.6829, 0.177 ,-0.0243,-0.3129],-0.5
13731,[ 4.7624, 0.1788, 0.1037,-0.2951],[-0.8695,-0.6397,-1.5795,-0.562 ,-0.5264],[ 4.7598, 0.178 , 0.1044,-0.292 ],-0.5
13732,[ 4.6692, 0.1777,-0.1045,-0.3214],[-1.0754,-1.2161,-1.305 ,-1.8718,-1.8936],[ 4.6665, 0.1775,-0.101 ,-0.3236],-0.5
13733,[ 5.2035, 0.1813, 0.2046,-0.2949],[-1.1187,-0.8059,-0.5265,-0.8911,-1.1247],[ 5.2036, 0.1804, 0.2216,-0.2788],-0.5
13734,[ 4.2027, 0.1877,-0.2433,-0.3001],[-0.186 ,-1.6992,-1.5169,-1.0482,-1.9802],[ 4.2032, 0.1879,-0.2408,-0.2943],-0.5
13735,[ 4.1605, 0.1825, 0.3583,-0.3242],[-0.6978,-0.9789,-0.1857,-0.5771,-0.7893],[ 4.1655, 0.1811, 0.3566,-0.3307],-0.5
13736,[ 5.2327, 0.1891,-0.3388,-0.3127],[-1.9028,-0.1055,-1.5193, 0.0207,-1.4742],[ 5.2368, 0.1895,-0.3377,-0.3083],-0.5
13737,[ 7.3413, 0.1781, 0.4704,-0.3386],[-0.9922,-0.7119,-0.3239,-1.1184,-0.3203],[ 7.3516, 0.1772, 0.4687,-0.3389],-0.5
13738,[ 5.272 , 0.1985,-0.4421,-0.326 ],[-1.8447,-1.31  ,-0.3323,-0.3407,-0.1144],[ 5.2806, 0.199 ,-0.4442,-0.3272],-0.5
13739,[ 6.0272, 0.1866,-0.3892,-0.3195],[-2.8312,-2.4232,-0.7232,-2.5722,-2.6667],[ 6.0483, 0.1866,-0.381 ,-0.3214],-0.5
13740,[ 5.1472,-0.1837, 0.0126,-0.3221],[-0.4278,-0.7769,-0.5003,-1.1739,-0.2208],[ 5.1436,-0.1833, 0.0101,-0.3248],-0.5
13741,[ 6.0493,-0.1863, 0.1235,-0.3118],[-1.6121,-1.8625,-1.3387,-1.2549,-1.213 ],[ 6.0467,-0.1862, 0.1225,-0.3103],-0.5
13742,[ 7.0488,-0.1925,-0.1093,-0.3257],[-0.4351,-1.5217, 0.2891, 1.0599, 0.7377],[ 7.0459,-0.1919,-0.1105,-0.3238],-0.5
13743,[ 6.9564,-0.1916, 0.2163,-0.3243],[-0.7176,-1.9163,-1.1266,-1.2571,-0.5863],[ 6.956 ,-0.1917, 0.2148,-0.3227],-0.5
13744,[ 5.8261,-0.1781,-0.1798,-0.3252],[-1.2156, 0.572 ,-1.3497,-1.3226, 0.5458],[ 5.8249,-0.1773,-0.1803,-0.3294],-0.5
13745,[ 7.2841,-0.1836, 0.3282,-0.3075],[-0.8487,-1.839 ,-2.4095,-0.7092,-2.5371],[ 7.2879,-0.1838, 0.3269,-0.3037],-0.5
13746,[ 4.6392,-0.1703,-0.3634,-0.3423],[-0.3934,-0.8254,-0.5692,-0.4332,-1.0469],[ 4.6445,-0.1691,-0.3582,-0.3366],-0.5
13747,[ 8.0197,-0.1934, 0.4609,-0.3199],[-2.6768,-2.4969,-3.4716,-3.6234,-2.3819],[ 8.0292,-0.1936, 0.4611,-0.3189],-0.5
13749,[ 7.8163,-0.1866, 0.5828,-0.3263],[-3.3251,-3.3177,-3.613 ,-4.1683,-3.2695],[ 7.8317,-0.1868, 0.5857,-0.3322],-0.5
13750,[ 1.8302, 0.279 ,-0.0386,-0.2739],[-0.3764,-0.4634,-0.3676,-0.6243,-0.3863],[ 1.8241, 0.2779,-0.0193,-0.2577],-0.5
13752,[ 1.8547, 0.2824,-0.1082,-0.2872],[-0.6674,-0.6716,-0.8927,-0.7706,-0.329 ],[ 1.849 , 0.2817,-0.0924,-0.2874],-0.5
13754,[ 1.903 , 0.286 ,-0.2194,-0.3297],[-0.1098,-0.3902,-1.4464,-0.4267,-1.2656],[ 1.8995, 0.2858,-0.2087,-0.3263],-0.5
13756,[ 2.2552, 0.3045,-0.3424,-0.3288],[-1.7023,-0.5918,-1.2579,-0.7783,-1.8004],[ 2.2558, 0.3047,-0.341 ,-0.3346],-0.5
13758,[ 3.8173, 0.2995,-0.4571,-0.3252],[-0.3843,-1.0114,-1.5458,-1.2567,-0.9682],[ 3.8235, 0.2998,-0.4573,-0.3248],-0.5
13759,[ 4.7406, 0.3234,-0.551 ,-0.3211],[-1.5141,-1.3563,-0.6123,-0.9894,-0.7877],[ 4.7504, 0.3236,-0.5516,-0.3186],-0.5
13760,[ 8.5407,-0.2803, 0.0486,-0.2626],[-0.5273,-0.7862, 0.0029,-1.0041,-0.6307],[ 8.5349,-0.28  , 0.0614,-0.2472],-0.5
13761,[ 8.5523,-0.2808, 0.078 ,-0.3054],[-0.7136,-0.8317,-0.8896,-0.9003,-0.8944],[ 8.5464,-0.2805, 0.0767,-0.2938],-0.5
13763,[ 6.7697,-0.2932, 0.2215,-0.3289],[-1.2023,-0.2664,-0.6511,-1.3179,-1.8684],[ 6.7664,-0.2931, 0.2221,-0.3259],-0.5
13765,[ 7.3035,-0.3036, 0.3393,-0.3568],[-1.1217,-0.0973,-1.8312, 0.8873,-0.5608],[ 7.304 ,-0.3037, 0.3375,-0.3593],-0.5
13767,[ 7.3535,-0.302 , 0.45  ,-0.3158],[ 0.4033,-0.1943, 0.0586,-1.1419,-1.4838],[ 7.3591,-0.3022, 0.4485,-0.311 ],-0.5
13769,[ 8.268 ,-0.2967, 0.6147,-0.3452],[-0.9542,-0.0173,-0.9141,-0.3048, 0.9832],[ 8.2817,-0.2968, 0.6147,-0.3477],-0.5
13778,[ 2.58  , 0.4102,-0.4711,-0.3251],[-0.8843,-0.6261,-1.0531,-0.6086,-0.9954],[ 2.5824, 0.4103,-0.471 ,-0.324 ],-0.5
13779,[ 2.7131, 0.4151,-0.5289,-0.3257],[-0.3646,-0.7365,-1.2151,-1.0264,-0.654 ],[ 2.7181, 0.4152,-0.5277,-0.3275],-0.5
13800,[ 2.6265, 0.0411,-0.0219,-0.4438],[-1.8658,-0.2876,-1.6428,-1.1271,-1.8058],[ 2.6245, 0.041 ,-0.0214,-0.4405],-0.4993
13801,[ 5.5436e+00, 4.9689e-03, 1.1666e-01,-4.3443e-01],[ 0.9817,-0.3868,-1.5853,-0.3367,-0.6015],[ 5.5427e+00, 4.5598e-03, 1.1798e-01,-4.3668e-01],-0.4999
13802,[ 6.2205, 0.0335,-0.1013,-0.4529],[-1.4971,-0.8736,-0.5886,-1.608 ,-0.7105],[ 6.2192, 0.0337,-0.1013,-0.4575],-0.4999
13803,[ 5.127 , 0.0119, 0.21  ,-0.4312],[ 5.1340e-04,-7.5372e-01,-7.6886e-01,-9.0468e-01,-2.0439e+00],[ 5.1284, 0.0112, 0.2109,-0.4255],-0.5
13804,[ 7.9852, 0.0191,-0.2306,-0.4309],[-0.7   ,-1.9096,-2.3055,-1.9331,-2.7568],[ 7.9871, 0.0195,-0.2288,-0.4335],-0.5
13805,[ 7.8043,-0.0095, 0.3596,-0.4176],[ 3.6117, 0.2099,-1.5145, 4.8464, 0.3314],[ 7.8113,-0.0101, 0.3574,-0.4109],-0.5
13806,[ 7.7912, 0.0215,-0.3435,-0.4436],[-4.6299,-5.5154,-4.824 ,-5.5755,-4.3036],[ 7.7974, 0.0221,-0.3407,-0.4493],-0.4999
13807,[ 7.4593,-0.016 , 0.4421,-0.4296],[-8.9877,-8.8211,-8.3605,-9.2868,-7.7689],[ 7.4702,-0.0167, 0.4401,-0.4359],-0.5
13808,[ 8.9695, 0.0162,-0.4499,-0.4433],[-6.8737,-7.057 ,-8.2514,-7.2583,-7.3726],[ 8.9806, 0.0169,-0.4444,-0.446 ],-0.4999
13809,[ 6.3748, 0.0084, 0.1052,-0.4359],[-52.3852,-50.8959,-50.6105,-50.6128,-52.8228],[ 6.4002, 0.0084, 0.1076,-0.4362],-0.5
13810,[ 4.1525e+00, 1.2970e-01, 8.3448e-06,-4.3706e-01],[-1.9744,-2.5754,-1.81  ,-2.2405,-2.3748],[ 4.1494e+00, 1.2923e-01, 1.3213e-03,-4.3637e-01],-0.4999
13811,[ 4.8697, 0.1361, 0.1204,-0.4385],[-0.6477,-0.6418,-1.8268,-1.1882,-0.3471],[ 4.8677, 0.1353, 0.1242,-0.448 ],-0.5
13812,[ 3.8854, 0.1196,-0.1246,-0.4523],[-1.0678,-3.0768,-0.8164,-2.6065, 0.7785],[ 3.8836, 0.1197,-0.1249,-0.4571],-0.4995
13813,[ 5.0141, 0.1157, 0.2162,-0.4365],[-0.6942,-1.0602, 0.1199, 0.5551,-1.3843],[ 5.0149, 0.1147, 0.2182,-0.4288],-0.4999
13814,[ 6.4907, 0.1301,-0.2305,-0.4415],[-2.7316,-2.4578,-1.5921,-3.0798,-2.0081],[ 6.4916, 0.1304,-0.2297,-0.4435],-0.5
13815,[ 7.1495, 0.0965, 0.3358,-0.4318],[-0.5799,-2.4649,-1.415 ,-1.4534,-1.3755],[ 7.1549, 0.0957, 0.3335,-0.4325],-0.5
13816,[ 7.2472, 0.1318,-0.3355,-0.4459],[-7.7184,-7.1573,-7.4146,-7.5747,-7.7726],[ 7.2519, 0.1322,-0.3341,-0.4474],-0.5
13817,[ 7.5085, 0.097 , 0.435 ,-0.4307],[-0.4366,-0.8647, 0.3631,-0.6019,-1.3304],[ 7.5184, 0.0961, 0.4328,-0.4312],-0.5
13818,[ 5.9768, 0.1289,-0.4443,-0.4374],[ -9.3727, -9.2288,-10.2726, -9.159 , -9.3604],[ 5.9866, 0.1296,-0.4411,-0.4381],-0.5
13819,[ 6.498 , 0.1062,-0.3745,-0.4311],[-11.0541,-11.758 ,-13.1336,-12.7159,-13.822 ],[ 6.5224, 0.1064,-0.3731,-0.4303],-0.5
13820,[ 5.2444e+00,-1.1498e-01,-3.1672e-03,-4.2381e-01],[-0.5452,-0.7793,-1.4611,-1.0499,-1.096 ],[ 5.2416,-0.1147,-0.0067,-0.4234],-0.5
13821,[ 4.6205,-0.0991, 0.1188,-0.4346],[-1.0401,-0.643 ,-1.223 ,-1.089 ,-0.9408],[ 4.6189,-0.0992, 0.118 ,-0.4368],-0.5
13822,[ 5.5984,-0.1302,-0.1041,-0.4265],[-1.3406,-1.4656,-0.6076,-1.3775,-2.4842],[ 5.5962,-0.1297,-0.1049,-0.4242],-0.5
13823,[ 5.9547,-0.1082, 0.2395,-0.4301],[-2.1429,-1.8621,-2.4576,-2.7751,-1.8144],[ 5.9562,-0.1085, 0.24  ,-0.4327],-0.5
13824,[ 6.4082,-0.1557,-0.2116,-0.4393],[-1.7587,-1.3632,-1.1912,-1.4867,-1.9107],[ 6.4083,-0.155 ,-0.2161,-0.4371],-0.5
13825,[ 6.9613,-0.1069, 0.3489,-0.438 ],[-7.0199,-6.3494,-7.4442,-7.1505,-6.8839],[ 6.9671,-0.1074, 0.3492,-0.4425],-0.5
13826,[ 7.7178,-0.0967,-0.3473,-0.4379],[ 0.4222,-1.3162,-0.2109, 0.7479,-0.1858],[ 7.7238,-0.0959,-0.3498,-0.4417],-0.5
13827,[ 7.3566,-0.1089, 0.4486,-0.4358],[-38.8615,-38.3187,-38.5249,-39.0908,-37.9695],[ 7.3671,-0.1094, 0.4479,-0.4416],-0.5
13828,[ 9.9908,-0.0804,-0.4481,-0.4476],[-0.3527,-0.5438,-1.0205,-1.1499, 0.848 ],[10.0015,-0.0799,-0.4459,-0.4522],-0.5
13829,[ 8.4919,-0.1017, 0.4336,-0.4375],[-66.7548,-68.0104,-67.6355,-49.671 ,-66.5382],[ 8.5119,-0.1019, 0.4312,-0.4365],-0.5
13830,[ 4.868 , 0.1775,-0.0163,-0.443 ],[-1.6791,-0.9973,-1.6572,-1.5453,-0.6635],[ 4.864 , 0.177 ,-0.0115,-0.4448],-0.4999
13831,[ 5.4904, 0.1765, 0.1064,-0.4465],[-1.0524,-0.8072,-1.7466,-0.5728,-0.7976],[ 5.4874, 0.1757, 0.1136,-0.4435],-0.5
13832,[ 4.3845, 0.1799,-0.1036,-0.4495],[-0.4928,-0.6747,-1.4614,-1.2913,-0.7116],[ 4.3811, 0.1797,-0.0988,-0.449 ],-0.4997
13833,[ 5.3736, 0.1714, 0.1825,-0.4416],[-0.5575,-1.2029,-1.1097,-0.8746,-1.0706],[ 5.3722, 0.1703, 0.1796,-0.436 ],-0.5
13834,[ 4.7887, 0.1792,-0.2273,-0.4521],[-1.8411,-1.2456,-1.341 ,-0.9895,-0.8997],[ 4.7883, 0.1794,-0.2226,-0.4505],-0.4999
13835,[ 4.4914, 0.1813, 0.3453,-0.4294],[-0.5459,-0.5919,-0.6277,-0.836 ,-0.8438],[ 4.4957, 0.18  , 0.3445,-0.4259],-0.5
13836,[ 5.2257, 0.1938,-0.3425,-0.4339],[-2.3055,-1.888 ,-0.9622,-0.378 ,-1.8828],[ 5.2296, 0.1941,-0.343 ,-0.43  ],-0.5
13837,[ 6.3966, 0.1795, 0.4601,-0.432 ],[-0.521 ,-1.2059,-0.2706,-0.2364, 0.5158],[ 6.406 , 0.1784, 0.4523,-0.4326],-0.5
13838,[ 4.8956, 0.206 ,-0.4373,-0.4239],[-3.9561,-4.6842,-4.0027,-3.5399,-4.6912],[ 4.9036, 0.2065,-0.4386,-0.4204],-0.5
13839,[ 6.115 , 0.1889,-0.3183,-0.4487],[ 1.143 ,-2.8677, 0.4127,-3.1008,-1.5931],[ 6.1378, 0.1888,-0.3041,-0.4508],-0.5
13840,[ 5.6554,-0.1893,-0.0099,-0.4337],[-1.7596,-2.1641,-1.3695,-0.9758,-1.7662],[ 5.6512,-0.1888,-0.0129,-0.4306],-0.5
13841,[ 6.382 ,-0.179 , 0.1214,-0.4288],[-1.5707,-0.1565,-1.2207,-1.0999,-0.0993],[ 6.3792,-0.1789, 0.1218,-0.4296],-0.5
13842,[ 6.4641,-0.1893,-0.1085,-0.4291],[-0.6117,-1.2755,-0.1606, 0.2432,-1.77  ],[ 6.4609,-0.1887,-0.1116,-0.423 ],-0.5
13843,[ 7.2847,-0.193 , 0.2134,-0.4303],[-1.4833,-1.2645, 0.2245, 0.5298,-1.9035],[ 7.2836,-0.1931, 0.2084,-0.4202],-0.5
13844,[ 6.6426,-0.1852,-0.1876,-0.4338],[ 2.13  , 1.8288,-0.5303,-0.8531,-0.759 ],[ 6.6411,-0.1844,-0.1874,-0.4306],-0.5
13845,[ 7.0813,-0.1867, 0.3407,-0.4446],[-2.2036,-2.3532,-2.2568,-2.049 ,-2.5119],[ 7.0852,-0.187 , 0.3382,-0.4436],-0.5
13846,[ 4.6087,-0.1776,-0.3187,-0.4221],[-0.9679,-1.27  ,-0.9164,-0.9149,-1.0837],[ 4.6126,-0.1765,-0.3319,-0.4055],-0.5
13847,[ 7.6698,-0.1956, 0.4662,-0.4485],[ -9.9898,-10.1651,-10.3189,-10.3594, -8.6737],[ 7.6795,-0.196 , 0.4669,-0.4475],-0.5
13849,[ 7.7956,-0.1897, 0.5572,-0.4447],[-40.8147,-40.3347,-40.5554,-41.0204,-40.6707],[ 7.8102,-0.1899, 0.5577,-0.4493],-0.5
13854,[ 1.91  , 0.2864,-0.2235,-0.3995],[-0.5879,-0.807 ,-0.7714,-0.3382,-1.206 ],[ 1.9067, 0.2863,-0.2226,-0.3965],-0.5
13856,[ 2.1842, 0.3013,-0.3551,-0.443 ],[-0.718 ,-0.3985,-1.5671,-1.0635,-0.9489],[ 2.1853, 0.3016,-0.355 ,-0.4432],-0.5
13858,[ 4.3657, 0.3129,-0.4581,-0.438 ],[-0.7629,-1.6147,-0.6469,-1.3333,-1.282 ],[ 4.3713, 0.3132,-0.4595,-0.4378],-0.5
13859,[ 3.7236, 0.3213,-0.559 ,-0.4391],[-1.4861, 0.7794,-1.2922,-0.4582,-0.5969],[ 3.7337, 0.3216,-0.5579,-0.4367],-0.5
13861,[ 7.8176,-0.2879, 0.135 ,-0.4348],[-0.7465,-1.276 ,-1.0748,-1.3882,-1.1156],[ 7.8117,-0.2877, 0.1284,-0.4183],-0.5
13863,[ 6.3271,-0.2933, 0.229 ,-0.4322],[-1.421 ,-1.0118,-0.5801,-1.6505,-0.8184],[ 6.3237,-0.2933, 0.2295,-0.4296],-0.5
13865,[ 6.8196,-0.2995, 0.3294,-0.4318],[-1.2317,-0.7055,-2.3489, 0.408 ,-2.0444],[ 6.8197,-0.2996, 0.3286,-0.4305],-0.5
13867,[ 7.6296,-0.297 , 0.4539,-0.4415],[-0.6832,-1.397 , 0.1683, 0.0391,-1.453 ],[ 7.6355,-0.2972, 0.4515,-0.436 ],-0.5
13869,[ 7.8678,-0.2897, 0.5908,-0.4504],[-0.5251, 6.2037, 7.2419,-0.3727, 3.3402],[ 7.8807,-0.2898, 0.5903,-0.4509],-0.5
13878,[ 2.4385, 0.4028,-0.4742,-0.4068],[-0.7177,-1.0666,-0.923 ,-0.924 ,-0.8945],[ 2.4414, 0.4031,-0.4733,-0.3979],-0.5
13879,[ 2.7003, 0.4143,-0.5293,-0.4024],[-0.3701,-0.4719,-0.3157,-1.0345,-0.9573],[ 2.7054, 0.4145,-0.5292,-0.3992],-0.5
13900,[ 2.7044, 0.0339,-0.0185,-1.2471],[0.2855,0.113 ,2.5213,1.3978,1.2822],[ 2.6989, 0.0338,-0.0203,-1.2444],-0.4979
13901,[ 2.213 , 0.0104, 0.1112,-1.5699],[-0.7537,-0.7399,-0.0835, 0.5904, 0.0198],[ 2.2073, 0.0091, 0.1108,-1.5662],-0.497
13902,[ 2.917 , 0.03  ,-0.0836,-1.254 ],[0.5418,3.2622,1.1648,4.0596,2.1741],[ 2.9121, 0.0305,-0.083 ,-1.257 ],-0.4992
13903,[ 3.4185, 0.0046, 0.2197,-1.3272],[-1.1032,-0.6023,-1.8012,-0.9544, 0.4172],[ 3.4172e+00, 2.6407e-03, 2.2262e-01,-1.3310e+00],-0.4971
13904,[ 6.032 , 0.0169,-0.2385,-1.2481],[-0.2668, 0.8211, 0.9444,-2.2241,-1.095 ],[ 6.0316, 0.0178,-0.2384,-1.2557],-0.4999
13905,[ 7.1442e+00, 2.9958e-03, 3.6211e-01,-7.8273e-01],[-0.5143,-0.4351,-2.3207,-1.1096,-0.7492],[ 7.1508e+00, 2.1128e-03, 3.6415e-01,-7.8646e-01],-0.4998
13906,[ 9.0162e+00, 7.9758e-03,-3.5474e-01,-1.6899e+00],[-0.7319,20.9511,20.5872,-0.2921, 4.2051],[ 9.0207e+00, 8.6835e-03,-3.5490e-01,-1.6964e+00],-0.5
13907,[ 8.1991,-0.0176, 0.4544,-1.268 ],[ -0.3956,  2.3968, -1.2472, -1.0464,101.7033],[ 8.2103,-0.0183, 0.4552,-1.2893],-0.5
13908,[ 9.3485e+00,-5.4667e-03,-4.3766e-01,-2.3291e+00],[12.5175,11.4996,12.4101,-1.4586, 5.2936],[ 9.3576e+00,-4.6599e-03,-4.3768e-01,-2.3394e+00],-0.5
13909,[ 7.2900e+00,-1.3619e-03,-2.3791e-02,-9.5688e-01],[  3.5827, 16.4451, -1.0485,178.1583,  4.4733],[ 7.3123e+00,-1.3138e-03,-2.4713e-02,-9.4460e-01],-0.5
13910,[ 1.798 , 0.0971,-0.0191,-1.5045],[ 0.7389, 0.8393,-0.0146,-0.3393,-0.0249],[ 1.7907, 0.0967,-0.0181,-1.5121],-0.4985
13911,[ 3.0746, 0.1189, 0.1066,-1.318 ],[-0.6775, 2.5739,-0.5786, 1.1528, 0.7315],[ 3.069 , 0.1175, 0.1108,-1.3195],-0.4991
13912,[ 1.4548, 0.0904,-0.0916,-1.4247],[5.0741,2.4032,2.2768,6.7785,0.4552],[ 1.4488, 0.0907,-0.091 ,-1.4215],-0.4962
13913,[ 4.0981, 0.1304, 0.2174,-0.9455],[-2.0518,-0.7153,-2.0157,-1.845 ,-1.9934],[ 4.097 , 0.129 , 0.2225,-0.94  ],-0.4999
13914,[ 4.7825, 0.1148,-0.236 ,-0.8569],[ 3.4389,-2.7254, 5.4536, 0.2383, 1.8732],[ 4.7825, 0.1154,-0.2375,-0.8609],-0.4992
13915,[ 5.818 , 0.1119, 0.3458,-1.0125],[ 1.7134, 0.04  ,-0.7274,-1.6539, 1.7063],[ 5.8227, 0.1107, 0.3497,-1.0189],-0.5
13916,[ 7.4529, 0.1198,-0.3448,-1.1655],[ 4.0782, 4.5126,-2.5145,79.2029,79.3896],[ 7.4569, 0.1203,-0.3448,-1.1659],-0.5
13917,[ 6.0714, 0.0976, 0.4228,-1.1938],[-3.4506, 5.1766, 6.4305, 5.5774, 7.1167],[ 6.0801, 0.0964, 0.4232,-1.1972],-0.5
13918,[ 6.9881, 0.1161,-0.4366,-1.3601],[-16.8118,-17.0345,-18.3438,-16.5674,-18.0071],[ 6.9969, 0.1169,-0.4349,-1.3621],-0.5
13919,[ 7.0763, 0.105 ,-0.4059,-0.9521],[ 7.2692, 4.4023,-1.564 ,37.7834, 5.037 ],[ 7.1002, 0.1053,-0.4049,-0.9491],-0.5
13920,[ 3.6178,-0.1355,-0.0072,-1.6548],[-1.7578,-2.5734,-0.8931,-0.1165,-0.826 ],[ 3.6093,-0.1348,-0.0096,-1.6555],-0.4998
13921,[ 2.6588,-0.0954, 0.1141,-1.2235],[-1.2347,-0.3797,-0.9408,-0.7427,-1.0389],[ 2.654 ,-0.0961, 0.1159,-1.2279],-0.4945
13922,[ 4.4687,-0.1494,-0.1194,-1.167 ],[-0.8521,-2.391 ,-1.1239,-0.4856,-0.5787],[ 4.4635,-0.1483,-0.1254,-1.1684],-0.4998
13923,[ 5.5018,-0.1243, 0.241 ,-0.9245],[ 0.951 , 1.0162,-0.1869,-0.13  , 1.1871],[ 5.5016,-0.125 , 0.2428,-0.9273],-0.4995
13924,[ 4.2856,-0.1207,-0.2153,-1.5168],[ 3.4197, 2.1147, 2.7674,-1.7563, 1.1331],[ 4.2825,-0.1192,-0.2187,-1.5298],-0.4998
13925,[ 7.576 ,-0.1136, 0.3491,-0.6803],[-6.0563,-5.828 ,-6.5696,-6.3373,-6.2033],[ 7.5813,-0.1141, 0.3501,-0.684 ],-0.4999
13926,[ 8.3845,-0.0889,-0.3521,-1.8193],[-0.011 , 3.7282, 8.0642, 3.1517, 2.3403],[ 8.388 ,-0.088 ,-0.3547,-1.8291],-0.4999
13927,[ 8.3063,-0.1163, 0.461 ,-0.9577],[ 3.3527e+02, 2.0440e+00,-2.5954e-01,-6.3307e-01,-8.8125e-01],[ 8.3171,-0.1168, 0.4615,-0.9617],-0.5
13928,[ 9.0827,-0.083 ,-0.448 ,-1.6535],[ 4.5359, 1.0208,12.7782, 2.2346, 3.9308],[ 9.0925,-0.0822,-0.447 ,-1.6612],-0.5
13929,[ 7.9323,-0.1031, 0.229 ,-1.2115],[ 13.4413, 15.1946,  2.501 ,126.8333, 14.7086],[ 7.9533,-0.1032, 0.2236,-1.2093],-0.5
13930,[ 3.9385, 0.1873,-0.0041,-1.1876],[-1.0524,-1.2341,-2.3849,-3.0798,-1.3676],[ 3.9310e+00, 1.8661e-01, 2.7400e-03,-1.1946e+00],-0.4996
13931,[ 4.385 , 0.1847, 0.1051,-1.3329],[-2.7488,-2.1367,-4.0284,-2.9275,-2.7564],[ 4.3781, 0.1836, 0.113 ,-1.3301],-0.4998
13932,[ 3.654 , 0.1982,-0.1118,-1.4311],[ 0.6682, 1.574 ,-1.0922, 2.1411, 0.5052],[ 3.6463, 0.1981,-0.1062,-1.4257],-0.4998
13933,[ 4.9576, 0.1808, 0.209 ,-1.1488],[-1.7993,-1.4013,-2.8531,-1.7992,-1.7589],[ 4.9546, 0.1796, 0.2174,-1.1483],-0.5
13934,[ 4.5725, 0.1907,-0.2253,-1.0975],[-1.527 ,-1.5522,-3.4387,-2.1019,-2.2895],[ 4.5695, 0.1911,-0.2202,-1.0991],-0.4994
13935,[ 5.7051, 0.182 , 0.3217,-1.3649],[-0.6189,-0.3405,-0.9657,-1.2357,-1.6771],[ 5.7065, 0.1807, 0.3282,-1.3655],-0.5
13936,[ 5.4849, 0.1915,-0.3415,-1.1025],[3.3911,4.4863,0.7694,3.3259,3.6732],[ 5.4873, 0.192 ,-0.34  ,-1.1041],-0.5
13937,[ 7.9057, 0.1787, 0.4368,-1.1705],[-0.6255,-1.4825,-0.6311,-1.3006,-0.146 ],[ 7.9137, 0.1777, 0.4377,-1.177 ],-0.5
13938,[ 5.8446, 0.2061,-0.4182,-1.7708],[ 1.0557, 0.8437,-3.154 , 0.9339, 1.3116],[ 5.8502, 0.2068,-0.4171,-1.7713],-0.5
13939,[ 6.8128, 0.1964,-0.422 ,-0.9072],[ 9.1415, 8.3249, 7.3775,26.6492,10.7162],[ 6.836 , 0.1964,-0.4136,-0.9051],-0.5
13940,[ 5.1799e+00,-1.9774e-01, 2.5180e-03,-1.4083e+00],[-0.8421,-0.9798, 0.305 ,-0.1705,-2.4015],[ 5.1712e+00,-1.9723e-01,-1.5277e-03,-1.4027e+00],-0.5
13941,[ 5.2171,-0.2028, 0.1092,-1.2115],[-3.3141,-5.1105,-2.4246,-3.1196,-3.3537],[ 5.21  ,-0.2027, 0.104 ,-1.2167],-0.5
13942,[ 5.6177,-0.1932,-0.0997,-1.1381],[-0.8614,-1.873 ,-0.7677, 0.0999,-1.6453],[ 5.6113,-0.1924,-0.1038,-1.1304],-0.4999
13943,[ 6.1401,-0.2039, 0.2246,-1.2227],[-2.4455,-3.9255,-2.3303,-2.3821,-2.9415],[ 6.1363,-0.2041, 0.2189,-1.2264],-0.5
13944,[ 5.0648,-0.1978,-0.2089,-0.9838],[ 0.1771,-1.2468,-1.8682, 0.0762,-0.9094],[ 5.0617,-0.1966,-0.2117,-0.9765],-0.4999
13945,[ 6.3344,-0.1975, 0.3355,-1.0017],[-0.8987,-2.1438, 0.529 ,-0.9799,-1.3381],[ 6.3363,-0.1979, 0.3296,-1.0016],-0.4998
13946,[ 4.2543,-0.2014,-0.3296,-1.2829],[-0.7795,-1.3793,-0.4213,-1.1174,-0.9001],[ 4.2558,-0.1997,-0.3362,-1.2823],-0.5
13947,[ 7.6511,-0.1991, 0.4716,-0.8705],[-42.0649,-43.9779,-42.212 ,-43.6728,-43.8539],[ 7.6607,-0.1994, 0.4718,-0.8698],-0.5
13948,[ 4.8749,-0.187 ,-0.4342,-1.4942],[-0.3653, 0.0263,-0.3217,-0.411 ,-0.7894],[ 4.8825,-0.1854,-0.4389,-1.5068],-0.5
13949,[ 8.3881,-0.2126, 0.5683,-0.9239],[ 4.6621e+01, 3.6088e+02, 3.6218e+02,-1.8087e-01, 3.2862e+00],[ 8.404 ,-0.2129, 0.568 ,-0.9256],-0.5
13956,[ 5.4999, 0.314 ,-0.367 ,-2.0015],[-0.3753,-0.8423, 0.8166, 0.236 ,-0.3656],[ 5.4983, 0.3145,-0.3674,-1.9987],-0.5
13958,[ 4.4082, 0.3211,-0.4452,-1.3326],[1.1148,2.2905,0.6911,1.9406,2.1949],[ 4.4121, 0.3216,-0.4451,-1.3309],-0.5
13959,[ 4.3167, 0.3175,-0.544 ,-1.4325],[1.4676,2.5994,0.6977,3.4499,3.3441],[ 4.3272, 0.3182,-0.5441,-1.4324],-0.4999
13960,[ 3.1037e+00,-2.9959e-01, 2.6589e-03,-1.7522e+00],[ 1.1191,-0.8478, 0.0987, 0.27  ,-1.253 ],[ 3.0903e+00,-2.9859e-01,-6.3485e-04,-1.7484e+00],-0.4999
13961,[ 3.0914,-0.3266, 0.1286,-2.8493],[-1.5406,-1.822 ,-0.5386,-0.9812,-1.153 ],[ 3.0742,-0.3265, 0.1265,-2.856 ],-0.4999
13962,[ 3.0821,-0.2859,-0.0602,-1.2955],[-0.9126,-0.9768,-0.4237,-0.0894,-0.8319],[ 3.0715,-0.2848,-0.0619,-1.295 ],-0.5
13963,[ 4.4278,-0.3185, 0.2166,-2.0498],[-1.505 , 4.2348,-0.519 , 1.4276,-0.3702],[ 4.4172,-0.3188, 0.2138,-2.0386],-0.4977
13965,[ 6.0988,-0.304 , 0.3344,-1.4057],[0.3656,3.5716,3.2188,3.0281,2.7303],[ 6.0966,-0.3043, 0.3327,-1.4066],-0.5
13967,[ 6.7963,-0.2928, 0.4476,-1.1223],[0.9323,3.5562,2.0228,2.8162,0.9743],[ 6.8016,-0.2932, 0.446 ,-1.1235],-0.4999
13969,[ 6.3999,-0.2953, 0.54  ,-1.2137],[4.7642,5.2768,5.4181,3.2076,3.4144],[ 6.4139,-0.2957, 0.5372,-1.2064],-0.4997
13972,[ 1.4945, 0.3973,-0.148 ,-1.6712],[-0.4656,-0.1896,-0.4812,-0.2137,-0.6872],[ 1.48  , 0.3968,-0.1522,-1.6698],-0.5
13974,[ 0.8584, 0.4048,-0.229 ,-2.0372],[-0.8144,-0.9825,-0.3992,-1.6869,-0.866 ],[ 0.8453, 0.4052,-0.229 ,-2.0457],-0.4994
13976,[ 0.5282, 0.4447,-0.3151,-2.396 ],[-0.5072,-0.466 ,-0.843 ,-0.0885,-1.5645],[ 0.5169, 0.4466,-0.314 ,-2.3824],-0.4934
13978,[ 2.2984, 0.3933,-0.4761,-0.6274],[ 0.6228,-1.5621, 0.805 ,-0.5089,-1.643 ],[ 2.3017, 0.3936,-0.4764,-0.6178],-0.5
13979,[ 0.5727, 0.4549,-0.68  ,-4.3695],[-1.1026, 0.7163,-0.8747, 1.0924,-0.5337],[ 0.5924, 0.4578,-0.6839,-4.3674],-0.4996
13985,[ 2.0997,-0.4366, 0.3398,-3.6483],[-0.7648,-1.5105,-0.4712,-1.4841,-0.8768],[ 2.088 ,-0.438 , 0.3404,-3.6652],-0.5
13989,[ 0.654 ,-0.4428, 0.6843,-2.6581],[-1.1022, 1.2365,-0.9357,-0.7988, 0.8527],[ 0.6703,-0.4446, 0.6877,-2.6611],-0.4985
13995,[ 1.5   ,-0.5161, 0.3807,-4.2   ],[-0.824 ,-0.76  ,-0.7546,-0.7892,-0.6031],[ 1.4873,-0.5182, 0.3815,-4.1943],-0.5
13996,[-0.2538, 0.5145,-0.3627,-2.6398],[-0.1919,-0.5517,-0.429 ,-0.7028,-0.749 ],[-0.265 , 0.5187,-0.3693,-2.665 ],-0.4784
13997,[ 1.1986,-0.6394, 0.4609,-3.3803],[-0.7779,-0.1768,-0.7033, 0.0184,-0.5263],[ 1.1892,-0.6419, 0.4631,-3.3673],-0.5
13998,[-0.3604, 0.5721,-0.4374,-2.5546],[-0.4143,-0.7729,-0.774 ,-0.464 ,-0.7847],[-0.3683, 0.5777,-0.4437,-2.538 ],-0.4681
13999,[ 0.9403,-0.4606, 0.5199,-3.0533],[-0.1265,-1.0421, 0.7635, 0.4158, 0.5501],[ 0.9485,-0.4596, 0.522 ,-3.048 ],-0.4989
