998,[-0.9588, 0.5376,-0.3975,-2.7129],[ 0.   , 0.   , 0.   ,-0.081, 0.   ],[-0.9667, 0.6446,-0.5066,-2.7405],-0.1713
999,[-0.9643, 0.3422,-0.706 ,-2.698 ],[-0.1741,-0.0871,-0.0881, 0.    , 0.    ],[-0.959 ,-0.0504,-0.8142,-2.6708],-0.3895
1974,[-0.9219, 0.4039,-0.2606,-2.6278],[ 0.    , 0.    ,-0.0583, 0.    , 0.    ],[-0.9353, 0.4301,-0.2835,-2.6566],0.0828
1976,[-0.9415, 0.4506,-0.3059,-2.6702],[ 0.    , 0.    ,-0.0745, 0.    ,-0.0668],[-0.9533, 0.5044,-0.3628,-2.6984],-0.0301
1999,[-0.9334,-0.891 ,-0.3071,-2.6082],[ 0.    ,-0.1779, 0.    , 0.    ,-0.0889],[-0.9209,-0.8627, 0.3316,-2.6022],-0.4268
2903,[-0.8789, 0.0066, 0.2356,-2.5809],[ 0.    , 0.    ,-0.0273,-0.0194, 0.    ],[-0.8825,-0.0404, 0.2818,-2.5808],0.2109
2913,[-0.8693, 0.071 , 0.1733,-2.5953],[ 0.    , 0.    , 0.    , 0.    ,-0.0125],[-0.8764, 0.0295, 0.2132,-2.5667],0.2224
2925,[-0.8833,-0.0889, 0.33  ,-2.553 ],[ 0.    , 0.    , 0.    ,-0.0347,-0.0423],[-0.8814,-0.1367, 0.3776,-2.5252],0.1266
2927,[-0.8798,-0.1601, 0.4008,-2.511 ],[ 0.    , 0.    , 0.    , 0.    ,-0.0493],[-0.8743,-0.2039, 0.4437,-2.5392],0.0501
2947,[-0.8743,-0.2039, 0.4437,-2.5392],[ 0.   , 0.   ,-0.056, 0.   , 0.   ],[-0.8667,-0.2436, 0.482 ,-2.5675],-0.001
2954,[-0.8881, 0.3667,-0.2272,-2.5674],[ 0.    ,-0.0766,-0.029 , 0.    ,-0.0505],[-0.9016, 0.3799,-0.2391,-2.5922],0.1342
2998,[-0.8745, 0.5922,-0.4809,-1.7592],[-0.0562,-0.0593, 0.    , 0.    , 0.    ],[-0.8798, 0.6146,-0.4995,-1.7816],-0.1297
2999,[-0.8883, 0.4522,-0.33  ,-1.9851],[-0.2589,-0.106 ,-0.201 ,-0.3678,-0.1917],[-0.8842, 0.3645,-0.3538,-1.9855],-0.3297
3911,[-0.8547, 0.1244, 0.1237,-2.6334],[ 0.    , 0.    ,-0.0027,-0.0071, 0.    ],[-0.8647, 0.0896, 0.1559,-2.6078],0.1806
3930,[-0.8235, 0.193 , 0.0518,-2.7034],[0.0025,0.    ,0.    ,0.    ,0.    ],[-0.837 , 0.1691, 0.0779,-2.6743],0.0919
3931,[-0.837 , 0.1691, 0.0779,-2.6743],[0.    ,0.    ,0.0005,0.    ,0.    ],[-0.8493, 0.1406, 0.1088,-2.6466],0.1285
3947,[-0.8667,-0.2436, 0.482 ,-2.5675],[ 0.    , 0.    ,-0.0622, 0.    , 0.    ],[-0.8573,-0.2788, 0.5155,-2.5945],-0.0494
3954,[-0.841 , 0.3387,-0.2032,-2.4736],[-0.0248,-0.0194, 0.    , 0.    ,-0.0216],[-0.8543, 0.3447,-0.2087,-2.5011],0.0332
3969,[-0.8462,-0.3083, 0.5444,-2.6196],[ 0.    ,-0.1457,-0.0731, 0.    , 0.    ],[-0.8342,-0.3352, 0.5708,-2.6439],-0.1346
3976,[-0.8307, 0.479 ,-0.3809,-1.8429],[-0.0814, 0.    , 0.    , 0.    , 0.    ],[-0.8377, 0.492 ,-0.3934,-1.8186],-0.1224
3978,[-0.8411, 0.4986,-0.3998,-1.8068],[ 0.    ,-0.0432, 0.    , 0.    , 0.    ],[-0.8478, 0.5129,-0.413 ,-1.7843],-0.1174
3998,[-0.8571, 0.537 ,-0.4341,-1.7533],[-0.0472,-0.0972, 0.    , 0.    ,-0.0495],[-0.8631, 0.5542,-0.4488,-1.7442],-0.1168
3999,[-0.8422,-0.9054,-0.3752,-1.9466],[-0.2415,-0.0552,-0.0939,-0.0631,-0.2394],[-0.8331,-0.8951,-0.3847,-1.9328],-0.4456
4930,[-0.8013, 0.2218, 0.0208,-2.7461],[0.0034,0.    ,0.    ,0.0034,0.    ],[-0.8162, 0.2031, 0.0409,-2.7174],0.0347
4954,[-0.8011, 0.3267,-0.1818,-2.4089],[ 0.   , 0.   , 0.   , 0.   ,-0.052],[-0.8145, 0.3297,-0.1893,-2.4185],-0.0528
4965,[-0.788 ,-0.2978, 0.3044,-1.7686],[ 0.    , 0.    ,-0.0106,-0.0084,-0.0098],[-0.7923,-0.3078, 0.3129,-1.7643],-0.1277
4969,[-0.8144,-0.3696, 0.6059,-2.6783],[-0.0828, 0.    , 0.    , 0.    ,-0.0868],[-0.8   ,-0.3882, 0.6265,-2.6997],-0.2232
4976,[-0.8005, 0.4376,-0.3414,-1.7728],[ 0.    ,-0.0701,-0.0348,-0.0359,-0.0702],[-0.8082, 0.4469,-0.3504,-1.7964],-0.1484
4989,[-0.7925,-0.3969, 0.636 ,-2.7101],[ 0.    , 0.    ,-0.0909, 0.    , 0.    ],[-0.777 ,-0.4119, 0.6521,-2.7393],-0.2659
4999,[-0.7983,-0.8475,-0.0234,-2.0044],[-0.0475,-0.097 ,-0.0419,-0.1172,-0.1949],[-0.788 ,-0.8408, 0.2206,-2.0066],-0.4478
5930,[-0.7614, 0.2568,-0.0156,-2.7064],[ 0.    ,-0.0011, 0.    , 0.003 , 0.0013],[-0.7776, 0.2442,-0.0029,-2.733 ],-0.0611
5943,[-0.7555,-0.2412, 0.2459,-1.8374],[-0.0278, 0.    ,-0.0075,-0.0695,-0.0139],[-0.7611,-0.249 , 0.2549,-1.825 ],-0.1544
5954,[-0.7538, 0.3202,-0.1817,-2.4184],[-0.0194, 0.    ,-0.0164,-0.0177,-0.0214],[-0.7673, 0.3219,-0.179 ,-2.4183],-0.1419
5956,[-0.7397, 0.3865,-0.2874,-1.8241],[-0.0378, 0.    , 0.    , 0.    , 0.    ],[-0.7483, 0.3919,-0.2942,-1.8045],-0.2153
5976,[-0.7608, 0.4008,-0.3039,-1.7722],[-0.0346, 0.    , 0.    ,-0.0722,-0.0339],[-0.769 , 0.407 ,-0.3107,-1.7495],-0.1917
5989,[-0.7608,-0.4246, 0.6641,-2.7676],[ 0.    , 0.    ,-0.1982, 0.    ,-0.0943],[-0.7445,-0.4364, 0.6749,-2.796 ],-0.3104
5999,[-0.7572,-0.821 , 0.9488,-1.9724],[-0.1023,-0.1489,-0.1121, 0.    , 0.    ],[-0.7466,-0.8166, 0.9441,-1.9698],-0.4491
6903,[-0.6898,-0.0516, 0.2282,-2.4793],[ 0.    ,-0.0563, 0.    , 0.    , 0.    ],[-0.6945,-0.0666, 0.2462,-2.5074],-0.2207
6923,[-0.6982,-0.0824, 0.263 ,-2.5335],[ 0.    ,-0.0578,-0.1157, 0.    , 0.    ],[-0.7014,-0.0984, 0.2799,-2.5589],-0.2221
6925,[-0.7065,-0.1398, 0.3177,-2.579 ],[ 0.    ,-0.1274, 0.    ,-0.1228, 0.    ],[-0.7073,-0.1563, 0.3326,-2.5636],-0.2333
6943,[-0.7105,-0.196 , 0.1904,-1.9586],[ 0.    ,-0.048 , 0.    ,-0.0764,-0.0262],[-0.7177,-0.2013, 0.1967,-1.9427],-0.2019
6945,[-0.707 ,-0.1893, 0.3659,-2.509 ],[ 0.   , 0.   , 0.   , 0.   ,-0.137],[-0.7052,-0.2057, 0.3842,-2.5102],-0.2537
6947,[-0.6983,-0.238 , 0.422 ,-2.566 ],[-0.1449, 0.    , 0.    , 0.    ,-0.1452],[-0.6937,-0.2538, 0.4411,-2.594 ],-0.2846
6950,[-0.7117, 0.2862,-0.0439,-2.6254],[-0.0031, 0.    ,-0.0066, 0.    ,-0.0104],[-0.7284, 0.2775,-0.0352,-2.6531],-0.1681
6954,[-0.7081, 0.3455,-0.2349,-2.139 ],[ 0.    ,-0.1364,-0.0366,-0.0532, 0.    ],[-0.7189, 0.3491,-0.2374,-2.1216],-0.2352
6956,[-0.7309, 0.3815,-0.2833,-1.8447],[ 0.    , 0.    ,-0.0391, 0.    , 0.    ],[-0.7397, 0.3865,-0.2874,-1.8241],-0.2247
6989,[-0.7111,-0.4565, 0.6918,-2.8521],[ 0.    , 0.    ,-0.1083,-0.1113,-0.1053],[-0.6941,-0.4652, 0.6983,-2.8804],-0.3613
6999,[-0.7073,-0.7699, 0.9052,-2.8692],[-0.2084, 0.    , 0.    ,-0.1036, 0.    ],[-0.6923,-0.7684, 0.9041,-2.8581],-0.4463
7489,[-0.6547,-0.4177,-0.5792, 0.0245],[-1.3559, 0.7288,-3.0971,-1.562 ,-1.4631],[-0.6469,-0.3936,-0.6008, 0.0361],-0.3687
7588,[-0.6667,-0.5   ,-0.5   , 0.    ],[-0.023 , 6.0232,-0.912 ,-0.9328,-0.08  ],[-0.6667,-0.5005,-0.4999, 0.    ],-0.356
7589,[-0.6622,-0.458 ,-0.5411,-0.0034],[-7.2509,-7.1073,-8.6038,-6.4717,-7.4544],[-6.5759e-01,-4.3246e-01,-5.6530e-01,-2.6147e-04],-0.3619
7598,[-0.6666,-0.5034,-0.4994, 0.    ],[-0.3155,-0.0614,-1.3445,-0.4349,-0.6424],[-6.6557e-01,-4.7694e-01,-5.2592e-01, 9.9251e-05],-0.3571
7901,[-0.6508, 0.0193, 0.1526,-2.6106],[ 0.    ,-0.0526, 0.    ,-0.053 , 0.    ],[-0.6594, 0.0077, 0.162 ,-2.6059],-0.2458
7903,[-0.6743,-0.0175, 0.1887,-2.5498],[ 0.    , 0.    , 0.    ,-0.159 ,-0.0535],[-0.6809,-0.0308, 0.204 ,-2.5217],-0.227
7921,[-0.6516,-0.1632, 0.1635,-2.1191],[ 0.    , 0.    ,-0.0402, 0.    , 0.    ],[-0.6598,-0.1673, 0.1633,-2.0928],-0.2676
7941,[-0.668 ,-0.1711, 0.1622,-2.0683],[ 0.    ,-0.0694,-0.038 , 0.    , 0.    ],[-0.6762,-0.175 , 0.1647,-2.0447],-0.2491
7943,[-0.6843,-0.1791, 0.1708,-2.0218],[ 0.    , 0.    ,-0.0327, 0.    , 0.    ],[-0.6919,-0.1838, 0.18  ,-2.0004],-0.2326
7947,[-0.6854,-0.2772, 0.4698,-2.6365],[ 0.    , 0.    , 0.    , 0.    ,-0.0777],[-0.6782,-0.2921, 0.4888,-2.6637],-0.3139
7952,[-0.6697, 0.3041,-0.0606,-2.583 ],[ 0.    ,-0.014 , 0.    , 0.    ,-0.0182],[-0.6865, 0.2976,-0.0555,-2.5836],-0.2377
7954,[-0.6669, 0.3353,-0.223 ,-2.1452],[ 0.    ,-0.0355, 0.    ,-0.1545,-0.1146],[-0.6778, 0.3382,-0.2274,-2.1387],-0.281
7967,[-0.6782,-0.2921, 0.4888,-2.6637],[ 0.    , 0.    , 0.    ,-0.0785, 0.    ],[-0.67  ,-0.3064, 0.5076,-2.6927],-0.3263
7969,[-0.6607,-0.3195, 0.5223,-2.6641],[ 0.    ,-0.0794,-0.079 , 0.    ,-0.0795],[-0.6511,-0.3322, 0.5362,-2.6364],-0.349
7989,[-0.6685,-0.477 , 0.7062,-2.8942],[ 0.    ,-0.1196, 0.    , 0.    ,-0.1163],[-0.6515,-0.484 , 0.7101,-2.8941],-0.3923
7999,[-0.6626,-0.7656, 0.9029,-2.8024],[-0.1073, 0.    , 0.    ,-0.2164, 0.    ],[-0.6478,-0.7642, 0.903 ,-2.7749],-0.4563
8469,[-0.6216,-0.3427,-0.6427, 0.0524],[-3.4326,-2.2846,-5.1542,-3.8562,-3.5506],[-0.6086,-0.3227,-0.6576, 0.0598],-0.3898
8569,[-0.6234,-0.346 ,-0.6408,-0.0256],[-2.8016,-2.4692,-4.0097,-2.7761,-3.109 ],[-0.6104,-0.3255,-0.6565,-0.0228],-0.389
8901,[-0.6326, 0.0413, 0.1338,-2.5697],[ 0.   , 0.   ,-0.107, 0.   , 0.   ],[-0.6418, 0.0305, 0.1444,-2.5907],-0.2678
8911,[-0.6132, 0.0613, 0.1144,-2.5244],[ 0.    ,-0.0544,-0.0555, 0.    , 0.    ],[-0.623 , 0.0516, 0.1239,-2.5476],-0.2886
8921,[-0.6226,-0.1485, 0.1596,-2.1934],[-0.0804, 0.    ,-0.0906,-0.0854, 0.    ],[-0.6309,-0.1527, 0.1611,-2.1777],-0.2964
8952,[-0.6269, 0.3182,-0.0705,-2.5979],[ 0.    , 0.    ,-0.0509,-0.0254, 0.    ],[-0.6442, 0.3128,-0.066 ,-2.6068],-0.2908
8954,[-0.622 , 0.3198,-0.2072,-2.2203],[-0.0447,-0.1697,-0.0842, 0.    ,-0.0473],[-0.6336, 0.322 ,-0.2082,-2.219 ],-0.3201
8969,[-0.6237,-0.3602, 0.5727,-2.61  ],[-0.1609,-0.0805, 0.    ,-0.0813, 0.    ],[-0.6115,-0.3701, 0.5879,-2.5966],-0.3856
8989,[-0.6254,-0.4932, 0.7211,-2.9372],[ 0.    ,-0.1237,-0.131 ,-0.1273, 0.    ],[-0.6076,-0.4987, 0.7294,-2.9456],-0.417
8998,[-0.6122, 0.5305,-0.4582,-4.0006],[-0.1679,-0.0849,-0.0843,-0.0846, 0.    ],[-0.6172, 0.545 ,-0.4729,-3.9675],-0.3896
8999,[-0.6228, 0.3965,-0.3101,-3.5975],[-0.3181,-0.1444,-0.2562,-0.3939,-0.1352],[-0.6183, 0.4085,-0.3217,-3.5862],-0.4257
9349,[-0.5611,-0.2677,-0.692 , 0.1343],[-0.3476,-0.1115,-0.4804,-0.5817,-0.8658],[-0.5441,-0.2527,-0.6988, 0.142 ],-0.4181
9369,[-0.575 ,-0.2824,-0.6864, 0.131 ],[-0.6356,-0.5902,-0.6154,-0.3872,-0.7997],[-0.5586,-0.2665,-0.6947, 0.1371],-0.4128
9449,[-0.5649,-0.2707,-0.6901, 0.0708],[ 8.3285e-01, 1.4415e-01,-7.9991e-01,-1.9944e-01, 2.7906e-04],[-0.5479,-0.2553,-0.6974, 0.0722],-0.4167
9469,[-0.5831,-0.2901,-0.6803, 0.0695],[-0.7547, 0.6161,-2.1129,-0.8514,-0.2933],[-0.567 ,-0.2735,-0.6897, 0.0729],-0.4092
9549,[-0.567 ,-0.2726,-0.6907,-0.029 ],[-0.4145,-0.1456,-0.6045,-0.2803,-0.3951],[-0.5497,-0.2568,-0.6989,-0.0322],-0.4162
9569,[-0.5832,-0.2903,-0.6816,-0.032 ],[-1.3567,-0.3702,-2.2327,-1.7009,-1.1308],[-0.5668,-0.2735,-0.6918,-0.0321],-0.4095
9649,[-0.5689,-0.2748,-0.6907,-0.1283],[-0.4911,-0.3471,-0.7917,-0.8046,-0.3798],[-0.5515,-0.2587,-0.6995,-0.1266],-0.4156
9669,[-0.5779,-0.2847,-0.6856,-0.127 ],[-0.6846,-0.5626,-0.7104,-0.9168,-0.416 ],[-0.5609,-0.268 ,-0.6953,-0.127 ],-0.412
9911,[-0.5823, 0.0867, 0.0809,-2.4472],[-0.0554,-0.1109, 0.    , 0.    ,-0.0588],[-0.5928, 0.0788, 0.0912,-2.4735],-0.3175
9921,[-0.5763,-0.1261, 0.1448,-2.2082],[-0.0565, 0.    ,-0.0516,-0.0541,-0.0955],[-0.5847,-0.1299, 0.148 ,-2.2135],-0.3351
9952,[-0.5747, 0.3318,-0.0887,-2.5777],[ 0.    ,-0.0412, 0.    ,-0.0369,-0.0325],[-0.5921, 0.3278,-0.0828,-2.5821],-0.3418
9954,[-0.5766, 0.3172,-0.2085,-2.1297],[-0.1061,-0.108 ,-0.0506,-0.1024,-0.0479],[-0.5877, 0.319 ,-0.2084,-2.1364],-0.3567
9969,[-0.5922,-0.3839, 0.6103,-2.5562],[ 0.    ,-0.0827, 0.    , 0.    , 0.    ],[-0.5781,-0.3919, 0.6245,-2.5315],-0.409
9976,[-0.5704, 0.4568,-0.3785,-4.088 ],[-0.0849, 0.    , 0.    ,-0.0844, 0.    ],[-0.58  , 0.4691,-0.3921,-4.1212],-0.3936
9978,[-0.5889, 0.4819,-0.4067,-4.1192],[ 0.    , 0.    ,-0.1692, 0.    , 0.    ],[-0.5968, 0.4953,-0.4221,-4.0838],-0.39
9989,[-0.5707,-0.3954, 0.6315,-2.5197],[ 0.    ,-0.0817, 0.    , 0.    ,-0.0803],[-0.5556,-0.4023, 0.6454,-2.4969],-0.4212
9999,[-0.5779, 0.1342,-0.0114,-3.3497],[ 0.    ,-0.2506,-0.3201,-0.2878,-0.2029],[-0.5661, 0.14  ,-0.0176,-3.3475],-0.4573
10349,[-0.5324,-0.243 ,-0.7021, 0.1442],[-0.2896, 0.3644,-1.0553,-0.8591,-0.6784],[-0.5144,-0.2295,-0.7063, 0.1522],-0.4283
10449,[-0.5351,-0.2452,-0.7018, 0.0643],[-0.6368, 3.1589,-1.3406,-0.2926, 0.0452],[-0.5169,-0.2314,-0.7065, 0.0656],-0.4275
10549,[-0.5341,-0.2448,-0.7042,-0.0346],[-0.3653, 0.5692,-1.3335,-1.168 ,-0.0069],[-0.5155,-0.2309,-0.7093,-0.0378],-0.4281
10649,[-0.5312,-0.243 ,-0.7067,-0.1416],[-0.6235,-0.6841,-0.6129,-0.9203,-0.6975],[-0.5123,-0.229 ,-0.7119,-0.1393],-0.4293
10905,[-0.5177,-0.0176, 0.3427,-4.6252],[ 0.    ,-0.3334, 0.    ,-0.1167, 0.    ],[-0.5191,-0.037 , 0.3633,-4.5907],-0.3898
10910,[-0.5223, 0.1232, 0.0422,-2.3027],[ 0.    ,-0.0638,-0.0618, 0.    ,-0.0658],[-0.5334, 0.1173, 0.0503,-2.3288],-0.3643
10911,[-0.5498, 0.1079, 0.0607,-2.3673],[ 0.    ,-0.06  , 0.    , 0.    ,-0.0618],[-0.5608, 0.1013, 0.0646,-2.3933],-0.3443
10921,[-0.534 ,-0.1085, 0.1319,-2.116 ],[-0.056 , 0.    ,-0.1195, 0.    ,-0.1168],[-0.5423,-0.1118, 0.1348,-2.1405],-0.3642
10927,[-0.5167,-0.076 , 0.4072,-4.5219],[-0.1276, 0.    ,-0.1238, 0.    , 0.    ],[-0.512 ,-0.095 , 0.426 ,-4.4845],-0.4016
10952,[-0.5313, 0.3404,-0.0954,-2.522 ],[ 0.    ,-0.0447,-0.0488, 0.    , 0.    ],[-0.5487, 0.3372,-0.0946,-2.5453],-0.3747
10954,[-0.5328, 0.3049,-0.204 ,-2.2305],[-0.1199,-0.1676, 0.    ,-0.0614,-0.1091],[-0.5438, 0.3067,-0.2049,-2.2126],-0.3838
10976,[-0.5379, 0.424 ,-0.3493,-4.0861],[-0.0832,-0.0841,-0.0816, 0.    ,-0.0823],[-0.549 , 0.4346,-0.3587,-4.0692],-0.4034
10989,[-0.5314,-0.4112, 0.6658,-2.5133],[-0.0794, 0.    ,-0.0774, 0.    ,-0.0751],[-0.5148,-0.4167, 0.6737,-2.54  ],-0.4385
10999,[-0.5333,-0.0419, 0.1848,-3.1688],[-0.3618,-0.1096,-0.2961,-0.1737,-0.107 ],[-0.5196,-0.039 , 0.1819,-3.1506],-0.4671
11349,[-0.4908,-0.2138,-0.7098, 0.158 ],[-0.7983, 0.3705,-0.3773,-0.1474,-0.3139],[-0.4718,-0.2022,-0.711 , 0.1648],-0.4408
11449,[-0.4914,-0.214 ,-0.7105, 0.0661],[ 1.8451e-01, 2.1737e+00,-9.2762e-01,-2.0504e-03, 8.3147e-01],[-0.4721,-0.2022,-0.7117, 0.066 ],-0.4408
11549,[-0.4888,-0.2127,-0.7138,-0.04  ],[-0.5901, 1.9747,-0.7899,-0.843 ,-0.2868],[-0.4691,-0.2008,-0.7155,-0.0473],-0.4418
11649,[-0.4853,-0.2108,-0.7158,-0.1408],[-0.612 ,-0.8794,-0.9713,-1.0918,-0.3164],[-0.4653,-0.1988,-0.7174,-0.1441],-0.4429
11905,[-0.5031, 0.0399, 0.2907,-4.7   ],[-0.1058, 0.    , 0.    ,-0.104 , 0.    ],[-0.51  , 0.021 , 0.306 ,-4.6989],-0.3899
11910,[-0.4888, 0.1386, 0.0224,-2.2593],[-0.0658, 0.    , 0.    ,-0.0698,-0.0678],[-0.5   , 0.1338, 0.0282,-2.2677],-0.3848
11913,[-0.479 , 0.0844, 0.2413,-4.6145],[-0.0986, 0.    ,-0.1005, 0.    ,-0.0994],[-0.4897, 0.0671, 0.2619,-4.6465],-0.4006
11921,[-0.489 ,-0.0927, 0.1153,-2.0586],[ 0.    ,-0.1973,-0.0651, 0.    ,-0.1202],[-0.4972,-0.0953, 0.1177,-2.0507],-0.3894
11927,[-0.4979,-0.1309, 0.4571,-4.4161],[-0.4167, 0.    , 0.    ,-0.1419, 0.    ],[-0.4891,-0.148 , 0.4724,-4.3821],-0.418
11947,[-0.4743,-0.1728, 0.4952,-4.3302],[ 0.    ,-0.1573, 0.    , 0.    , 0.    ],[-0.4623,-0.1881, 0.5099,-4.2946],-0.4325
11952,[-0.488 , 0.3481,-0.0936,-2.4582],[-0.1053, 0.    ,-0.0583, 0.    , 0.    ],[-0.5053, 0.345 ,-0.095 ,-2.4846],-0.3994
11954,[-0.4895, 0.3015,-0.2135,-2.229 ],[-0.1891,-0.067 ,-0.0598,-0.1342,-0.0677],[-0.5002, 0.3035,-0.2108,-2.2172],-0.4067
11956,[-0.4746, 0.3776,-0.2982,-4.1605],[ 0.    , 0.    ,-0.0864,-0.0853, 0.    ],[-0.4885, 0.3859,-0.3063,-4.194 ],-0.4227
11976,[-0.5019, 0.3947,-0.3169,-4.192 ],[-0.0851, 0.    , 0.    ,-0.0842, 0.    ],[-0.5146, 0.404 ,-0.3282,-4.1562],-0.4146
11989,[-0.4899,-0.4246, 0.6753,-2.58  ],[ 0.    ,-0.0719,-0.0748, 0.    , 0.    ],[-0.4737,-0.4297, 0.6744,-2.6077],-0.4508
11999,[-0.4898, 0.0253, 0.1071,-3.1447],[-0.1326,-0.3617,-0.0787,-0.1573,-0.2179],[-0.4759, 0.0283, 0.1035,-3.1414],-0.4771
12249,[-0.4271,-0.1812,-0.7113, 0.2576],[-0.1998, 0.    ,-0.1867, 0.    ,-0.2194],[-0.4077,-0.1716,-0.707 , 0.2432],-0.4557
12349,[-0.4447,-0.1868,-0.7108, 0.1684],[ 0.1458, 0.8409, 0.1834,-0.5925, 0.0512],[-0.4251,-0.1767,-0.7104, 0.1727],-0.452
12449,[-0.4463,-0.1876,-0.7106, 0.0656],[1.0952,0.0163,0.8836,0.2062,2.9992],[-0.4265,-0.1772,-0.709 , 0.0616],-0.4516
12549,[-0.4467,-0.1881,-0.7139,-0.043 ],[-0.078 , 2.0258,-0.895 ,-0.5569, 1.6368],[-0.4264,-0.1775,-0.7128,-0.0509],-0.4518
12621,[-0.4307,-0.1454, 0.1302,-0.2038],[-0.4333,-0.1588,-0.0843,-0.1589,-0.2747],[-0.4318,-0.1453, 0.1312,-0.2083],-0.4233
12623,[-0.4389,-0.16  , 0.2404,-0.2195],[-0.272 , 0.    , 0.    ,-0.3985,-0.252 ],[-0.4374,-0.162 , 0.2466,-0.2125],-0.4271
12643,[-0.4289,-0.1715, 0.2652,-0.1787],[ 0.    ,-0.1874, 0.    ,-0.3485,-0.1628],[-0.4267,-0.1737, 0.2714,-0.1706],-0.4325
12645,[-0.4233,-0.1769, 0.278 ,-0.1541],[-0.2019, 0.    , 0.    , 0.    , 0.    ],[-0.4205,-0.1791, 0.2891,-0.1385],-0.4356
12649,[-0.4434,-0.1871,-0.7193,-0.1442],[-0.6141,-0.8985,-0.6666,-0.9149,-0.4713],[-0.4227,-0.1764,-0.7182,-0.1511],-0.4529
12721,[-0.4406,-0.1467, 0.1555,-0.2806],[-0.099 ,-0.0994, 0.    ,-0.2016,-0.1007],[-0.4414,-0.1473, 0.161 ,-0.2897],-0.421
12723,[-0.4433,-0.1506, 0.186 ,-0.277 ],[ 0.    ,-0.2199, 0.    ,-0.2272, 0.    ],[-0.4432,-0.1519, 0.195 ,-0.2605],-0.4221
12910,[-0.4488, 0.1538, 0.0053,-2.2609],[-0.1423,-0.0723, 0.    , 0.    ,-0.0701],[-0.4603, 0.1497, 0.0102,-2.2491],-0.4053
12913,[-0.4387, 0.1308, 0.1972,-4.5223],[-0.0956,-0.0959,-0.0956, 0.    , 0.    ],[-0.4532, 0.1161, 0.2105,-4.5546],-0.4169
12921,[-0.4431,-0.0789, 0.1052,-2.0861],[-0.0749,-0.0728,-0.0705,-0.0658,-0.0682],[-0.4515,-0.0813, 0.1082,-2.0913],-0.4109
12932,[-0.431 , 0.2726,-0.1629,-2.59  ],[ 0.    , 0.    , 0.    ,-0.1495, 0.    ],[-0.4438, 0.274 ,-0.1698,-2.5871],-0.4264
12934,[-0.4562, 0.2756,-0.1773,-2.5586],[ 0.    ,-0.0696, 0.    , 0.    ,-0.0721],[-0.4684, 0.2775,-0.1857,-2.5585],-0.4178
12949,[-0.4488,-0.2023, 0.5245,-4.2597],[-0.1712, 0.    ,-0.1791,-0.1639, 0.    ],[-0.4345,-0.216 , 0.5387,-4.2245],-0.4436
12952,[-0.4443, 0.3559,-0.0927,-2.4697],[ 0.    , 0.    ,-0.0645, 0.    ,-0.0611],[-0.4619, 0.3528,-0.0898,-2.4436],-0.4193
12954,[-0.4448, 0.303 ,-0.2322,-1.9871],[-0.0799,-0.1541, 0.    ,-0.0742,-0.0816],[-0.4538, 0.3053,-0.2327,-2.011 ],-0.4272
12956,[-0.4392, 0.3588,-0.287 ,-4.1436],[ 0.    ,-0.0852, 0.    ,-0.0876,-0.0864],[-0.4534, 0.3661,-0.2908,-4.1313],-0.4333
12989,[-0.449 ,-0.4369, 0.6802,-2.6465],[ 0.    ,-0.0657,-0.0695,-0.0616, 0.    ],[-0.4323,-0.4414, 0.6858,-2.6709],-0.4609
12999,[-0.4445,-0.187 , 0.3344,-3.0002],[-0.1562,-0.3742,-0.0599,-0.2931,-0.2094],[-0.4296,-0.1856, 0.3337,-3.0037],-0.4811
13000,[ 3.4937,-0.0453, 0.0094, 0.5693],[-1.4506,-1.4146,-0.7896,-1.7744,-0.6967],[ 3.4961,-0.0452, 0.0068, 0.5677],-0.5
13001,[ 3.2069,-0.0353, 0.1201, 0.5957],[ 0.7864, 3.042 , 2.6616,-0.9972,-0.8399],[ 3.2103,-0.0355, 0.1201, 0.5965],-0.5
13002,[ 5.4274,-0.0092,-0.1381, 0.572 ],[ 1.3414,-1.1939, 0.4589,-2.2177, 1.8005],[ 5.4309,-0.0089,-0.1385, 0.566 ],-0.5
13003,[ 3.0952,-0.0229, 0.2106, 0.5637],[-2.0529,-1.9925,-0.1823,-2.0908,-1.0039],[ 3.1   ,-0.0234, 0.208 , 0.5615],-0.5
13004,[ 3.9645e+00,-3.1637e-03,-2.1204e-01, 5.9473e-01],[ 9.0366, 9.2003, 4.9851, 7.0735,-0.7098],[ 3.9695e+00,-2.6719e-03,-2.1100e-01, 5.9609e-01],-0.5
13005,[ 2.7757,-0.0306, 0.3306, 0.5684],[-3.5924,-3.9267,-1.935 ,-3.091 ,-3.0238],[ 2.7835,-0.0313, 0.3214, 0.5636],-0.5
13006,[ 5.3210e+00, 4.3522e-03,-3.2811e-01, 5.6242e-01],[2.8694,3.3711,1.1884,2.6885,2.8716],[ 5.3290e+00, 4.8762e-03,-3.2666e-01, 5.6151e-01],-0.4999
13007,[ 3.1307,-0.0155, 0.4487, 0.5803],[-1.9405,-1.5373, 0.6922,-1.6261,-0.3184],[ 3.1424,-0.0163, 0.4396, 0.5786],-0.5
13008,[ 6.6192e+00, 4.0564e-03,-4.1047e-01, 5.5220e-01],[-2.0636,-1.5592,-0.9395,-2.7875,-0.3337],[ 6.6298e+00, 4.5277e-03,-4.1048e-01, 5.5174e-01],-0.5
13009,[2.4131,0.0091,0.0869,0.5583],[ 0.706 ,-1.3251, 1.8781, 0.3283, 2.813 ],[2.4354,0.009 ,0.1043,0.5581],-0.4999
13010,[2.4578,0.1147,0.0082,0.5669],[-0.3681, 1.4872,-1.2499,-0.1649, 0.406 ],[2.4594,0.1141,0.012 ,0.5707],-0.5
13011,[2.619 ,0.0961,0.0891,0.5492],[ 0.576 ,-0.8801, 0.7471, 0.9562, 1.4311],[2.6212,0.0954,0.0889,0.5458],-0.5
13012,[ 4.1538, 0.0873,-0.1474, 0.5737],[-1.2693,-1.0148,-0.6287,-1.2919,-0.1397],[ 4.157 , 0.0873,-0.1469, 0.5732],-0.5
13013,[1.797 ,0.137 ,0.2476,0.5782],[-0.9425,-0.5644,-0.4883,-0.7579,-1.144 ],[1.8017,0.1355,0.2513,0.579 ],-0.5
13014,[ 3.1699, 0.1072,-0.232 , 0.5622],[-1.1886, 0.05  ,-1.1619,-1.7197, 1.0194],[ 3.1743, 0.1074,-0.2303, 0.559 ],-0.4998
13015,[1.9638,0.0938,0.3086,0.5797],[-0.5949,-1.2199,-0.7354,-1.2106,-1.381 ],[1.9707,0.0924,0.3105,0.5786],-0.5
13016,[ 3.8876, 0.1269,-0.3312, 0.5532],[-1.3739,-1.4852,-3.0801,-2.3556,-1.8316],[ 3.8944, 0.1273,-0.328 , 0.5516],-0.4999
13018,[ 4.198 , 0.1132,-0.4492, 0.5414],[-1.924 ,-0.8072,-0.5078,-2.1437,-0.9488],[ 4.209 , 0.1136,-0.4453, 0.5383],-0.5
13019,[ 4.9885, 0.114 ,-0.7164, 0.5487],[-0.2441, 0.3661,-0.7116,-0.9247, 0.3572],[ 5.0081, 0.1144,-0.7158, 0.5479],-0.5
13020,[ 3.6233,-0.1044, 0.008 , 0.5436],[-3.7015,-3.7749,-2.6142,-3.2561,-2.3896],[ 3.6250e+00,-1.0409e-01, 3.2817e-03, 5.3941e-01],-0.5
13021,[ 5.8538,-0.0788, 0.1194, 0.5613],[-1.6509,-2.9084,-1.7188,-3.2455,-1.4679],[ 5.8566,-0.0788, 0.1131, 0.5568],-0.5
13022,[ 3.762 ,-0.0835,-0.1108, 0.5455],[-2.6612,-2.7525,-2.1479,-3.2134,-3.1124],[ 3.7647,-0.083 ,-0.1148, 0.5458],-0.5
13023,[ 6.7504,-0.0874, 0.2232, 0.57  ],[-1.5694,-2.9048,-1.3635,-1.7027,-2.284 ],[ 6.7549,-0.0877, 0.2167, 0.5683],-0.5
13024,[ 4.3463,-0.0875,-0.2324, 0.564 ],[-2.4945,-2.8421,-1.9872,-3.1059,-2.0565],[ 4.3512,-0.0868,-0.2338, 0.5612],-0.5
13025,[ 6.8124,-0.0861, 0.3213, 0.5772],[-3.6603,-3.6605,-3.5446,-3.6563,-2.7992],[ 6.8195,-0.0865, 0.3121, 0.5747],-0.5
13026,[ 5.0493,-0.0794,-0.3442, 0.5821],[-0.8054,-1.0132, 0.2492, 0.5068,-0.0338],[ 5.0575,-0.0786,-0.3438, 0.5835],-0.5
13027,[ 8.7189,-0.0875, 0.4448, 0.5836],[-2.8993,-1.6541,-1.0286,-2.4953,-0.7365],[ 8.7301,-0.0878, 0.4393, 0.5797],-0.5
13028,[ 4.869 ,-0.0836,-0.4089, 0.5759],[ 0.9451, 3.3636,-0.1098, 1.2643,-1.2822],[ 4.8792,-0.0828,-0.4069, 0.5805],-0.5
13029,[ 7.6021,-0.083 , 0.5792, 0.5977],[ 9.7947,10.5949,10.3941, 4.3768,-1.0967],[ 7.6217,-0.0831, 0.5781, 0.5997],-0.5
13030,[ 4.7784, 0.2307,-0.0073, 0.5918],[-0.3253,-0.7948,-1.0655, 0.2723,-0.1933],[ 4.7776, 0.2302,-0.0068, 0.5928],-0.5
13031,[4.4055,0.2078,0.0832,0.5794],[-0.7487,-0.5248,-0.5502,-0.3183,-0.3055],[4.4057,0.2071,0.0885,0.5773],-0.5
13032,[ 3.9327, 0.2286,-0.0918, 0.5755],[-1.2418,-0.3484,-1.1341,-1.1153,-0.9559],[ 3.9322, 0.2282,-0.0897, 0.5758],-0.5
13033,[4.8101,0.2025,0.2232,0.6057],[-1.2149,-1.2717,-0.5439,-0.8126,-0.5386],[4.8128,0.2016,0.2269,0.6047],-0.5
13034,[ 3.6416, 0.1858,-0.2449, 0.5619],[ 0.4048,-0.2906,-0.7587,-0.9973,-0.5518],[ 3.645 , 0.1858,-0.2452, 0.5618],-0.5
13035,[5.1916,0.2079,0.2787,0.5999],[-0.2662,-0.0122,-0.3657,-0.4135,-0.2296],[5.195 ,0.2071,0.2633,0.588 ],-0.5
13036,[ 3.7383, 0.186 ,-0.3024, 0.562 ],[-0.7581,-1.4073,-0.5961,-1.3304,-0.2845],[ 3.7433, 0.1862,-0.3013, 0.562 ],-0.5
13038,[ 2.6864, 0.2025,-0.4247, 0.5264],[-1.2162,-1.4111,-0.8175,-0.9942,-1.1499],[ 2.6948, 0.2027,-0.4254, 0.5266],-0.5
13039,[ 6.2245, 0.2064,-0.0212, 0.5344],[-1.106 , 0.9494, 0.9403,-0.9466, 1.1812],[ 6.2448, 0.2062,-0.0238, 0.5321],-0.5
13040,[ 4.1526,-0.2033, 0.0466, 0.5092],[-0.5784,-0.8546,-0.2028, 1.5869,-0.3961],[ 4.1524,-0.2029, 0.0559, 0.5217],-0.5
13041,[ 3.7767,-0.1931, 0.1275, 0.5893],[ 1.0159,-0.1249,-1.1867, 1.3509, 0.8082],[ 3.7778,-0.1929, 0.1289, 0.589 ],-0.5
13042,[ 3.2836,-0.1707,-0.0706, 0.5069],[-1.0273,-0.3631,-0.1471,-1.0483,-0.8024],[ 3.2842,-0.17  ,-0.0705, 0.5002],-0.5
13043,[ 5.4493,-0.1995, 0.1975, 0.5882],[-0.808 ,-1.6205, 0.368 ,-1.7903,-1.5786],[ 5.4514,-0.1994, 0.1946, 0.59  ],-0.5
13052,[ 5.1375, 0.3193,-0.1443, 0.5783],[-0.8609,-0.8123,-0.8291,-0.5586,-0.6123],[ 5.1348, 0.3189,-0.1445, 0.5768],-0.5
13054,[ 5.2896, 0.3076,-0.2187, 0.5619],[-0.7518,-0.535 ,-0.8317,-0.7978,-0.6322],[ 5.2886, 0.3074,-0.217 , 0.5633],-0.5
13056,[ 6.7169, 0.3124,-0.3477, 0.5595],[-0.7783,-1.185 ,-0.4082,-0.7495,-0.3057],[ 6.7194, 0.3123,-0.3473, 0.5596],-0.5
13058,[ 6.8705, 0.3174,-0.4563, 0.551 ],[-1.3469,-0.3515,-0.3762,-1.4582, 0.7299],[ 6.8765, 0.3174,-0.4557, 0.5497],-0.5
13059,[ 6.308 , 0.3183,-0.5838, 0.5734],[-0.076 ,-0.1684,-0.5267,-0.2386,-1.5205],[ 6.3184, 0.3183,-0.5839, 0.5736],-0.5
13100,[ 3.7075,-0.0489, 0.0256, 0.4424],[-1.2529, 0.0379,-0.7649,-2.1797,-1.352 ],[ 3.7093,-0.0488, 0.0254, 0.4414],-0.5
13101,[ 3.1011,-0.0186, 0.125 , 0.4462],[-0.8208,-0.6819,-1.8551,-1.8763,-0.4429],[ 3.104 ,-0.0189, 0.1256, 0.4445],-0.5
13102,[ 6.5938e+00,-3.4823e-03,-1.3385e-01, 4.4820e-01],[-1.4969,-0.5835,-0.1454,-1.6843,-0.827 ],[ 6.5968e+00,-3.2055e-03,-1.3506e-01, 4.4213e-01],-0.5
13103,[ 3.1466,-0.0209, 0.214 , 0.4376],[-2.4661,-2.0543,-1.9418,-2.7543, 0.9413],[ 3.151 ,-0.0215, 0.2113, 0.4338],-0.5
13104,[ 4.0867e+00, 2.7229e-03,-2.1467e-01, 4.4941e-01],[-3.2207,-2.1298,-3.37  ,-3.5546,-2.6896],[ 4.0913e+00, 3.3915e-03,-2.1353e-01, 4.4740e-01],-0.5
13105,[ 3.7231,-0.0213, 0.3281, 0.4429],[-2.6671,-2.8569,-2.8745,-3.2453,-1.8216],[ 3.7306,-0.022 , 0.3214, 0.4377],-0.5
13106,[ 6.1560e+00, 5.1029e-03,-3.4711e-01, 4.5826e-01],[-3.3495,-1.8925,-3.4909,-1.8397,-3.4605],[ 6.1643e+00, 5.7481e-03,-3.4584e-01, 4.6316e-01],-0.4998
13107,[ 5.9587,-0.0293, 0.4389, 0.4354],[-1.3564,-3.4712,-1.803 ,-2.4788,-2.2326],[ 5.97  ,-0.0298, 0.4341, 0.4356],-0.5
13108,[ 7.0173e+00, 7.6097e-04,-4.2011e-01, 4.5108e-01],[ 0.3586, 2.7047, 0.4386, 1.3278,-0.1939],[ 7.0281e+00, 1.4742e-03,-4.1793e-01, 4.5420e-01],-0.4994
13109,[ 2.9654e+00,-2.2334e-03,-1.9541e-01, 4.2841e-01],[-5.1412,-3.5287,-4.6236,-5.5901,-3.5933],[ 2.9881e+00,-1.5595e-03,-1.9057e-01, 4.2783e-01],-0.4993
13110,[4.0796,0.0972,0.0045,0.4356],[-0.4146,-1.5357,-1.6104,-0.5326,-1.705 ],[4.0809e+00,9.6646e-02,1.1749e-03,4.3730e-01],-0.4999
13111,[3.7483,0.0869,0.1   ,0.4484],[ 0.3891,-1.5693, 0.1489,-0.0033, 0.4311],[3.7504,0.0862,0.1008,0.448 ],-0.5
13112,[ 4.4505, 0.0772,-0.1223, 0.4341],[-1.2593,-1.1707,-0.6643,-1.3059, 0.4253],[ 4.4529, 0.0773,-0.1222, 0.4345],-0.5
13113,[2.296 ,0.0739,0.2024,0.4001],[-1.4047,-1.0832, 0.2104,-0.9028, 0.6606],[2.2998,0.0729,0.2053,0.398 ],-0.5
13114,[ 3.0815, 0.1119,-0.2121, 0.4291],[-0.6992,-0.9521,-1.7341,-1.22  , 0.7956],[ 3.085 , 0.1121,-0.2125, 0.4234],-0.4998
13115,[3.4143,0.069 ,0.3224,0.421 ],[-0.73  ,-1.033 ,-0.6095,-1.2345,-0.5431],[3.4215,0.068 ,0.3241,0.4162],-0.5
13116,[ 3.8441, 0.1151,-0.3493, 0.447 ],[-1.5616,-1.5301,-1.1367,-1.9678,-0.5394],[ 3.8515, 0.1156,-0.3491, 0.4447],-0.4999
13118,[ 3.267 , 0.0993,-0.4461, 0.4366],[-0.9421,-0.8796,-0.7894,-1.7183, 0.2166],[ 3.2781, 0.1   ,-0.4452, 0.4346],-0.5
13119,[ 3.8235, 0.0956,-0.6964, 0.4569],[-2.0585,-1.3387,-2.3257,-1.6326,-1.9062],[ 3.8429, 0.0961,-0.6941, 0.4583],-0.5
13120,[ 5.2271,-0.098 ,-0.0075, 0.4556],[-2.2209,-3.4313,-2.0666,-2.9593,-2.8458],[ 5.2285,-0.0977,-0.0137, 0.4532],-0.5
13121,[ 5.2494,-0.0791, 0.1056, 0.4329],[-1.4682,-2.9665,-1.3703,-2.9283,-2.0955],[ 5.2515,-0.0791, 0.103 , 0.427 ],-0.5
13122,[ 4.5464,-0.0979,-0.1118, 0.4547],[-3.5801,-4.2761,-3.1952,-2.6444,-3.2025],[ 4.5485,-0.0973,-0.1172, 0.4579],-0.5
13123,[ 7.5263,-0.086 , 0.2255, 0.4233],[-2.7704,-3.1411,-0.9773,-3.1539,-3.0535],[ 7.5305,-0.0862, 0.2227, 0.418 ],-0.5
13124,[ 5.135 ,-0.1092,-0.2238, 0.4557],[-3.2691,-2.7037,-0.7112,-1.3028,-2.889 ],[ 5.1392,-0.1084,-0.2296, 0.4568],-0.5
13125,[ 7.4111,-0.0882, 0.3409, 0.4371],[-1.9786,-3.3473,-1.5206,-2.9772,-2.2697],[ 7.4185,-0.0885, 0.3346, 0.4346],-0.5
13126,[ 4.1027,-0.0839,-0.3376, 0.4307],[-2.2997,-0.6375,-1.5415,-1.664 ,-2.3572],[ 4.1104,-0.0829,-0.3427, 0.4328],-0.5
13127,[ 8.4405,-0.0906, 0.4381, 0.4511],[-1.1383,-2.3218,-0.9759,-1.8755,-0.8012],[ 8.4514,-0.0909, 0.435 , 0.4476],-0.5
13128,[ 7.1229,-0.0883,-0.4258, 0.443 ],[-1.1675, 0.1433, 0.1155, 0.0598,-1.021 ],[ 7.1335,-0.0875,-0.4283, 0.4473],-0.5
13129,[ 3.7706,-0.0765,-0.0998, 0.4244],[-8.6104,-9.18  ,-8.3404,-9.3575,-9.4277],[ 3.7928,-0.0749,-0.1016, 0.4304],-0.4968
13130,[ 4.4997, 0.2265,-0.0073, 0.452 ],[-0.4585, 0.7075,-0.5396,-0.8157,-0.5227],[ 4.4984e+00, 2.2589e-01,-3.2357e-03, 4.5398e-01],-0.5
13131,[1.8966,0.1926,0.0966,0.4814],[-0.3758,-0.5729,-0.5902,-0.4175,-0.7485],[1.8969,0.1913,0.0989,0.484 ],-0.5
13132,[ 4.0283, 0.2307,-0.1048, 0.4271],[ 0.0153,-0.9421,-0.7057,-1.2157,-0.8812],[ 4.0273, 0.2303,-0.1036, 0.4274],-0.5
13133,[1.7186,0.1678,0.2074,0.482 ],[-0.7546,-0.745 ,-0.9718,-0.8125,-0.7454],[1.721 ,0.1662,0.1952,0.4827],-0.5
13134,[ 3.7652, 0.1949,-0.2374, 0.439 ],[-0.1519,-0.9198,-1.3863, 0.6295,-1.6923],[ 3.7678, 0.195 ,-0.2369, 0.4405],-0.5
13136,[ 4.1494, 0.1918,-0.3298, 0.4517],[-1.1526,-1.3105,-2.0972,-1.1412,-1.7557],[ 4.1548, 0.1919,-0.329 , 0.451 ],-0.5
13138,[ 3.0902, 0.2009,-0.4134, 0.4318],[-0.8487,-1.0869,-0.9013,-0.6093,-1.4702],[ 3.0982, 0.2012,-0.414 , 0.4332],-0.5
13139,[ 5.9532, 0.2073,-0.301 , 0.451 ],[-1.3963,-1.4179,-0.8464, 0.7598,-1.0249],[ 5.9738, 0.2071,-0.314 , 0.4515],-0.5
13140,[ 3.9839e+00,-2.0074e-01,-3.5087e-03, 4.3696e-01],[-0.9742,-1.4977,-1.3797,-0.5762,-1.3261],[ 3.9832,-0.2002,-0.0052, 0.4412],-0.5
13141,[ 4.1856,-0.2044, 0.1133, 0.4237],[-0.6495,-1.4218,-1.5163,-0.8892,-0.5808],[ 4.1854,-0.2042, 0.1127, 0.4193],-0.5
13142,[ 3.607 ,-0.1819,-0.0713, 0.4743],[ 0.0502,-1.2567,-1.2565,-0.3124, 0.5232],[ 3.6072,-0.1812,-0.0718, 0.4754],-0.5
13143,[ 6.2835,-0.2121, 0.228 , 0.423 ],[ 0.6714,-0.1414, 0.7352,-0.0564, 0.8368],[ 6.2853,-0.2121, 0.2271, 0.4224],-0.5
13145,[ 3.8212,-0.2438, 0.349 , 0.4103],[-2.682 ,-2.7012,-1.4427,-1.9465,-2.0604],[ 3.8256,-0.2439, 0.3461, 0.4104],-0.5
13147,[ 2.9006,-0.2558, 0.3908, 0.3953],[-1.5908,-1.3245,-0.5693,-1.2563,-1.9274],[ 2.9061,-0.2559, 0.3905, 0.39  ],-0.5
13150,[ 5.4807, 0.2847,-0.0463, 0.4228],[-0.7706,-0.0979,-0.6264,-0.4831,-0.4112],[ 5.4775, 0.2842,-0.0524, 0.4098],-0.5
13152,[ 4.9021, 0.2898,-0.1174, 0.4265],[-0.6754,-0.0685,-1.2203,-1.0102,-0.5295],[ 4.8995, 0.2894,-0.1156, 0.4263],-0.5
13154,[ 4.9772, 0.3052,-0.2148, 0.4316],[-0.443 ,-1.0382,-0.9701,-1.2656,-1.0244],[ 4.9758, 0.305 ,-0.2139, 0.4333],-0.5
13156,[ 6.0591, 0.3114,-0.3413, 0.44  ],[ 0.0788,-0.3234,-0.9395,-0.6344,-1.3449],[ 6.0611, 0.3113,-0.3396, 0.441 ],-0.5
13158,[ 6.644 , 0.3169,-0.4567, 0.4501],[-1.1536,-1.0633,-0.5163,-0.2872, 0.1594],[ 6.6499, 0.3169,-0.4558, 0.4524],-0.5
13159,[ 6.5671, 0.3107,-0.5539, 0.4487],[-1.107 ,-0.7054,-1.2117,-0.9145,-1.0765],[ 6.5768, 0.3107,-0.5535, 0.4509],-0.5
13200,[ 3.7094,-0.0316, 0.014 , 0.3202],[ 0.3618, 0.9619,-1.3798, 0.1644,-0.0112],[ 3.7108,-0.0316, 0.0196, 0.3208],-0.5
13201,[ 3.305 ,-0.019 , 0.1319, 0.3021],[-1.7086, 0.8528,-1.605 ,-0.5294, 0.4086],[ 3.3074,-0.0194, 0.133 , 0.2976],-0.5
13202,[ 5.9957,-0.0098,-0.1294, 0.316 ],[-2.281 ,-0.5363,-2.1033,-1.7453,-0.304 ],[ 5.9981,-0.0096,-0.1277, 0.305 ],-0.5
13203,[ 2.3617,-0.0112, 0.2169, 0.3195],[ 0.2522,-1.4928,-0.8526,-1.4017,-2.3846],[ 2.3659,-0.0121, 0.2166, 0.3167],-0.4999
13204,[ 5.7110e+00,-5.3835e-03,-2.1691e-01, 3.1553e-01],[-0.5697,-1.5797,-1.9731,-0.8075,-2.1481],[ 5.7152e+00,-4.7236e-03,-2.1792e-01, 3.1324e-01],-0.4999
13205,[ 3.9721,-0.0067, 0.3173, 0.2915],[-2.331 ,-2.0991, 0.0093,-2.0575,-1.8703],[ 3.979 ,-0.0076, 0.316 , 0.2887],-0.4998
13206,[ 6.9657e+00,-4.4384e-03,-3.5465e-01, 3.0018e-01],[-0.7081,-1.4092,-0.6656, 0.3884,-0.4957],[ 6.9741e+00,-3.3120e-03,-3.5763e-01, 3.0280e-01],-0.4989
13207,[ 5.1006,-0.0191, 0.4309, 0.3123],[-1.2162,-2.3767,-1.0077,-2.2664,-1.5853],[ 5.1117,-0.0197, 0.4292, 0.3092],-0.5
13208,[ 7.4579, 0.0102,-0.4227, 0.3159],[-1.5436, 1.0298,-0.9186,-0.8086,-1.4805],[ 7.4685, 0.0118,-0.417 , 0.3179],-0.498
13209,[ 2.4037,-0.0078,-0.4354, 0.3099],[-6.1536,-5.9874,-6.1812,-7.0433,-5.4447],[ 2.427 ,-0.0064,-0.4364, 0.3076],-0.4988
13210,[ 0.7853, 0.1107,-0.0026, 0.3252],[-0.6047,-0.6311,-1.4164,-1.2977,-1.6429],[ 0.7859, 0.1099,-0.0008, 0.3333],-0.4998
13211,[5.2871,0.0711,0.1215,0.3207],[-1.3849,-1.471 ,-1.6193,-0.7731,-2.1959],[5.2891,0.0702,0.1232,0.3242],-0.4998
13212,[ 4.2475, 0.0947,-0.1149, 0.3333],[-1.8194, 0.0047,-0.7673,-0.7988,-0.9682],[ 4.2492, 0.0947,-0.118 , 0.3324],-0.5
13213,[3.0499,0.0762,0.2191,0.311 ],[-0.276 ,-0.7178,-0.2099,-0.541 ,-0.3681],[3.0539,0.0751,0.2205,0.3158],-0.4999
13214,[ 3.5082, 0.1219,-0.2237, 0.3218],[-0.8796,-1.5007,-1.3346,-1.7366,-0.3889],[ 3.5115, 0.1222,-0.226 , 0.316 ],-0.4997
13215,[4.3878,0.0736,0.3109,0.3224],[-1.3442,-0.6374, 0.022 ,-1.3079,-0.8128],[4.3943,0.0728,0.3117,0.3189],-0.5
13216,[ 2.6167, 0.0972,-0.3474, 0.304 ],[-2.2689,-2.3924,-1.8865,-3.9545,-1.9596],[ 2.6241, 0.0981,-0.3463, 0.2967],-0.4998
13217,[8.6977,0.0874,0.4288,0.2783],[-0.6265,-0.884 ,-0.7826,-0.3693, 0.2766],[8.7083,0.0868,0.4301,0.2759],-0.5
13218,[ 3.1262, 0.1047,-0.4335, 0.3195],[-1.3084,-0.0364,-1.1734,-2.138 ,-0.2526],[ 3.1366, 0.1054,-0.4304, 0.3152],-0.4999
13219,[ 2.7152, 0.08  ,-0.6833, 0.3122],[-2.1174,-1.2245,-2.264 ,-1.4861,-0.9969],[ 2.735 , 0.0807,-0.681 , 0.311 ],-0.5
13220,[ 5.4526e+00,-8.0306e-02,-4.0906e-03, 3.0434e-01],[-0.5302,-1.2953,-1.1883,-2.1494,-0.422 ],[ 5.4536,-0.08  ,-0.0083, 0.3036],-0.4999
13221,[ 5.0686,-0.0742, 0.1126, 0.301 ],[-3.1329,-3.722 ,-2.8572,-4.6448,-3.0275],[ 5.0703,-0.0743, 0.1097, 0.2947],-0.5
13222,[ 5.8787,-0.1026,-0.1235, 0.3128],[-1.5354,-2.5055,-1.6878,-0.9734,-2.2335],[ 5.8804,-0.102 ,-0.1316, 0.3176],-0.5
13223,[ 4.5411,-0.0821, 0.2279, 0.3076],[-1.637 ,-2.616 ,-0.6562,-2.1274,-0.9495],[ 4.5449,-0.0826, 0.2244, 0.3025],-0.4999
13224,[ 6.6982,-0.0929,-0.2176, 0.3057],[-0.9696,-1.5235,-0.5537,-1.8006,-2.0913],[ 6.7021,-0.0923,-0.2253, 0.3059],-0.5
13225,[ 6.1736,-0.0951, 0.3391, 0.2979],[-2.9409,-2.9372,-2.0727,-3.2037,-3.2789],[ 6.1806,-0.0954, 0.3353, 0.2964],-0.5
13226,[ 6.3349,-0.0874,-0.326 , 0.3275],[-0.3221,-1.2542,-1.6946, 0.3998,-0.493 ],[ 6.3421,-0.0866,-0.3354, 0.3273],-0.5
13227,[ 5.9072,-0.0832, 0.4426, 0.299 ],[-0.891 ,-1.0802,-0.644 ,-2.2128,-0.2013],[ 5.9182,-0.0836, 0.4383, 0.2942],-0.5
13228,[13.2456,-0.0713,-0.4482, 0.3174],[-0.536 ,-0.9489,-0.9422, 0.3833,-1.3411],[13.2574,-0.0707,-0.4546, 0.3247],-0.4991
13229,[ 1.0326,-0.0935,-0.5171, 0.3007],[-9.3116,-9.0951,-9.2164,-9.4004,-9.5005],[ 1.0541,-0.0893,-0.5196, 0.3065],-0.4879
13230,[ 5.2417, 0.2266,-0.0212, 0.3245],[-0.5481,-0.5415,-0.7303,-1.3521,-0.666 ],[ 5.2398, 0.2261,-0.0198, 0.331 ],-0.5
13231,[6.4765,0.1816,0.0924,0.2957],[-0.7593,-0.5757,-0.2806,-0.5123,-0.3688],[6.4762,0.1811,0.1027,0.2825],-0.5
13232,[ 4.0668, 0.2356,-0.1147, 0.3251],[-1.143 , 0.4403,-1.2619,-0.414 ,-1.2022],[ 4.0654, 0.2353,-0.1149, 0.3268],-0.5
13234,[ 3.1931, 0.1924,-0.2112, 0.3231],[-0.5474,-1.0673,-0.7455,-0.8072,-1.5945],[ 3.1947, 0.1924,-0.2107, 0.3248],-0.5
13236,[ 4.8041, 0.1885,-0.3523, 0.3025],[-0.0458,-0.3175,-0.4369,-1.0026,-0.9316],[ 4.81  , 0.1888,-0.35  , 0.302 ],-0.5
13238,[ 4.4755, 0.1997,-0.4293, 0.3102],[-1.6655,-0.89  ,-1.3703,-1.3509,-1.6513],[ 4.484 , 0.2   ,-0.4293, 0.3133],-0.5
13239,[ 6.8457, 0.2001,-0.1829, 0.3494],[-1.504 ,-1.4603,-0.9758,-0.7976,-1.5619],[ 6.8672, 0.1999,-0.1035, 0.3492],-0.5
13240,[ 3.296 ,-0.1941, 0.0436, 0.3519],[-1.2666,-1.5352, 0.2827,-0.1592,-1.0155],[ 3.2953,-0.1937, 0.0393, 0.3577],-0.5
13241,[ 3.6086,-0.2062, 0.1136, 0.3128],[-0.8909,-1.7566,-0.0263,-1.0859,-1.2229],[ 3.608 ,-0.2059, 0.1099, 0.3145],-0.5
13243,[ 7.1138,-0.2262, 0.2263, 0.3322],[-1.1022,-0.2598,-0.0738,-1.0073,-1.5888],[ 7.1149,-0.2262, 0.2244, 0.3342],-0.5
13245,[ 3.4358,-0.2411, 0.3468, 0.3168],[-1.4409,-2.4329,-1.2449,-1.0141,-1.3855],[ 3.4401,-0.2412, 0.3456, 0.3187],-0.5
13247,[ 3.5385,-0.2477, 0.397 , 0.3209],[-1.2136,-2.1445,-0.8926,-1.2373,-1.68  ],[ 3.5444,-0.2478, 0.3966, 0.325 ],-0.5
13249,[-0.4057,-0.1702,-0.7354, 0.2547],[-0.3238, 1.6775,-0.2446,-0.0996,-0.5608],[-0.3852,-0.1616,-0.7374, 0.2677],-0.4612
13252,[ 4.6105, 0.3047,-0.1281, 0.3063],[-0.7845,-0.1987, 0.0207,-0.3824,-0.9772],[ 4.6069, 0.3043,-0.1261, 0.3045],-0.5
13254,[ 4.8991, 0.3133,-0.2315, 0.3142],[-1.2779,-0.8067,-1.7122,-1.3055,-0.1675],[ 4.8974, 0.3131,-0.2282, 0.3155],-0.5
13256,[ 5.9609, 0.3165,-0.3415, 0.3009],[-1.3138,-0.9811,-0.9159,-0.4695,-1.2577],[ 5.9624, 0.3165,-0.3399, 0.3023],-0.5
13258,[ 5.9623, 0.3237,-0.4417, 0.3056],[-0.7423,-0.5754,-1.2826,-0.0938,-1.3684],[ 5.9673, 0.3237,-0.4407, 0.3077],-0.5
13259,[ 6.1617, 0.3156,-0.5557, 0.3071],[-1.034 ,-0.5823, 0.2712, 0.6294,-0.7436],[ 6.1715, 0.3156,-0.5555, 0.31  ],-0.5
13300,[ 2.9544,-0.0349,-0.0091, 0.2089],[-2.6309,-0.818 ,-3.2877,-2.398 ,-1.4337],[ 2.9554,-0.0348,-0.0035, 0.2031],-0.5
13301,[ 3.4889,-0.0196, 0.1272, 0.1876],[ 0.0034, 0.3628,-1.3664,-0.0409, 0.2733],[ 3.4907,-0.02  , 0.1292, 0.1869],-0.4999
13302,[ 5.3373,-0.0098,-0.1078, 0.1797],[-1.2649,-1.15  ,-2.4238,-1.581 , 1.0081],[ 5.3387,-0.0096,-0.1039, 0.1705],-0.5
13303,[ 3.8134,-0.011 , 0.2257, 0.1819],[ 0.5304,-0.3391,-0.4796,-0.3816,-0.4056],[ 3.8174,-0.0118, 0.2266, 0.1783],-0.4998
13304,[ 7.8060e+00,-3.8345e-03,-2.0496e-01, 1.9027e-01],[-1.5925,-0.107 ,-1.1745, 0.78  ,-0.7294],[ 7.8095e+00,-3.5381e-03,-2.0595e-01, 1.9148e-01],-0.5
13305,[ 5.3941,-0.0071, 0.3256, 0.1891],[ 0.352 ,10.7455,11.6226,-2.2007,-0.1791],[ 5.4011,-0.0078, 0.3263, 0.1903],-0.4999
13306,[ 7.6846e+00, 7.1114e-03,-3.4982e-01, 1.9706e-01],[-0.9129,-0.5713,-1.4199,-1.8699,-1.9286],[ 7.6924, 0.008 ,-0.3475, 0.1978],-0.4993
13307,[ 4.9869,-0.0224, 0.4194, 0.1789],[-1.0677, 0.5449, 0.2554,-1.723 ,-0.6934],[ 4.9974,-0.0231, 0.4192, 0.1744],-0.5
13308,[ 4.8398, 0.0187,-0.4551, 0.1813],[-0.9646, 0.1835,-0.4196,-1.0867,-1.2743],[ 4.8514, 0.0207,-0.4482, 0.1802],-0.4983
13309,[ 1.8133,-0.0086,-0.5509, 0.1804],[-4.7481,-4.8962,-5.2594,-5.5419,-4.008 ],[ 1.8368,-0.007 ,-0.5511, 0.1761],-0.4986
13310,[ 3.1754, 0.1151,-0.004 , 0.1701],[-3.0026,-1.4227,-2.5355,-1.904 ,-2.6432],[3.1754,0.1144,0.0043,0.174 ],-0.4997
13311,[2.2419,0.1029,0.0985,0.1768],[-2.0735,-1.6267,-2.6705,-2.159 ,-2.1083],[2.2427,0.1017,0.1055,0.1801],-0.4995
13312,[ 3.4521, 0.1236,-0.1258, 0.1651],[-2.0058,-0.3432,-2.2018,-1.4697,-0.9469],[ 3.4527, 0.1235,-0.1176, 0.1596],-0.4999
13313,[2.733 ,0.0883,0.2173,0.187 ],[-1.0251,-0.7558,-0.4492,-0.2385,-1.8059],[2.7364,0.0871,0.2199,0.1947],-0.4998
13314,[ 3.417 , 0.113 ,-0.2161, 0.1586],[-1.5175, 1.3861,-1.3334,-0.0919, 1.4623],[ 3.4196, 0.1134,-0.21  , 0.1553],-0.4999
13315,[6.2324,0.0855,0.3381,0.2196],[ 0.0813,-1.3366,-0.5318,-0.8118,-1.2716],[6.2396,0.0848,0.3375,0.2189],-0.5
13316,[ 4.3663, 0.1095,-0.3366, 0.1721],[-1.5996,-0.2578,-2.3263,-0.668 , 1.0794],[ 4.3727, 0.1102,-0.3332, 0.1696],-0.4999
13317,[8.7135,0.0875,0.4455,0.2062],[-1.3723,-1.1271,-1.0647,-0.5912,-0.4596],[8.7247,0.0869,0.4474,0.2075],-0.5
13318,[ 3.0188, 0.1098,-0.4294, 0.1822],[-0.9312,-1.3731,-1.5906,-1.6544,-1.0188],[ 3.0288, 0.1108,-0.4285, 0.1781],-0.4998
13319,[ 2.7511, 0.0801,-0.6346, 0.1829],[-1.6699,-1.919 ,-2.1684,-2.5294,-1.9123],[ 2.7713, 0.0808,-0.6333, 0.1785],-0.5
13320,[ 4.7032,-0.0749, 0.0068, 0.1703],[-3.9677,-4.3383,-3.4471,-4.4313,-4.1314],[ 4.7036e+00,-7.4671e-02, 2.8295e-03, 1.6715e-01],-0.5
13321,[ 5.0633,-0.0839, 0.1057, 0.1846],[-4.5929,-4.6539,-3.8168,-5.0107,-3.872 ],[ 5.0644,-0.084 , 0.102 , 0.1789],-0.5
13322,[ 4.8778,-0.0989,-0.1086, 0.1804],[-1.1694,-3.6076,-1.1609,-1.9964,-1.6184],[ 4.8788,-0.0983,-0.1142, 0.1839],-0.5
13323,[ 5.0306,-0.0904, 0.2287, 0.1833],[-2.911 ,-2.0569,-1.7604,-3.3827,-1.7682],[ 5.034 ,-0.0908, 0.2253, 0.177 ],-0.5
13324,[ 5.5046,-0.0847,-0.2065, 0.1888],[-1.5442,-3.1399,-2.3655,-1.9146,-1.6198],[ 5.5077,-0.084 ,-0.2112, 0.1862],-0.5
13325,[ 5.1292,-0.0789, 0.3254, 0.1886],[-2.0251,-2.9665, 0.1738,-1.0377,-0.9666],[ 5.1356,-0.0794, 0.3193, 0.1852],-0.5
13326,[ 5.0262,-0.0766,-0.3365, 0.1706],[ 0.811 ,-1.8787,-0.5312, 0.4363,-0.5445],[ 5.0334,-0.0757,-0.339 , 0.1687],-0.5
13327,[ 6.1472,-0.0793, 0.4373, 0.1898],[-0.6799, 0.3667, 0.4889,-0.1262, 1.069 ],[ 6.158 ,-0.0797, 0.4357, 0.1924],-0.5
13328,[ 4.0389,-0.0851,-0.4196, 0.1911],[-0.481 ,-0.231 ,-0.621 ,-0.9647, 0.6286],[ 4.0494,-0.084 ,-0.4293, 0.1962],-0.5
13329,[ 0.4944,-0.1082,-0.6063, 0.1818],[-14.2504,-14.2969,-14.4097,-14.4894,-14.1492],[ 0.5157,-0.1026,-0.6078, 0.1828],-0.4816
13330,[4.3924,0.229 ,0.0114,0.1872],[-0.814 ,-0.8523,-0.1977,-0.112 ,-0.4172],[4.3899,0.2285,0.0078,0.1964],-0.5
13331,[6.4752,0.1785,0.13  ,0.2136],[-0.2728,-0.3315,-0.5438,-0.5971,-0.1632],[6.4752,0.178 ,0.1391,0.1996],-0.5
13332,[ 3.867 , 0.2041,-0.1095, 0.1987],[-1.0336,-0.4135,-1.0413,-0.8758,-1.0154],[ 3.8658, 0.2038,-0.1016, 0.1932],-0.5
13333,[6.4768,0.1759,0.191 ,0.1499],[-0.7983,-0.6562,-0.5635,-0.7279,-0.8522],[6.4781,0.1753,0.2077,0.1356],-0.5
13334,[ 2.6937, 0.1773,-0.2374, 0.1884],[-0.7369,-0.9823,-0.7158,-1.2362,-1.0675],[ 2.6959, 0.1775,-0.2355, 0.1894],-0.5
13336,[ 2.1561, 0.1915,-0.3335, 0.1949],[-0.7425,-0.7389,-0.5423,-0.779 ,-1.8915],[ 2.161 , 0.1919,-0.3329, 0.1968],-0.5
13338,[ 4.4301, 0.1936,-0.4376, 0.1905],[-1.3832,-1.291 ,-2.0885,-0.7674,-1.4543],[ 4.4389, 0.194 ,-0.4356, 0.1936],-0.5
13339,[ 5.06  , 0.1973,-0.5609, 0.1641],[-0.758 ,-1.0907,-0.4889,-0.9915,-1.079 ],[ 5.074 , 0.1975,-0.5666, 0.1604],-0.5
13341,[ 5.4727,-0.215 , 0.1211, 0.1942],[-0.0508,-1.5495,-1.2001,-0.8129,-1.6802],[ 5.4715,-0.2148, 0.12  , 0.1983],-0.5
13342,[ 4.6488,-0.178 ,-0.1092, 0.1496],[-0.9746,-1.1143,-1.2009,-0.2531,-0.6227],[ 4.6481,-0.1773,-0.1052, 0.1516],-0.5
13343,[ 6.598 ,-0.2311, 0.1996, 0.208 ],[-0.5169,-1.4465,-0.8641,-0.6119,-0.7563],[ 6.598 ,-0.2311, 0.2013, 0.2151],-0.5
13345,[ 3.0046,-0.2235, 0.3326, 0.1908],[-0.9777,-1.1431,-0.959 ,-0.552 ,-1.9488],[ 3.0086,-0.2237, 0.3331, 0.1941],-0.5
13347,[ 6.6995,-0.2402, 0.4006, 0.1938],[-1.6992,-1.2082,-0.7169,-0.9347,-1.783 ],[ 6.7055,-0.2403, 0.3998, 0.202 ],-0.5
13349,[-0.409 ,-0.1705,-0.7185, 0.1808],[ 3.8384, 0.1994,-0.127 , 2.3132,-0.0849],[-0.3889,-0.1614,-0.7162, 0.1844],-0.4597
13350,[ 3.3212, 0.313 ,-0.0533, 0.1788],[-0.6251,-1.0878,-0.7767,-0.4464,-0.6617],[ 3.316 , 0.3123,-0.0604, 0.1649],-0.5
13352,[ 4.414 , 0.325 ,-0.1223, 0.1995],[-0.8856,-0.6634, 0.208 ,-0.6286,-0.926 ],[ 4.4092, 0.3246,-0.1219, 0.1951],-0.5
13354,[ 4.9622, 0.3113,-0.2172, 0.1905],[-1.1228,-0.0427,-1.5224,-1.1582,-1.0873],[ 4.9598, 0.3112,-0.2131, 0.1908],-0.5
13356,[ 5.5202, 0.3159,-0.3433, 0.1974],[-0.7044,-1.5926,-1.4647,-0.688 ,-2.1262],[ 5.5216, 0.3159,-0.342 , 0.199 ],-0.5
13358,[ 6.5276, 0.3178,-0.4403, 0.1819],[-0.7031, 1.2213,-1.0004, 0.318 ,-1.3432],[ 6.5326, 0.3178,-0.4377, 0.1846],-0.5
13359,[ 5.7684, 0.3213,-0.5722, 0.1831],[-1.2359,-0.819 ,-0.9908,-0.6119,-2.2994],[ 5.7787, 0.3213,-0.5716, 0.1872],-0.5
13400,[ 6.1922e+00,-4.9681e-03,-4.3547e-02, 5.1070e-02],[-0.5813,-1.4785,-0.1898,-0.9035, 0.3388],[ 6.1925e+00,-4.8417e-03,-4.4257e-02, 4.7303e-02],-0.5
13401,[ 3.1218,-0.0107, 0.1399, 0.0779],[-0.0065, 1.259 ,-1.3004,-0.5156,-0.0804],[ 3.1235,-0.0113, 0.1414, 0.0773],-0.4996
13402,[ 4.4621,-0.0211,-0.1028, 0.0609],[-0.2374,-0.8765,-2.074 ,-1.6096,-0.303 ],[ 4.463 ,-0.0208,-0.1022, 0.0569],-0.4998
13403,[ 4.0295,-0.0223, 0.2161, 0.0652],[ 0.5173, 0.3544,-0.4334,-0.7737,-0.0547],[ 4.0328,-0.0229, 0.2164, 0.0623],-0.5
13404,[ 2.7255,-0.0114,-0.1882, 0.0616],[-1.5527,-1.0902,-1.9122,-1.8989,-2.4126],[ 2.7278,-0.0105,-0.1838, 0.0658],-0.4992
13405,[ 4.8848,-0.0182, 0.3228, 0.0771],[-1.5821,-1.6287, 0.7599, 1.6505, 0.865 ],[ 4.8913,-0.019 , 0.3192, 0.0817],-0.5
13406,[ 5.5214, 0.0321,-0.3559, 0.0644],[-0.9085,-2.0347,-0.9557,-1.5569,-0.0436],[ 5.5293, 0.0334,-0.3589, 0.0578],-0.4989
13407,[ 4.9618,-0.0209, 0.4357, 0.0659],[ 0.8669,-1.8285, 0.8141, 0.1049,-0.2753],[ 4.9727,-0.0217, 0.4306, 0.0646],-0.5
13408,[ 4.2971, 0.0197,-0.4591, 0.0585],[-0.3793,-0.6045,-1.5031,-1.0886, 0.2066],[ 4.3091, 0.0216,-0.4585, 0.0545],-0.4987
13409,[ 1.5883,-0.005 ,-0.568 , 0.0566],[-6.2779,-6.1559,-6.267 ,-7.1754,-5.4046],[ 1.6121,-0.0032,-0.5668, 0.0514],-0.4985
13410,[3.3306,0.1076,0.0054,0.0492],[-0.1506, 0.5157,-2.0352, 0.6329,-0.1463],[3.33  ,0.107 ,0.0104,0.0522],-0.4995
13411,[3.7474,0.1114,0.0946,0.0501],[-1.4946,-0.3107,-0.9298,-1.2492, 0.2623],[3.7475,0.1106,0.0988,0.0452],-0.4998
13412,[ 4.0492, 0.1191,-0.1185, 0.0585],[ 0.2226,-0.7143,-0.2794,-0.9646, 0.103 ],[ 4.0494, 0.1191,-0.1167, 0.0501],-0.4999
13413,[4.762 ,0.11  ,0.2115,0.051 ],[-0.4476,-0.7563,-1.0524,-0.5646,-0.5641],[4.7644,0.1091,0.2127,0.0535],-0.4999
13414,[ 3.092 , 0.1109,-0.2159, 0.0803],[-0.8125, 0.2369,-0.9814,-0.7929,-3.4981],[ 3.0945, 0.1113,-0.2142, 0.0828],-0.4999
13415,[8.0089,0.0884,0.3283,0.0347],[-0.3078,-1.1581,-1.9281,-1.2702,-0.3555],[8.0151,0.0879,0.3271,0.0336],-0.5
13416,[ 6.018 , 0.1013,-0.3451, 0.0638],[-1.2867,-2.3883,-0.7303,-1.1281,-2.1706],[ 6.0248, 0.1018,-0.3447, 0.0674],-0.5
13417,[8.1778,0.1186,0.4067,0.0555],[-0.6348,-1.0157,-0.492 ,-0.6709,-1.0417],[8.1868,0.118 ,0.4068,0.0621],-0.5
13418,[ 5.093 , 0.0998,-0.4363, 0.042 ],[-1.0313,-0.9341,-1.3542,-2.0329, 0.7196],[ 5.1035, 0.1006,-0.4367, 0.0363],-0.5
13419,[ 2.27  , 0.0767,-0.6875, 0.047 ],[-1.3127,-1.9117,-2.3607,-2.6811,-0.8319],[ 2.2915, 0.0776,-0.6881, 0.0416],-0.5
13420,[ 5.0994,-0.0872, 0.015 , 0.0628],[-3.048 ,-4.2697,-3.6134,-3.3311,-1.4707],[ 5.0992,-0.087 , 0.0117, 0.0601],-0.5
13421,[ 5.1408,-0.1053, 0.0927, 0.0544],[-1.5712,-3.4713,-1.9413,-2.2573,-0.3044],[ 5.1408,-0.1053, 0.0897, 0.0535],-0.5
13422,[ 5.6295,-0.0932,-0.1037, 0.0534],[-1.2319,-1.7352,-0.5464,-0.4492,-1.2874],[ 5.6299,-0.0927,-0.1077, 0.0553],-0.5
13423,[ 4.8757,-0.0934, 0.2355, 0.0664],[-3.3093,-2.7537,-3.6976,-4.0179,-2.9661],[ 4.8789,-0.0938, 0.236 , 0.06  ],-0.5
13424,[ 7.285 ,-0.0781,-0.2098, 0.0699],[-2.3507,-1.2026,-2.4737,-3.2013,-0.969 ],[ 7.2878,-0.0776,-0.212 , 0.0629],-0.5
13425,[ 4.7501,-0.0815, 0.3284, 0.0579],[-0.8639,-2.1987,-2.605 ,-0.8945,-0.0686],[ 4.7565,-0.082 , 0.3298, 0.0527],-0.5
13426,[ 6.143 ,-0.0733,-0.3269, 0.076 ],[ 0.5765,-0.9839,-0.9174,-0.6666,-0.558 ],[ 6.1496,-0.0726,-0.3297, 0.0734],-0.5
13427,[ 5.7316,-0.083 , 0.4306, 0.0705],[-0.4479,-1.0619, 0.2079, 0.1773,-0.0518],[ 5.7421,-0.0836, 0.4298, 0.0741],-0.5
13428,[ 2.9589,-0.065 ,-0.3922, 0.0091],[-0.4717, 0.1771, 0.8202,-0.8918,-0.5646],[ 2.9677e+00,-6.3742e-02,-3.8692e-01,-2.1018e-03],-0.5
13429,[ 0.309 ,-0.1074,-0.616 , 0.06  ],[-19.0568,-18.7905,-19.0605,-19.1425,-18.9962],[ 0.3304,-0.1014,-0.6167, 0.0575],-0.481
13430,[3.9818,0.2069,0.0101,0.0673],[-1.4317,-1.1849,-1.3969,-1.0356,-1.5772],[3.9792,0.2063,0.0107,0.0671],-0.5
13431,[3.3746,0.2561,0.1186,0.0292],[-0.8398,-0.4401,-0.9802,-0.1223,-0.7766],[3.3718,0.255 ,0.1281,0.0366],-0.5
13432,[ 3.8378, 0.1863,-0.1413, 0.0546],[-0.6658,-1.1861,-0.7737,-0.8718,-1.1226],[ 3.8372, 0.1862,-0.1446, 0.0612],-0.5
13433,[7.7957,0.2117,0.2377,0.051 ],[-0.369 ,-0.7038,-0.605 ,-0.9833,-1.0626],[7.7966,0.211 ,0.2396,0.0409],-0.5
13434,[ 1.559 , 0.1931,-0.2401, 0.0761],[-0.5313,-1.1855,-1.4005,-0.1728,-0.9452],[ 1.5605, 0.1933,-0.2382, 0.0753],-0.5
13435,[6.5029e+00,1.6809e-01,3.0009e-01,5.9410e-03],[-0.263 ,-0.4983,-0.4459,-0.3325,-0.2814],[6.5068e+00,1.6732e-01,3.0008e-01,6.0129e-03],-0.5
13436,[ 2.358 , 0.1766,-0.3357, 0.0729],[-1.3647,-1.1743,-2.2487,-1.6707,-1.9086],[ 2.3631, 0.1771,-0.3348, 0.0739],-0.5
13438,[ 3.8405, 0.182 ,-0.4458, 0.0598],[-1.0415,-1.7029, 0.4502,-0.4061,-0.9365],[ 3.85  , 0.1825,-0.4485, 0.0641],-0.5
13439,[ 6.5072, 0.2327,-0.6188, 0.0382],[-1.4745,-0.6659,-0.5197,-1.1768, 0.5523],[ 6.5224, 0.2329,-0.619 , 0.0336],-0.5
13440,[ 5.5985,-0.1983, 0.0075, 0.0424],[-0.2247,-1.3937,-1.1278, 0.4638,-1.5819],[ 5.5962,-0.1979,-0.0097, 0.0502],-0.5
13441,[ 6.0431,-0.2136, 0.127 , 0.0571],[-0.3056,-1.5334,-1.8139,-2.0256,-1.9839],[ 6.0415,-0.2135, 0.1254, 0.0671],-0.5
13442,[ 4.96  ,-0.1855,-0.0893, 0.1097],[-1.2797,-1.2201,-1.4987,-0.7384,-1.3184],[ 4.959 ,-0.1849,-0.1036, 0.1204],-0.5
13443,[ 7.1775,-0.2166, 0.2037, 0.0604],[-0.9757, 0.341 ,-1.3253,-0.6069,-0.6221],[ 7.1775,-0.2166, 0.2057, 0.0666],-0.5
13445,[ 4.9255,-0.2232, 0.3159, 0.074 ],[-0.0514,-0.4714,-1.8334,-0.0305,-1.1131],[ 4.9287,-0.2234, 0.3165, 0.0816],-0.5
13447,[ 5.5431,-0.229 , 0.4282, 0.0557],[-0.9065,-0.9714,-0.3115,-0.7558,-1.6422],[ 5.5505,-0.2293, 0.4273, 0.0588],-0.5
13449,[-0.4122,-0.1712,-0.7137, 0.0621],[ 0.0615, 1.8064, 1.228 ,-0.2656, 1.5063],[-0.3919,-0.1617,-0.712 , 0.0558],-0.4589
13450,[ 3.2488, 0.3042,-0.0488, 0.0157],[-0.6512,-0.6843,-0.5087,-0.1942,-0.5023],[ 3.2430e+00, 3.0353e-01,-4.2244e-02, 1.7538e-04],-0.5
13452,[ 4.3189, 0.3054,-0.1427, 0.0668],[-0.5496,-1.004 ,-0.8771,-0.9012,-1.2325],[ 4.3147, 0.305 ,-0.1433, 0.0647],-0.5
13454,[ 4.8724, 0.2973,-0.2128, 0.0664],[-1.1693,-0.909 ,-1.1802,-0.0322,-0.7754],[ 4.87  , 0.2972,-0.2124, 0.066 ],-0.5
13456,[ 6.4896, 0.3054,-0.356 , 0.0606],[-1.1238,-1.1602,-0.5374,-1.8775,-1.5746],[ 6.4916, 0.3054,-0.356 , 0.0621],-0.5
13458,[ 7.1022, 0.3131,-0.4531, 0.0588],[ 0.0328,-0.7799,-1.2243, 0.2393,-1.4823],[ 7.1079, 0.3132,-0.4533, 0.0634],-0.5
13459,[ 5.9532, 0.3247,-0.589 , 0.0596],[-0.7721,-0.9765,-1.1462,-0.6637,-1.2515],[ 5.9642, 0.3247,-0.5892, 0.0628],-0.5
13500,[ 4.5575e+00,-1.6637e-03,-3.8521e-02,-7.0573e-02],[-1.0774,-2.0332, 0.4566,-1.9085,-0.422 ],[ 4.5573e+00,-1.5654e-03,-3.9073e-02,-7.1602e-02],-0.5
13501,[ 1.0543, 0.0274, 0.099 ,-0.0641],[-2.3338,-1.7039,-1.9772,-1.7124, 0.4093],[ 1.0547, 0.0264, 0.1002,-0.065 ],-0.4996
13502,[ 5.2053,-0.0233,-0.1104,-0.0661],[-1.9573,-0.8133,-0.178 ,-2.2456,-0.8664],[ 5.2059,-0.023 ,-0.1118,-0.0718],-0.4999
13503,[ 3.3975,-0.0257, 0.2311,-0.0532],[-1.6447, 2.7902, 2.2812, 0.4525, 0.0455],[ 3.4008,-0.0265, 0.2338,-0.0556],-0.5
13504,[ 5.3511e+00, 1.3537e-03,-2.2393e-01,-8.0468e-02],[-0.6513,-1.194 ,-0.6166,-1.8899,-1.47  ],[ 5.3541e+00, 1.8974e-03,-2.2441e-01,-7.9486e-02],-0.5
13505,[ 4.2742,-0.0309, 0.3183,-0.0631],[-0.1866,-2.1223,-0.2426,-0.5911,-1.5485],[ 4.2803,-0.0317, 0.317 ,-0.0615],-0.5
13506,[ 9.0825, 0.0365,-0.3414,-0.066 ],[-2.673 ,-1.7279,-1.2348,-2.1671,-1.0954],[ 9.0894, 0.0371,-0.3383,-0.0711],-0.4999
13507,[ 5.5579,-0.022 , 0.4495,-0.0778],[-0.7652,-2.2874,-1.3787,-2.0471,-0.5043],[ 5.5692,-0.0228, 0.4432,-0.0833],-0.5
13508,[ 5.7503, 0.0298,-0.4544,-0.0717],[-1.737 ,-1.8471,-1.7176,-1.8024,-0.9439],[ 5.762 , 0.0312,-0.4538,-0.0733],-0.499
13509,[ 2.3248, 0.0029,-0.4789,-0.0693],[-14.269 ,-14.0218,-14.343 ,-15.1828,-13.7179],[ 2.349 , 0.0044,-0.4774,-0.0741],-0.4989
13510,[ 3.2257, 0.1133,-0.0075,-0.0528],[-2.4936,-1.8171,-1.9248, 0.1627,-2.4307],[ 3.2246, 0.1128,-0.0043,-0.0481],-0.4996
13511,[ 3.1302, 0.1116, 0.1091,-0.0518],[-1.1639,-1.8039,-2.5509,-1.9628,-0.5842],[ 3.13  , 0.1106, 0.1114,-0.0545],-0.4999
13512,[ 3.4828, 0.1187,-0.1071,-0.0563],[-1.3483,-0.2694,-2.485 ,-2.0275,-1.669 ],[ 3.4824, 0.1186,-0.1049,-0.0616],-0.4996
13513,[ 6.0251, 0.1122, 0.2102,-0.0542],[-0.8816,-0.7534,-1.2795,-0.511 ,-1.4552],[ 6.0269, 0.1115, 0.2112,-0.0536],-0.5
13514,[ 4.8665, 0.1072,-0.2357,-0.0584],[-0.4525, 0.1322,-0.8979,-0.6866,-1.1273],[ 4.8692, 0.1076,-0.2356,-0.0587],-0.4998
13515,[ 6.3347, 0.0772, 0.3279,-0.0586],[ 0.0661,-0.0139,-0.6152,-0.9247,-0.9293],[ 6.341 , 0.0761, 0.33  ,-0.0542],-0.4999
13516,[ 6.5827, 0.0943,-0.3448,-0.059 ],[-2.9576,-1.4849,-1.2583,-1.1581,-2.6943],[ 6.5893, 0.0948,-0.3445,-0.0533],-0.5
13517,[ 6.2775, 0.0578, 0.3942,-0.0766],[-0.6425,-0.8578, 1.0176,-1.1553,-1.0227],[ 6.2863, 0.0571, 0.3907,-0.0923],-0.5
13518,[ 4.6751, 0.0985,-0.4483,-0.0627],[2.0588,1.8811,3.4041,2.5198,2.4175],[ 4.686 , 0.0994,-0.4493,-0.0625],-0.5
13519,[ 2.3552, 0.0806,-0.6691,-0.0698],[-3.5751,-2.9724,-2.9042,-3.8389,-2.363 ],[ 2.3764, 0.0816,-0.67  ,-0.0756],-0.5
13520,[ 4.9294,-0.1062, 0.0124,-0.0553],[ 0.2368, 0.135 ,-0.8807,-2.5473,-0.5782],[ 4.9284,-0.106 , 0.0104,-0.0607],-0.5
13521,[ 4.0683,-0.1245, 0.111 ,-0.0752],[ 1.115 ,-1.9721, 0.3632, 2.9019, 3.3805],[ 4.0678,-0.1245, 0.1096,-0.0727],-0.499
13522,[ 5.5672,-0.0875,-0.1046,-0.0596],[-0.7715,-0.3321,-0.3188,-1.5761,-2.3811],[ 5.5673,-0.0871,-0.1089,-0.0614],-0.5
13523,[ 4.6386,-0.102 , 0.2234,-0.0727],[-3.3788,-3.6592,-2.6569,-3.6643,-2.3984],[ 4.6409,-0.1023, 0.2219,-0.0796],-0.4992
13524,[ 6.638 ,-0.0754,-0.2115,-0.0674],[-1.3659,-2.0124,-1.8769,-3.1409,-1.9859],[ 6.6404,-0.0748,-0.2141,-0.0769],-0.5
13525,[ 4.2897,-0.0948, 0.334 ,-0.0741],[-3.0518,-2.5799,-2.6106,-2.6972,-2.1297],[ 4.2959,-0.0954, 0.3347,-0.0783],-0.5
13526,[ 4.3955,-0.0716,-0.3335,-0.0777],[-1.1493,-0.6588,-2.4785,-1.0899, 0.6662],[ 4.4022,-0.0707,-0.3394,-0.0836],-0.5
13527,[ 5.791 ,-0.0862, 0.4283,-0.0769],[-2.3197,-1.3809,-1.5514,-2.5816,-2.0174],[ 5.8012,-0.0869, 0.4285,-0.0791],-0.5
13528,[ 4.6086,-0.0802,-0.3925,-0.1091],[ 1.3972,-0.0426,-1.4897,-0.9921,-1.044 ],[ 4.617 ,-0.0792,-0.3873,-0.1092],-0.5
13529,[ 0.4344,-0.1032,-0.6041,-0.0591],[-29.979 ,-30.0467,-30.1419,-30.3413,-29.7585],[ 0.456 ,-0.0973,-0.6046,-0.0639],-0.4819
13530,[ 4.3982, 0.2166, 0.0083,-0.0786],[-1.1229,-1.3772,-1.4754,-1.6583,-1.0333],[ 4.3948, 0.216 , 0.0111,-0.0759],-0.4999
13531,[ 3.3652, 0.2302, 0.092 ,-0.0698],[-0.6095,-0.5589,-1.0779,-0.9186,-0.7441],[ 3.362 , 0.2291, 0.0972,-0.0695],-0.5
13532,[ 7.3808, 0.1913,-0.1545,-0.0799],[-0.2629,-0.1159,-1.3522,-0.7031,-1.0862],[ 7.3796, 0.1912,-0.1539,-0.0824],-0.5
13533,[ 9.8842, 0.2738, 0.216 ,-0.0129],[-0.4712,-0.2145,-0.6607,-0.3471,-0.6709],[ 9.8821e+00, 2.7323e-01, 2.0058e-01,-5.2086e-03],-0.5
13534,[ 6.403 , 0.21  ,-0.1922,-0.0668],[-1.2594,-1.3061,-1.7706,-1.4415,-0.8861],[ 6.4022, 0.2099,-0.1897,-0.0687],-0.5
13535,[ 8.1981, 0.2227, 0.2908,-0.0169],[-0.5712,-0.8089,-0.296 , 0.1365,-1.0267],[ 8.2001e+00, 2.2202e-01, 2.9084e-01,-1.1408e-03],-0.5
13536,[ 4.6542, 0.1772,-0.3631,-0.0596],[-1.6229,-1.4417,-1.7988,-1.9995,-0.972 ],[ 4.6601, 0.1775,-0.3631,-0.0596],-0.5
13538,[ 3.2686, 0.1943,-0.4653,-0.0638],[-0.6466,-1.7201,-1.6017,-1.1263,-0.8991],[ 3.2784, 0.1949,-0.4655,-0.0626],-0.5
13539,[ 6.9255, 0.231 ,-0.6572,-0.0719],[-1.1663,-0.1997, 0.6057,-0.0097, 1.2626],[ 6.9426, 0.2311,-0.6574,-0.0737],-0.5
13540,[ 5.0099,-0.1813, 0.0419,-0.0296],[-0.8677,-1.6245,-0.5   ,-0.6713,-0.7851],[ 5.0077,-0.181 , 0.0446,-0.0249],-0.5
13541,[ 5.7914,-0.2077, 0.1071,-0.0503],[-1.4732,-1.1759, 0.4597,-0.6921,-1.0506],[ 5.7892,-0.2075, 0.1054,-0.0433],-0.5
13543,[ 7.7679,-0.2047, 0.2024,-0.0539],[-1.1116,-1.8096,-0.1026,-1.5731,-0.603 ],[ 7.7675,-0.2047, 0.1949,-0.0506],-0.5
13545,[ 6.366 ,-0.2111, 0.3217,-0.0704],[-1.6704,-0.9399,-0.3668,-1.4944,-0.8005],[ 6.3693,-0.2113, 0.3183,-0.0647],-0.4986
13547,[ 1.7435,-0.2022, 0.4393,-0.0599],[-0.5364,-1.6064,-1.3854,-0.5162, 0.342 ],[ 1.752 ,-0.2029, 0.4378,-0.0592],-0.5
13549,[ 0.07  ,-0.1729,-0.6344,-0.0557],[-0.1682,-0.7167, 0.1496,-0.318 , 2.4864],[ 0.0903,-0.1638,-0.6315,-0.0644],-0.4607
13550,[ 4.1848, 0.2875,-0.0232,-0.0573],[-0.5275,-0.5975,-0.7808,-0.6011,-0.6026],[ 4.1794, 0.2869,-0.0212,-0.0595],-0.5
13551,[ 3.0652, 0.2779, 0.0617,-0.0192],[-0.2533,-0.2367,-0.2658,-0.1565,-0.245 ],[ 3.0605, 0.2768, 0.0725,-0.0349],-0.5
13552,[ 5.5793, 0.2945,-0.1383,-0.0542],[-1.1741,-0.757 ,-0.9483,-0.5739,-0.8639],[ 5.5749, 0.2943,-0.1371,-0.0475],-0.5
13554,[ 6.2921, 0.2886,-0.2159,-0.052 ],[-0.9079,-0.4662,-0.849 ,-1.5161,-0.4483],[ 6.2897, 0.2885,-0.215 ,-0.0509],-0.5
13555,[ 9.8896, 0.28  , 0.3356,-0.0775],[-0.3873, 0.    ,-0.456 ,-0.2055,-0.16  ],[ 9.891 , 0.2793, 0.323 ,-0.0636],-0.5
13556,[ 6.8423, 0.3114,-0.3574,-0.0677],[ 0.1209,-1.5468, 0.2264,-0.7091, 0.0309],[ 6.844 , 0.3115,-0.3581,-0.069 ],-0.5
13557,[ 9.6568, 0.3066, 0.4908,-0.1116],[ 0.    ,-0.1267,-0.4392,-0.1761,-0.1634],[ 9.6644, 0.3058, 0.4913,-0.1277],-0.5
13558,[ 6.9735, 0.3131,-0.4514,-0.0763],[ 0.6955, 0.0943,-0.6224,-0.6248, 0.1925],[ 6.979 , 0.3132,-0.4505,-0.0747],-0.5
13559,[ 7.07  , 0.3138,-0.5417,-0.091 ],[-2.0207, 0.8934,-0.7148,-0.7741, 5.457 ],[ 7.0822, 0.3138,-0.541 ,-0.0933],-0.5
13578,[ 5.5098, 0.3898,-0.4977,-0.0974],[-0.1185,-0.0911,-0.3836,-0.0968,-0.2478],[ 5.5144, 0.3899,-0.4993,-0.0931],-0.5
13579,[ 4.8855, 0.4016,-0.5043,-0.1079],[-0.6706,-0.486 ,-0.8397,-0.607 ,-0.6957],[ 4.89  , 0.4017,-0.5064,-0.1237],-0.5
13600,[ 3.2202,-0.018 ,-0.0193,-0.1946],[ 0.1937, 0.6555,-1.5534,-1.2814,-1.8006],[ 3.2193,-0.0179,-0.0181,-0.1939],-0.5
13601,[ 2.8385e+00,-2.1449e-03, 1.0756e-01,-1.9332e-01],[-0.8932,-0.2166,-1.0557,-2.4648,-0.1844],[ 2.8386e+00,-2.6875e-03, 1.1102e-01,-1.9442e-01],-0.4999
13602,[ 5.4588,-0.0201,-0.107 ,-0.1875],[-2.5417,-3.5894,-2.6275,-2.963 ,-0.6886],[ 5.4588,-0.0198,-0.1078,-0.1905],-0.5
13603,[ 4.7128,-0.0065, 0.2289,-0.1826],[-0.0613,-0.5639,-1.6445,-1.4926,-0.7292],[ 4.7156,-0.0072, 0.2311,-0.1819],-0.4999
13604,[ 5.5527,-0.0089,-0.227 ,-0.1957],[ 0.7304, 0.621 ,-0.1137,-1.9304, 0.1523],[ 5.5554,-0.0083,-0.2282,-0.1975],-0.5
13605,[ 5.9422,-0.0172, 0.3448,-0.2023],[ 0.16  ,-1.8206,-1.2647,-0.5069,-0.003 ],[ 5.949 ,-0.0178, 0.3425,-0.21  ],-0.5
13606,[ 9.6802, 0.0314,-0.3486,-0.2182],[ 5.9692,-2.1724, 3.9654,-2.2971, 7.6079],[ 9.6872, 0.0319,-0.3502,-0.2222],-0.5
13607,[ 5.8214,-0.0194, 0.4383,-0.1763],[ 0.117 ,-1.4782, 0.1758, 0.0269, 0.1542],[ 5.8321,-0.0201, 0.4334,-0.1826],-0.5
13608,[ 6.3601, 0.0308,-0.4476,-0.2018],[-1.4362,-1.8735,-2.0855,-2.7235,-0.6739],[ 6.3713, 0.0321,-0.4442,-0.2054],-0.4995
13609,[ 3.5733, 0.0159,-0.5044,-0.1923],[-15.8971,-15.7007,-16.1348,-16.4758,-15.4308],[ 3.5976, 0.0172,-0.5038,-0.1959],-0.4993
13610,[ 2.571 , 0.1286,-0.0118,-0.1805],[-1.4696,-1.5171,-0.8044,-0.369 ,-0.2037],[ 2.5691, 0.1279,-0.0106,-0.1805],-0.4998
13611,[ 3.2998, 0.1033, 0.1199,-0.1877],[-0.2856,-0.8255,-2.4702,-1.9293,-0.8733],[ 3.2992, 0.1024, 0.1214,-0.197 ],-0.4999
13612,[ 3.6671, 0.1233,-0.1115,-0.1923],[-0.7597,-1.5821,-1.2242,-1.8805,-1.2432],[ 3.6661, 0.1233,-0.1099,-0.1975],-0.499
13613,[ 5.533 , 0.1135, 0.2372,-0.1866],[-1.7643,-1.2653,-1.5435,-1.2738,-1.058 ],[ 5.5352, 0.1125, 0.2386,-0.1873],-0.4999
13614,[ 5.229 , 0.1039,-0.2254,-0.1959],[ 0.8734, 0.7931,-2.1256,-0.5664, 1.6136],[ 5.2308, 0.1043,-0.2215,-0.199 ],-0.4999
13615,[ 6.1714, 0.0945, 0.3198,-0.178 ],[-1.4691,-0.6842,-0.9205, 0.8302,-1.3192],[ 6.1768, 0.0936, 0.3207,-0.1679],-0.4999
13616,[ 6.9577, 0.0826,-0.3371,-0.1882],[-0.0964, 1.7113,-0.2407,-1.1734,-3.3197],[ 6.9639, 0.0832,-0.336 ,-0.1817],-0.4999
13617,[ 6.446 , 0.0871, 0.472 ,-0.2236],[-0.5832,-1.2747,-0.7281,-0.7707,-0.7399],[ 6.4579, 0.0862, 0.4711,-0.2281],-0.5
13618,[ 3.2346, 0.0882,-0.457 ,-0.1886],[-2.2193,-2.7897,-1.6616,-3.0203,-2.0887],[ 3.2459, 0.0895,-0.4576,-0.1888],-0.4999
13619,[ 2.4105, 0.0811,-0.6497,-0.1984],[-8.2945,-8.3967,-8.4316,-9.2626,-7.4981],[ 2.4319, 0.0821,-0.6496,-0.2054],-0.5
13620,[ 4.4192,-0.1017, 0.007 ,-0.1876],[-0.319 ,-1.6941,-1.3767,-0.4932, 1.3796],[ 4.4177,-0.1015, 0.0048,-0.1947],-0.5
13621,[ 3.586 ,-0.1246, 0.1286,-0.189 ],[14.449 ,-1.7042,-1.4668,-0.7427,-0.0592],[ 3.5853,-0.1247, 0.1282,-0.1867],-0.4963
13622,[ 6.3894,-0.085 ,-0.1073,-0.19  ],[-0.6937,-1.9133,-2.7282,-1.2467,-0.1923],[ 6.3889,-0.0846,-0.1088,-0.1925],-0.5
13623,[ 4.4905,-0.1139, 0.21  ,-0.1964],[-3.6845,-3.3815,-1.9404,-4.0488,-1.7504],[ 4.4919,-0.1142, 0.2093,-0.2002],-0.4994
13624,[ 6.708 ,-0.0798,-0.2144,-0.1934],[-2.473 ,-2.5381,-2.142 ,-2.8776,-1.6916],[ 6.7101,-0.0792,-0.2176,-0.1977],-0.5
13625,[ 5.2737,-0.0948, 0.3419,-0.194 ],[-3.6148,-3.8648,-2.8392,-3.5892,-3.0999],[ 5.2799,-0.0953, 0.3418,-0.1967],-0.5
13626,[ 6.5007,-0.0683,-0.3192,-0.1879],[-2.4698,-0.9394,-0.6077,-0.2685,-1.4983],[ 6.5065,-0.0676,-0.3236,-0.1898],-0.5
13627,[ 5.8461,-0.1028, 0.4182,-0.1973],[-1.3989,-1.9326,-1.1341,-2.582 ,-0.9831],[ 5.8554,-0.1034, 0.4174,-0.2024],-0.5
13628,[ 8.4114,-0.0785,-0.4602,-0.1981],[-0.1556,-1.1657,-0.1323,-2.0055, 1.9976],[ 8.4233,-0.0778,-0.4655,-0.2022],-0.5
13629,[ 2.1936,-0.0908,-0.4129,-0.1765],[-23.9893,-24.0829,-24.1415,-24.206 ,-23.8783],[ 2.2156,-0.0865,-0.4143,-0.1817],-0.4885
13630,[ 3.8552, 0.2054,-0.0131,-0.1885],[-0.7071,-0.2522,-1.537 ,-0.9393,-1.4787],[ 3.8516, 0.2048,-0.0096,-0.1834],-0.4999
13631,[ 3.0315, 0.24  , 0.0993,-0.1794],[-0.9265,-0.4361,-1.0252,-0.834 , 0.1505],[ 3.0277, 0.2388, 0.1034,-0.1864],-0.5
13632,[ 2.9198, 0.2041,-0.124 ,-0.2159],[-1.9013, 0.0902, 0.1944,-1.2144, 0.3349],[ 2.9172, 0.2038,-0.1226,-0.2183],-0.4998
13633,[ 1.6775, 0.213 , 0.2023,-0.2272],[-0.5052,-0.399 ,-0.638 ,-0.2983,-0.6083],[ 1.6765, 0.2109, 0.21  ,-0.243 ],-0.5
13634,[ 2.6627, 0.2213,-0.2071,-0.2128],[-1.7162,-1.3684,-2.5618,-2.505 , 0.0905],[ 2.6614, 0.2213,-0.2033,-0.2167],-0.4999
13635,[12.7745, 0.1703, 0.3689,-0.2178],[-0.2267,-0.5531,-0.3099,-0.5049,-0.6318],[12.7805, 0.1698, 0.3668,-0.2159],-0.5
13636,[ 3.0131, 0.2063,-0.3372,-0.1997],[-1.1946,-1.0117,-2.2195,-1.6669,-1.0117],[ 3.0167, 0.2068,-0.3329,-0.2012],-0.5
13637,[12.6803, 0.1767, 0.4459,-0.2231],[-0.4696,-1.1177,-0.1728,-0.3673,-0.771 ],[12.6893, 0.1761, 0.4392,-0.2237],-0.5
13638,[ 4.1089, 0.2064,-0.461 ,-0.1794],[-2.1846,-1.8562,-0.5085,-0.3935,-1.1715],[ 4.1182, 0.2069,-0.4621,-0.1744],-0.5
13639,[ 6.9166, 0.2231,-0.5604,-0.1901],[-1.0584, 2.4236,-0.7187,-1.2527, 1.3364],[ 6.9353, 0.2232,-0.5573,-0.1931],-0.5
13641,[ 5.8149,-0.2302, 0.138 ,-0.1808],[-0.9106,-1.2439,-0.1961,-0.6716,-2.1908],[ 5.812 ,-0.2301, 0.1363,-0.1718],-0.5
13643,[ 5.4361,-0.197 , 0.2352,-0.1885],[-1.0177,-2.5292,-0.0693,-1.5534,-0.6743],[ 5.4364,-0.1971, 0.2302,-0.1858],-0.5
13645,[ 4.9726,-0.2049, 0.3373,-0.1929],[-2.1486,-2.5493,-0.6207,-0.9742,-1.3901],[ 4.9763,-0.2054, 0.333 ,-0.1896],-0.4946
13647,[ 4.1346,-0.1895, 0.4322,-0.1975],[-0.3056,-1.7896, 0.6   , 0.0591,-1.7296],[ 4.1428,-0.1901, 0.4294,-0.1951],-0.5
13649,[ 5.2398,-0.1803, 0.1711,-0.1723],[-1.0613, 0.3129,-0.6245,-1.464 ,-0.4171],[ 5.2575,-0.1774, 0.1715,-0.173 ],-0.4869
13650,[ 3.1454, 0.2908,-0.0167,-0.1498],[-0.3396,-0.179 ,-0.4302,-0.4161,-0.4788],[ 3.1394, 0.29  ,-0.014 ,-0.1484],-0.5
13652,[ 4.8603, 0.2912,-0.1187,-0.197 ],[-1.1129,-0.4166,-0.7306,-0.7211,-0.6999],[ 4.8551, 0.2909,-0.1161,-0.1891],-0.5
13654,[ 6.3243, 0.3009,-0.213 ,-0.1904],[-0.8215,-0.3461,-1.5987,-0.5054,-0.9001],[ 6.3209, 0.3008,-0.2105,-0.1901],-0.5
13655,[ 9.8714, 0.2848, 0.3687,-0.1806],[-0.2234,-0.4363,-0.7914,-0.5262,-0.5347],[ 9.8742, 0.2841, 0.368 ,-0.1691],-0.5
13656,[ 6.6209, 0.3066,-0.353 ,-0.1796],[-0.1255,-0.5713,-1.2328,-1.8428,-0.9385],[ 6.6222, 0.3067,-0.3515,-0.1809],-0.5
13657,[ 9.8069, 0.2936, 0.4523,-0.1589],[-0.7731,-0.7172,-0.2941,-0.2909,-0.5365],[ 9.8127, 0.2929, 0.4453,-0.1659],-0.5
13658,[ 6.5909, 0.3123,-0.4562,-0.1793],[-0.1032,-1.0151,-0.5543,-0.4374,-1.3839],[ 6.5966, 0.3124,-0.4556,-0.1769],-0.5
13659,[ 7.6958, 0.3081,-0.5222,-0.1891],[ 2.8117,-1.4286, 2.916 , 2.7527, 2.5294],[ 7.7105, 0.3081,-0.5182,-0.188 ],-0.5
13663,[ 3.2854,-0.2851, 0.2364,-0.2237],[-0.3094,-0.3083,-0.7016,-0.4771,-0.551 ],[ 3.2831,-0.285 , 0.2371,-0.2238],-0.5
13665,[ 2.9701,-0.2894, 0.3208,-0.2175],[-1.3001,-1.291 ,-0.982 ,-1.3725,-0.9075],[ 2.9708,-0.2896, 0.3214,-0.2202],-0.5
13678,[ 5.4399, 0.3938,-0.4912,-0.1985],[-0.5945,-0.7234,-0.686 ,-0.4552,-0.429 ],[ 5.444 , 0.3939,-0.4908,-0.2007],-0.5
13679,[ 4.2731, 0.4174,-0.5636,-0.2023],[-1.0688,-0.6072,-0.7833,-0.8478,-0.8567],[ 4.2795, 0.4174,-0.564 ,-0.2037],-0.5
13700,[ 4.0728,-0.0225,-0.0109,-0.3134],[-0.286 ,-0.4149,-0.9449,-0.5621,-0.8483],[ 4.0714,-0.0225,-0.0085,-0.3124],-0.5
13701,[ 3.7613,-0.0152, 0.1158,-0.3412],[ 0.2879, 2.5637,-1.3427, 2.1808, 2.5104],[ 3.7609,-0.0157, 0.1206,-0.3431],-0.4998
13702,[ 4.299 ,-0.0181,-0.1024,-0.3072],[-2.0086,-0.8314,-1.6751,-1.3658, 0.5177],[ 4.2984,-0.0177,-0.1017,-0.3086],-0.5
13703,[ 4.1558,-0.0132, 0.2134,-0.3303],[ 0.752 , 0.5227,-1.8441,-0.9991, 0.9329],[ 4.1578,-0.014 , 0.2204,-0.3347],-0.4998
13704,[ 4.7375e+00,-3.6192e-03,-2.2861e-01,-3.0414e-01],[-2.1109,-2.2928,-0.3807,-1.0426,-1.1617],[ 4.7399e+00,-2.9629e-03,-2.3016e-01,-3.0340e-01],-0.5
13705,[ 7.5396,-0.0118, 0.3395,-0.308 ],[-2.515 ,-1.9625,-2.4289,-2.6289,-1.8792],[ 7.5461,-0.0124, 0.3402,-0.3136],-0.5
13706,[ 8.5092, 0.0225,-0.346 ,-0.2999],[ 0.9946, 0.4207, 3.9899,13.023 , 3.1258],[ 8.5159, 0.023 ,-0.3461,-0.2942],-0.5
13707,[ 6.9509,-0.0204, 0.4262,-0.3096],[-2.6642,-3.1947,-1.7675,-1.508 ,-1.5116],[ 6.9612,-0.0211, 0.4266,-0.314 ],-0.5
13708,[ 7.9029, 0.033 ,-0.4484,-0.3185],[ 2.6648, 0.7965,-0.2571, 3.0251, 2.6295],[ 7.914 , 0.0341,-0.4461,-0.3248],-0.4997
13709,[ 4.2033, 0.0264,-0.5222,-0.3055],[-5.3855,-4.4309,-5.7038,-5.3987,-4.6266],[ 4.2274, 0.0276,-0.5228,-0.3061],-0.4996
13710,[ 1.2616, 0.1131,-0.0142,-0.3196],[-0.3742,-0.1352,-1.2277,-1.3899, 0.2065],[ 1.2593, 0.1124,-0.0148,-0.328 ],-0.4992
13711,[ 4.3852, 0.0868, 0.114 ,-0.3313],[-0.4176,-1.8797,-0.5526,-1.8559,-0.7095],[ 4.3842, 0.0861, 0.1152,-0.3393],-0.5
13712,[ 3.3347, 0.123 ,-0.1121,-0.3151],[-1.0854, 0.2672, 0.6987,-1.6534,-1.442 ],[ 3.3332, 0.1229,-0.1129,-0.3201],-0.4992
13713,[ 7.8863, 0.1233, 0.2259,-0.3191],[-1.4095,-0.894 ,-2.0115,-1.6415,-1.8994],[ 7.8875, 0.1228, 0.2252,-0.319 ],-0.5
13714,[ 5.2224, 0.1077,-0.2154,-0.3123],[-1.0513,-1.6671,-1.6703,-3.1332,-1.6382],[ 5.2236, 0.1081,-0.2158,-0.3146],-0.4999
13715,[ 7.6545, 0.1008, 0.3388,-0.3281],[ 1.    ,-1.2166,-1.1247,-1.0756,-0.6861],[ 7.6603, 0.1001, 0.3393,-0.3214],-0.5
13716,[ 6.2626, 0.075 ,-0.3388,-0.3053],[-1.0643,-1.6055,-2.9637,-2.1809,-1.9593],[ 6.2687, 0.0759,-0.3373,-0.3032],-0.4998
13717,[ 7.5334, 0.1181, 0.4401,-0.3249],[-0.0883,-1.0656,-0.9005,-1.2563, 1.2592],[ 7.5433, 0.1172, 0.4376,-0.3306],-0.5
13718,[ 3.3588, 0.0787,-0.4614,-0.3198],[-7.2128,-7.4544,-6.5303,-7.9088,-6.5854],[ 3.3704, 0.0801,-0.4632,-0.3255],-0.4998
13719,[ 2.685 , 0.0862,-0.6186,-0.3196],[-35.6513,-35.8572,-35.678 ,-36.4236,-35.1629],[ 2.7063, 0.0872,-0.6185,-0.3264],-0.5
13720,[ 4.4349e+00,-1.0108e-01, 3.7574e-03,-3.1131e-01],[-1.088 ,-2.0658,-1.5815,-2.9486,-1.3132],[ 4.4328e+00,-1.0081e-01,-4.8899e-04,-3.1744e-01],-0.5
13721,[ 4.1045,-0.1253, 0.1306,-0.2937],[-1.8783, 1.0894,-0.3736, 2.6734,-0.8732],[ 4.1034,-0.1253, 0.1299,-0.287 ],-0.4982
13722,[ 4.8551,-0.0899,-0.1076,-0.3116],[-2.3812,-1.9838,-1.5321,-2.5527,-3.0686],[ 4.8542,-0.0893,-0.1119,-0.3121],-0.5
13723,[ 4.5494,-0.1163, 0.2204,-0.3051],[-3.6146,-3.3262,-3.1875,-2.5008,-2.7218],[ 4.5507,-0.1166, 0.2201,-0.3056],-0.4996
13724,[ 6.7715,-0.0825,-0.2165,-0.3034],[-3.0354,-4.0007,-2.7722,-4.374 ,-3.3267],[ 6.7732,-0.0818,-0.2203,-0.3068],-0.5
13725,[ 5.8504,-0.1046, 0.3452,-0.3041],[-2.4346,-1.896 ,-1.8559,-2.4653,-1.532 ],[ 5.8564,-0.1051, 0.3455,-0.3059],-0.5
13726,[ 7.1443,-0.0737,-0.321 ,-0.3203],[-1.3156,-2.2796,-2.6494,-2.5884,-0.7261],[ 7.1498,-0.073 ,-0.3257,-0.3282],-0.5
13727,[ 6.1891,-0.1156, 0.4178,-0.3155],[-1.6138,-2.2642,-1.8996,-2.8584,-2.5695],[ 6.1981,-0.1161, 0.4178,-0.318 ],-0.5
13728,[ 9.6298,-0.0815,-0.4381,-0.3247],[-0.5495, 1.0871, 0.0198, 1.471 , 1.3035],[ 9.64  ,-0.0809,-0.4335,-0.3277],-0.5
13729,[ 5.4237,-0.0919,-0.0826,-0.2961],[-14.7351,-14.609 ,-14.2955,-14.9939,-14.1101],[ 5.4465,-0.0902,-0.0852,-0.2988],-0.4967
13730,[ 5.159 , 0.2168,-0.0074,-0.3099],[-1.0088,-1.1104,-1.7808,-1.5439,-0.7732],[ 5.1545e+00, 2.1634e-01,-5.1233e-03,-3.1322e-01],-0.5
13731,[ 3.5521, 0.2072, 0.1126,-0.3226],[-0.6295,-0.817 ,-0.9405,-1.1226, 0.3   ],[ 3.5488, 0.2061, 0.1144,-0.3267],-0.5
13732,[ 2.6513, 0.2048,-0.1267,-0.2923],[-1.4942,-1.7355,-1.0389, 0.032 ,-2.1328],[ 2.6485, 0.2045,-0.1257,-0.2898],-0.4998
13733,[ 2.2569, 0.1879, 0.1831,-0.3111],[-0.7959,-0.7432,-0.9005,-0.6616, 0.2284],[ 2.2555, 0.1862, 0.182 ,-0.3252],-0.5
13734,[ 2.2528, 0.2137,-0.208 ,-0.3108],[-1.3932,-1.1469,-2.1083,-1.0375,-1.5851],[ 2.2514, 0.2138,-0.206 ,-0.3115],-0.4998
13735,[12.7924, 0.1688, 0.3755,-0.2621],[-0.6495,-0.7582,-0.3697,-0.6581,-0.4809],[12.7988, 0.1683, 0.3794,-0.2553],-0.5
13736,[ 2.2607, 0.2061,-0.3231,-0.3036],[-1.0463,-0.6343,-2.0655,-1.0244,-1.2005],[ 2.2637, 0.2067,-0.3218,-0.299 ],-0.4999
13737,[11.0864, 0.1795, 0.4743,-0.3205],[-0.5765,-0.6571,-0.9983,-0.4662,-1.5641],[11.0969, 0.1789, 0.4742,-0.3145],-0.5
13738,[ 5.9888, 0.2246,-0.4634,-0.335 ],[-0.5873,-1.1059,-0.7599,-0.9401, 0.5828],[ 5.9976, 0.225 ,-0.4635,-0.3358],-0.5
13739,[ 7.1697, 0.2083,-0.4452,-0.3446],[ 2.8821,-1.1999,-0.4443, 0.1527,20.2968],[ 7.1911, 0.2083,-0.4417,-0.3498],-0.5
13740,[ 4.2346,-0.1704, 0.0072,-0.3222],[-0.4633,-1.4511,-1.1163,-0.3396,-1.2512],[ 4.2312,-0.17  , 0.0054,-0.3242],-0.5
13741,[ 3.8472,-0.2237, 0.1057,-0.3214],[-1.4491,-1.9558,-1.1339,-1.2671,-2.6343],[ 3.8432,-0.2234, 0.0989,-0.3084],-0.5
13743,[ 6.1233,-0.2018, 0.2327,-0.3143],[-0.1799, 0.1402,-0.4918, 0.2689, 0.0684],[ 6.1231,-0.2019, 0.2307,-0.3174],-0.5
13745,[ 4.233 ,-0.2114, 0.3429,-0.3096],[-1.1559,-2.8253,-0.8902,-2.2959,-2.0804],[ 4.2365,-0.212 , 0.3388,-0.3104],-0.4944
13746,[ 8.4028,-0.1883,-0.354 ,-0.3104],[-0.966 ,-1.0378,-0.4065,-0.6622,-1.0069],[ 8.4078,-0.1875,-0.3589,-0.3103],-0.5
13747,[ 5.124 ,-0.2015, 0.4443,-0.317 ],[-0.062 ,-1.7466,-0.3164,-1.3233,-1.2188],[ 5.1324,-0.2019, 0.4409,-0.3127],-0.5
13748,[ 8.565 ,-0.1738,-0.4558,-0.3507],[-0.5229,-0.6786,-1.057 ,-0.6637,-0.7661],[ 8.5748,-0.1731,-0.4582,-0.3541],-0.5
13749,[ 7.4659,-0.2105, 0.588 ,-0.3348],[-0.102 ,-0.9765, 0.3281,-2.1229, 0.6882],[ 7.4809,-0.2107, 0.5848,-0.3369],-0.5
13750,[ 3.8772, 0.2872,-0.0513,-0.3736],[-0.1209,-0.1348,-0.4268,-0.3628,-0.3949],[ 3.8706, 0.2867,-0.0582,-0.3591],-0.5
13752,[ 3.9748, 0.2927,-0.1214,-0.3113],[-1.0647,-0.6064,-0.8618,-0.7497,-0.5203],[ 3.9692, 0.2923,-0.1217,-0.3125],-0.5
13754,[ 5.4974, 0.3042,-0.2275,-0.3146],[-1.113 ,-0.5931,-0.9177,-1.1689,-0.5495],[ 5.4939, 0.3042,-0.2253,-0.3161],-0.5
13756,[ 6.3058, 0.3045,-0.345 ,-0.309 ],[-1.1249,-1.4793,-1.719 ,-1.748 ,-0.5919],[ 6.3067, 0.3046,-0.3446,-0.3117],-0.5
13758,[ 5.969 , 0.3138,-0.4659,-0.3091],[-1.5596,-1.3843,-2.3959,-0.8686,-2.9488],[ 5.975 , 0.314 ,-0.4658,-0.3055],-0.5
13759,[ 7.6071, 0.3056,-0.5676,-0.3047],[-4.4227,-3.4513,-2.6806,-2.5761,-3.7656],[ 7.6214, 0.3056,-0.565 ,-0.3009],-0.5
13761,[ 2.5619,-0.2907, 0.1357,-0.3678],[-0.1078, 0.    , 0.    , 0.    ,-0.2169],[ 2.5561,-0.2903, 0.1285,-0.3736],-0.5
13763,[ 3.1632,-0.2888, 0.2375,-0.2913],[-0.4545,-0.3586,-0.3235,-0.7396,-0.7171],[ 3.1605,-0.2887, 0.2321,-0.2929],-0.5
13765,[ 2.9041,-0.288 , 0.329 ,-0.2899],[-1.0522,-1.326 ,-1.3261,-0.9111,-1.3526],[ 2.9049,-0.2882, 0.327 ,-0.2871],-0.5
13767,[ 3.3726,-0.2781, 0.4032,-0.3609],[-1.2815,-1.0142,-0.6732,-0.8233,-0.8058],[ 3.3762,-0.2784, 0.3877,-0.3443],-0.5
13778,[ 3.6229, 0.4047,-0.4847,-0.3235],[-0.5504,-0.464 ,-0.6808,-0.2338,-0.7781],[ 3.6263, 0.4048,-0.4853,-0.3273],-0.5
13779,[ 5.0709, 0.4104,-0.5893,-0.3136],[-0.2662,-0.8705,-0.6557,-0.5985,-0.3856],[ 5.079 , 0.4105,-0.5905,-0.314 ],-0.5
13800,[ 4.1081,-0.0219, 0.0176,-0.4434],[-2.3494,-2.0336,-3.2419,-0.8942,-1.675 ],[ 4.1062,-0.022 , 0.0202,-0.4394],-0.5
13801,[ 4.0729,-0.0105, 0.1035,-0.4215],[ 2.1361, 0.4597,-2.0254, 2.1224,-1.4133],[ 4.0719,-0.0109, 0.1068,-0.4154],-0.4998
13802,[ 4.0006,-0.0125,-0.0978,-0.4388],[-1.2125, 0.2308,-0.3382,-2.2225, 0.2639],[ 3.9994,-0.0122,-0.0966,-0.4388],-0.5
13803,[ 4.4741,-0.0098, 0.228 ,-0.4327],[-0.9121,-1.0429,-2.4073,-1.5579,-1.4221],[ 4.4761,-0.0107, 0.2306,-0.439 ],-0.4999
13804,[ 3.9237,-0.0206,-0.2179,-0.441 ],[-2.2428,-3.2059,-5.0879,-2.2395,-3.8588],[ 3.9253,-0.0198,-0.2173,-0.4399],-0.5
13805,[ 7.1834,-0.0134, 0.336 ,-0.4336],[-6.2925,-6.0887,-5.6834,-6.5142,-5.9362],[ 7.1894,-0.014 , 0.3351,-0.4401],-0.5
13806,[ 6.551 , 0.01  ,-0.3497,-0.4201],[-0.881 , 4.1742, 3.9915, 4.7818, 0.4152],[ 6.5577, 0.0107,-0.3486,-0.4161],-0.5
13807,[ 7.5218e+00,-2.2052e-03, 4.3749e-01,-4.3564e-01],[-1.6278,-1.7957,-1.699 ,-2.5713,-2.3568],[ 7.5325e+00,-2.8534e-03, 4.3669e-01,-4.4092e-01],-0.5
13808,[ 9.9309, 0.0356,-0.4466,-0.4197],[ 0.1464,-0.3936, 0.5821,-0.3112, 0.3216],[ 9.942 , 0.0362,-0.4458,-0.4208],-0.4999
13809,[ 5.7376, 0.0327,-0.2669,-0.4005],[-7.0771,-9.5349,-8.5095, 4.1684,-9.6626],[ 5.7616, 0.0335,-0.2686,-0.3915],-0.4998
13810,[ 2.6317, 0.1075, 0.0042,-0.4523],[-1.8367,-1.2545,-1.2028,-1.0969,-0.7178],[ 2.629 , 0.1069, 0.0057,-0.4556],-0.4991
13811,[ 3.8767, 0.0849, 0.1056,-0.4378],[-1.0771,-0.6517,-1.512 ,-2.0564,-1.4957],[ 3.8752, 0.0841, 0.1068,-0.438 ],-0.4999
13812,[ 2.6166, 0.1208,-0.1078,-0.4444],[-1.1946,-2.0664,-0.6741,-1.9908,-1.238 ],[ 2.6146, 0.1208,-0.1097,-0.4486],-0.4986
13813,[ 7.6135, 0.1225, 0.2125,-0.4384],[-0.4985,-1.2229,-0.3871,-1.2076,-0.5605],[ 7.6139, 0.1218, 0.2111,-0.442 ],-0.5
13814,[ 5.6066, 0.108 ,-0.2097,-0.4318],[-1.8908,-1.942 , 0.4327,-0.8097,-1.0476],[ 5.6073, 0.1085,-0.2122,-0.4343],-0.4999
13815,[ 9.6184, 0.1152, 0.3452,-0.443 ],[-0.9422,-2.0378,-0.732 ,-2.1104,-0.8579],[ 9.6238, 0.1146, 0.342 ,-0.4407],-0.5
13816,[ 6.1408, 0.0814,-0.3473,-0.4345],[-2.1003,-1.7003,-1.0371,-1.7001,-1.0432],[ 6.1469, 0.0823,-0.3483,-0.4357],-0.4999
13817,[ 7.7513, 0.1245, 0.4341,-0.4367],[-1.6073,-1.0209, 0.7755,-0.8063,-0.7033],[ 7.7606, 0.1236, 0.4299,-0.438 ],-0.5
13818,[ 4.1538, 0.0871,-0.4659,-0.4329],[-20.9521,-21.2889,-20.7886,-21.3855,-20.8263],[ 4.1655, 0.0884,-0.4679,-0.4388],-0.4999
13819,[ 3.3354, 0.0969,-0.5497,-0.435 ],[-142.4926,-142.8103,-142.511 ,-142.9074,-142.2765],[ 3.3573, 0.0977,-0.5498,-0.4419],-0.5
13820,[ 5.0774,-0.1041,-0.0057,-0.4397],[-2.0422,-2.1479,-2.7546,-2.7537,-0.8699],[ 5.0747,-0.1038,-0.0095,-0.4424],-0.5
13821,[ 4.2995,-0.1308, 0.1355,-0.4511],[ 1.3966, 4.2789, 0.5131,-1.0307, 0.25  ],[ 4.2978,-0.1309, 0.1339,-0.45  ],-0.5
13822,[ 5.6883,-0.0969,-0.1057,-0.4383],[-3.5739,-4.1656,-3.1365,-4.5931,-3.454 ],[ 5.6867,-0.0964,-0.1096,-0.4405],-0.5
13823,[ 5.0476,-0.1171, 0.2168,-0.45  ],[ 2.3132,-2.7426, 2.7199,-4.3931,-0.6041],[ 5.0482,-0.1174, 0.2149,-0.4506],-0.4998
13824,[ 5.7266,-0.0841,-0.2175,-0.4368],[-5.0381,-5.0586,-3.8127,-3.8581,-3.6072],[ 5.7279,-0.0834,-0.2207,-0.4412],-0.5
13825,[ 5.0657,-0.1098, 0.3432,-0.4461],[-0.7116,-1.3661,-1.9207,-1.5989,-0.2322],[ 5.0713,-0.1104, 0.3449,-0.4473],-0.5
13826,[ 7.3859,-0.0949,-0.3155,-0.4582],[-1.2916,-0.5029,-2.2508,-2.8784,-1.6012],[ 7.3904,-0.0943,-0.3141,-0.4627],-0.5
13827,[ 5.7163,-0.1199, 0.4172,-0.4371],[-2.7577,-0.4939,-1.0244,-1.1182,-1.0004],[ 5.7251,-0.1205, 0.4171,-0.4419],-0.5
13828,[ 6.5416,-0.1247,-0.4468,-0.426 ],[-1.2395, 2.0834,-0.0477, 0.8714,-0.1679],[ 6.5516,-0.1235,-0.4434,-0.426 ],-0.5
13829,[ 7.1053,-0.1232, 0.2771,-0.4343],[-15.7898,-15.8258,-17.2273,-16.0442,-15.7832],[ 7.1271,-0.123 , 0.2764,-0.4346],-0.4999
13830,[ 4.4642, 0.2169, 0.0075,-0.4317],[-1.3999,-1.0631,-1.1494,-1.1982,-1.328 ],[ 4.4592, 0.2163, 0.0097,-0.4359],-0.5
13831,[ 3.9261, 0.2043, 0.1057,-0.4132],[-1.3076,-0.5939,-0.4725,-0.7989,-0.6898],[ 3.9224, 0.2034, 0.1058,-0.4148],-0.5
13832,[ 2.783 , 0.192 ,-0.1297,-0.4422],[-0.7392,-0.2819,-1.5061,-1.6209,-1.4439],[ 2.7799, 0.1918,-0.1289,-0.4439],-0.4999
13833,[ 1.6497, 0.1831, 0.1734,-0.4466],[-1.0236,-0.7155,-0.4426,-0.4204,-0.4872],[ 1.6477, 0.1812, 0.1746,-0.462 ],-0.5
13834,[ 2.8159, 0.2075,-0.2094,-0.4204],[-0.8464,-1.3415,-1.2167, 0.6222,-1.0705],[ 2.8145, 0.2077,-0.2092,-0.4157],-0.4998
13835,[ 4.4724, 0.2005, 0.3755,-0.4522],[-0.6538,-0.9413,-0.7759,-0.6023,-0.6778],[ 4.4781, 0.1991, 0.388 ,-0.4684],-0.5
13836,[ 2.2456, 0.2191,-0.3276,-0.4465],[-1.4232,-1.3977,-0.5555,-1.5868,-1.1837],[ 2.2482, 0.2197,-0.3292,-0.445 ],-0.4998
13837,[ 9.4859, 0.1792, 0.4572,-0.4492],[-0.2601,-1.7421,-0.2898,-1.3046,-1.1702],[ 9.4952, 0.1784, 0.45  ,-0.4508],-0.5
13838,[ 6.5743, 0.231 ,-0.4743,-0.4423],[-0.202 ,-2.4182, 1.4831, 2.2844,-0.6287],[ 6.5834, 0.2313,-0.4753,-0.4377],-0.5
13839,[ 7.8078, 0.2127,-0.5475,-0.4613],[2.4266e+00,8.0167e-02,1.0902e+00,1.0487e+00,1.9417e+02],[ 7.8291, 0.2127,-0.5433,-0.4652],-0.5
13840,[ 5.1614,-0.2157, 0.0153,-0.4675],[-0.4591,-1.4277,-1.1537,-1.5407,-1.184 ],[ 5.1563e+00,-2.1505e-01, 5.1135e-03,-4.7649e-01],-0.5
13841,[ 5.2609,-0.2128, 0.1239,-0.436 ],[-1.9755,-2.3696,-1.3465,-2.6449,-2.4895],[ 5.257 ,-0.2126, 0.1136,-0.4374],-0.5
13843,[ 4.8399,-0.2101, 0.2269,-0.4556],[-1.9261,-2.0982,-1.0675,-1.8647,-0.7934],[ 4.8387,-0.2102, 0.2233,-0.4572],-0.5
13844,[ 1.2391,-0.1842,-0.25  ,-0.4658],[-0.9671,-1.2664,-1.1111,-1.301 ,-0.7722],[ 1.2398,-0.1815,-0.2599,-0.4581],-0.5
13845,[ 4.9763,-0.205 , 0.3281,-0.4537],[-1.8384,-2.5339,-1.172 ,-1.7548,-1.013 ],[ 4.9791,-0.2054, 0.3262,-0.4561],-0.5
13846,[ 6.9295,-0.1925,-0.3437,-0.4399],[-1.1658,-0.8879,-0.6748,-0.7665,-1.1039],[ 6.9337,-0.1914,-0.3488,-0.4348],-0.5
13847,[ 6.5521,-0.2012, 0.4568,-0.4431],[-1.996 ,-2.7266,-2.1843,-2.7708,-2.3717],[ 6.561 ,-0.2016, 0.4546,-0.4447],-0.5
13848,[ 8.5002,-0.1782,-0.4658,-0.4026],[-0.4815,-0.9088,-0.8233,-0.3638,-0.754 ],[ 8.5108,-0.1774,-0.4752,-0.3967],-0.5
13849,[ 7.3528,-0.2036, 0.5796,-0.4397],[-0.6464,-2.075 ,-0.2281,-1.1648,-0.5123],[ 7.3676,-0.2039, 0.5766,-0.4377],-0.5
13850,[ 3.903 , 0.2892,-0.0483,-0.4349],[-0.4038,-0.536 ,-0.4417,-0.1026,-0.4938],[ 3.8961, 0.2887,-0.0528,-0.4179],-0.5
13852,[ 4.4991, 0.2948,-0.1069,-0.4309],[-0.7093,-0.8547,-0.3624,-1.1449,-0.8542],[ 4.4925, 0.2945,-0.1015,-0.4346],-0.5
13854,[ 4.7959, 0.3056,-0.2316,-0.4204],[-0.4432,-0.7054,-1.1   ,-0.3981,-0.8199],[ 4.7921, 0.3055,-0.2295,-0.4225],-0.5
13856,[ 6.6708, 0.3026,-0.3282,-0.4254],[ 0.5056,-1.3197,-0.7261,-0.1937,-0.4874],[ 6.6708, 0.3027,-0.3288,-0.4253],-0.5
13858,[ 6.2862, 0.3162,-0.4795,-0.4337],[-1.6147,-1.0976,-0.791 ,-0.5442,-2.0376],[ 6.2928, 0.3164,-0.4802,-0.4283],-0.5
13859,[ 7.5204, 0.3062,-0.5505,-0.4375],[-1.9918,-2.7208,-1.455 ,-2.6279,-2.3099],[ 7.5324, 0.3063,-0.5518,-0.4333],-0.5
13860,[ 2.4997,-0.2851, 0.0403,-0.4816],[ 0.   ,-0.216, 0.   , 0.   , 0.   ],[ 2.4924,-0.2843, 0.0398,-0.4982],-0.5
13861,[ 2.6013,-0.293 , 0.1339,-0.4206],[-0.342 ,-0.4246,-0.2834,-0.4392,-0.4498],[ 2.5953,-0.2925, 0.1307,-0.423 ],-0.5
13863,[ 2.628 ,-0.2818, 0.2393,-0.4228],[-0.6239,-0.5738,-0.349 ,-0.2974,-0.7098],[ 2.6255,-0.2818, 0.242 ,-0.4242],-0.5
13865,[ 2.9464,-0.2829, 0.321 ,-0.4465],[-0.7425,-0.8904,-0.91  ,-1.0272,-0.6158],[ 2.9467,-0.2831, 0.3213,-0.4454],-0.5
13867,[ 3.3684,-0.2778, 0.4178,-0.3784],[-0.9003,-1.1055,-0.7888,-0.75  ,-1.2653],[ 3.3726,-0.2781, 0.4032,-0.3609],-0.5
13869,[ 3.3187,-0.278 , 0.5141,-0.4945],[-0.4724,-1.1729,-0.8586,-0.5519,-1.1797],[ 3.3279,-0.2784, 0.5062,-0.5116],-0.5
13878,[ 4.0486, 0.406 ,-0.4867,-0.4291],[-0.6154,-0.7188,-0.6924,-0.7842,-1.1402],[ 4.052 , 0.4062,-0.4873,-0.4294],-0.5
13879,[ 4.3393, 0.4141,-0.5702,-0.4351],[-0.2978,-0.7642,-0.2217,-0.1662,-1.0787],[ 4.3464, 0.4143,-0.571 ,-0.4328],-0.5
13900,[ 2.6636,-0.0173, 0.016 ,-1.1698],[ 2.4116,12.1025, 0.405 , 9.1254, 1.5886],[ 2.6586,-0.0174, 0.0182,-1.1611],-0.499
13901,[ 3.2072,-0.0144, 0.0748,-1.2732],[ 6.4262, 0.2588,19.2262, 6.4239, 2.6041],[ 3.2021,-0.0149, 0.0726,-1.2683],-0.4975
13902,[ 3.2236,-0.0129,-0.1206,-1.5048],[ 1.3045, 0.6207,-1.3814,-0.1189, 0.7559],[ 3.2184,-0.0122,-0.1176,-1.503 ],-0.4999
13903,[ 7.0794, 0.0082, 0.2412,-0.9104],[-0.9072,-0.6918,-0.9274,-0.8688,-1.2819],[ 7.0803, 0.0075, 0.2414,-0.9132],-0.4994
13904,[ 3.2384,-0.0321,-0.2025,-1.41  ],[3.4308,3.2051,1.6154,3.1804,0.0837],[ 3.236 ,-0.0308,-0.2027,-1.4011],-0.4998
13905,[ 7.5006e+00,-2.0523e-03, 3.5534e-01,-1.9568e+00],[44.7804,-1.0833,-0.455 , 1.2432,45.5368],[ 7.5046e+00,-2.9338e-03, 3.5563e-01,-1.9801e+00],-0.5
13906,[ 4.6257e+00, 2.5580e-03,-3.3651e-01,-8.1477e-01],[ 1.5237,-1.3827, 1.8569,-0.6814,-0.9522],[ 4.6310e+00, 3.9448e-03,-3.4093e-01,-8.1448e-01],-0.4995
13907,[ 7.2261e+00, 3.3324e-03, 4.1687e-01,-1.7070e+00],[ 0.3394,-0.2544, 0.7804, 1.3277, 0.7044],[ 7.2341e+00, 2.3738e-03, 4.1553e-01,-1.7136e+00],-0.4999
13908,[ 8.3404, 0.0203,-0.4506,-0.6486],[-1.3833, 0.2927, 0.9353,12.5446, 0.34  ],[ 8.3517, 0.021 ,-0.4519,-0.6378],-0.5
13909,[10.4469, 0.0424, 0.5991,-0.8456],[-0.5101, 4.846 , 1.538 ,38.8131, 2.5414],[10.4721, 0.0421, 0.5964,-0.8284],-0.5
13910,[ 5.1470e+00, 1.0364e-01, 3.1781e-03,-7.2860e-01],[-1.2177,-0.2221,-1.6157,-0.4507,-0.6818],[ 5.1431, 0.1031, 0.0067,-0.7273],-0.4987
13911,[ 5.2477, 0.0943, 0.1144,-0.9478],[-2.6658,-2.5605,-3.4797,-2.7849,-2.407 ],[ 5.2442, 0.0933, 0.1187,-0.9494],-0.4991
13912,[ 2.9343, 0.1125,-0.1134,-0.6917],[-0.1089, 0.8117,-2.0473,-0.2116,-1.3114],[ 2.9314, 0.1126,-0.1099,-0.6898],-0.4984
13913,[ 8.021 , 0.0957, 0.2352,-1.0493],[ 1.7601, 3.1965, 1.5451,-1.0765, 2.5515],[ 8.0206, 0.0948, 0.2375,-1.0584],-0.4998
13914,[ 6.0372, 0.1011,-0.208 ,-0.6899],[-1.2443,-0.1616,-1.832 ,-1.4856,-0.3831],[ 6.0369, 0.1016,-0.2065,-0.6957],-0.4999
13915,[ 8.4586, 0.09  , 0.3181,-1.0334],[-3.0469,-0.7297,-1.2327,-0.2294,-1.1689],[ 8.4619, 0.0891, 0.3168,-1.0351],-0.4999
13916,[ 7.117 , 0.1169,-0.3551,-0.9672],[-0.76  ,-2.3891,-0.1404,-0.9154,-0.9167],[ 7.1221, 0.1177,-0.3577,-0.9709],-0.4998
13917,[ 7.5598, 0.0849, 0.4436,-0.8402],[-1.9215,-5.1912,-3.8085,-4.1111,-1.9282],[ 7.5698, 0.084 , 0.4398,-0.843 ],-0.5
13918,[ 6.8902, 0.1245,-0.4624,-0.8896],[-34.393 ,-34.5595,-34.1176,-33.7471,-33.9845],[ 6.9009, 0.1253,-0.463 ,-0.8958],-0.5
13919,[ 8.32  , 0.1244,-0.5049,-0.8398],[ 59.7095,146.3037,145.4326,  5.8901,  6.4356],[ 8.3465, 0.1245,-0.5044,-0.8413],-0.5
13920,[ 3.4441,-0.105 , 0.0071,-1.1118],[-1.1993,-2.3259,-1.5323,-1.1268,-1.9005],[ 3.4384e+00,-1.0456e-01, 1.8220e-03,-1.1091e+00],-0.4981
13921,[ 3.5055,-0.1257, 0.1227,-0.8904],[ 1.6894, 6.833 ,-0.2309, 2.0569, 0.0262],[ 3.5017,-0.1259, 0.1203,-0.8861],-0.4973
13922,[ 4.5586,-0.0987,-0.1373,-1.0623],[-1.082 ,-1.953 , 7.8076, 6.3862, 6.9034],[ 4.5551,-0.0979,-0.141 ,-1.0714],-0.4999
13923,[ 5.8816,-0.1061, 0.2384,-1.3097],[-1.4188,-2.2796, 2.1876,43.826 ,-1.948 ],[ 5.8804,-0.1066, 0.2375,-1.2917],-0.4997
13924,[ 4.4497,-0.0953,-0.1874,-1.2595],[ 1.3734,17.1401, 1.1082, 2.2391,16.5044],[ 4.4466,-0.0943,-0.1867,-1.2752],-0.5
13925,[ 6.0546,-0.0853, 0.3474,-2.0691],[0.7871,1.0571,0.1706,0.0272,0.4735],[ 6.0575,-0.0861, 0.3458,-2.0598],-0.4999
13926,[ 6.0167,-0.1123,-0.3171,-0.8387],[-1.0323,-1.0963, 1.0636, 3.7478,-2.0071],[ 6.0201,-0.1109,-0.3178,-0.8276],-0.5
13927,[ 6.0641,-0.102 , 0.4337,-2.1388],[-0.5608,-3.8383,-4.4896,-1.7513,-3.1521],[ 6.0725,-0.1029, 0.4356,-2.1379],-0.4999
13928,[ 8.5114,-0.0745,-0.4753,-1.5396],[ 1.4003,-1.1852, 2.8874, 1.49  , 0.0769],[ 8.5235,-0.0735,-0.4785,-1.5348],-0.5
13929,[ 7.8266,-0.1247, 0.3838,-1.8766],[ 3.1323, 4.6772,-1.5612,44.7634,29.9998],[ 7.848 ,-0.1251, 0.3818,-1.8733],-0.5
13930,[ 1.458 , 0.2403,-0.0063,-2.5708],[ 0.183 ,-1.1588,-0.6738,-0.6157,-0.5224],[ 1.4429, 0.2389,-0.006 ,-2.5662],-0.4975
13931,[ 2.1247, 0.2326, 0.1014,-2.8767],[-0.7668,-0.7606,-0.8617,-0.6941, 0.5596],[ 2.1097, 0.2296, 0.1056,-2.8893],-0.4957
13932,[ 2.6915, 0.2376,-0.1329,-1.5293],[-0.1551,-0.8566, 0.5668,-0.6827,-0.0706],[ 2.6828, 0.2374,-0.1347,-1.5338],-0.4988
13933,[ 2.9265, 0.2105, 0.2156,-2.3345],[-0.4854,-0.4624,-0.7464,-0.399 ,-0.5099],[ 2.919 , 0.2078, 0.2202,-2.3364],-0.4985
13934,[ 3.2385, 0.244 ,-0.221 ,-1.6267],[ 1.6341,-0.7736, 2.1914, 0.7407, 1.6038],[ 3.2323, 0.2443,-0.2212,-1.6315],-0.4996
13935,[10.1888, 0.1717, 0.3483,-1.1392],[ 1.8874,-0.5529,-0.6904,-0.9051,-0.4174],[10.192 , 0.1708, 0.3531,-1.1424],-0.5
13936,[ 4.817 , 0.2369,-0.3177,-1.4865],[-1.7038,-2.5935,-1.9529,-3.7628,-2.4296],[ 4.816 , 0.2374,-0.3164,-1.4911],-0.5
13937,[ 9.1867, 0.1798, 0.4508,-0.6511],[-0.9525,-0.5284,-0.4359,-1.0215,-1.364 ],[ 9.1958, 0.179 , 0.4494,-0.6543],-0.5
13938,[ 6.3552, 0.2149,-0.4702,-1.1285],[-7.5515,-8.629 ,-7.1427,-7.1813,-8.2945],[ 6.3642, 0.2154,-0.4702,-1.1281],-0.5
13939,[ 8.6483, 0.2137,-0.69  ,-1.1017],[ 19.6491,  3.8887,  4.996 ,244.5579,244.9691],[ 8.671 , 0.2139,-0.6897,-1.1029],-0.5
13940,[ 4.1573,-0.1959, 0.0109,-1.3823],[-2.102 ,-3.0005,-1.2021,-1.9219,-1.4533],[ 4.1487e+00,-1.9541e-01, 2.4562e-03,-1.3850e+00],-0.5
13941,[ 3.9685,-0.2019, 0.1061,-1.771 ],[-0.2693,-2.9075,-0.828 ,-2.2233,-1.2608],[ 3.959 ,-0.2017, 0.098 ,-1.7788],-0.5
13942,[ 4.6172,-0.1994,-0.1062,-1.0815],[-1.6126,-1.6561, 0.3917,-0.8413,-0.9801],[ 4.6109,-0.1985,-0.1107,-1.0789],-0.5
13943,[ 4.3131,-0.2013, 0.2189,-1.1776],[-0.599 ,-0.9917, 0.8956, 0.5417,-0.0341],[ 4.3093,-0.2015, 0.2144,-1.1802],-0.5
13944,[ 6.0834,-0.1908,-0.2149,-1.07  ],[-1.9116,-1.2047,-1.0768,-1.9482,-1.0497],[ 6.0806,-0.1894,-0.2233,-1.0749],-0.5
13945,[ 3.8941,-0.2001, 0.3313,-0.8934],[-1.5373,-2.4369, 0.0297, 0.0136, 0.2642],[ 3.8962,-0.2009, 0.3276,-0.8903],-0.4984
13946,[ 8.0862,-0.1845,-0.342 ,-0.938 ],[-1.446 ,-0.5267,-0.266 ,-1.0161,-0.7399],[ 8.0894,-0.1834,-0.3466,-0.9394],-0.5
13947,[ 5.5793,-0.2037, 0.4518,-0.9334],[-4.6431e-01,-1.2912e+00, 1.1944e-04, 2.0101e+00, 7.9634e-01],[ 5.5877,-0.2044, 0.4514,-0.9379],-0.4999
13948,[ 9.658 ,-0.1802,-0.3939,-0.9507],[ 0.0518,-0.6143,-0.7753,-0.3755,-0.5763],[ 9.6636,-0.1794,-0.389 ,-0.9389],-0.5
13949,[ 7.5267,-0.1953, 0.6198,-1.549 ],[20.2495,-0.5136,-1.1873,20.6416,-0.7357],[ 7.5456,-0.1958, 0.6204,-1.5298],-0.4999
13950,[ 2.2664, 0.2965,-0.0236,-2.7794],[-1.3611,-0.729 ,-1.4603,-0.9133,-1.0236],[ 2.2485, 0.2952,-0.021 ,-2.7852],-0.4994
13951,[ 5.4809, 0.2811, 0.1013,-0.8578],[-0.5718,-0.5883,-0.6226,-0.9621,-0.7114],[ 5.4731, 0.28  , 0.1086,-0.8519],-0.4996
13952,[ 2.1156, 0.2959,-0.12  ,-2.391 ],[ 0.2156, 0.1179,-0.4675,-0.4032, 0.2716],[ 2.1012, 0.2956,-0.1169,-2.3963],-0.4988
13954,[ 2.1629, 0.2986,-0.2172,-2.33  ],[-1.7215,-0.6224,-0.8012, 0.525 , 0.0941],[ 2.1523, 0.2991,-0.2161,-2.3293],-0.4991
13956,[ 3.5211, 0.3017,-0.342 ,-1.6498],[-3.1884,-3.3807,-2.4   ,-2.8341,-3.1746],[ 3.5192, 0.3024,-0.3443,-1.649 ],-0.4996
13958,[ 7.1235, 0.3233,-0.4847,-1.6859],[  0.466 , -1.8113,121.9136,  1.4182, -0.3246],[ 7.1299, 0.3238,-0.4861,-1.6861],-0.5
13959,[ 8.081 , 0.3144,-0.5398,-1.7745],[-0.4193,23.8703,-1.8394,24.0145,22.939 ],[ 8.0916, 0.3147,-0.5383,-1.7738],-0.5
13960,[ 2.4605,-0.281 , 0.0398,-0.5716],[-0.1243, 0.    ,-0.1571, 0.    ,-0.163 ],[ 2.453 ,-0.2802, 0.0363,-0.5891],-0.5
13961,[ 2.4707,-0.2821, 0.0594,-0.5485],[-0.2849,-0.3562,-0.5994,-0.5062,-0.2224],[ 2.4633,-0.2814, 0.0518,-0.5654],-0.5
13965,[ 3.4604,-0.3124, 0.3768,-1.2627],[-1.7633,-0.2905,-1.5488,-1.3857,-0.3212],[ 3.4608,-0.3129, 0.3772,-1.2739],-0.5
13967,[ 3.0869,-0.323 , 0.4022,-1.7493],[ 0.2239,-1.4001, 0.9935,-1.2907,-1.538 ],[ 3.0875,-0.3241, 0.4009,-1.7579],-0.496
13969,[ 0.8587,-0.3161, 0.6939,-3.122 ],[ 0.1854, 0.9405,-1.2429,-0.5146, 0.7726],[ 0.8811,-0.3187, 0.7004,-3.1296],-0.4975
13974,[ 1.6965, 0.4422,-0.2192,-1.8884],[-0.3012,-0.244 ,-0.8333,-0.3435, 0.2388],[ 1.6818, 0.4423,-0.2192,-1.8903],-0.4999
13976,[ 2.2697, 0.429 ,-0.3371,-1.6026],[-1.0445,-1.0071,-1.1071,-0.8013,-0.9151],[ 2.2625, 0.4296,-0.3364,-1.6075],-0.4994
13978,[ 4.4851, 0.4193,-0.477 ,-2.0206],[ 0.083 ,-0.6361,-0.0251,-1.4379,-1.2054],[ 4.4869, 0.4199,-0.4772,-2.019 ],-0.4998
13979,[ 6.3777, 0.4301,-0.5501,-3.003 ],[-0.0873,16.4336,15.8407,-2.5886, 4.0641],[ 6.3871, 0.4306,-0.5502,-3.0098],-0.5
13989,[ 0.4458,-0.4196, 0.7289,-4.0365],[-0.9075, 0.0104,-0.1925,-0.1132, 0.1605],[ 0.4704,-0.4219, 0.7328,-4.0554],-0.4962
13996,[-0.0308, 0.5053,-0.3857,-1.5529],[-0.815 ,-0.3162,-0.3788,-0.1182,-0.7866],[-0.0384, 0.5072,-0.3869,-1.5753],-0.4931
13998,[ 5.5952, 0.5664,-0.4861,-3.8825],[-0.1772,-0.4896, 2.3477, 0.4623, 1.094 ],[ 5.5912, 0.5673,-0.487 ,-3.8872],-0.4996
13999,[ 4.9359, 0.497 ,-0.4983,-4.1557],[ 4.1276, 3.3642,-0.5008, 3.8946, 2.7163],[ 4.9426, 0.4979,-0.4978,-4.152 ],-0.4994
