902,[-0.9611, 0.0251,-0.0773,-3.5343],[-0.0693, 0.    , 0.    , 0.    , 0.    ],[-0.9753, 0.1072,-0.1582,-3.5378],0.144
912,[-0.9698, 0.0862,-0.1381,-2.818 ],[ 0.    , 0.    , 0.    ,-0.0797, 0.    ],[-0.979 , 0.1997,-0.2515,-2.7896],0.0639
914,[-0.9807, 0.1281,-0.1782,-4.2576],[0.,0.,0.,0.,0.],[-0.9875, 0.5254,-0.573 ,-4.2925],-0.1854
916,[-0.9654, 0.1318,-0.3505,-6.9921],[-0.0968, 0.    , 0.    , 0.    , 0.    ],[-0.9566, 0.4235,-0.6388,-7.0373],-0.1181
934,[-0.979 , 0.1997,-0.2515,-2.7896],[ 0.    , 0.    ,-0.0902, 0.    , 0.    ],[-0.9827, 0.4051,-0.4563,-2.76  ],-0.0931
963,[-0.9708,-0.3226, 0.273 ,-4.7064],[-0.0814, 0.    , 0.    , 0.    , 0.    ],[-0.9803,-0.585 , 0.5329,-4.7456],-0.1808
978,[-0.9827, 0.4051,-0.4563,-2.76  ],[ 0.    , 0.    , 0.    ,-0.0979, 0.    ],[-0.9782, 0.5995,-0.6517,-2.7319],-0.2262
979,[-0.9566, 0.4235,-0.6388,-7.0373],[-0.1046, 0.    , 0.    , 0.    , 0.    ],[-0.9288, 0.5511,-0.7637,-7.0803],-0.1794
987,[-0.9611,-0.4366, 0.3912,-3.7434],[ 0.    , 0.    ,-0.0272, 0.    , 0.    ],[-0.9651,-0.5809, 0.5351,-3.7724],-0.1551
999,[-0.969 ,-0.0986, 0.0477,-3.6015],[ 0.    ,-0.1146,-0.0824,-0.0227,-0.2681],[-0.9585,-0.1607, 0.109 ,-3.6161],-0.337
1900,[-0.9348,-0.024 ,-0.0308,-3.3855],[ 0.    ,-0.0209, 0.    ,-0.058 ,-0.0413],[-9.4965e-01, 1.1303e-03,-5.4407e-02,-3.3872e+00],0.3139
1902,[-0.9129, 0.0333,-0.1014,-2.0987],[0.   ,0.017,0.   ,0.   ,0.   ],[-0.9208, 0.0573,-0.128 ,-2.077 ],0.3838
1912,[-0.9245, 0.0714,-0.1405,-2.0667],[0.    ,0.    ,0.    ,0.0115,0.    ],[-0.9315, 0.1019,-0.1685,-2.0434],0.2991
1914,[-0.9299, 0.1368,-0.1955,-2.2012],[ 0.    , 0.    , 0.    ,-0.0095,-0.0208],[-0.9361, 0.1764,-0.2347,-2.1929],0.2182
1921,[-0.9168,-0.1166, 0.1332,-3.7085],[ 0.    , 0.    ,-0.0322, 0.    ,-0.0494],[-0.9313,-0.1481, 0.1624,-3.6829],0.2807
1922,[-0.9455,-0.0863,-0.1367,-6.9445],[ 0.    ,-0.0851, 0.    , 0.    , 0.    ],[-0.9654, 0.1318,-0.3505,-6.9921],0.0914
1923,[-0.9331,-0.1422, 0.2154,-2.6461],[ 0.    ,-0.1001, 0.    , 0.    , 0.    ],[-0.9397,-0.1951, 0.268 ,-2.6204],0.1815
1934,[-0.9325, 0.1931,-0.2468,-2.3819],[-0.014 ,-0.0256, 0.    , 0.    ,-0.0338],[-0.9379, 0.241 ,-0.2943,-2.3918],0.1562
1936,[-0.9421, 0.2576,-0.3127,-2.3017],[ 0.    ,-0.0406,-0.0181, 0.    , 0.    ],[-0.9451, 0.3156,-0.37  ,-2.3038],0.0674
1940,[-0.9152,-0.1712,-0.0477,-6.8944],[ 0.    ,-0.0706, 0.    , 0.    , 0.    ],[-0.9455,-0.0863,-0.1367,-6.9445],0.2651
1941,[-0.9333,-0.1776, 0.132 ,-4.7066],[ 0.    , 0.    , 0.    ,-0.0617, 0.    ],[-0.9531,-0.2223, 0.1748,-4.7458],0.1642
1943,[-0.9385,-0.2433, 0.1982,-4.0244],[-0.0214, 0.    ,-0.0155, 0.    ,-0.071 ],[-0.9535,-0.3109, 0.2649,-4.0333],0.0914
1945,[-0.9279,-0.2413, 0.288 ,-3.6936],[-0.0858, 0.    ,-0.0646, 0.    , 0.    ],[-0.9352,-0.3104, 0.3562,-3.6628],0.1051
1956,[-0.9451, 0.3156,-0.37  ,-2.3038],[-0.0682, 0.    , 0.    , 0.    , 0.    ],[-0.9461, 0.3778,-0.432 ,-2.3057],0.0111
1958,[-0.9461, 0.3778,-0.432 ,-2.3057],[ 0.    , 0.    ,-0.0524,-0.0236, 0.    ],[-0.945 , 0.4398,-0.4939,-2.3076],-0.0397
1965,[-0.9283,-0.3437, 0.3415,-3.2357],[-0.0236,-0.0188,-0.1187, 0.    ,-0.1159],[-0.9341,-0.4087, 0.4057,-3.2343],0.042
1967,[-0.9461,-0.364 , 0.4373,-2.5615],[ 0.    ,-0.0819, 0.    , 0.    , 0.    ],[-0.9441,-0.4343, 0.5057,-2.5899],-0.0406
1978,[-0.945 , 0.4398,-0.4939,-2.3076],[ 0.    , 0.    , 0.    ,-0.0822, 0.    ],[-0.9419, 0.4973,-0.5516,-2.3072],-0.0831
1979,[-0.9451, 0.486 ,-0.5494,-1.9094],[ 0.    , 0.    , 0.    ,-0.0257, 0.    ],[-0.9404, 0.5295,-0.5938,-1.8843],-0.1129
1987,[-0.9233,-0.438 , 0.4291,-3.088 ],[-0.1055,-0.0532,-0.071 , 0.    ,-0.031 ],[-0.9255,-0.4963, 0.4878,-3.0926],-0.0187
1989,[-0.9323,-0.4771, 0.5259,-2.4926],[-0.0958, 0.    , 0.    , 0.    ,-0.1362],[-0.9283,-0.5279, 0.5766,-2.5041],-0.0835
1997,[-0.9243,-0.5179, 0.4704,-3.4841],[ 0.    ,-0.0353, 0.    , 0.    ,-0.1835],[-0.9264,-0.585 , 0.5355,-3.5165],-0.0836
1999,[-0.9272,-0.1688, 0.1835,-3.2342],[-0.3204,-0.3451,-0.0795,-0.2858,-0.5027],[-0.9184,-0.1382, 0.2062,-3.2406],-0.2281
2900,[-0.8896,-0.0377,-0.0268,-2.7079],[0.    ,0.013 ,0.0361,0.0582,0.    ],[-0.9016,-0.0255,-0.0402,-2.7147],0.3733
2901,[-0.8891,-0.008 , 0.0851,-2.6618],[ 0.    ,-0.0064,-0.0259,-0.0163, 0.0083],[-0.8998,-0.0291, 0.1049,-2.6781],0.3518
2902,[-0.8918, 0.0205,-0.0869,-2.3156],[0.    ,0.0307,0.0241,0.0075,0.    ],[-0.901 , 0.038 ,-0.101 ,-2.2903],0.3674
2912,[-0.8886, 0.0958,-0.1407,-2.723 ],[0.0046,0.    ,0.003 ,0.    ,0.    ],[-0.8985, 0.1178,-0.1621,-2.6947],0.2916
2914,[-0.8725, 0.1516,-0.1975,-2.1191],[0.    ,0.0229,0.    ,0.0091,0.    ],[-0.879 , 0.1703,-0.2153,-2.1233],0.1727
2920,[-8.8225e-01,-6.3998e-02, 4.5871e-04,-3.2954e+00],[ 0.0632,-0.0115, 0.    , 0.    ,-0.002 ],[-0.8973,-0.0562,-0.0044,-3.3245],0.3861
2921,[-0.8817,-0.1325, 0.0851,-4.7675],[-0.0267, 0.    ,-0.0369, 0.    , 0.    ],[-0.9026,-0.1454, 0.1003,-4.7423],0.3227
2923,[-0.8821,-0.1664, 0.1791,-4.8589],[ 0.    , 0.    , 0.    ,-0.0618, 0.    ],[-0.899 ,-0.205 , 0.221 ,-4.8189],0.2243
2934,[-0.8857, 0.1914,-0.2333,-2.1938],[0.    ,0.0065,0.0034,0.0071,0.    ],[-0.8915, 0.2146,-0.256 ,-2.1684],0.1786
2936,[-0.8913, 0.255 ,-0.2987,-1.6376],[ 0.    , 0.    ,-0.0176, 0.    ,-0.0029],[-0.894 , 0.2763,-0.3193,-1.6461],0.1302
2940,[-8.8225e-01,-2.0851e-01,-6.5943e-03,-6.8446e+00],[ 0.    , 0.    , 0.    , 0.    ,-0.0548],[-0.9152,-0.1712,-0.0477,-6.8944],0.3888
2941,[-0.8935,-0.1898, 0.1448,-3.7141],[ 0.    , 0.    , 0.    , 0.0016,-0.0095],[-0.909 ,-0.2098, 0.1651,-3.6809],0.2642
2943,[-0.8799,-0.2387, 0.2401,-3.1573],[-0.1379,-0.0445,-0.1025,-0.0804, 0.    ],[-0.8896,-0.2671, 0.2687,-3.1545],0.1433
2945,[-0.8855,-0.2527, 0.2987,-5.0474],[ 0.    , 0.    , 0.    ,-0.0825,-0.0778],[-0.8951,-0.3128, 0.361 ,-5.0492],0.0987
2956,[-0.8971, 0.3106,-0.3562,-1.6798],[ 0.    ,-0.0183, 0.    ,-0.0142, 0.    ],[-0.8982, 0.3349,-0.3828,-1.6785],0.0877
2958,[-0.8986, 0.3593,-0.4075,-1.655 ],[-0.022 ,-0.0259, 0.    , 0.    , 0.    ],[-0.8985, 0.3834,-0.4301,-1.6327],0.0448
2963,[-0.8983,-0.2811, 0.2674,-2.1052],[-0.0053, 0.    , 0.    , 0.    , 0.    ],[-0.9047,-0.3027, 0.2883,-2.0802],0.1674
2965,[-0.8969,-0.3261, 0.3263,-3.0631],[-0.05  ,-0.2489,-0.0667,-0.1762,-0.0093],[-0.903 ,-0.364 , 0.3645,-3.0485],0.0972
2967,[-0.8999,-0.3817, 0.432 ,-5.0449],[ 0.    , 0.    ,-0.0977,-0.1049, 0.    ],[-0.8992,-0.4528, 0.5061,-5.0407],-0.0197
2978,[-0.8975, 0.4183,-0.4617,-1.6002],[ 0.    ,-0.033 , 0.    ,-0.0295,-0.0364],[-0.8964, 0.4407,-0.4814,-1.578 ],-0.0102
2979,[-0.8943, 0.4732,-0.5089,-1.5668],[-0.0428, 0.    ,-0.0397, 0.    , 0.    ],[-0.8923, 0.4942,-0.5301,-1.5896],-0.0657
2985,[-0.8976,-0.438 , 0.3466,-4.0368],[ 0.    , 0.    , 0.    , 0.    ,-0.3096],[-0.9089,-0.4892, 0.3929,-4.0487],0.0337
2987,[-0.9075,-0.4346, 0.4441,-2.7079],[-0.1826,-0.1116,-0.0333,-0.0652, 0.    ],[-0.9083,-0.4754, 0.4844,-2.6916],0.002
2989,[-0.8952,-0.468 , 0.553 ,-5.8351],[-0.1151, 0.    , 0.    , 0.    , 0.    ],[-0.8838,-0.5374, 0.6278,-5.7903],-0.1439
2999,[-0.889 ,-0.2051, 0.318 ,-3.0591],[-0.3151,-0.2988,-0.5244,-0.4591,-0.6177],[-0.8787,-0.1882, 0.3338,-3.059 ],-0.2857
3900,[-0.8525, 0.0131, 0.0216,-2.4291],[0.    ,0.    ,0.0571,0.    ,0.0102],[-0.8633, 0.0077, 0.0282,-2.4535],0.2397
3902,[-0.8478, 0.0191,-0.0788,-2.6221],[0.0385,0.0221,0.    ,0.0145,0.    ],[-0.8587, 0.0312,-0.0889,-2.6457],0.2081
3910,[-0.8327, 0.0592, 0.0199,-2.5333],[0.0186,0.    ,0.    ,0.    ,0.    ],[-0.8441, 0.05  , 0.0342,-2.5586],0.1703
3912,[-0.8416, 0.0885,-0.1333,-2.1869],[0.0175,0.0367,0.0324,0.0131,0.03  ],[-0.8496, 0.1008,-0.1457,-2.1704],0.1309
3914,[-0.8403, 0.1363,-0.222 ,-1.9835],[ 0.    , 0.033 , 0.    , 0.    ,-0.1011],[-0.8445, 0.1545,-0.2436,-1.9974],0.0648
3920,[-0.8405,-0.0755, 0.0101,-2.7953],[0.0452,0.0409,0.0316,0.0349,0.0659],[-0.8533,-0.07  , 0.0033,-2.8121],0.2028
3921,[-0.8386,-0.14  , 0.1145,-4.0375],[ 0.    ,-0.1123, 0.    ,-0.0349, 0.01  ],[-0.8556,-0.1516, 0.1268,-4.0155],0.1397
3923,[-0.8358,-0.1326, 0.1804,-4.6729],[ 0.    ,-0.105 ,-0.0077, 0.    ,-0.0531],[-0.8519,-0.1611, 0.2069,-4.6762],0.0943
3934,[-0.8304, 0.1794,-0.2616,-1.9497],[ 0.    , 0.    , 0.    ,-0.0256, 0.    ],[-0.8336, 0.1973,-0.2829,-1.975 ],0.0045
3936,[-0.8355, 0.2226,-0.3343,-2.1297],[-0.0567,-0.0788,-0.0519,-0.1507,-0.0348],[-0.8359, 0.2444,-0.3572,-2.1156],-0.0304
3938,[-0.8306, 0.2696,-0.4161,-2.3217],[ 0.    , 0.    ,-0.0657, 0.    , 0.    ],[-0.8267, 0.2935,-0.4469,-2.298 ],-0.0962
3940,[-0.8487,-0.2283, 0.0167,-6.8881],[ 0.    , 0.    , 0.    , 0.    ,-0.0436],[-8.8225e-01,-2.0851e-01,-6.5943e-03,-6.8446e+00],0.2555
3941,[-0.8336,-0.1737, 0.1596,-2.2166],[0.    ,0.    ,0.0043,0.    ,0.0121],[-0.8423,-0.1824, 0.1714,-2.1911],0.0708
3943,[-0.8516,-0.1966, 0.1958,-2.905 ],[-0.0277,-0.014 ,-0.0877,-0.1043, 0.0054],[-0.8618,-0.2138, 0.2129,-2.89  ],0.1013
3956,[-0.84  , 0.2926,-0.3748,-1.8999],[ 0.    , 0.    , 0.    , 0.    ,-0.0454],[-0.84  , 0.3114,-0.3913,-1.8748],-0.0555
3958,[-0.8359, 0.3397,-0.4321,-1.985 ],[-0.114 , 0.    ,-0.2301, 0.    , 0.    ],[-0.8336, 0.359 ,-0.4535,-2.0001],-0.1056
3963,[-0.8404,-0.3157, 0.2407,-4.0123],[ 0.    , 0.    ,-0.0585, 0.    ,-0.1376],[-0.8557,-0.3377, 0.259 ,-4.0008],0.0204
3965,[-0.839 ,-0.3251, 0.327 ,-3.736 ],[ 0.    ,-0.0425, 0.    , 0.    ,-0.0967],[-0.8468,-0.3547, 0.3571,-3.726 ],-0.0437
3967,[-0.8536,-0.3864, 0.3895,-3.7383],[ 0.   , 0.   , 0.   ,-0.055, 0.   ],[-0.8582,-0.422 , 0.4263,-3.7726],-0.0678
3978,[-0.8313, 0.4046,-0.4896,-1.9879],[ 0.    , 0.    , 0.    , 0.    ,-0.0694],[-0.8275, 0.4222,-0.5101,-2.0073],-0.1563
3979,[-0.8252, 0.4306,-0.5202,-2.0201],[ 0.    ,-0.077 , 0.    ,-0.0732, 0.    ],[-0.8202, 0.447 ,-0.54  ,-2.02  ],-0.1854
3987,[-0.8595,-0.4406, 0.4457,-3.7554],[ 0.    , 0.    ,-0.0637,-0.0594, 0.    ],[-0.8609,-0.4781, 0.4848,-3.721 ],-0.1054
3989,[-0.8611,-0.497 , 0.5046,-3.7038],[ 0.   , 0.   , 0.   , 0.   ,-0.068],[-0.8598,-0.5341, 0.5395,-3.6712],-0.1495
3997,[-0.8268,-0.6304, 0.475 ,-3.3024],[ 0.    ,-0.0935,-0.0984, 0.    , 0.    ],[-0.8337,-0.6608, 0.5067,-3.332 ],-0.2237
3999,[-0.8443,-0.2189, 0.2886,-3.2952],[-0.2507,-0.5015,-0.6812,-0.5076,-0.6524],[-0.8336,-0.231 , 0.2648,-3.2916],-0.3527
4900,[-0.8035,-0.0153,-0.0345,-2.555 ],[0.0205,0.    ,0.0445,0.    ,0.0217],[-0.8147,-0.0088,-0.0448,-2.5567],0.0883
4901,[-0.7897,-0.0426, 0.1216,-5.6837],[ 0.    , 0.    ,-0.0402, 0.    , 0.    ],[-0.8114,-0.066 , 0.1543,-5.7231],0.0287
4902,[-0.7927, 0.0344,-0.0978,-2.1375],[-0.0245, 0.0075, 0.0487, 0.0353,-0.0186],[-0.801 , 0.0435,-0.1087,-2.1444],0.0215
4910,[-0.8041, 0.0743,-0.0059,-2.4656],[0.0191,0.0372,0.    ,0.    ,0.019 ],[-0.8155, 0.0689, 0.0036,-2.4927],0.0835
4912,[-0.8012, 0.0649,-0.123 ,-2.3262],[ 0.019 , 0.0084, 0.    , 0.009 ,-0.0115],[-0.8098, 0.0755,-0.1362,-2.3079],0.0296
4914,[-0.8086, 0.1077,-0.2057,-2.1802],[-0.049 ,-0.067 ,-0.0738,-0.0326, 0.    ],[-0.8139, 0.1241,-0.2224,-2.1814],-0.0013
4916,[-0.7812, 0.1496,-0.3172,-3.2251],[-0.0915, 0.    , 0.    ,-0.0182,-0.0546],[-0.7833, 0.1752,-0.3421,-3.2131],-0.1173
4920,[-0.8006,-0.0859, 0.0263,-2.6295],[0.0671,0.0588,0.0903,0.0317,0.0172],[-0.8127,-0.083 , 0.0223,-2.6382],0.0676
4921,[-0.7979,-0.1295, 0.1199,-3.519 ],[-0.0631, 0.0152,-0.0321,-0.1089,-0.0597],[-0.8125,-0.1386, 0.1294,-3.5227],0.0181
4936,[-0.7847, 0.2105,-0.3534,-3.6109],[-0.1551, 0.    ,-0.2246,-0.0676,-0.0636],[-0.7862, 0.2379,-0.3828,-3.6113],-0.1389
4938,[-0.7813, 0.2489,-0.4215,-3.4582],[-0.0094, 0.    ,-0.1614,-0.0769,-0.0836],[-0.7773, 0.2756,-0.4535,-3.4554],-0.1816
4940,[-0.7974,-0.2436, 0.0333,-6.9581],[-0.0364, 0.    ,-0.0322, 0.    , 0.    ],[-0.8316,-0.2341, 0.0242,-6.911 ],0.0748
4941,[-0.8142,-0.1746, 0.1497,-3.6829],[ 0.0048, 0.    ,-0.0137,-0.0156, 0.    ],[-0.8292,-0.187 , 0.1628,-3.6981],0.036
4943,[-0.8004,-0.2482, 0.2382,-3.8349],[-0.0786,-0.0387, 0.    ,-0.0359,-0.0337],[-0.8129,-0.2672, 0.2558,-3.8303],-0.0581
4956,[-0.794 , 0.2901,-0.3645,-5.6161],[ 0.    , 0.    , 0.    , 0.    ,-0.1002],[-0.7999, 0.3288,-0.4046,-5.5744],-0.1449
4958,[-0.8007, 0.3407,-0.4419,-5.2108],[-0.2601,-0.0998,-0.0949,-0.0885, 0.    ],[-0.7992, 0.3787,-0.4835,-5.2004],-0.1816
4959,[-0.8062, 0.3558,-0.5271,-2.2341],[-0.0829,-0.0787,-0.0872, 0.    , 0.    ],[-0.798 , 0.3734,-0.5423,-2.2148],-0.1985
4963,[-0.8086,-0.2804, 0.2118,-4.0157],[ 0.    , 0.    , 0.    ,-0.0533, 0.    ],[-0.8248,-0.2963, 0.2247,-4.0476],-0.0303
4978,[-0.8014, 0.4111,-0.4904,-5.6592],[ 0.    , 0.    , 0.    ,-0.1223, 0.    ],[-0.7969, 0.4517,-0.5332,-5.6984],-0.2196
4979,[-0.7962, 0.4532,-0.5588,-3.5412],[-0.327 ,-0.1748,-0.0808, 0.    ,-0.2928],[-0.7883, 0.476 ,-0.581 ,-3.5308],-0.2499
4985,[-0.7816,-0.4208, 0.3738,-4.3074],[-0.0802, 0.    , 0.    ,-0.0845,-0.1068],[-0.7901,-0.447 , 0.4018,-4.3409],-0.1926
4987,[-0.7956,-0.469 , 0.4297,-4.1238],[ 0.    ,-0.1935,-0.1945, 0.    , 0.    ],[-0.8007,-0.4969, 0.4581,-4.1114],-0.2059
4995,[-0.7806,-0.5262, 0.3724,-3.2834],[ 0.    , 0.    , 0.    , 0.    ,-0.0768],[-0.7924,-0.5451, 0.3911,-3.2555],-0.2126
4997,[-0.8032,-0.5492, 0.443 ,-4.2183],[-0.1196,-0.0878, 0.    ,-0.2881,-0.0836],[-0.8098,-0.5798, 0.4732,-4.2184],-0.2209
4999,[-0.7988,-0.3784, 0.4775,-3.6563],[-0.7283,-0.5475,-0.4075,-0.3969,-0.6154],[-0.787 ,-0.3569, 0.4899,-3.657 ],-0.39
5900,[-0.7509,-0.0244,-0.029 ,-2.2975],[0.02  ,0.0055,0.0176,0.0162,0.    ],[-0.7609,-0.0201,-0.0341,-2.2822],-0.05
5901,[-0.7549,-0.0188, 0.0843,-5.6205],[ 0.    ,-0.0702, 0.    , 0.    , 0.    ],[-0.7782,-0.0339, 0.1084,-5.663 ],-0.0322
5902,[-0.7569, 0.0184,-0.0794,-2.1848],[-0.0038, 0.0145,-0.0247,-0.0055,-0.01  ],[-0.7658, 0.0253,-0.0874,-2.1931],-0.0532
5904,[-0.7483, 0.0343,-0.1971,-3.1245],[ 0.    ,-0.0947,-0.118 ,-0.0206, 0.    ],[-0.7567, 0.0533,-0.214 ,-3.1049],-0.1085
5910,[-0.7593, 0.0869,-0.031 ,-2.373 ],[0.0142,0.0115,0.    ,0.    ,0.025 ],[-0.7703, 0.0847,-0.0263,-2.3862],-0.0421
5914,[-0.7571, 0.1154,-0.2435,-3.2011],[-0.0695,-0.1008,-0.0607,-0.0795,-0.2324],[-0.7638, 0.1354,-0.2642,-3.2022],-0.1243
5916,[-0.7737, 0.1226,-0.3088,-4.4076],[ 0.    ,-0.0693, 0.    , 0.    , 0.    ],[-0.778 , 0.1556,-0.3487,-4.4432],-0.124
5920,[-0.7537,-0.089 , 0.0308,-2.7108],[0.0103,0.063 ,0.0444,0.0354,0.0416],[-0.7662,-0.0869, 0.0261,-2.7123],-0.0539
5921,[-0.7553,-0.117 , 0.0988,-3.3933],[-0.0043,-0.0387,-0.0541,-0.0408,-0.0207],[-0.77  ,-0.1222, 0.1041,-3.397 ],-0.071
5934,[-0.7545, 0.1855,-0.2673,-3.117 ],[-0.0796, 0.    , 0.    ,-0.0404,-0.041 ],[-0.7611, 0.203 ,-0.2835,-3.1148],-0.1503
5936,[-0.7627, 0.231 ,-0.3168,-3.6323],[-0.186 ,-0.1228,-0.1974,-0.1191,-0.1977],[-0.7682, 0.253 ,-0.3387,-3.6396],-0.1629
5938,[-0.7733, 0.2661,-0.4586,-2.7681],[ 0.    ,-0.0094, 0.    , 0.    ,-0.0129],[-0.7662, 0.2875,-0.4875,-2.7706],-0.2096
5940,[-0.7454,-0.2532, 0.0448,-7.033 ],[ 0.    ,-0.0304, 0.    , 0.    , 0.    ],[-0.7802,-0.2472, 0.0349,-6.9822],-0.0635
5943,[-0.7584,-0.2158, 0.1911,-3.9002],[-0.1745, 0.    , 0.    , 0.    ,-0.0417],[-0.7734,-0.2281, 0.2009,-3.9015],-0.1137
5945,[-0.7403,-0.2624, 0.312 ,-4.967 ],[ 0.   ,-0.086, 0.   , 0.   , 0.   ],[-0.75  ,-0.2879, 0.3395,-5.0075],-0.2001
5956,[-0.7675, 0.2964,-0.3803,-1.9094],[ 0.    ,-0.0534,-0.0523, 0.    , 0.    ],[-0.7671, 0.3096,-0.3956,-1.887 ],-0.1918
5958,[-0.7672, 0.3386,-0.4471,-2.8929],[-0.1847,-0.2562,-0.0548,-0.2356,-0.1733],[-0.7643, 0.3579,-0.4675,-2.8766],-0.224
5959,[-0.7556, 0.3447,-0.5339,-3.5144],[-0.3813, 0.    , 0.    ,-0.0977,-0.0861],[-0.7453, 0.3661,-0.5552,-3.5246],-0.2691
5965,[-0.7526,-0.3409, 0.3275,-4.1396],[-0.0638,-0.0666,-0.0905,-0.155 ,-0.2034],[-0.7621,-0.3617, 0.3467,-4.1553],-0.2002
5967,[-0.7662,-0.36  , 0.4103,-5.0619],[-0.1014, 0.    , 0.    ,-0.1074, 0.    ],[-0.7695,-0.3906, 0.4392,-5.0219],-0.2182
5978,[-0.7571, 0.4051,-0.4927,-2.7939],[ 0.    ,-0.0668, 0.    , 0.    ,-0.1904],[-0.7532, 0.4224,-0.5089,-2.7943],-0.2625
5979,[-0.7544, 0.4486,-0.5632,-3.1784],[-0.1767,-0.4651,-0.095 ,-0.0695,-0.2069],[-0.7463, 0.4662,-0.5775,-3.1969],-0.2948
5985,[-0.7531,-0.4618, 0.3352,-4.1989],[-0.1731, 0.    ,-0.0713, 0.    , 0.    ],[-0.7669,-0.482 , 0.3555,-4.1928],-0.2232
5987,[-0.7707,-0.4215, 0.4689,-4.9821],[ 0.    ,-0.1209, 0.    ,-0.1141, 0.    ],[-0.7698,-0.4523, 0.4987,-4.9415],-0.2468
5989,[-0.7669,-0.4822, 0.5285,-4.9021],[ 0.    , 0.    , 0.    ,-0.1358,-0.1284],[-0.7619,-0.5112, 0.5579,-4.9029],-0.284
5995,[-0.768 ,-0.5093, 0.356 ,-3.3127],[-0.074, 0.   , 0.   , 0.   , 0.   ],[-0.7806,-0.5262, 0.3724,-3.2834],-0.2196
5999,[-0.7551,-0.1872, 0.3279,-3.9201],[-0.4984,-0.547 ,-0.8614,-0.409 ,-0.4501],[-0.741 ,-0.1912, 0.3315,-3.9187],-0.4125
6900,[-0.7095,-0.0226,-0.0202,-2.6171],[-0.002 ,-0.0341,-0.0375, 0.0133,-0.0533],[-0.721 ,-0.0202,-0.0218,-2.6222],-0.1326
6901,[-0.6982,-0.0535, 0.0577,-4.7501],[ 0.   ,-0.025, 0.   , 0.   , 0.   ],[-0.7191,-0.0576, 0.0578,-4.7895],-0.147
6902,[-0.712 ,-0.0085,-0.1047,-2.6973],[-0.0317,-0.0524,-0.0423,-0.0962,-0.0775],[-7.2195e-01, 2.1223e-03,-1.2097e-01,-2.6807e+00],-0.1455
6904,[-0.7275, 0.005 ,-0.1722,-3.8703],[ 0.    , 0.    ,-0.0547,-0.0198,-0.0524],[-0.74  , 0.024 ,-0.1872,-3.8844],-0.1282
6910,[-0.7153, 0.0924,-0.0388,-2.4391],[ 0.    , 0.0098,-0.0041,-0.0005, 0.    ],[-0.7265, 0.0913,-0.038 ,-2.4119],-0.1359
6912,[-0.7002, 0.0651,-0.1612,-1.7228],[ 0.    , 0.    , 0.    ,-0.0366,-0.0373],[-0.7055, 0.0732,-0.167 ,-1.7446],-0.1921
6914,[-0.7142, 0.1142,-0.2013,-3.8842],[-0.0705,-0.1502,-0.0352,-0.1765,-0.2512],[-0.7257, 0.1302,-0.2173,-3.8773],-0.1799
6920,[-0.7106,-0.0878, 0.0356,-3.1105],[ 0.0213,-0.0183,-0.0056, 0.0061,-0.0083],[-0.7248,-0.0869, 0.0331,-3.1143],-0.1377
6921,[-0.7096,-0.1102, 0.093 ,-3.1544],[ 0.0087,-0.0399,-0.043 ,-0.0902,-0.045 ],[-0.7232,-0.1141, 0.0966,-3.158 ],-0.1573
6923,[-0.7293,-0.161 , 0.1733,-3.9561],[ 0.    , 0.    ,-0.0304, 0.    , 0.    ],[-0.7435,-0.1731, 0.189 ,-3.9207],-0.1535
6934,[-0.7324, 0.1693,-0.2624,-4.9569],[ 0.    ,-0.0822, 0.    , 0.    , 0.    ],[-0.7441, 0.1931,-0.2856,-4.9164],-0.1773
6936,[-0.7072, 0.2454,-0.3148,-3.4116],[-0.0772,-0.1558,-0.1548, 0.    , 0.    ],[-0.7127, 0.2615,-0.3319,-3.3831],-0.245
6940,[-0.7104,-0.2572, 0.0525,-6.9824],[ 0.    , 0.    , 0.    ,-0.0305, 0.    ],[-0.7454,-0.2532, 0.0448,-7.033 ],-0.1366
6941,[-0.702 ,-0.2167, 0.1598,-3.8684],[-0.0428, 0.    , 0.    ,-0.0423, 0.    ],[-0.7185,-0.2237, 0.1659,-3.8988],-0.1991
6943,[-0.7091,-0.2287, 0.2317,-4.2836],[ 0.    ,-0.1533, 0.    ,-0.0557,-0.0353],[-0.7227,-0.2434, 0.2466,-4.3005],-0.2108
6945,[-0.729 ,-0.2393, 0.2872,-4.9348],[ 0.    , 0.    , 0.    , 0.    ,-0.0819],[-0.7403,-0.2624, 0.312 ,-4.967 ],-0.2033
6956,[-0.7234, 0.3034,-0.3757,-3.3169],[-0.0897, 0.    ,-0.0934, 0.    , 0.    ],[-0.7258, 0.3208,-0.3924,-3.2931],-0.2509
6958,[-0.7276, 0.356 ,-0.4287,-3.2415],[ 0.    ,-0.1072,-0.1024,-0.2103, 0.    ],[-0.7273, 0.3735,-0.4467,-3.2133],-0.2698
6959,[-0.7322, 0.3849,-0.5827,-2.704 ],[ 0.    , 0.    , 0.    , 0.    ,-0.1074],[-0.7197, 0.3985,-0.6039,-2.7315],-0.3126
6963,[-0.7081,-0.3038, 0.2656,-4.3117],[-0.0889, 0.    , 0.    ,-0.1235, 0.    ],[-0.7219,-0.3188, 0.2799,-4.2777],-0.234
6965,[-0.7263,-0.3323, 0.2849,-4.6892],[ 0.    , 0.    , 0.    ,-0.0955,-0.0638],[-0.7405,-0.3509, 0.3026,-4.6557],-0.2196
6978,[-0.7247, 0.4078,-0.4812,-3.1528],[-0.1267, 0.    ,-0.1206, 0.    , 0.    ],[-0.7219, 0.4243,-0.4979,-3.1221],-0.2953
6979,[-0.7146, 0.4571,-0.5783,-2.6472],[-0.3804,-0.3213,-0.2537,-0.2867,-0.522 ],[-0.7062, 0.4689,-0.5893,-2.6422],-0.334
6985,[-0.7117,-0.4563, 0.3005,-3.3823],[-0.0657, 0.    , 0.    ,-0.133 , 0.    ],[-0.7265,-0.4677, 0.3131,-3.3892],-0.263
6999,[-0.7095,-0.0638, 0.1972,-3.8692],[-0.5143,-0.7136,-0.5306,-0.6239,-0.545 ],[-0.6946,-0.065 , 0.1648,-3.8649],-0.4266
7489,[-0.6544,-0.4163,-0.5805, 0.026 ],[-1.3607,14.1532,-3.3918,-1.2897,-1.653 ],[-0.6464,-0.3923,-0.6019, 0.0404],-0.369
7588,[-0.6667,-0.5   ,-0.5   , 0.    ],[-0.1048,16.4139,-1.241 ,-0.9022,-0.3929],[-0.6666,-0.5006,-0.4999, 0.    ],-0.356
7589,[-0.6636,-0.4651,-0.5347,-0.0013],[ -7.7119, -7.5118,-10.2725, -5.0075, -8.9784],[-0.6595,-0.4394,-0.5594, 0.0044],-0.3608
7598,[-0.6665,-0.5035,-0.4994, 0.    ],[ 0.3691, 1.3698,-1.8363,-0.6278,-0.7279],[-0.6656,-0.477 ,-0.5259, 0.    ],-0.3572
7900,[-0.667 ,-0.0274,-0.0167,-2.6625],[-0.0817,-0.0458,-0.0429,-0.0684,-0.0337],[-0.6787,-0.0252,-0.0182,-2.6581],-0.2023
7901,[-0.6655,-0.0495, 0.0722,-4.6102],[ 0.    ,-0.0324, 0.    ,-0.0342,-0.0266],[-0.6852,-0.0547, 0.0736,-4.5975],-0.2036
7902,[-6.7173e-01,-1.1426e-04,-1.1052e-01,-2.3136e+00],[-0.0715,-0.0341,-0.1128,-0.0782,-0.1106],[-0.6804, 0.0083,-0.1208,-2.3134],-0.214
7904,[-0.6467, 0.042 ,-0.216 ,-2.7975],[ 0.   , 0.   , 0.   ,-0.063, 0.   ],[-0.6531, 0.0558,-0.2333,-2.8255],-0.2697
7910,[-0.6702, 0.0962,-0.0398,-2.4279],[-0.0137,-0.0098, 0.    ,-0.0059,-0.0176],[-0.6815, 0.0953,-0.0409,-2.4416],-0.2103
7912,[-0.6617, 0.0815,-0.1554,-5.8108],[ 0.    , 0.    ,-0.0617,-0.1281, 0.    ],[-0.6828, 0.0966,-0.1705,-5.7667],-0.2292
7914,[-0.6624, 0.0975,-0.2183,-3.9756],[-0.1727,-0.1877,-0.064 , 0.    ,-0.054 ],[-0.6734, 0.1125,-0.2338,-3.9576],-0.2525
7916,[-0.6704, 0.1306,-0.3141,-2.6968],[-0.0679,-0.0686, 0.    ,-0.1325,-0.0672],[-0.6715, 0.1461,-0.3306,-2.6914],-0.2752
7920,[-0.6608,-0.0816, 0.0206,-3.0688],[-0.0824,-0.0132,-0.0531,-0.0187,-0.0528],[-0.6747,-0.0799, 0.0173,-3.0778],-0.2169
7921,[-0.6658,-0.1037, 0.085 ,-2.9257],[-0.0506,-0.0343,-0.0212,-0.1026,-0.1185],[-0.6785,-0.1065, 0.0885,-2.9258],-0.2236
7922,[-0.6663,-0.0601,-0.0771,-3.4429],[-0.0374, 0.    , 0.    ,-0.0787, 0.    ],[-0.6808,-0.0503,-0.0886,-3.4552],-0.212
7923,[-0.6564,-0.1539, 0.1977,-4.8242],[ 0.    , 0.    , 0.    , 0.    ,-0.0695],[-0.6724,-0.1675, 0.2115,-4.788 ],-0.2597
7934,[-0.6777, 0.1865,-0.2573,-3.5165],[ 0.    , 0.    ,-0.0701,-0.1367, 0.    ],[-0.6863, 0.2002,-0.2695,-3.5048],-0.2568
7936,[-0.6713, 0.1853,-0.3703,-2.7263],[ 0.   , 0.   , 0.   , 0.   ,-0.148],[-0.6697, 0.2011,-0.3857,-2.754 ],-0.2933
7938,[-0.6616, 0.2393,-0.4235,-2.7578],[ 0.    ,-0.0775,-0.1556,-0.0759,-0.0782],[-0.6574, 0.254 ,-0.4379,-2.7527],-0.3198
7941,[-0.6712,-0.2231, 0.1183,-4.8459],[ 0.    , 0.    ,-0.0869, 0.    ,-0.0319],[-0.6938,-0.226 , 0.1202,-4.8851],-0.2263
7943,[-0.672 ,-0.22  , 0.2253,-4.0353],[-0.0725,-0.0707,-0.0557,-0.0551,-0.0548],[-0.6853,-0.2321, 0.2375,-4.0311],-0.2575
7958,[-0.6474, 0.2826,-0.4655,-2.7428],[ 0.    ,-0.0844, 0.    , 0.    , 0.    ],[-0.641 , 0.2962,-0.4806,-2.7705],-0.345
7963,[-0.6774,-0.3128, 0.2423,-6.0506],[ 0.    , 0.    ,-0.1766, 0.    , 0.    ],[-0.6986,-0.3302, 0.2595,-6.0116],-0.2615
7979,[-0.669 , 0.4616,-0.6466,-3.621 ],[-0.3562,-0.1239,-0.0972,-0.0997, 0.    ],[-0.6538, 0.4737,-0.6569,-3.6257],-0.3822
7983,[-0.6576,-0.425 , 0.2692,-3.2802],[ 0.    , 0.    ,-0.1311, 0.    , 0.    ],[-0.6732,-0.4327, 0.2772,-3.3114],-0.3079
7985,[-0.681 ,-0.4368, 0.2808,-3.3266],[ 0.    ,-0.0656, 0.    , 0.    , 0.    ],[-0.6966,-0.4458, 0.2883,-3.3554],-0.2882
7999,[-0.6662, 0.1044,-0.061 ,-3.4074],[-0.628 ,-0.7598,-0.619 ,-0.5332,-0.5199],[-0.6526, 0.106 ,-0.062 ,-3.4094],-0.4339
8469,[-0.622 ,-0.3434,-0.6422, 0.0668],[-3.7667,-2.4798,-6.5036,-0.278 ,-5.2168],[-0.609 ,-0.3233,-0.657 , 0.0807],-0.3896
8569,[-0.6268,-0.3518,-0.6405,-0.0304],[-3.5659,-3.0325,-4.8389,-2.6186,-3.9796],[-0.6139,-0.3311,-0.6586,-0.029 ],-0.388
8900,[-0.6221,-0.0373,-0.0079,-2.6154],[-0.0936,-0.1194,-0.0275,-0.0579,-0.0801],[-0.6338,-0.0357,-0.009 ,-2.6158],-0.2624
8901,[-0.6204,-0.0386, 0.0767,-4.6345],[ 0.    , 0.    ,-0.0367,-0.0392, 0.    ],[-0.6401,-0.0439, 0.0772,-4.5965],-0.2628
8902,[-6.1992e-01, 5.9327e-04,-9.0578e-02,-2.7407e+00],[-0.1395,-0.0976,-0.0415,-0.0831, 0.    ],[-0.6307, 0.0074,-0.0971,-2.7356],-0.2737
8904,[-0.6244, 0.0046,-0.1865,-2.7157],[-0.1798, 0.    ,-0.0587, 0.    ,-0.0589],[-0.632 , 0.0168,-0.1963,-2.7431],-0.2837
8910,[-0.625 , 0.1001,-0.0411,-2.4782],[ 0.    ,-0.0496,-0.0189,-0.0306, 0.    ],[-0.6364, 0.0992,-0.0408,-2.4651],-0.2692
8912,[-0.6284, 0.0612,-0.1395,-5.6819],[ 0.    , 0.    ,-0.1249,-0.1237, 0.    ],[-0.6498, 0.074 ,-0.153 ,-5.6611],-0.2649
8914,[-0.6232, 0.1229,-0.1968,-3.3745],[-0.1294,-0.1298, 0.    , 0.    , 0.    ],[-0.6338, 0.133 ,-0.2067,-3.4044],-0.2969
8920,[-0.6202,-0.0795, 0.0175,-2.8601],[-0.1457,-0.0137,-0.1301,-0.0849,-0.0975],[-0.6332,-0.0777, 0.0139,-2.8526],-0.2688
8921,[-0.6225,-0.0981, 0.0775,-3.0616],[-0.1232,-0.0359,-0.0591,-0.2281,-0.0948],[-0.6359,-0.1004, 0.0802,-3.0633],-0.2748
8922,[-0.6273,-0.0785,-0.0783,-4.2122],[-0.0508, 0.    , 0.    , 0.    ,-0.0518],[-0.6449,-0.0673,-0.101 ,-4.2121],-0.2632
8923,[-0.631 ,-0.1357, 0.1795,-4.8824],[ 0.    ,-0.1361, 0.    , 0.    , 0.    ],[-0.6481,-0.1477, 0.1914,-4.8433],-0.2819
8936,[-0.6015, 0.2048,-0.3778,-4.8435],[-0.0979,-0.0999, 0.    , 0.    , 0.    ],[-0.6031, 0.2242,-0.395 ,-4.8096],-0.3553
8938,[-0.6027, 0.2532,-0.4217,-4.7591],[ 0.    , 0.    ,-0.2129,-0.1028, 0.    ],[-0.6008, 0.2723,-0.4401,-4.723 ],-0.3665
8941,[-0.6261,-0.2207, 0.1076,-5.0836],[ 0.    ,-0.0449, 0.    ,-0.0839,-0.0765],[-0.6499,-0.2228, 0.1084,-5.0745],-0.2781
8943,[-0.6212,-0.2327, 0.2011,-4.0863],[-0.0602,-0.0734, 0.    ,-0.1197,-0.0591],[-0.6365,-0.2412, 0.21  ,-4.0646],-0.3079
8958,[-0.6376, 0.3028,-0.4867,-2.7837],[-0.0858, 0.    , 0.    , 0.    ,-0.0851],[-0.6304, 0.3157,-0.4985,-2.8117],-0.3575
8959,[-0.6144, 0.3403,-0.5206,-2.8696],[ 0.    ,-0.0879,-0.1751, 0.    ,-0.087 ],[-0.6058, 0.352 ,-0.5324,-2.898 ],-0.3812
8963,[-0.6438,-0.2903, 0.2187,-6.1127],[ 0.    ,-0.0847, 0.    , 0.    , 0.    ],[-0.6665,-0.3046, 0.2337,-6.0706],-0.2896
8979,[-0.6258, 0.468 ,-0.6642,-2.65  ],[ 0.    , 0.    ,-0.1331,-0.125 ,-0.1289],[-0.6114, 0.4748,-0.6753,-2.6403],-0.4069
8983,[-0.6177,-0.409 , 0.2474,-3.3248],[-0.0659,-0.0672, 0.    , 0.    ,-0.0649],[-0.6339,-0.415 , 0.2561,-3.294 ],-0.3373
8987,[-0.6119,-0.4454, 0.4404,-7.5269],[-0.1496, 0.    , 0.    ,-0.1373,-0.2751],[-0.6172,-0.4726, 0.4656,-7.5274],-0.3807
8999,[-0.6221, 0.0837,-0.0618,-3.8119],[-0.7557,-0.7962,-0.5541,-0.5148,-0.4813],[-0.6079, 0.0835,-0.0605,-3.8179],-0.4474
9349,[-0.5624,-0.2685,-0.6906, 0.1349],[ 3.212 , 0.6823,-0.877 , 1.3843, 0.2313],[-0.5455,-0.2535,-0.6973, 0.1481],-0.4175
9369,[-0.5735,-0.28  ,-0.6857, 0.1319],[-0.6588,-0.3626,-0.6828,-0.1714,-0.5757],[-0.557 ,-0.2643,-0.6935, 0.146 ],-0.4132
9449,[-0.5642,-0.2704,-0.6906, 0.1056],[ 0.5025, 3.4521,-0.7019, 1.828 , 1.0022],[-0.5473,-0.2552,-0.6976, 0.118 ],-0.4169
9469,[-0.5834,-0.2904,-0.68  , 0.1035],[-0.5598,15.1064,-2.2192,-1.1254,-1.5235],[-0.5674,-0.2739,-0.6893, 0.1173],-0.409
9549,[-0.5664,-0.2746,-0.7047,-0.0545],[ 0.0949,-0.44  ,-0.7218,-0.24  ,-0.6411],[-0.5485,-0.2592,-0.7176,-0.0598],-0.4183
9569,[-0.5864,-0.2972,-0.6949,-0.049 ],[-0.8632,-1.1613,-2.1812,-1.0813,-1.3832],[-0.5695,-0.2803,-0.7094,-0.0548],-0.4103
9649,[-0.5666,-0.2761,-0.7079,-0.1377],[-0.4903,-0.6782,-0.6116,-0.6606,-0.4111],[-0.5483,-0.2604,-0.7209,-0.1514],-0.4188
9669,[-0.583 ,-0.2938,-0.6954,-0.13  ],[-0.7039,-0.5781,-0.4089,-1.0047,-0.4862],[-0.5655,-0.2771,-0.7167,-0.1423],-0.4126
9900,[-0.5771,-0.0356,-0.0077,-2.6324],[-0.1075,-0.1146,-0.0845,-0.117 ,-0.1023],[-0.5888,-0.0342,-0.0085,-2.6201],-0.3099
9901,[-0.5807,-0.0286, 0.062 ,-4.6766],[ 0.    , 0.    ,-0.0413,-0.0442, 0.    ],[-0.6007,-0.0334, 0.0716,-4.6726],-0.3035
9902,[-5.8275e-01, 3.6929e-03,-1.1466e-01,-4.2599e+00],[ 0.    ,-0.2711,-0.1025,-0.1029,-0.1541],[-0.5993, 0.0129,-0.1239,-4.2535],-0.3106
9910,[-0.579 , 0.1051,-0.0258,-2.4136],[ 0.    , 0.    ,-0.0811, 0.    ,-0.0664],[-0.5905, 0.1034,-0.0278,-2.4391],-0.3157
9912,[-0.573 , 0.0845,-0.1572,-3.2342],[ 0.    , 0.    ,-0.0651, 0.    ,-0.1332],[-0.5844, 0.0921,-0.1656,-3.2654],-0.3335
9914,[-0.5792, 0.0912,-0.2243,-4.0799],[ 0.    ,-0.0872, 0.    , 0.    ,-0.0626],[-0.589 , 0.1045,-0.2413,-4.1151],-0.3372
9916,[-0.582 , 0.1282,-0.3179,-4.9388],[-0.088 ,-0.1814, 0.    ,-0.0889, 0.    ],[-0.5885, 0.147 ,-0.3311,-4.9375],-0.3517
9920,[-0.5783,-0.0776, 0.0145,-2.8609],[-0.2071,-0.1204,-0.0985,-0.3047,-0.1607],[-0.5913,-0.0758, 0.0113,-2.8535],-0.3119
9921,[-0.5786,-0.0985, 0.0734,-3.1162],[-0.1785,-0.2584,-0.0888,-0.079 ,-0.1711],[-0.5923,-0.1003, 0.0757,-3.119 ],-0.3184
9922,[-0.5654,-0.0648,-0.1217,-2.7562],[ 0.    ,-0.0626, 0.    ,-0.0639, 0.    ],[-0.5759,-0.0553,-0.1322,-2.7553],-0.3341
9936,[-0.5736, 0.2349,-0.3571,-4.872 ],[ 0.    ,-0.1885,-0.1021, 0.    , 0.    ],[-0.5784, 0.2521,-0.3729,-4.8843],-0.3719
9941,[-0.5723,-0.2006, 0.1222,-4.4298],[-0.0638, 0.    ,-0.0885,-0.0509,-0.0455],[-0.5923,-0.2036, 0.125 ,-4.4244],-0.3335
9943,[-0.5819,-0.2315, 0.184 ,-4.9307],[-0.0768,-0.0622, 0.    ,-0.1403, 0.    ],[-0.6012,-0.2399, 0.1927,-4.9074],-0.3371
9956,[-0.5699, 0.2888,-0.3827,-4.9139],[ 0.    ,-0.1046, 0.    , 0.    , 0.    ],[-0.5737, 0.3057,-0.3996,-4.9479],-0.3829
9958,[-0.5825, 0.3287,-0.4507,-4.8822],[-0.0855,-0.0869,-0.2231,-0.0884,-0.3353],[-0.5803, 0.3463,-0.4684,-4.8934],-0.3891
9959,[-0.5774, 0.3657,-0.539 ,-3.908 ],[ 0.    ,-0.1133, 0.    ,-0.2945,-0.1162],[-0.5677, 0.3791,-0.5513,-3.8844],-0.4059
9963,[-0.5655,-0.298 , 0.2728,-4.1193],[0.,0.,0.,0.,0.],[-0.5782,-0.308 , 0.2826,-4.1536],-0.3695
9965,[-0.5685,-0.3435, 0.3548,-6.2886],[-0.1178, 0.    ,-0.1254,-0.1213,-0.0885],[-0.5793,-0.3628, 0.3771,-6.2983],-0.3826
9967,[-0.5615,-0.3608, 0.4245,-3.7862],[ 0.    ,-0.3433,-0.2169, 0.    , 0.    ],[-0.5625,-0.3735, 0.4379,-3.8172],-0.3983
9978,[-0.5742, 0.3935,-0.4877,-5.139 ],[-0.1265, 0.    , 0.    , 0.    , 0.    ],[-0.5704, 0.4111,-0.506 ,-5.1803],-0.4036
9979,[-0.5712, 0.4417,-0.6012,-3.6908],[-0.2319,-0.1029,-0.2389,-0.0929,-0.2289],[-0.56  , 0.4524,-0.6138,-3.7151],-0.4211
9983,[-0.5757,-0.3964, 0.2247,-3.3233],[-0.0694, 0.    , 0.    ,-0.0679, 0.    ],[-0.5928,-0.401 , 0.2341,-3.3458],-0.364
9987,[-0.5622,-0.4056, 0.4757,-3.8892],[ 0.    , 0.    , 0.    ,-0.1306,-0.1267],[-0.5596,-0.4185, 0.4942,-3.92  ],-0.4083
9989,[-0.558 ,-0.425 , 0.5035,-3.9376],[ 0.    , 0.    ,-0.1356, 0.    , 0.    ],[-0.5535,-0.4377, 0.5221,-3.9023],-0.4149
9999,[-0.5792, 0.1552,-0.1026,-3.7454],[-0.8481,-0.7533,-0.5192,-0.6883,-0.3241],[-0.5641, 0.1559,-0.1355,-3.7523],-0.4607
10349,[-0.5335,-0.2437,-0.7006, 0.1531],[ 0.1068,20.8225,-0.9699, 0.1324,-0.4181],[-0.5156,-0.2302,-0.7044, 0.1648],-0.4278
10449,[-0.5369,-0.2472,-0.7033, 0.0963],[-0.3435,11.6146,-1.6579, 0.2194,-0.5587],[-0.5188,-0.2335,-0.7082, 0.1024],-0.427
10549,[-0.5352,-0.2499,-0.7259,-0.0524],[-0.612 , 0.7588,-1.5594,-0.5808,-0.3055],[-0.5159,-0.2363,-0.7372,-0.0582],-0.4303
10649,[-0.534 ,-0.2493,-0.7312,-0.1488],[-0.7343,-0.502 ,-0.6909,-0.9196,-0.666 ],[-0.5141,-0.2357,-0.7438,-0.1594],-0.4313
10900,[-0.5365,-0.0304, 0.0053,-3.1477],[-0.146 ,-0.0989,-0.1531,-0.0714,-0.0073],[-0.5506,-0.03  , 0.0085,-3.1572],-0.3427
10901,[-0.5503,-0.0228, 0.0598,-4.6282],[ 0.    ,-0.0472, 0.    , 0.    , 0.    ],[-0.5706,-0.0264, 0.0575,-4.661 ],-0.3293
10902,[-0.5248, 0.0209,-0.0994,-5.3413],[-0.1251, 0.    ,-0.1303,-0.1779, 0.    ],[-0.5467, 0.0283,-0.1071,-5.3484],-0.3522
10904,[-0.5265, 0.0365,-0.2083,-4.8788],[ 0.    , 0.    , 0.    ,-0.1681,-0.0842],[-0.54  , 0.0508,-0.2291,-4.8627],-0.3684
10910,[-0.5451, 0.1104,-0.0454,-2.3623],[ 0.    ,-0.0451, 0.    , 0.    ,-0.0485],[-0.5562, 0.109 ,-0.0347,-2.3622],-0.346
10912,[-0.5319, 0.0835,-0.1046,-2.8632],[ 0.    , 0.    ,-0.0611,-0.1054,-0.1271],[-0.5434, 0.087 ,-0.1062,-2.8593],-0.3593
10914,[-0.5524, 0.0658,-0.2508,-4.8227],[ 0.    , 0.    , 0.    , 0.    ,-0.0866],[-0.5626, 0.0825,-0.2747,-4.8625],-0.3593
10916,[-0.5296, 0.1103,-0.3298,-4.8003],[ 0.    , 0.    ,-0.2219,-0.2103,-0.1108],[-0.5328, 0.1279,-0.3559,-4.7918],-0.3882
10918,[-0.5347, 0.1641,-0.4098,-4.7767],[ 0.    ,-0.1226, 0.    , 0.    , 0.    ],[-0.5307, 0.1826,-0.4379,-4.8141],-0.3993
10920,[-0.5318,-0.079 , 0.0219,-2.7018],[-0.3587,-0.1926,-0.2852,-0.2415,-0.2093],[-0.5441,-0.0778, 0.0192,-2.6942],-0.3517
10921,[-0.5335,-0.0945, 0.073 ,-3.0626],[-0.1655,-0.1913,-0.1548,-0.2044,-0.2065],[-0.5469,-0.0961, 0.0744,-3.0727],-0.355
10922,[-0.5322,-0.0902,-0.097 ,-2.6728],[-0.0672,-0.0654,-0.062 , 0.    ,-0.0637],[-0.5435,-0.0821,-0.1046,-2.7006],-0.3586
10936,[-0.5355, 0.2125,-0.3103,-4.8001],[-0.0934,-0.0914, 0.    ,-0.0911,-0.1844],[-0.5439, 0.2269,-0.3243,-4.8083],-0.387
10938,[-0.5254, 0.2007,-0.4518,-4.849 ],[-0.1345, 0.    ,-0.2565, 0.    , 0.    ],[-0.5186, 0.2185,-0.4714,-4.8827],-0.4099
10941,[-0.5321,-0.1945, 0.1234,-4.2276],[-0.1142, 0.    ,-0.0944, 0.    ,-0.1285],[-0.551 ,-0.1975, 0.1294,-4.2394],-0.3645
10943,[-0.5262,-0.2552, 0.2091,-5.1594],[-0.0353, 0.    ,-0.1063,-0.0774, 0.    ],[-0.5456,-0.2636, 0.2175,-5.1531],-0.3799
10945,[-0.5162,-0.2524, 0.3366,-3.8351],[ 0.    ,-0.0863,-0.059 ,-0.2072,-0.085 ],[-0.5214,-0.2635, 0.3472,-3.8219],-0.4031
10947,[-0.5183,-0.2716, 0.3933,-3.5455],[ 0.    , 0.    , 0.    ,-0.0556, 0.    ],[-0.5189,-0.283 , 0.4008,-3.5122],-0.4094
10963,[-0.5346,-0.335 , 0.2363,-3.6579],[ 0.    ,-0.0736,-0.0819, 0.    ,-0.0173],[-0.5499,-0.3411, 0.2423,-3.688 ],-0.3859
10965,[-0.5323,-0.3162, 0.3337,-4.9239],[-0.2433,-0.1772,-0.2203,-0.1015,-0.1152],[-0.5421,-0.3296, 0.3492,-4.9171],-0.3975
10967,[-0.5196,-0.3325, 0.4203,-3.8891],[-0.0234,-0.1589,-0.2184,-0.0413,-0.047 ],[-0.5201,-0.3446, 0.4321,-3.8836],-0.4153
10979,[-0.537 , 0.4382,-0.5933,-4.0314],[-0.1705,-0.3093,-0.4244, 0.    ,-0.2616],[-0.5252, 0.4495,-0.6041,-4.0494],-0.4327
10983,[-0.5495,-0.3907, 0.2213,-3.2875],[ 0.   ,-0.071, 0.   , 0.   , 0.   ],[-0.567 ,-0.3943, 0.22  ,-3.3118],-0.3787
10985,[-0.54  ,-0.3973, 0.341 ,-4.6968],[ 0.    , 0.    , 0.    ,-0.0172, 0.    ],[-0.5523,-0.4094, 0.3478,-4.6577],-0.3989
10987,[-0.5348,-0.431 , 0.4577,-4.504 ],[ 0.    ,-0.1503,-0.5454,-0.1176,-0.172 ],[-0.5359,-0.4447, 0.4712,-4.5019],-0.4188
10989,[-0.5371,-0.476 , 0.539 ,-4.1316],[-0.1426,-0.4506, 0.    ,-0.12  ,-0.4008],[-0.5317,-0.4883, 0.5536,-4.139 ],-0.4295
10999,[-0.5328, 0.1743,-0.2234,-3.8556],[-0.6272,-0.3402,-0.7173,-0.7968,-0.6545],[-0.5176, 0.1741,-0.223 ,-3.8497],-0.4677
11349,[-0.4905,-0.2135,-0.7073, 0.1798],[ 4.3894,20.2402,-0.7838, 1.7658,-0.095 ],[-0.4717,-0.2019,-0.7073, 0.191 ],-0.4406
11449,[-0.4912,-0.2149,-0.7136, 0.0879],[ 0.6401,11.4289,-1.3183, 0.2327, 0.205 ],[-0.472 ,-0.2031,-0.7149, 0.0826],-0.441
11549,[-0.49  ,-0.2209,-0.7516,-0.0652],[ 0.4145,-0.2823,-1.0281,-0.305 , 0.4003],[-0.469 ,-0.2096,-0.7603,-0.0695],-0.4447
11649,[-0.4893,-0.2215,-0.7571,-0.164 ],[-0.6061,-0.6937,-0.8228,-0.5657,-0.5148],[-0.4677,-0.2101,-0.7695,-0.1733],-0.4455
11821,[-0.4768,-0.0876, 0.1039,-0.4874],[ 0.    ,-0.0707, 0.    , 0.    , 0.    ],[-0.4788,-0.0884, 0.1046,-0.5055],-0.3983
11900,[-0.4901,-0.0287, 0.022 ,-2.745 ],[-0.0718,-0.0991,-0.1033,-0.1564,-0.1962],[-0.5022,-0.0289, 0.0223,-2.741 ],-0.377
11902,[-0.4836, 0.0167,-0.0987,-4.7441],[-0.0548,-0.1385,-0.1813,-0.1356,-0.0672],[-0.5028, 0.0231,-0.1064,-4.7419],-0.3811
11904,[-0.4833, 0.012 ,-0.2212,-4.3853],[-0.1952, 0.    ,-0.1576,-0.1049,-0.091 ],[-0.4943, 0.0251,-0.2388,-4.3747],-0.3944
11906,[-0.4883, 0.0229,-0.3132,-3.5216],[-0.2231, 0.    , 0.    ,-0.1114,-0.1074],[-0.4896, 0.0378,-0.336 ,-3.521 ],-0.4034
11912,[-0.4897, 0.1101,-0.0843,-2.4906],[-0.1196,-0.1135, 0.    , 0.    , 0.    ],[-0.5008, 0.1109,-0.0781,-2.4644],-0.3859
11914,[-0.4875, 0.1267,-0.246 ,-4.879 ],[-0.1815, 0.    ,-0.0889,-0.0887, 0.    ],[-0.4996, 0.1392,-0.2609,-4.8608],-0.3997
11916,[-0.4893, 0.0607,-0.3711,-3.52  ],[ 0.    , 0.    , 0.    , 0.    ,-0.1205],[-0.4859, 0.076 ,-0.3952,-3.4882],-0.4108
11918,[-0.4776, 0.0985,-0.418 ,-3.5204],[-0.1306,-0.1236, 0.    ,-0.127 ,-0.1347],[-0.4716, 0.1131,-0.4292,-3.5202],-0.4207
11920,[-0.4894,-0.0818, 0.0308,-2.6155],[-0.4484,-0.1425,-0.3755,-0.3209,-0.2533],[-0.5013,-0.081 , 0.0283,-2.6102],-0.3809
11921,[-0.4869,-0.0912, 0.0866,-2.0861],[-0.0972,-0.1153,-0.2801,-0.509 ,-0.0296],[-0.4959,-0.0925, 0.0876,-2.0883],-0.3881
11922,[-0.4854,-0.1192,-0.0727,-2.6637],[-0.0674,-0.0714, 0.    ,-0.0694,-0.0653],[-0.4975,-0.1123,-0.0775,-2.6608],-0.3879
11923,[-0.4725,-0.1299, 0.2647,-3.8011],[-0.0775, 0.    , 0.    ,-0.0758, 0.    ],[-0.48  ,-0.1405, 0.2778,-3.7703],-0.4104
11925,[-0.4866,-0.1514, 0.2907,-3.738 ],[ 0.    , 0.    ,-0.0729,-0.0748, 0.    ],[-0.4923,-0.1625, 0.3033,-3.7037],-0.4076
11934,[-0.5058, 0.1722,-0.2675,-4.8393],[ 0.    , 0.    , 0.    , 0.    ,-0.0909],[-0.5169, 0.1848,-0.2814,-4.7995],-0.3955
11936,[-0.4687, 0.2356,-0.3806,-3.9776],[ 0.    ,-0.1061, 0.    ,-0.1072, 0.    ],[-0.4697, 0.2477,-0.3923,-4.0068],-0.4268
11938,[-0.4798, 0.2583,-0.4316,-4.2182],[-0.1093, 0.    , 0.    ,-0.1123,-0.2383],[-0.4763, 0.2715,-0.4463,-4.2173],-0.4287
11939,[-0.4919, 0.261 ,-0.5334,-4.9659],[-0.151 , 0.    , 0.    , 0.    ,-0.1456],[-0.4771, 0.2766,-0.5574,-5.0063],-0.4348
11941,[-0.4872,-0.2056, 0.1166,-4.9661],[-0.0475,-0.1182, 0.    ,-0.2343,-0.1333],[-0.5096,-0.2084, 0.1201,-4.9773],-0.3899
11943,[-0.4852,-0.2458, 0.2495,-4.5543],[-0.0781,-0.1573,-0.1223,-0.1163,-0.1774],[-0.499 ,-0.2551, 0.26  ,-4.5583],-0.4074
11945,[-0.4973,-0.2053, 0.3268,-3.8385],[-0.1388,-0.0947,-0.1958, 0.    , 0.    ],[-0.502 ,-0.2167, 0.337 ,-3.8079],-0.4083
11958,[-0.4676, 0.2897,-0.4325,-3.9867],[ 0.    , 0.    ,-0.1164, 0.    , 0.    ],[-0.4654, 0.3014,-0.443 ,-3.9512],-0.4339
11959,[-0.4691, 0.2842,-0.5692,-5.0266],[ 0.    ,-0.1576, 0.    , 0.    , 0.    ],[-0.4511, 0.2984,-0.5921,-5.0651],-0.4456
11963,[-0.4923,-0.3471, 0.235 ,-4.6129],[-0.0747, 0.    ,-0.0765,-0.1047, 0.    ],[-0.5109,-0.3545, 0.2393,-4.6499],-0.4069
11965,[-0.4898,-0.3314, 0.3315,-4.6235],[-0.1117,-0.1447,-0.19  ,-0.1836,-0.1495],[-0.4998,-0.3427, 0.3428,-4.6359],-0.4177
11967,[-0.5074,-0.3617, 0.4697,-3.576 ],[ 0.    , 0.    , 0.    ,-0.0419, 0.    ],[-0.5044,-0.3726, 0.4764,-3.5626],-0.4263
11979,[-0.4892, 0.4532,-0.614 ,-3.6535],[-0.1194,-0.1922,-0.0962,-0.2092,-0.1166],[-0.4764, 0.462 ,-0.6216,-3.6743],-0.4488
11999,[-0.489 , 0.1521,-0.1896,-3.8689],[-0.137 ,-1.0799,-1.0207,-0.2826,-0.4714],[-0.4737, 0.1519,-0.1885,-3.8632],-0.4735
12349,[-0.4443,-0.186 ,-0.7043, 0.2051],[ 3.9666e-01, 4.4817e+01,-5.8767e-01, 9.6587e-01,-9.2472e-03],[-0.4251,-0.1758,-0.7008, 0.215 ],-0.4515
12449,[-0.4451,-0.1876,-0.7124, 0.0728],[ 0.4604, 0.5248,-0.2622,14.9919, 2.2289],[-0.4253,-0.1773,-0.7106, 0.0773],-0.452
12549,[-0.4461,-0.1967,-0.7613,-0.0617],[0.5034,0.6829,0.1137,0.5096,0.5582],[-0.4244,-0.1869,-0.7669,-0.0672],-0.455
12649,[-0.4453,-0.2005,-0.7822,-0.1654],[-0.7248,-0.584 ,-0.0287,-0.8054,-0.4167],[-0.4225,-0.1909,-0.7928,-0.1719],-0.4567
12900,[-0.447 ,-0.0281, 0.0178,-2.7968],[-0.2153,-0.0608,-0.0858,-0.2058,-0.187 ],[-0.4593,-0.0281, 0.0195,-2.7984],-0.4009
12901,[-0.43  ,-0.044 , 0.0862,-2.2869],[-0.0856, 0.    , 0.    ,-0.0687,-0.0712],[-0.4394,-0.0467, 0.0807,-2.3052],-0.4134
12902,[-4.3931e-01,-5.4578e-04,-1.2482e-01,-3.1206e+00],[-0.1937,-0.3136,-0.1925,-0.2993,-0.2837],[-0.4511, 0.0053,-0.1311,-3.1355],-0.4089
12904,[-0.4482, 0.0091,-0.1989,-2.3681],[-0.1502,-0.0749,-0.3182,-0.2351,-0.3721],[-0.4539, 0.0172,-0.2093,-2.3764],-0.4123
12906,[-0.4548, 0.0411,-0.2956,-1.7671],[ 0.    ,-0.2123, 0.    ,-0.11  ,-0.1083],[-0.4542, 0.0502,-0.2995,-1.7905],-0.4178
12912,[-0.4459, 0.1042,-0.1019,-2.5268],[ 0.    ,-0.1373, 0.    ,-0.1263, 0.    ],[-0.4567, 0.106 ,-0.0984,-2.5366],-0.4093
12914,[-0.4581, 0.1033,-0.234 ,-1.637 ],[-0.2792,-0.2336,-0.1907,-0.2843,-0.415 ],[-0.4606, 0.109 ,-0.2398,-1.6376],-0.4151
12916,[-0.4465, 0.1281,-0.3216,-1.9154],[-0.3906,-0.6053,-0.3706,-0.585 ,-0.0952],[-0.4455, 0.1358,-0.3285,-1.8956],-0.4265
12918,[-0.4548, 0.1479,-0.4491,-3.5207],[ 0.    ,-0.1543,-0.1486, 0.    ,-0.1434],[-0.4468, 0.1612,-0.4605,-3.5533],-0.4338
12920,[-0.4442,-0.0857, 0.0374,-2.7503],[-0.2087,-0.2876,-0.5299,-0.3606,-0.4666],[-0.4567,-0.0853, 0.0359,-2.7545],-0.4053
12921,[-0.4442,-0.0872, 0.0767,-2.0686],[-0.3194,-0.3235,-0.263 ,-0.37  ,-0.421 ],[-0.4533,-0.0881, 0.077 ,-2.0705],-0.4088
12922,[-0.4546,-0.1354,-0.0576,-2.6185],[ 0.    ,-0.0734, 0.    , 0.    , 0.    ],[-0.467 ,-0.1291,-0.0665,-2.6427],-0.4042
12923,[-0.4452,-0.1004, 0.2347,-3.8509],[ 0.    ,-0.152 , 0.    ,-0.0786,-0.0802],[-0.4548,-0.11  , 0.243 ,-3.8507],-0.4177
12924,[-0.4363,-0.0771,-0.2081,-3.5235],[-0.0978,-0.0974, 0.    , 0.    ,-0.0971],[-0.4457,-0.0646,-0.2254,-3.5561],-0.4184
12936,[-0.4516, 0.2072,-0.3451,-1.7312],[-0.4996,-0.4818,-0.5513,-0.381 ,-0.2952],[-0.4506, 0.2134,-0.3511,-1.7313],-0.4296
12938,[-0.4305, 0.205 ,-0.4494,-2.7643],[ 0.    ,-0.1511,-0.3328, 0.    , 0.    ],[-0.4226, 0.2147,-0.4592,-2.7901],-0.4436
12941,[-0.4427,-0.2059, 0.1231,-4.9331],[-0.1485,-0.0556, 0.    , 0.    ,-0.074 ],[-0.4651,-0.2085, 0.1211,-4.9705],-0.4122
12943,[-0.4408,-0.2266, 0.2271,-4.8313],[-0.1716,-0.3165,-0.0711,-0.0895,-0.1402],[-0.4567,-0.235 , 0.2367,-4.8532],-0.4228
12945,[-0.444 ,-0.2648, 0.2972,-4.7329],[ 0.    ,-0.1039,-0.105 , 0.    ,-0.0797],[-0.4551,-0.2751, 0.3065,-4.6942],-0.4289
12958,[-0.4577, 0.3242,-0.4681,-3.9259],[-0.1185, 0.    , 0.    , 0.    ,-0.499 ],[-0.4532, 0.3355,-0.4801,-3.9339],-0.4412
12959,[-0.4382, 0.3433,-0.5462,-4.4489],[ 0.    ,-0.2753, 0.    ,-0.1437,-0.2895],[-0.4265, 0.3549,-0.5545,-4.4699],-0.4527
12961,[-0.4286,-0.3455, 0.1356,-4.7479],[0.,0.,0.,0.,0.],[-0.4537,-0.3469, 0.1402,-4.7104],-0.4249
12963,[-0.4412,-0.3505, 0.2406,-3.7111],[ 0.    ,-0.0587,-0.1985, 0.    ,-0.0721],[-0.457 ,-0.3555, 0.243 ,-3.7429],-0.429
12965,[-0.4516,-0.3021, 0.3092,-4.3635],[ 0.    ,-0.0505,-0.0697, 0.    ,-0.1468],[-0.4625,-0.3116, 0.3144,-4.399 ],-0.4286
12978,[-0.4371, 0.4365,-0.4458,-3.4441],[ 0.    ,-0.1325,-0.056 ,-0.079 ,-0.0659],[-0.4393, 0.445 ,-0.4523,-3.4291],-0.4491
12979,[-0.4431, 0.4822,-0.6401,-3.6924],[-0.1167,-0.123 ,-0.197 ,-0.0988,-0.218 ],[-0.4292, 0.4898,-0.6481,-3.6998],-0.462
12999,[-0.4441, 0.1895,-0.2326,-3.7565],[-0.3695,-0.4224,-0.2818,-0.7016,-0.8757],[-0.4284, 0.2188,-0.2337,-3.7595],-0.4808
13000,[ 2.2245e+00, 4.2112e-05,-2.5801e-02, 5.9603e-01],[20.4953,19.233 ,22.8823, 1.3236, 2.6539],[ 2.2272e+00, 1.3221e-04,-2.6907e-02, 5.9846e-01],-0.5
13001,[ 2.4322,-0.0041, 0.1168, 0.5536],[ 3.7479, 1.0686, 2.8805,-0.2888, 3.7615],[ 2.4355,-0.0045, 0.1176, 0.5481],-0.5
13002,[ 2.5154,-0.0187,-0.1103, 0.611 ],[20.175 ,18.4135,19.7503,20.2286, 0.6756],[ 2.5188,-0.0182,-0.1123, 0.6128],-0.5
13003,[ 2.2343,-0.0257, 0.2331, 0.5179],[ 3.3564, 0.9829, 1.807 , 7.3516,13.427 ],[ 2.2395,-0.0263, 0.2344, 0.5152],-0.5
13004,[ 2.4129,-0.0081,-0.2208, 0.5866],[-6.6121,-7.0372,-6.4196,-6.8881,-6.0312],[ 2.4181,-0.0074,-0.2233, 0.5855],-0.5
13005,[ 2.2488,-0.032 , 0.3245, 0.51  ],[ 2.0986,-1.354 , 2.6331,-0.0594, 5.5605],[ 2.2565,-0.0329, 0.3258, 0.5062],-0.5
13006,[ 2.9724, 0.0226,-0.3524, 0.6183],[52.5184, 1.3497,-1.5409,52.9673,13.2617],[ 2.9813, 0.0234,-0.3532, 0.6194],-0.5
13007,[ 2.5898,-0.0156, 0.4243, 0.5148],[-0.1017, 0.6214, 0.3817,-0.5052, 1.087 ],[ 2.6008,-0.0166, 0.4223, 0.5134],-0.5
13008,[ 2.9065, 0.0269,-0.4028, 0.5977],[2.0742,3.0534,0.5606,2.1311,2.2025],[ 2.9169, 0.0278,-0.4025, 0.5976],-0.4999
13009,[ 2.6599,-0.0093,-0.6185, 0.5189],[-2.6871,-1.7903,-1.6693,-1.132 , 2.2208],[ 2.6773,-0.008 ,-0.6225, 0.5157],-0.4989
13010,[ 3.4198, 0.1347,-0.0057, 0.5385],[ 1.9041, 2.0502, 0.9571,-0.9886, 3.5155],[ 3.4210e+00, 1.3430e-01,-3.2628e-03, 5.3329e-01],-0.5
13011,[4.0334,0.1286,0.1135,0.5414],[ 0.1676,-1.4181,-0.2395,-1.7828, 0.8779],[4.0355,0.1279,0.1133,0.536 ],-0.5
13012,[ 3.8764, 0.1043,-0.1156, 0.5435],[-0.6178,-1.5632,-1.7876,-1.4787,-0.0601],[ 3.8787, 0.1042,-0.1114, 0.5391],-0.5
13013,[3.9506,0.1236,0.1938,0.5619],[ 1.7945,-1.3338, 1.6798,-1.3233,-0.91  ],[3.954 ,0.1228,0.1926,0.5642],-0.5
13014,[ 3.3305, 0.0978,-0.2263, 0.5372],[-2.3415,-2.041 ,-3.7113,-2.646 ,-1.9735],[ 3.3349, 0.0981,-0.2217, 0.5357],-0.4999
13015,[5.5368,0.1138,0.3686,0.5226],[-1.1918, 0.794 ,-0.9042,-1.4028,-1.2245],[5.5452,0.1129,0.3694,0.5287],-0.5
13016,[ 3.1549, 0.0752,-0.3393, 0.5641],[ 0.8747, 1.106 , 0.1752,-0.465 , 1.4256],[ 3.1628, 0.0758,-0.3378, 0.5597],-0.4999
13017,[7.9572,0.1303,0.4358,0.5493],[-0.8965,-1.2225, 0.837 ,-1.4582, 0.7983],[7.9675,0.1297,0.4355,0.5438],-0.5
13018,[ 3.3665, 0.1138,-0.4566, 0.5638],[ 0.8713,-1.1769, 1.5477, 0.4385,-0.1556],[ 3.3781, 0.1144,-0.4608, 0.5662],-0.4999
13019,[ 3.962 , 0.1261,-0.35  , 0.5593],[ 3.3426, 2.9929, 0.0173,-1.5082, 5.3143],[ 3.9771, 0.1264,-0.3506, 0.5512],-0.5
13020,[ 2.4985e+00,-7.1839e-02, 2.0169e-03, 5.8182e-01],[-3.3982,-3.7211,-2.4014,-2.9971,-3.0014],[ 2.5008,-0.0715,-0.0048, 0.5828],-0.5
13021,[ 2.1843,-0.0805, 0.1125, 0.5751],[-3.3673,-3.6662,-2.8192,-3.4061,-2.7496],[ 2.1871,-0.0806, 0.1083, 0.5734],-0.5
13022,[ 2.4741,-0.0696,-0.1011, 0.6048],[-0.6975,-1.557 ,-0.2947,-1.1182,-2.2977],[ 2.4771,-0.0689,-0.1061, 0.6065],-0.5
13023,[ 2.1773,-0.0723, 0.2201, 0.5643],[-1.5643,-2.4222,-0.855 ,-1.6047,-1.2025],[ 2.182 ,-0.0727, 0.2153, 0.5648],-0.5
13024,[ 2.6486,-0.0649,-0.2076, 0.59  ],[-3.3553,-4.2688,-4.5014,-5.2316,-3.3279],[ 2.6534,-0.064 ,-0.2124, 0.5875],-0.5
13025,[ 2.1047,-0.0709, 0.3295, 0.5397],[-2.5928,-2.4738,-1.9233,-2.7635,-1.8571],[ 2.1123,-0.0716, 0.3279, 0.5384],-0.5
13026,[ 4.1393,-0.0656,-0.3021, 0.5525],[-1.4898, 0.2711,-2.5704,-1.8022,-1.3086],[ 4.1464,-0.0648,-0.3049, 0.548 ],-0.5
13027,[ 2.4331,-0.0822, 0.4188, 0.5586],[-2.5   ,-1.4562,-0.7606,-1.4741,-0.8611],[ 2.4436,-0.083 , 0.4177, 0.5593],-0.5
13029,[ 4.2899,-0.1193, 0.5465, 0.5228],[-0.9883,-2.0881,-0.7623,-0.328 , 0.5062],[ 4.3043,-0.1197, 0.5407, 0.5236],-0.5
13030,[5.8169e+00,1.8762e-01,3.1033e-03,5.8796e-01],[ 0.0257,-0.1447,-0.2637,-0.3805,-0.9299],[5.8172e+00,1.8725e-01,5.5439e-03,5.8781e-01],-0.5
13031,[5.8416,0.1859,0.0906,0.6   ],[-0.6534,-1.1827, 0.8331,-0.6086,-0.8541],[5.8424,0.1854,0.09  ,0.6013],-0.5
13032,[ 5.0091, 0.1914,-0.0967, 0.5561],[-1.4194,-0.0669,-2.269 ,-0.9163,-1.5011],[ 5.0097, 0.1911,-0.0918, 0.5607],-0.5
13033,[5.7156,0.1689,0.1842,0.5344],[-0.1662,-0.5157,-0.8409,-0.5814,-0.7419],[5.7181,0.1682,0.1902,0.5386],-0.5
13034,[ 6.1208, 0.2096,-0.2486, 0.5604],[-0.0116,-1.0443,-0.7063,-1.6477,-1.0264],[ 6.1237, 0.2096,-0.2469, 0.5612],-0.5
13036,[ 5.6413, 0.2063,-0.3394, 0.5371],[-0.7681,-1.2092,-0.5562,-1.3012, 0.2179],[ 5.6468, 0.2064,-0.3387, 0.5336],-0.5
13038,[ 6.3296, 0.2026,-0.4641, 0.5765],[-1.0334, 0.1241,-0.7757,-1.6716,-0.4067],[ 6.3394, 0.2027,-0.4625, 0.5727],-0.5
13039,[ 6.8293, 0.1973,-0.5917, 0.6156],[3.3816,8.8607,6.3376,7.3977,1.046 ],[ 6.8452, 0.1974,-0.59  , 0.6167],-0.5
13041,[ 6.2549,-0.1972, 0.1549, 0.602 ],[ 0.0442, 0.0299, 0.7871, 0.7055,-0.0114],[ 6.2563,-0.1971, 0.1556, 0.5948],-0.5
13043,[ 6.2185,-0.1985, 0.2064, 0.5777],[-0.0051,-1.7423,-0.238 ,-0.3815,-0.6148],[ 6.2208,-0.1984, 0.2047, 0.5769],-0.5
13045,[ 6.0417,-0.1989, 0.3635, 0.6045],[ 0.0093,-1.041 , 0.2655, 0.8257,-1.9753],[ 6.0482,-0.199 , 0.3601, 0.6051],-0.5
13047,[ 5.8729,-0.1955, 0.4488, 0.5381],[-0.0119,-1.7028,-1.709 ,-1.4935,-0.5671],[ 5.8822,-0.1956, 0.4438, 0.5409],-0.5
13049,[ 6.3775,-0.2023, 0.5424, 0.5115],[-0.0699,-1.0276, 1.0787,-0.0599, 1.0006],[ 6.3901,-0.2025, 0.5394, 0.5079],-0.5
13100,[ 2.2708,-0.0107,-0.0036, 0.4383],[-3.7956,-2.4482,-2.5403,-1.9731,-3.6556],[ 2.2727,-0.0106,-0.0031, 0.4446],-0.5
13101,[ 2.1131,-0.0178, 0.114 , 0.4246],[-0.4659, 0.2456,-0.3122,-1.6363, 0.314 ],[ 2.1157,-0.0182, 0.1153, 0.4212],-0.5
13102,[ 2.29  ,-0.0215,-0.1162, 0.4322],[-5.9985,-6.6219,-5.8559,-6.262 ,-6.4669],[ 2.2927,-0.021 ,-0.1175, 0.4367],-0.4999
13103,[ 2.1959,-0.0301, 0.2457, 0.4347],[0.1117,5.5455,3.0689,5.8194,2.5888],[ 2.2013,-0.0308, 0.249 , 0.4436],-0.5
13104,[ 2.4315,-0.0078,-0.2276, 0.4324],[-6.4907,-6.5677,-5.3573,-6.3329,-5.9019],[ 2.4364,-0.007 ,-0.2303, 0.4325],-0.5
13105,[ 2.3665,-0.0327, 0.3338, 0.4387],[27.3171, 0.0487, 2.5037,-4.3357,-2.7782],[ 2.3744,-0.0336, 0.3343, 0.4391],-0.5
13106,[ 2.2900e+00, 6.0539e-04,-3.1149e-01, 4.3532e-01],[-7.1472,-6.4531,-6.5473,-6.1116,-7.2346],[ 2.2972e+00, 1.7565e-03,-3.1309e-01, 4.3988e-01],-0.4992
13107,[ 1.9768,-0.0251, 0.4329, 0.4058],[-4.0251,-4.7353,-3.3215,-4.3554,-2.9952],[ 1.9879,-0.0263, 0.4259, 0.4048],-0.5
13108,[ 1.7404,-0.0023,-0.4271, 0.4406],[-1.7612,-0.7103,-2.0597,-1.1423,-2.1016],[ 1.7515e+00,-1.5564e-04,-4.2621e-01, 4.4568e-01],-0.4965
13109,[ 0.8122, 0.0025,-0.1043, 0.387 ],[-2.0784,-3.2777,-1.7758,-2.0762, 2.8726],[ 0.8344, 0.003 ,-0.0846, 0.3819],-0.4986
13110,[ 3.4319, 0.1134,-0.0104, 0.4285],[-2.0468,-2.8002,-1.5256,-2.271 ,-1.3251],[ 3.4329, 0.1131,-0.0087, 0.4223],-0.4999
13111,[3.4449,0.1153,0.0978,0.4358],[-4.2154,-3.4177,-1.8471,-2.6556,-3.445 ],[3.4465,0.1145,0.0968,0.4352],-0.5
13112,[ 3.3597, 0.1085,-0.1038, 0.4343],[-1.0176, 0.5199,-1.8088,-0.6722, 0.7973],[ 3.3614, 0.1085,-0.0979, 0.4305],-0.4998
13113,[4.1573,0.0972,0.2012,0.431 ],[-2.1546,-0.3802,-1.4561,-1.2566,-1.5656],[4.161 ,0.0963,0.2049,0.4335],-0.5
13114,[ 3.3697, 0.1017,-0.2264, 0.4419],[-4.0555,-4.8681,-5.3995,-5.6222,-4.8042],[ 3.3737, 0.102 ,-0.2209, 0.4404],-0.4999
13115,[5.474 ,0.0944,0.3429,0.4213],[-0.7662,-1.2412,-2.3345,-1.459 ,-0.614 ],[5.4815,0.0935,0.3429,0.4181],-0.5
13116,[ 3.0557, 0.1018,-0.3285, 0.4553],[-1.256 ,-0.9222,-3.1792,-1.02  ,-2.271 ],[ 3.0626, 0.1023,-0.3247, 0.4578],-0.4999
13117,[6.8352,0.1153,0.4258,0.4319],[ 0.3927,-0.7538, 1.3152,-0.8516,-0.4731],[6.8452,0.1145,0.4211,0.4326],-0.5
13118,[ 3.7356, 0.1333,-0.4602, 0.4248],[ 0.3802,-0.9739,-0.4   ,-2.4424,-1.3093],[ 3.7467, 0.1338,-0.46  , 0.4254],-0.5
13119,[ 3.7482, 0.1132,-0.5741, 0.4115],[ 1.0558, 7.11  ,-0.7261,-1.7101, 5.4727],[ 3.7669, 0.1136,-0.5754, 0.4083],-0.5
13120,[ 2.2805,-0.0779, 0.0157, 0.423 ],[-4.3928,-3.5046,-4.4009,-4.2898,-3.6171],[ 2.282 ,-0.0776, 0.0149, 0.4222],-0.5
13121,[ 2.3014,-0.0831, 0.1218, 0.4152],[ -9.2718, -9.3823, -9.316 ,-10.0766, -8.741 ],[ 2.3037,-0.0832, 0.1193, 0.4118],-0.5
13122,[ 2.3191,-0.0714,-0.1054, 0.4179],[-5.0066,-5.614 ,-4.4268,-5.1644,-5.5681],[ 2.3213,-0.0707,-0.1067, 0.4226],-0.5
13123,[ 2.0969,-0.077 , 0.2309, 0.4145],[-14.0446,-14.5364,-13.6951,-14.6142,-13.2682],[ 2.1013,-0.0775, 0.2267, 0.4107],-0.5
13124,[ 2.799 ,-0.0679,-0.2115, 0.444 ],[-1.3867,-3.2038,-2.2224,-1.6112,-2.9205],[ 2.8033,-0.067 ,-0.2147, 0.4477],-0.5
13125,[ 2.0908,-0.0674, 0.3286, 0.4245],[-11.6926,-12.4892,-11.2313,-12.4132,-11.141 ],[ 2.0982,-0.0682, 0.3265, 0.4203],-0.5
13126,[ 4.4412,-0.0669,-0.2878, 0.4707],[ 0.7957, 1.0326,-1.7863,-1.3529,-0.9689],[ 4.4475,-0.0662,-0.2867, 0.4698],-0.5
13127,[ 2.4491,-0.0777, 0.4189, 0.414 ],[-5.4571,-6.411 ,-4.4309,-6.1011,-4.5375],[ 2.4594,-0.0786, 0.4153, 0.4108],-0.5
13128,[-0.1678,-0.064 ,-0.4892, 0.4012],[ 0.1878,-0.825 ,-1.3755,-0.4105,-1.0409],[-0.154 ,-0.0585,-0.5049, 0.4043],-0.484
13129,[ 1.388 ,-0.0836,-0.1819, 0.4033],[-3.2741,-4.743 ,-2.1042,-3.6785,-2.8998],[ 1.4064,-0.0807,-0.1901, 0.4067],-0.4922
13130,[ 5.7839, 0.1886,-0.0086, 0.4336],[-1.1377,-0.1634,-1.6908,-1.2535,-1.2116],[ 5.7835e+00, 1.8823e-01,-3.0011e-03, 4.3322e-01],-0.5
13131,[5.6657,0.1794,0.1068,0.4234],[-0.5938,-0.9108,-0.7835,-0.7644,-1.1275],[5.6662,0.1788,0.1109,0.4244],-0.5
13132,[ 5.0687, 0.1904,-0.1067, 0.4349],[-0.8781,-1.6006,-1.871 ,-1.4398,-2.524 ],[ 5.0689, 0.1901,-0.1046, 0.4405],-0.5
13133,[6.2377,0.1877,0.2028,0.4225],[-0.3567,-0.6519,-0.8145,-0.7372,-0.3941],[6.2396,0.187 ,0.204 ,0.419 ],-0.5
13134,[ 5.4052, 0.2063,-0.2373, 0.422 ],[-0.9673,-1.1769,-0.6983,-1.3101, 1.2584],[ 5.4074, 0.2063,-0.2356, 0.4146],-0.5
13135,[4.8863,0.1889,0.3151,0.3995],[-0.2341,-0.2428,-0.1895,-0.3297,-0.4162],[4.8914,0.1879,0.3242,0.3949],-0.5
13136,[ 5.7516, 0.2054,-0.3311, 0.4514],[-0.9617,-1.2547,-0.9118,-0.9599,-1.4677],[ 5.7566, 0.2055,-0.3296, 0.4517],-0.5
13138,[ 6.0296, 0.2017,-0.4563, 0.4443],[-1.8784,-1.9912,-0.5791,-1.0297,-1.6706],[ 6.0392, 0.2019,-0.4576, 0.4425],-0.5
13139,[ 5.5515, 0.1915,-0.5599, 0.4357],[-1.7051,-2.4245,-2.1451,-1.7578,-2.6552],[ 5.5663, 0.1916,-0.5623, 0.4413],-0.5
13141,[ 6.501 ,-0.1949, 0.1422, 0.3932],[-0.5428,-0.5232,-1.1724,-0.7872,-0.3074],[ 6.5014,-0.1948, 0.1383, 0.3936],-0.5
13143,[ 6.3496,-0.1951, 0.2227, 0.4305],[-1.295 ,-0.3122,-1.9452,-1.8553,-0.0519],[ 6.352 ,-0.1951, 0.2264, 0.4228],-0.5
13145,[ 6.3348,-0.1951, 0.2882, 0.3903],[-3.6989,-3.5848,-2.9138,-3.3632,-2.9988],[ 6.3385,-0.1951, 0.2818, 0.3962],-0.5
13147,[ 6.3597,-0.202 , 0.4648, 0.4194],[-1.7522, 0.2671,-1.2818,-0.7109,-0.8515],[ 6.3695,-0.2021, 0.4639, 0.4177],-0.5
13149,[ 5.8754,-0.1884, 0.5044, 0.4356],[ 2.1347,-0.2059, 1.7126,-1.4076, 0.2361],[ 5.8907,-0.1885, 0.4797, 0.437 ],-0.5
13200,[ 2.1614e+00,-8.4019e-03, 1.0189e-03, 3.2031e-01],[-1.3428,-1.8648,-1.295 ,-0.7991,-2.8897],[ 2.1629e+00,-8.3478e-03,-1.3442e-03, 3.2325e-01],-0.4999
13201,[ 2.1335,-0.0057, 0.122 , 0.3118],[-0.4537, 0.0173, 0.5356,-0.2234, 0.9305],[ 2.1357,-0.0062, 0.1207, 0.3085],-0.4998
13202,[ 2.1236,-0.0306,-0.1126, 0.3314],[-0.4677,-1.1083,-1.7257, 0.944 ,-2.6304],[ 2.1259,-0.03  ,-0.1135, 0.3412],-0.5
13203,[ 2.2238,-0.0319, 0.2442, 0.3019],[-0.0438,-0.662 ,-0.695 ,-0.2838, 0.1423],[ 2.2285,-0.0326, 0.2423, 0.3009],-0.5
13204,[ 2.3237,-0.0056,-0.2308, 0.3277],[-2.1022,-2.5788,-3.1825,-2.4364,-3.1744],[ 2.3283,-0.0048,-0.2311, 0.3297],-0.4998
13205,[ 2.2648,-0.0312, 0.3304, 0.3092],[ 9.7766, 9.5356,10.2189, 3.8684, 5.0227],[ 2.2721,-0.0322, 0.3262, 0.3104],-0.5
13206,[ 2.311 , 0.0043,-0.3141, 0.3251],[-1.027 ,-1.2491,-2.1603,-0.5653,-2.7409],[ 2.318 , 0.0055,-0.3138, 0.3299],-0.499
13207,[ 1.7436,-0.0234, 0.4431, 0.3095],[-18.4733,-19.2005,-17.4259,-18.9788,-17.6794],[ 1.7548,-0.0248, 0.4329, 0.3073],-0.5
13208,[ 1.0252, 0.0041,-0.4422, 0.3081],[-1.317 , 1.6782,-0.8996, 1.2194,-0.6564],[ 1.0366, 0.0067,-0.4392, 0.316 ],-0.4958
13209,[ 0.8232, 0.0055,-0.0759, 0.3111],[-12.7005,-14.4586, -9.7819,-12.6785,-12.5474],[ 0.8459, 0.0059,-0.0586, 0.3114],-0.499
13210,[ 3.3932, 0.1058,-0.0129, 0.3091],[-5.6621,-5.8373,-5.1432,-6.5915,-4.5989],[ 3.3938, 0.1055,-0.0116, 0.3032],-0.4999
13211,[3.6077,0.1004,0.1083,0.3003],[ 0.6024,-0.3779, 0.2336,-0.7478, 2.0294],[3.609 ,0.0997,0.1085,0.2964],-0.5
13212,[ 3.4856, 0.109 ,-0.1009, 0.3113],[-3.8922,-4.2907,-5.0659,-6.    ,-3.7933],[ 3.4868, 0.109 ,-0.0991, 0.3071],-0.4999
13213,[4.7616,0.0908,0.2025,0.2968],[-1.8496,-2.6516,-0.0507,-2.38  ,-1.4708],[4.7648,0.09  ,0.2002,0.3001],-0.5
13214,[ 3.3608, 0.1176,-0.2204, 0.31  ],[-2.7691,-3.3058,-4.1661,-3.5551,-4.0756],[ 3.364 , 0.1178,-0.2163, 0.3086],-0.5
13215,[5.6811,0.0926,0.346 ,0.3187],[-1.6409, 1.2378,-1.389 ,-1.7607,-1.7734],[5.6888,0.0917,0.3508,0.3153],-0.5
13216,[ 3.3783, 0.1223,-0.3391, 0.3055],[ 0.2198, 0.1159,-1.0522,-0.5371,-0.3237],[ 3.385 , 0.1228,-0.3349, 0.3043],-0.4999
13217,[8.6486,0.0992,0.4292,0.3177],[ 0.5776,-1.0523, 0.3908, 0.7409,-0.8899],[8.659 ,0.0985,0.4284,0.3197],-0.5
13218,[ 3.4357, 0.1267,-0.4511, 0.3291],[-1.1739, 0.0547,-2.2628, 1.4739,-0.2826],[ 3.4464, 0.1273,-0.4472, 0.3303],-0.5
13219,[ 3.937 , 0.1055,-0.6083, 0.3101],[-2.0135,-0.9334,-0.5864,-0.4207,-0.2455],[ 3.9577, 0.1059,-0.6063, 0.31  ],-0.5
13220,[ 2.3634,-0.0783, 0.0175, 0.3048],[-3.5865,-2.6951,-3.9708,-3.9056,-3.4915],[ 2.3644,-0.078 , 0.0177, 0.3021],-0.5
13221,[ 2.1727,-0.0834, 0.1277, 0.3058],[-106.092 ,-106.1799,-106.0456,-106.5055,-105.6949],[ 2.1745,-0.0835, 0.1252, 0.3008],-0.5
13222,[ 2.289 ,-0.0746,-0.1037, 0.3092],[-1.8515,-2.8797,-3.4574,-1.718 ,-5.0941],[ 2.2907,-0.0739,-0.1058, 0.3181],-0.5
13223,[ 2.1726,-0.0827, 0.2236, 0.3007],[-130.3059,-130.9562,-129.6042,-130.5857,-129.9646],[ 2.1763,-0.0832, 0.2191, 0.2978],-0.5
13224,[ 2.6967,-0.0672,-0.2019, 0.2976],[-4.183 ,-3.7821,-3.5971,-3.3415,-4.0344],[ 2.7003,-0.0663,-0.2052, 0.2991],-0.5
13225,[ 2.143 ,-0.0728, 0.3233, 0.308 ],[-50.8368,-51.6436,-49.9283,-51.0852,-50.4308],[ 2.1498,-0.0736, 0.3197, 0.3049],-0.5
13227,[ 2.19  ,-0.0728, 0.4245, 0.311 ],[-16.3799,-17.5628,-15.1667,-16.8028,-16.1919],[ 2.2003,-0.0737, 0.4195, 0.308 ],-0.5
13228,[-0.1624,-0.0601,-0.4875, 0.3326],[-0.9933,-0.1108,-0.4152, 0.0985,-0.5049],[-0.1494,-0.0545,-0.4867, 0.3367],-0.4842
13229,[ 0.1346,-0.1022,-0.5223, 0.2948],[-41.0343,-41.198 ,-41.0151,-40.9894,-41.1039],[ 0.1532,-0.0964,-0.5204, 0.2981],-0.4806
13230,[ 4.0145, 0.2005,-0.0117, 0.3136],[-0.4187,-0.9851,-0.9254,-1.443 ,-0.5726],[ 4.0132, 0.1999,-0.0074, 0.3132],-0.5
13231,[5.4602,0.1913,0.1057,0.3181],[-0.5603,-1.0606,-1.076 ,-0.7561,-0.6499],[5.46  ,0.1907,0.1077,0.3167],-0.5
13232,[ 4.8246, 0.1937,-0.1255, 0.3172],[-0.4811, 0.3184,-1.6193,-0.1341,-1.3618],[ 4.8244, 0.1935,-0.1177, 0.3213],-0.5
13233,[4.8318,0.2168,0.1923,0.3052],[-0.6682,-0.9175,-1.1679,-0.9435,-0.8404],[4.8323,0.2159,0.1936,0.3077],-0.5
13234,[ 4.6954, 0.1978,-0.221 , 0.3197],[-1.4569,-0.4013,-2.4708,-0.67  ,-0.4652],[ 4.697 , 0.1978,-0.2157, 0.3185],-0.5
13235,[4.9305,0.1806,0.3203,0.3147],[-0.3337,-0.1365,-0.6562,-0.2131,-0.2201],[4.9354,0.1797,0.3173,0.304 ],-0.5
13236,[ 5.0273, 0.1996,-0.319 , 0.3162],[-1.4315,-0.2612,-0.3317,-0.2515,-0.8953],[ 5.0318, 0.1998,-0.3188, 0.318 ],-0.5
13238,[ 5.0664, 0.1915,-0.4636, 0.3286],[-1.4244,-2.5627,-0.6662,-1.6828,-2.5862],[ 5.0765, 0.1917,-0.4666, 0.3284],-0.5
13239,[ 5.1634, 0.1915,-0.5855, 0.3261],[-0.7939,-1.1538,-0.8601,-0.244 ,-1.4601],[ 5.1783, 0.1917,-0.5854, 0.3303],-0.5
13241,[ 6.5012,-0.1931, 0.1406, 0.3112],[-0.2466,-0.2758,-1.542 ,-1.6544,-1.2356],[ 6.5013,-0.1929, 0.1417, 0.3083],-0.5
13243,[ 6.4339,-0.1961, 0.2431, 0.3337],[-0.2144,-1.0989,-0.09  ,-1.7127,-1.7562],[ 6.4362,-0.1961, 0.241 , 0.3335],-0.5
13245,[ 6.4304,-0.1965, 0.2909, 0.3198],[-1.0604,-1.1823,-0.9108,-1.6912,-1.0802],[ 6.434 ,-0.1965, 0.2899, 0.3235],-0.5
13247,[ 6.6876,-0.2064, 0.4576, 0.335 ],[-1.759 ,-0.7648,-0.9728,-0.0243,-0.7221],[ 6.697 ,-0.2066, 0.4585, 0.334 ],-0.5
13249,[ 5.0995,-0.1812, 0.3884, 0.3219],[-1.2864, 1.576 , 0.4811, 2.0335, 0.7387],[ 5.1164,-0.1803, 0.4101, 0.3288],-0.4952
13300,[ 1.8565,-0.0041,-0.0169, 0.1885],[ 0.0048,-1.0535,-0.6705,-1.411 , 0.2142],[ 1.8573,-0.004 ,-0.0187, 0.187 ],-0.4993
13301,[ 2.3799e+00,-1.4227e-03, 1.3008e-01, 1.9075e-01],[-1.3216, 6.7081, 1.7635, 0.1181, 0.3533],[ 2.3818e+00,-2.0007e-03, 1.3577e-01, 1.8734e-01],-0.4998
13302,[ 2.1041,-0.0228,-0.0906, 0.1888],[ 0.012 , 0.4084,-1.2724,-0.54  ,-1.8424],[ 2.1054,-0.0223,-0.0905, 0.1957],-0.4998
13303,[ 2.3169,-0.0296, 0.2534, 0.193 ],[-1.4529,11.6791, 2.8093, 0.1385, 0.7061],[ 2.3218,-0.0305, 0.259 , 0.1906],-0.5
13304,[ 2.1815,-0.0147,-0.2246, 0.2065],[-1.7793,-1.415 ,-1.4118,-1.2404,-2.4999],[ 2.1855,-0.0137,-0.2261, 0.2095],-0.4997
13305,[ 2.1475,-0.0311, 0.317 , 0.1944],[-1.3328,-2.7002,-1.2801,-1.9294,-2.0759],[ 2.1541,-0.0321, 0.313 , 0.1956],-0.5
13306,[ 1.6512, 0.0048,-0.3248, 0.1896],[ 0.0615,-0.8883,-1.2426,-0.5059,-2.2366],[ 1.6582, 0.0067,-0.3224, 0.1955],-0.4974
13307,[ 1.7808,-0.0259, 0.4392, 0.2092],[-5.7009,-6.8327,-4.7092,-5.7049,-5.6434],[ 1.7918,-0.0272, 0.4305, 0.2066],-0.5
13308,[ 0.7373, 0.0081,-0.4505, 0.1798],[-0.0858, 0.3281,-1.2716, 0.3081,-1.1225],[ 0.749 , 0.011 ,-0.4478, 0.1853],-0.4962
13309,[ 0.7436, 0.0019,-0.1884, 0.2068],[-22.9668,-23.878 ,-21.9474,-22.2435,-23.5941],[ 0.7662, 0.0029,-0.1794, 0.2093],-0.4984
13310,[ 3.5191, 0.1001,-0.0092, 0.1748],[-0.2871,-3.4489, 2.4141, 0.8551, 3.4513],[ 3.5192, 0.0998,-0.0112, 0.1723],-0.5
13311,[3.8337,0.0978,0.1093,0.1808],[-0.6997, 1.533 , 0.8376, 0.2522, 2.0128],[3.8347,0.0971,0.111 ,0.1804],-0.5
13312,[ 3.7248, 0.1101,-0.0989, 0.1798],[-1.297 ,-2.7181,-1.4954,-1.9997,-1.0229],[ 3.7254, 0.11  ,-0.1004, 0.1752],-0.4999
13313,[4.466 ,0.096 ,0.2091,0.1952],[-1.0404,-0.68  , 0.2124, 1.2952,-0.5528],[4.4691,0.0952,0.2114,0.2007],-0.5
13314,[ 3.5705, 0.1236,-0.2231, 0.1824],[-2.8707,-2.7894,-2.6833,-2.4602,-2.3775],[ 3.5733, 0.1239,-0.2217, 0.1777],-0.5
13315,[6.0355,0.0978,0.3177,0.1702],[-0.7842,-1.0031,-0.0573,-1.2052,-0.1429],[6.0415,0.0971,0.3162,0.1661],-0.5
13316,[ 3.4649, 0.1254,-0.3305, 0.1925],[-3.1038,-3.1293,-4.5292,-3.7744,-3.5705],[ 3.4709, 0.1259,-0.3246, 0.1902],-0.4999
13317,[6.7055,0.0949,0.446 ,0.2106],[ 0.1672,-0.5578,-0.0469,-0.6737,-0.6781],[6.7166,0.0941,0.446 ,0.2046],-0.5
13318,[ 3.2459, 0.116 ,-0.4476, 0.1935],[-0.9461,-0.0882,-2.6708,-1.36  ,-1.8659],[ 3.2564, 0.1168,-0.4399, 0.1953],-0.4999
13319,[ 4.0503, 0.1003,-0.6438, 0.2039],[-7.9909,-7.0698,-8.5186,-7.6837,-7.5507],[ 4.0718, 0.1008,-0.6408, 0.2053],-0.5
13320,[ 2.1856,-0.0782, 0.0179, 0.1839],[-3.4584,-3.1791,-4.2375,-4.3437,-4.1593],[ 2.1861,-0.0779, 0.0135, 0.182 ],-0.5
13321,[ 2.347 ,-0.1046, 0.1224, 0.1386],[ 3.2481e-01,-9.8609e-01,-9.6319e-01,-6.9046e-01, 2.2676e+03],[ 2.3479,-0.1046, 0.1223, 0.1334],-0.5
13322,[ 2.3327,-0.0764,-0.0967, 0.1881],[-0.8796,-0.6599,-0.309 ,-0.2924,-1.5182],[ 2.3338,-0.0757,-0.1033, 0.1915],-0.5
13323,[ 2.2279,-0.0907, 0.2172, 0.186 ],[-358.0375,-358.7607,-357.8275,-358.2831,-358.0694],[ 2.231 ,-0.0911, 0.214 , 0.1848],-0.5
13324,[ 2.7563,-0.0689,-0.2046, 0.199 ],[-2.7155,-1.8485,-2.2549,-1.8672,-2.836 ],[ 2.7596,-0.068 ,-0.2068, 0.2013],-0.5
13325,[ 2.1348,-0.0766, 0.3153, 0.1938],[-74.0376,-74.8089,-73.2057,-74.0225,-73.7435],[ 2.141 ,-0.0774, 0.3117, 0.1923],-0.5
13326,[ 2.7766,-0.0649,-0.3249, 0.2168],[-0.8341,-1.088 ,-0.4858,-1.7339, 0.0544],[ 2.7839,-0.0637,-0.3368, 0.208 ],-0.5
13327,[ 2.1098,-0.0752, 0.4283, 0.1945],[-17.2623,-18.4577,-16.3785,-17.3622,-17.3641],[ 2.1201,-0.0762, 0.4232, 0.1915],-0.5
13328,[-0.1542,-0.0574,-0.4889, 0.1644],[ 0.0563,-0.2463,-1.1126,-1.1787,-0.4854],[-0.142 ,-0.0516,-0.4667, 0.1646],-0.4845
13329,[ 0.0603,-0.1094,-0.5243, 0.2062],[-58.8162,-59.0649,-58.8677,-58.8604,-59.0599],[ 0.0792,-0.1032,-0.5208, 0.2064],-0.4784
13330,[4.016 ,0.204 ,0.008 ,0.1958],[-1.3893, 0.0269,-1.3214,-1.4574,-0.2778],[4.0142,0.2034,0.0123,0.1909],-0.5
13331,[5.1808,0.1965,0.1142,0.1845],[-0.782 ,-0.4377,-1.0305,-1.1918,-1.1523],[5.18  ,0.1958,0.1171,0.1824],-0.5
13332,[ 3.0369, 0.1874,-0.1355, 0.1871],[-1.4371,-0.5989,-0.8724,-0.5511,-0.9267],[ 3.0366, 0.1872,-0.134 , 0.1882],-0.5
13333,[4.8158,0.1857,0.2131,0.1609],[-0.602 ,-0.5841,-0.7674,-0.6826,-0.5353],[4.8171,0.1848,0.2098,0.166 ],-0.5
13334,[ 3.4882, 0.1937,-0.2266, 0.1929],[-1.4735,-0.5722,-1.303 ,-1.5962,-1.7363],[ 3.4897, 0.1938,-0.2239, 0.1954],-0.5
13335,[4.977 ,0.1711,0.307 ,0.1961],[-0.3112,-0.4015,-0.5516,-0.2144,-0.3158],[4.9815,0.1701,0.306 ,0.1863],-0.5
13336,[ 3.3416, 0.1985,-0.3163, 0.1878],[-1.6124,-0.8486,-2.1729,-1.3559,-2.2775],[ 3.3457, 0.1987,-0.3142, 0.1914],-0.5
13338,[ 5.1282, 0.1933,-0.4532, 0.1872],[-1.2272,-1.3087,-1.4871,-1.7347,-1.8267],[ 5.1376, 0.1936,-0.4533, 0.189 ],-0.5
13339,[ 4.2521, 0.1891,-0.6374, 0.1937],[-0.5766,-1.1974,-0.5399,-1.9996,-2.4901],[ 4.2689, 0.1893,-0.6399, 0.1964],-0.5
13341,[ 6.4994,-0.193 , 0.1488, 0.2003],[-1.821 ,-0.7237,-0.5931,-1.1204,-0.6401],[ 6.4992,-0.1929, 0.1496, 0.1982],-0.5
13343,[ 3.253 ,-0.175 , 0.2195, 0.1642],[-2.162 ,-1.947 ,-1.887 ,-1.3374,-1.5358],[ 3.2547,-0.1752, 0.22  , 0.1555],-0.5
13345,[10.828 ,-0.1668, 0.3249, 0.1477],[-0.2475,-0.9591,-1.4063,-1.6262,-0.7064],[10.8329,-0.1669, 0.3214, 0.1339],-0.5
13347,[ 7.8833,-0.2232, 0.4645, 0.1958],[-1.1349,-0.312 ,-1.0083,-0.6137,-1.7551],[ 7.8926,-0.2234, 0.4674, 0.1961],-0.5
13349,[-0.3223,-0.1693,-0.6861, 0.2183],[ 0.0392,-0.9143, 1.3551, 9.8826,-1.6482],[-0.3029,-0.1602,-0.6805, 0.2275],-0.4594
13400,[ 1.9303, 0.0021,-0.02  , 0.0364],[-1.4056,-1.5892,-0.2751,-2.0314, 0.3898],[ 1.9304, 0.0022,-0.021 , 0.0319],-0.4996
13401,[2.3281,0.0157,0.1243,0.0726],[-1.4025, 1.9064,-0.0368, 2.3189,-1.5945],[2.3294,0.0151,0.1289,0.081 ],-0.4997
13402,[ 1.8422,-0.0069,-0.077 , 0.0514],[-0.406 ,-1.8307,-2.3838,-0.962 ,-2.027 ],[ 1.8427,-0.0065,-0.0766, 0.0553],-0.4997
13403,[ 2.4587,-0.0204, 0.2514, 0.1092],[ 0.3573, 1.2653,-0.0787, 2.4686,-1.7141],[ 2.4631,-0.0213, 0.2523, 0.1127],-0.5
13404,[ 2.4894, 0.0086,-0.2495, 0.0502],[-1.4862,-1.9986,-1.0647,-1.3119,-1.1823],[ 2.4936, 0.0096,-0.252 , 0.0482],-0.4997
13405,[ 2.4729,-0.0227, 0.3097, 0.1067],[-0.7966, 0.274 ,-0.1876, 7.7523, 1.1527],[ 2.4791,-0.0237, 0.3093, 0.1132],-0.5
13406,[ 1.494 , 0.0222,-0.3393, 0.0765],[-1.1379,-1.0375,-0.9845,-0.4195,-2.699 ],[ 1.5012, 0.0239,-0.3377, 0.0806],-0.4981
13407,[ 1.9907,-0.0299, 0.4498, 0.0737],[7.6473,9.3075,1.3786,0.0999,0.2303],[ 2.0026,-0.0313, 0.4547, 0.067 ],-0.5
13408,[ 0.8784, 0.0174,-0.4497, 0.0698],[-1.206 ,-0.4128,-1.4473,-1.3225,-1.0146],[ 0.8898, 0.0201,-0.4449, 0.0721],-0.4971
13409,[ 0.6591,-0.0073,-0.3886, 0.0791],[-13.1508,-13.2246,-12.9491,-12.5659,-13.4888],[ 0.6808,-0.0053,-0.3871, 0.0815],-0.4972
13410,[ 3.4768, 0.102 ,-0.0058, 0.0729],[ 1.873 , 1.7221,-0.6667, 1.9868, 0.7676],[ 3.4765e+00, 1.0164e-01,-2.2066e-03, 7.5410e-02],-0.4999
13411,[3.6671,0.1007,0.1009,0.0733],[-2.3628,-2.8893,-3.5969,-3.144 ,-3.1486],[3.6674,0.1001,0.104 ,0.0741],-0.5
13412,[ 3.9115, 0.1114,-0.1061, 0.0587],[-1.3041,-0.7776,-1.8251,-2.5513,-1.0189],[ 3.9117, 0.1114,-0.1044, 0.055 ],-0.4999
13413,[4.3286,0.0978,0.2164,0.0567],[-1.9904, 0.2956,-1.2682,-1.3093,-0.3362],[4.3314,0.0969,0.2211,0.0537],-0.5
13414,[ 3.9225, 0.1232,-0.216 , 0.0542],[-2.4127,-1.5623,-2.695 ,-1.6402,-0.6785],[ 3.9246, 0.1235,-0.2129, 0.0493],-0.4999
13415,[5.301 ,0.0943,0.306 ,0.0539],[ 0.1978,-0.3742, 0.6235,-0.9927,-0.108 ],[5.3064,0.0935,0.3065,0.0541],-0.5
13416,[ 3.3145, 0.1259,-0.3276, 0.0644],[-1.8262,-1.9175,-1.6693,-2.5794,-1.7128],[ 3.3202, 0.1265,-0.326 , 0.0601],-0.5
13417,[5.062 ,0.0861,0.4801,0.1052],[-0.6779,-1.2915,-0.0522,-0.3679, 0.711 ],[5.075 ,0.0852,0.491 ,0.0914],-0.5
13418,[ 3.3487, 0.1101,-0.4463, 0.0755],[-1.7475,-1.5569,-2.9209,-2.0238,-2.5696],[ 3.3592, 0.111 ,-0.4397, 0.0767],-0.5
13419,[ 3.116 , 0.0937,-0.6052, 0.0789],[-4.3661,-2.6317,-4.7967,-3.0894,-4.8665],[ 3.1367, 0.0944,-0.6031, 0.0819],-0.5
13420,[ 2.2013,-0.0816, 0.0205, 0.0724],[-8.0489,-6.4171,-8.1459,-7.8634,-7.4278],[ 2.2012,-0.0813, 0.021 , 0.0693],-0.5
13421,[ 2.3489,-0.1049, 0.1223, 0.1121],[6.4105e+01,1.6410e+00,2.2785e-01,3.4779e+03,1.3295e+00],[ 2.3496,-0.1049, 0.1223, 0.1171],-0.5
13422,[ 2.2423,-0.0759,-0.1009, 0.0815],[-2.0686,-1.2936,-2.0107,-1.9268,-2.5806],[ 2.243 ,-0.0752,-0.1017, 0.078 ],-0.5
13423,[ 2.2676,-0.0984, 0.2121, 0.0761],[-204.6741,-205.2732,-204.4322,-204.253 ,-204.7567],[ 2.2702,-0.0988, 0.2098, 0.0752],-0.5
13424,[ 2.2133,-0.0791,-0.1923, 0.0752],[-0.6794,-1.6802,-1.1473,-1.9756,-1.8108],[ 2.2155,-0.078 ,-0.1873, 0.0662],-0.5
13425,[ 2.2162,-0.086 , 0.3098, 0.0759],[-32.896 ,-33.7746,-32.0871,-32.7938,-33.0023],[ 2.2218,-0.0867, 0.3069, 0.0745],-0.5
13427,[ 2.3564,-0.0841, 0.4365, 0.0715],[-7.749 ,-9.0468,-6.6615,-7.4329,-8.0444],[ 2.3668,-0.0851, 0.4313, 0.0714],-0.5
13428,[-0.1514,-0.0571,-0.4952, 0.1055],[-0.5882, 0.4957, 0.276 ,-0.413 , 1.9072],[-0.1389,-0.0513,-0.4736, 0.1199],-0.4848
13429,[ 0.7474,-0.0974,-0.2716, 0.0769],[-36.9374,-37.5735,-37.0673,-36.9791,-37.5988],[ 0.7674,-0.0934,-0.2678, 0.0768],-0.4874
13430,[5.3092,0.2052,0.017 ,0.0841],[-0.7981,-0.5454,-0.9135,-1.2452,-0.9078],[5.3067,0.2047,0.024 ,0.0694],-0.5
13431,[5.7776,0.1887,0.1285,0.0804],[-0.79  ,-0.5243,-0.5581,-0.5764,-0.8169],[5.7767,0.1881,0.1322,0.0747],-0.5
13432,[ 2.9508, 0.2009,-0.1224, 0.1005],[-0.582 ,-1.1271,-1.7294,-0.6941,-1.4304],[ 2.9495, 0.2006,-0.1172, 0.1022],-0.4999
13433,[5.8225,0.1743,0.2175,0.0622],[-0.5557,-0.7705,-0.7177,-0.6339,-0.8557],[5.8239,0.1736,0.2201,0.064 ],-0.5
13434,[ 3.3982, 0.195 ,-0.2433, 0.0597],[ 0.2566,-1.6155,-0.8025,-1.1225,-1.9188],[ 3.3997, 0.1951,-0.2437, 0.0609],-0.5
13436,[ 3.6624, 0.1952,-0.3211, 0.0516],[-0.405 ,-0.9468,-1.1048,-1.8414,-1.1591],[ 3.6664, 0.1955,-0.3207, 0.0522],-0.5
13438,[ 4.123 , 0.1992,-0.4396, 0.0534],[-0.1512,-1.1185,-0.8658,-0.6078,-1.305 ],[ 4.1318, 0.1995,-0.4415, 0.0553],-0.5
13439,[ 3.978 , 0.1915,-0.649 , 0.0754],[-1.6244,-0.3349,-0.6859,-0.4446,-1.4786],[ 3.9951, 0.1917,-0.6491, 0.0772],-0.5
13440,[ 6.4756,-0.1864, 0.0413, 0.0893],[-0.4995,-1.0096,-0.197 ,-0.2294,-0.9381],[ 6.4738,-0.1862, 0.0294, 0.0999],-0.5
13441,[ 5.2937,-0.1851, 0.1212, 0.0269],[ 0.7106,-1.7498,-0.5052,-1.1033,-1.1298],[ 5.2925,-0.185 , 0.1145, 0.0233],-0.5
13443,[ 2.1261,-0.1721, 0.2273, 0.0626],[-1.6801,-2.7429,-1.4835,-1.7592,-2.1977],[ 2.1277,-0.1723, 0.2253, 0.0564],-0.5
13445,[ 8.0378,-0.1691, 0.3377, 0.0757],[-0.2273, 0.6113,-1.0507,-1.3566, 0.1356],[ 8.0434,-0.1693, 0.3415, 0.0734],-0.5
13447,[ 3.9628,-0.1714, 0.4333, 0.0294],[-0.9835,-1.6125,-0.6326,-1.3793,-0.6656],[ 3.9715,-0.1724, 0.4261, 0.0179],-0.4996
13449,[ 0.1571,-0.1718,-0.5839, 0.0715],[-1.1155, 0.4233,-0.8307, 4.5095,-0.8923],[ 0.1774,-0.164 ,-0.584 , 0.0774],-0.466
13500,[ 1.9233e+00, 7.2494e-04,-1.7856e-02,-3.6282e-02],[-1.7818, 1.4252,-0.3622, 1.1082,-0.0319],[ 1.9231e+00, 7.6134e-04,-1.6540e-02,-3.3814e-02],-0.4996
13501,[ 2.6195, 0.015 , 0.1089,-0.0619],[ 0.77  ,-0.7504,-0.7314,-0.2884,-1.3636],[ 2.6201, 0.0145, 0.1123,-0.0562],-0.4997
13502,[ 1.9618,-0.0133,-0.0844,-0.0532],[-1.8385,-1.1808,-2.3638,-0.6397,-1.3481],[ 1.9621,-0.0128,-0.0833,-0.0545],-0.4999
13503,[ 2.6485, 0.0348, 0.2152,-0.0709],[-0.6464,-0.643 , 0.3013,-0.9918, 1.3202],[ 2.6513, 0.0338, 0.2169,-0.0797],-0.5
13504,[ 2.0568, 0.038 ,-0.2289,-0.0569],[-0.4345,-0.6523,-0.9328, 0.0437,-0.9753],[ 2.06  , 0.0392,-0.2307,-0.0477],-0.4926
13505,[ 3.2356, 0.0273, 0.3267,-0.0589],[ 1.7031, 0.5545,-1.066 , 4.849 , 1.2143],[ 3.2421, 0.0261, 0.326 ,-0.046 ],-0.4999
13506,[ 2.1404, 0.041 ,-0.3233,-0.033 ],[-1.8181,-2.081 ,-1.0304,-0.8774,-3.011 ],[ 2.1469, 0.0425,-0.3246,-0.0268],-0.4986
13507,[ 2.659 ,-0.036 , 0.4624,-0.0591],[ 5.7873, 3.2831, 5.7313,-0.0761, 0.0506],[ 2.671 ,-0.0371, 0.46  ,-0.0621],-0.5
13508,[ 1.9817, 0.0248,-0.4487,-0.0542],[ 0.194 , 0.6079,-0.1695, 0.6893,-1.8089],[ 1.993 , 0.0268,-0.4434,-0.0483],-0.4982
13509,[ 1.2242,-0.0047,-0.3624,-0.0558],[-5.6786,-5.6264,-5.5268,-5.7658,-5.8559],[ 1.2471,-0.0034,-0.3614,-0.0566],-0.4988
13510,[ 3.2053, 0.1066,-0.0115,-0.0584],[-1.2401, 0.285 ,-1.3209,-0.6427,-1.5992],[ 3.2043, 0.1062,-0.0056,-0.0559],-0.4999
13511,[ 3.3624, 0.099 , 0.1077,-0.058 ],[-1.3143,-0.2709,-0.7854,-2.3396,-1.8845],[ 3.3623, 0.0982, 0.1123,-0.0633],-0.5
13512,[ 3.8147, 0.1109,-0.1047,-0.0543],[-0.4523, 5.2608, 2.5436, 0.5948,-1.0811],[ 3.8143, 0.1108,-0.1003,-0.0567],-0.4997
13513,[ 4.1509, 0.094 , 0.23  ,-0.0514],[-1.2955,-0.2046,-1.2637,-0.5875,-0.5745],[ 4.1537, 0.0931, 0.2332,-0.054 ],-0.5
13514,[ 3.7266, 0.1204,-0.2189,-0.0284],[-0.1177,-1.3676,-1.5913, 1.8479,-2.7844],[ 3.7286, 0.1207,-0.2164,-0.0243],-0.4994
13515,[ 4.4415, 0.0857, 0.3101,-0.0531],[-0.0403,-1.3619, 1.4532,-0.9763,-1.3996],[ 4.4469, 0.0847, 0.3083,-0.0531],-0.5
13516,[ 3.085 , 0.121 ,-0.3305,-0.0565],[-2.8392,-1.6725,-2.6885,-2.505 ,-2.2168],[ 3.0906, 0.1216,-0.3282,-0.0619],-0.4998
13517,[ 4.8675, 0.107 , 0.4466,-0.0863],[-1.0096,-0.0559,-0.6796,-0.6211,-0.2166],[ 4.8787, 0.1059, 0.4559,-0.0776],-0.5
13518,[ 3.2177, 0.118 ,-0.4432,-0.0542],[-2.5566,-1.9566,-2.794 ,-3.1003,-2.0502],[ 3.2279, 0.1189,-0.4389,-0.0585],-0.4999
13519,[ 2.3116, 0.0866,-0.5197,-0.0519],[ 0.4802,-0.7557,-3.0974,-0.3186,-2.8524],[ 2.3323, 0.0873,-0.5168,-0.0454],-0.4999
13520,[ 2.3524,-0.0862, 0.0148,-0.0432],[-2.5526,-1.8458,-3.5139,-2.0874,-3.1531],[ 2.3517,-0.0859, 0.0167,-0.0431],-0.5
13521,[ 2.2973,-0.1017, 0.1265,-0.0529],[-22.4294,-22.7875,-22.717 ,-22.2132,-23.0002],[ 2.2975,-0.1018, 0.123 ,-0.0499],-0.5
13522,[ 2.6598,-0.0808,-0.1055,-0.0639],[-1.4161,-1.8628,-1.853 ,-1.8659,-1.2915],[ 2.6599,-0.0801,-0.1064,-0.0687],-0.5
13523,[ 2.283 ,-0.103 , 0.2214,-0.0403],[-27.922 ,-28.657 ,-27.451 ,-27.2249,-28.1585],[ 2.2853,-0.1034, 0.2185,-0.0391],-0.5
13524,[ 2.4525,-0.072 ,-0.2183,-0.0631],[ 0.572 ,-1.3993,-0.0485,-1.2747, 0.1084],[ 2.4554,-0.0708,-0.2297,-0.0771],-0.5
13525,[ 2.4693,-0.1002, 0.3115,-0.0474],[-7.4368,-8.4945,-6.8493,-7.2332,-7.9494],[ 2.4745,-0.1009, 0.3087,-0.0477],-0.5
13526,[ 2.3223,-0.0718,-0.3002,-0.1077],[ 1.3053, 0.5294,-1.2111,-1.9215, 2.3422],[ 2.3279,-0.0704,-0.3166,-0.1226],-0.5
13527,[ 2.4195,-0.0795, 0.4407,-0.0565],[-2.0902,-3.2381,-0.9954,-1.6653,-2.9244],[ 2.4301,-0.0805, 0.436 ,-0.0539],-0.5
13529,[ 1.2045,-0.0963,-0.0352,-0.0656],[-29.0115,-29.2158,-28.314 ,-28.32  ,-28.8197],[ 1.2272,-0.0948,-0.0252,-0.0664],-0.4953
13531,[ 4.4829, 0.2214, 0.1209,-0.0216],[-0.2793,-0.2196,-0.6247,-0.844 ,-0.4052],[ 4.4809, 0.2205, 0.138 ,-0.0243],-0.5
13533,[ 5.3183, 0.2011, 0.2041,-0.0182],[-0.2887,-0.2245,-0.1456,-0.2206,-0.0767],[ 5.3188, 0.2002, 0.2209,-0.0162],-0.5
13534,[ 3.1165, 0.1925,-0.2435,-0.0272],[-0.7298,-1.3041,-1.1142,-0.4084,-1.4565],[ 3.1178, 0.1927,-0.243 ,-0.0237],-0.5
13535,[ 4.5783, 0.1871, 0.3427,-0.0858],[-0.5125,-0.5003,-0.6775,-0.5959,-0.6103],[ 4.5833, 0.1859, 0.3459,-0.0873],-0.5
13536,[ 3.5618, 0.1899,-0.3279,-0.0317],[-0.8239,-1.5953,-0.9238, 0.3232,-1.2725],[ 3.5661, 0.1902,-0.3286,-0.0269],-0.5
13538,[ 3.7134, 0.1977,-0.4382,-0.0538],[-1.3004,-0.7302,-1.4526,-1.0439,-1.7745],[ 3.7219, 0.1981,-0.4373,-0.0514],-0.5
13539,[ 3.6896, 0.1826,-0.774 ,-0.0471],[-1.4272,-2.133 ,-0.1199,-0.4655,-0.1305],[ 3.7113, 0.1826,-0.777 ,-0.0463],-0.5
13540,[ 1.4318,-0.1703, 0.0446,-0.0934],[-1.6735,-1.6249,-1.2275,-0.7338,-1.1583],[ 1.4296,-0.1698, 0.0584,-0.107 ],-0.5
13541,[ 3.5928,-0.1778, 0.1073,-0.0564],[-1.169 ,-2.2444,-1.1738,-1.0887,-2.2692],[ 3.5912,-0.1776, 0.1049,-0.0613],-0.5
13543,[ 1.5792,-0.1721, 0.2249,-0.0505],[-1.1461,-1.9248,-0.2666,-1.4016,-1.6382],[ 1.5802,-0.1723, 0.2189,-0.0575],-0.4999
13545,[ 0.5137,-0.1798, 0.3405,-0.0467],[-1.7006,-0.8979,-1.6576,-2.4115,-1.3247],[ 0.5176,-0.1807, 0.3157,-0.0617],-0.4994
13547,[ 8.7198,-0.1736, 0.4279,-0.0727],[-0.9571,-1.8992,-0.8034,-1.2818,-0.0803],[ 8.7284,-0.1739, 0.4264,-0.0834],-0.5
13549,[ 0.5718,-0.1767,-0.4604,-0.06  ],[-1.6754,-0.0164,-1.0903,-0.623 ,-1.4959],[ 0.5928,-0.1706,-0.4662,-0.0652],-0.4743
13600,[ 2.1868,-0.0188,-0.0186,-0.1907],[-1.1896,-0.5062,-1.0311,-1.8204,-1.2793],[ 2.186 ,-0.0186,-0.0177,-0.1925],-0.4997
13601,[ 2.7646, 0.0163, 0.1257,-0.1875],[-0.4542,-0.0325,-0.5909,-0.1716,-1.8799],[ 2.7649, 0.0157, 0.1273,-0.1849],-0.5
13602,[ 2.3155,-0.0332,-0.088 ,-0.1816],[-1.1543,-0.1635,-2.3893,-1.385 ,-1.9387],[ 2.3153,-0.0327,-0.0866,-0.1797],-0.5
13603,[ 2.8892, 0.0327, 0.2152,-0.1892],[-0.6043,-0.6195,-1.2178,-1.5503, 0.738 ],[ 2.8916, 0.0317, 0.2164,-0.2005],-0.5
13604,[ 1.659 , 0.0152,-0.2158,-0.1846],[-1.0099,-0.1513,-2.0621,-2.1306,-1.5659],[ 1.6613, 0.0168,-0.2129,-0.1769],-0.4887
13605,[ 2.9123, 0.0347, 0.3126,-0.1809],[ 0.5314,-1.0198,-1.3558, 0.0105,-2.0384],[ 2.9181, 0.0335, 0.3148,-0.1738],-0.5
13606,[ 2.405 , 0.032 ,-0.332 ,-0.2013],[-1.7172,-1.9246,-1.5147,-1.2891,-2.2162],[ 2.411 , 0.033 ,-0.3233,-0.2004],-0.5
13607,[ 3.5793,-0.0065, 0.4541,-0.1499],[-0.4896,-1.124 , 0.0801, 1.7505, 0.1536],[ 3.5907,-0.0075, 0.4492,-0.1435],-0.5
13608,[ 2.6788, 0.0267,-0.4493,-0.1984],[ 0.0161, 0.169 ,-1.7067,-0.6562,-1.365 ],[ 2.6899, 0.0279,-0.4399,-0.1986],-0.5
13609,[ 1.9737,-0.0029,-0.3886,-0.1909],[-4.6486,-6.2578,-3.6421,-3.8379,-4.4051],[ 1.9981,-0.0022,-0.3784,-0.1919],-0.4998
13610,[ 2.8784, 0.0987,-0.0109,-0.176 ],[-0.2094,-0.4087, 0.154 ,-0.5952,-0.7222],[ 2.8769, 0.0984,-0.0106,-0.1802],-0.4999
13611,[ 3.2896, 0.0945, 0.1191,-0.1824],[-2.2795,-0.073 ,-0.6334,-1.4707,-1.1236],[ 3.2893, 0.0937, 0.1213,-0.1881],-0.5
13612,[ 3.1214, 0.1079,-0.0983,-0.1568],[-0.8063,-1.1546,-1.5489, 1.0057,-1.762 ],[ 3.1205, 0.1078,-0.0937,-0.1536],-0.4994
13613,[ 3.7111, 0.0861, 0.217 ,-0.1876],[-2.4318,-0.5921,-1.9566,-1.2724, 0.04  ],[ 3.7132, 0.0851, 0.2217,-0.1936],-0.5
13614,[ 2.4084, 0.1078,-0.2314,-0.1868],[-1.5467,-0.676 ,-1.8027,-1.9294,-3.0139],[ 2.4104, 0.1085,-0.2277,-0.1822],-0.4974
13615,[ 4.7317, 0.0949, 0.3182,-0.1896],[-0.9264, 0.5281,-0.9034,-0.8592,-1.2448],[ 4.7372, 0.0938, 0.3242,-0.1887],-0.5
13616,[ 2.9557, 0.1231,-0.3337,-0.1825],[-1.3915,-1.3841,-1.2918,-2.4701,-1.8314],[ 2.9611, 0.1239,-0.3321,-0.1884],-0.4997
13617,[ 3.9463, 0.0907, 0.4497,-0.1848],[-0.4897,-0.0571,-0.161 ,-0.7574, 0.1206],[ 3.9575, 0.0895, 0.4534,-0.1838],-0.5
13618,[ 3.9138, 0.139 ,-0.4379,-0.182 ],[-1.3095,-0.8134,-0.8018,-1.2432,-2.2222],[ 3.9236, 0.1397,-0.4389,-0.1811],-0.5
13619,[ 3.1328, 0.0921,-0.5847,-0.184 ],[-1.9572,-2.0367, 0.1047,-2.0077,-2.8464],[ 3.156 , 0.0926,-0.5642,-0.1794],-0.5
13620,[ 2.223 ,-0.1116, 0.0191,-0.1953],[-0.6977,-1.3398,-1.4118,-0.6153,-1.9246],[ 2.2213,-0.1112, 0.0167,-0.1961],-0.4999
13621,[ 2.255 ,-0.1128, 0.1108,-0.1827],[-2.5446,-1.762 ,-2.1388,-0.9973,-2.1484],[ 2.2542,-0.1128, 0.1085,-0.1885],-0.5
13622,[ 2.5376,-0.0899,-0.0987,-0.1904],[-2.0689,-1.4256,-0.6933,-1.762 ,-1.3138],[ 2.5369,-0.0891,-0.1008,-0.1956],-0.5
13623,[ 2.2677,-0.1145, 0.2193,-0.1652],[-1.2281,-2.1381,-1.7349,-0.5478,-2.7167],[ 2.2693,-0.115 , 0.2156,-0.1625],-0.5
13624,[ 2.8029,-0.0563,-0.1945,-0.1404],[ 0.0902,-0.7235, 0.5402,-0.4563,-0.1978],[ 2.8046,-0.0554,-0.1951,-0.1554],-0.5
13625,[ 2.7727,-0.1106, 0.3266,-0.177 ],[-0.2167,-1.6148, 0.1436,-0.5228,-0.9716],[ 2.7779,-0.1113, 0.3219,-0.1818],-0.5
13626,[ 2.3416,-0.0673,-0.3519,-0.1534],[-0.5509,-1.0883, 1.5675,-0.3127,-1.9346],[ 2.3494,-0.0658,-0.3705,-0.1685],-0.5
13627,[ 3.0413,-0.1166, 0.4402,-0.182 ],[ 0.4576,-1.5306,-0.3617,-0.2506,-1.5371],[ 3.0511,-0.1175, 0.4332,-0.181 ],-0.5
13628,[ 2.3778,-0.061 ,-0.4303,-0.2124],[-0.6329,-0.1107, 0.0698, 0.3402,-0.3443],[ 2.3892,-0.0594,-0.4517,-0.2276],-0.5
13629,[ 1.0884,-0.0993, 0.0114,-0.182 ],[-23.8419,-24.4602,-23.2683,-23.7632,-24.0552],[ 1.1122,-0.0983, 0.0123,-0.183 ],-0.497
13634,[ 0.7895, 0.1732,-0.2765,-0.1253],[-1.1437,-1.13  ,-1.3059,-0.9998,-1.6294],[ 0.7919, 0.1738,-0.2711,-0.1118],-0.4998
13635,[ 4.5383, 0.1961, 0.3415,-0.1599],[-0.1953,-0.2968,-0.3109,-0.196 ,-0.2064],[ 4.5426, 0.1949, 0.3402,-0.1577],-0.5
13636,[ 1.4662, 0.1782,-0.3227,-0.1822],[-1.1478, 0.1087,-1.0848,-0.1756,-1.0961],[ 1.4701, 0.1789,-0.3191,-0.1794],-0.4999
13638,[ 3.0473, 0.2059,-0.4498,-0.1893],[-2.2995,-1.7674,-1.8536,-0.7562,-1.5814],[ 3.056 , 0.2064,-0.4491,-0.186 ],-0.5
13639,[ 4.2411, 0.1972,-0.8633,-0.1788],[-0.7353, 1.1041,-2.0798,-0.4613, 0.444 ],[ 4.2656, 0.197 ,-0.8594,-0.175 ],-0.5
13641,[ 1.2626,-0.1729, 0.1104,-0.1789],[-1.7262,-0.7947,-1.2335,-0.7751,-1.7911],[ 1.2606,-0.1725, 0.1079,-0.1848],-0.4996
13643,[ 1.2998,-0.1753, 0.2145,-0.1951],[ 0.9857,-0.7135,-1.4059,-0.6535,-0.2998],[ 1.3002,-0.1756, 0.2152,-0.2086],-0.4999
13647,[ 6.6383,-0.175 , 0.4581,-0.1746],[-2.2812,-1.8105,-2.1588,-2.6077,-0.9577],[ 6.6482,-0.1754, 0.4581,-0.1793],-0.5
13649,[ 0.2828,-0.1796,-0.5297,-0.1767],[-1.4056,-2.5076,-1.7932,-1.5026,-0.511 ],[ 0.3044,-0.1738,-0.5355,-0.1825],-0.4758
13659,[ 4.7803, 0.3297,-0.6948,-0.2048],[-0.9093,-0.4942,-0.8277,-0.5349,-0.1622],[ 4.7958, 0.3297,-0.6925,-0.1969],-0.5
13699,[-0.2453, 0.5593,-0.5862,-0.2331],[-0.2587,-0.2008,-0.1664,-0.1742,-0.633 ],[-0.2439, 0.5596,-0.5867,-0.2355],-0.4846
13700,[ 1.7482,-0.0205,-0.0069,-0.3032],[-0.1409, 0.0261,-0.163 ,-0.2082,-0.8807],[ 1.7468,-0.0203,-0.0063,-0.3045],-0.4994
13701,[ 3.2765, 0.0203, 0.1267,-0.3239],[-1.4646,-1.3839,-0.9033,-1.9751,-2.012 ],[ 3.2762, 0.0198, 0.1255,-0.3243],-0.5
13702,[ 1.0407,-0.0292,-0.1008,-0.298 ],[-1.9417,-1.5042,-0.5964,-0.2063,-1.76  ],[ 1.0403,-0.0273,-0.1061,-0.2893],-0.4781
13703,[ 3.2547, 0.0343, 0.2086,-0.3169],[-1.5541,-1.9059,-1.2603,-2.6741,-1.2476],[ 3.2564, 0.0335, 0.2082,-0.3256],-0.5
13704,[ 1.9673, 0.0153,-0.2161,-0.3208],[-0.1548,-1.6092,-1.3513,-1.3298,-0.794 ],[ 1.9691, 0.0166,-0.2145,-0.3253],-0.4936
13705,[ 3.173 , 0.0243, 0.3089,-0.3044],[-0.4162,-1.297 ,-1.1402, 0.1143,-0.5529],[ 3.1783, 0.0231, 0.3122,-0.3008],-0.5
13706,[ 2.3983, 0.0338,-0.3349,-0.3043],[-0.9951,-1.1984,-1.3006,-0.862 ,-1.6349],[ 2.4042, 0.0349,-0.324 ,-0.3041],-0.5
13707,[ 4.4985, 0.0159, 0.4379,-0.3215],[ 1.408 ,-0.7713,-0.1195,-0.659 , 0.0384],[ 4.5092, 0.0148, 0.4356,-0.3292],-0.5
13708,[ 3.0144, 0.0306,-0.4467,-0.313 ],[-1.6662, 0.1333,-1.6798,-1.3045,-0.8486],[ 3.0249, 0.0318,-0.4313,-0.3172],-0.5
13709,[ 1.9535,-0.0108,-0.6088,-0.2976],[-9.2376,-8.7176,-9.4961,-7.0862,-9.7571],[ 1.9788,-0.0099,-0.6022,-0.2958],-0.5
13710,[ 3.015 , 0.0876,-0.0057,-0.31  ],[-1.7883,-0.4659,-1.1492,-1.681 ,-0.8386],[ 3.0131, 0.0873,-0.0043,-0.3191],-0.5
13711,[ 2.9843, 0.082 , 0.131 ,-0.3005],[ 0.1042,-0.0947,-1.2468,-0.3267,-0.0624],[ 2.9838, 0.0811, 0.1338,-0.3047],-0.5
13712,[ 2.333 , 0.1146,-0.0882,-0.2967],[-0.4875, 0.3984,-0.9041, 0.5229,-0.9968],[ 2.3314, 0.1145,-0.0844,-0.2933],-0.5
13713,[ 3.3613, 0.0781, 0.2023,-0.3073],[-1.4868,-0.8377,-0.5395,-1.3624,-0.8531],[ 3.3625, 0.0771, 0.2037,-0.3118],-0.5
13714,[ 2.4175, 0.1019,-0.2388,-0.2919],[-1.5135,-1.6415,-2.1626, 0.1793,-1.5893],[ 2.4194, 0.1025,-0.2333,-0.2848],-0.5
13715,[ 5.1855, 0.1003, 0.3146,-0.2896],[-1.1612,-0.9477,-0.5496,-0.7983,-1.37  ],[ 5.1904, 0.0993, 0.3159,-0.2907],-0.5
13716,[ 3.0793, 0.1258,-0.329 ,-0.2976],[-2.0153,-0.7308,-1.8923,-1.6107,-0.9825],[ 3.0842, 0.1265,-0.3264,-0.3015],-0.4999
13717,[ 5.1385, 0.0702, 0.4567,-0.3028],[-0.7713,-0.7747,-0.747 ,-0.9089,-0.6313],[ 5.15  , 0.0692, 0.4568,-0.305 ],-0.5
13718,[ 2.8127, 0.1189,-0.4251,-0.3165],[-2.1761,-2.5359,-2.7032,-2.2745,-1.9571],[ 2.8218, 0.1198,-0.4224,-0.3232],-0.5
13719,[ 3.8035, 0.095 ,-0.4842,-0.3099],[ 1.4189, 0.4603, 2.9285,-0.987 ,-0.9744],[ 3.8281, 0.0954,-0.4692,-0.3087],-0.5
13720,[ 2.1455,-0.1131, 0.0038,-0.3297],[-2.7465,-0.2895, 1.1521,-0.877 , 0.1416],[ 2.1432e+00,-1.1258e-01, 2.4841e-04,-3.3172e-01],-0.499
13721,[ 2.1194,-0.1241, 0.1013,-0.314 ],[-2.0613,-1.7831,-1.9636,-2.4455,-1.4583],[ 2.1177,-0.124 , 0.0986,-0.3184],-0.4989
13722,[ 2.3513,-0.0942,-0.0992,-0.3281],[-0.7288,-1.5086,-1.2962,-1.6047,-0.6279],[ 2.35  ,-0.0933,-0.1031,-0.3384],-0.4991
13723,[ 3.0117,-0.1135, 0.218 ,-0.3139],[-0.7846,-2.7182,-1.1089,-1.0623,-2.0242],[ 3.0127,-0.1139, 0.2108,-0.3166],-0.5
13724,[ 2.2981,-0.093 ,-0.2016,-0.3651],[-0.9707,-0.1279,-0.5086,-0.0292,-2.2317],[ 2.299 ,-0.0916,-0.2059,-0.3819],-0.5
13725,[ 4.1262,-0.1292, 0.3338,-0.3052],[-2.2382,-1.7248,-1.0101,-1.9203,-0.7403],[ 4.1311,-0.1298, 0.3294,-0.3129],-0.5
13727,[ 4.2919,-0.1094, 0.4484,-0.2966],[-2.1797,-2.1883,-0.5672,-1.8509,-2.1655],[ 4.3023,-0.1101, 0.4437,-0.2972],-0.5
13728,[ 2.4075,-0.0569,-0.4846,-0.2509],[ 1.066 ,-1.1911,-0.9684,-0.6482, 0.3812],[ 2.4215,-0.0553,-0.5076,-0.234 ],-0.5
13729,[ 1.2745,-0.107 ,-0.0806,-0.2935],[ -9.4052, -9.0968,-12.5138, -7.0702,-10.9573],[ 1.298 ,-0.1062,-0.0712,-0.295 ],-0.4981
13732,[ 1.5329, 0.2021,-0.1614,-0.3711],[-1.1496,-1.3345,-0.9545,-1.0555,-0.9523],[ 1.5302, 0.202 ,-0.1541,-0.3876],-0.5
13734,[ 1.5778, 0.1911,-0.2273,-0.3229],[-0.965 ,-1.3783,-0.9772,-1.1845,-0.5158],[ 1.5776, 0.1913,-0.2233,-0.3299],-0.5
13736,[ 1.9528, 0.1711,-0.3344,-0.3084],[-1.4673,-1.5045,-1.3812,-0.3086,-1.4646],[ 1.9572, 0.1717,-0.3362,-0.3036],-0.5
13738,[ 2.4959, 0.18  ,-0.4389,-0.2991],[-1.4737,-1.4753,-1.6256,-0.4136,-1.7404],[ 2.5048, 0.1808,-0.4425,-0.2873],-0.5
13739,[ 4.3309, 0.2181,-0.8296,-0.3185],[-0.2707,-1.2571, 0.0954,-1.3683,-1.3702],[ 4.3549, 0.218 ,-0.8343,-0.3084],-0.5
13741,[ 0.6181,-0.1717, 0.0946,-0.2777],[-0.021 ,-0.5157,-1.0091,-0.9836,-0.6564],[ 0.6155,-0.1711, 0.0918,-0.2777],-0.4992
13743,[ 1.3676,-0.1773, 0.2384,-0.2679],[-1.1153,-1.7954,-1.2491,-1.3219,-1.4304],[ 1.3684,-0.1777, 0.2406,-0.266 ],-0.5
13745,[ 2.2708,-0.1797, 0.3243,-0.3215],[-2.0319,-2.5171,-1.3206,-2.6729,-1.4167],[ 2.2746,-0.1803, 0.3268,-0.3343],-0.5
13747,[ 4.9696,-0.1831, 0.4455,-0.3354],[-2.8486,-1.3624,-1.9632,-3.4   ,-1.4196],[ 4.9786,-0.1836, 0.4463,-0.3447],-0.5
13749,[ 2.8657,-0.1845, 0.4852,-0.3067],[-1.7698,-0.8482,-0.9086,-2.3412,-0.8481],[ 2.8786,-0.1849, 0.4858,-0.3154],-0.4992
13759,[ 4.5342, 0.3299,-0.7303,-0.31  ],[-0.805 ,-0.3278,-0.7755, 0.0054,-1.2524],[ 4.5513, 0.3299,-0.7283,-0.2992],-0.5
13799,[-0.2285, 0.5634,-0.5964,-0.3144],[-0.679 ,-0.541 ,-0.9039,-0.4994,-0.4743],[-0.2266, 0.5638,-0.5972,-0.3153],-0.4861
13800,[ 1.3109,-0.0165, 0.0125,-0.4459],[-0.3115,-0.9505,-1.7636,-1.7287,-1.3797],[ 1.3089,-0.0164, 0.0129,-0.4515],-0.4956
13801,[ 2.5841, 0.0105, 0.1128,-0.445 ],[-2.6886,-2.5328,-2.4675,-2.881 ,-2.0394],[ 2.5831, 0.01  , 0.1114,-0.4492],-0.4999
13802,[ 1.5895,-0.0157,-0.1059,-0.4632],[-0.5805,-0.9618,-1.5259,-1.6743,-0.7142],[ 1.5882,-0.0146,-0.1058,-0.4662],-0.4957
13803,[ 3.1435, 0.0306, 0.213 ,-0.4446],[-2.6472,-1.7041,-1.842 ,-3.1391,-1.491 ],[ 3.1449, 0.0296, 0.2134,-0.453 ],-0.5
13804,[ 2.5803, 0.027 ,-0.2187,-0.438 ],[-1.8788,-1.6842,-1.8622,-2.4236,-1.6068],[ 2.5818, 0.0279,-0.2176,-0.4439],-0.5
13805,[ 3.3654, 0.01  , 0.3151,-0.4496],[-1.3894,-1.6435,-1.0266,-1.5994,-1.4284],[ 3.3705, 0.0089, 0.314 ,-0.4534],-0.5
13806,[ 2.8169, 0.0211,-0.316 ,-0.4319],[-1.8369,-0.3304,-2.0334,-1.3146,-1.2092],[ 2.8218, 0.0224,-0.3102,-0.4337],-0.5
13807,[ 3.901 , 0.0189, 0.4427,-0.4405],[ 0.6408,-1.8387,-0.9432,-1.4708,-0.0079],[ 3.912 , 0.0178, 0.443 ,-0.4476],-0.5
13809,[ 1.8454,-0.0231,-0.5687,-0.4203],[ -8.6779,-10.2983, -9.851 ,  2.3621,-10.8951],[ 1.8723,-0.0222,-0.5668,-0.4201],-0.4999
13810,[ 3.1096e+00, 8.6772e-02,-1.5568e-03,-4.3376e-01],[-1.6529,-1.8655,-1.4084,-1.9409,-0.98  ],[ 3.1072e+00, 8.6464e-02,-1.7796e-03,-4.4048e-01],-0.5
13811,[ 2.5282, 0.0771, 0.1222,-0.4361],[-1.7726,-1.0601,-1.517 ,-1.56  ,-1.9605],[ 2.5271, 0.0762, 0.1257,-0.4383],-0.5
13812,[ 2.3624, 0.0976,-0.0913,-0.4436],[-1.4952,-1.299 ,-1.2394,-1.788 ,-0.5737],[ 2.3604, 0.0976,-0.09  ,-0.4491],-0.5
13813,[ 3.1982, 0.0666, 0.2046,-0.4333],[-0.7582,-1.8912,-1.3528,-1.7359,-1.3696],[ 3.1992, 0.0656, 0.2056,-0.4371],-0.5
13814,[ 1.7177, 0.0872,-0.2185,-0.4532],[-1.4549,-0.7851,-1.7329,-1.4345,-0.562 ],[ 1.7187, 0.0879,-0.2144,-0.4538],-0.5
13815,[ 5.2477, 0.0718, 0.3475,-0.427 ],[-0.8292,-0.9107,-0.8778,-1.4468,-0.9365],[ 5.254 , 0.0709, 0.3495,-0.4362],-0.5
13816,[ 3.6826, 0.1312,-0.3212,-0.4187],[-1.1079,-0.4768,-1.5688,-1.2972,-0.7457],[ 3.6868, 0.1317,-0.3184,-0.4238],-0.5
13817,[ 5.709 , 0.0677, 0.465 ,-0.4212],[-1.211 ,-1.2631,-0.7488,-0.9051,-0.6101],[ 5.721 , 0.0668, 0.4669,-0.4176],-0.5
13818,[ 2.7396, 0.1422,-0.4303,-0.4056],[-1.8218,-0.486 ,-1.8777,-1.775 ,-1.1478],[ 2.7486, 0.143 ,-0.4286,-0.4049],-0.5
13819,[ 4.9367, 0.11  ,-0.4606,-0.4231],[ 0.0476,-2.1139,-2.4407,-0.0124,-1.907 ],[ 4.961 , 0.1102,-0.4643,-0.4177],-0.5
13820,[ 1.8441,-0.1032, 0.008 ,-0.4237],[-1.1113, 2.7005, 2.6743, 3.8013, 0.3451],[ 1.8416,-0.1027, 0.0059,-0.4207],-0.4976
13821,[ 2.1478,-0.1148, 0.1008,-0.4302],[-3.5986,-3.4351,-2.6353,-3.6801,-3.9025],[ 2.1458,-0.1148, 0.0989,-0.4331],-0.4981
13822,[ 2.2237,-0.0913,-0.099 ,-0.4322],[-2.0906,-2.5792,-2.7001,-3.193 ,-1.8527],[ 2.222 ,-0.0904,-0.1015,-0.4407],-0.4998
13823,[ 3.6397,-0.1356, 0.2157,-0.4061],[-0.6986,-1.2866,-0.8228,-0.3802,-1.0338],[ 3.6399,-0.1359, 0.2062,-0.4019],-0.5
13824,[ 2.3142,-0.094 ,-0.2079,-0.4461],[-2.6417,-2.126 ,-2.2502,-1.9988,-2.0569],[ 2.315 ,-0.0926,-0.2135,-0.4532],-0.5
13825,[ 3.3838,-0.111 , 0.3505,-0.4416],[-1.0511,-1.2151,-1.1597,-2.5893,-0.8773],[ 3.3897,-0.1117, 0.3515,-0.4479],-0.5
13826,[ 2.2809,-0.0888,-0.3041,-0.4533],[-0.8536,-0.3591,-2.0752,-1.0129,-0.4911],[ 2.285 ,-0.0872,-0.3028,-0.4667],-0.5
13827,[ 2.9865,-0.1237, 0.4134,-0.4388],[-0.4241,-1.5385,-0.8835,-1.8821,-1.1823],[ 2.9949,-0.1245, 0.411 ,-0.44  ],-0.5
13829,[ 0.8911,-0.0786,-0.5586,-0.4333],[ -8.9422, -9.2813, -8.8279, -3.3487,-10.504 ],[ 0.9194,-0.0776,-0.5595,-0.4407],-0.4994
13832,[ 1.5233, 0.201 ,-0.1398,-0.452 ],[-1.0669,-0.7777,-1.0367,-1.2006,-0.9851],[ 1.5201, 0.2009,-0.1385,-0.4597],-0.5
13834,[ 1.5719, 0.1962,-0.2245,-0.4248],[-0.3627,-0.6729,-1.0475,-0.9754,-0.3519],[ 1.5712, 0.1965,-0.2252,-0.4262],-0.5
13838,[ 3.0523, 0.1728,-0.4117,-0.4161],[-0.7202,-1.7569,-0.8348,-0.8905,-0.7204],[ 3.06  , 0.1735,-0.4135,-0.4104],-0.5
13839,[ 4.0959, 0.2181,-0.7895,-0.4288],[ 0.6864,-0.976 , 0.3311,-0.9086,-1.8172],[ 4.1192, 0.2182,-0.7916,-0.4143],-0.5
13843,[ 3.446 ,-0.1688, 0.2684,-0.434 ],[-2.6339,-2.228 ,-3.3369,-2.2769,-3.2467],[ 3.4474,-0.1692, 0.2686,-0.451 ],-0.5
13845,[ 3.0397,-0.1881, 0.3512,-0.4488],[-3.3692,-2.5891,-3.6718,-4.2695,-3.1506],[ 3.0439,-0.1886, 0.348 ,-0.4566],-0.5
13847,[ 3.9433,-0.186 , 0.4373,-0.4369],[-2.462 ,-2.6428,-3.4036,-3.5829,-3.0373],[ 3.9517,-0.1866, 0.436 ,-0.443 ],-0.5
13849,[ 4.0648,-0.191 , 0.5418,-0.4378],[-2.9148,-4.146 ,-2.7881,-3.5975,-2.4203],[ 4.0784,-0.1916, 0.5448,-0.4469],-0.5
13858,[-0.2657, 0.3876,-0.4331,-0.4737],[-0.7424,-0.5089,-0.8105,-0.3928,-0.8259],[-0.2644, 0.3887,-0.4307,-0.4563],-0.4772
13859,[ 4.0857, 0.3304,-0.732 ,-0.4393],[-0.8828,-1.0383,-0.4048,-0.5087,-1.1617],[ 4.1033, 0.3303,-0.7323,-0.4367],-0.5
13876,[-0.2668, 0.397 ,-0.3724,-0.4669],[ 0.    ,-0.1388,-0.2934, 0.    ,-0.2821],[-0.2687, 0.3976,-0.3711,-0.4771],-0.4757
13878,[-0.2665, 0.3967,-0.4153,-0.4291],[-0.3455,-0.1168,-0.1135,-0.12  ,-0.2304],[-0.2665, 0.3976,-0.4107,-0.4341],-0.4768
13899,[-0.2684, 0.5511,-0.583 ,-0.4128],[-0.4896,-0.6312,-0.5248,-0.9123,-0.5261],[-0.2667, 0.5517,-0.583 ,-0.4089],-0.4823
13900,[ 1.4472,-0.0205, 0.0303,-2.118 ],[ 1.408 ,23.3095, 2.4351,-0.8857, 3.2244],[ 1.4378,-0.0206, 0.0325,-2.1278],-0.4967
13901,[ 2.021 ,-0.0137, 0.0815,-2.0167],[11.2405,-0.666 , 5.2617, 2.3185,11.0983],[ 2.0127,-0.0143, 0.0811,-2.032 ],-0.4993
13902,[ 1.7217,-0.0099,-0.1185,-1.7652],[1.4334,2.6659,0.9239,2.209 ,2.6113],[ 1.7153,-0.0086,-0.1178,-1.7664],-0.4964
13903,[ 2.7476, 0.011 , 0.2094,-0.8103],[-3.1865,-4.0871,-2.5347,-2.9923,-3.0491],[ 2.7475, 0.01  , 0.2072,-0.8153],-0.4998
13904,[ 1.9593, 0.0027,-0.2098,-1.9629],[ 0.8157, 0.4775, 0.8922,-1.6138, 1.0673],[ 1.9552, 0.0047,-0.2096,-1.9811],-0.4984
13905,[ 3.1337e+00, 1.5852e-03, 3.0731e-01,-6.4862e-01],[-1.0587,-2.5839,-0.0844,-0.8657,-0.7991],[ 3.1380e+00, 4.5141e-04, 3.0524e-01,-6.5388e-01],-0.5
13906,[ 2.444 ,-0.0137,-0.3195,-1.547 ],[ 1.6375, 1.4799, 0.5447,-2.1184, 0.8178],[ 2.4467,-0.0116,-0.3199,-1.5608],-0.4994
13907,[ 3.6442e+00,-1.6799e-03, 4.4602e-01,-6.7808e-01],[ 0.3405,-2.534 ,-0.0156,-0.7997,-0.4847],[ 3.6549e+00,-2.8388e-03, 4.4189e-01,-6.8085e-01],-0.5
13908,[ 2.3595, 0.0031,-0.438 ,-2.2787],[-1.1725, 5.2019, 8.2083,-1.0008,-2.2177],[ 2.3693, 0.0058,-0.4485,-2.2929],-0.4998
13909,[ 2.2428,-0.0205, 0.0623,-1.0538],[ 2.0056,-3.1943, 2.6306,55.623 , 0.7667],[ 2.2694,-0.0201, 0.0817,-1.0557],-0.5
13910,[ 2.2548, 0.0785,-0.003 ,-1.4687],[-0.9502,-0.7086,-2.4754,-1.4465,-1.3055],[ 2.2479e+00, 7.8130e-02,-4.1502e-05,-1.4728e+00],-0.4998
13911,[ 2.3056, 0.0759, 0.0975,-1.0014],[-1.1149,-1.4806,-1.387 ,-1.3533,-1.8441],[ 2.3017, 0.0749, 0.1015,-0.9993],-0.4998
13912,[ 1.8177, 0.08  ,-0.1037,-2.1395],[-0.1484,-0.0762,-0.3896,-1.0057, 0.4323],[ 1.809 , 0.0805,-0.1016,-2.1543],-0.4981
13913,[ 3.026 , 0.0722, 0.2063,-0.6257],[-0.9997,-0.6705,-0.5063,-0.546 ,-1.2125],[ 3.0263, 0.0709, 0.2076,-0.6235],-0.5
13914,[ 1.0027, 0.0845,-0.2299,-2.4945],[ 0.8019,-0.5023, 0.2813, 0.1411,-1.1828],[ 0.9976, 0.0874,-0.2319,-2.4846],-0.4942
13916,[ 1.235 , 0.1104,-0.3348,-2.8528],[ 0.0974,-1.6392, 0.8055,-0.0934, 0.558 ],[ 1.2351, 0.1152,-0.3414,-2.8575],-0.4928
13917,[ 6.7142, 0.075 , 0.4472,-0.6255],[ 0.8554,-1.2366,-1.277 , 0.7219,-0.4471],[ 6.7249, 0.0741, 0.4472,-0.6188],-0.5
13918,[ 1.5675, 0.1316,-0.4335,-2.6202],[-1.4825,-2.9917,-1.8202,-2.1863,-1.904 ],[ 1.5754, 0.1356,-0.4412,-2.6244],-0.4978
13919,[ 3.7218, 0.0984,-0.4314,-1.6355],[5.0923,2.7813,5.2718,5.5941,3.515 ],[ 3.7481, 0.0992,-0.4212,-1.6196],-0.4998
13920,[ 0.7906,-0.082 , 0.0253,-2.7009],[-1.3364, 0.9968, 7.6925, 1.3681,-1.5476],[ 0.7783,-0.0817, 0.0226,-2.6943],-0.4926
13921,[ 0.9393,-0.0849, 0.0935,-2.9169],[-0.6929,-1.1718,-0.1105, 0.0668, 1.1368],[ 0.9271,-0.0857, 0.093 ,-2.9194],-0.494
13922,[ 2.2715,-0.0962,-0.1024,-1.9607],[-3.2465,-4.2145,-3.9329,-4.1816,-2.9108],[ 2.2634,-0.0947,-0.1067,-1.9711],-0.4984
13923,[ 1.8681,-0.1207, 0.1905,-2.6304],[-1.5617,-2.6111,-0.8158,-1.7331,-0.7589],[ 1.8598,-0.1223, 0.1902,-2.6403],-0.4971
13924,[ 2.7302,-0.0812,-0.2195,-0.9845],[-0.0613,-0.7961, 0.7499,-1.0031,-0.4151],[ 2.7297,-0.0796,-0.2247,-0.9928],-0.4996
13925,[ 4.036 ,-0.1007, 0.3381,-1.1543],[-2.9874,-3.8622,-1.7478,-2.4827,-2.5516],[ 4.0396,-0.1015, 0.3336,-1.1573],-0.5
13926,[ 2.9238,-0.0715,-0.3163,-0.9547],[ 1.821 , 1.5695, 1.6218,-1.1561, 2.2945],[ 2.9276,-0.0699,-0.3199,-0.9709],-0.5
13927,[ 3.7071,-0.1299, 0.4452,-1.4968],[-0.0946,-1.7702,-0.2531,-0.6961,-0.9444],[ 3.7163,-0.1309, 0.4428,-1.4995],-0.5
13928,[ 2.1406,-0.062 ,-0.4082,-1.1342],[ 0.6631,-1.0374,14.5935,-0.6037, 1.3305],[ 2.1492,-0.0599,-0.4153,-1.1535],-0.5
13929,[ 3.384 ,-0.1044, 0.5584,-1.3392],[16.3306,17.6622, 2.1213,17.9035, 4.1292],[ 3.4076,-0.1051, 0.5582,-1.3502],-0.5
13932,[ 1.2188, 0.1859,-0.1102,-0.8117],[-0.7983,-0.8056,-0.9694,-1.1756,-1.0169],[ 1.214 , 0.1857,-0.1097,-0.8147],-0.5
13934,[ 0.3045, 0.2108,-0.2308,-2.5032],[-1.1105,-1.055 ,-0.8875,-0.3752,-0.7024],[ 0.2968, 0.2139,-0.2313,-2.5022],-0.4841
13936,[ 0.246 , 0.1897,-0.3543,-2.9101],[-1.4277,-0.8206, 0.5551,-1.0077, 0.9014],[ 0.246 , 0.1947,-0.3617,-2.9162],-0.489
13938,[ 0.1678, 0.2152,-0.4453,-3.0244],[-0.8791,-1.7171,-0.4037,-1.1708,-0.7642],[ 0.1744, 0.2209,-0.4539,-3.0312],-0.4864
13939,[ 1.422 , 0.2278,-0.6136,-2.5032],[ 0.1379, 0.7402, 0.9713, 0.4106,-1.9531],[ 1.4404, 0.2304,-0.6177,-2.4858],-0.4985
13940,[ 2.8279,-0.2001, 0.0119,-2.6622],[-2.3337,-3.5492,-1.4106,-3.27  ,-2.9426],[ 2.8135,-0.1993, 0.01  ,-2.6636],-0.4981
13941,[ 2.6447,-0.2117, 0.1264,-3.1664],[-1.5693, 0.115 ,-1.843 ,-3.8297,-1.2731],[ 2.6298,-0.2119, 0.1254,-3.1735],-0.4987
13942,[ 3.381 ,-0.1821,-0.0822,-2.4759],[ 0.0403,-0.1077, 0.0685, 0.504 ,-3.0428],[ 3.3686,-0.1807,-0.0833,-2.4858],-0.4973
13943,[ 2.3994,-0.2205, 0.2012,-2.5322],[-0.6344, 0.2755,-0.4548,-0.3631, 0.5358],[ 2.3897,-0.2216, 0.2006,-2.5452],-0.497
13945,[ 2.9162,-0.2239, 0.322 ,-1.8378],[-2.0988,-0.2016,-0.629 ,-0.264 ,-1.285 ],[ 2.9149,-0.2253, 0.3205,-1.8417],-0.4967
13947,[ 3.9115,-0.195 , 0.4398,-1.5685],[-3.3563,-4.3794,-5.6383,-3.7928,-4.3414],[ 3.9187,-0.1958, 0.4368,-1.58  ],-0.5
13949,[ 5.2455,-0.1894, 0.5659,-1.1937],[-2.1737,-1.9295,-1.4359,-1.6121,-2.4368],[ 5.2606,-0.19  , 0.5613,-1.2007],-0.5
13956,[ 1.0303, 0.3557,-0.3491,-2.2806],[-0.7693,-0.7539,-0.7246,-0.5738,-0.503 ],[ 1.0251, 0.359 ,-0.3503,-2.2919],-0.4803
13958,[ 1.1497, 0.3452,-0.4498,-1.4833],[-0.9893,-0.4532,-1.5106,-0.3803,-1.4121],[ 1.153 , 0.3471,-0.449 ,-1.4726],-0.4879
13959,[ 1.4872, 0.3239,-0.6417,-2.2338],[-0.2194, 0.4299,-0.0078, 0.1654,-1.4897],[ 1.5041, 0.3257,-0.6427,-2.2184],-0.4983
13961,[ 0.6284,-0.3048, 0.1526,-4.573 ],[ 0.1889,-0.7385,-0.4461,-0.3412,-0.2773],[ 0.606 ,-0.3057, 0.1527,-4.5698],-0.4932
13963,[ 0.9297,-0.3184, 0.2219,-3.6126],[-0.7602, 0.2594,-1.1858,-1.2287, 0.2257],[ 0.9142,-0.3198, 0.2228,-3.6231],-0.4975
13965,[ 1.4314,-0.3185, 0.3131,-2.9295],[-1.5791, 0.3214,-2.4961, 0.2754, 0.6452],[ 1.4242,-0.3209, 0.316 ,-2.9303],-0.4949
13967,[-0.104 ,-0.3506, 0.4333,-3.3404],[1.7489,1.5081,0.9828,1.7537,0.617 ],[-0.1035,-0.3566, 0.4399,-3.3322],-0.4835
13976,[ 1.7105, 0.4025,-0.3325,-1.6419],[-0.2523,-0.3639,-0.3826,-0.3633,-0.5772],[ 1.7039, 0.4031,-0.3327,-1.6457],-0.4972
13978,[ 0.4367, 0.4522,-0.455 ,-1.0364],[-0.7094,-0.5944,-0.6411,-0.5793,-0.8721],[ 0.4363, 0.4533,-0.4558,-1.0351],-0.4839
13979,[ 1.0608, 0.4458,-0.6094,-2.5009],[-0.7566,-0.7896,-0.6294,-0.7018,-0.4582],[ 1.0719, 0.4477,-0.6104,-2.4958],-0.4982
13983,[ 0.5586,-0.431 , 0.2601,-4.6636],[-0.7836,-1.3797,-0.5457,-0.6732,-1.1895],[ 0.5379,-0.4338, 0.2626,-4.6631],-0.4979
13985,[ 0.7288,-0.4396, 0.3194,-4.1687],[-0.3674,-0.9466,-0.6756,-0.491 ,-0.6707],[ 0.7142,-0.4429, 0.3221,-4.1593],-0.4973
13987,[ 2.3992e-03,-4.3412e-01, 4.5789e-01,-3.1588e+00],[-1.705 ,-1.3856,-3.3143,-2.2095,-1.9842],[ 1.5641e-03,-4.3882e-01, 4.6254e-01,-3.1662e+00],-0.4919
13989,[ 2.4221,-0.4527, 0.7761,-3.3336],[0.2025,3.3339,3.0102,2.343 ,2.3093],[ 2.4425,-0.4546, 0.7784,-3.3366],-0.4951
13995,[ 0.2854,-0.5241, 0.3442,-3.4106],[-0.1703,-0.9373,-0.6642,-0.6918,-0.6071],[ 0.2711,-0.5277, 0.3484,-3.4015],-0.4955
13997,[-0.0312,-0.5769, 0.4445,-4.0127],[-0.9219,-0.2207,-1.1116,-1.0643,-1.318 ],[-0.0396,-0.5834, 0.451 ,-4.0083],-0.4908
13998,[-0.3403, 0.5049,-0.4936,-0.6194],[-0.2578,-0.2336,-0.1244,-0.2398,-0.1344],[-0.3408, 0.5062,-0.4951,-0.6015],-0.4718
13999,[ 0.7084,-0.0749,-0.004 ,-3.8972],[2.0155,2.8741,1.4472,2.7763,1.9442],[ 0.725 ,-0.0752,-0.0043,-3.8973],-0.4979
