100,[-0.962 ,-0.0268, 0.0482, 0.3866],[0.9105,0.3457,0.9179,0.0281,2.3516],[-0.9602,-0.0338, 0.0605, 0.3821],0.2623
101,[-0.9591,-0.0433, 0.0583, 0.3844],[ 0.5078,-0.178 , 0.4804, 0.1411, 0.7   ],[-0.9574,-0.0471, 0.0664, 0.3707],0.2652
200,[-0.9602, 0.0073,-0.0071, 0.2845],[ 0.0903, 0.6738, 1.9121, 1.8819,-0.2802],[-0.9588, 0.0072,-0.0074, 0.2943],0.2839
201,[-0.9588,-0.0328, 0.0782, 0.2855],[-0.8679,-1.1212, 1.3069,-0.2881,-0.6299],[-0.9571,-0.0455, 0.0918, 0.2922],0.2567
202,[-0.9601, 0.0446,-0.068 , 0.2761],[-0.465 , 1.1921,-0.7027,-0.5311,-0.6305],[-0.9586, 0.05  ,-0.0729, 0.2838],0.2569
210,[-0.9592, 0.0673,-0.0348, 0.2789],[-1.0494,-1.4143, 1.3847,-0.6532,-1.0975],[-0.9581, 0.0547,-0.0189, 0.2865],0.2781
212,[-0.9606, 0.0893,-0.0952, 0.284 ],[ 0.3085, 3.3552,-0.446 , 1.1109, 0.401 ],[-0.9593, 0.0874,-0.0902, 0.2931],0.2324
214,[-0.9609, 0.1532,-0.2087, 0.2729],[-0.2402, 2.7159,-0.5713, 0.7433, 0.212 ],[-0.9586, 0.1629,-0.2181, 0.2857],0.1528
220,[-0.9577,-0.0657, 0.0356, 0.277 ],[-0.3587, 0.8311,-1.487 ,-0.4501,-0.918 ],[-0.9566,-0.0542, 0.0213, 0.286 ],0.2829
221,[-0.9587,-0.0839, 0.0944, 0.2731],[ 0.2473,-0.6529, 1.8557, 2.1088, 0.9564],[-0.9574,-0.0836, 0.0914, 0.2817],0.2403
223,[-0.9598,-0.154 , 0.1889, 0.2593],[ 0.4159,-0.9198, 0.8019, 0.2189,-0.1082],[-0.9581,-0.1583, 0.1908, 0.2639],0.1673
232,[-0.9595, 0.1758,-0.159 , 0.2882],[-0.7223,-0.6538, 1.2731,-0.3601,-0.5167],[-0.9588, 0.1634,-0.137 , 0.2995],0.1844
234,[-0.9587, 0.2008,-0.216 , 0.2639],[ 2.3926, 2.0113,-0.0879, 0.8769, 0.8429],[-0.9574, 0.198 ,-0.2103, 0.2731],0.1455
243,[-0.9579,-0.2001, 0.225 , 0.2674],[2.0849,0.3094,1.884 ,1.0473,0.5976],[-0.9563,-0.2004, 0.2242, 0.272 ],0.1424
300,[-0.9616, 0.0023,-0.0019, 0.1762],[-3.558 ,-3.5156,-3.3773,-2.4984,-4.5736],[-0.9608, 0.0022,-0.0021, 0.1863],0.2758
301,[-0.9612,-0.0395, 0.0738, 0.166 ],[-1.9253,-2.2878,-0.8578,-1.3534,-1.9865],[-0.9601,-0.0496, 0.0827, 0.175 ],0.2474
302,[-0.9608, 0.04  ,-0.0714, 0.1737],[-1.4834, 0.9553,-2.244 ,-0.9919,-1.9194],[-0.9598, 0.049 ,-0.0794, 0.1822],0.2504
310,[-0.9617, 0.0678,-0.0389, 0.1748],[-2.4267,-3.2848,-1.1233,-2.1069,-2.7698],[-0.961 , 0.0557,-0.0236, 0.186 ],0.2637
312,[-0.9616, 0.0947,-0.1031, 0.1691],[ 1.0846, 1.4534,-1.3932, 2.3491,-1.0942],[-0.9607, 0.0943,-0.0995, 0.1808],0.2207
314,[-0.9606, 0.1426,-0.1848, 0.1687],[ 0.4092, 2.0737,-1.0703, 0.511 ,-0.2184],[-0.959 , 0.1512,-0.1916, 0.1786],0.1669
320,[-0.9616,-0.0684, 0.0354, 0.1731],[-2.0417,-1.2924,-2.6875,-2.239 ,-2.5881],[-0.961 ,-0.0555, 0.0208, 0.1831],0.2647
321,[-0.9612,-0.0892, 0.0997, 0.1698],[ 0.0155,-0.7713, 1.1271, 1.265 ,-1.1308],[-0.9603,-0.0898, 0.0979, 0.1799],0.2247
323,[-0.9608,-0.1421, 0.1827, 0.1753],[-0.2813,-1.3559, 1.8246, 0.3928,-0.6207],[-0.9593,-0.1501, 0.1874, 0.1849],0.1681
332,[-0.9615, 0.1781,-0.1458, 0.1837],[-1.2824,-2.0079, 0.2963,-1.1615,-1.7416],[-0.9614, 0.1646,-0.1317, 0.1957],0.1775
334,[-0.9602, 0.2045,-0.219 , 0.167 ],[ 1.232 , 1.9007,-0.8098, 2.6241,-0.3963],[-0.9593, 0.2037,-0.2154, 0.1777],0.1353
336,[-0.9619, 0.2591,-0.2974, 0.1622],[ 1.1276, 2.3282,-0.4255, 1.787 ,-0.0885],[-0.9602, 0.262 ,-0.2969, 0.1757],0.0764
341,[-0.9619,-0.188 , 0.1351, 0.1448],[-1.1845, 0.1034,-1.4307,-0.7208,-1.9988],[-0.9623,-0.1683, 0.1175, 0.1586],0.1785
343,[-0.9603,-0.1883, 0.2121, 0.1739],[ 0.4788,-0.4169, 1.3517, 1.9466,-0.485 ],[-0.9591,-0.1902, 0.2115, 0.1859],0.1431
365,[-0.9577,-0.2837, 0.3533, 0.1354],[-0.6001,-0.6013, 0.7234, 1.7565,-0.536 ],[-0.9552,-0.29  , 0.3519, 0.1496],0.057
400,[-0.9632,-0.003 ,-0.0016, 0.0623],[ 1.1553, 1.3399, 1.4357, 5.88  ,-0.2769],[-0.9628,-0.0018,-0.0016, 0.0764],0.2689
401,[-0.9623,-0.0383, 0.0729, 0.0663],[-0.8105,-1.9589, 0.6267,-0.2271,-1.609 ],[-0.9617,-0.0496, 0.0832, 0.0795],0.2416
402,[-0.9624, 0.035 ,-0.0755, 0.0577],[-1.3111, 0.4092,-1.8855, 0.4795,-1.5429],[-0.9618, 0.0481,-0.0862, 0.07  ],0.2404
410,[-0.9618, 0.0734,-0.0326, 0.0612],[-1.2696,-1.7864,-0.0161,-1.2507,-1.9707],[-0.9617, 0.0582,-0.0164, 0.0728],0.2605
412,[-0.9632, 0.0986,-0.1075, 0.0609],[ 0.7774, 3.2982,-0.1704, 6.6285,-0.2018],[-0.9628, 0.0997,-0.1058, 0.0748],0.2086
414,[-0.9612, 0.1431,-0.1836, 0.0652],[-0.067 , 2.8881,-0.8547,-0.347 ,-1.1607],[-0.96  , 0.1532,-0.1915, 0.0774],0.1628
420,[-0.9622,-0.0758, 0.0282, 0.0528],[-2.2454, 0.1516,-2.8987,-1.0934,-2.6883],[-0.9622,-0.0581, 0.0103, 0.0646],0.2594
421,[-0.9631,-0.0949, 0.0997, 0.0626],[ 3.6727, 0.7754, 2.6387, 3.678 ,-0.6161],[-0.9628,-0.0948, 0.0974, 0.0753],0.214
422,[-0.9587,-0.0666,-0.0701, 0.0279],[-0.1668,-0.2313,-0.725 ,-0.26  ,-0.4164],[-0.9583,-0.026 ,-0.0966, 0.0417],0.2581
423,[-0.9617,-0.148 , 0.1824, 0.0629],[-0.3413,-1.235 , 1.0857, 0.9995,-0.9143],[-0.9607,-0.1565, 0.1889, 0.0761],0.1604
432,[-0.9616, 0.1862,-0.1383, 0.0508],[-1.2144,-2.1037,-0.7438,-1.3173,-1.7304],[-0.9623, 0.1685,-0.1176, 0.0617],0.1784
434,[-0.962 , 0.2018,-0.217 , 0.0592],[ 1.2096, 1.7347,-0.9097, 1.4853,-1.0111],[-0.9614, 0.2035,-0.2159, 0.0722],0.1286
436,[-0.9622, 0.2551,-0.2941, 0.0653],[ 0.5917, 4.0386,-0.6931,-0.0751,-0.7014],[-0.9607, 0.2614,-0.2987, 0.0774],0.0745
440,[-0.9593,-0.1773, 0.0323, 0.0131],[-0.5532,-0.1171,-0.8292,-0.8471,-0.1672],[-0.9608,-0.1341, 0.0039, 0.0266],0.2426
441,[-0.9631,-0.1852, 0.1338, 0.044 ],[-2.2189,-0.9792,-2.7649,-2.3817,-3.0479],[-0.9639,-0.1652, 0.1102, 0.0553],0.1773
443,[-0.9619,-0.2028, 0.2097, 0.0525],[-0.578 ,-1.2588, 0.437 , 0.5458,-2.0763],[-0.9615,-0.2019, 0.2057, 0.066 ],0.1331
445,[-0.9659,-0.2489, 0.3038, 0.0827],[-0.0108,-0.9188, 0.4719, 0.6825,-0.7541],[-0.9638,-0.2597, 0.3162, 0.0978],0.0594
454,[-0.9566, 0.2844,-0.2675, 0.0476],[-1.3314,-1.789 ,-0.7447,-1.3952,-2.0161],[-0.9573, 0.2774,-0.2518, 0.0617],0.097
456,[-0.9561, 0.2891,-0.2994, 0.0334],[-0.1827, 0.2543,-1.5232, 0.8155,-1.6374],[-0.9558, 0.2884,-0.2925, 0.0479],0.0801
463,[-0.9619,-0.3116, 0.2468, 0.0472],[-2.5902,-1.5305,-2.772 ,-2.1303,-2.8777],[-0.9637,-0.2952, 0.2336, 0.0603],0.078
465,[-0.9599,-0.2992, 0.3255, 0.0245],[-0.901 ,-1.9975,-0.2931, 0.062 ,-2.0855],[-0.9591,-0.3012, 0.3216, 0.0342],0.0538
500,[-0.9641,-0.0132, 0.0015,-0.0585],[ 0.6328, 2.1062, 1.5228,21.1127,-0.3374],[-9.6426e-01,-9.5612e-03, 1.9063e-04,-4.3301e-02],0.2625
501,[-0.9624,-0.0355, 0.0729,-0.0526],[-0.6656,-1.6238, 0.9077,-0.8653,-1.5046],[-0.9623,-0.0493, 0.0868,-0.0386],0.2382
502,[-0.9642, 0.0304,-0.0768,-0.0557],[-0.4131, 3.1083,-1.573 ,-0.1719,-1.7427],[-0.9641, 0.0472,-0.0906,-0.0417],0.2307
503,[-0.9676,-0.0516, 0.1743,-0.0776],[-0.0795,-0.308 , 0.1744,-0.2688, 0.0677],[-0.9659,-0.0956, 0.2068,-0.0623],0.1599
510,[-0.9623, 0.0775,-0.0276,-0.0563],[-1.0403,-1.2932, 1.5656,-0.8118,-1.443 ],[-0.9628, 0.0594,-0.0092,-0.0424],0.2565
511,[-0.969 , 0.0629, 0.0606,-0.1091],[-0.0561,-0.3204, 0.1513,-0.0641,-0.1382],[-0.9687, 0.0012, 0.1358,-0.0936],0.2141
512,[-0.9633, 0.1007,-0.1086,-0.0586],[ 2.539 , 1.7609,-0.426 , 8.8608,-1.3353],[-0.9634, 0.1031,-0.1082,-0.0438],0.2042
514,[-0.9616, 0.1438,-0.1833,-0.055 ],[-0.197 , 2.6569,-0.95  , 1.1902,-1.0809],[-0.9609, 0.1564,-0.1937,-0.0413],0.1578
520,[-0.9621,-0.0776, 0.025 ,-0.0659],[-0.8159, 6.1778,-1.1005,-0.6942,-1.1159],[-0.9626,-0.0588, 0.0074,-0.0523],0.2586
521,[-0.963 ,-0.1039, 0.0964,-0.0637],[ 0.8641, 0.6707, 4.2528, 9.417 ,-1.4403],[-0.9634,-0.1006, 0.0899,-0.0495],0.2126
522,[-0.9569,-0.0847,-0.0612,-0.0229],[-0.3187, 0.0479,-0.5875,-0.1898,-0.5794],[-0.9569,-0.0437,-0.0841,-0.0085],0.2612
523,[-0.9613,-0.1389, 0.1879,-0.0486],[-0.2726,-0.5093, 0.0408, 0.2709,-1.4842],[-0.9604,-0.1542, 0.2008,-0.0372],0.1575
532,[-0.9622, 0.1839,-0.1395,-0.0581],[-1.015 ,-1.8588,-0.5046,-0.9943,-1.6835],[-0.9633, 0.1685,-0.1202,-0.0459],0.1742
534,[-0.9619, 0.2057,-0.2158,-0.0575],[-0.2373, 0.3399,-0.7245, 3.9284,-1.3926],[-0.9619, 0.2084,-0.2152,-0.043 ],0.1254
536,[-0.9592, 0.2581,-0.2962,-0.0563],[ 0.5489, 0.9779,-1.0013, 3.2588,-0.7249],[-0.9581, 0.2674,-0.3055,-0.0405],0.077
540,[-0.9639,-0.1791, 0.0355,-0.0387],[-0.4565,-0.0492,-0.5245,-0.2302,-0.4848],[-0.9656,-0.1319, 0.0058,-0.0236],0.2231
541,[-0.9611,-0.1858, 0.1354,-0.0611],[-2.842 ,-1.2221,-2.5931,-1.9004,-3.3793],[-0.9623,-0.1691, 0.1161,-0.0475],0.1789
543,[-0.9614,-0.2138, 0.2065,-0.07  ],[-1.04  ,-1.9405,-0.081 , 0.9465,-2.5184],[-0.9619,-0.2114, 0.1996,-0.0556],0.1302
545,[-0.9615,-0.2598, 0.2936,-0.0796],[-0.334 ,-0.8933, 1.0225, 0.0026,-0.8456],[-0.9606,-0.2693, 0.3014,-0.0664],0.0708
554,[-0.9616, 0.3043,-0.2151,-0.0636],[-1.4639,-1.5373,-0.551 ,-0.8447,-1.8089],[-0.9644, 0.2818,-0.1928,-0.0488],0.0973
556,[-0.9568, 0.2871,-0.3155,-0.0305],[-0.5522,-0.2044,-1.6007, 1.1445,-1.7449],[-0.956 , 0.2918,-0.3153,-0.015 ],0.0688
563,[-0.9632,-0.2899, 0.2487,-0.0654],[-3.6927,-2.8471,-4.0085,-3.2091,-4.0307],[-0.9648,-0.2786, 0.2301,-0.0517],0.0833
565,[-0.9638,-0.2892, 0.3024,-0.0531],[-1.9241,-2.6273,-1.0285,-0.6647,-3.0715],[-0.9635,-0.2923, 0.3024,-0.0386],0.0529
600,[-0.9626,-0.0152, 0.0028,-0.1776],[ 0.2613, 2.8635,-0.5716, 2.2877,-1.9435],[-0.9633,-0.0114, 0.0011,-0.1625],0.2656
601,[-0.9614,-0.0435, 0.0684,-0.1856],[-0.9895,-0.8495, 1.2587,-0.57  ,-1.8896],[-0.9619,-0.0542, 0.0802,-0.1711],0.24
602,[-0.9606, 0.0319,-0.0789,-0.1814],[-0.5331, 3.9224,-0.9515,-0.2535,-0.8937],[-0.9609, 0.0484,-0.092 ,-0.1665],0.2413
610,[-0.9617, 0.0751,-0.0307,-0.1682],[-0.262 ,-1.5268,-0.8998,-1.1636,-2.0686],[-0.9626, 0.0582,-0.0103,-0.1545],0.2562
612,[-0.962 , 0.0959,-0.1066,-0.1765],[-0.3717, 1.7908,-0.185 , 7.8446,-1.212 ],[-0.9625, 0.1005,-0.1085,-0.1608],0.2082
614,[-0.9593, 0.141 ,-0.1871,-0.187 ],[-0.6429, 1.1164,-0.7216, 2.9531,-1.1127],[-0.9589, 0.1572,-0.2023,-0.1713],0.1604
620,[-0.9613,-0.073 , 0.0313,-0.1779],[ 0.0147, 5.3836,-1.4492,-0.5012,-1.9307],[-0.9623,-0.0581, 0.016 ,-0.1631],0.2595
621,[-0.9614,-0.1067, 0.0999,-0.1836],[-2.3045,-1.4123, 7.4524, 4.4059,-2.5618],[-0.9623,-0.1047, 0.0937,-0.1686],0.2134
623,[-0.9589,-0.1537, 0.1772,-0.1924],[-0.4948,-0.5138, 0.9926, 0.5222,-1.3964],[-0.9591,-0.1634, 0.1852,-0.1772],0.1643
625,[-0.9572,-0.1593, 0.2858,-0.1421],[ 0.0475,-0.1496,-0.0452,-0.0715,-0.3434],[-0.9543,-0.1889, 0.3018,-0.1265],0.1218
632,[-0.9627, 0.1917,-0.1344,-0.1613],[-1.4299,-1.7602,-0.1605,-1.3886,-1.7666],[-0.9645, 0.1747,-0.1179,-0.1504],0.1687
634,[-0.9616, 0.1997,-0.2116,-0.177 ],[-0.6374, 1.7306,-1.3751, 1.4387,-2.4394],[-0.9619, 0.2056,-0.2149,-0.1612],0.1266
636,[-0.9573, 0.1969,-0.2953,-0.1814],[-0.2295,-0.3748,-0.4803, 3.9323,-0.5015],[-0.9546, 0.2225,-0.3209,-0.1659],0.0992
641,[-0.9612,-0.1823, 0.1463,-0.1703],[-1.8878,-1.296 ,-2.4009,-1.1079,-2.9482],[-0.9627,-0.1713, 0.1305,-0.1567],0.171
643,[-0.9599,-0.2057, 0.2097,-0.1789],[-2.5693,-3.4581,-1.0105,-0.5152,-3.9481],[-0.9604,-0.2091, 0.2095,-0.1642],0.1319
645,[-0.9566,-0.2603, 0.2804,-0.1332],[-0.5408,-0.3825, 0.7811, 1.0619,-0.8623],[-0.9564,-0.267 , 0.2848,-0.1169],0.0904
654,[-0.9558, 0.3505,-0.276 ,-0.1382],[-1.3981,-1.3946,-1.657 ,-1.4585,-2.2498],[-0.9591, 0.3373,-0.2527,-0.1219],0.0669
663,[-0.9612,-0.2951, 0.262 ,-0.1742],[-1.8524,-2.0462,-2.7213,-1.7828,-3.0376],[-0.9628,-0.2911, 0.2569,-0.1606],0.0733
665,[-0.9594,-0.3188, 0.302 ,-0.1966],[-1.2784,-2.3967,-1.0687, 0.8573,-3.5036],[-0.9608,-0.3186, 0.2933,-0.1804],0.0535
700,[-0.9608,-0.0149, 0.0023,-0.2945],[-5.5052,-5.4402,-6.1008,-4.7102,-7.1254],[-9.6200e-01,-1.0752e-02,-8.8116e-04,-2.7931e-01],0.2704
701,[-0.9598,-0.0497, 0.0614,-0.3002],[-1.1819,-1.4627, 0.5041,-0.7202,-1.5633],[-0.9609,-0.0559, 0.0675,-0.2862],0.248
702,[-0.9599, 0.0354,-0.0734,-0.2929],[-0.9213, 1.7518,-1.5623, 2.6066,-1.4653],[-0.9607, 0.0506,-0.0882,-0.2776],0.2425
710,[-0.966 , 0.062 ,-0.0538,-0.2642],[-1.3529,-1.0839,-0.0883,-0.8455,-1.7802],[-0.9672, 0.06  ,-0.0511,-0.2476],0.2296
712,[-0.9602, 0.0893,-0.1095,-0.2907],[-0.5842,-0.4284,-2.3999,-0.2742,-3.07  ],[-0.961 , 0.0988,-0.1176,-0.2748],0.2106
714,[-0.9604, 0.1357,-0.1848,-0.2717],[ 0.2139, 0.9088,-0.5396, 2.4408,-1.0334],[-0.9603, 0.1546,-0.2008,-0.2581],0.1576
720,[-0.9609,-0.0674, 0.039 ,-0.2972],[-1.5291, 1.8532,-1.3735,-0.7063,-2.129 ],[-0.9623,-0.0582, 0.0296,-0.2823],0.2558
721,[-0.9596,-0.1035, 0.1034,-0.2925],[-5.1231,-6.1615,-3.91  ,-3.6851,-7.1799],[-0.9608,-0.1056, 0.1026,-0.2776],0.2147
723,[-0.958 ,-0.1578, 0.1762,-0.2904],[-0.2728,-0.9909, 2.0284, 1.1483,-1.1645],[-0.9586,-0.1678, 0.1853,-0.2741],0.1639
734,[-0.9617, 0.2084,-0.2088,-0.2849],[-1.5646,-1.0129,-1.4365, 0.649 ,-2.6898],[-0.9627, 0.2142,-0.2122,-0.2682],0.1216
741,[-0.9593,-0.1763, 0.1528,-0.271 ],[-2.4653,-2.593 ,-2.9067,-2.0408,-2.9494],[-0.9609,-0.1712, 0.1421,-0.258 ],0.1722
743,[-0.959 ,-0.1963, 0.2009,-0.2901],[-4.9512,-6.6556,-5.821 ,-4.6331,-7.2743],[-0.96  ,-0.2017, 0.2018,-0.2743],0.1392
745,[-0.9571,-0.2634, 0.2938,-0.2944],[ 0.4044, 0.2881, 0.7404, 3.1081,-0.9953],[-0.957 ,-0.2763, 0.3032,-0.2785],0.0774
765,[-0.9569,-0.2988, 0.3169,-0.267 ],[-0.5606,-1.1558,-0.5734, 2.8501,-2.3495],[-0.9571,-0.3083, 0.3209,-0.2614],0.0569
800,[-0.9604,-0.0223, 0.0127,-0.4124],[-10.3296, -9.6371,-10.5427, -9.2294,-11.8374],[-0.9621,-0.0192, 0.0091,-0.3958],0.2708
801,[-0.9588,-0.0229, 0.0584,-0.3832],[-1.6173,-1.1661,-0.2788,-0.546 ,-2.197 ],[-0.9602,-0.036 , 0.0674,-0.3657],0.2587
802,[-0.9581, 0.0418,-0.0805,-0.409 ],[-0.775 , 0.4376,-1.0437, 1.2459,-1.9281],[-0.9595, 0.0557,-0.0872,-0.3926],0.2454
812,[-0.9592, 0.077 ,-0.1001,-0.4036],[-5.1258,-5.3096,-5.3725,-4.0451,-6.1285],[-0.9606, 0.0878,-0.1075,-0.3863],0.2206
820,[-0.9586,-0.0669, 0.0431,-0.4101],[-2.2493,-1.4964,-2.47  ,-1.2692,-3.3852],[-0.9605,-0.0589, 0.0312,-0.3932],0.2627
821,[-0.9583,-0.0899, 0.0872,-0.4023],[-14.5079,-14.7037,-13.9428,-12.803 ,-15.5036],[-0.96  ,-0.0913, 0.0855,-0.3851],0.2301
823,[-0.9567,-0.1512, 0.1837,-0.3972],[ 1.0517,-0.5946,-0.6442, 3.8655,-0.9969],[-0.9574,-0.1665, 0.1966,-0.3804],0.164
900,[-0.9559,-0.0097, 0.0214,-0.5112],[-50.2176,-50.5098,-51.0482,-50.0562,-51.1065],[-0.958 ,-0.0134, 0.0216,-0.4939],0.2945
1100,[-0.9508, 0.0047,-0.0075, 0.3808],[0.6521,2.1424,0.4775,0.7325,7.0304],[-0.9491, 0.0057,-0.01  , 0.3703],0.3257
1102,[-0.9446, 0.0517,-0.065 , 0.3857],[ 0.6581, 0.7345,-1.2139,-0.4993, 1.9937],[-0.9428, 0.0525,-0.0636, 0.3802],0.3219
1112,[-0.9411, 0.1   ,-0.1049, 0.3848],[1.7387,6.4073,0.6703,0.229 ,3.7467],[-0.9396, 0.0976,-0.0972, 0.3776],0.3004
1114,[-0.9128, 0.1574,-0.1847, 0.3791],[-0.4316, 3.6496,-1.2396,-0.1519, 2.7737],[-0.9109, 0.1574,-0.1813, 0.3764],0.3115
1121,[-0.9374,-0.106 , 0.1118, 0.3808],[1.0386,0.8236,2.3421,0.6643,7.3693],[-0.9358,-0.1041, 0.106 , 0.3735],0.3089
1123,[-0.9266,-0.1636, 0.1833, 0.3787],[ 0.74  ,-0.6241, 0.8307,-0.7613, 1.5818],[-0.9249,-0.1621, 0.1763, 0.3784],0.2932
1132,[-0.9241, 0.1709,-0.1616, 0.3893],[ 0.8608, 0.4858, 1.2875,-0.2373, 1.8157],[-0.923 , 0.1646,-0.1452, 0.3764],0.3141
1134,[-0.9268, 0.1916,-0.2047, 0.3859],[0.5204,1.5659,0.0471,0.548 ,6.8129],[-0.9252, 0.1883,-0.1945, 0.3838],0.271
1143,[-0.9346,-0.1838, 0.1979, 0.38  ],[ 2.3458,-0.1662, 4.3521, 0.021 , 5.1766],[-0.9331,-0.1805, 0.1893, 0.377 ],0.2474
1200,[-0.9366, 0.0154,-0.0086, 0.2821],[ 2.2759, 1.9157, 1.8304, 0.5779,26.2232],[-0.9354, 0.014 ,-0.008 , 0.2735],0.3748
1201,[-0.9423,-0.0356, 0.074 , 0.2847],[-0.7287,-2.8567, 0.1716,-1.7935,-0.3934],[-0.9408,-0.0428, 0.0794, 0.2802],0.3277
1202,[-0.94  , 0.048 ,-0.0643, 0.2899],[-0.4767, 7.2345,-0.6638,-0.046 , 0.9537],[-0.9386, 0.0504,-0.0656, 0.2848],0.3393
1210,[-0.9328, 0.0761,-0.0337, 0.2745],[ 0.3479, 0.3767,20.376 , 0.051 , 2.0695],[-0.9319, 0.0677,-0.0303, 0.2787],0.3743
1211,[-0.92  , 0.0629, 0.0559, 0.2761],[-0.8048,-1.567 ,-0.3887,-1.0172,-0.4157],[-0.9187, 0.0446, 0.0671, 0.2873],0.4292
1212,[-0.9321, 0.0983,-0.0949, 0.271 ],[ 1.6676, 3.3529,-0.1073, 0.404 ,28.9874],[-0.9311, 0.0956,-0.0896, 0.266 ],0.3374
1214,[-0.9357, 0.1487,-0.1827, 0.2892],[ 1.2723,22.8069,-0.3316,-0.8067, 1.4641],[-0.9339, 0.151 ,-0.1815, 0.2948],0.2601
1220,[-0.9282,-0.0723, 0.0311, 0.2629],[ 0.1172,17.3925,-0.3301,-0.3647, 1.1364],[-0.9273,-0.0643, 0.0273, 0.2651],0.3963
1221,[-0.9346,-0.1169, 0.1115, 0.274 ],[ 2.9987, 1.1235, 3.1147, 1.6744,25.557 ],[-0.9336,-0.1138, 0.1062, 0.2672],0.3128
1223,[-0.9368,-0.1462, 0.1819, 0.2826],[ 0.106 ,-0.8829,10.4248, 0.0165, 1.1332],[-0.9351,-0.149 , 0.1807, 0.2866],0.2568
1232,[-0.9286, 0.1876,-0.1297, 0.285 ],[0.7226,0.3285,0.3514,0.4344,4.7299],[-0.9287, 0.1735,-0.1045, 0.2837],0.3059
1234,[-0.9309, 0.2063,-0.2129, 0.2874],[ 2.6712,28.1865, 0.5365, 2.0443, 3.0721],[-0.9298, 0.2027,-0.2025, 0.294 ],0.2425
1236,[-0.9249, 0.2515,-0.2818, 0.2574],[ 0.5406,16.5456,-0.5906, 0.7454, 0.2845],[-0.9235, 0.25  ,-0.2715, 0.2649],0.1914
1241,[-0.9272,-0.1849, 0.1352, 0.2779],[ 0.1823,16.2743, 0.8729,-0.2446, 2.4098],[-0.9271,-0.1746, 0.1275, 0.2834],0.301
1243,[-0.9336,-0.1997, 0.2034, 0.2864],[ 1.3396,-0.3596,16.9953, 1.5517, 3.2517],[-0.9325,-0.1958, 0.1933, 0.2927],0.2396
1245,[-0.9232,-0.2559, 0.2869, 0.2667],[ 1.7172,-0.5996, 4.6478, 0.4453, 1.6187],[-0.9216,-0.2552, 0.2825, 0.2754],0.2095
1254,[-0.9168, 0.2823,-0.2097, 0.256 ],[-0.045 ,-0.754 , 0.4006,-0.516 ,-0.0222],[-0.9184, 0.2688,-0.1813, 0.2697],0.2641
1256,[-0.924 , 0.2781,-0.2789, 0.2543],[ 0.5332, 6.3509,-0.7046, 1.4283, 2.2258],[-0.9234, 0.2739,-0.269 , 0.2632],0.2005
1263,[-0.9259,-0.2794, 0.2698, 0.3074],[1.3097,5.0828,0.1384,1.1645,2.1143],[-0.9255,-0.2726, 0.2533, 0.3131],0.2012
1265,[-0.9299,-0.2952, 0.3147, 0.2809],[ 2.4995,-0.3664, 5.868 , 1.5106, 1.6424],[-0.9287,-0.2919, 0.305 , 0.2879],0.1571
1300,[-0.9232,-0.0293, 0.0297, 0.1544],[  3.0878,  2.5138,  5.9735,  1.8605,300.1173],[-0.9225,-0.0292, 0.0303, 0.1473],0.4156
1301,[-0.9201,-0.0488, 0.0631, 0.143 ],[ 9.8960e-02,-1.1614e+00, 1.1292e+02,-3.1229e-01, 3.0022e+00],[-0.9194,-0.0505, 0.063 , 0.1457],0.413
1302,[-0.932 , 0.0452,-0.0663, 0.1669],[-0.041 ,12.7879,-0.3458, 0.4488,-0.3044],[-0.9312, 0.0486,-0.0676, 0.1614],0.3657
1310,[-0.9267, 0.073 ,-0.0339, 0.1881],[ 0.5857,-0.9151, 9.309 , 0.2788, 0.1015],[-0.9261, 0.0653,-0.0295, 0.1949],0.3949
1311,[-0.925 , 0.0672, 0.0605, 0.1684],[-2.3675,-3.2866,-1.9006,-2.8694,-1.9253],[-0.9243, 0.0466, 0.067 , 0.1652],0.4038
1312,[-0.9314, 0.0935,-0.0929, 0.1856],[ 1.9491, 4.7772, 0.3876,58.1657, 1.3612],[-0.9306, 0.0914,-0.0865, 0.1965],0.3396
1314,[-0.941 , 0.1443,-0.1865, 0.1887],[ 0.1086,26.5042,-0.3634, 0.1483, 2.3486],[-0.9394, 0.1498,-0.1887, 0.1943],0.2372
1320,[-0.9226,-0.0664, 0.0407, 0.1717],[-5.7395e-02, 1.0975e+02,-6.1489e-01,-4.8855e-01, 1.1984e+00],[-0.922 ,-0.0617, 0.039 , 0.1771],0.4091
1321,[-0.927 ,-0.086 , 0.0899, 0.1689],[  1.0347,  0.7568,181.7821,  1.4808,  0.5266],[-0.9262,-0.085 , 0.0847, 0.1746],0.3612
1323,[-0.9354,-0.1452, 0.1848, 0.1847],[ 0.099 ,-1.1277,25.3756,-0.0758, 0.5858],[-0.9339,-0.1498, 0.1855, 0.1895],0.2594
1330,[-0.9295, 0.186 ,-0.0428, 0.2052],[-2.0532,-2.8559,-1.6364,-2.1081,-1.908 ],[-0.9305, 0.159 ,-0.0173, 0.2003],0.3429
1332,[-0.9348, 0.1889,-0.1347, 0.1901],[-1.2814,-1.7678,-1.3705,-0.488 ,-0.7224],[-0.9352, 0.1755,-0.1144, 0.1967],0.2753
1334,[-0.937 , 0.2131,-0.2221, 0.1843],[ 1.5298,35.4323, 0.4349, 0.3203, 1.3965],[-0.9362, 0.211 ,-0.2135, 0.1942],0.2108
1336,[-0.9341, 0.2452,-0.2881, 0.1748],[ 0.7194,24.0394,-0.4962,-0.0452, 0.4551],[-0.9323, 0.2476,-0.286 , 0.1853],0.1747
1340,[-0.9268,-0.1772, 0.0427, 0.1793],[-2.4978,-2.6804,-3.5259,-2.6662,-2.6695],[-0.9277,-0.1533, 0.0296, 0.1785],0.3496
1341,[-0.9312,-0.1912, 0.1355, 0.1917],[-0.9109, 0.3326,-1.636 ,-0.5599, 0.0616],[-0.9316,-0.1792, 0.1217, 0.1965],0.284
1343,[-0.9317,-0.2102, 0.2134, 0.1818],[ 2.6389, 0.2438,29.6182, 2.4341, 0.9362],[-0.9311,-0.2074, 0.2043, 0.1921],0.2346
1345,[-0.9338,-0.2513, 0.2888, 0.1624],[ 1.479 ,-0.3223,13.7103,-0.3872, 0.2437],[-0.9322,-0.2533, 0.2863, 0.1704],0.1722
1352,[-0.9206, 0.282 ,-0.1495, 0.1877],[-1.1948,-1.4399, 0.1226,-0.7023,-1.0783],[-0.9235, 0.2588,-0.1076, 0.2024],0.2849
1354,[-0.9251, 0.2954,-0.2488, 0.1831],[-1.7007,-2.4106,-1.9615,-0.9932,-2.2643],[-0.9262, 0.2861,-0.2329, 0.1932],0.2021
1356,[-0.9251, 0.3078,-0.3096, 0.1607],[ 3.9784,10.8187,-0.2098, 1.9755, 0.3877],[-0.9248, 0.3045,-0.2995, 0.1741],0.1637
1361,[-0.9254,-0.2883, 0.1537, 0.1786],[-2.3593,-1.5283,-3.2388,-2.6755,-2.3469],[-0.9284,-0.264 , 0.1135, 0.1933],0.2607
1363,[-0.9206,-0.2933, 0.2386, 0.1604],[ 0.1059, 0.4125,-1.4122, 1.1509,-0.9644],[-0.9218,-0.2844, 0.2286, 0.1699],0.2193
1365,[-0.9298,-0.3089, 0.3208, 0.1598],[ 1.5742,-0.3108, 6.8005, 0.4017, 1.2086],[-0.9291,-0.3066, 0.312 , 0.1681],0.1442
1367,[-0.9173,-0.3363, 0.39  , 0.133 ],[ 1.0777,-1.2193, 2.0872, 1.375 , 0.1243],[-0.915 ,-0.3374, 0.388 , 0.148 ],0.1356
1400,[-0.9195,-0.0287, 0.0296, 0.0628],[1.3416e+00,8.1218e+02,3.0985e+00,5.6113e-01,4.7269e-01],[-0.9192,-0.0292, 0.0326, 0.0666],0.4303
1401,[-0.9184,-0.0465, 0.0647, 0.0618],[ 3.8677e-01,-3.0461e-01, 5.7379e+02, 9.6654e-01, 7.1057e-01],[-0.918 ,-0.0491, 0.0654, 0.0652],0.4164
1402,[-0.9185, 0.0397,-0.0709, 0.0519],[  0.3956,103.5223, -1.3336,  3.1592,  2.0131],[-0.918 , 0.0442,-0.0724, 0.0619],0.4192
1403,[-0.9534,-0.0459, 0.1691, 0.1063],[-1.485 ,-2.2443,-0.7979,-0.7726,-1.3067],[-0.9513,-0.0735, 0.1815, 0.1207],0.2296
1410,[-0.9217, 0.0665,-0.0391, 0.0707],[-11.476 ,-11.1683, -9.6857,-11.1334,-11.5376],[-0.9215, 0.0605,-0.0306, 0.079 ],0.4136
1411,[-0.9235, 0.0594, 0.0683, 0.0668],[-2.1978,-2.8348,-1.9328,-2.037 ,-2.1663],[-0.9228, 0.0359, 0.0932, 0.0817],0.3931
1412,[-0.9201, 0.0786,-0.0919, 0.0616],[ 4.2721e-01, 1.8623e+02, 5.1789e-01, 1.3109e+00,-1.4019e-02],[-0.9196, 0.0798,-0.0897, 0.0719],0.3844
1414,[-0.9351, 0.142 ,-0.1849, 0.0586],[ 0.6513,34.1003,-0.654 , 0.9971, 0.2185],[-0.934 , 0.1488,-0.1884, 0.0686],0.2547
1420,[-0.9192,-0.0605, 0.0484, 0.0634],[  0.1934,167.1385,  0.6935,  0.2569,  1.706 ],[-0.9189,-0.0582, 0.0471, 0.0736],0.4205
1421,[-0.9195,-0.0691, 0.0767, 0.0544],[  2.6243,  0.6589,528.5416,  1.1697,  1.1475],[-0.9192,-0.0697, 0.0752, 0.0652],0.3994
1422,[-0.9467,-0.0831,-0.065 , 0.0463],[-1.4163,-1.9409,-2.521 ,-1.0678,-1.8933],[-0.9465,-0.0494,-0.0825, 0.0608],0.3002
1423,[-0.9341,-0.1404, 0.1846, 0.0617],[ 0.3751,-0.7088,32.1141,-0.069 , 1.3768],[-0.9329,-0.1472, 0.1882, 0.0702],0.2614
1430,[-0.9368, 0.1817,-0.0456, 0.103 ],[-1.8427,-2.2748,-0.5833,-1.5234,-2.133 ],[-0.9382, 0.154 ,-0.0248, 0.0965],0.3118
1432,[-0.9363, 0.1887,-0.1329, 0.0547],[-1.9357,-2.2584,-1.6735,-1.5121,-2.4872],[-0.9372, 0.1768,-0.1197, 0.0657],0.2652
1434,[-0.94  , 0.2134,-0.2209, 0.0652],[ 0.771 , 6.0479,-0.1096,14.3178, 0.2927],[-0.9397, 0.213 ,-0.2154, 0.0789],0.1968
1436,[-0.9377, 0.2543,-0.2973, 0.0564],[ 2.1278, 7.2526,-1.0921, 5.2848, 1.0634],[-0.9362, 0.2587,-0.2977, 0.0668],0.151
1440,[-0.9395,-0.175 , 0.0473, 0.0516],[-1.591 ,-1.8546,-2.1696,-1.8104,-1.7476],[-0.9409,-0.1469, 0.0237, 0.0622],0.3064
1441,[-0.9398,-0.1957, 0.1326, 0.0633],[-2.2589,-2.2704,-2.7944,-1.661 ,-2.8327],[-0.9408,-0.1814, 0.1169, 0.0728],0.2501
1443,[-0.9368,-0.2202, 0.2189, 0.0654],[ 1.3973,-0.0707, 3.0758,17.7463, 0.5263],[-0.9367,-0.2182, 0.2125, 0.0791],0.206
1445,[-0.9332,-0.252 , 0.2971, 0.0649],[ 1.1013,-0.4804,10.7936, 0.568 , 0.0273],[-0.9316,-0.2564, 0.2982, 0.0759],0.1668
1454,[-0.9318, 0.2914,-0.2543, 0.0606],[-1.0536,-0.7176,-0.1565, 0.1299,-1.1005],[-0.9328, 0.2851,-0.2469, 0.0718],0.1738
1456,[-0.9299, 0.3083,-0.3219, 0.0599],[ 1.305 , 1.918 ,-0.0708, 9.9505, 0.2046],[-0.9294, 0.308 ,-0.3172, 0.0744],0.1407
1458,[-0.9168, 0.3485,-0.3997, 0.0218],[-0.0489,12.8242,-0.5308, 2.4969, 0.6609],[-0.9149, 0.351 ,-0.3978, 0.0283],0.1136
1461,[-0.9268,-0.293 , 0.1506, 0.0822],[-1.1348,-0.3322,-2.0823,-1.3848,-1.5534],[-0.9302,-0.2684, 0.123 , 0.0967],0.2482
1463,[-0.9263,-0.2984, 0.2447, 0.0615],[-0.5995,-1.3651,-1.4376,-0.263 ,-1.891 ],[-0.9278,-0.2901, 0.2333, 0.07  ],0.1942
1465,[-0.9253,-0.3115, 0.3165, 0.0477],[ 1.2951,-0.0976, 8.7312, 0.737 ,-0.1992],[-0.9252,-0.3104, 0.3093, 0.061 ],0.1552
1467,[-0.9182,-0.3303, 0.3929, 0.0986],[ 1.0054,-0.5731, 3.0703, 3.9751, 1.0211],[-0.9156,-0.3327, 0.3936, 0.1106],0.1286
1485,[-0.9297,-0.3918, 0.3245, 0.0061],[-1.4027,-1.7652,-1.8943,-1.1134,-2.5789],[-0.9328,-0.3839, 0.3025, 0.0217],0.1025
1500,[-0.9165,-0.0213, 0.0181,-0.0587],[  1.0064,  1.8921,  1.2483,230.1111,  0.5593],[-0.9167,-0.021 , 0.0189,-0.0459],0.4468
1501,[-0.9166,-0.0444, 0.0656,-0.0403],[ 7.5285e-02,-5.0142e-01, 7.9617e+01, 8.6446e-01,-1.6013e-02],[-0.9166,-0.0478, 0.067 ,-0.0338],0.4215
1502,[-0.9179, 0.0319,-0.0727,-0.0538],[ 1.2329,33.6336,-1.8578,-0.1212,-0.34  ],[-0.9178, 0.0383,-0.0756,-0.04  ],0.4274
1503,[-0.9341,-0.036 , 0.1785,-0.0617],[-0.6508,-1.154 ,-0.5333,-0.5802,-0.9262],[-0.9324,-0.0638, 0.1909,-0.0487],0.2994
1510,[-0.919 , 0.0643,-0.0396,-0.0745],[-6.5554,-8.0116,-6.0228,-7.0367,-6.5964],[-0.9194, 0.0597,-0.0337,-0.0675],0.4281
1511,[-0.9399, 0.0681, 0.0615,-0.039 ],[-1.221 ,-1.8249,-0.6701,-1.3663,-1.0797],[-0.9398, 0.0361, 0.0965,-0.03  ],0.3289
1512,[-0.9218, 0.0753,-0.0862,-0.0561],[ 0.8424, 2.5883,-0.0892,33.9862, 0.6395],[-0.9219, 0.0769,-0.0855,-0.0417],0.3867
1514,[-0.9369, 0.1399,-0.1848,-0.0511],[ 0.5386, 8.2235,-1.0325, 1.6856, 0.164 ],[-0.9361, 0.1487,-0.1906,-0.038 ],0.2494
1520,[-0.9166,-0.0623, 0.0466,-0.0681],[1.0704e+00,2.1716e+02,1.4781e-01,1.3073e+00,4.5718e-01],[-0.917 ,-0.0601, 0.0465,-0.057 ],0.4304
1521,[-0.9176,-0.0653, 0.0694,-0.0537],[  0.6896,  1.2789,  7.1285,153.3399,  0.4445],[-0.9178,-0.066 , 0.0696,-0.041 ],0.4115
1522,[-0.9356,-0.0599,-0.0711,-0.098 ],[-1.0081,-0.6888,-1.485 ,-0.9759,-1.2524],[-0.9358,-0.0334,-0.0818,-0.0833],0.3536
1523,[-0.933 ,-0.1395, 0.1856,-0.0559],[ 0.7433,-0.4534,11.231 ,-0.1456, 0.1117],[-0.9322,-0.1482, 0.191 ,-0.045 ],0.2615
1532,[-0.9423, 0.1883,-0.1396,-0.0627],[-3.6222,-3.7042,-3.787 ,-3.9003,-3.8698],[-0.9435, 0.1774,-0.1261,-0.0515],0.238
1534,[-0.9376, 0.2189,-0.2183,-0.0683],[ 1.2568, 3.4144,-0.0829, 3.5313,-0.4555],[-0.9379, 0.2185,-0.2126,-0.0535],0.2017
1536,[-0.9345, 0.2535,-0.2975,-0.0617],[-0.4683, 9.7999,-0.4557, 0.3785,-0.4802],[-0.9333, 0.2602,-0.3004,-0.0484],0.1588
1540,[-0.9429,-0.1687, 0.0496,-0.0403],[-0.2447,-0.6543,-1.0504,-0.5499,-0.7559],[-0.9446,-0.1436, 0.038 ,-0.0396],0.2876
1541,[-0.9407,-0.1891, 0.137 ,-0.0625],[-2.1558,-2.5615,-2.4382,-1.0549,-2.5815],[-0.942 ,-0.1766, 0.1175,-0.052 ],0.248
1543,[-0.94  ,-0.2185, 0.2162,-0.0674],[ 2.3848,-0.5713, 8.1323, 4.616 ,-0.1713],[-0.9405,-0.2174, 0.2087,-0.0542],0.195
1545,[-0.9366,-0.2601, 0.2947,-0.0756],[ 0.9462,-0.8166, 0.924 , 6.7576,-0.0925],[-0.9358,-0.2656, 0.2967,-0.0606],0.1501
1554,[-0.9328, 0.3002,-0.2557,-0.0453],[ 0.2905,-0.4603,-0.0437, 0.1946,-1.2187],[-0.9345, 0.294 ,-0.2466,-0.0323],0.1645
1556,[-0.931 , 0.3097,-0.3297,-0.0638],[ 2.7979, 2.6846,-0.2318, 5.4017,-0.2405],[-0.9306, 0.3121,-0.3272,-0.0493],0.1306
1558,[-0.9239, 0.3402,-0.3971,-0.0346],[-0.2314,10.501 ,-0.5125, 1.3655, 0.1581],[-0.9217, 0.3445,-0.399 ,-0.0203],0.1072
1561,[-0.9377,-0.2864, 0.1611,-0.1146],[-0.6889, 0.3133,-0.73  ,-0.4819,-0.6874],[-0.9419,-0.2614, 0.1186,-0.1299],0.21
1563,[-0.9335,-0.2955, 0.248 ,-0.0591],[-0.5051,-1.3141,-1.5375, 0.5973,-2.0435],[-0.9353,-0.2881, 0.2355,-0.0461],0.1692
1565,[-0.9275,-0.3075, 0.3205,-0.0644],[ 0.6398,-0.3134, 1.2225,10.8414, 0.0947],[-0.9274,-0.309 , 0.3166,-0.049 ],0.1464
1567,[-0.9131,-0.3671, 0.4153,-0.106 ],[ 0.4516,-0.9563, 5.7158, 0.5759,-0.4848],[-0.9114,-0.371 , 0.4142,-0.0937],0.0949
1585,[-0.9347,-0.4054, 0.3557,-0.0489],[-1.5595,-2.2249,-1.1371,-0.9345,-2.4718],[-0.9369,-0.4016, 0.349 ,-0.034 ],0.0619
1587,[-0.9206,-0.4034, 0.4073,-0.0924],[-0.5391,-1.1728, 1.5662, 1.4912,-1.9532],[-0.9209,-0.4044, 0.3994,-0.0765],0.0823
1600,[-0.9171,-0.0126, 0.0067,-0.1621],[ 1.7852, 2.7814, 0.9825, 3.7646,-0.8764],[-0.9178,-0.0116, 0.0052,-0.1509],0.447
1601,[-0.9175,-0.0417, 0.0692,-0.1558],[-8.9744,-9.8986,-7.6642,-9.4182,-9.5989],[-0.918 ,-0.0468, 0.0724,-0.1542],0.4125
1602,[-0.9164, 0.0387,-0.0705,-0.1685],[-1.8838, 1.8853,-3.4819,-0.7064,-3.068 ],[-0.9169, 0.0444,-0.074 ,-0.1644],0.4192
1604,[-0.9532, 0.0373,-0.1718,-0.1376],[-0.7378, 0.0451,-1.512 ,-0.6271,-0.9792],[-0.9518, 0.072 ,-0.1922,-0.123 ],0.224
1610,[-0.9166, 0.0654,-0.0393,-0.1767],[-3.6611,-3.6451,-3.4231,-3.6536,-5.4362],[-0.9175, 0.061 ,-0.0331,-0.1667],0.4369
1611,[-0.9342, 0.0571, 0.0669,-0.1351],[-0.5555,-0.6465,-0.385 ,-0.1304, 0.0018],[-0.9346, 0.0313, 0.0782,-0.1346],0.3533
1612,[-0.9187, 0.0743,-0.08  ,-0.1802],[ 1.6053,12.0126,-0.3504,14.2271, 0.405 ],[-0.9195, 0.0754,-0.077 ,-0.1711],0.3987
1614,[-0.9374, 0.1432,-0.1902,-0.1958],[ 0.0168, 3.6543,-1.0793, 1.1226,-0.7533],[-0.9371, 0.154 ,-0.1976,-0.1819],0.2402
1620,[-0.9157,-0.0638, 0.0448,-0.1685],[-12.5997,-11.2155,-11.4951,-10.8174,-13.3435],[-0.9166,-0.061 , 0.0417,-0.1612],0.4343
1621,[-0.9181,-0.0767, 0.0765,-0.173 ],[ 1.5504, 0.6641,11.8302,11.9965,-0.5322],[-0.9188,-0.0769, 0.074 ,-0.1652],0.3996
1622,[-0.928 ,-0.0655,-0.0618,-0.1646],[-1.0506,-1.1065,-1.9166,-1.348 ,-1.1495],[-0.9283,-0.0371,-0.0995,-0.1491],0.376
1623,[-0.9388,-0.1493, 0.1814,-0.1945],[ 0.2428,-1.2906, 5.0368, 0.9545,-1.4002],[-0.9388,-0.1575, 0.1869,-0.1803],0.2356
1632,[-0.9438, 0.1918,-0.1446,-0.1689],[-1.8624,-2.2429,-2.1023,-1.4481,-2.7255],[-0.9454, 0.1824,-0.133 ,-0.1564],0.2255
1634,[-0.935 , 0.2218,-0.2195,-0.1892],[ 0.8154, 0.8098,-0.5498, 1.9327,-0.5267],[-0.9358, 0.2229,-0.216 ,-0.1732],0.2055
1636,[-0.9343, 0.2506,-0.2985,-0.1797],[ 0.3659, 5.8386,-0.5158, 2.3376,-0.9209],[-0.9332, 0.2599,-0.3039,-0.1647],0.1583
1640,[-0.9491,-0.1756, 0.0536,-0.147 ],[-0.2825,-0.22  ,-0.5161,-0.4107,-0.2889],[-9.5129e-01,-1.3903e-01, 7.7248e-04,-1.3064e-01],0.2779
1641,[-0.9349,-0.1826, 0.1436,-0.1711],[-2.5117,-2.8836,-2.8231,-1.7019,-3.5455],[-0.9365,-0.175 , 0.1287,-0.1579],0.2648
1643,[-0.9402,-0.2092, 0.2218,-0.1872],[-0.1603,-0.7646, 3.4344, 2.9909,-1.0674],[-0.9405,-0.2131, 0.2206,-0.1724],0.1914
1645,[-0.9312,-0.2556, 0.2992,-0.1917],[-0.1775,-0.9955, 2.0523,10.7269,-0.4556],[-0.9303,-0.2637, 0.304 ,-0.1759],0.1652
1654,[-0.9371, 0.2863,-0.2559,-0.1769],[ 0.5854,-0.4361,-0.0497, 1.1897,-0.552 ],[-0.9387, 0.2833,-0.2487,-0.1608],0.1539
1656,[-0.9299, 0.3115,-0.3341,-0.1733],[ 2.2777, 3.0578,-0.4342, 3.6654,-0.7352],[-0.9295, 0.3161,-0.3343,-0.158 ],0.1284
1663,[-0.939 ,-0.2952, 0.2618,-0.1535],[-0.2347,-0.3708,-0.2687, 0.2333,-0.8255],[-0.9408,-0.2914, 0.2505,-0.1407],0.1433
1665,[-0.9269,-0.3068, 0.3297,-0.177 ],[ 0.584 ,-0.674 ,10.3825, 2.8346,-0.8775],[-0.9266,-0.3111, 0.3285,-0.1621],0.1413
1667,[-0.9196,-0.3518, 0.4041,-0.185 ],[ 0.1213,-0.3888,12.793 , 0.7156,-0.2656],[-0.9178,-0.3579, 0.4071,-0.1705],0.1039
1685,[-0.9219,-0.4255, 0.3624,-0.1615],[-1.3893,-2.0542,-1.8433,-0.5468,-2.6625],[-0.9251,-0.4235, 0.3529,-0.1453],0.0833
1687,[-0.9172,-0.4096, 0.4146,-0.1868],[-0.796 ,-1.8124, 1.1381, 0.9023,-2.345 ],[-0.9176,-0.4123, 0.4085,-0.1715],0.0787
1700,[-0.9365,-0.0126, 0.01  ,-0.3138],[-18.2257,-18.2332,-17.9872,-17.5454,-19.1905],[-0.9378,-0.0119, 0.0089,-0.2997],0.3712
1701,[-0.9386,-0.043 , 0.069 ,-0.3223],[-6.549 ,-6.6881,-5.7013,-5.7541,-7.1809],[-0.9397,-0.0502, 0.0758,-0.308 ],0.3308
1702,[-0.9385, 0.034 ,-0.0809,-0.312 ],[-4.7551,-4.68  ,-5.3886,-4.2517,-5.8663],[-0.9394, 0.0461,-0.0914,-0.2989],0.3269
1710,[-0.9213, 0.0692,-0.0389,-0.2908],[-3.1581,-3.6207,-2.3201,-2.4619,-3.7228],[-0.9227, 0.0641,-0.0331,-0.2821],0.4143
1712,[-0.9315, 0.0909,-0.106 ,-0.2994],[-7.1043,-6.1325,-7.2344,-6.0392,-7.7343],[-0.9325, 0.0958,-0.1084,-0.2877],0.3255
1714,[-0.9318, 0.139 ,-0.1909,-0.3082],[ 0.3038, 4.6951,-0.9941, 1.9744,-0.8111],[-0.9318, 0.1515,-0.2011,-0.2947],0.2595
1720,[-0.9247,-0.0668, 0.0415,-0.2969],[-2.6325,-1.517 ,-2.9323,-1.0261,-3.6523],[-0.9261,-0.0626, 0.0372,-0.2857],0.3988
1721,[-0.9391,-0.092 , 0.1032,-0.3072],[-33.9457,-34.6404,-33.463 ,-33.6124,-35.576 ],[-0.9402,-0.0964, 0.1055,-0.2944],0.2956
1723,[-0.938 ,-0.1479, 0.1863,-0.3146],[ 1.6716,-1.0315, 1.6681, 3.7563,-1.3627],[-0.9382,-0.1589, 0.1961,-0.2996],0.2344
1732,[-0.9374, 0.1812,-0.156 ,-0.2859],[-0.005 ,-0.2453,-0.8151, 0.072 ,-0.9724],[-0.939 , 0.1785,-0.1501,-0.2696],0.2435
1734,[-0.9295, 0.2165,-0.2268,-0.3087],[ 1.0769, 2.1476,-0.6347, 2.3984,-0.7612],[-0.9303, 0.2213,-0.2284,-0.2921],0.2202
1736,[-0.9299, 0.2472,-0.2998,-0.2998],[ 0.1424, 0.7538,-0.6935, 5.9787,-0.9778],[-0.929 , 0.2584,-0.3089,-0.2838],0.1698
1741,[-0.9379,-0.1772, 0.1502,-0.292 ],[-1.1196,-1.4865,-1.1338,-0.4677,-1.7601],[-0.9396,-0.1735, 0.1416,-0.279 ],0.2473
1743,[-0.9377,-0.1956, 0.226 ,-0.2994],[ 0.2374,-0.6703, 3.1664, 3.2894,-1.3587],[-0.9379,-0.2044, 0.2319,-0.283 ],0.1994
1745,[-0.9281,-0.2434, 0.3059,-0.3039],[ 0.0928,-0.6035,13.6218, 0.6922,-0.6776],[-0.9269,-0.2553, 0.3143,-0.2887],0.1745
1754,[-0.9425, 0.2911,-0.2607,-0.3029],[ 0.3966,-0.2243,-0.2947, 0.9723,-0.7303],[-0.9447, 0.2897,-0.251 ,-0.2891],0.1308
1756,[-0.9304, 0.312 ,-0.3372,-0.3007],[ 0.7326, 0.5533,-0.2465, 7.2873,-0.8142],[-0.9303, 0.3192,-0.3406,-0.2836],0.1206
1763,[-0.9508,-0.294 , 0.272 ,-0.2698],[-0.0759, 0.0004,-0.039 , 0.2592,-0.3326],[-0.9526,-0.2936, 0.2623,-0.2532],0.1
1765,[-0.9267,-0.3015, 0.3482,-0.2963],[ 0.3905,-0.2303, 0.3568,12.148 ,-0.1214],[-0.9257,-0.3103, 0.3532,-0.2805],0.1316
1767,[-0.9184,-0.3464, 0.4002,-0.2834],[ 0.3828,-0.135 ,14.551 , 2.6323,-0.6216],[-0.9167,-0.3541, 0.4051,-0.2669],0.1067
1787,[-0.9121,-0.3965, 0.432 ,-0.3229],[ 0.62  ,-1.1413, 4.0189, 3.6675,-1.1437],[-0.9112,-0.4025, 0.4315,-0.3076],0.0705
1800,[-0.9319,-0.0121, 0.0227,-0.4425],[-26.5053,-26.5575,-26.5243,-25.6932,-27.6994],[-0.9337,-0.0145, 0.024 ,-0.427 ],0.3896
1801,[-0.9339,-0.0405, 0.0723,-0.4411],[-7.3594,-7.6043,-5.6742,-6.5643,-8.5841],[-0.9355,-0.0489, 0.0795,-0.4253],0.3475
1802,[-0.9309, 0.018 ,-0.0892,-0.4238],[-1.567 ,-0.4076,-2.6672,-1.674 ,-3.0778],[-0.9321, 0.0338,-0.1013,-0.4092],0.3581
1803,[-0.9284,-0.054 , 0.1736,-0.3912],[-0.1235,-0.334 , 0.3606, 0.0097,-0.2079],[-0.9282,-0.0771, 0.1845,-0.3751],0.3161
1804,[-0.9335, 0.0386,-0.1734,-0.4342],[ 0.2299, 0.1511,-0.2661,-0.1812,-0.2016],[-0.9332, 0.0668,-0.1879,-0.4178],0.299
1810,[-0.928 , 0.0684,-0.0381,-0.4423],[-1.278 ,-1.465 ,-0.2124,-0.2482,-2.3162],[-0.9301, 0.0633,-0.0327,-0.4275],0.3852
1812,[-0.9264, 0.1039,-0.1153,-0.437 ],[-1.2354,-0.895 ,-1.5868, 0.0729,-3.0024],[-0.928 , 0.1086,-0.1181,-0.4209],0.333
1814,[-0.9222, 0.1482,-0.1847,-0.449 ],[ 0.8288, 9.6087,-0.7626, 1.0331,-0.9614],[-0.9231, 0.1579,-0.1907,-0.433 ],0.2942
1820,[-0.9225,-0.0727, 0.0291,-0.4393],[ 0.3602, 2.3689,-1.2164, 2.2347,-1.5808],[-0.9247,-0.066 , 0.0244,-0.4236],0.4085
1821,[-0.9371,-0.0817, 0.1057,-0.4217],[-18.6488,-19.9822,-18.5088,-17.5686,-19.7921],[-0.9385,-0.0894, 0.1113,-0.4063],0.3027
1822,[-0.9375,-0.0636,-0.0791,-0.4402],[-0.0983, 0.1841,-0.1127, 0.0091,-0.0689],[-0.9385,-0.0254,-0.1325,-0.4224],0.3213
1823,[-0.9324,-0.1347, 0.1907,-0.4229],[ 0.5009,-1.4726, 1.4176,10.9604,-1.2128],[-0.9326,-0.1491, 0.2029,-0.4065],0.2571
1832,[-0.9442, 0.168 ,-0.165 ,-0.4973],[ 0.3877, 0.1036, 0.0378, 0.2163,-0.6823],[-0.9461, 0.174 ,-0.1726,-0.4815],0.2096
1834,[-0.9233, 0.1915,-0.2095,-0.4275],[ 1.5286, 4.0389,-0.1852, 7.45  ,-1.5122],[-0.9243, 0.1986,-0.2146,-0.4105],0.2596
1836,[-0.9276, 0.2469,-0.2995,-0.3997],[ 0.5299, 7.7943,-0.5546, 1.8625,-0.5891],[-0.9269, 0.2593,-0.3105,-0.3827],0.1716
1841,[-0.9358,-0.1709, 0.1605,-0.3911],[-0.1653, 0.3324,-0.2187, 0.4387,-0.4607],[-0.9376,-0.1721, 0.1576,-0.3747],0.2481
1843,[-0.9332,-0.1897, 0.2291,-0.4139],[ 0.2107,-0.2909, 1.3578, 9.5389,-1.0765],[-0.9335,-0.2013, 0.2382,-0.3965],0.2137
1845,[-0.9301,-0.2221, 0.3027,-0.4052],[-0.2673,-0.5201,10.4943, 1.5479,-1.4329],[-0.9286,-0.2386, 0.3156,-0.3884],0.177
1856,[-0.923 , 0.3169,-0.3314,-0.438 ],[ 0.0232, 2.8781,-0.5431, 6.8919,-0.9128],[-0.9236, 0.3246,-0.3343,-0.4205],0.1443
1865,[-0.9312,-0.2941, 0.3496,-0.418 ],[ 0.8289,-0.5673, 1.0814, 9.2824,-0.5942],[-0.9299,-0.307 , 0.3613,-0.4018],0.1196
1867,[-0.9206,-0.3495, 0.4081,-0.4178],[ 1.4692, 0.3466, 2.0321,22.7713,-1.02  ],[-0.9189,-0.3598, 0.4156,-0.4001],0.102
1900,[-0.9208, 0.0067, 0.0204,-0.565 ],[-110.4629,-110.5101,-110.5849,-108.6438,-111.5432],[-0.9232, 0.0014, 0.0246,-0.5494],0.4431
1901,[-0.9263,-0.0293, 0.0736,-0.542 ],[-5.2102,-4.8155,-3.9156,-5.1032,-6.7267],[-0.9282,-0.0398, 0.0833,-0.526 ],0.3808
1902,[-0.9223, 0.0127,-0.0945,-0.5448],[-4.4505,-3.1856,-4.5222,-2.9953,-6.0659],[-0.9239, 0.0301,-0.1089,-0.5293],0.389
1910,[-0.9173, 0.0672,-0.0301,-0.5747],[-91.7092,-92.2478,-91.9508,-91.7762,-92.4477],[-0.92  , 0.0609,-0.0198,-0.5576],0.436
1911,[-0.9166, 0.0625, 0.0629,-0.6053],[ 0.0129,-0.6821, 0.1821,-0.3117,-0.5721],[-0.919 , 0.0392, 0.0858,-0.5875],0.4141
1912,[-0.9166, 0.1064,-0.1158,-0.5574],[-109.749 ,-109.2018,-110.1599,-108.7357,-110.8968],[-0.9186, 0.1112,-0.1212,-0.5403],0.3672
1914,[-0.9162, 0.1452,-0.1846,-0.5295],[ 1.7125,35.2071,-0.5749, 5.1531,-0.808 ],[-0.9173, 0.1553,-0.1914,-0.5131],0.3151
1920,[-0.9192,-0.083 , 0.0266,-0.5392],[-11.2771,-11.2767,-11.3794,-10.8762,-12.9044],[-0.9219,-0.0727, 0.0112,-0.5234],0.4219
1921,[-0.9234,-0.0899, 0.1043,-0.5503],[-3.6072e-01,-8.9736e-01,-6.9091e-02, 6.9725e+01,-1.2932e+00],[-0.9255,-0.0953, 0.1057,-0.5348],0.3561
1922,[-0.9262,-0.0599,-0.056 ,-0.5759],[-0.2358, 0.0386,-0.5145,-0.2849,-0.3822],[-0.9283,-0.0322,-0.0987,-0.5598],0.3769
1923,[-0.9296,-0.1231, 0.1932,-0.5308],[ 1.0599,-0.5047,38.5458, 0.3816,-0.8303],[-0.93  ,-0.1409, 0.2086,-0.5134],0.2685
1934,[-0.9205, 0.1836,-0.2116,-0.5383],[ 0.8333,-0.3124,-0.653 , 7.784 ,-1.3468],[-0.9216, 0.1929,-0.2173,-0.5222],0.2702
1936,[-0.9183, 0.2664,-0.2966,-0.5492],[ 1.0496e-01, 2.1333e+01, 2.0072e-02, 8.1081e-01,-9.3578e-01],[-0.9187, 0.2769,-0.3058,-0.5317],0.1975
1941,[-0.9198,-0.1835, 0.1358,-0.5658],[-2.4355,-4.0061,-3.0578,-3.7559,-4.3501],[-0.9232,-0.178 , 0.1199,-0.5488],0.3184
1943,[-0.9235,-0.1934, 0.2282,-0.545 ],[ 0.5399,-1.3429,-0.6934,13.1097,-1.7952],[-0.9243,-0.2051, 0.2363,-0.5279],0.246
1945,[-0.9317,-0.2416, 0.3125,-0.5463],[ 0.1943,-0.5555,31.0695, 1.34  ,-0.3452],[-0.9307,-0.2593, 0.3272,-0.5291],0.1552
1956,[-0.9191, 0.2873,-0.3144,-0.5147],[ 0.5942, 1.3054, 0.0977, 3.4365,-1.6965],[-0.9194, 0.297 ,-0.3214,-0.4989],0.1776
1965,[-0.929 ,-0.2845, 0.3489,-0.5045],[-0.1276,-0.2991,-0.1854,21.2832,-0.6818],[-0.9276,-0.2996, 0.3631,-0.4894],0.1297
2100,[-0.8798,-0.0236, 0.0154, 0.3843],[-1.9233,-1.3206,-1.5114,-2.0634,-0.425 ],[-0.8782,-0.0222, 0.0121, 0.3783],0.3085
2200,[-9.0032e-01, 3.1207e-03, 4.7367e-04, 2.7512e-01],[-38.632 ,-38.0104,-38.1559,-38.8486,-37.8035],[-0.8992, 0.0026, 0.0014, 0.2702],0.3873
2201,[-0.8963,-0.0381, 0.068 , 0.2758],[ -9.5001,-10.4408, -9.4267,-10.3824, -8.7522],[-0.8949,-0.0409, 0.0692, 0.27  ],0.3529
2202,[-0.9045, 0.0469,-0.0632, 0.2723],[ -9.6654, -9.26  ,-10.4287, -9.9654, -9.1002],[-0.9033, 0.0484,-0.0646, 0.2638],0.3876
2210,[-0.9073, 0.0635,-0.0436, 0.2692],[-4.894 ,-4.5738,-3.5654,-4.8847,-2.9976],[-0.9062, 0.0603,-0.0419, 0.2669],0.4054
2212,[-0.9069, 0.0784,-0.0825, 0.2691],[-10.7964,-10.0245,-11.2624,-10.9209, -9.5366],[-0.9057, 0.0779,-0.0813, 0.2629],0.3763
2214,[-0.9077, 0.1431,-0.171 , 0.2874],[-0.8389,-0.4351,-2.3488,-1.4854, 1.2991],[-0.9061, 0.1442,-0.1693, 0.2798],0.3045
2220,[-0.9051,-0.0622, 0.0445, 0.2604],[-4.9053,-3.9482,-4.9746,-4.9849,-4.3866],[-0.9041,-0.0592, 0.0414, 0.2576],0.3971
2221,[-0.9032,-0.0914, 0.0931, 0.2657],[-5.3097,-5.8653,-4.8199,-6.2341,-5.0077],[-0.9021,-0.0902, 0.0894, 0.2603],0.3511
2223,[-0.9053,-0.1538, 0.1866, 0.2863],[-0.8415,-2.4224, 1.1094,-1.5479, 0.0456],[-0.9037,-0.1548, 0.1803, 0.2859],0.2847
2232,[-0.9101, 0.1694,-0.1314, 0.314 ],[-0.842 ,-1.0113,-0.0544,-1.3827,-0.4186],[-0.9096, 0.1623,-0.1244, 0.3   ],0.3317
2234,[-0.905 , 0.2048,-0.2209, 0.282 ],[-0.4337, 2.369 ,-0.313 ,-0.3591, 1.9433],[-0.9038, 0.2031,-0.2107, 0.2755],0.2481
2241,[-0.9013,-0.1926, 0.1431, 0.2684],[-1.2913,-0.2466,-1.8004,-1.924 , 0.441 ],[-0.9014,-0.1846, 0.1318, 0.2581],0.2846
2243,[-0.9044,-0.2152, 0.2044, 0.265 ],[-0.6137,-1.4436, 2.2782,-0.389 , 2.4778],[-0.9039,-0.2108, 0.1921, 0.2665],0.2538
2254,[-0.9017, 0.2877,-0.2536, 0.2589],[0.7331,0.7817,0.4831,0.1377,2.4093],[-0.9023, 0.2806,-0.2335, 0.2562],0.1954
2263,[-0.8972,-0.298 , 0.2316, 0.27  ],[ 1.3171, 2.2179, 0.0573, 1.1567,12.7549],[-0.8987,-0.2882, 0.2104, 0.264 ],0.1907
2265,[-0.8999,-0.3213, 0.2991, 0.2592],[ 0.7251,-1.0038, 4.3008, 1.7019, 0.6167],[-0.9004,-0.3155, 0.2811, 0.2684],0.1506
2300,[-0.9066,-0.0326, 0.0313, 0.1569],[-130.2318,-129.7606,-129.9528,-131.1375,-129.1941],[-0.906 ,-0.0322, 0.0306, 0.1495],0.4119
2301,[-0.9074,-0.0491, 0.0653, 0.1473],[-37.9103,-38.7376,-36.7686,-38.2285,-37.3207],[-0.9067,-0.0508, 0.0653, 0.1456],0.4013
2302,[-0.9057, 0.0459,-0.0667, 0.1554],[-27.5976,-26.8608,-28.5835,-28.1874,-27.4275],[-0.9049, 0.0481,-0.0672, 0.1541],0.3938
2310,[-0.9077, 0.0642,-0.0413, 0.173 ],[-14.5361,-15.5444,-14.3726,-16.0344,-14.7321],[-0.9071, 0.0603,-0.0359, 0.1693],0.4121
2312,[-0.9063, 0.0759,-0.0833, 0.1643],[-25.132 ,-23.9565,-26.613 ,-25.6485,-23.6138],[-0.9056, 0.0759,-0.0799, 0.16  ],0.3777
2314,[-0.9018, 0.1422,-0.1771, 0.1675],[-2.7911, 0.0058,-4.1233,-3.2638,-1.3669],[-0.9005, 0.1447,-0.1761, 0.163 ],0.2793
2316,[-0.8745, 0.138 ,-0.2946, 0.1892],[-1.5842,-1.1442,-2.2197,-0.76  ,-0.9629],[-0.8692, 0.1497,-0.319 , 0.2039],0.1073
2320,[-0.9086,-0.0619, 0.0456, 0.1634],[-17.2465,-16.2491,-17.9592,-17.711 ,-16.3537],[-0.908 ,-0.0591, 0.0427, 0.1604],0.4139
2321,[-0.9065,-0.0703, 0.0813, 0.1584],[-30.7272,-32.396 ,-29.6782,-31.27  ,-29.2675],[-0.9057,-0.0709, 0.0793, 0.1527],0.3808
2323,[-0.9022,-0.1458, 0.1791, 0.1586],[-1.5694,-4.3089,-0.6261,-2.9764,-0.1814],[-0.9009,-0.1482, 0.1781, 0.1581],0.2784
2330,[-0.9109, 0.1694,-0.0424, 0.2323],[-1.8466,-2.7718,-1.4274,-2.5563,-2.5876],[-0.9115, 0.1526,-0.0425, 0.2179],0.3843
2332,[-0.9047, 0.1932,-0.1322, 0.1765],[-2.4135,-3.1688,-2.168 ,-2.8195,-1.7438],[-0.9053, 0.1833,-0.1158, 0.1739],0.3088
2334,[-0.8988, 0.2001,-0.2043, 0.1684],[ 2.1684, 3.0668,-1.07  , 0.7209, 3.4921],[-0.8983, 0.1984,-0.1953, 0.1637],0.2372
2340,[-0.9016,-0.1921, 0.0465, 0.2029],[-3.6651,-3.2601,-4.5142,-4.3377,-3.6377],[-0.9028,-0.1748, 0.0467, 0.1894],0.3343
2341,[-0.9045,-0.1928, 0.1365, 0.1952],[-3.257 ,-2.6158,-3.7466,-3.4642,-1.9289],[-0.9049,-0.1842, 0.1268, 0.191 ],0.3011
2343,[-0.9025,-0.2155, 0.2132, 0.1921],[ 0.7788,-2.1619, 1.1418,-0.2614, 0.1236],[-0.902 ,-0.2128, 0.2043, 0.1934],0.2397
2345,[-0.903 ,-0.2232, 0.2785, 0.1736],[ 0.7166,-1.7704, 2.9878,-1.0391, 2.805 ],[-0.901 ,-0.2263, 0.2763, 0.1762],0.1962
2354,[-0.9066, 0.3107,-0.248 , 0.1744],[ 2.591 , 0.7565,-0.1894, 1.4837, 1.0484],[-0.9085, 0.3009,-0.2235, 0.1847],0.2123
2356,[-0.9047, 0.3097,-0.3252, 0.1747],[ 0.1183,12.1546,-1.0335, 0.8121, 2.1926],[-0.904 , 0.3079,-0.3144, 0.1817],0.1501
2361,[-0.9061,-0.2872, 0.1426, 0.1472],[-2.2409,-1.1832,-3.371 ,-2.0812,-2.0157],[-0.9096,-0.2666, 0.1041, 0.1472],0.2907
2363,[-0.8998,-0.3019, 0.2493, 0.1727],[3.5966,5.4523,2.4573,9.2545,1.8392],[-0.901 ,-0.2948, 0.2388, 0.1865],0.1826
2365,[-0.8985,-0.3266, 0.3291, 0.1711],[ 0.3446,-0.2984,10.8203, 0.2347, 0.5541],[-0.8983,-0.3238, 0.3159, 0.1835],0.125
2367,[-0.9073,-0.3361, 0.3933, 0.1353],[ 0.1635,-1.911 ,-0.1531, 1.0715,-0.9923],[-0.905 ,-0.3372, 0.39  , 0.1492],0.1037
2400,[-0.9076,-0.0363, 0.0309, 0.0594],[1.7539e+00,1.0363e+00,1.1538e+00,3.6347e-01,6.8265e+02],[-0.9074,-0.0352, 0.0284, 0.046 ],0.4215
2401,[-0.9084,-0.0459, 0.0661, 0.0697],[ 4.1681e-02,-7.0660e-01, 1.0180e+02,-2.4296e-01, 1.0414e+00],[-0.908 ,-0.0484, 0.066 , 0.0634],0.408
2402,[-0.904 , 0.0313,-0.0716, 0.0519],[-34.8285,-33.6897,-35.7704,-35.507 ,-34.3701],[-0.9035, 0.0365,-0.0745, 0.0438],0.3896
2403,[-0.9038,-0.0426, 0.1688, 0.1163],[-3.2605,-4.1134,-2.8347,-3.2634,-3.0159],[-0.9012,-0.0603, 0.202 , 0.1012],0.3085
2404,[-0.8979, 0.0549,-0.1792, 0.0234],[-3.5713,-3.0796,-3.8936,-3.4965,-3.4422],[-0.8961, 0.0684,-0.1786, 0.0382],0.2951
2410,[-0.907 , 0.0648,-0.041 , 0.0574],[-19.8069,-20.895 ,-19.5295,-21.0757,-20.776 ],[-0.9069, 0.061 ,-0.0359, 0.0491],0.411
2411,[-0.9092, 0.0657, 0.0584, 0.0177],[-5.3076,-5.5872,-5.009 ,-5.3657,-5.4994],[-0.9091, 0.0494, 0.0578, 0.0326],0.4165
2412,[-0.9064, 0.0789,-0.0876, 0.0698],[ 1.2219, 2.7765,-4.1661,-2.3964, 9.687 ],[-0.9061, 0.0793,-0.0839, 0.0602],0.3765
2414,[-0.9036, 0.1434,-0.1837, 0.0594],[-3.3207,-1.228 ,-5.5288,-3.5288,-1.1768],[-0.9026, 0.1474,-0.1832, 0.0615],0.2828
2420,[-0.9075,-0.062 , 0.0448, 0.0597],[ 3.4884,-0.1753,-1.708 ,-1.0702,35.1422],[-0.9074,-0.0589, 0.0385, 0.0478],0.413
2421,[-0.9064,-0.074 , 0.0859, 0.0594],[ 1.8241e+00,-7.0413e-02, 5.0965e+00, 4.8386e-01, 1.9567e+02],[-0.9061,-0.0751, 0.0842, 0.0476],0.3779
2422,[-0.9001,-0.0621,-0.0629, 0.0608],[-4.2537,-3.9541,-4.3054,-4.1177,-4.3201],[-0.8999,-0.0472,-0.0615, 0.0532],0.375
2423,[-0.9004,-0.1398, 0.1823, 0.0453],[-0.883 ,-4.1555, 2.5947,-2.6907, 0.1536],[-0.8994,-0.1442, 0.1831, 0.0456],0.2722
2432,[-0.9   , 0.1833,-0.1395, 0.0565],[-4.4606,-4.9114,-5.2743,-4.9911,-4.2456],[-0.9007, 0.1769,-0.1277, 0.0542],0.2877
2434,[-0.9003, 0.2   ,-0.2151, 0.0568],[ 0.488 , 3.097 ,-1.9836, 0.341 , 2.3135],[-0.8999, 0.2003,-0.2086, 0.0577],0.2362
2436,[-0.8778, 0.2239,-0.2831, 0.0135],[ 1.7426, 5.9129,-1.4765, 0.5102, 0.0464],[-0.876 , 0.2284,-0.2857, 0.0021],0.1096
2441,[-0.8987,-0.1848, 0.1362, 0.0624],[-0.9384,-0.8281,-1.7187,-1.3612, 0.3815],[-0.8996,-0.1775, 0.1204, 0.0553],0.2862
2443,[-0.8978,-0.1881, 0.2076, 0.0653],[ 2.4976,-1.3823, 7.0845, 1.1124, 2.32  ],[-0.8972,-0.1889, 0.2015, 0.064 ],0.2349
2445,[-0.911 ,-0.2769, 0.3061, 0.0656],[-0.671 ,-0.8645, 9.6956, 1.2295,-0.3843],[-0.9101,-0.278 , 0.2984, 0.0695],0.1928
2454,[-0.9079, 0.3064,-0.2546, 0.0399],[0.6004,1.0103,0.18  ,1.3666,0.6739],[-0.9097, 0.3   ,-0.24  , 0.042 ],0.2092
2456,[-0.9058, 0.3403,-0.339 , 0.0616],[ 0.2321, 7.7891,-0.0632, 1.6266, 0.3632],[-0.906 , 0.3384,-0.3276, 0.0697],0.1359
2458,[-0.9071, 0.347 ,-0.3917, 0.0404],[ 1.1426, 3.4076,-1.5613, 1.4576,-0.305 ],[-0.9055, 0.3485,-0.3872, 0.0534],0.1012
2463,[-0.9025,-0.3257, 0.2453, 0.0589],[1.8243,1.092 ,1.3122,4.2275,2.2486],[-0.9051,-0.3172, 0.233 , 0.0689],0.1885
2465,[-0.8987,-0.3396, 0.3208, 0.0465],[-9.5806e-04,-6.7280e-01, 4.3382e+00, 5.5765e+00, 2.6240e-01],[-0.8997,-0.3367, 0.3074, 0.0592],0.127
2467,[-0.8799,-0.3621, 0.4099, 0.0623],[-0.0403,-1.6741, 3.0325, 2.0851,-0.5215],[-0.8781,-0.363 , 0.4045, 0.0751],0.012
2485,[-0.8882,-0.3903, 0.3733, 0.0579],[ 0.8179,-0.0956, 1.4519, 2.0064,-0.1582],[-0.8893,-0.3882, 0.3599, 0.0573],0.0488
2487,[-0.8876,-0.3925, 0.4002, 0.0209],[ 0.7238,-0.5862, 6.8574, 1.4478, 0.0797],[-0.8876,-0.392 , 0.3904, 0.0359],0.0293
2500,[-0.9078,-0.0266, 0.0157,-0.0559],[  1.7755,677.0571,  6.0601,  1.3714,  1.1757],[-0.9082,-0.0254, 0.0167,-0.0687],0.4313
2501,[-0.9072,-0.0442, 0.0686,-0.0576],[-23.4209,-25.0482,-19.774 ,-25.1483,-24.2593],[-0.9073,-0.0477, 0.0701,-0.0678],0.4033
2502,[-0.9055, 0.0313,-0.0695,-0.0647],[-2.7361e-02, 7.0331e+01,-1.1538e+00,-2.2131e-01, 1.1526e+00],[-0.9056, 0.0366,-0.0715,-0.0765],0.4002
2503,[-0.9046,-0.0484, 0.1847,-0.0694],[-3.137 ,-2.9498,-2.7148,-3.1654,-2.8377],[-0.903 ,-0.0651, 0.1858,-0.0695],0.3213
2510,[-0.9064, 0.0662,-0.0415,-0.059 ],[-20.8743,-20.9086,-19.6664,-21.0038,-20.0302],[-0.9069, 0.0627,-0.0382,-0.0681],0.409
2512,[-0.9033, 0.079 ,-0.0893,-0.0649],[ 0.3371, 6.8165,-0.9826, 0.3619, 4.99  ],[-0.9036, 0.0801,-0.0869,-0.0747],0.3639
2514,[-0.8955, 0.1399,-0.179 ,-0.0512],[-0.0319, 0.1172,-3.2297, 0.2717,-1.5581],[-0.8949, 0.1443,-0.1796,-0.0483],0.257
2520,[-0.9065,-0.0648, 0.0463,-0.0719],[  0.7863,109.7572,  0.7681,  0.5632,  1.6556],[-0.907 ,-0.0625, 0.0458,-0.0823],0.4063
2521,[-0.9062,-0.0789, 0.0886,-0.0651],[ 1.2259e+00,-1.6524e-01, 5.3237e+02, 3.3590e+00, 2.0419e+00],[-0.9065,-0.08  , 0.0862,-0.0745],0.3765
2523,[-0.8986,-0.1421, 0.1792,-0.0598],[ 0.5409,-1.7854,18.0502, 4.4499,-0.0421],[-0.8981,-0.1466, 0.1803,-0.0631],0.2675
2532,[-0.8989, 0.1766,-0.1457,-0.0384],[-2.3512,-2.476 ,-2.5432,-2.1615,-1.7057],[-0.8997, 0.1727,-0.1382,-0.0465],0.2808
2534,[-0.9024, 0.2076,-0.2232,-0.0408],[ 1.457 , 3.2777,-1.1889, 3.5938, 1.1962],[-0.9023, 0.2089,-0.2179,-0.0339],0.236
2536,[-0.8984, 0.25  ,-0.2888,-0.0487],[-0.6803, 6.3281,-0.975 , 1.4996,-0.3402],[-0.8974, 0.2534,-0.2863,-0.0382],0.168
2540,[-0.9012,-0.1702, 0.0455,-0.1031],[-1.7165,-0.6103,-2.0205,-1.4206,-1.1371],[-0.9032,-0.1559, 0.0475,-0.0873],0.3446
2541,[-0.8978,-0.1778, 0.1417,-0.0717],[ 1.6422,-0.783 , 0.5614, 0.031 ,-0.1485],[-0.8989,-0.1727, 0.1281,-0.075 ],0.2829
2543,[-0.8946,-0.1857, 0.2078,-0.0718],[ 2.3049,-0.4826, 2.7763, 2.3504,11.2877],[-0.8944,-0.188 , 0.2044,-0.0813],0.2244
2545,[-0.9061,-0.2698, 0.3101,-0.0807],[-0.611 ,-1.1295, 7.3758, 2.8173, 0.205 ],[-0.9049,-0.2739, 0.3121,-0.0653],0.1705
2554,[-0.9098, 0.2894,-0.2174,-0.005 ],[0.7701,1.2146,0.3397,1.5782,0.8723],[-0.9123, 0.2797,-0.1941, 0.0106],0.2508
2556,[-0.9065, 0.3282,-0.3401,-0.0646],[ 1.1426, 3.649 ,-0.3156, 1.8817,-0.2676],[-0.9064, 0.329 ,-0.3325,-0.0506],0.1396
2558,[-0.9085, 0.355 ,-0.3998,-0.015 ],[ 0.045 , 1.4278,-1.2998, 2.6455,-0.3717],[-0.9069, 0.3574,-0.3959,-0.009 ],0.0971
2563,[-0.9078,-0.31  , 0.2601,-0.0245],[1.0435,0.8055,1.8432,0.4753,1.0697],[-0.9099,-0.304 , 0.241 ,-0.0176],0.2074
2565,[-0.899 ,-0.3457, 0.351 ,-0.051 ],[ 1.5415,-0.6687,10.8319, 2.3542, 0.7698],[-0.8992,-0.3459, 0.3423,-0.0377],0.1053
2567,[-0.8929,-0.3677, 0.4055,-0.0835],[-0.7148,-1.2325, 4.1011, 0.8401,-0.4483],[-0.8917,-0.37  , 0.4015,-0.0694],0.0459
2585,[-0.8994,-0.3903, 0.3774,-0.0266],[0.7965,0.1729,0.825 ,1.5215,0.2229],[-0.9004,-0.3892, 0.3652,-0.0111],0.0778
2587,[-0.8979,-0.3905, 0.4072,-0.0451],[-0.0232,-0.6779, 3.0712, 3.637 ,-1.2672],[-0.8976,-0.3912, 0.3995,-0.0311],0.0533
2600,[-0.9073,-0.006 , 0.0028,-0.158 ],[ 1.9931, 8.4351,70.0104, 1.1815, 1.9673],[-9.0797e-01,-5.3381e-03, 8.8065e-04,-1.6582e-01],0.4349
2601,[-0.9065,-0.0443, 0.0733,-0.1436],[-26.5166,-27.647 ,-25.9679,-26.7004,-26.2786],[-0.9069,-0.0487, 0.0752,-0.1504],0.3986
2602,[-0.9075, 0.0443,-0.0677,-0.1621],[ 0.8098,41.6266,-0.9176, 1.1239,-0.3159],[-0.908 , 0.0481,-0.0699,-0.1687],0.4064
2610,[-0.9052, 0.0695,-0.0386,-0.179 ],[-1.7428,-3.1523,-0.5775,-1.8551,-2.6305],[-0.9062, 0.0652,-0.0335,-0.1823],0.4065
2612,[-0.9058, 0.0814,-0.0914,-0.1676],[ 5.6209e-01, 1.3255e+02,-1.1445e-01, 9.3972e-01, 9.3438e-01],[-0.9065, 0.0828,-0.088 ,-0.1748],0.3745
2614,[-0.8968, 0.1424,-0.1778,-0.1601],[ 1.0951, 6.9427,-1.4824, 1.24  ,-0.2626],[-0.8968, 0.1472,-0.1781,-0.1625],0.2627
2620,[-0.907 ,-0.065 , 0.0477,-0.1638],[  0.9881,199.5279,  1.1709,  1.4024,  0.2508],[-0.9079,-0.0632, 0.0481,-0.1707],0.4092
2621,[-0.9069,-0.0802, 0.0856,-0.1635],[1.4157e+01,3.1220e-02,2.0355e+02,1.2634e+00,1.0870e+00],[-0.9076,-0.0812, 0.0833,-0.1713],0.3824
2623,[-0.9012,-0.1465, 0.1808,-0.1867],[-0.1237,-1.2409, 6.6941,-0.2285,-0.0624],[-0.9013,-0.1518, 0.1825,-0.1932],0.276
2632,[-0.9037, 0.171 ,-0.1516,-0.1862],[0.4469,0.3964,0.1897,0.2971,0.4215],[-0.905 , 0.169 ,-0.144 ,-0.1871],0.3002
2634,[-0.9048, 0.1853,-0.2094,-0.1657],[ 1.1856, 5.9353,-0.4285, 2.8109, 0.5279],[-0.9048, 0.189 ,-0.2084,-0.1604],0.2593
2636,[-0.9068, 0.2391,-0.2892,-0.1651],[ 1.5331, 0.9608,-1.4139, 1.1333,-0.9753],[-0.9057, 0.2455,-0.2917,-0.1501],0.1962
2640,[-0.8962,-0.1695, 0.0509,-0.1326],[-0.4428, 0.1945,-0.9147,-0.1363,-0.7128],[-0.8983,-0.1569, 0.0546,-0.1163],0.3202
2641,[-0.9005,-0.18  , 0.1429,-0.1927],[ 0.0451,-0.7758,-0.1401,10.0674, 0.3066],[-0.9021,-0.1752, 0.1289,-0.1872],0.2936
2643,[-0.8973,-0.1893, 0.1991,-0.1905],[ 0.4907, 0.3105,68.2886, 1.9149, 1.8069],[-0.8979,-0.1911, 0.1942,-0.1926],0.2402
2645,[-0.9081,-0.2554, 0.3044,-0.1997],[-0.2257,-1.7016, 8.1062, 1.078 ,-0.1177],[-0.9071,-0.2621, 0.3079,-0.1846],0.1853
2656,[-0.9059, 0.3346,-0.359 ,-0.1872],[ 4.0899, 1.6191,-0.3502, 1.2651,-0.1445],[-0.9056, 0.3379,-0.3537,-0.1735],0.1225
2665,[-0.904 ,-0.3186, 0.3679,-0.1788],[ 2.6563,-0.8343, 1.9209, 4.4559, 0.1953],[-0.9025,-0.3239, 0.3693,-0.1641],0.1124
2667,[-0.8976,-0.352 , 0.4077,-0.1798],[-0.6666,-1.2995, 3.0083, 6.2146,-0.6811],[-0.8958,-0.3568, 0.4083,-0.1641],0.0597
2700,[-0.9044, 0.0124, 0.0032,-0.3132],[-0.1734, 0.6939, 1.8249, 2.4929, 0.0963],[-0.9058, 0.0102, 0.004 ,-0.3033],0.4325
2701,[-0.9012,-0.0269, 0.0694,-0.2976],[-2.5585,-3.2783,-1.1803,-1.9319,-2.7501],[-0.9022,-0.034 , 0.0758,-0.2914],0.3852
2702,[-0.9055, 0.0366,-0.0818,-0.2741],[-3.9988,-2.7754,-4.3281,-3.5141,-4.0547],[-0.9063, 0.044 ,-0.0875,-0.2703],0.3922
2710,[-0.9042, 0.07  ,-0.0413,-0.3032],[ 0.7989, 0.4242,29.0052, 2.3524, 0.8129],[-0.9057, 0.0667,-0.04  ,-0.2995],0.4013
2712,[-0.9049, 0.0886,-0.0862,-0.3048],[ 0.8834,42.5891, 1.291 , 0.7803, 1.2538],[-0.9063, 0.0888,-0.0821,-0.3028],0.3734
2714,[-0.9072, 0.1431,-0.1766,-0.303 ],[ 0.6804, 0.7951,-1.1492, 2.09  ,-0.6327],[-0.9077, 0.1493,-0.1784,-0.2909],0.3041
2720,[-0.9041,-0.0726, 0.044 ,-0.2951],[ 1.7249e+00, 8.1157e+01,-2.4322e-02, 1.4907e+00, 3.3200e-01],[-0.9056,-0.0695, 0.0439,-0.2876],0.3978
2721,[-0.9007,-0.0906, 0.0899,-0.3017],[  0.5755,  0.7665,109.9509,  1.4115,  0.8524],[-0.902 ,-0.0909, 0.0854,-0.2967],0.353
2723,[-0.9053,-0.1456, 0.1839,-0.2764],[ 3.5012,-1.2791, 0.9254, 4.2277,-0.4025],[-0.9055,-0.1523, 0.1872,-0.2767],0.2901
2732,[-0.907 , 0.1673,-0.1558,-0.2621],[0.6301,0.1964,0.1885,1.934 ,0.0632],[-0.9084, 0.1669,-0.1495,-0.2746],0.3124
2741,[-0.8957,-0.191 , 0.1402,-0.2712],[ 1.6704,-0.1867, 0.1134, 1.8266,-0.1082],[-0.898 ,-0.1859, 0.1283,-0.2615],0.2735
2743,[-0.9018,-0.1957, 0.2105,-0.2739],[ 1.4596,-0.1304, 5.913 ,10.2598, 0.5798],[-0.9025,-0.199 , 0.2074,-0.2681],0.2473
2745,[-0.9078,-0.2492, 0.3342,-0.323 ],[ 0.225 ,-1.7714, 1.2041, 0.907 ,-1.1726],[-0.9056,-0.2606, 0.343 ,-0.3091],0.1646
2756,[-0.9083, 0.3067,-0.3486,-0.2951],[ 0.1989, 4.4257,-0.5006, 0.7294,-0.6076],[-0.9075, 0.3132,-0.3492,-0.2799],0.1425
2765,[-0.9062,-0.297 , 0.3677,-0.2767],[ 0.7463,-0.389 , 2.8929, 0.568 ,-0.2579],[-0.904 ,-0.3055, 0.3751,-0.2608],0.123
2767,[-0.9061,-0.3318, 0.3998,-0.2697],[-0.1971,-1.6521, 1.3782, 0.582 ,-1.0994],[-0.9037,-0.3393, 0.406 ,-0.2539],0.0914
2787,[-0.9105,-0.4125, 0.426 ,-0.2795],[ 1.2991,-1.2224, 2.6661, 1.8617,-1.3319],[-0.9106,-0.4167, 0.4217,-0.2651],0.0665
2800,[-0.8983, 0.0242, 0.0028,-0.4356],[ 1.3849, 1.6906,39.1366, 1.3477, 1.0903],[-0.9002, 0.021 , 0.0029,-0.4217],0.4095
2801,[-0.8817,-0.0385, 0.0778,-0.4631],[-0.0397,-1.3142,-0.4969, 1.0159,-0.5021],[-0.8834,-0.0444, 0.082 ,-0.4527],0.2988
2802,[-0.8955, 0.0195,-0.0814,-0.4423],[-0.1169, 5.5504,-0.3458, 0.5221,-0.3169],[-0.897 , 0.029 ,-0.0876,-0.4308],0.3585
2810,[-0.8928, 0.0649,-0.0355,-0.4485],[1.3934,0.5063,2.003 ,6.6605,2.733 ],[-0.8949, 0.0608,-0.0259,-0.4343],0.3627
2812,[-0.8945, 0.0869,-0.0909,-0.4417],[ 1.3151,23.5373, 0.6774, 1.8875, 0.9428],[-0.8962, 0.0887,-0.0902,-0.4269],0.3272
2814,[-0.909 , 0.1428,-0.181 ,-0.4566],[ 0.6725, 1.2743,-0.2844, 2.3843,-0.6858],[-0.9099, 0.1511,-0.1849,-0.4431],0.3089
2820,[-0.8992,-0.0759, 0.043 ,-0.4383],[ 0.1869, 9.3648, 0.1854, 2.189 ,-0.1085],[-0.9013,-0.0721, 0.0396,-0.424 ],0.3807
2821,[-0.8942,-0.0902, 0.0947,-0.4463],[ 1.6245, 0.8328, 4.3037,22.7161, 0.0708],[-0.8961,-0.0915, 0.0904,-0.4305],0.3255
2823,[-0.9087,-0.1571, 0.1826,-0.3864],[-0.1561,-1.2026, 0.075 , 0.8495,-0.4681],[-0.9097,-0.1638, 0.189 ,-0.4035],0.2996
2834,[-0.9107, 0.1707,-0.2055,-0.4311],[ 1.4387e+00, 4.0267e+00,-6.5719e-04, 1.8017e+00, 8.6225e-01],[-0.9114, 0.1784,-0.2082,-0.4137],0.2902
2841,[-0.8859,-0.1818, 0.1286,-0.4334],[0.7029,0.3468,0.6131,1.3615,0.6703],[-0.8888,-0.1778, 0.1225,-0.4195],0.2438
2843,[-0.8977,-0.2006, 0.1869,-0.4382],[ 1.0184,-0.0409, 1.0729, 1.9053, 0.276 ],[-0.8997,-0.2022, 0.186 ,-0.4247],0.2453
2900,[-0.9007, 0.033 , 0.0089,-0.6504],[  1.5745,  0.6345,592.5147,  1.6387, -0.7484],[-0.9036, 0.0273, 0.0115,-0.6337],0.4225
2901,[-0.8777,-0.0344, 0.0771,-0.6404],[ 7.8758e-01,-2.9614e-02, 9.2196e+01, 2.0675e+00, 3.2275e-01],[-0.8801,-0.0409, 0.0812,-0.6246],0.2875
2902,[-0.892 , 0.0304,-0.0746,-0.6388],[-3.3547,-2.2457,-5.384 ,-3.5665,-5.7809],[-0.8944, 0.0381,-0.0803,-0.6244],0.3469
2910,[-0.885 , 0.0669,-0.0377,-0.7389],[ -0.8776,  1.5874,  0.7864,175.7517, -1.5444],[-0.8884, 0.0635,-0.0294,-0.7218],0.3332
2912,[-0.884 , 0.0769,-0.0712,-0.7351],[-1.5798, 6.9946,-2.6842,70.7961,-1.9231],[-0.8872, 0.0781,-0.0716,-0.7188],0.3038
2914,[-0.9096, 0.1363,-0.1801,-0.5757],[-0.5195, 7.5786,-1.0129, 1.5043,-0.7625],[-0.9107, 0.1473,-0.193 ,-0.5575],0.3098
2920,[-0.8918,-0.0732, 0.0428,-0.6051],[ 0.2596, 3.2025,-1.0172, 6.8911,-1.126 ],[-0.8947,-0.0695, 0.0356,-0.5893],0.3543
2921,[-0.8894,-0.0881, 0.1032,-0.5995],[ 8.1145e-01,-2.4938e-01, 1.6049e+02, 3.3338e+00,-1.3292e-01],[-0.8917,-0.0915, 0.1019,-0.5878],0.3026
2922,[-0.8981,-0.0589,-0.0571,-0.559 ],[-0.6486, 0.1701,-0.5434,-0.646 ,-0.7854],[-0.9005,-0.0441,-0.0557,-0.5405],0.3814
2923,[-0.882 ,-0.1495, 0.1824,-0.7593],[ 0.4544,-1.7393, 1.1414, 3.0654,-0.6516],[-0.8842,-0.1572, 0.1853,-0.7412],0.2103
2934,[-0.9101, 0.1691,-0.2028,-0.508 ],[ 0.8618, 2.1646,-0.4558, 5.7743,-0.547 ],[-0.9113, 0.1778,-0.2071,-0.5174],0.2904
2941,[-0.8864,-0.1846, 0.1586,-0.6248],[ 1.2705,-0.1184, 1.3634, 2.8274,-0.2461],[-0.8894,-0.1855, 0.16  ,-0.6063],0.2268
2943,[-0.8864,-0.1927, 0.1863,-0.6369],[ 0.0326,-0.9067, 4.4296, 8.1604,-0.2134],[-0.889 ,-0.1956, 0.1835,-0.6182],0.211
3200,[-0.8628, 0.0073,-0.0353, 0.3293],[-0.5739,-0.1445,-0.5146,-1.5478, 0.3383],[-0.8613, 0.0102,-0.0433, 0.3234],0.242
3202,[-0.8589, 0.015 ,-0.057 , 0.3249],[-0.8593,-1.0009,-1.71  ,-1.4855,-0.3253],[-0.8573, 0.0179,-0.0526, 0.3383],0.221
3238,[-0.8363, 0.1957,-0.4328, 0.2671],[-1.1283,-0.245 ,-1.3089,-0.5303,-1.0029],[-0.8273, 0.2039,-0.4463, 0.2719],-0.0654
3300,[-0.8657,-0.0403, 0.0276, 0.1475],[ 0.5883,-0.0966, 0.0212,-1.1484, 1.7037],[-0.8651,-0.0385, 0.0215, 0.1331],0.2476
3314,[-0.8638, 0.1319,-0.1912, 0.1519],[-1.0725,-0.9942,-2.3758,-1.484 , 0.4453],[-0.8621, 0.1361,-0.1925, 0.1379],0.1398
3316,[-0.8632, 0.161 ,-0.3438, 0.2181],[-1.4868,-1.2423,-2.1884,-1.8029,-1.6244],[-0.8565, 0.1718,-0.369 , 0.2317],0.0432
3332,[-0.8664, 0.1781,-0.1455, 0.1495],[-1.1592,-1.297 ,-0.3666,-0.9987, 0.027 ],[-0.8667, 0.1733,-0.128 , 0.1495],0.1653
3334,[-0.8664, 0.1843,-0.1748, 0.1345],[-0.4967, 1.4072,-1.7282,-0.395 , 2.481 ],[-0.8663, 0.1818,-0.1611, 0.1345],0.1477
3336,[-0.853 , 0.1771,-0.3816, 0.2383],[-0.7992, 3.7181,-1.5497, 0.2474, 2.8514],[-0.8451, 0.1869,-0.4071, 0.2527],-0.0056
3400,[-0.8634,-0.04  , 0.0277, 0.0716],[ 0.634 , 1.0101, 1.5044,-1.2364, 4.641 ],[-0.8631,-0.0385, 0.0244, 0.0569],0.2381
3401,[-0.8658,-0.0525, 0.0749, 0.0575],[-1.4775,-2.7089, 0.3208,-2.206 ,-0.372 ],[-0.8655,-0.0545, 0.076 , 0.0441],0.2276
3402,[-0.8626, 0.0085,-0.0682, 0.0528],[-1.1144, 0.9908,-1.6287,-1.9454,-0.5087],[-0.8621, 0.014 ,-0.0693, 0.0389],0.2334
3412,[-0.8542, 0.1547,-0.1565, 0.0222],[ 0.3389, 1.5291,-1.0681,-1.2508, 2.0033],[-0.8543, 0.154 ,-0.1459, 0.0076],0.1259
3414,[-0.8568, 0.1489,-0.1854, 0.0819],[-0.7288, 3.3518,-2.0931,-1.7058,-0.5628],[-0.8559, 0.151 ,-0.1809, 0.0686],0.119
3421,[-0.865 ,-0.0576, 0.0783, 0.0215],[-0.2824,-1.166 , 1.236 ,-0.8442, 2.1611],[-0.8648,-0.0595, 0.0789, 0.0065],0.2221
3423,[-0.8647,-0.0887, 0.195 , 0.1064],[ 0.8577,-2.1594, 1.0199,-0.803 ,-0.335 ],[-0.8621,-0.0985, 0.2136, 0.0913],0.1461
3432,[-0.8657, 0.1923,-0.1543, 0.0463],[-0.8921,-1.63  ,-1.2696,-1.5274, 0.1161],[-0.8664, 0.1888,-0.1515, 0.0454],0.149
3434,[-0.8636, 0.2028,-0.1829, 0.012 ],[ 0.1675, 5.4384,-0.9018,-0.4461, 0.0967],[-0.8642, 0.2   ,-0.1682, 0.0266],0.1312
3500,[-0.8635,-0.0398, 0.0258,-0.0659],[ 0.2222, 0.1984, 0.7646,-1.7607, 1.5184],[-0.8639,-0.0381, 0.0209,-0.0803],0.2496
3502,[-0.861 , 0.0415,-0.0743,-0.0581],[-1.4547, 0.864 ,-2.1262,-1.4557,-1.0998],[-0.861 , 0.0447,-0.0754,-0.0703],0.2156
3510,[-0.8612, 0.1187,-0.0227,-0.0972],[-2.7781,-3.8472,-1.8939,-3.8588,-2.6979],[-0.8626, 0.1088,-0.0083,-0.1124],0.2217
3512,[-0.8579, 0.1203,-0.0952,-0.0605],[ 0.0612, 0.282 ,-1.912 ,-1.3833, 0.9144],[-0.8588, 0.1172,-0.0816,-0.0739],0.1783
3521,[-0.865 ,-0.0693, 0.0935,-0.0678],[ 0.4682,-2.1191, 0.5906,-1.6271,-0.1652],[-0.8651,-0.0719, 0.0963,-0.0826],0.2115
3523,[-0.8655,-0.1623, 0.2038,-0.0745],[ 1.7457,-1.8973, 2.0359,-0.9466,-1.1579],[-0.865 ,-0.1658, 0.2011,-0.0832],0.134
3534,[-0.8639, 0.2003,-0.2264,-0.0409],[ 0.9263, 3.9922,-1.0888, 0.1174,-0.0834],[-0.8635, 0.202 ,-0.22  ,-0.0369],0.1083
3543,[-0.8648,-0.1723, 0.1841,-0.1066],[ 0.7738,-0.8328, 4.5449, 0.6931, 0.7039],[-0.8651,-0.1732, 0.1759,-0.1137],0.1415
3565,[-0.866 ,-0.3592, 0.3674,-0.0434],[ 0.7124,-0.9058, 2.6602, 1.0691,-0.2794],[-0.8662,-0.3593, 0.3568,-0.0301],0.0015
3600,[-0.8661,-0.0288, 0.0063,-0.1361],[-2.9743,-1.9261,-2.0594,-2.8961,-1.3405],[-0.8668,-0.0271, 0.0098,-0.1519],0.2692
3610,[-0.8649, 0.075 ,-0.03  ,-0.1589],[-2.7714,-3.5721,-2.1586,-3.1771,-2.4336],[-0.8659, 0.0713,-0.0326,-0.1695],0.2398
3612,[-0.864 , 0.0595,-0.0644,-0.1492],[-0.1739, 1.6263,-1.3451,-0.7631, 2.8726],[-0.8647, 0.06  ,-0.0622,-0.1522],0.228
3621,[-0.8657,-0.086 , 0.1306,-0.1438],[-0.1685,-2.3755,-0.3711,-1.2822,-0.3358],[-0.8657,-0.0907, 0.1335,-0.1583],0.192
3623,[-0.8646,-0.1021, 0.1709,-0.1626],[-1.1077,-1.6435, 2.477 ,-1.2676,-0.351 ],[-0.864 ,-0.1092, 0.1758,-0.179 ],0.1628
3641,[-0.8664,-0.1733, 0.1565,-0.1273],[ 0.1109,-0.1577,-0.0286,-0.4829, 0.5601],[-0.8675,-0.1713, 0.1435,-0.1333],0.1625
3700,[-0.8606,-0.045 , 0.0042,-0.3571],[-0.5371, 0.4312,-0.3111,-1.0113,-0.6159],[-8.6218e-01,-4.1053e-02,-4.0379e-04,-3.5156e-01],0.2319
3702,[-0.8619,-0.0045,-0.078 ,-0.3679],[-1.0739,-0.8314,-2.311 ,-1.1433,-0.8945],[-0.863 , 0.0047,-0.087 ,-0.3763],0.2307
3720,[-0.8599,-0.0607, 0.0358,-0.3583],[-0.404 ,-0.3338,-1.6735,-1.249 ,-1.1082],[-0.8615,-0.0587, 0.0346,-0.3588],0.2237
3721,[-0.8641,-0.0639, 0.0587,-0.3612],[ 0.4902,-1.0153, 1.0536, 1.3174, 1.1168],[-0.8657,-0.0639, 0.0571,-0.3629],0.2322
3741,[-0.8659,-0.2679, 0.1195,-0.3456],[0.7854,0.4913,0.1373,0.9536,0.1772],[-0.8706,-0.2578, 0.1243,-0.329 ],0.146
3761,[-0.8582,-0.2829, 0.1552,-0.3548],[0.0973,0.5423,0.0524,0.2001,0.1072],[-0.8633,-0.2732, 0.1319,-0.3543],0.1142
3763,[-0.8442,-0.3014, 0.1982,-0.3507],[0.5641,0.1176,0.7736,0.7162,0.2292],[-0.8487,-0.296 , 0.1868,-0.3441],0.0435
3800,[-0.8588,-0.0254, 0.0418,-0.4509],[0.9859,0.4003,0.676 ,1.4512,0.0058],[-0.8607,-0.0276, 0.044 ,-0.4359],0.232
3801,[-0.865 ,-0.0319, 0.0659,-0.4729],[-0.5022,-0.9171, 0.2147,-0.054 ,-0.2754],[-0.8668,-0.0361, 0.0672,-0.4561],0.2432
3802,[-0.8638, 0.0117,-0.0923,-0.3942],[ 0.1385, 0.9786,-1.1507, 0.6606, 0.2898],[-0.8649, 0.0209,-0.1001,-0.3986],0.2274
3810,[-0.8568, 0.0653,-0.0418,-0.4721],[1.2394,0.8193,3.0559,1.303 ,0.5935],[-0.859 , 0.0636,-0.0409,-0.4682],0.2155
3812,[-0.8491, 0.0694,-0.0603,-0.4834],[1.3516,5.9127,0.2942,2.0202,1.3258],[-0.8513, 0.0691,-0.0571,-0.4746],0.1804
3820,[-0.8496,-0.0695, 0.0428,-0.4541],[ 0.3411, 1.2072, 0.1569, 0.1057,-0.072 ],[-0.8518,-0.0677, 0.0414,-0.4461],0.1878
3821,[-0.8564,-0.0765, 0.072 ,-0.4621],[0.2316,0.0341,3.7299,0.5039,1.4756],[-0.8584,-0.0768, 0.07  ,-0.4565],0.1971
3863,[-0.8291,-0.314 , 0.2338,-0.4059],[0.6319,0.2895,0.8729,0.5796,0.2387],[-0.8332,-0.3116, 0.228 ,-0.389 ],-0.0162
3900,[-0.8394, 0.0239, 0.0196,-0.8515],[ 1.1539, 1.8205, 5.141 ,92.2452, 0.4336],[-0.843 , 0.0195, 0.0254,-0.8367],0.1762
3901,[-0.8568,-0.0186, 0.0687,-0.7738],[-0.4346,-1.8545, 8.3757, 7.4312,-1.4905],[-0.8598,-0.0248, 0.0719,-0.7552],0.2206
3902,[-0.8305, 0.0474,-0.0768,-0.8875],[-2.8642, 3.1062,-3.113 , 4.1536,-3.1103],[-0.8341, 0.0514,-0.0786,-0.8807],0.1229
3910,[-0.8466, 0.067 ,-0.0501,-0.8019],[  1.7997,  1.6956,377.435 ,  1.9258,  1.1683],[-0.8502, 0.0669,-0.0518,-0.802 ],0.1797
3912,[-0.8439, 0.0691,-0.0678,-0.8088],[5.7283e-01,5.4711e+02,1.4368e-01,1.4964e+00,2.6291e-01],[-0.8474, 0.0702,-0.0656,-0.8074],0.1644
3920,[-0.8431,-0.0702, 0.0494,-0.7353],[ 0.3339, 4.7807, 0.3487, 1.764 ,-0.0234],[-0.8465,-0.0695, 0.0498,-0.7222],0.1671
3921,[-0.8463,-0.0782, 0.0831,-0.7729],[ 0.3808,-1.04  ,10.17  ,11.9534,-0.5782],[-0.8494,-0.0801, 0.0828,-0.7573],0.161
3923,[-0.8473,-0.1306, 0.1891,-0.7613],[-0.6504,-2.3498, 1.5412,-0.9065,-1.012 ],[-0.8489,-0.1386, 0.1921,-0.7446],0.0991
3943,[-0.8574,-0.1863, 0.2078,-0.629 ],[ 2.0165,-1.1201, 3.2099, 6.3887, 1.3501],[-0.8592,-0.1908, 0.2045,-0.612 ],0.1066
3945,[-0.8231,-0.1829, 0.2842,-0.7861],[-0.2966,-2.0747, 0.6631,-0.4462,-1.1468],[-0.8222,-0.1935, 0.2943,-0.7665],-0.026
4238,[-0.8141, 0.2148,-0.4434, 0.2604],[-0.943 ,-1.1612,-0.9862,-0.8491,-1.2505],[-0.806 , 0.2209,-0.4364, 0.2609],-0.1117
4800,[-0.7929,-0.0054,-0.0158,-0.465 ],[ 0.1547,-0.09  , 0.365 , 0.0023, 0.5135],[-0.795 ,-0.0039,-0.0151,-0.4772],0.0318
4802,[-0.7909, 0.017 ,-0.0651,-0.4848],[-0.8588,-0.0737,-1.0337,-0.9957, 0.0306],[-0.7928, 0.0208,-0.0672,-0.4874],0.0175
4810,[-0.7989, 0.0953,-0.0468,-0.4782],[-0.2017,-0.1377, 0.86  ,-0.2252, 0.086 ],[-0.8014, 0.0927,-0.0472,-0.4806],0.0261
4812,[-0.7802, 0.0681,-0.0785,-0.4772],[ 1.0477, 1.4186,-0.5507,-0.4903, 0.9033],[-0.7823, 0.0693,-0.0761,-0.4933],-0.0237
4820,[-0.7889,-0.063 ,-0.0365,-0.4879],[ 0.0569, 0.5372,-0.0302, 0.1193, 0.4024],[-0.7911,-0.0561,-0.043 ,-0.4703],0.0101
4863,[-0.8176,-0.3188, 0.2625,-0.4003],[0.3453,0.1069,0.5754,0.5728,0.5244],[-0.8213,-0.3176, 0.2462,-0.4064],-0.0517
4865,[-0.8083,-0.315 , 0.311 ,-0.4571],[ 0.7414,-0.8026, 1.1728, 0.0148,-0.3611],[-0.81  ,-0.3169, 0.3009,-0.4399],-0.0923
4900,[-0.8032, 0.0401,-0.0241,-0.8361],[  1.0284,  1.2361,  2.3544,  0.709 ,160.5688],[-0.807 , 0.039 ,-0.0194,-0.8536],0.0611
4901,[-0.8048, 0.0035, 0.0775,-0.963 ],[ -9.9574,-10.8269, -9.4332, -9.9541,-10.197 ],[-0.8085,-0.0037, 0.0819,-0.956 ],0.0562
4902,[-0.7944, 0.0366,-0.0696,-0.7839],[-4.0407e-01, 3.3182e+02,-3.1769e-01, 7.1739e-01, 4.7602e-01],[-0.7976, 0.0398,-0.0701,-0.7879],0.0247
4910,[-0.8052, 0.0611,-0.0497,-0.7905],[ 0.3008, 0.3556,55.0594, 0.352 , 0.8487],[-0.8087, 0.0613,-0.051 ,-0.7933],0.0541
4911,[-0.785 , 0.06  , 0.0643,-0.9773],[-2.2459,-2.7032,-1.8454,-2.2686,-2.0036],[-0.7894, 0.0515, 0.0614,-0.9964],0.0021
4912,[-0.8065, 0.0614,-0.0683,-0.7914],[5.6425e-01,1.5857e+02,1.2627e-01,5.1563e-01,3.5359e-01],[-0.8099, 0.0629,-0.0662,-0.794 ],0.0523
4920,[-0.7978,-0.0696, 0.0394,-0.8185],[0.5573,6.8901,1.1717,0.6391,0.5177],[-0.8016,-0.0685, 0.04  ,-0.8175],0.0353
4921,[-0.8017,-0.0714, 0.0644,-0.8005],[ 0.5006,-0.874 , 9.7424, 0.9507, 3.4688],[-0.8052,-0.0719, 0.0633,-0.8037],0.0382
4923,[-0.8049,-0.1287, 0.1717,-0.7939],[-0.6526,-1.9335, 0.6337,-0.3071,-1.1886],[-0.8071,-0.1341, 0.1724,-0.7839],-0.0072
4932,[-0.785 , 0.1688,-0.1137,-0.7269],[ 0.3187, 1.1138,-0.1705, 0.5768, 1.3166],[-0.7891, 0.167 ,-0.1085,-0.7329],-0.0417
4940,[-0.8112,-0.1743, 0.0323,-0.5667],[-0.6998,-0.4375,-0.7427,-0.7009,-0.2138],[-0.8156,-0.1633, 0.0047,-0.5491],0.0557
4941,[-0.7932,-0.1988, 0.1141,-0.6348],[0.6723,0.3415,0.8599,1.1023,0.4841],[-0.7976,-0.194 , 0.0957,-0.6181],-0.0248
4945,[-0.8158,-0.2356, 0.3272,-0.6887],[-1.2179,-1.6415, 0.6738,-0.337 ,-0.97  ],[-0.8144,-0.2442, 0.3326,-0.6717],-0.0705
4965,[-0.8061,-0.2936, 0.3434,-0.5539],[ 1.9427e-03,-9.8854e-01, 1.9501e+00, 6.7483e-01,-1.3869e-01],[-0.8057,-0.2986, 0.3401,-0.5364],-0.1069
5700,[-0.7398, 0.0526,-0.0355,-0.3385],[-0.0822, 0.221 , 0.3697,-0.4489, 0.9252],[-0.7414, 0.052 ,-0.0375,-0.3459],-0.1001
5710,[-0.753 , 0.0639,-0.0135,-0.3535],[-0.1392,-0.1131, 0.0123,-0.6125,-0.0951],[-0.7548, 0.0608,-0.0054,-0.3536],-0.0684
5800,[-0.747 , 0.0143, 0.0064,-0.4581],[ 0.4648, 0.3678, 0.5149,-0.931 , 2.0939],[-0.7491, 0.013 , 0.0092,-0.468 ],-0.0752
5801,[-0.74  ,-0.0402, 0.0626,-0.4605],[-0.6434,-1.128 , 0.3864,-0.6166, 0.332 ],[-0.7419,-0.0419, 0.0634,-0.4706],-0.1023
5802,[-0.7599, 0.0528,-0.0651,-0.4835],[-0.9291,-0.0409,-1.0686,-0.6519, 0.1357],[-0.7619, 0.054 ,-0.0658,-0.4783],-0.0639
5810,[-0.7474, 0.0717,-0.0319,-0.4269],[-0.6326,-0.4795,-0.0007,-0.652 , 0.2632],[-0.7496, 0.0694,-0.0251,-0.4263],-0.0852
5812,[-0.7508, 0.0713,-0.076 ,-0.4581],[-0.5105, 0.2674,-0.3848,-1.3569, 0.6576],[-0.7528, 0.0721,-0.0749,-0.4607],-0.0883
5820,[-0.7575,-0.0676, 0.0377,-0.4773],[ 0.2008,-0.0499,-0.1962,-0.1417,-0.0236],[-0.7598,-0.0663, 0.0384,-0.4773],-0.0651
5821,[-0.7456,-0.0818, 0.0976,-0.4729],[-0.2015,-0.8003, 0.3717,-0.0833, 1.7439],[-0.7475,-0.0833, 0.0973,-0.4817],-0.1066
5900,[-0.7489,-0.0084,-0.0135,-0.7066],[ 1.1607e+00, 1.1664e+00, 1.9263e+02,-2.3102e-02, 3.2214e+00],[-0.752 ,-0.0066,-0.0205,-0.7136],-0.0692
5901,[-0.7429,-0.0407, 0.0677,-0.6863],[-0.868 ,-1.5899, 3.498 ,-1.0425, 1.7147],[-0.7458,-0.0428, 0.0666,-0.6976],-0.0956
5902,[-0.761 , 0.0287,-0.065 ,-0.7342],[ 5.0232e-02, 3.0362e+02,-9.1711e-02,-4.1818e-01, 5.4959e-01],[-0.764 , 0.0315,-0.0656,-0.7396],-0.0534
5910,[-0.7616, 0.0683,-0.026 ,-0.7795],[ 0.6961,-0.6832, 2.2158,-0.8915,92.9003],[-0.7653, 0.0656,-0.0159,-0.7964],-0.05
5911,[-0.7732, 0.0651, 0.0594,-0.9413],[-2.2159,-2.676 ,-0.7902,-1.8354,-2.0227],[-0.7775, 0.0572, 0.0551,-0.9616],-0.0265
5912,[-0.7598, 0.07  ,-0.0748,-0.7366],[-0.3715,49.055 ,-0.1958,-0.3172, 1.0255],[-0.7629, 0.0709,-0.071 ,-0.7405],-0.0654
5914,[-0.7511, 0.1362,-0.1765,-0.8435],[-0.6843,-0.2781,-2.1623,-0.5715,-0.2075],[-0.7536, 0.1404,-0.1757,-0.8388],-0.1249
5920,[-0.7627,-0.069 , 0.0411,-0.7353],[-0.5953, 0.6043,-0.1091,-1.2849, 0.9111],[-0.7661,-0.0678, 0.038 ,-0.7437],-0.0508
5921,[-0.7506,-0.0773, 0.0796,-0.7292],[ 0.1014,-0.4938,16.5491, 0.8082, 4.1859],[-0.7538,-0.0781, 0.0753,-0.7373],-0.088
5923,[-0.7399,-0.1496, 0.2037,-0.7786],[-0.812 ,-1.5642, 0.6208,-0.0982,-0.1186],[-0.7414,-0.1545, 0.2071,-0.7693],-0.157
5932,[-0.7688, 0.1727,-0.141 ,-0.784 ],[ 0.525 , 0.8536,-0.1458, 0.8525, 0.6383],[-0.7728, 0.1724,-0.1316,-0.7723],-0.0844
5934,[-0.7564, 0.1689,-0.1739,-0.818 ],[ 0.557 , 2.584 ,-1.5504, 0.1406,-0.2847],[-0.7596, 0.171 ,-0.1665,-0.8005],-0.1189
5943,[-0.7597,-0.1941, 0.2058,-0.7689],[ 0.4834,-1.0974, 1.5907, 0.1631, 0.4257],[-0.7623,-0.1969, 0.2015,-0.7626],-0.1272
6600,[-0.6895, 0.0115, 0.0073,-0.2369],[-0.0699,-0.1758, 0.1268,-0.9352, 1.2805],[-0.6906, 0.0105, 0.0095,-0.2534],-0.1789
6700,[-0.6939, 0.0045, 0.0092,-0.3529],[-0.4865,-0.3737, 0.6647,-1.2946, 4.6734],[-0.6954, 0.0037, 0.0126,-0.3649],-0.1737
6701,[-0.6932,-0.0133, 0.075 ,-0.3498],[-1.1238,-1.6894, 0.8803,-1.8423, 1.0319],[-0.6944,-0.0162, 0.0721,-0.3571],-0.184
6702,[-0.6964, 0.0295,-0.0739,-0.3501],[-0.5482, 0.0345,-1.7132,-1.7778, 0.7493],[-0.6976, 0.0317,-0.0716,-0.3563],-0.1809
6710,[-0.7266, 0.06  ,-0.0353,-0.3659],[-0.2575,-0.4995, 0.4454,-0.5921, 0.6454],[-0.7284, 0.0586,-0.0278,-0.3726],-0.1246
6712,[-0.7124, 0.0642,-0.0906,-0.3551],[-0.3826, 0.965 ,-0.7957,-1.3553, 0.9153],[-0.7137, 0.0661,-0.0942,-0.3651],-0.164
6800,[-0.6969, 0.0016, 0.0134,-0.4547],[-20.6425,-20.7979,-20.1139,-22.1682,-19.5683],[-6.9889e-01, 6.7723e-04, 1.6125e-02,-4.6747e-01],-0.1676
6801,[-0.6951,-0.012 , 0.0751,-0.4602],[-3.4314,-4.8092,-1.6876,-4.9298,-2.7573],[-0.6968,-0.0151, 0.0728,-0.4732],-0.1799
6802,[-0.6993, 0.0309,-0.0756,-0.4485],[-19.2141,-19.0223,-19.6268,-20.1918,-18.6969],[-0.7009, 0.0334,-0.076 ,-0.4532],-0.1765
6810,[-0.7031, 0.0601,-0.0285,-0.4444],[-0.7059,-0.7422, 0.2676,-1.6355, 0.7747],[-0.7052, 0.0584,-0.0187,-0.4472],-0.1647
6812,[-0.7113, 0.0675,-0.1012,-0.4485],[-2.7173,-2.2568,-3.9693,-3.7363,-1.6839],[-0.7128, 0.0695,-0.099 ,-0.4538],-0.167
6821,[-0.7142,-0.0756, 0.1175,-0.4572],[-0.6325,-1.8556, 0.1523,-0.9009, 0.8566],[-0.7156,-0.0783, 0.117 ,-0.4659],-0.1676
6900,[-0.7146,-0.0053, 0.0061,-0.6018],[ 1.2546e-01, 1.2290e+00, 2.2546e+02,-8.4912e-01, 1.3619e+00],[-0.7173,-0.0052, 0.0029,-0.6137],-0.1356
6901,[-0.7045,-0.0227, 0.0714,-0.5624],[-0.4143,-2.1447,44.2813,-0.5393, 1.1693],[-0.7068,-0.0252, 0.0669,-0.5759],-0.1638
6902,[-0.7167, 0.0311,-0.0665,-0.6221],[ 0.8251,38.8639, 0.0574,-1.6551,39.3375],[-0.7192, 0.0333,-0.0665,-0.6341],-0.1434
6910,[-0.7206, 0.0683,-0.0385,-0.6949],[ 0.5522,-1.9364, 6.3673,-2.7457, 4.6211],[-0.7239, 0.0671,-0.0353,-0.7068],-0.1357
6912,[-0.7156, 0.0809,-0.1112,-0.6685],[-0.1635, 5.7755,-3.4392,-3.2285, 4.3621],[-0.7181, 0.0832,-0.1079,-0.6836],-0.1622
6914,[-0.7118, 0.1006,-0.1763,-0.6846],[-0.1389, 3.1023,-2.6129,-1.4047,-0.4915],[-0.7131, 0.1055,-0.1771,-0.6939],-0.187
6920,[-0.7298,-0.0587, 0.0518,-0.6109],[-0.8555,-0.5639,-0.9591,-0.5186,-0.2755],[-0.7326,-0.0589, 0.0523,-0.6244],-0.1217
6921,[-0.7209,-0.0703, 0.1025,-0.6494],[ 0.2096,-2.3323, 0.2547,-1.3978, 0.7661],[-0.7234,-0.0728, 0.1025,-0.6591],-0.1506
6923,[-0.7282,-0.1138, 0.1844,-0.7821],[-0.1918,-2.2767, 1.4681,-0.8729,-0.8019],[-0.7299,-0.1192, 0.187 ,-0.7991],-0.1653
7402,[-0.664 ,-0.0498,-0.1203, 0.0068],[-0.9622, 0.2509,-2.3715,-2.1905,-0.5465],[-0.6633,-0.0434,-0.114 ,-0.0079],-0.239
7422,[-0.6696,-0.142 ,-0.1196, 0.022 ],[-4.726 ,-3.6047,-6.9043,-5.6104,-3.2314],[-0.6698,-0.1315,-0.125 , 0.0129],-0.2449
7442,[-0.6662,-0.1834,-0.0921, 0.0187],[-3.2294,-2.753 ,-4.8651,-3.8433,-1.9649],[-0.6676,-0.1724,-0.1011, 0.017 ],-0.2501
7500,[-0.6709,-0.0034,-0.0293,-0.1087],[-0.9083,-1.7091,-0.9409,-2.2334, 0.5281],[-0.6713,-0.0023,-0.0233,-0.116 ],-0.2091
7502,[-0.6669,-0.0357,-0.122 ,-0.1039],[-3.1804,-2.3573,-4.7806,-4.4091,-1.9958],[-0.6666,-0.0296,-0.1154,-0.1144],-0.233
7504,[-0.6617,-0.0105,-0.1678,-0.1232],[-4.4303,-3.0611,-5.8571,-4.7694,-3.512 ],[-0.6604,-0.0037,-0.1623,-0.1084],-0.244
7522,[-0.671 ,-0.1266,-0.1268,-0.0725],[-2.1685, 0.5228,-6.1318,-4.1412, 0.8353],[-0.6713,-0.1163,-0.1312,-0.0869],-0.2416
7524,[-0.6672,-0.0785,-0.1739,-0.1072],[-5.509 ,-5.6088,-6.9632,-6.5813,-5.7299],[-0.6661,-0.0683,-0.1778,-0.1227],-0.2481
7542,[-0.6638,-0.197 ,-0.0795,-0.0098],[-20.4249,-18.1517,-22.567 ,-21.8281,-19.037 ],[-0.6654,-0.1879,-0.0874,-0.0163],-0.2531
7600,[-0.6737, 0.0008,-0.0252,-0.2166],[-1.7621,-2.6055,-2.376 ,-3.1614, 0.0576],[-0.6747, 0.0015,-0.0161,-0.2291],-0.2046
7601,[-0.6797,-0.0108, 0.0719,-0.2235],[-1.6914,-2.7054,-1.1352,-2.6255,-1.2895],[-0.6805,-0.0133, 0.0654,-0.2399],-0.2033
7602,[-0.6702,-0.034 ,-0.1248,-0.2108],[-20.2571,-18.7437,-22.5133,-21.8259,-19.4417],[-0.6703,-0.0276,-0.1188,-0.2242],-0.2283
7604,[-0.6661,-0.0351,-0.1741,-0.2165],[-14.7934,-13.3671,-16.6479,-15.5641,-14.7006],[-0.6651,-0.0266,-0.1728,-0.2244],-0.243
7612,[-0.6483, 0.0569,-0.143 ,-0.2401],[-0.9531, 0.1972,-1.4533,-1.5582,-0.0931],[-0.6484, 0.0601,-0.1321,-0.2543],-0.2623
7622,[-0.6722,-0.0803,-0.1432,-0.1662],[-11.9892,-10.2767,-15.326 ,-13.7638,-10.7736],[-0.672 ,-0.0711,-0.1436,-0.1809],-0.2359
7624,[-0.6697,-0.0688,-0.1716,-0.1929],[-6.3744,-5.812 ,-8.4665,-6.6774,-5.5247],[-0.6689,-0.059 ,-0.1739,-0.206 ],-0.2426
7700,[-0.6783, 0.0027,-0.0168,-0.3328],[-14.4666,-15.433 ,-15.4314,-15.9787,-13.46  ],[-0.6798, 0.0029,-0.0064,-0.3466],-0.1965
7701,[-0.6827,-0.0071, 0.0715,-0.3399],[-3.5212,-4.635 ,-1.3366,-3.8837,-2.4559],[-0.6839,-0.0101, 0.0699,-0.3531],-0.1986
7702,[-0.6726,-0.0091,-0.1035,-0.3031],[-27.5898,-26.025 ,-29.8113,-29.3769,-26.7633],[-0.6733,-0.0046,-0.094 ,-0.3167],-0.2178
7704,[-0.665 ,-0.0134,-0.1764,-0.2848],[-14.241 ,-13.1362,-15.8701,-14.5065,-13.7529],[-0.6642,-0.0057,-0.1739,-0.294 ],-0.2423
7710,[-0.6606, 0.0617,-0.037 ,-0.3551],[-1.2395,-2.0655,-1.0742,-2.2045,-0.1042],[-0.6625, 0.06  ,-0.0162,-0.3722],-0.2286
7712,[-0.6652, 0.0629,-0.1028,-0.3178],[-1.6031,-0.0369,-2.4991,-2.4511, 0.2037],[-0.6663, 0.0644,-0.0914,-0.3333],-0.2343
7800,[-0.6833, 0.0075,-0.0025,-0.4195],[-57.2694,-57.5639,-57.4651,-58.6072,-56.7224],[-0.6852, 0.0068, 0.007 ,-0.4327],-0.1891
7801,[-0.6854,-0.0046, 0.0748,-0.4358],[-6.7992,-8.0592,-5.5472,-7.5613,-6.3491],[-0.687 ,-0.0079, 0.0744,-0.4488],-0.1947
7802,[-0.6764, 0.0202,-0.0829,-0.4089],[-36.2701,-35.3912,-37.3654,-37.328 ,-35.5933],[-0.6779, 0.0227,-0.0728,-0.42  ],-0.2096
7804,[-0.6578, 0.0353,-0.1726,-0.3932],[-2.2101,-1.3656,-3.3819,-2.7977,-1.9655],[-0.6577, 0.0409,-0.1654,-0.4041],-0.2528
7810,[-0.6734, 0.0606,-0.0276,-0.445 ],[-2.5991,-3.3673,-2.1665,-4.0033,-2.0021],[-0.6756, 0.0592,-0.0232,-0.4555],-0.2121
7812,[-0.6708, 0.0634,-0.1074,-0.4396],[-4.0971,-3.4409,-5.0276,-5.3048,-3.4241],[-0.6723, 0.0654,-0.0996,-0.4513],-0.2279
7900,[-0.6855, 0.0252, 0.0129,-0.5205],[ -9.5406, -9.606 , -9.2498,-10.4399, -8.9255],[-0.6878, 0.023 , 0.0247,-0.533 ],-0.1884
7901,[-0.6863, 0.0092, 0.0731,-0.5232],[-3.2706,-3.9682,-2.3755,-3.9247,-2.6559],[-0.6883, 0.0053, 0.0703,-0.538 ],-0.192
7902,[-0.6837, 0.0418,-0.0882,-0.5145],[-7.971 ,-7.3935,-8.0184,-8.1674,-7.5183],[-0.6855, 0.0442,-0.0855,-0.5235],-0.2038
7910,[-0.6806, 0.0629,-0.0366,-0.5269],[-3.9027,-4.131 ,-3.1309,-4.9217,-3.0969],[-0.6831, 0.0615,-0.024 ,-0.516 ],-0.2014
7912,[-0.6788, 0.0683,-0.1054,-0.55  ],[-4.3537,-3.5071,-5.8873,-5.7602,-3.8677],[-0.6807, 0.0703,-0.0999,-0.5619],-0.2171
7914,[-0.6822, 0.1024,-0.1761,-0.5917],[-0.1295, 4.4729,-2.595 ,-1.8549, 0.091 ],[-0.6832, 0.1065,-0.1747,-0.6046],-0.2311
