400,[-0.96  ,-0.0229,-0.0226, 0.0401],[-1.3539,-1.1335,-0.6835,-0.2047,-2.1655],[-0.9597,-0.0062,-0.0433, 0.0547],0.2774
402,[-0.9584, 0.0333,-0.1008, 0.0848],[-2.3782,-0.362 ,-2.2581,-1.4202,-2.4278],[-0.9571, 0.0566,-0.1345, 0.1   ],0.2349
412,[-0.9563, 0.0687,-0.152 , 0.1076],[-0.6186, 0.3866,-0.9423, 1.2984,-2.0402],[-0.9547, 0.0878,-0.1595, 0.122 ],0.2205
420,[-0.9601,-0.0611, 0.0232, 0.004 ],[-1.6008,-0.409 ,-2.3529,-1.2915,-2.3531],[-0.9603,-0.0449,-0.0018, 0.0189],0.2811
520,[-0.9599,-0.0741, 0.0441,-0.0117],[-0.6514, 1.3993,-2.0746,-1.1566,-2.1955],[-0.9601,-0.0611, 0.0232, 0.004 ],0.2664
521,[-0.9585,-0.0959, 0.0887,-0.0733],[-0.3233,-0.8096, 0.6981, 3.1867,-1.4447],[-0.9589,-0.0924, 0.0803,-0.0579],0.2358
621,[-0.9563,-0.0946, 0.0936,-0.1501],[-1.1928,-2.1475, 0.6555,-0.4854,-3.1779],[-0.9568,-0.0961, 0.0966,-0.1345],0.2352
1200,[-0.9169, 0.0514,-0.0391, 0.2573],[ 1.4002, 0.8388, 0.9339,-0.2565, 2.6214],[-0.9159, 0.0493,-0.0403, 0.2471],0.444
1210,[-0.9143, 0.0715,-0.0157, 0.28  ],[-0.7528,-1.3044, 1.6198,-1.5819, 0.0759],[-0.9133, 0.0637,-0.0164, 0.2918],0.4493
1212,[-0.9205, 0.1527,-0.1429, 0.2595],[1.2985,2.483 ,0.096 ,0.2098,5.1461],[-0.9198, 0.1481,-0.13  , 0.2454],0.338
1214,[-0.9293, 0.1652,-0.1801, 0.2782],[-0.3627, 3.1873,-0.9709, 0.2581, 1.4694],[-0.928 , 0.164 ,-0.173 , 0.2743],0.2817
1234,[-0.9313, 0.1679,-0.1904, 0.2993],[ 1.9645, 8.7115,-0.08  , 0.0825, 2.6892],[-0.9297, 0.1678,-0.1872, 0.3024],0.2663
1300,[-0.9158,-0.0334, 0.0364, 0.1378],[  0.8883,  2.4793,  2.1992,  0.6162,261.6994],[-0.9152,-0.0338, 0.0377, 0.1333],0.4398
1301,[-0.9159,-0.0487, 0.0635, 0.1382],[ 1.4407e-01,-6.4176e-01, 1.0726e+02, 6.6782e-02, 2.8958e+00],[-0.9152,-0.0503, 0.0631, 0.1429],0.4265
1302,[-0.9149, 0.0476,-0.0646, 0.1386],[-2.4197,-1.357 ,-3.4051,-2.2804,-1.4357],[-0.9142, 0.0495,-0.0645, 0.1423],0.4255
1310,[-0.9172, 0.0661,-0.0374, 0.1471],[-10.6323,-11.8063, -9.355 ,-10.7571,-10.4495],[-0.9168, 0.0609,-0.0315, 0.1498],0.4326
1312,[-0.9168, 0.0802,-0.0818, 0.1413],[ 0.9222, 1.5707,-1.7827, 0.94  , 1.4517],[-0.9162, 0.0792,-0.0762, 0.1433],0.4025
1314,[-0.9267, 0.1515,-0.1783, 0.1596],[ 0.874 , 5.9665,-0.8551,-0.598 ,-0.8294],[-0.9256, 0.1539,-0.1769, 0.1698],0.2861
1320,[-0.9161,-0.0635, 0.0442, 0.1356],[ 0.9516, 7.3818,-0.1213,-0.0316, 5.9077],[-0.9156,-0.0604, 0.0439, 0.1364],0.4324
1321,[-0.9172,-0.0705, 0.0853, 0.141 ],[ 1.2799, 0.125 , 2.9761, 1.4093,13.5507],[-0.9164,-0.0719, 0.084 , 0.1364],0.4036
1323,[-0.9235,-0.1539, 0.1708, 0.1311],[-0.251 ,-1.3601, 4.2288, 0.4028, 4.1054],[-0.9228,-0.1543, 0.1643, 0.1378],0.3111
1332,[-0.9225, 0.1792,-0.1401, 0.1423],[-5.5018,-6.0027,-4.3245,-5.6163,-5.6717],[-0.9227, 0.1711,-0.127 , 0.1491],0.3182
1334,[-0.9251, 0.1753,-0.1896, 0.139 ],[ 3.4295, 5.6394,-1.242 , 3.0973, 1.7101],[-0.9243, 0.1752,-0.1845, 0.1454],0.2749
1341,[-0.9173,-0.183 , 0.1395, 0.163 ],[-3.2516,-3.1515,-3.2433,-3.2804,-2.9225],[-0.9175,-0.1746, 0.1262, 0.1654],0.338
1343,[-0.9159,-0.2186, 0.2001, 0.1448],[ 0.5913,-0.2878, 3.9576, 1.9654, 2.396 ],[-0.916 ,-0.2134, 0.1852, 0.1542],0.2865
1400,[-0.9163,-0.0316, 0.0327, 0.0661],[2.5497e-01,9.3776e+02,3.6843e+00,5.8327e+00,1.9417e+00],[-0.9159,-0.0321, 0.0356, 0.0717],0.4411
1401,[-0.9154,-0.0468, 0.0642, 0.068 ],[ 3.8701e-01,-1.3217e-01, 5.2933e+02,-3.1060e-01, 6.0315e-01],[-0.915 ,-0.0491, 0.0648, 0.0726],0.4274
1402,[-0.9169, 0.0401,-0.0695, 0.0514],[ 0.0791,39.9016,-0.9242, 0.1591, 1.1216],[-0.9165, 0.0442,-0.0705, 0.0635],0.4278
1410,[-0.9189, 0.0642,-0.0413, 0.0679],[-29.2827,-30.1988,-29.0102,-29.7512,-29.9805],[-0.9187, 0.0598,-0.0357, 0.0735],0.4278
1411,[-0.9177, 0.0588, 0.0794, 0.1235],[-3.5268,-4.6143,-3.4086,-4.2096,-4.1156],[-0.917 , 0.0387, 0.0841, 0.1101],0.4319
1412,[-0.9178, 0.0757,-0.0852, 0.0634],[ 1.1049,45.3524, 0.6229, 2.0485, 1.5921],[-0.9174, 0.0763,-0.0826, 0.074 ],0.4013
1414,[-0.9219, 0.1444,-0.1785, 0.0553],[ 0.3642,31.091 ,-0.4029, 0.5557, 0.5079],[-0.921 , 0.1486,-0.1793, 0.0678],0.3075
1420,[-0.9171,-0.0606, 0.0486, 0.0529],[ 4.9713e-01, 3.5637e+02,-1.1703e-01, 1.4034e-01, 5.7425e-01],[-0.9169,-0.0587, 0.0484, 0.0608],0.4329
1421,[-0.9171,-0.069 , 0.0739, 0.0535],[  1.183 ,  0.4859,337.662 ,  1.1985,  1.8953],[-0.9168,-0.0691, 0.0713, 0.0606],0.4145
1423,[-0.9197,-0.1481, 0.1762, 0.0439],[ 0.7684,-0.3511,50.0228, 0.4737, 0.4785],[-0.919 ,-0.1512, 0.1753, 0.0529],0.3157
1432,[-0.921 , 0.1823,-0.1434, 0.0614],[-9.4161,-9.5627,-9.0059,-8.6059,-9.7516],[-0.9216, 0.1754,-0.1344, 0.066 ],0.3173
1434,[-0.9193, 0.1947,-0.1976, 0.0498],[ 1.1257, 4.4282,-0.7593, 1.2517,-0.1688],[-0.9192, 0.1936,-0.1905, 0.0605],0.2884
1441,[-0.9187,-0.176 , 0.1449, 0.069 ],[-6.0164,-6.1765,-5.2873,-5.7689,-5.7585],[-0.9192,-0.1695, 0.1308, 0.0769],0.3305
1443,[-0.9188,-0.1897, 0.2008, 0.0514],[ 0.9683,-0.3567,28.3239, 2.5421, 1.2457],[-0.9184,-0.1898, 0.1952, 0.0628],0.2895
1445,[-0.9179,-0.2446, 0.2816, 0.0441],[ 0.3639,-0.8684,20.0484,-0.0372, 0.7454],[-0.9166,-0.2477, 0.2814, 0.0579],0.2284
1500,[-0.9162,-0.0202, 0.0187,-0.0603],[ 1.4895, 2.2497, 2.3636,91.8079, 0.6019],[-0.9164,-0.0203, 0.0201,-0.0475],0.4485
1501,[-0.9153,-0.0457, 0.0655,-0.0448],[ 0.1595,-1.0979,43.8161,-0.3541,-1.1116],[-0.9154,-0.0488, 0.0667,-0.0378],0.426
1502,[-0.9177, 0.0377,-0.0699,-0.06  ],[-8.0768,-5.3968,-9.7569,-7.8989,-8.4975],[-0.9177, 0.0429,-0.0728,-0.0486],0.4263
1510,[-0.9195, 0.0623,-0.0421,-0.0698],[-8.9696,-8.8511,-5.2304,-7.6143,-9.0588],[-0.9199, 0.0587,-0.037 ,-0.0593],0.429
1512,[-0.92  , 0.0717,-0.0804,-0.062 ],[ 1.4306, 1.0955, 0.5491,23.0264, 0.257 ],[-0.9201, 0.0729,-0.0791,-0.0474],0.4002
1514,[-0.9211, 0.1456,-0.1817,-0.0614],[ 0.155 ,14.6472,-1.0762, 0.6655, 0.522 ],[-0.9206, 0.151 ,-0.184 ,-0.0483],0.3074
1520,[-0.9171,-0.0609, 0.0485,-0.0583],[ 1.0582e+00, 1.8241e+02,-2.1991e-01, 1.1508e+00, 5.5504e-02],[-0.9174,-0.0592, 0.0485,-0.0497],0.4321
1521,[-0.9167,-0.068 , 0.0721,-0.0594],[  1.1645,  0.1684,119.2165,119.3159,  0.309 ],[-0.9169,-0.0685, 0.0706,-0.05  ],0.4169
1523,[-0.9205,-0.1425, 0.1806,-0.0561],[-0.3333,-0.8616,34.7709, 0.8051,-0.1316],[-0.92  ,-0.1482, 0.183 ,-0.0436],0.3114
1532,[-0.9209, 0.1745,-0.1472,-0.0491],[-4.1781,-4.4809,-3.9865,-4.1132,-4.7324],[-0.9217, 0.1702,-0.141 ,-0.0424],0.3165
1534,[-0.9211, 0.1928,-0.2106,-0.0602],[ 0.7206, 6.0163,-0.1708, 6.4332,-0.6008],[-0.9209, 0.1951,-0.2087,-0.0458],0.2726
1536,[-0.912 , 0.2417,-0.2881,-0.107 ],[ 0.7355,13.9946,-0.5853, 0.5526,-1.3107],[-0.9108, 0.2475,-0.2925,-0.0912],0.2128
1541,[-0.9208,-0.1747, 0.1435,-0.073 ],[-3.997 ,-4.219 ,-4.1753,-3.3525,-4.5314],[-0.9218,-0.1691, 0.131 ,-0.0619],0.3213
1543,[-0.9195,-0.1854, 0.2065,-0.0522],[ 0.023 ,-0.2282, 4.505 ,15.0969, 0.9292],[-0.9192,-0.1881, 0.205 ,-0.0374],0.2829
1600,[-0.9166,-0.0051, 0.0036,-0.1664],[-58.0805,-57.262 ,-57.1081,-56.7959,-59.3972],[-0.9173,-0.005 , 0.004 ,-0.1587],0.4525
1601,[-0.9166,-0.0423, 0.0692,-0.1685],[-20.257 ,-21.3089,-19.0064,-20.1579,-20.7639],[-0.9171,-0.0472, 0.0724,-0.1644],0.421
1602,[-0.9148, 0.0435,-0.0667,-0.1684],[-0.6917, 4.2701,-3.0143, 3.8501,-1.9622],[-0.9154, 0.0475,-0.0686,-0.1653],0.4269
1603,[-0.9207,-0.0533, 0.1819,-0.1467],[-0.8903,-1.2632,-0.6619,-0.4837,-1.3454],[-0.9194,-0.0729, 0.1874,-0.1325],0.3534
1610,[-0.9181, 0.0632,-0.0423,-0.1769],[-16.804 ,-16.9655,-16.9952,-16.1969,-17.9986],[-0.919 , 0.0594,-0.035 ,-0.1658],0.433
1612,[-0.9176, 0.0709,-0.0764,-0.1811],[-1.1281, 0.9336,-3.2162, 0.6789,-1.8227],[-0.9184, 0.0719,-0.0736,-0.1704],0.4071
1614,[-0.9222, 0.1435,-0.1849,-0.1792],[ 1.667 , 4.2071,-0.3699, 2.6451,-1.1813],[-0.922 , 0.1511,-0.1896,-0.1649],0.3011
1620,[-0.915 ,-0.063 , 0.0459,-0.1698],[ 0.4427, 3.3894,-2.3199, 4.6273,-2.9485],[-0.9158,-0.0605, 0.0432,-0.1605],0.4368
1621,[-0.9148,-0.0725, 0.0747,-0.1691],[ 0.7186,-0.9802, 3.948 ,86.5877,-0.2148],[-0.9154,-0.0731, 0.0734,-0.1584],0.415
1622,[-0.9191,-0.0619,-0.068 ,-0.1879],[-1.5559,-0.6327,-1.7331,-1.1015,-1.5766],[-0.9198,-0.0419,-0.0714,-0.1713],0.4235
1623,[-0.9194,-0.1409, 0.1816,-0.1708],[-1.0693,-2.4733, 0.4797,-1.2388,-2.5391],[-0.9192,-0.1483, 0.1868,-0.1574],0.3121
1632,[-0.9258, 0.1807,-0.1496,-0.1601],[-1.7788,-1.7001,-1.3455,-1.1301,-1.8976],[-0.9272, 0.1757,-0.1383,-0.1445],0.295
1634,[-0.921 , 0.1882,-0.2204,-0.1749],[ 0.6773, 6.5909,-0.2029, 3.5638,-0.3355],[-0.9208, 0.194 ,-0.2229,-0.1625],0.2668
1636,[-0.9138, 0.232 ,-0.2793,-0.1286],[-0.5288, 6.8363,-0.5762, 4.6876,-1.0806],[-0.9126, 0.2386,-0.2856,-0.1151],0.2271
1641,[-0.9175,-0.1768, 0.1393,-0.1747],[-7.9635,-7.9187,-7.8607,-7.16  ,-8.3707],[-0.919 ,-0.1711, 0.127 ,-0.1638],0.3317
1643,[-0.9205,-0.1819, 0.1951,-0.1739],[-0.9303,-2.6738,-0.3535,-0.3674,-2.35  ],[-0.9209,-0.1847, 0.1934,-0.1608],0.2874
1700,[-0.9172, 0.0108,-0.0082,-0.2904],[-54.3081,-54.0004,-53.9828,-53.6458,-55.139 ],[-0.9184, 0.0104,-0.0068,-0.2796],0.4538
1701,[-0.9168,-0.0393, 0.0701,-0.2734],[-11.6456,-12.1127,-10.2268,-11.0174,-12.1572],[-0.9177,-0.0453, 0.0751,-0.2664],0.421
1702,[-0.9172, 0.0433,-0.0702,-0.3151],[-8.9166,-7.1708,-8.8878,-8.2607,-9.3705],[-0.9183, 0.0485,-0.0729,-0.3027],0.4219
1710,[-0.9169, 0.0644,-0.0429,-0.2834],[-10.1441,-10.428 , -9.8012, -9.16  ,-10.5366],[-0.9182, 0.0611,-0.0377,-0.2733],0.4322
1712,[-0.9178, 0.0699,-0.0758,-0.2894],[-23.7575,-23.1157,-24.359 ,-22.8191,-24.3452],[-0.919 , 0.0718,-0.0759,-0.2774],0.4064
1714,[-0.9224, 0.1312,-0.1916,-0.2778],[ 0.3765, 4.4931,-1.0407, 3.5535,-1.3168],[-0.9221, 0.1426,-0.199 ,-0.2618],0.3018
1720,[-0.9158,-0.0682, 0.041 ,-0.2732],[-19.8749,-19.6978,-20.1152,-19.1202,-21.099 ],[-0.9172,-0.0642, 0.0366,-0.2652],0.4352
1721,[-0.9165,-0.0885, 0.0894,-0.2799],[-41.7468,-41.7301,-40.4503,-41.3109,-42.1829],[-0.9177,-0.0893, 0.0869,-0.2707],0.3958
1723,[-0.9165,-0.1482, 0.176 ,-0.2997],[ 0.9137,-1.1473, 3.0211, 0.6943,-1.1549],[-0.9171,-0.1543, 0.1787,-0.2842],0.3215
1734,[-0.9244, 0.19  ,-0.1943,-0.2622],[ 0.6363, 2.2527,-0.7161, 4.1423,-1.3013],[-0.9253, 0.1926,-0.1922,-0.2514],0.269
1741,[-0.9178,-0.1792, 0.1547,-0.2816],[-8.2878,-8.21  ,-8.348 ,-7.769 ,-9.0716],[-0.9195,-0.1768, 0.1465,-0.2657],0.3198
1743,[-0.9173,-0.188 , 0.1954,-0.3016],[-3.9851,-5.093 ,-2.9071,-2.8058,-5.4745],[-0.9183,-0.1907, 0.1911,-0.2856],0.2947
1800,[-0.9165, 0.0037,-0.0117,-0.4143],[-28.578 ,-29.1784,-29.4895,-28.6056,-30.8029],[-0.9182, 0.0057,-0.0163,-0.399 ],0.458
1801,[-0.9179,-0.0469, 0.0633,-0.4086],[-4.0357,-4.3427,-3.6474,-3.3769,-5.315 ],[-0.9195,-0.0509, 0.0666,-0.3919],0.4176
1802,[-0.916 , 0.0387,-0.0707,-0.4085],[-2.9717,-2.1081,-4.1667,-2.1915,-4.7634],[-0.9174, 0.0451,-0.075 ,-0.3939],0.4257
1810,[-0.9165, 0.0622,-0.0438,-0.4147],[-2.9683,-2.3471,-2.5409,-1.9156,-3.4882],[-0.9184, 0.0595,-0.0383,-0.3978],0.4334
1812,[-0.9171, 0.0744,-0.084 ,-0.4113],[-10.0043, -9.8508,-10.4801, -8.9203,-11.0525],[-0.9187, 0.0773,-0.0845,-0.3956],0.4019
1820,[-0.9155,-0.0753, 0.0354,-0.4051],[-4.1741,-3.2423,-3.8006,-3.2211,-4.3981],[-0.9175,-0.0688, 0.0262,-0.3942],0.4383
1821,[-0.9151,-0.1061, 0.1197,-0.4125],[-15.4653,-16.3901,-14.8204,-14.6552,-16.1875],[-0.9165,-0.1098, 0.1187,-0.3973],0.3746
1823,[-0.9153,-0.1413, 0.1801,-0.3979],[ 1.2999,-0.3037,17.1576, 1.2344,-0.8075],[-0.9159,-0.15  , 0.1868,-0.3809],0.3175
1843,[-0.9126,-0.1831, 0.205 ,-0.4023],[-4.0664,-5.1928,-2.9751,-2.2263,-5.5551],[-0.9136,-0.1888, 0.2044,-0.3855],0.2949
1900,[-0.9141, 0.0028,-0.0055,-0.5244],[-142.1991,-142.7704,-142.4577,-141.7471,-143.257 ],[-0.9163, 0.0041,-0.0105,-0.5065],0.4728
1902,[-0.9121, 0.046 ,-0.061 ,-0.5096],[-2.5554,-1.5999,-2.7084, 0.6382,-3.6307],[-0.9141, 0.0511,-0.0724,-0.4915],0.4313
1912,[-0.9132, 0.0797,-0.0834,-0.5154],[-32.0092,-32.1284,-32.9656,-31.7694,-32.4651],[-0.9152, 0.0826,-0.0872,-0.4974],0.4114
1921,[-0.9129,-0.0874, 0.1241,-0.5134],[-19.7788,-19.6644,-18.6501,-19.0664,-21.3821],[-0.9144,-0.0957, 0.1302,-0.4952],0.3817
2200,[-0.8982,-0.0178, 0.0229, 0.2772],[-9.01  ,-9.3127,-8.8177,-9.6735,-8.6163],[-0.897 ,-0.0183, 0.0238, 0.2761],0.3802
2201,[-0.8925,-0.0284, 0.0672, 0.2858],[-2.6062,-3.9243,-2.3741,-3.5326,-2.239 ],[-0.891 ,-0.0322, 0.0696, 0.2825],0.3398
2202,[-0.8986, 0.055 ,-0.061 , 0.2628],[-1.7276,-1.4939,-3.0253,-2.7758,-1.671 ],[-0.8974, 0.0549,-0.0587, 0.2485],0.3615
2210,[-0.9031, 0.0635,-0.0232, 0.2586],[-1.5047,-1.6102,-0.598 ,-1.8057,-0.5627],[-0.9022, 0.0573,-0.0155, 0.2582],0.4015
2212,[-0.9081, 0.0617,-0.0709, 0.2528],[-0.9788,-0.3948,-1.3718,-2.0822,-0.5793],[-0.907 , 0.0619,-0.0685, 0.2385],0.3959
2220,[-0.8953,-0.0592, 0.0429, 0.2555],[-1.3503,-0.9821,-1.8366,-2.2404,-1.2571],[-0.8944,-0.0563, 0.0358, 0.2411],0.358
2221,[-0.8977,-0.074 , 0.0861, 0.2564],[-1.9291,-3.5641,-1.9638,-3.0849,-1.7534],[-0.8965,-0.0753, 0.0924, 0.2421],0.3328
2300,[-0.9085,-0.0403, 0.0394, 0.1439],[-89.612 ,-89.1207,-88.8759,-89.8318,-87.8986],[-0.9079,-0.0398, 0.0383, 0.1364],0.4187
2301,[-0.9087,-0.0496, 0.0651, 0.1404],[-25.8589,-26.7418,-24.7754,-26.6139,-24.1323],[-0.908 ,-0.0512, 0.0648, 0.1382],0.4069
2302,[-0.9086, 0.0488,-0.0645, 0.1471],[-14.3414,-13.7245,-14.5028,-14.4049,-13.8187],[-0.9078, 0.0504,-0.0641, 0.1464],0.407
2303,[-0.9033,-0.0536, 0.1819, 0.1739],[-2.87  ,-3.086 ,-1.6043,-2.4978,-1.8668],[-0.9001,-0.0704, 0.2141, 0.1886],0.2941
2310,[-0.9078, 0.0647,-0.0388, 0.1536],[-11.3166,-10.8901,-10.4125,-11.2432, -9.9156],[-0.9073, 0.0602,-0.0319, 0.1503],0.4144
2312,[-0.9079, 0.0747,-0.0825, 0.1471],[-10.8727,-10.5883,-11.7844,-11.429 , -9.5835],[-0.9073, 0.0747,-0.0782, 0.1441],0.3862
2314,[-0.909 , 0.1535,-0.1785, 0.1361],[-3.1747,-2.3922,-4.1274,-3.3028,-0.46  ],[-0.9081, 0.1551,-0.175 , 0.1341],0.3044
2320,[-0.9079,-0.062 , 0.0459, 0.144 ],[-10.5568,-10.0324,-11.06  ,-11.4783,-10.3226],[-0.9074,-0.0592, 0.0425, 0.1415],0.4111
2321,[-0.9067,-0.0666, 0.0839, 0.1459],[-33.9387,-34.7584,-34.0827,-35.1333,-33.297 ],[-0.9059,-0.0682, 0.0835, 0.1395],0.3807
2323,[-0.8988,-0.145 , 0.176 , 0.1408],[-2.3938,-5.1191,-1.9624,-4.1677,-1.9146],[-0.8977,-0.1471, 0.1737, 0.1369],0.2681
2332,[-0.9083, 0.1794,-0.1447, 0.1381],[-0.8923,-2.4696,-0.988 ,-1.7722,-1.4237],[-0.9086, 0.1732,-0.1334, 0.1348],0.3176
2334,[-0.9034, 0.1796,-0.2018, 0.1479],[ 0.6213, 1.5142,-1.8156,-0.1399, 3.2565],[-0.9024, 0.1802,-0.1972, 0.1446],0.2607
2341,[-0.9073,-0.1821, 0.1397, 0.1346],[-1.4423,-0.5839,-1.4177,-1.6612,-0.8774],[-0.9078,-0.1747, 0.1247, 0.1244],0.318
2343,[-0.9052,-0.2113, 0.1976, 0.1361],[ 1.4553,-0.6563, 3.8596, 1.0848, 3.6703],[-0.9052,-0.2073, 0.1839, 0.136 ],0.264
2400,[-0.9084,-0.0409, 0.0344, 0.0597],[  1.3988,  6.5006,  8.8751, -1.0978,911.3413],[-0.9082,-0.0396, 0.0313, 0.0464],0.4243
2401,[-0.909 ,-0.0483, 0.0642, 0.0737],[-0.5436,-1.6444,69.2912,-1.9443, 7.3769],[-0.9086,-0.0501, 0.0639, 0.0667],0.411
2402,[-0.9057, 0.0312,-0.0691, 0.0505],[-32.573 ,-31.808 ,-33.5149,-33.1532,-32.6709],[-0.9053, 0.0361,-0.0715, 0.042 ],0.3988
2403,[-0.904 ,-0.0531, 0.1783, 0.1014],[-3.2001,-4.9099,-3.1347,-3.7898,-3.5063],[-0.9019,-0.0672, 0.1774, 0.0871],0.3199
2410,[-0.9076, 0.0644,-0.0403, 0.0611],[-17.1637,-18.4524,-16.5346,-17.3435,-17.1934],[-0.9075, 0.0604,-0.0344, 0.0539],0.4144
2412,[-0.9072, 0.0785,-0.0864, 0.0717],[-5.3122,-3.8687,-8.3849,-6.2096,-3.3379],[-0.9069, 0.0787,-0.0825, 0.0635],0.3804
2414,[-0.9074, 0.146 ,-0.1799, 0.0494],[-3.4386,-2.2807,-5.5915,-4.2058,-2.2499],[-0.9066, 0.1495,-0.1791, 0.0486],0.2993
2420,[-0.9071,-0.062 , 0.0454, 0.0526],[-5.2803,-6.9458,-7.1377,-7.0325,-4.5138],[-0.907 ,-0.059 , 0.0392, 0.0423],0.411
2421,[-0.9061,-0.0716, 0.0841, 0.0616],[ 3.3684, 0.0762,30.2141,-0.1221,30.1374],[-0.9058,-0.0727, 0.0819, 0.0507],0.379
2423,[-0.9036,-0.1414, 0.1807, 0.0461],[-2.1554,-4.2914,-0.0698,-2.6775,-1.0953],[-0.9027,-0.1455, 0.1805, 0.0413],0.2855
2432,[-0.9053, 0.1843,-0.1459, 0.0656],[-3.4912,-4.236 ,-3.8605,-3.7505,-2.8637],[-0.9061, 0.1778,-0.1314, 0.0611],0.3065
2434,[-0.9037, 0.2063,-0.208 , 0.0564],[ 1.5389, 6.8109,-0.5861, 0.7933, 0.7011],[-0.9036, 0.205 ,-0.1985, 0.0616],0.2523
2436,[-0.9044, 0.2714,-0.2809, 0.0047],[-6.4518e-01, 5.6153e+00,-1.3922e+00, 1.0276e-03, 3.0574e+00],[-0.9043, 0.2714,-0.273 , 0.0149],0.188
2441,[-0.9081,-0.1789, 0.1427, 0.0822],[-1.2098,-1.4038,-1.6315,-0.7729,-0.2634],[-0.9086,-0.1724, 0.1285, 0.0794],0.3206
2443,[-0.9082,-0.1909, 0.204 , 0.0647],[ 0.1277,-0.6178,19.0404, 0.66  , 3.7445],[-0.9078,-0.191 , 0.1975, 0.0698],0.2751
2500,[-0.9085,-0.0287, 0.016 ,-0.0561],[1.4515e+00,1.1087e+03,2.8129e+00,5.2778e-01,1.6665e+00],[-0.9088,-0.0272, 0.0166,-0.069 ],0.4347
2501,[-0.9084,-0.0461, 0.0662,-0.0595],[ -0.5323, -0.4984,112.9072, -0.6373, -0.2574],[-0.9086,-0.049 , 0.0671,-0.0708],0.4096
2502,[-0.9069, 0.0293,-0.0673,-0.0692],[ 3.3349e-01, 8.8821e+01,-1.4820e+00,-2.5119e-02,-5.4687e-01],[-0.907 , 0.0347,-0.0692,-0.0812],0.4083
2510,[-0.9073, 0.0662,-0.0407,-0.0541],[-16.4617,-16.982 ,-14.6455,-16.998 ,-16.0447],[-0.9078, 0.0625,-0.0363,-0.0625],0.4139
2512,[-0.9048, 0.0778,-0.0896,-0.0656],[-3.0905,-2.7893,-5.6737,-4.2746,-2.4276],[-0.905 , 0.0793,-0.088 ,-0.0744],0.3699
2514,[-0.9032, 0.147 ,-0.1795,-0.0557],[-3.8063,-2.7426,-5.2238,-3.6044,-3.95  ],[-0.9028, 0.1511,-0.18  ,-0.0609],0.2829
2520,[-0.9065,-0.0634, 0.0466,-0.0652],[ 0.1611,90.607 , 0.1274, 0.7782, 1.0582],[-0.907 ,-0.0614, 0.0465,-0.079 ],0.4062
2521,[-0.9069,-0.0721, 0.0818,-0.0666],[  1.5429, -0.3177,  2.9982,  1.2756,305.3905],[-0.9071,-0.0734, 0.0804,-0.0811],0.3853
2523,[-0.9028,-0.1439, 0.182 ,-0.0618],[-0.5224,-4.7379, 2.7551,-1.6527, 1.1059],[-0.9023,-0.1486, 0.1826,-0.0696],0.2816
2532,[-0.9054, 0.1725,-0.149 ,-0.0804],[-2.724 ,-2.2988,-2.7145,-2.3918,-2.1076],[-0.9063, 0.1691,-0.1384,-0.0772],0.3085
2534,[-0.9079, 0.2041,-0.2247,-0.0526],[ 0.3443,14.8504,-0.2984, 6.3519, 0.9625],[-0.9077, 0.2062,-0.2209,-0.0418],0.256
2536,[-0.9071, 0.2621,-0.2943,-0.0432],[ 2.6891, 6.9869,-1.3838,-0.0145, 0.5245],[-0.9063, 0.2652,-0.2924,-0.0306],0.1887
2541,[-0.9059,-0.1721, 0.1519,-0.0892],[-0.3809,-1.3693,-0.2146, 0.2724,-0.1034],[-0.9069,-0.1688, 0.1396,-0.0982],0.3103
2543,[-0.9027,-0.1811, 0.2003,-0.0733],[ 0.9717,-0.4761, 4.7481, 2.154 ,43.2507],[-0.9027,-0.1832, 0.1962,-0.0848],0.2606
2600,[-0.9087,-0.0072, 0.0025,-0.1526],[ 1.6288, 5.7462,53.551 , 0.4983, 0.482 ],[-0.9094,-0.0064, 0.001 ,-0.1603],0.4413
2601,[-0.9076,-0.0463, 0.0712,-0.156 ],[-14.071 ,-15.6966,-13.3196,-14.8446,-15.0425],[-0.9082,-0.0502, 0.0729,-0.1603],0.4045
2602,[-0.9089, 0.0447,-0.0672,-0.1507],[-0.6879,71.9408,-0.2242, 0.9778, 1.3647],[-0.9094, 0.0484,-0.0692,-0.1591],0.4128
2610,[-0.9075, 0.0672,-0.0403,-0.1871],[-7.3147,-7.5372,-6.0054,-6.4201,-7.228 ],[-0.9085, 0.0632,-0.0338,-0.1903],0.4177
2612,[-0.9076, 0.0757,-0.0896,-0.1693],[ 0.7587,66.6512,-0.4356, 0.8225, 2.8321],[-0.9083, 0.0778,-0.0873,-0.1779],0.385
2614,[-0.8992, 0.1432,-0.1789,-0.1846],[-0.6851, 8.3101,-1.1078, 1.27  ,-0.2445],[-0.8993, 0.1485,-0.1804,-0.1928],0.2705
2620,[-0.9082,-0.0645, 0.0485,-0.1722],[ 1.2204,86.188 , 0.5916, 0.79  , 0.4638],[-0.9091,-0.0629, 0.0488,-0.184 ],0.4144
2621,[-0.9081,-0.0773, 0.0856,-0.1688],[1.4386e+00,9.4316e-02,2.2836e+02,1.5316e+00,1.0133e+00],[-0.9088,-0.0788, 0.0841,-0.1807],0.3883
2622,[-0.9001,-0.0602,-0.0678,-0.2389],[-1.1294,-0.8651,-1.0987,-0.4138,-1.1209],[-0.901 ,-0.044 ,-0.0679,-0.2221],0.3778
2623,[-0.9049,-0.1455, 0.1787,-0.1818],[-0.0753,-1.6855, 8.7476, 8.5234,-0.5816],[-0.9049,-0.1506, 0.1792,-0.1781],0.2922
2632,[-0.9066, 0.1718,-0.1545,-0.1761],[-0.5418,-1.1607,-0.9817,-0.797 ,-0.7103],[-0.9077, 0.1699,-0.1467,-0.1598],0.3094
2634,[-0.9029, 0.1854,-0.2027,-0.1912],[0.8944,5.0267,0.1701,8.6089,1.3531],[-0.9033, 0.188 ,-0.1994,-0.1803],0.2591
2641,[-0.9043,-0.1787, 0.1461,-0.1789],[0.949 ,0.1751,0.3607,8.0576,0.5398],[-0.9058,-0.1741, 0.1306,-0.1752],0.3079
2643,[-0.9008,-0.1865, 0.1903,-0.1594],[ 1.2272,-0.4265,45.5548, 7.8676, 0.7114],[-0.9015,-0.1874, 0.1838,-0.1645],0.2601
2700,[-0.9022, 0.0094,-0.0043,-0.3197],[  1.5557,163.8588,  1.9697,  0.3585,  1.9289],[-0.9036, 0.0084,-0.0013,-0.3104],0.4206
2701,[-0.9035,-0.0387, 0.0684,-0.2817],[ 1.2315,-0.187 , 9.8531, 1.3872,-0.4242],[-0.9045,-0.0437, 0.0723,-0.2745],0.3916
2702,[-0.9034, 0.0438,-0.0668,-0.3456],[ 0.2185,47.2553,-0.4364, 1.1788, 0.7969],[-0.9047, 0.0474,-0.0656,-0.335 ],0.394
2710,[-0.9048, 0.0616,-0.0478,-0.3125],[ 0.6386, 0.0836, 3.2567, 4.1506,-0.9639],[-0.9062, 0.06  ,-0.045 ,-0.3012],0.4042
2712,[-0.9055, 0.0654,-0.0683,-0.3133],[50.8925, 4.2809, 1.0129, 1.0341, 1.3627],[-0.9068, 0.0665,-0.0675,-0.3046],0.3932
2720,[-0.9073,-0.0694, 0.0418,-0.2755],[-0.036 , 0.0668,-1.3428, 2.322 ,-1.6509],[-0.9087,-0.0657, 0.0374,-0.2723],0.4154
2721,[-0.9053,-0.0833, 0.0952,-0.2862],[ 0.8986, 0.544 ,19.9323, 4.7988, 0.5544],[-0.9063,-0.0855, 0.093 ,-0.2829],0.3701
2723,[-0.9084,-0.1499, 0.1784,-0.2979],[-0.3562,-1.6731,-0.8755, 3.6016,-0.4425],[-0.9089,-0.1554, 0.1789,-0.288 ],0.3058
2734,[-0.9031, 0.1868,-0.2053,-0.3023],[1.2123,5.174 ,0.0617,1.0508,0.4622],[-0.9038, 0.1911,-0.207 ,-0.2883],0.2552
2743,[-0.9093,-0.1736, 0.1892,-0.3159],[ 1.1977,-0.1024,10.3853, 2.0103, 0.2109],[-0.9102,-0.1773, 0.1859,-0.2994],0.2967
2800,[-0.8918, 0.0115,-0.004 ,-0.4363],[  1.8188,  1.8817,288.3405,  2.2359,  0.7205],[-0.8937, 0.0113,-0.0078,-0.4213],0.3808
2801,[-0.8944,-0.0356, 0.0703,-0.445 ],[ 2.6586,-0.0721, 2.9284,12.4708, 0.1023],[-0.896 ,-0.0409, 0.0725,-0.4282],0.3561
2802,[-0.8975, 0.043 ,-0.0664,-0.4104],[ 0.1485,34.6595, 0.1314, 1.2513,-0.1194],[-0.899 , 0.0472,-0.0694,-0.3966],0.3675
2810,[-0.8942, 0.0608,-0.0472,-0.4332],[ 2.2633, 0.66  , 2.8442, 4.3453,-0.1133],[-0.8962, 0.0596,-0.0443,-0.4186],0.3612
2812,[-0.8954, 0.0663,-0.0685,-0.431 ],[ 0.8237,39.6589, 0.0519, 4.301 , 0.8764],[-0.8972, 0.0675,-0.0679,-0.4163],0.351
2814,[-0.897 , 0.1447,-0.1827,-0.4283],[ 5.1785e-01, 1.0107e+00,-6.6589e-01, 1.8785e+00, 4.0331e-04],[-0.8978, 0.1517,-0.1849,-0.4109],0.261
2820,[-0.8973,-0.0796, 0.0374,-0.4227],[ 0.1382, 1.2197,-0.2161, 1.6581,-0.384 ],[-0.8995,-0.0743, 0.0312,-0.4081],0.3735
2821,[-0.9027,-0.0836, 0.1066,-0.4337],[ 1.7155, 1.201 ,45.8243, 1.3427, 0.1686],[-0.9041,-0.0883, 0.1075,-0.4177],0.3524
2823,[-0.9066,-0.1398, 0.181 ,-0.4244],[ 1.2625,-0.2126, 9.8852, 2.3631,-0.6082],[-0.9074,-0.1481, 0.1858,-0.411 ],0.2997
2843,[-0.9109,-0.1692, 0.2019,-0.4343],[0.2547,0.2693,7.6575,2.9524,0.161 ],[-0.9117,-0.1768, 0.2045,-0.4184],0.294
2900,[-0.8787, 0.0228, 0.0013,-0.5834],[-3.1190e-01, 4.7976e-01, 1.1588e+01, 8.1295e+02,-5.2580e-01],[-0.8812, 0.0203, 0.0014,-0.5655],0.3278
2901,[-0.8902,-0.0186, 0.0731,-0.5751],[ 4.2816e-01,-1.3823e-02, 1.9402e+02, 5.5658e-01,-6.4759e-01],[-0.8923,-0.0266, 0.0772,-0.5589],0.3434
2902,[-0.8815, 0.0436,-0.0659,-0.5812],[ 0.8754,24.7394,-1.5966, 2.0027,-1.9431],[-0.8838, 0.0474,-0.0676,-0.5655],0.305
2910,[-0.8786, 0.0619,-0.0415,-0.5898],[-64.8147,-64.9989,-64.1388,-64.1857,-65.2384],[-0.8812, 0.0602,-0.0376,-0.574 ],0.3014
2912,[-0.8833, 0.0638,-0.0654,-0.578 ],[-0.5147, 4.2153,-1.4324,26.4594,-1.2157],[-0.8857, 0.0652,-0.0658,-0.561 ],0.3059
2920,[-0.8854,-0.0654, 0.0442,-0.5739],[-5.2613,-5.428 ,-5.4234,-4.7113,-6.0302],[-0.8881,-0.0635, 0.041 ,-0.5584],0.3269
2921,[-0.8888,-0.0864, 0.1068,-0.5781],[ 2.9338e-01,-3.8136e-01, 1.4091e+00, 1.6183e+02, 6.2320e-02],[-0.8909,-0.0909, 0.1076,-0.5611],0.2983
2923,[-0.9072,-0.119 , 0.1695,-0.5179],[-0.4365,-1.7103, 7.7378,-0.5849,-1.8271],[-0.9081,-0.1297, 0.1797,-0.4997],0.3144
3700,[-0.8637, 0.0175, 0.0103,-0.3615],[-0.0578,-0.1551,-0.7605,-0.9155,-0.819 ],[-0.8653, 0.0141, 0.0171,-0.3646],0.2658
3800,[-0.8593, 0.0351,-0.0028,-0.4699],[2.0049,0.2549,4.155 ,1.8516,1.6238],[-0.8614, 0.0322,-0.0025,-0.4654],0.2462
3801,[-0.8667,-0.0069, 0.0558,-0.4228],[-0.3462,-0.5452, 0.7656,-0.5619,-0.3851],[-0.8682,-0.0127, 0.0602,-0.4073],0.2605
3802,[-0.8474, 0.0454,-0.077 ,-0.47  ],[-0.0356, 1.0007,-1.3455,-0.0671,-0.1503],[-0.8491, 0.049 ,-0.0777,-0.4658],0.1729
3810,[-0.8491, 0.0608,-0.032 ,-0.4841],[1.1744,0.4651,1.077 ,1.6753,5.4994],[-0.8515, 0.058 ,-0.0235,-0.4819],0.1957
3812,[-0.8538, 0.0643,-0.0695,-0.4785],[1.7307,4.9717,0.1625,0.8486,1.564 ],[-0.8559, 0.0657,-0.069 ,-0.4812],0.1925
3821,[-0.8636,-0.0996, 0.1217,-0.4834],[ 0.8698,-0.0918, 1.6561, 1.5953, 0.9296],[-0.8653,-0.103 , 0.1193,-0.4756],0.1916
3900,[-8.5554e-01, 4.0526e-02,-6.0045e-04,-6.7870e-01],[  1.9573,  0.5575,436.534 ,  1.4249,  0.488 ],[-8.5857e-01, 3.6987e-02,-2.8843e-04,-6.6259e-01],0.2335
3901,[-0.8442,-0.0245, 0.0744,-0.7666],[-0.5194,-1.6829, 6.4077, 0.3235,-1.1973],[-0.8472,-0.0301, 0.0768,-0.7534],0.1728
3902,[-0.8439, 0.0472,-0.0681,-0.7001],[-1.8831,15.5618,-2.7729,-0.2057,-2.483 ],[-0.8468, 0.0502,-0.0693,-0.6904],0.1685
3910,[-0.8421, 0.0632,-0.0372,-0.7612],[  1.8423,  0.8069,  8.4084,423.7199,  0.9962],[-0.8456, 0.061 ,-0.0288,-0.7454],0.1738
3912,[-0.8325, 0.0657,-0.0626,-0.7852],[  0.7764,204.6676, -0.5417,  1.2843,  0.4742],[-0.836 , 0.0664,-0.0598,-0.7778],0.1298
3920,[-0.8491,-0.0644, 0.0537,-0.5807],[-3.0974,-3.152 ,-3.0375,-2.478 ,-3.5726],[-0.8518,-0.0642, 0.0532,-0.5751],0.1855
3921,[-0.8574,-0.0775, 0.1155,-0.6681],[ 1.2765, 0.3026,17.8674, 1.6377, 0.8359],[-0.8596,-0.0831, 0.1182,-0.6563],0.1801
4900,[-0.7983, 0.0457,-0.0304,-0.8886],[-6.9957,-7.6496,-6.6794,-7.3563,-8.954 ],[-0.8023, 0.0453,-0.0305,-0.8831],0.0456
4901,[-0.8155, 0.0136, 0.0705,-0.921 ],[-4.6261,-5.1063,-2.6805,-2.8375,-4.3463],[-0.8191, 0.006 , 0.0748,-0.9041],0.0912
4902,[-0.7919, 0.0428,-0.069 ,-0.7837],[ 3.5612e-01, 3.8315e+02,-3.2421e-01,-6.2241e-01,-2.6748e-01],[-0.7951, 0.0455,-0.0694,-0.7867],0.0167
4910,[-0.805 , 0.0614,-0.0504,-0.8139],[  0.972 ,  0.1971,128.5979,  0.4192,  1.9316],[-0.8086, 0.0617,-0.0518,-0.8132],0.0536
4912,[-0.8053, 0.0619,-0.0655,-0.8124],[ 6.9265e-01, 3.2206e+02,-2.6353e-01, 3.1323e-01, 1.2624e+00],[-0.8088, 0.0631,-0.0633,-0.8123],0.0503
4920,[-0.7974,-0.0625, 0.038 ,-0.745 ],[-0.8447, 2.0174,-0.9699,-1.0666,-0.6862],[-0.8009,-0.0613, 0.035 ,-0.7528],0.0364
4921,[-0.7798,-0.0675, 0.0581,-0.5852],[ 2.2266,-0.599 , 4.0384, 0.1541, 1.8132],[-0.7825,-0.0673, 0.0542,-0.6013],-0.017
4932,[-0.7905, 0.1783,-0.1194,-0.9202],[-0.7412,-0.1462,-0.6006,-0.1106,-0.1195],[-0.7957, 0.1759,-0.1048,-0.9133],-0.0271
5800,[-0.7584, 0.0453,-0.0498,-0.4924],[-5.3226e-01, 8.7820e-04, 5.0500e-01,-8.9898e-01, 9.9536e-01],[-0.7604, 0.0462,-0.0546,-0.4793],-0.0628
5802,[-0.7624, 0.0475,-0.0604,-0.4793],[-1.0888,-0.1054,-1.3117,-0.8963,-0.0166],[-0.7645, 0.0488,-0.0614,-0.4968],-0.056
5900,[-0.7476, 0.0068,-0.0271,-0.7271],[  1.2641,  1.6718,206.1513, -0.2425,  1.2047],[-0.7507, 0.0086,-0.0333,-0.7353],-0.0729
5901,[-0.7373,-0.0494, 0.0604,-0.7123],[-1.1002,-1.9959, 2.4113,-0.8216, 4.0256],[-0.7404,-0.0505, 0.0585,-0.7268],-0.1062
5902,[-0.7595, 0.0328,-0.0654,-0.7499],[ 3.3762e-01, 3.6665e+02,-1.8541e-01,-3.9987e-01, 4.9255e-01],[-0.7626, 0.0354,-0.0658,-0.7565],-0.0575
5910,[-0.7587, 0.0595,-0.04  ,-0.8574],[ 0.3701,-1.7151, 4.3793,-2.273 , 8.5432],[-0.7627, 0.0586,-0.0342,-0.8744],-0.0555
5912,[-0.7585, 0.0643,-0.0724,-0.8521],[-3.3663,-1.9698,-7.232 ,-6.4148,-2.9615],[-0.7621, 0.0656,-0.0699,-0.8634],-0.0661
5914,[-0.7442, 0.1448,-0.191 ,-0.8841],[-0.7759, 0.8368,-2.444 , 0.1324, 0.0101],[-0.7466, 0.1495,-0.1908,-0.8939],-0.1433
5920,[-0.7603,-0.062 , 0.0396,-0.7822],[-1.4006, 0.2815,-0.3984,-1.9069, 0.0827],[-0.7639,-0.061 , 0.035 ,-0.7885],-0.0535
5921,[-0.7466,-0.0661, 0.0703,-0.7335],[ 2.1926,-0.7031,12.982 ,-0.1179, 2.9438],[-0.7499,-0.0669, 0.0663,-0.7425],-0.0918
5932,[-0.774 , 0.1797,-0.1599,-0.97  ],[ 0.5843, 1.4335,-0.8476, 0.3391, 0.7144],[-0.7784, 0.1808,-0.1509,-0.9504],-0.0799
5934,[-0.764 , 0.1737,-0.1762,-0.9689],[ 0.4591, 3.7637,-1.0541,-0.3884,-0.2162],[-0.7678, 0.1764,-0.1702,-0.9748],-0.1049
6600,[-6.9068e-01,-3.3219e-04, 1.1984e-02,-2.4502e-01],[-0.3753,-0.3647,-0.165 ,-0.8969, 0.7377],[-0.6918,-0.0009, 0.0126,-0.2619],-0.1755
6700,[-0.6931, 0.0035, 0.0019,-0.3531],[-0.1028,-0.586 , 0.5575,-1.0401, 4.2371],[-0.6947, 0.0032, 0.0034,-0.3651],-0.1745
6701,[-0.6921,-0.0114, 0.0687,-0.3549],[-1.3217,-2.1954, 0.3912,-1.6692, 0.9205],[-0.6934,-0.014 , 0.0643,-0.3611],-0.1836
6702,[-0.6923, 0.0238,-0.0721,-0.3542],[-1.3636,-0.601 ,-1.9481,-2.156 , 0.2224],[-0.6936, 0.026 ,-0.0668,-0.3577],-0.1857
6800,[-0.6953, 0.002 , 0.0073,-0.4603],[-21.7923,-21.5089,-21.1787,-22.9078,-20.5088],[-0.6974, 0.0015, 0.0087,-0.4742],-0.1696
6801,[-0.6927,-0.0096, 0.0709,-0.4618],[-3.434 ,-4.9551,-2.2552,-4.7652,-2.3744],[-0.6945,-0.0123, 0.0645,-0.4755],-0.1817
6802,[-0.6951, 0.0241,-0.0733,-0.4605],[-23.4386,-23.3489,-23.7022,-24.5812,-22.7464],[-0.6968, 0.0267,-0.0734,-0.4714],-0.1816
6810,[-0.6932, 0.0628,-0.0298,-0.4665],[-0.7493,-1.201 ,-0.1234,-1.9066, 0.559 ],[-0.6956, 0.0615,-0.0272,-0.4832],-0.1819
6812,[-0.6992, 0.0661,-0.1122,-0.4516],[-3.176 ,-3.0046,-4.3534,-4.5759,-2.6996],[-0.7007, 0.0685,-0.1068,-0.4614],-0.1881
6900,[-7.1330e-01, 3.4378e-04,-4.1781e-03,-6.0306e-01],[ 1.1524e+00,-2.3892e-01, 2.6845e+02,-5.1065e-01, 2.0407e+00],[-0.716 , 0.0008,-0.0079,-0.6157],-0.1375
6901,[-0.6985,-0.0124, 0.068 ,-0.539 ],[-0.716 ,-1.4083,43.3252,-1.0697,-0.3348],[-0.7007,-0.0149, 0.0595,-0.554 ],-0.1712
6902,[-0.7149, 0.034 ,-0.0692,-0.6361],[-0.184 ,44.2005, 0.1021,-1.5397,42.6362],[-0.7175, 0.0362,-0.0691,-0.6517],-0.1474
6910,[-0.7184, 0.0637,-0.0342,-0.6988],[-0.8683,-3.5688,-0.0282,-3.3001,-0.3185],[-0.7218, 0.0623,-0.0273,-0.7143],-0.1374
6912,[-0.7165, 0.0642,-0.0834,-0.6848],[-10.9811, -9.7708,-13.691 ,-13.1367, -9.9427],[-0.7193, 0.0657,-0.0787,-0.6992],-0.1515
6914,[-0.7316, 0.1139,-0.1778,-0.8218],[-0.627 ,12.73  ,-2.053 ,-1.6085, 0.6554],[-0.7335, 0.1193,-0.1836,-0.8399],-0.1585
6921,[-0.728 ,-0.0588, 0.0793,-0.695 ],[ 0.1967,-1.6519, 1.5421,-1.685 , 0.6401],[-0.7309,-0.0606, 0.0792,-0.7078],-0.1305
7422,[-0.6697,-0.1463,-0.1166, 0.0179],[-4.3774,-3.8123,-6.6623,-5.4155,-2.8791],[-0.6701,-0.1357,-0.1223, 0.0068],-0.2447
7442,[-0.6662,-0.1833,-0.0924, 0.0165],[-3.2875,-2.8868,-5.1643,-4.0932,-2.1043],[-0.6677,-0.1723,-0.1013, 0.0123],-0.25
7502,[-0.6683,-0.0447,-0.1262,-0.1121],[-3.2613,-1.9384,-4.6821,-4.3828,-1.8076],[-0.668 ,-0.038 ,-0.1205,-0.1245],-0.233
7522,[-0.6711,-0.1286,-0.126 ,-0.0747],[-2.9416,-0.0614,-5.972 ,-4.3128, 0.5817],[-0.6715,-0.1182,-0.1305,-0.0893],-0.2416
7524,[-0.6687,-0.0875,-0.1696,-0.1241],[-5.9965,-6.0536,-7.2289,-6.8915,-5.8118],[-0.6678,-0.077 ,-0.1742,-0.1395],-0.2467
7542,[-0.6638,-0.1969,-0.0795,-0.0103],[-20.8505,-18.6873,-22.9436,-22.3236,-19.6592],[-0.6654,-0.1878,-0.0874,-0.0173],-0.2531
7600,[-0.6739,-0.0024,-0.0278,-0.2243],[-1.3186,-2.5322,-2.5694,-3.2459,-0.0397],[-0.6749,-0.0015,-0.017 ,-0.2375],-0.2037
7602,[-0.6707,-0.037 ,-0.1267,-0.2142],[-21.0456,-19.6387,-23.344 ,-22.7228,-20.0623],[-0.6707,-0.0304,-0.121 ,-0.2282],-0.2283
7604,[-0.6674,-0.0423,-0.1728,-0.227 ],[-14.924 ,-13.5094,-16.5575,-15.3151,-14.1057],[-0.6665,-0.0335,-0.1721,-0.2389],-0.2418
7622,[-0.6723,-0.0806,-0.1429,-0.1675],[-13.3954,-11.8118,-16.7404,-15.2657,-12.2032],[-0.6721,-0.0714,-0.1433,-0.1823],-0.2357
7624,[-0.6696,-0.0677,-0.1711,-0.197 ],[-6.2037,-5.4045,-8.1078,-6.7886,-5.454 ],[-0.6688,-0.0578,-0.1732,-0.2121],-0.2425
7700,[-0.6785, 0.0008,-0.0202,-0.3361],[-15.5975,-16.3035,-16.3562,-17.1667,-14.1402],[-0.68  , 0.0012,-0.0096,-0.3503],-0.1959
7701,[-0.6836,-0.0084, 0.0686,-0.35  ],[-2.7805,-4.6233,-1.6515,-4.0788,-2.526 ],[-0.6849,-0.011 , 0.0649,-0.3628],-0.1964
7702,[-0.6728,-0.011 ,-0.1046,-0.3044],[-30.2933,-29.2445,-32.4539,-31.8169,-29.6966],[-0.6736,-0.0063,-0.0952,-0.3187],-0.2176
7704,[-0.6652,-0.016 ,-0.175 ,-0.2842],[-13.9843,-13.594 ,-15.8453,-15.024 ,-13.6146],[-0.6645,-0.0082,-0.1724,-0.2954],-0.2416
7800,[-0.6835, 0.0071,-0.007 ,-0.421 ],[-58.7026,-58.7804,-58.9076,-59.7957,-58.1305],[-0.6854, 0.0067, 0.0008,-0.4349],-0.1886
7801,[-0.6861,-0.0059, 0.0712,-0.4346],[-6.597 ,-7.3947,-5.3322,-7.3092,-6.3361],[-0.6878,-0.0089, 0.0673,-0.449 ],-0.1924
7802,[-0.6774, 0.0191,-0.0832,-0.414 ],[-39.5996,-38.6729,-40.4614,-40.4604,-39.2458],[-0.6789, 0.0218,-0.0744,-0.4272],-0.2084
7804,[-0.6665, 0.0354,-0.1797,-0.4207],[-2.2629,-0.7142,-4.0004,-2.8246,-1.8856],[-0.6662, 0.0417,-0.1782,-0.4329],-0.2441
7810,[-0.6844, 0.0605,-0.0422,-0.4575],[-2.4473,-3.3232,-2.2464,-3.9436,-2.4226],[-0.6867, 0.0598,-0.0381,-0.4746],-0.1971
7812,[-0.6764, 0.0637,-0.1131,-0.4609],[-4.2258,-3.2767,-5.4096,-5.3021,-3.6448],[-0.6778, 0.066 ,-0.1062,-0.4698],-0.2212
7814,[-0.6704, 0.0643,-0.1757,-0.4455],[-2.5332,-1.7884,-4.558 ,-3.4321,-1.838 ],[-0.6705, 0.0692,-0.1708,-0.4398],-0.2416
7900,[-0.6855, 0.0266, 0.0027,-0.5209],[ -9.6671,-10.0399, -9.3417,-10.5692, -9.4517],[-0.6879, 0.025 , 0.0104,-0.5353],-0.188
7901,[-0.6873, 0.0115, 0.0698,-0.5216],[-2.7797,-3.6586,-2.3701,-3.4619,-2.6519],[-0.6893, 0.0078, 0.065 ,-0.5359],-0.1892
7902,[-0.6843, 0.0408,-0.0872,-0.521 ],[-7.8704,-7.6454,-8.2965,-8.6625,-7.9034],[-0.6862, 0.0431,-0.083 ,-0.5329],-0.2023
7910,[-0.6833, 0.0639,-0.0243,-0.6026],[-4.3399,-4.4108,-3.3651,-5.2605,-4.2529],[-0.6863, 0.0618,-0.0102,-0.6137],-0.196
7912,[-0.6805, 0.0668,-0.1011,-0.5512],[-4.9376,-4.5785,-6.7227,-6.6193,-4.7978],[-0.6826, 0.0685,-0.0915,-0.5652],-0.2127
