100,[-0.9591,-0.0055,-0.0034, 0.3919],[0.6552,1.3338,1.2871,0.4256,2.2703],[-0.9573,-0.0026,-0.0069, 0.3971],0.2913
101,[-0.9583,-0.0421, 0.0667, 0.3892],[-0.3198,-0.1624, 0.9719, 0.6033, 0.459 ],[-0.9563,-0.0469, 0.0708, 0.396 ],0.2675
102,[-0.958 , 0.0379,-0.0702, 0.3931],[-0.1049, 0.9545,-0.015 , 0.5083, 0.6273],[-0.956 , 0.0441,-0.0728, 0.4032],0.2693
110,[-0.9579, 0.0659,-0.0453, 0.3951],[ 0.5426,-0.0046, 0.4838, 0.3339,-0.1158],[-0.9562, 0.0568,-0.0332, 0.4017],0.2792
112,[-0.9592, 0.0826,-0.0883, 0.3955],[0.9868,2.407 ,0.5999,2.4285,1.5703],[-0.9575, 0.0802,-0.0839, 0.4059],0.2446
120,[-0.9587,-0.0676, 0.0425, 0.3855],[-0.1019, 0.363 , 0.3411, 0.3401, 0.0024],[-0.9572,-0.056 , 0.0243, 0.3927],0.2796
121,[-0.9586,-0.091 , 0.0996, 0.3858],[0.727 ,0.2905,1.0177,1.3357,1.2777],[-0.9569,-0.0886, 0.0936, 0.3926],0.2393
134,[-0.9559, 0.1834,-0.1815, 0.382 ],[1.1998,1.0224,0.4435,0.4688,1.7945],[-0.9546, 0.1753,-0.1693, 0.3957],0.1811
200,[-9.6311e-01,-1.1812e-04,-3.9828e-04, 3.0073e-01],[0.7437,1.288 ,1.025 ,8.2404,1.3508],[-9.6171e-01, 2.9773e-04,-1.8026e-03, 3.1216e-01],0.2737
201,[-0.9632,-0.035 , 0.0768, 0.3019],[-0.0258,-0.756 , 2.0018,-0.2106,-0.6082],[-0.9615,-0.0465, 0.0862, 0.3121],0.2423
202,[-0.9625, 0.0422,-0.0708, 0.2971],[-0.257 , 3.027 ,-1.1481,-0.4674,-0.7234],[-0.9609, 0.0495,-0.0771, 0.3078],0.2469
210,[-0.9627, 0.0752,-0.0275, 0.2892],[-0.6682,-1.4021, 2.1192,-0.2805,-1.0524],[-0.9616, 0.0563,-0.0071, 0.298 ],0.2639
212,[-0.9627, 0.0933,-0.0994, 0.2982],[ 5.5553, 2.5627,-0.1092, 2.8715, 0.2997],[-0.9614, 0.091 ,-0.0943, 0.3078],0.2218
214,[-0.9615, 0.1399,-0.1817, 0.2884],[ 0.3252, 0.6782,-0.7089, 1.6647, 0.245 ],[-0.9595, 0.1461,-0.1855, 0.2963],0.1697
220,[-0.962 ,-0.0716, 0.0344, 0.3009],[-0.8328, 1.1381,-1.3147,-0.9493,-0.8703],[-0.9609,-0.0567, 0.0178, 0.3112],0.2647
221,[-0.9634,-0.0962, 0.1011, 0.2993],[ 1.146 , 1.0981,11.1404, 0.9883, 0.5207],[-0.9621,-0.0935, 0.0958, 0.3103],0.2176
223,[-0.9625,-0.1428, 0.1839, 0.2938],[ 0.4814,-0.1048, 1.83  , 0.3673, 0.1876],[-0.9606,-0.1489, 0.1871, 0.3004],0.1644
232,[-0.9624, 0.1879,-0.1308, 0.2868],[-0.1224,-0.5683, 1.3514,-0.0673, 0.3106],[-0.9623, 0.1636,-0.1026, 0.2991],0.1865
234,[-0.9611, 0.2108,-0.2048, 0.2818],[ 1.0422, 2.2145,-0.3344, 3.5265,-0.0381],[-0.9604, 0.201 ,-0.1892, 0.2944],0.1434
241,[-0.9602,-0.1832, 0.139 , 0.2814],[-0.2724, 1.3682,-1.0511,-0.2931,-0.3993],[-0.9599,-0.1649, 0.1198, 0.291 ],0.1871
243,[-0.961 ,-0.1962, 0.2033, 0.2761],[2.1275,0.9218,3.2514,1.4147,0.2593],[-0.9598,-0.1917, 0.1972, 0.2881],0.1458
245,[-0.9613,-0.2546, 0.2825, 0.264 ],[ 0.356 , 0.1979, 0.9312,-0.0938,-0.018 ],[-0.9597,-0.2535, 0.2806, 0.2668],0.0879
254,[-0.9597, 0.296 ,-0.2526, 0.2638],[ 0.3789,-0.6453, 0.3516, 0.55  ,-0.0951],[-0.9603, 0.2787,-0.233 , 0.2728],0.095
256,[-0.9576, 0.3057,-0.3064, 0.2599],[ 1.4143, 2.1764,-0.0071, 1.3685, 0.0757],[-0.9571, 0.297 ,-0.2902, 0.2683],0.0738
263,[-0.9558,-0.2875, 0.2043, 0.2718],[-0.3625, 0.7046,-0.4335,-0.0701,-0.6642],[-0.957 ,-0.2653, 0.193 , 0.2854],0.1267
300,[-0.9692, 0.0023,-0.003 , 0.192 ],[ 1.182 , 0.8659, 2.3796, 3.5511,-0.2266],[-0.9683, 0.0029,-0.0054, 0.2039],0.2486
301,[-0.9702,-0.035 , 0.0724, 0.1916],[-0.9892,-1.7258, 0.7109, 0.1889,-1.4066],[-0.969 ,-0.0485, 0.0826, 0.2022],0.2159
302,[-0.967 , 0.037 ,-0.0752, 0.1901],[-0.7216, 0.0404,-2.3396,-0.4301,-1.5624],[-0.9658, 0.0503,-0.0885, 0.2   ],0.224
304,[-0.9556, 0.0488,-0.1667, 0.2382],[-0.1192,-0.0507,-1.0192,-0.5671,-0.7432],[-0.9525, 0.0809,-0.2116, 0.2238],0.2098
310,[-0.9687, 0.0733,-0.0327, 0.1956],[-0.8762,-1.5086, 1.5096,-0.9756,-1.4591],[-0.968 , 0.0521,-0.0071, 0.2062],0.2428
312,[-0.9688, 0.1021,-0.1059, 0.1847],[ 1.4338,13.1481, 0.2882, 3.1177,-0.2459],[-0.9679, 0.0985,-0.0977, 0.1956],0.1946
314,[-0.9671, 0.1441,-0.1856, 0.1754],[ 0.0251, 1.409 ,-1.3642, 2.0243,-0.3905],[-0.9656, 0.1531,-0.1911, 0.1852],0.145
320,[-0.9656,-0.082 , 0.0298, 0.1908],[-1.6357,-0.156 ,-2.4952,-1.27  ,-2.3882],[-0.965 ,-0.0611, 0.0096, 0.2027],0.2477
321,[-0.968 ,-0.1069, 0.1039, 0.1869],[ 1.7727, 2.039 , 2.9437, 5.8222,-0.7493],[-0.9672,-0.1025, 0.0984, 0.2001],0.1952
323,[-0.9673,-0.1483, 0.1869, 0.1808],[-0.3271,-1.1135, 1.2767,-0.2979,-0.7502],[-0.9658,-0.1571, 0.1935, 0.1911],0.142
332,[-0.9673, 0.1845,-0.1399, 0.1912],[-0.705 ,-1.145 , 1.3284,-0.2915,-1.489 ],[-0.9674, 0.1617,-0.1124, 0.2038],0.1662
334,[-0.9674, 0.2124,-0.2175, 0.1784],[ 1.0197, 4.6342, 0.0476, 3.9322,-0.1002],[-0.9667, 0.2068,-0.2066, 0.1907],0.1144
336,[-0.9646, 0.2493,-0.2943, 0.1631],[ 0.1685, 3.9793,-0.492 , 1.5503, 0.0291],[-0.9628, 0.2542,-0.2954, 0.1745],0.0729
340,[-0.9614,-0.177 , 0.0511, 0.2094],[-0.1832,-0.9089,-0.8948,-0.7262,-0.3944],[-0.962 ,-0.1367, 0.0246, 0.2229],0.2289
341,[-0.9636,-0.1942, 0.1328, 0.1773],[-1.079 , 1.7068,-1.2958, 0.5478,-1.2112],[-0.964 ,-0.1705, 0.1091, 0.1898],0.1754
343,[-0.9643,-0.2156, 0.2125, 0.1787],[1.3893,0.5981,3.2622,6.7893,0.066 ],[-0.9637,-0.2096, 0.2052, 0.1921],0.1231
345,[-0.9647,-0.2497, 0.2991, 0.1914],[ 0.0821,-0.7546, 1.4809, 0.2483,-0.5567],[-0.9626,-0.2547, 0.3011, 0.2042],0.0709
352,[-0.964 , 0.279 ,-0.1571, 0.2031],[ 0.0061,-0.0454, 0.2419,-0.0532, 0.1535],[-0.9659, 0.2419,-0.1366, 0.217 ],0.1302
354,[-0.964 , 0.2931,-0.2507, 0.1854],[-0.8514,-0.9909, 0.195 , 0.2368,-1.4295],[-0.9649, 0.2738,-0.2244, 0.1983],0.0869
356,[-0.9631, 0.3089,-0.3228, 0.1719],[ 0.4442, 2.0832,-0.5026, 3.4941,-0.3928],[-0.9623, 0.3045,-0.3128, 0.1856],0.0473
358,[-0.9606, 0.3695,-0.4016, 0.1392],[ 0.8003, 0.607 ,-0.6669, 1.5868,-0.5732],[-0.9593, 0.3681,-0.3965, 0.1479],-0.0034
363,[-0.9619,-0.2955, 0.2418, 0.1607],[-1.0169, 0.0067,-1.4431,-0.6333,-1.5757],[-0.9631,-0.2766, 0.2208, 0.1722],0.0926
365,[-0.9619,-0.3181, 0.3205, 0.1567],[ 0.4924,-0.689 , 1.3509, 0.9366,-1.0937],[-0.9615,-0.3121, 0.3104, 0.1684],0.0474
378,[-0.9569, 0.3941,-0.4176, 0.1541],[ 0.6733, 1.7557,-0.4966, 2.7104,-0.7843],[-0.956 , 0.3905,-0.4074, 0.1683],-0.0089
387,[-0.9561,-0.3925, 0.3918, 0.1315],[-0.3249,-1.0027, 0.6982, 0.3717,-1.1998],[-0.9562,-0.3872, 0.3791, 0.1464],0.0035
400,[-0.9729,-0.007 ,-0.0059, 0.065 ],[0.8894,1.5401,0.8591,6.3586,0.0205],[-0.9725,-0.0014,-0.0093, 0.0789],0.233
401,[-0.9711,-0.0402, 0.0727, 0.0678],[-0.7285,-1.5491, 0.208 ,-0.2453,-0.9395],[-0.9705,-0.0562, 0.0897, 0.0802],0.2055
402,[-0.9708, 0.0371,-0.0732, 0.0572],[ 1.1666, 1.1927,-1.2619,-0.606 ,-1.085 ],[-0.9702, 0.0528,-0.0869, 0.0706],0.2087
404,[-0.9718, 0.0552,-0.1736, 0.1102],[-0.5709, 0.0836,-0.6834,-0.5191,-0.4574],[-0.9695, 0.0979,-0.2044, 0.124 ],0.1483
410,[-0.971 , 0.0709,-0.0381, 0.0712],[-0.9988,-0.9703, 1.7461,-0.4338,-0.5552],[-0.9708, 0.0522,-0.0166, 0.0843],0.2296
412,[-0.9727, 0.1004,-0.1157, 0.0679],[ 0.733 , 3.4489,-0.2394, 9.9191,-0.4677],[-0.9722, 0.1046,-0.1169, 0.0817],0.1708
414,[-0.9725, 0.147 ,-0.1849, 0.0589],[ 0.5811, 2.2329,-1.4464, 1.2471,-0.5161],[-0.9715, 0.1603,-0.1958, 0.0717],0.122
416,[-0.9692, 0.1583,-0.2782, 0.1025],[-0.2505,-0.0226,-0.612 ,-0.2947,-0.8367],[-0.9657, 0.1895,-0.2994, 0.1163],0.0879
420,[-0.9715,-0.0731, 0.0339, 0.0541],[-1.0695, 1.6818,-1.9213,-0.6888,-1.9085],[-0.9714,-0.0535, 0.0154, 0.0672],0.2263
421,[-0.972 ,-0.1151, 0.1086, 0.0588],[ 0.6151, 0.577 , 3.4294, 4.8196,-0.8299],[-0.9718,-0.1105, 0.1039, 0.0727],0.1743
423,[-0.9708,-0.1531, 0.1819, 0.0627],[-0.1521,-1.1155, 1.0241,-0.0632,-0.6696],[-0.9698,-0.1632, 0.191 , 0.0753],0.1278
432,[-0.9741, 0.1784,-0.1496, 0.0861],[-1.0048,-0.8858, 0.5296,-0.1338,-1.0144],[-0.9743, 0.1593,-0.127 , 0.099 ],0.1394
434,[-0.9741, 0.2068,-0.2209, 0.0666],[ 0.0516, 1.3958,-0.4345, 7.7041,-0.7666],[-0.9736, 0.2078,-0.218 , 0.0809],0.0892
436,[-0.9701, 0.2568,-0.2979, 0.0608],[ 0.7901, 1.6332,-0.3279, 1.9472,-0.7603],[-0.9686, 0.2655,-0.3047, 0.0736],0.0488
440,[-0.962 ,-0.1852, 0.0337, 0.0661],[-0.0803, 0.2271,-0.5356,-0.1803,-1.1494],[-0.9633,-0.1331,-0.0126, 0.0809],0.2302
441,[-0.9706,-0.1911, 0.142 , 0.0588],[-1.293 ,-0.9165,-2.3112,-1.689 ,-2.4015],[-0.9713,-0.1676, 0.1169, 0.0723],0.1494
443,[-0.9687,-0.2193, 0.2167, 0.0638],[ 0.3655,-0.8775, 2.1629, 2.4307,-1.0971],[-0.9685,-0.2154, 0.211 , 0.0768],0.104
445,[-0.9656,-0.2606, 0.2941, 0.0565],[-0.7478,-0.6806, 0.5321, 1.1003,-0.6831],[-0.9644,-0.2672, 0.2997, 0.0662],0.0618
454,[-0.9736, 0.2929,-0.2599, 0.0735],[-0.6118,-0.8977, 0.0451,-0.3065,-0.8768],[-0.9745, 0.2758,-0.2407, 0.0849],0.0528
456,[-0.9696, 0.3122,-0.3346, 0.0627],[ 0.1324, 2.4078,-0.7206, 3.2446,-0.6986],[-0.9687, 0.3131,-0.3319, 0.0769],0.0196
458,[-0.9645, 0.3593,-0.4081, 0.0569],[ 0.4844, 3.4312, 0.2861, 2.8343,-0.5617],[-0.9625, 0.3631,-0.4099, 0.0711],-0.0146
461,[-0.9583,-0.3005, 0.1652, 0.0786],[-0.701 , 0.2303,-0.8527, 0.1025,-0.8261],[-0.962 ,-0.2569, 0.1035, 0.0633],0.1498
463,[-0.9634,-0.2987, 0.2494, 0.0665],[-1.7589,-0.7988,-2.597 ,-1.7717,-2.9807],[-0.9647,-0.2828, 0.2323, 0.0783],0.0807
465,[-0.9636,-0.3245, 0.321 , 0.0523],[-0.7066,-1.4132, 0.4978, 1.5028,-1.882 ],[-0.9637,-0.3207, 0.3137, 0.0659],0.0369
467,[-0.9609,-0.3586, 0.4103, 0.0457],[ 0.1009,-0.7512, 1.0042, 0.5039,-0.3401],[-0.9588,-0.3628, 0.4125, 0.0574],-0.0066
478,[-0.9683, 0.397 ,-0.4333, 0.0585],[ 0.3571, 1.4439,-0.8792, 2.4719,-1.3925],[-0.9668, 0.3972,-0.4305, 0.0727],-0.0464
485,[-0.9607,-0.3979, 0.3536, 0.0455],[-2.6078,-2.4306,-2.7118,-2.2683,-3.425 ],[-0.9624,-0.3889, 0.3413, 0.0602],0.0023
487,[-0.9588,-0.4036, 0.4277, 0.05  ],[-1.1646,-2.0484,-0.6417, 0.0378,-2.4428],[-0.9578,-0.4031, 0.4237, 0.0652],-0.0252
500,[-0.9735,-0.0113,-0.0094,-0.0568],[ 1.4742, 1.262 , 0.0222,12.0882,-0.6407],[-0.9736,-0.001 ,-0.017 ,-0.0418],0.2288
501,[-0.9702,-0.0369, 0.0757,-0.0661],[-0.9659,-0.6288, 1.0677,-0.4398,-0.9121],[-0.9701,-0.0565, 0.0965,-0.0522],0.204
502,[-0.9701, 0.0281,-0.0773,-0.0564],[-0.239 , 1.8796,-0.9906, 1.6129,-0.3943],[-0.9699, 0.0511,-0.0969,-0.0423],0.207
503,[-0.9665,-0.044 , 0.1726,-0.0812],[-0.106 ,-0.2143, 0.2484,-0.1134, 0.0865],[-0.9646,-0.0939, 0.2194,-0.0762],0.1604
504,[-0.9793, 0.0423,-0.1725,-0.0564],[ 0.0557,-0.2163,-0.4409,-0.031 , 0.0056],[-0.9773, 0.1146,-0.2309,-0.0415],0.1077
510,[-0.9679, 0.0743,-0.0354,-0.0662],[ 0.0183,-0.6505, 0.6145,-0.1365,-0.4128],[-0.9684, 0.0555,-0.0143,-0.0537],0.2372
512,[-0.9739, 0.0959,-0.1178,-0.0545],[ 0.6877, 1.455 ,-0.0958, 9.0767,-0.5328],[-0.9738, 0.1076,-0.1275,-0.0394],0.1606
514,[-0.974 , 0.1431,-0.1867,-0.0532],[-0.3528, 2.5109,-0.6943, 0.7618,-0.8342],[-0.9732, 0.1648,-0.2068,-0.0382],0.1113
516,[-0.961 , 0.156 ,-0.2855,-0.075 ],[-0.2125, 0.0491,-0.3685,-0.094 ,-0.2339],[-0.9579, 0.1884,-0.3055,-0.091 ],0.1094
520,[-0.9709,-0.0824, 0.0282,-0.0629],[ 0.1792, 5.2483,-0.2439, 0.2141,-0.938 ],[-0.9714,-0.0573, 0.0067,-0.0483],0.2262
521,[-0.9721,-0.125 , 0.1061,-0.0618],[ 1.0105, 0.1868, 1.6092,11.1391,-0.2863],[-0.9725,-0.1172, 0.1003,-0.0468],0.1708
522,[-0.9673,-0.0741,-0.0643,-0.092 ],[-0.1639, 0.2913,-0.5125,-0.0141,-0.0457],[-0.9674,-0.0196,-0.1021,-0.0767],0.2252
523,[-0.9692,-0.1466, 0.1892,-0.0634],[-0.4088,-1.1638, 0.2958,-0.367 ,-1.1934],[-0.9684,-0.1645, 0.2067,-0.0499],0.1258
532,[-0.9681, 0.1884,-0.1435,-0.0519],[-0.0606,-0.2564, 0.1337,-0.0425,-0.6152],[-0.9692, 0.1686,-0.1192,-0.0381],0.1551
534,[-0.9761, 0.2074,-0.2299,-0.0519],[ 0.6977, 1.8618,-0.5861, 4.3776,-1.2295],[-0.9756, 0.2181,-0.2383,-0.0371],0.072
536,[-0.9712, 0.2527,-0.3048,-0.0651],[ 0.2689, 0.8329,-0.3603, 3.083 ,-0.9165],[-0.9696, 0.27  ,-0.3198,-0.0505],0.0387
541,[-0.9704,-0.1875, 0.1383,-0.0737],[-1.356 , 1.2286,-1.5032,-0.7285,-2.3718],[-0.9715,-0.1665, 0.1182,-0.0598],0.1484
543,[-0.9706,-0.2203, 0.2079,-0.0701],[-0.973 ,-1.2527, 1.7982, 1.6603,-2.5329],[-0.9712,-0.2156, 0.2005,-0.056 ],0.1
545,[-0.967 ,-0.2539, 0.301 ,-0.0698],[ 0.0699,-1.2295, 0.7059, 0.4405,-0.9464],[-0.9656,-0.2678, 0.3127,-0.0565],0.053
554,[-0.9648, 0.3119,-0.2465,-0.05  ],[-0.1935,-0.3832,-0.1631, 0.2242,-0.7553],[-0.9673, 0.2929,-0.2202,-0.0342],0.0741
556,[-0.9717, 0.3112,-0.3441,-0.0517],[ 0.8243, 0.674 ,-0.2947, 4.6169,-1.0485],[-0.9706, 0.3203,-0.3518,-0.0364],0.0047
558,[-0.9665, 0.3497,-0.4226,-0.0572],[ 0.7199, 1.4176, 0.1895, 4.4447,-0.7089],[-0.9637, 0.3613,-0.432 ,-0.0418],-0.0253
561,[-0.9801,-0.2795, 0.1658,-0.0521],[-0.0227,-0.0718,-0.2539,-0.4094,-0.0468],[-0.9828,-0.2216, 0.1231,-0.0376],0.0914
563,[-0.9671,-0.2958, 0.2526,-0.0748],[-2.6351,-2.0254,-2.551 ,-2.1287,-3.807 ],[-0.9688,-0.2825, 0.2357,-0.0614],0.0678
565,[-0.9644,-0.3253, 0.3252,-0.0616],[-1.6911,-2.9229,-1.0851,-0.7804,-3.4024],[-0.9646,-0.3261, 0.3229,-0.0471],0.0288
567,[-0.9632,-0.354 , 0.4108,-0.061 ],[ 0.5675,-0.2821, 1.5451, 0.7593,-0.9163],[-0.9611,-0.3631, 0.4169,-0.0497],-0.014
578,[-0.9629, 0.4054,-0.455 ,-0.0516],[ 0.7338, 1.5704,-0.3385, 2.937 ,-1.5204],[-0.9609, 0.4103,-0.458 ,-0.036 ],-0.0488
579,[-0.9594, 0.4042,-0.5081,-0.0364],[ 0.613 , 7.1547,-0.0291, 3.8214,-0.5289],[-0.9553, 0.4093,-0.5035,-0.0209],-0.0544
585,[-0.9589,-0.4006, 0.3566,-0.0539],[-2.4094,-2.5777,-2.4578,-2.1781,-3.4875],[-0.961 ,-0.3949, 0.3447,-0.0383],0.002
587,[-0.9605,-0.4001, 0.4302,-0.0529],[-1.7775,-2.918 ,-1.1757,-1.2772,-4.1488],[-0.9594,-0.4038, 0.4313,-0.039 ],-0.0322
600,[-0.9718,-0.0093,-0.0032,-0.181 ],[ 0.0655, 1.1175,-0.8327, 1.0519,-2.056 ],[-0.9725,-0.0034,-0.0067,-0.1666],0.2318
601,[-0.9694,-0.0296, 0.0825,-0.1916],[-1.4137,-1.5302, 0.557 ,-0.9106,-1.9662],[-0.9696,-0.0562, 0.1094,-0.1774],0.2005
602,[-0.97  , 0.0253,-0.0798,-0.1763],[-0.0834, 0.3124,-0.9795, 3.5602,-0.8408],[-0.9702, 0.0521,-0.1022,-0.1608],0.2031
603,[-0.9629,-0.0327, 0.1793,-0.2175],[ 0.0383, 0.0687, 0.0524, 0.0616,-0.1058],[-0.9615,-0.0821, 0.2141,-0.2022],0.1775
610,[-0.9685, 0.0794,-0.0269,-0.1981],[-1.0166,-0.9583,-0.0586,-0.7348,-1.5608],[-0.9696, 0.0557,-0.0023,-0.1835],0.2315
611,[-0.9606, 0.0571, 0.0625,-0.1781],[-0.0236, 0.0126, 0.0673, 0.0494,-0.1636],[-0.9612, 0.0174, 0.0908,-0.1929],0.2529
612,[-0.9725, 0.0996,-0.1087,-0.1838],[-0.3772, 0.9458,-0.8949, 1.9378,-2.0391],[-0.9731, 0.1075,-0.1155,-0.1683],0.1671
614,[-0.9726, 0.1372,-0.1948,-0.1778],[-0.0332, 0.8053,-0.4667, 2.3638,-0.9235],[-0.9719, 0.1676,-0.2236,-0.1629],0.1076
616,[-0.9666, 0.1502,-0.2811,-0.164 ],[ 0.1132, 0.0872,-0.1696,-0.116 ,-0.3766],[-0.9638, 0.1894,-0.3045,-0.1475],0.0917
620,[-0.9707,-0.0843, 0.0275,-0.1796],[-0.5641, 2.6079,-1.7651, 0.4075,-1.5035],[-0.9717,-0.0565, 0.0016,-0.165 ],0.2252
621,[-0.9716,-0.1255, 0.1066,-0.1786],[-1.6303,-1.5004,-0.6207, 1.0734,-2.8428],[-0.9725,-0.1192, 0.1017,-0.1637],0.1696
623,[-0.968 ,-0.1381, 0.1963,-0.1941],[-0.6491,-1.3186, 0.3589,-0.9007,-1.988 ],[-0.9673,-0.164 , 0.2209,-0.1797],0.1241
625,[-0.9661,-0.1328, 0.2918,-0.218 ],[-0.0548, 0.0635,-0.0599,-0.0519,-0.1594],[-0.9626,-0.1811, 0.3241,-0.2059],0.0908
632,[-0.9662, 0.1846,-0.1436,-0.2037],[-0.0631,-0.5349, 0.5734,-0.2392,-1.032 ],[-0.9678, 0.1723,-0.1306,-0.1918],0.1539
634,[-0.9724, 0.2008,-0.2163,-0.1761],[ 0.5115, 1.0932,-0.9732, 2.4044,-1.3348],[-0.9725, 0.2129,-0.2275,-0.1612],0.0871
636,[-0.969 , 0.2406,-0.3057,-0.1619],[ 1.577 , 0.7846,-0.5173, 3.4137,-0.8667],[-0.9673, 0.2647,-0.3273,-0.1475],0.0442
641,[-0.968 ,-0.1896, 0.1395,-0.1788],[-0.6036, 2.5088,-0.9399,-0.6317,-2.1926],[-0.9697,-0.1716, 0.1222,-0.1636],0.1509
643,[-0.9662,-0.2289, 0.2127,-0.1898],[-0.5083,-1.5881, 1.7787, 8.3189,-2.3355],[-0.9674,-0.2265, 0.2061,-0.1739],0.1051
645,[-0.9633,-0.246 , 0.3042,-0.1939],[-0.1737,-0.5893, 0.5479, 1.2799,-1.4843],[-0.9618,-0.2652, 0.3212,-0.179 ],0.0612
647,[-0.9587,-0.2632, 0.4221,-0.2462],[ 0.0678,-0.0618, 0.1313,-0.1235,-0.1506],[-0.9534,-0.291 , 0.4351,-0.2293],0.0271
656,[-0.9669, 0.309 ,-0.3395,-0.1567],[-0.0331, 1.2413,-0.573 , 4.1706,-1.1929],[-0.9661, 0.3219,-0.3514,-0.1405],0.0158
658,[-0.9656, 0.3338,-0.4173,-0.1645],[ 0.2619, 7.2026,-0.1473, 1.0132,-0.4536],[-0.9624, 0.351 ,-0.4345,-0.1487],-0.0193
663,[-0.9645,-0.2935, 0.2532,-0.1881],[-3.1251,-3.5559,-2.923 ,-2.5682,-4.3054],[-0.9665,-0.285 , 0.2392,-0.1742],0.072
665,[-0.9628,-0.3198, 0.3146,-0.1827],[-3.6863,-5.2822,-2.6806,-2.9762,-5.7985],[-0.9635,-0.3229, 0.3134,-0.1677],0.0366
667,[-0.9609,-0.3417, 0.4093,-0.1771],[ 0.9955, 0.5008, 5.2955, 0.519 ,-0.5417],[-0.9584,-0.3556, 0.4207,-0.1627],-0.006
678,[-0.9651, 0.3944,-0.4376,-0.127 ],[ 0.3124, 0.6782, 0.1261, 6.4791,-1.0777],[-0.9634, 0.4028,-0.4439,-0.1129],-0.0461
685,[-0.9614,-0.3993, 0.3592,-0.173 ],[-2.0684,-3.0769,-2.0445,-2.2413,-3.532 ],[-0.9636,-0.3971, 0.3498,-0.1572],-0.0074
687,[-0.9597,-0.3939, 0.4425,-0.1596],[ 0.2649,-0.7757, 0.0928,10.0157,-1.5444],[-0.9578,-0.4026, 0.45  ,-0.1449],-0.0357
700,[-0.9668,-0.0034, 0.007 ,-0.3081],[-2.8877,-2.5655,-3.3884,-1.7797,-4.4452],[-0.9681,-0.005 , 0.0087,-0.2934],0.2476
701,[-0.9655,-0.0294, 0.0835,-0.3102],[-1.1424,-1.3833,-0.2818,-0.6865,-2.4214],[-0.9662,-0.0554, 0.1101,-0.2959],0.2125
702,[-0.9682, 0.0281,-0.0754,-0.2905],[ 0.4412, 1.3692,-0.958 ,-0.1324,-1.4417],[-0.969 , 0.0531,-0.0987,-0.2754],0.2082
703,[-0.9639,-0.0503, 0.1731,-0.3051],[-0.114 ,-0.0694, 0.122 ,-0.0103,-0.0708],[-0.9629,-0.0987, 0.2172,-0.289 ],0.1652
704,[-0.9576, 0.0382,-0.1718,-0.2518],[-0.1441, 0.0249,-0.2387, 0.0184,-0.0356],[-0.9566, 0.0776,-0.1952,-0.2357],0.2032
710,[-0.9663, 0.0917,-0.0242,-0.301 ],[-1.408 ,-2.0868,-1.1842,-1.7709,-2.7747],[-0.9679, 0.0629, 0.0067,-0.2866],0.2336
711,[-0.9638, 0.0634, 0.0632,-0.3158],[ 0.0692,-0.0461, 0.08  , 0.0839,-0.1174],[-0.9645, 0.0095, 0.1214,-0.2991],0.231
712,[-0.9661, 0.1184,-0.0954,-0.3026],[-2.6243,-2.5178,-2.6367,-1.7121,-3.7842],[-0.9676, 0.1129,-0.0901,-0.2873],0.1929
714,[-0.9667, 0.1357,-0.1964,-0.2846],[-0.1034, 1.5301,-0.4586, 1.0778,-0.8507],[-0.9663, 0.1642,-0.2221,-0.2701],0.1264
720,[-0.9666,-0.0777, 0.0331,-0.2995],[-0.4634, 0.1512,-1.3596, 0.2669,-2.6386],[-0.9682,-0.0573, 0.0099,-0.284 ],0.2381
721,[-0.9657,-0.1142, 0.1139,-0.3118],[-4.8766,-5.8493,-4.8301,-4.0252,-7.333 ],[-0.9669,-0.1174, 0.1151,-0.2965],0.1839
723,[-0.9631,-0.1447, 0.1897,-0.3167],[-0.5122,-1.5239,-0.2786, 0.791 ,-1.9996],[-0.9632,-0.1659, 0.2101,-0.3012],0.1403
732,[-0.9625, 0.1916,-0.1318,-0.3197],[-1.5812,-1.5511,-0.7839,-0.9005,-2.7802],[-0.9649, 0.1751,-0.1144,-0.3048],0.1681
734,[-0.9615, 0.2197,-0.1955,-0.311 ],[-1.9659,-0.8881,-0.8688, 0.9827,-2.2919],[-0.9633, 0.218 ,-0.1902,-0.2944],0.1273
736,[-0.9726, 0.2365,-0.3121,-0.2765],[ 1.3861, 0.8803, 1.2529, 0.3944,-0.7388],[-0.9704, 0.2712,-0.353 ,-0.26  ],0.023
741,[-0.9653,-0.185 , 0.1494,-0.2936],[-1.9904,-1.0299,-2.0616,-1.1129,-3.3645],[-0.9672,-0.1751, 0.1363,-0.2779],0.1522
743,[-0.9623,-0.2202, 0.2147,-0.3045],[-1.5175,-3.9145, 0.8553, 2.5004,-4.2578],[-0.9636,-0.224 , 0.2145,-0.288 ],0.1143
745,[-0.9605,-0.2493, 0.2989,-0.3096],[ 1.523 ,-0.0065, 1.1488, 5.3205,-1.3051],[-0.9596,-0.2686, 0.3169,-0.2931],0.0675
754,[-0.9601, 0.29  ,-0.2254,-0.3327],[-0.5749, 0.1458,-1.063 ,-0.1363,-1.2206],[-0.9634, 0.2777,-0.204 ,-0.3156],0.0975
756,[-0.9659, 0.2872,-0.388 ,-0.2614],[-0.3722,-0.8075,-1.002 , 4.6951,-1.1668],[-0.9617, 0.3152,-0.4292,-0.2453],-0.0016
763,[-0.9612,-0.2902, 0.2602,-0.28  ],[-3.9377,-4.3356,-4.0856,-3.7933,-5.1933],[-0.9632,-0.2886, 0.2538,-0.2646],0.0746
765,[-0.9602,-0.3098, 0.3101,-0.2907],[-2.7293,-5.4228,-3.5535,-3.3758,-6.4163],[-0.961 ,-0.3169, 0.313 ,-0.2745],0.0457
767,[-0.9591,-0.331 , 0.4214,-0.2881],[ 0.3418, 1.8069, 1.2908, 9.6891,-0.6421],[-0.9558,-0.3502, 0.4401,-0.272 ],-0.0053
785,[-0.9561,-0.4044, 0.3861,-0.2535],[-2.0225,-2.9945,-1.5529,-1.2993,-3.308 ],[-0.9576,-0.4086, 0.3808,-0.2366],-0.0096
800,[-0.9612, 0.0094, 0.008 ,-0.424 ],[-10.8032, -9.5808,-10.1015,-10.0486,-11.7366],[-0.9629, 0.0025, 0.015 ,-0.408 ],0.2677
801,[-0.9604,-0.0357, 0.0793,-0.4281],[-1.1972,-1.5036,-0.3107,-0.2656,-2.5926],[-0.9617,-0.0551, 0.099 ,-0.4117],0.2327
802,[-0.9635, 0.0495,-0.063 ,-0.3887],[-0.7338,-0.6755,-0.6135, 0.4592,-1.1538],[-0.965 , 0.0583,-0.0718,-0.3723],0.2307
810,[-0.9611, 0.074 ,-0.0312,-0.426 ],[-2.0203,-1.7414,-1.5747,-0.8186,-3.0908],[-0.9631, 0.0591,-0.0149,-0.4105],0.251
812,[-0.9609, 0.1085,-0.0864,-0.4197],[-7.4405,-6.7055,-7.4297,-6.8523,-8.2913],[-0.963 , 0.1039,-0.08  ,-0.405 ],0.2164
820,[-0.9619,-0.067 , 0.0409,-0.4163],[-1.2956,-0.0284,-1.1869,-0.7802,-2.0909],[-0.9638,-0.0585, 0.0315,-0.3998],0.2502
821,[-0.9604,-0.1034, 0.1196,-0.4216],[ -9.7209,-10.0939, -9.3748, -8.9844,-11.0309],[-0.9619,-0.1135, 0.1277,-0.4051],0.1977
823,[-0.9595,-0.1462, 0.1863,-0.4167],[ 0.1132,-0.3025, 3.6503, 1.4158,-1.4712],[-0.9601,-0.1656, 0.2043,-0.3998],0.1525
825,[-0.9582,-0.1617, 0.3002,-0.3786],[ 0.0058,-0.0941, 0.0303,-0.0021,-0.1597],[-0.9553,-0.2007, 0.3282,-0.3626],0.1029
832,[-0.9592, 0.1883,-0.1384,-0.3994],[-1.7174,-1.4053,-1.902 ,-0.7532,-3.0808],[-0.9619, 0.1769,-0.123 ,-0.3847],0.1744
834,[-0.958 , 0.2233,-0.1864,-0.399 ],[-3.6877,-2.9282,-4.2059,-3.1569,-4.6448],[-0.9606, 0.2184,-0.1756,-0.3823],0.1412
841,[-0.9602,-0.1817, 0.1605,-0.3854],[-1.3134,-1.9969,-1.4201,-1.719 ,-2.6369],[-0.9623,-0.1779, 0.148 ,-0.3681],0.1627
843,[-0.9591,-0.2013, 0.2135,-0.4054],[-5.414 ,-6.6003,-6.1858,-4.6436,-7.2102],[-0.9602,-0.2119, 0.22  ,-0.3886],0.1272
845,[-0.9581,-0.2411, 0.2961,-0.4034],[ 0.257 , 0.2294, 1.5957, 9.6005,-0.6623],[-0.9574,-0.2628, 0.315 ,-0.3879],0.0769
863,[-0.958 ,-0.2908, 0.2682,-0.3927],[-2.2653,-2.7214,-1.6564,-2.1494,-3.1544],[-0.9598,-0.2958, 0.2736,-0.3757],0.0733
865,[-0.9585,-0.3044, 0.3042,-0.3942],[-2.7356,-3.8586,-3.5947,-1.7182,-5.3672],[-0.9597,-0.3137, 0.3063,-0.3767],0.0533
900,[-0.9577, 0.0065, 0.019 ,-0.5179],[-46.9394,-46.6369,-45.9705,-45.9226,-47.3934],[-0.9598,-0.0028, 0.027 ,-0.5011],0.2837
901,[-0.9579,-0.0375, 0.0819,-0.5241],[-2.872 ,-3.5018,-3.5849,-0.8807,-4.3127],[-0.9597,-0.0564, 0.0997,-0.5072],0.2394
910,[-0.9574, 0.0708,-0.0415,-0.5183],[-8.207 ,-8.3968,-8.4665,-7.7195,-9.1776],[-0.9598, 0.0639,-0.0363,-0.5001],0.2613
912,[-0.9585, 0.1351,-0.1169,-0.5038],[-33.1897,-33.8085,-33.3938,-33.5284,-34.3487],[-0.9609, 0.1339,-0.1117,-0.4856],0.1992
921,[-0.9578,-0.0861, 0.1133,-0.5145],[-36.4001,-35.9848,-35.8667,-35.3068,-37.168 ],[-0.9595,-0.1004, 0.1261,-0.4971],0.2119
923,[-0.9605,-0.1286, 0.1944,-0.5323],[ 0.7223,15.482 , 2.341 , 1.6364,-1.0572],[-0.9605,-0.1615, 0.2341,-0.5144],0.1406
943,[-0.9604,-0.1785, 0.2546,-0.5057],[-5.6227,-5.0182,-4.6677,-4.2741,-6.089 ],[-0.9593,-0.213 , 0.2968,-0.4892],0.0988
945,[-0.9574,-0.2474, 0.3396,-0.5073],[ 1.3919, 1.6995,-0.1039,34.0613,-0.4441],[-0.9547,-0.2793, 0.3805,-0.4891],0.0511
1000,[-0.93  ,-0.0088, 0.019 , 0.5066],[ 1.2076, 0.2467, 1.7437,-0.3756, 2.0161],[-0.9278,-0.0105, 0.0208, 0.5024],0.402
1010,[-0.9286, 0.0632,-0.043 , 0.5025],[ 1.0044,-0.1935, 1.7795,-0.4475, 0.3063],[-0.9266, 0.0569,-0.0287, 0.4894],0.4056
1012,[-0.9333, 0.0778,-0.0826, 0.5071],[0.7945,0.7977,0.864 ,0.3429,4.0478],[-0.9311, 0.0753,-0.0759, 0.5031],0.3563
1100,[-0.9446, 0.0073,-0.0101, 0.4041],[ 1.0936, 3.8563, 3.3768, 0.0761,18.7018],[-0.9429, 0.0076,-0.01  , 0.3951],0.3452
1101,[-0.9479,-0.0447, 0.0695, 0.4007],[-0.1966,-1.2977, 3.444 ,-0.3273, 0.6248],[-0.9459,-0.0483, 0.0709, 0.4029],0.3082
1102,[-0.9473, 0.0447,-0.0677, 0.4002],[-0.2063, 4.7545,-0.6011,-0.2054, 3.122 ],[-0.9454, 0.048 ,-0.0691, 0.399 ],0.3114
1110,[-0.9452, 0.0655,-0.0379, 0.4322],[-0.0082,-0.4423, 5.3494,-0.5746, 0.8106],[-0.9434, 0.0573,-0.0296, 0.4375],0.3313
1112,[-0.9476, 0.0797,-0.0857, 0.4137],[ 1.1447,20.1968, 0.5939, 0.4007, 1.4301],[-0.9458, 0.0775,-0.0799, 0.4164],0.2923
1114,[-0.9455, 0.15  ,-0.1822, 0.3882],[ 0.2941, 1.806 ,-0.6986,-0.0901, 5.4824],[-0.9434, 0.151 ,-0.1795, 0.3871],0.2265
1120,[-0.9415,-0.0737, 0.0294, 0.3852],[ 1.152 , 1.4877,-0.8462,-0.2355, 4.263 ],[-0.9401,-0.0626, 0.018 , 0.383 ],0.3475
1121,[-0.9436,-0.0977, 0.1035, 0.3881],[ 0.9346, 0.8473, 1.4558, 0.5532,16.8001],[-0.942 ,-0.0954, 0.0973, 0.3835],0.2921
1123,[-0.9405,-0.1418, 0.1789, 0.3878],[ 0.4805,-0.493 , 2.8462,-0.2417, 2.6133],[-0.9383,-0.144 , 0.1774, 0.3867],0.2496
1132,[-0.9373, 0.1853,-0.1203, 0.4011],[ 0.6081,-0.0604, 1.3153,-0.6535, 2.8425],[-0.9369, 0.1694,-0.1037, 0.4035],0.2768
1134,[-0.9419, 0.2286,-0.2119, 0.3911],[1.5708,6.517 ,0.1394,0.4621,1.2993],[-0.9412, 0.2182,-0.1917, 0.4003],0.1992
1141,[-0.9343,-0.1845, 0.1347, 0.3816],[ 0.8337, 4.18  ,-0.3699, 0.4573, 2.8411],[-0.9338,-0.1719, 0.1225, 0.3827],0.2791
1143,[-0.9323,-0.2018, 0.2137, 0.3842],[0.6477,0.2955,1.429 ,0.6583,8.3816],[-0.9308,-0.1981, 0.2054, 0.3811],0.239
1145,[-0.919 ,-0.2668, 0.2913, 0.3803],[-0.009 ,-0.6936, 1.1237, 0.3212, 0.9743],[-0.9173,-0.2635, 0.2813, 0.3912],0.2214
1200,[-0.9389,-0.0105, 0.0027, 0.3045],[ 2.6892, 3.036 , 1.8995, 0.7168,51.4329],[-0.9376,-0.0091, 0.0026, 0.2934],0.3699
1201,[-0.9403,-0.0381, 0.0719, 0.2957],[ 0.4912,-1.0473, 2.8637,-1.3052, 0.6946],[-0.9388,-0.0438, 0.0752, 0.2874],0.3376
1202,[-0.9422, 0.0353,-0.0741, 0.3029],[ 0.5708,23.4951,-0.2299,-0.807 , 0.6341],[-0.9406, 0.042 ,-0.078 , 0.2955],0.3302
1210,[-0.9372, 0.0802,-0.0244, 0.2841],[-0.2093,-1.189 , 4.0713,-0.5016, 0.3855],[-0.9363, 0.0682,-0.0156, 0.2837],0.361
1211,[-0.9357, 0.0866, 0.0556, 0.2534],[-0.6513,-1.0159,-0.3407,-0.4396,-0.6653],[-0.9343, 0.0546, 0.1046, 0.2677],0.3379
1212,[-0.9418, 0.0944,-0.1068, 0.2958],[ 2.2994, 1.8101, 0.5707, 0.7842,19.1357],[-0.9405, 0.0945,-0.1037, 0.286 ],0.2958
1214,[-0.9407, 0.1433,-0.1893, 0.2945],[ 0.0602,21.6805,-0.495 ,-0.1869, 1.5306],[-0.9387, 0.1481,-0.1906, 0.2968],0.2404
1220,[-0.9336,-0.0767, 0.0269, 0.3017],[-0.167 ,45.5783,-0.3326,-0.3685, 3.6798],[-0.9326,-0.0662, 0.0197, 0.3036],0.3763
1221,[-0.9401,-0.1076, 0.1019, 0.3131],[ 3.8622, 1.534 ,69.0006, 1.6005, 2.0142],[-0.9389,-0.1032, 0.0931, 0.3142],0.3029
1223,[-0.9399,-0.1445, 0.1876, 0.309 ],[ 1.1593,-0.3614,15.5518,-0.1758, 0.286 ],[-0.9378,-0.1482, 0.1877, 0.3102],0.2444
1230,[-0.9451, 0.1737,-0.0297, 0.2667],[-0.4763,-1.3197,-0.0699,-0.7162,-0.8154],[-0.9455, 0.1383, 0.0055, 0.2663],0.285
1232,[-0.9329, 0.2003,-0.1254, 0.2771],[ 0.4849, 0.0124, 4.7657,-0.0832, 1.2123],[-0.9332, 0.1846,-0.1137, 0.2776],0.2795
1234,[-0.9346, 0.2115,-0.2214, 0.2871],[ 0.9668, 5.2867,-0.3721, 1.235 , 5.2498],[-0.9336, 0.2084,-0.212 , 0.2811],0.2215
1236,[-0.9346, 0.2498,-0.2937, 0.2813],[ 1.4049, 9.9153,-0.6723, 1.2655, 1.1271],[-0.9326, 0.2504,-0.2896, 0.2846],0.1705
1240,[-0.9401,-0.1757, 0.0327, 0.2656],[-1.6964,-0.7321,-1.634 ,-1.3459,-1.1054],[-0.9407,-0.1463, 0.0156, 0.2513],0.3103
1241,[-0.938 ,-0.1919, 0.129 , 0.2997],[ 0.9062,17.2871, 0.5891, 0.0561, 2.5143],[-0.9379,-0.1771, 0.1178, 0.3058],0.2627
1243,[-0.9408,-0.2114, 0.2133, 0.3133],[ 0.9212, 0.7322,28.7411, 0.6752, 1.3426],[-0.9397,-0.2064, 0.204 , 0.3201],0.2046
1245,[-0.9404,-0.2545, 0.2947, 0.3002],[-0.2879,-0.5639, 5.7311, 0.1549, 1.3936],[-0.9384,-0.2543, 0.2914, 0.3094],0.1478
1252,[-0.9261, 0.2796,-0.158 , 0.3066],[ 0.0925,-0.6396, 1.0721,-0.3475,-0.483 ],[-0.9283, 0.2557,-0.116 , 0.3207],0.264
1254,[-0.9297, 0.3009,-0.2335, 0.2851],[ 0.5251,-0.0248,-0.867 , 0.4263, 0.8762],[-0.931 , 0.2862,-0.2104, 0.2891],0.1954
1256,[-0.9298, 0.3198,-0.3276, 0.2821],[ 1.3064,13.9117,-0.2299, 1.1158, 2.0462],[-0.9291, 0.3148,-0.3143, 0.2901],0.1399
1258,[-0.9159, 0.3785,-0.3907, 0.2545],[ 0.4808, 3.7432,-1.073 , 0.6312,-0.0588],[-0.9154, 0.3746,-0.3771, 0.2634],0.1237
1261,[-0.9379,-0.289 , 0.1556, 0.2657],[-1.1603,-0.032 ,-2.1703,-1.2156,-0.9517],[-0.9402,-0.2632, 0.1371, 0.2797],0.2071
1263,[-0.9329,-0.3022, 0.2357, 0.2871],[ 1.3113,10.6186, 0.3411, 0.9048, 0.4551],[-0.934 ,-0.2886, 0.225 , 0.2978],0.1781
1265,[-0.9297,-0.3218, 0.3305, 0.2847],[1.1755,0.0784,7.672 ,1.7003,2.4989],[-0.929 ,-0.3169, 0.3189, 0.2923],0.1375
1267,[-0.9279,-0.3753, 0.3932, 0.2646],[-0.1111,-1.0809, 0.5671,-0.5118,-0.6135],[-0.9269,-0.3711, 0.3831, 0.2752],0.0884
1287,[-0.9283,-0.3911, 0.4055, 0.2603],[ 0.618 , 0.2241,10.1716, 1.3362, 0.942 ],[-0.9276,-0.3866, 0.3949, 0.2701],0.0736
1300,[-0.9204,-0.0263, 0.0294, 0.1515],[  1.113 ,  1.727 ,  1.4799,  1.3464,309.7188],[-0.9198,-0.0268, 0.0311, 0.1445],0.4286
1301,[-0.9187,-0.0458, 0.0664, 0.144 ],[ 0.2457,-0.5223,81.229 , 0.911 , 0.5572],[-0.9179,-0.0484, 0.0667, 0.1472],0.4173
1302,[-0.9288, 0.0411,-0.0705, 0.1743],[ 0.3804,15.7972,-0.8165, 0.7572, 1.0492],[-0.9279, 0.0457,-0.0721, 0.1696],0.3779
1303,[-0.9256,-0.0423, 0.1801, 0.219 ],[-1.4309,-2.2522,-1.2228,-1.5584,-1.5145],[-0.9229,-0.0619, 0.1892, 0.2063],0.343
1310,[-0.9287, 0.0763,-0.0295, 0.1768],[-6.3046,-7.1923,-5.2725,-6.2066,-7.098 ],[-0.9283, 0.0665,-0.0193, 0.1756],0.3909
1311,[-0.94  , 0.0685, 0.0683, 0.2181],[-2.369 ,-2.342 ,-1.831 ,-2.5879,-1.8735],[-0.9389, 0.0409, 0.082 , 0.2326],0.3361
1312,[-0.9315, 0.0966,-0.0998, 0.1791],[ 0.746 ,10.3007,-0.2051, 3.4724, 4.5094],[-0.9308, 0.0952,-0.0935, 0.1756],0.3365
1314,[-0.9386, 0.1431,-0.1877, 0.1908],[ 1.11  ,17.3763,-0.7241, 0.7843, 0.4438],[-0.937 , 0.149 ,-0.1897, 0.1897],0.2464
1320,[-0.9215,-0.0696, 0.0368, 0.1832],[ 0.9891,89.1944,-0.8738, 0.4276, 0.8952],[-0.9208,-0.0639, 0.0348, 0.1886],0.4166
1321,[-0.9229,-0.0825, 0.0936, 0.1704],[  1.0132,  1.1738,167.9465,  0.5577,  0.7665],[-0.922 ,-0.0828, 0.09  , 0.1765],0.3756
1322,[-0.9371,-0.0611,-0.0645, 0.1693],[-2.4418,-1.5055,-2.9426,-2.1202,-2.1843],[-0.9362,-0.0361,-0.0828, 0.1694],0.3482
1323,[-0.929 ,-0.147 , 0.1818, 0.176 ],[ 0.0815,-0.4114,15.6678,-0.2311, 1.3111],[-0.9277,-0.1503, 0.1812, 0.1809],0.2812
1330,[-0.9237, 0.1866,-0.0435, 0.2139],[-1.8828,-3.2078,-1.3691,-2.2879,-2.0225],[-0.9247, 0.1634,-0.0313, 0.2093],0.3626
1332,[-0.9308, 0.1907,-0.1342, 0.1925],[-2.6493,-3.4952,-2.4094,-2.7264,-3.342 ],[-0.9312, 0.1782,-0.119 , 0.1955],0.2874
1334,[-0.9331, 0.2088,-0.2159, 0.1828],[ 0.4756,10.8007, 0.1498, 3.3462, 3.0302],[-0.9325, 0.2064,-0.2065, 0.186 ],0.2288
1336,[-0.9389, 0.2483,-0.3004, 0.1901],[ 0.2285,17.7311,-0.2712, 0.3297, 0.3412],[-0.9367, 0.2519,-0.3003, 0.1979],0.1514
1340,[-0.9416,-0.1912, 0.041 , 0.1931],[-2.4574,-2.1987,-3.1069,-2.621 ,-1.89  ],[-0.9426,-0.1596, 0.0246, 0.2027],0.2928
1341,[-0.9361,-0.206 , 0.1241, 0.1924],[ 0.9198,10.1069, 0.0657, 0.0399, 0.1224],[-0.9368,-0.1888, 0.1115, 0.2023],0.2642
1343,[-0.9378,-0.2242, 0.2112, 0.1838],[ 1.1444, 0.887 ,24.014 , 1.5798, 0.4166],[-0.9376,-0.218 , 0.199 , 0.1946],0.2091
1345,[-0.9439,-0.2574, 0.2991, 0.1946],[ 3.9268,-0.9361, 2.3933, 4.9593, 1.6809],[-0.9421,-0.259 , 0.2979, 0.2065],0.1311
1352,[-0.9364, 0.2842,-0.1628, 0.233 ],[-1.0067,-1.6551, 0.1419,-1.8776,-0.9592],[-0.9387, 0.2608,-0.141 , 0.2328],0.2118
1354,[-0.9305, 0.304 ,-0.2407, 0.1993],[-1.3075,-2.0733,-1.7749,-1.0426,-2.1758],[-0.932 , 0.2913,-0.2212, 0.2059],0.1852
1356,[-0.9321, 0.3296,-0.3333, 0.1843],[2.3212,6.7371,0.1294,1.1361,0.3532],[-0.9318, 0.3255,-0.3212, 0.1948],0.1231
1358,[-0.9337, 0.3658,-0.4062, 0.1702],[ 1.4926, 9.0461,-0.6578, 0.4581,-0.2269],[-0.932 , 0.3649,-0.4009, 0.1804],0.0684
1361,[-0.9302,-0.2894, 0.147 , 0.1807],[-2.6323,-1.5814,-2.919 ,-1.9572,-2.6414],[-0.9331,-0.264 , 0.12  , 0.193 ],0.2407
1363,[-0.9337,-0.3101, 0.231 , 0.1697],[0.1841,1.5256,0.0426,6.6803,0.3176],[-0.9358,-0.2945, 0.2073, 0.1818],0.1775
1365,[-0.9343,-0.343 , 0.3278, 0.1745],[ 0.9085, 0.1291,11.3056, 3.5798, 0.2224],[-0.9347,-0.337 , 0.3134, 0.185 ],0.1134
1367,[-0.9335,-0.3642, 0.4048, 0.1633],[ 0.3467,-0.9382, 1.9055, 0.1199,-0.136 ],[-0.9318,-0.3636, 0.4003, 0.1732],0.0681
1376,[-0.9329, 0.3969,-0.3735, 0.1875],[-1.5759,-1.0939,-1.4097,-0.9117,-1.9211],[-0.9339, 0.39  ,-0.3553, 0.194 ],0.0732
1378,[-0.9269, 0.4025,-0.4338, 0.1696],[ 2.4666,12.5644,-0.2687, 2.3957, 0.6363],[-0.9256, 0.4002,-0.4251, 0.1828],0.0561
1383,[-0.923 ,-0.3902, 0.2683, 0.2074],[-2.0042,-1.4451,-2.6961,-1.5941,-1.9715],[-0.9268,-0.375 , 0.2524, 0.221 ],0.1488
1385,[-0.9241,-0.4009, 0.3494, 0.157 ],[-0.233 ,-0.9152,-0.6367, 0.6126,-1.4753],[-0.9259,-0.3939, 0.3385, 0.1691],0.1018
1387,[-0.9275,-0.4006, 0.4207, 0.1586],[ 1.1436,-0.0125, 7.4137, 5.1433, 0.3386],[-0.9266,-0.3981, 0.4136, 0.1715],0.0581
1400,[-0.9188,-0.022 , 0.0245, 0.067 ],[1.2276e-01,7.0334e+02,1.6725e+00,1.0557e+00,1.9697e+00],[-0.9184,-0.0228, 0.028 , 0.0709],0.4365
1401,[-0.9181,-0.0443, 0.0669, 0.07  ],[  0.4258, -0.6457,331.569 ,  0.8251,  0.4852],[-0.9177,-0.0475, 0.0682, 0.0719],0.4207
1402,[-0.9169, 0.0354,-0.0691, 0.0493],[ 8.7242e-01, 9.5743e+01,-3.2638e-01, 8.0703e-01, 6.2207e-02],[-0.9165, 0.0402,-0.0706, 0.0602],0.4242
1410,[-0.9186, 0.0656,-0.0397, 0.0433],[-19.594 ,-19.2651,-17.8076,-19.3782,-19.1449],[-0.9186, 0.0611,-0.0353, 0.0476],0.4301
1411,[-0.9188, 0.0655, 0.0621, 0.0753],[-1.8628,-2.8732,-1.7654,-2.2947,-2.1609],[-0.9184, 0.0462, 0.0688, 0.0821],0.4209
1412,[-0.9189, 0.0786,-0.084 , 0.0441],[-2.7409, 0.9094,-4.385 ,-1.7152, 0.6461],[-0.9187, 0.0786,-0.0805, 0.0467],0.3954
1414,[-0.9375, 0.146 ,-0.1862, 0.0571],[ 0.4554, 9.1601,-0.4435, 4.2888,-0.2295],[-0.9365, 0.1526,-0.1893, 0.0659],0.2449
1420,[-0.9189,-0.0613, 0.0479, 0.0493],[ 3.9480e-02, 2.1424e+02,-3.4031e-02, 7.4499e-01, 6.3102e-01],[-0.9187,-0.059 , 0.0472, 0.0578],0.4275
1421,[-0.9199,-0.0708, 0.0791, 0.051 ],[  3.7162,  0.549 ,261.6679,  1.3682,  0.4877],[-0.9196,-0.0715, 0.077 , 0.0583],0.4007
1422,[-0.9243,-0.072 ,-0.068 , 0.1   ],[-2.0094,-1.3957,-2.2458,-1.94  ,-1.7693],[-0.9237,-0.0487,-0.0805, 0.1038],0.3985
1423,[-0.9236,-0.1438, 0.182 , 0.0508],[-0.0439,-1.081 , 1.9684,31.7386, 1.1037],[-0.9227,-0.1487, 0.1831, 0.0641],0.2974
1430,[-0.9236, 0.1754,-0.0258, 0.0623],[-1.9775,-2.868 ,-0.6194,-1.7839,-1.9141],[-0.925 , 0.1516,-0.0166, 0.0619],0.3632
1432,[-0.9256, 0.1851,-0.1379, 0.0812],[-3.2176,-3.4829,-2.7789,-3.3444,-3.2374],[-0.9263, 0.1759,-0.1249, 0.0849],0.3045
1434,[-0.9343, 0.2044,-0.2217, 0.0698],[ 0.7409, 4.737 ,-0.3064, 5.8042, 0.8832],[-0.9337, 0.2055,-0.2174, 0.0818],0.22
1436,[-0.934 , 0.2492,-0.3054, 0.0624],[ 1.7479,11.0115,-0.3832, 0.8191, 1.3193],[-0.9321, 0.2552,-0.3077, 0.07  ],0.1618
1440,[-0.922 ,-0.1827, 0.0345, 0.0673],[-1.4176,-1.8036,-2.4266,-2.5688,-2.3022],[-0.9236,-0.158 , 0.0158, 0.0734],0.3732
1441,[-0.9318,-0.1937, 0.1338, 0.0695],[ 0.7018, 0.1997,-0.9163, 4.598 ,-0.6885],[-0.9328,-0.181 , 0.1166, 0.0797],0.2811
1443,[-0.9312,-0.2098, 0.2124, 0.0582],[ 0.8726, 0.7344,25.6795, 2.0004, 0.5436],[-0.9311,-0.2081, 0.2047, 0.0701],0.2333
1445,[-0.9345,-0.2538, 0.3024, 0.0493],[ 0.9755,-0.5869, 1.4277, 3.6941, 1.4362],[-0.9328,-0.2587, 0.3036, 0.0595],0.1579
1454,[-0.9358, 0.2956,-0.2512, 0.0777],[-1.229 ,-0.9489,-0.115 ,-0.163 ,-1.2381],[-0.937 , 0.2867,-0.2406, 0.0882],0.1629
1456,[-0.9352, 0.3179,-0.3421, 0.0661],[ 0.991 , 3.6858,-0.1151, 4.8504, 0.5112],[-0.9343, 0.3183,-0.3376, 0.0794],0.1121
1458,[-0.9352, 0.3623,-0.4146, 0.0619],[ 1.6417,13.1289,-0.9871, 1.7082, 0.9764],[-0.9331, 0.3645,-0.4135, 0.0733],0.0597
1461,[-0.9289,-0.2848, 0.1588, 0.0994],[-2.1471,-1.4017,-2.5095,-2.0967,-1.3361],[-0.9318,-0.2632, 0.1343, 0.1138],0.24
1463,[-0.9347,-0.31  , 0.2462, 0.083 ],[ 0.4989,-0.0766,-0.2198, 0.8356,-1.4762],[-0.9367,-0.2982, 0.2289, 0.0955],0.1637
1465,[-0.9362,-0.3386, 0.3301, 0.0575],[ 1.0204, 0.2067,15.1793, 1.7416, 0.1823],[-0.9366,-0.3354, 0.3201, 0.0703],0.1053
1467,[-0.9323,-0.368 , 0.4116, 0.0539],[ 8.5652e-01,-2.5902e-01, 9.9176e+00, 2.7941e-01, 4.3824e-03],[-0.9306,-0.3694, 0.4086, 0.0665],0.0662
1476,[-0.9336, 0.4036,-0.3654, 0.0657],[-0.741 ,-0.7956,-0.2266,-0.1563,-0.9921],[-0.9352, 0.3982,-0.3549, 0.0745],0.0663
1478,[-0.9365, 0.4084,-0.4553, 0.0641],[ 0.7249, 2.0656,-0.6297, 5.5731,-0.267 ],[-0.9346, 0.4086,-0.452 , 0.0789],0.0182
1483,[-0.9272,-0.4182, 0.2563, 0.0789],[-2.363 ,-0.5747,-2.2665,-0.9796,-2.2207],[-0.9327,-0.4015, 0.2466, 0.0928],0.1203
1485,[-0.9287,-0.4041, 0.3536, 0.0612],[-1.7164,-0.8924,-0.6404,-0.0655,-2.3989],[-0.9308,-0.3981, 0.3404, 0.0753],0.0852
1487,[-0.9288,-0.4048, 0.426 , 0.0521],[ 0.9841,-0.1934, 1.5152, 9.821 ,-0.263 ],[-0.9281,-0.4042, 0.4199, 0.0672],0.0503
1500,[-0.9185,-0.0169, 0.0105,-0.0545],[  1.3454,  1.3778,  2.1126,168.9395,  1.1221],[-0.9187,-0.0159, 0.0093,-0.0421],0.4413
1501,[-0.9186,-0.0404, 0.0713,-0.0369],[-14.7383,-15.8978,-12.8899,-14.975 ,-14.4699],[-0.9185,-0.0454, 0.0739,-0.0343],0.4176
1502,[-0.9153, 0.0287,-0.0732,-0.0587],[-16.5992,-15.9023,-18.0371,-16.5238,-16.7323],[-0.9152, 0.0356,-0.0765,-0.051 ],0.4288
1503,[-0.9328,-0.0451, 0.1707,-0.0704],[-0.8864,-1.6631,-0.7001,-0.9032,-0.8861],[-0.9312,-0.0695, 0.188 ,-0.0677],0.3077
1504,[-0.9291, 0.0455,-0.1709,-0.0945],[-1.1696, 0.2944,-1.576 ,-1.2644,-1.2649],[-0.9274, 0.0701,-0.1941,-0.0853],0.3058
1510,[-0.9189, 0.065 ,-0.0411,-0.0602],[-21.2278,-21.7531,-19.9747,-20.3508,-21.1129],[-0.9193, 0.061 ,-0.0371,-0.0556],0.4296
1511,[-0.9143, 0.0702, 0.058 ,-0.0198],[-0.5591,-1.5112,-0.5278,-0.9808,-0.9681],[-0.914 , 0.0471, 0.0966,-0.0047],0.4212
1512,[-0.9171, 0.0781,-0.0857,-0.0645],[-11.952 , -9.1089,-12.9596, -8.2343,-11.4267],[-0.9173, 0.0789,-0.083 ,-0.0563],0.4031
1514,[-0.9271, 0.137 ,-0.1847,-0.0593],[ 0.8404,17.1252,-0.4099, 0.3347,-0.86  ],[-0.9263, 0.1455,-0.1898,-0.0486],0.2825
1516,[-0.9548, 0.15  ,-0.2883,-0.0486],[-0.3172, 0.0804,-0.9683,-0.3308,-0.7302],[-0.9514, 0.1783,-0.3017,-0.0335],0.1353
1520,[-0.9189,-0.0632, 0.0455,-0.0693],[  0.4269,124.6038, -0.1769,  2.5634,  0.2282],[-0.9193,-0.0606, 0.045 ,-0.0631],0.4257
1521,[-0.9191,-0.0731, 0.079 ,-0.061 ],[ 1.6941, 0.1033,32.9722,30.6755, 0.3695],[-0.9193,-0.0739, 0.0771,-0.0558],0.4021
1522,[-0.9153,-0.0651,-0.0664,-0.0851],[-1.7388,-0.482 ,-1.7033,-0.8353,-1.3537],[-0.9155,-0.0447,-0.0784,-0.077 ],0.4277
1523,[-0.9241,-0.1389, 0.1831,-0.0574],[ 3.6028,-1.0826, 1.598 ,28.4636,-0.4036],[-0.9234,-0.1459, 0.187 ,-0.0437],0.2965
1525,[-0.9366,-0.1523, 0.2978,-0.0338],[-0.3583,-0.325 , 0.0312,-0.3551,-0.3799],[-0.9319,-0.1767, 0.3364,-0.018 ],0.1852
1532,[-0.926 , 0.1815,-0.144 ,-0.0619],[-1.749 ,-1.9577,-2.4341,-1.4302,-2.7223],[-0.927 , 0.1747,-0.134 ,-0.053 ],0.2967
1534,[-0.9296, 0.1984,-0.2176,-0.0568],[ 2.023 , 2.224 ,-0.6695, 2.1266,-0.4943],[-0.9294, 0.2016,-0.2175,-0.0459],0.2373
1536,[-0.9359, 0.2438,-0.3084,-0.0571],[ 0.5236, 7.4253,-0.451 , 0.4888,-0.396 ],[-0.934 , 0.2533,-0.3142,-0.0451],0.1531
1540,[-0.9276,-0.1702, 0.0381,-0.0675],[-0.8367,-0.605 ,-1.1948,-1.0376,-0.7157],[-0.9294,-0.1453, 0.0142,-0.0519],0.3596
1541,[-0.9386,-0.1867, 0.137 ,-0.0743],[-0.5533,-1.1114,-0.733 ,-0.1862,-1.5036],[-0.94  ,-0.1756, 0.1212,-0.0637],0.2545
1543,[-0.933 ,-0.2111, 0.2168,-0.0635],[ 0.7782, 0.0402, 2.3717,14.1701, 0.4932],[-0.9332,-0.2116, 0.2122,-0.0486],0.2215
1545,[-0.9384,-0.2494, 0.3047,-0.0668],[ 1.0607,-0.9113, 6.2831, 0.4505, 0.0433],[-0.9368,-0.2581, 0.31  ,-0.0553],0.1446
1554,[-0.9459, 0.3026,-0.2446,-0.0641],[ 0.0833,-0.4121,-0.1851, 0.6312,-0.1831],[-0.948 , 0.293 ,-0.233 ,-0.0489],0.1266
1556,[-0.9384, 0.3188,-0.3468,-0.0534],[ 0.7322, 2.4216,-0.1799, 3.2107,-0.475 ],[-0.9375, 0.3224,-0.3474,-0.039 ],0.0958
1558,[-0.9438, 0.3529,-0.4176,-0.0393],[ 0.488 , 6.6585,-0.5883, 1.9085,-0.5656],[-0.9413, 0.3589,-0.4212,-0.0257],0.037
1563,[-0.939 ,-0.2893, 0.2618,-0.0631],[ 0.2091, 0.1196, 0.3633, 0.5924,-0.476 ],[-0.9401,-0.2854, 0.255 ,-0.0504],0.1464
1565,[-0.9384,-0.3351, 0.3399,-0.064 ],[ 1.0466,-0.3837, 1.4935,14.1636,-0.5507],[-0.9384,-0.3362, 0.3384,-0.0484],0.0911
1567,[-0.9343,-0.3633, 0.4195,-0.0663],[ 0.0349,-0.1616, 5.8382, 8.2559,-0.3803],[-0.9322,-0.3682, 0.4216,-0.0518],0.0559
1576,[-0.9254, 0.4012,-0.3889,-0.0111],[-0.1708,-0.0463,-0.4282, 0.2975,-0.6745],[-0.9261, 0.4001,-0.3824, 0.0046],0.0775
1578,[-0.9307, 0.4096,-0.4408,-0.0596],[ 0.7052, 2.1007,-0.2747, 3.2522,-0.9089],[-0.9295, 0.4117,-0.4411,-0.0449],0.0342
1579,[-0.9534, 0.4115,-0.5013,-0.0134],[-0.0394,19.7042,-0.1124, 2.0048,-0.7079],[-9.4982e-01, 4.1488e-01,-4.9759e-01, 9.0226e-04],-0.0419
1585,[-0.9398,-0.3962, 0.3714,-0.0545],[-0.1693,-1.1268,-0.3063, 0.8178,-1.3906],[-0.9412,-0.3943, 0.3627,-0.0416],0.0476
1587,[-0.9312,-0.41  , 0.4346,-0.0587],[ 0.006 ,-0.4798, 4.9194, 4.3387,-1.2044],[-0.9304,-0.4116, 0.4308,-0.0435],0.0358
1589,[-0.9187,-0.4439, 0.5037,-0.0657],[ 0.2563,-0.155 , 7.868 , 5.115 ,-0.529 ],[-0.9162,-0.4456, 0.5036,-0.0503],0.0156
1600,[-0.9176,-0.0081, 0.0037,-0.1694],[-34.6797,-34.1459,-35.2009,-34.4578,-36.0926],[-0.9184,-0.0075, 0.0029,-0.1617],0.4468
1601,[-0.9169,-0.0367, 0.0727,-0.1766],[-12.4727,-13.5898,-11.4445,-10.7568,-12.7296],[-0.9174,-0.0432, 0.0771,-0.1742],0.4198
1602,[-0.9137, 0.0361,-0.0729,-0.1727],[-3.5754,-2.4666,-6.2083,-2.2502,-5.3643],[-0.9141, 0.0423,-0.0767,-0.17  ],0.427
1603,[-0.9307,-0.0388, 0.1782,-0.1899],[-0.4437,-0.7135, 0.0477,-0.2503,-0.2336],[-0.9295,-0.0659, 0.1954,-0.1948],0.3093
1604,[-0.9237, 0.0428,-0.178 ,-0.1504],[-0.2541,-0.126 ,-0.764 ,-0.2842,-0.4537],[-0.9223, 0.0658,-0.1877,-0.1345],0.3346
1610,[-0.9178, 0.065 ,-0.0416,-0.1724],[-20.9552,-21.1951,-19.8637,-20.0602,-21.7928],[-0.9187, 0.0611,-0.0363,-0.1655],0.4309
1611,[-0.9197, 0.0588, 0.0713,-0.2125],[-0.4226,-0.5717,-0.1043, 0.3058,-0.1962],[-0.9205, 0.0384, 0.0752,-0.1969],0.4205
1612,[-0.9161, 0.076 ,-0.087 ,-0.1746],[-22.5696,-20.6754,-24.0244,-20.2519,-23.4617],[-0.9167, 0.0779,-0.0855,-0.1657],0.4047
1614,[-0.9245, 0.1374,-0.1848,-0.1685],[ 0.25  , 3.0901,-0.4568, 1.8003,-0.7176],[-0.9241, 0.1468,-0.1915,-0.1585],0.2914
1616,[-0.9427, 0.15  ,-0.2796,-0.1348],[-0.1646,-0.1626,-0.4718, 0.0071,-0.2334],[-0.9399, 0.1741,-0.2916,-0.1494],0.1794
1620,[-0.9156,-0.0652, 0.0436,-0.1612],[ 0.3562, 1.6506,-0.8702,70.3707,-0.8527],[-0.9164,-0.0618, 0.0395,-0.1506],0.4338
1621,[-0.9171,-0.0753, 0.0778,-0.1681],[ 0.4762, 0.6054, 5.0834,63.3341,-0.276 ],[-0.9177,-0.0759, 0.076 ,-0.1569],0.4045
1622,[-0.9206,-0.06  ,-0.0665,-0.1703],[-0.6991, 0.4855,-1.5231,-0.6506,-0.0796],[-0.9209,-0.0358,-0.0956,-0.1538],0.4105
1623,[-0.9286,-0.1411, 0.1871,-0.1853],[ 1.1003,-1.5351, 3.5314, 1.8134,-0.6829],[-0.9283,-0.1506, 0.194 ,-0.1723],0.2751
1625,[-0.9496,-0.1452, 0.2892,-0.1858],[-0.1095,-0.0827,-0.1554,-0.0951,-0.163 ],[-0.9463,-0.1756, 0.3089,-0.1727],0.1498
1632,[-0.933 , 0.1836,-0.1434,-0.1776],[-0.5876,-1.3323,-1.3382,-1.0709,-1.4509],[-0.9346, 0.1758,-0.131 ,-0.1697],0.2696
1634,[-0.9282, 0.207 ,-0.2114,-0.1829],[ 1.0963, 0.4889,-1.1703, 3.1176,-0.6545],[-0.9288, 0.2091,-0.2099,-0.1691],0.2392
1636,[-0.9396, 0.2351,-0.3011,-0.1808],[ 0.2652, 2.2676,-0.6512, 1.5292,-0.3218],[-0.9379, 0.2482,-0.3126,-0.169 ],0.1434
1640,[-0.948 ,-0.167 , 0.0536,-0.2305],[-0.3875, 0.1807,-0.5223, 0.1046, 0.2086],[-0.9504,-0.1417, 0.0398,-0.2152],0.2639
1641,[-0.9438,-0.1822, 0.146 ,-0.1817],[-1.8292,-2.4822,-1.4965,-1.3047,-2.4356],[-0.9454,-0.1741, 0.1316,-0.1698],0.2304
1643,[-0.9403,-0.2143, 0.216 ,-0.1963],[ 0.2931, 0.4123,20.2453, 2.9155, 0.0706],[-0.941 ,-0.2157, 0.2118,-0.1823],0.1931
1645,[-0.9369,-0.2553, 0.3059,-0.1917],[ 0.495 ,-0.2668,11.2083, 1.4471,-0.2987],[-0.9357,-0.2653, 0.3124,-0.1787],0.1434
1654,[-0.9397, 0.2911,-0.2623,-0.1965],[ 0.1686, 0.2268,-0.378 , 0.5206, 0.018 ],[-0.9414, 0.289 ,-0.2546,-0.1851],0.1397
1656,[-0.9362, 0.3288,-0.3356,-0.1853],[ 0.4315, 1.3694, 0.0666, 4.2684,-0.5153],[-0.9364, 0.3326,-0.337 ,-0.1698],0.0998
1658,[-0.9355, 0.3608,-0.4276,-0.1677],[ 0.1446, 3.4519,-0.6309, 1.97  ,-0.7099],[-0.933 , 0.3683,-0.432 ,-0.1535],0.048
1663,[-0.9483,-0.2916, 0.2635,-0.1894],[ 0.0656,-0.0579, 1.9853, 2.139 ,-0.4992],[-0.9499,-0.2891, 0.256 ,-0.1751],0.1133
1665,[-0.9406,-0.3222, 0.338 ,-0.1897],[ 0.4425,-0.5452, 1.4144,17.6046,-0.6251],[-0.9405,-0.3269, 0.3388,-0.1735],0.089
1667,[-0.9334,-0.3551, 0.4158,-0.1812],[ 2.6716, 0.182 ,17.3489, 1.8585,-0.5432],[-0.9312,-0.3628, 0.4203,-0.1668],0.0609
1678,[-0.9255, 0.4196,-0.4416,-0.1668],[ 0.0197, 0.7676, 0.1168, 4.7861,-0.6178],[-0.9249, 0.4229,-0.4404,-0.1507],0.0425
1685,[-0.9444,-0.3936, 0.3766,-0.1506],[ 0.0657,-0.7159,-0.3468, 1.1276,-1.3636],[-0.9456,-0.3948, 0.3727,-0.1345],0.0306
1687,[-0.9337,-0.4057, 0.4506,-0.1722],[ 0.0218,-0.4565, 0.9682,10.2199,-1.7564],[-0.932 ,-0.4106, 0.4522,-0.1566],0.0218
1689,[-0.9169,-0.4326, 0.5046,-0.1503],[ 1.595 , 0.2064,29.4468, 2.2037,-0.1335],[-0.9138,-0.436 , 0.5074,-0.1347],0.0214
1700,[-0.9236, 0.0048, 0.0026,-0.288 ],[-22.1458,-22.5881,-22.2246,-21.3266,-23.3547],[-0.9249, 0.0032, 0.0046,-0.2812],0.4249
1701,[-0.9225,-0.0385, 0.0773,-0.2965],[-4.4443,-4.8823,-3.0381,-3.2239,-4.8571],[-0.9234,-0.0468, 0.0838,-0.29  ],0.3959
1702,[-0.9162, 0.0399,-0.0738,-0.2718],[-4.1305,-3.8159,-5.0389,-3.829 ,-5.1113],[-0.9171, 0.0465,-0.079 ,-0.2695],0.421
1703,[-0.942 ,-0.0495, 0.182 ,-0.3354],[-0.3076,-0.0944, 0.4853, 0.1112,-0.2757],[-0.9412,-0.0799, 0.1993,-0.3188],0.257
1710,[-0.9217, 0.0675,-0.0401,-0.2849],[-7.4161,-7.2716,-7.2498,-6.5961,-7.8494],[-0.9231, 0.0626,-0.0335,-0.2776],0.4134
1711,[-0.9432, 0.0634, 0.059 ,-0.2914],[ 0.0335,-0.1687, 0.5928, 0.0865,-0.0881],[-0.9443, 0.0348, 0.0744,-0.2758],0.3192
1712,[-0.9191, 0.0846,-0.0921,-0.2838],[-22.3626,-21.5749,-23.2411,-21.175 ,-22.871 ],[-0.9202, 0.0867,-0.0916,-0.2771],0.3863
1714,[-0.9272, 0.1443,-0.1838,-0.303 ],[-0.0893, 2.6954,-0.7332, 1.7042,-0.4928],[-0.9274, 0.1544,-0.1924,-0.2876],0.2779
1720,[-0.9235,-0.0661, 0.044 ,-0.2812],[-1.7889,-1.3709,-1.8113,-0.8748,-2.129 ],[-0.9248,-0.0616, 0.0373,-0.2698],0.402
1721,[-0.9281,-0.1008, 0.116 ,-0.3047],[-10.3891,-11.7656,-10.1159, -9.8415,-11.4909],[-0.9292,-0.1049, 0.1169,-0.2918],0.3307
1723,[-0.9354,-0.1462, 0.1873,-0.3197],[ 0.7767,-0.1958,15.0473, 2.0431,-0.3147],[-0.9356,-0.1572, 0.1948,-0.3044],0.2463
1725,[-0.9394,-0.1467, 0.2806,-0.3276],[-0.3595,-0.4861, 0.0139, 0.1725,-0.2521],[-0.9368,-0.1733, 0.296 ,-0.3119],0.1881
1730,[-0.9244, 0.1691,-0.0528,-0.3657],[ 0.1368,-0.1423, 0.1344, 0.1877,-0.0284],[-0.9275, 0.1525,-0.0512,-0.3526],0.3462
1732,[-0.943 , 0.1938,-0.1361,-0.3226],[-1.045 ,-1.0673, 0.0426,-0.8564,-2.0485],[-0.9455, 0.1829,-0.1226,-0.3101],0.2303
1734,[-0.9334, 0.2206,-0.2114,-0.3169],[ 0.4362, 3.8372,-0.0464, 3.9331,-1.0834],[-0.9349, 0.2217,-0.2082,-0.3023],0.213
1736,[-0.9317, 0.2489,-0.2992,-0.2995],[ 0.8529, 1.556 ,-0.0646, 0.9768,-0.6015],[-0.931 , 0.26  ,-0.3064,-0.2885],0.1628
1741,[-0.9444,-0.177 , 0.1563,-0.2992],[-0.8626,-1.2407, 0.0701, 0.469 ,-1.7975],[-0.946 ,-0.1751, 0.1517,-0.2837],0.2191
1743,[-0.9442,-0.2106, 0.2196,-0.3168],[ 0.7384,-0.0758, 2.1249,40.8069,-0.4153],[-0.9451,-0.2162, 0.2211,-0.2999],0.1748
1745,[-0.942 ,-0.253 , 0.3018,-0.3175],[ 0.5614, 0.0924,21.6092, 0.3938,-0.622 ],[-0.9413,-0.2658, 0.3112,-0.3013],0.1261
1747,[-0.9438,-0.2604, 0.3952,-0.3254],[-0.3512,-0.2951,-0.5227,-0.2593,-0.3953],[-0.9392,-0.2834, 0.4135,-0.3084],0.0802
1754,[-0.9344, 0.2871,-0.2454,-0.3489],[ 0.4796, 0.1668, 0.1532, 0.4047,-0.5095],[-0.9369, 0.285 ,-0.2392,-0.3382],0.1635
1756,[-0.931 , 0.3173,-0.3207,-0.3053],[ 0.0601, 1.0538, 0.5809, 4.8624,-1.1629],[-0.9316, 0.3227,-0.3252,-0.2894],0.1247
1758,[-0.9295, 0.3742,-0.3998,-0.3499],[ 0.3247, 3.571 ,-0.0876, 1.2365,-0.6283],[-0.9289, 0.3822,-0.407 ,-0.3333],0.0663
1763,[-0.9506,-0.2881, 0.266 ,-0.2851],[ 1.4007,-0.2667, 2.0127, 0.8252,-0.5516],[-0.9523,-0.2886, 0.2606,-0.2701],0.104
1765,[-0.9448,-0.3042, 0.324 ,-0.2989],[ 0.6097, 0.4883, 1.2982,19.501 ,-1.0248],[-0.9449,-0.3121, 0.3267,-0.2823],0.0879
1767,[-0.9377,-0.3373, 0.4168,-0.2848],[ 0.36  ,-0.0783,21.1042, 0.9468,-0.6165],[-0.935 ,-0.3495, 0.4252,-0.2693],0.0562
1778,[-0.9271, 0.4029,-0.4245,-0.2854],[ 1.2144, 2.6039, 1.192 , 1.8877,-1.3167],[-0.9266, 0.409 ,-0.4295,-0.2697],0.0497
1787,[-0.9355,-0.4026, 0.4495,-0.2995],[-0.0902, 0.3609, 1.193 ,16.1396,-0.8405],[-0.9338,-0.4098, 0.4524,-0.2832],0.0189
1789,[-0.9157,-0.432 , 0.5076,-0.3149],[ 0.4702, 0.5828, 1.3044,35.8972, 0.464 ],[-0.9124,-0.4379, 0.5131,-0.2977],0.0163
1800,[-0.9364, 0.0167, 0.0136,-0.4458],[-1.8311,-1.564 ,-1.3174,-0.2895,-3.6701],[-0.9382, 0.0093, 0.0213,-0.4301],0.3689
1801,[-0.933 ,-0.0309, 0.0847,-0.4465],[-0.0836,-1.3152, 2.3446, 2.6634,-1.8377],[-0.9344,-0.0447, 0.0966,-0.4306],0.3468
1802,[-0.9411, 0.0284,-0.0809,-0.4309],[-0.4091, 0.5954,-0.8965, 0.3123,-1.1526],[-0.9424, 0.0445,-0.0987,-0.4195],0.3122
1803,[-0.9432,-0.0391, 0.1726,-0.4226],[ 0.0076,-0.5449,-0.0126, 0.1967,-0.0173],[-0.9429,-0.0715, 0.1906,-0.4057],0.2578
1810,[-0.9347, 0.0733,-0.032 ,-0.4468],[-1.0857,-1.3293,-0.6351,-0.2624,-2.1435],[-0.9368, 0.0647,-0.0224,-0.4323],0.3571
1811,[-0.9415, 0.0654, 0.0666,-0.4674],[-0.1325,-0.1817, 0.2221, 0.2144,-0.0595],[-0.9434, 0.035 , 0.0821,-0.451 ],0.3192
1812,[-0.9318, 0.1115,-0.0958,-0.4426],[-2.2138,-2.2178,-3.0601,-1.1483,-4.0761],[-0.9339, 0.1105,-0.0933,-0.4273],0.3204
1814,[-0.9198, 0.1518,-0.1783,-0.4347],[ 0.654 , 3.3993,-0.1624, 1.0808,-0.2866],[-0.9208, 0.1599,-0.185 ,-0.4222],0.3029
1820,[-0.9315,-0.069 , 0.0416,-0.4274],[-0.6576, 0.3201,-0.9435, 1.171 ,-0.5953],[-0.9335,-0.0637, 0.034 ,-0.413 ],0.369
1821,[-0.9363,-0.1003, 0.1306,-0.4436],[ 0.6009, 0.2498, 1.8959,25.7403,-0.2498],[-0.9375,-0.1102, 0.1383,-0.4263],0.2859
1823,[-0.941 ,-0.1462, 0.1846,-0.441 ],[ 0.6337, 0.0964, 1.6851,37.2003,-0.4327],[-0.9418,-0.1595, 0.1955,-0.4234],0.2222
1832,[-0.9433, 0.1891,-0.1492,-0.4275],[ 0.6514, 0.7029,-0.2121, 0.1716,-1.9656],[-0.9459, 0.1837,-0.1395,-0.4113],0.2213
1834,[-0.9358, 0.2244,-0.2074,-0.4405],[-0.0618, 6.5875,-0.4129, 8.3628,-0.9508],[-0.9378, 0.2262,-0.2056,-0.4236],0.2019
1836,[-0.9344, 0.2677,-0.2873,-0.4192],[ 0.3149, 1.8456, 0.2611, 0.1803,-0.6035],[-0.9349, 0.277 ,-0.2947,-0.4019],0.1485
1841,[-0.9407,-0.1803, 0.1592,-0.3944],[ 0.2703, 0.144 ,-0.0377, 0.7009,-0.5938],[-0.9427,-0.1793, 0.1536,-0.3771],0.2287
1843,[-0.9447,-0.2005, 0.224 ,-0.4267],[ 0.2348, 0.0834, 0.5675,51.376 ,-1.0166],[-0.9455,-0.2112, 0.2306,-0.409 ],0.1711
1845,[-0.9446,-0.2524, 0.2923,-0.4064],[ 1.0218,-0.1883, 0.8563,16.2396,-0.5591],[-0.9444,-0.2664, 0.3039,-0.3888],0.1191
1854,[-0.9321, 0.2859,-0.2626,-0.4194],[ 0.4559, 0.0125,-0.3895, 2.2353,-0.7854],[-0.9342, 0.2883,-0.2606,-0.402 ],0.1618
1856,[-0.9252, 0.3053,-0.3108,-0.4269],[ 0.9215, 0.1123,-0.0578, 6.8048,-1.0804],[-0.926 , 0.3124,-0.318 ,-0.4112],0.1497
1863,[-0.9536,-0.281 , 0.2664,-0.4394],[ 0.6809, 0.1506,-0.0298, 0.5482,-0.594 ],[-0.9557,-0.2859, 0.2626,-0.4216],0.0939
1865,[-0.9456,-0.2922, 0.3146,-0.3977],[-0.0815, 0.5997, 0.9515, 7.4668,-0.841 ],[-0.9459,-0.303 , 0.321 ,-0.3801],0.0915
1867,[-0.9425,-0.3482, 0.4556,-0.4368],[ 0.5635, 0.0474,19.2694, 2.6559,-0.4391],[-0.9385,-0.3655, 0.4683,-0.4206],0.0198
1887,[-0.9291,-0.3991, 0.485 ,-0.3827],[ 0.6689,-0.0257, 1.5036, 6.3645,-0.7225],[-0.9257,-0.409 , 0.4908,-0.367 ],0.023
1900,[-0.9267, 0.0234, 0.0208,-0.6372],[-85.7197,-86.175 ,-86.2492,-85.3855,-87.7677],[-0.9294, 0.0138, 0.0308,-0.6198],0.408
1901,[-0.9271,-0.0274, 0.0821,-0.6109],[ 8.9072e-01, 5.5847e-02, 5.9133e+01, 2.4334e-03,-1.2220e+00],[-0.9292,-0.0404, 0.0914,-0.5947],0.3728
1902,[-0.9407, 0.043 ,-0.0635,-0.5793],[-3.8428,-2.8897,-3.7073,-2.8865,-4.4929],[-0.943 , 0.0506,-0.0706,-0.5616],0.3189
1910,[-0.9238, 0.0735,-0.0295,-0.646 ],[-21.7726,-22.7376,-21.1509,-21.2539,-24.2856],[-0.9269, 0.0659,-0.0207,-0.6283],0.4024
1911,[-0.9436, 0.0625, 0.059 ,-0.5234],[-0.3383,-0.7212, 0.0109,-0.6855,-0.8324],[-0.9457, 0.0332, 0.0742,-0.5059],0.314
1912,[-0.9229, 0.1154,-0.0893,-0.6155],[-129.5595,-130.3128,-130.2689,-129.4299,-130.6391],[-0.9258, 0.1133,-0.0851,-0.5983],0.3557
1914,[-0.9197, 0.1552,-0.1817,-0.5717],[-1.8656,-1.1228,-2.9689,-1.4891,-2.279 ],[-0.9212, 0.1645,-0.1907,-0.5557],0.2982
1920,[-0.9268,-0.0645, 0.0442,-0.5714],[-13.0008,-12.9792,-12.6536,-12.2646,-13.3492],[-0.9294,-0.0621, 0.0418,-0.5567],0.386
1921,[-0.9341,-0.0863, 0.1228,-0.5658],[-7.3012,-8.2865,-7.2534,-7.2703,-9.9067],[-0.9358,-0.0981, 0.1328,-0.5489],0.3003
1923,[-0.9396,-0.1425, 0.1816,-0.5331],[ 1.2131,-0.4885,66.5858, 0.535 ,-0.8107],[-0.9407,-0.1568, 0.194 ,-0.5159],0.2276
1932,[-0.9237, 0.1803,-0.1496,-0.6085],[ 0.7566, 0.5102,-1.627 ,13.5029,-1.9271],[-0.9267, 0.1797,-0.1463,-0.5903],0.292
1934,[-0.9242, 0.2134,-0.1952,-0.5791],[-1.9473, 2.2925,-2.6194,58.3167,-2.2916],[-0.9267, 0.2166,-0.1974,-0.5607],0.25
1936,[-0.9279, 0.2671,-0.288 ,-0.5458],[ 0.5705, 0.9946, 0.2493, 7.873 ,-0.6186],[-0.9287, 0.2776,-0.2965,-0.5274],0.1676
1941,[-0.9156,-0.17  , 0.153 ,-0.5262],[-0.7716,-1.3887,-0.7452, 0.5078,-1.774 ],[-0.9181,-0.1701, 0.145 ,-0.5082],0.3317
1943,[-0.939 ,-0.1868, 0.2154,-0.5283],[-0.2112, 1.2465,-0.2879,26.3733,-0.8973],[-0.9401,-0.1994, 0.225 ,-0.5113],0.1974
1956,[-0.9295, 0.2879,-0.3043,-0.5091],[-0.069 , 1.3929,11.4034, 1.7146,-0.8848],[-0.9303, 0.2976,-0.3106,-0.4909],0.1466
2100,[-0.9   ,-0.0296, 0.0304, 0.3904],[-2.1902,-2.8061,-2.3658,-3.2807,-1.8283],[-0.8983,-0.0291, 0.0281, 0.3834],0.3788
2101,[-0.8816,-0.0525, 0.0559, 0.3853],[-1.1451,-1.5841,-0.2327,-1.4338,-0.6671],[-0.8799,-0.0521, 0.056 , 0.3716],0.2915
2102,[-0.9049, 0.0542,-0.057 , 0.4025],[-0.7929,-0.2546,-1.5689,-1.3079,-0.1445],[-0.9032, 0.0535,-0.0559, 0.3896],0.3884
2110,[-0.9094, 0.0564,-0.0514, 0.434 ],[-0.472 ,-0.9491, 0.2919,-1.2067,-0.0184],[-0.9076, 0.0552,-0.0548, 0.4218],0.408
2200,[-0.9002,-0.0253, 0.0159, 0.279 ],[-25.9935,-25.9809,-25.9895,-26.4555,-25.5969],[-0.899 ,-0.0239, 0.015 , 0.273 ],0.3903
2201,[-0.896 ,-0.0461, 0.0644, 0.2751],[-6.8999,-7.6289,-6.4471,-7.5148,-6.7748],[-0.8947,-0.0477, 0.0668, 0.2699],0.3507
2202,[-0.8969, 0.0297,-0.0686, 0.2793],[-6.1105,-5.6412,-7.1688,-6.3883,-5.749 ],[-0.8954, 0.0338,-0.0704, 0.2723],0.3577
2210,[-0.9051, 0.0679,-0.0301, 0.2647],[-2.8518,-3.4321,-2.1548,-3.9493,-2.6874],[-0.9041, 0.0622,-0.0265, 0.2643],0.4026
2212,[-0.8996, 0.1009,-0.0912, 0.2673],[-2.6322,-2.1365,-3.1603,-3.2752,-1.9066],[-0.8987, 0.0978,-0.0828, 0.2609],0.3368
2214,[-0.9057, 0.1506,-0.2019, 0.2763],[ 1.2234, 3.2464,-1.3974,-1.9475, 0.1654],[-0.9037, 0.1537,-0.1978, 0.2693],0.2769
2220,[-0.9047,-0.0649, 0.0395, 0.271 ],[-4.3511,-4.2544,-5.1556,-4.9038,-3.5961],[-0.9036,-0.0609, 0.0361, 0.2688],0.3962
2221,[-0.8991,-0.0832, 0.0892, 0.273 ],[-7.7711,-9.2754,-8.2069,-9.0737,-7.7729],[-0.8979,-0.0825, 0.0857, 0.2686],0.3392
2223,[-0.9081,-0.1323, 0.1896, 0.3098],[-1.3114,-2.1135,-0.2127,-2.5556,-0.1498],[-0.9058,-0.1364, 0.1884, 0.3036],0.2977
2232,[-0.898 , 0.1941,-0.1213, 0.301 ],[-0.3882,-1.3781,-0.0212,-1.435 , 0.4854],[-0.8982, 0.1844,-0.1155, 0.2905],0.2792
2234,[-0.901 , 0.2273,-0.2049, 0.2936],[ 0.0954, 1.928 ,-1.0867,-0.4626, 0.2071],[-0.9008, 0.2217,-0.1904, 0.2908],0.2378
2236,[-0.91  , 0.2208,-0.2982, 0.2531],[-0.3758, 3.63  ,-1.0431,-0.4439, 1.7813],[-0.907 , 0.2254,-0.2987, 0.2428],0.2071
2241,[-0.9056,-0.1805, 0.1445, 0.2816],[-0.7325, 0.0505,-1.0879,-1.041 ,-0.2135],[-0.9052,-0.1735, 0.1323, 0.2791],0.3045
2243,[-0.9022,-0.2199, 0.2212, 0.293 ],[ 0.1468,-1.1412, 2.5318,-0.9671, 2.5486],[-0.9015,-0.2164, 0.208 , 0.2845],0.2349
2245,[-0.904 ,-0.2483, 0.2948, 0.2878],[ 0.2922,-1.0709, 3.1357, 0.149 , 0.1621],[-0.902 ,-0.2488, 0.2884, 0.2885],0.1833
2254,[-0.8944, 0.2889,-0.2515, 0.2818],[2.1016,1.4192,1.5746,0.1361,3.9933],[-0.8951, 0.2818,-0.2305, 0.2851],0.172
2256,[-0.9053, 0.3287,-0.324 , 0.2767],[ 1.2829, 5.1045,-0.6074, 0.9119, 6.4181],[-0.9052, 0.3242,-0.308 , 0.2734],0.1492
2263,[-0.899 ,-0.2943, 0.2479, 0.2659],[1.5006,2.5755,1.5757,0.8899,7.0654],[-0.9   ,-0.2862, 0.2283, 0.2657],0.1874
2265,[-0.9023,-0.3205, 0.3204, 0.2832],[ 1.1974,-0.4004, 4.9495, 0.2008, 3.1744],[-0.9019,-0.3164, 0.3084, 0.2785],0.142
2276,[-0.9088, 0.3926,-0.3746, 0.2632],[ 1.0867, 2.7896,-0.2408, 2.3225, 1.5204],[-0.9095, 0.387 ,-0.3568, 0.2717],0.1095
2278,[-0.9085, 0.3973,-0.3906, 0.2542],[ 1.3508,16.2609,-0.4267, 0.6071, 0.9288],[-0.9088, 0.3926,-0.3746, 0.2632],0.0961
2300,[-0.9063,-0.0336, 0.0299, 0.1569],[-84.7516,-84.2439,-84.6185,-85.3454,-83.1891],[-0.9056,-0.0329, 0.029 , 0.1497],0.4128
2301,[-0.9078,-0.0469, 0.0705, 0.1501],[-31.1985,-31.9278,-29.7338,-31.5488,-29.8175],[-0.907 ,-0.0496, 0.0713, 0.1482],0.4005
2302,[-0.904 , 0.0418,-0.0696, 0.1554],[-21.7229,-21.2608,-22.9242,-22.3757,-21.2231],[-0.9032, 0.0449,-0.0704, 0.1531],0.3863
2304,[-0.8977, 0.0459,-0.1742, 0.1924],[-2.3968,-1.9028,-2.9185,-2.2656,-1.9203],[-0.8952, 0.0588,-0.1722, 0.2061],0.2991
2310,[-0.9056, 0.067 ,-0.0377, 0.1492],[-10.8205,-12.0228,-10.6566,-12.037 ,-10.1485],[-0.9051, 0.0622,-0.0304, 0.1456],0.4038
2311,[-0.9084, 0.0688, 0.0564, 0.1255],[-2.8709,-2.7989,-2.5833,-2.9287,-2.6453],[-0.9077, 0.0482, 0.0915, 0.1105],0.3945
2312,[-0.9049, 0.076 ,-0.0854, 0.1477],[-7.4626,-7.8478,-9.2147,-9.4018,-5.805 ],[-0.9043, 0.0761,-0.0812, 0.1446],0.3713
2314,[-0.8964, 0.1331,-0.1878, 0.1661],[-0.6091, 0.1739,-1.9935,-1.6762,-0.3661],[-0.8948, 0.1376,-0.1872, 0.1627],0.2556
2320,[-0.9059,-0.0655, 0.0406, 0.1779],[-18.3992,-16.93  ,-18.1339,-18.3134,-17.3615],[-0.9053,-0.0615, 0.036 , 0.172 ],0.4035
2321,[-0.9055,-0.0761, 0.0945, 0.1675],[-44.7898,-46.5663,-43.7137,-45.4523,-43.424 ],[-0.9046,-0.0776, 0.0927, 0.1619],0.3666
2323,[-0.9017,-0.1455, 0.1867, 0.1608],[-2.0572,-4.1042, 0.1873,-2.6968,-0.7939],[-0.9003,-0.1487, 0.1857, 0.1569],0.2723
2332,[-0.8984, 0.1946,-0.141 , 0.1646],[-1.167 ,-2.1498,-0.5854,-1.6217,-0.9067],[-0.899 , 0.1866,-0.1273, 0.1581],0.2771
2334,[-0.8982, 0.2138,-0.2135, 0.1637],[ 1.5479, 4.2258,-0.4886, 0.1295, 7.6521],[-0.8979, 0.2112,-0.2005, 0.157 ],0.2287
2336,[-0.9001, 0.2449,-0.3004, 0.1899],[ 0.188 , 8.153 ,-1.2347, 0.1525, 0.2682],[-0.8979, 0.2474,-0.2976, 0.1862],0.1667
2340,[-0.9003,-0.1755, 0.0482, 0.2476],[-2.8802,-2.5364,-3.4266,-3.0135,-2.6966],[-0.9009,-0.1607, 0.0523, 0.234 ],0.3304
2341,[-0.9015,-0.1953, 0.1403, 0.156 ],[-0.178 , 0.0327,-1.0922,-1.1778, 1.5439],[-0.9022,-0.1871, 0.127 , 0.1463],0.2891
2343,[-0.898 ,-0.2049, 0.2125, 0.1561],[ 3.0977,-0.9152, 4.726 ,-0.1497,12.431 ],[-0.8974,-0.2037, 0.2036, 0.1488],0.2283
2345,[-0.8906,-0.2491, 0.2949, 0.1695],[ 2.5276,-1.5653, 2.2123,-0.0704, 0.9727],[-0.8888,-0.2506, 0.2907, 0.1795],0.1385
2354,[-0.902 , 0.3034,-0.2429, 0.1854],[0.8599,1.7433,0.2743,0.9556,3.089 ],[-0.9036, 0.295 ,-0.2257, 0.1822],0.1974
2356,[-0.9008, 0.3239,-0.327 , 0.1755],[ 1.7941,10.6294,-0.1811, 0.0283, 0.7528],[-0.9006, 0.321 ,-0.3136, 0.1856],0.1346
2358,[-0.9094, 0.3683,-0.4037, 0.162 ],[-0.0753, 6.1559,-0.6105, 0.3748,-0.6549],[-0.9081, 0.3673,-0.3943, 0.169 ],0.0965
2361,[-0.9033,-0.3009, 0.157 , 0.1631],[-1.6412,-0.3608,-2.1985,-1.4908,-1.4916],[-0.9064,-0.2851, 0.1529, 0.1484],0.2467
2363,[-0.899 ,-0.323 , 0.2362, 0.1854],[ 1.7976, 0.9622, 1.1495, 0.7358,20.7581],[-0.9016,-0.3119, 0.2112, 0.1793],0.1896
2365,[-0.8989,-0.3447, 0.3279, 0.1724],[ 0.0213,-0.7064,10.5569, 0.4151, 0.674 ],[-0.8995,-0.3407, 0.3138, 0.182 ],0.1214
2367,[-0.9061,-0.3828, 0.4031, 0.2079],[-0.3838,-1.464 , 1.4583,-0.505 , 0.918 ],[-0.9053,-0.3806, 0.395 , 0.2061],0.0815
2374,[-0.8951, 0.3974,-0.2732, 0.1791],[ 0.306 ,-0.3403, 0.0198, 0.0141,-0.1503],[-0.8997, 0.3853,-0.2426, 0.1919],0.1337
2376,[-0.8943, 0.4088,-0.3471, 0.154 ],[ 0.6432, 1.6842,-0.6055, 1.0363, 0.2843],[-0.8969, 0.4028,-0.3268, 0.1653],0.0795
2378,[-0.9083, 0.4012,-0.4104, 0.187 ],[19.4523, 2.6384,-0.6851, 0.9585, 0.3988],[-0.9081, 0.3983,-0.3978, 0.1978],0.08
2385,[-0.8975,-0.4052, 0.3527, 0.1465],[1.0825,0.2484,0.9719,9.7003,1.1295],[-0.8995,-0.4   , 0.3404, 0.1605],0.0817
2387,[-0.9051,-0.3995, 0.4096, 0.1579],[ 1.7303e+00,-6.1390e-01, 1.3634e+01, 2.8202e+00, 3.4510e-03],[-0.9048,-0.3972, 0.3985, 0.17  ],0.0708
2400,[-0.9075,-0.0293, 0.0247, 0.0607],[  3.8401, 12.9421,  4.3015, -0.36  ,314.6975],[-0.9073,-0.0285, 0.0234, 0.0471],0.4232
2401,[-0.9083,-0.0439, 0.0688, 0.0621],[ -0.5848, -0.739 ,100.6295, -0.3865,  0.5495],[-0.9079,-0.047 , 0.0693, 0.0524],0.4063
2402,[-0.9066, 0.038 ,-0.0718, 0.0601],[-12.9007,-11.7409,-14.1854,-13.7375,-11.5238],[-0.9061, 0.0423,-0.074 , 0.0552],0.3987
2403,[-0.8981,-0.0514, 0.1673, 0.1233],[-2.006 ,-2.7122,-1.9481,-1.9091,-1.6389],[-0.8961,-0.064 , 0.1698, 0.1091],0.3012
2404,[-0.897 , 0.0483,-0.1725, 0.0577],[-3.0161,-1.9538,-3.3955,-2.7699,-2.537 ],[-0.8952, 0.0618,-0.1719, 0.0444],0.2977
2410,[-0.905 , 0.0672,-0.0375, 0.0651],[-13.9867,-14.5847,-12.9475,-14.3492,-13.1141],[-0.905 , 0.0625,-0.0305, 0.0584],0.4031
2411,[-0.9035, 0.0643, 0.0658, 0.0423],[-3.868 ,-3.8817,-3.5212,-3.9542,-3.2159],[-0.9031, 0.0454, 0.0872, 0.0337],0.3783
2412,[-0.906 , 0.0804,-0.0918, 0.0644],[ 0.8068,30.493 , 0.7667, 0.5246, 5.2399],[-0.9057, 0.0811,-0.0878, 0.0621],0.3719
2414,[-0.9021, 0.1443,-0.1855, 0.0413],[-0.4789, 2.0248,-3.5109,-1.8011, 0.065 ],[-0.9011, 0.1486,-0.1861, 0.0426],0.2754
2420,[-0.9041,-0.0667, 0.0404, 0.0566],[-4.6199,-5.5502,-6.5244,-6.7342,-4.7352],[-0.9041,-0.0628, 0.0356, 0.0449],0.3976
2421,[-0.9043,-0.0799, 0.0963, 0.0598],[ 0.6864, 0.4243, 5.9613, 0.094 ,82.9997],[-0.904 ,-0.0815, 0.0945, 0.0463],0.361
2423,[-0.9013,-0.1416, 0.1841, 0.0524],[-0.7564,-4.3833, 0.5394,-2.4297,-1.2963],[-0.9003,-0.1459, 0.1846, 0.0502],0.2742
2430,[-0.8991, 0.1776,-0.043 , 0.0399],[-2.0677,-2.9184,-1.7077,-2.6654,-2.2154],[-0.9008, 0.1613,-0.0391, 0.0331],0.3369
2432,[-0.8964, 0.1873,-0.1331, 0.0591],[-0.4395,-1.6413,-1.07  ,-1.8546, 2.0333],[-0.8974, 0.1795,-0.1175, 0.0512],0.2785
2434,[-0.8951, 0.1962,-0.2135, 0.059 ],[ 1.1172, 8.4031,-0.7829, 0.1237, 2.0395],[-0.8946, 0.1968,-0.207 , 0.0609],0.2202
2436,[-0.8846, 0.2305,-0.292 , 0.0605],[ 3.8343, 5.472 ,-1.2668,-0.0251, 0.2203],[-0.8827, 0.2345,-0.2911, 0.0688],0.1262
2440,[-0.8953,-0.1796, 0.0385, 0.0838],[-3.0591,-2.6121,-3.7884,-3.3651,-3.1941],[-0.8969,-0.1617, 0.0216, 0.0688],0.3278
2441,[-0.8996,-0.1845, 0.138 , 0.0729],[ 0.4945,-0.1788,-0.1435, 0.9335,12.1619],[-0.9004,-0.1772, 0.1213, 0.0638],0.2899
2443,[-0.8989,-0.1931, 0.2086, 0.0641],[ 0.5556,-0.5218,44.6725, 1.5521, 0.9259],[-0.8984,-0.1934, 0.2017, 0.0676],0.2375
2445,[-0.8904,-0.2316, 0.2961, 0.0741],[ 0.8452,-1.6767, 4.2406, 2.4146, 1.4197],[-0.8882,-0.2359, 0.2959, 0.0825],0.1416
2454,[-0.9035, 0.3055,-0.2501, 0.0636],[1.5817,1.3702,1.1066,1.2452,1.4852],[-0.9053, 0.2989,-0.2385, 0.0663],0.195
2456,[-0.9025, 0.3221,-0.3488, 0.0791],[ 0.2539, 7.9823,-0.3986,-0.0612, 0.7617],[-0.9016, 0.3222,-0.341 , 0.0917],0.124
2458,[-0.9037, 0.3525,-0.4091, 0.0543],[-0.1845, 1.8652,-1.7552, 2.2089,-0.0293],[-0.9016, 0.3542,-0.4055, 0.0654],0.0783
2461,[-0.893 ,-0.2956, 0.1541, 0.1135],[-1.9772,-0.9752,-2.7547,-1.9215,-1.9591],[-0.8962,-0.2824, 0.1564, 0.0989],0.2085
2463,[-0.9042,-0.3163, 0.2396, 0.0617],[ 1.5145, 1.1741, 1.0378,10.2089, 0.7829],[-0.9067,-0.3074, 0.2232, 0.0713],0.2031
2465,[-0.9016,-0.35  , 0.3395, 0.0627],[ 0.303 ,-0.3866, 3.1894, 6.3119, 0.3216],[-0.9022,-0.3475, 0.3273, 0.0763],0.1207
2467,[-0.8955,-0.3657, 0.4193, 0.0555],[ 1.3938,-0.858 , 4.3399, 0.329 , 0.3068],[-0.8935,-0.367 , 0.4139, 0.0656],0.0463
2476,[-0.8789, 0.4283,-0.3833, 0.1153],[ 0.3908, 0.7647,-0.3919, 0.6661, 0.0948],[-0.8811, 0.4248,-0.3657, 0.1262],0.0091
2478,[-0.8931, 0.4153,-0.4364, 0.0677],[ 0.5847, 6.2404,-0.7872, 1.8023,-0.3653],[-0.8925, 0.4147,-0.4276, 0.081 ],0.0171
2479,[-0.8921, 0.4306,-0.5   , 0.0075],[ 0.3212,18.67  ,-0.9455, 5.1068,-0.9181],[-0.8893, 0.4316,-0.4978,-0.0081],-0.0307
2485,[-0.8986,-0.4102, 0.3537, 0.06  ],[0.941 ,0.6062,1.465 ,7.7871,0.3428],[-0.9011,-0.4056, 0.339 , 0.0735],0.0846
2487,[-0.8959,-0.4165, 0.4301, 0.0531],[ 0.9811,-0.5869,13.9248, 2.541 , 0.4086],[-0.8956,-0.4157, 0.4203, 0.0646],0.0276
2500,[-0.9074,-0.0244, 0.012 ,-0.0528],[  2.7869,  3.4719,  4.1019,  1.1934,385.3074],[-0.9077,-0.0223, 0.0079,-0.0683],0.4285
2501,[-0.907 ,-0.0421, 0.0676,-0.0511],[ 3.4991e-01,-1.0777e+00, 1.3785e+02,-8.0761e-01,-1.0830e-01],[-0.9071,-0.0456, 0.068 ,-0.0638],0.4044
2502,[-0.9066, 0.0256,-0.0682,-0.0763],[-1.8825,48.9299,-2.165 ,-1.4101,-1.1916],[-0.9068, 0.0315,-0.0698,-0.0897],0.4088
2510,[-0.9045, 0.0644,-0.0456,-0.0661],[ 3.9183, 0.8552,36.38  ,-0.5929,-0.1694],[-0.9049, 0.0622,-0.0453,-0.0716],0.3975
2511,[-0.8993, 0.0589, 0.0588,-0.0224],[-2.1121,-2.4935,-2.1285,-2.1918,-1.9469],[-0.8995, 0.0448, 0.0576,-0.0365],0.3757
2512,[-0.9049, 0.0768,-0.088 ,-0.0635],[ 0.7521,98.9471, 0.2694, 1.2489, 0.4297],[-0.9051, 0.0781,-0.0857,-0.0707],0.372
2514,[-0.9019, 0.1371,-0.189 ,-0.0518],[ 0.8826, 0.8946,-3.5004,-1.9926,-1.6018],[-0.901 , 0.1435,-0.1919,-0.0484],0.2748
2516,[-0.8954, 0.1508,-0.3009,-0.1138],[-0.9953,-0.88  ,-1.9929,-1.2802,-1.3343],[-0.8919, 0.1657,-0.3031,-0.126 ],0.1801
2520,[-0.9049,-0.069 , 0.0444,-0.0754],[ 7.3999e-01, 1.4857e+02,-2.1637e-03, 1.6005e+00, 1.0847e+00],[-0.9054,-0.066 , 0.044 ,-0.0852],0.3985
2521,[-0.9055,-0.0837, 0.0945,-0.0645],[4.8975e-01,4.4158e-01,4.9769e+02,2.5609e+00,1.8961e-01],[-0.9057,-0.085 , 0.0916,-0.0745],0.3681
2522,[-0.8965,-0.0841,-0.0812,-0.0187],[-1.9182,-1.747 ,-2.4217,-2.6563,-2.035 ],[-0.8966,-0.0642,-0.0843,-0.0324],0.3421
2523,[-0.8976,-0.1411, 0.184 ,-0.0601],[ 0.0639,-2.6559,12.9428, 0.608 , 0.2567],[-0.897 ,-0.1463, 0.1859,-0.0648],0.2606
2530,[-0.8891, 0.1796,-0.0441,-0.0541],[-1.4951,-1.3951, 0.0544,-0.9543,-1.4172],[-0.8912, 0.1641,-0.0321,-0.0646],0.2992
2532,[-0.8967, 0.1834,-0.1392,-0.0637],[-0.1111, 0.6646,-1.1617,-0.2883, 0.6303],[-0.898 , 0.1775,-0.1249,-0.0651],0.2785
2534,[-0.8978, 0.1962,-0.2136,-0.0595],[ 2.2112,22.0736, 0.0302, 0.286 ,-0.1626],[-0.8977, 0.1978,-0.2083,-0.0582],0.2299
2536,[-0.8927, 0.2423,-0.2983,-0.0622],[-0.1166, 6.2606,-1.5201, 2.3873,-0.6314],[-0.8911, 0.2472,-0.2981,-0.0523],0.1452
2540,[-0.881 ,-0.1769, 0.0344,-0.0506],[-1.2289,-0.8221,-1.9492,-1.4731,-1.7505],[-0.8831,-0.1619, 0.0256,-0.0467],0.2709
2541,[-0.8964,-0.1772, 0.1356,-0.0584],[ 0.5129,-0.4334, 1.3512, 0.3056, 1.9976],[-0.8976,-0.1715, 0.121 ,-0.0663],0.2815
2543,[-0.8967,-0.1899, 0.2177,-0.0672],[16.6726,-0.449 , 7.3001, 2.1434,-0.2089],[-0.8964,-0.1928, 0.2156,-0.0677],0.224
2545,[-0.8912,-0.2449, 0.304 ,-0.068 ],[-0.8421,-0.6338, 7.1076, 0.7384,-1.0205],[-0.8895,-0.2501, 0.3051,-0.0644],0.1354
2556,[-0.8969, 0.3169,-0.3488,-0.0428],[ 0.2176, 4.4177,-0.5592, 1.9177,-0.2749],[-0.896 , 0.319 ,-0.3449,-0.0293],0.106
2558,[-0.901 , 0.3592,-0.4042,-0.0793],[ 0.486 , 0.8128,-1.4803, 2.8591, 0.7456],[-0.8995, 0.3622,-0.401 ,-0.0677],0.0709
2561,[-0.9078,-0.2868, 0.1442,-0.0407],[-0.5194, 0.8485,-1.459 ,-0.6751,-0.3856],[-0.9119,-0.2668, 0.1055,-0.0249],0.2992
2563,[-0.9005,-0.3173, 0.2566,-0.0434],[0.618 ,0.3729,0.4185,2.593 ,0.0122],[-0.9029,-0.3113, 0.2418,-0.0311],0.1795
2565,[-0.9045,-0.3333, 0.3444,-0.0541],[ 0.7994,-0.3523, 8.5343, 0.708 , 0.8691],[-0.9045,-0.334 , 0.3365,-0.0412],0.1293
2567,[-0.9015,-0.3685, 0.4154,-0.0648],[ 0.0536,-1.3611, 1.3177, 1.4606,-0.7072],[-0.8999,-0.3712, 0.4137,-0.0508],0.0623
2578,[-0.8906, 0.4311,-0.493 ,-0.0313],[ 0.2583, 2.0671,-0.7863, 1.3382,-0.7031],[-0.8881, 0.4323,-0.4902,-0.0246],-0.0299
2579,[-0.8983, 0.4284,-0.5019,-0.0234],[-0.3442, 6.2796,-0.9507, 4.4758,-0.7095],[-0.8952, 0.4296,-0.5013,-0.0079],-0.0172
2585,[-0.8996,-0.4088, 0.3752,-0.0249],[ 0.3804, 0.1791, 0.9727, 2.3632,-0.2765],[-0.9012,-0.4071, 0.3679,-0.0143],0.0705
2587,[-0.8972,-0.4185, 0.4473,-0.0567],[-0.1537,-0.4783, 8.4886, 1.4879,-0.9407],[-0.8963,-0.4196, 0.4415,-0.0439],0.0177
2589,[-0.902 ,-0.4482, 0.5072,-0.082 ],[11.7206,-0.8587, 1.605 , 1.1628,-0.9105],[-0.8996,-0.4497, 0.5047,-0.0686],-0.0167
2600,[-0.9058,-0.0138, 0.0061,-0.1696],[110.2066,  3.2634,  3.2082,  5.235 ,  1.172 ],[-0.9066,-0.0125, 0.0038,-0.1806],0.4253
2601,[-0.9058,-0.0402, 0.0694,-0.1658],[ 0.0727,-2.3726,27.0516,-1.4462,-2.0573],[-0.9064,-0.0446, 0.0712,-0.1754],0.4001
2602,[-0.9077, 0.0357,-0.0702,-0.1629],[-1.0464e-02, 5.8113e+01,-1.1874e+00, 1.6033e+00,-2.1713e-01],[-0.9083, 0.041 ,-0.0728,-0.1748],0.4096
2610,[-0.9042, 0.0654,-0.0473,-0.1815],[ 0.6424, 0.6915,67.3066, 0.5056, 0.3212],[-0.9051, 0.0635,-0.0474,-0.1819],0.3968
2611,[-0.9043, 0.0679, 0.0697,-0.2183],[-0.5509,-0.6088,-0.3325,-0.784 ,-0.9061],[-0.9052, 0.0498, 0.0711,-0.2023],0.3919
2612,[-0.9058, 0.0769,-0.0884,-0.1763],[  1.2754,134.2932,  0.4341,  2.8377,  0.4407],[-0.9064, 0.0788,-0.0865,-0.182 ],0.3769
2614,[-0.9003, 0.1413,-0.1853,-0.1714],[ 1.8701, 7.834 ,-1.1798, 0.2874,-0.4448],[-0.9001, 0.1475,-0.1873,-0.178 ],0.2715
2616,[-0.8919, 0.1657,-0.3031,-0.126 ],[-0.7894,-0.6852,-1.1877,-0.2532,-1.0691],[-0.8885, 0.1789,-0.3062,-0.1377],0.1616
2620,[-0.9067,-0.0672, 0.0461,-0.1651],[  0.348 ,182.9717,  0.2076,  0.824 ,  1.0004],[-0.9076,-0.0648, 0.0464,-0.1722],0.4078
2621,[-0.9063,-0.0819, 0.0833,-0.1646],[  2.5091,  1.0197,187.6132,  2.2341,  1.0488],[-0.907 ,-0.0821, 0.0793,-0.171 ],0.3813
2623,[-0.898 ,-0.1519, 0.1816,-0.1526],[ 0.3677,-1.162 , 7.5502,-0.5   , 0.107 ],[-0.8981,-0.1561, 0.1817,-0.1588],0.262
2632,[-0.8998, 0.1762,-0.1541,-0.1615],[ 0.783 , 0.5064,-0.0232, 0.9617,-0.0373],[-0.901 , 0.1736,-0.144 ,-0.155 ],0.283
2634,[-0.9008, 0.1912,-0.2165,-0.1721],[0.3081,2.352 ,0.0374,9.694 ,0.1739],[-0.9009, 0.1948,-0.2148,-0.1619],0.2397
2636,[-0.8917, 0.226 ,-0.3086,-0.1652],[-0.1103, 1.6053,-1.0088, 1.7713,-0.8059],[-0.8895, 0.2344,-0.3151,-0.1541],0.1378
2641,[-0.8986,-0.181 , 0.1381,-0.1843],[ 0.0155,-0.3465, 0.6622, 9.609 , 0.0972],[-0.9004,-0.1755, 0.1227,-0.175 ],0.2892
2643,[-0.893 ,-0.1916, 0.2006,-0.1722],[ 1.1829, 0.3052,34.7037, 1.2129, 0.2109],[-0.8936,-0.1931, 0.1954,-0.1781],0.2226
2645,[-0.9031,-0.2527, 0.3091,-0.1781],[ 0.4206,-1.2671, 3.1984, 0.6015,-0.0099],[-0.9018,-0.2596, 0.3131,-0.171 ],0.1667
2656,[-0.903 , 0.2905,-0.3373,-0.1535],[ 0.7771, 1.2594,-0.9207, 2.0459,-0.048 ],[-0.9017, 0.2958,-0.3413,-0.1417],0.1359
2658,[-0.9099, 0.3408,-0.4061,-0.1393],[-0.2897, 1.3912,-0.9876, 1.1469,-0.0785],[-0.9075, 0.3463,-0.4088,-0.123 ],0.098
2663,[-0.9002,-0.3149, 0.2652,-0.2043],[0.7192,0.6369,0.5366,1.3444,0.1244],[-0.9027,-0.3126, 0.2594,-0.1987],0.1714
2665,[-0.8999,-0.3159, 0.3472,-0.1752],[ 1.29  ,-0.4912, 4.5596, 0.8868,-0.1709],[-0.8992,-0.3198, 0.346 ,-0.1675],0.1153
2667,[-0.9023,-0.3684, 0.4331,-0.1628],[ 1.3154,-0.8688, 1.4228, 0.3082,-0.8059],[-0.8998,-0.3731, 0.435 ,-0.1494],0.0524
2687,[-0.9038,-0.4037, 0.4593,-0.1508],[-0.1945,-1.0937, 3.6382, 2.9175,-0.5807],[-0.9017,-0.4073, 0.4586,-0.1385],0.0293
2689,[-0.8931,-0.4626, 0.5201,-0.1904],[ 0.6518,-0.9699, 1.2069,15.8358,-0.493 ],[-0.8908,-0.4651, 0.5173,-0.1738],-0.0503
2700,[-0.8999, 0.0164,-0.0082,-0.2974],[ 2.3628,13.611 , 4.2876, 3.4583, 1.4361],[-0.9013, 0.015 ,-0.0046,-0.2934],0.4043
2701,[-0.9014,-0.0367, 0.0762,-0.3122],[-2.5314,-3.5371,-0.0314,-0.5561,-3.1448],[-0.9024,-0.043 , 0.0805,-0.304 ],0.379
2702,[-0.9043, 0.0378,-0.0701,-0.2683],[-0.6701, 0.0381,-1.9859, 1.0744,-1.3387],[-0.9052, 0.043 ,-0.0729,-0.2687],0.3952
2710,[-0.898 , 0.0644,-0.0484,-0.2993],[ 0.1892, 0.461 , 2.7787, 3.435 ,-0.0964],[-0.8994, 0.0628,-0.0468,-0.2881],0.3725
2712,[-0.9005, 0.0809,-0.0828,-0.3047],[ 0.6943,19.7818, 0.1694, 6.591 , 1.557 ],[-0.9017, 0.0819,-0.0811,-0.2958],0.3576
2714,[-0.9053, 0.1483,-0.1771,-0.3161],[ 0.4062, 0.9689,-1.2629, 1.8169,-0.0518],[-0.9059, 0.1541,-0.1802,-0.3046],0.2937
2720,[-0.9033,-0.0627, 0.0455,-0.2765],[ 0.6894, 1.6818,-0.2532, 2.8478,-0.8693],[-0.9046,-0.0607, 0.0432,-0.2721],0.3981
2721,[-0.9044,-0.0759, 0.0987,-0.2871],[ 0.8957,-0.0117, 4.4166, 5.7922, 0.5544],[-0.9054,-0.08  , 0.1001,-0.2778],0.3654
2723,[-0.908 ,-0.1396, 0.1778,-0.3153],[-0.7062,-1.0822, 0.4018, 0.0322,-0.9877],[-0.9084,-0.1467, 0.1817,-0.3109],0.3065
2732,[-0.9037, 0.1856,-0.1474,-0.3218],[0.4353,1.0654,0.9882,0.8501,0.5128],[-0.9059, 0.1819,-0.1369,-0.3154],0.3015
2734,[-0.9055, 0.1998,-0.2169,-0.2969],[ 0.5671, 4.4915,-0.0673, 1.86  , 0.7724],[-0.9062, 0.2041,-0.2179,-0.2863],0.2533
2741,[-0.9004,-0.2017, 0.1334,-0.2746],[0.4447,0.8101,0.1923,0.8276,0.3992],[-0.9031,-0.1944, 0.1218,-0.2707],0.2917
2743,[-0.9029,-0.2027, 0.2142,-0.2843],[ 1.1114, 0.1532, 2.9044, 3.497 ,-0.1142],[-0.9037,-0.206 , 0.2112,-0.2732],0.2462
2745,[-0.9081,-0.2443, 0.3238,-0.2649],[-0.4273,-1.4617, 0.0258, 1.0285,-0.9842],[-0.9061,-0.2546, 0.3311,-0.2496],0.1746
2763,[-0.9009,-0.3019, 0.2613,-0.2591],[0.2887,0.7455,0.1013,1.107 ,0.0377],[-0.903 ,-0.3009, 0.2607,-0.2433],0.1754
2765,[-0.8832,-0.3102, 0.3426,-0.2984],[ 0.3261,-0.1753, 1.8091, 1.9995,-0.2401],[-0.8827,-0.3145, 0.3417,-0.2909],0.0727
2767,[-0.9028,-0.3341, 0.4351,-0.2848],[-0.1792,-0.9911, 1.7252,-0.3111,-0.9977],[-0.899 ,-0.3426, 0.4404,-0.2694],0.0605
2789,[-0.9075,-0.4455, 0.5195,-0.2723],[ 1.8877,-0.4307,10.8822, 4.2832,-0.8597],[-0.9043,-0.4499, 0.5223,-0.2561],-0.0142
2800,[-0.8911, 0.0334, 0.0052,-0.4398],[ 2.0097, 1.1455, 2.2658,15.5978, 0.7327],[-0.8929, 0.0282, 0.0102,-0.4229],0.3646
2801,[-0.9008,-0.0175, 0.074 ,-0.4307],[ 0.591 , 0.3446,14.8691, 0.435 , 0.6549],[-0.9023,-0.0261, 0.078 ,-0.4156],0.3873
2802,[-0.8911, 0.036 ,-0.0688,-0.4106],[-0.2069, 1.4337,-0.3004,-0.2334,-0.7575],[-0.8927, 0.041 ,-0.0707,-0.3995],0.344
2810,[-0.884 , 0.0647,-0.0431,-0.4466],[ 1.1613, 0.5603,14.1792, 1.5396, 1.3022],[-0.8861, 0.063 ,-0.0429,-0.4318],0.318
2812,[-0.8899, 0.0778,-0.078 ,-0.4357],[ 3.9882, 9.5001, 1.3143,11.6216, 1.0513],[-0.8917, 0.0793,-0.0799,-0.4189],0.3174
2814,[-0.9078, 0.1428,-0.1847,-0.4291],[ 0.3553, 1.4883,-0.6709, 0.7144,-0.6472],[-0.9085, 0.1516,-0.191 ,-0.4234],0.2998
2820,[-0.8937,-0.0687, 0.0466,-0.4278],[1.261 ,7.441 ,0.338 ,1.4743,0.4543],[-0.8956,-0.0667, 0.0455,-0.415 ],0.3559
2821,[-0.9001,-0.0813, 0.0967,-0.4322],[ 1.4979, 0.8969,25.4336, 2.9232, 0.8328],[-0.9016,-0.085 , 0.0984,-0.4204],0.3482
2823,[-0.907 ,-0.1453, 0.1774,-0.4531],[-0.2238,-0.4169, 0.6933, 1.4303, 0.3386],[-0.9081,-0.1526, 0.1812,-0.4482],0.3034
2832,[-0.8835, 0.1908,-0.1303,-0.4044],[0.6286,1.7564,1.4236,1.0822,0.1109],[-0.8865, 0.185 ,-0.1156,-0.3885],0.2369
2834,[-0.9009, 0.2269,-0.2219,-0.4454],[2.2786,3.7242,0.0513,3.0819,0.1974],[-0.9027, 0.2299,-0.221 ,-0.4304],0.2267
2836,[-0.91  , 0.277 ,-0.2796,-0.4644],[ 0.2468, 0.5461,-0.8728,-0.1624,-0.2253],[-0.9112, 0.2831,-0.2858,-0.4823],0.2002
2841,[-0.9038,-0.1749, 0.1584,-0.461 ],[ 0.8111, 0.5573, 0.5931, 1.2329,-0.2821],[-0.9058,-0.1764, 0.1628,-0.447 ],0.2909
2843,[-0.8966,-0.1854, 0.2033,-0.4497],[0.5145,0.0986,3.8451,0.94  ,0.6065],[-0.8978,-0.1901, 0.202 ,-0.4347],0.2372
2845,[-0.881 ,-0.2526, 0.3063,-0.4505],[-0.4821,-0.5095, 0.2656, 0.1841,-0.8174],[-0.8802,-0.2609, 0.3156,-0.4415],0.0966
2856,[-0.9088, 0.2863,-0.2828,-0.4092],[ 0.198 , 3.0073,-0.0273, 1.7814,-0.1809],[-0.9102, 0.2901,-0.2807,-0.3934],0.1959
2865,[-0.8766,-0.2891, 0.3455,-0.4025],[-0.0617, 0.0886, 1.3069, 0.6822, 0.0543],[-0.8753,-0.2963, 0.3527,-0.3872],0.0524
2900,[-0.8961, 0.0295, 0.0134,-0.7262],[ 1.4042, 0.3475, 0.5236,68.0059,-0.1937],[-0.8992, 0.0225, 0.0231,-0.7071],0.3947
2901,[-0.9024,-0.0106, 0.0722,-0.6458],[-2.9385e-01,-4.2350e-01, 1.1095e+02, 3.3231e-01,-2.2992e-02],[-0.9048,-0.0207, 0.0769,-0.6284],0.4013
2902,[-0.8758, 0.047 ,-0.0686,-0.8829],[-5.9752,-5.18  ,-7.4191,-5.388 ,-6.4855],[-0.8794, 0.0514,-0.0713,-0.8646],0.2841
2910,[-0.8893, 0.073 ,-0.0336,-0.7265],[  1.3629, -0.3773,  5.5261,176.4571, -0.5185],[-0.8927, 0.0681,-0.0247,-0.708 ],0.3513
2912,[-0.8828, 0.0934,-0.0875,-0.7987],[  1.1604,  6.056 , -2.4237,324.4691, -1.9476],[-0.8862, 0.0946,-0.0847,-0.78  ],0.2873
2914,[-0.8877, 0.1511,-0.1782,-0.8   ],[ 2.6846, 1.5878,-0.4313,45.2375,-0.3021],[-0.8901, 0.159 ,-0.1833,-0.7805],0.2302
2920,[-0.8844,-0.0673, 0.0464,-0.6708],[-3.9976,-4.4595,-4.3476,-4.0422,-4.8551],[-0.8875,-0.066 , 0.0456,-0.6562],0.3219
2921,[-0.8905,-0.0826, 0.0923,-0.6749],[ 5.5276,-1.0117, 2.943 ,14.3487,-0.8369],[-0.8931,-0.0862, 0.0951,-0.6569],0.314
2923,[-0.8974,-0.1448, 0.1824,-0.6267],[ 0.7238,-1.9679, 1.9996, 1.4241,-1.8108],[-0.8989,-0.1534, 0.188 ,-0.6087],0.264
2932,[-0.9012, 0.1751,-0.1495,-0.7026],[-0.4446, 0.374 ,-1.0829,-0.142 ,-1.6704],[-0.9046, 0.1756,-0.1442,-0.6847],0.2961
2934,[-0.9   , 0.1938,-0.1989,-0.6935],[  1.8754,  2.9218, -1.2824,114.9475,  0.2472],[-0.9024, 0.1993,-0.1993,-0.6744],0.2503
2943,[-0.901 ,-0.1904, 0.2205,-0.5933],[ 0.0971,-0.7134, 4.19  , 2.4497,-0.7077],[-0.9022,-0.1985, 0.2258,-0.5761],0.2388
3221,[-0.8647,-0.0643, 0.109 , 0.2694],[-0.3772,-0.8554, 1.8563,-1.2565, 1.3655],[-0.863 ,-0.0685, 0.1217, 0.2563],0.1956
3300,[-8.6505e-01,-1.1773e-04,-1.1705e-02, 1.6160e-01],[-0.0548, 0.2318, 0.2741,-0.8153, 2.1016],[-0.8644, 0.0013,-0.0157, 0.1473],0.2559
3301,[-0.8648,-0.0474, 0.0957, 0.185 ],[-0.2766,-1.6884, 0.9081,-2.1443,-0.1464],[-0.8636,-0.0515, 0.0977, 0.1715],0.2137
3312,[-0.8633, 0.0763,-0.0882, 0.18  ],[ 0.1778, 2.2206,-0.8468,-0.5657, 3.3366],[-0.8626, 0.0765,-0.0838, 0.1653],0.2057
3321,[-0.8619,-0.0862, 0.1126, 0.1772],[ 0.5947,-1.201 , 1.2759,-1.0551, 2.7563],[-0.8609,-0.088 , 0.1121, 0.164 ],0.1849
3334,[-0.8666, 0.231 ,-0.2201, 0.1343],[ 0.1865, 1.9988,-0.9037,-0.5442, 1.7414],[-0.8667, 0.2282,-0.2043, 0.1336],0.1139
3336,[-0.864 , 0.2477,-0.3028, 0.1417],[ 0.1922, 2.5851,-1.4405,-0.5898, 2.0763],[-0.862 , 0.2499,-0.2996, 0.1347],0.055
3363,[-0.8665,-0.3712, 0.2759, 0.1801],[0.5667,0.0942,0.9257,0.5414,1.7363],[-0.8699,-0.3633, 0.2532, 0.1929],0.0506
3365,[-0.861 ,-0.3827, 0.3046, 0.1522],[-0.0292,-1.4232, 2.3358,-0.197 , 0.5844],[-0.8636,-0.3773, 0.2957, 0.1664],0.0119
3400,[-0.8636, 0.0016, 0.0031, 0.0629],[ 1.1648, 1.4594, 0.8547,-0.6573, 3.361 ],[-0.8634, 0.001 , 0.0056, 0.0479],0.2387
3401,[-0.8636,-0.0427, 0.0733, 0.0653],[-0.8298,-1.665 , 2.5867,-1.4843, 1.0356],[-0.8632,-0.0452, 0.0722, 0.0516],0.2245
3402,[-0.8597, 0.0196,-0.0668, 0.0582],[-1.3264, 0.6428,-1.7229,-2.0571,-1.059 ],[-0.8592, 0.0238,-0.0681, 0.0456],0.2199
3412,[-0.8606, 0.0756,-0.066 , 0.1208],[ 3.7824, 2.5128,-0.6418,-0.6677, 3.2343],[-0.8602, 0.0752,-0.0731, 0.1066],0.202
3414,[-0.865 , 0.1458,-0.2043, 0.0201],[-0.7957, 1.136 ,-2.3354,-0.9499, 0.9647],[-0.8638, 0.1505,-0.2049, 0.005 ],0.1347
3420,[-0.8572,-0.1   , 0.0538, 0.0138],[-0.5734, 0.8005,-1.1915,-1.3451, 0.3836],[-0.8578,-0.0946, 0.038 ,-0.0018],0.1994
3421,[-0.8605,-0.0859, 0.0994, 0.056 ],[ 1.4458,-1.0099, 1.4691,-0.9389, 2.0701],[-0.8602,-0.0867, 0.0963, 0.043 ],0.189
3423,[-0.8653,-0.1665, 0.2395, 0.0924],[-0.1714,-2.2388, 1.7401,-1.6028,-0.407 ],[-0.8632,-0.1716, 0.2405, 0.0781],0.1111
3434,[-0.8608, 0.2494,-0.2419, 0.0542],[ 0.8371, 2.4972,-1.5601,-0.0059, 1.9751],[-0.8613, 0.2476,-0.2282, 0.0435],0.0812
3436,[-0.8618, 0.2495,-0.2887, 0.0955],[-1.3923, 5.7866,-1.0254,-0.2105, 0.5459],[-0.8605, 0.2509,-0.2815, 0.0849],0.0574
3443,[-0.8609,-0.2074, 0.2301, 0.0383],[ 2.977 ,-1.1837, 1.8033,-0.9764, 1.8278],[-0.8605,-0.2082, 0.2214, 0.0264],0.0963
3445,[-0.8643,-0.2393, 0.2885, 0.1148],[-0.0794,-2.34  , 1.3363, 0.0382,-0.0879],[-0.8627,-0.2413, 0.2812, 0.1001],0.0673
3454,[-0.8627, 0.2842,-0.2582, 0.0589],[ 1.7091, 1.4118,-0.0498,-0.1905, 2.1504],[-0.8638, 0.2812,-0.2426, 0.0509],0.0699
3456,[-0.8603, 0.2866,-0.319 , 0.0246],[ 1.4524, 4.4446,-0.4183, 0.0985, 0.7292],[-0.8593, 0.2876,-0.3118, 0.0338],0.0295
3485,[-0.8517,-0.3983, 0.3567, 0.0946],[ 1.7211,-0.1843, 3.568 , 1.7335, 0.9969],[-0.8537,-0.3952, 0.3398, 0.1085],-0.0356
3487,[-0.8485,-0.4044, 0.4097, 0.033 ],[ 0.1512,-0.626 , 7.8814, 1.2087, 1.7177],[-0.8484,-0.404 , 0.4044, 0.0474],-0.0742
3500,[-0.8633, 0.0151,-0.0174,-0.0745],[-0.0202, 1.6889, 2.0912,-1.1639, 2.1504],[-0.8637, 0.0155,-0.0184,-0.0879],0.2405
3501,[-0.8622,-0.048 , 0.068 ,-0.0342],[-0.4029,-1.9959, 0.6688,-1.5391,-0.8364],[-0.8623,-0.05  , 0.0689,-0.0427],0.2207
3502,[-0.8578, 0.0486,-0.0717,-0.0627],[-1.3472, 0.0219,-2.3474,-2.0935,-0.794 ],[-0.858 , 0.0506,-0.0701,-0.0779],0.2047
3512,[-0.8661, 0.1373,-0.1353,-0.038 ],[ 0.3843, 2.6452,-0.9501,-0.8594, 2.8212],[-0.8665, 0.1364,-0.1251,-0.0437],0.1801
3514,[-0.8615, 0.1601,-0.2006,-0.0308],[-0.9579, 0.7425,-1.9155,-0.2443, 0.8763],[-0.8609, 0.1633,-0.1972,-0.0452],0.1237
3520,[-0.8618,-0.0716, 0.0439,-0.0599],[-1.353 , 0.2939,-1.748 ,-2.0391,-0.1488],[-0.8623,-0.0691, 0.0428,-0.0715],0.2236
3521,[-0.8604,-0.0803, 0.0785,-0.0545],[-0.6296,-1.2677, 1.0898,-0.6276, 2.1778],[-0.8607,-0.0799, 0.0742,-0.0691],0.2019
3532,[-0.8635, 0.1827,-0.151 ,-0.099 ],[ 0.6642,-0.3693, 0.4959,-0.6336, 0.053 ],[-0.8648, 0.1792,-0.1355,-0.0996],0.1538
3534,[-0.8634, 0.2001,-0.1905,-0.0498],[ 5.6983e-03, 7.0354e+00,-1.2123e+00, 8.3575e-01, 1.6756e+00],[-0.8641, 0.199 ,-0.1806,-0.0633],0.1265
3536,[-0.855 , 0.2639,-0.3657,-0.0661],[-0.8999, 1.0905,-1.4396, 2.8762,-0.4264],[-0.8514, 0.2695,-0.3699,-0.0506],-0.0059
3541,[-0.8653,-0.228 , 0.1603,-0.0233],[ 0.5111,-0.3454, 0.2542,-0.5641, 0.5709],[-0.8674,-0.2209, 0.1372,-0.0366],0.1453
3543,[-0.8596,-0.2014, 0.1937,-0.0079],[ 0.7977,-0.9628, 7.704 ,-0.4138, 0.3899],[-0.8601,-0.1998, 0.1807,-0.0173],0.1141
3545,[-0.8613,-0.2234, 0.2809,-0.0977],[-0.3784,-1.2253, 3.55  ,-0.1016,-0.3697],[-0.8599,-0.2279, 0.2807,-0.1073],0.0647
3556,[-0.8425, 0.2822,-0.378 ,-0.0117],[ 0.5508, 1.6011,-0.4889, 0.665 , 0.2139],[-0.839 , 0.2862,-0.3784, 0.004 ],-0.0447
3587,[-0.8542,-0.4006, 0.4468,-0.0597],[ 0.9103,-1.0084, 2.6515, 2.4961,-0.4571],[-0.8526,-0.4019, 0.4395,-0.0445],-0.0771
3600,[-0.8642, 0.0303,-0.0267,-0.1725],[-0.0291, 0.8397, 0.495 ,-1.4056, 0.7686],[-0.865 , 0.03  ,-0.0252,-0.1848],0.2442
3610,[-0.8645, 0.0601,-0.0522,-0.2147],[-2.0871,-2.755 ,-1.3463,-2.4848,-1.8106],[-0.8655, 0.0594,-0.0494,-0.2189],0.2364
3612,[-0.8628, 0.0844,-0.1081,-0.2072],[ 1.0714, 1.1662,-1.8905,-0.6015, 0.86  ],[-0.8634, 0.087 ,-0.1077,-0.208 ],0.1953
3620,[-0.8641,-0.069 , 0.0418,-0.1616],[-1.168 ,-0.1155,-1.2068,-2.1923,-0.349 ],[-0.865 ,-0.0661, 0.0361,-0.1707],0.2371
3621,[-0.8615,-0.0831, 0.0769,-0.1773],[-0.0159,-0.983 , 1.0412,-1.2001, 0.5911],[-0.8624,-0.0825, 0.0721,-0.189 ],0.2077
3643,[-0.8588,-0.2447, 0.2375,-0.1676],[ 0.331 ,-0.1359, 2.2177, 0.7925, 1.0365],[-0.8599,-0.2443, 0.2266,-0.1751],0.0792
3665,[-0.8569,-0.3841, 0.3505,-0.2288],[ 0.0942,-0.9589, 1.6074, 1.67  , 0.5406],[-0.8592,-0.3841, 0.3389,-0.2287],-0.018
3667,[-0.8578,-0.3524, 0.4035,-0.2371],[ 0.5658,-1.1156,-0.3391, 0.3589,-0.3694],[-0.8562,-0.3564, 0.404 ,-0.2426],-0.0392
3687,[-0.8646,-0.3915, 0.4688,-0.125 ],[ 0.4914,-1.175 , 1.6454, 1.2035,-0.4704],[-0.8616,-0.3943, 0.4664,-0.1109],-0.065
3700,[-0.851 , 0.0353,-0.002 ,-0.3393],[ 0.5605, 1.4268, 1.1858,-0.8182, 1.5985],[-8.5255e-01, 3.2440e-02,-7.3437e-04,-3.4026e-01],0.209
3701,[-0.8583,-0.0164, 0.0725,-0.3357],[-1.5326,-2.044 ,-0.2395,-0.987 ,-0.9875],[-0.8594,-0.0224, 0.0769,-0.332 ],0.2176
3702,[-0.8578, 0.0228,-0.0964,-0.3233],[-0.3284,-0.4762,-2.2721,-1.796 ,-1.1776],[-0.8586, 0.0304,-0.1004,-0.3136],0.2026
3710,[-0.8561, 0.0645,-0.0418,-0.3409],[-0.9841,-1.2726,-0.4827,-1.3615,-1.0271],[-0.8577, 0.0626,-0.0385,-0.3366],0.2114
3712,[-0.8575, 0.0698,-0.0667,-0.3299],[ 0.2333, 3.1339,-0.4875, 0.4985, 0.922 ],[-0.859 , 0.0699,-0.0646,-0.3203],0.2032
3720,[-0.8645,-0.0689, 0.0479,-0.3219],[-0.2026, 0.9344,-1.0159,-0.4747, 0.2165],[-0.8662,-0.0669, 0.0423,-0.3308],0.2385
3721,[-0.8647,-0.1003, 0.1151,-0.2995],[ 2.0208e-04, 3.8071e-01, 3.0436e+00,-9.1187e-02, 3.1963e-01],[-0.8658,-0.1023, 0.1118,-0.2859],0.1962
3723,[-0.8597,-0.1418, 0.1773,-0.3328],[-0.3343,-1.144 , 1.6631, 0.1592,-0.0849],[-0.8603,-0.1461, 0.1757,-0.3246],0.1366
3765,[-0.8569,-0.3826, 0.3545,-0.2564],[ 0.1747,-0.6327, 2.5231, 0.8309,-0.0096],[-0.8589,-0.3828, 0.3438,-0.2395],-0.0198
3767,[-0.8562,-0.3594, 0.3979,-0.2797],[-0.2765,-0.8932,-0.1313, 0.3625,-1.1846],[-0.8552,-0.3632, 0.3969,-0.2744],-0.0412
3800,[-0.8543, 0.0327,-0.0026,-0.4324],[ 1.4014, 3.3217,10.8742, 1.3699, 1.5823],[-0.8563, 0.0301,-0.0018,-0.435 ],0.2239
3801,[-0.8559,-0.0218, 0.0795,-0.4414],[ 0.1587,-0.83  , 6.1588, 0.2425,-0.3552],[-0.8574,-0.0281, 0.0826,-0.4335],0.2055
3810,[-0.8491, 0.0675,-0.0432,-0.4635],[1.5732,0.3886,1.804 ,2.2595,0.9494],[-0.8513, 0.0658,-0.041 ,-0.4577],0.1871
3812,[-0.848 , 0.0715,-0.065 ,-0.4623],[ 3.926 , 4.5825,-0.2757, 1.2635, 0.1654],[-0.85  , 0.0717,-0.0637,-0.4556],0.173
3820,[-0.8454,-0.0641, 0.0424,-0.47  ],[0.1329,1.0079,0.1914,1.128 ,0.668 ],[-0.8476,-0.0622, 0.0355,-0.4646],0.1786
3821,[-0.8513,-0.0763, 0.0989,-0.4483],[1.9942,0.093 ,5.1141,1.8286,0.9688],[-0.8529,-0.0793, 0.0985,-0.4381],0.1669
3823,[-0.858 ,-0.127 , 0.1799,-0.3838],[-0.6079,-0.8406, 2.1885, 1.0658,-0.4103],[-0.8585,-0.1333, 0.1823,-0.3833],0.133
3830,[-0.864 , 0.174 ,-0.0412,-0.4224],[-0.3701, 0.0727,-0.0364,-0.2108, 0.21  ],[-0.8676, 0.1616,-0.0291,-0.4087],0.2118
3832,[-0.8546, 0.1942,-0.1236,-0.466 ],[0.1278,1.3619,1.2731,0.709 ,0.9951],[-0.858 , 0.1892,-0.1122,-0.452 ],0.1372
3834,[-0.8298, 0.2074,-0.1972,-0.4922],[-0.0939, 4.8639, 0.13  , 1.0244, 0.314 ],[-0.8322, 0.2085,-0.1893,-0.5103],0.0284
3900,[-8.4299e-01, 6.6453e-04,-1.6886e-02,-9.7567e-01],[ 1.4297,50.8119, 1.5638,49.9186, 0.5782],[-0.8472, 0.0023,-0.0164,-0.9645],0.1926
3901,[-0.8493,-0.0273, 0.0785,-0.8284],[-2.4857,-3.2469,-0.5704,-2.0117,-3.5478],[-0.8525,-0.0337, 0.0827,-0.8125],0.1877
3902,[-0.8346, 0.042 ,-0.0743,-1.0633],[ -1.1989,  2.2022, -2.9957,207.5446, -2.4835],[-0.8389, 0.0467,-0.0772,-1.0506],0.1401
3910,[-0.8467, 0.0715,-0.0497,-0.6367],[ 0.7882, 1.0588,71.9601, 0.655 , 0.1489],[-0.8496, 0.0707,-0.051 ,-0.6313],0.1766
3912,[-0.8486, 0.0739,-0.0838,-0.8589],[ 1.0254e+00, 5.0363e+02,-4.2899e-01, 4.6728e+00, 5.4021e-01],[-0.8522, 0.0766,-0.0834,-0.8453],0.1712
3914,[-0.8331, 0.1452,-0.1753,-0.8677],[ 1.0804,-0.1739,-2.5   , 0.0413,-1.3249],[-0.8358, 0.1508,-0.1754,-0.8525],0.0626
3920,[-0.8462,-0.0698, 0.0453,-0.7889],[1.6181,7.4691,0.4486,2.396 ,0.2962],[-0.8498,-0.0689, 0.0463,-0.7786],0.1795
3921,[-0.8463,-0.0745, 0.0756,-0.7826],[ 0.4316,-0.1053,12.1169, 1.4617, 1.1934],[-0.8497,-0.0759, 0.0734,-0.7714],0.1672
3932,[-0.8454, 0.1797,-0.1352,-0.7442],[ 0.1819, 0.2935,-0.3027, 1.1705, 0.3719],[-0.8494, 0.1781,-0.1263,-0.7321],0.1102
3934,[-0.8353, 0.1938,-0.1828,-0.7252],[-0.3948, 2.7543,-1.7707, 2.7652, 0.3229],[-0.8384, 0.1957,-0.1776,-0.7131],0.0542
4700,[-0.7873, 0.0022,-0.0183,-0.3123],[ 0.0683, 1.5552, 0.3367,-0.0967, 1.3617],[-0.7886, 0.0034,-0.0193,-0.3153],0.0239
4712,[-0.8028, 0.0589,-0.0563,-0.3667],[ 1.0045, 1.0008,-0.9148,-0.5045, 1.0702],[-0.8046, 0.059 ,-0.054 ,-0.3841],0.0417
4800,[-0.7949, 0.0082,-0.0048,-0.4464],[0.2587,0.547 ,1.1828,0.2757,1.6356],[-0.797 , 0.008 ,-0.005 ,-0.4563],0.0363
4801,[-0.8021,-0.0475, 0.0822,-0.4626],[-0.4541,-0.3925, 0.2878, 0.0176,-0.6974],[-0.8037,-0.0508, 0.087 ,-0.4462],0.0322
4802,[-0.8048, 0.0392,-0.1037,-0.4904],[-0.3726, 0.1615,-1.1686,-0.8509,-0.3278],[-0.8063, 0.0445,-0.1065,-0.4928],0.0359
4810,[-0.8063, 0.0636,-0.0437,-0.4685],[ 0.3116, 0.3834, 0.2925,-0.1769, 0.2066],[-0.8085, 0.0626,-0.0415,-0.4651],0.0558
4812,[-0.8097, 0.0701,-0.0681,-0.4738],[ 0.6303, 1.0828,-0.543 ,-0.3197, 1.5879],[-0.8118, 0.0706,-0.0668,-0.4725],0.0549
4814,[-0.7934, 0.128 ,-0.1954,-0.4738],[ 0.1034, 0.4958,-0.7107,-0.4464,-0.5261],[-0.7938, 0.1336,-0.1967,-0.4744],-0.0458
4820,[-0.8004,-0.0613, 0.0386,-0.4744],[-0.1201, 0.1232,-0.2859,-0.2616, 0.0319],[-0.8027,-0.0597, 0.0315,-0.4745],0.0452
4821,[-0.8093,-0.0665, 0.1098,-0.4478],[ 0.1325,-0.2009, 1.0078,-0.2364, 1.8406],[-0.8107,-0.0706, 0.1112,-0.4651],0.0383
4832,[-0.8175, 0.167 ,-0.1136,-0.4839],[0.2225,0.4066,0.6742,0.3567,0.3094],[-0.8206, 0.1634,-0.0965,-0.4683],0.0413
4834,[-0.8211, 0.208 ,-0.2142,-0.4855],[ 3.3747e-01, 1.0646e+00,-7.0767e-01,-1.1523e-03, 1.8359e+00],[-0.8229, 0.2102,-0.2069,-0.487 ],-0.002
4900,[-0.7941, 0.0031,-0.0215,-0.9516],[  2.0112,  2.447 ,  5.1946,  2.2927,427.2459],[-0.7983, 0.0053,-0.0285,-0.9702],0.0419
4901,[-0.7939,-0.0318, 0.0746,-0.9164],[ 4.6135,-1.7199, 4.292 , 0.5039,-1.3097],[-0.7975,-0.0358, 0.075 ,-0.9131],0.0239
4902,[-0.8024, 0.0243,-0.071 ,-0.9582],[ -0.3244,189.9606, -0.913 , -0.7136, -0.5224],[-0.8064, 0.0289,-0.0727,-0.9676],0.0505
4910,[-0.8054, 0.0651,-0.0492,-0.7155],[ 0.8963,-0.1517,11.8406, 0.4309, 0.9205],[-0.8086, 0.0649,-0.0505,-0.7059],0.0528
4911,[-0.7881, 0.0649, 0.0612,-0.7413],[-0.933 ,-1.6886,-0.4324,-1.2797,-1.167 ],[-0.7914, 0.0564, 0.0605,-0.7341],0.0061
4912,[-0.8021, 0.0707,-0.0811,-0.7418],[ 2.2945,28.2603,-0.691 , 0.3073, 3.4115],[-0.8052, 0.0725,-0.0797,-0.7301],0.0329
4914,[-0.8065, 0.1362,-0.183 ,-0.7371],[-1.0795, 0.0189,-2.5437,-0.9703,-0.4187],[-0.8083, 0.1418,-0.185 ,-0.7389],-0.0103
4920,[-0.7969,-0.0679, 0.0292,-0.8405],[1.2757,4.1009,0.4396,1.6384,5.8368],[-0.8008,-0.0657, 0.026 ,-0.8459],0.0365
4921,[-0.8015,-0.0707, 0.0784,-0.821 ],[ 0.6912,-0.0732,11.3006, 0.7295, 1.0783],[-0.8049,-0.0723, 0.0763,-0.8199],0.0332
4922,[-0.7807,-0.0668,-0.0607,-0.7209],[-1.4066,-0.5449,-1.658 ,-1.479 ,-0.9407],[-0.7839,-0.0584,-0.0608,-0.7314],-0.013
4932,[-0.7978, 0.1714,-0.1324,-0.6857],[-0.2045, 0.1493,-0.4776,-0.0591,-0.2992],[-0.8015, 0.1703,-0.1246,-0.6845],-0.0171
4934,[-0.8157, 0.1795,-0.2028,-0.6591],[ 0.409 , 4.0681,-1.1522, 0.5282, 0.5782],[-0.8176, 0.1834,-0.2005,-0.6495],-0.0047
5700,[-7.5908e-01,-3.9271e-03,-5.5187e-04,-3.5485e-01],[ 0.0819, 0.7149, 0.5502,-0.7449, 0.6428],[-0.7606,-0.0037, 0.0009,-0.3573],-0.0455
5701,[-0.7407,-0.0538, 0.0788,-0.3555],[ 0.0507,-1.3475, 0.4138,-0.8613,-0.5134],[-0.742 ,-0.0555, 0.0786,-0.3613],-0.1082
5702,[-0.75  , 0.0343,-0.0615,-0.362 ],[-0.4227,-0.1471,-0.7907,-0.7576,-0.2906],[-0.7514, 0.0364,-0.0673,-0.379 ],-0.0827
5720,[-0.7645,-0.0564, 0.0471,-0.3296],[-0.0815, 0.0058,-0.4701,-0.5991,-0.0553],[-0.766 ,-0.0561, 0.047 ,-0.3298],-0.0509
5800,[-7.4766e-01,-7.2880e-04, 4.8415e-03,-4.5120e-01],[-0.5084,-0.158 , 0.4385,-1.0143, 0.5484],[-0.7497,-0.001 , 0.005 ,-0.4578],-0.0753
5801,[-0.7519,-0.0272, 0.0738,-0.4454],[-0.6747,-0.9094,-0.1895,-0.5843,-0.0709],[-0.7536,-0.0301, 0.0729,-0.4447],-0.0776
5802,[-0.7564, 0.0468,-0.065 ,-0.4443],[-0.5871,-0.054 ,-1.0814,-1.2168,-0.1773],[-0.7583, 0.0483,-0.0651,-0.4503],-0.0697
5810,[-0.7757, 0.0623,-0.0524,-0.4752],[-0.5493,-0.3578, 0.455 ,-0.46  , 0.7796],[-0.7779, 0.0618,-0.0461,-0.4811],-0.0246
5812,[-0.7673, 0.0598,-0.0646,-0.4812],[-0.5478, 0.0458,-0.7491,-0.9184, 1.4223],[-0.7694, 0.0604,-0.061 ,-0.4846],-0.0475
5820,[-0.7574,-0.0626, 0.0333,-0.4653],[-0.0311,-0.283 ,-0.4636,-0.3517,-0.1   ],[-0.7596,-0.061 , 0.0298,-0.4607],-0.0624
5821,[-0.7509,-0.0641, 0.0775,-0.4451],[ 0.2393,-0.9193, 0.8741,-0.1331, 1.1706],[-0.7527,-0.0653, 0.0765,-0.4538],-0.088
5900,[-0.7542,-0.0026, 0.0008,-0.8179],[ 1.9563e+00, 1.1892e+00, 7.6615e+02,-1.9202e-01, 3.1708e+00],[-0.7579,-0.0022,-0.0033,-0.8319],-0.0547
5901,[-0.7476,-0.0367, 0.0635,-0.7376],[ 0.0745,-0.918 ,52.5819,-0.121 , 1.6394],[-0.7507,-0.0388, 0.0625,-0.7478],-0.0833
5902,[-0.7591, 0.0359,-0.0684,-0.8256],[-12.6644,-10.9486,-12.6116,-13.0977,-12.3466],[-0.7625, 0.0388,-0.0705,-0.8316],-0.0596
5910,[-0.7524, 0.0686,-0.0285,-0.7719],[ 0.8026,-1.6108, 1.382 ,-2.0075, 1.6817],[-0.756 , 0.0667,-0.0251,-0.7818],-0.0719
5911,[-0.7495, 0.0657, 0.0646,-0.8968],[-1.9537,-2.3568,-1.4552,-2.4403,-2.0709],[-0.7535, 0.0579, 0.0642,-0.9162],-0.0817
5912,[-0.7657, 0.0648,-0.0745,-0.8127],[-2.0978,-1.8542,-2.7173,-2.6158,-1.3529],[-0.7691, 0.0664,-0.0741,-0.8135],-0.0522
5920,[-0.7615,-0.0663, 0.0365,-0.7394],[-0.5594, 0.822 ,-1.2814,-1.1714, 0.9907],[-0.765 ,-0.0647, 0.0299,-0.749 ],-0.0513
5921,[-0.749 ,-0.0752, 0.0795,-0.7262],[ 4.1414e-01,-3.9907e-03, 2.1026e+01,-4.0080e-01, 4.9351e-01],[-0.7522,-0.0761, 0.0747,-0.7318],-0.0908
5932,[-0.7542, 0.1786,-0.1319,-0.7303],[-0.143 ,-0.0639,-0.6643,-0.3173,-0.0631],[-0.7581, 0.1779,-0.1303,-0.7356],-0.1141
6600,[-0.6898, 0.0074,-0.0087,-0.2388],[ 0.1487,-0.4401, 0.3251,-1.2979, 0.727 ],[-0.6909, 0.0074,-0.0061,-0.2554],-0.1821
6700,[-0.6952, 0.0057, 0.0012,-0.3503],[-0.283 ,-0.5556, 0.5742,-1.2931, 3.4897],[-0.6967, 0.0053, 0.0034,-0.3618],-0.1723
6701,[-0.6945,-0.0154, 0.0737,-0.35  ],[-1.2219,-2.3598,-0.0871,-2.0983, 0.0491],[-0.6957,-0.0182, 0.0722,-0.3577],-0.1819
6702,[-0.6949, 0.0268,-0.0711,-0.3485],[-0.8083, 0.1096,-1.5695,-1.3012, 0.9844],[-0.6962, 0.029 ,-0.0706,-0.3546],-0.1826
6710,[-0.697 , 0.0667,-0.0349,-0.3592],[-0.0809, 0.0461, 0.3203,-0.7632, 0.481 ],[-0.6989, 0.0649,-0.0221,-0.3707],-0.1778
6712,[-0.7011, 0.0738,-0.086 ,-0.3498],[-0.2566, 1.1246,-1.1224,-0.8376, 0.6553],[-0.7026, 0.0745,-0.0807,-0.3608],-0.1817
6721,[-0.7068,-0.0614, 0.091 ,-0.3686],[-0.3914,-1.304 , 0.1999,-0.9857, 0.8158],[-0.7081,-0.0633, 0.0917,-0.3754],-0.173
6800,[-0.6976, 0.0054, 0.0017,-0.4511],[-33.163 ,-33.2657,-33.0196,-34.4891,-32.2104],[-0.6996, 0.005 , 0.0033,-0.4627],-0.1674
6801,[-0.6978,-0.0126, 0.0755,-0.457 ],[ -9.0131, -9.6384, -7.1316,-10.014 , -7.8793],[-0.6994,-0.0158, 0.0753,-0.4682],-0.1761
6802,[-0.6963, 0.0254,-0.0727,-0.455 ],[-6.8386,-5.516 ,-7.7665,-8.3135,-5.9702],[-0.698 , 0.0279,-0.0726,-0.4658],-0.1798
6810,[-0.7043, 0.0651,-0.0338,-0.4557],[-0.5662,-0.6557,-0.3409,-1.2247, 0.3129],[-0.7066, 0.0637,-0.0282,-0.4622],-0.1648
6812,[-0.7043, 0.0683,-0.0994,-0.4542],[-0.7056, 0.1226,-1.7307,-1.8715, 1.0853],[-0.7059, 0.0702,-0.0959,-0.4627],-0.1783
6820,[-0.7295,-0.0702, 0.039 ,-0.4274],[-0.1634,-0.1543,-0.2422,-0.4453,-0.0184],[-0.7317,-0.0683, 0.0281,-0.4449],-0.1203
6821,[-0.7105,-0.0686, 0.0957,-0.4351],[-0.0446,-1.6458,-0.297 ,-1.3354, 0.363 ],[-0.7121,-0.0704, 0.0953,-0.4424],-0.1678
6900,[-0.7148, 0.0054, 0.0028,-0.6275],[ 2.3399e-01, 5.4629e-02, 1.4869e+00,-5.0382e-02, 4.6633e+02],[-0.7176, 0.0049, 0.0036,-0.6457],-0.1362
6901,[-0.7108,-0.0245, 0.0705,-0.5882],[-1.0382e+00,-1.3441e+00, 3.2344e+01,-1.0568e+00, 1.4772e-02],[-0.7132,-0.0271, 0.068 ,-0.6022],-0.1533
6902,[-0.709 , 0.0306,-0.069 ,-0.5941],[ 0.0723,41.5556,-1.1974,-1.0864, 1.8347],[-0.7114, 0.0328,-0.0671,-0.6091],-0.157
6910,[-0.7172, 0.0689,-0.0288,-0.6756],[ 3.3622,-2.4825, 1.4401,-2.2711, 7.6705],[-0.7205, 0.0669,-0.0218,-0.6895],-0.1408
6911,[-0.7223, 0.0569, 0.0601,-0.7911],[-2.5148,-2.6732,-1.4201,-2.4648,-2.288 ],[-0.7257, 0.0501, 0.0695,-0.8107],-0.1357
6912,[-0.7101, 0.0768,-0.0954,-0.6376],[-1.1644,21.7208,-1.8565,-1.698 , 2.349 ],[-0.7127, 0.0781,-0.0894,-0.6491],-0.1671
6914,[-0.7008, 0.1107,-0.1746,-0.6148],[ 0.1116, 1.6396,-2.1248,-0.5348,-0.9524],[-0.7021, 0.1147,-0.1733,-0.6141],-0.2052
6920,[-0.7303,-0.0628, 0.0492,-0.6649],[-0.7486, 0.0028,-0.5635,-0.6669, 0.1386],[-0.7334,-0.0626, 0.0474,-0.6783],-0.1199
6921,[-0.7214,-0.0706, 0.104 ,-0.6653],[ 0.0409,-2.4384, 1.4691,-1.2272, 2.1248],[-0.7239,-0.0731, 0.1037,-0.6788],-0.15
6923,[-0.7194,-0.1278, 0.1727,-0.694 ],[-0.5971,-1.4824, 6.6371,-0.9847, 0.007 ],[-0.7213,-0.1314, 0.1722,-0.6883],-0.1789
6932,[-0.7108, 0.1786,-0.1442,-0.7198],[ 0.0758,-0.228 ,-0.8591,-0.4501, 0.3448],[-0.7143, 0.1789,-0.1482,-0.7186],-0.1938
7422,[-0.6694,-0.137 ,-0.1211, 0.0232],[-4.4287,-3.5889,-6.3014,-5.4534,-3.1009],[-0.6696,-0.1267,-0.126 , 0.0144],-0.2446
7442,[-0.6663,-0.1829,-0.0924, 0.0177],[-2.9034,-2.5004,-4.6742,-3.496 ,-1.5082],[-0.6677,-0.1719,-0.1015, 0.0157],-0.25
7500,[-0.6669,-0.0037,-0.0347,-0.1044],[-1.1789,-1.7711,-1.0201,-1.972 , 0.6541],[-0.6673,-0.0025,-0.0251,-0.1164],-0.2156
7502,[-0.666 ,-0.0311,-0.1209,-0.0985],[-3.1703,-2.1317,-5.1053,-4.3925,-2.4052],[-0.6657,-0.0253,-0.1147,-0.1084],-0.2337
7504,[-0.6584,-0.0235,-0.1828,-0.0834],[-3.8593,-3.0326,-5.6816,-4.7707,-3.1783],[-0.6567,-0.0157,-0.1799,-0.0889],-0.2527
7522,[-0.6711,-0.1286,-0.1263,-0.0749],[-3.9795,-2.7199,-8.51  ,-6.7844,-2.0179],[-0.6714,-0.1182,-0.1309,-0.0894],-0.2417
7524,[-0.6672,-0.0789,-0.1772,-0.0905],[-5.6308,-5.3985,-6.4324,-5.8286,-5.5148],[-0.6659,-0.0687,-0.1816,-0.0972],-0.249
7542,[-0.6638,-0.197 ,-0.0796,-0.0104],[-19.4482,-17.0909,-21.5628,-20.8635,-17.5635],[-0.6654,-0.1879,-0.0875,-0.0175],-0.2531
7600,[-0.6733, 0.0021,-0.0224,-0.2121],[-2.1719,-3.1684,-3.0146,-3.8455,-1.069 ],[-0.6742, 0.0026,-0.0145,-0.2245],-0.2053
7601,[-0.6755,-0.0057, 0.0637,-0.2291],[-1.6732,-2.5806,-0.2453,-1.9476,-1.0823],[-0.6763,-0.0079, 0.056 ,-0.2423],-0.2076
7602,[-0.6704,-0.0349,-0.1262,-0.2135],[-21.7598,-20.4529,-24.0247,-23.3543,-20.8246],[-0.6704,-0.0284,-0.1204,-0.2267],-0.2285
7604,[-0.6646,-0.0301,-0.1774,-0.2131],[-16.019 ,-14.3216,-17.2821,-15.9861,-15.5464],[-0.6635,-0.0218,-0.1763,-0.2218],-0.2451
7610,[-0.6833, 0.0872,-0.0536,-0.2466],[-0.6242,-1.2215,-0.5361,-1.3552, 0.3758],[-0.6847, 0.0864,-0.0627,-0.2635],-0.2082
7612,[-0.6505, 0.0557,-0.1556,-0.2477],[-0.354 ,-0.2166,-1.6438,-1.4541, 0.3783],[-0.6505, 0.0594,-0.145 ,-0.2646],-0.2615
7614,[-0.6498, 0.0587,-0.1824,-0.2411],[-0.4985,-0.1786,-1.2408,-1.0605, 0.0071],[-0.6491, 0.0634,-0.1754,-0.258 ],-0.2677
7622,[-0.6723,-0.0807,-0.143 ,-0.1676],[ -7.1253, -5.2975,-11.0185, -9.7498, -5.6829],[-0.6721,-0.0715,-0.1435,-0.1826],-0.2358
7624,[-0.6696,-0.0703,-0.1732,-0.1918],[-7.1455,-6.5554,-9.0139,-7.6993,-6.8057],[-0.6687,-0.0603,-0.176 ,-0.2047],-0.2433
7700,[-0.6785, 0.0034,-0.0198,-0.3336],[-17.293 ,-17.7627,-17.8699,-18.997 ,-16.3361],[-0.68  , 0.0037,-0.0114,-0.3466],-0.1966
7701,[-0.6821,-0.0068, 0.0726,-0.3381],[-3.4777,-4.6229,-2.1867,-4.4306,-3.3217],[-0.6833,-0.0098, 0.0716,-0.3494],-0.2
7702,[-0.6728,-0.0099,-0.1051,-0.3054],[-21.0195,-19.1815,-23.385 ,-23.0928,-19.8858],[-0.6735,-0.0052,-0.0961,-0.3195],-0.2179
7704,[-0.6632,-0.0046,-0.1811,-0.2949],[-13.3738,-12.3645,-15.3176,-14.3035,-13.5858],[-0.6623, 0.003 ,-0.179 ,-0.3048],-0.2456
7710,[-0.6736, 0.074 ,-0.0297,-0.3112],[-1.0181,-1.6556,-0.7823,-2.0358, 0.1037],[-0.6753, 0.0723,-0.0281,-0.3162],-0.214
7712,[-0.662 , 0.0702,-0.111 ,-0.3221],[-1.0092, 0.1601,-2.4502,-2.1993, 0.2767],[-0.663 , 0.0718,-0.0998,-0.3325],-0.2407
7714,[-0.6505, 0.0704,-0.173 ,-0.312 ],[-1.4848, 0.401 ,-2.4763,-1.326 ,-0.237 ],[-0.6504, 0.0743,-0.1635,-0.3087],-0.2659
7800,[-0.6832, 0.0087,-0.0117,-0.4202],[-61.8225,-62.1566,-62.227 ,-63.1273,-61.3125],[-0.685 , 0.0086,-0.0057,-0.4325],-0.1897
7801,[-0.6852,-0.0032, 0.0762,-0.4327],[-7.4126,-8.5682,-6.8291,-7.9306,-7.3732],[-0.6867,-0.0067, 0.0756,-0.4438],-0.1955
7802,[-0.6781, 0.0191,-0.0838,-0.4156],[-27.7852,-26.2126,-29.0498,-28.9721,-27.3214],[-0.6795, 0.0218,-0.0766,-0.4279],-0.2077
7803,[-0.6808,-0.008 , 0.1674,-0.4341],[-0.9936,-1.3139,-0.6815,-1.2572,-0.6563],[-0.681 ,-0.0145, 0.1492,-0.4179],-0.2158
7804,[-0.6643, 0.0369,-0.191 ,-0.4123],[-2.0925,-0.9825,-3.3214,-2.6864,-1.8134],[-0.6636, 0.0435,-0.1896,-0.4243],-0.2491
7810,[-0.6736, 0.0649,-0.0319,-0.4481],[-2.4813,-3.0552,-2.3879,-3.2575,-1.4299],[-0.6758, 0.0636,-0.0275,-0.4569],-0.2126
7812,[-0.6687, 0.0681,-0.1072,-0.4543],[-2.2463,-1.9486,-3.983 ,-4.0284,-1.6038],[-0.6703, 0.0699,-0.0997,-0.4674],-0.2311
7814,[-0.6626, 0.0747,-0.1978,-0.4448],[-1.9569,-0.0884,-3.5137,-2.4487,-1.474 ],[-0.6622, 0.0801,-0.1942,-0.4495],-0.2566
7900,[-6.8506e-01, 2.8004e-02,-4.5665e-04,-5.2202e-01],[-13.1801,-13.4504,-13.2955,-13.5924,-12.8578],[-0.6874, 0.0266, 0.0036,-0.5298],-0.1892
7901,[-0.6853, 0.011 , 0.0816,-0.5256],[-3.6461,-4.8363,-3.1055,-4.1802,-3.9886],[-0.6871, 0.0064, 0.0846,-0.5363],-0.1963
7902,[-0.6839, 0.0408,-0.0887,-0.5206],[-5.4557,-4.6849,-5.9791,-6.0604,-5.077 ],[-0.6857, 0.0433,-0.0873,-0.5305],-0.2037
7910,[-0.6784, 0.0693,-0.0303,-0.5679],[-2.8717,-3.9612,-2.1469,-3.9521,-1.8423],[-0.6812, 0.0677,-0.0257,-0.5814],-0.2049
7911,[-0.6698, 0.0593, 0.0799,-0.5065],[-1.8765,-2.323 ,-1.2701,-2.1206,-1.6443],[-0.6721, 0.054 , 0.0635,-0.5237],-0.2214
7912,[-0.679 , 0.0782,-0.1096,-0.5667],[-2.1001,-1.3861,-4.4101,-3.9664,-1.4677],[-0.6811, 0.08  ,-0.1038,-0.5793],-0.2186
7914,[-0.67  , 0.1009,-0.1995,-0.5847],[-0.46  , 0.7723,-2.5913,-0.6642,-0.2985],[-0.6704, 0.1058,-0.1975,-0.5972],-0.2504
7932,[-0.6788, 0.1808,-0.143 ,-0.7495],[-0.5596, 0.0084,-1.1555,-0.4694,-0.4698],[-0.6829, 0.1801,-0.1274,-0.7468],-0.2355
7934,[-0.6641, 0.1747,-0.2017,-0.6818],[-0.8371, 1.5566,-1.6949,-0.5084,-0.4292],[-0.6663, 0.1769,-0.1919,-0.6984],-0.2653
