200,[-0.9584,-0.0124, 0.0229, 0.2599],[0.5   ,2.3255,1.1877,6.7177,0.7263],[-0.9572,-0.0167, 0.0312, 0.2697],0.291
201,[-0.9569,-0.0332, 0.09  , 0.2914],[-1.0029,-2.0064, 1.1593,-0.944 ,-1.2376],[-0.9551,-0.0477, 0.104 , 0.3052],0.2585
202,[-0.9631, 0.0146,-0.1029, 0.279 ],[-0.8328, 1.3874,-1.5548,-0.784 ,-1.1134],[-0.9611, 0.0405,-0.1225, 0.2857],0.2311
210,[-0.9558, 0.0862,-0.0462, 0.263 ],[-0.8287,-1.5626, 1.0735,-1.2996,-1.0936],[-0.9549, 0.0703,-0.0212, 0.2773],0.2838
212,[-0.9603, 0.1131,-0.1439, 0.304 ],[0.4975,2.6133,0.0222,1.9946,0.1306],[-0.9586, 0.1171,-0.1454, 0.3173],0.2007
220,[-0.9673,-0.0847, 0.008 , 0.2577],[-1.6679, 0.9314,-1.649 ,-0.7489,-1.0232],[-0.9663,-0.0483,-0.0414, 0.272 ],0.2411
221,[-0.959 ,-0.0808, 0.0959, 0.2792],[ 0.8717, 0.5035,12.465 , 4.5854, 0.9324],[-0.9576,-0.082 , 0.0943, 0.2923],0.2391
300,[-0.9619, 0.0061, 0.0054, 0.1723],[ 0.3284,12.1686, 2.9091, 1.1627,-0.7953],[-9.6103e-01, 6.8975e-04, 1.5433e-02, 1.8297e-01],0.2779
301,[-0.9629,-0.0407, 0.0759, 0.1721],[-0.9871,-1.4784, 2.6244,-0.6137,-1.4719],[-0.9618,-0.0512, 0.0845, 0.1818],0.2397
302,[-0.9705, 0.0103,-0.0789, 0.1521],[-0.7772,-0.2563,-2.8535,-0.7715,-1.8876],[-0.9694, 0.0349,-0.0943, 0.1653],0.2125
310,[-0.9668, 0.0651,-0.0395, 0.1821],[-1.656 ,-2.5358,-0.2311,-1.8734,-2.9349],[-0.9661, 0.0509,-0.0214, 0.1966],0.2468
312,[-0.9636, 0.1098,-0.112 , 0.1789],[ 0.5214, 1.6269, 0.4454, 7.4352,-0.4542],[-0.9628, 0.1065,-0.1043, 0.1935],0.2065
320,[-0.9637,-0.0671, 0.0406, 0.1788],[-1.4691, 0.4078,-2.5856,-1.3008,-2.7573],[-0.9631,-0.0528, 0.0221, 0.1929],0.2569
321,[-0.9605,-0.075 , 0.0878, 0.1849],[ 1.3089e+00, 8.2942e-01, 2.9405e+00, 2.1330e+01,-6.2456e-03],[-0.9595,-0.0762, 0.0859, 0.1983],0.2376
341,[-0.968 ,-0.1818, 0.1441, 0.2102],[-1.5383, 0.2828,-2.0665,-1.2733,-1.8399],[-0.968 ,-0.1595, 0.1117, 0.2234],0.165
343,[-0.9684,-0.2276, 0.2175, 0.1613],[ 4.4986, 0.1515, 5.8128, 1.6407,-0.2855],[-0.9682,-0.2169, 0.1995, 0.1754],0.1086
400,[-9.6370e-01, 2.2457e-03, 8.9050e-04, 6.0973e-02],[ 3.1405,17.1999, 2.2196, 1.564 , 0.1048],[-9.6338e-01, 1.9026e-04, 5.0728e-03, 7.2799e-02],0.2669
401,[-0.9632,-0.0433, 0.0714, 0.0893],[-1.3056,-1.3968, 0.9654, 0.2646,-1.9616],[-0.9625,-0.0534, 0.0832, 0.1016],0.237
402,[-0.9653, 0.046 ,-0.0636, 0.0266],[ 0.5853,-0.013 ,-2.0618, 1.1789,-2.427 ],[-0.965 , 0.052 ,-0.0685, 0.0415],0.2341
410,[-0.9634, 0.0634,-0.0443, 0.0684],[-1.6947,-1.3241,-0.1612,-1.2098,-2.361 ],[-0.9632, 0.0538,-0.0298, 0.0833],0.2553
412,[-0.9651, 0.1011,-0.1091, 0.0664],[ 0.1345, 4.6578, 1.0965, 9.2432,-0.4346],[-0.9647, 0.1017,-0.1067, 0.0805],0.2011
414,[-0.9763, 0.1664,-0.1738, 0.0015],[-0.8875, 2.2255,-0.5443, 1.0414,-0.8574],[-0.9761, 0.1692,-0.1759, 0.0158],0.1113
420,[-0.9608,-0.0786, 0.019 , 0.0529],[-2.0328, 2.6433,-1.7382,-0.251 ,-2.3961],[-0.9608,-0.0602, 0.0054, 0.0668],0.2636
421,[-0.9651,-0.1035, 0.1062, 0.0766],[ 0.6798, 0.4871,24.4462, 1.9821,-0.3647],[-0.9647,-0.1015, 0.1007, 0.0895],0.2033
423,[-9.5556e-01,-1.5931e-01, 1.7440e-01, 3.3870e-04],[-0.1868,-1.3521, 2.0487,-0.3376,-0.9894],[-0.9553,-0.162 , 0.173 , 0.016 ],0.1826
434,[-0.9758, 0.17  ,-0.1734, 0.0362],[ 0.399 , 3.2887,-0.0809, 2.1132,-1.6706],[-0.9756, 0.1688,-0.1695, 0.0504],0.1155
441,[-0.977 ,-0.1865, 0.1604, 0.0556],[-2.1337,-1.2356,-3.3294,-1.9143,-3.679 ],[-0.9774,-0.1665, 0.1326, 0.0709],0.1241
443,[-0.9733,-0.2323, 0.2415, 0.0486],[ 0.0302,-0.8114, 1.5426, 4.749 ,-0.8489],[-0.9729,-0.2315, 0.2375, 0.0638],0.0744
500,[-0.9661, 0.0106,-0.0098,-0.0557],[ 1.5056, 1.9083, 3.1785,27.4758,-0.939 ],[-0.9663, 0.0106,-0.0103,-0.0406],0.2546
501,[-0.9681,-0.0454, 0.0837,-0.1098],[ 0.5143,-1.1923, 2.4187,-0.1211,-1.3448],[-0.9682,-0.06  , 0.0916,-0.0944],0.2102
502,[-0.965 , 0.0482,-0.0664,-0.0763],[ 0.0593, 3.4255,-1.5578,-0.5841,-1.5683],[-0.9651, 0.0573,-0.0787,-0.0608],0.2278
510,[-0.9624, 0.0613,-0.0394,-0.0787],[-0.5017,-0.3681, 2.5629,-0.2564,-0.8341],[-0.9628, 0.0537,-0.0326,-0.0636],0.2557
512,[-0.966 , 0.0886,-0.0954,-0.0604],[-0.0299, 5.2635, 0.2417,10.5865,-0.5605],[-0.9661, 0.091 ,-0.0943,-0.0451],0.2055
514,[-0.9765, 0.1605,-0.1685,-0.0214],[ 0.4733, 1.3054,-1.1852, 1.3571,-1.7294],[-0.9764, 0.1645,-0.172 ,-0.006 ],0.1136
520,[-0.9631,-0.0696, 0.0315,-0.0713],[-0.8652, 1.2214,-2.1266,-0.7108,-2.1527],[-0.9636,-0.054 , 0.013 ,-0.0557],0.2586
521,[-0.963 ,-0.1014, 0.0984,-0.0672],[ 0.3789,-0.6624, 0.2947,21.9398,-1.1072],[-0.9632,-0.1006, 0.0956,-0.0516],0.2112
523,[-0.9634,-0.151 , 0.1754,-0.0392],[-0.3695,-0.6445, 1.9668,-0.0602,-1.18  ],[-0.9629,-0.1617, 0.1858,-0.0236],0.1532
541,[-0.9634,-0.1894, 0.1204,-0.0936],[-1.9976, 0.6411,-2.3257,-1.5729,-2.7513],[-0.965 ,-0.1666, 0.098 ,-0.0778],0.1776
543,[-0.9749,-0.2059, 0.2149,-0.0565],[-0.2303,-2.2628, 0.6964, 0.7609,-2.4429],[-0.9748,-0.2107, 0.2167,-0.0421],0.0849
600,[-0.964 , 0.0152,-0.0095,-0.1862],[-0.3911, 0.4231, 3.6331, 8.1555,-2.8518],[-0.9648, 0.0134,-0.0088,-0.1703],0.2633
601,[-0.9696,-0.0357, 0.0636,-0.1515],[-0.0075,-0.5229, 4.76  , 0.1424,-1.2741],[-0.97  ,-0.0504, 0.077 ,-0.1369],0.2138
602,[-0.9765, 0.0477,-0.0711,-0.1561],[-0.6846, 1.5063,-1.2478,-0.4806,-1.8628],[-0.9768, 0.0675,-0.0977,-0.1397],0.1756
610,[-0.9636, 0.0637,-0.0477,-0.1791],[-0.4677,-0.3904, 1.8959, 0.9201,-1.3692],[-0.9644, 0.0582,-0.0421,-0.164 ],0.244
612,[-0.9615, 0.0884,-0.0837,-0.1929],[-1.3816, 4.3913,-0.794 , 4.1976,-2.488 ],[-0.9623, 0.0878,-0.0809,-0.1786],0.2248
621,[-0.964 ,-0.101 , 0.1034,-0.182 ],[ 0.7393,-2.735 ,-0.1151, 1.3911,-3.7471],[-0.9647,-0.1029, 0.1018,-0.1663],0.2026
623,[-0.9745,-0.1663, 0.1736,-0.1611],[-0.4334,-0.9693, 0.7269, 1.5977,-1.1367],[-0.9749,-0.1734, 0.1794,-0.1461],0.112
643,[-0.9644,-0.2132, 0.1968,-0.1452],[-1.6437,-3.6673,-1.1814, 0.2898,-3.8017],[-0.9655,-0.2109, 0.1886,-0.1293],0.1235
700,[-0.9607, 0.0253,-0.0145,-0.2939],[-13.0321,-13.0091,-13.0105,-12.6727,-14.9548],[-0.962 , 0.0222,-0.0121,-0.278 ],0.2729
701,[-0.9576,-0.0462, 0.067 ,-0.2972],[-0.8476,-1.5082, 2.4866, 2.273 ,-1.6657],[-0.9587,-0.0549, 0.0752,-0.2819],0.2536
710,[-0.9607, 0.061 ,-0.0519,-0.2958],[-0.9195,-0.1033, 0.7876, 1.5059,-2.5364],[-0.962 , 0.0589,-0.0505,-0.2789],0.2497
712,[-0.9606, 0.0777,-0.0751,-0.2897],[-7.9443,-5.7165,-7.6836,-5.9254,-9.077 ],[-0.9618, 0.0788,-0.0757,-0.2737],0.2322
721,[-0.9629,-0.1078, 0.1155,-0.2904],[ -7.8693, -8.9123, -7.4729, -7.9899,-10.3956],[-0.964 ,-0.1131, 0.1181,-0.2746],0.1946
800,[-0.9586, 0.0245,-0.0158,-0.4058],[-39.3962,-39.2275,-39.1573,-38.4822,-40.0367],[-0.9603, 0.0221,-0.0133,-0.3894],0.2854
812,[-0.9571, 0.0763,-0.0822,-0.3864],[-24.3075,-23.8582,-24.5611,-23.5873,-25.2597],[-0.9587, 0.0797,-0.0809,-0.3704],0.2413
821,[-0.9585,-0.1011, 0.1217,-0.4002],[-10.4111,-10.8618,-11.1148, -9.2317,-12.2373],[-0.9598,-0.1118, 0.1298,-0.3832],0.2048
1100,[-0.9332,-0.0444, 0.0454, 0.3847],[ 1.1406, 0.7376, 0.8398, 0.6837,35.9446],[-0.9316,-0.0438, 0.0463, 0.3799],0.3808
1101,[-0.9353,-0.0494, 0.0661, 0.3894],[ 0.1772,-0.4322, 8.9073,-0.2188, 1.8811],[-0.9335,-0.0506, 0.064 , 0.3958],0.3622
1120,[-0.9344,-0.0615, 0.0346, 0.3821],[ 0.3149, 5.5585,-0.3103,-0.1996, 7.4705],[-0.9329,-0.0555, 0.0306, 0.3796],0.3776
1121,[-0.9324,-0.0797, 0.0884, 0.3885],[ 1.0035, 0.7924, 2.3435, 0.478 ,31.1554],[-0.9307,-0.0786, 0.0835, 0.3836],0.3528
1200,[-0.93  ,-0.0272, 0.0254, 0.3065],[  2.8371,185.5695,  2.0306,  0.6639,  2.2063],[-0.9286,-0.0267, 0.0273, 0.3042],0.3939
1201,[-0.9284,-0.0478, 0.0619, 0.3056],[ 0.599 ,-0.1671,56.5445, 0.107 , 0.9641],[-0.927 ,-0.0492, 0.0618, 0.299 ],0.3919
1202,[-0.923 , 0.0397,-0.0656, 0.2627],[ 0.3694, 3.1634,-0.5794, 0.3931,25.4891],[-0.9217, 0.0431,-0.0662, 0.2589],0.4069
1210,[-0.9239, 0.0631,-0.0419, 0.2569],[-0.0322,-1.0507, 1.3466,-1.3903, 2.3655],[-0.9229, 0.0585,-0.0381, 0.2529],0.4104
1212,[-0.9324, 0.099 ,-0.1093, 0.2739],[ 1.9691, 1.6158, 0.5668, 1.0908,43.8704],[-0.9312, 0.0984,-0.104 , 0.2667],0.3327
1214,[-0.9354, 0.1471,-0.1818, 0.2709],[ 0.1321,22.3371,-0.9508, 0.7385, 1.0656],[-0.9337, 0.15  ,-0.1804, 0.2668],0.2627
1220,[-0.9324,-0.069 , 0.038 , 0.3135],[ 0.7081,57.9498,-0.0977, 0.1298, 1.5831],[-0.9312,-0.0624, 0.0329, 0.3166],0.3791
1221,[-0.9417,-0.0847, 0.0915, 0.3125],[  0.8898,  0.9506,161.0015,  1.0997,  0.8833],[-0.9403,-0.0832, 0.0857, 0.3204],0.3093
1300,[-0.9172, 0.0092,-0.0191, 0.1583],[ 3.348 ,28.1549,73.1308, 2.1232, 1.2505],[-0.9165, 0.0112,-0.0244, 0.1629],0.4399
1301,[-0.9229,-0.0444, 0.0627, 0.1773],[ 0.4828,-0.2691,21.2325, 0.3983,-0.1527],[-0.922 ,-0.047 , 0.0628, 0.1794],0.406
1302,[-0.9165, 0.0419,-0.068 , 0.1625],[  1.0977,250.8546, -0.7685, -0.3039,  1.567 ],[-0.9156, 0.0452,-0.069 , 0.1681],0.4235
1310,[-0.9187, 0.0664,-0.0406, 0.1718],[ 4.6472e-01, 7.4699e-02, 8.1798e+01,-1.9770e-01, 7.7943e-01],[-0.9181, 0.0622,-0.04  , 0.1734],0.4249
1312,[-0.9215, 0.0765,-0.0915, 0.1748],[  1.2336,324.7202,  0.9756,  1.5524,  1.9064],[-0.9206, 0.0776,-0.0892, 0.1797],0.3821
1314,[-0.9353, 0.1501,-0.1832, 0.2115],[ 1.3088,41.6969,-1.012 ,-0.074 , 1.6298],[-0.9339, 0.1533,-0.183 , 0.2053],0.259
1320,[-0.9165,-0.0647, 0.0418, 0.1518],[-0.6034, 5.711 ,-0.6723, 0.1574, 7.9315],[-0.9159,-0.0607, 0.0387, 0.1524],0.4322
1321,[-0.9187,-0.08  , 0.0759, 0.1545],[ 3.0795, 0.4124, 3.8649,55.9514, 1.0976],[-0.918 ,-0.0781, 0.0703, 0.1665],0.3984
1334,[-0.9123, 0.2087,-0.2593, 0.1434],[ 2.8266,19.0586, 0.1189, 0.6593, 2.6648],[-0.9105, 0.2122,-0.2575, 0.1555],0.2461
1341,[-0.923 ,-0.1806, 0.1263, 0.1752],[-3.1729,-2.3007,-4.1376,-2.8584,-3.7088],[-0.9231,-0.1706, 0.1209, 0.1868],0.3167
1343,[-0.9237,-0.1804, 0.1812, 0.1512],[ 0.7689, 0.2803,20.5397, 2.9088, 0.5833],[-0.9231,-0.1785, 0.1752, 0.1618],0.2899
1400,[-0.9184, 0.009 ,-0.0149, 0.0687],[  1.2141,  1.2724,211.5216,  0.8961,  0.9391],[-0.918 , 0.0104,-0.0191, 0.0755],0.4397
1401,[-0.9181,-0.0401, 0.0744, 0.0308],[ 0.4511,-1.6801, 2.3907, 0.3671, 1.2346],[-0.9178,-0.0451, 0.0756, 0.0321],0.4226
1402,[-0.9174, 0.0456,-0.0656, 0.0731],[ 4.5158e-01, 2.5114e+02,-2.6127e-01,-7.9342e-02, 6.1585e-01],[-0.9169, 0.0484,-0.0668, 0.0796],0.425
1410,[-0.918 , 0.0621,-0.0471, 0.0503],[ -0.3223, -0.4175,218.4796,  0.7845,  1.0288],[-0.9178, 0.0597,-0.0465, 0.057 ],0.4309
1412,[-0.9179, 0.0729,-0.0789, 0.0477],[  0.7727,318.2792,  1.3134,  1.3298,  0.9532],[-0.9176, 0.0732,-0.0763, 0.0546],0.4086
1414,[-0.9203, 0.1464,-0.1829, 0.0339],[ 1.4613e+00, 4.7020e+01,-6.5548e-01,-1.6941e-02,-1.8924e-01],[-0.9194, 0.151 ,-0.1843, 0.0414],0.3083
1420,[-0.9175,-0.0634, 0.0461, 0.0698],[ 1.1371,66.2805,-0.2856, 0.0984, 0.0763],[-0.9173,-0.0607, 0.0458, 0.0794],0.4305
1421,[-0.9171,-0.0757, 0.0824, 0.055 ],[1.2945e+00,1.5550e-01,3.9796e+02,5.5596e+00,3.4066e-01],[-0.9168,-0.076 , 0.0798, 0.0665],0.4056
1423,[-0.9222,-0.143 , 0.1769, 0.0389],[ 0.0653,-0.3705,26.5046, 1.8753,-0.1715],[-0.9213,-0.1471, 0.177 , 0.052 ],0.2976
1430,[-0.9131, 0.1761,-0.0395, 0.0329],[-1.5425,-1.1968,-0.74  ,-1.0104,-0.696 ],[-0.9147, 0.1581,-0.0395, 0.0175],0.3974
1432,[-0.916 , 0.1736,-0.1516, 0.0771],[-0.689 ,-0.6326,-0.7132,-0.3506,-1.2325],[-0.9162, 0.1693,-0.1438, 0.0844],0.3397
1434,[-0.9157, 0.1793,-0.205 , 0.0557],[ 2.5773,35.79  , 0.4602, 3.895 , 0.2516],[-0.9149, 0.1813,-0.2019, 0.065 ],0.2981
1441,[-0.929 ,-0.194 , 0.1388, 0.0736],[-5.4482,-5.8789,-6.4591,-5.8335,-5.6194],[-0.9299,-0.1817, 0.1215, 0.0819],0.2876
1443,[-0.9214,-0.1963, 0.1964, 0.0449],[ 2.7745, 0.2651, 3.6156, 3.3939,-0.0907],[-0.9213,-0.1945, 0.1887, 0.0584],0.2811
1463,[-0.9183,-0.3063, 0.2295, 0.076 ],[-2.3074,-2.3945,-2.4856,-1.6123,-2.9321],[-0.9206,-0.2952, 0.2107, 0.0887],0.2282
1465,[-0.9115,-0.332 , 0.2788, 0.0407],[ 3.5323, 0.0137, 5.3197, 2.88  ,-0.0904],[-0.9137,-0.325 , 0.2581, 0.0529],0.2019
1500,[-0.92  , 0.0054,-0.0029,-0.0622],[  0.7643,  2.8917,  3.5373,136.8792,  0.877 ],[-0.9202, 0.005 ,-0.0028,-0.0485],0.4416
1501,[-0.9178,-0.0328, 0.0756,-0.0558],[-5.5738,-7.7498,-4.4006,-5.9376,-5.925 ],[-0.9177,-0.0397, 0.0795,-0.0463],0.4214
1502,[-0.9196, 0.0323,-0.0772,-0.0508],[-18.2033,-16.3199,-18.581 ,-17.978 ,-17.9701],[-0.9195, 0.0396,-0.0814,-0.0426],0.4164
1510,[-0.9173, 0.0614,-0.0474,-0.0693],[ 1.4093,-0.5234,98.1271, 2.8957, 0.7537],[-0.9177, 0.0595,-0.0472,-0.0608],0.4312
1512,[-0.9177, 0.0722,-0.0786,-0.0639],[ 1.1184,99.4818, 0.5401, 6.1344, 0.795 ],[-0.9179, 0.0731,-0.0771,-0.0542],0.409
1514,[-0.9207, 0.1403,-0.1807,-0.0454],[ 1.2345,42.8829,-0.8551, 5.2577, 0.475 ],[-0.92  , 0.1464,-0.1838,-0.0336],0.3107
1520,[-0.9176,-0.0653, 0.043 ,-0.0666],[ -1.643 ,154.7149, -1.8677, -0.7116, -2.5414],[-0.918 ,-0.0622, 0.0429,-0.057 ],0.4288
1521,[-0.9177,-0.0739, 0.0833,-0.0576],[2.6622e+00,1.1296e-01,2.4367e+00,1.6803e+02,6.0345e-01],[-0.9178,-0.0752, 0.0825,-0.0436],0.4044
1523,[-0.9196,-0.1439, 0.1789,-0.0615],[ 1.3464,-0.5032,32.1281, 0.6605, 0.0386],[-0.9191,-0.1491, 0.1804,-0.0477],0.3146
1534,[-0.9159, 0.175 ,-0.2061,-0.0279],[ 1.51  , 4.6171,-0.264 , 9.9525,-0.2391],[-0.9152, 0.1787,-0.2059,-0.0164],0.2982
1536,[-0.9128, 0.2183,-0.2823,-0.1153],[ 0.6416, 9.4684,-0.6157, 1.4211, 0.5442],[-0.9112, 0.2264,-0.2889,-0.0995],0.2263
1541,[-0.945 ,-0.1909, 0.1338,-0.059 ],[-2.5156,-2.4408,-2.2164,-1.4578,-3.1782],[-0.9464,-0.1769, 0.1135,-0.0435],0.2338
1543,[-0.925 ,-0.2139, 0.2167,-0.0551],[ 0.1101,-0.083 , 2.0125,15.5349, 0.2585],[-0.9253,-0.2134, 0.2096,-0.0399],0.2482
1563,[-0.9423,-0.2912, 0.2573,-0.0251],[-1.1819,-1.7565,-0.9885,-0.0224,-1.9281],[-0.9437,-0.2852, 0.2466,-0.0172],0.1378
1565,[-0.9387,-0.3013, 0.3029,-0.0805],[ 0.4473,-0.3169, 2.5571, 9.1064, 0.0189],[-0.9391,-0.3016, 0.2953,-0.0649],0.1236
1600,[-0.9193, 0.014 ,-0.0055,-0.174 ],[-54.4812,-54.7781,-54.8123,-53.5865,-55.342 ],[-0.9201, 0.0126,-0.0038,-0.1643],0.4421
1601,[-0.915 ,-0.0351, 0.0731,-0.1817],[-10.0145,-11.2097, -5.8825, -8.3918,-10.8406],[-0.9155,-0.0416, 0.0771,-0.1772],0.4251
1602,[-0.9178, 0.0364,-0.0735,-0.1769],[-11.7089,-10.1829,-12.8644,-11.3401,-12.7388],[-0.9183, 0.0431,-0.0782,-0.1737],0.417
1610,[-0.9151, 0.0603,-0.048 ,-0.1651],[ 0.3981, 6.8042,12.6459, 2.1146,-0.7   ],[-0.9159, 0.0585,-0.0449,-0.1584],0.4355
1612,[-0.9158, 0.0692,-0.074 ,-0.1692],[ 1.2043e+00, 6.1075e+00,-7.2757e-02, 4.0209e+01, 2.0115e-02],[-0.9164, 0.0703,-0.0735,-0.1584],0.4126
1614,[-0.918 , 0.1386,-0.1915,-0.1751],[-0.357 , 3.5995,-1.8279, 0.0241,-1.929 ],[-0.9176, 0.1474,-0.1947,-0.1695],0.3118
1620,[-0.9166,-0.0652, 0.0417,-0.1724],[-2.0869, 6.1128,-4.299 , 7.235 ,-4.9158],[-0.9175,-0.0614, 0.0368,-0.1623],0.4359
1621,[-0.9163,-0.0763, 0.0859,-0.184 ],[ 2.4677,-1.5661,47.116 ,47.6356,-0.9494],[-0.9169,-0.078 , 0.0837,-0.1725],0.4048
1623,[-0.9195,-0.135 , 0.1771,-0.1696],[ 0.0763,-0.1071,15.9843, 1.845 ,-0.6251],[-0.9193,-0.1423, 0.181 ,-0.1553],0.3222
1634,[-0.9173, 0.1896,-0.2563,-0.1642],[-0.0747, 2.5972,-0.4098, 3.8906,-0.9261],[-0.9159, 0.1997,-0.2652,-0.148 ],0.2619
1641,[-0.9292,-0.2057, 0.1574,-0.1383],[-1.9791,-1.5495,-1.1742,-0.9792,-1.7158],[-0.931 ,-0.1969, 0.1388,-0.1243],0.2701
1643,[-0.9349,-0.2159, 0.2322,-0.1944],[ 0.9402, 0.7352,11.4633, 7.6021,-0.5148],[-0.9351,-0.2205, 0.2321,-0.1803],0.2029
1645,[-0.9358,-0.2557, 0.2901,-0.1835],[ 0.1754,-0.7524, 4.1274,12.5703,-0.4538],[-0.9353,-0.263 , 0.2935,-0.1671],0.1546
1665,[-0.9241,-0.2993, 0.3456,-0.1727],[ 0.6503,-0.238 ,16.0764, 3.7253,-1.057 ],[-0.9228,-0.3058, 0.349 ,-0.1567],0.143
1700,[-0.9237, 0.0178,-0.0052,-0.2934],[-58.1746,-58.482 ,-58.687 ,-57.3098,-58.9753],[-0.925 , 0.0155,-0.0029,-0.2841],0.4236
1701,[-0.9184,-0.0375, 0.0753,-0.2875],[-11.1203,-12.6666,-10.9394,-10.1387,-12.39  ],[-0.9193,-0.0448, 0.0806,-0.2824],0.4139
1702,[-0.9165, 0.0446,-0.0672,-0.2747],[-6.4623,-5.0353,-6.4806,-4.6887,-7.073 ],[-0.9175, 0.0493,-0.0718,-0.2664],0.4213
1710,[-0.9198, 0.0634,-0.0446,-0.3027],[-10.3613, -9.6718, -9.6714, -7.9724,-10.9893],[-0.9212, 0.061 ,-0.0427,-0.2927],0.4184
1712,[-0.9225, 0.0709,-0.072 ,-0.2942],[-24.9323,-24.9432,-25.869 ,-24.2422,-26.3342],[-0.9237, 0.0722,-0.0726,-0.2851],0.3878
1714,[-0.925 , 0.0926,-0.1966,-0.2705],[ 0.2231, 2.6001,-1.0094, 0.0698,-1.1367],[-0.9241, 0.1108,-0.2049,-0.2546],0.3068
1720,[-0.9191,-0.0671, 0.0419,-0.2793],[-7.468 ,-7.2951,-7.3959,-6.6878,-7.8204],[-0.9204,-0.0629, 0.0353,-0.2696],0.4248
1721,[-0.9176,-0.0753, 0.0907,-0.2805],[-28.8932,-29.5484,-28.0486,-27.4603,-29.4098],[-0.9186,-0.0788, 0.0916,-0.2706],0.3955
1723,[-0.9383,-0.1349, 0.187 ,-0.3219],[-0.122 ,-0.4639, 8.5029, 4.8947,-0.9724],[-0.9383,-0.1486, 0.198 ,-0.3053],0.2393
1743,[-0.9349,-0.1955, 0.2297,-0.3038],[ 0.2229,-0.5614, 6.2656, 8.3937,-1.0649],[-0.935 ,-0.2055, 0.2378,-0.287 ],0.2081
1745,[-0.9273,-0.2465, 0.3107,-0.286 ],[ 0.1838,-0.7605, 0.7864,18.7763,-0.8869],[-0.9258,-0.2583, 0.3215,-0.2689],0.1744
1800,[-0.9346, 0.031 ,-0.0076,-0.423 ],[-28.3007,-28.9635,-28.6327,-27.82  ,-29.9828],[-0.9364, 0.0262,-0.0034,-0.4069],0.3754
1801,[-0.9361,-0.0308, 0.0838,-0.4451],[-7.0135,-8.2546,-7.0964,-6.0563,-8.4804],[-0.9375,-0.0442, 0.0943,-0.4297],0.3341
1802,[-0.9301, 0.0531,-0.058 ,-0.4409],[-1.2572,-0.5479,-1.8481, 0.0486,-2.3099],[-0.9319, 0.0558,-0.061 ,-0.4243],0.3677
1810,[-0.9252, 0.0663,-0.0442,-0.4368],[-5.389 ,-5.1277,-5.0475,-4.9388,-7.04  ],[-0.9272, 0.0635,-0.042 ,-0.4214],0.3937
1812,[-0.9308, 0.0777,-0.066 ,-0.4327],[-16.2271,-16.2179,-16.397 ,-15.2811,-17.3177],[-0.9327, 0.0775,-0.0655,-0.4182],0.3524
1820,[-0.9159,-0.0629, 0.0376,-0.3923],[-1.1048, 0.8215,-0.8311, 0.1271,-1.361 ],[-0.9177,-0.0591, 0.0322,-0.391 ],0.4324
1821,[-0.9271,-0.0793, 0.0963,-0.4054],[-2.5234,-3.2613,-1.8238,-1.3953,-4.7041],[-0.9285,-0.0854, 0.1009,-0.3914],0.3511
1823,[-0.9362,-0.1244, 0.1918,-0.4166],[ 1.4998,-0.5994, 9.6961, 4.3948,-1.2874],[-0.9362,-0.1416, 0.2065,-0.399 ],0.245
1832,[-0.913 , 0.1714,-0.1051,-0.3846],[-0.3813,-0.2358,-0.4705, 0.2544,-0.678 ],[-0.9157, 0.1656,-0.1099,-0.4003],0.3617
1843,[-0.9124,-0.1757, 0.1943,-0.3999],[ 0.8704,-0.0148, 0.4302,13.8724,-0.8839],[-0.9134,-0.1814, 0.1975,-0.383 ],0.3018
1900,[-0.9298, 0.0353,-0.0029,-0.5461],[-63.7415,-63.6254,-63.1877,-63.699 ,-65.0829],[-0.9322, 0.0288, 0.0031,-0.5298],0.3937
1901,[-0.935 ,-0.002 , 0.0897,-0.5192],[ 0.4358,-0.9219,34.1718, 0.7674,-1.4937],[-0.9364,-0.0229, 0.1095,-0.5015],0.3403
1910,[-0.9206, 0.0681,-0.0436,-0.5768],[-24.1474,-23.2574,-22.1272,-19.6918,-25.3876],[-0.9232, 0.0651,-0.0404,-0.5609],0.4106
1912,[-0.9223, 0.0704,-0.0592,-0.5689],[-224.1821,-224.4628,-225.0986,-223.9967,-226.0545],[-0.9248, 0.0703,-0.0587,-0.5529],0.3928
2100,[-0.91  ,-0.0294, 0.0092, 0.3839],[-14.5541,-14.4924,-14.8056,-15.3716,-14.0544],[-0.9084,-0.0265, 0.0091, 0.3705],0.4476
2200,[-0.9035, 0.0085,-0.0106, 0.2702],[-96.9318,-96.7557,-96.7387,-97.6467,-96.4668],[-0.9023, 0.0086,-0.0104, 0.2642],0.4042
2201,[-0.906 ,-0.04  , 0.0631, 0.2769],[-18.8139,-19.9344,-18.3052,-19.3857,-17.8266],[-0.9047,-0.0425, 0.0648, 0.2667],0.3964
2202,[-0.9073, 0.0505,-0.0644, 0.2563],[-24.0702,-23.4455,-25.0562,-24.7636,-23.529 ],[-0.9061, 0.0516,-0.0646, 0.2495],0.3985
2210,[-0.9076, 0.063 ,-0.05  , 0.2545],[-4.4886,-4.4437,-3.9254,-4.9076,-3.6222],[-0.9066, 0.0596,-0.0399, 0.2489],0.4088
2212,[-0.9038, 0.0679,-0.0905, 0.2639],[-20.9853,-20.6002,-21.0905,-20.7897,-20.3655],[-0.9025, 0.0696,-0.089 , 0.26  ],0.3625
2220,[-0.9083,-0.0606, 0.0488, 0.2953],[-4.5064,-3.4869,-5.2529,-5.5369,-3.1724],[-0.9071,-0.0584, 0.0479, 0.3014],0.4075
2221,[-0.9064,-0.0773, 0.0871, 0.2694],[-16.7074,-17.7381,-16.4529,-17.937 ,-16.3556],[-0.9051,-0.0775, 0.0864, 0.2682],0.3712
2300,[-0.9067, 0.0201,-0.0249, 0.1654],[-130.7031,-130.3608,-130.6699,-132.5172,-130.6447],[-0.906 , 0.0207,-0.0257, 0.1583],0.4156
2301,[-0.9024,-0.0446, 0.0642, 0.1659],[-33.8017,-33.7225,-31.9939,-33.4539,-32.8157],[-0.9016,-0.0466, 0.0645, 0.1582],0.3811
2302,[-0.9076, 0.0444,-0.0715, 0.1708],[-66.6649,-65.6878,-67.6295,-67.3456,-65.74  ],[-0.9067, 0.0475,-0.0725, 0.1659],0.3995
2310,[-0.9063, 0.0656,-0.0419, 0.1545],[ -9.6285, -9.9792, -8.191 ,-10.6758, -8.7025],[-0.9058, 0.0618,-0.0382, 0.1481],0.4047
2312,[-0.9046, 0.0706,-0.0901, 0.1655],[-27.6463,-28.4934,-30.0174,-29.0318,-27.2043],[-0.9037, 0.0722,-0.0887, 0.1565],0.367
2314,[-0.8933, 0.1283,-0.1695, 0.1394],[-6.9617,-6.9805,-8.8159,-8.4107,-7.0312],[-0.8921, 0.1319,-0.1694, 0.1253],0.2554
2320,[-0.9088,-0.0648, 0.0403, 0.1649],[-4.611 ,-4.8812,-5.5006,-6.4744,-3.0127],[-0.9083,-0.0608, 0.0357, 0.157 ],0.4166
2321,[-0.9075,-0.0741, 0.0754, 0.1648],[-21.5386,-22.1284,-19.5651,-21.7306,-19.8081],[-0.9068,-0.0733, 0.0719, 0.1616],0.3878
2323,[-0.9057,-0.1567, 0.1821, 0.1396],[-2.8623,-3.5116,-1.0937,-3.5932,-1.1241],[-0.9047,-0.158 , 0.1774, 0.1419],0.2884
2332,[-0.9046, 0.1816,-0.1334, 0.1575],[ 0.0203,-1.557 ,-0.5196,-1.6878, 0.8025],[-0.9049, 0.1737,-0.1201, 0.1601],0.3092
2334,[-0.9043, 0.2138,-0.217 , 0.1508],[ 0.761 , 8.6242,-0.1594, 0.2513, 0.8466],[-0.9039, 0.2118,-0.2065, 0.1497],0.246
2400,[-0.9058, 0.0231,-0.0185, 0.063 ],[ 1.9014e+00, 1.2973e+00, 3.0771e+00,-2.2485e-01, 3.6356e+02],[-0.9056, 0.0222,-0.0164, 0.0488],0.4174
2401,[-0.9026,-0.0368, 0.0665, 0.0523],[-43.0144,-44.5973,-42.2388,-43.9624,-43.3286],[-0.9022,-0.0405, 0.0685, 0.0413],0.3847
2402,[-0.9062, 0.0432,-0.0693, 0.071 ],[-0.6324, 9.4319,-4.0129,-3.2696, 4.5859],[-0.9058, 0.0465,-0.0704, 0.0604],0.3968
2410,[-0.9024, 0.0658,-0.0415, 0.0494],[ 2.4509,-0.9155,12.3116,-1.866 ,12.4963],[-0.9024, 0.0622,-0.0372, 0.0377],0.3895
2412,[-0.9022, 0.0759,-0.0875, 0.0642],[ 0.502 ,71.5447, 0.2474, 1.2826, 0.9095],[-0.9019, 0.0767,-0.0841, 0.0541],0.3592
2414,[-0.8997, 0.1425,-0.1812, 0.0535],[-10.2913, -9.211 ,-11.8964,-10.5683, -9.9338],[-0.8988, 0.1463,-0.1813, 0.0492],0.2698
2420,[-0.9085,-0.0647, 0.0451, 0.0614],[ 0.5235,51.7881,-1.0952,-0.9554, 0.3608],[-0.9084,-0.0619, 0.0442, 0.0507],0.4137
2421,[-0.9078,-0.0835, 0.0892, 0.0571],[  1.7756, -1.4653,  3.7922, -0.2918,119.295 ],[-0.9076,-0.0836, 0.0861, 0.0463],0.3795
2423,[-0.9078,-0.1476, 0.1809, 0.0664],[ 1.2506,-2.255 , 2.0325,-1.1126, 0.827 ],[-0.9069,-0.1508, 0.1797, 0.0687],0.2994
2432,[-0.9053, 0.1875,-0.1435, 0.0745],[1.327 ,0.0645,0.6688,0.0957,4.2667],[-0.9061, 0.1801,-0.128 , 0.0725],0.3071
2434,[-0.905 , 0.2033,-0.2156, 0.0615],[ 0.1262,33.2482, 0.818 , 1.2806, 0.5879],[-0.9046, 0.2033,-0.2085, 0.0682],0.2521
2436,[-0.9001, 0.2655,-0.2845, 0.0069],[ 1.3689,15.331 ,-1.2316, 0.1199, 0.1766],[-0.8997, 0.2663,-0.2765, 0.0167],0.1732
2441,[-0.8973,-0.1845, 0.1338, 0.0759],[ 1.123 , 0.2923,-0.0314, 1.6154,13.8621],[-0.8982,-0.1763, 0.1126, 0.0677],0.2849
2443,[-0.8986,-0.1897, 0.199 , 0.0458],[ 1.3699, 0.3462,39.6811, 0.2779, 0.3395],[-0.8984,-0.1895, 0.1912, 0.0519],0.2433
2465,[-0.9085,-0.3404, 0.3119, 0.014 ],[ 1.1904,-0.8449, 9.8466, 0.6127, 1.069 ],[-0.9099,-0.3367, 0.2961, 0.0276],0.1646
2500,[-0.9053, 0.0228,-0.0037,-0.0548],[1.3951e+00,1.6367e+00,2.0336e+00,3.5246e-01,6.2797e+02],[-0.9056, 0.0197, 0.0013,-0.0705],0.4208
2501,[-0.9048,-0.0235, 0.0669,-0.0787],[ 0.726 ,-1.4077,72.8767,-0.6949, 0.558 ],[-0.905 ,-0.0294, 0.0684,-0.0925],0.4022
2502,[-0.9058, 0.0387,-0.0708,-0.0547],[-1.0718,50.3555,-1.7773,-0.7221,-0.3572],[-0.9059, 0.0431,-0.0721,-0.0678],0.3981
2510,[-0.9036, 0.0623,-0.0484,-0.0707],[-2.2244e-01, 8.0043e-01, 4.7875e+02, 6.8888e-02, 4.5280e-01],[-0.904 , 0.0609,-0.0492,-0.0767],0.3922
2512,[-0.9038, 0.0717,-0.0768,-0.0703],[5.3685e-01,5.2807e+02,3.4851e-01,4.2339e-01,4.9405e-01],[-0.9041, 0.0723,-0.0747,-0.0771],0.3753
2514,[-0.8967, 0.1437,-0.1816,-0.0682],[ 1.2246,17.1064,-1.146 ,-0.4228,-1.0002],[-0.8963, 0.1482,-0.1817,-0.0695],0.2593
2520,[-0.9068,-0.0659, 0.0467,-0.063 ],[-2.9231e-01, 8.4586e+01,-1.5450e-01,-7.6839e-02, 1.1960e+00],[-0.9072,-0.0635, 0.0461,-0.072 ],0.407
2521,[-0.9062,-0.0783, 0.0827,-0.0595],[1.5797e+00,8.2852e-02,1.9115e+02,8.7444e-01,9.7317e-01],[-0.9065,-0.0787, 0.0797,-0.0713],0.3802
2523,[-0.9056,-0.1478, 0.1922,-0.0543],[-1.4175,-5.0809,-1.9096,-2.6634,-1.5782],[-0.9049,-0.1535, 0.195 ,-0.0589],0.283
2532,[-0.9033, 0.1716,-0.1513,-0.0796],[-0.624 , 0.0191,-0.5849,-0.1369,-0.3615],[-0.9041, 0.1687,-0.1425,-0.0738],0.2975
2534,[-0.8949, 0.173 ,-0.1858,-0.0573],[ 3.3553,28.9375,-0.5565, 0.3832, 1.728 ],[-0.895 , 0.1739,-0.1792,-0.0569],0.2444
2536,[-0.9051, 0.2498,-0.2966,-0.0453],[ 3.2881,11.2709,-1.3748,-0.2695,-0.2249],[-0.9038, 0.2542,-0.2957,-0.0329],0.1838
2541,[-0.9026,-0.1743, 0.1491,-0.0394],[ 4.4094,-0.4911, 0.1805, 0.6762, 2.7069],[-0.9034,-0.17  , 0.1341,-0.0362],0.2981
2543,[-0.899 ,-0.1932, 0.2228,-0.0546],[ 0.393 , 0.2251,66.4125, 1.9668, 0.6308],[-0.8985,-0.1961, 0.2195,-0.0421],0.2276
2565,[-0.9079,-0.3397, 0.3618,-0.0677],[ 1.1545,-0.39  ,12.04  , 1.6814, 0.0462],[-0.9074,-0.3414, 0.3557,-0.0525],0.1254
2600,[-0.9059, 0.0176,-0.0033,-0.17  ],[  2.014 ,  1.6334,  2.6272,  1.9189,300.2112],[-9.0671e-01, 1.5400e-02,-4.1255e-04,-1.8598e-01],0.4264
2601,[-0.9064,-0.0365, 0.0705,-0.168 ],[ 1.6750e-01,-2.1633e-01, 2.5264e+02, 4.5524e-02, 8.0274e-01],[-0.907 ,-0.0417, 0.0731,-0.1804],0.4032
2602,[-0.9059, 0.0421,-0.0662,-0.1708],[-0.2123,28.8825,-0.3734,-0.3465, 0.7999],[-0.9065, 0.0459,-0.0678,-0.1832],0.4017
2610,[-0.9047, 0.0618,-0.0502,-0.1796],[5.7372e-01,2.0891e-01,2.6587e+02,4.7459e-01,1.1576e+00],[-0.9056, 0.0608,-0.0508,-0.1809],0.3986
2612,[-0.9064, 0.0687,-0.0715,-0.1676],[  1.695 ,300.1029,  0.7634,  2.0755,  9.3374],[-0.9071, 0.0693,-0.0698,-0.1721],0.3921
2614,[-0.9   , 0.1454,-0.1869,-0.1415],[ 0.0571, 3.8861,-0.9144, 1.9075,-0.8331],[-0.8997, 0.1511,-0.1896,-0.1431],0.2666
2620,[-0.9057,-0.065 , 0.0468,-0.1868],[ 8.4975e+00, 1.7297e+02, 1.4402e-01, 1.3414e+00,-2.7346e-01],[-0.9067,-0.063 , 0.0459,-0.1889],0.4048
2621,[-0.9061,-0.0742, 0.0869,-0.1867],[  1.0193,  0.541 ,447.4987,  0.9879,  2.2196],[-0.9068,-0.0763, 0.0851,-0.1923],0.3803
2632,[-0.8918, 0.1746,-0.1482,-0.2003],[-1.2602,-0.2185,-1.7319, 0.1726,-1.6795],[-0.8932, 0.1724,-0.1425,-0.1963],0.2536
2634,[-0.8949, 0.1812,-0.1881,-0.166 ],[ 2.3069,13.9423,-0.0593, 1.6263, 1.935 ],[-0.8955, 0.1823,-0.1821,-0.1584],0.2402
2641,[-0.9034,-0.1848, 0.1123,-0.216 ],[ 0.1474,-0.4084, 0.5973, 1.2256, 0.3838],[-0.9058,-0.1742, 0.0886,-0.2004],0.3274
2643,[-0.9012,-0.1735, 0.2157,-0.1392],[ 1.1192,-0.1463, 1.357 ,25.1012, 0.2459],[-0.9007,-0.179 , 0.2168,-0.1354],0.2447
2700,[-9.0219e-01, 8.5059e-03, 5.1648e-04,-2.9944e-01],[  1.4789,135.7285,  6.4778,  3.0522,  2.0281],[-0.9035, 0.0069, 0.0044,-0.3044],0.4116
2701,[-0.9023,-0.0382, 0.0723,-0.2898],[-0.3545,-1.1589,40.3539, 3.7084,-0.411 ],[-0.9033,-0.0437, 0.0755,-0.2943],0.385
2702,[-0.9053, 0.044 ,-0.0661,-0.2821],[ 0.0917, 2.8204,-0.5623, 3.7759,-0.6703],[-0.9063, 0.0476,-0.0671,-0.2829],0.4004
2710,[-0.8932, 0.0711,-0.0474,-0.3001],[ 2.4733, 0.7245,84.5658, 1.1282, 1.4572],[-0.8947, 0.069 ,-0.0475,-0.2927],0.3496
2712,[-0.8872, 0.0931,-0.0815,-0.3172],[ 1.0093,92.0817, 0.6499, 5.0176, 2.0662],[-0.8887, 0.0921,-0.0767,-0.3089],0.3021
2714,[-0.8798, 0.1629,-0.1794,-0.3649],[-0.4433, 2.1921,-0.9241, 0.7235,-0.7173],[-0.8808, 0.1666,-0.1814,-0.3539],0.1943
2720,[-0.9015,-0.0652, 0.047 ,-0.2826],[ 1.8641, 1.3587, 0.3517,10.2592, 0.6973],[-0.9029,-0.0631, 0.0435,-0.2742],0.3894
2721,[-0.9033,-0.076 , 0.0907,-0.2834],[ 1.5873,-0.0614, 3.1396,57.4601, 0.689 ],[-0.9043,-0.0786, 0.0892,-0.2757],0.3673
2732,[-0.8995, 0.1781,-0.1438,-0.301 ],[ 0.0621, 1.0221, 0.0291, 1.0346,-0.6366],[-0.9016, 0.1744,-0.1319,-0.2979],0.2904
2734,[-0.8845, 0.1778,-0.1815,-0.3152],[ 1.4006, 4.5239,-0.6766, 2.5411, 0.0436],[-0.8856, 0.1796,-0.1785,-0.3003],0.2072
2741,[-0.8977,-0.2021, 0.1597,-0.252 ],[0.0481,0.4646,0.1963,1.6973,0.4037],[-0.8999,-0.1973, 0.1436,-0.2404],0.267
2743,[-0.8906,-0.2036, 0.196 ,-0.3142],[ 1.1586,-0.0188, 6.429 , 2.6942, 0.4679],[-0.8921,-0.2043, 0.19  ,-0.2995],0.2141
2800,[-0.8916, 0.0027, 0.009 ,-0.4357],[ 2.3807, 0.9248, 3.4307,21.9385, 0.98  ],[-0.8934, 0.001 , 0.0115,-0.4208],0.3729
2801,[-0.8856,-0.045 , 0.0771,-0.4489],[-0.0815,-0.7193, 2.9678, 4.1678,-0.6687],[-0.8872,-0.05  , 0.08  ,-0.4365],0.3134
2802,[-0.8884, 0.0458,-0.0677,-0.4408],[-0.5002, 0.5262,-0.8273, 0.5321,-1.3238],[-0.8901, 0.0496,-0.0705,-0.4326],0.3284
2810,[-0.8894, 0.0767,-0.0418,-0.4204],[ 0.7156, 1.3851,86.4381, 3.4055, 1.6728],[-0.8914, 0.0734,-0.0413,-0.4113],0.3365
2812,[-0.8812, 0.098 ,-0.094 ,-0.4318],[ 0.37  ,93.0858, 0.4218, 2.185 , 0.7523],[-0.883 , 0.0985,-0.0915,-0.419 ],0.2703
2814,[-0.8754, 0.1475,-0.1715,-0.4219],[ 1.0298, 1.3734,-0.7008, 0.5485,-0.4909],[-0.8765, 0.152 ,-0.174 ,-0.4075],0.1885
2820,[-0.8949,-0.0651, 0.0476,-0.4295],[ 0.8052,13.5278, 0.6734, 2.9922, 0.2212],[-0.8969,-0.0638, 0.0478,-0.421 ],0.3613
2821,[-0.8903,-0.0883, 0.0996,-0.4363],[ 1.8711, 0.0622,39.109 , 2.7222, 0.4874],[-0.892 ,-0.0907, 0.098 ,-0.4236],0.3069
2823,[-0.8996,-0.154 , 0.1916,-0.4675],[-0.334 ,-0.122 , 2.8823, 2.2042,-0.4285],[-0.9005,-0.1617, 0.1962,-0.4499],0.2635
2834,[-0.8939, 0.1849,-0.1843,-0.431 ],[ 1.8461, 6.7907,-0.2335, 1.4758, 0.3762],[-0.8956, 0.1872,-0.1819,-0.4142],0.238
2843,[-0.8835,-0.1824, 0.2129,-0.4226],[ 1.4543, 0.1173, 1.0193, 4.8488,-0.0195],[-0.8843,-0.1878, 0.2121,-0.4049],0.1843
2900,[-8.8090e-01,-1.3119e-03, 1.2397e-04,-6.0722e-01],[-24.5608,-24.0043,-24.048 ,-23.5147,-25.1071],[-0.8835,-0.0014, 0.0018,-0.5919],0.3297
2901,[-0.8794,-0.0354, 0.0772,-0.5966],[ 0.3743,-1.2634, 7.678 , 0.8298,-1.1994],[-0.8817,-0.0415, 0.0806,-0.5829],0.2932
2902,[-0.8761, 0.0424,-0.0705,-0.6759],[-12.8785,-12.722 ,-13.0218,-12.3015,-13.5259],[-0.8788, 0.0471,-0.0735,-0.6619],0.2825
2910,[-0.8932, 0.0758,-0.0471,-0.6573],[ 1.0986e-01, 1.0021e+00, 5.5806e+02, 2.5304e+00,-8.3540e-01],[-0.8963, 0.0737,-0.0477,-0.6442],0.3542
2912,[-0.8823, 0.0895,-0.0867,-0.6298],[ -0.5336,383.8205, -1.0851,  6.5959, -1.0656],[-0.885 , 0.0906,-0.0849,-0.6147],0.2848
2914,[-0.8805, 0.1509,-0.1724,-0.5338],[ 0.5333, 7.4785,-1.4439, 0.9105, 0.5145],[-0.8821, 0.1561,-0.1756,-0.5191],0.2058
2920,[-0.8795,-0.0647, 0.0468,-0.595 ],[-3.2722,-4.0949,-4.0306,-3.1677,-5.0943],[-0.8821,-0.0636, 0.0452,-0.5803],0.3007
2921,[-0.8853,-0.0772, 0.1024,-0.5979],[ 0.967 , 0.0386, 3.4432,37.4015,-0.418 ],[-0.8873,-0.0823, 0.1069,-0.5803],0.2872
2923,[-0.8866,-0.1372, 0.1768,-0.54  ],[ 0.4046,-1.004 , 2.216 , 6.3136,-0.8163],[-0.8878,-0.1444, 0.1798,-0.522 ],0.2303
2934,[-0.8876, 0.1705,-0.1837,-0.5008],[ 0.3159, 0.4724,-0.4817,17.5776,-0.3433],[-0.8891, 0.175 ,-0.1861,-0.4827],0.218
3621,[-0.8658,-0.0911, 0.0897,-0.2354],[-0.1241,-1.9962, 0.6064,-1.7186,-0.1332],[-0.8668,-0.0907, 0.0807,-0.2215],0.2166
3710,[-0.863 , 0.0742,-0.0386,-0.3426],[-2.0139,-2.078 ,-1.881 ,-1.7365,-2.4298],[-0.8648, 0.0705,-0.0301,-0.346 ],0.237
3712,[-0.8625, 0.0925,-0.0861,-0.3586],[-1.7571,-2.1176,-3.087 ,-2.5529,-2.0168],[-0.8641, 0.0924,-0.082 ,-0.348 ],0.206
3721,[-0.861 ,-0.0789, 0.1075,-0.309 ],[ 1.1602,-1.6344, 1.5569, 0.087 , 0.692 ],[-0.8619,-0.0821, 0.1056,-0.2946],0.1931
3800,[-0.852 , 0.0118, 0.0539,-0.4946],[1.2935,0.9989,3.3922,1.7481,1.8732],[-0.8538, 0.0039, 0.0707,-0.4773],0.2069
3801,[-0.8556,-0.0272, 0.0791,-0.4425],[ 0.2528,-1.1003, 1.1792, 0.2363, 0.0775],[-0.8572,-0.0328, 0.0816,-0.4328],0.2043
3810,[-0.8587, 0.0898,-0.0446,-0.4429],[-0.5307,-0.1694, 1.5719, 1.0238,-0.3245],[-0.861 , 0.0857,-0.0383,-0.4357],0.2153
3812,[-0.8599, 0.0858,-0.0873,-0.4517],[2.373 ,9.058 ,0.1458,0.9883,0.9072],[-0.8617, 0.0869,-0.0869,-0.4357],0.1979
3820,[-0.8634,-0.0655, 0.0534,-0.4894],[0.6526,3.7858,1.5943,0.2398,0.68  ],[-0.8656,-0.0653, 0.0543,-0.4863],0.2326
3821,[-0.863 ,-0.0653, 0.0983,-0.457 ],[1.0037,0.2674,9.4359,0.595 ,0.8457],[-0.8645,-0.0699, 0.1015,-0.4477],0.2082
3900,[-8.4315e-01,-6.3923e-05,-9.6244e-03,-7.3586e-01],[ 0.8965,30.3546, 0.9106,28.3482, 0.3441],[-8.4635e-01, 6.7943e-04,-7.6311e-03,-7.2265e-01],0.1898
3901,[-0.8555,-0.0141, 0.0826,-0.6306],[-0.9573,-2.4414, 4.146 ,-1.0755,-2.1165],[-0.8577,-0.0219, 0.0872,-0.6169],0.2072
3902,[-0.8358, 0.0383,-0.0777,-0.8705],[-0.9439,20.0374,-2.4291,18.2062,-1.4559],[-0.8392, 0.0432,-0.0803,-0.8617],0.1415
3910,[-0.8375, 0.0696,-0.0483,-0.7157],[ 0.5833, 0.2911,59.0213, 1.2505, 1.2969],[-0.8407, 0.069 ,-0.0505,-0.7002],0.1475
3912,[-0.846 , 0.0771,-0.0797,-0.6974],[ 9.1982e-01, 3.0722e+00,-6.6945e-01, 8.0818e+02, 2.4987e-01],[-0.8489, 0.0788,-0.0806,-0.6797],0.1607
3920,[-0.8427,-0.068 , 0.047 ,-0.6982],[ 3.1175,16.2725, 0.3292, 1.6674,-0.1094],[-0.8459,-0.0672, 0.0473,-0.6861],0.1667
3921,[-0.8478,-0.0665, 0.0607,-0.6627],[ 0.9949,-0.3826,14.0279, 2.0128, 0.8791],[-0.8507,-0.067 , 0.0604,-0.653 ],0.178
4800,[-0.8014, 0.0142, 0.0073,-0.4825],[ 0.2801, 0.5516, 0.2683,-0.4832, 0.9289],[-0.8036, 0.0129, 0.0061,-0.4906],0.0574
4802,[-0.8095, 0.0156,-0.0661,-0.4922],[-0.4155, 0.0645,-0.9547,-1.1914,-0.288 ],[-0.8113, 0.0209,-0.0819,-0.5103],0.0631
4810,[-0.782 , 0.0581,-0.0347,-0.4534],[ 0.0728,-0.5361, 0.2963,-0.4402, 0.3737],[-0.7841, 0.0563,-0.0245,-0.4451],-0.0025
4812,[-0.8203, 0.0746,-0.0656,-0.4901],[ 0.1295, 0.8067,-0.3907, 0.1199, 0.7071],[-0.8225, 0.0743,-0.0607,-0.4827],0.0857
4900,[-7.9860e-01,-4.2024e-04,-1.1998e-02,-8.6272e-01],[  2.8194,  2.1123,386.2693,  1.2385,  1.8687],[-0.8024, 0.0011,-0.0188,-0.8598],0.0492
4901,[-0.7871,-0.0447, 0.0608,-0.9533],[-0.0093,-1.6516, 3.6427, 0.98  ,-0.163 ],[-0.7912,-0.0466, 0.0587,-0.9482],0.009
4902,[-0.7969, 0.032 ,-0.0747,-0.8709],[ -0.7391,195.3552, -0.4952, -0.5316,  0.263 ],[-0.8004, 0.0361,-0.0762,-0.8662],0.0312
4910,[-0.8043, 0.063 ,-0.0464,-0.8334],[-1.4205,-1.82  , 0.0809,-0.2953,-1.3634],[-0.808 , 0.0627,-0.0457,-0.8276],0.0532
4912,[-0.8032, 0.0683,-0.0783,-0.8127],[ 1.7817,67.1072,-0.3224,-0.2457, 1.4655],[-0.8066, 0.0701,-0.077 ,-0.8029],0.0382
4920,[-0.7972,-0.0696, 0.0318,-0.8542],[1.9562,6.168 ,1.061 ,2.0876,0.8075],[-0.8012,-0.0676, 0.03  ,-0.8468],0.0365
4921,[-0.8004,-0.0756, 0.063 ,-0.8281],[1.2145,0.0261,8.6211,0.2615,0.0458],[-0.8041,-0.0757, 0.0605,-0.8157],0.0353
5810,[-0.7766, 0.0602,-0.0552,-0.4948],[-0.072 ,-0.1459,-0.0548,-0.4851, 0.2858],[-0.7788, 0.0599,-0.0482,-0.4783],-0.0226
5900,[-0.7514, 0.0031,-0.0144,-0.8138],[2.4035e+00,1.6971e+00,7.4340e+02,6.0115e-01,1.9484e+00],[-0.755 , 0.0043,-0.0194,-0.8273],-0.0647
5901,[-0.7514,-0.0359, 0.0605,-0.803 ],[-0.0684,-0.8475,40.5254,-0.1613, 1.7063],[-0.7548,-0.038 , 0.0599,-0.815 ],-0.0732
5902,[-0.7592, 0.0385,-0.0667,-0.8541],[-11.692 ,-10.4256,-12.4944,-12.6557,-11.4758],[-0.7628, 0.0411,-0.0682,-0.8617],-0.0589
5910,[-0.7541, 0.0626,-0.0455,-0.8544],[-1.8542,-1.6861,-0.0521,-2.3984, 0.3854],[-0.7581, 0.0624,-0.0459,-0.8698],-0.0687
5912,[-0.7644, 0.0689,-0.0746,-0.8756],[-1.8959,-0.7127,-4.1141,-3.7493,-1.1657],[-0.7682, 0.0703,-0.0733,-0.882 ],-0.0547
5920,[-0.7628,-0.0714, 0.0421,-0.8349],[-0.8998,-0.8272,-1.8862,-2.1871,-0.2743],[-0.7667,-0.0702, 0.0393,-0.8472],-0.0503
5921,[-0.7509,-0.0817, 0.0829,-0.8087],[ 0.478 ,-0.6269,15.5941, 0.0428, 2.4966],[-0.7545,-0.0826, 0.0787,-0.8205],-0.0883
6700,[-0.693 ,-0.002 , 0.0123,-0.3493],[-0.4465,-0.2154, 0.0723,-1.3669, 2.9221],[-0.6945,-0.0028, 0.0184,-0.3615],-0.1756
6701,[-0.6924,-0.013 , 0.0637,-0.3634],[-0.7463,-2.7364, 0.1193,-2.3292, 0.263 ],[-0.6937,-0.0158, 0.07  ,-0.3753],-0.1843
6702,[-0.6892, 0.0355,-0.0949,-0.336 ],[-0.9044,-0.0781,-1.6939,-2.3713,-0.0071],[-0.6901, 0.0381,-0.0885,-0.337 ],-0.1965
6800,[-0.695 , 0.0034, 0.0027,-0.458 ],[-33.5627,-34.0281,-33.6   ,-34.9525,-32.8831],[-0.697 , 0.0031, 0.0027,-0.4718],-0.1709
6801,[-0.6952,-0.0133, 0.0813,-0.4656],[ -8.7346, -9.7853, -7.9767,-10.2256, -8.1968],[-0.6968,-0.0168, 0.0831,-0.48  ],-0.1818
6802,[-0.6933, 0.0214,-0.0731,-0.4623],[-7.5964,-6.7601,-8.5951,-9.1413,-6.4753],[-0.695 , 0.0242,-0.0741,-0.4764],-0.1842
6812,[-0.6937, 0.0671,-0.1152,-0.4466],[-0.8069, 0.5204,-2.177 ,-2.0214,-0.0338],[-0.6951, 0.0696,-0.1109,-0.463 ],-0.1979
6821,[-0.6925,-0.0623, 0.1096,-0.4546],[-0.479 ,-1.4436, 1.008 ,-1.263 , 0.2539],[-0.694 ,-0.0649, 0.1095,-0.4713],-0.1985
6900,[-0.7123, 0.007 ,-0.0108,-0.6269],[ 8.3789e-01, 1.0567e+00, 1.7786e+00,-2.1912e-01, 4.6717e+02],[-0.7151, 0.0073,-0.0126,-0.6453],-0.1409
6901,[-0.7107,-0.0329, 0.0737,-0.5983],[ 0.5952,-1.4967,27.2524,-1.7991, 0.1114],[-0.7131,-0.0352, 0.0709,-0.6115],-0.1552
6902,[-0.7142, 0.0299,-0.0705,-0.6316],[-0.1914,40.4066,-0.7938,-0.8428, 3.0255],[-0.7167, 0.0324,-0.0699,-0.6471],-0.1482
6910,[-0.7207, 0.0633,-0.0412,-0.7426],[-0.9907,-1.5271, 0.5548,-1.3859,15.8309],[-0.7242, 0.0626,-0.038 ,-0.7617],-0.135
6912,[-0.7123, 0.0706,-0.0862,-0.688 ],[-1.0526, 2.8217,-2.6428,-2.1681,13.7875],[-0.7152, 0.0719,-0.0814,-0.706 ],-0.1603
6921,[-0.7184,-0.0739, 0.1051,-0.6684],[-0.3909,-2.5407, 3.1441,-1.8412, 2.4784],[-0.721 ,-0.0763, 0.105 ,-0.6835],-0.1558
7422,[-0.669 ,-0.1588,-0.112 , 0.0034],[-4.577 ,-4.0323,-6.6382,-5.626 ,-2.9083],[-0.6698,-0.1479,-0.119 ,-0.0122],-0.2464
7442,[-0.6661,-0.184 ,-0.0925, 0.0161],[-2.9562,-2.6037,-4.4843,-3.6262,-1.7307],[-0.6676,-0.1731,-0.1013, 0.0094],-0.2503
7502,[-0.668 ,-0.0532,-0.1305,-0.1178],[-2.6817,-1.6788,-4.6253,-3.9758,-1.8687],[-0.6677,-0.046 ,-0.1259,-0.1329],-0.2353
7522,[-0.6711,-0.1294,-0.1256,-0.0758],[-3.9672,-2.3074,-8.0631,-6.5159,-1.7019],[-0.6715,-0.119 ,-0.1302,-0.0905],-0.2416
7542,[-0.6638,-0.1968,-0.0795,-0.0102],[-19.9121,-17.5861,-21.9049,-21.4664,-18.1008],[-0.6654,-0.1877,-0.0873,-0.0174],-0.253
7600,[-0.675 ,-0.0023,-0.0379,-0.2305],[-1.7339,-3.1274,-2.5305,-3.5369,-0.8003],[-0.676 ,-0.0011,-0.0266,-0.2464],-0.203
7602,[-0.6709,-0.0383,-0.127 ,-0.2169],[-22.1778,-21.0982,-24.5831,-23.9123,-21.0833],[-0.671 ,-0.0316,-0.1215,-0.2309],-0.2281
7604,[-0.6688,-0.0455,-0.1721,-0.2317],[-15.9475,-14.7448,-17.6561,-16.5217,-15.9781],[-0.668 ,-0.0366,-0.1718,-0.2457],-0.2402
7622,[-0.6724,-0.0805,-0.1423,-0.1684],[ -8.4285, -6.2249,-11.926 ,-10.8104, -6.576 ],[-0.6722,-0.0714,-0.1426,-0.1837],-0.2355
7624,[-0.6702,-0.0647,-0.1713,-0.2083],[-7.2962,-6.6206,-9.1321,-8.0069,-6.4541],[-0.6694,-0.0549,-0.1731,-0.2232],-0.2413
7700,[-6.7857e-01, 2.6643e-04,-2.2941e-02,-3.3786e-01],[-16.9198,-17.3443,-17.5481,-18.6004,-16.1538],[-0.6801, 0.0008,-0.0118,-0.3524],-0.1959
7701,[-0.6832,-0.0083, 0.0675,-0.3423],[-4.1242,-4.5736,-1.6413,-4.662 ,-3.1098],[-0.6844,-0.0111, 0.068 ,-0.3501],-0.1977
7702,[-0.6732,-0.0117,-0.1039,-0.3056],[-23.1754,-21.7439,-25.737 ,-25.6227,-22.3468],[-0.6739,-0.0071,-0.0947,-0.3202],-0.217
7704,[-0.6674,-0.0133,-0.1735,-0.2985],[-15.9887,-14.1871,-17.0784,-15.9431,-15.0737],[-0.6668,-0.0056,-0.1718,-0.3135],-0.2386
7800,[-0.6835, 0.0066,-0.0088,-0.4214],[-61.8234,-62.0833,-61.9154,-62.9769,-61.2237],[-0.6854, 0.0064,-0.0012,-0.435 ],-0.1885
7801,[-0.6859,-0.0157, 0.0889,-0.4336],[-7.9549,-9.1219,-6.5528,-9.0185,-7.7338],[-0.6873,-0.0193, 0.0895,-0.4472],-0.198
7802,[-0.6772, 0.0187,-0.0862,-0.4137],[-29.2355,-27.7064,-30.1112,-30.3617,-28.7542],[-0.6786, 0.0215,-0.0778,-0.4276],-0.2092
7804,[-0.6648, 0.0324,-0.1729,-0.407 ],[-1.8284,-1.4671,-3.7352,-3.0572,-1.4762],[-0.6647, 0.0383,-0.1674,-0.4237],-0.244
7812,[-0.6739, 0.0618,-0.1289,-0.4656],[-2.7026,-1.7436,-3.8758,-3.8411,-1.47  ],[-0.6751, 0.0648,-0.1193,-0.4824],-0.2271
7900,[-0.685 , 0.0269, 0.0023,-0.5224],[-13.8498,-13.9877,-13.7561,-14.0953,-13.4398],[-0.6874, 0.0255, 0.0056,-0.5349],-0.1884
7901,[-0.6851, 0.0171, 0.0718,-0.5295],[-4.4052,-5.2068,-3.0931,-5.0263,-3.9616],[-0.6872, 0.0132, 0.0644,-0.5462],-0.1931
7902,[-0.6834, 0.0425,-0.0863,-0.527 ],[-5.5335,-4.8629,-6.0791,-6.2326,-5.2586],[-0.6854, 0.0448,-0.0826,-0.5373],-0.2037
7910,[-0.6825, 0.0614,-0.0143,-0.5387],[-3.7819,-4.5114,-3.181 ,-4.4719,-3.2512],[-0.6852, 0.059 ,-0.0044,-0.5493],-0.1942
7912,[-0.6814, 0.0676,-0.1052,-0.5643],[-2.6126,-0.982 ,-4.1617,-3.7966,-1.7947],[-0.6835, 0.0697,-0.1011,-0.5812],-0.2134
