100,[-9.5610e-01,-4.7368e-04, 4.1191e-02, 3.8101e-01],[1.0075,2.5223,0.3849,0.8147,1.2405],[-0.9542,-0.0137, 0.0639, 0.3884],0.2924
200,[-0.9599, 0.0036, 0.0038, 0.2867],[19.1837, 1.0275, 2.0345, 1.731 , 0.0318],[-9.5857e-01, 9.2690e-04, 7.4068e-03, 2.9599e-01],0.2886
201,[-0.9565,-0.0361, 0.0699, 0.3027],[-0.029 ,-0.9456, 1.9039,-0.0718,-0.8184],[-0.9548,-0.0447, 0.0803, 0.3095],0.2703
202,[-0.9717, 0.0507,-0.0576, 0.2749],[-1.1246, 1.0471,-1.5172,-0.5379,-0.7295],[-0.9704, 0.0511,-0.057 , 0.2876],0.2191
210,[-0.9581, 0.0744,-0.0324, 0.2697],[-0.4603,-0.8106, 2.9667,-0.2178,-0.286 ],[-0.9571, 0.0571,-0.0051, 0.281 ],0.2832
212,[-0.9594, 0.0962,-0.0677, 0.2565],[0.5706,9.2044,1.0687,1.5511,1.5345],[-0.9586, 0.0824,-0.0452, 0.2654],0.255
300,[-0.9642,-0.0043, 0.0067, 0.1917],[1.8638,6.4624,4.8961,2.2439,0.877 ],[-0.9633,-0.0047, 0.0064, 0.2032],0.268
301,[-0.9575,-0.0485, 0.0659, 0.1701],[-0.9114,-1.791 , 0.976 ,-0.483 ,-1.3206],[-0.9566,-0.0526, 0.0695, 0.1838],0.2648
302,[-0.9654, 0.0436,-0.0697, 0.1906],[-1.288 , 0.6877,-1.8725,-0.4292,-1.7309],[-0.9643, 0.0494,-0.0698, 0.2049],0.2374
310,[-0.963 , 0.0668,-0.038 , 0.2055],[-1.0297,-1.3422, 1.0092,-0.7561,-1.8549],[-0.9622, 0.0534,-0.0192, 0.2174],0.2627
312,[-0.9635, 0.106 ,-0.1053, 0.1783],[ 1.0483,13.073 , 1.4686, 5.3457, 0.2249],[-0.9628, 0.1017,-0.0963, 0.1915],0.2117
320,[-0.9593,-0.0766, 0.0359, 0.1994],[-0.7468, 1.1471,-1.6417,-1.3765,-1.871 ],[-0.9586,-0.0626, 0.0232, 0.2117],0.2699
321,[-0.9613,-0.1288, 0.1104, 0.1757],[ 1.5373, 0.4881, 2.9224,11.0101, 0.0299],[-0.9608,-0.1197, 0.0994, 0.1894],0.2105
323,[-0.9645,-0.1538, 0.1668, 0.1801],[-0.4397,-1.6802, 1.4601, 0.1485,-0.6673],[-0.9636,-0.1531, 0.1629, 0.1935],0.1627
334,[-0.9728, 0.1685,-0.1729, 0.1406],[ 0.8334, 5.4532, 0.8586, 2.7015,-0.0229],[-0.9721, 0.1652,-0.1668, 0.1555],0.1285
341,[-0.9558,-0.182 , 0.1118, 0.148 ],[-0.4   , 2.6071,-1.5224,-0.039 ,-1.2037],[-0.9563,-0.1617, 0.0966, 0.1616],0.2102
400,[-0.9651,-0.0201, 0.0194, 0.067 ],[ 0.0804, 0.0818, 2.0672,10.933 , 0.1001],[-0.9648,-0.0184, 0.016 , 0.0816],0.2608
402,[-0.9692, 0.0377,-0.0822, 0.0463],[-0.9536, 2.1013,-1.5641,-0.3043,-1.4488],[-0.9686, 0.0544,-0.0944, 0.06  ],0.2103
410,[-0.9697, 0.0693,-0.0424, 0.1   ],[-0.7877,-1.1164, 1.1501,-1.2269,-1.1096],[-0.9693, 0.0532,-0.0191, 0.115 ],0.2365
412,[-0.9682, 0.0985,-0.1059, 0.0628],[ 0.8867, 1.1228, 0.574 ,11.5867,-0.0763],[-0.9678, 0.099 ,-0.1033, 0.0779],0.1922
414,[-0.9768, 0.1587,-0.1714, 0.0301],[-0.473 , 1.3042,-0.866 , 1.3716,-1.3175],[-0.9763, 0.1631,-0.1743, 0.0449],0.1134
420,[-0.9641,-0.0702, 0.0426, 0.0714],[-0.8507, 1.212 ,-1.5211,-0.8124,-1.3549],[-0.9639,-0.0608, 0.0363, 0.0858],0.2476
421,[-0.962 ,-0.1236, 0.1257, 0.0508],[ 0.3693, 1.0707, 2.2066, 8.6793,-0.5587],[-0.9617,-0.1221, 0.121 , 0.0656],0.1979
423,[-0.9633,-0.1589, 0.1731, 0.0572],[-0.6475,-1.2919, 0.4727, 0.5   ,-1.3403],[-0.9628,-0.1613, 0.1736, 0.0701],0.1576
434,[-0.9646, 0.2109,-0.227 , 0.0681],[ 0.3474, 1.7479,-0.7118, 3.6765,-0.7779],[-0.9639, 0.2127,-0.2262, 0.083 ],0.1122
441,[-0.9602,-0.1714, 0.1599, 0.0637],[-1.4424, 0.567 ,-1.4967,-0.8319,-2.0766],[-0.9603,-0.1642, 0.1449, 0.0783],0.1758
443,[-0.9606,-0.1755, 0.1825, 0.0213],[ 0.299 ,-0.9613, 3.33  , 3.1562,-1.2367],[-0.9605,-0.1754, 0.1772, 0.0303],0.1581
500,[-0.9661, 0.0069,-0.0018,-0.0677],[ 2.0753, 2.848 ,14.6492, 1.4587,-1.112 ],[-0.9663, 0.0082,-0.0079,-0.0539],0.2576
501,[-0.9633,-0.0326, 0.0794,-0.078 ],[-0.0717,-1.2474, 1.604 , 0.2308,-1.159 ],[-0.9633,-0.0491, 0.0919,-0.0639],0.2325
502,[-0.9697, 0.0344,-0.0754,-0.0654],[-0.4268, 3.8274,-0.4715,-0.0859,-1.104 ],[-0.9695, 0.0546,-0.0972,-0.0515],0.2057
510,[-0.9639, 0.0826,-0.0166,-0.0847],[-1.036 ,-1.1046, 2.4016,-0.0661,-1.6553],[-0.9645, 0.0551, 0.0145,-0.0695],0.2529
512,[-0.9695, 0.1027,-0.1168,-0.0552],[-0.7523, 5.5939,-0.4562,10.1299,-1.0762],[-0.9696, 0.1079,-0.1177,-0.0417],0.1775
514,[-0.9664, 0.1386,-0.1912,-0.0545],[-0.9637, 1.6626,-0.6322, 0.0857,-1.0101],[-0.9656, 0.1561,-0.2016,-0.0595],0.1394
520,[-0.9707,-0.0617, 0.0471,-0.037 ],[-0.272 , 0.324 ,-0.7488,-0.175 ,-1.7789],[-0.971 ,-0.052 , 0.0319,-0.0212],0.2263
521,[-0.9636,-0.0999, 0.1161,-0.0584],[ 0.1908, 0.3723, 0.5035,15.6665,-0.7408],[-0.9635,-0.1048, 0.1188,-0.0435],0.1989
523,[-0.9648,-0.1521, 0.1694,-0.0048],[-0.1415,-1.0504, 1.7875,-0.2763,-1.6274],[-0.9644,-0.1574, 0.1733, 0.0108],0.1537
534,[-0.9635, 0.194 ,-0.2271,-0.0434],[-0.1104, 1.481 ,-1.4002, 0.7821,-1.9698],[-0.9627, 0.2039,-0.2348,-0.0279],0.1166
541,[-0.9686,-0.1802, 0.1509,-0.0473],[-0.5183, 0.7055,-1.0579,-0.9333,-1.1982],[-0.9693,-0.1673, 0.1407,-0.0374],0.1468
543,[-0.9678,-0.2088, 0.1926,-0.086 ],[ 0.8768,-1.0513, 0.9066, 5.4238,-1.9117],[-0.9686,-0.2014, 0.1797,-0.0699],0.1218
600,[-0.9643, 0.0034, 0.0112,-0.1878],[ 0.4253, 0.203 ,-0.1617,17.5277,-1.2251],[-0.965 ,-0.0016, 0.0145,-0.1714],0.2598
601,[-0.9607,-0.0366, 0.0734,-0.1631],[ 0.0709,-0.7293, 3.3652,-0.7932,-1.3769],[-0.961 ,-0.0501, 0.0854,-0.1474],0.2429
602,[-0.9688, 0.0279,-0.0665,-0.1346],[ 0.2625, 0.7647,-0.8362,-0.5649,-1.323 ],[-0.9691, 0.0422,-0.0719,-0.1183],0.2214
610,[-0.963 , 0.0854,-0.0239,-0.1865],[-1.8209,-2.5261,-0.5933,-1.0429,-2.7102],[-0.9641, 0.0642,-0.0064,-0.1709],0.2536
612,[-0.9655, 0.1245,-0.1144,-0.1827],[-0.018 , 2.0992,-0.03  , 3.5205,-2.0128],[-0.9664, 0.1218,-0.1072,-0.1676],0.1871
620,[-0.9678,-0.0668, 0.0324,-0.1609],[-0.1616, 1.1839,-0.5184,-0.2381,-1.2959],[-0.9687,-0.0478, 0.0035,-0.1449],0.2423
621,[-0.9628,-0.095 , 0.1076,-0.1748],[-0.0608,-0.7152, 0.4404, 8.9533,-1.0382],[-0.9633,-0.1   , 0.1094,-0.1586],0.2051
623,[-0.9741,-0.159 , 0.1874,-0.2492],[ 0.771 ,-0.8219, 2.3774, 0.8436,-1.5071],[-0.9743,-0.178 , 0.2038,-0.2323],0.103
643,[-0.9675,-0.2105, 0.2187,-0.1735],[ 0.5099,-0.6544, 1.6967, 6.566 ,-1.9293],[-0.968 ,-0.2165, 0.2186,-0.1571],0.1032
700,[-0.961 , 0.0168, 0.0026,-0.2947],[-0.8439,-1.1863, 0.1624, 5.7486,-1.9996],[-0.9623, 0.0101, 0.0079,-0.2782],0.2716
701,[-0.9606,-0.0408, 0.0798,-0.3455],[ 0.3879, 0.1123, 0.4957, 6.3577,-1.2841],[-0.9617,-0.0566, 0.0925,-0.3286],0.2351
702,[-0.9573, 0.0522,-0.0666,-0.3245],[-0.2096, 0.3507,-0.5721, 0.2398,-1.1507],[-0.9584, 0.0614,-0.0821,-0.3072],0.2493
710,[-0.9583, 0.0698,-0.0341,-0.3146],[-0.953 ,-1.4121, 1.5338,-1.5246,-1.8743],[-0.9598, 0.0598,-0.0266,-0.2996],0.2668
712,[-0.9615, 0.097 ,-0.0926,-0.2981],[-6.0634,-4.136 ,-5.8359,-4.7067,-7.5779],[-0.9628, 0.0985,-0.0936,-0.2822],0.214
721,[-0.9626,-0.0827, 0.1086,-0.2902],[-0.5509,-0.7709, 1.3728, 5.2753,-1.9974],[-0.9634,-0.0951, 0.1178,-0.2733],0.2039
723,[-0.963 ,-0.1273, 0.1923,-0.3306],[-0.481 ,-0.1924, 1.9105,11.5874,-0.2364],[-0.9627,-0.1541, 0.2176,-0.3133],0.1433
732,[-0.9569, 0.1772,-0.1299,-0.2745],[-5.2736,-5.4976,-3.872 ,-5.0238,-6.2785],[-0.9591, 0.1633,-0.1065,-0.2579],0.196
743,[-0.9598,-0.1875, 0.2549,-0.307 ],[ 0.0112,-0.4587, 0.4208, 7.3405,-1.6148],[-0.9586,-0.2125, 0.2818,-0.2899],0.1071
745,[-0.9582,-0.2508, 0.3317,-0.2806],[ 9.9151, 0.6066, 1.4272, 3.099 ,-0.6752],[-0.9555,-0.2748, 0.3644,-0.2643],0.0571
800,[-0.9626, 0.0269, 0.022 ,-0.4097],[ -9.7683, -9.787 , -8.5213, -8.0899,-11.1127],[-0.9642, 0.008 , 0.0387,-0.3937],0.2592
801,[-0.9588,-0.0051, 0.1019,-0.4151],[ 0.2261,-0.3457,12.3269, 0.7333,-0.9863],[-0.9597,-0.038 , 0.1229,-0.399 ],0.2373
810,[-0.9585, 0.0769,-0.0117,-0.4309],[-1.6848,-2.2386,-0.4334, 0.3203,-3.6208],[-0.9606, 0.0554, 0.0085,-0.414 ],0.2644
812,[-0.9572, 0.1028,-0.0974,-0.378 ],[-16.7247,-15.9378,-17.3085,-15.6945,-17.9089],[-0.9589, 0.1024,-0.0904,-0.3641],0.2276
821,[-0.9599,-0.0755, 0.134 ,-0.4097],[-2.2574,-3.1327,-2.132 ,-0.453 ,-3.6283],[-0.9605,-0.1005, 0.1598,-0.393 ],0.1948
823,[-0.9559,-0.1036, 0.2024,-0.4207],[-0.1252, 0.8778, 0.8488,16.2663,-0.4715],[-0.9547,-0.1413, 0.2526,-0.403 ],0.1604
1100,[-0.923 ,-0.0247, 0.0304, 0.3897],[ 0.8051, 2.3916, 0.8747, 0.381 ,52.7865],[-0.9213,-0.0254, 0.0329, 0.3853],0.4314
1101,[-0.9269,-0.0445, 0.0654, 0.3921],[ 0.878 ,-0.5062,32.3913,-0.5322, 1.808 ],[-0.925 ,-0.0466, 0.065 , 0.3971],0.3981
1120,[-0.9337,-0.0767, 0.0335, 0.3838],[ 1.178 ,11.315 ,-0.2333, 0.1267, 1.8982],[-0.9323,-0.0672, 0.0247, 0.3804],0.3777
1121,[-0.9292,-0.0737, 0.0882, 0.3921],[ 2.0687, 1.0607, 1.7022, 0.5062,35.1379],[-0.9275,-0.074 , 0.0856, 0.3867],0.3657
1200,[-9.2533e-01,-4.4488e-04, 1.3309e-03, 3.0341e-01],[  1.5719,152.5285,  1.6598,  0.5383,  1.8766],[-0.9239,-0.001 , 0.0053, 0.31  ],0.4201
1201,[-0.927 ,-0.0393, 0.0687, 0.3192],[  0.39  , -0.6052,153.6427,  0.5011,  1.6481],[-0.9254,-0.043 , 0.0697, 0.3207],0.3921
1202,[-0.9185, 0.0397,-0.0644, 0.2625],[ 1.1739, 5.228 ,-0.5531, 0.7222,40.0567],[-0.9172, 0.0427,-0.0646, 0.2628],0.4213
1210,[-0.925 , 0.0719,-0.0282, 0.2609],[-0.2279,-1.3059, 2.2494,-1.08  , 1.5472],[-0.9241, 0.0621,-0.0181, 0.2617],0.4083
1212,[-0.9236, 0.0908,-0.0959, 0.2585],[ 3.3167, 1.9585, 0.3615, 0.9376,43.4522],[-0.9225, 0.0898,-0.0907, 0.2541],0.3751
1214,[-0.9472, 0.1456,-0.1685, 0.2623],[ 0.9703,22.0076,-0.5406, 0.0242, 0.0796],[-0.9457, 0.1469,-0.1681, 0.2727],0.2247
1220,[-0.9242,-0.0691, 0.0337, 0.2997],[ 0.5769,83.973 ,-0.3407, 0.4258, 1.0414],[-0.9231,-0.0624, 0.0309, 0.2986],0.411
1221,[-0.9278,-0.0843, 0.093 , 0.3308],[  1.8564,  0.6169,158.2581,  0.65  ,  2.1607],[-0.9264,-0.0835, 0.0884, 0.3284],0.3633
1232,[-0.9191, 0.169 ,-0.1633, 0.2567],[0.71  ,0.5422,3.7166,1.4499,3.0674],[-0.9182, 0.1665,-0.1645, 0.254 ],0.3237
1241,[-0.9302,-0.196 , 0.1376, 0.319 ],[ 1.7601,44.0624,-0.1633, 0.6077, 1.1208],[-0.9301,-0.1834, 0.1288, 0.328 ],0.2857
1243,[-0.9272,-0.2443, 0.2001, 0.2776],[ 1.8449, 0.5782,38.1123, 2.1478, 1.9183],[-0.9275,-0.2334, 0.1842, 0.2886],0.2459
1263,[-0.9306,-0.3092, 0.2036, 0.2697],[ 0.6342,21.862 , 0.9981, 0.7227, 0.774 ],[-0.9327,-0.2913, 0.1902, 0.2833],0.1969
1300,[-0.9165, 0.0271,-0.0277, 0.1763],[  1.504 ,  0.9058,  1.0576,317.475 ,  1.3285],[-0.9156, 0.0269,-0.027 , 0.1905],0.4412
1301,[-0.9183,-0.047 , 0.0614, 0.1868],[ 0.7669,-0.4765,40.8327, 0.6296, 0.2033],[-0.9173,-0.0485, 0.0609, 0.1979],0.4188
1302,[-0.9161, 0.0441,-0.0649, 0.1722],[  0.3478,168.4733, -0.6913, -0.2203,  1.2101],[-0.9151, 0.0463,-0.0638, 0.1847],0.43
1310,[-0.9174, 0.069 ,-0.04  , 0.1627],[ 0.269 ,-0.1185,52.9775, 0.16  , 0.8861],[-0.9169, 0.0644,-0.0391, 0.1651],0.4288
1312,[-0.9192, 0.0795,-0.0911, 0.1778],[  1.1655,155.9778,  0.5231,  2.2268,  3.1868],[-0.9183, 0.08  ,-0.088 , 0.1835],0.391
1314,[-0.9166, 0.1205,-0.1849, 0.1644],[ 0.3581,35.3015,-0.2954, 0.3872,-0.3577],[-0.9147, 0.128 ,-0.1891, 0.1644],0.3279
1320,[-0.9192,-0.0708, 0.0362, 0.1699],[ 0.643 ,86.0491,-0.3229, 0.3553, 0.1885],[-0.9186,-0.0649, 0.0343, 0.177 ],0.4239
1321,[-0.9215,-0.1   , 0.0885, 0.1624],[  1.0993,  1.9413,115.9631,  1.7399,  0.5249],[-0.921 ,-0.096 , 0.0787, 0.17  ],0.3768
1322,[-0.9375,-0.0641,-0.0635, 0.2479],[-1.8525,-1.4772,-2.5256,-1.879 ,-1.5835],[-0.9362,-0.0388,-0.0828, 0.2578],0.3471
1323,[-0.9294,-0.1493, 0.1815, 0.1698],[ 0.1359,-0.3985,11.8974,-0.0152, 0.0412],[-0.9282,-0.1521, 0.1798, 0.1789],0.2811
1332,[-0.921 , 0.1863,-0.1416, 0.1942],[ 1.4052,-0.34  , 2.5772,-0.0691, 2.3673],[-0.921 , 0.1783,-0.138 , 0.2059],0.3155
1334,[-0.9295, 0.2212,-0.2044, 0.1575],[ 1.5492,27.5568, 0.3138, 3.9956, 1.4043],[-0.9295, 0.2147,-0.1895, 0.1713],0.2464
1340,[-0.9291,-0.1956, 0.0242, 0.1951],[-2.0656,-1.9203,-3.0324,-2.3047,-1.5513],[-0.9303,-0.1658, 0.0114, 0.1987],0.3454
1341,[-0.9284,-0.1883, 0.1227, 0.1681],[ 0.2212,17.7671, 0.2239, 1.3231, 0.5934],[-0.9289,-0.1756, 0.1131, 0.1726],0.2995
1343,[-0.9335,-0.2125, 0.2049, 0.1624],[ 0.9037, 0.5504,21.4364, 1.7113, 0.6977],[-0.9332,-0.2079, 0.1933, 0.1729],0.23
1361,[-0.9278,-0.2985, 0.1331, 0.1552],[-1.8248,-0.6805,-2.6223,-1.7307,-1.8733],[-0.9313,-0.2716, 0.1085, 0.1697],0.2486
1363,[-0.9266,-0.2989, 0.2489, 0.1584],[ 0.8794, 1.7007,-0.0464, 7.7214, 0.0704],[-0.9275,-0.2905, 0.2429, 0.1727],0.1913
1365,[-0.9195,-0.3729, 0.3202, 0.2122],[ 0.7432,-0.0717,17.0524, 5.9022, 0.2386],[-0.9213,-0.364 , 0.3002, 0.2238],0.1487
1385,[-0.9146,-0.3979, 0.3723, 0.1528],[-1.5924,-2.3937,-1.2693,-0.2366,-2.2811],[-0.9153,-0.3939, 0.3696, 0.167 ],0.1161
1400,[-0.9188, 0.0205,-0.0217, 0.0644],[  2.0953,  0.6946,  1.9929,410.7674,  2.5979],[-0.9185, 0.021 ,-0.025 , 0.0781],0.4436
1401,[-0.9182,-0.0454, 0.0661, 0.0408],[ 0.6173,-0.3978,24.6474,-0.2761, 0.7164],[-0.9179,-0.0484, 0.0667, 0.0511],0.4239
1402,[-0.9174, 0.0428,-0.0704, 0.0674],[ 2.5052e-01, 1.3652e+02,-7.6380e-02, 5.1473e-01,-3.0709e-01],[-0.9169, 0.0468,-0.0722, 0.0801],0.4244
1410,[-0.9175, 0.0632,-0.046 , 0.0557],[ 1.5434e+00,-3.2573e-01, 2.2593e+02, 3.9561e-01, 1.0660e-02],[-0.9173, 0.0606,-0.0458, 0.063 ],0.4332
1412,[-0.9175, 0.0793,-0.085 , 0.0528],[  2.1515,213.5638,  1.1836,  1.496 ,  2.6048],[-0.9172, 0.0794,-0.0818, 0.0611],0.4035
1414,[-0.9162, 0.1487,-0.1759, 0.0459],[ 0.4573, 2.1355,-1.0926,23.9895, 0.6705],[-0.9155, 0.1515,-0.1743, 0.0599],0.3275
1420,[-0.9186,-0.0675, 0.0403, 0.0767],[ 0.385 ,42.3904,-0.2088,-0.0981, 1.1986],[-0.9184,-0.0631, 0.0386, 0.0843],0.4253
1421,[-0.9182,-0.0832, 0.0924, 0.0578],[1.5728e+00,1.7763e-01,1.9771e+02,2.6450e+00,9.8856e-01],[-0.9178,-0.0837, 0.0891, 0.0693],0.3927
1423,[-0.9291,-0.1452, 0.182 , 0.0515],[-0.1854,-0.619 ,29.2335, 0.6426,-0.2974],[-0.9281,-0.1502, 0.1832, 0.0647],0.2792
1432,[-0.9182, 0.1824,-0.1376, 0.0645],[-1.3146,-1.5012,-1.8436,-1.2139,-1.0968],[-0.9189, 0.1743,-0.1246, 0.0687],0.3305
1434,[-0.9193, 0.2072,-0.2174, 0.0472],[ 0.7878, 3.4232,-0.0909,20.2367, 1.1986],[-0.919 , 0.2069,-0.2099, 0.0615],0.2688
1436,[-0.9124, 0.255 ,-0.2979, 0.0086],[ 0.1434,10.4561,-0.3469, 0.9473, 0.5421],[-0.911 , 0.2586,-0.2969, 0.0232],0.2061
1441,[-0.9261,-0.1865, 0.1531, 0.0739],[ 0.5117, 0.6899,-0.3164, 3.8539,-0.6861],[-0.9266,-0.1789, 0.1404, 0.0875],0.2952
1443,[-0.9273,-0.1962, 0.2137, 0.0683],[ 3.4851, 0.2371,20.8573, 4.056 , 0.5333],[-0.9267,-0.1971, 0.2086, 0.0801],0.2492
1445,[-0.9154,-0.2447, 0.29  , 0.0334],[ 0.5763,-0.6884,10.2121, 0.953 , 0.0172],[-0.914 ,-0.2484, 0.2868, 0.0456],0.2243
1463,[-0.9349,-0.3227, 0.2369, 0.0843],[ 0.0792, 0.4694, 0.2092, 1.7472,-1.0689],[-0.9375,-0.3087, 0.222 , 0.0974],0.1591
1465,[-0.9281,-0.3419, 0.3147, 0.0445],[ 0.5153,-0.4127,21.0842, 1.9703,-0.4531],[-0.9293,-0.3367, 0.2986, 0.0584],0.1331
1485,[-0.9124,-0.4073, 0.381 , 0.1161],[-0.901 ,-1.5013,-0.723 ,-0.1669,-2.0194],[-0.9137,-0.4033, 0.3659, 0.1311],0.1096
1487,[-0.9116,-0.4149, 0.4176, 0.0469],[ 0.8982,-0.3003, 6.731 ,14.8072,-1.0082],[-0.9116,-0.4138, 0.4121, 0.0618],0.0755
1500,[-0.919 , 0.007 ,-0.0025,-0.0616],[ 0.8695, 5.5039,97.6537, 7.9309, 1.3404],[-0.9192, 0.0068,-0.0054,-0.0505],0.4491
1501,[-0.9185,-0.0314, 0.0743,-0.0642],[ 4.4343e-02,-2.8819e-01, 4.6421e+01, 2.4626e-01,-8.2257e-02],[-0.9184,-0.0383, 0.0773,-0.0519],0.4195
1502,[-0.9168, 0.0325,-0.0787,-0.0534],[-24.5883,-21.7972,-24.8383,-24.0824,-24.3555],[-0.9166, 0.04  ,-0.0843,-0.0461],0.4197
1504,[-0.9157, 0.0488,-0.1689,-0.0658],[-1.2037,-0.3211,-1.3006,-0.389 ,-0.8011],[-0.9144, 0.0654,-0.171 ,-0.0516],0.3636
1510,[-0.9176, 0.0643,-0.044 ,-0.0555],[-3.7905e-01, 5.0340e-01, 2.1565e+02, 8.2362e-01,-1.6465e-01],[-0.9179, 0.0613,-0.043 ,-0.0441],0.4332
1512,[-0.9176, 0.0791,-0.0866,-0.0625],[1.7542e+00,2.1029e+02,3.9868e-01,2.1395e+00,5.6873e-02],[-0.9177, 0.0801,-0.0848,-0.0514],0.4027
1514,[-0.9189, 0.1371,-0.1831,-0.0604],[ 0.5506,38.1455,-0.433 , 0.4986,-0.2202],[-0.9182, 0.144 ,-0.1865,-0.0494],0.3165
1520,[-0.918 ,-0.0652, 0.0413,-0.0691],[-6.4258,-3.0144,-7.5033,-7.025 ,-6.8641],[-0.9184,-0.0612, 0.0376,-0.0611],0.4258
1521,[-0.9194,-0.0769, 0.0884,-0.0596],[ 2.8246, 0.0781, 1.2432,52.8638, 1.4947],[-0.9195,-0.0788, 0.089 ,-0.0453],0.3912
1523,[-0.9247,-0.1423, 0.1865,-0.0615],[ 0.2753,-0.505 ,11.9213, 0.1409,-0.5142],[-0.924 ,-0.1498, 0.1918,-0.0474],0.2924
1532,[-0.935 , 0.1941,-0.1353,-0.061 ],[-2.313 ,-2.2824,-2.4954,-2.1638,-3.258 ],[-0.9364, 0.1819,-0.1172,-0.0511],0.2669
1534,[-0.9214, 0.1991,-0.2269,-0.058 ],[ 1.1936,12.6552,-0.1896, 2.2897, 0.099 ],[-0.9209, 0.2027,-0.2267,-0.0456],0.2557
1536,[-0.9169, 0.2395,-0.2912,-0.0322],[ 0.2795, 4.6777,-0.6957, 2.4531,-0.7079],[-0.9154, 0.2453,-0.2946,-0.0193],0.2245
1541,[-0.9238,-0.1814, 0.1397,-0.0564],[ 0.619 ,-1.2513,-0.0379, 1.9477,-1.0019],[-0.9249,-0.1746, 0.1285,-0.0445],0.3089
1543,[-0.9196,-0.1855, 0.2056,-0.0599],[ 1.5001,-0.3774, 3.4345,15.8038, 0.6495],[-0.9193,-0.1882, 0.204 ,-0.0449],0.2807
1545,[-0.9207,-0.2459, 0.3028,-0.0588],[ 0.4258,-0.4286, 8.4477, 1.6888,-0.4838],[-0.919 ,-0.2526, 0.3063,-0.0443],0.2069
1565,[-0.9247,-0.3394, 0.3521,-0.0508],[ 1.3773,-0.4994, 2.4411,10.5703,-0.8015],[-0.9245,-0.3406, 0.348 ,-0.0352],0.122
1567,[-0.9307,-0.3633, 0.398 ,-0.1034],[ 0.4986,-0.8367,20.012 , 1.1211, 0.1636],[-0.9298,-0.3673, 0.3948,-0.0902],0.0766
1585,[-0.921 ,-0.3915, 0.3665,-0.0577],[-0.597 ,-1.1188,-0.2073, 0.1417,-1.6636],[-0.9226,-0.3895, 0.3522,-0.0422],0.1073
1587,[-0.9182,-0.406 , 0.441 ,-0.0656],[ 0.1075,-1.037 , 1.5658,10.4282,-0.6633],[-0.917 ,-0.4079, 0.4369,-0.0503],0.0683
1600,[-9.1895e-01, 3.8256e-03, 7.5051e-04,-1.6310e-01],[-39.8153,-40.3487,-40.6211,-39.7179,-41.3826],[-0.9197, 0.0028, 0.0028,-0.1541],0.445
1601,[-0.9189,-0.0306, 0.0754,-0.1719],[-6.3022,-7.7569,-4.7811,-5.3304,-7.544 ],[-0.9193,-0.0388, 0.0812,-0.1676],0.4113
1602,[-0.9157, 0.0345,-0.0767,-0.1674],[-20.7562,-18.9996,-21.4195,-20.3526,-21.0907],[-0.9161, 0.0418,-0.0821,-0.1669],0.4202
1603,[-0.9186,-0.0299, 0.2248,-0.2294],[-0.7882,-1.5546,-0.6965,-0.2104,-0.7602],[-0.915 ,-0.0636, 0.2781,-0.2134],0.32
1610,[-0.9154, 0.0649,-0.0422,-0.1828],[-5.8226e-01,-1.3442e+00, 1.0312e+00, 1.4983e+02,-6.5838e-02],[-0.9163, 0.0609,-0.0353,-0.1694],0.439
1612,[-0.9155, 0.075 ,-0.0797,-0.1803],[  1.118 ,  6.1436, -0.5026,167.3849, -0.6979],[-0.9161, 0.0761,-0.0789,-0.1674],0.41
1614,[-0.9221, 0.1304,-0.1917,-0.1652],[-0.5505, 1.4485,-2.041 , 1.1005,-2.1474],[-0.9214, 0.1412,-0.1999,-0.1522],0.3006
1620,[-0.9178,-0.0649, 0.0408,-0.1819],[-20.2829,-20.0845,-20.6443,-19.9198,-20.9099],[-0.9188,-0.0611, 0.0363,-0.1742],0.4299
1621,[-0.9186,-0.0801, 0.0868,-0.1876],[-21.9525,-23.385 ,-20.9615,-21.3134,-22.6618],[-0.9193,-0.0816, 0.0857,-0.1793],0.3933
1623,[-0.9215,-0.1387, 0.1854,-0.1684],[-0.0501,-1.3556, 4.864 , 1.1843,-0.7911],[-0.9211,-0.1475, 0.1927,-0.1583],0.3057
1632,[-0.9378, 0.1855,-0.1377,-0.1798],[-1.3291,-2.1249,-1.7324,-1.1901,-2.5159],[-0.9395, 0.1767,-0.1257,-0.1684],0.2537
1634,[-0.926 , 0.2216,-0.2205,-0.189 ],[ 0.3784, 1.8744,-0.4022, 8.8539, 0.2407],[-0.9268, 0.2223,-0.215 ,-0.1727],0.2382
1641,[-0.9152,-0.1759, 0.1082,-0.1487],[-1.3743,-1.792 ,-1.2848,-0.8521,-1.8778],[-0.917 ,-0.1676, 0.106 ,-0.1558],0.3525
1643,[-0.9315,-0.1877, 0.2042,-0.1922],[ 0.5351,-0.066 , 1.838 ,14.9599,-0.4174],[-0.9317,-0.192 , 0.2067,-0.1769],0.2401
1645,[-0.935 ,-0.2492, 0.3156,-0.2003],[ 0.1042,-0.8144, 6.6875, 2.1609,-0.786 ],[-0.9332,-0.2615, 0.3275,-0.1848],0.147
1665,[-0.9364,-0.3058, 0.3585,-0.1776],[ 0.8791,-0.5626, 1.6411, 8.0325,-0.3532],[-0.9348,-0.3145, 0.3635,-0.1616],0.1009
1667,[-0.9307,-0.3563, 0.4215,-0.1881],[ 0.3665,-0.5277,19.3399, 3.7712,-0.7474],[-0.9284,-0.3642, 0.4254,-0.1745],0.0649
1687,[-0.9282,-0.3921, 0.4499,-0.1355],[-0.2515,-0.8582, 2.2866, 5.3732,-1.4493],[-0.9259,-0.3971, 0.4538,-0.1227],0.0456
1700,[-9.2975e-01, 4.1059e-03,-2.3605e-04,-2.9540e-01],[-31.0425,-30.3899,-30.3755,-29.6444,-31.3731],[-9.3103e-01, 3.0224e-03, 5.9955e-04,-2.8289e-01],0.4018
1701,[-0.934 ,-0.0218, 0.0904,-0.2956],[-6.7478,-6.9991,-5.7966,-6.4467,-6.963 ],[-0.9345,-0.0385, 0.1087,-0.2872],0.3411
1702,[-0.9229, 0.0342,-0.084 ,-0.2995],[ -9.8616, -9.0588,-10.4772, -9.4964,-10.4605],[-0.9237, 0.0445,-0.0935,-0.2887],0.3917
1710,[-0.9187, 0.0665,-0.0429,-0.2851],[-10.3619,-11.5701,-10.6433,-10.2053,-12.2937],[-0.9201, 0.0628,-0.0393,-0.2762],0.4188
1712,[-0.9197, 0.0851,-0.0839,-0.2862],[-30.2612,-29.3727,-30.7683,-29.0975,-30.7617],[-0.9209, 0.0858,-0.0828,-0.2738],0.3853
1714,[-0.9288, 0.1452,-0.1818,-0.3263],[-0.2375, 4.6453,-1.2185, 1.9488,-0.9789],[-0.9292, 0.1544,-0.1894,-0.315 ],0.2738
1720,[-0.9169,-0.0646, 0.0438,-0.2878],[-10.1983, -9.8837,-10.3105,-10.0268,-11.3754],[-0.9183,-0.0615, 0.0394,-0.2796],0.4326
1721,[-0.9172,-0.0798, 0.0861,-0.2806],[-22.162 ,-22.8939,-22.2659,-21.3591,-22.8528],[-0.9183,-0.0816, 0.0849,-0.2733],0.3983
1723,[-0.9407,-0.1403, 0.2006,-0.3044],[-0.9604,-1.1144, 1.9637, 1.7766,-1.0229],[-0.9405,-0.1561, 0.2129,-0.2931],0.2207
1730,[-0.9296, 0.1672,-0.0384,-0.3   ],[-0.2615,-0.3384, 0.6389,-0.1785,-0.5691],[-0.9324, 0.1462,-0.032 ,-0.2851],0.3372
1732,[-0.9245, 0.1909,-0.1328,-0.307 ],[-3.9637,-4.2806,-4.2693,-3.7826,-4.918 ],[-0.927 , 0.1819,-0.1147,-0.2967],0.3046
1734,[-0.9292, 0.2035,-0.2081,-0.311 ],[ 0.0416, 7.2056, 0.2269, 8.3941,-0.7587],[-0.9303, 0.2068,-0.2065,-0.295 ],0.2371
1736,[-0.917 , 0.2545,-0.2844,-0.3094],[ 0.9492, 3.8358,-0.3499, 4.4624,-0.9681],[-0.9171, 0.2609,-0.2832,-0.2924],0.2223
1743,[-0.9369,-0.1888, 0.2263,-0.3089],[-0.089 , 0.2863, 1.6988, 5.593 ,-0.2842],[-0.9369,-0.1991, 0.2324,-0.2919],0.2018
1745,[-0.9457,-0.237 , 0.3168,-0.3119],[ 0.5603,-0.565 , 6.9086, 1.4312,-0.8048],[-0.9437,-0.2557, 0.3338,-0.296 ],0.1127
1765,[-0.9405,-0.2946, 0.3735,-0.2922],[ 1.1652, 0.1428, 0.7196, 7.1297,-0.6628],[-0.938 ,-0.309 , 0.3854,-0.2761],0.0834
1767,[-0.9334,-0.3194, 0.401 ,-0.2708],[ 0.6415,-1.3327, 1.6304,14.442 ,-1.0152],[-0.9306,-0.3311, 0.4087,-0.2539],0.0843
1800,[-0.9337, 0.0238,-0.0088,-0.431 ],[-1.987 ,-1.3727,-2.0333,-1.0281,-3.9217],[-0.9356, 0.0205,-0.007 ,-0.4145],0.3798
1801,[-0.9425,-0.0226, 0.0936,-0.4541],[-1.2264,-1.6356,-0.0719,-0.0897,-2.1383],[-0.9436,-0.0446, 0.1161,-0.4367],0.301
1802,[-0.9229, 0.0271,-0.0747,-0.4283],[-1.3897, 0.2537,-1.5026, 0.5755,-2.1143],[-0.9243, 0.0369,-0.0829,-0.4173],0.3995
1810,[-0.9353, 0.0756,-0.0353,-0.4362],[-2.7972,-3.1608,-2.2821,-1.6366,-4.5591],[-0.9374, 0.068 ,-0.0292,-0.4222],0.3528
1812,[-0.9281, 0.1055,-0.101 ,-0.4362],[-7.8932,-7.8904,-8.1767,-7.4507,-9.986 ],[-0.9299, 0.1065,-0.0999,-0.4209],0.3343
1814,[-0.9274, 0.1534,-0.1847,-0.4378],[ 0.5851, 2.381 ,-0.5384,14.2676,-0.1494],[-0.9283, 0.1628,-0.1927,-0.425 ],0.2722
1820,[-0.9174,-0.0627, 0.0534,-0.4106],[-0.4688, 0.4813,-0.3667, 0.7424,-1.1588],[-0.9193,-0.0625, 0.0544,-0.4031],0.4211
1821,[-0.9224,-0.0883, 0.113 ,-0.4318],[-0.3405,-1.115 , 0.8075, 0.9705,-1.5693],[-0.9238,-0.0952, 0.1191,-0.4181],0.357
1823,[-0.946 ,-0.1232, 0.1993,-0.4084],[-0.0375,-0.6358, 2.5734, 2.8652,-1.1892],[-0.9458,-0.1462, 0.2182,-0.3909],0.2039
1832,[-0.9435, 0.1852,-0.1239,-0.4916],[-0.7788,-0.6967,-1.7013, 0.1079,-2.461 ],[-0.9469, 0.1727,-0.1004,-0.4769],0.2382
1834,[-0.9258, 0.1897,-0.2126,-0.4064],[ 3.977 , 0.3201,-0.7797,21.3256,-1.0479],[-0.9266, 0.197 ,-0.2166,-0.3894],0.2474
1845,[-0.9523,-0.1787, 0.3031,-0.3853],[ 0.6838,-0.5826, 1.3886, 4.3025,-0.6646],[-0.9498,-0.2095, 0.32  ,-0.3678],0.1194
1900,[-0.9229, 0.0201,-0.0152,-0.5538],[-53.7903,-54.638 ,-54.8539,-53.8291,-56.0039],[-0.9253, 0.0193,-0.0152,-0.5362],0.4217
1901,[-0.9182,-0.0252, 0.0853,-0.5701],[-0.9483,-0.9151, 2.6364, 0.1981,-1.4892],[-0.9202,-0.0371, 0.0924,-0.5536],0.4142
1902,[-0.917 , 0.043 ,-0.0786,-0.5897],[ -7.3775, -3.7855, -9.6025, -3.8738,-10.7343],[-0.9191, 0.0509,-0.084 ,-0.5722],0.4131
1910,[-0.9265, 0.0693,-0.0392,-0.5583],[-14.5122,-14.388 ,-14.3313,-13.1468,-15.401 ],[-0.9291, 0.0639,-0.0321,-0.5406],0.3884
1912,[-0.9222, 0.1013,-0.0949,-0.5822],[-157.7675,-157.92  ,-158.056 ,-157.1891,-158.9774],[-0.9247, 0.1027,-0.094 ,-0.5648],0.3614
1914,[-0.9219, 0.1364,-0.1798,-0.5531],[ 0.8974,45.1221, 0.1506, 0.1728,-0.9197],[-0.9231, 0.1482,-0.1901,-0.5351],0.3008
1921,[-0.9217,-0.0684, 0.0991,-0.5229],[-21.4628,-21.6862,-21.2102,-20.6147,-22.715 ],[-0.9235,-0.0765, 0.1053,-0.5058],0.3702
1932,[-0.9276, 0.181 ,-0.1412,-0.5929],[ -9.7546,-10.3636,-11.2734, -9.0964,-11.8281],[-0.9309, 0.1773,-0.1297,-0.5752],0.285
1934,[-0.9226, 0.1886,-0.1816,-0.6205],[-11.1936,-11.1457,-12.5254,-10.1557,-13.4771],[-0.9252, 0.1923,-0.1788,-0.6026],0.2767
2000,[-0.8714, 0.043 ,-0.0291, 0.527 ],[-0.9018,-0.3707,-0.2046,-0.7553, 0.0541],[-0.8691, 0.0403,-0.019 , 0.5331],0.2691
2100,[-0.9023,-0.0058, 0.0093, 0.3959],[-55.2588,-55.3519,-55.5405,-56.056 ,-54.5524],[-0.9006,-0.006 , 0.0081, 0.3899],0.4054
2101,[-0.9018,-0.0403, 0.0704, 0.4022],[-25.2164,-25.8734,-24.7829,-25.7911,-24.3632],[-0.8999,-0.0428, 0.0698, 0.3984],0.3731
2102,[-0.8913, 0.0487,-0.0616, 0.4178],[-5.144 ,-4.4353,-5.801 ,-6.1139,-4.4631],[-0.8893, 0.0491,-0.0605, 0.428 ],0.3292
2200,[-0.9048, 0.0146,-0.0086, 0.2816],[-218.94  ,-218.752 ,-218.5578,-219.5152,-218.3247],[-0.9035, 0.0135,-0.0068, 0.2764],0.4116
2201,[-0.903 ,-0.0335, 0.0705, 0.2901],[-67.2157,-67.8282,-66.0599,-67.9631,-66.5488],[-0.9016,-0.0374, 0.0714, 0.2826],0.3823
2202,[-0.9037, 0.0426,-0.0647, 0.2723],[-36.0425,-36.1136,-37.1784,-37.5659,-36.2521],[-0.9024, 0.0448,-0.0661, 0.2687],0.3847
2210,[-0.9045, 0.0592,-0.0433, 0.2695],[-2.5577,-2.872 ,-2.3803,-3.1755,-2.2943],[-0.9034, 0.057 ,-0.0454, 0.2735],0.3933
2212,[-0.9025, 0.0622,-0.0752, 0.2664],[-9.0118,-7.9576,-8.6906,-9.3477,-7.8887],[-0.9012, 0.0628,-0.0731, 0.2605],0.368
2220,[-0.9051,-0.068 , 0.0385, 0.2842],[-9.0898,-8.6242,-9.0412,-9.5262,-8.7192],[-0.9041,-0.0629, 0.031 , 0.2727],0.3996
2221,[-0.9007,-0.0645, 0.0818, 0.2958],[-54.2   ,-55.1324,-53.8254,-54.9758,-53.7685],[-0.8993,-0.0653, 0.08  , 0.2848],0.3557
2300,[-0.9042, 0.0232,-0.016 , 0.1846],[-57.9972,-58.2029,-57.4219,-59.3143,-56.9106],[-0.9035, 0.022 ,-0.0145, 0.1755],0.4101
2301,[-0.9007,-0.0342, 0.0703, 0.1827],[-33.7826,-34.8167,-33.0322,-35.1346,-32.8482],[-0.8997,-0.0383, 0.0721, 0.1722],0.3731
2302,[-0.9037, 0.0448,-0.0656, 0.1789],[-28.0374,-27.2399,-29.816 ,-29.6283,-27.5288],[-0.9028, 0.047 ,-0.0662, 0.1725],0.3857
2310,[-0.9056, 0.0644,-0.0443, 0.1549],[-0.5301,-1.0455,18.4422,-1.3642, 4.7201],[-0.9051, 0.0615,-0.0439, 0.1518],0.3993
2312,[-0.9032, 0.0744,-0.0879, 0.166 ],[-1.7639, 1.3184,-3.3259,-3.1117, 1.111 ],[-0.9025, 0.0752,-0.0853, 0.1577],0.3618
2314,[-0.9028, 0.135 ,-0.1795, 0.1557],[-0.5691, 5.5297,-1.6726,-1.0721, 2.2879],[-0.9015, 0.1386,-0.1769, 0.1536],0.2851
2320,[-0.9071,-0.0663, 0.0403, 0.1661],[-8.6004,-6.9207,-9.4614,-9.4322,-7.1914],[-0.9065,-0.0621, 0.0363, 0.1624],0.4085
2321,[-0.899 ,-0.0761, 0.0882, 0.168 ],[-50.9254,-52.0902,-50.2059,-51.8874,-50.0156],[-0.8983,-0.0765, 0.0854, 0.1601],0.3441
2323,[-0.9063,-0.1637, 0.1822, 0.1547],[-2.7065,-4.4788,-1.8719,-4.2893,-2.391 ],[-0.9054,-0.164 , 0.1763, 0.1507],0.289
2332,[-0.907 , 0.1845,-0.1442, 0.1551],[ 4.9106, 0.5571, 1.2079,-0.0324, 2.5742],[-0.9072, 0.1779,-0.1353, 0.1563],0.309
2334,[-0.9031, 0.2024,-0.1838, 0.1343],[ 1.045 ,14.0201,-0.728 , 2.548 , 1.6003],[-0.9032, 0.1981,-0.1714, 0.14  ],0.2667
2341,[-0.9094,-0.2145, 0.1357, 0.1824],[ 1.9285, 2.9317, 0.1283,-0.8941, 9.0667],[-0.9106,-0.2009, 0.1071, 0.1845],0.3255
2343,[-0.9081,-0.2283, 0.1957, 0.1626],[ 1.4463,-0.1383,11.7713, 0.2296, 1.0567],[-0.9087,-0.2216, 0.1765, 0.1731],0.2741
2363,[-0.9019,-0.2902, 0.2531, 0.1603],[17.531 , 1.9897, 1.8961, 3.9822, 3.4147],[-0.9029,-0.2838, 0.2348, 0.1705],0.1953
2365,[-0.9005,-0.301 , 0.2902, 0.1326],[ 1.8348,-0.0631,11.6165, 1.4003, 0.1459],[-0.9008,-0.2977, 0.277 , 0.1442],0.1621
2400,[-0.9011, 0.0129,-0.0092, 0.0654],[  0.3798,  2.4687,  4.7468, -2.4525,220.9807],[-0.9009, 0.0124,-0.009 , 0.051 ],0.3998
2401,[-0.8998,-0.0343, 0.0724, 0.0581],[-12.1502,-13.5039,-10.2349,-13.6927,-12.089 ],[-0.8993,-0.039 , 0.0744, 0.0471],0.37
2402,[-0.8998, 0.0444,-0.0676, 0.0631],[-31.5935,-30.4258,-32.6909,-32.8523,-31.4338],[-0.8994, 0.0472,-0.069 , 0.0523],0.3695
2410,[-0.9029, 0.0663,-0.0448, 0.061 ],[-0.1497,-0.7974,65.3094,-1.1274, 3.2085],[-0.9028, 0.0635,-0.0446, 0.0537],0.3882
2412,[-0.9019, 0.0755,-0.086 , 0.0623],[ 0.1948,49.7661, 0.5263, 0.2258,17.5427],[-0.9016, 0.0762,-0.083 , 0.0553],0.3586
2414,[-0.8998, 0.133 ,-0.1824, 0.0492],[ 0.928 , 4.3356,-2.3835,-1.4466, 5.2741],[-0.8987, 0.1382,-0.1838, 0.0425],0.2719
2420,[-0.9025,-0.0623, 0.0431, 0.0452],[-5.1132,-5.4425,-7.2096,-6.5327,-2.7162],[-0.9024,-0.0592, 0.0373, 0.0372],0.3914
2421,[-0.9003,-0.0732, 0.0868, 0.0469],[ 0.6098,-3.4856, 0.1376,-2.8042,-0.0398],[-0.9   ,-0.0743, 0.0844, 0.0389],0.3528
2423,[-0.9016,-0.1396, 0.1834, 0.0499],[ 0.3017,-3.5198,-0.1676,-1.6432, 0.8226],[-0.9006,-0.1442, 0.1843, 0.0452],0.2765
2430,[-0.902 , 0.1762,-0.0495, 0.0551],[-1.401 ,-1.7233,-0.3852,-1.5912,-1.3136],[-0.9035, 0.1615,-0.0521, 0.0397],0.341
2432,[-0.9013, 0.1846,-0.1362, 0.0737],[ 1.9301, 0.575 , 0.9665, 1.1507,14.8717],[-0.9022, 0.1768,-0.1189, 0.0697],0.2973
2434,[-0.9011, 0.2087,-0.219 , 0.0556],[-0.1163,46.354 ,-0.6233, 1.3497, 1.0586],[-0.9008, 0.2083,-0.2107, 0.0635],0.2347
2436,[-0.9016, 0.249 ,-0.2874, 0.037 ],[ 0.5803, 8.1473,-0.5489,-0.2144, 0.5367],[-0.9004, 0.2515,-0.2842, 0.0461],0.1791
2441,[-0.8989,-0.1787, 0.1361, 0.0614],[1.0351,0.7562,0.4458,0.3608,9.032 ],[-0.8997,-0.1718, 0.1181, 0.0571],0.2909
2443,[-0.9038,-0.1966, 0.2081, 0.0432],[ 0.3503,-0.6738,17.9978, 2.0595, 3.6459],[-0.9035,-0.1967, 0.2015, 0.0459],0.2544
2465,[-0.9059,-0.3214, 0.3256, 0.058 ],[ 0.3127,-0.3653, 9.9629, 1.7553, 0.4646],[-0.9058,-0.3202, 0.3164, 0.072 ],0.1494
2485,[-0.8984,-0.4013, 0.3515, 0.0378],[ 1.0314,-0.1336, 1.9935, 7.8485,-0.1688],[-0.9008,-0.397 , 0.3331, 0.0515],0.0901
2487,[-0.9067,-0.4125, 0.4095, 0.0581],[ 0.3232,-0.7257,22.045 , 3.9055, 0.2642],[-0.9071,-0.4109, 0.3983, 0.0715],0.071
2500,[-0.9021, 0.0027,-0.0056,-0.0741],[1.4383e+00,3.4469e+00,2.8125e+00,3.9210e-01,6.8215e+02],[-0.9025, 0.003 ,-0.0056,-0.086 ],0.4079
2501,[-0.9018,-0.0351, 0.0689,-0.0659],[ -0.4545, -1.7018,198.2659,  0.4392,  1.5257],[-0.9019,-0.0396, 0.0704,-0.07  ],0.383
2502,[-0.9014, 0.0371,-0.067 ,-0.0663],[-0.8103,12.9168,-1.8444,-1.6659, 1.8695],[-0.9015, 0.041 ,-0.068 ,-0.0715],0.3819
2510,[-0.9022, 0.0628,-0.0475,-0.0642],[  0.3856,  0.2424,192.0939,  0.6731,  0.891 ],[-0.9026, 0.0612,-0.0483,-0.0741],0.3866
2512,[-0.9011, 0.0687,-0.0767,-0.0659],[1.6406e+00,2.3899e+00,1.3146e-01,8.9931e-01,2.8054e+02],[-0.9013, 0.0698,-0.0761,-0.0799],0.364
2514,[-0.8982, 0.1393,-0.1855,-0.0623],[ 1.0471, 8.2926,-1.457 ,-0.5246,-0.3396],[-0.8975, 0.1449,-0.1871,-0.0656],0.2633
2520,[-0.9017,-0.0628, 0.0447,-0.0687],[ 0.1922,39.4493, 0.8472, 0.9814, 2.7362],[-0.9021,-0.0607, 0.0443,-0.0709],0.3862
2521,[-0.9005,-0.0731, 0.0823,-0.0663],[  1.1857,  0.2735,257.1869,  1.2332,  0.4243],[-0.9007,-0.0741, 0.0799,-0.0727],0.3577
2523,[-0.8892,-0.1416, 0.1911,-0.0443],[ 0.1007,-3.0802, 1.5994,-0.6151,-0.03  ],[-0.8884,-0.1471, 0.1935,-0.0527],0.2255
2532,[-0.8982, 0.1824,-0.1413,-0.0662],[ 3.2151, 0.3098,-0.2853, 1.1526, 1.6274],[-0.8995, 0.176 ,-0.1231,-0.0696],0.2855
2534,[-0.9005, 0.1942,-0.2258,-0.0513],[ 2.0019,31.508 ,-0.1004, 3.0449, 0.3885],[-0.8999, 0.1975,-0.2242,-0.0474],0.2302
2536,[-0.904 , 0.2229,-0.2825,-0.0024],[-0.1432, 6.9502,-0.7884, 2.9609,-0.4672],[-0.9022, 0.2285,-0.2861, 0.0065],0.1948
2541,[-0.9075,-0.187 , 0.1484,-0.0993],[5.9632,0.5599,0.5781,0.4263,1.0899],[-0.9089,-0.1811, 0.1318,-0.1051],0.3161
2543,[-0.9012,-0.1908, 0.2057,-0.0581],[ 0.8755, 0.038 ,19.3445, 0.0886, 0.8085],[-0.9012,-0.1921, 0.2007,-0.0599],0.249
2565,[-0.9106,-0.2915, 0.337 ,-0.0137],[ 0.9138,-0.3403, 7.1932, 0.6475, 0.085 ],[-0.909 ,-0.2952, 0.3391, 0.0019],0.161
2587,[-0.8967,-0.4039, 0.4354,-0.0564],[ 0.3388,-0.8252,11.2865, 1.3929,-0.2114],[-0.8958,-0.4052, 0.4289,-0.0434],0.028
2600,[-9.0376e-01,-4.3163e-04,-3.9148e-03,-1.4255e-01],[  1.2604,  4.0249,  2.2695,366.23  ,  2.3537],[-9.0435e-01, 1.7788e-04,-4.2616e-03,-1.3755e-01],0.4171
2601,[-0.9032,-0.0367, 0.0684,-0.1623],[ 1.8532e-01,-2.4637e-01, 1.9159e+02, 6.1948e-01,-2.5763e-02],[-0.9038,-0.0413, 0.0703,-0.1712],0.3906
2602,[-0.9022, 0.037 ,-0.0684,-0.1665],[  1.1133,142.6702, -0.9543, -0.445 , -0.1551],[-0.9028, 0.0416,-0.0703,-0.1759],0.386
2610,[-0.9039, 0.0651,-0.0482,-0.1917],[1.0878e+00,6.8415e-02,4.0696e+02,9.2086e-01,1.0782e+00],[-0.9048, 0.0635,-0.0486,-0.1954],0.3952
2612,[-0.9033, 0.0725,-0.0769,-0.1879],[ 1.0779e+00, 1.0296e+03,-1.0450e-01, 4.5887e+00, 8.8184e-01],[-0.9041, 0.0734,-0.0751,-0.1948],0.3748
2614,[-0.8978, 0.1418,-0.183 ,-0.1814],[ 0.3467,19.9234,-1.8126, 2.1437, 1.062 ],[-0.8977, 0.1477,-0.1849,-0.1873],0.2634
2620,[-0.9021,-0.0668, 0.0421,-0.1689],[2.1437e-01,1.9134e+00,1.1185e-02,8.0399e+01,5.1181e-01],[-0.903 ,-0.0632, 0.0358,-0.1601],0.3924
2621,[-0.9022,-0.0777, 0.0827,-0.1763],[ 1.4943e+02,-9.9672e-02, 2.2953e+00, 3.7980e+00, 1.9082e+00],[-0.903 ,-0.0785, 0.0794,-0.1819],0.3655
2622,[-0.8996,-0.0593,-0.0586,-0.1718],[-1.7725,-1.5752,-2.0314,-1.8605,-1.8937],[-0.9003,-0.0446,-0.0592,-0.1553],0.3786
2623,[-0.8936,-0.144 , 0.1855,-0.2179],[ 0.4106,-1.186 ,19.1238,-0.1549, 0.4984],[-0.8936,-0.15  , 0.1875,-0.2231],0.2468
2630,[-0.9024, 0.1796,-0.0399,-0.169 ],[-0.7871,-0.3742, 0.4964,-0.2822,-0.4098],[-0.9049, 0.1635,-0.0415,-0.1525],0.3509
2632,[-0.8965, 0.1846,-0.1382,-0.2033],[ 1.2118, 0.9542,-0.6116, 3.0217, 0.6114],[-0.8985, 0.179 ,-0.1237,-0.2034],0.2797
2634,[-0.8928, 0.1985,-0.2201,-0.1958],[ 2.5972,33.2384,-0.6096, 1.1979, 3.6057],[-0.8931, 0.2018,-0.2169,-0.2027],0.2077
2641,[-0.9021,-0.1775, 0.1438,-0.1685],[ 1.2041,-1.667 ,-1.0874, 0.9137, 0.1574],[-0.9036,-0.1727, 0.1284,-0.1679],0.3017
2643,[-0.9047,-0.1971, 0.2082,-0.1886],[ 1.5805, 0.3388,54.0395, 1.2025, 0.4631],[-0.9052,-0.1994, 0.2056,-0.1777],0.2575
2667,[-0.909 ,-0.3856, 0.4531,-0.1445],[ 1.3175,-1.2322, 0.2818, 2.0864,-1.8454],[-0.9064,-0.3901, 0.4545,-0.1322],0.0518
2687,[-0.9064,-0.3901, 0.4545,-0.1322],[-0.096 ,-0.756 , 1.8949, 2.0422,-0.8268],[-0.9039,-0.394 , 0.4546,-0.1205],0.0431
2700,[-0.8999,-0.0161, 0.0056,-0.3167],[ 2.4264, 1.766 ,17.211 , 3.4403, 2.1876],[-0.9013,-0.0144, 0.0015,-0.3052],0.4023
2701,[-0.902 ,-0.048 , 0.085 ,-0.3235],[-1.687 ,-3.2464,-1.3069,-1.624 ,-2.0555],[-0.903 ,-0.054 , 0.0883,-0.3138],0.373
2702,[-0.9004, 0.0299,-0.0838,-0.3183],[-5.7018,-4.595 ,-6.7786,-5.9924,-6.0081],[-0.9014, 0.0381,-0.0889,-0.3105],0.3726
2710,[-0.9019, 0.0684,-0.0472,-0.286 ],[ 1.0404, 5.2905,97.825 , 2.8807, 0.7526],[-0.9033, 0.0664,-0.0479,-0.2841],0.3872
2712,[-0.9034, 0.0746,-0.0772,-0.276 ],[  1.4162,  4.3917,  0.8371,151.4732,  2.1036],[-0.9045, 0.0756,-0.076 ,-0.2685],0.3751
2714,[-0.9044, 0.1594,-0.1756,-0.2616],[ 0.5357, 0.0504,-2.2069, 0.8217,-1.1316],[-0.9052, 0.1624,-0.1713,-0.2538],0.2912
2720,[-0.896 ,-0.0695, 0.0463,-0.2999],[ 1.0525,35.9401,-0.189 , 1.0934, 0.6079],[-0.8975,-0.0673, 0.0461,-0.2909],0.3627
2721,[-0.8944,-0.0836, 0.0842,-0.3007],[ 0.94  , 0.7756,67.1728, 1.4044, 1.195 ],[-0.8956,-0.0843, 0.0815,-0.2941],0.332
2723,[-0.9079,-0.1466, 0.1881,-0.2648],[ 1.8465,-0.7656, 7.109 , 0.6552,-0.6948],[-0.9081,-0.1539, 0.1916,-0.2689],0.297
2732,[-0.8984, 0.1851,-0.1371,-0.2835],[-0.2619, 0.5122,-0.3945, 3.2606, 0.99  ],[-0.9007, 0.1791,-0.1195,-0.2831],0.2903
2734,[-0.8983, 0.2061,-0.2028,-0.291 ],[ 1.8984,21.1363,-0.1342, 1.3257, 0.4518],[-0.8996, 0.2072,-0.196 ,-0.295 ],0.2381
2741,[-0.8753,-0.1716, 0.1587,-0.264 ],[ 0.0047,-0.1386, 0.5664, 1.4582,-0.1656],[-0.8768,-0.1706, 0.1478,-0.247 ],0.1927
2743,[-0.9041,-0.1776, 0.2023,-0.2642],[ 0.9447, 0.4737, 5.1716,12.9994, 0.608 ],[-0.9044,-0.1827, 0.2056,-0.257 ],0.2625
2800,[-0.8946,-0.0142,-0.004 ,-0.4318],[107.2663,  3.4324,  2.7261,  6.0979,  0.9047],[-0.8965,-0.0114,-0.0096,-0.4158],0.38
2801,[-0.9022,-0.019 , 0.0797,-0.4217],[ 0.1926,-0.8192, 3.7138, 3.2559,-0.3298],[-0.9036,-0.0285, 0.0853,-0.4087],0.3883
2802,[-0.897 , 0.0065,-0.0751,-0.4142],[-0.4107,27.2126,-0.2881, 1.2482,-0.9279],[-0.8984, 0.0163,-0.0797,-0.4011],0.3723
2810,[-0.8907, 0.0764,-0.0415,-0.4313],[ 1.9022, 1.0338,54.2878, 2.2644, 0.6294],[-0.8928, 0.0731,-0.0411,-0.4175],0.342
2812,[-0.8913, 0.092 ,-0.0919,-0.4377],[  1.7743,110.6692,  0.5024,  5.0547,  1.4489],[-0.8931, 0.0931,-0.0897,-0.423 ],0.3136
2814,[-0.8939, 0.1513,-0.1855,-0.4557],[ 1.3331, 1.2955,-0.7721, 1.7287,-0.2097],[-0.8948, 0.1582,-0.1881,-0.4394],0.2475
2820,[-0.8848,-0.0663, 0.0391,-0.4452],[ 1.1671, 3.872 ,-0.036 , 5.0751, 1.1294],[-0.8869,-0.0634, 0.0347,-0.4304],0.3247
2821,[-0.8792,-0.0854, 0.0836,-0.4353],[3.382 ,0.4446,2.8324,5.3477,0.3205],[-0.8811,-0.0863, 0.0831,-0.419 ],0.2711
2834,[-0.8928, 0.2092,-0.2086,-0.4284],[0.3359,8.8982,0.1545,2.2335,0.7562],[-0.8944, 0.2117,-0.2055,-0.4121],0.214
2900,[-0.8908, 0.0082,-0.0186,-0.6884],[  1.5909,  1.7333,  1.5747,319.5464, -1.008 ],[-0.8937, 0.0101,-0.0213,-0.6694],0.3712
2902,[-0.8858, 0.0364,-0.0755,-0.7756],[ 2.3134e-01, 2.5130e+02,-8.7899e-01, 1.0920e+00,-7.3357e-01],[-0.8888, 0.043 ,-0.0783,-0.759 ],0.3239
2910,[-0.8816, 0.0717,-0.0405,-0.6401],[ 0.5145,-0.0843, 7.0006, 8.2352,-0.7783],[-0.8846, 0.069 ,-0.0383,-0.6236],0.3116
2912,[-0.8855, 0.0906,-0.0902,-0.6578],[  0.241 ,  3.3409, -1.225 ,210.533 , -1.363 ],[-0.8883, 0.0926,-0.0904,-0.6399],0.2939
2914,[-0.8887, 0.1492,-0.1746,-0.7222],[ 0.4109,53.3114,-0.9054, 0.7666,-0.5408],[-0.8909, 0.1566,-0.1794,-0.7039],0.2371
2920,[-0.8805,-0.0681, 0.0399,-0.5753],[-12.7023,-13.5022,-12.8328,  0.7584,-14.5059],[-0.8831,-0.0651, 0.0336,-0.5603],0.3083
2921,[-0.875 ,-0.0768, 0.0704,-0.5822],[-15.2597,-16.5057, -5.3143,-10.7965,-17.1458],[-0.8775,-0.0773, 0.0695,-0.5663],0.2666
2932,[-0.9017, 0.1794,-0.145 ,-0.6543],[ 2.6043e+01, 1.9184e+00,-1.7529e-02, 2.4372e+00, 1.2669e-01],[-0.9051, 0.1782,-0.1382,-0.637 ],0.2993
2934,[-0.8868, 0.2078,-0.2054,-0.6598],[-1.7781e-01, 3.9678e-01,-1.1354e+00, 7.4662e+01, 4.6468e-02],[-0.8892, 0.2118,-0.2044,-0.6414],0.1965
3000,[-0.8645, 0.0343,-0.0055, 0.5263],[-1.4349,-1.5559,-1.5187,-2.2635,-1.5217],[-0.8623, 0.032 ,-0.0119, 0.5143],0.2494
3400,[-0.8661, 0.0114,-0.0186, 0.0378],[-3.8528,-3.6948,-3.2295,-5.6458,-3.3971],[-0.866 , 0.012 ,-0.0186, 0.0227],0.2677
3421,[-0.8658,-0.0741, 0.117 , 0.0196],[ 1.2081,-1.4364, 2.0318,-1.0455, 2.3511],[-0.8653,-0.0782, 0.1205, 0.0049],0.2004
3500,[-0.8661, 0.0115,-0.0167,-0.0385],[-7.8184,-6.5107,-7.7706,-9.0918,-7.2743],[-0.8663, 0.0119,-0.0157,-0.0536],0.271
3521,[-0.8643,-0.0863, 0.1259,-0.0255],[-3.1575,-4.2284,-2.5577,-4.4371,-2.0453],[-0.8639,-0.09  , 0.1272,-0.0404],0.1886
3700,[-0.8538,-0.0448,-0.0107,-0.3666],[ 1.4759, 0.909 , 1.5125,-1.2095, 0.1894],[-0.8556,-0.0383,-0.0268,-0.384 ],0.217
3710,[-0.8664, 0.0855,-0.0447,-0.3449],[-1.3235,-2.3462, 0.3149,-1.9868,-0.8859],[-0.8682, 0.0831,-0.0533,-0.3613],0.2355
3712,[-0.8591, 0.0878,-0.0904,-0.3543],[-1.3182,-0.4446,-2.2137,-1.7488,-0.758 ],[-0.8606, 0.0881,-0.0833,-0.3518],0.1952
3720,[-0.858 ,-0.064 , 0.0467,-0.3331],[-1.8468,-1.0729,-2.1573,-1.9   ,-1.4558],[-0.8596,-0.063 , 0.0479,-0.3221],0.2141
3721,[-0.8588,-0.0743, 0.0727,-0.3362],[-1.109 ,-2.311 ,-0.2695,-1.5405, 0.2411],[-0.8603,-0.0748, 0.0723,-0.3362],0.2029
3800,[-0.8538,-0.0433,-0.013 ,-0.3919],[ 2.6944, 1.3252, 4.6036, 1.3143,29.2198],[-0.8556,-0.0367,-0.0292,-0.3925],0.2158
3802,[-0.8562, 0.0286,-0.0849,-0.4594],[-0.0897, 7.529 ,-1.6241, 0.408 , 1.0258],[-0.8577, 0.0351,-0.0899,-0.4566],0.2021
3810,[-0.8609, 0.0921,-0.0471,-0.4642],[1.7449,0.2188,3.1622,0.2619,0.3336],[-0.8633, 0.0889,-0.0484,-0.4632],0.2172
3812,[-0.8581, 0.081 ,-0.1019,-0.4464],[ 0.765 , 4.0796,-0.2545, 3.7427, 1.0936],[-0.8597, 0.0838,-0.0999,-0.4344],0.1873
3814,[-0.864 , 0.1302,-0.1737,-0.4979],[ 0.8455, 1.6439,-1.7345, 0.1879, 0.3804],[-0.8652, 0.1365,-0.176 ,-0.5161],0.1559
3820,[-0.8539,-0.0671, 0.048 ,-0.4449],[0.4977,2.1099,0.1281,1.0505,0.0314],[-0.8559,-0.0658, 0.0464,-0.4341],0.2013
3821,[-0.8572,-0.0809, 0.0844,-0.4557],[ 2.069 ,-0.9164, 3.5588, 1.0399, 0.6517],[-0.859 ,-0.0823, 0.0852,-0.4443],0.1911
3900,[-0.841 ,-0.0109,-0.0045,-0.9725],[  0.8034,  1.3952,  3.4784,436.4354,  1.9111],[-0.8452,-0.0088,-0.0121,-0.9558],0.1869
3901,[-0.8322,-0.0406, 0.0637,-0.9908],[-0.1725,-1.667 , 1.7778,39.5137,-0.5795],[-0.8363,-0.0438, 0.0636,-0.9719],0.1373
3902,[-0.8396, 0.0284,-0.0833,-0.797 ],[-2.5128,17.5921,-4.1321,16.704 ,-3.65  ],[-0.8426, 0.0347,-0.0866,-0.7795],0.1527
3910,[-0.8474, 0.0663,-0.0502,-0.7221],[ 0.6003, 0.0966,57.4912, 1.1839, 0.6797],[-0.8506, 0.0661,-0.0519,-0.7121],0.1815
3912,[-0.8477, 0.0756,-0.0891,-0.7484],[ 1.2923e-01, 1.7569e+02,-6.8202e-01, 3.2043e+00, 3.9149e-01],[-0.8507, 0.0783,-0.0887,-0.7357],0.1637
3914,[-0.8568, 0.1361,-0.1831,-0.7051],[-0.271 ,-0.2372,-1.8214, 7.7486,-1.1656],[-0.8584, 0.1436,-0.1873,-0.6907],0.1273
3920,[-0.8458,-0.0697, 0.0493,-0.6757],[ 1.0742,66.2562, 0.8241, 1.2149, 0.6808],[-0.8488,-0.0691, 0.0512,-0.6613],0.1742
3921,[-0.844 ,-0.0747, 0.0728,-0.6839],[ 8.1477e-01,-4.9870e-01, 1.9557e+01, 8.6686e+01, 3.8824e-02],[-0.8469,-0.0756, 0.0715,-0.6678],0.1587
3934,[-0.8643, 0.1798,-0.2241,-0.7551],[ 0.8111, 8.2352,-0.8827, 0.365 , 0.2357],[-0.8658, 0.1881,-0.2279,-0.7382],0.1174
4900,[-7.9707e-01,-1.2550e-02,-7.0038e-04,-9.4532e-01],[1.2367e+00,1.4992e+00,4.8771e+02,3.5798e-01,2.0856e+00],[-0.8013,-0.0112,-0.0066,-0.9539],0.0497
4901,[-0.7937,-0.0392, 0.0736,-0.8929],[-0.2924,-1.1371,73.5009, 0.5868,-0.3107],[-0.7972,-0.0427, 0.0752,-0.8782],0.0213
4902,[-0.8012, 0.0311,-0.071 ,-0.9531],[-2.5313, 2.2964,-3.1415, 0.4125,-2.7994],[-0.805 , 0.0353,-0.0732,-0.9459],0.0449
4910,[-0.811 , 0.0604,-0.0507,-0.8265],[ 1.0622, 0.0433,18.6295, 0.5704, 1.0041],[-0.8146, 0.0607,-0.052 ,-0.8114],0.0702
4912,[-0.8091, 0.0607,-0.0685,-0.8519],[ 2.522 ,23.5094,-0.8215, 0.1304, 5.0394],[-0.8127, 0.0623,-0.0666,-0.8352],0.06
4920,[-0.8032,-0.063 , 0.0432,-0.7944],[ 0.2069, 6.7624,-0.3819, 0.6078, 0.4593],[-0.8068,-0.0625, 0.044 ,-0.7871],0.0503
4921,[-0.809 ,-0.0654, 0.0807,-0.8052],[ 0.2113,-0.148 , 9.9271, 0.7918,-0.0537],[-0.8123,-0.0677, 0.0793,-0.7958],0.0536
5800,[-0.7392,-0.0363, 0.0253,-0.4534],[-0.1061,-0.0918, 0.0518,-1.4504, 0.2997],[-0.7413,-0.036 , 0.0271,-0.4642],-0.0948
5900,[-7.5127e-01, 1.6806e-04, 1.2572e-02,-8.1857e-01],[1.0828e+00,3.2996e-01,2.0434e+00,3.1195e-01,8.0628e+02],[-7.5490e-01,-6.8292e-04, 1.2793e-02,-8.3799e-01],-0.0638
5901,[-0.7604,-0.0259, 0.0632,-0.8714],[-10.3286,-11.6533, -9.1424,-10.9869,-10.184 ],[-0.764 ,-0.029 , 0.0644,-0.8783],-0.0525
5902,[-0.7585, 0.0316,-0.0636,-0.8337],[ 0.3566,45.9692,-0.5599, 0.0657, 0.8966],[-0.762 , 0.0343,-0.064 ,-0.8491],-0.0579
5920,[-0.7618,-0.0634, 0.044 ,-0.7978],[-1.7071,-1.1648,-2.1946,-2.4548,-1.7944],[-0.7656,-0.0625, 0.0389,-0.8078],-0.0509
5921,[-0.7537,-0.067 , 0.0729,-0.7805],[ 1.0779,-0.5918, 5.428 ,-0.5848, 4.2603],[-0.7572,-0.0681, 0.0697,-0.7909],-0.0773
6700,[-6.9471e-01,-1.0550e-04, 4.2365e-03,-3.5527e-01],[-0.1297,-0.5947, 0.6222,-1.5018, 3.2108],[-6.9627e-01,-3.6879e-04, 5.4675e-03,-3.6554e-01],-0.1724
6701,[-0.694 ,-0.0135, 0.0696,-0.3555],[-0.7372,-2.1525, 0.5241,-2.1077,-0.0107],[-0.6953,-0.0162, 0.0688,-0.3672],-0.1816
6702,[-0.6909, 0.0216,-0.0669,-0.3485],[-0.7707, 0.2471,-1.4444,-2.0359, 0.6221],[-0.6923, 0.0235,-0.0587,-0.3501],-0.186
6800,[-0.699 , 0.001 , 0.0058,-0.4515],[-32.7222,-32.9892,-32.7679,-34.1142,-32.0164],[-7.0104e-01, 6.7901e-04, 5.9938e-03,-4.6197e-01],-0.1644
6801,[-0.6972,-0.0163, 0.0768,-0.453 ],[-8.4496,-9.3015,-7.2763,-9.4767,-7.6628],[-0.6989,-0.0193, 0.0755,-0.4622],-0.1775
6802,[-0.6961, 0.0265,-0.0704,-0.4668],[-6.9859,-5.8625,-8.0661,-8.6923,-6.274 ],[-0.6979, 0.0288,-0.0688,-0.4773],-0.1794
6900,[-0.7145, 0.01  , 0.0075,-0.6309],[  0.4792,  1.3659,  5.2334, -0.5904,432.652 ],[-0.7174, 0.009 , 0.0097,-0.6491],-0.1364
6901,[-0.7132,-0.0295, 0.0726,-0.6158],[-0.4538,-1.9797, 5.4219,-1.618 , 3.3806],[-0.7157,-0.032 , 0.071 ,-0.63  ],-0.1503
6902,[-0.704 , 0.0373,-0.0748,-0.577 ],[  1.1146,109.2768, -0.7891, -1.1551,  0.6498],[-0.7063, 0.0394,-0.071 ,-0.5907],-0.1673
6910,[-0.7108, 0.0627,-0.0261,-0.704 ],[ 0.9939,-1.558 , 0.5857,-2.042 , 7.536 ],[-0.7142, 0.0606,-0.0149,-0.7213],-0.1499
6911,[-0.7002, 0.058 , 0.0796,-0.6962],[-2.5556,-2.511 ,-1.6043,-2.0365,-2.3896],[-0.7032, 0.0519, 0.0662,-0.7153],-0.1746
6912,[-0.7016, 0.0629,-0.0706,-0.6443],[ 0.0446,24.4562,-2.4558,-1.8599, 0.1648],[-0.7045, 0.0634,-0.0626,-0.6572],-0.1736
6921,[-0.7244,-0.0653, 0.0958,-0.6785],[-1.801 ,-3.1927,-1.3359,-2.9542,-0.6476],[-0.727 ,-0.0677, 0.0959,-0.6878],-0.142
7422,[-0.6698,-0.1452,-0.1187, 0.0164],[-4.5134,-3.8912,-6.9315,-5.6609,-3.2726],[-0.6702,-0.1346,-0.124 , 0.0094],-0.2447
7442,[-0.6662,-0.1831,-0.0899, 0.0191],[-3.12  ,-2.6346,-4.7326,-3.633 ,-1.5297],[-0.6676,-0.1723,-0.099 , 0.0163],-0.2498
7502,[-0.6672,-0.0404,-0.1362,-0.1163],[-3.0673,-2.186 ,-4.9979,-4.5062,-2.1349],[-0.6667,-0.0335,-0.1311,-0.1288],-0.2359
7522,[-0.6711,-0.1295,-0.1261,-0.0771],[-3.8535,-2.5344,-8.4567,-6.6184,-1.9744],[-0.6715,-0.1191,-0.1309,-0.0917],-0.2417
7542,[-0.6638,-0.1967,-0.0797,-0.0117],[-19.5181,-16.9541,-21.7438,-21.1569,-18.1318],[-0.6655,-0.1875,-0.0876,-0.0193],-0.253
7600,[-0.6761,-0.0021,-0.0147,-0.2061],[-2.1409,-3.0082,-2.7543,-3.7047,-0.722 ],[-0.677 ,-0.0018,-0.006 ,-0.2193],-0.2012
7602,[-0.6706,-0.0367,-0.1273,-0.2152],[-21.6223,-20.3599,-23.9349,-23.0017,-20.6851],[-0.6707,-0.03  ,-0.1219,-0.229 ],-0.2284
7604,[-0.6671,-0.0427,-0.1758,-0.2287],[-15.6262,-14.0975,-17.1847,-16.0253,-14.5449],[-0.6662,-0.0338,-0.1755,-0.2424],-0.2426
7622,[-0.6723,-0.0812,-0.1439,-0.1683],[ -8.9462, -6.5091,-12.2525,-10.8079, -7.4878],[-0.6721,-0.072 ,-0.1445,-0.1833],-0.236
7624,[-0.6696,-0.0698,-0.1723,-0.1908],[-6.6336,-6.0627,-9.0414,-7.6787,-6.8954],[-0.6687,-0.0598,-0.1751,-0.2055],-0.2431
7700,[-0.679 , 0.0013,-0.0195,-0.3309],[-16.9758,-17.5807,-17.9557,-18.7043,-15.9188],[-0.6805, 0.0017,-0.0102,-0.3432],-0.196
7701,[-0.6837,-0.0099, 0.0745,-0.3301],[-3.6605,-4.7974,-2.5232,-4.2042,-2.9307],[-0.6849,-0.0129, 0.0725,-0.3412],-0.1979
7702,[-0.6724,-0.0099,-0.1095,-0.3064],[-23.1011,-20.9841,-25.2523,-24.7784,-22.0902],[-0.6731,-0.0051,-0.1012,-0.3207],-0.2192
7704,[-0.6649,-0.0125,-0.1771,-0.2951],[-14.7223,-13.4756,-16.6167,-15.5645,-14.3787],[-0.6642,-0.0047,-0.1751,-0.31  ],-0.2423
7800,[-0.683 , 0.0088,-0.012 ,-0.4219],[-63.1595,-63.4286,-63.4501,-64.5624,-62.71  ],[-0.6849, 0.0086,-0.005 ,-0.435 ],-0.1904
7801,[-0.6863,-0.0066, 0.0722,-0.4305],[-7.6994,-8.7355,-6.5416,-8.5045,-7.1861],[-0.6879,-0.0096, 0.0687,-0.442 ],-0.1923
7802,[-0.6774, 0.0236,-0.0901,-0.4277],[-29.95  ,-29.3979,-31.3715,-31.2184,-29.5842],[-0.6788, 0.0266,-0.084 ,-0.4421],-0.2106
7804,[-0.6606, 0.035 ,-0.1787,-0.409 ],[-1.9114,-0.891 ,-3.6877,-2.6637,-2.099 ],[-0.6603, 0.041 ,-0.1731,-0.4249],-0.2507
7812,[-0.6644, 0.0654,-0.1359,-0.4786],[-2.3359,-1.5527,-3.9362,-3.847 ,-1.5976],[-0.6655, 0.0686,-0.129 ,-0.4879],-0.2418
7900,[-0.6844, 0.0332,-0.0203,-0.5195],[-13.3997,-13.7415,-13.582 ,-14.0133,-13.4763],[-0.6867, 0.0326,-0.0161,-0.5284],-0.1919
7901,[-0.6867, 0.0104, 0.0802,-0.5216],[-4.8732,-5.258 ,-4.0851,-4.806 ,-4.2867],[-0.6885, 0.0058, 0.0849,-0.5288],-0.1941
7902,[-0.6843, 0.0412,-0.0822,-0.5265],[-6.0006,-5.0291,-6.6861,-6.7847,-5.5095],[-0.6863, 0.0434,-0.0796,-0.5388],-0.2016
7910,[-0.682 , 0.0656,-0.0325,-0.5976],[-3.2046,-4.146 ,-1.9401,-3.9588,-2.7452],[-0.6849, 0.0642,-0.026 ,-0.6146],-0.1987
7912,[-0.6774, 0.0676,-0.0941,-0.5625],[-1.7114,-0.792 ,-4.0851,-4.0157,-1.5972],[-0.6797, 0.0689,-0.0859,-0.578 ],-0.2161
