1300,[-0.9149,-0.0335, 0.0356, 0.1367],[  0.8883,  2.4793,  2.1992,  0.6162,261.6994],[-0.9143,-0.0338, 0.037 , 0.1325],0.4428
1301,[-0.9153,-0.0498, 0.0625, 0.1363],[ 1.4407e-01,-6.4176e-01, 1.0726e+02, 6.6782e-02, 2.8958e+00],[-0.9146,-0.0511, 0.062 , 0.1405],0.4282
1302,[-0.9154, 0.0481,-0.063 , 0.1402],[-2.4197,-1.357 ,-3.4051,-2.2804,-1.4357],[-0.9147, 0.0497,-0.0625, 0.1427],0.427
1310,[-0.9154, 0.0627,-0.0413, 0.1525],[-10.6323,-11.8063, -9.355 ,-10.7571,-10.4495],[-0.9149, 0.0587,-0.0359, 0.1571],0.4373
1312,[-0.9168, 0.0742,-0.0762, 0.138 ],[ 0.9222, 1.5707,-1.7827, 0.94  , 1.4517],[-0.9162, 0.0733,-0.0713, 0.141 ],0.4106
1320,[-0.9156,-0.0614, 0.046 , 0.135 ],[ 0.9516, 7.3818,-0.1213,-0.0316, 5.9077],[-0.9151,-0.0589, 0.046 , 0.1369],0.4338
1321,[-0.9161,-0.0668, 0.0808, 0.1406],[ 1.2799, 0.125 , 2.9761, 1.4093,13.5507],[-0.9154,-0.0681, 0.0794, 0.1358],0.4113
1400,[-0.9155,-0.0321, 0.0322, 0.0662],[2.5497e-01,9.3776e+02,3.6843e+00,5.8327e+00,1.9417e+00],[-0.9151,-0.0324, 0.0348, 0.0723],0.444
1401,[-0.9147,-0.0473, 0.0633, 0.0673],[ 3.8701e-01,-1.3217e-01, 5.2933e+02,-3.1060e-01, 6.0315e-01],[-0.9143,-0.0494, 0.0637, 0.0729],0.429
1402,[-0.9164, 0.0413,-0.067 , 0.053 ],[ 0.0791,39.9016,-0.9242, 0.1591, 1.1216],[-0.916 , 0.0448,-0.0675, 0.0652],0.4297
1410,[-0.9176, 0.0621,-0.0432, 0.0696],[-29.2827,-30.1988,-29.0102,-29.7512,-29.9805],[-0.9174, 0.0587,-0.0396, 0.0764],0.4319
1412,[-0.9169, 0.0715,-0.0807, 0.0618],[ 1.1049,45.3524, 0.6229, 2.0485, 1.5921],[-0.9165, 0.0722,-0.0784, 0.0726],0.4082
1414,[-0.9165, 0.1644,-0.17  , 0.0114],[ 0.3642,31.091 ,-0.4029, 0.5557, 0.5079],[-0.9164, 0.1643,-0.1644, 0.0224],0.3321
1420,[-0.9166,-0.06  , 0.049 , 0.0512],[ 4.9713e-01, 3.5637e+02,-1.1703e-01, 1.4034e-01, 5.7425e-01],[-0.9164,-0.0583, 0.0489, 0.0594],0.4347
1421,[-0.9166,-0.0664, 0.0707, 0.0532],[  1.183 ,  0.4859,337.662 ,  1.1985,  1.8953],[-0.9163,-0.0665, 0.0682, 0.0611],0.4193
1500,[-0.9155,-0.0222, 0.021 ,-0.0621],[ 1.4895, 2.2497, 2.3636,91.8079, 0.6019],[-0.9157,-0.0223, 0.0225,-0.0492],0.4516
1501,[-0.915 ,-0.0463, 0.0648,-0.0467],[ 0.1595,-1.0979,43.8161,-0.3541,-1.1116],[-0.9151,-0.0492, 0.0659,-0.0388],0.427
1502,[-0.9172, 0.0398,-0.0676,-0.0602],[-8.0768,-5.3968,-9.7569,-7.8989,-8.4975],[-0.9173, 0.0442,-0.0697,-0.0483],0.4285
1510,[-0.9189, 0.0614,-0.0424,-0.0761],[-8.9696,-8.8511,-5.2304,-7.6143,-9.0588],[-0.9193, 0.058 ,-0.0373,-0.0651],0.4326
1512,[-0.9185, 0.0675,-0.0745,-0.0618],[ 1.4306, 1.0955, 0.5491,23.0264, 0.257 ],[-0.9186, 0.0684,-0.0729,-0.0474],0.4114
1514,[-0.9175, 0.155 ,-0.1741,-0.0468],[ 0.155 ,14.6472,-1.0762, 0.6655, 0.522 ],[-0.9173, 0.1578,-0.1748,-0.0329],0.3264
1520,[-0.9164,-0.0604, 0.049 ,-0.0582],[ 1.0582e+00, 1.8241e+02,-2.1991e-01, 1.1508e+00, 5.5504e-02],[-0.9167,-0.0589, 0.049 ,-0.049 ],0.4346
1521,[-0.9161,-0.0665, 0.07  ,-0.0604],[  1.1645,  0.1684,119.2165,119.3159,  0.309 ],[-0.9163,-0.0669, 0.0684,-0.0507],0.4209
1523,[-0.9179,-0.1468, 0.1738,-0.0609],[-0.3333,-0.8616,34.7709, 0.8051,-0.1316],[-0.9176,-0.1505, 0.1727,-0.0477],0.3297
1600,[-0.916 ,-0.0056, 0.0057,-0.1636],[-58.0805,-57.262 ,-57.1081,-56.7959,-59.3972],[-0.9167,-0.0058, 0.0065,-0.1559],0.4568
1601,[-0.9156,-0.0438, 0.0677,-0.1689],[-20.257 ,-21.3089,-19.0064,-20.1579,-20.7639],[-0.9162,-0.0481, 0.0705,-0.1636],0.4248
1602,[-0.9139, 0.0461,-0.065 ,-0.1685],[-0.6917, 4.2701,-3.0143, 3.8501,-1.9622],[-0.9144, 0.0493,-0.0662,-0.1665],0.4305
1610,[-0.9177, 0.0618,-0.0435,-0.1786],[-16.804 ,-16.9655,-16.9952,-16.1969,-17.9986],[-0.9186, 0.0582,-0.0347,-0.1678],0.4365
1612,[-0.9162, 0.0675,-0.0731,-0.179 ],[-1.1281, 0.9336,-3.2162, 0.6789,-1.8227],[-0.9169, 0.0683,-0.0697,-0.1693],0.4154
1620,[-0.9145,-0.0617, 0.0474,-0.165 ],[ 0.4427, 3.3894,-2.3199, 4.6273,-2.9485],[-0.9153,-0.0597, 0.045 ,-0.1563],0.4378
1621,[-0.9142,-0.0703, 0.0737,-0.1656],[ 0.7186,-0.9802, 3.948 ,86.5877,-0.2148],[-0.9149,-0.0711, 0.0725,-0.1554],0.4177
1700,[-0.9153, 0.0111,-0.0054,-0.2849],[-54.3081,-54.0004,-53.9828,-53.6458,-55.139 ],[-0.9165, 0.01  ,-0.003 ,-0.2734],0.4635
1701,[-0.9142,-0.0413, 0.0674,-0.2694],[-11.6456,-12.1127,-10.2268,-11.0174,-12.1572],[-0.9151,-0.0464, 0.0725,-0.2604],0.431
1702,[-0.9155, 0.044 ,-0.0678,-0.3144],[-8.9166,-7.1708,-8.8878,-8.2607,-9.3705],[-0.9167, 0.0484,-0.0684,-0.3005],0.4298
1710,[-0.9153, 0.0616,-0.0454,-0.2762],[-10.1441,-10.428 , -9.8012, -9.16  ,-10.5366],[-0.9165, 0.0591,-0.0403,-0.2625],0.4395
1712,[-0.9161, 0.0655,-0.0726,-0.2865],[-23.7575,-23.1157,-24.359 ,-22.8191,-24.3452],[-0.9172, 0.0674,-0.0722,-0.2734],0.4175
1720,[-0.9159,-0.0659, 0.0454,-0.2771],[-19.8749,-19.6978,-20.1152,-19.1202,-21.099 ],[-0.9172,-0.0634, 0.0438,-0.2693],0.4325
1721,[-0.9142,-0.0749, 0.0778,-0.2667],[-41.7468,-41.7301,-40.4503,-41.3109,-42.1829],[-0.9153,-0.0759, 0.0759,-0.2565],0.4145
1800,[-0.9131, 0.0071,-0.0225,-0.3952],[-28.578 ,-29.1784,-29.4895,-28.6056,-30.8029],[-0.9147, 0.0114,-0.0339,-0.3808],0.4698
1802,[-0.9149, 0.041 ,-0.0736,-0.3934],[-2.9717,-2.1081,-4.1667,-2.1915,-4.7634],[-0.9162, 0.0486,-0.0854,-0.3773],0.4225
1810,[-0.9127, 0.0601,-0.0406,-0.395 ],[-2.9683,-2.3471,-2.5409,-1.9156,-3.4882],[-0.9146, 0.0572,-0.0347,-0.3775],0.4466
1812,[-0.9114, 0.0914,-0.0921,-0.3767],[-10.0043, -9.8508,-10.4801, -8.9203,-11.0525],[-0.913 , 0.0926,-0.0899,-0.3647],0.3972
1820,[-0.9149,-0.0809, 0.0326,-0.3922],[-4.1741,-3.2423,-3.8006,-3.2211,-4.3981],[-0.9168,-0.0753, 0.036 ,-0.3758],0.4363
2210,[-0.904 , 0.0623,-0.0194, 0.2619],[-1.5047,-1.6102,-0.598 ,-1.8057,-0.5627],[-9.0317e-01, 5.4499e-02,-2.1931e-04, 2.4755e-01],0.4143
2300,[-0.909 ,-0.04  , 0.0394, 0.1402],[-89.612 ,-89.1207,-88.8759,-89.8318,-87.8986],[-0.9084,-0.0396, 0.0383, 0.1318],0.4221
2301,[-0.9088,-0.0507, 0.0632, 0.1388],[-25.8589,-26.7418,-24.7754,-26.6139,-24.1323],[-0.9082,-0.0519, 0.0627, 0.1363],0.4085
2302,[-0.9093, 0.0476,-0.0624, 0.1422],[-14.3414,-13.7245,-14.5028,-14.4049,-13.8187],[-0.9086, 0.0489,-0.0607, 0.1405],0.4129
2310,[-0.9082, 0.0634,-0.0408, 0.1492],[-11.3166,-10.8901,-10.4125,-11.2432, -9.9156],[-0.9077, 0.0592,-0.0328, 0.1455],0.4167
2312,[-0.9086, 0.0738,-0.0806, 0.1465],[-10.8727,-10.5883,-11.7844,-11.429 , -9.5835],[-0.9079, 0.0736,-0.0755, 0.1451],0.3909
2320,[-0.9088,-0.0611, 0.0464, 0.1391],[-10.5568,-10.0324,-11.06  ,-11.4783,-10.3226],[-0.9083,-0.0585, 0.0436, 0.136 ],0.4147
2321,[-0.9077,-0.0622, 0.0772, 0.1428],[-33.9387,-34.7584,-34.0827,-35.1333,-33.297 ],[-0.9069,-0.0636, 0.0768, 0.135 ],0.3907
2400,[-0.9086,-0.0416, 0.0358, 0.0593],[  1.3988,  6.5006,  8.8751, -1.0978,911.3413],[-0.9084,-0.0404, 0.0329, 0.046 ],0.4247
2401,[-0.9092,-0.0489, 0.0629, 0.0737],[-0.5436,-1.6444,69.2912,-1.9443, 7.3769],[-0.9088,-0.0505, 0.0624, 0.0666],0.4124
2402,[-0.9078, 0.0378,-0.0639, 0.0557],[-32.573 ,-31.808 ,-33.5149,-33.1532,-32.6709],[-0.9074, 0.0411,-0.0642, 0.047 ],0.4094
2410,[-0.9083, 0.0628,-0.0403, 0.0672],[-17.1637,-18.4524,-16.5346,-17.3435,-17.1934],[-0.9082, 0.059 ,-0.0344, 0.0612],0.4188
2412,[-0.9084, 0.0717,-0.0779, 0.077 ],[-5.3122,-3.8687,-8.3849,-6.2096,-3.3379],[-0.908 , 0.0718,-0.074 , 0.0689],0.3929
2420,[-0.9076,-0.0609, 0.0471, 0.0507],[-5.2803,-6.9458,-7.1377,-7.0325,-4.5138],[-0.9076,-0.0582, 0.0408, 0.0396],0.4132
2421,[-0.9069,-0.0682, 0.0789, 0.0637],[ 3.3684, 0.0762,30.2141,-0.1221,30.1374],[-0.9066,-0.0691, 0.0767, 0.0526],0.3866
2500,[-0.9088,-0.0301, 0.0174,-0.0561],[1.4515e+00,1.1087e+03,2.8129e+00,5.2778e-01,1.6665e+00],[-0.9091,-0.0286, 0.018 ,-0.0691],0.4365
2501,[-0.9087,-0.0466, 0.0658,-0.059 ],[ -0.5323, -0.4984,112.9072, -0.6373, -0.2574],[-0.9089,-0.0493, 0.0665,-0.0705],0.4114
2502,[-0.9074, 0.0285,-0.0652,-0.0722],[ 3.3349e-01, 8.8821e+01,-1.4820e+00,-2.5119e-02,-5.4687e-01],[-0.9076, 0.0337,-0.0671,-0.0843],0.4124
2510,[-0.9078, 0.0628,-0.0438,-0.0481],[-16.4617,-16.982 ,-14.6455,-16.998 ,-16.0447],[-0.9082, 0.0598,-0.0386,-0.0581],0.4163
2512,[-0.9068, 0.0704,-0.0802,-0.0686],[-3.0905,-2.7893,-5.6737,-4.2746,-2.4276],[-0.907 , 0.0717,-0.0785,-0.0762],0.3863
2520,[-0.9072,-0.0623, 0.0477,-0.0652],[ 0.1611,90.607 , 0.1274, 0.7782, 1.0582],[-0.9077,-0.0605, 0.0476,-0.0792],0.4095
2521,[-0.9076,-0.069 , 0.0789,-0.0679],[  1.5429, -0.3177,  2.9982,  1.2756,305.3905],[-0.9079,-0.0704, 0.0778,-0.0823],0.3913
2543,[-0.9035,-0.1709, 0.1939,-0.1087],[ 0.9717,-0.4761, 4.7481, 2.154 ,43.2507],[-0.9035,-0.1739, 0.1908,-0.1143],0.27
2600,[-0.9092,-0.0096, 0.0057,-0.1499],[ 1.6288, 5.7462,53.551 , 0.4983, 0.482 ],[-0.9099,-0.009 , 0.0046,-0.1577],0.4447
2601,[-0.9086,-0.0475, 0.07  ,-0.1535],[-14.071 ,-15.6966,-13.3196,-14.8446,-15.0425],[-0.9092,-0.0511, 0.0714,-0.1597],0.4093
2602,[-0.9091, 0.0452,-0.0668,-0.1487],[-0.6879,71.9408,-0.2242, 0.9778, 1.3647],[-0.9097, 0.0487,-0.0685,-0.1575],0.4141
2610,[-0.9092, 0.0632,-0.0442,-0.1831],[-7.3147,-7.5372,-6.0054,-6.4201,-7.228 ],[-0.9102, 0.06  ,-0.0368,-0.1827],0.4248
2612,[-0.9089, 0.0693,-0.0845,-0.1636],[ 0.7587,66.6512,-0.4356, 0.8225, 2.8321],[-0.9095, 0.0716,-0.0826,-0.1728],0.3956
2620,[-0.9088,-0.0637, 0.0492,-0.1681],[ 1.2204,86.188 , 0.5916, 0.79  , 0.4638],[-0.9097,-0.0623, 0.0497,-0.1805],0.4168
2621,[-0.9088,-0.0733, 0.0821,-0.1634],[1.4386e+00,9.4316e-02,2.2836e+02,1.5316e+00,1.0133e+00],[-0.9095,-0.0749, 0.081 ,-0.1756],0.3946
2623,[-0.9047,-0.1448, 0.1857,-0.1745],[-0.0753,-1.6855, 8.7476, 8.5234,-0.5816],[-0.9044,-0.151 , 0.1895,-0.1623],0.2849
2641,[-0.9079,-0.1742, 0.1459,-0.175 ],[0.949 ,0.1751,0.3607,8.0576,0.5398],[-0.9093,-0.17  , 0.1314,-0.1661],0.3235
2643,[-0.9043,-0.1777, 0.1806,-0.1465],[ 1.2272,-0.4265,45.5548, 7.8676, 0.7114],[-0.905 ,-0.1783, 0.1731,-0.162 ],0.2819
2700,[-0.903 , 0.0085,-0.0044,-0.3219],[  1.5557,163.8588,  1.9697,  0.3585,  1.9289],[-0.9044, 0.0077,-0.0015,-0.3124],0.4259
2701,[-0.9053,-0.0397, 0.0673,-0.2832],[ 1.2315,-0.187 , 9.8531, 1.3872,-0.4242],[-0.9063,-0.0445, 0.0716,-0.2756],0.3995
2702,[-0.9038, 0.0437,-0.0663,-0.3447],[ 0.2185,47.2553,-0.4364, 1.1788, 0.7969],[-0.9051, 0.0472,-0.065 ,-0.334 ],0.3961
2710,[-0.906 , 0.0605,-0.0488,-0.3215],[ 0.6386, 0.0836, 3.2567, 4.1506,-0.9639],[-0.9075, 0.0592,-0.0464,-0.3076],0.4099
2712,[-0.9067, 0.0618,-0.0652,-0.3124],[50.8925, 4.2809, 1.0129, 1.0341, 1.3627],[-0.908 , 0.0629,-0.0645,-0.3032],0.4015
2720,[-0.907 ,-0.0702, 0.0459,-0.2601],[-0.036 , 0.0668,-1.3428, 2.322 ,-1.6509],[-0.9083,-0.0678, 0.0469,-0.2569],0.4093
2721,[-0.9049,-0.07  , 0.0844,-0.2808],[ 0.8986, 0.544 ,19.9323, 4.7988, 0.5544],[-0.9059,-0.0724, 0.0825,-0.2735],0.3796
2800,[-0.8914, 0.0111,-0.0022,-0.435 ],[  1.8188,  1.8817,288.3405,  2.2359,  0.7205],[-0.8933, 0.0106,-0.0056,-0.4199],0.3809
2801,[-0.8957,-0.0364, 0.0639,-0.4421],[ 2.6586,-0.0721, 2.9284,12.4708, 0.1023],[-0.8973,-0.0407, 0.065 ,-0.4246],0.3652
2802,[-0.8984, 0.0407,-0.068 ,-0.4051],[ 0.1485,34.6595, 0.1314, 1.2513,-0.1194],[-0.8999, 0.0455,-0.0722,-0.3914],0.3704
2810,[-0.8988, 0.063 ,-0.0482,-0.4286],[ 2.2633, 0.66  , 2.8442, 4.3453,-0.1133],[-0.9007, 0.0613,-0.0434,-0.4123],0.3807
2812,[-0.8985, 0.0652,-0.0654,-0.4328],[ 0.8237,39.6589, 0.0519, 4.301 , 0.8764],[-0.9003, 0.0662,-0.0644,-0.4178],0.3663
2820,[-0.8961,-0.0702, 0.0345,-0.4677],[ 0.1382, 1.2197,-0.2161, 1.6581,-0.384 ],[-0.8984,-0.0661, 0.0316,-0.4554],0.3735
2821,[-0.9047,-0.0877, 0.0926,-0.4383],[ 1.7155, 1.201 ,45.8243, 1.3427, 0.1686],[-0.9065,-0.0893, 0.089 ,-0.4217],0.3707
2900,[-0.8774, 0.0235, 0.0017,-0.5725],[-3.1190e-01, 4.7976e-01, 1.1588e+01, 8.1295e+02,-5.2580e-01],[-0.8799, 0.0209, 0.0018,-0.5546],0.3233
2901,[-0.8917,-0.014 , 0.0654,-0.5397],[ 4.2816e-01,-1.3823e-02, 1.9402e+02, 5.5658e-01,-6.4759e-01],[-0.8937,-0.0213, 0.068 ,-0.523 ],0.3566
2902,[-0.8791, 0.045 ,-0.0674,-0.5964],[ 0.8754,24.7394,-1.5966, 2.0027,-1.9431],[-0.8815, 0.0489,-0.07  ,-0.579 ],0.2934
2910,[-0.8761, 0.0609,-0.0452,-0.5967],[-64.8147,-64.9989,-64.1388,-64.1857,-65.2384],[-0.8788, 0.0599,-0.0426,-0.5789],0.2897
2912,[-0.8829, 0.0625,-0.0631,-0.5712],[-0.5147, 4.2153,-1.4324,26.4594,-1.2157],[-0.8854, 0.0636,-0.0623,-0.5537],0.3064
2920,[-0.8854,-0.0786, 0.0483,-0.5145],[-5.2613,-5.428 ,-5.4234,-4.7113,-6.0302],[-0.8879,-0.0745, 0.0344,-0.4963],0.3234
2921,[-0.8807,-0.0877, 0.0988,-0.6139],[ 2.9338e-01,-3.8136e-01, 1.4091e+00, 1.6183e+02, 6.2320e-02],[-0.8831,-0.0904, 0.0966,-0.5963],0.2715
3800,[-0.8637, 0.0333,-0.0016,-0.4852],[2.0049,0.2549,4.155 ,1.8516,1.6238],[-0.8659, 0.0304,-0.0011,-0.4829],0.2665
3900,[-8.5641e-01, 4.1022e-02, 6.8687e-04,-6.7262e-01],[  1.9573,  0.5575,436.534 ,  1.4249,  0.488 ],[-0.8594, 0.0373, 0.0013,-0.6559],0.2372
3901,[-0.8443,-0.0228, 0.0707,-0.7745],[-0.5194,-1.6829, 6.4077, 0.3235,-1.1973],[-0.8474,-0.0283, 0.0732,-0.7619],0.1753
3902,[-0.8529, 0.0525,-0.0641,-0.7004],[-1.8831,15.5618,-2.7729,-0.2057,-2.483 ],[-0.8558, 0.0549,-0.0663,-0.6884],0.1979
3910,[-0.8422, 0.0631,-0.0375,-0.7564],[  1.8423,  0.8069,  8.4084,423.7199,  0.9962],[-0.8456, 0.0609,-0.0295,-0.7403],0.1738
3912,[-0.8324, 0.0654,-0.061 ,-0.791 ],[  0.7764,204.6676, -0.5417,  1.2843,  0.4742],[-0.8359, 0.066 ,-0.0586,-0.7808],0.1301
3921,[-0.8629,-0.065 , 0.0934,-0.6496],[ 1.2765, 0.3026,17.8674, 1.6377, 0.8359],[-0.8653,-0.0693, 0.0937,-0.6412],0.2145
4900,[-0.7959, 0.0502,-0.0346,-0.9307],[-6.9957,-7.6496,-6.6794,-7.3563,-8.954 ],[-0.8   , 0.0499,-0.0357,-0.9247],0.0376
4902,[-0.7898, 0.0455,-0.0694,-0.7911],[ 3.5612e-01, 3.8315e+02,-3.2421e-01,-6.2241e-01,-2.6748e-01],[-0.7931, 0.048 ,-0.0696,-0.7943],0.0108
4910,[-0.8049, 0.0612,-0.0504,-0.8304],[  0.972 ,  0.1971,128.5979,  0.4192,  1.9316],[-0.8086, 0.0615,-0.0518,-0.8275],0.0534
4912,[-0.8048, 0.0617,-0.0644,-0.8239],[ 6.9265e-01, 3.2206e+02,-2.6353e-01, 3.1323e-01, 1.2624e+00],[-0.8084, 0.0628,-0.0623,-0.8221],0.0493
5900,[-0.7478, 0.0152,-0.0335,-0.7497],[  1.2641,  1.6718,206.1513, -0.2425,  1.2047],[-0.7511, 0.0169,-0.0389,-0.7587],-0.0734
5902,[-0.7583, 0.0351,-0.0656,-0.7614],[ 3.3762e-01, 3.6665e+02,-1.8541e-01,-3.9987e-01, 4.9255e-01],[-0.7614, 0.0376,-0.0658,-0.7684],-0.0605
5910,[-0.7593, 0.059 ,-0.0408,-0.8752],[ 0.3701,-1.7151, 4.3793,-2.273 , 8.5432],[-0.7634, 0.0582,-0.0352,-0.8931],-0.054
5912,[-0.7573, 0.0625,-0.0695,-0.8827],[-3.3663,-1.9698,-7.232 ,-6.4148,-2.9615],[-0.7612, 0.0638,-0.0666,-0.8972],-0.0671
6800,[-0.6928, 0.0019, 0.009 ,-0.4723],[-21.7923,-21.5089,-21.1787,-22.9078,-20.5088],[-0.6949, 0.0013, 0.0118,-0.4875],-0.1733
6801,[-0.6921,-0.0069, 0.0711,-0.4708],[-3.434 ,-4.9551,-2.2552,-4.7652,-2.3744],[-0.6939,-0.0097, 0.0631,-0.4864],-0.182
6802,[-0.6928, 0.0217,-0.0751,-0.4747],[-23.4386,-23.3489,-23.7022,-24.5812,-22.7464],[-0.6945, 0.0245,-0.0745,-0.4889],-0.1852
6900,[-0.712 , 0.0025,-0.0092,-0.6066],[ 1.1524e+00,-2.3892e-01, 2.6845e+02,-5.1065e-01, 2.0407e+00],[-0.7147, 0.0032,-0.0135,-0.6196],-0.1398
6901,[-0.6955,-0.0052, 0.0652,-0.525 ],[-0.716 ,-1.4083,43.3252,-1.0697,-0.3348],[-0.6976,-0.0077, 0.0538,-0.5409],-0.1742
6902,[-0.7143, 0.0334,-0.0695,-0.646 ],[-0.184 ,44.2005, 0.1021,-1.5397,42.6362],[-0.7169, 0.0357,-0.0691,-0.6619],-0.1484
6910,[-0.7133, 0.0641,-0.0286,-0.73  ],[-0.8683,-3.5688,-0.0282,-3.3001,-0.3185],[-0.7168, 0.0624,-0.0212,-0.747 ],-0.1454
6912,[-0.72  , 0.0628,-0.0823,-0.7263],[-10.9811, -9.7708,-13.691 ,-13.1367, -9.9427],[-0.723 , 0.0643,-0.0766,-0.7397],-0.1444
7422,[-0.6695,-0.1516,-0.1114, 0.0228],[-4.3774,-3.8123,-6.6623,-5.4155,-2.8791],[-0.6701,-0.1411,-0.1176, 0.0073],-0.2449
7442,[-0.667 ,-0.1785,-0.0923, 0.023 ],[-3.2875,-2.8868,-5.1643,-4.0932,-2.1043],[-0.6683,-0.1677,-0.1006, 0.0229],-0.2485
7522,[-0.6714,-0.1341,-0.1238,-0.082 ],[-2.9416,-0.0614,-5.972 ,-4.3128, 0.5817],[-0.6719,-0.1235,-0.1288,-0.0972],-0.2416
7542,[-0.6639,-0.1966,-0.0796,-0.0129],[-20.8505,-18.6873,-22.9436,-22.3236,-19.6592],[-0.6655,-0.1874,-0.0874,-0.0215],-0.2529
7602,[-0.6716,-0.0427,-0.1325,-0.2246],[-21.0456,-19.6387,-23.344 ,-22.7228,-20.0623],[-0.6717,-0.0355,-0.1278,-0.2396],-0.2287
7604,[-0.6693,-0.0509,-0.1677,-0.2325],[-14.924 ,-13.5094,-16.5575,-15.3151,-14.1057],[-0.6686,-0.0419,-0.1672,-0.2479],-0.2395
7622,[-0.6727,-0.0821,-0.1417,-0.1707],[-13.3954,-11.8118,-16.7404,-15.2657,-12.2032],[-0.6726,-0.0728,-0.1422,-0.1859],-0.2352
7624,[-0.6703,-0.0651,-0.1667,-0.2079],[-6.2037,-5.4045,-8.1078,-6.7886,-5.454 ],[-0.6697,-0.0555,-0.1677,-0.2246],-0.2402
7700,[-6.7859e-01, 3.0291e-04,-3.0420e-02,-3.4968e-01],[-15.5975,-16.3035,-16.3562,-17.1667,-14.1402],[-0.6802, 0.0011,-0.0181,-0.3645],-0.1958
7702,[-0.6737,-0.0146,-0.1059,-0.3078],[-30.2933,-29.2445,-32.4539,-31.8169,-29.6966],[-0.6744,-0.0098,-0.0966,-0.3231],-0.2167
7704,[-0.6683,-0.0375,-0.1667,-0.2555],[-13.9843,-13.594 ,-15.8453,-15.024 ,-13.6146],[-0.6677,-0.0291,-0.1647,-0.2698],-0.2385
7800,[-0.6837, 0.0058,-0.0127,-0.4235],[-58.7026,-58.7804,-58.9076,-59.7957,-58.1305],[-0.6856, 0.0057,-0.0038,-0.439 ],-0.1878
7801,[-0.6873,-0.0027, 0.065 ,-0.4471],[-6.597 ,-7.3947,-5.3322,-7.3092,-6.3361],[-0.6891,-0.0052, 0.053 ,-0.4639],-0.1876
7802,[-0.6788, 0.0138,-0.0812,-0.4143],[-39.5996,-38.6729,-40.4614,-40.4604,-39.2458],[-0.6803, 0.0167,-0.0733,-0.4292],-0.2053
7812,[-0.6714, 0.0565,-0.1468,-0.4839],[-4.2258,-3.2767,-5.4096,-5.3021,-3.6448],[-0.6724, 0.0607,-0.1404,-0.5019],-0.2334
7900,[-0.6876, 0.0197,-0.0063,-0.5121],[ -9.6671,-10.0399, -9.3417,-10.5692, -9.4517],[-0.6899, 0.0187, 0.003 ,-0.5281],-0.1847
7902,[-0.6847, 0.0396,-0.101 ,-0.5239],[-7.8704,-7.6454,-8.2965,-8.6625,-7.9034],[-0.6864, 0.0427,-0.0985,-0.541 ],-0.2044
7912,[-0.6818, 0.0663,-0.1088,-0.5725],[-4.9376,-4.5785,-6.7227,-6.6193,-4.7978],[-0.6839, 0.0683,-0.0983,-0.5897],-0.212
