200,[-0.9576, 0.0227,-0.0424, 0.2668],[ 0.0903, 0.6738, 1.9121, 1.8819,-0.2802],[-0.9562, 0.0293,-0.0546, 0.2809],0.2818
300,[-0.9633, 0.0056,-0.01  , 0.1882],[-3.558 ,-3.5156,-3.3773,-2.4984,-4.5736],[-0.9624, 0.0076,-0.014 , 0.2027],0.2826
302,[-0.9584, 0.0441,-0.0729, 0.1351],[-1.4834, 0.9553,-2.244 ,-0.9919,-1.9194],[-0.9576, 0.0517,-0.0781, 0.1201],0.2577
312,[-0.9564, 0.0616,-0.0863, 0.1426],[ 1.0846, 1.4534,-1.3932, 2.3491,-1.0942],[-0.9555, 0.0677,-0.0919, 0.1572],0.2538
321,[-0.9562,-0.075 , 0.0626, 0.1453],[ 0.0155,-0.7713, 1.1271, 1.265 ,-1.1308],[-0.9556,-0.0698, 0.0559, 0.1589],0.267
400,[-0.9611,-0.0133, 0.0029, 0.0525],[ 1.1553, 1.3399, 1.4357, 5.88  ,-0.2769],[-9.6082e-01,-1.0355e-02, 3.2184e-04, 6.7660e-02],0.2795
402,[-0.9593, 0.0314,-0.0662, 0.1091],[-1.3111, 0.4092,-1.8855, 0.4795,-1.5429],[-0.9586, 0.0409,-0.0717, 0.124 ],0.2611
420,[-0.9617,-0.0785, 0.0222, 0.0226],[-2.2454, 0.1516,-2.8987,-1.0934,-2.6883],[-0.9618,-0.0544,-0.0124, 0.0375],0.2645
421,[-0.9588,-0.0912, 0.0853, 0.0517],[ 3.6727, 0.7754, 2.6387, 3.678 ,-0.6161],[-0.9586,-0.088 , 0.08  , 0.0662],0.2388
500,[-0.9608,-0.0128, 0.0041,-0.0602],[ 0.6328, 2.1062, 1.5228,21.1127,-0.3374],[-9.6098e-01,-9.4641e-03, 4.3845e-04,-4.4394e-02],0.2712
502,[-0.9579, 0.0355,-0.1024,-0.0556],[-0.4131, 3.1083,-1.573 ,-0.1719,-1.7427],[-0.9574, 0.056 ,-0.1189,-0.0402],0.2404
512,[-0.9568, 0.0761,-0.1366,-0.0379],[ 2.539 , 1.7609,-0.426 , 8.8608,-1.3353],[-0.956 , 0.0945,-0.1545,-0.0381],0.2153
514,[-0.9578, 0.1589,-0.2467,-0.1089],[-0.197 , 2.6569,-0.95  , 1.1902,-1.0809],[-0.9553, 0.1854,-0.2844,-0.0934],0.1272
521,[-0.9589,-0.1077, 0.107 ,-0.0675],[ 0.8641, 0.6707, 4.2528, 9.417 ,-1.4403],[-0.9592,-0.1069, 0.1027,-0.054 ],0.2198
600,[-9.6139e-01,-2.6006e-02,-2.5900e-04,-1.6730e-01],[ 0.2613, 2.8635,-0.5716, 2.2877,-1.9435],[-0.9621,-0.0162,-0.0106,-0.1521],0.2708
601,[-0.9562,-0.0496, 0.064 ,-0.1575],[-0.9895,-0.8495, 1.2587,-0.57  ,-1.8896],[-0.9567,-0.0549, 0.0689,-0.1415],0.2637
602,[-0.9586, 0.0168,-0.0787,-0.1697],[-0.5331, 3.9224,-0.9515,-0.2535,-0.8937],[-0.9587, 0.0395,-0.1048,-0.1536],0.2477
612,[-0.9614, 0.0699,-0.1246,-0.1654],[-0.3717, 1.7908,-0.185 , 7.8446,-1.212 ],[-0.961 , 0.0934,-0.1567,-0.1497],0.197
614,[-0.9602, 0.1189,-0.1914,-0.1333],[-0.6429, 1.1164,-0.7216, 2.9531,-1.1127],[-0.9587, 0.1455,-0.228 ,-0.117 ],0.1554
620,[-0.963 ,-0.067 , 0.0194,-0.2099],[ 0.0147, 5.3836,-1.4492,-0.5012,-1.9307],[-0.9641,-0.0494, 0.0022,-0.1943],0.2639
621,[-0.9573,-0.1121, 0.1174,-0.1611],[-2.3045,-1.4123, 7.4524, 4.4059,-2.5618],[-0.9578,-0.1143, 0.1171,-0.1454],0.2158
700,[-0.9569,-0.0234,-0.0069,-0.2721],[-5.5052,-5.4402,-6.1008,-4.7102,-7.1254],[-0.958 ,-0.0132,-0.0171,-0.2551],0.2964
721,[-0.9576,-0.1073, 0.0917,-0.2743],[-5.1231,-6.1615,-3.91  ,-3.6851,-7.1799],[-0.959 ,-0.1022, 0.0796,-0.2587],0.2315
1200,[-0.9241, 0.0216,-0.0059, 0.2703],[ 2.2759, 1.9157, 1.8304, 0.5779,26.2232],[-0.923 , 0.0188,-0.0049, 0.2619],0.423
1202,[-0.9531, 0.0449,-0.0785, 0.3074],[-0.4767, 7.2345,-0.6638,-0.046 , 0.9537],[-0.9515, 0.0516,-0.0828, 0.3111],0.2794
1210,[-0.9288, 0.0737,-0.0219, 0.2679],[ 0.3479, 0.3767,20.376 , 0.051 , 2.0695],[-0.9279, 0.0644,-0.0193, 0.2778],0.395
1212,[-0.9388, 0.065 ,-0.0717, 0.2686],[ 1.6676, 3.3529,-0.1073, 0.404 ,28.9874],[-0.9377, 0.0644,-0.0676, 0.2612],0.3336
1220,[-0.9212,-0.0626, 0.0413, 0.2532],[ 0.1172,17.3925,-0.3301,-0.3647, 1.1364],[-0.9202,-0.0587, 0.0399, 0.2543],0.4266
1221,[-0.9207,-0.1296, 0.1151, 0.2651],[ 2.9987, 1.1235, 3.1147, 1.6744,25.557 ],[-0.92  ,-0.124 , 0.0997, 0.2602],0.3655
1223,[-0.928 ,-0.1489, 0.1812, 0.2701],[ 0.106 ,-0.8829,10.4248, 0.0165, 1.1332],[-0.9264,-0.1508, 0.1783, 0.2762],0.2917
1232,[-0.9301, 0.2044,-0.1149, 0.2693],[0.7226,0.3285,0.3514,0.4344,4.7299],[-0.9309, 0.1844,-0.0796, 0.2622],0.3041
1234,[-0.9257, 0.2525,-0.1749, 0.2571],[ 2.6712,28.1865, 0.5365, 2.0443, 3.0721],[-0.927 , 0.236 ,-0.1434, 0.2696],0.2652
1300,[-0.917 ,-0.0321, 0.0335, 0.1464],[  3.0878,  2.5138,  5.9735,  1.8605,300.1173],[-0.9164,-0.0322, 0.0345, 0.1407],0.436
1301,[-0.9166,-0.0494, 0.0627, 0.1401],[ 9.8960e-02,-1.1614e+00, 1.1292e+02,-3.1229e-01, 3.0022e+00],[-0.9159,-0.0508, 0.0624, 0.1439],0.4256
1302,[-0.9213, 0.048 ,-0.062 , 0.1545],[-0.041 ,12.7879,-0.3458, 0.4488,-0.3044],[-0.9206, 0.0496,-0.0618, 0.1536],0.4045
1310,[-0.9221, 0.0716,-0.0334, 0.1745],[ 0.5857,-0.9151, 9.309 , 0.2788, 0.1015],[-0.9216, 0.0649,-0.0301, 0.1853],0.4125
1312,[-0.9217, 0.0892,-0.0827, 0.157 ],[ 1.9491, 4.7772, 0.3876,58.1657, 1.3612],[-0.9212, 0.0861,-0.0731, 0.169 ],0.3812
1320,[-0.9177,-0.0634, 0.0441, 0.1611],[-5.7395e-02, 1.0975e+02,-6.1489e-01,-4.8855e-01, 1.1984e+00],[-0.9171,-0.0601, 0.0436, 0.168 ],0.4255
1321,[-0.9208,-0.0794, 0.0848, 0.1579],[  1.0347,  0.7568,181.7821,  1.4808,  0.5266],[-0.92  ,-0.0789, 0.0804, 0.1656],0.3869
1323,[-0.9359,-0.1486, 0.1864, 0.1725],[ 0.099 ,-1.1277,25.3756,-0.0758, 0.5858],[-0.9345,-0.1529, 0.1877, 0.1808],0.2548
1332,[-0.9332, 0.1771,-0.1411, 0.1783],[-1.2814,-1.7678,-1.3705,-0.488 ,-0.7224],[-0.9333, 0.1675,-0.1242, 0.1912],0.2823
1334,[-0.9362, 0.2023,-0.2005, 0.1786],[ 1.5298,35.4323, 0.4349, 0.3203, 1.3965],[-0.9357, 0.1985,-0.1887, 0.1918],0.2295
1341,[-0.9198,-0.1778, 0.1568, 0.1706],[-0.9109, 0.3326,-1.636 ,-0.5599, 0.0616],[-0.9196,-0.173 , 0.1508, 0.1733],0.3212
1343,[-0.9253,-0.1774, 0.1962, 0.1729],[ 2.6389, 0.2438,29.6182, 2.4341, 0.9362],[-0.9243,-0.1775, 0.1905, 0.1823],0.2813
1354,[-0.9224, 0.2901,-0.2578, 0.2101],[-1.7007,-2.4106,-1.9615,-0.9932,-2.2643],[-0.9231, 0.2819,-0.2377, 0.2229],0.2129
1356,[-0.9226, 0.3071,-0.3129, 0.1602],[ 3.9784,10.8187,-0.2098, 1.9755, 0.3877],[-0.9222, 0.3042,-0.3014, 0.1734],0.1743
1400,[-0.9165,-0.0285, 0.0298, 0.0634],[1.3416e+00,8.1218e+02,3.0985e+00,5.6113e-01,4.7269e-01],[-0.9162,-0.029 , 0.0328, 0.0689],0.4403
1401,[-0.9158,-0.0461, 0.0648, 0.062 ],[ 3.8677e-01,-3.0461e-01, 5.7379e+02, 9.6654e-01, 7.1057e-01],[-0.9154,-0.0486, 0.0653, 0.0669],0.4248
1402,[-0.9161, 0.041 ,-0.0705, 0.0486],[  0.3956,103.5223, -1.3336,  3.1592,  2.0131],[-0.9156, 0.0451,-0.0714, 0.0603],0.4279
1410,[-0.9171, 0.0641,-0.0415, 0.0731],[-11.476 ,-11.1683, -9.6857,-11.1334,-11.5376],[-0.9169, 0.0595,-0.0338, 0.0822],0.4306
1412,[-0.9172, 0.0771,-0.0901, 0.061 ],[ 4.2721e-01, 1.8623e+02, 5.1789e-01, 1.3109e+00,-1.4019e-02],[-0.9168, 0.0782,-0.0878, 0.0722],0.3961
1414,[-0.9286, 0.1476,-0.1815, 0.0291],[ 0.6513,34.1003,-0.654 , 0.9971, 0.2185],[-0.9278, 0.1527,-0.1813, 0.0411],0.2781
1420,[-0.9167,-0.0598, 0.0493, 0.064 ],[  0.1934,167.1385,  0.6935,  0.2569,  1.706 ],[-0.9165,-0.058 , 0.0486, 0.0753],0.4297
1421,[-0.9165,-0.067 , 0.0738, 0.0538],[  2.6243,  0.6589,528.5416,  1.1697,  1.1475],[-0.9162,-0.0675, 0.0723, 0.0656],0.4133
1423,[-0.9275,-0.1466, 0.1777, 0.055 ],[ 0.3751,-0.7088,32.1141,-0.069 , 1.3768],[-0.9267,-0.1506, 0.1776, 0.0674],0.2894
1432,[-0.9233, 0.1784,-0.1473, 0.0661],[-1.9357,-2.2584,-1.6735,-1.5121,-2.4872],[-0.9238, 0.1709,-0.129 , 0.0813],0.3161
1434,[-0.9361, 0.1894,-0.2061, 0.0625],[ 0.771 , 6.0479,-0.1096,14.3178, 0.2927],[-0.9355, 0.1905,-0.201 , 0.0773],0.2287
1436,[-0.941 , 0.2744,-0.3263, 0.0061],[ 2.1278, 7.2526,-1.0921, 5.2848, 1.0634],[-0.9391, 0.2808,-0.3311, 0.0179],0.1168
1440,[-0.9409,-0.1784, 0.0422, 0.0172],[-1.591 ,-1.8546,-2.1696,-1.8104,-1.7476],[-0.9425,-0.1517, 0.0332, 0.0327],0.2934
1441,[-0.9179,-0.1883, 0.1381, 0.0745],[-2.2589,-2.2704,-2.7944,-1.661 ,-2.8327],[-0.9186,-0.1797, 0.1296, 0.0822],0.3316
1443,[-0.916 ,-0.2079, 0.2026, 0.0501],[ 1.3973,-0.0707, 3.0758,17.7463, 0.5263],[-0.9161,-0.2058, 0.1929, 0.0624],0.2851
1456,[-0.9321, 0.2992,-0.3431, 0.0522],[ 1.305 , 1.918 ,-0.0708, 9.9505, 0.2046],[-0.9304, 0.3026,-0.3437, 0.0641],0.1285
1500,[-0.9158,-0.0212, 0.0185,-0.0611],[  1.0064,  1.8921,  1.2483,230.1111,  0.5593],[-0.916 ,-0.0209, 0.0193,-0.048 ],0.4485
1501,[-0.9152,-0.0443, 0.065 ,-0.0444],[ 7.5285e-02,-5.0142e-01, 7.9617e+01, 8.6446e-01,-1.6013e-02],[-0.9152,-0.0475, 0.0662,-0.0361],0.4264
1502,[-0.9178, 0.0344,-0.0715,-0.0544],[ 1.2329,33.6336,-1.8578,-0.1212,-0.34  ],[-0.9177, 0.0402,-0.0742,-0.0405],0.4272
1510,[-0.9185, 0.0637,-0.0409,-0.0717],[-6.5554,-8.0116,-6.0228,-7.0367,-6.5964],[-0.9189, 0.0596,-0.0352,-0.0647],0.4311
1512,[-0.92  , 0.0716,-0.0831,-0.0566],[ 0.8424, 2.5883,-0.0892,33.9862, 0.6395],[-0.92  , 0.0733,-0.0823,-0.0418],0.3973
1514,[-0.9297, 0.1466,-0.1808,-0.0581],[ 0.5386, 8.2235,-1.0325, 1.6856, 0.164 ],[-0.9292, 0.1525,-0.1834,-0.0436],0.2783
1520,[-0.9162,-0.062 , 0.0473,-0.0672],[1.0704e+00,2.1716e+02,1.4781e-01,1.3073e+00,4.5718e-01],[-0.9165,-0.06  , 0.0473,-0.0555],0.4325
1521,[-0.9163,-0.0656, 0.0691,-0.0564],[  0.6896,  1.2789,  7.1285,153.3399,  0.4445],[-0.9164,-0.0662, 0.069 ,-0.0432],0.417
1523,[-0.9184,-0.1393, 0.1761,-0.06  ],[ 0.7433,-0.4534,11.231 ,-0.1456, 0.1117],[-0.9179,-0.1448, 0.1786,-0.0478],0.3217
1532,[-0.9366, 0.1802,-0.1422,-0.0414],[-3.6222,-3.7042,-3.787 ,-3.9003,-3.8698],[-0.9377, 0.1708,-0.1242,-0.0328],0.264
1534,[-0.9296, 0.1916,-0.1988,-0.066 ],[ 1.2568, 3.4144,-0.0829, 3.5313,-0.4555],[-0.9297, 0.1922,-0.1933,-0.0514],0.2532
1536,[-0.9488, 0.2325,-0.3052,-0.0487],[-0.4683, 9.7999,-0.4557, 0.3785,-0.4802],[-0.9468, 0.2453,-0.3112,-0.0345],0.1174
1541,[-0.9285,-0.2039, 0.1282,-0.0426],[-2.1558,-2.5615,-2.4382,-1.0549,-2.5815],[-0.9304,-0.1881, 0.1018,-0.0276],0.2917
1543,[-0.9188,-0.2169, 0.2344,-0.0631],[ 2.3848,-0.5713, 8.1323, 4.616 ,-0.1713],[-0.9186,-0.2183, 0.23  ,-0.0483],0.2544
1563,[-0.9245,-0.2868, 0.2553,-0.0965],[-0.5051,-1.3141,-1.5375, 0.5973,-2.0435],[-0.9261,-0.2823, 0.2395,-0.0815],0.201
1600,[-0.9169,-0.0111, 0.0067,-0.1632],[ 1.7852, 2.7814, 0.9825, 3.7646,-0.8764],[-0.9176,-0.0104, 0.0056,-0.1516],0.4488
1601,[-0.9175,-0.0438, 0.0684,-0.1583],[-8.9744,-9.8986,-7.6642,-9.4182,-9.5989],[-0.918 ,-0.0483, 0.0712,-0.155 ],0.4142
1602,[-0.9159, 0.039 ,-0.0695,-0.1675],[-1.8838, 1.8853,-3.4819,-0.7064,-3.068 ],[-0.9165, 0.0444,-0.0726,-0.164 ],0.4207
1610,[-0.9165, 0.0639,-0.0402,-0.1793],[-3.6611,-3.6451,-3.4231,-3.6536,-5.4362],[-0.9174, 0.06  ,-0.0346,-0.1693],0.438
1612,[-0.9173, 0.0718,-0.0789,-0.178 ],[ 1.6053,12.0126,-0.3504,14.2271, 0.405 ],[-0.918 , 0.0731,-0.0761,-0.1695],0.4057
1614,[-0.9302, 0.1393,-0.1784,-0.1705],[ 0.0168, 3.6543,-1.0793, 1.1226,-0.7533],[-0.93  , 0.1475,-0.1841,-0.1554],0.2767
1620,[-0.9154,-0.0631, 0.0457,-0.1688],[-12.5997,-11.2155,-11.4951,-10.8174,-13.3435],[-0.9162,-0.0606, 0.0433,-0.161 ],0.4354
1621,[-0.9154,-0.0736, 0.0745,-0.1699],[ 1.5504, 0.6641,11.8302,11.9965,-0.5322],[-0.9161,-0.074 , 0.0723,-0.162 ],0.4119
1623,[-0.9196,-0.1367, 0.1921,-0.1773],[ 0.2428,-1.2906, 5.0368, 0.9545,-1.4002],[-0.9191,-0.1461, 0.1981,-0.1643],0.3095
1634,[-0.9348, 0.2018,-0.2089,-0.1824],[ 0.8154, 0.8098,-0.5498, 1.9327,-0.5267],[-0.9353, 0.2044,-0.2081,-0.166 ],0.2193
1641,[-0.9125,-0.1763, 0.1264,-0.1614],[-2.5117,-2.8836,-2.8231,-1.7019,-3.5455],[-0.9143,-0.1681, 0.106 ,-0.1453],0.3575
1643,[-0.9288,-0.2154, 0.2349,-0.1686],[-0.1603,-0.7646, 3.4344, 2.9909,-1.0674],[-0.929 ,-0.2192, 0.2334,-0.1535],0.2244
1645,[-0.9217,-0.2666, 0.3023,-0.2326],[-0.1775,-0.9955, 2.0523,10.7269,-0.4556],[-0.9212,-0.2731, 0.3037,-0.2166],0.1919
1665,[-0.9209,-0.2861, 0.2964,-0.1675],[ 0.584 ,-0.674 ,10.3825, 2.8346,-0.8775],[-0.9213,-0.2885, 0.2907,-0.1513],0.1904
1700,[-0.9232,-0.0108, 0.0134,-0.3046],[-18.2257,-18.2332,-17.9872,-17.5454,-19.1905],[-0.9245,-0.0112, 0.0135,-0.2906],0.4304
1701,[-0.9269,-0.0391, 0.0697,-0.2958],[-6.549 ,-6.6881,-5.7013,-5.7541,-7.1809],[-0.9279,-0.0461, 0.0771,-0.2811],0.3824
1702,[-0.9279, 0.0306,-0.0798,-0.291 ],[-4.7551,-4.68  ,-5.3886,-4.2517,-5.8663],[-0.9288, 0.0412,-0.0889,-0.281 ],0.3747
1710,[-0.915 , 0.0686,-0.042 ,-0.2752],[-3.1581,-3.6207,-2.3201,-2.4619,-3.7228],[-0.9163, 0.0649,-0.0387,-0.2665],0.4372
1712,[-0.9216, 0.0858,-0.0926,-0.2925],[-7.1043,-6.1325,-7.2344,-6.0392,-7.7343],[-0.9228, 0.0882,-0.0927,-0.2828],0.3756
1714,[-0.9314, 0.1488,-0.1859,-0.3282],[ 0.3038, 4.6951,-0.9941, 1.9744,-0.8111],[-0.9317, 0.1587,-0.1949,-0.3122],0.2592
1720,[-0.919 ,-0.0665, 0.0405,-0.2986],[-2.6325,-1.517 ,-2.9323,-1.0261,-3.6523],[-0.9204,-0.0629, 0.0381,-0.2858],0.4222
1721,[-0.9233,-0.0806, 0.0844,-0.2921],[-33.9457,-34.6404,-33.463 ,-33.6124,-35.576 ],[-0.9245,-0.0824, 0.0841,-0.2818],0.3738
1723,[-0.9283,-0.1292, 0.1867,-0.3121],[ 1.6716,-1.0315, 1.6681, 3.7563,-1.3627],[-0.9283,-0.1416, 0.196 ,-0.2951],0.2806
1734,[-0.933 , 0.1825,-0.2016,-0.2829],[ 1.0769, 2.1476,-0.6347, 2.3984,-0.7612],[-0.9336, 0.1884,-0.2038,-0.2665],0.2347
1743,[-0.9302,-0.1978, 0.2419,-0.311 ],[ 0.2374,-0.6703, 3.1664, 3.2894,-1.3587],[-0.93  ,-0.2082, 0.2501,-0.2943],0.2171
1745,[-0.9236,-0.2417, 0.2887,-0.28  ],[ 0.0928,-0.6035,13.6218, 0.6922,-0.6776],[-0.9229,-0.2508, 0.2948,-0.2637],0.2009
1800,[-0.9225,-0.0065, 0.0158,-0.4277],[-26.5053,-26.5575,-26.5243,-25.6932,-27.6994],[-0.9243,-0.0084, 0.017 ,-0.4121],0.437
1801,[-0.9306,-0.0398, 0.0708,-0.4387],[-7.3594,-7.6043,-5.6742,-6.5643,-8.5841],[-0.9322,-0.0476, 0.0775,-0.4233],0.3629
1802,[-0.9215, 0.0166,-0.0844,-0.4244],[-1.567 ,-0.4076,-2.6672,-1.674 ,-3.0778],[-0.9228, 0.0292,-0.0903,-0.4077],0.406
1812,[-0.924 , 0.1126,-0.1366,-0.4178],[-1.2354,-0.895 ,-1.5868, 0.0729,-3.0024],[-0.9252, 0.1201,-0.1438,-0.4028],0.3261
1820,[-0.9182,-0.0724, 0.0314,-0.426 ],[ 0.3602, 2.3689,-1.2164, 2.2347,-1.5808],[-0.9203,-0.0668, 0.0299,-0.4091],0.4258
1821,[-0.9281,-0.0805, 0.0877,-0.4244],[-18.6488,-19.9822,-18.5088,-17.5686,-19.7921],[-0.9298,-0.0837, 0.0876,-0.4088],0.3516
1823,[-0.9273,-0.1242, 0.1905,-0.4083],[ 0.5009,-1.4726, 1.4176,10.9604,-1.2128],[-0.9275,-0.1389, 0.2004,-0.3964],0.2824
1843,[-0.9267,-0.1732, 0.2277,-0.3813],[ 0.2107,-0.2909, 1.3578, 9.5389,-1.0765],[-0.9265,-0.1858, 0.2388,-0.3637],0.2458
1900,[-0.9172, 0.0064, 0.0187,-0.5513],[-110.4629,-110.5101,-110.5849,-108.6438,-111.5432],[-0.9196, 0.0018, 0.0217,-0.5355],0.4579
1901,[-0.9253,-0.0266, 0.0681,-0.5275],[-5.2102,-4.8155,-3.9156,-5.1032,-6.7267],[-0.9272,-0.0364, 0.0779,-0.5107],0.3892
1902,[-0.919 ,-0.0035,-0.0773,-0.5179],[-4.4505,-3.1856,-4.5222,-2.9953,-6.0659],[-0.9208, 0.0105,-0.0806,-0.5005],0.4289
1912,[-0.9138, 0.1087,-0.1307,-0.5316],[-109.749 ,-109.2018,-110.1599,-108.7357,-110.8968],[-0.9155, 0.1151,-0.1351,-0.5136],0.3697
1920,[-0.9155,-0.0863, 0.0378,-0.5145],[-11.2771,-11.2767,-11.3794,-10.8762,-12.9044],[-0.9181,-0.0786, 0.0267,-0.5   ],0.4354
1921,[-0.9136,-0.0995, 0.0722,-0.519 ],[-3.6072e-01,-8.9736e-01,-6.9091e-02, 6.9725e+01,-1.2932e+00],[-0.9163,-0.0953, 0.0589,-0.5063],0.4153
2200,[-0.9031, 0.002 ,-0.0069, 0.2572],[-38.632 ,-38.0104,-38.1559,-38.8486,-37.8035],[-0.902 , 0.0028,-0.0093, 0.2452],0.399
2210,[-0.9084, 0.0615,-0.0459, 0.2672],[-4.894 ,-4.5738,-3.5654,-4.8847,-2.9976],[-0.9073, 0.0592,-0.048 , 0.2666],0.4081
2212,[-0.9098, 0.077 ,-0.066 , 0.2594],[-10.7964,-10.0245,-11.2624,-10.9209, -9.5366],[-0.9088, 0.0749,-0.0671, 0.2524],0.3979
2221,[-0.9032,-0.0715, 0.0817, 0.2566],[-5.3097,-5.8653,-4.8199,-6.2341,-5.0077],[-0.9021,-0.0716, 0.0793, 0.2479],0.3643
2300,[-0.9073,-0.036 , 0.035 , 0.153 ],[-130.2318,-129.7606,-129.9528,-131.1375,-129.1941],[-0.9067,-0.0356, 0.0345, 0.1458],0.4138
2301,[-0.9078,-0.0492, 0.0652, 0.144 ],[-37.9103,-38.7376,-36.7686,-38.2285,-37.3207],[-0.9071,-0.0508, 0.0649, 0.1426],0.4031
2302,[-0.9068, 0.0466,-0.0669, 0.1593],[-27.5976,-26.8608,-28.5835,-28.1874,-27.4275],[-0.906 , 0.0487,-0.0672, 0.1575],0.3981
2310,[-0.9082, 0.0623,-0.0421, 0.1675],[-14.5361,-15.5444,-14.3726,-16.0344,-14.7321],[-0.9076, 0.0587,-0.0367, 0.1658],0.4151
2312,[-0.9076, 0.0698,-0.0777, 0.1553],[-25.132 ,-23.9565,-26.613 ,-25.6485,-23.6138],[-0.9069, 0.0699,-0.0746, 0.1522],0.3887
2320,[-0.9093,-0.061 , 0.0457, 0.1591],[-17.2465,-16.2491,-17.9592,-17.711 ,-16.3537],[-0.9088,-0.0583, 0.0427, 0.1562],0.4174
2321,[-0.9071,-0.0683, 0.0812, 0.1536],[-30.7272,-32.396 ,-29.6782,-31.27  ,-29.2675],[-0.9063,-0.0692, 0.0796, 0.1468],0.384
2400,[-0.908 ,-0.0382, 0.0328, 0.0595],[1.7539e+00,1.0363e+00,1.1538e+00,3.6347e-01,6.8265e+02],[-0.9078,-0.0371, 0.0302, 0.0461],0.4228
2401,[-0.9086,-0.0463, 0.0654, 0.0709],[ 4.1681e-02,-7.0660e-01, 1.0180e+02,-2.4296e-01, 1.0414e+00],[-0.9082,-0.0486, 0.0653, 0.0646],0.4093
2402,[-0.9051, 0.0274,-0.0725, 0.0452],[-34.8285,-33.6897,-35.7704,-35.507 ,-34.3701],[-0.9046, 0.0333,-0.0755, 0.0364],0.3953
2410,[-0.9077, 0.0636,-0.0427, 0.0579],[-19.8069,-20.895 ,-19.5295,-21.0757,-20.776 ],[-0.9076, 0.0603,-0.0386, 0.0497],0.4135
2412,[-0.9077, 0.0749,-0.0839, 0.0708],[ 1.2219, 2.7765,-4.1661,-2.3964, 9.687 ],[-0.9074, 0.0754,-0.0804, 0.0612],0.3853
2420,[-0.9078,-0.0618, 0.0448, 0.0565],[ 3.4884,-0.1753,-1.708 ,-1.0702,35.1422],[-0.9078,-0.0586, 0.0377, 0.0436],0.4153
2421,[-0.9067,-0.0728, 0.0842, 0.0606],[ 1.8241e+00,-7.0413e-02, 5.0965e+00, 4.8386e-01, 1.9567e+02],[-0.9064,-0.0738, 0.0823, 0.0486],0.3808
2423,[-0.9008,-0.1383, 0.1782, 0.0383],[-0.883 ,-4.1555, 2.5947,-2.6907, 0.1536],[-0.8999,-0.1423, 0.1787, 0.0406],0.2765
2443,[-0.9107,-0.2201, 0.2185, 0.0416],[ 2.4976,-1.3823, 7.0845, 1.1124, 2.32  ],[-0.9109,-0.2184, 0.208 , 0.0416],0.2685
2500,[-0.9082,-0.0282, 0.0162,-0.0558],[  1.7755,677.0571,  6.0601,  1.3714,  1.1757],[-0.9085,-0.0268, 0.0169,-0.0687],0.4332
2501,[-0.9077,-0.0449, 0.0681,-0.056 ],[-23.4209,-25.0482,-19.774 ,-25.1483,-24.2593],[-0.9079,-0.0483, 0.0694,-0.0666],0.4058
2502,[-0.9061, 0.0314,-0.0694,-0.0663],[-2.7361e-02, 7.0331e+01,-1.1538e+00,-2.2131e-01, 1.1526e+00],[-0.9062, 0.0367,-0.0713,-0.078 ],0.4029
2510,[-0.9081, 0.0642,-0.0436,-0.0549],[-20.8743,-20.9086,-19.6664,-21.0038,-20.0302],[-0.9086, 0.0612,-0.0405,-0.0661],0.4163
2512,[-0.9048, 0.0753,-0.0852,-0.0645],[ 0.3371, 6.8165,-0.9826, 0.3619, 4.99  ],[-0.905 , 0.0765,-0.0832,-0.0757],0.3736
2520,[-0.9068,-0.0635, 0.0468,-0.0716],[  0.7863,109.7572,  0.7681,  0.5632,  1.6556],[-0.9073,-0.0616, 0.0467,-0.0822],0.4076
2521,[-0.9068,-0.0771, 0.0868,-0.0668],[ 1.2259e+00,-1.6524e-01, 5.3237e+02, 3.3590e+00, 2.0419e+00],[-0.907 ,-0.0783, 0.0846,-0.0765],0.3803
2523,[-0.8978,-0.1439, 0.1837,-0.0655],[ 0.5409,-1.7854,18.0502, 4.4499,-0.0421],[-0.8973,-0.1487, 0.1861,-0.0731],0.2604
2541,[-0.9095,-0.2115, 0.1576,-0.073 ],[ 1.6422,-0.783 , 0.5614, 0.031 ,-0.1485],[-0.9113,-0.203 , 0.136 ,-0.057 ],0.313
2543,[-0.9003,-0.2037, 0.2262,-0.0885],[ 2.3049,-0.4826, 2.7763, 2.3504,11.2877],[-0.9001,-0.2062, 0.2222,-0.091 ],0.2281
2600,[-0.908 ,-0.0066, 0.0014,-0.1544],[ 1.9931, 8.4351,70.0104, 1.1815, 1.9673],[-9.0873e-01,-5.6655e-03,-5.1473e-04,-1.6235e-01],0.4395
2601,[-0.9083,-0.0476, 0.0735,-0.1444],[-26.5166,-27.647 ,-25.9679,-26.7004,-26.2786],[-0.9088,-0.0516, 0.0752,-0.152 ],0.4053
2602,[-0.9076, 0.0443,-0.0665,-0.16  ],[ 0.8098,41.6266,-0.9176, 1.1239,-0.3159],[-0.9081, 0.0479,-0.0684,-0.1672],0.4078
2610,[-0.9065, 0.0701,-0.0389,-0.183 ],[-1.7428,-3.1523,-0.5775,-1.8551,-2.6305],[-0.9076, 0.0657,-0.0339,-0.1871],0.4129
2612,[-0.9068, 0.0792,-0.0904,-0.1675],[ 5.6209e-01, 1.3255e+02,-1.1445e-01, 9.3972e-01, 9.3438e-01],[-0.9075, 0.0809,-0.0872,-0.1754],0.38
2620,[-0.9073,-0.0647, 0.0482,-0.1664],[  0.9881,199.5279,  1.1709,  1.4024,  0.2508],[-0.9081,-0.063 , 0.0489,-0.1712],0.4098
2621,[-0.9075,-0.0792, 0.0844,-0.1622],[1.4157e+01,3.1220e-02,2.0355e+02,1.2634e+00,1.0870e+00],[-0.9082,-0.0802, 0.0823,-0.1697],0.3857
2623,[-0.9037,-0.1453, 0.1743,-0.202 ],[-0.1237,-1.2409, 6.6941,-0.2285,-0.0624],[-0.9039,-0.1501, 0.1751,-0.208 ],0.2904
2641,[-0.9005,-0.187 , 0.1343,-0.2095],[ 0.0451,-0.7758,-0.1401,10.0674, 0.3066],[-0.9025,-0.1799, 0.1154,-0.2   ],0.2991
2643,[-0.8936,-0.1918, 0.2036,-0.1828],[ 0.4907, 0.3105,68.2886, 1.9149, 1.8069],[-0.8941,-0.1938, 0.199 ,-0.1868],0.2226
2700,[-0.9047, 0.0083, 0.0112,-0.3281],[-0.1734, 0.6939, 1.8249, 2.4929, 0.0963],[-0.9061, 0.0053, 0.0131,-0.3154],0.4375
2701,[-0.9086,-0.0153, 0.0709,-0.29  ],[-2.5585,-3.2783,-1.1803,-1.9319,-2.7501],[-0.9095,-0.0242, 0.0773,-0.2769],0.4203
2702,[-0.9107,-0.0073,-0.0667,-0.3713],[-3.9988,-2.7754,-4.3281,-3.5141,-4.0547],[-0.9117, 0.0073,-0.0919,-0.3593],0.4324
2710,[-0.9045, 0.0685,-0.0432,-0.3164],[ 0.7989, 0.4242,29.0052, 2.3524, 0.8129],[-0.906 , 0.0656,-0.0411,-0.3078],0.4029
2712,[-0.9047, 0.0876,-0.0774,-0.3311],[ 0.8834,42.5891, 1.291 , 0.7803, 1.2538],[-0.9062, 0.0867,-0.0723,-0.3224],0.3787
2720,[-0.9045,-0.0743, 0.0432,-0.2996],[ 1.7249e+00, 8.1157e+01,-2.4322e-02, 1.4907e+00, 3.3200e-01],[-0.9059,-0.0709, 0.0432,-0.2867],0.3991
2721,[-0.8986,-0.0884, 0.0814,-0.3185],[  0.5755,  0.7665,109.9509,  1.4115,  0.8524],[-0.9   ,-0.0875, 0.0744,-0.3052],0.3513
2723,[-0.9068,-0.1521, 0.1794,-0.2648],[ 3.5012,-1.2791, 0.9254, 4.2277,-0.4025],[-0.9073,-0.1571, 0.1794,-0.2668],0.2982
2743,[-0.905 ,-0.1722, 0.1977,-0.2722],[ 1.4596,-0.1304, 5.913 ,10.2598, 0.5798],[-0.9055,-0.1768, 0.1964,-0.2554],0.2736
2800,[-0.8979, 0.0262, 0.0045,-0.4337],[ 1.3849, 1.6906,39.1366, 1.3477, 1.0903],[-0.8998, 0.0225, 0.0049,-0.4196],0.4083
2801,[-0.8772,-0.0438, 0.078 ,-0.4658],[-0.0397,-1.3142,-0.4969, 1.0159,-0.5021],[-0.8789,-0.0488, 0.0814,-0.4551],0.2787
2802,[-0.8978, 0.0351,-0.0696,-0.467 ],[-0.1169, 5.5504,-0.3458, 0.5221,-0.3169],[-0.8996, 0.0411,-0.075 ,-0.457 ],0.3696
2810,[-0.8926, 0.0646,-0.0333,-0.4521],[1.3934,0.5063,2.003 ,6.6605,2.733 ],[-0.8948, 0.0601,-0.0225,-0.437 ],0.364
2812,[-0.8917, 0.0828,-0.0839,-0.4379],[ 1.3151,23.5373, 0.6774, 1.8875, 0.9428],[-0.8935, 0.0841,-0.0829,-0.4225],0.3213
2820,[-0.9036,-0.0766, 0.0404,-0.4281],[ 0.1869, 9.3648, 0.1854, 2.189 ,-0.1085],[-0.9057,-0.0719, 0.0354,-0.4118],0.4019
2821,[-0.8928,-0.0861, 0.0949,-0.4439],[ 1.6245, 0.8328, 4.3037,22.7161, 0.0708],[-0.8946,-0.088 , 0.0913,-0.4276],0.3206
2900,[-0.8942, 0.0352, 0.0071,-0.5745],[  1.5745,  0.6345,592.5147,  1.6387, -0.7484],[-0.8968, 0.0297, 0.0102,-0.5577],0.3907
2901,[-0.8742,-0.0374, 0.0756,-0.5971],[ 7.8758e-01,-2.9614e-02, 9.2196e+01, 2.0675e+00, 3.2275e-01],[-0.8765,-0.043 , 0.0793,-0.5815],0.2724
2902,[-0.867 , 0.0554,-0.0965,-0.6261],[-3.3547,-2.2457,-5.384 ,-3.5665,-5.7809],[-0.8693, 0.0604,-0.0919,-0.6082],0.233
2910,[-0.8804, 0.0654,-0.0392,-0.6171],[ -0.8776,  1.5874,  0.7864,175.7517, -1.5444],[-0.8833, 0.0625,-0.0314,-0.6   ],0.3117
2912,[-0.8769, 0.0709,-0.0658,-0.6247],[-1.5798, 6.9946,-2.6842,70.7961,-1.9231],[-0.8796, 0.0716,-0.0652,-0.6081],0.2788
2920,[-0.895 ,-0.0694, 0.0422,-0.5882],[ 0.2596, 3.2025,-1.0172, 6.8911,-1.126 ],[-0.8977,-0.0662, 0.0365,-0.5728],0.3686
2921,[-0.887 ,-0.0799, 0.1008,-0.5615],[ 8.1145e-01,-2.4938e-01, 1.6049e+02, 3.3338e+00,-1.3292e-01],[-0.8892,-0.0839, 0.1009,-0.5497],0.2959
3700,[-0.8651,-0.0481, 0.0501,-0.3604],[-0.5371, 0.4312,-0.3111,-1.0113,-0.6159],[-0.8666,-0.0488, 0.0505,-0.3434],0.2438
3800,[-0.8581,-0.0474, 0.0399,-0.4455],[0.9859,0.4003,0.676 ,1.4512,0.0058],[-0.86  ,-0.0475, 0.0423,-0.4278],0.2236
3801,[-0.865 ,-0.0169, 0.0614,-0.4903],[-0.5022,-0.9171, 0.2147,-0.054 ,-0.2754],[-0.8669,-0.0219, 0.0619,-0.4722],0.2512
3820,[-0.8462,-0.0627, 0.0484,-0.4776],[ 0.3411, 1.2072, 0.1569, 0.1057,-0.072 ],[-0.8484,-0.0621, 0.0465,-0.4739],0.1785
3821,[-0.8534,-0.0655, 0.0596,-0.4788],[0.2316,0.0341,3.7299,0.5039,1.4756],[-0.8556,-0.0658, 0.0597,-0.4797],0.196
3900,[-0.8408, 0.0272, 0.0195,-0.7966],[ 1.1539, 1.8205, 5.141 ,92.2452, 0.4336],[-0.8443, 0.0223, 0.0266,-0.7812],0.1805
3901,[-0.8595,-0.0157, 0.0662,-0.7054],[-0.4346,-1.8545, 8.3757, 7.4312,-1.4905],[-0.8622,-0.0218, 0.0689,-0.687 ],0.2313
3902,[-0.8275, 0.0499,-0.0775,-0.8179],[-2.8642, 3.1062,-3.113 , 4.1536,-3.1103],[-0.8308, 0.0534,-0.0781,-0.813 ],0.1119
3910,[-0.8514, 0.066 ,-0.0492,-0.7108],[  1.7997,  1.6956,377.435 ,  1.9258,  1.1683],[-0.8546, 0.0657,-0.0509,-0.7023],0.1952
3912,[-0.8448, 0.0666,-0.0702,-0.7394],[5.7283e-01,5.4711e+02,1.4368e-01,1.4964e+00,2.6291e-01],[-0.848 , 0.0679,-0.0674,-0.7276],0.1662
3920,[-0.8446,-0.0666, 0.0484,-0.6857],[ 0.3339, 4.7807, 0.3487, 1.764 ,-0.0234],[-0.8477,-0.066 , 0.0486,-0.6723],0.1729
3921,[-0.8438,-0.0676, 0.0594,-0.7202],[ 0.3808,-1.04  ,10.17  ,11.9534,-0.5782],[-0.8469,-0.068 , 0.0587,-0.7061],0.1657
4900,[-0.8089, 0.0473,-0.0323,-0.8005],[  1.0284,  1.2361,  2.3544,  0.709 ,160.5688],[-0.8126, 0.0463,-0.0253,-0.8168],0.0746
4902,[-0.7961, 0.0339,-0.0658,-0.7799],[-4.0407e-01, 3.3182e+02,-3.1769e-01, 7.1739e-01, 4.7602e-01],[-0.7994, 0.037 ,-0.0658,-0.7832],0.0313
4910,[-0.8036, 0.0614,-0.0446,-0.7407],[ 0.3008, 0.3556,55.0594, 0.352 , 0.8487],[-0.8069, 0.0612,-0.0462,-0.7439],0.0507
4912,[-0.8054, 0.0612,-0.0668,-0.7531],[5.6425e-01,1.5857e+02,1.2627e-01,5.1563e-01,3.5359e-01],[-0.8086, 0.0625,-0.0643,-0.7545],0.0494
4920,[-0.7985,-0.0676, 0.0395,-0.7842],[0.5573,6.8901,1.1717,0.6391,0.5177],[-0.8021,-0.0664, 0.0396,-0.7786],0.0381
4921,[-0.7998,-0.0684, 0.0597,-0.7462],[ 0.5006,-0.874 , 9.7424, 0.9507, 3.4688],[-0.8031,-0.0687, 0.0586,-0.7418],0.0345
5820,[-0.7648,-0.0576, 0.0256,-0.4997],[ 0.2008,-0.0499,-0.1962,-0.1417,-0.0236],[-0.7672,-0.0564, 0.0318,-0.5179],-0.0446
5900,[-0.7493,-0.0141,-0.0077,-0.7086],[ 1.1607e+00, 1.1664e+00, 1.9263e+02,-2.3102e-02, 3.2214e+00],[-0.7524,-0.0123,-0.015 ,-0.7151],-0.0679
5901,[-0.7379,-0.0489, 0.0609,-0.7107],[-0.868 ,-1.5899, 3.498 ,-1.0425, 1.7147],[-0.741 ,-0.0501, 0.0586,-0.7209],-0.1048
5902,[-0.763 , 0.0239,-0.0621,-0.7259],[ 5.0232e-02, 3.0362e+02,-9.1711e-02,-4.1818e-01, 5.4959e-01],[-0.766 , 0.0268,-0.063 ,-0.7307],-0.0475
5910,[-0.7734, 0.0834,-0.0394,-0.6009],[ 0.6961,-0.6832, 2.2158,-0.8915,92.9003],[-0.7765, 0.0804,-0.0255,-0.61  ],-0.0274
5912,[-0.7565, 0.0744,-0.0866,-0.7156],[-0.3715,49.055 ,-0.1958,-0.3172, 1.0255],[-0.7595, 0.0758,-0.0829,-0.7065],-0.0768
5920,[-0.7618,-0.0667, 0.0448,-0.7413],[-0.5953, 0.6043,-0.1091,-1.2849, 0.9111],[-0.7653,-0.066 , 0.0432,-0.7458],-0.0535
5921,[-0.751 ,-0.0752, 0.0744,-0.7451],[ 0.1014,-0.4938,16.5491, 0.8082, 4.1859],[-0.7543,-0.0758, 0.0704,-0.7494],-0.0851
6700,[-6.9279e-01,-1.4526e-04, 1.8237e-02,-3.5720e-01],[-0.4865,-0.3737, 0.6647,-1.2946, 4.6734],[-0.6943,-0.0013, 0.025 ,-0.3673],-0.1767
6701,[-0.694 ,-0.0034, 0.0658,-0.3653],[-1.1238,-1.6894, 0.8803,-1.8423, 1.0319],[-0.6954,-0.0063, 0.0634,-0.3757],-0.1798
6702,[-0.6891, 0.0159,-0.0579,-0.371 ],[-0.5482, 0.0345,-1.7132,-1.7778, 0.7493],[-0.6905, 0.0175,-0.0488,-0.3558],-0.1861
6800,[-6.9558e-01,-5.5770e-06, 2.2449e-02,-4.5730e-01],[-20.6425,-20.7979,-20.1139,-22.1682,-19.5683],[-0.6976,-0.0013, 0.0269,-0.4712],-0.1703
6801,[-0.6941,-0.0076, 0.0736,-0.4626],[-3.4314,-4.8092,-1.6876,-4.9298,-2.7573],[-0.6958,-0.0109, 0.073 ,-0.4765],-0.1809
6802,[-0.6915, 0.0131,-0.0653,-0.4623],[-19.2141,-19.0223,-19.6268,-20.1918,-18.6969],[-0.6934, 0.0156,-0.0615,-0.4787],-0.1834
6810,[-0.7026, 0.0583,-0.0135,-0.4761],[-0.7059,-0.7422, 0.2676,-1.6355, 0.7747],[-0.7049, 0.0561,-0.0067,-0.4597],-0.1627
6812,[-0.6934, 0.0617,-0.0697,-0.4866],[-2.7173,-2.2568,-3.9693,-3.7363,-1.6839],[-0.6956, 0.0619,-0.0577,-0.4932],-0.1869
6900,[-0.715 ,-0.009 , 0.014 ,-0.6034],[ 1.2546e-01, 1.2290e+00, 2.2546e+02,-8.4912e-01, 1.3619e+00],[-0.7177,-0.0092, 0.0111,-0.6147],-0.1344
6901,[-0.7036,-0.0216, 0.0728,-0.5685],[-0.4143,-2.1447,44.2813,-0.5393, 1.1693],[-0.7058,-0.0242, 0.0683,-0.582 ],-0.1655
6902,[-0.7171, 0.0332,-0.0673,-0.6296],[ 0.8251,38.8639, 0.0574,-1.6551,39.3375],[-0.7196, 0.0355,-0.0683,-0.6416],-0.1436
6910,[-0.7107, 0.0619,-0.0362,-0.6755],[ 0.5522,-1.9364, 6.3673,-2.7457, 4.6211],[-0.714 , 0.0606,-0.029 ,-0.6887],-0.1509
6912,[-0.7141, 0.0615,-0.0847,-0.6937],[-0.1635, 5.7755,-3.4392,-3.2285, 4.3621],[-0.7169, 0.0633,-0.0824,-0.7037],-0.1558
6921,[-0.7191,-0.0729, 0.1072,-0.6568],[ 0.2096,-2.3323, 0.2547,-1.3978, 0.7661],[-0.7215,-0.0756, 0.1075,-0.6671],-0.1552
7422,[-0.6696,-0.1508,-0.1145, 0.015 ],[-4.726 ,-3.6047,-6.9043,-5.6104,-3.2314],[-0.6701,-0.1402,-0.1207, 0.0044],-0.2452
7442,[-0.6657,-0.1862,-0.0892, 0.0206],[-3.2294,-2.753 ,-4.8651,-3.8433,-1.9649],[-0.6672,-0.1752,-0.0986, 0.0169],-0.2507
7502,[-0.6687,-0.0465,-0.126 ,-0.1158],[-3.1804,-2.3573,-4.7806,-4.4091,-1.9958],[-0.6684,-0.0398,-0.1204,-0.1288],-0.2326
7522,[-0.671 ,-0.1273,-0.1266,-0.0736],[-2.1685, 0.5228,-6.1318,-4.1412, 0.8353],[-0.6714,-0.117 ,-0.1311,-0.088 ],-0.2416
7542,[-0.6638,-0.1969,-0.0795,-0.0107],[-20.4249,-18.1517,-22.567 ,-21.8281,-19.037 ],[-0.6654,-0.1878,-0.0874,-0.0177],-0.2531
7600,[-0.6735,-0.0013,-0.0357,-0.2295],[-1.7621,-2.6055,-2.376 ,-3.1614, 0.0576],[-6.7455e-01,-1.6737e-04,-2.4142e-02,-2.4223e-01],-0.205
7602,[-0.6702,-0.0358,-0.1275,-0.2126],[-20.2571,-18.7437,-22.5133,-21.8259,-19.4417],[-0.6703,-0.0292,-0.1222,-0.2269],-0.2289
7604,[-0.6668,-0.0348,-0.1722,-0.217 ],[-14.7934,-13.3671,-16.6479,-15.5641,-14.7006],[-0.6659,-0.0265,-0.1706,-0.2247],-0.2415
7622,[-0.6722,-0.0806,-0.1439,-0.1663],[-11.9892,-10.2767,-15.326 ,-13.7638,-10.7736],[-0.672 ,-0.0713,-0.1444,-0.181 ],-0.236
7624,[-0.6698,-0.0654,-0.1698,-0.2008],[-6.3744,-5.812 ,-8.4665,-6.6774,-5.5247],[-0.6691,-0.0557,-0.1713,-0.2121],-0.2415
7700,[-0.6784, 0.003 ,-0.0185,-0.3381],[-14.4666,-15.433 ,-15.4314,-15.9787,-13.46  ],[-0.6799, 0.0032,-0.0068,-0.352 ],-0.1966
7701,[-0.6848,-0.0035, 0.0669,-0.3573],[-3.5212,-4.635 ,-1.3366,-3.8837,-2.4559],[-0.6861,-0.0063, 0.0632,-0.3739],-0.1942
7702,[-0.6723,-0.0086,-0.1051,-0.3042],[-27.5898,-26.025 ,-29.8113,-29.3769,-26.7633],[-0.673 ,-0.004 ,-0.0955,-0.3181],-0.2184
7704,[-0.6665,-0.0162,-0.1751,-0.2771],[-14.241 ,-13.1362,-15.8701,-14.5065,-13.7529],[-0.6657,-0.0084,-0.1728,-0.2832],-0.2402
7800,[-0.683 , 0.0089,-0.0023,-0.4205],[-57.2694,-57.5639,-57.4651,-58.6072,-56.7224],[-0.6849, 0.0081, 0.0089,-0.4329],-0.1897
7801,[-0.6857,-0.0031, 0.0749,-0.4396],[-6.7992,-8.0592,-5.5472,-7.5613,-6.3491],[-0.6873,-0.0065, 0.0733,-0.4524],-0.1939
7802,[-0.6751, 0.019 ,-0.0817,-0.4055],[-36.2701,-35.3912,-37.3654,-37.328 ,-35.5933],[-0.6766, 0.0214,-0.0699,-0.4171],-0.211
7900,[-0.6852, 0.0231, 0.0225,-0.5251],[ -9.5406, -9.606 , -9.2498,-10.4399, -8.9255],[-0.6875, 0.0202, 0.0384,-0.5407],-0.1902
7901,[-0.6871, 0.0091, 0.0687,-0.5223],[-3.2706,-3.9682,-2.3755,-3.9247,-2.6559],[-0.6891, 0.0052, 0.0707,-0.5371],-0.1905
7902,[-0.6818, 0.0506,-0.114 ,-0.5156],[-7.971 ,-7.3935,-8.0184,-8.1674,-7.5183],[-0.6834, 0.0538,-0.1114,-0.5287],-0.2126
7912,[-0.686 , 0.0587,-0.0955,-0.5504],[-4.3537,-3.5071,-5.8873,-5.7602,-3.8677],[-0.6881, 0.0604,-0.0851,-0.5535],-0.2026
