300,[-0.9561,-0.004 ,-0.0081, 0.1387],[ 1.182 , 0.8659, 2.3796, 3.5511,-0.2266],[-9.5539e-01,-2.1295e-04,-1.2253e-02, 1.5333e-01],0.3135
321,[-0.957 ,-0.108 , 0.1206, 0.1519],[ 1.7727, 2.039 , 2.9437, 5.8222,-0.7493],[-0.9562,-0.1096, 0.1216, 0.1664],0.2219
400,[-0.9578,-0.0176, 0.0142, 0.0589],[0.8894,1.5401,0.8591,6.3586,0.0205],[-0.9575,-0.0174, 0.0174, 0.074 ],0.2955
401,[-0.9558,-0.0364, 0.0739, 0.1077],[-0.7285,-1.5491, 0.208 ,-0.2453,-0.9395],[-0.9549,-0.0493, 0.0953, 0.1227],0.2622
402,[-0.9559, 0.0413,-0.0719, 0.0112],[ 1.1666, 1.1927,-1.2619,-0.606 ,-1.085 ],[-0.9555, 0.0504,-0.0806, 0.0264],0.2652
420,[-0.9588,-0.0562, 0.0275, 0.0135],[-1.0695, 1.6818,-1.9213,-0.6888,-1.9085],[-0.9588,-0.0479, 0.0233, 0.027 ],0.277
421,[-0.9601,-0.109 , 0.1026, 0.0613],[ 0.6151, 0.577 , 3.4294, 4.8196,-0.8299],[-0.9598,-0.1071, 0.1042, 0.0766],0.2167
500,[-0.957 ,-0.0047,-0.0169,-0.0653],[ 1.4742, 1.262 , 0.0222,12.0882,-0.6407],[-0.9572, 0.0012,-0.0198,-0.0496],0.3008
502,[-0.9563, 0.027 ,-0.0597,-0.0123],[-0.239 , 1.8796,-0.9906, 1.6129,-0.3943],[-0.9561, 0.0367,-0.0677, 0.0034],0.2741
520,[-0.9583,-0.0777, 0.0412,-0.016 ],[ 0.1792, 5.2483,-0.2439, 0.2141,-0.938 ],[-0.9586,-0.0664, 0.0319,-0.001 ],0.2668
521,[-0.958 ,-0.1313, 0.1079,-0.0613],[ 1.0105, 0.1868, 1.6092,11.1391,-0.2863],[-0.9586,-0.1247, 0.102 ,-0.0455],0.2151
541,[-0.9557,-0.1703, 0.1243,-0.1181],[-1.356 , 1.2286,-1.5032,-0.7285,-2.3718],[-0.9569,-0.161 , 0.1235,-0.1033],0.1977
600,[-0.9558,-0.0149,-0.0056,-0.1406],[ 0.0655, 1.1175,-0.8327, 1.0519,-2.056 ],[-0.9563,-0.0101,-0.005 ,-0.125 ],0.3094
1200,[-0.9253,-0.0292, 0.021 , 0.2852],[ 2.6892, 3.036 , 1.8995, 0.7168,51.4329],[-0.9241,-0.0276, 0.0211, 0.275 ],0.4238
1210,[-0.9252, 0.0908,-0.0293, 0.2737],[-0.2093,-1.189 , 4.0713,-0.5016, 0.3855],[-0.9245, 0.0799,-0.0222, 0.2787],0.4029
1212,[-0.9267, 0.1505,-0.0972, 0.2663],[ 2.2994, 1.8101, 0.5707, 0.7842,19.1357],[-0.9263, 0.1416,-0.0999, 0.2611],0.3333
1220,[-0.927 ,-0.0697, 0.0281, 0.2885],[-0.167 ,45.5783,-0.3326,-0.3685, 3.6798],[-0.9259,-0.0625, 0.0261, 0.294 ],0.3996
1221,[-0.941 ,-0.0969, 0.0929, 0.282 ],[ 3.8622, 1.534 ,69.0006, 1.6005, 2.0142],[-0.9398,-0.0933, 0.085 , 0.2902],0.307
1300,[-0.9164,-0.0259, 0.0323, 0.1397],[  1.113 ,  1.727 ,  1.4799,  1.3464,309.7188],[-0.9159,-0.027 , 0.0352, 0.1348],0.4415
1301,[-0.9161,-0.0467, 0.0657, 0.1389],[ 0.2457,-0.5223,81.229 , 0.911 , 0.5572],[-0.9153,-0.049 , 0.0659, 0.1429],0.4256
1302,[-0.914 , 0.0491,-0.0663, 0.1397],[ 0.3804,15.7972,-0.8165, 0.7572, 1.0492],[-0.9132, 0.0509,-0.0653, 0.1472],0.4263
1310,[-0.9176, 0.0683,-0.0335, 0.1565],[-6.3046,-7.1923,-5.2725,-6.2066,-7.098 ],[-0.9171, 0.0622,-0.0293, 0.1627],0.4245
1312,[-0.9153, 0.0764,-0.0822, 0.1513],[ 0.746 ,10.3007,-0.2051, 3.4724, 4.5094],[-0.9146, 0.0759,-0.0775, 0.1543],0.4061
1320,[-0.9174,-0.0669, 0.0409, 0.1685],[ 0.9891,89.1944,-0.8738, 0.4276, 0.8952],[-0.9168,-0.0626, 0.0398, 0.1748],0.4278
1321,[-0.9183,-0.0754, 0.0906, 0.162 ],[  1.0132,  1.1738,167.9465,  0.5577,  0.7665],[-0.9174,-0.0764, 0.0881, 0.1695],0.3928
1323,[-0.9155,-0.1187, 0.1868, 0.1517],[ 0.0815,-0.4114,15.6678,-0.2311, 1.3111],[-0.9135,-0.1267, 0.1928, 0.1619],0.3271
1332,[-0.9244, 0.179 ,-0.1414, 0.2032],[-2.6493,-3.4952,-2.4094,-2.7264,-3.342 ],[-0.9244, 0.1696,-0.1225, 0.2152],0.3104
1334,[-0.9317, 0.2029,-0.2099, 0.1722],[ 0.4756,10.8007, 0.1498, 3.3462, 3.0302],[-0.931 , 0.2004,-0.1991, 0.1849],0.2409
1341,[-0.9295,-0.1928, 0.1117, 0.1928],[ 0.9198,10.1069, 0.0657, 0.0399, 0.1224],[-0.9302,-0.1764, 0.091 , 0.202 ],0.3051
1343,[-0.9267,-0.2377, 0.2065, 0.1508],[ 1.1444, 0.887 ,24.014 , 1.5798, 0.4166],[-0.9272,-0.2295, 0.1869, 0.162 ],0.247
1400,[-0.9174,-0.0202, 0.0226, 0.0691],[1.2276e-01,7.0334e+02,1.6725e+00,1.0557e+00,1.9697e+00],[-0.9171,-0.021 , 0.0261, 0.0743],0.4421
1401,[-0.9165,-0.044 , 0.0668, 0.0722],[  0.4258, -0.6457,331.569 ,  0.8251,  0.4852],[-0.9161,-0.0472, 0.0681, 0.0739],0.4265
1402,[-0.9156, 0.0352,-0.067 , 0.0466],[ 8.7242e-01, 9.5743e+01,-3.2638e-01, 8.0703e-01, 6.2207e-02],[-0.9151, 0.0396,-0.0683, 0.0585],0.4297
1410,[-0.9171, 0.0639,-0.042 , 0.0385],[-19.594 ,-19.2651,-17.8076,-19.3782,-19.1449],[-0.917 , 0.0602,-0.0384, 0.0438],0.4359
1411,[-0.9225, 0.0565, 0.0585, 0.0307],[-1.8628,-2.8732,-1.7654,-2.2947,-2.1609],[-0.9223, 0.0386, 0.0625, 0.043 ],0.418
1412,[-0.9164, 0.0744,-0.0794, 0.0388],[-2.7409, 0.9094,-4.385 ,-1.7152, 0.6461],[-0.9162, 0.0745,-0.0765, 0.0418],0.4086
1414,[-0.9433, 0.1463,-0.1957, 0.0321],[ 0.4554, 9.1601,-0.4435, 4.2888,-0.2295],[-0.9421, 0.1556,-0.2035, 0.0455],0.2185
1420,[-0.918 ,-0.0604, 0.0485, 0.0466],[ 3.9480e-02, 2.1424e+02,-3.4031e-02, 7.4499e-01, 6.3102e-01],[-0.9179,-0.0585, 0.0483, 0.0557],0.431
1421,[-0.9178,-0.0677, 0.0754, 0.05  ],[  3.7162,  0.549 ,261.6679,  1.3682,  0.4877],[-0.9174,-0.0683, 0.0735, 0.0581],0.4121
1423,[-0.9159,-0.1416, 0.1815, 0.051 ],[-0.0439,-1.081 , 1.9684,31.7386, 1.1037],[-0.9148,-0.1462, 0.1823, 0.0657],0.3231
1434,[-0.9304, 0.1911,-0.2216, 0.0729],[ 0.7409, 4.737 ,-0.3064, 5.8042, 0.8832],[-0.9294, 0.1946,-0.2207, 0.0874],0.2341
1441,[-0.9193,-0.1824, 0.1452, 0.0356],[ 0.7018, 0.1997,-0.9163, 4.598 ,-0.6885],[-0.92  ,-0.1751, 0.1305, 0.0507],0.3254
1443,[-0.9209,-0.2112, 0.2407, 0.0553],[ 0.8726, 0.7344,25.6795, 2.0004, 0.5436],[-0.9199,-0.2134, 0.2383, 0.07  ],0.2477
1445,[-0.9308,-0.2463, 0.2816, 0.0428],[ 0.9755,-0.5869, 1.4277, 3.6941, 1.4362],[-0.9297,-0.2497, 0.2807, 0.052 ],0.1848
1500,[-0.9179,-0.0136, 0.0077,-0.0562],[  1.3454,  1.3778,  2.1126,168.9395,  1.1221],[-0.9181,-0.0127, 0.0064,-0.0434],0.4443
1501,[-0.9172,-0.0396, 0.0707,-0.0393],[-14.7383,-15.8978,-12.8899,-14.975 ,-14.4699],[-0.9172,-0.0446, 0.0733,-0.0359],0.4229
1502,[-0.9146, 0.0298,-0.072 ,-0.0597],[-16.5992,-15.9023,-18.0371,-16.5238,-16.7323],[-0.9146, 0.0362,-0.075 ,-0.0518],0.4307
1510,[-0.9179, 0.0643,-0.0423,-0.0612],[-21.2278,-21.7531,-19.9747,-20.3508,-21.1129],[-0.9183, 0.0608,-0.0392,-0.0572],0.4329
1512,[-0.9163, 0.0761,-0.0828,-0.0637],[-11.952 , -9.1089,-12.9596, -8.2343,-11.4267],[-0.9165, 0.0768,-0.0801,-0.0557],0.4087
1514,[-0.9265, 0.1389,-0.1788,-0.0689],[ 0.8404,17.1252,-0.4099, 0.3347,-0.86  ],[-0.926 , 0.146 ,-0.1823,-0.0548],0.2912
1520,[-0.9176,-0.0632, 0.0456,-0.068 ],[  0.4269,124.6038, -0.1769,  2.5634,  0.2282],[-0.918 ,-0.0608, 0.0454,-0.0612],0.4308
1521,[-0.9172,-0.0723, 0.0766,-0.0635],[ 1.6941, 0.1033,32.9722,30.6755, 0.3695],[-0.9174,-0.0728, 0.0743,-0.0575],0.4107
1523,[-0.9182,-0.1363, 0.1856,-0.0537],[ 3.6028,-1.0826, 1.598 ,28.4636,-0.4036],[-0.9174,-0.1436, 0.1893,-0.0388],0.3169
1532,[-0.9127, 0.171 ,-0.1495,-0.0838],[-1.749 ,-1.9577,-2.4341,-1.4302,-2.7223],[-0.9135, 0.168 ,-0.1423,-0.0791],0.3363
1534,[-0.9175, 0.1753,-0.2114,-0.0337],[ 2.023 , 2.224 ,-0.6695, 2.1266,-0.4943],[-0.9167, 0.1802,-0.2146,-0.0199],0.2979
1541,[-0.9398,-0.1721, 0.1523,-0.0739],[-0.5533,-1.1114,-0.733 ,-0.1862,-1.5036],[-0.9405,-0.1683, 0.1465,-0.0586],0.2438
1543,[-0.9247,-0.1945, 0.2141,-0.068 ],[ 0.7782, 0.0402, 2.3717,14.1701, 0.4932],[-0.9244,-0.1974, 0.2117,-0.0525],0.2553
1600,[-0.9172,-0.0045, 0.0026,-0.1689],[-34.6797,-34.1459,-35.2009,-34.4578,-36.0926],[-0.9179,-0.0043, 0.0022,-0.1612],0.4487
1601,[-0.9157,-0.0379, 0.0719,-0.1779],[-12.4727,-13.5898,-11.4445,-10.7568,-12.7296],[-0.9163,-0.0439, 0.0758,-0.1764],0.4243
1602,[-0.9132, 0.0364,-0.0721,-0.1716],[-3.5754,-2.4666,-6.2083,-2.2502,-5.3643],[-0.9137, 0.0423,-0.0755,-0.169 ],0.4288
1610,[-0.9178, 0.0645,-0.0419,-0.1715],[-20.9552,-21.1951,-19.8637,-20.0602,-21.7928],[-0.9187, 0.0608,-0.0369,-0.1639],0.4311
1612,[-0.9153, 0.0751,-0.0858,-0.1748],[-22.5696,-20.6754,-24.0244,-20.2519,-23.4617],[-0.9159, 0.0769,-0.0841,-0.1657],0.4084
1614,[-0.9174, 0.1209,-0.1717,-0.1401],[ 0.25  , 3.0901,-0.4568, 1.8003,-0.7176],[-0.917 , 0.129 ,-0.1761,-0.1257],0.3308
1620,[-0.9151,-0.0653, 0.0446,-0.1569],[ 0.3562, 1.6506,-0.8702,70.3707,-0.8527],[-0.9159,-0.0621, 0.041 ,-0.1464],0.4351
1621,[-0.9161,-0.0771, 0.0807,-0.1678],[ 0.4762, 0.6054, 5.0834,63.3341,-0.276 ],[-0.9168,-0.0778, 0.0785,-0.1562],0.4058
1623,[-0.9167,-0.1463, 0.1812,-0.1804],[ 1.1003,-1.5351, 3.5314, 1.8134,-0.6829],[-0.9166,-0.1528, 0.1855,-0.1671],0.3145
1634,[-0.9117, 0.1758,-0.1682,-0.1355],[ 1.0963, 0.4889,-1.1703, 3.1176,-0.6545],[-0.9124, 0.1749,-0.1615,-0.1192],0.3189
1641,[-0.9406,-0.1752, 0.1496,-0.2073],[-1.8292,-2.4822,-1.4965,-1.3047,-2.4356],[-0.942 ,-0.17  , 0.1381,-0.1939],0.2415
1643,[-0.9352,-0.1906, 0.1947,-0.1869],[ 0.2931, 0.4123,20.2453, 2.9155, 0.0706],[-0.9358,-0.1921, 0.1925,-0.1716],0.2309
1700,[-0.9187,-0.001 , 0.0068,-0.2795],[-22.1458,-22.5881,-22.2246,-21.3266,-23.3547],[-0.9199,-0.0023, 0.0091,-0.2723],0.447
1701,[-0.9185,-0.0398, 0.0769,-0.2837],[-4.4443,-4.8823,-3.0381,-3.2239,-4.8571],[-0.9194,-0.047 , 0.0823,-0.2784],0.414
1702,[-0.9153, 0.041 ,-0.0716,-0.2646],[-4.1305,-3.8159,-5.0389,-3.829 ,-5.1113],[-0.9162, 0.0469,-0.0767,-0.261 ],0.425
1710,[-0.9185, 0.0648,-0.0455,-0.2853],[-7.4161,-7.2716,-7.2498,-6.5961,-7.8494],[-0.9198, 0.062 ,-0.0418,-0.2762],0.424
1712,[-0.9163, 0.0834,-0.0886,-0.2757],[-22.3626,-21.5749,-23.2411,-21.175 ,-22.871 ],[-0.9175, 0.0849,-0.0867,-0.2672],0.3986
1720,[-0.9186,-0.0624, 0.048 ,-0.2847],[-1.7889,-1.3709,-1.8113,-0.8748,-2.129 ],[-0.9199,-0.0604, 0.0447,-0.2725],0.4213
1721,[-0.9188,-0.0888, 0.1118,-0.2925],[-10.3891,-11.7656,-10.1159, -9.8415,-11.4909],[-0.9197,-0.0937, 0.1138,-0.2793],0.373
1723,[-0.9265,-0.1518, 0.1724,-0.3071],[ 0.7767,-0.1958,15.0473, 2.0431,-0.3147],[-0.9274,-0.1572, 0.1721,-0.2917],0.2863
1741,[-0.9374,-0.1726, 0.1573,-0.2759],[-0.8626,-1.2407, 0.0701, 0.469 ,-1.7975],[-0.9389,-0.1704, 0.146 ,-0.2604],0.2491
1743,[-0.9366,-0.1851, 0.1828,-0.3085],[ 0.7384,-0.0758, 2.1249,40.8069,-0.4153],[-0.9378,-0.1872, 0.1802,-0.2917],0.2304
1800,[-0.9196,-0.0039, 0.0323,-0.4155],[-1.8311,-1.564 ,-1.3174,-0.2895,-3.6701],[-0.9213,-0.0093, 0.0355,-0.4018],0.4369
1801,[-0.9181,-0.0395, 0.0794,-0.4321],[-0.0836,-1.3152, 2.3446, 2.6634,-1.8377],[-0.9196,-0.0475, 0.0849,-0.4178],0.4095
1810,[-0.9278, 0.0686,-0.0522,-0.4051],[-1.0857,-1.3293,-0.6351,-0.2624,-2.1435],[-0.9297, 0.0663,-0.0486,-0.3882],0.3784
1812,[-0.9218, 0.0921,-0.075 ,-0.4527],[-2.2138,-2.2178,-3.0601,-1.1483,-4.0761],[-0.924 , 0.09  ,-0.0693,-0.4441],0.3822
1821,[-0.9217,-0.0883, 0.1252,-0.4307],[ 0.6009, 0.2498, 1.8959,25.7403,-0.2498],[-0.9228,-0.0972, 0.1325,-0.4134],0.3516
1823,[-0.9294,-0.1466, 0.176 ,-0.4204],[ 0.6337, 0.0964, 1.6851,37.2003,-0.4327],[-0.9304,-0.1552, 0.1804,-0.4027],0.2727
1843,[-0.9329,-0.177 , 0.196 ,-0.3978],[ 0.2348, 0.0834, 0.5675,51.376 ,-1.0166],[-0.934 ,-0.184 , 0.1972,-0.3802],0.2383
1900,[-0.918 , 0.0228, 0.0236,-0.5659],[-85.7197,-86.175 ,-86.2492,-85.3855,-87.7677],[-0.9204, 0.0145, 0.0297,-0.5483],0.45
1901,[-0.9152,-0.0336, 0.0826,-0.5573],[ 8.9072e-01, 5.5847e-02, 5.9133e+01, 2.4334e-03,-1.2220e+00],[-0.9172,-0.0432, 0.0881,-0.5417],0.4226
1912,[-0.9157, 0.1215,-0.1042,-0.5177],[-129.5595,-130.3128,-130.2689,-129.4299,-130.6391],[-0.9181, 0.1215,-0.1041,-0.5003],0.3762
1921,[-0.9214,-0.0786, 0.1198,-0.5365],[-7.3012,-8.2865,-7.2534,-7.2703,-9.9067],[-0.9229,-0.0889, 0.129 ,-0.5201],0.359
2200,[-0.8997,-0.02  , 0.0055, 0.2663],[-25.9935,-25.9809,-25.9895,-26.4555,-25.5969],[-0.8986,-0.018 , 0.0044, 0.26  ],0.3861
2201,[-0.9   ,-0.0532, 0.0583, 0.2756],[-6.8999,-7.6289,-6.4471,-7.5148,-6.7748],[-0.8988,-0.0532, 0.0583, 0.2719],0.3686
2202,[-0.8871, 0.0528,-0.0577, 0.3077],[-6.1105,-5.6412,-7.1688,-6.3883,-5.749 ],[-0.8857, 0.0527,-0.0574, 0.3008],0.314
2210,[-0.8997, 0.0575,-0.0483, 0.2588],[-2.8518,-3.4321,-2.1548,-3.9493,-2.6874],[-0.8986, 0.0557,-0.0465, 0.2641],0.3719
2212,[-0.9032, 0.0579,-0.0633, 0.2677],[-2.6322,-2.1365,-3.1603,-3.2752,-1.9066],[-0.902 , 0.0574,-0.0591, 0.2688],0.3801
2220,[-0.9098,-0.0683, 0.0332, 0.272 ],[-4.3511,-4.2544,-5.1556,-4.9038,-3.5961],[-0.9087,-0.0635, 0.0348, 0.2767],0.419
2221,[-0.9062,-0.077 , 0.0775, 0.2542],[-7.7711,-9.2754,-8.2069,-9.0737,-7.7729],[-0.9052,-0.0754, 0.0701, 0.2454],0.3807
2300,[-0.9069,-0.0346, 0.0307, 0.1536],[-84.7516,-84.2439,-84.6185,-85.3454,-83.1891],[-0.9063,-0.0338, 0.0297, 0.1462],0.4151
2301,[-0.9084,-0.0469, 0.0697, 0.1476],[-31.1985,-31.9278,-29.7338,-31.5488,-29.8175],[-0.9076,-0.0495, 0.0704, 0.1456],0.4036
2302,[-0.9069, 0.0468,-0.0682, 0.1489],[-21.7229,-21.2608,-22.9242,-22.3757,-21.2231],[-0.9061, 0.0491,-0.0686, 0.1479],0.3979
2310,[-0.9061, 0.0656,-0.0394, 0.1494],[-10.8205,-12.0228,-10.6566,-12.037 ,-10.1485],[-0.9057, 0.0609,-0.0306, 0.1457],0.4078
2312,[-0.9057, 0.0703,-0.0798, 0.1493],[-7.4626,-7.8478,-9.2147,-9.4018,-5.805 ],[-0.905 , 0.0705,-0.0756, 0.1461],0.3796
2320,[-0.9067,-0.0641, 0.042 , 0.1715],[-18.3992,-16.93  ,-18.1339,-18.3134,-17.3615],[-0.9061,-0.0605, 0.0379, 0.166 ],0.4069
2321,[-0.9067,-0.075 , 0.0934, 0.1642],[-44.7898,-46.5663,-43.7137,-45.4523,-43.424 ],[-0.9059,-0.0765, 0.0917, 0.1577],0.3727
2323,[-0.9055,-0.1534, 0.1907, 0.1547],[-2.0572,-4.1042, 0.1873,-2.6968,-0.7939],[-0.9042,-0.1561, 0.1885, 0.1519],0.2821
2343,[-0.8991,-0.1907, 0.2309, 0.1412],[ 3.0977,-0.9152, 4.726 ,-0.1497,12.431 ],[-0.8978,-0.1933, 0.2278, 0.1333],0.2221
2400,[-0.9079,-0.0291, 0.0243, 0.0605],[  3.8401, 12.9421,  4.3015, -0.36  ,314.6975],[-0.9077,-0.0283, 0.023 , 0.0469],0.4251
2401,[-0.9086,-0.0437, 0.0688, 0.06  ],[ -0.5848, -0.739 ,100.6295, -0.3865,  0.5495],[-0.9082,-0.0469, 0.0692, 0.0499],0.408
2402,[-0.9079, 0.0407,-0.0699, 0.0623],[-12.9007,-11.7409,-14.1854,-13.7375,-11.5238],[-0.9074, 0.0445,-0.0714, 0.0587],0.4046
2410,[-0.906 , 0.0658,-0.0385, 0.0696],[-13.9867,-14.5847,-12.9475,-14.3492,-13.1141],[-0.9059, 0.0612,-0.0309, 0.0625],0.4076
2412,[-0.9069, 0.0789,-0.0907, 0.0641],[ 0.8068,30.493 , 0.7667, 0.5246, 5.2399],[-0.9065, 0.0797,-0.0868, 0.0611],0.3765
2414,[-0.9043, 0.1406,-0.1687, 0.0769],[-0.4789, 2.0248,-3.5109,-1.8011, 0.065 ],[-0.9035, 0.1432,-0.1684, 0.0805],0.2948
2420,[-0.9055,-0.0661, 0.0404, 0.0524],[-4.6199,-5.5502,-6.5244,-6.7342,-4.7352],[-0.9055,-0.0621, 0.035 , 0.0409],0.4044
2421,[-0.9053,-0.0785, 0.0945, 0.0597],[ 0.6864, 0.4243, 5.9613, 0.094 ,82.9997],[-0.9049,-0.08  , 0.0925, 0.0464],0.3667
2423,[-0.9047,-0.142 , 0.1819, 0.0603],[-0.7564,-4.3833, 0.5394,-2.4297,-1.2963],[-0.9038,-0.146 , 0.1819, 0.058 ],0.2884
2432,[-0.9043, 0.1906,-0.1368, 0.0406],[-0.4395,-1.6413,-1.07  ,-1.8546, 2.0333],[-0.9053, 0.1833,-0.1284, 0.0428],0.3021
2434,[-0.9018, 0.1928,-0.2026, 0.0234],[ 1.1172, 8.4031,-0.7829, 0.1237, 2.0395],[-0.9017, 0.1927,-0.1945, 0.0306],0.2522
2441,[-0.9022,-0.1775, 0.1456, 0.0469],[ 0.4945,-0.1788,-0.1435, 0.9335,12.1619],[-0.903 ,-0.1717, 0.1283, 0.0371],0.2988
2443,[-0.9014,-0.1932, 0.207 , 0.0613],[ 0.5556,-0.5218,44.6725, 1.5521, 0.9259],[-0.901 ,-0.1933, 0.1991, 0.0588],0.2477
2500,[-0.908 ,-0.024 , 0.0112,-0.0519],[  2.7869,  3.4719,  4.1019,  1.1934,385.3074],[-0.9083,-0.0218, 0.0072,-0.0675],0.4313
2501,[-0.9074,-0.0417, 0.0676,-0.0503],[ 3.4991e-01,-1.0777e+00, 1.3785e+02,-8.0761e-01,-1.0830e-01],[-0.9075,-0.0452, 0.0679,-0.0631],0.4064
2502,[-0.907 , 0.0248,-0.0668,-0.0787],[-1.8825,48.9299,-2.165 ,-1.4101,-1.1916],[-0.9072, 0.0307,-0.0683,-0.0925],0.4117
2510,[-0.9072, 0.0621,-0.0477,-0.0678],[ 3.9183, 0.8552,36.38  ,-0.5929,-0.1694],[-0.9076, 0.0604,-0.0478,-0.0721],0.409
2511,[-0.8993, 0.0589, 0.0588,-0.0224],[-2.1121,-2.4935,-2.1285,-2.1918,-1.9469],[-0.8995, 0.0448, 0.0576,-0.0365],0.3757
2512,[-0.907 , 0.0736,-0.0831,-0.0626],[ 0.7521,98.9471, 0.2694, 1.2489, 0.4297],[-0.9072, 0.0747,-0.0807,-0.0703],0.3848
2514,[-0.9095, 0.1461,-0.1967,-0.0588],[ 0.8826, 0.8946,-3.5004,-1.9926,-1.6018],[-0.9086, 0.1528,-0.2008,-0.0464],0.2952
2520,[-0.9063,-0.0685, 0.0449,-0.075 ],[ 7.3999e-01, 1.4857e+02,-2.1637e-03, 1.6005e+00, 1.0847e+00],[-0.9068,-0.0657, 0.0445,-0.0851],0.4047
2521,[-0.9065,-0.0827, 0.094 ,-0.0653],[4.8975e-01,4.4158e-01,4.9769e+02,2.5609e+00,1.8961e-01],[-0.9067,-0.084 , 0.0912,-0.075 ],0.373
2523,[-0.8989,-0.1458, 0.1874,-0.0467],[ 0.0639,-2.6559,12.9428, 0.608 , 0.2567],[-0.8983,-0.1509, 0.1898,-0.0555],0.2616
2532,[-0.9106, 0.1745,-0.1614,-0.106 ],[-0.1111, 0.6646,-1.1617,-0.2883, 0.6303],[-0.9114, 0.1725,-0.1527,-0.0904],0.3203
2534,[-0.8992, 0.2201,-0.2274,-0.0522],[ 2.2112,22.0736, 0.0302, 0.286 ,-0.1626],[-0.8993, 0.2204,-0.2196,-0.0398],0.22
2541,[-0.9019,-0.1791, 0.1319,-0.0321],[ 0.5129,-0.4334, 1.3512, 0.3056, 1.9976],[-0.903 ,-0.173 , 0.1231,-0.0413],0.3006
2543,[-0.9002,-0.1781, 0.2029,-0.0708],[16.6726,-0.449 , 7.3001, 2.1434,-0.2089],[-0.8999,-0.1809, 0.2007,-0.0694],0.2492
2600,[-0.907 ,-0.0091, 0.0065,-0.1708],[110.2066,  3.2634,  3.2082,  5.235 ,  1.172 ],[-0.9077,-0.0087, 0.0057,-0.1809],0.431
2601,[-0.9076,-0.0397, 0.0707,-0.1644],[ 0.0727,-2.3726,27.0516,-1.4462,-2.0573],[-0.9081,-0.0445, 0.073 ,-0.1726],0.407
2602,[-0.9085, 0.0363,-0.07  ,-0.1592],[-1.0464e-02, 5.8113e+01,-1.1874e+00, 1.6033e+00,-2.1713e-01],[-0.9091, 0.0416,-0.0727,-0.1717],0.4129
2610,[-0.9053, 0.0628,-0.0495,-0.1858],[ 0.6424, 0.6915,67.3066, 0.5056, 0.3212],[-0.9062, 0.0615,-0.0497,-0.1812],0.4016
2612,[-0.9067, 0.0755,-0.0863,-0.1797],[  1.2754,134.2932,  0.4341,  2.8377,  0.4407],[-0.9075, 0.0773,-0.0846,-0.1838],0.3828
2614,[-0.9074, 0.1404,-0.1865,-0.2025],[ 1.8701, 7.834 ,-1.1798, 0.2874,-0.4448],[-0.9073, 0.1476,-0.1901,-0.2009],0.2976
2620,[-0.9078,-0.0673, 0.0464,-0.1612],[  0.348 ,182.9717,  0.2076,  0.824 ,  1.0004],[-0.9087,-0.0649, 0.0467,-0.1684],0.4125
2621,[-0.9073,-0.0821, 0.0862,-0.1633],[  2.5091,  1.0197,187.6132,  2.2341,  1.0488],[-0.908 ,-0.0827, 0.0825,-0.1683],0.3837
2623,[-0.9023,-0.1538, 0.1764,-0.1604],[ 0.3677,-1.162 , 7.5502,-0.5   , 0.107 ],[-0.9026,-0.1573, 0.1746,-0.1679],0.282
2634,[-0.9056, 0.1848,-0.206 ,-0.1795],[0.3081,2.352 ,0.0374,9.694 ,0.1739],[-0.9057, 0.1881,-0.2057,-0.1646],0.2656
2641,[-0.9008,-0.1795, 0.1404,-0.1723],[ 0.0155,-0.3465, 0.6622, 9.609 , 0.0972],[-0.9024,-0.1741, 0.124 ,-0.1628],0.2971
2643,[-0.8947,-0.1906, 0.1947,-0.1551],[ 1.1829, 0.3052,34.7037, 1.2129, 0.2109],[-0.8953,-0.1914, 0.1882,-0.1621],0.2326
2700,[-0.9002, 0.0352,-0.0206,-0.3054],[ 2.3628,13.611 , 4.2876, 3.4583, 1.4361],[-0.9016, 0.0332,-0.0169,-0.2928],0.4059
2701,[-0.9035,-0.0363, 0.0795,-0.3302],[-2.5314,-3.5371,-0.0314,-0.5561,-3.1448],[-0.9046,-0.0433, 0.0841,-0.317 ],0.3863
2702,[-0.9033, 0.0422,-0.0729,-0.2704],[-0.6701, 0.0381,-1.9859, 1.0744,-1.3387],[-0.9042, 0.0472,-0.0755,-0.2721],0.3874
2710,[-0.9   , 0.0648,-0.0497,-0.3016],[ 0.1892, 0.461 , 2.7787, 3.435 ,-0.0964],[-0.9014, 0.0633,-0.0485,-0.2879],0.3799
2712,[-0.9006, 0.0837,-0.0828,-0.3156],[ 0.6943,19.7818, 0.1694, 6.591 , 1.557 ],[-0.9019, 0.0844,-0.0815,-0.302 ],0.3567
2714,[-0.9043, 0.1466,-0.17  ,-0.2934],[ 0.4062, 0.9689,-1.2629, 1.8169,-0.0518],[-0.905 , 0.1513,-0.1718,-0.2775],0.2953
2720,[-0.9076,-0.0656, 0.037 ,-0.2973],[ 0.6894, 1.6818,-0.2532, 2.8478,-0.8693],[-0.909 ,-0.062 , 0.0347,-0.2867],0.4211
2721,[-0.9074,-0.0727, 0.1074,-0.2979],[ 0.8957,-0.0117, 4.4166, 5.7922, 0.5544],[-0.9082,-0.0789, 0.1118,-0.2845],0.372
2734,[-0.9026, 0.1815,-0.242 ,-0.2534],[ 0.5671, 4.4915,-0.0673, 1.86  , 0.7724],[-0.9017, 0.1905,-0.2503,-0.2365],0.2276
2800,[-0.8917, 0.0356, 0.0088,-0.4456],[ 2.0097, 1.1455, 2.2658,15.5978, 0.7327],[-0.8936, 0.0295, 0.0153,-0.4281],0.3664
2801,[-0.9007,-0.0132, 0.0714,-0.4211],[ 0.591 , 0.3446,14.8691, 0.435 , 0.6549],[-0.9022,-0.0219, 0.075 ,-0.4052],0.3897
2810,[-0.8839, 0.0636,-0.0445,-0.4503],[ 1.1613, 0.5603,14.1792, 1.5396, 1.3022],[-0.886 , 0.0622,-0.044 ,-0.435 ],0.3174
2812,[-0.8904, 0.0765,-0.076 ,-0.4353],[ 3.9882, 9.5001, 1.3143,11.6216, 1.0513],[-0.8922, 0.0778,-0.0778,-0.4179],0.3207
2820,[-0.9061,-0.0757, 0.0508,-0.3877],[1.261 ,7.441 ,0.338 ,1.4743,0.4543],[-0.908 ,-0.0721, 0.0417,-0.3737],0.4084
2821,[-0.9004,-0.0768, 0.0828,-0.4334],[ 1.4979, 0.8969,25.4336, 2.9232, 0.8328],[-0.9021,-0.0789, 0.0824,-0.4183],0.3599
2900,[-0.8916, 0.0365, 0.0164,-0.5701],[ 1.4042, 0.3475, 0.5236,68.0059,-0.1937],[-0.8941, 0.0283, 0.03  ,-0.5517],0.3704
2901,[-0.9031,-0.0033, 0.0712,-0.5735],[-2.9385e-01,-4.2350e-01, 1.1095e+02, 3.3231e-01,-2.2992e-02],[-0.9052,-0.014 , 0.0756,-0.5561],0.4057
2910,[-0.8769, 0.0685,-0.0403,-0.5956],[  1.3629, -0.3773,  5.5261,176.4571, -0.5185],[-0.8796, 0.0657,-0.0346,-0.5791],0.2937
2912,[-0.8767, 0.0727,-0.0647,-0.5867],[  1.1604,  6.056 , -2.4237,324.4691, -1.9476],[-0.8793, 0.0731,-0.0651,-0.5703],0.2768
2920,[-0.8755,-0.0655, 0.0448,-0.6437],[-3.9976,-4.4595,-4.3476,-4.0422,-4.8551],[-0.8784,-0.0641, 0.0428,-0.6267],0.2864
2921,[-0.8797,-0.072 , 0.0747,-0.589 ],[ 5.5276,-1.0117, 2.943 ,14.3487,-0.8369],[-0.8821,-0.0737, 0.0758,-0.5709],0.2834
3700,[-0.8503, 0.045 ,-0.017 ,-0.3584],[ 0.5605, 1.4268, 1.1858,-0.8182, 1.5985],[-0.8521, 0.0428,-0.0169,-0.3647],0.2063
3710,[-0.8447, 0.0656,-0.0313,-0.3425],[-0.9841,-1.2726,-0.4827,-1.3615,-1.0271],[-0.8465, 0.0626,-0.0265,-0.3449],0.1766
3800,[-0.8577, 0.0407,-0.0132,-0.4214],[ 1.4014, 3.3217,10.8742, 1.3699, 1.5823],[-0.8597, 0.0385,-0.0131,-0.4309],0.2371
3810,[-0.8496, 0.0666,-0.0478,-0.4791],[1.5732,0.3886,1.804 ,2.2595,0.9494],[-0.8518, 0.0654,-0.0448,-0.4746],0.1888
3812,[-0.8504, 0.0692,-0.0585,-0.4738],[ 3.926 , 4.5825,-0.2757, 1.2635, 0.1654],[-0.8525, 0.0689,-0.057 ,-0.4648],0.1853
3900,[-0.84  ,-0.0141,-0.0037,-0.9278],[ 1.4297,50.8119, 1.5638,49.9186, 0.5782],[-0.8441,-0.0126,-0.0029,-0.919 ],0.1868
3901,[-0.8506,-0.0185, 0.0763,-0.7703],[-2.4857,-3.2469,-0.5704,-2.0117,-3.5478],[-0.8535,-0.0252, 0.08  ,-0.7525],0.1942
3902,[-0.8318, 0.0424,-0.0797,-0.9432],[ -1.1989,  2.2022, -2.9957,207.5446, -2.4835],[-0.8355, 0.0473,-0.0829,-0.9316],0.1272
3910,[-0.8467, 0.071 ,-0.0499,-0.642 ],[ 0.7882, 1.0588,71.9601, 0.655 , 0.1489],[-0.8496, 0.0702,-0.0513,-0.6356],0.1767
3912,[-0.8438, 0.0753,-0.0696,-0.6688],[ 1.0254e+00, 5.0363e+02,-4.2899e-01, 4.6728e+00, 5.4021e-01],[-0.8467, 0.0757,-0.067 ,-0.6612],0.1598
3920,[-0.8483,-0.067 , 0.0515,-0.7573],[1.6181,7.4691,0.4486,2.396 ,0.2962],[-0.8516,-0.0668, 0.0519,-0.7438],0.1848
3921,[-0.8415,-0.0679, 0.0592,-0.7784],[ 0.4316,-0.1053,12.1169, 1.4617, 1.1934],[-0.8449,-0.0682, 0.058 ,-0.7648],0.1593
4810,[-0.8209, 0.0841,-0.0366,-0.4951],[ 0.3116, 0.3834, 0.2925,-0.1769, 0.2066],[-0.8233, 0.0817,-0.0432,-0.4885],0.0912
4812,[-0.812 , 0.0651,-0.0632,-0.4864],[ 0.6303, 1.0828,-0.543 ,-0.3197, 1.5879],[-0.8141, 0.066 ,-0.0677,-0.4908],0.062
4900,[-0.798 ,-0.0043,-0.0174,-0.7949],[  2.0112,  2.447 ,  5.1946,  2.2927,427.2459],[-0.8016,-0.0023,-0.0223,-0.8116],0.0485
4901,[-0.7879,-0.0479, 0.0674,-0.9954],[ 4.6135,-1.7199, 4.292 , 0.5039,-1.3097],[-0.7921,-0.0503, 0.0657,-0.9878],0.0083
4902,[-0.7932, 0.0366,-0.0749,-0.864 ],[ -0.3244,189.9606, -0.913 , -0.7136, -0.5224],[-0.7966, 0.0403,-0.0762,-0.8536],0.0202
4910,[-0.807 , 0.0645,-0.0501,-0.7422],[ 0.8963,-0.1517,11.8406, 0.4309, 0.9205],[-0.8103, 0.0645,-0.0515,-0.7301],0.0573
4912,[-0.8026, 0.0693,-0.0792,-0.7747],[ 2.2945,28.2603,-0.691 , 0.3073, 3.4115],[-0.8058, 0.0711,-0.0778,-0.7616],0.0356
4920,[-0.7987,-0.0661, 0.0376,-0.8879],[1.2757,4.1009,0.4396,1.6384,5.8368],[-0.8027,-0.065 , 0.0375,-0.8848],0.0379
4921,[-0.8013,-0.064 , 0.0598,-0.8976],[ 0.6912,-0.0732,11.3006, 0.7295, 1.0783],[-0.8053,-0.0646, 0.058 ,-0.8935],0.0419
5800,[-0.7413, 0.045 ,-0.0348,-0.4581],[-0.5084,-0.158 , 0.4385,-1.0143, 0.5484],[-0.7434, 0.0442,-0.0256,-0.4692],-0.0918
5802,[-0.7352, 0.0448,-0.0568,-0.4645],[-0.5871,-0.054 ,-1.0814,-1.2168,-0.1773],[-0.7372, 0.0455,-0.051 ,-0.4489],-0.1099
5900,[-0.7494, 0.0099,-0.0264,-0.8096],[ 1.9563e+00, 1.1892e+00, 7.6615e+02,-1.9202e-01, 3.1708e+00],[-0.7529, 0.0115,-0.0317,-0.8241],-0.0696
5901,[-0.749 ,-0.0379, 0.0623,-0.8027],[ 0.0745,-0.918 ,52.5819,-0.121 , 1.6394],[-0.7524,-0.0399, 0.0617,-0.8137],-0.0794
5902,[-0.7593, 0.0382,-0.0677,-0.86  ],[-12.6644,-10.9486,-12.6116,-13.0977,-12.3466],[-0.7628, 0.041 ,-0.0696,-0.8676],-0.0591
5910,[-0.7525, 0.0668,-0.0433,-0.8236],[ 0.8026,-1.6108, 1.382 ,-2.0075, 1.6817],[-0.7564, 0.0663,-0.0439,-0.8353],-0.0729
5912,[-0.7682, 0.0637,-0.0751,-0.8581],[-2.0978,-1.8542,-2.7173,-2.6158,-1.3529],[-0.7718, 0.0655,-0.0754,-0.8587],-0.0464
5920,[-0.7632,-0.0683, 0.0374,-0.7636],[-0.5594, 0.822 ,-1.2814,-1.1714, 0.9907],[-0.7668,-0.0669, 0.0342,-0.777 ],-0.0484
5921,[-0.7485,-0.0762, 0.0769,-0.7562],[ 4.1414e-01,-3.9907e-03, 2.1026e+01,-4.0080e-01, 4.9351e-01],[-0.7519,-0.0769, 0.0715,-0.7622],-0.0907
6700,[-0.6921, 0.0024,-0.0174,-0.3518],[-0.283 ,-0.5556, 0.5742,-1.2931, 3.4897],[-0.6937, 0.0032,-0.0197,-0.3661],-0.176
6702,[-0.6911, 0.0194,-0.0642,-0.349 ],[-0.8083, 0.1096,-1.5695,-1.3012, 0.9844],[-0.6924, 0.0213,-0.0571,-0.3584],-0.1851
6800,[-0.6948, 0.0022, 0.0039,-0.4607],[-33.163 ,-33.2657,-33.0196,-34.4891,-32.2104],[-0.6969, 0.002 , 0.0031,-0.4746],-0.1703
6801,[-0.6936,-0.0101, 0.0738,-0.4678],[ -9.0131, -9.6384, -7.1316,-10.014 , -7.8793],[-0.6954,-0.0133, 0.0717,-0.4812],-0.1816
6802,[-0.7004, 0.026 ,-0.075 ,-0.455 ],[-6.8386,-5.516 ,-7.7665,-8.3135,-5.9702],[-0.7021, 0.0287,-0.0767,-0.4631],-0.1737
6900,[-0.7121, 0.0051,-0.0151,-0.6223],[ 2.3399e-01, 5.4629e-02, 1.4869e+00,-5.0382e-02, 4.6633e+02],[-0.7149, 0.0059,-0.0181,-0.6407],-0.1413
6901,[-0.707 ,-0.0267, 0.0726,-0.58  ],[-1.0382e+00,-1.3441e+00, 3.2344e+01,-1.0568e+00, 1.4772e-02],[-0.7094,-0.0291, 0.0682,-0.5929],-0.1601
6902,[-0.7178, 0.028 ,-0.0645,-0.6558],[ 0.0723,41.5556,-1.1974,-1.0864, 1.8347],[-0.7205, 0.0304,-0.0645,-0.6716],-0.1404
6910,[-0.7126, 0.065 ,-0.0362,-0.6487],[ 3.3622,-2.4825, 1.4401,-2.2711, 7.6705],[-0.7157, 0.0639,-0.0342,-0.662 ],-0.149
6912,[-0.712 , 0.0709,-0.0949,-0.6604],[-1.1644,21.7208,-1.8565,-1.698 , 2.349 ],[-0.7147, 0.0726,-0.09  ,-0.6722],-0.1628
6921,[-0.7176,-0.0712, 0.1055,-0.6882],[ 0.0409,-2.4384, 1.4691,-1.2272, 2.1248],[-0.7202,-0.0738, 0.105 ,-0.7   ],-0.1566
7422,[-0.6695,-0.1513,-0.1168, 0.0119],[-4.4287,-3.5889,-6.3014,-5.4534,-3.1009],[-0.67  ,-0.1405,-0.1236, 0.0027],-0.2457
7442,[-0.6663,-0.1832,-0.0925, 0.0159],[-2.9034,-2.5004,-4.6742,-3.496 ,-1.5082],[-0.6677,-0.1723,-0.1016, 0.0137],-0.25
7502,[-0.6684,-0.0526,-0.1299,-0.1209],[-3.1703,-2.1317,-5.1053,-4.3925,-2.4052],[-0.6682,-0.0454,-0.1254,-0.136 ],-0.2345
7522,[-0.6711,-0.1281,-0.1262,-0.0745],[-3.9795,-2.7199,-8.51  ,-6.7844,-2.0179],[-0.6714,-0.1178,-0.1307,-0.0892],-0.2416
7542,[-0.6638,-0.1969,-0.0795,-0.01  ],[-19.4482,-17.0909,-21.5628,-20.8635,-17.5635],[-0.6654,-0.1877,-0.0874,-0.0169],-0.253
7600,[-0.6761,-0.0011,-0.0252,-0.2218],[-2.1719,-3.1684,-3.0146,-3.8455,-1.069 ],[-6.7715e-01,-4.9743e-04,-1.3228e-02,-2.3660e-01],-0.2005
7602,[-0.6705,-0.0375,-0.1267,-0.2144],[-21.7598,-20.4529,-24.0247,-23.3543,-20.8246],[-0.6706,-0.0308,-0.121 ,-0.2287],-0.2285
7604,[-0.6683,-0.0453,-0.1715,-0.2297],[-16.019 ,-14.3216,-17.2821,-15.9861,-15.5464],[-0.6675,-0.0365,-0.1712,-0.2445],-0.2407
7622,[-0.6723,-0.0803,-0.1429,-0.1677],[ -7.1253, -5.2975,-11.0185, -9.7498, -5.6829],[-0.6721,-0.0711,-0.1432,-0.1828],-0.2357
7624,[-0.6699,-0.0663,-0.1712,-0.1955],[-7.1455,-6.5554,-9.0139,-7.6993,-6.8057],[-0.6691,-0.0565,-0.1734,-0.2088],-0.2419
7700,[-6.7803e-01, 5.1105e-04,-2.0664e-02,-3.3864e-01],[-17.293 ,-17.7627,-17.8699,-18.997 ,-16.3361],[-0.6796, 0.0009,-0.0095,-0.3535],-0.1967
7701,[-0.6826,-0.0114, 0.0699,-0.3223],[-3.4777,-4.6229,-2.1867,-4.4306,-3.3217],[-0.6838,-0.0139, 0.0661,-0.3336],-0.1987
7702,[-0.6728,-0.0113,-0.1048,-0.3043],[-21.0195,-19.1815,-23.385 ,-23.0928,-19.8858],[-0.6735,-0.0067,-0.0954,-0.3188],-0.2177
7704,[-0.6654,-0.0058,-0.1763,-0.2975],[-13.3738,-12.3645,-15.3176,-14.3035,-13.5858],[-0.6647, 0.0016,-0.1737,-0.3084],-0.2417
7800,[-0.6834, 0.0061,-0.0052,-0.4215],[-61.8225,-62.1566,-62.227 ,-63.1273,-61.3125],[-0.6853, 0.0057, 0.0026,-0.4356],-0.1882
7801,[-0.6852,-0.0059, 0.0725,-0.433 ],[-7.4126,-8.5682,-6.8291,-7.9306,-7.3732],[-0.6868,-0.009 , 0.0703,-0.4477],-0.1945
7802,[-0.6762, 0.0197,-0.0875,-0.4109],[-27.7852,-26.2126,-29.0498,-28.9721,-27.3214],[-0.6776, 0.0224,-0.0778,-0.424 ],-0.2108
7810,[-0.6876, 0.0635,-0.0552,-0.4994],[-2.4813,-3.0552,-2.3879,-3.2575,-1.4299],[-0.69  , 0.0628,-0.0401,-0.5165],-0.1929
7812,[-0.6758, 0.0618,-0.098 ,-0.4576],[-2.2463,-1.9486,-3.983 ,-4.0284,-1.6038],[-0.6775, 0.0634,-0.0881,-0.4746],-0.2187
7900,[-0.6859, 0.0239, 0.0015,-0.5188],[-13.1801,-13.4504,-13.2955,-13.5924,-12.8578],[-0.6883, 0.0227, 0.0033,-0.5313],-0.1863
7901,[-0.6879,-0.0096, 0.1052,-0.5108],[-3.6461,-4.8363,-3.1055,-4.1802,-3.9886],[-0.6895,-0.0139, 0.0963,-0.5245],-0.1949
7902,[-0.6829, 0.044 ,-0.0932,-0.5254],[-5.4557,-4.6849,-5.9791,-6.0604,-5.077 ],[-0.6847, 0.0468,-0.0968,-0.5367],-0.2073
7910,[-0.6841, 0.0617,-0.0275,-0.562 ],[-2.8717,-3.9612,-2.1469,-3.9521,-1.8423],[-0.6869, 0.0602,-0.0216,-0.5796],-0.1948
7912,[-0.6826, 0.0625,-0.0969,-0.5524],[-2.1001,-1.3861,-4.4101,-3.9664,-1.4677],[-0.6847, 0.0641,-0.0859,-0.5658],-0.2083
