200,[-0.9593, 0.0063, 0.0088, 0.2765],[3.9259,1.2392,0.8568,1.2451,0.8104],[-9.5798e-01,-4.5763e-04, 2.2179e-02, 2.8985e-01],0.2928
201,[-0.9575,-0.014 , 0.0752, 0.2979],[-0.1038,-1.1219, 1.1713, 0.1299,-0.2704],[-0.9558,-0.0297, 0.0868, 0.3113],0.2694
202,[-0.9579, 0.0397,-0.0761, 0.262 ],[-0.1749, 2.0093,-1.1061, 1.0293,-0.2434],[-0.9564, 0.0481,-0.0809, 0.2753],0.2629
210,[-0.9613, 0.0774, 0.0011, 0.2904],[-0.7618,-0.4038, 1.9466,-0.0674,-0.0541],[-0.9602, 0.0462, 0.0453, 0.2905],0.2632
212,[-0.9601, 0.1014,-0.1181, 0.2666],[1.1614,2.2119,0.3277,2.9126,1.7659],[-0.9587, 0.1013,-0.1154, 0.2806],0.2187
214,[-0.9594, 0.1338,-0.1956, 0.29  ],[ 0.3633, 3.4159,-0.7037, 1.3154, 0.5463],[-0.957 , 0.1448,-0.2035, 0.3035],0.1713
221,[-0.9608,-0.0882, 0.0987, 0.2961],[3.6434,1.8212,2.8126,2.0612,0.7196],[-0.9594,-0.088 , 0.0964, 0.3047],0.2288
243,[-0.9559,-0.1701, 0.224 , 0.2536],[2.8376,0.5417,3.3692,2.0303,0.2646],[-0.9538,-0.1761, 0.2209, 0.265 ],0.1618
300,[-0.9623,-0.0072,-0.0033, 0.1714],[1.2833,0.2938,0.7078,2.8596,0.2381],[-0.9614,-0.004 ,-0.0052, 0.1835],0.2741
301,[-0.961 ,-0.0368, 0.0686, 0.1726],[-0.5232,-1.1221, 0.5832,-0.3629,-0.9367],[-0.96  ,-0.0459, 0.0768, 0.1758],0.2519
302,[-0.9598, 0.032 ,-0.0749, 0.1836],[ 1.1011, 0.9515,-0.87  , 0.9014,-0.7611],[-0.9586, 0.0447,-0.0878, 0.198 ],0.253
312,[-0.9587, 0.0814,-0.1062, 0.1684],[ 0.6243, 2.7405, 0.8377, 5.8683,-0.0995],[-0.9576, 0.0876,-0.1133, 0.1826],0.2291
314,[-0.9572, 0.1212,-0.1691, 0.138 ],[ 1.0559, 7.4543,-0.3455, 0.3928,-0.0976],[-0.9558, 0.1304,-0.1708, 0.1501],0.1945
320,[-0.9623,-0.0833, 0.0189, 0.163 ],[ 0.5734, 2.033 ,-1.4316, 0.866 ,-1.2378],[-0.9618,-0.0625, 0.0054, 0.1751],0.2576
321,[-0.9628,-0.1044, 0.1079, 0.173 ],[ 1.2507, 2.1647, 2.282 , 1.6633,-0.4006],[-0.962 ,-0.1031, 0.1071, 0.1841],0.21
323,[-0.9593,-0.1487, 0.1847, 0.209 ],[-0.3376,-0.5284, 1.1898,-0.5419,-0.5588],[-0.9576,-0.1554, 0.1937, 0.2224],0.1689
332,[-0.9634, 0.1805,-0.1503, 0.2422],[ 0.2054,-0.4983, 0.6431,-0.2345,-0.4746],[-0.9631, 0.1633,-0.1238, 0.2566],0.1752
334,[-0.9653, 0.221 ,-0.2201, 0.1764],[0.308 ,0.4834,0.0428,9.0936,0.5225],[-0.9648, 0.2142,-0.2078, 0.191 ],0.1169
341,[-0.9652,-0.1857, 0.1322, 0.1274],[-0.088 , 2.1268,-1.1551, 0.1285,-0.7031],[-0.9657,-0.1623, 0.1035, 0.1424],0.1746
400,[-0.9631,-0.0051,-0.01  , 0.066 ],[ 1.8233, 0.7477, 0.5166, 7.376 ,-0.3756],[-9.6272e-01,-6.3470e-04,-1.1462e-02, 8.0904e-02],0.2707
401,[-0.9723,-0.0467, 0.0738, 0.0224],[-0.8261,-1.56  , 0.7001,-0.1408,-0.8944],[-0.9719,-0.0615, 0.0924, 0.0377],0.1966
402,[-0.9597, 0.0199,-0.0777, 0.0642],[ 0.7922, 1.3623,-0.6521, 7.6872,-0.7383],[-0.959 , 0.0372,-0.0907, 0.0792],0.253
410,[-0.9596, 0.0727,-0.0336, 0.0441],[-0.374 ,-0.7091, 0.774 , 0.2856,-0.9494],[-0.9596, 0.0597,-0.0209, 0.0568],0.2699
412,[-0.9597, 0.089 ,-0.1101, 0.0621],[ 6.1688, 0.919 , 1.9787, 2.9559,-0.6434],[-0.9591, 0.0944,-0.1139, 0.0747],0.2206
414,[-0.9589, 0.1396,-0.1888, 0.0483],[ 0.8324,12.2838,-0.6707, 0.825 ,-0.4823],[-0.9577, 0.1516,-0.1976, 0.062 ],0.1686
420,[-0.9616,-0.0882, 0.02  , 0.0521],[ 0.2439, 5.5263,-0.6835, 1.8733,-0.9559],[-9.6169e-01,-6.5104e-02,-3.9136e-04, 6.5619e-02],0.2601
421,[-0.9651,-0.11  , 0.0929, 0.0569],[ 0.6159, 1.0659, 2.7176, 4.8732,-0.0281],[-0.965 ,-0.1028, 0.0847, 0.0708],0.2079
422,[-0.9568,-0.0696,-0.0606, 0.0444],[-0.1621,-0.6764,-1.1219,-0.6055,-0.8041],[-0.9565,-0.0336,-0.0806, 0.0585],0.2685
423,[-0.9559,-0.1485, 0.19  , 0.0028],[-0.0812,-0.7937, 0.5063,-0.1461,-0.8432],[-0.9548,-0.1593, 0.2016, 0.0184],0.1734
434,[-0.9634, 0.1965,-0.2175, 0.0758],[ 0.7137, 3.0651, 0.1775, 2.0046,-0.6563],[-0.9626, 0.2004,-0.22  , 0.089 ],0.125
441,[-0.9603,-0.1924, 0.1301, 0.0638],[-0.4704, 2.8185,-1.3582, 3.3104,-1.0542],[-0.9613,-0.1695, 0.1002, 0.0783],0.1884
443,[-0.9633,-0.228 , 0.2035, 0.0506],[ 0.4286, 0.4638, 3.0131, 3.8671,-0.2181],[-0.9638,-0.2177, 0.1885, 0.0654],0.1261
463,[-0.9578,-0.2959, 0.224 , 0.0553],[-1.2996,-0.0326,-2.1008,-0.9919,-2.2797],[-0.9596,-0.2788, 0.2123, 0.0699],0.1052
465,[-9.6678e-01,-2.9632e-01, 3.5879e-01, 6.3945e-04],[-0.2881,-0.4783, 1.2257, 1.0745,-1.2899],[-9.6411e-01,-3.0989e-01, 3.7988e-01, 6.3926e-04],0.0138
467,[-0.9586,-0.331 , 0.4004, 0.0314],[ 0.0686,-0.0954, 0.5155, 0.67  ,-0.4025],[-0.956 ,-0.3379, 0.3999, 0.0464],0.0154
500,[-0.964 ,-0.007 ,-0.0094,-0.0599],[ 1.352 , 1.5696, 0.6016,12.8049,-0.1923],[-0.9642,-0.0014,-0.0136,-0.0446],0.2648
501,[-0.9628,-0.046 , 0.076 ,-0.0504],[ 0.0208,-1.0225, 0.656 ,-0.5479,-0.6121],[-0.9627,-0.0572, 0.0869,-0.0351],0.2331
502,[-0.9624, 0.0242,-0.0812,-0.0449],[ 1.0228, 4.081 ,-0.6021, 3.3358,-1.0203],[-0.9621, 0.0443,-0.0993,-0.0309],0.2357
510,[-0.959 , 0.0599,-0.0447,-0.1021],[-0.4622,-0.793 , 1.2453, 0.7427,-1.0361],[-0.9595, 0.0554,-0.0405,-0.0878],0.2643
512,[-0.9604, 0.0956,-0.1187,-0.0576],[ 1.5334, 2.0086, 1.7781, 6.851 ,-0.4743],[-0.9603, 0.1039,-0.1264,-0.0432],0.2078
514,[-0.9631, 0.1318,-0.1931,-0.0467],[ 0.9851, 2.7613,-0.8591, 4.5647,-0.2282],[-0.9619, 0.1513,-0.2105,-0.0311],0.1499
520,[-0.9614,-0.0898, 0.0123,-0.0502],[ 0.8216, 5.583 ,-0.7706, 1.5789,-0.6311],[-0.962 ,-0.064 ,-0.0079,-0.036 ],0.258
521,[-0.9643,-0.1227, 0.1094,-0.0601],[ 1.0966, 0.941 , 1.5776, 8.0168,-0.7684],[-0.9647,-0.1171, 0.1001,-0.0449],0.1976
523,[-0.9653,-0.1446, 0.1933,-0.0676],[-0.2455,-1.1776, 0.2589, 0.7129,-0.5869],[-0.9643,-0.1632, 0.2118,-0.0518],0.1373
534,[-0.9693, 0.1762,-0.2305,-0.0133],[ 0.1168, 1.4223, 0.043 , 2.1429,-0.7462],[-0.968 , 0.192 ,-0.2381, 0.002 ],0.1042
540,[-0.9597,-0.1746, 0.0487,-0.0656],[-0.1867, 0.6261,-1.4119,-0.5308,-1.2876],[-0.9615,-0.1377, 0.0262,-0.0503],0.2298
541,[-0.9598,-0.1881, 0.1318,-0.0678],[ 1.2824, 0.629 ,-1.0408, 2.7201,-0.6526],[-0.9611,-0.1693, 0.1075,-0.0536],0.1854
543,[-0.9629,-0.2141, 0.2122,-0.0661],[ 2.0361, 0.1374, 0.6963, 4.6497,-0.6634],[-0.9632,-0.2137, 0.2075,-0.0513],0.1224
545,[-0.972 ,-0.259 , 0.3057,-0.0223],[ 0.0562,-0.5666, 1.3365,-0.2219,-0.5104],[-0.9702,-0.2745, 0.3268,-0.0069],0.0321
563,[-0.9577,-0.2864, 0.2527,-0.0641],[-0.8996, 1.1005,-2.2306, 1.3957,-2.4342],[-0.9589,-0.2797, 0.2445,-0.0489],0.094
565,[-0.967 ,-0.297 , 0.3592,-0.015 ],[-0.2505,-0.6186, 0.2686, 2.2217,-1.4822],[-9.6432e-01,-3.1064e-01, 3.8025e-01, 6.7851e-04],0.0129
600,[-0.9624,-0.0061, 0.0055,-0.1861],[-0.0904, 0.3227, 1.7689, 6.5736,-0.4224],[-0.9632,-0.0053, 0.0028,-0.1702],0.2711
601,[-0.9632,-0.0399, 0.0703,-0.195 ],[-0.2833,-1.2038, 1.888 , 0.2185,-1.0263],[-0.9637,-0.0538, 0.0849,-0.1787],0.2321
602,[-0.9612, 0.0328,-0.0845,-0.1404],[-0.0598, 2.3363,-0.7564, 1.1335,-0.6229],[-0.9612, 0.0528,-0.1065,-0.1248],0.2326
612,[-0.9589, 0.0853,-0.0895,-0.1679],[ 0.04  , 1.5827,-0.1966, 3.2702,-1.3991],[-0.9595, 0.0875,-0.0897,-0.1523],0.2318
620,[-0.9599,-0.0755, 0.0245,-0.1706],[ 0.0896, 3.4135,-0.5248,-0.5706,-0.4166],[-0.9609,-0.0579, 0.0071,-0.1555],0.2702
621,[-0.9635,-0.1021, 0.1129,-0.1864],[-0.3427,-0.5369, 4.7956, 4.9586,-1.3213],[-0.9641,-0.1074, 0.1149,-0.1708],0.1977
623,[-0.9634,-0.15  , 0.1856,-0.1739],[-0.0908,-0.6684, 1.07  , 1.0935,-1.143 ],[-0.9632,-0.1638, 0.1977,-0.1578],0.1456
643,[-0.9597,-0.2103, 0.2109,-0.1554],[ 1.6224,-0.7479, 0.0453, 4.0832,-1.2179],[-0.9603,-0.2125, 0.2087,-0.1394],0.1313
700,[-0.9618, 0.0055, 0.0082,-0.3006],[-1.8354,-1.0431,-1.4063, 0.4542,-2.3363],[-9.6302e-01,-1.0911e-04, 1.4204e-02,-2.8608e-01],0.2705
701,[-0.9598,-0.0337, 0.0748,-0.2873],[ 0.0624,-0.0169, 0.7253, 0.0968,-1.1692],[-0.9606,-0.0501, 0.0911,-0.271 ],0.2421
702,[-0.9562, 0.0544,-0.0822,-0.2726],[-0.5775, 2.1234,-0.1887,-0.3527,-0.7264],[-0.957 , 0.0642,-0.089 ,-0.2556],0.2504
710,[-0.9679, 0.0604,-0.05  ,-0.3254],[-0.5356,-0.6887, 0.5583,-0.386 ,-0.959 ],[-0.9694, 0.0578,-0.0472,-0.3089],0.224
712,[-0.9606, 0.0646,-0.0735,-0.3118],[-0.8913,-0.488 ,-1.3309, 1.0046,-2.6366],[-0.9618, 0.0684,-0.0744,-0.295 ],0.237
721,[-0.9617,-0.0952, 0.1098,-0.2893],[-1.1451,-1.0666, 0.1898, 2.9368,-2.551 ],[-0.9626,-0.104 , 0.1193,-0.273 ],0.2024
723,[-0.9559,-0.1216, 0.196 ,-0.3382],[ 1.3745,-0.165 , 1.4137, 0.5808,-0.7261],[-0.9554,-0.1474, 0.2209,-0.3213],0.1685
800,[-0.9585, 0.0355,-0.0211,-0.3979],[-5.3528,-3.9579,-4.9523,-4.081 ,-5.7442],[-0.9602, 0.0313,-0.0164,-0.3853],0.2808
801,[-0.9556,-0.0546, 0.1158,-0.3811],[ 1.3719,-0.2256,-0.0676,-0.4548,-1.3961],[-0.9561,-0.0803, 0.1503,-0.3636],0.2224
812,[-0.9598, 0.0611,-0.0622,-0.4064],[-3.3851,-2.4617,-3.4625,-2.9221,-4.5831],[-0.9615, 0.0634,-0.0625,-0.3906],0.2446
821,[-0.9584,-0.0884, 0.0748,-0.4   ],[-5.7633,-5.8389,-5.7255,-5.3479,-6.7669],[-0.9602,-0.0878, 0.0764,-0.3826],0.2343
1100,[-0.9327,-0.0455,-0.0222, 0.3779],[ 2.3939,15.3306, 1.7942, 0.9478, 3.1047],[-0.9311,-0.0333,-0.0295, 0.3641],0.396
1101,[-0.9414,-0.0544, 0.0827, 0.3758],[-0.2776,-0.4403, 9.3436,-0.1945, 1.7705],[-0.9396,-0.0574, 0.0792, 0.3621],0.3261
1102,[-0.9358, 0.0131,-0.07  , 0.3808],[-0.15  , 1.9071,-0.2877, 0.2048, 7.5162],[-0.9339, 0.0228,-0.0772, 0.3743],0.3668
1112,[-0.9246, 0.1435,-0.1302, 0.4182],[1.1932,3.1091,0.3732,0.7234,7.1921],[-0.9233, 0.137 ,-0.115 , 0.4081],0.3412
1114,[-0.9361, 0.1642,-0.1866, 0.4061],[ 0.7768, 5.6413,-0.4996,-0.0655, 0.8886],[-0.9342, 0.1629,-0.1821, 0.4138],0.2543
1120,[-0.9367,-0.0804, 0.0244, 0.3834],[ 1.1949, 4.0998,-0.2027, 0.0544, 9.4997],[-0.9354,-0.0691, 0.0175, 0.379 ],0.3619
1121,[-0.9407,-0.087 , 0.1034, 0.3817],[ 1.8669, 0.5448, 1.3781, 0.7542,27.5231],[-0.939 ,-0.0874, 0.0996, 0.377 ],0.306
1134,[-0.9287, 0.173 ,-0.2191, 0.3838],[1.0579,2.9595,0.2976,0.5902,8.7177],[-0.9263, 0.1752,-0.2195, 0.3813],0.2608
1200,[-0.9357,-0.0014,-0.0113, 0.2985],[61.7414, 1.835 , 2.6906, 0.279 , 1.9405],[-0.9344, 0.001 ,-0.014 , 0.2987],0.3779
1201,[-0.9408,-0.0462, 0.0777, 0.3141],[ 1.1822,-1.5428, 2.7022,-0.8851, 0.9799],[-0.9391,-0.0518, 0.0802, 0.3175],0.3323
1202,[-0.9324, 0.0301,-0.0786, 0.3042],[ 0.5757, 4.5143,-0.6615, 0.4142,20.2336],[-0.9307, 0.0381,-0.0843, 0.2952],0.3698
1210,[-0.9264, 0.0841,-0.0396, 0.2728],[-0.2298,-1.2702, 5.6365,-0.739 , 2.9647],[-0.9255, 0.0765,-0.0398, 0.2675],0.3933
1212,[-0.929 , 0.1189,-0.1128, 0.2844],[ 1.0164, 1.1087, 0.7289, 0.345 ,32.2329],[-0.928 , 0.1153,-0.1034, 0.2754],0.3346
1214,[-0.9354, 0.1518,-0.1886, 0.2932],[ 0.563 ,27.8724,-0.8015, 1.0443, 1.9921],[-0.9336, 0.1543,-0.1854, 0.304 ],0.2593
1220,[-0.9367,-0.0869, 0.0157, 0.3226],[5.2078e-01,4.1995e+01,3.1604e-02,2.7043e-01,7.2708e-01],[-0.9356,-0.0712, 0.0014, 0.3245],0.3635
1221,[-0.9353,-0.0993, 0.0925, 0.3199],[ 1.1959, 0.6959,51.6935, 1.4453, 2.2943],[-0.9341,-0.0956, 0.0852, 0.3177],0.3285
1223,[-0.9497,-0.1647, 0.1859, 0.2615],[ 0.2515,-1.2928, 1.8226, 0.1404, 4.4973],[-0.9482,-0.1655, 0.1858, 0.2563],0.2001
1232,[-0.9217, 0.1855,-0.1432, 0.2873],[ 0.8514,-0.8033, 1.2987,-0.1238, 4.2367],[-0.9214, 0.1763,-0.1312, 0.2821],0.3215
1234,[-0.9254, 0.1963,-0.2125, 0.2986],[ 4.6276,31.4148, 0.1967, 0.6691, 2.3891],[-0.9241, 0.1943,-0.2029, 0.3049],0.2662
1241,[-0.9333,-0.1975, 0.1219, 0.2875],[3.8866e-01,3.3294e+01,6.6812e-05,7.7234e-01,6.6326e-01],[-0.9335,-0.1811, 0.1106, 0.2978],0.2814
1243,[-0.9401,-0.199 , 0.1952, 0.3108],[ 0.6646, 0.8623,15.1202, 1.9529, 1.2169],[-0.9391,-0.1943, 0.1879, 0.3201],0.2196
1263,[-0.9346,-0.2808, 0.2035, 0.2598],[ 3.2945,10.1135, 1.5157, 3.8329, 1.4309],[-0.9362,-0.2627, 0.1709, 0.2742],0.2065
1300,[-0.9211,-0.0211, 0.0255, 0.145 ],[  1.1716,  1.4476,  2.2592,  2.1383,233.4543],[-0.9205,-0.0218, 0.0271, 0.1394],0.4247
1301,[-0.9192,-0.0454, 0.0681, 0.1414],[ 0.5739,-0.4003,79.5671,-0.0877, 1.0651],[-0.9184,-0.0483, 0.0686, 0.1461],0.4138
1302,[-0.9308, 0.0407,-0.0716, 0.1621],[ 0.2677,15.6519, 0.4073, 0.3233, 0.0986],[-0.9299, 0.0461,-0.0747, 0.159 ],0.3699
1310,[-0.9242, 0.0743,-0.0321, 0.1706],[ 0.1613,-0.0971,18.4739, 0.5083, 0.8014],[-0.9237, 0.0668,-0.0289, 0.1717],0.4074
1312,[-0.9337, 0.1011,-0.1047, 0.1826],[ 3.9821,43.4545, 0.8327, 2.5664, 2.4302],[-0.9329, 0.0998,-0.0978, 0.1847],0.3252
1314,[-0.9378, 0.1365,-0.1843, 0.1975],[ 0.4886, 4.2492,-0.4355,21.0103, 3.0399],[-0.9361, 0.1425,-0.1866, 0.2099],0.2545
1320,[-0.9217,-0.0687, 0.0405, 0.1473],[ 1.668 ,49.3179,-0.3096, 0.0497, 3.4724],[-0.9212,-0.0635, 0.0381, 0.151 ],0.4135
1321,[-0.921 ,-0.0763, 0.0871, 0.1451],[  4.0355,  0.8713,  1.9548,  1.033 ,112.1445],[-0.9203,-0.0769, 0.0852, 0.1399],0.3865
1323,[-0.9271,-0.1505, 0.1815, 0.1544],[-0.6693,-0.0207,13.5696, 0.6707, 0.1261],[-0.926 ,-0.1533, 0.1803, 0.1581],0.2879
1330,[-0.9141, 0.1756,-0.0367, 0.1814],[-2.043 ,-2.8014,-1.0568,-1.9033,-1.9275],[-0.9151, 0.1569,-0.0376, 0.1675],0.4005
1332,[-0.9265, 0.1906,-0.1307, 0.1883],[-1.1994,-1.7056, 0.0875,-1.2263,-1.8653],[-0.9269, 0.1789,-0.1164, 0.1924],0.3055
1334,[-0.9332, 0.2125,-0.2193, 0.1747],[ 1.3675,10.0766, 0.2802, 2.0953, 3.0626],[-0.9326, 0.2103,-0.2098, 0.1843],0.2262
1336,[-0.9309, 0.2541,-0.3054, 0.1824],[-0.2006,33.4   ,-0.2116, 0.5926, 0.271 ],[-0.9288, 0.2569,-0.3035, 0.1932],0.1724
1340,[-0.9407,-0.1827, 0.0531, 0.133 ],[-3.8459,-3.7805,-4.627 ,-3.974 ,-4.4784],[-0.9419,-0.1566, 0.041 , 0.1189],0.2898
1341,[-0.9333,-0.2039, 0.1229, 0.1781],[-0.8835,-0.543 ,-1.4026,-0.4234,-0.7487],[-0.9342,-0.1867, 0.1041, 0.1877],0.2794
1343,[-0.9283,-0.2297, 0.2086, 0.17  ],[ 1.9191, 0.4568,22.2347, 1.385 , 1.7079],[-0.9284,-0.2234, 0.1965, 0.1791],0.2406
1345,[-0.9282,-0.271 , 0.303 , 0.1361],[-0.1478,-0.6427, 6.9685, 2.0586, 1.0133],[-0.927 ,-0.2716, 0.2976, 0.141 ],0.166
1354,[-0.9134, 0.2778,-0.1669, 0.141 ],[-1.048 ,-1.7642,-1.7661,-1.2533,-2.0949],[-0.9162, 0.2602,-0.1312, 0.126 ],0.3016
1356,[-0.9123, 0.2788,-0.3226, 0.1967],[ 1.7295,13.5076,-0.3362, 1.2525, 1.1365],[-0.9106, 0.2793,-0.314 , 0.2046],0.186
1361,[-0.9383,-0.2799, 0.1341, 0.2212],[-3.9096,-3.045 ,-4.1014,-3.9258,-3.7809],[-0.9407,-0.2539, 0.1249, 0.235 ],0.2148
1363,[-0.9292,-0.3066, 0.2211, 0.1792],[ 1.3449, 2.2721,-0.6682, 5.6255,-0.0324],[-0.9314,-0.2914, 0.2012, 0.192 ],0.1957
1365,[-0.9282,-0.3538, 0.3294, 0.18  ],[ 0.9343, 0.1091,11.9026, 2.339 , 1.064 ],[-0.9289,-0.3473, 0.314 , 0.1895],0.1259
1367,[-0.9388,-0.356 , 0.3965, 0.1502],[ 0.005 ,-0.4973, 4.0741, 0.7356,-0.1682],[-0.9371,-0.3558, 0.3936, 0.1597],0.0615
1400,[-0.9201,-0.0178, 0.021 , 0.064 ],[  1.6877,493.103 ,  4.0812,  5.5182,  1.3596],[-0.9198,-0.0188, 0.0249, 0.0679],0.4328
1401,[-0.9192,-0.0418, 0.0695, 0.0678],[  2.1171, -0.6008,304.1787,  0.9632,  0.721 ],[-0.9187,-0.0459, 0.0713, 0.0699],0.4159
1402,[-0.9197, 0.0345,-0.0692, 0.0455],[2.5780e-01,4.7625e+01,1.1415e-02,4.2756e-01,5.4859e-01],[-0.9193, 0.0398,-0.0712, 0.0545],0.4101
1410,[-0.9189, 0.0672,-0.0369, 0.0558],[-14.5795,-15.0444,-13.5103,-15.3931,-14.71  ],[-0.9188, 0.062 ,-0.0325, 0.0624],0.4292
1412,[-0.9206, 0.0844,-0.0879, 0.0502],[ 0.9169,30.0406, 0.5045, 1.0178, 0.1167],[-0.9204, 0.084 ,-0.0828, 0.0599],0.3855
1414,[-0.934 , 0.1436,-0.1905, 0.0459],[ 1.252 , 6.1698,-0.9984, 8.8495, 1.1984],[-0.9328, 0.1513,-0.1945, 0.0587],0.2553
1420,[-0.919 ,-0.0645, 0.0438, 0.0585],[ 2.9769e+00, 2.8845e+02,-3.2971e-01, 2.4560e+00,-2.8059e-02],[-0.9188,-0.061 , 0.0429, 0.0644],0.4213
1421,[-0.9194,-0.0753, 0.0841, 0.0586],[  1.4216,  0.7395,713.4774,  1.8264,  1.1533],[-0.919 ,-0.076 , 0.0819, 0.0649],0.3946
1423,[-0.926 ,-0.1395, 0.182 , 0.0682],[-0.1711,-0.7367,62.8436, 1.0763, 1.1729],[-0.9249,-0.1452, 0.184 , 0.074 ],0.2913
1432,[-0.9203, 0.1916,-0.1403, 0.0579],[-2.7241,-3.3636,-2.4329,-2.3484,-3.4879],[-0.9211, 0.1828,-0.1291, 0.0665],0.3159
1434,[-0.9337, 0.2103,-0.2347, 0.0711],[ 1.2149, 5.6963,-0.1397, 1.0422, 0.1466],[-0.9329, 0.2128,-0.2322, 0.0836],0.2125
1436,[-0.9319, 0.2439,-0.293 , 0.0781],[ 1.124 ,12.2013,-0.5098, 1.0892,-0.4162],[-0.9302, 0.2488,-0.2945, 0.0901],0.1772
1441,[-0.9366,-0.2021, 0.1303, 0.0569],[-1.0846,-1.7547,-1.5435,-0.544 ,-1.827 ],[-0.9378,-0.1866, 0.1126, 0.0648],0.2612
1443,[-0.9327,-0.2239, 0.2059, 0.0521],[23.9358, 0.0325, 7.0695, 4.3187, 0.799 ],[-0.9331,-0.219 , 0.1945, 0.0627],0.2267
1445,[-0.9355,-0.2446, 0.3011, 0.0715],[ 4.3135,-0.8551, 7.3509, 0.7255, 0.7926],[-0.9335,-0.2506, 0.3052, 0.0841],0.1603
1454,[-0.9151, 0.2833,-0.2585, 0.0689],[-0.9519,-0.8648,-0.326 ,-0.2   ,-1.1714],[-0.9156, 0.2795,-0.2539, 0.0838],0.2249
1456,[-0.9152, 0.2939,-0.2978, 0.0378],[ 0.6937, 2.2326,-0.1008, 4.1392, 0.4553],[-0.9151, 0.2932,-0.2929, 0.0529],0.2053
1461,[-0.9189,-0.2893, 0.1623, 0.0844],[-3.5627,-3.0535,-4.0146,-3.6603,-3.5472],[-0.9219,-0.2723, 0.1516, 0.0996],0.2637
1463,[-0.9259,-0.3054, 0.2425, 0.0551],[ 0.0842,-0.0157,-0.8235, 2.1684,-0.958 ],[-0.9278,-0.2959, 0.2304, 0.0669],0.1926
1465,[-0.9271,-0.3277, 0.3156, 0.0457],[ 2.1459, 0.0503,10.8795, 3.0888,-0.224 ],[-0.9276,-0.3247, 0.3053, 0.0591],0.1433
1467,[-0.9485,-0.3503, 0.3986, 0.094 ],[ 0.7194,-0.1617, 4.4429, 0.6765, 0.1456],[-0.9465,-0.3523, 0.3986, 0.1063],0.035
1485,[-0.9199,-0.3956, 0.3688, 0.057 ],[ 0.3155,-0.6139,-0.4637, 2.8179,-1.3158],[-0.921 ,-0.3925, 0.3627, 0.0697],0.1047
1487,[-0.9134,-0.4089, 0.417 , 0.0655],[ 0.401 ,-0.39  , 7.6722, 2.4616,-0.4228],[-0.9131,-0.4079, 0.4127, 0.074 ],0.0825
1500,[-0.9187,-0.0144, 0.0105,-0.0545],[  4.3514,  4.2793,  3.7611,141.6463, -0.6506],[-0.9189,-0.0138, 0.0096,-0.044 ],0.4404
1501,[-0.9205,-0.0383, 0.0723,-0.0372],[-11.5826,-13.6523, -9.657 ,-11.3969,-12.358 ],[-0.9204,-0.044 , 0.0753,-0.0345],0.4108
1502,[-0.9157, 0.0309,-0.0729,-0.0625],[-3.1917,11.831 ,-5.4256,-2.9313, 0.7711],[-0.9157, 0.0374,-0.076 ,-0.0558],0.4245
1503,[-0.9496,-0.049 , 0.1866,-0.0813],[-0.9623,-1.7431,-0.5224,-0.9013,-1.3278],[-0.9478,-0.0806, 0.2038,-0.066 ],0.2301
1510,[-0.9199, 0.0668,-0.0386,-0.0599],[-20.2858,-20.7   ,-19.4422,-19.4562,-20.6331],[-0.9203, 0.0617,-0.032 ,-0.0522],0.4279
1511,[-0.9403, 0.0766, 0.0565,-0.0277],[-1.3285,-1.3512,-0.1369,-0.6586,-1.0459],[-0.9405, 0.0496, 0.0668,-0.0133],0.3314
1512,[-0.9182, 0.083 ,-0.0899,-0.0686],[ -8.216 , -4.5915,-10.1136, -4.9564, -6.3959],[-0.9184, 0.0836,-0.0864,-0.0585],0.3955
1514,[-0.9278, 0.1396,-0.1844,-0.0603],[ 0.3928, 1.9996,-0.6872,14.0977, 0.8359],[-0.9271, 0.1478,-0.1896,-0.0459],0.2805
1520,[-0.9158,-0.0655, 0.0436,-0.0586],[  1.4243,214.6802,  3.5524,  0.2973, -0.2158],[-0.9161,-0.0624, 0.0433,-0.051 ],0.4315
1521,[-0.918 ,-0.071 , 0.0762,-0.0512],[9.3066e-01,6.4749e-03,7.1260e+00,1.4911e+02,5.9156e-01],[-0.9181,-0.0717, 0.0754,-0.0393],0.4038
1523,[-0.9276,-0.1392, 0.1881,-0.0631],[ 3.6898,-1.8783, 3.07  , 1.807 ,-1.2399],[-0.9268,-0.1477, 0.1939,-0.0483],0.28
1532,[-0.9286, 0.1832,-0.1384,-0.0545],[-5.2078,-5.4272,-5.5223,-4.6679,-5.7086],[-0.9298, 0.1749,-0.1266,-0.0432],0.2915
1534,[-0.9268, 0.1947,-0.2118,-0.0654],[-0.176 , 1.774 ,-0.7134, 0.856 ,-1.4071],[-0.9266, 0.1973,-0.2089,-0.0521],0.2501
1536,[-0.9256, 0.2458,-0.3122,-0.0646],[ 3.4222, 1.5741,-0.4505, 1.4258, 0.387 ],[-0.9236, 0.254 ,-0.3174,-0.0509],0.1799
1540,[-0.9457,-0.1703, 0.0526,-0.0614],[-1.8242,-1.1559,-1.9358,-1.503 ,-1.2618],[-0.9474,-0.1416, 0.0243,-0.0466],0.2819
1541,[-0.9455,-0.1973, 0.1347,-0.0411],[-0.207 ,-0.9495,-0.9339, 0.9967,-1.5717],[-0.9471,-0.1811, 0.1105,-0.0304],0.23
1543,[-0.9381,-0.2231, 0.219 ,-0.0664],[ 0.241 , 0.7733,21.1155, 1.8522, 0.3486],[-0.9386,-0.2215, 0.2102,-0.0539],0.1991
1545,[-0.9288,-0.2537, 0.2996,-0.0839],[ 0.4839,-0.9203, 8.9299, 1.9858,-0.1301],[-0.9275,-0.2603, 0.3033,-0.0695],0.1749
1554,[-0.9195, 0.282 ,-0.2704,-0.0605],[-0.1351,-0.6103,-0.9583, 0.3315,-1.4266],[-0.92  , 0.2813,-0.2703,-0.0459],0.2084
1556,[-0.9177, 0.2894,-0.3126,-0.0641],[ 0.4165, 2.0536,-0.7901, 2.0495,-0.1663],[-0.917 , 0.292 ,-0.3138,-0.053 ],0.1878
1561,[-0.95  ,-0.2871, 0.1644,-0.0995],[-1.1758,-1.042 ,-1.9585,-1.0073,-1.4279],[-0.9539,-0.2559, 0.1165,-0.0841],0.1716
1563,[-0.935 ,-0.3069, 0.2443,-0.0578],[ 1.1435, 1.7211, 0.8002, 2.1419,-0.8083],[-0.9372,-0.2978, 0.2325,-0.0432],0.1599
1565,[-0.928 ,-0.3196, 0.3217,-0.0696],[ 0.5834,-0.217 , 1.4685,10.7495, 0.1713],[-0.9283,-0.3199, 0.3145,-0.0545],0.1395
1585,[-0.9209,-0.4055, 0.3588,-0.0731],[-0.3598, 0.6882,-1.0523, 6.4411,-1.21  ],[-0.923 ,-0.4028, 0.3544,-0.0592],0.0979
1587,[-0.917 ,-0.4071, 0.409 ,-0.0644],[-0.0502,-0.5259, 2.063 ,10.2177,-1.1032],[-0.9169,-0.408 , 0.4106,-0.0484],0.0867
1600,[-0.9198,-0.006 , 0.0022,-0.1711],[-36.086 ,-35.5173,-35.7895,-34.7773,-36.6294],[-0.9205,-0.0054, 0.0011,-0.1642],0.4385
1601,[-0.9183,-0.0371, 0.0707,-0.1796],[-8.6733,-9.7188,-6.6964,-7.9342,-9.2313],[-0.9188,-0.0433, 0.0748,-0.1773],0.4144
1602,[-0.914 , 0.0361,-0.0726,-0.1765],[ 0.0716,10.735 ,-1.2397, 9.6853,-0.3235],[-0.9145, 0.0423,-0.0762,-0.1776],0.4271
1610,[-0.9198, 0.0651,-0.0412,-0.1695],[-17.8951,-17.8985,-17.836 ,-17.7385,-18.9852],[-0.9207, 0.0608,-0.034 ,-0.1613],0.4247
1612,[-0.9171, 0.078 ,-0.0913,-0.1777],[-19.8569,-18.5548,-21.5596,-17.9518,-20.665 ],[-0.9177, 0.0803,-0.0901,-0.1681],0.3976
1614,[-0.9198, 0.1411,-0.1831,-0.1818],[-2.2504e-01, 1.1666e+01,-4.3259e-01, 2.2342e+00,-9.3278e-04],[-0.9196, 0.1488,-0.1877,-0.1698],0.3088
1620,[-0.9156,-0.0635, 0.0451,-0.1549],[ 0.4492, 0.3638,-0.1477,22.0157,-0.9666],[-0.9164,-0.0607, 0.0427,-0.1485],0.4315
1621,[-0.9207,-0.0755, 0.0841,-0.17  ],[-0.6519,-1.8144, 5.8612, 4.7471,-1.6494],[-0.9212,-0.0774, 0.0835,-0.1589],0.3867
1622,[-0.9319,-0.0792,-0.0575,-0.1285],[-0.818 , 0.3951,-0.7772,-0.7816,-0.0784],[-0.9325,-0.0535,-0.0706,-0.1123],0.3618
1623,[-0.9376,-0.1434, 0.1856,-0.1888],[ 0.1072,-0.8618, 4.0384, 2.3299,-1.0914],[-0.9374,-0.1533, 0.1931,-0.1738],0.2424
1632,[-0.9377, 0.1899,-0.1366,-0.1663],[-3.2956,-3.4981,-3.1833,-2.7399,-4.2909],[-0.9394, 0.1807,-0.1271,-0.1557],0.251
1634,[-0.9231, 0.2097,-0.2207,-0.1943],[-1.7841,-1.355 ,-3.4796,-1.0663,-3.1499],[-0.9235, 0.2122,-0.2171,-0.18  ],0.2531
1636,[-0.9204, 0.2521,-0.2924,-0.1781],[ 1.3253, 4.869 ,-0.0687,-0.0595,-0.4926],[-0.9196, 0.2592,-0.2981,-0.1628],0.2027
1641,[-0.9341,-0.1913, 0.1359,-0.1661],[-0.0896,-0.4408, 0.1581, 0.2492,-0.8325],[-0.9359,-0.1805, 0.1168,-0.1522],0.2699
1643,[-0.9399,-0.2165, 0.2334,-0.1863],[ 1.0574, 0.1625, 3.8642, 9.8367,-0.2885],[-0.9401,-0.2212, 0.233 ,-0.1701],0.184
1645,[-0.9331,-0.254 , 0.296 ,-0.1926],[ 0.1845,-0.8426, 1.7573, 4.7868,-0.4455],[-0.9323,-0.2622, 0.3007,-0.1771],0.1611
1654,[-0.9163, 0.2815,-0.2767,-0.1252],[ 0.0589,-0.8964,-0.7204,-0.2294,-1.0606],[-0.917 , 0.2817,-0.2702,-0.1135],0.2186
1656,[-0.9162, 0.2791,-0.2853,-0.1417],[-0.0192, 2.7519,-0.7425, 2.5534,-0.7555],[-0.9165, 0.2809,-0.2819,-0.1292],0.2153
1663,[-0.9437,-0.3107, 0.2504,-0.1473],[ 0.0326, 0.2867,-0.0847, 1.1125,-0.1115],[-0.9463,-0.3021, 0.2369,-0.1364],0.1268
1665,[-0.9251,-0.3184, 0.3401,-0.1816],[-0.017 , 0.0622,11.412 , 2.9918,-0.4436],[-0.9249,-0.3225, 0.3376,-0.1691],0.1343
1667,[-0.9184,-0.3696, 0.4122,-0.2185],[ 0.7603,-0.1767, 8.8119, 0.8953, 0.0798],[-0.9171,-0.3752, 0.4134,-0.2061],0.097
1685,[-0.9149,-0.4228, 0.3738,-0.1301],[-1.926 ,-3.3526,-1.8433,-1.2531,-3.9918],[-0.9176,-0.421 , 0.3591,-0.1163],0.1007
1687,[-0.9148,-0.3981, 0.4131,-0.1683],[ 0.4878,-0.7379, 1.8467,20.7618,-0.6198],[-0.9147,-0.4008, 0.4075,-0.1523],0.0918
1700,[-0.9282, 0.0049, 0.0019,-0.3045],[-32.6141,-32.6852,-32.5646,-31.6936,-33.1908],[-0.9295, 0.0033, 0.003 ,-0.2943],0.4074
1701,[-0.929 ,-0.0364, 0.0782,-0.3047],[-3.9812,-4.3703,-2.9494,-2.9703,-4.5599],[-0.9299,-0.0463, 0.0869,-0.296 ],0.3668
1702,[-0.9187, 0.04  ,-0.079 ,-0.2849],[ -9.2424, -8.1634,-10.1392, -8.4552,-10.1183],[-0.9196, 0.0478,-0.0859,-0.2804],0.4096
1710,[-0.9236, 0.0643,-0.0433,-0.3034],[-11.245 ,-11.2772,-11.1162,-10.0965,-12.0078],[-0.925 , 0.0606,-0.0382,-0.2938],0.4053
1712,[-0.9202, 0.077 ,-0.0904,-0.2893],[-46.9281,-46.3219,-47.0763,-46.3993,-47.7603],[-0.9212, 0.0802,-0.0915,-0.2798],0.3858
1714,[-0.9211, 0.139 ,-0.1916,-0.3166],[ 0.0145, 4.8248,-1.0888, 0.5829,-0.3545],[-0.921 , 0.15  ,-0.2005,-0.3018],0.2982
1720,[-0.9212,-0.0618, 0.0439,-0.2887],[-1.0033,-1.1498,-1.162 ,-0.3994,-1.8556],[-0.9226,-0.0581, 0.0387,-0.2863],0.4121
1721,[-0.9328,-0.0923, 0.1124,-0.301 ],[-6.0633,-6.5641,-5.9503,-5.0035,-7.3585],[-0.9338,-0.0982, 0.1164,-0.2873],0.3164
1723,[-0.9385,-0.1409, 0.1936,-0.3139],[ 0.5047,-0.4659, 3.5711, 1.1884,-0.7633],[-0.9385,-0.1547, 0.2048,-0.2989],0.232
1732,[-0.9383, 0.19  ,-0.1308,-0.3143],[-1.5259,-0.8548,-1.766 ,-1.0691,-1.9672],[-0.9408, 0.179 ,-0.113 ,-0.2974],0.2526
1734,[-0.9214, 0.2028,-0.2281,-0.2978],[-0.989 ,-0.5183,-1.9489, 0.1178,-2.564 ],[-0.9217, 0.209 ,-0.231 ,-0.2831],0.2537
1736,[-0.913 , 0.2428,-0.2879,-0.2668],[ 0.5036, 5.0729, 0.1624, 0.7886,-0.3792],[-0.9123, 0.2505,-0.2932,-0.2513],0.2164
1741,[-0.9245,-0.1821, 0.1197,-0.3359],[-0.2105,-0.0902,-0.063 , 0.064 ,-0.8866],[-0.9269,-0.1746, 0.1155,-0.32  ],0.3081
1743,[-0.937 ,-0.2   , 0.2401,-0.3007],[ 1.7309,-0.6064, 3.3175, 5.1924,-0.633 ],[-0.9368,-0.2107, 0.2484,-0.2857],0.193
1745,[-0.9277,-0.2461, 0.3109,-0.3157],[ 1.4838,-0.239 , 8.4933, 1.5403,-0.7493],[-0.9263,-0.2585, 0.3213,-0.301 ],0.172
1765,[-0.925 ,-0.2988, 0.3533,-0.2909],[ 7.5584,-0.0096, 1.0585, 4.082 ,-0.8686],[-0.9236,-0.3083, 0.3603,-0.2778],0.1354
1767,[-0.9207,-0.3503, 0.4106,-0.3033],[ 0.4205,-0.138 , 6.7069,19.1399,-0.2397],[-0.9187,-0.3588, 0.4167,-0.2883],0.0976
1787,[-0.9123,-0.3958, 0.4387,-0.2651],[ 0.9995,-0.3714, 2.3936,29.7039,-1.0658],[-0.911 ,-0.4013, 0.4388,-0.2493],0.0668
1800,[-0.9279, 0.0191, 0.0065,-0.433 ],[-11.5234,-12.0148,-10.9684,-10.5721,-12.1569],[-0.9298, 0.0137, 0.0116,-0.4172],0.4068
1801,[-0.9323,-0.026 , 0.0921,-0.4443],[-0.3705,-1.2185, 0.4678, 1.1824,-1.6462],[-0.9335,-0.0422, 0.108 ,-0.4287],0.3456
1802,[-0.9171, 0.0235,-0.0888,-0.4303],[-3.0996,-2.0684,-4.0856,-1.9043,-3.7055],[-0.9183, 0.0358,-0.0978,-0.4142],0.4155
1803,[-0.9343,-0.0524, 0.1717,-0.4574],[ 0.0092, 0.0138,-0.1192,-0.076 ,-0.2195],[-0.9335,-0.0833, 0.216 ,-0.4403],0.2772
1810,[-0.9273, 0.0732,-0.0326,-0.4334],[-3.324 ,-3.9425,-2.3749,-2.1843,-4.2503],[-0.9294, 0.0657,-0.0246,-0.4181],0.3889
1812,[-0.9244, 0.0944,-0.0901,-0.4403],[-12.5224,-12.2954,-13.9009,-12.1145,-14.2827],[-0.9263, 0.0949,-0.0872,-0.4259],0.3606
1814,[-0.9167, 0.1408,-0.1828,-0.4241],[ 0.4821, 1.6668,-1.0177, 4.9987,-0.6118],[-0.9173, 0.1507,-0.1919,-0.4086],0.3167
1820,[-0.9313,-0.085 , 0.0262,-0.4265],[-0.1728,-0.4437,-0.9023, 0.1396,-1.6767],[-0.9334,-0.0736, 0.0167,-0.4101],0.3714
1821,[-0.9337,-0.0898, 0.1304,-0.4317],[ 0.0475,-0.7788, 0.1148, 2.1981,-1.9045],[-0.9348,-0.1009, 0.1384,-0.415 ],0.3001
1823,[-0.9353,-0.1255, 0.2055,-0.4254],[ 1.3752,-0.1844,10.5261, 0.4562,-0.3592],[-0.935 ,-0.1448, 0.2205,-0.4097],0.2418
1825,[-0.9319,-0.1602, 0.2929,-0.4759],[-0.2222,-0.2888, 0.2621,-0.0078,-0.2728],[-0.9296,-0.1857, 0.3057,-0.4584],0.2035
1832,[-0.9343, 0.1986,-0.1562,-0.3861],[-0.0587, 0.1691,-0.164 , 0.7016,-1.1591],[-0.9369, 0.1923,-0.1397,-0.3685],0.2496
1834,[-0.9198, 0.1915,-0.2039,-0.4267],[ 0.1104, 3.3683,-0.4564, 3.7375,-1.1326],[-0.9209, 0.1969,-0.2065,-0.409 ],0.2765
1841,[-0.9203,-0.1976, 0.1332,-0.4198],[0.4485,0.0776,0.0141,0.7488,0.0448],[-0.9235,-0.1886, 0.1152,-0.4104],0.315
1843,[-0.9326,-0.183 , 0.2462,-0.4168],[ 0.2039,-0.4523, 0.0559,10.541 ,-0.6348],[-0.9322,-0.1984, 0.2571,-0.4016],0.2109
1845,[-0.9297,-0.2297, 0.3184,-0.4183],[ 0.3026, 0.0302,15.2136, 3.3228,-0.6129],[-0.9278,-0.247 , 0.3304,-0.4025],0.167
1865,[-0.9267,-0.3002, 0.3756,-0.4154],[ 1.8659, 0.8064, 0.6773,14.9779,-1.0083],[-0.9246,-0.3137, 0.3863,-0.3997],0.1215
1867,[-0.9226,-0.3178, 0.3931,-0.3855],[ 0.2452, 0.3271,62.988 , 1.2838,-0.3273],[-0.9203,-0.3296, 0.4033,-0.368 ],0.119
1900,[-0.9224, 0.0297, 0.0107,-0.5676],[-36.2409,-35.4313,-36.1696,-35.7973,-38.2338],[-0.9249, 0.0215, 0.02  ,-0.5508],0.4286
1901,[-0.9274,-0.0212, 0.0844,-0.5534],[  0.1575, -0.5084,  2.17  ,131.9634, -1.3608],[-0.9291,-0.0371, 0.1024,-0.5367],0.3698
1902,[-0.9199, 0.0142,-0.0858,-0.5288],[-3.204 ,-4.3578,-4.2333,-3.0731,-5.2646],[-0.9216, 0.0275,-0.0916,-0.5117],0.4097
1910,[-0.9204, 0.0697,-0.0306,-0.5881],[-64.3137,-63.4611,-64.8228,-63.5865,-65.1604],[-0.9232, 0.0628,-0.0201,-0.5713],0.42
1912,[-0.9184, 0.1021,-0.0894,-0.58  ],[-199.2573,-198.7684,-199.5481,-198.5443,-199.539 ],[-0.921 , 0.1018,-0.0847,-0.5625],0.3812
1914,[-0.9136, 0.1569,-0.1823,-0.5765],[ 1.8347,43.4031,-0.674 , 0.6267,-0.5544],[-0.9151, 0.1651,-0.1875,-0.5596],0.3188
1920,[-0.924 ,-0.1021, 0.0249,-0.5138],[-10.5159,-10.0243,-10.2056,-10.2211,-10.6098],[-0.9268,-0.0875, 0.0067,-0.4959],0.3966
1921,[-0.9259,-0.0912, 0.1173,-0.5409],[ -0.3663, -0.222 , -0.9272,105.4201, -0.8674],[-0.9277,-0.0996, 0.1235,-0.523 ],0.3367
1923,[-0.9363,-0.1042, 0.2083,-0.5338],[ 0.846 ,-0.5098, 2.1952,92.021 ,-0.6703],[-0.9356,-0.1317, 0.2406,-0.5155],0.2366
1932,[-0.9283, 0.1667,-0.1484,-0.5036],[-2.0883, 0.2412,-3.4681,-0.2111,-2.5767],[-0.9308, 0.1663,-0.1401,-0.4871],0.2847
1934,[-0.9183, 0.18  ,-0.1947,-0.5271],[ 0.0866, 0.8019,-1.4012,19.6184,-1.8727],[-0.9199, 0.1865,-0.1963,-0.5099],0.2912
1943,[-0.9393,-0.1761, 0.2649,-0.5366],[ 0.2319, 7.1884, 0.6283, 1.3266,-1.8541],[-0.9385,-0.1988, 0.2794,-0.5182],0.1783
1945,[-0.9377,-0.2008, 0.3017,-0.5075],[  0.9384, -0.9631,122.0006,  3.9974, -0.6453],[-0.9358,-0.2243, 0.3205,-0.4902],0.1574
2200,[-0.8907, 0.0168,-0.0405, 0.308 ],[-19.3797,-19.676 ,-19.5805,-20.157 ,-19.175 ],[-0.8893, 0.0195,-0.0445, 0.2991],0.3411
2202,[-0.8971, 0.0309,-0.0606, 0.3076],[-5.7891,-4.8585,-6.559 ,-6.3059,-5.1534],[-0.8956, 0.0338,-0.063 , 0.3106],0.3615
2212,[-0.9098, 0.1206,-0.0974, 0.2612],[-1.4703,-0.9478,-2.6852,-2.6512,-0.6143],[-0.9091, 0.1155,-0.0874, 0.2502],0.3701
2220,[-0.8991,-0.0715, 0.0217, 0.3175],[-2.6773,-2.2578,-3.2684,-3.3124,-2.0176],[-0.8979,-0.064 , 0.0108, 0.3193],0.3795
2221,[-0.8938,-0.0914, 0.0767, 0.2612],[-7.7785,-7.7608,-6.7579,-7.4463,-6.6576],[-0.8929,-0.0877, 0.0637, 0.2654],0.3252
2232,[-0.9111, 0.1694,-0.155 , 0.2727],[ 0.0412,-1.1553, 0.2828,-0.7279, 0.6102],[-0.9105, 0.1642,-0.1396, 0.2641],0.3271
2234,[-0.9073, 0.2592,-0.2215, 0.2583],[-0.121 , 2.4173,-1.2679,-0.3495, 2.7877],[-0.9078, 0.2509,-0.1982, 0.2531],0.2462
2300,[-0.9075,-0.028 , 0.0285, 0.1499],[-52.0568,-51.719 ,-51.3759,-53.0081,-50.5097],[-0.9068,-0.0278, 0.028 , 0.1424],0.4158
2301,[-0.9086,-0.0484, 0.0699, 0.1476],[-30.2737,-32.0604,-30.0104,-31.0383,-29.6864],[-0.9078,-0.0508, 0.0703, 0.1469],0.404
2302,[-0.9058, 0.0498,-0.0673, 0.1495],[-12.713 ,-12.4797,-14.5145,-13.9645,-12.9988],[-0.905 , 0.0515,-0.0664, 0.1504],0.393
2310,[-0.9072, 0.0658,-0.04  , 0.1549],[-13.6484,-14.0371,-13.4737,-14.0273,-12.8738],[-0.9067, 0.0616,-0.0349, 0.1514],0.4099
2312,[-0.9061, 0.0698,-0.0779, 0.1509],[-10.9809,-10.0172,-11.8948,-11.4473, -9.7785],[-0.9054, 0.0699,-0.074 , 0.1469],0.3822
2320,[-0.9075,-0.0611, 0.0453, 0.1444],[-9.6075,-8.3564,-9.4764,-9.8778,-8.3176],[-0.907 ,-0.0583, 0.0412, 0.1391],0.4098
2321,[-0.9063,-0.0698, 0.0907, 0.1537],[-35.9041,-37.1554,-34.9172,-36.517 ,-35.2149],[-0.9054,-0.0718, 0.0903, 0.1462],0.3739
2323,[-0.908 ,-0.1523, 0.1804, 0.1458],[-1.7529,-4.0667,-1.5884,-3.4843,-0.9093],[-0.907 ,-0.154 , 0.1758, 0.1423],0.3001
2332,[-0.9045, 0.1941,-0.1451, 0.1558],[-2.9705,-3.2356,-2.3812,-3.3059,-1.7797],[-0.9052, 0.1851,-0.1227, 0.1461],0.3036
2334,[-0.9038, 0.2061,-0.2154, 0.1691],[ 0.6824, 2.2099,-1.2493,-0.5463, 1.3652],[-0.9032, 0.2043,-0.2033, 0.1712],0.2487
2336,[-0.9081, 0.2776,-0.2915, 0.2193],[ 2.2837, 3.6325,-0.9637, 0.1671, 7.8082],[-0.9074, 0.2751,-0.2775, 0.2261],0.1947
2341,[-0.9061,-0.1969, 0.1501, 0.1388],[ 0.7981, 0.9228,-1.1009,-0.4538, 2.0638],[-0.9067,-0.1898, 0.1405, 0.1336],0.2986
2343,[-0.9014,-0.234 , 0.2152, 0.1643],[ 1.3314,-0.3966, 3.8922,-0.1462,12.5025],[-0.9016,-0.2304, 0.2079, 0.1563],0.2285
2345,[-0.9047,-0.267 , 0.305 , 0.1672],[ 1.1918,-0.8987, 4.9923, 0.7066,-0.4353],[-0.9032,-0.2677, 0.2976, 0.175 ],0.1745
2354,[-0.9107, 0.2921,-0.1983, 0.126 ],[0.9975,1.3958,0.1254,1.9713,5.2099],[-0.9134, 0.2778,-0.1669, 0.141 ],0.2693
2356,[-0.9099, 0.2791,-0.3088, 0.2084],[ 0.4881,17.6149,-0.675 , 0.8285, 0.5643],[-0.9086, 0.2782,-0.2976, 0.2157],0.1878
2363,[-0.9033,-0.3055, 0.238 , 0.1531],[3.1021,2.6217,2.6723,0.716 ,9.9909],[-0.9052,-0.2965, 0.2202, 0.1507],0.2047
2365,[-0.8988,-0.3212, 0.2959, 0.1404],[1.4186,0.3871,6.4604,0.9763,0.5829],[-0.8997,-0.3167, 0.2807, 0.1515],0.1478
2400,[-0.908 ,-0.0281, 0.0226, 0.0589],[  1.7334,  0.9349,  2.3504,  0.4573,371.3385],[-0.9078,-0.0271, 0.0208, 0.0452],0.426
2401,[-0.9086,-0.0434, 0.0694, 0.0628],[-0.3592,-2.1431,24.1495,-1.0205, 6.4035],[-0.9082,-0.0467, 0.07  , 0.0534],0.4078
2402,[-0.9079, 0.0391,-0.0678, 0.0655],[-1.3929, 6.4079,-5.0136,-3.9804,-3.0369],[-0.9074, 0.0428,-0.0692, 0.0658],0.4065
2410,[-0.9059, 0.0661,-0.0378, 0.0625],[-18.9988,-20.0287,-19.3511,-19.5736,-19.076 ],[-0.9058, 0.0614,-0.0301, 0.0544],0.4076
2412,[-0.9069, 0.0773,-0.0874, 0.0657],[ 2.5760e+00, 1.5123e+01,-7.1587e-03, 3.8672e-01, 2.7901e+01],[-0.9066, 0.0778,-0.0833, 0.0609],0.3793
2414,[-0.9046, 0.1383,-0.1837, 0.0665],[ 0.1849, 4.0494,-1.6773,-0.4281, 0.7113],[-0.9035, 0.143 ,-0.1841, 0.0703],0.2877
2420,[-0.9084,-0.0629, 0.0442, 0.0524],[-0.3381, 4.7125,-1.197 ,-0.7352,24.2233],[-0.9084,-0.0596, 0.0382, 0.0416],0.4174
2421,[-0.907 ,-0.0789, 0.0924, 0.058 ],[ 7.8244e-01,-1.8240e-01, 6.2666e+00, 5.4434e-01, 1.9415e+02],[-0.9067,-0.0801, 0.0906, 0.0454],0.3752
2423,[-0.9068,-0.1372, 0.1835, 0.0527],[-0.1413,-2.492 , 2.2442,-0.6442, 0.7094],[-0.9058,-0.1424, 0.1856, 0.0493],0.2962
2432,[-0.9043, 0.1765,-0.14  , 0.0494],[-4.7066,-4.174 ,-4.3162,-4.4954,-3.9032],[-0.9049, 0.1708,-0.1295, 0.0496],0.3062
2434,[-0.9045, 0.2038,-0.201 , 0.0465],[ 0.7178, 2.8716,-1.777 , 0.6621, 1.1088],[-0.9046, 0.2021,-0.1922, 0.053 ],0.2604
2441,[-0.9   ,-0.1876, 0.1332, 0.0503],[-0.2452,-1.5098,-1.2778,-0.3784, 6.8301],[-0.901 ,-0.1795, 0.1168, 0.0416],0.2931
2443,[-0.9027,-0.1975, 0.2042, 0.0639],[ 1.4468,-0.2856,37.6261, 0.9684, 1.5702],[-0.9024,-0.1969, 0.1966, 0.0652],0.2523
2454,[-0.905 , 0.2937,-0.2585, 0.0645],[2.4522,1.5178,0.6618,1.9303,0.9771],[-0.9061, 0.2891,-0.2504, 0.0709],0.1967
2456,[-0.902 , 0.3061,-0.3094, 0.0427],[ 0.4819, 6.2281,-0.7934, 2.0154, 1.6218],[-0.902 , 0.3051,-0.3001, 0.0482],0.1518
2461,[-0.9101,-0.2932, 0.151 , 0.0962],[-2.8811,-1.5742,-3.331 ,-1.497 ,-2.8734],[-0.9133,-0.2778, 0.1536, 0.0819],0.2755
2463,[-0.9028,-0.3279, 0.2452, 0.0824],[6.0133,7.0454,3.7867,2.2528,2.08  ],[-0.9054,-0.319 , 0.2323, 0.0908],0.1889
2465,[-0.897 ,-0.3363, 0.325 , 0.0579],[1.0291,0.0437,7.8441,0.5972,0.1066],[-0.8975,-0.3341, 0.3141, 0.0712],0.1185
2467,[-0.8921,-0.3647, 0.3953, 0.0185],[ 0.5172,-1.1951, 2.8733, 0.5435, 0.062 ],[-0.891 ,-0.3655, 0.3907, 0.033 ],0.0501
2485,[-0.8979,-0.398 , 0.3455, 0.0363],[0.6777,0.5819,0.6837,9.8487,0.0439],[-0.9   ,-0.394 , 0.337 , 0.0518],0.0878
2500,[-0.9081,-0.0229, 0.008 ,-0.0517],[  3.6008,  0.8642,  2.2788,  1.6524,461.0123],[-0.9084,-0.0203, 0.0035,-0.0673],0.4329
2501,[-0.9073,-0.0396, 0.0688,-0.0516],[-2.6227,-4.5206,42.4968,-3.8221,-2.378 ],[-0.9074,-0.0436, 0.0694,-0.064 ],0.406
2502,[-0.9073, 0.0249,-0.0672,-0.0765],[  0.1294,122.5409, -1.6019, -0.4118, -0.811 ],[-0.9075, 0.0309,-0.0689,-0.0899],0.4127
2510,[-0.9069, 0.0666,-0.0418,-0.0553],[-3.6735,-4.4626,-3.1739,-5.531 ,-4.59  ],[-0.9074, 0.0631,-0.0382,-0.064 ],0.411
2512,[-0.9063, 0.0817,-0.0891,-0.0649],[31.2498, 4.0626, 0.0711, 2.2546, 1.2618],[-0.9066, 0.0825,-0.0863,-0.0728],0.3758
2514,[-0.9058, 0.1483,-0.1849,-0.0834],[ 0.3131, 2.7558,-2.9576,-0.0769,-0.7616],[-0.9053, 0.1531,-0.1864,-0.0756],0.2894
2520,[-0.9072,-0.0687, 0.0428,-0.0654],[-5.3676e-02, 1.4412e+02, 1.8764e-01, 4.1288e-01, 7.4143e-01],[-0.9077,-0.0654, 0.0419,-0.0715],0.4099
2521,[-0.9067,-0.086 , 0.0927,-0.0636],[1.1511e+00,1.3712e-01,5.3907e+02,5.9793e-01,1.2620e+00],[-0.9069,-0.0866, 0.089 ,-0.0703],0.3741
2523,[-0.8991,-0.1458, 0.185 ,-0.0731],[ 2.0194,-1.127 ,23.9667,-0.4555, 0.0566],[-0.8987,-0.1506, 0.1865,-0.078 ],0.2644
2532,[-0.8967, 0.1787,-0.1498,-0.0281],[-0.5515,-0.9303,-2.0978,-1.495 ,-0.8036],[-0.8975, 0.1744,-0.1371,-0.0208],0.272
2534,[-0.9028, 0.2011,-0.217 ,-0.0519],[ 0.6185,18.4372,-0.577 , 3.6536, 0.4237],[-0.9027, 0.2025,-0.212 ,-0.0407],0.2435
2536,[-0.9089, 0.2691,-0.314 ,-0.081 ],[ 0.5062, 7.5339,-0.8962,-1.0091,-0.3654],[-0.9076, 0.274 ,-0.3178,-0.0677],0.1765
2541,[-0.8975,-0.1764, 0.1416,-0.0435],[ 0.4811,-1.6063, 0.715 ,-0.168 ,-0.6624],[-0.8985,-0.1713, 0.1276,-0.044 ],0.2813
2543,[-0.8944,-0.1923, 0.2067,-0.0682],[ 1.1267,-0.8824,22.9698, 4.7279, 0.583 ],[-0.8944,-0.1937, 0.202 ,-0.0613],0.2223
2545,[-0.9068,-0.2676, 0.3313,-0.0829],[ 0.1625,-0.9129, 0.29  , 4.8973, 0.0445],[-0.9048,-0.2737, 0.3339,-0.0668],0.16
2554,[-0.9074, 0.3008,-0.2695,-0.0072],[1.0653,0.6246,0.0204,1.8895,1.3445],[-0.9088, 0.2967,-0.2546, 0.0084],0.2004
2556,[-0.9054, 0.3039,-0.3279,-0.0476],[ 0.6033, 4.3855,-0.542 , 3.9111, 0.3815],[-0.9049, 0.3055,-0.3225,-0.0325],0.1504
2563,[-0.908 ,-0.349 , 0.2546,-0.0345],[1.1717,1.1782,1.9098,4.6167,0.3532],[-0.9113,-0.3406, 0.2471,-0.0194],0.1915
2565,[-0.9002,-0.3477, 0.3407,-0.0625],[ 1.0591,-0.1955, 3.0907, 4.3652, 0.2473],[-0.9009,-0.3472, 0.3311,-0.0475],0.115
2567,[-0.895 ,-0.3603, 0.4035,-0.0566],[-0.1919,-0.8253, 3.4554, 0.8117,-0.0413],[-0.8934,-0.3627, 0.4018,-0.0426],0.0532
2585,[-0.8879,-0.4025, 0.362 ,-0.0447],[ 0.3511, 0.5791, 0.4217,14.7842,-0.2324],[-0.8898,-0.4005, 0.3547,-0.0289],0.0483
2587,[-0.8886,-0.4058, 0.407 ,-0.1037],[ 0.8722,-1.0896, 2.8545, 8.0355,-0.4046],[-0.8891,-0.4066, 0.3973,-0.0895],0.025
2600,[-0.9072,-0.0128, 0.0031,-0.1645],[  0.6384,  2.958 ,  2.4669,  3.0566,125.5624],[-9.0795e-01,-1.1244e-02, 7.6494e-04,-1.8059e-01],0.4308
2601,[-0.9071,-0.0387, 0.0686,-0.1664],[-0.8994,-1.7059,39.7439,-0.6929,-1.0546],[-0.9077,-0.0433, 0.0703,-0.1788],0.4071
2602,[-0.9086, 0.0365,-0.0712,-0.1595],[ 0.3269,71.008 ,-1.2646, 1.8965, 0.6647],[-0.9091, 0.0419,-0.0739,-0.172 ],0.4123
2610,[-0.9057, 0.0647,-0.0468,-0.1859],[-5.4570e-01, 3.4569e-02, 3.5752e+01, 1.4329e+00,-5.8971e-01],[-0.9066, 0.0628,-0.0471,-0.1905],0.4041
2612,[-0.9072, 0.0731,-0.0893,-0.1713],[1.9916e+00,1.3460e+02,6.8126e-02,7.6339e+00,1.1963e+00],[-0.9078, 0.0757,-0.0885,-0.1774],0.3833
2614,[-0.9029, 0.1334,-0.1879,-0.1742],[ 5.0012, 3.0149,-2.0212, 2.578 ,-0.4676],[-0.9024, 0.1412,-0.1937,-0.1685],0.2797
2620,[-0.9078,-0.065 , 0.043 ,-0.1483],[ 0.8835, 6.2667, 0.069 , 2.227 ,16.4394],[-0.9086,-0.0624, 0.0429,-0.1594],0.4146
2621,[-0.907 ,-0.0795, 0.085 ,-0.1508],[ 2.7582, 0.6675, 4.9343,52.3881, 1.0526],[-0.9075,-0.0804, 0.083 ,-0.1455],0.3826
2623,[-0.8994,-0.153 , 0.1783,-0.133 ],[-0.1983,-1.6336, 0.6592, 6.3138,-0.1483],[-0.8994,-0.1565, 0.1783,-0.128 ],0.2681
2634,[-0.906 , 0.1949,-0.2333,-0.1836],[ 2.0527, 2.3014,-0.0734, 9.9823, 0.1595],[-0.9056, 0.2006,-0.235 ,-0.1737],0.2442
2636,[-0.9099, 0.2712,-0.311 ,-0.2057],[ 0.9236, 4.5244,-1.41  , 1.424 ,-0.8099],[-0.9091, 0.2772,-0.316 ,-0.1893],0.1809
2641,[-0.9088,-0.1852, 0.1552,-0.222 ],[ 0.5281, 0.3219, 0.2334, 0.6382,-0.0827],[-0.9104,-0.1816, 0.1445,-0.206 ],0.3157
2643,[-0.8956,-0.2074, 0.2181,-0.1612],[ 1.3189,-0.6748, 1.7714, 6.3558, 1.3378],[-0.8959,-0.2095, 0.2194,-0.1516],0.2125
2656,[-0.907 , 0.29  ,-0.3227,-0.1514],[ 1.2262, 2.4762,-0.7877, 3.5773, 0.1235],[-0.9062, 0.2943,-0.3233,-0.1366],0.1598
2663,[-0.9025,-0.3636, 0.2506,-0.1366],[ 0.9321, 0.2444, 0.5276, 0.701 ,-0.0561],[-0.9073,-0.3533, 0.2233,-0.1214],0.1832
2665,[-0.9016,-0.3443, 0.3679,-0.1742],[ 0.6685,-0.4796, 2.2196, 3.3926,-0.1924],[-0.9012,-0.3476, 0.3645,-0.1616],0.1002
2667,[-0.8903,-0.364 , 0.4116,-0.1888],[-0.4853,-0.847 , 6.2545, 1.6505, 0.0395],[-0.8888,-0.368 , 0.4096,-0.1748],0.0358
2687,[-0.8941,-0.4046, 0.4355,-0.1748],[ 1.3525,-0.8399,51.4483, 3.7228,-1.1912],[-0.8932,-0.4074, 0.4305,-0.1613],0.0208
2700,[-0.9011,-0.0145, 0.0048,-0.3027],[ 1.017 , 0.9978,38.3737, 1.8952, 2.7112],[-9.0249e-01,-1.2788e-02,-6.5499e-04,-3.0483e-01],0.4068
2701,[-0.9077,-0.0388, 0.0694,-0.278 ],[ 0.5886,-0.7405,12.9421, 1.9952, 0.2534],[-0.9087,-0.0439, 0.0717,-0.2841],0.4106
2702,[-0.902 , 0.0338,-0.0828,-0.3012],[-6.1226,-5.0857,-7.188 ,-5.5079,-6.7731],[-0.9029, 0.0415,-0.0883,-0.2997],0.3781
2710,[-0.9039, 0.0663,-0.0488,-0.3154],[ 1.0574, 1.9072,39.2847, 2.6268, 0.4783],[-0.9054, 0.0649,-0.0498,-0.3089],0.3965
2712,[-0.9045, 0.0711,-0.0874,-0.3045],[ 0.3326,61.5017, 1.368 , 1.1425, 2.298 ],[-0.9056, 0.0742,-0.0881,-0.2991],0.3748
2720,[-0.894 ,-0.0631, 0.0449,-0.3121],[-0.7153,-0.6709,-0.5114,-0.2153,-1.0288],[-0.8954,-0.0612, 0.0422,-0.3013],0.3589
2721,[-0.898 ,-0.0837, 0.0865,-0.3099],[ 0.7941,-0.4663, 2.7806, 3.4525, 0.0667],[-0.8992,-0.0851, 0.0878,-0.2955],0.3427
2734,[-0.9097, 0.2325,-0.2535,-0.2688],[ 2.182 , 1.2806,-0.3286, 5.9539, 0.2983],[-0.9101, 0.2371,-0.2512,-0.2715],0.2355
2741,[-0.8971,-0.1774, 0.1436,-0.3553],[0.7402,0.7761,0.6734,1.0719,0.25  ],[-0.8992,-0.1749, 0.1378,-0.3391],0.2776
2743,[-0.8985,-0.2271, 0.2163,-0.3057],[ 1.2261,-0.2477, 1.9038, 2.7137, 0.1064],[-0.9   ,-0.2278, 0.2113,-0.2894],0.2225
2765,[-0.9073,-0.2982, 0.3764,-0.3306],[ 0.5837,-0.4347, 2.8445, 1.3404, 0.069 ],[-0.9049,-0.3081, 0.385 ,-0.3183],0.1195
2767,[-0.9001,-0.3418, 0.4181,-0.2933],[ 1.552 ,-1.1788, 1.6845, 5.9974,-0.7037],[-0.8974,-0.3493, 0.4233,-0.2781],0.0609
2800,[-0.8999, 0.0038,-0.0098,-0.45  ],[ 1.5165, 1.6918,48.6278, 2.9173, 0.5456],[-0.9019, 0.0054,-0.0158,-0.4356],0.4069
2801,[-0.8945,-0.0263, 0.0841,-0.4439],[ 0.0487,-1.0459, 2.1924, 2.7214,-0.2498],[-0.8959,-0.0349, 0.0897,-0.4292],0.3497
2802,[-0.8967, 0.0251,-0.0828,-0.4287],[ 0.6297,17.6343,-0.6348, 6.4937,-0.9042],[-0.898 , 0.0342,-0.089 ,-0.4168],0.3607
2810,[-0.9004, 0.071 ,-0.0387,-0.4363],[ 2.161 , 0.7688,50.9688, 1.3709, 0.623 ],[-0.9024, 0.0675,-0.037 ,-0.4216],0.3874
2812,[-0.8966, 0.084 ,-0.086 ,-0.4424],[  1.8007,100.1351,  1.3821,  3.7663,  0.5142],[-0.8984, 0.0851,-0.0823,-0.4292],0.3416
2820,[-0.8885,-0.0629, 0.0451,-0.4505],[ 0.0127, 1.4181, 0.1725, 1.5651,-0.2979],[-0.8905,-0.0613, 0.0428,-0.44  ],0.3375
2821,[-0.8838,-0.0759, 0.0746,-0.4357],[ 1.0429,-0.3158, 1.9481, 3.4531, 0.5799],[-0.8857,-0.0767, 0.0734,-0.4204],0.2971
2823,[-0.8837,-0.1626, 0.1872,-0.4853],[ 0.2364,-0.644 , 1.3557, 0.7103,-0.5457],[-0.8851,-0.1677, 0.1866,-0.4678],0.2065
2841,[-0.8976,-0.1892, 0.1521,-0.393 ],[0.3155,0.6242,0.9453,0.9576,0.6158],[-0.9   ,-0.186 , 0.1418,-0.3775],0.2745
2843,[-0.8935,-0.2016, 0.206 ,-0.4479],[ 0.5692,-0.11  , 2.4109, 2.2159,-0.1299],[-0.8951,-0.2046, 0.2028,-0.4341],0.2197
2865,[-0.9091,-0.2862, 0.3763,-0.3781],[ 0.3975,-0.0982, 0.8476, 0.6425, 0.1275],[-0.9064,-0.2978, 0.3847,-0.3655],0.1292
2900,[-0.8929, 0.0194,-0.0016,-0.6315],[  1.9688,  0.7766,163.2116,  3.381 , -0.4481],[-0.8956, 0.0173,-0.0031,-0.6156],0.3797
2901,[-0.893 ,-0.0159, 0.0726,-0.6512],[ 0.265 ,-0.5543,34.6991, 0.8635, 0.183 ],[-0.8955,-0.0249, 0.0769,-0.6352],0.3602
2902,[-0.8768, 0.0434,-0.0716,-0.7778],[-6.2339, 7.3804,-7.6798,-2.881 ,-8.1108],[-0.8798, 0.0485,-0.0755,-0.7635],0.2853
2910,[-0.8934, 0.0702,-0.0362,-0.6641],[  0.8572,  1.1783,  0.5948,314.2072, -1.5621],[-0.8965, 0.0658,-0.0263,-0.6461],0.3672
2912,[-0.8892, 0.0777,-0.0835,-0.704 ],[-10.9456, -8.4938,-14.7988, 24.1735,-13.7709],[-0.8921, 0.0801,-0.0822,-0.6862],0.3182
2914,[-0.9098, 0.1472,-0.1777,-0.5538],[ 0.1093,17.8649,-0.8676, 0.7156,-0.2945],[-0.9112, 0.1556,-0.1844,-0.5361],0.312
2920,[-0.8825,-0.0654, 0.0434,-0.6016],[-1.0269,-1.1677,-0.0353, 1.5299,-2.1066],[-0.8852,-0.0632, 0.0384,-0.5857],0.3162
2921,[-0.8799,-0.085 , 0.1021,-0.6497],[ 0.7397,-0.4213,21.7358, 2.3249, 0.0227],[-0.8823,-0.0889, 0.1028,-0.6357],0.2662
2923,[-0.8827,-0.143 , 0.1841,-0.5931],[ 0.8441,-1.1751, 3.0222, 3.2804,-0.9406],[-0.884 ,-0.1509, 0.1896,-0.5777],0.2088
2943,[-0.8946,-0.1909, 0.2131,-0.5496],[-0.6447,-0.9293, 4.8078, 3.4642,-0.7893],[-0.8961,-0.197 , 0.2139,-0.5347],0.2212
3300,[-0.8647, 0.0452,-0.0506, 0.1633],[ 0.431 , 1.1888, 1.4194,-1.5246, 1.4823],[-0.864 , 0.0456,-0.0514, 0.151 ],0.2355
3400,[-0.8606, 0.0494,-0.0544, 0.054 ],[ 0.98  , 1.4689, 1.2111,-0.8485, 6.0569],[-0.8604, 0.0498,-0.0539, 0.04  ],0.2194
3402,[-0.8614, 0.0481,-0.0571, 0.0973],[-1.1371,-0.0614,-2.5025,-2.2051,-1.0054],[-0.861 , 0.0487,-0.0569, 0.083 ],0.221
3500,[-0.861 , 0.0462,-0.0296,-0.0601],[ 0.0129, 1.1925, 2.0467,-0.8285, 3.8605],[-0.8614, 0.0442,-0.0238,-0.0759],0.2368
3600,[-0.8648, 0.031 ,-0.0114,-0.1633],[ 2.1544, 1.0398, 2.2904,-0.4098, 3.0298],[-0.8657, 0.0295,-0.0139,-0.179 ],0.2624
3720,[-0.8595,-0.0603, 0.0479,-0.3599],[-0.4262, 0.1927,-0.7013,-0.7609,-0.0714],[-0.8612,-0.0596, 0.0474,-0.351 ],0.2215
3800,[-0.8615, 0.0308,-0.0528,-0.4736],[ 1.5675, 0.9281,11.1057, 1.9639, 0.6563],[-0.8633, 0.034 ,-0.0575,-0.4568],0.2349
3802,[-0.8651, 0.0375,-0.0636,-0.4408],[ 1.2994, 5.6566,-1.1396, 0.0954, 1.1123],[-0.8668, 0.0414,-0.0691,-0.442 ],0.2404
3810,[-0.8488, 0.0703,-0.0402,-0.4815],[1.2823,0.1573,8.0911,0.4201,0.5393],[-0.8512, 0.0681,-0.0384,-0.499 ],0.1863
3812,[-0.8415, 0.0842,-0.0914,-0.4917],[ 0.9764, 5.6606,-0.1029, 0.539 ,20.6765],[-0.8435, 0.0855,-0.0866,-0.4943],0.1378
3820,[-0.8609,-0.0631, 0.0443,-0.4523],[ 0.2033, 0.7409, 0.1772, 0.7893,-0.2747],[-0.863 ,-0.0621, 0.0454,-0.4456],0.2276
3821,[-0.8508,-0.0642, 0.0588,-0.4543],[ 0.3964,-0.1722, 2.3504, 2.3388, 1.2685],[-0.8528,-0.0644, 0.0587,-0.439 ],0.1866
3900,[-0.8386, 0.0025,-0.0311,-0.9116],[38.4944, 2.5462, 4.4855,37.013 , 0.0814],[-0.8424, 0.0059,-0.0343,-0.9005],0.1737
3901,[-0.8478,-0.0295, 0.0773,-0.8222],[ 0.4218,-2.1892, 1.6117,12.2314,-1.7115],[-0.8509,-0.0355, 0.0816,-0.8051],0.1823
3902,[-0.8498, 0.0315,-0.0671,-0.8712],[ -0.3205,129.527 , -1.5332,  1.4256, -0.6598],[-0.8533, 0.0362,-0.0689,-0.8558],0.195
3910,[-0.8522, 0.0737,-0.0488,-0.6985],[  2.2212,  0.7034,153.0552,  4.4904,  0.5517],[-0.8555, 0.0726,-0.0496,-0.7011],0.1963
3912,[-0.8453, 0.0781,-0.0899,-0.7445],[ 3.5636e+00, 5.6826e+02,-3.2738e-01, 3.2777e+00, 3.2520e-02],[-0.8484, 0.0804,-0.0873,-0.744 ],0.1563
3920,[-0.8456,-0.0668, 0.0502,-0.668 ],[ 0.3395,11.4886, 0.599 , 3.029 ,-0.119 ],[-0.8487,-0.0663, 0.0501,-0.6586],0.1754
3921,[-0.8468,-0.0679, 0.0678,-0.6821],[ 0.991 ,-0.3509,21.6633, 1.472 , 1.2329],[-0.8497,-0.069 , 0.0667,-0.6705],0.1719
4800,[-0.8201,-0.0496, 0.054 ,-0.4987],[ 0.2691, 1.3673, 0.9391,-0.0062, 1.0647],[-0.8222,-0.051 , 0.0602,-0.4918],0.0922
4801,[-0.8222,-0.051 , 0.0602,-0.4918],[-0.3778,-0.673 , 0.0612,-0.5161,-0.8461],[-0.8243,-0.053 , 0.0675,-0.5098],0.0955
4802,[-0.8027, 0.0342,-0.0853,-0.4753],[-0.9352, 0.4065,-1.3401,-0.5298, 0.4692],[-0.8043, 0.0386,-0.089 ,-0.4705],0.0366
4812,[-0.8135, 0.0694,-0.1121,-0.4441],[ 0.4269, 1.885 ,-0.5521,-0.1797, 0.9381],[-0.8149, 0.0734,-0.1123,-0.4614],0.0485
4900,[-0.7996,-0.0139, 0.0028,-0.9198],[427.0335,  2.7623,  2.7155,  1.8963,  0.9994],[-0.8037,-0.0127,-0.0021,-0.9262],0.0585
4901,[-0.7975,-0.0225, 0.0627,-0.899 ],[-0.2948,-1.0575, 4.6626,-0.2293,-0.4031],[-0.8012,-0.0264, 0.0631,-0.9023],0.0399
4902,[-0.801 , 0.0135,-0.0761,-0.7413],[-8.2681e-01, 1.8404e+02,-1.0923e+00,-4.7404e-01,-1.7747e-01],[-0.8039, 0.0188,-0.0776,-0.7407],0.0438
4910,[-0.8002, 0.063 ,-0.0476,-0.794 ],[ 0.2806, 0.1733,51.6012, 0.4417, 1.9518],[-0.8038, 0.0629,-0.0484,-0.7924],0.0398
4911,[-0.7825, 0.0621, 0.0576,-0.883 ],[-2.24  ,-2.095 ,-1.2791,-1.2805,-1.8078],[-0.7865, 0.0543, 0.0542,-0.902 ],-0.004
4912,[-0.8079, 0.0632,-0.078 ,-0.7372],[  0.7686,110.759 , -0.5605,  1.2427,  2.1098],[-0.8109, 0.0654,-0.0774,-0.7387],0.0511
4920,[-0.7986,-0.0671, 0.0374,-0.8043],[0.4763,7.6174,0.1513,0.8349,1.9611],[-0.8023,-0.0659, 0.0382,-0.7953],0.0386
4921,[-0.802 ,-0.0688, 0.0591,-0.786 ],[ 0.3685,-0.5793, 7.9663, 0.7077, 2.5015],[-0.8055,-0.069 , 0.058 ,-0.7783],0.0411
4922,[-0.7804,-0.0623,-0.0588,-0.9162],[-1.0086,-1.1924,-1.763 ,-1.3197,-1.4118],[-0.7845,-0.0543,-0.0562,-0.9348],-0.0093
5800,[-0.7336,-0.0166, 0.0211,-0.4937],[ 0.0807,-0.1205, 0.3822,-1.1934, 1.0564],[-0.7358,-0.0168, 0.0172,-0.5074],-0.1063
5801,[-0.7373,-0.0514, 0.0641,-0.4618],[-0.4472,-0.9813,-0.0286,-0.7987, 0.0563],[-0.7393,-0.0525, 0.0649,-0.477 ],-0.1101
5900,[-0.7557,-0.0134, 0.0269,-0.803 ],[ 1.6562e+00, 2.4098e+00, 6.4838e+02,-2.7362e-01, 2.3336e+00],[-0.7593,-0.0143, 0.0245,-0.8156],-0.0545
5901,[-0.7504,-0.0373, 0.0613,-0.7515],[ 2.0365e-02,-1.1935e+00, 4.3399e+01,-1.3421e-01, 1.3674e+00],[-0.7536,-0.0393, 0.0604,-0.7625],-0.0764
5902,[-0.7578, 0.0371,-0.0632,-0.7521],[ 0.1185,21.971 ,-1.0574,-0.1387, 0.3125],[-0.761 , 0.0393,-0.063 ,-0.7618],-0.0614
5910,[-0.7548, 0.0679,-0.0248,-0.7493],[ 0.2558,-0.4611, 2.8237,-1.1203,55.2289],[-0.7584, 0.0652,-0.0148,-0.7665],-0.0648
5911,[-0.7768, 0.0667, 0.0627,-0.8707],[-1.7606,-2.109 ,-0.8503,-2.0819,-1.5622],[-0.7808, 0.0585, 0.0583,-0.8906],-0.02
5912,[-0.7463, 0.0704,-0.0678,-0.684 ],[-0.046 ,22.7143,-0.8602,-0.1272, 3.4874],[-0.7494, 0.0708,-0.0633,-0.6923],-0.0927
5920,[-0.7625,-0.0693, 0.0397,-0.8123],[-1.5403,-1.3787,-1.2694,-2.2668,-1.0037],[-0.7664,-0.0679, 0.0348,-0.8185],-0.0501
5921,[-0.7491,-0.0749, 0.0767,-0.774 ],[ 0.2712,-0.6137,19.2575,-0.2843, 0.3622],[-0.7525,-0.0756, 0.0721,-0.786 ],-0.0894
5922,[-0.7742,-0.0753,-0.067 ,-0.8866],[-1.0734,-1.1324,-1.7159,-1.1118,-1.6024],[-0.7783,-0.0664,-0.0606,-0.9067],-0.0285
6700,[-0.6965, 0.0131,-0.0099,-0.3503],[-0.3872,-0.7089, 1.2388,-1.209 , 4.5297],[-0.698 , 0.013 ,-0.0084,-0.3609],-0.1704
6701,[-0.6941,-0.0107, 0.0829,-0.3522],[-1.1215,-2.2523, 0.3057,-2.0824, 0.3544],[-0.6951,-0.0145, 0.0894,-0.3691],-0.1855
6702,[-0.6964, 0.0288,-0.0702,-0.3453],[-0.5361, 1.4133,-1.2009,-1.8325, 0.6237],[-0.6976, 0.0309,-0.0683,-0.3502],-0.1802
6800,[-7.0004e-01, 6.8942e-03,-6.0677e-04,-4.4695e-01],[-30.1307,-30.7495,-30.349 ,-31.8916,-29.4965],[-0.702 , 0.0065, 0.0009,-0.4568],-0.1625
6801,[-0.6986,-0.0199, 0.0828,-0.4545],[-7.7339,-8.4247,-6.2337,-8.7541,-6.9802],[-0.7001,-0.0232, 0.0849,-0.4641],-0.1776
6802,[-0.6992, 0.0328,-0.077 ,-0.4505],[-7.0462,-6.0706,-7.9581,-8.5093,-5.8903],[-0.7009, 0.0351,-0.0766,-0.4583],-0.1769
6810,[-0.6965, 0.0612,-0.0377,-0.468 ],[-0.4652,-0.8487,-0.6175,-1.5528, 1.252 ],[-0.6987, 0.0603,-0.0342,-0.4643],-0.1778
6812,[-0.7056, 0.0655,-0.0921,-0.4671],[-0.9458,-0.3911,-2.124 ,-2.2352, 0.611 ],[-0.7073, 0.0673,-0.0922,-0.4782],-0.1747
6821,[-0.7013,-0.0766, 0.1374,-0.4501],[-0.6462,-1.4631,-0.4203,-1.7387, 0.2481],[-0.7024,-0.08  , 0.138 ,-0.4588],-0.1932
6900,[-0.7145, 0.0111, 0.0146,-0.6167],[  0.9692,  0.5537,  2.8792, -0.7955,485.5501],[-0.7172, 0.0094, 0.0194,-0.6349],-0.1372
6901,[-0.7135,-0.0307, 0.0755,-0.6084],[-0.236 ,-1.2505,36.7837,-0.8711, 0.2862],[-0.7159,-0.0334, 0.0742,-0.6214],-0.1506
6902,[-0.7069, 0.0354,-0.075 ,-0.5847],[ 0.3392,41.4294,-1.2728,-1.2765, 2.85  ],[-0.7092, 0.0376,-0.0713,-0.5987],-0.1622
6910,[-0.7196, 0.0652,-0.0444,-0.6552],[-0.5554,-1.0506,27.0712,-1.7904, 1.8214],[-0.7226, 0.0648,-0.0465,-0.6656],-0.1396
6912,[-0.7133, 0.0747,-0.0971,-0.6192],[-0.1222,29.9166,-2.0868,-1.8915, 1.1546],[-0.7157, 0.0763,-0.0931,-0.63  ],-0.1623
6921,[-0.7203,-0.071 , 0.0998,-0.6677],[-1.0748,-2.1834, 1.0574,-1.9204, 1.9015],[-0.7229,-0.0732, 0.099 ,-0.6823],-0.1507
7422,[-0.6692,-0.15  ,-0.1174, 0.0214],[-4.1991,-3.5773,-6.3743,-4.8514,-2.8533],[-0.6696,-0.1393,-0.1246, 0.0064],-0.2462
7442,[-0.6666,-0.1811,-0.0934, 0.0192],[-3.1491,-2.4223,-4.6029,-3.3981,-1.6378],[-0.6679,-0.1701,-0.1022, 0.0171],-0.2496
7500,[-0.6713,-0.0057,-0.0344,-0.1109],[-0.8357,-1.6484,-1.1316,-2.0494, 0.3825],[-0.6718,-0.0048,-0.0164,-0.1189],-0.2083
7502,[-0.6677,-0.0342,-0.1172,-0.109 ],[-3.549 ,-2.381 ,-5.0806,-4.6867,-2.4687],[-0.6675,-0.0284,-0.1093,-0.1201],-0.2305
7522,[-0.6711,-0.1301,-0.1261,-0.076 ],[-3.4304,-2.5952,-8.1236,-6.5565,-1.8961],[-0.6715,-0.1196,-0.1308,-0.0907],-0.2418
7524,[-0.6664,-0.0805,-0.1766,-0.1014],[-5.3994,-5.2154,-6.4142,-5.8089,-5.0899],[-0.6652,-0.0702,-0.1805,-0.1154],-0.2499
7542,[-0.6638,-0.1972,-0.0795,-0.0115],[-18.6604,-16.3682,-20.6911,-20.0637,-17.0988],[-0.6654,-0.1881,-0.0875,-0.019 ],-0.2532
7600,[-0.6748,-0.0017,-0.0238,-0.2168],[-2.1081,-2.725 ,-2.7545,-3.5834,-0.6521],[-0.6757,-0.0009,-0.0165,-0.2298],-0.2037
7601,[-0.6745,-0.0059, 0.0741,-0.2393],[-1.6361,-2.6101,-0.8001,-2.7668,-1.4284],[-0.6754,-0.0083, 0.0601,-0.2561],-0.2096
7602,[-0.6705,-0.0355,-0.1272,-0.214 ],[-22.1442,-20.7467,-24.4754,-23.8894,-21.2287],[-0.6705,-0.0289,-0.1214,-0.2271],-0.2285
7604,[-0.6648,-0.0321,-0.1753,-0.2115],[-16.4264,-14.601 ,-17.4349,-16.4921,-14.7998],[-0.6638,-0.0238,-0.1737,-0.2179],-0.2442
7622,[-0.6723,-0.0814,-0.1435,-0.1681],[-6.4818,-4.2267,-9.9437,-8.2573,-4.3715],[-0.6721,-0.0722,-0.1442,-0.183 ],-0.2359
7624,[-0.6697,-0.0688,-0.1714,-0.1958],[-6.9945,-6.4011,-8.892 ,-7.4428,-6.3575],[-0.6689,-0.0589,-0.1737,-0.2109],-0.2425
7700,[-0.679 , 0.0036,-0.0163,-0.333 ],[-15.7656,-16.6007,-16.8383,-17.82  ,-15.3166],[-0.6805, 0.0038,-0.007 ,-0.3453],-0.1961
7701,[-0.6816,-0.0052, 0.0723,-0.3308],[-3.1623,-4.5047,-1.6036,-4.1283,-2.616 ],[-0.6827,-0.0082, 0.0715,-0.3408],-0.2006
7702,[-0.6726,-0.0095,-0.1067,-0.3058],[-21.4826,-19.909 ,-23.469 ,-23.3095,-20.2206],[-0.6733,-0.0048,-0.0979,-0.3196],-0.2185
7704,[-0.6641, 0.0007,-0.1784,-0.3039],[-12.786 ,-11.8606,-14.8462,-13.9435,-12.8562],[-0.6633, 0.008 ,-0.1766,-0.3119],-0.2443
7712,[-0.6612, 0.0615,-0.1135,-0.3339],[-0.7006, 0.293 ,-2.2985,-1.959 , 0.5496],[-0.6623, 0.0633,-0.0987,-0.3486],-0.241
7800,[-0.6828, 0.0094,-0.0105,-0.4189],[-60.2614,-60.4013,-60.6464,-61.625 ,-59.8449],[-0.6847, 0.0092,-0.0043,-0.43  ],-0.1908
7801,[-0.6856,-0.008 , 0.0907,-0.4356],[-7.3328,-8.2553,-6.2012,-8.3425,-6.9478],[-0.6869,-0.0123, 0.0966,-0.4484],-0.1991
7802,[-0.6794, 0.0189,-0.085 ,-0.4193],[-28.2901,-27.4627,-29.7209,-29.7605,-28.0657],[-0.6809, 0.0219,-0.0804,-0.431 ],-0.2064
7804,[-0.6638, 0.0295,-0.1699,-0.3781],[-1.9156,-0.4359,-3.3052,-2.2421,-1.8006],[-0.6636, 0.0354,-0.165 ,-0.3956],-0.2445
7810,[-0.6755, 0.0613,-0.0241,-0.4552],[-2.5748,-3.4964,-2.7393,-3.5012,-1.7964],[-0.6778, 0.0597,-0.018 ,-0.4695],-0.208
7812,[-0.6737, 0.062 ,-0.0933,-0.4444],[-2.9672,-1.5116,-4.0251,-3.9657,-2.0207],[-0.6754, 0.0633,-0.0841,-0.4526],-0.2209
7900,[-0.6851, 0.0313,-0.0093,-0.5235],[-13.3502,-13.5136,-13.2905,-13.7154,-12.8738],[-0.6875, 0.0301,-0.0022,-0.534 ],-0.1904
7901,[-0.6819,-0.0122, 0.1159,-0.5683],[-3.7785,-4.6589,-2.2658,-4.1713,-3.3446],[-0.6834,-0.0175, 0.1219,-0.5774],-0.2095
7902,[-0.6856, 0.0394,-0.0927,-0.5231],[-5.9068,-5.3143,-6.7049,-6.6135,-5.5074],[-0.6874, 0.0422,-0.091 ,-0.5353],-0.2017
7903,[-0.6717, 0.0065, 0.1723,-0.5418],[-1.3069,-2.4247,-0.9273,-1.2936,-1.3141],[-0.6724,-0.0009, 0.1549,-0.5573],-0.2266
7910,[-0.6825, 0.0581,-0.0164,-0.5409],[-1.5377,-3.681 ,-1.6724,-3.8649,-2.0866],[-0.6851, 0.0565,-0.0173,-0.5575],-0.1985
7912,[-0.6831, 0.0603,-0.0966,-0.5275],[-2.4957,-1.1406,-3.9168,-3.9654,-2.1255],[-0.685 , 0.0622,-0.0905,-0.5398],-0.2083
7921,[-0.6888,-0.0571, 0.1349,-0.5743],[-0.5685,-0.698 , 1.2246,-0.5939, 1.3688],[-0.69  ,-0.0614, 0.1393,-0.5589],-0.2087
