100,[-9.5610e-01,-4.7368e-04, 4.1191e-02, 3.8101e-01],[1.0075,2.5223,0.3849,0.8147,1.2405],[-0.9542,-0.0137, 0.0639, 0.3884],0.2924
200,[-0.9607, 0.0091,-0.0128, 0.3013],[19.1837, 1.0275, 2.0345, 1.731 , 0.0318],[-0.9593, 0.0091,-0.0097, 0.3112],0.2918
202,[-0.9717, 0.0507,-0.0576, 0.2749],[-1.1246, 1.0471,-1.5172,-0.5379,-0.7295],[-0.9704, 0.0511,-0.057 , 0.2876],0.2191
300,[-0.9653, 0.0077,-0.0055, 0.1845],[1.8638,6.4624,4.8961,2.2439,0.877 ],[-0.9645, 0.0076,-0.0067, 0.1951],0.268
301,[-0.9575,-0.0485, 0.0659, 0.1701],[-0.9114,-1.791 , 0.976 ,-0.483 ,-1.3206],[-0.9566,-0.0526, 0.0695, 0.1838],0.2648
302,[-0.9759, 0.0438,-0.0577, 0.2266],[-1.288 , 0.6877,-1.8725,-0.4292,-1.7309],[-0.9748, 0.0473,-0.0579, 0.2406],0.2047
310,[-0.9592, 0.0725,-0.044 , 0.1993],[-1.0297,-1.3422, 1.0092,-0.7561,-1.8549],[-0.9585, 0.06  ,-0.0238, 0.2125],0.2733
312,[-0.9591, 0.1062,-0.0969, 0.1699],[ 1.0483,13.073 , 1.4686, 5.3457, 0.2249],[-0.9585, 0.0997,-0.0846, 0.184 ],0.2326
320,[-0.9601,-0.0724, 0.0321, 0.1847],[-0.7468, 1.1471,-1.6417,-1.3765,-1.871 ],[-0.9595,-0.059 , 0.0228, 0.1957],0.2671
321,[-0.9652,-0.1201, 0.1034, 0.1673],[ 1.5373, 0.4881, 2.9224,11.0101, 0.0299],[-0.9648,-0.1087, 0.0845, 0.1818],0.2072
323,[-0.9718,-0.159 , 0.1667, 0.1272],[-0.4397,-1.6802, 1.4601, 0.1485,-0.6673],[-0.9712,-0.1569, 0.1598, 0.1403],0.1371
400,[-0.969 ,-0.0081, 0.024 , 0.0764],[ 0.0804, 0.0818, 2.0672,10.933 , 0.1001],[-0.9686,-0.0119, 0.0251, 0.0913],0.2474
410,[-0.9689, 0.0648,-0.043 , 0.0936],[-0.7877,-1.1164, 1.1501,-1.2269,-1.1096],[-0.9686, 0.0517,-0.0233, 0.1086],0.2383
412,[-0.9659, 0.0983,-0.1016, 0.056 ],[ 0.8867, 1.1228, 0.574 ,11.5867,-0.0763],[-0.9656, 0.0974,-0.0981, 0.0713],0.2025
420,[-0.9655,-0.0717, 0.0374, 0.0792],[-0.8507, 1.212 ,-1.5211,-0.8124,-1.3549],[-0.9653,-0.0595, 0.025 , 0.0933],0.2489
421,[-0.9613,-0.12  , 0.1241, 0.0511],[ 0.3693, 1.0707, 2.2066, 8.6793,-0.5587],[-0.9609,-0.1195, 0.1202, 0.0661],0.2019
423,[-0.9652,-0.1557, 0.1747, 0.0696],[-0.6475,-1.2919, 0.4727, 0.5   ,-1.3403],[-0.9646,-0.1597, 0.1769, 0.0799],0.1513
441,[-0.9602,-0.1714, 0.1599, 0.0637],[-1.4424, 0.567 ,-1.4967,-0.8319,-2.0766],[-0.9603,-0.1642, 0.1449, 0.0783],0.1758
443,[-0.9606,-0.1755, 0.1825, 0.0213],[ 0.299 ,-0.9613, 3.33  , 3.1562,-1.2367],[-0.9605,-0.1754, 0.1772, 0.0303],0.1581
500,[-0.9664, 0.0106,-0.0076,-0.0834],[ 2.0753, 2.848 ,14.6492, 1.4587,-1.112 ],[-0.9666, 0.0125,-0.0176,-0.0684],0.2499
501,[-0.9637,-0.0289, 0.0792,-0.0753],[-0.0717,-1.2474, 1.604 , 0.2308,-1.159 ],[-0.9636,-0.0471, 0.0924,-0.0611],0.2323
502,[-0.967 , 0.039 ,-0.0755,-0.0785],[-0.4268, 3.8274,-0.4715,-0.0859,-1.104 ],[-0.9669, 0.0543,-0.0901,-0.0643],0.2176
510,[-0.9656, 0.0782,-0.0168,-0.0756],[-1.036 ,-1.1046, 2.4016,-0.0661,-1.6553],[-0.9661, 0.0518, 0.0109,-0.0606],0.2487
512,[-0.9674, 0.0952,-0.1017,-0.0517],[-0.7523, 5.5939,-0.4562,10.1299,-1.0762],[-0.9675, 0.0963,-0.0985,-0.0369],0.1962
521,[-0.9623,-0.0944, 0.1179,-0.0564],[ 0.1908, 0.3723, 0.5035,15.6665,-0.7408],[-0.9621,-0.1015, 0.123 ,-0.0419],0.2038
523,[-0.9628,-0.1485, 0.1724,-0.0122],[-0.1415,-1.0504, 1.7875,-0.2763,-1.6274],[-0.9623,-0.1559, 0.179 , 0.0035],0.159
541,[-0.9811,-0.1873, 0.1417,-0.0613],[-0.5183, 0.7055,-1.0579,-0.9333,-1.1982],[-0.9822,-0.1585, 0.1132,-0.0464],0.1194
543,[-0.9738,-0.2181, 0.206 ,-0.0788],[ 0.8768,-1.0513, 0.9066, 5.4238,-1.9117],[-0.9746,-0.2094, 0.1894,-0.0628],0.0968
600,[-0.9616, 0.002 , 0.0097,-0.1906],[ 0.4253, 0.203 ,-0.1617,17.5277,-1.2251],[-0.9624,-0.0019, 0.0132,-0.1742],0.2707
601,[-0.958 ,-0.0338, 0.0795,-0.1521],[ 0.0709,-0.7293, 3.3652,-0.7932,-1.3769],[-0.9582,-0.0494, 0.0936,-0.1368],0.2503
602,[-0.9688, 0.0279,-0.0665,-0.1346],[ 0.2625, 0.7647,-0.8362,-0.5649,-1.323 ],[-0.9691, 0.0422,-0.0719,-0.1183],0.2214
610,[-0.9573, 0.1163,-0.049 ,-0.1384],[-1.8209,-2.5261,-0.5933,-1.0429,-2.7102],[-0.9585, 0.0916,-0.0139,-0.1221],0.2642
612,[-0.9659, 0.1315,-0.1257,-0.1774],[-0.018 , 2.0992,-0.03  , 3.5205,-2.0128],[-0.9667, 0.1307,-0.1213,-0.1611],0.1773
621,[-0.9576,-0.0673, 0.0957,-0.1445],[-0.0608,-0.7152, 0.4404, 8.9533,-1.0382],[-0.9579,-0.0766, 0.102 ,-0.1292],0.2369
623,[-0.9741,-0.159 , 0.1874,-0.2492],[ 0.771 ,-0.8219, 2.3774, 0.8436,-1.5071],[-0.9743,-0.178 , 0.2038,-0.2323],0.103
643,[-0.9751,-0.2171, 0.2292,-0.1826],[ 0.5099,-0.6544, 1.6967, 6.566 ,-1.9293],[-0.9755,-0.2261, 0.2327,-0.1662],0.0711
700,[-0.9586, 0.006 , 0.0089,-0.288 ],[-0.8439,-1.1863, 0.1624, 5.7486,-1.9996],[-0.9598, 0.0012, 0.0121,-0.2716],0.2724
701,[-0.9663,-0.0334, 0.0613,-0.3356],[ 0.3879, 0.1123, 0.4957, 6.3577,-1.2841],[-0.9676,-0.0472, 0.0717,-0.3183],0.2255
702,[-0.9573, 0.0522,-0.0666,-0.3245],[-0.2096, 0.3507,-0.5721, 0.2398,-1.1507],[-0.9584, 0.0614,-0.0821,-0.3072],0.2493
710,[-0.9578, 0.0637,-0.0424,-0.2955],[-0.953 ,-1.4121, 1.5338,-1.5246,-1.8743],[-0.9592, 0.0581,-0.0375,-0.2819],0.2656
712,[-0.9626, 0.0972,-0.1018,-0.3038],[-6.0634,-4.136 ,-5.8359,-4.7067,-7.5779],[-0.9637, 0.1027,-0.108 ,-0.2882],0.2035
721,[-0.9722,-0.0862, 0.1186,-0.309 ],[-0.5509,-0.7709, 1.3728, 5.2753,-1.9974],[-0.9729,-0.107 , 0.1385,-0.2918],0.1586
723,[-0.9738,-0.1387, 0.169 ,-0.2662],[-0.481 ,-0.1924, 1.9105,11.5874,-0.2364],[-0.9741,-0.159 , 0.1874,-0.2492],0.117
800,[-0.9652, 0.021 , 0.0277,-0.3998],[ -9.7683, -9.787 , -8.5213, -8.0899,-11.1127],[-0.9669, 0.0017, 0.0416,-0.3845],0.2525
810,[-0.9591, 0.0827,-0.0087,-0.4503],[-1.6848,-2.2386,-0.4334, 0.3203,-3.6208],[-0.9614, 0.0612, 0.0025,-0.433 ],0.2675
812,[-0.9572, 0.1028,-0.0974,-0.378 ],[-16.7247,-15.9378,-17.3085,-15.6945,-17.9089],[-0.9589, 0.1024,-0.0904,-0.3641],0.2276
821,[-0.9561,-0.0678, 0.155 ,-0.4385],[-2.2574,-3.1327,-2.132 ,-0.453 ,-3.6283],[-0.9559,-0.1036, 0.2024,-0.4207],0.1922
823,[-0.9559,-0.1036, 0.2024,-0.4207],[-0.1252, 0.8778, 0.8488,16.2663,-0.4715],[-0.9547,-0.1413, 0.2526,-0.403 ],0.1604
1100,[-0.9236,-0.0222, 0.0322, 0.3866],[ 0.8051, 2.3916, 0.8747, 0.381 ,52.7865],[-0.9218,-0.0237, 0.0364, 0.383 ],0.4299
1101,[-0.9284,-0.0411, 0.0655, 0.3927],[ 0.878 ,-0.5062,32.3913,-0.5322, 1.808 ],[-0.9265,-0.0441, 0.0668, 0.3973],0.3921
1121,[-0.9313,-0.063 , 0.084 , 0.3998],[ 2.0687, 1.0607, 1.7022, 0.5062,35.1379],[-0.9295,-0.0647, 0.0838, 0.3929],0.3641
1200,[-9.2536e-01, 6.1201e-04, 9.4262e-04, 3.0313e-01],[  1.5719,152.5285,  1.6598,  0.5383,  1.8766],[-9.2397e-01,-1.5686e-04, 5.0089e-03, 3.1031e-01],0.42
1201,[-0.9252,-0.0399, 0.0683, 0.3191],[  0.39  , -0.6052,153.6427,  0.5011,  1.6481],[-0.9236,-0.0434, 0.069 , 0.3192],0.3979
1202,[-0.9175, 0.0419,-0.065 , 0.2616],[ 1.1739, 5.228 ,-0.5531, 0.7222,40.0567],[-0.9162, 0.0446,-0.0657, 0.2616],0.4241
1210,[-0.9204, 0.0724,-0.0247, 0.2625],[-0.2279,-1.3059, 2.2494,-1.08  , 1.5472],[-0.9196, 0.0636,-0.0175, 0.2636],0.4343
1212,[-0.9205, 0.0796,-0.0843, 0.2563],[ 3.3167, 1.9585, 0.3615, 0.9376,43.4522],[-0.9194, 0.0787,-0.0788, 0.2531],0.3976
1220,[-0.9179,-0.0706, 0.0302, 0.2796],[ 0.5769,83.973 ,-0.3407, 0.4258, 1.0414],[-0.9169,-0.064 , 0.0275, 0.28  ],0.4352
1221,[-0.9221,-0.0748, 0.0865, 0.3227],[  1.8564,  0.6169,158.2581,  0.65  ,  2.1607],[-0.9207,-0.0748, 0.0822, 0.3156],0.3929
1232,[-0.9191, 0.169 ,-0.1633, 0.2567],[0.71  ,0.5422,3.7166,1.4499,3.0674],[-0.9182, 0.1665,-0.1645, 0.254 ],0.3237
1300,[-0.9164, 0.0269,-0.0276, 0.1759],[  1.504 ,  0.9058,  1.0576,317.475 ,  1.3285],[-0.9156, 0.0267,-0.0269, 0.1901],0.441
1301,[-0.9172,-0.0505, 0.0589, 0.179 ],[ 0.7669,-0.4765,40.8327, 0.6296, 0.2033],[-0.9163,-0.051 , 0.0578, 0.1915],0.4216
1302,[-0.9158, 0.0441,-0.0646, 0.173 ],[  0.3478,168.4733, -0.6913, -0.2203,  1.2101],[-0.9149, 0.0463,-0.0634, 0.1856],0.4304
1310,[-0.9165, 0.0672,-0.0422, 0.1613],[ 0.269 ,-0.1185,52.9775, 0.16  , 0.8861],[-0.9159, 0.0633,-0.0419, 0.1643],0.4303
1312,[-0.9183, 0.0757,-0.0892, 0.1762],[  1.1655,155.9778,  0.5231,  2.2268,  3.1868],[-0.9174, 0.0766,-0.087 , 0.1822],0.3961
1314,[-0.9166, 0.1205,-0.1849, 0.1644],[ 0.3581,35.3015,-0.2954, 0.3872,-0.3577],[-0.9147, 0.128 ,-0.1891, 0.1644],0.3279
1320,[-0.9186,-0.0713, 0.036 , 0.168 ],[ 0.643 ,86.0491,-0.3229, 0.3553, 0.1885],[-0.918 ,-0.0654, 0.0342, 0.1752],0.4254
1321,[-0.9202,-0.1003, 0.0875, 0.1586],[  1.0993,  1.9413,115.9631,  1.7399,  0.5249],[-0.9198,-0.0962, 0.0773, 0.1666],0.3821
1322,[-0.9375,-0.0641,-0.0635, 0.2479],[-1.8525,-1.4772,-2.5256,-1.879 ,-1.5835],[-0.9362,-0.0388,-0.0828, 0.2578],0.3471
1323,[-0.9294,-0.1493, 0.1815, 0.1698],[ 0.1359,-0.3985,11.8974,-0.0152, 0.0412],[-0.9282,-0.1521, 0.1798, 0.1789],0.2811
1332,[-0.9197, 0.1876,-0.1404, 0.1974],[ 1.4052,-0.34  , 2.5772,-0.0691, 2.3673],[-0.9198, 0.1794,-0.1356, 0.2089],0.325
1334,[-0.9198, 0.2205,-0.2006, 0.1501],[ 1.5492,27.5568, 0.3138, 3.9956, 1.4043],[-0.9199, 0.2146,-0.1838, 0.1641],0.2836
1340,[-0.9291,-0.1956, 0.0242, 0.1951],[-2.0656,-1.9203,-3.0324,-2.3047,-1.5513],[-0.9303,-0.1658, 0.0114, 0.1987],0.3454
1341,[-0.9216,-0.1883, 0.1217, 0.16  ],[ 0.2212,17.7671, 0.2239, 1.3231, 0.5934],[-0.9221,-0.177 , 0.1141, 0.1652],0.326
1343,[-0.9167,-0.1918, 0.1895, 0.1403],[ 0.9037, 0.5504,21.4364, 1.7113, 0.6977],[-0.9164,-0.1888, 0.1769, 0.149 ],0.301
1361,[-0.9278,-0.2985, 0.1331, 0.1552],[-1.8248,-0.6805,-2.6223,-1.7307,-1.8733],[-0.9313,-0.2716, 0.1085, 0.1697],0.2486
1363,[-0.9215,-0.3351, 0.1792, 0.1328],[ 0.8794, 1.7007,-0.0464, 7.7214, 0.0704],[-0.926 ,-0.3105, 0.1348, 0.1477],0.2379
1400,[-0.9187, 0.0207,-0.022 , 0.0641],[  2.0953,  0.6946,  1.9929,410.7674,  2.5979],[-0.9184, 0.0213,-0.0252, 0.0778],0.4434
1401,[-0.9179,-0.0455, 0.0659, 0.0407],[ 0.6173,-0.3978,24.6474,-0.2761, 0.7164],[-0.9175,-0.0484, 0.0663, 0.051 ],0.4249
1402,[-0.9173, 0.0427,-0.0708, 0.0669],[ 2.5052e-01, 1.3652e+02,-7.6380e-02, 5.1473e-01,-3.0709e-01],[-0.9168, 0.0467,-0.0726, 0.0796],0.4247
1410,[-0.9175, 0.0633,-0.0454, 0.056 ],[ 1.5434e+00,-3.2573e-01, 2.2593e+02, 3.9561e-01, 1.0660e-02],[-0.9173, 0.0606,-0.0452, 0.0632],0.4335
1412,[-0.9172, 0.0794,-0.0853, 0.0526],[  2.1515,213.5638,  1.1836,  1.496 ,  2.6048],[-0.9169, 0.0795,-0.082 , 0.0608],0.4046
1414,[-0.9162, 0.1501,-0.1742, 0.0474],[ 0.4573, 2.1355,-1.0926,23.9895, 0.6705],[-0.9155, 0.1525,-0.1721, 0.0613],0.3284
1420,[-0.918 ,-0.066 , 0.0416, 0.0777],[ 0.385 ,42.3904,-0.2088,-0.0981, 1.1986],[-0.9178,-0.062 , 0.04  , 0.0858],0.4267
1421,[-0.9181,-0.0841, 0.0932, 0.0579],[1.5728e+00,1.7763e-01,1.9771e+02,2.6450e+00,9.8856e-01],[-0.9177,-0.0845, 0.0898, 0.0695],0.3923
1423,[-0.9264,-0.1458, 0.1825, 0.0499],[-0.1854,-0.619 ,29.2335, 0.6426,-0.2974],[-0.9255,-0.1505, 0.1831, 0.063 ],0.2889
1432,[-0.915 , 0.182 ,-0.1425, 0.0655],[-1.3146,-1.5012,-1.8436,-1.2139,-1.0968],[-0.9156, 0.1754,-0.1329, 0.0693],0.3382
1434,[-0.9166, 0.2128,-0.2218, 0.0417],[ 0.7878, 3.4232,-0.0909,20.2367, 1.1986],[-0.9163, 0.2124,-0.2137, 0.0559],0.2693
1441,[-0.9227,-0.179 , 0.1538, 0.0725],[ 0.5117, 0.6899,-0.3164, 3.8539,-0.6861],[-0.923 ,-0.1733, 0.1407, 0.086 ],0.3108
1443,[-0.9246,-0.1919, 0.2078, 0.0644],[ 3.4851, 0.2371,20.8573, 4.056 , 0.5333],[-0.9241,-0.1925, 0.2021, 0.0761],0.2627
1445,[-0.9153,-0.2588, 0.2913, 0.0255],[ 0.5763,-0.6884,10.2121, 0.953 , 0.0172],[-0.9144,-0.261 , 0.2863, 0.0367],0.221
1463,[-0.9148,-0.3615, 0.2334, 0.1108],[ 0.0792, 0.4694, 0.2092, 1.7472,-1.0689],[-0.9192,-0.3446, 0.1981, 0.1253],0.2153
1500,[-0.9187, 0.0067,-0.0025,-0.0617],[ 0.8695, 5.5039,97.6537, 7.9309, 1.3404],[-0.919 , 0.0065,-0.0054,-0.0509],0.4501
1501,[-0.9186,-0.032 , 0.0745,-0.0653],[ 4.4343e-02,-2.8819e-01, 4.6421e+01, 2.4626e-01,-8.2257e-02],[-0.9185,-0.0389, 0.0775,-0.053 ],0.4192
1502,[-0.9167, 0.0325,-0.0788,-0.054 ],[-24.5883,-21.7972,-24.8383,-24.0824,-24.3555],[-0.9166, 0.04  ,-0.0842,-0.0469],0.4208
1510,[-0.9177, 0.0643,-0.0436,-0.0558],[-3.7905e-01, 5.0340e-01, 2.1565e+02, 8.2362e-01,-1.6465e-01],[-0.918 , 0.0612,-0.0425,-0.0443],0.433
1512,[-0.9177, 0.0796,-0.0874,-0.0626],[1.7542e+00,2.1029e+02,3.9868e-01,2.1395e+00,5.6873e-02],[-0.9178, 0.0806,-0.0855,-0.0515],0.4014
1514,[-0.918 , 0.1372,-0.1807,-0.0577],[ 0.5506,38.1455,-0.433 , 0.4986,-0.2202],[-0.9174, 0.1437,-0.1838,-0.046 ],0.3194
1520,[-0.9172,-0.0646, 0.0418,-0.0661],[-6.4258,-3.0144,-7.5033,-7.025 ,-6.8641],[-0.9176,-0.0609, 0.038 ,-0.0579],0.429
1521,[-0.9193,-0.0763, 0.0881,-0.0599],[ 2.8246, 0.0781, 1.2432,52.8638, 1.4947],[-0.9193,-0.0783, 0.0889,-0.0456],0.392
1523,[-0.9236,-0.1431, 0.1852,-0.0575],[ 0.2753,-0.505 ,11.9213, 0.1409,-0.5142],[-0.9229,-0.1501, 0.1901,-0.0434],0.2979
1532,[-0.9361, 0.1924,-0.1337,-0.0541],[-2.313 ,-2.2824,-2.4954,-2.1638,-3.258 ],[-0.9376, 0.1798,-0.1148,-0.0463],0.2648
1534,[-0.918 , 0.2027,-0.221 ,-0.0529],[ 1.1936,12.6552,-0.1896, 2.2897, 0.099 ],[-0.9177, 0.2047,-0.2185,-0.0408],0.2694
1541,[-0.9377,-0.1764, 0.1508,-0.0668],[ 0.619 ,-1.2513,-0.0379, 1.9477,-1.0019],[-0.9386,-0.1714, 0.1413,-0.0583],0.252
1543,[-0.9188,-0.1815, 0.201 ,-0.0532],[ 1.5001,-0.3774, 3.4345,15.8038, 0.6495],[-0.9186,-0.184 , 0.1994,-0.0383],0.2878
1545,[-0.9205,-0.2496, 0.3047,-0.0636],[ 0.4258,-0.4286, 8.4477, 1.6888,-0.4838],[-0.9189,-0.2561, 0.3081,-0.0493],0.2047
1565,[-0.9131,-0.2851, 0.3314,-0.0371],[ 1.3773,-0.4994, 2.4411,10.5703,-0.8015],[-0.9114,-0.2895, 0.3354,-0.0216],0.1736
1600,[-9.1857e-01, 3.7559e-03, 6.3169e-04,-1.6233e-01],[-39.8153,-40.3487,-40.6211,-39.7179,-41.3826],[-0.9193, 0.0028, 0.0024,-0.1534],0.4468
1601,[-0.9188,-0.0303, 0.0753,-0.1715],[-6.3022,-7.7569,-4.7811,-5.3304,-7.544 ],[-0.9193,-0.0385, 0.0808,-0.1664],0.4117
1602,[-0.9159, 0.0345,-0.0763,-0.1659],[-20.7562,-18.9996,-21.4195,-20.3526,-21.0907],[-0.9163, 0.0418,-0.0816,-0.1649],0.4195
1603,[-0.9186,-0.0299, 0.2248,-0.2294],[-0.7882,-1.5546,-0.6965,-0.2104,-0.7602],[-0.915 ,-0.0636, 0.2781,-0.2134],0.32
1610,[-0.9154, 0.0651,-0.0419,-0.1837],[-5.8226e-01,-1.3442e+00, 1.0312e+00, 1.4983e+02,-6.5838e-02],[-0.9163, 0.0611,-0.0348,-0.1702],0.4392
1612,[-0.9154, 0.0755,-0.0804,-0.1799],[  1.118 ,  6.1436, -0.5026,167.3849, -0.6979],[-0.9161, 0.0766,-0.0795,-0.167 ],0.4095
1614,[-0.9189, 0.1351,-0.1863,-0.1666],[-0.5505, 1.4485,-2.041 , 1.1005,-2.1474],[-0.9184, 0.1441,-0.1934,-0.1533],0.3128
1620,[-0.9173,-0.0648, 0.0409,-0.1816],[-20.2829,-20.0845,-20.6443,-19.9198,-20.9099],[-0.9182,-0.061 , 0.0363,-0.174 ],0.4319
1621,[-0.9177,-0.0781, 0.0861,-0.1846],[-21.9525,-23.385 ,-20.9615,-21.3134,-22.6618],[-0.9184,-0.0798, 0.0853,-0.1757],0.3979
1623,[-0.9221,-0.1407, 0.1861,-0.1693],[-0.0501,-1.3556, 4.864 , 1.1843,-0.7911],[-0.9217,-0.1493, 0.193 ,-0.1557],0.3022
1632,[-0.9385, 0.1869,-0.1347,-0.179 ],[-1.3291,-2.1249,-1.7324,-1.1901,-2.5159],[-0.9402, 0.1773,-0.1212,-0.1698],0.2532
1634,[-0.926 , 0.2245,-0.2239,-0.1895],[ 0.3784, 1.8744,-0.4022, 8.8539, 0.2407],[-0.9268, 0.2253,-0.2187,-0.1731],0.2348
1641,[-0.9152,-0.1759, 0.1082,-0.1487],[-1.3743,-1.792 ,-1.2848,-0.8521,-1.8778],[-0.917 ,-0.1676, 0.106 ,-0.1558],0.3525
1643,[-0.9351,-0.1897, 0.2059,-0.1857],[ 0.5351,-0.066 , 1.838 ,14.9599,-0.4174],[-0.9352,-0.1937, 0.21  ,-0.1696],0.2236
1645,[-0.9252,-0.2329, 0.2949,-0.1473],[ 0.1042,-0.8144, 6.6875, 2.1609,-0.786 ],[-0.9235,-0.2426, 0.306 ,-0.1312],0.1975
1667,[-0.9188,-0.3645, 0.4367,-0.1942],[ 0.3665,-0.5277,19.3399, 3.7712,-0.7474],[-0.916 ,-0.3711, 0.4421,-0.1794],0.081
1700,[-0.9292, 0.0086,-0.003 ,-0.2951],[-31.0425,-30.3899,-30.3755,-29.6444,-31.3731],[-0.9305, 0.0071,-0.0016,-0.282 ],0.4066
1701,[-0.918 ,-0.0224, 0.098 ,-0.2868],[-6.7478,-6.9991,-5.7966,-6.4467,-6.963 ],[-0.9185,-0.0367, 0.1131,-0.2828],0.4044
1702,[-0.9194, 0.0365,-0.0812,-0.3013],[ -9.8616, -9.0588,-10.4772, -9.4964,-10.4605],[-0.9203, 0.0453,-0.0893,-0.2909],0.4071
1710,[-0.9189, 0.0671,-0.0422,-0.2842],[-10.3619,-11.5701,-10.6433,-10.2053,-12.2937],[-0.9203, 0.0632,-0.0378,-0.2737],0.4186
1712,[-0.9194, 0.0848,-0.0839,-0.2858],[-30.2612,-29.3727,-30.7683,-29.0975,-30.7617],[-0.9206, 0.0855,-0.0828,-0.2736],0.3861
1714,[-0.9295, 0.1445,-0.184 ,-0.3207],[-0.2375, 4.6453,-1.2185, 1.9488,-0.9789],[-0.9298, 0.1542,-0.1922,-0.3044],0.2704
1720,[-0.9164,-0.064 , 0.0439,-0.2864],[-10.1983, -9.8837,-10.3105,-10.0268,-11.3754],[-0.9177,-0.0611, 0.0396,-0.2769],0.4344
1721,[-0.917 ,-0.0785, 0.0854,-0.2791],[-22.162 ,-22.8939,-22.2659,-21.3591,-22.8528],[-0.9181,-0.0803, 0.0843,-0.2714],0.4003
1723,[-0.9316,-0.1503, 0.1882,-0.3052],[-0.9604,-1.1144, 1.9637, 1.7766,-1.0229],[-0.9318,-0.1602, 0.198 ,-0.2885],0.257
1732,[-0.9168, 0.1894,-0.1265,-0.2884],[-3.9637,-4.2806,-4.2693,-3.7826,-4.918 ],[-0.9193, 0.1798,-0.1069,-0.2827],0.3376
1734,[-0.9248, 0.209 ,-0.2153,-0.3043],[ 0.0416, 7.2056, 0.2269, 8.3941,-0.7587],[-0.9258, 0.2125,-0.2138,-0.289 ],0.2473
1736,[-0.917 , 0.2545,-0.2844,-0.3094],[ 0.9492, 3.8358,-0.3499, 4.4624,-0.9681],[-0.9171, 0.2609,-0.2832,-0.2924],0.2223
1743,[-0.9314,-0.1857, 0.1985,-0.3003],[-0.089 , 0.2863, 1.6988, 5.593 ,-0.2842],[-0.9322,-0.1902, 0.1978,-0.2832],0.2349
1745,[-0.9465,-0.2365, 0.3505,-0.3506],[ 0.5603,-0.565 , 6.9086, 1.4312,-0.8048],[-0.9432,-0.2605, 0.3711,-0.334 ],0.0957
1765,[-0.94  ,-0.2815, 0.3818,-0.318 ],[ 1.1652, 0.1428, 0.7196, 7.1297,-0.6628],[-0.937 ,-0.2982, 0.3907,-0.3008],0.0888
1767,[-0.9327,-0.318 , 0.4024,-0.2757],[ 0.6415,-1.3327, 1.6304,14.442 ,-1.0152],[-0.9299,-0.3299, 0.4099,-0.2589],0.0864
1800,[-0.9321, 0.0277,-0.0192,-0.4316],[-1.987 ,-1.3727,-2.0333,-1.0281,-3.9217],[-0.934 , 0.0264,-0.0192,-0.4145],0.3886
1801,[-0.932 ,-0.0312, 0.0897,-0.4705],[-1.2264,-1.6356,-0.0719,-0.0897,-2.1383],[-0.9334,-0.0481, 0.1073,-0.4531],0.347
1802,[-0.9254, 0.0302,-0.0747,-0.4314],[-1.3897, 0.2537,-1.5026, 0.5755,-2.1143],[-0.9269, 0.0395,-0.0806,-0.4227],0.389
1810,[-0.933 , 0.0734,-0.0348,-0.4335],[-2.7972,-3.1608,-2.2821,-1.6366,-4.5591],[-0.9351, 0.0667,-0.03  ,-0.4193],0.3633
1812,[-0.9268, 0.1011,-0.1021,-0.4345],[-7.8932,-7.8904,-8.1767,-7.4507,-9.986 ],[-0.9286, 0.1032,-0.1018,-0.4197],0.34
1814,[-0.9202, 0.1473,-0.1932,-0.456 ],[ 0.5851, 2.381 ,-0.5384,14.2676,-0.1494],[-0.9207, 0.1585,-0.2035,-0.4431],0.2981
1820,[-0.9174,-0.0627, 0.0534,-0.4106],[-0.4688, 0.4813,-0.3667, 0.7424,-1.1588],[-0.9193,-0.0625, 0.0544,-0.4031],0.4211
1821,[-0.9214,-0.0891, 0.1132,-0.4339],[-0.3405,-1.115 , 0.8075, 0.9705,-1.5693],[-0.9227,-0.0958, 0.1192,-0.4203],0.3608
1823,[-0.9388,-0.1447, 0.1977,-0.4043],[-0.0375,-0.6358, 2.5734, 2.8652,-1.1892],[-0.9388,-0.1616, 0.2156,-0.3866],0.2239
1834,[-0.9189, 0.1924,-0.2336,-0.408 ],[ 3.977 , 0.3201,-0.7797,21.3256,-1.0479],[-0.9191, 0.2021,-0.2407,-0.3912],0.2611
1845,[-0.9523,-0.1787, 0.3031,-0.3853],[ 0.6838,-0.5826, 1.3886, 4.3025,-0.6646],[-0.9498,-0.2095, 0.32  ,-0.3678],0.1194
1900,[-0.9223, 0.018 ,-0.0164,-0.5534],[-53.7903,-54.638 ,-54.8539,-53.8291,-56.0039],[-0.9247, 0.0179,-0.0164,-0.5359],0.4244
1901,[-0.9182,-0.0252, 0.0853,-0.5701],[-0.9483,-0.9151, 2.6364, 0.1981,-1.4892],[-0.9202,-0.0371, 0.0924,-0.5536],0.4142
1902,[-0.9165, 0.0422,-0.082 ,-0.5954],[ -7.3775, -3.7855, -9.6025, -3.8738,-10.7343],[-0.9186, 0.0508,-0.0882,-0.5776],0.4134
1910,[-0.9234, 0.0634,-0.0441,-0.574 ],[-14.5122,-14.388 ,-14.3313,-13.1468,-15.401 ],[-0.926 , 0.0612,-0.0423,-0.5559],0.4001
1912,[-0.9207, 0.0989,-0.0958,-0.5679],[-157.7675,-157.92  ,-158.056 ,-157.1891,-158.9774],[-0.9231, 0.1007,-0.0954,-0.5507],0.3683
1914,[-0.9194, 0.1163,-0.1854,-0.5101],[ 0.8974,45.1221, 0.1506, 0.1728,-0.9197],[-0.9197, 0.1316,-0.2001,-0.4923],0.3169
1921,[-0.9217,-0.0684, 0.0991,-0.5229],[-21.4628,-21.6862,-21.2102,-20.6147,-22.715 ],[-0.9235,-0.0765, 0.1053,-0.5058],0.3702
1932,[-0.937 , 0.1702,-0.149 ,-0.5843],[ -9.7546,-10.3636,-11.2734, -9.0964,-11.8281],[-0.9398, 0.1698,-0.1404,-0.5663],0.2484
2000,[-0.8714, 0.043 ,-0.0291, 0.527 ],[-0.9018,-0.3707,-0.2046,-0.7553, 0.0541],[-0.8691, 0.0403,-0.019 , 0.5331],0.2691
2100,[-9.0052e-01, 7.0999e-03, 1.7831e-04, 4.0005e-01],[-55.2588,-55.3519,-55.5405,-56.056 ,-54.5524],[-8.9876e-01, 6.1276e-03, 7.6647e-04, 3.9718e-01],0.3997
2101,[-0.907 ,-0.0479, 0.072 , 0.3983],[-25.2164,-25.8734,-24.7829,-25.7911,-24.3632],[-0.9051,-0.0499, 0.0727, 0.3931],0.3911
2102,[-0.8913, 0.0487,-0.0616, 0.4178],[-5.144 ,-4.4353,-5.801 ,-6.1139,-4.4631],[-0.8893, 0.0491,-0.0605, 0.428 ],0.3292
2200,[-0.905 , 0.0182,-0.0125, 0.2804],[-218.94  ,-218.752 ,-218.5578,-219.5152,-218.3247],[-0.9038, 0.0171,-0.0104, 0.2756],0.4123
2201,[-0.9031,-0.0329, 0.0706, 0.286 ],[-67.2157,-67.8282,-66.0599,-67.9631,-66.5488],[-0.9016,-0.0369, 0.0715, 0.2783],0.3828
2202,[-0.9041, 0.0436,-0.0644, 0.2722],[-36.0425,-36.1136,-37.1784,-37.5659,-36.2521],[-0.9028, 0.0456,-0.0655, 0.2691],0.3864
2210,[-0.9017, 0.0587,-0.0461, 0.2706],[-2.5577,-2.872 ,-2.3803,-3.1755,-2.2943],[-0.9006, 0.0569,-0.048 , 0.2779],0.3794
2212,[-0.9021, 0.063 ,-0.0741, 0.2664],[-9.0118,-7.9576,-8.6906,-9.3477,-7.8887],[-0.9008, 0.0633,-0.0714, 0.2614],0.3669
2220,[-0.9085,-0.0646, 0.0415, 0.2774],[-9.0898,-8.6242,-9.0412,-9.5262,-8.7192],[-0.9075,-0.0612, 0.042 , 0.2668],0.4109
2221,[-0.8998,-0.0647, 0.0999, 0.2688],[-54.2   ,-55.1324,-53.8254,-54.9758,-53.7685],[-0.8982,-0.0679, 0.1026, 0.258 ],0.34
2300,[-0.9044, 0.0232,-0.0156, 0.1842],[-57.9972,-58.2029,-57.4219,-59.3143,-56.9106],[-0.9036, 0.0219,-0.014 , 0.1752],0.4108
2301,[-0.9009,-0.0337, 0.0701, 0.1835],[-33.7826,-34.8167,-33.0322,-35.1346,-32.8482],[-0.8999,-0.0379, 0.0718, 0.1729],0.3744
2302,[-0.9039, 0.0448,-0.0651, 0.1792],[-28.0374,-27.2399,-29.816 ,-29.6283,-27.5288],[-0.903 , 0.0469,-0.0656, 0.1733],0.387
2310,[-0.9052, 0.0645,-0.044 , 0.1558],[-0.5301,-1.0455,18.4422,-1.3642, 4.7201],[-0.9046, 0.0615,-0.0434, 0.153 ],0.3975
2312,[-0.9033, 0.0748,-0.0881, 0.1662],[-1.7639, 1.3184,-3.3259,-3.1117, 1.111 ],[-0.9025, 0.0756,-0.0855, 0.1583],0.3618
2314,[-0.9024, 0.128 ,-0.1842, 0.1648],[-0.5691, 5.5297,-1.6726,-1.0721, 2.2879],[-0.9008, 0.1327,-0.1822, 0.1595],0.2828
2320,[-0.9074,-0.0656, 0.0408, 0.1645],[-8.6004,-6.9207,-9.4614,-9.4322,-7.1914],[-0.9069,-0.0617, 0.0375, 0.1601],0.4099
2321,[-0.8995,-0.0773, 0.0885, 0.1672],[-50.9254,-52.0902,-50.2059,-51.8874,-50.0156],[-0.8987,-0.0776, 0.0856, 0.1593],0.3454
2323,[-0.9063,-0.1637, 0.1822, 0.1547],[-2.7065,-4.4788,-1.8719,-4.2893,-2.391 ],[-0.9054,-0.164 , 0.1763, 0.1507],0.289
2332,[-0.9062, 0.1829,-0.1415, 0.1546],[ 4.9106, 0.5571, 1.2079,-0.0324, 2.5742],[-0.9064, 0.1765,-0.135 , 0.1557],0.3064
2334,[-0.8998, 0.1984,-0.184 , 0.1342],[ 1.045 ,14.0201,-0.728 , 2.548 , 1.6003],[-0.8999, 0.195 ,-0.1735, 0.1372],0.2542
2341,[-0.9094,-0.2224, 0.1401, 0.1935],[ 1.9285, 2.9317, 0.1283,-0.8941, 9.0667],[-0.9107,-0.2084, 0.1112, 0.1977],0.3203
2343,[-0.9077,-0.221 , 0.1878, 0.1706],[ 1.4463,-0.1383,11.7713, 0.2296, 1.0567],[-0.9083,-0.2145, 0.1704, 0.1791],0.279
2363,[-0.9019,-0.2902, 0.2531, 0.1603],[17.531 , 1.9897, 1.8961, 3.9822, 3.4147],[-0.9029,-0.2838, 0.2348, 0.1705],0.1953
2365,[-0.9005,-0.301 , 0.2902, 0.1326],[ 1.8348,-0.0631,11.6165, 1.4003, 0.1459],[-0.9008,-0.2977, 0.277 , 0.1442],0.1621
2400,[-0.9013, 0.0119,-0.0083, 0.0652],[  0.3798,  2.4687,  4.7468, -2.4525,220.9807],[-0.9011, 0.0114,-0.0082, 0.0508],0.4009
2401,[-0.9   ,-0.0342, 0.0717, 0.0592],[-12.1502,-13.5039,-10.2349,-13.6927,-12.089 ],[-0.8995,-0.0388, 0.0737, 0.0481],0.3714
2402,[-0.9001, 0.0447,-0.0676, 0.0626],[-31.5935,-30.4258,-32.6909,-32.8523,-31.4338],[-0.8997, 0.0475,-0.069 , 0.0517],0.3704
2410,[-0.9031, 0.0663,-0.0448, 0.0616],[-0.1497,-0.7974,65.3094,-1.1274, 3.2085],[-0.903 , 0.0635,-0.0446, 0.0544],0.3889
2412,[-0.9022, 0.0762,-0.0866, 0.0626],[ 0.1948,49.7661, 0.5263, 0.2258,17.5427],[-0.9019, 0.0768,-0.0835, 0.0557],0.3593
2414,[-0.8987, 0.1413,-0.1864, 0.0436],[ 0.928 , 4.3356,-2.3835,-1.4466, 5.2741],[-0.8976, 0.1458,-0.1866, 0.0363],0.2634
2420,[-0.9028,-0.0626, 0.0431, 0.0455],[-5.1132,-5.4425,-7.2096,-6.5327,-2.7162],[-0.9028,-0.0595, 0.0375, 0.0373],0.3926
2421,[-0.901 ,-0.0744, 0.0873, 0.0474],[ 0.6098,-3.4856, 0.1376,-2.8042,-0.0398],[-0.9007,-0.0754, 0.085 , 0.0395],0.3549
2423,[-0.9022,-0.1413, 0.1827, 0.0567],[ 0.3017,-3.5198,-0.1676,-1.6432, 0.8226],[-0.9012,-0.1455, 0.1828, 0.0528],0.2788
2432,[-0.9022, 0.1775,-0.1384, 0.0675],[ 1.9301, 0.575 , 0.9665, 1.1507,14.8717],[-0.9028, 0.1711,-0.1245, 0.0664],0.2996
2434,[-0.9027, 0.2013,-0.2167, 0.0603],[-0.1163,46.354 ,-0.6233, 1.3497, 1.0586],[-0.9022, 0.2015,-0.2094, 0.0691],0.2435
2441,[-0.8988,-0.1772, 0.1382, 0.0499],[1.0351,0.7562,0.4458,0.3608,9.032 ],[-0.8996,-0.171 , 0.1223, 0.045 ],0.2892
2443,[-0.9043,-0.1896, 0.2025, 0.0387],[ 0.3503,-0.6738,17.9978, 2.0595, 3.6459],[-0.904 ,-0.1902, 0.1973, 0.0381],0.2615
2465,[-0.9045,-0.3175, 0.3224, 0.0627],[ 0.3127,-0.3653, 9.9629, 1.7553, 0.4646],[-0.9044,-0.3164, 0.3137, 0.0768],0.148
2485,[-0.8984,-0.4013, 0.3515, 0.0378],[ 1.0314,-0.1336, 1.9935, 7.8485,-0.1688],[-0.9008,-0.397 , 0.3331, 0.0515],0.0901
2487,[-0.8942,-0.4076, 0.3898, 0.0098],[ 0.3232,-0.7257,22.045 , 3.9055, 0.2642],[-0.8954,-0.406 , 0.3762, 0.0195],0.0505
2500,[-0.9025, 0.0023,-0.0052,-0.074 ],[1.4383e+00,3.4469e+00,2.8125e+00,3.9210e-01,6.8215e+02],[-0.9028, 0.0026,-0.0051,-0.086 ],0.4094
2501,[-0.9019,-0.0352, 0.0687,-0.0661],[ -0.4545, -1.7018,198.2659,  0.4392,  1.5257],[-0.902 ,-0.0397, 0.0702,-0.0701],0.3837
2502,[-0.9018, 0.0369,-0.067 ,-0.0659],[-0.8103,12.9168,-1.8444,-1.6659, 1.8695],[-0.9019, 0.0409,-0.068 ,-0.0712],0.3838
2510,[-0.9026, 0.0627,-0.0478,-0.065 ],[  0.3856,  0.2424,192.0939,  0.6731,  0.891 ],[-0.903 , 0.0611,-0.0487,-0.0747],0.388
2512,[-0.9012, 0.0688,-0.0769,-0.0652],[1.6406e+00,2.3899e+00,1.3146e-01,8.9931e-01,2.8054e+02],[-0.9015, 0.0699,-0.0764,-0.0793],0.3643
2514,[-0.8982, 0.1381,-0.1863,-0.0691],[ 1.0471, 8.2926,-1.457 ,-0.5246,-0.3396],[-0.8975, 0.1439,-0.1877,-0.0716],0.2632
2520,[-0.9026,-0.0629, 0.0445,-0.0699],[ 0.1922,39.4493, 0.8472, 0.9814, 2.7362],[-0.903 ,-0.0607, 0.0439,-0.0723],0.3901
2521,[-0.901 ,-0.0728, 0.0813,-0.0655],[  1.1857,  0.2735,257.1869,  1.2332,  0.4243],[-0.9013,-0.0737, 0.0788,-0.0717],0.3608
2523,[-0.8859,-0.1397, 0.1875,-0.0502],[ 0.1007,-3.0802, 1.5994,-0.6151,-0.03  ],[-0.8852,-0.1449, 0.1896,-0.0594],0.2165
2532,[-0.9012, 0.1982,-0.1531,-0.0067],[ 3.2151, 0.3098,-0.2853, 1.1526, 1.6274],[-0.9024, 0.1912,-0.134 ,-0.0014],0.2841
2534,[-0.9006, 0.1934,-0.2259,-0.0531],[ 2.0019,31.508 ,-0.1004, 3.0449, 0.3885],[-0.8999, 0.1968,-0.2253,-0.0475],0.2306
2541,[-0.9087,-0.1924, 0.1508,-0.0968],[5.9632,0.5599,0.5781,0.4263,1.0899],[-0.9103,-0.1861, 0.1336,-0.1057],0.3183
2543,[-0.9   ,-0.1925, 0.2069,-0.0551],[ 0.8755, 0.038 ,19.3445, 0.0886, 0.8085],[-0.9   ,-0.1938, 0.2022,-0.0578],0.2434
2565,[-0.9106,-0.2915, 0.337 ,-0.0137],[ 0.9138,-0.3403, 7.1932, 0.6475, 0.085 ],[-0.909 ,-0.2952, 0.3391, 0.0019],0.161
2587,[-0.8967,-0.4039, 0.4354,-0.0564],[ 0.3388,-0.8252,11.2865, 1.3929,-0.2114],[-0.8958,-0.4052, 0.4289,-0.0434],0.028
2600,[-9.0413e-01,-7.1069e-04,-3.3402e-03,-1.4207e-01],[  1.2604,  4.0249,  2.2695,366.23  ,  2.3537],[-9.0472e-01,-1.7500e-04,-3.4490e-03,-1.3713e-01],0.419
2601,[-0.9036,-0.0368, 0.0683,-0.1605],[ 1.8532e-01,-2.4637e-01, 1.9159e+02, 6.1948e-01,-2.5763e-02],[-0.9041,-0.0415, 0.0703,-0.1691],0.3921
2602,[-0.9024, 0.037 ,-0.0684,-0.1662],[  1.1133,142.6702, -0.9543, -0.445 , -0.1551],[-0.9029, 0.0416,-0.0702,-0.1757],0.3867
2610,[-0.904 , 0.0649,-0.0487,-0.1928],[1.0878e+00,6.8415e-02,4.0696e+02,9.2086e-01,1.0782e+00],[-0.905 , 0.0633,-0.0491,-0.1969],0.3958
2612,[-0.9035, 0.073 ,-0.0776,-0.1876],[ 1.0779e+00, 1.0296e+03,-1.0450e-01, 4.5887e+00, 8.8184e-01],[-0.9043, 0.0739,-0.0758,-0.1947],0.3749
2614,[-0.9002, 0.1407,-0.1818,-0.1804],[ 0.3467,19.9234,-1.8126, 2.1437, 1.062 ],[-0.9001, 0.1467,-0.1836,-0.1857],0.2736
2620,[-0.9021,-0.0666, 0.0419,-0.1699],[2.1437e-01,1.9134e+00,1.1185e-02,8.0399e+01,5.1181e-01],[-0.903 ,-0.063 , 0.0356,-0.161 ],0.3926
2621,[-0.9024,-0.0762, 0.0813,-0.1759],[ 1.4943e+02,-9.9672e-02, 2.2953e+00, 3.7980e+00, 1.9082e+00],[-0.9032,-0.077 , 0.0779,-0.1816],0.3676
2622,[-0.8996,-0.0593,-0.0586,-0.1718],[-1.7725,-1.5752,-2.0314,-1.8605,-1.8937],[-0.9003,-0.0446,-0.0592,-0.1553],0.3786
2623,[-0.873 ,-0.1547, 0.1947,-0.1756],[ 0.4106,-1.186 ,19.1238,-0.1549, 0.4984],[-0.8729,-0.1592, 0.1942,-0.1852],0.1652
2630,[-0.9024, 0.1796,-0.0399,-0.169 ],[-0.7871,-0.3742, 0.4964,-0.2822,-0.4098],[-0.9049, 0.1635,-0.0415,-0.1525],0.3509
2632,[-0.8947, 0.1872,-0.1389,-0.2106],[ 1.2118, 0.9542,-0.6116, 3.0217, 0.6114],[-0.8966, 0.1817,-0.1256,-0.2092],0.2702
2634,[-0.8919, 0.204 ,-0.2313,-0.1974],[ 2.5972,33.2384,-0.6096, 1.1979, 3.6057],[-0.892 , 0.208 ,-0.2296,-0.205 ],0.1956
2641,[-0.8989,-0.1762, 0.1435,-0.1711],[ 1.2041,-1.667 ,-1.0874, 0.9137, 0.1574],[-0.9004,-0.1717, 0.1287,-0.1666],0.29
2643,[-0.8726,-0.1694, 0.1784,-0.2386],[ 1.5805, 0.3388,54.0395, 1.2025, 0.4631],[-0.8735,-0.1708, 0.1715,-0.2491],0.1716
2667,[-0.909 ,-0.3856, 0.4531,-0.1445],[ 1.3175,-1.2322, 0.2818, 2.0864,-1.8454],[-0.9064,-0.3901, 0.4545,-0.1322],0.0518
2687,[-0.9064,-0.3901, 0.4545,-0.1322],[-0.096 ,-0.756 , 1.8949, 2.0422,-0.8268],[-0.9039,-0.394 , 0.4546,-0.1205],0.0431
2700,[-0.9025,-0.0157, 0.0081,-0.3163],[ 2.4264, 1.766 ,17.211 , 3.4403, 2.1876],[-0.9039,-0.0144, 0.0047,-0.3055],0.4156
2701,[-0.9014,-0.0468, 0.0842,-0.3228],[-1.687 ,-3.2464,-1.3069,-1.624 ,-2.0555],[-0.9024,-0.0528, 0.0872,-0.3124],0.3715
2702,[-0.9009, 0.0296,-0.083 ,-0.3266],[-5.7018,-4.595 ,-6.7786,-5.9924,-6.0081],[-0.9019, 0.0377,-0.0879,-0.3182],0.3754
2710,[-0.9021, 0.0698,-0.046 ,-0.2855],[ 1.0404, 5.2905,97.825 , 2.8807, 0.7526],[-0.9036, 0.0675,-0.0467,-0.2838],0.3885
2712,[-0.9036, 0.0748,-0.0776,-0.2764],[  1.4162,  4.3917,  0.8371,151.4732,  2.1036],[-0.9047, 0.0758,-0.0765,-0.2688],0.3758
2714,[-0.9044, 0.1594,-0.1756,-0.2616],[ 0.5357, 0.0504,-2.2069, 0.8217,-1.1316],[-0.9052, 0.1624,-0.1713,-0.2538],0.2912
2720,[-0.8959,-0.0699, 0.0471,-0.2992],[ 1.0525,35.9401,-0.189 , 1.0934, 0.6079],[-0.8974,-0.0677, 0.0468,-0.2897],0.3616
2721,[-0.8933,-0.0841, 0.0823,-0.3034],[ 0.94  , 0.7756,67.1728, 1.4044, 1.195 ],[-0.8946,-0.0844, 0.0792,-0.2955],0.3288
2723,[-0.9099,-0.144 , 0.1863,-0.2652],[ 1.8465,-0.7656, 7.109 , 0.6552,-0.6948],[-0.9101,-0.1513, 0.1886,-0.2695],0.3078
2732,[-0.8997, 0.1887,-0.1339,-0.2881],[-0.2619, 0.5122,-0.3945, 3.2606, 0.99  ],[-0.9022, 0.1818,-0.1151,-0.2898],0.297
2734,[-0.8969, 0.2136,-0.2061,-0.2872],[ 1.8984,21.1363,-0.1342, 1.3257, 0.4518],[-0.8983, 0.2141,-0.1979,-0.2896],0.2293
2741,[-0.8753,-0.1716, 0.1587,-0.264 ],[ 0.0047,-0.1386, 0.5664, 1.4582,-0.1656],[-0.8768,-0.1706, 0.1478,-0.247 ],0.1927
2743,[-0.8924,-0.1697, 0.1822,-0.2669],[ 0.9447, 0.4737, 5.1716,12.9994, 0.608 ],[-0.8933,-0.1729, 0.1801,-0.2736],0.2387
2800,[-0.8944,-0.0155,-0.0044,-0.4306],[107.2663,  3.4324,  2.7261,  6.0979,  0.9047],[-0.8962,-0.0124,-0.0104,-0.4146],0.3796
2801,[-0.9023,-0.0183, 0.0792,-0.4195],[ 0.1926,-0.8192, 3.7138, 3.2559,-0.3298],[-0.9037,-0.0279, 0.0851,-0.4086],0.3892
2802,[-0.8974, 0.0052,-0.0728,-0.414 ],[-0.4107,27.2126,-0.2881, 1.2482,-0.9279],[-0.8988, 0.0148,-0.0771,-0.4009],0.376
2810,[-0.8915, 0.079 ,-0.0392,-0.4263],[ 1.9022, 1.0338,54.2878, 2.2644, 0.6294],[-0.8937, 0.0751,-0.0378,-0.412 ],0.3458
2812,[-0.8913, 0.0927,-0.0928,-0.4389],[  1.7743,110.6692,  0.5024,  5.0547,  1.4489],[-0.8932, 0.0939,-0.0903,-0.424 ],0.3132
2814,[-0.89  , 0.1571,-0.1902,-0.4759],[ 1.3331, 1.2955,-0.7721, 1.7287,-0.2097],[-0.8909, 0.1641,-0.1948,-0.4585],0.2284
2820,[-0.8853,-0.0665, 0.0392,-0.4492],[ 1.1671, 3.872 ,-0.036 , 5.0751, 1.1294],[-0.8874,-0.0636, 0.0351,-0.4344],0.3265
2821,[-0.8795,-0.0848, 0.0827,-0.4339],[3.382 ,0.4446,2.8324,5.3477,0.3205],[-0.8813,-0.0857, 0.0822,-0.4177],0.2729
2834,[-0.8803, 0.1784,-0.2078,-0.4168],[0.3359,8.8982,0.1545,2.2335,0.7562],[-0.8811, 0.1839,-0.2103,-0.4012],0.1774
2900,[-0.8928, 0.0065,-0.0173,-0.6699],[  1.5909,  1.7333,  1.5747,319.5464, -1.008 ],[-0.8957, 0.0084,-0.0199,-0.6511],0.3806
2902,[-0.8824, 0.0324,-0.0787,-0.7718],[ 2.3134e-01, 2.5130e+02,-8.7899e-01, 1.0920e+00,-7.3357e-01],[-0.8854, 0.0399,-0.082 ,-0.754 ],0.3093
2910,[-0.8822, 0.0713,-0.0395,-0.6451],[ 0.5145,-0.0843, 7.0006, 8.2352,-0.7783],[-0.8852, 0.0684,-0.0369,-0.628 ],0.315
2912,[-0.8848, 0.0874,-0.0858,-0.6431],[  0.241 ,  3.3409, -1.225 ,210.533 , -1.363 ],[-0.8875, 0.0891,-0.086 ,-0.6254],0.2943
2914,[-0.8879, 0.1419,-0.1791,-0.5113],[ 0.4109,53.3114,-0.9054, 0.7666,-0.5408],[-0.8889, 0.15  ,-0.1881,-0.4931],0.2305
2920,[-0.8805,-0.0685, 0.0397,-0.5765],[-12.7023,-13.5022,-12.8328,  0.7584,-14.5059],[-0.8831,-0.0654, 0.033 ,-0.5614],0.3082
2921,[-0.875 ,-0.0764, 0.0691,-0.5868],[-15.2597,-16.5057, -5.3143,-10.7965,-17.1458],[-0.8776,-0.0768, 0.0679,-0.5705],0.2678
3000,[-0.8645, 0.0343,-0.0055, 0.5263],[-1.4349,-1.5559,-1.5187,-2.2635,-1.5217],[-0.8623, 0.032 ,-0.0119, 0.5143],0.2494
3400,[-0.8664, 0.0319,-0.0293, 0.023 ],[-3.8528,-3.6948,-3.2295,-5.6458,-3.3971],[-0.8664, 0.0314,-0.0272, 0.0081],0.259
3421,[-0.8658,-0.0741, 0.117 , 0.0196],[ 1.2081,-1.4364, 2.0318,-1.0455, 2.3511],[-0.8653,-0.0782, 0.1205, 0.0049],0.2004
3500,[-0.8665, 0.03  ,-0.0198,-0.0216],[-7.8184,-6.5107,-7.7706,-9.0918,-7.2743],[-0.8667, 0.0284,-0.0131,-0.0361],0.2671
3521,[-0.8643,-0.0863, 0.1259,-0.0255],[-3.1575,-4.2284,-2.5577,-4.4371,-2.0453],[-0.8639,-0.09  , 0.1272,-0.0404],0.1886
3720,[-0.8521,-0.0652, 0.0552,-0.3733],[-1.8468,-1.0729,-2.1573,-1.9   ,-1.4558],[-0.8539,-0.0647, 0.053 ,-0.3889],0.1915
3721,[-0.8563,-0.0786, 0.0784,-0.3596],[-1.109 ,-2.311 ,-0.2695,-1.5405, 0.2411],[-0.8579,-0.0794, 0.0782,-0.3562],0.1905
3802,[-0.8582, 0.046 ,-0.0828,-0.4599],[-0.0897, 7.529 ,-1.6241, 0.408 , 1.0258],[-0.8598, 0.0506,-0.0862,-0.4443],0.2048
3812,[-0.8625, 0.081 ,-0.1016,-0.448 ],[ 0.765 , 4.0796,-0.2545, 3.7427, 1.0936],[-0.8642, 0.0839,-0.0993,-0.4333],0.2026
3814,[-0.864 , 0.1302,-0.1737,-0.4979],[ 0.8455, 1.6439,-1.7345, 0.1879, 0.3804],[-0.8652, 0.1365,-0.176 ,-0.5161],0.1559
3820,[-0.8544,-0.0656, 0.0514,-0.4554],[0.4977,2.1099,0.1281,1.0505,0.0314],[-0.8565,-0.0651, 0.0522,-0.4512],0.2017
3821,[-0.8582,-0.0827, 0.088 ,-0.4545],[ 2.069 ,-0.9164, 3.5588, 1.0399, 0.6517],[-0.86  ,-0.0843, 0.0891,-0.4431],0.1921
3900,[-0.8399,-0.0118,-0.0073,-0.9432],[  0.8034,  1.3952,  3.4784,436.4354,  1.9111],[-0.844 ,-0.0093,-0.0156,-0.9264],0.1817
3901,[-0.8322,-0.0406, 0.0637,-0.9908],[-0.1725,-1.667 , 1.7778,39.5137,-0.5795],[-0.8363,-0.0438, 0.0636,-0.9719],0.1373
3902,[-0.8406, 0.0263,-0.0826,-0.7703],[-2.5128,17.5921,-4.1321,16.704 ,-3.65  ],[-0.8435, 0.0327,-0.0859,-0.7527],0.1565
3910,[-0.8478, 0.0661,-0.0503,-0.7311],[ 0.6003, 0.0966,57.4912, 1.1839, 0.6797],[-0.851 , 0.0659,-0.0521,-0.7209],0.1828
3912,[-0.8475, 0.0752,-0.088 ,-0.7473],[ 1.2923e-01, 1.7569e+02,-6.8202e-01, 3.2043e+00, 3.9149e-01],[-0.8505, 0.0779,-0.0875,-0.7345],0.1637
3914,[-0.8565, 0.1334,-0.171 ,-0.5706],[-0.271 ,-0.2372,-1.8214, 7.7486,-1.1656],[-0.858 , 0.139 ,-0.1717,-0.5606],0.1338
3920,[-0.8461,-0.0699, 0.0495,-0.6799],[ 1.0742,66.2562, 0.8241, 1.2149, 0.6808],[-0.8492,-0.0693, 0.0513,-0.6654],0.1753
3921,[-0.8441,-0.0747, 0.0732,-0.6899],[ 8.1477e-01,-4.9870e-01, 1.9557e+01, 8.6686e+01, 3.8824e-02],[-0.8471,-0.0757, 0.0718,-0.674 ],0.1591
4900,[-7.9713e-01,-1.4125e-02,-6.6759e-04,-9.3365e-01],[1.2367e+00,1.4992e+00,4.8771e+02,3.5798e-01,2.0856e+00],[-0.8013,-0.0126,-0.0068,-0.9403],0.0485
4901,[-0.7941,-0.0389, 0.0732,-0.8997],[-0.2924,-1.1371,73.5009, 0.5868,-0.3107],[-0.7977,-0.0425, 0.0749,-0.8845],0.0228
4902,[-0.8008, 0.033 ,-0.0708,-0.9614],[-2.5313, 2.2964,-3.1415, 0.4125,-2.7994],[-0.8047, 0.037 ,-0.0728,-0.9538],0.0436
4910,[-0.8107, 0.0604,-0.0505,-0.8274],[ 1.0622, 0.0433,18.6295, 0.5704, 1.0041],[-0.8144, 0.0607,-0.0517,-0.8121],0.0697
4912,[-0.8092, 0.0604,-0.0675,-0.869 ],[ 2.522 ,23.5094,-0.8215, 0.1304, 5.0394],[-0.8129, 0.0619,-0.0654,-0.8521],0.0609
4920,[-0.8036,-0.0628, 0.0434,-0.8015],[ 0.2069, 6.7624,-0.3819, 0.6078, 0.4593],[-0.8072,-0.0623, 0.0436,-0.7968],0.0519
4921,[-0.809 ,-0.0656, 0.0812,-0.8117],[ 0.2113,-0.148 , 9.9271, 0.7918,-0.0537],[-0.8123,-0.068 , 0.0799,-0.8031],0.0533
5900,[-0.7507, 0.0009, 0.0147,-0.8242],[1.0828e+00,3.2996e-01,2.0434e+00,3.1195e-01,8.0628e+02],[-7.5439e-01,-1.8460e-04, 1.5170e-02,-8.4372e-01],-0.0655
5901,[-0.761 ,-0.0266, 0.063 ,-0.8796],[-10.3286,-11.6533, -9.1424,-10.9869,-10.184 ],[-0.7646,-0.0296, 0.0642,-0.8872],-0.0512
5902,[-0.7588, 0.0313,-0.0639,-0.8388],[ 0.3566,45.9692,-0.5599, 0.0657, 0.8966],[-0.7624, 0.0341,-0.0642,-0.8543],-0.0572
5920,[-0.7628,-0.0616, 0.045 ,-0.7968],[-1.7071,-1.1648,-2.1946,-2.4548,-1.7944],[-0.7665,-0.0611, 0.0414,-0.8087],-0.0492
5921,[-0.7552,-0.0658, 0.0716,-0.7799],[ 1.0779,-0.5918, 5.428 ,-0.5848, 4.2603],[-0.7586,-0.0669, 0.0688,-0.7885],-0.0736
6700,[-0.6955, 0.0011, 0.0056,-0.3562],[-0.1297,-0.5947, 0.6222,-1.5018, 3.2108],[-6.9705e-01, 6.4990e-04, 7.6479e-03,-3.6608e-01],-0.1713
6701,[-0.6949,-0.0112, 0.0701,-0.3591],[-0.7372,-2.1525, 0.5241,-2.1077,-0.0107],[-0.6962,-0.0141, 0.0694,-0.3695],-0.1799
6702,[-0.6909, 0.0216,-0.0669,-0.3485],[-0.7707, 0.2471,-1.4444,-2.0359, 0.6221],[-0.6923, 0.0235,-0.0587,-0.3501],-0.186
6800,[-0.6984, 0.0024, 0.0056,-0.452 ],[-32.7222,-32.9892,-32.7679,-34.1142,-32.0164],[-0.7004, 0.002 , 0.0064,-0.4633],-0.1656
6801,[-0.6983,-0.017 , 0.075 ,-0.4528],[-8.4496,-9.3015,-7.2763,-9.4767,-7.6628],[-0.6999,-0.02  , 0.0739,-0.462 ],-0.1756
6802,[-0.6957, 0.0284,-0.0726,-0.4679],[-6.9859,-5.8625,-8.0661,-8.6923,-6.274 ],[-0.6975, 0.0307,-0.0711,-0.4797],-0.1808
6900,[-0.7144, 0.011 , 0.0077,-0.6327],[  0.4792,  1.3659,  5.2334, -0.5904,432.652 ],[-0.7172, 0.0099, 0.0101,-0.6509],-0.1368
6901,[-0.713 ,-0.0302, 0.0731,-0.6175],[-0.4538,-1.9797, 5.4219,-1.618 , 3.3806],[-0.7154,-0.0327, 0.0714,-0.6318],-0.1508
6902,[-0.703 , 0.0379,-0.075 ,-0.5782],[  1.1146,109.2768, -0.7891, -1.1551,  0.6498],[-0.7053, 0.0399,-0.0709,-0.5921],-0.1692
6910,[-0.7113, 0.0625,-0.0275,-0.7044],[ 0.9939,-1.558 , 0.5857,-2.042 , 7.536 ],[-0.7147, 0.0606,-0.0166,-0.7215],-0.1491
6912,[-0.7008, 0.0625,-0.069 ,-0.6368],[ 0.0446,24.4562,-2.4558,-1.8599, 0.1648],[-0.7036, 0.063 ,-0.0606,-0.6491],-0.1746
6921,[-0.7275,-0.0607, 0.0885,-0.725 ],[-1.801 ,-3.1927,-1.3359,-2.9542,-0.6476],[-0.7304,-0.063 , 0.0887,-0.7352],-0.1337
7422,[-0.6697,-0.1448,-0.1196, 0.0195],[-4.5134,-3.8912,-6.9315,-5.6609,-3.2726],[-0.67  ,-0.1342,-0.1249, 0.0122],-0.2451
7442,[-0.6663,-0.1823,-0.0917, 0.0179],[-3.12  ,-2.6346,-4.7326,-3.633 ,-1.5297],[-0.6677,-0.1714,-0.1008, 0.0176],-0.2498
7502,[-0.6673,-0.0348,-0.1366,-0.1159],[-3.0673,-2.186 ,-4.9979,-4.5062,-2.1349],[-0.6668,-0.0281,-0.1312,-0.1266],-0.2351
7522,[-0.6712,-0.13  ,-0.1259,-0.0783],[-3.8535,-2.5344,-8.4567,-6.6184,-1.9744],[-0.6716,-0.1196,-0.1307,-0.093 ],-0.2417
7542,[-0.6638,-0.1968,-0.0798,-0.0123],[-19.5181,-16.9541,-21.7438,-21.1569,-18.1318],[-0.6654,-0.1876,-0.0877,-0.0202],-0.253
7600,[-0.6767,-0.0019,-0.0153,-0.2082],[-2.1409,-3.0082,-2.7543,-3.7047,-0.722 ],[-0.6776,-0.0014,-0.0085,-0.2209],-0.201
7602,[-0.6708,-0.037 ,-0.1267,-0.2158],[-21.6223,-20.3599,-23.9349,-23.0017,-20.6851],[-0.6709,-0.0304,-0.1214,-0.2295],-0.2282
7604,[-0.6669,-0.0416,-0.1773,-0.2322],[-15.6262,-14.0975,-17.1847,-16.0253,-14.5449],[-0.6659,-0.0327,-0.1771,-0.2466],-0.2431
7622,[-0.6723,-0.0817,-0.1439,-0.1691],[ -8.9462, -6.5091,-12.2525,-10.8079, -7.4878],[-0.6722,-0.0724,-0.1447,-0.1843],-0.236
7624,[-0.6697,-0.0723,-0.1738,-0.1878],[-6.6336,-6.0627,-9.0414,-7.6787,-6.8954],[-0.6688,-0.0621,-0.1772,-0.2035],-0.2437
7700,[-0.679 , 0.0018,-0.0209,-0.3294],[-16.9758,-17.5807,-17.9557,-18.7043,-15.9188],[-0.6804, 0.0023,-0.0123,-0.3417],-0.1961
7701,[-0.6841,-0.0093, 0.0755,-0.3354],[-3.6605,-4.7974,-2.5232,-4.2042,-2.9307],[-0.6852,-0.0123, 0.0724,-0.3485],-0.1973
7702,[-0.6726,-0.01  ,-0.1104,-0.3071],[-23.1011,-20.9841,-25.2523,-24.7784,-22.0902],[-0.6732,-0.0052,-0.1023,-0.3212],-0.2192
7704,[-0.665 ,-0.0147,-0.1772,-0.2917],[-14.7223,-13.4756,-16.6167,-15.5645,-14.3787],[-0.6642,-0.0069,-0.1746,-0.3069],-0.2421
7800,[-0.683 , 0.0092,-0.0136,-0.4229],[-63.1595,-63.4286,-63.4501,-64.5624,-62.71  ],[-0.6849, 0.0092,-0.0068,-0.4363],-0.1906
7801,[-0.6865,-0.0067, 0.0722,-0.4394],[-7.6994,-8.7355,-6.5416,-8.5045,-7.1861],[-0.6881,-0.0099, 0.0719,-0.4522],-0.1925
7802,[-0.6778, 0.0234,-0.0888,-0.4274],[-29.95  ,-29.3979,-31.3715,-31.2184,-29.5842],[-0.6792, 0.0262,-0.0827,-0.4416],-0.2097
7804,[-0.6556, 0.0347,-0.175 ,-0.4015],[-1.9114,-0.891 ,-3.6877,-2.6637,-2.099 ],[-0.6555, 0.0404,-0.1674,-0.4182],-0.2559
7812,[-0.6619, 0.0591,-0.1256,-0.4871],[-2.3359,-1.5527,-3.9362,-3.847 ,-1.5976],[-0.6633, 0.0619,-0.1138,-0.5003],-0.2416
7900,[-0.6844, 0.0328,-0.0197,-0.5204],[-13.3997,-13.7415,-13.582 ,-14.0133,-13.4763],[-0.6867, 0.0322,-0.0168,-0.5299],-0.1918
7901,[-0.6864, 0.0078, 0.0802,-0.525 ],[-4.8732,-5.258 ,-4.0851,-4.806 ,-4.2867],[-0.6883, 0.0037, 0.0778,-0.5357],-0.193
7902,[-0.6849, 0.0393,-0.0777,-0.5282],[-6.0006,-5.0291,-6.6861,-6.7847,-5.5095],[-0.687 , 0.0415,-0.0774,-0.5409],-0.2
7910,[-0.6797, 0.0604,-0.0318,-0.5896],[-3.2046,-4.146 ,-1.9401,-3.9588,-2.7452],[-0.6826, 0.0593,-0.0268,-0.6067],-0.2016
7912,[-0.6763, 0.0663,-0.0989,-0.5668],[-1.7114,-0.792 ,-4.0851,-4.0157,-1.5972],[-0.6785, 0.068 ,-0.0913,-0.5818],-0.2184
