200,[-0.9567,-0.0117, 0.011 , 0.2622],[3.9259,1.2392,0.8568,1.2451,0.8104],[-0.9554,-0.0118, 0.0134, 0.2763],0.3088
201,[-0.9576,-0.0411, 0.0705, 0.2662],[-0.1038,-1.1219, 1.1713, 0.1299,-0.2704],[-0.9561,-0.0482, 0.0772, 0.2801],0.2653
221,[-0.9608,-0.0882, 0.0987, 0.2961],[3.6434,1.8212,2.8126,2.0612,0.7196],[-0.9594,-0.088 , 0.0964, 0.3047],0.2288
243,[-0.9559,-0.1701, 0.224 , 0.2536],[2.8376,0.5417,3.3692,2.0303,0.2646],[-0.9538,-0.1761, 0.2209, 0.265 ],0.1618
300,[-0.9613,-0.0111, 0.0068, 0.1743],[1.2833,0.2938,0.7078,2.8596,0.2381],[-0.9605,-0.0102, 0.0067, 0.1872],0.2776
301,[-0.9632,-0.04  , 0.0626, 0.1821],[-0.5232,-1.1221, 0.5832,-0.3629,-0.9367],[-0.9622,-0.0465, 0.0675, 0.1846],0.2473
302,[-0.9569, 0.0338,-0.0744, 0.1473],[ 1.1011, 0.9515,-0.87  , 0.9014,-0.7611],[-0.9558, 0.045 ,-0.0851, 0.1619],0.2644
312,[-0.957 , 0.0815,-0.1015, 0.1567],[ 0.6243, 2.7405, 0.8377, 5.8683,-0.0995],[-0.956 , 0.0858,-0.1064, 0.1709],0.2384
314,[-0.9572, 0.1212,-0.1691, 0.138 ],[ 1.0559, 7.4543,-0.3455, 0.3928,-0.0976],[-0.9558, 0.1304,-0.1708, 0.1501],0.1945
321,[-0.9662,-0.1178, 0.1345, 0.1799],[ 1.2507, 2.1647, 2.282 , 1.6633,-0.4006],[-0.9651,-0.1213, 0.1396, 0.1938],0.1787
323,[-0.9608,-0.1489, 0.1914, 0.2221],[-0.3376,-0.5284, 1.1898,-0.5419,-0.5588],[-0.9589,-0.1576, 0.2039, 0.235 ],0.1595
400,[-0.963 ,-0.009 ,-0.0088, 0.0648],[ 1.8233, 0.7477, 0.5166, 7.376 ,-0.3756],[-0.9626,-0.0038,-0.0111, 0.0796],0.2693
401,[-0.9741,-0.0452, 0.0724, 0.0299],[-0.8261,-1.56  , 0.7001,-0.1408,-0.8944],[-0.9736,-0.0617, 0.0949, 0.0451],0.1894
402,[-0.9601, 0.0216,-0.0783, 0.0583],[ 0.7922, 1.3623,-0.6521, 7.6872,-0.7383],[-0.9594, 0.0387,-0.0906, 0.0734],0.251
412,[-0.9592, 0.0801,-0.1124, 0.0746],[ 6.1688, 0.919 , 1.9787, 2.9559,-0.6434],[-0.9584, 0.089 ,-0.1205, 0.088 ],0.2227
414,[-0.9578, 0.1414,-0.1898, 0.055 ],[ 0.8324,12.2838,-0.6707, 0.825 ,-0.4823],[-0.9566, 0.153 ,-0.1988, 0.0685],0.1713
420,[-0.9607,-0.0852, 0.0195, 0.0485],[ 0.2439, 5.5263,-0.6835, 1.8733,-0.9559],[-0.9608,-0.0637, 0.0011, 0.0613],0.2642
421,[-0.9667,-0.1113, 0.0951, 0.0493],[ 0.6159, 1.0659, 2.7176, 4.8732,-0.0281],[-0.9667,-0.1049, 0.0873, 0.0625],0.2004
423,[-0.9559,-0.1485, 0.19  , 0.0028],[-0.0812,-0.7937, 0.5063,-0.1461,-0.8432],[-0.9548,-0.1593, 0.2016, 0.0184],0.1734
441,[-0.9561,-0.1818, 0.1135, 0.0257],[-0.4704, 2.8185,-1.3582, 3.3104,-1.0542],[-0.9573,-0.158 , 0.0786, 0.0389],0.2155
500,[-0.9642,-0.0114,-0.0088,-0.0544],[ 1.352 , 1.5696, 0.6016,12.8049,-0.1923],[-0.9644,-0.0047,-0.0138,-0.0391],0.2655
501,[-0.9591,-0.0468, 0.0867,-0.1206],[ 0.0208,-1.0225, 0.656 ,-0.5479,-0.6121],[-0.9592,-0.061 , 0.1007,-0.1058],0.239
502,[-0.9604, 0.02  ,-0.0759,-0.0425],[ 1.0228, 4.081 ,-0.6021, 3.3358,-1.0203],[-0.9602, 0.0374,-0.0878,-0.0293],0.2499
512,[-0.959 , 0.0876,-0.1219,-0.0576],[ 1.5334, 2.0086, 1.7781, 6.851 ,-0.4743],[-0.9587, 0.0985,-0.1313,-0.0426],0.2133
514,[-0.9579, 0.1311,-0.2121,-0.0845],[ 0.9851, 2.7613,-0.8591, 4.5647,-0.2282],[-0.9566, 0.152 ,-0.222 ,-0.0692],0.1621
520,[-0.9611,-0.0879, 0.0136,-0.0546],[ 0.8216, 5.583 ,-0.7706, 1.5789,-0.6311],[-0.9616,-0.0636,-0.0044,-0.041 ],0.2589
521,[-0.9635,-0.1239, 0.1097,-0.0583],[ 1.0966, 0.941 , 1.5776, 8.0168,-0.7684],[-0.9639,-0.1179, 0.1005,-0.0434],0.1996
523,[-0.9618,-0.1502, 0.1711,-0.0389],[-0.2455,-1.1776, 0.2589, 0.7129,-0.5869],[-0.9615,-0.1559, 0.1739,-0.0231],0.1638
541,[-0.9594,-0.1881, 0.1326,-0.0709],[ 1.2824, 0.629 ,-1.0408, 2.7201,-0.6526],[-0.9608,-0.1698, 0.1086,-0.0576],0.1861
543,[-0.9615,-0.1871, 0.177 ,-0.0967],[ 2.0361, 0.1374, 0.6963, 4.6497,-0.6634],[-0.9622,-0.1838, 0.1666,-0.0847],0.1533
600,[-0.9607,-0.0102, 0.0084,-0.1854],[-0.0904, 0.3227, 1.7689, 6.5736,-0.4224],[-0.9614,-0.0085, 0.0038,-0.1691],0.2781
601,[-0.9604,-0.0383, 0.0691,-0.2088],[-0.2833,-1.2038, 1.888 , 0.2185,-1.0263],[-0.961 ,-0.05  , 0.0792,-0.1924],0.2455
602,[-0.9607, 0.034 ,-0.0856,-0.1416],[-0.0598, 2.3363,-0.7564, 1.1335,-0.6229],[-0.9607, 0.054 ,-0.1084,-0.1261],0.2331
620,[-0.9589,-0.0782, 0.0284,-0.1774],[ 0.0896, 3.4135,-0.5248,-0.5706,-0.4166],[-0.96  ,-0.061 , 0.0092,-0.1618],0.2716
621,[-0.9634,-0.1028, 0.1131,-0.1868],[-0.3427,-0.5369, 4.7956, 4.9586,-1.3213],[-0.964 ,-0.1076, 0.1151,-0.1713],0.198
623,[-0.9617,-0.1462, 0.1918,-0.1836],[-0.0908,-0.6684, 1.07  , 1.0935,-1.143 ],[-0.9613,-0.1623, 0.2065,-0.1674],0.1488
643,[-0.9577,-0.1805, 0.1961,-0.149 ],[ 1.6224,-0.7479, 0.0453, 4.0832,-1.2179],[-0.958 ,-0.1857, 0.1957,-0.133 ],0.1547
700,[-0.9592, 0.0023, 0.0148,-0.2952],[-1.8354,-1.0431,-1.4063, 0.4542,-2.3363],[-0.9604,-0.0041, 0.0215,-0.2812],0.2752
701,[-0.9584,-0.0299, 0.0767,-0.2865],[ 0.0624,-0.0169, 0.7253, 0.0968,-1.1692],[-0.9592,-0.0468, 0.0912,-0.2704],0.2484
721,[-0.9634,-0.0962, 0.1041,-0.2937],[-1.1451,-1.0666, 0.1898, 2.9368,-2.551 ],[-0.9644,-0.103 , 0.1118,-0.2771],0.1994
821,[-0.9584,-0.0884, 0.0748,-0.4   ],[-5.7633,-5.8389,-5.7255,-5.3479,-6.7669],[-0.9602,-0.0878, 0.0764,-0.3826],0.2343
1101,[-0.9414,-0.0544, 0.0827, 0.3758],[-0.2776,-0.4403, 9.3436,-0.1945, 1.7705],[-0.9396,-0.0574, 0.0792, 0.3621],0.3261
1102,[-0.9356, 0.0273,-0.0703, 0.3818],[-0.15  , 1.9071,-0.2877, 0.2048, 7.5162],[-0.9337, 0.0339,-0.0737, 0.3751],0.3644
1120,[-0.9422,-0.0682, 0.0351, 0.3833],[ 1.1949, 4.0998,-0.2027, 0.0544, 9.4997],[-0.9407,-0.0612, 0.0364, 0.3768],0.3387
1121,[-0.9355,-0.1035, 0.103 , 0.3814],[ 1.8669, 0.5448, 1.3781, 0.7542,27.5231],[-0.934 ,-0.1003, 0.095 , 0.3758],0.3222
1200,[-9.3856e-01,-1.0493e-02,-6.5050e-04, 2.9859e-01],[61.7414, 1.835 , 2.6906, 0.279 , 1.9405],[-0.9372,-0.008 ,-0.0033, 0.3008],0.3649
1201,[-0.9352,-0.0485, 0.0676, 0.3014],[ 1.1822,-1.5428, 2.7022,-0.8851, 0.9799],[-0.9337,-0.0516, 0.0704, 0.3009],0.3594
1202,[-0.932 , 0.0329,-0.0735, 0.3023],[ 0.5757, 4.5143,-0.6615, 0.4142,20.2336],[-0.9304, 0.0396,-0.079 , 0.2928],0.3712
1210,[-0.9289, 0.0816,-0.0409, 0.2643],[-0.2298,-1.2702, 5.6365,-0.739 , 2.9647],[-0.9281, 0.0747,-0.0418, 0.2591],0.3856
1212,[-0.9296, 0.1211,-0.1151, 0.2838],[ 1.0164, 1.1087, 0.7289, 0.345 ,32.2329],[-0.9286, 0.1173,-0.1056, 0.2748],0.3298
1214,[-0.9302, 0.158 ,-0.1826, 0.2748],[ 0.563 ,27.8724,-0.8015, 1.0443, 1.9921],[-0.9287, 0.158 ,-0.1758, 0.2881],0.2794
1220,[-0.9339,-0.0734, 0.0161, 0.2993],[5.2078e-01,4.1995e+01,3.1604e-02,2.7043e-01,7.2708e-01],[-0.9329,-0.0616, 0.0059, 0.2956],0.3796
1221,[-0.9403,-0.0846, 0.0841, 0.3271],[ 1.1959, 0.6959,51.6935, 1.4453, 2.2943],[-0.939 ,-0.0818, 0.0766, 0.3254],0.3202
1232,[-0.9236, 0.1877,-0.1374, 0.2696],[ 0.8514,-0.8033, 1.2987,-0.1238, 4.2367],[-0.9236, 0.177 ,-0.1234, 0.2657],0.3163
1234,[-0.9317, 0.1947,-0.2064, 0.2891],[ 4.6276,31.4148, 0.1967, 0.6691, 2.3891],[-0.9306, 0.192 ,-0.1953, 0.2992],0.2481
1243,[-0.9426,-0.1793, 0.201 , 0.3229],[ 0.6646, 0.8623,15.1202, 1.9529, 1.2169],[-0.941 ,-0.1784, 0.1967, 0.3308],0.2162
1300,[-0.9204,-0.0218, 0.0256, 0.1447],[  1.1716,  1.4476,  2.2592,  2.1383,233.4543],[-0.9198,-0.0224, 0.0272, 0.1391],0.4272
1301,[-0.9193,-0.045 , 0.0687, 0.1419],[ 0.5739,-0.4003,79.5671,-0.0877, 1.0651],[-0.9185,-0.0481, 0.0694, 0.1467],0.4136
1302,[-0.9324, 0.0403,-0.0725, 0.1613],[ 0.2677,15.6519, 0.4073, 0.3233, 0.0986],[-0.9315, 0.0458,-0.0757, 0.1576],0.3644
1310,[-0.9238, 0.0723,-0.033 , 0.1676],[ 0.1613,-0.0971,18.4739, 0.5083, 0.8014],[-0.9233, 0.0654,-0.0302, 0.1689],0.4093
1312,[-0.9331, 0.0984,-0.1038, 0.1799],[ 3.9821,43.4545, 0.8327, 2.5664, 2.4302],[-0.9323, 0.0976,-0.0977, 0.1822],0.3287
1314,[-0.9383, 0.1388,-0.1824, 0.1954],[ 0.4886, 4.2492,-0.4355,21.0103, 3.0399],[-0.9366, 0.1441,-0.1843, 0.2081],0.253
1320,[-0.9203,-0.0681, 0.0406, 0.1468],[ 1.668 ,49.3179,-0.3096, 0.0497, 3.4724],[-0.9198,-0.0631, 0.0386, 0.1521],0.4195
1321,[-0.9198,-0.0749, 0.0862, 0.1447],[  4.0355,  0.8713,  1.9548,  1.033 ,112.1445],[-0.9191,-0.0756, 0.0847, 0.1395],0.3914
1323,[-0.9234,-0.1594, 0.1743, 0.151 ],[-0.6693,-0.0207,13.5696, 0.6707, 0.1261],[-0.9225,-0.1598, 0.1715, 0.1497],0.2987
1332,[-0.9246, 0.191 ,-0.1328, 0.1996],[-1.1994,-1.7056, 0.0875,-1.2263,-1.8653],[-0.925 , 0.1797,-0.12  , 0.203 ],0.3113
1334,[-0.9304, 0.2256,-0.2305, 0.1741],[ 1.3675,10.0766, 0.2802, 2.0953, 3.0626],[-0.9298, 0.2229,-0.2203, 0.1839],0.2255
1336,[-0.9361, 0.2315,-0.2886, 0.1973],[-0.2006,33.4   ,-0.2116, 0.5926, 0.271 ],[-0.9339, 0.2358,-0.2874, 0.2082],0.1738
1341,[-0.9314,-0.2009, 0.1216, 0.1674],[-0.8835,-0.543 ,-1.4026,-0.4234,-0.7487],[-0.9323,-0.1846, 0.1038, 0.1773],0.2877
1343,[-0.929 ,-0.222 , 0.2107, 0.1618],[ 1.9191, 0.4568,22.2347, 1.385 , 1.7079],[-0.9289,-0.2168, 0.1983, 0.1711],0.2422
1363,[-0.9272,-0.2863, 0.2157, 0.1335],[ 1.3449, 2.2721,-0.6682, 5.6255,-0.0324],[-0.929 ,-0.2737, 0.1967, 0.1408],0.2123
1400,[-0.9198,-0.0172, 0.0204, 0.0639],[  1.6877,493.103 ,  4.0812,  5.5182,  1.3596],[-0.9195,-0.0182, 0.0244, 0.0682],0.4342
1401,[-0.9189,-0.0416, 0.0695, 0.0684],[  2.1171, -0.6008,304.1787,  0.9632,  0.721 ],[-0.9184,-0.0457, 0.0714, 0.0707],0.417
1402,[-0.9191, 0.0348,-0.0686, 0.0468],[2.5780e-01,4.7625e+01,1.1415e-02,4.2756e-01,5.4859e-01],[-0.9187, 0.04  ,-0.0705, 0.0559],0.4126
1410,[-0.9189, 0.0673,-0.0372, 0.054 ],[-14.5795,-15.0444,-13.5103,-15.3931,-14.71  ],[-0.9188, 0.0621,-0.0329, 0.0606],0.429
1412,[-0.9209, 0.0837,-0.0874, 0.0494],[ 0.9169,30.0406, 0.5045, 1.0178, 0.1167],[-0.9206, 0.0833,-0.0823, 0.0587],0.3851
1414,[-0.9321, 0.1437,-0.195 , 0.0423],[ 1.252 , 6.1698,-0.9984, 8.8495, 1.1984],[-0.9308, 0.1522,-0.201 , 0.0545],0.2591
1420,[-0.9187,-0.0647, 0.0438, 0.0586],[ 2.9769e+00, 2.8845e+02,-3.2971e-01, 2.4560e+00,-2.8059e-02],[-0.9185,-0.0612, 0.0429, 0.0646],0.4227
1421,[-0.9189,-0.0756, 0.0845, 0.0589],[  1.4216,  0.7395,713.4774,  1.8264,  1.1533],[-0.9186,-0.0763, 0.0822, 0.065 ],0.3964
1423,[-0.9243,-0.137 , 0.1844, 0.063 ],[-0.1711,-0.7367,62.8436, 1.0763, 1.1729],[-0.9231,-0.1435, 0.1874, 0.0722],0.2945
1432,[-0.918 , 0.1903,-0.1406, 0.0694],[-2.7241,-3.3636,-2.4329,-2.3484,-3.4879],[-0.9188, 0.1821,-0.1301, 0.0828],0.3233
1434,[-0.9362, 0.2003,-0.2298, 0.0738],[ 1.2149, 5.6963,-0.1397, 1.0422, 0.1466],[-0.9352, 0.2039,-0.2294, 0.086 ],0.2097
1436,[-0.9261, 0.2502,-0.2902, 0.0709],[ 1.124 ,12.2013,-0.5098, 1.0892,-0.4162],[-0.9247, 0.2534,-0.2885, 0.0819],0.196
1441,[-0.9331,-0.2026, 0.1317, 0.0602],[-1.0846,-1.7547,-1.5435,-0.544 ,-1.827 ],[-0.9343,-0.188 , 0.1143, 0.0686],0.273
1443,[-0.9306,-0.2206, 0.2069, 0.0562],[23.9358, 0.0325, 7.0695, 4.3187, 0.799 ],[-0.9309,-0.2166, 0.1966, 0.0674],0.2344
1454,[-0.9155, 0.2857,-0.2658, 0.106 ],[-0.9519,-0.8648,-0.326 ,-0.2   ,-1.1714],[-0.916 , 0.2812,-0.2536, 0.1208],0.2306
1456,[-0.9152, 0.2939,-0.2978, 0.0378],[ 0.6937, 2.2326,-0.1008, 4.1392, 0.4553],[-0.9151, 0.2932,-0.2929, 0.0529],0.2053
1461,[-0.9189,-0.2893, 0.1623, 0.0844],[-3.5627,-3.0535,-4.0146,-3.6603,-3.5472],[-0.9219,-0.2723, 0.1516, 0.0996],0.2637
1463,[-0.9224,-0.3071, 0.2393, 0.0527],[ 0.0842,-0.0157,-0.8235, 2.1684,-0.958 ],[-0.9245,-0.2975, 0.2251, 0.0654],0.2064
1465,[-0.9274,-0.3124, 0.3169, 0.0447],[ 2.1459, 0.0503,10.8795, 3.0888,-0.224 ],[-0.9273,-0.3109, 0.3079, 0.0585],0.1481
1500,[-0.9187,-0.0137, 0.01  ,-0.0554],[  4.3514,  4.2793,  3.7611,141.6463, -0.6506],[-0.9189,-0.0132, 0.009 ,-0.0448],0.4406
1501,[-0.9203,-0.0379, 0.0731,-0.0385],[-11.5826,-13.6523, -9.657 ,-11.3969,-12.358 ],[-0.9202,-0.0438, 0.0762,-0.0351],0.411
1502,[-0.9156, 0.0311,-0.073 ,-0.0633],[-3.1917,11.831 ,-5.4256,-2.9313, 0.7711],[-0.9156, 0.0376,-0.0759,-0.0562],0.4249
1510,[-0.92  , 0.0665,-0.0388,-0.0597],[-20.2858,-20.7   ,-19.4422,-19.4562,-20.6331],[-0.9204, 0.0615,-0.0323,-0.0522],0.4273
1512,[-0.9182, 0.0821,-0.0891,-0.0686],[ -8.216 , -4.5915,-10.1136, -4.9564, -6.3959],[-0.9184, 0.0828,-0.0855,-0.0585],0.3967
1514,[-0.9273, 0.1383,-0.1841,-0.0526],[ 0.3928, 1.9996,-0.6872,14.0977, 0.8359],[-0.9265, 0.1467,-0.1897,-0.0386],0.2816
1520,[-0.9156,-0.0656, 0.0433,-0.0586],[  1.4243,214.6802,  3.5524,  0.2973, -0.2158],[-0.9159,-0.0624, 0.0427,-0.0509],0.4328
1521,[-0.9179,-0.0716, 0.0769,-0.0515],[9.3066e-01,6.4749e-03,7.1260e+00,1.4911e+02,5.9156e-01],[-0.918 ,-0.0723, 0.076 ,-0.0395],0.4038
1523,[-0.9284,-0.1431, 0.1849,-0.0652],[ 3.6898,-1.8783, 3.07  , 1.807 ,-1.2399],[-0.9277,-0.1505, 0.1898,-0.0502],0.279
1532,[-0.9248, 0.1837,-0.1318,-0.046 ],[-5.2078,-5.4272,-5.5223,-4.6679,-5.7086],[-0.9261, 0.1742,-0.1164,-0.0337],0.3108
1534,[-0.9251, 0.192 ,-0.2129,-0.0702],[-0.176 , 1.774 ,-0.7134, 0.856 ,-1.4071],[-0.9248, 0.1953,-0.2108,-0.0568],0.2562
1536,[-0.9253, 0.2328,-0.2921,-0.0386],[ 3.4222, 1.5741,-0.4505, 1.4258, 0.387 ],[-0.9236, 0.2402,-0.2955,-0.0256],0.194
1541,[-0.9461,-0.193 , 0.1374,-0.0452],[-0.207 ,-0.9495,-0.9339, 0.9967,-1.5717],[-0.9475,-0.1781, 0.1135,-0.0335],0.2284
1543,[-0.9369,-0.2211, 0.218 ,-0.0664],[ 0.241 , 0.7733,21.1155, 1.8522, 0.3486],[-0.9374,-0.2196, 0.2095,-0.0541],0.2047
1545,[-0.9297,-0.2513, 0.3024,-0.084 ],[ 0.4839,-0.9203, 8.9299, 1.9858,-0.1301],[-0.9282,-0.2587, 0.3077,-0.0694],0.1706
1554,[-0.917 , 0.2817,-0.2702,-0.1135],[-0.1351,-0.6103,-0.9583, 0.3315,-1.4266],[-0.9175, 0.2826,-0.2785,-0.1024],0.2125
1556,[-0.9172, 0.2876,-0.2953,-0.0595],[ 0.4165, 2.0536,-0.7901, 2.0495,-0.1663],[-0.917 , 0.2892,-0.2991,-0.0448],0.2008
1563,[-0.935 ,-0.299 , 0.2392,-0.0716],[ 1.1435, 1.7211, 0.8002, 2.1419,-0.8083],[-0.9372,-0.2905, 0.2287,-0.0579],0.1653
1565,[-0.931 ,-0.3017, 0.3247,-0.0598],[ 0.5834,-0.217 , 1.4685,10.7495, 0.1713],[-0.9305,-0.3043, 0.3207,-0.0443],0.1372
1600,[-0.9199,-0.0068, 0.0021,-0.1709],[-36.086 ,-35.5173,-35.7895,-34.7773,-36.6294],[-0.9206,-0.0061, 0.001 ,-0.1638],0.438
1601,[-0.9178,-0.0375, 0.0702,-0.178 ],[-8.6733,-9.7188,-6.6964,-7.9342,-9.2313],[-0.9183,-0.0435, 0.074 ,-0.1744],0.4168
1602,[-0.9139, 0.0366,-0.0727,-0.1772],[ 0.0716,10.735 ,-1.2397, 9.6853,-0.3235],[-0.9144, 0.0427,-0.0763,-0.1789],0.4268
1610,[-0.92  , 0.0648,-0.0417,-0.1719],[-17.8951,-17.8985,-17.836 ,-17.7385,-18.9852],[-0.9209, 0.0606,-0.0346,-0.1634],0.4235
1612,[-0.9172, 0.0776,-0.0908,-0.1784],[-19.8569,-18.5548,-21.5596,-17.9518,-20.665 ],[-0.9178, 0.0799,-0.0896,-0.1689],0.3977
1614,[-0.9186, 0.1442,-0.1832,-0.1865],[-2.2504e-01, 1.1666e+01,-4.3259e-01, 2.2342e+00,-9.3278e-04],[-0.9185, 0.1512,-0.187 ,-0.1725],0.3142
1620,[-0.9156,-0.0637, 0.0452,-0.1554],[ 0.4492, 0.3638,-0.1477,22.0157,-0.9666],[-0.9164,-0.061 , 0.0429,-0.1491],0.4312
1621,[-0.9207,-0.0757, 0.0843,-0.1695],[-0.6519,-1.8144, 5.8612, 4.7471,-1.6494],[-0.9213,-0.0776, 0.0837,-0.1586],0.3863
1622,[-0.9319,-0.0792,-0.0575,-0.1285],[-0.818 , 0.3951,-0.7772,-0.7816,-0.0784],[-0.9325,-0.0535,-0.0706,-0.1123],0.3618
1623,[-0.9361,-0.143 , 0.1858,-0.191 ],[ 0.1072,-0.8618, 4.0384, 2.3299,-1.0914],[-0.9358,-0.1527, 0.193 ,-0.1761],0.2484
1632,[-0.9216, 0.1843,-0.1643,-0.1349],[-3.2956,-3.4981,-3.1833,-2.7399,-4.2909],[-0.9227, 0.1806,-0.1503,-0.1186],0.3053
1634,[-0.9177, 0.2042,-0.2241,-0.192 ],[-1.7841,-1.355 ,-3.4796,-1.0663,-3.1499],[-0.9179, 0.2081,-0.223 ,-0.1762],0.2736
1636,[-0.915 , 0.2557,-0.287 ,-0.1678],[ 1.3253, 4.869 ,-0.0687,-0.0595,-0.4926],[-0.9144, 0.261 ,-0.2916,-0.1525],0.2197
1641,[-0.9291,-0.1903, 0.1322,-0.1641],[-0.0896,-0.4408, 0.1581, 0.2492,-0.8325],[-0.9311,-0.1798, 0.1135,-0.1513],0.2904
1643,[-0.9401,-0.2122, 0.2308,-0.1862],[ 1.0574, 0.1625, 3.8642, 9.8367,-0.2885],[-0.9403,-0.2171, 0.2307,-0.1701],0.1862
1645,[-0.9345,-0.2524, 0.2942,-0.1822],[ 0.1845,-0.8426, 1.7573, 4.7868,-0.4455],[-0.9336,-0.2606, 0.2988,-0.1665],0.158
1654,[-0.9163, 0.2815,-0.2767,-0.1252],[ 0.0589,-0.8964,-0.7204,-0.2294,-1.0606],[-0.917 , 0.2817,-0.2702,-0.1135],0.2186
1656,[-0.9156, 0.2795,-0.2832,-0.144 ],[-0.0192, 2.7519,-0.7425, 2.5534,-0.7555],[-0.9161, 0.281 ,-0.2791,-0.1314],0.2181
1665,[-0.9278,-0.3073, 0.3366,-0.1807],[-0.017 , 0.0622,11.412 , 2.9918,-0.4436],[-0.9273,-0.3121, 0.3356,-0.1682],0.1309
1700,[-0.927 , 0.0045, 0.0031,-0.3043],[-32.6141,-32.6852,-32.5646,-31.6936,-33.1908],[-0.9283, 0.0027, 0.0045,-0.2931],0.4129
1701,[-0.9294,-0.0353, 0.0775,-0.3067],[-3.9812,-4.3703,-2.9494,-2.9703,-4.5599],[-0.9303,-0.0454, 0.0861,-0.2966],0.3658
1702,[-0.9181, 0.0419,-0.0778,-0.2851],[ -9.2424, -8.1634,-10.1392, -8.4552,-10.1183],[-0.919 , 0.0489,-0.0835,-0.2803],0.4123
1710,[-0.9225, 0.0642,-0.044 ,-0.3056],[-11.245 ,-11.2772,-11.1162,-10.0965,-12.0078],[-0.9239, 0.0608,-0.0394,-0.2952],0.4095
1712,[-0.9194, 0.0763,-0.0904,-0.2881],[-46.9281,-46.3219,-47.0763,-46.3993,-47.7603],[-0.9205, 0.0795,-0.0916,-0.2788],0.3891
1714,[-0.9175, 0.1386,-0.1898,-0.3094],[ 0.0145, 4.8248,-1.0888, 0.5829,-0.3545],[-0.9175, 0.1487,-0.198 ,-0.295 ],0.3117
1720,[-0.9165,-0.0574, 0.0498,-0.2819],[-1.0033,-1.1498,-1.162 ,-0.3994,-1.8556],[-0.9178,-0.0566, 0.0479,-0.2812],0.4309
1721,[-0.9334,-0.0928, 0.114 ,-0.3015],[-6.0633,-6.5641,-5.9503,-5.0035,-7.3585],[-0.9343,-0.099 , 0.1184,-0.2872],0.3128
1723,[-0.9387,-0.138 , 0.1931,-0.3102],[ 0.5047,-0.4659, 3.5711, 1.1884,-0.7633],[-0.9387,-0.1523, 0.2044,-0.2955],0.2325
1732,[-0.9397, 0.1814,-0.1176,-0.3511],[-1.5259,-0.8548,-1.766 ,-1.0691,-1.9672],[-0.9423, 0.1698,-0.1026,-0.334 ],0.2555
1734,[-0.915 , 0.1965,-0.2315,-0.2793],[-0.989 ,-0.5183,-1.9489, 0.1178,-2.564 ],[-0.915 , 0.2038,-0.237 ,-0.2645],0.2711
1741,[-0.9154,-0.1822, 0.105 ,-0.3581],[-0.2105,-0.0902,-0.063 , 0.064 ,-0.8866],[-0.9184,-0.1699, 0.0793,-0.341 ],0.3629
1743,[-0.9376,-0.1981, 0.2373,-0.2958],[ 1.7309,-0.6064, 3.3175, 5.1924,-0.633 ],[-0.9375,-0.2087, 0.2456,-0.2816],0.1928
1745,[-0.9253,-0.2439, 0.3137,-0.3192],[ 1.4838,-0.239 , 8.4933, 1.5403,-0.7493],[-0.9237,-0.2565, 0.324 ,-0.3048],0.1791
1765,[-0.9178,-0.2913, 0.3575,-0.2784],[ 7.5584,-0.0096, 1.0585, 4.082 ,-0.8686],[-0.9158,-0.3009, 0.3657,-0.2669],0.1521
1800,[-0.926 , 0.0196, 0.0066,-0.4331],[-11.5234,-12.0148,-10.9684,-10.5721,-12.1569],[-0.9279, 0.0141, 0.0118,-0.4171],0.416
1801,[-0.9321,-0.0255, 0.089 ,-0.4414],[-0.3705,-1.2185, 0.4678, 1.1824,-1.6462],[-0.9333,-0.0409, 0.1034,-0.4258],0.3492
1802,[-0.9173, 0.0227,-0.0856,-0.4229],[-3.0996,-2.0684,-4.0856,-1.9043,-3.7055],[-0.9186, 0.0346,-0.0946,-0.407 ],0.4155
1810,[-0.9271, 0.0753,-0.0325,-0.4287],[-3.324 ,-3.9425,-2.3749,-2.1843,-4.2503],[-0.9292, 0.0672,-0.0234,-0.4127],0.3888
1812,[-0.9238, 0.0951,-0.0864,-0.4405],[-12.5224,-12.2954,-13.9009,-12.1145,-14.2827],[-0.9257, 0.0946,-0.0821,-0.4252],0.3653
1814,[-0.9151, 0.1135,-0.1731,-0.3929],[ 0.4821, 1.6668,-1.0177, 4.9987,-0.6118],[-0.9154, 0.125 ,-0.1814,-0.3756],0.3396
1820,[-0.919 ,-0.0768, 0.0236,-0.4273],[-0.1728,-0.4437,-0.9023, 0.1396,-1.6767],[-0.9212,-0.0676, 0.0135,-0.4113],0.4251
1821,[-0.9333,-0.0878, 0.1276,-0.4283],[ 0.0475,-0.7788, 0.1148, 2.1981,-1.9045],[-0.9344,-0.0987, 0.1355,-0.412 ],0.304
1823,[-0.9352,-0.1238, 0.2103,-0.421 ],[ 1.3752,-0.1844,10.5261, 0.4562,-0.3592],[-0.9347,-0.144 , 0.2261,-0.4045],0.2406
1825,[-0.9275,-0.1573, 0.288 ,-0.4555],[-0.2222,-0.2888, 0.2621,-0.0078,-0.2728],[-0.9253,-0.1807, 0.2995,-0.4392],0.2239
1832,[-0.9343, 0.1986,-0.1562,-0.3861],[-0.0587, 0.1691,-0.164 , 0.7016,-1.1591],[-0.9369, 0.1923,-0.1397,-0.3685],0.2496
1834,[-0.9264, 0.1998,-0.1867,-0.4476],[ 0.1104, 3.3683,-0.4564, 3.7375,-1.1326],[-0.9286, 0.2008,-0.1799,-0.43  ],0.2587
1843,[-0.9314,-0.1757, 0.2512,-0.3981],[ 0.2039,-0.4523, 0.0559,10.541 ,-0.6348],[-0.9306,-0.192 , 0.2624,-0.3823],0.2168
1845,[-0.9225,-0.2123, 0.31  ,-0.4064],[ 0.3026, 0.0302,15.2136, 3.3228,-0.6129],[-0.9205,-0.2291, 0.3213,-0.3913],0.2042
1900,[-0.9214, 0.0318, 0.0083,-0.5566],[-36.2409,-35.4313,-36.1696,-35.7973,-38.2338],[-0.9238, 0.0239, 0.0171,-0.5396],0.4337
1901,[-0.9248,-0.022 , 0.0817,-0.5516],[  0.1575, -0.5084,  2.17  ,131.9634, -1.3608],[-0.9265,-0.0363, 0.0978,-0.535 ],0.3832
1902,[-0.9186, 0.016 ,-0.0829,-0.5268],[-3.204 ,-4.3578,-4.2333,-3.0731,-5.2646],[-0.9204, 0.0279,-0.086 ,-0.5101],0.4151
1910,[-0.9189, 0.068 ,-0.0302,-0.5755],[-64.3137,-63.4611,-64.8228,-63.5865,-65.1604],[-0.9216, 0.0616,-0.0204,-0.5587],0.4274
1912,[-0.9182, 0.1049,-0.0927,-0.5684],[-199.2573,-198.7684,-199.5481,-198.5443,-199.539 ],[-0.9207, 0.1048,-0.0884,-0.5513],0.3794
1914,[-0.9136, 0.1569,-0.1823,-0.5765],[ 1.8347,43.4031,-0.674 , 0.6267,-0.5544],[-0.9151, 0.1651,-0.1875,-0.5596],0.3188
1920,[-0.9118,-0.0801, 0.0183,-0.5143],[-10.5159,-10.0243,-10.2056,-10.2211,-10.6098],[-0.9144,-0.0685,-0.0049,-0.4961],0.4575
1921,[-0.9291,-0.0706, 0.106 ,-0.5274],[ -0.3663, -0.222 , -0.9272,105.4201, -0.8674],[-0.9308,-0.0803, 0.1141,-0.5092],0.3372
1923,[-0.9283,-0.0926, 0.1998,-0.5178],[ 0.846 ,-0.5098, 2.1952,92.021 ,-0.6703],[-0.9277,-0.1175, 0.2281,-0.4995],0.2784
1932,[-0.9283, 0.1667,-0.1484,-0.5036],[-2.0883, 0.2412,-3.4681,-0.2111,-2.5767],[-0.9308, 0.1663,-0.1401,-0.4871],0.2847
1934,[-0.9183, 0.18  ,-0.1947,-0.5271],[ 0.0866, 0.8019,-1.4012,19.6184,-1.8727],[-0.9199, 0.1865,-0.1963,-0.5099],0.2912
2200,[-0.9023,-0.0503, 0.0438, 0.2551],[-19.3797,-19.676 ,-19.5805,-20.157 ,-19.175 ],[-0.9013,-0.0483, 0.037 , 0.2408],0.3914
2212,[-0.9094, 0.1327,-0.1079, 0.2603],[-1.4703,-0.9478,-2.6852,-2.6512,-0.6143],[-0.9088, 0.127 ,-0.0955, 0.2517],0.3592
2300,[-0.9075,-0.0281, 0.0286, 0.1492],[-52.0568,-51.719 ,-51.3759,-53.0081,-50.5097],[-0.9069,-0.0279, 0.0281, 0.1416],0.4164
2301,[-0.9085,-0.0485, 0.0699, 0.1478],[-30.2737,-32.0604,-30.0104,-31.0383,-29.6864],[-0.9077,-0.0509, 0.0703, 0.1469],0.4034
2302,[-0.9069, 0.051 ,-0.0648, 0.1469],[-12.713 ,-12.4797,-14.5145,-13.9645,-12.9988],[-0.9062, 0.0522,-0.0635, 0.1484],0.399
2310,[-0.9072, 0.0651,-0.0394, 0.1528],[-13.6484,-14.0371,-13.4737,-14.0273,-12.8738],[-0.9067, 0.0608,-0.0332, 0.1515],0.4103
2312,[-0.9063, 0.0692,-0.0777, 0.1479],[-10.9809,-10.0172,-11.8948,-11.4473, -9.7785],[-0.9056, 0.0693,-0.0735, 0.1443],0.3837
2320,[-0.9077,-0.0615, 0.0453, 0.1459],[-9.6075,-8.3564,-9.4764,-9.8778,-8.3176],[-0.9072,-0.0586, 0.0411, 0.1407],0.4111
2321,[-0.9064,-0.0692, 0.09  , 0.1531],[-35.9041,-37.1554,-34.9172,-36.517 ,-35.2149],[-0.9055,-0.0712, 0.0895, 0.1453],0.3748
2323,[-0.9077,-0.1505, 0.1802, 0.1317],[-1.7529,-4.0667,-1.5884,-3.4843,-0.9093],[-0.9067,-0.1526, 0.1767, 0.1292],0.2992
2332,[-0.9035, 0.187 ,-0.1453, 0.1421],[-2.9705,-3.2356,-2.3812,-3.3059,-1.7797],[-0.904 , 0.1793,-0.1248, 0.1332],0.3005
2334,[-0.9029, 0.1919,-0.2098, 0.1527],[ 0.6824, 2.2099,-1.2493,-0.5463, 1.3652],[-0.9021, 0.1915,-0.2   , 0.1541],0.252
2341,[-0.9067,-0.2001, 0.1509, 0.1401],[ 0.7981, 0.9228,-1.1009,-0.4538, 2.0638],[-0.9073,-0.1929, 0.1422, 0.1361],0.299
2343,[-0.8999,-0.2445, 0.2188, 0.1619],[ 1.3314,-0.3966, 3.8922,-0.1462,12.5025],[-0.9   ,-0.2407, 0.2166, 0.1552],0.2138
2363,[-0.9022,-0.3022, 0.2363, 0.1574],[3.1021,2.6217,2.6723,0.716 ,9.9909],[-0.9041,-0.2927, 0.2128, 0.156 ],0.2062
2365,[-0.8972,-0.3134, 0.2928, 0.1408],[1.4186,0.3871,6.4604,0.9763,0.5829],[-0.8979,-0.3093, 0.2777, 0.1515],0.1472
2400,[-0.9081,-0.0285, 0.0228, 0.0585],[  1.7334,  0.9349,  2.3504,  0.4573,371.3385],[-0.9079,-0.0274, 0.021 , 0.0448],0.4263
2401,[-0.9087,-0.0435, 0.0696, 0.064 ],[-0.3592,-2.1431,24.1495,-1.0205, 6.4035],[-0.9083,-0.0468, 0.0701, 0.0548],0.4079
2402,[-0.9076, 0.0392,-0.0681, 0.066 ],[-1.3929, 6.4079,-5.0136,-3.9804,-3.0369],[-0.9072, 0.0429,-0.0695, 0.0663],0.4052
2410,[-0.9061, 0.0663,-0.0377, 0.062 ],[-18.9988,-20.0287,-19.3511,-19.5736,-19.076 ],[-0.9061, 0.0616,-0.0296, 0.0545],0.4087
2412,[-0.9072, 0.0771,-0.0874, 0.064 ],[ 2.5760e+00, 1.5123e+01,-7.1587e-03, 3.8672e-01, 2.7901e+01],[-0.9069, 0.0777,-0.0834, 0.0596],0.3806
2414,[-0.9046, 0.1373,-0.1857, 0.0683],[ 0.1849, 4.0494,-1.6773,-0.4281, 0.7113],[-0.9035, 0.1423,-0.1865, 0.0702],0.2867
2420,[-0.9084,-0.0629, 0.044 , 0.0521],[-0.3381, 4.7125,-1.197 ,-0.7352,24.2233],[-0.9083,-0.0596, 0.0382, 0.0414],0.4171
2421,[-0.9069,-0.0787, 0.0929, 0.0581],[ 7.8244e-01,-1.8240e-01, 6.2666e+00, 5.4434e-01, 1.9415e+02],[-0.9066,-0.0801, 0.0912, 0.0455],0.3746
2423,[-0.907 ,-0.1372, 0.1827, 0.0562],[-0.1413,-2.492 , 2.2442,-0.6442, 0.7094],[-0.906 ,-0.1422, 0.1843, 0.0519],0.2977
2432,[-0.9032, 0.1759,-0.1403, 0.0449],[-4.7066,-4.174 ,-4.3162,-4.4954,-3.9032],[-0.9038, 0.1707,-0.1322, 0.0432],0.3004
2434,[-0.9036, 0.2027,-0.201 , 0.0503],[ 0.7178, 2.8716,-1.777 , 0.6621, 1.1088],[-0.9036, 0.2012,-0.1929, 0.0555],0.2567
2441,[-0.9013,-0.1881, 0.1329, 0.0466],[-0.2452,-1.5098,-1.2778,-0.3784, 6.8301],[-0.9023,-0.1803, 0.1217, 0.0388],0.2954
2443,[-0.9018,-0.2028, 0.2037, 0.0563],[ 1.4468,-0.2856,37.6261, 0.9684, 1.5702],[-0.9017,-0.2016, 0.1954, 0.0535],0.2482
2454,[-0.9025, 0.2829,-0.2691, 0.0581],[2.4522,1.5178,0.6618,1.9303,0.9771],[-0.9027, 0.2812,-0.2696, 0.059 ],0.1794
2456,[-0.9019, 0.2852,-0.2906, 0.0351],[ 0.4819, 6.2281,-0.7934, 2.0154, 1.6218],[-0.9018, 0.2848,-0.2845, 0.0347],0.1679
2461,[-0.9101,-0.2932, 0.151 , 0.0962],[-2.8811,-1.5742,-3.331 ,-1.497 ,-2.8734],[-0.9133,-0.2778, 0.1536, 0.0819],0.2755
2463,[-0.9017,-0.3278, 0.2439, 0.0795],[6.0133,7.0454,3.7867,2.2528,2.08  ],[-0.9045,-0.3182, 0.2249, 0.0872],0.1896
2465,[-0.8962,-0.3293, 0.3303, 0.0615],[1.0291,0.0437,7.8441,0.5972,0.1066],[-0.8963,-0.328 , 0.3202, 0.0744],0.1146
2467,[-0.8921,-0.3647, 0.3953, 0.0185],[ 0.5172,-1.1951, 2.8733, 0.5435, 0.062 ],[-0.891 ,-0.3655, 0.3907, 0.033 ],0.0501
2500,[-0.9081,-0.0231, 0.0084,-0.0518],[  3.6008,  0.8642,  2.2788,  1.6524,461.0123],[-0.9084,-0.0206, 0.0038,-0.0675],0.4333
2501,[-0.9077,-0.0399, 0.0683,-0.051 ],[-2.6227,-4.5206,42.4968,-3.8221,-2.378 ],[-0.9078,-0.0438, 0.0689,-0.0634],0.4079
2502,[-0.907 , 0.025 ,-0.0673,-0.0764],[  0.1294,122.5409, -1.6019, -0.4118, -0.811 ],[-0.9072, 0.0309,-0.0689,-0.0898],0.4114
2510,[-0.9069, 0.068 ,-0.0404,-0.0553],[-3.6735,-4.4626,-3.1739,-5.531 ,-4.59  ],[-0.9074, 0.0641,-0.0369,-0.0636],0.4112
2512,[-0.9061, 0.0821,-0.0893,-0.065 ],[31.2498, 4.0626, 0.0711, 2.2546, 1.2618],[-0.9064, 0.0829,-0.0864,-0.072 ],0.3746
2514,[-0.9027, 0.151 ,-0.1909,-0.1046],[ 0.3131, 2.7558,-2.9576,-0.0769,-0.7616],[-0.9022, 0.1563,-0.1938,-0.0965],0.2722
2520,[-0.9073,-0.0689, 0.0426,-0.0658],[-5.3676e-02, 1.4412e+02, 1.8764e-01, 4.1288e-01, 7.4143e-01],[-0.9077,-0.0655, 0.0417,-0.072 ],0.4102
2521,[-0.9066,-0.0868, 0.0936,-0.0634],[1.1511e+00,1.3712e-01,5.3907e+02,5.9793e-01,1.2620e+00],[-0.9069,-0.0874, 0.0898,-0.0702],0.373
2523,[-0.8991,-0.1458, 0.1849,-0.0731],[ 2.0194,-1.127 ,23.9667,-0.4555, 0.0566],[-0.8986,-0.1506, 0.1862,-0.0772],0.2643
2532,[-0.8967, 0.1787,-0.1498,-0.0281],[-0.5515,-0.9303,-2.0978,-1.495 ,-0.8036],[-0.8975, 0.1744,-0.1371,-0.0208],0.272
2534,[-0.9017, 0.1977,-0.2145,-0.0535],[ 0.6185,18.4372,-0.577 , 3.6536, 0.4237],[-0.9016, 0.1993,-0.2094,-0.0429],0.2422
2536,[-0.9089, 0.2691,-0.314 ,-0.081 ],[ 0.5062, 7.5339,-0.8962,-1.0091,-0.3654],[-0.9076, 0.274 ,-0.3178,-0.0677],0.1765
2541,[-0.898 ,-0.1769, 0.1429,-0.0426],[ 0.4811,-1.6063, 0.715 ,-0.168 ,-0.6624],[-0.899 ,-0.1719, 0.1292,-0.0422],0.2823
2543,[-0.8965,-0.1936, 0.2066,-0.0705],[ 1.1267,-0.8824,22.9698, 4.7279, 0.583 ],[-0.8965,-0.1949, 0.2019,-0.0648],0.229
2545,[-0.9068,-0.2676, 0.3313,-0.0829],[ 0.1625,-0.9129, 0.29  , 4.8973, 0.0445],[-0.9048,-0.2737, 0.3339,-0.0668],0.16
2556,[-0.9044, 0.2837,-0.3189,-0.0341],[ 0.6033, 4.3855,-0.542 , 3.9111, 0.3815],[-0.9034, 0.2865,-0.3159,-0.0199],0.1577
2563,[-0.908 ,-0.349 , 0.2546,-0.0345],[1.1717,1.1782,1.9098,4.6167,0.3532],[-0.9113,-0.3406, 0.2471,-0.0194],0.1915
2565,[-0.8992,-0.3507, 0.3393,-0.0631],[ 1.0591,-0.1955, 3.0907, 4.3652, 0.2473],[-0.9001,-0.3499, 0.3295,-0.0483],0.1123
2567,[-0.895 ,-0.3603, 0.4035,-0.0566],[-0.1919,-0.8253, 3.4554, 0.8117,-0.0413],[-0.8934,-0.3627, 0.4018,-0.0426],0.0532
2600,[-0.9074,-0.0139, 0.0044,-0.1637],[  0.6384,  2.958 ,  2.4669,  3.0566,125.5624],[-0.9081,-0.0124, 0.0025,-0.1797],0.4316
2601,[-0.9074,-0.0392, 0.0693,-0.1651],[-0.8994,-1.7059,39.7439,-0.6929,-1.0546],[-0.908 ,-0.0438, 0.071 ,-0.1776],0.4076
2602,[-0.9087, 0.0365,-0.0711,-0.1586],[ 0.3269,71.008 ,-1.2646, 1.8965, 0.6647],[-0.9092, 0.0419,-0.0738,-0.171 ],0.4127
2610,[-0.9065, 0.065 ,-0.0467,-0.1854],[-5.4570e-01, 3.4569e-02, 3.5752e+01, 1.4329e+00,-5.8971e-01],[-0.9075, 0.0631,-0.0471,-0.19  ],0.4078
2612,[-0.9066, 0.074 ,-0.0897,-0.1715],[1.9916e+00,1.3460e+02,6.8126e-02,7.6339e+00,1.1963e+00],[-0.9072, 0.0765,-0.0888,-0.1772],0.3802
2614,[-0.9023, 0.1318,-0.1867,-0.1718],[ 5.0012, 3.0149,-2.0212, 2.578 ,-0.4676],[-0.9018, 0.1396,-0.1923,-0.165 ],0.279
2620,[-0.908 ,-0.0657, 0.042 ,-0.1483],[ 0.8835, 6.2667, 0.069 , 2.227 ,16.4394],[-0.9088,-0.0629, 0.0419,-0.1592],0.4161
2621,[-0.9072,-0.0803, 0.0859,-0.1509],[ 2.7582, 0.6675, 4.9343,52.3881, 1.0526],[-0.9078,-0.0813, 0.084 ,-0.1456],0.3826
2623,[-0.8979,-0.1515, 0.1782,-0.1328],[-0.1983,-1.6336, 0.6592, 6.3138,-0.1483],[-0.8979,-0.1551, 0.1778,-0.1281],0.2633
2634,[-0.9045, 0.192 ,-0.2327,-0.1777],[ 2.0527, 2.3014,-0.0734, 9.9823, 0.1595],[-0.9041, 0.1979,-0.234 ,-0.1685],0.2403
2641,[-0.9088,-0.1852, 0.1552,-0.222 ],[ 0.5281, 0.3219, 0.2334, 0.6382,-0.0827],[-0.9104,-0.1816, 0.1445,-0.206 ],0.3157
2643,[-0.9002,-0.2158, 0.2112,-0.1732],[ 1.3189,-0.6748, 1.7714, 6.3558, 1.3378],[-0.9009,-0.2166, 0.2126,-0.1617],0.23
2663,[-0.9025,-0.3636, 0.2506,-0.1366],[ 0.9321, 0.2444, 0.5276, 0.701 ,-0.0561],[-0.9073,-0.3533, 0.2233,-0.1214],0.1832
2665,[-0.9005,-0.3472, 0.3665,-0.1763],[ 0.6685,-0.4796, 2.2196, 3.3926,-0.1924],[-0.9003,-0.3502, 0.3626,-0.1643],0.0971
2667,[-0.8915,-0.3594, 0.4041,-0.186 ],[-0.4853,-0.847 , 6.2545, 1.6505, 0.0395],[-0.8901,-0.3634, 0.4019,-0.1723],0.0444
2700,[-0.9046,-0.0152, 0.0087,-0.3035],[ 1.017 , 0.9978,38.3737, 1.8952, 2.7112],[-0.9059,-0.0139, 0.0038,-0.304 ],0.4213
2701,[-0.9074,-0.0391, 0.067 ,-0.2822],[ 0.5886,-0.7405,12.9421, 1.9952, 0.2534],[-0.9084,-0.0438, 0.0691,-0.289 ],0.4106
2702,[-0.9019, 0.0335,-0.0878,-0.3085],[-6.1226,-5.0857,-7.188 ,-5.5079,-6.7731],[-0.9028, 0.042 ,-0.0944,-0.3037],0.3745
2710,[-0.9037, 0.0666,-0.0483,-0.3161],[ 1.0574, 1.9072,39.2847, 2.6268, 0.4783],[-0.9052, 0.065 ,-0.0492,-0.3089],0.3956
2712,[-0.9039, 0.072 ,-0.0872,-0.3062],[ 0.3326,61.5017, 1.368 , 1.1425, 2.298 ],[-0.905 , 0.0748,-0.0876,-0.2989],0.372
2720,[-0.8941,-0.0635, 0.0451,-0.3113],[-0.7153,-0.6709,-0.5114,-0.2153,-1.0288],[-0.8955,-0.0616, 0.0423,-0.3001],0.3592
2721,[-0.9003,-0.0891, 0.0911,-0.3106],[ 0.7941,-0.4663, 2.7806, 3.4525, 0.0667],[-0.9015,-0.0905, 0.0915,-0.2954],0.3476
2734,[-0.9097, 0.2325,-0.2535,-0.2688],[ 2.182 , 1.2806,-0.3286, 5.9539, 0.2983],[-0.9101, 0.2371,-0.2512,-0.2715],0.2355
2741,[-0.8971,-0.1774, 0.1436,-0.3553],[0.7402,0.7761,0.6734,1.0719,0.25  ],[-0.8992,-0.1749, 0.1378,-0.3391],0.2776
2743,[-0.8985,-0.2271, 0.2163,-0.3057],[ 1.2261,-0.2477, 1.9038, 2.7137, 0.1064],[-0.9   ,-0.2278, 0.2113,-0.2894],0.2225
2765,[-0.9074,-0.2982, 0.3752,-0.3256],[ 0.5837,-0.4347, 2.8445, 1.3404, 0.069 ],[-0.905 ,-0.308 , 0.3839,-0.3133],0.1206
2767,[-0.8998,-0.3298, 0.4039,-0.2876],[ 1.552 ,-1.1788, 1.6845, 5.9974,-0.7037],[-0.8974,-0.3374, 0.4089,-0.2737],0.0727
2800,[-0.9002, 0.0062,-0.0102,-0.45  ],[ 1.5165, 1.6918,48.6278, 2.9173, 0.5456],[-0.9022, 0.0076,-0.0158,-0.4353],0.4085
2801,[-0.8945,-0.0263, 0.0841,-0.4439],[ 0.0487,-1.0459, 2.1924, 2.7214,-0.2498],[-0.8959,-0.0349, 0.0897,-0.4292],0.3497
2802,[-0.8965, 0.0242,-0.0835,-0.4337],[ 0.6297,17.6343,-0.6348, 6.4937,-0.9042],[-0.8979, 0.0335,-0.0902,-0.4208],0.3599
2810,[-0.8997, 0.0712,-0.039 ,-0.4328],[ 2.161 , 0.7688,50.9688, 1.3709, 0.623 ],[-0.9017, 0.0678,-0.0379,-0.4182],0.3838
2812,[-0.8953, 0.0801,-0.0784,-0.4432],[  1.8007,100.1351,  1.3821,  3.7663,  0.5142],[-0.8972, 0.0805,-0.0738,-0.4281],0.3428
2820,[-0.8899,-0.0616, 0.0453,-0.4506],[ 0.0127, 1.4181, 0.1725, 1.5651,-0.2979],[-0.8919,-0.0603, 0.0435,-0.4413],0.3437
2821,[-0.884 ,-0.0782, 0.077 ,-0.4378],[ 1.0429,-0.3158, 1.9481, 3.4531, 0.5799],[-0.8858,-0.0789, 0.0747,-0.4221],0.2961
2823,[-0.8837,-0.1626, 0.1872,-0.4853],[ 0.2364,-0.644 , 1.3557, 0.7103,-0.5457],[-0.8851,-0.1677, 0.1866,-0.4678],0.2065
2841,[-0.8976,-0.1892, 0.1521,-0.393 ],[0.3155,0.6242,0.9453,0.9576,0.6158],[-0.9   ,-0.186 , 0.1418,-0.3775],0.2745
2843,[-0.8894,-0.1986, 0.2109,-0.4445],[ 0.5692,-0.11  , 2.4109, 2.2159,-0.1299],[-0.8907,-0.2024, 0.2091,-0.4298],0.2018
2900,[-0.8921, 0.0238,-0.0066,-0.6255],[  1.9688,  0.7766,163.2116,  3.381 , -0.4481],[-0.8948, 0.0219,-0.0082,-0.6091],0.3757
2901,[-0.8951,-0.0107, 0.0691,-0.6024],[ 0.265 ,-0.5543,34.6991, 0.8635, 0.183 ],[-0.8973,-0.0196, 0.0731,-0.5866],0.3711
2902,[-0.8765, 0.0438,-0.0711,-0.7594],[-6.2339, 7.3804,-7.6798,-2.881 ,-8.1108],[-0.8795, 0.0487,-0.075 ,-0.7455],0.2838
2910,[-0.8923, 0.0698,-0.0368,-0.6502],[  0.8572,  1.1783,  0.5948,314.2072, -1.5621],[-0.8954, 0.0656,-0.0273,-0.6324],0.3623
2912,[-0.8883, 0.0775,-0.0834,-0.6895],[-10.9456, -8.4938,-14.7988, 24.1735,-13.7709],[-0.8912, 0.0799,-0.0819,-0.6718],0.3147
2914,[-0.9103, 0.1398,-0.1693,-0.6127],[ 0.1093,17.8649,-0.8676, 0.7156,-0.2945],[-0.912 , 0.1485,-0.1764,-0.594 ],0.3226
2920,[-0.8821,-0.0651, 0.0444,-0.5921],[-1.0269,-1.1677,-0.0353, 1.5299,-2.1066],[-0.8848,-0.0632, 0.0402,-0.5765],0.314
2921,[-0.8775,-0.0811, 0.0943,-0.6238],[ 0.7397,-0.4213,21.7358, 2.3249, 0.0227],[-0.8799,-0.0842, 0.0947,-0.6099],0.2626
2923,[-0.8801,-0.1424, 0.1843,-0.5746],[ 0.8441,-1.1751, 3.0222, 3.2804,-0.9406],[-0.8813,-0.1501, 0.1895,-0.5583],0.1996
2943,[-0.89  ,-0.1839, 0.2203,-0.5322],[-0.6447,-0.9293, 4.8078, 3.4642,-0.7893],[-0.8908,-0.1914, 0.2244,-0.5166],0.2002
3720,[-0.8595,-0.0603, 0.0479,-0.3599],[-0.4262, 0.1927,-0.7013,-0.7609,-0.0714],[-0.8612,-0.0596, 0.0474,-0.351 ],0.2215
3800,[-0.8615, 0.0308,-0.0528,-0.4736],[ 1.5675, 0.9281,11.1057, 1.9639, 0.6563],[-0.8633, 0.034 ,-0.0575,-0.4568],0.2349
3802,[-0.8651, 0.0375,-0.0636,-0.4408],[ 1.2994, 5.6566,-1.1396, 0.0954, 1.1123],[-0.8668, 0.0414,-0.0691,-0.442 ],0.2404
3810,[-0.8488, 0.0703,-0.0402,-0.4815],[1.2823,0.1573,8.0911,0.4201,0.5393],[-0.8512, 0.0681,-0.0384,-0.499 ],0.1863
3812,[-0.8415, 0.0842,-0.0914,-0.4917],[ 0.9764, 5.6606,-0.1029, 0.539 ,20.6765],[-0.8435, 0.0855,-0.0866,-0.4943],0.1378
3820,[-0.8608,-0.0643, 0.0446,-0.4366],[ 0.2033, 0.7409, 0.1772, 0.7893,-0.2747],[-0.8628,-0.0633, 0.0465,-0.4338],0.2261
3821,[-0.8463,-0.0639, 0.0589,-0.449 ],[ 0.3964,-0.1722, 2.3504, 2.3388, 1.2685],[-0.8483,-0.0641, 0.0585,-0.4343],0.1712
3900,[-0.8384, 0.0028,-0.0323,-0.8925],[38.4944, 2.5462, 4.4855,37.013 , 0.0814],[-0.8422, 0.0062,-0.0354,-0.8808],0.1731
3901,[-0.8477,-0.0298, 0.078 ,-0.7901],[ 0.4218,-2.1892, 1.6117,12.2314,-1.7115],[-0.8507,-0.0358, 0.0822,-0.7731],0.1813
3902,[-0.8499, 0.0314,-0.0676,-0.8488],[ -0.3205,129.527 , -1.5332,  1.4256, -0.6598],[-0.8533, 0.0361,-0.0695,-0.8334],0.1947
3910,[-0.8522, 0.0748,-0.0486,-0.6687],[  2.2212,  0.7034,153.0552,  4.4904,  0.5517],[-0.8554, 0.0735,-0.0491,-0.6716],0.1958
3912,[-0.845 , 0.0791,-0.0909,-0.7115],[ 3.5636e+00, 5.6826e+02,-3.2738e-01, 3.2777e+00, 3.2520e-02],[-0.8479, 0.0813,-0.088 ,-0.7109],0.1544
3920,[-0.8461,-0.0672, 0.051 ,-0.6793],[ 0.3395,11.4886, 0.599 , 3.029 ,-0.119 ],[-0.8492,-0.0668, 0.0509,-0.6704],0.1767
3921,[-0.8466,-0.0678, 0.0666,-0.6786],[ 0.991 ,-0.3509,21.6633, 1.472 , 1.2329],[-0.8495,-0.0688, 0.0657,-0.668 ],0.1717
4800,[-0.8201,-0.0496, 0.054 ,-0.4987],[ 0.2691, 1.3673, 0.9391,-0.0062, 1.0647],[-0.8222,-0.051 , 0.0602,-0.4918],0.0922
4801,[-0.8222,-0.051 , 0.0602,-0.4918],[-0.3778,-0.673 , 0.0612,-0.5161,-0.8461],[-0.8243,-0.053 , 0.0675,-0.5098],0.0955
4802,[-0.8027, 0.0342,-0.0853,-0.4753],[-0.9352, 0.4065,-1.3401,-0.5298, 0.4692],[-0.8043, 0.0386,-0.089 ,-0.4705],0.0366
4812,[-0.8135, 0.0694,-0.1121,-0.4441],[ 0.4269, 1.885 ,-0.5521,-0.1797, 0.9381],[-0.8149, 0.0734,-0.1123,-0.4614],0.0485
4900,[-0.7996,-0.0162, 0.0021,-0.9059],[427.0335,  2.7623,  2.7155,  1.8963,  0.9994],[-0.8036,-0.0148,-0.0031,-0.9113],0.058
4901,[-0.7949,-0.0293, 0.0611,-0.9   ],[-0.2948,-1.0575, 4.6626,-0.2293,-0.4031],[-0.7987,-0.0325, 0.0607,-0.9054],0.0329
4902,[-0.8013, 0.012 ,-0.0768,-0.7217],[-8.2681e-01, 1.8404e+02,-1.0923e+00,-4.7404e-01,-1.7747e-01],[-0.8041, 0.0174,-0.0783,-0.7194],0.0444
4910,[-0.7956, 0.0636,-0.0442,-0.8201],[ 0.2806, 0.1733,51.6012, 0.4417, 1.9518],[-0.7993, 0.0632,-0.0443,-0.8148],0.0277
4911,[-0.7841, 0.0658, 0.0568,-0.8754],[-2.24  ,-2.095 ,-1.2791,-1.2805,-1.8078],[-0.7881, 0.0578, 0.0523,-0.8943],-0.0003
4912,[-0.8104, 0.0643,-0.0828,-0.7281],[  0.7686,110.759 , -0.5605,  1.2427,  2.1098],[-0.8134, 0.0668,-0.0826,-0.7284],0.0558
4920,[-0.799 ,-0.0675, 0.0377,-0.8112],[0.4763,7.6174,0.1513,0.8349,1.9611],[-0.8027,-0.0663, 0.0384,-0.8018],0.0394
4921,[-0.8017,-0.0694, 0.0593,-0.7977],[ 0.3685,-0.5793, 7.9663, 0.7077, 2.5015],[-0.8052,-0.0697, 0.0581,-0.7897],0.0403
4922,[-0.7804,-0.0623,-0.0588,-0.9162],[-1.0086,-1.1924,-1.763 ,-1.3197,-1.4118],[-0.7845,-0.0543,-0.0562,-0.9348],-0.0093
5800,[-0.7333,-0.0468, 0.0555,-0.4912],[ 0.0807,-0.1205, 0.3822,-1.1934, 1.0564],[-0.7355,-0.0475, 0.0521,-0.5056],-0.1137
5801,[-0.7373,-0.0514, 0.0641,-0.4618],[-0.4472,-0.9813,-0.0286,-0.7987, 0.0563],[-0.7393,-0.0525, 0.0649,-0.477 ],-0.1101
5900,[-0.7559,-0.0159, 0.029 ,-0.7996],[ 1.6562e+00, 2.4098e+00, 6.4838e+02,-2.7362e-01, 2.3336e+00],[-0.7595,-0.0168, 0.0267,-0.8118],-0.0544
5901,[-0.7507,-0.0366, 0.0617,-0.7438],[ 2.0365e-02,-1.1935e+00, 4.3399e+01,-1.3421e-01, 1.3674e+00],[-0.7539,-0.0386, 0.0608,-0.7544],-0.0758
5902,[-0.7574, 0.0369,-0.0632,-0.7378],[ 0.1185,21.971 ,-1.0574,-0.1387, 0.3125],[-0.7605, 0.0391,-0.0632,-0.7474],-0.0625
5910,[-0.7558, 0.0672,-0.0277,-0.7733],[ 0.2558,-0.4611, 2.8237,-1.1203,55.2289],[-0.7595, 0.0648,-0.0184,-0.7903],-0.0627
5912,[-0.7453, 0.0705,-0.0697,-0.6913],[-0.046 ,22.7143,-0.8602,-0.1272, 3.4874],[-0.7484, 0.071 ,-0.0651,-0.6998],-0.0951
5920,[-0.7625,-0.0692, 0.0388,-0.8157],[-1.5403,-1.3787,-1.2694,-2.2668,-1.0037],[-0.7663,-0.0677, 0.0335,-0.8227],-0.05
5921,[-0.7488,-0.0754, 0.0774,-0.7767],[ 0.2712,-0.6137,19.2575,-0.2843, 0.3622],[-0.7522,-0.0762, 0.0727,-0.7893],-0.0902
5922,[-0.7742,-0.0753,-0.067 ,-0.8866],[-1.0734,-1.1324,-1.7159,-1.1118,-1.6024],[-0.7783,-0.0664,-0.0606,-0.9067],-0.0285
6700,[-0.6964, 0.015 ,-0.0108,-0.3478],[-0.3872,-0.7089, 1.2388,-1.209 , 4.5297],[-0.698 , 0.0147,-0.0086,-0.3586],-0.1706
6701,[-0.6949,-0.012 , 0.0818,-0.3527],[-1.1215,-2.2523, 0.3057,-2.0824, 0.3544],[-0.6959,-0.0156, 0.088 ,-0.3696],-0.1843
6702,[-0.695 , 0.0263,-0.0636,-0.3363],[-0.5361, 1.4133,-1.2009,-1.8325, 0.6237],[-0.6963, 0.0281,-0.0611,-0.3401],-0.1807
6800,[-7.0041e-01, 7.5323e-03,-5.0113e-04,-4.4705e-01],[-30.1307,-30.7495,-30.349 ,-31.8916,-29.4965],[-0.7024, 0.0071, 0.0012,-0.4569],-0.1618
6801,[-0.6988,-0.0202, 0.0839,-0.4542],[-7.7339,-8.4247,-6.2337,-8.7541,-6.9802],[-0.7003,-0.0236, 0.0868,-0.4635],-0.1777
6802,[-0.6988, 0.03  ,-0.0751,-0.4539],[-7.0462,-6.0706,-7.9581,-8.5093,-5.8903],[-0.7005, 0.0324,-0.0746,-0.4615],-0.1768
6810,[-0.6965, 0.0612,-0.0377,-0.468 ],[-0.4652,-0.8487,-0.6175,-1.5528, 1.252 ],[-0.6987, 0.0603,-0.0342,-0.4643],-0.1778
6812,[-0.712 , 0.0677,-0.0836,-0.4553],[-0.9458,-0.3911,-2.124 ,-2.2352, 0.611 ],[-0.7137, 0.0692,-0.0894,-0.4642],-0.1641
6821,[-0.7013,-0.0766, 0.1374,-0.4501],[-0.6462,-1.4631,-0.4203,-1.7387, 0.2481],[-0.7024,-0.08  , 0.138 ,-0.4588],-0.1932
6900,[-0.7149, 0.0109, 0.0162,-0.6122],[  0.9692,  0.5537,  2.8792, -0.7955,485.5501],[-0.7176, 0.0092, 0.0214,-0.6303],-0.1365
6901,[-0.7131,-0.0314, 0.0774,-0.608 ],[-0.236 ,-1.2505,36.7837,-0.8711, 0.2862],[-0.7155,-0.034 , 0.0759,-0.621 ],-0.1518
6902,[-0.7062, 0.0352,-0.0765,-0.583 ],[ 0.3392,41.4294,-1.2728,-1.2765, 2.85  ],[-0.7086, 0.0375,-0.0725,-0.5973],-0.1635
6910,[-0.7184, 0.0604,-0.0435,-0.677 ],[-0.5554,-1.0506,27.0712,-1.7904, 1.8214],[-0.7216, 0.0602,-0.0463,-0.6874],-0.1405
6912,[-0.7148, 0.071 ,-0.0932,-0.6327],[-0.1222,29.9166,-2.0868,-1.8915, 1.1546],[-0.7173, 0.0726,-0.0895,-0.6448],-0.1585
6921,[-0.7211,-0.0698, 0.0988,-0.672 ],[-1.0748,-2.1834, 1.0574,-1.9204, 1.9015],[-0.7237,-0.0721, 0.0981,-0.6868],-0.149
7422,[-0.6694,-0.1563,-0.1117, 0.0092],[-4.1991,-3.5773,-6.3743,-4.8514,-2.8533],[-0.6701,-0.1455,-0.1181,-0.0064],-0.2456
7442,[-0.6666,-0.1806,-0.0935, 0.0163],[-3.1491,-2.4223,-4.6029,-3.3981,-1.6378],[-0.668 ,-0.1697,-0.1021, 0.0104],-0.2494
7502,[-0.668 ,-0.0357,-0.1213,-0.1155],[-3.549 ,-2.381 ,-5.0806,-4.6867,-2.4687],[-0.6677,-0.0296,-0.114 ,-0.1277],-0.2312
7522,[-0.6711,-0.1301,-0.1256,-0.0765],[-3.4304,-2.5952,-8.1236,-6.5565,-1.8961],[-0.6715,-0.1197,-0.1303,-0.0913],-0.2417
7542,[-0.6638,-0.1971,-0.0795,-0.0111],[-18.6604,-16.3682,-20.6911,-20.0637,-17.0988],[-0.6654,-0.188 ,-0.0874,-0.0185],-0.2531
7600,[-6.7533e-01,-3.2948e-04,-3.0383e-02,-2.2058e-01],[-2.1081,-2.725 ,-2.7545,-3.5834,-0.6521],[-0.6763, 0.0007,-0.0239,-0.2328],-0.2024
7602,[-0.6707,-0.0354,-0.1257,-0.2143],[-22.1442,-20.7467,-24.4754,-23.8894,-21.2287],[-0.6708,-0.0289,-0.1197,-0.2274],-0.2278
7604,[-0.6673,-0.0371,-0.1718,-0.2192],[-16.4264,-14.601 ,-17.4349,-16.4921,-14.7998],[-0.6664,-0.0287,-0.1704,-0.221 ],-0.2409
7622,[-0.6723,-0.0813,-0.143 ,-0.1683],[-6.4818,-4.2267,-9.9437,-8.2573,-4.3715],[-0.6722,-0.072 ,-0.1435,-0.1832],-0.2357
7624,[-0.6698,-0.0671,-0.1713,-0.2001],[-6.9945,-6.4011,-8.892 ,-7.4428,-6.3575],[-0.669 ,-0.0573,-0.1735,-0.2151],-0.2421
7700,[-0.6791, 0.004 ,-0.018 ,-0.3338],[-15.7656,-16.6007,-16.8383,-17.82  ,-15.3166],[-0.6805, 0.0042,-0.0084,-0.346 ],-0.196
7701,[-0.6828,-0.0066, 0.0727,-0.341 ],[-3.1623,-4.5047,-1.6036,-4.1283,-2.616 ],[-0.6839,-0.0097, 0.0733,-0.3529],-0.199
7702,[-0.6732,-0.0105,-0.1052,-0.3049],[-21.4826,-19.909 ,-23.469 ,-23.3095,-20.2206],[-0.6739,-0.0059,-0.0964,-0.3186],-0.2175
7704,[-0.6644, 0.0036,-0.18  ,-0.3114],[-12.786 ,-11.8606,-14.8462,-13.9435,-12.8562],[-0.6635, 0.0109,-0.1788,-0.3183],-0.2445
7712,[-0.6612, 0.0615,-0.1135,-0.3339],[-0.7006, 0.293 ,-2.2985,-1.959 , 0.5496],[-0.6623, 0.0633,-0.0987,-0.3486],-0.241
7800,[-0.6832, 0.0075,-0.0106,-0.4167],[-60.2614,-60.4013,-60.6464,-61.625 ,-59.8449],[-0.685 , 0.0074,-0.0036,-0.428 ],-0.1901
7801,[-0.6859,-0.0093, 0.0935,-0.4374],[-7.3328,-8.2553,-6.2012,-8.3425,-6.9478],[-0.6871,-0.0136, 0.1002,-0.4512],-0.1993
7802,[-0.6799, 0.0182,-0.0848,-0.4185],[-28.2901,-27.4627,-29.7209,-29.7605,-28.0657],[-0.6814, 0.0212,-0.0803,-0.4297],-0.2055
7804,[-0.6638, 0.0295,-0.1699,-0.3781],[-1.9156,-0.4359,-3.3052,-2.2421,-1.8006],[-0.6636, 0.0354,-0.165 ,-0.3956],-0.2445
7810,[-0.6755, 0.0613,-0.0241,-0.4552],[-2.5748,-3.4964,-2.7393,-3.5012,-1.7964],[-0.6778, 0.0597,-0.018 ,-0.4695],-0.208
7812,[-0.6715, 0.0628,-0.0969,-0.4357],[-2.9672,-1.5116,-4.0251,-3.9657,-2.0207],[-0.6731, 0.0641,-0.0832,-0.4444],-0.224
7900,[-0.6848, 0.0321, 0.0008,-0.5208],[-13.3502,-13.5136,-13.2905,-13.7154,-12.8738],[-0.6871, 0.0301, 0.0136,-0.5323],-0.1908
7901,[-6.8670e-01,-2.5075e-04, 9.6383e-02,-5.2946e-01],[-3.7785,-4.6589,-2.2658,-4.1713,-3.3446],[-0.6883,-0.0054, 0.1058,-0.5455],-0.1987
7902,[-0.6867, 0.0381,-0.0874,-0.518 ],[-5.9068,-5.3143,-6.7049,-6.6135,-5.5074],[-0.6886, 0.0406,-0.084 ,-0.5352],-0.1985
7910,[-0.6825, 0.0581,-0.0164,-0.5409],[-1.5377,-3.681 ,-1.6724,-3.8649,-2.0866],[-0.6851, 0.0565,-0.0173,-0.5575],-0.1985
7912,[-0.6816, 0.0606,-0.0861,-0.5295],[-2.4957,-1.1406,-3.9168,-3.9654,-2.1255],[-0.6838, 0.0617,-0.0754,-0.5461],-0.2075
