321,[-0.957 ,-0.108 , 0.1206, 0.1519],[ 1.7727, 2.039 , 2.9437, 5.8222,-0.7493],[-0.9562,-0.1096, 0.1216, 0.1664],0.2219
421,[-0.9601,-0.109 , 0.1026, 0.0613],[ 0.6151, 0.577 , 3.4294, 4.8196,-0.8299],[-0.9598,-0.1071, 0.1042, 0.0766],0.2167
521,[-0.9589,-0.142 , 0.1187,-0.0556],[ 1.0105, 0.1868, 1.6092,11.1391,-0.2863],[-0.9594,-0.1363, 0.1164,-0.0398],0.2016
541,[-0.9557,-0.1703, 0.1243,-0.1181],[-1.356 , 1.2286,-1.5032,-0.7285,-2.3718],[-0.9569,-0.161 , 0.1235,-0.1033],0.1977
1200,[-0.9257,-0.0206, 0.0203, 0.2902],[ 2.6892, 3.036 , 1.8995, 0.7168,51.4329],[-0.9245,-0.0203, 0.0211, 0.28  ],0.4212
1210,[-0.9272, 0.0882,-0.0291, 0.2767],[-0.2093,-1.189 , 4.0713,-0.5016, 0.3855],[-0.9264, 0.0778,-0.0248, 0.2844],0.399
1212,[-0.9267, 0.1505,-0.0972, 0.2663],[ 2.2994, 1.8101, 0.5707, 0.7842,19.1357],[-0.9263, 0.1416,-0.0999, 0.2611],0.3333
1220,[-0.9316,-0.0685, 0.0365, 0.2953],[-0.167 ,45.5783,-0.3326,-0.3685, 3.6798],[-0.9305,-0.0621, 0.0327, 0.3025],0.3788
1221,[-0.9472,-0.0905, 0.0824, 0.281 ],[ 3.8622, 1.534 ,69.0006, 1.6005, 2.0142],[-0.9461,-0.086 , 0.0757, 0.291 ],0.2892
1300,[-0.9161,-0.0256, 0.0324, 0.1384],[  1.113 ,  1.727 ,  1.4799,  1.3464,309.7188],[-0.9155,-0.0268, 0.0355, 0.1337],0.4426
1301,[-0.9159,-0.0472, 0.0654, 0.1381],[ 0.2457,-0.5223,81.229 , 0.911 , 0.5572],[-0.9151,-0.0493, 0.0656, 0.1421],0.4259
1302,[-0.9139, 0.049 ,-0.0659, 0.1391],[ 0.3804,15.7972,-0.8165, 0.7572, 1.0492],[-0.9131, 0.0507,-0.0645, 0.1475],0.4293
1310,[-0.9159, 0.0641,-0.0369, 0.1494],[-6.3046,-7.1923,-5.2725,-6.2066,-7.098 ],[-0.9154, 0.0596,-0.0345, 0.1577],0.4321
1312,[-0.916 , 0.0744,-0.0805, 0.1498],[ 0.746 ,10.3007,-0.2051, 3.4724, 4.5094],[-0.9153, 0.074 ,-0.0761, 0.1512],0.408
1320,[-0.9163,-0.0665, 0.0419, 0.1624],[ 0.9891,89.1944,-0.8738, 0.4276, 0.8952],[-0.9157,-0.0626, 0.0408, 0.1691],0.4298
1321,[-0.9168,-0.0727, 0.0899, 0.1607],[  1.0132,  1.1738,167.9465,  0.5577,  0.7665],[-0.9159,-0.0741, 0.0879, 0.1682],0.3992
1323,[-0.9115,-0.1473, 0.1945, 0.125 ],[ 0.0815,-0.4114,15.6678,-0.2311, 1.3111],[-0.91  ,-0.152 , 0.1968, 0.14  ],0.303
1332,[-0.9281, 0.1799,-0.1483, 0.2236],[-2.6493,-3.4952,-2.4094,-2.7264,-3.342 ],[-0.928 , 0.1706,-0.1272, 0.2357],0.2998
1334,[-0.9305, 0.1987,-0.2105, 0.1686],[ 0.4756,10.8007, 0.1498, 3.3462, 3.0302],[-0.9297, 0.1972,-0.201 , 0.1812],0.2462
1400,[-0.9172,-0.0205, 0.0229, 0.0693],[1.2276e-01,7.0334e+02,1.6725e+00,1.0557e+00,1.9697e+00],[-0.9168,-0.0213, 0.0263, 0.0746],0.4426
1401,[-0.9163,-0.0442, 0.0666, 0.0726],[  0.4258, -0.6457,331.569 ,  0.8251,  0.4852],[-0.9158,-0.0473, 0.0678, 0.0742],0.4275
1402,[-0.9151, 0.0359,-0.0673, 0.0446],[ 8.7242e-01, 9.5743e+01,-3.2638e-01, 8.0703e-01, 6.2207e-02],[-0.9147, 0.0402,-0.0684, 0.0568],0.4303
1410,[-0.9169, 0.0632,-0.0429, 0.0377],[-19.594 ,-19.2651,-17.8076,-19.3782,-19.1449],[-0.9168, 0.0598,-0.0396, 0.0428],0.4361
1411,[-0.9225, 0.0565, 0.0585, 0.0307],[-1.8628,-2.8732,-1.7654,-2.2947,-2.1609],[-0.9223, 0.0386, 0.0625, 0.043 ],0.418
1412,[-0.9161, 0.0725,-0.0775, 0.0387],[-2.7409, 0.9094,-4.385 ,-1.7152, 0.6461],[-0.9159, 0.0727,-0.0749, 0.0414],0.412
1414,[-0.9429, 0.1445,-0.194 , 0.0347],[ 0.4554, 9.1601,-0.4435, 4.2888,-0.2295],[-0.9416, 0.1538,-0.2017, 0.0482],0.2218
1420,[-0.9181,-0.0606, 0.0484, 0.0462],[ 3.9480e-02, 2.1424e+02,-3.4031e-02, 7.4499e-01, 6.3102e-01],[-0.9179,-0.0586, 0.0482, 0.0552],0.4311
1421,[-0.9174,-0.0671, 0.0742, 0.0491],[  3.7162,  0.549 ,261.6679,  1.3682,  0.4877],[-0.9171,-0.0676, 0.0722, 0.0572],0.4145
1423,[-0.9155,-0.136 , 0.1796, 0.0523],[-0.0439,-1.081 , 1.9684,31.7386, 1.1037],[-0.9144,-0.1412, 0.1809, 0.0666],0.3251
1434,[-0.9375, 0.1843,-0.227 , 0.0853],[ 0.7409, 4.737 ,-0.3064, 5.8042, 0.8832],[-0.9361, 0.1898,-0.2294, 0.0996],0.2132
1441,[-0.9193,-0.1824, 0.1452, 0.0356],[ 0.7018, 0.1997,-0.9163, 4.598 ,-0.6885],[-0.92  ,-0.1751, 0.1305, 0.0507],0.3254
1443,[-0.916 ,-0.1854, 0.2197, 0.0355],[ 0.8726, 0.7344,25.6795, 2.0004, 0.5436],[-0.915 ,-0.1885, 0.2193, 0.0502],0.2832
1500,[-0.9176,-0.013 , 0.0074,-0.0563],[  1.3454,  1.3778,  2.1126,168.9395,  1.1221],[-0.9178,-0.0121, 0.0062,-0.0436],0.4452
1501,[-0.9172,-0.0392, 0.0711,-0.0387],[-14.7383,-15.8978,-12.8899,-14.975 ,-14.4699],[-0.9171,-0.0443, 0.0737,-0.0349],0.4231
1502,[-0.9146, 0.0299,-0.0719,-0.0591],[-16.5992,-15.9023,-18.0371,-16.5238,-16.7323],[-0.9146, 0.0363,-0.0747,-0.0507],0.4308
1510,[-0.9177, 0.0641,-0.0426,-0.0609],[-21.2278,-21.7531,-19.9747,-20.3508,-21.1129],[-0.9181, 0.0607,-0.0397,-0.0568],0.4338
1512,[-0.9161, 0.0754,-0.0822,-0.0631],[-11.952 , -9.1089,-12.9596, -8.2343,-11.4267],[-0.9163, 0.0761,-0.0795,-0.0553],0.4099
1514,[-0.924 , 0.1312,-0.1745,-0.0759],[ 0.8404,17.1252,-0.4099, 0.3347,-0.86  ],[-0.9235, 0.1387,-0.1773,-0.062 ],0.3107
1520,[-0.9174,-0.063 , 0.0462,-0.0681],[  0.4269,124.6038, -0.1769,  2.5634,  0.2282],[-0.9178,-0.0607, 0.046 ,-0.0613],0.4314
1521,[-0.917 ,-0.072 , 0.076 ,-0.0642],[ 1.6941, 0.1033,32.9722,30.6755, 0.3695],[-0.9172,-0.0724, 0.0738,-0.0583],0.412
1523,[-0.9164,-0.1397, 0.1876,-0.0582],[ 3.6028,-1.0826, 1.598 ,28.4636,-0.4036],[-0.9156,-0.1466, 0.191 ,-0.0426],0.3178
1532,[-0.9127, 0.171 ,-0.1495,-0.0838],[-1.749 ,-1.9577,-2.4341,-1.4302,-2.7223],[-0.9135, 0.168 ,-0.1423,-0.0791],0.3363
1541,[-0.9398,-0.1721, 0.1523,-0.0739],[-0.5533,-1.1114,-0.733 ,-0.1862,-1.5036],[-0.9405,-0.1683, 0.1465,-0.0586],0.2438
1543,[-0.9187,-0.1924, 0.2002,-0.0735],[ 0.7782, 0.0402, 2.3717,14.1701, 0.4932],[-0.9189,-0.193 , 0.1942,-0.0581],0.2833
1600,[-0.9168,-0.0036, 0.0024,-0.1681],[-34.6797,-34.1459,-35.2009,-34.4578,-36.0926],[-0.9175,-0.0035, 0.002 ,-0.1602],0.4503
1601,[-0.9158,-0.0385, 0.0718,-0.1758],[-12.4727,-13.5898,-11.4445,-10.7568,-12.7296],[-0.9163,-0.0443, 0.0756,-0.1747],0.4245
1602,[-0.9131, 0.0367,-0.072 ,-0.1716],[-3.5754,-2.4666,-6.2083,-2.2502,-5.3643],[-0.9136, 0.0425,-0.0753,-0.1685],0.429
1610,[-0.9176, 0.0644,-0.0419,-0.1709],[-20.9552,-21.1951,-19.8637,-20.0602,-21.7928],[-0.9184, 0.0607,-0.0368,-0.1628],0.4323
1612,[-0.9151, 0.0741,-0.0842,-0.175 ],[-22.5696,-20.6754,-24.0244,-20.2519,-23.4617],[-0.9158, 0.0758,-0.0824,-0.166 ],0.4102
1614,[-0.9167, 0.139 ,-0.1682,-0.1359],[ 0.25  , 3.0901,-0.4568, 1.8003,-0.7176],[-0.9166, 0.1441,-0.1716,-0.121 ],0.3377
1620,[-0.9149,-0.0654, 0.0443,-0.1549],[ 0.3562, 1.6506,-0.8702,70.3707,-0.8527],[-0.9157,-0.0623, 0.0412,-0.1448],0.4357
1621,[-0.9157,-0.0762, 0.0806,-0.1666],[ 0.4762, 0.6054, 5.0834,63.3341,-0.276 ],[-0.9164,-0.0771, 0.0786,-0.155 ],0.4075
1623,[-0.9148,-0.1453, 0.1823,-0.1869],[ 1.1003,-1.5351, 3.5314, 1.8134,-0.6829],[-0.9146,-0.1519, 0.1877,-0.1732],0.3176
1634,[-0.9117, 0.1758,-0.1682,-0.1355],[ 1.0963, 0.4889,-1.1703, 3.1176,-0.6545],[-0.9124, 0.1749,-0.1615,-0.1192],0.3189
1641,[-0.9396,-0.1766, 0.1508,-0.2038],[-1.8292,-2.4822,-1.4965,-1.3047,-2.4356],[-0.941 ,-0.1717, 0.1415,-0.1887],0.2434
1643,[-0.9344,-0.1925, 0.1997,-0.1764],[ 0.2931, 0.4123,20.2453, 2.9155, 0.0706],[-0.9349,-0.1945, 0.1981,-0.1614],0.2307
1700,[-9.1765e-01,-1.1250e-04, 5.2302e-03,-2.7836e-01],[-22.1458,-22.5881,-22.2246,-21.3266,-23.3547],[-0.9188,-0.0013, 0.0079,-0.2706],0.4507
1701,[-0.9169,-0.0417, 0.0789,-0.2888],[-4.4443,-4.8823,-3.0381,-3.2239,-4.8571],[-0.9178,-0.0489, 0.0847,-0.2838],0.4191
1702,[-0.9155, 0.0431,-0.0698,-0.2641],[-4.1305,-3.8159,-5.0389,-3.829 ,-5.1113],[-0.9164, 0.0483,-0.0739,-0.2597],0.4246
1710,[-0.9169, 0.0644,-0.0456,-0.2823],[-7.4161,-7.2716,-7.2498,-6.5961,-7.8494],[-0.9182, 0.0619,-0.0425,-0.2733],0.4309
1712,[-0.9165, 0.0834,-0.0872,-0.2766],[-22.3626,-21.5749,-23.2411,-21.175 ,-22.871 ],[-0.9176, 0.0847,-0.0854,-0.2686],0.3994
1720,[-0.9166,-0.061 , 0.047 ,-0.2814],[-1.7889,-1.3709,-1.8113,-0.8748,-2.129 ],[-0.9179,-0.0588, 0.042 ,-0.2702],0.4319
1721,[-0.9174,-0.0843, 0.1104,-0.2915],[-10.3891,-11.7656,-10.1159, -9.8415,-11.4909],[-0.9182,-0.0896, 0.113 ,-0.2781],0.3808
1723,[-0.9238,-0.1495, 0.1717,-0.3042],[ 0.7767,-0.1958,15.0473, 2.0431,-0.3147],[-0.9245,-0.1549, 0.1715,-0.2887],0.2978
1741,[-0.9314,-0.1744, 0.1599,-0.2552],[-0.8626,-1.2407, 0.0701, 0.469 ,-1.7975],[-0.9329,-0.1723, 0.1484,-0.241 ],0.2703
1743,[-0.9368,-0.1937, 0.1916,-0.308 ],[ 0.7384,-0.0758, 2.1249,40.8069,-0.4153],[-0.9381,-0.1961, 0.1896,-0.2909],0.2216
1800,[-0.9162,-0.0055, 0.0373,-0.396 ],[-1.8311,-1.564 ,-1.3174,-0.2895,-3.6701],[-0.9178,-0.0111, 0.0398,-0.3851],0.4527
1801,[-0.9141,-0.0356, 0.0809,-0.4083],[-0.0836,-1.3152, 2.3446, 2.6634,-1.8377],[-0.9154,-0.044 , 0.0861,-0.3946],0.4248
1821,[-0.9195,-0.0888, 0.1299,-0.4289],[ 0.6009, 0.2498, 1.8959,25.7403,-0.2498],[-0.9206,-0.0982, 0.1378,-0.4119],0.3564
1823,[-0.9284,-0.1445, 0.1781,-0.4305],[ 0.6337, 0.0964, 1.6851,37.2003,-0.4327],[-0.9293,-0.1539, 0.1838,-0.4128],0.2758
1843,[-0.9332,-0.179 , 0.1987,-0.4033],[ 0.2348, 0.0834, 0.5675,51.376 ,-1.0166],[-0.9342,-0.1862, 0.2003,-0.3856],0.2349
1901,[-0.915 ,-0.0359, 0.0883,-0.5657],[ 8.9072e-01, 5.5847e-02, 5.9133e+01, 2.4334e-03,-1.2220e+00],[-0.9169,-0.0463, 0.0947,-0.5503],0.4193
1921,[-0.9223,-0.0843, 0.1268,-0.5412],[-7.3012,-8.2865,-7.2534,-7.2703,-9.9067],[-0.9238,-0.0951, 0.1365,-0.5243],0.3488
2200,[-0.8994,-0.0046,-0.0012, 0.2672],[-25.9935,-25.9809,-25.9895,-26.4555,-25.5969],[-0.8983,-0.0035,-0.004 , 0.2639],0.3753
2202,[-0.8871, 0.0528,-0.0577, 0.3077],[-6.1105,-5.6412,-7.1688,-6.3883,-5.749 ],[-0.8857, 0.0527,-0.0574, 0.3008],0.314
2210,[-0.8969, 0.0582,-0.0447, 0.2588],[-2.8518,-3.4321,-2.1548,-3.9493,-2.6874],[-0.8958, 0.056 ,-0.0429, 0.2715],0.3614
2220,[-0.9095,-0.0751, 0.042 , 0.2579],[-4.3511,-4.2544,-5.1556,-4.9038,-3.5961],[-0.9086,-0.071 , 0.0478, 0.2554],0.4083
2221,[-0.9063,-0.09  , 0.0839, 0.2568],[-7.7711,-9.2754,-8.2069,-9.0737,-7.7729],[-0.9054,-0.0871, 0.0726, 0.2516],0.3744
2300,[-0.9074,-0.0359, 0.0313, 0.1522],[-84.7516,-84.2439,-84.6185,-85.3454,-83.1891],[-0.9068,-0.035 , 0.0301, 0.145 ],0.4175
2301,[-0.9085,-0.0471, 0.0694, 0.146 ],[-31.1985,-31.9278,-29.7338,-31.5488,-29.8175],[-0.9077,-0.0497, 0.07  , 0.1439],0.4043
2302,[-0.9057, 0.0458,-0.0702, 0.1481],[-21.7229,-21.2608,-22.9242,-22.3757,-21.2231],[-0.9048, 0.0485,-0.0714, 0.145 ],0.3916
2310,[-0.9067, 0.066 ,-0.0377, 0.1423],[-10.8205,-12.0228,-10.6566,-12.037 ,-10.1485],[-0.9063, 0.0608,-0.0274, 0.1371],0.4117
2312,[-0.9064, 0.0725,-0.0832, 0.1432],[-7.4626,-7.8478,-9.2147,-9.4018,-5.805 ],[-0.9057, 0.0729,-0.0791, 0.1404],0.3797
2320,[-0.9073,-0.0632, 0.0419, 0.1719],[-18.3992,-16.93  ,-18.1339,-18.3134,-17.3615],[-0.9067,-0.0596, 0.0376, 0.1668],0.4098
2321,[-0.907 ,-0.0754, 0.0944, 0.1629],[-44.7898,-46.5663,-43.7137,-45.4523,-43.424 ],[-0.9061,-0.077 , 0.0928, 0.1561],0.373
2323,[-0.9053,-0.1538, 0.1865, 0.1521],[-2.0572,-4.1042, 0.1873,-2.6968,-0.7939],[-0.9041,-0.156 , 0.1833, 0.1511],0.2843
2343,[-0.8975,-0.1906, 0.226 , 0.1456],[ 3.0977,-0.9152, 4.726 ,-0.1497,12.431 ],[-0.8963,-0.1926, 0.2221, 0.1377],0.2196
2400,[-0.9081,-0.0293, 0.0244, 0.0606],[  3.8401, 12.9421,  4.3015, -0.36  ,314.6975],[-0.9079,-0.0284, 0.0232, 0.047 ],0.4258
2401,[-0.9087,-0.0437, 0.0689, 0.0597],[ -0.5848, -0.739 ,100.6295, -0.3865,  0.5495],[-0.9083,-0.0469, 0.0693, 0.0495],0.4082
2402,[-0.9083, 0.0403,-0.0704, 0.0611],[-12.9007,-11.7409,-14.1854,-13.7375,-11.5238],[-0.9078, 0.0442,-0.072 , 0.0577],0.4061
2410,[-0.906 , 0.067 ,-0.0383, 0.0692],[-13.9867,-14.5847,-12.9475,-14.3492,-13.1141],[-0.9059, 0.0623,-0.0312, 0.0624],0.4073
2412,[-0.9068, 0.0801,-0.0922, 0.0633],[ 0.8068,30.493 , 0.7667, 0.5246, 5.2399],[-0.9065, 0.0809,-0.0883, 0.0602],0.3749
2414,[-0.9045, 0.1338,-0.1693, 0.07  ],[-0.4789, 2.0248,-3.5109,-1.8011, 0.065 ],[-0.9036, 0.1372,-0.1688, 0.0798],0.2978
2420,[-0.906 ,-0.0666, 0.0398, 0.0512],[-4.6199,-5.5502,-6.5244,-6.7342,-4.7352],[-0.906 ,-0.0624, 0.0338, 0.0396],0.4069
2421,[-0.9055,-0.0783, 0.0942, 0.0596],[ 0.6864, 0.4243, 5.9613, 0.094 ,82.9997],[-0.9052,-0.0798, 0.0921, 0.0463],0.3681
2423,[-0.9086,-0.1415, 0.1857, 0.0781],[-0.7564,-4.3833, 0.5394,-2.4297,-1.2963],[-0.9074,-0.1462, 0.1867, 0.0811],0.3004
2441,[-0.9042,-0.1773, 0.1445, 0.0532],[ 0.4945,-0.1788,-0.1435, 0.9335,12.1619],[-0.9049,-0.1712, 0.1272, 0.0442],0.3075
2443,[-0.9035,-0.1955, 0.2052, 0.0537],[ 0.5556,-0.5218,44.6725, 1.5521, 0.9259],[-0.9033,-0.1951, 0.1968, 0.0539],0.2565
2500,[-0.9081,-0.0237, 0.0109,-0.0521],[  2.7869,  3.4719,  4.1019,  1.1934,385.3074],[-0.9084,-0.0215, 0.0068,-0.0677],0.4319
2501,[-0.9075,-0.0422, 0.0672,-0.0498],[ 3.4991e-01,-1.0777e+00, 1.3785e+02,-8.0761e-01,-1.0830e-01],[-0.9077,-0.0456, 0.0675,-0.0626],0.407
2502,[-0.9075, 0.0249,-0.0666,-0.0785],[-1.8825,48.9299,-2.165 ,-1.4101,-1.1916],[-0.9077, 0.0308,-0.0681,-0.0923],0.4139
2510,[-0.9069, 0.0623,-0.0469,-0.0681],[ 3.9183, 0.8552,36.38  ,-0.5929,-0.1694],[-0.9073, 0.0605,-0.047 ,-0.0733],0.4077
2511,[-0.8993, 0.0589, 0.0588,-0.0224],[-2.1121,-2.4935,-2.1285,-2.1918,-1.9469],[-0.8995, 0.0448, 0.0576,-0.0365],0.3757
2512,[-0.9069, 0.0744,-0.085 ,-0.0618],[ 0.7521,98.9471, 0.2694, 1.2489, 0.4297],[-0.9071, 0.0757,-0.0827,-0.0697],0.3829
2520,[-0.9065,-0.0679, 0.0452,-0.0757],[ 7.3999e-01, 1.4857e+02,-2.1637e-03, 1.6005e+00, 1.0847e+00],[-0.9071,-0.0652, 0.045 ,-0.0862],0.4058
2521,[-0.9066,-0.0824, 0.0936,-0.0649],[4.8975e-01,4.4158e-01,4.9769e+02,2.5609e+00,1.8961e-01],[-0.9069,-0.0837, 0.0908,-0.0746],0.3741
2523,[-0.8989,-0.1465, 0.1806,-0.0637],[ 0.0639,-2.6559,12.9428, 0.608 , 0.2567],[-0.8985,-0.1505, 0.1797,-0.0753],0.267
2532,[-0.9106, 0.1745,-0.1614,-0.106 ],[-0.1111, 0.6646,-1.1617,-0.2883, 0.6303],[-0.9114, 0.1725,-0.1527,-0.0904],0.3203
2534,[-0.9099, 0.1799,-0.1723,-0.1097],[ 2.2112,22.0736, 0.0302, 0.286 ,-0.1626],[-0.9106, 0.1788,-0.165 ,-0.0935],0.3078
2541,[-0.9048,-0.1793, 0.1286,-0.0226],[ 0.5129,-0.4334, 1.3512, 0.3056, 1.9976],[-0.9059,-0.1729, 0.1225,-0.027 ],0.3123
2543,[-0.9089,-0.1797, 0.2036,-0.0443],[16.6726,-0.449 , 7.3001, 2.1434,-0.2089],[-0.9085,-0.1824, 0.2013,-0.0334],0.2804
2600,[-0.9075,-0.0081, 0.0046,-0.1694],[110.2066,  3.2634,  3.2082,  5.235 ,  1.172 ],[-0.9082,-0.0075, 0.0034,-0.1797],0.4327
2601,[-0.908 ,-0.0399, 0.0716,-0.1622],[ 0.0727,-2.3726,27.0516,-1.4462,-2.0573],[-0.9085,-0.0448, 0.0741,-0.1704],0.4081
2602,[-0.9089, 0.0366,-0.0694,-0.1584],[-1.0464e-02, 5.8113e+01,-1.1874e+00, 1.6033e+00,-2.1713e-01],[-0.9094, 0.0417,-0.072 ,-0.171 ],0.4147
2610,[-0.9055, 0.0629,-0.0495,-0.1849],[ 0.6424, 0.6915,67.3066, 0.5056, 0.3212],[-0.9064, 0.0616,-0.0495,-0.1812],0.4026
2612,[-0.9072, 0.0754,-0.0862,-0.1768],[  1.2754,134.2932,  0.4341,  2.8377,  0.4407],[-0.9078, 0.0772,-0.0845,-0.1815],0.3846
2614,[-0.9067, 0.1625,-0.1765,-0.2296],[ 1.8701, 7.834 ,-1.1798, 0.2874,-0.4448],[-0.9072, 0.1659,-0.1789,-0.2135],0.2936
2620,[-0.9081,-0.0671, 0.0467,-0.1584],[  0.348 ,182.9717,  0.2076,  0.824 ,  1.0004],[-0.909 ,-0.0649, 0.0469,-0.1655],0.4135
2621,[-0.9075,-0.0826, 0.0866,-0.1619],[  2.5091,  1.0197,187.6132,  2.2341,  1.0488],[-0.9082,-0.0832, 0.0828,-0.1665],0.3841
2623,[-0.9023,-0.1538, 0.1764,-0.1604],[ 0.3677,-1.162 , 7.5502,-0.5   , 0.107 ],[-0.9026,-0.1573, 0.1746,-0.1679],0.282
2634,[-0.9088, 0.1732,-0.1788,-0.1722],[0.3081,2.352 ,0.0374,9.694 ,0.1739],[-0.9093, 0.1747,-0.1765,-0.1563],0.2991
2641,[-0.9084,-0.1672, 0.1621,-0.2022],[ 0.0155,-0.3465, 0.6622, 9.609 , 0.0972],[-0.9095,-0.1669, 0.1536,-0.1966],0.3147
2700,[-0.901 , 0.0353,-0.0218,-0.3055],[ 2.3628,13.611 , 4.2876, 3.4583, 1.4361],[-0.9023, 0.0334,-0.0181,-0.2935],0.4084
2701,[-0.9038,-0.0365, 0.0794,-0.3326],[-2.5314,-3.5371,-0.0314,-0.5561,-3.1448],[-0.9049,-0.0435, 0.084 ,-0.3184],0.3877
2702,[-0.9074, 0.044 ,-0.0747,-0.2624],[-0.6701, 0.0381,-1.9859, 1.0744,-1.3387],[-0.9083, 0.0493,-0.0781,-0.2707],0.4033
2710,[-0.9005, 0.065 ,-0.0493,-0.301 ],[ 0.1892, 0.461 , 2.7787, 3.435 ,-0.0964],[-0.9019, 0.0634,-0.0477,-0.287 ],0.3825
2712,[-0.9008, 0.0837,-0.0816,-0.3178],[ 0.6943,19.7818, 0.1694, 6.591 , 1.557 ],[-0.9022, 0.0842,-0.08  ,-0.3038],0.3587
2714,[-0.9043, 0.1466,-0.17  ,-0.2934],[ 0.4062, 0.9689,-1.2629, 1.8169,-0.0518],[-0.905 , 0.1513,-0.1718,-0.2775],0.2953
2720,[-0.9077,-0.0671, 0.0311,-0.3141],[ 0.6894, 1.6818,-0.2532, 2.8478,-0.8693],[-0.9092,-0.0629, 0.0311,-0.3063],0.4233
2721,[-0.9075,-0.0725, 0.1082,-0.2977],[ 0.8957,-0.0117, 4.4166, 5.7922, 0.5544],[-0.9083,-0.0788, 0.1126,-0.2833],0.372
2800,[-0.8924, 0.0339, 0.0135,-0.4493],[ 2.0097, 1.1455, 2.2658,15.5978, 0.7327],[-0.8943, 0.0272, 0.0211,-0.4316],0.3694
2801,[-0.9008,-0.0124, 0.0708,-0.4203],[ 0.591 , 0.3446,14.8691, 0.435 , 0.6549],[-0.9022,-0.021 , 0.0743,-0.4044],0.3907
2810,[-0.8843, 0.0637,-0.0448,-0.4528],[ 1.1613, 0.5603,14.1792, 1.5396, 1.3022],[-0.8864, 0.0623,-0.0444,-0.4372],0.3187
2812,[-0.8906, 0.0767,-0.0759,-0.4354],[ 3.9882, 9.5001, 1.3143,11.6216, 1.0513],[-0.8924, 0.078 ,-0.0777,-0.418 ],0.3217
2820,[-0.9047,-0.0785, 0.0495,-0.3878],[1.261 ,7.441 ,0.338 ,1.4743,0.4543],[-0.9066,-0.0741, 0.0386,-0.3735],0.4027
2821,[-0.8985,-0.0806, 0.0845,-0.4356],[ 1.4979, 0.8969,25.4336, 2.9232, 0.8328],[-0.9003,-0.0823, 0.0831,-0.4204],0.3505
2900,[-0.8908, 0.0385, 0.0153,-0.5476],[ 1.4042, 0.3475, 0.5236,68.0059,-0.1937],[-0.8932, 0.0302, 0.0294,-0.5292],0.3658
2901,[-9.0137e-01, 3.8790e-04, 7.1297e-02,-5.6960e-01],[-2.9385e-01,-4.2350e-01, 1.1095e+02, 3.3231e-01,-2.2992e-02],[-0.9034,-0.0106, 0.0758,-0.5523],0.3982
2910,[-0.877 , 0.0684,-0.0401,-0.5921],[  1.3629, -0.3773,  5.5261,176.4571, -0.5185],[-0.8798, 0.0655,-0.0342,-0.5756],0.2945
2912,[-0.8763, 0.0722,-0.0634,-0.5823],[  1.1604,  6.056 , -2.4237,324.4691, -1.9476],[-0.8789, 0.0725,-0.0639,-0.5661],0.276
2920,[-0.8689,-0.0627, 0.0374,-0.6819],[-3.9976,-4.4595,-4.3476,-4.0422,-4.8551],[-0.872 ,-0.0603, 0.0314,-0.667 ],0.2673
2921,[-0.8791,-0.073 , 0.0788,-0.5862],[ 5.5276,-1.0117, 2.943 ,14.3487,-0.8369],[-0.8814,-0.0751, 0.0804,-0.5678],0.2781
3710,[-0.8447, 0.0656,-0.0313,-0.3425],[-0.9841,-1.2726,-0.4827,-1.3615,-1.0271],[-0.8465, 0.0626,-0.0265,-0.3449],0.1766
3800,[-0.8588, 0.0427,-0.0127,-0.427 ],[ 1.4014, 3.3217,10.8742, 1.3699, 1.5823],[-0.8609, 0.04  ,-0.0115,-0.4395],0.2415
3810,[-0.8489, 0.0682,-0.0506,-0.4906],[1.5732,0.3886,1.804 ,2.2595,0.9494],[-0.8511, 0.0675,-0.0509,-0.4879],0.184
3812,[-0.8386, 0.072 ,-0.0583,-0.4446],[ 3.926 , 4.5825,-0.2757, 1.2635, 0.1654],[-0.8406, 0.0715,-0.0571,-0.4308],0.1443
3900,[-0.8279, 0.0308, 0.0292,-0.8226],[ 1.4297,50.8119, 1.5638,49.9186, 0.5782],[-0.8315, 0.0246, 0.0414,-0.8413],0.1353
3901,[-0.8506,-0.0185, 0.0763,-0.7703],[-2.4857,-3.2469,-0.5704,-2.0117,-3.5478],[-0.8535,-0.0252, 0.08  ,-0.7525],0.1942
3902,[-0.8313, 0.041 ,-0.0862,-0.934 ],[ -1.1989,  2.2022, -2.9957,207.5446, -2.4835],[-0.8349, 0.0466,-0.0902,-0.924 ],0.1227
3910,[-0.847 , 0.0711,-0.0498,-0.6463],[ 0.7882, 1.0588,71.9601, 0.655 , 0.1489],[-0.85  , 0.0704,-0.0512,-0.6399],0.1778
3912,[-0.8434, 0.0759,-0.07  ,-0.668 ],[ 1.0254e+00, 5.0363e+02,-4.2899e-01, 4.6728e+00, 5.4021e-01],[-0.8464, 0.0763,-0.0673,-0.6607],0.1583
3920,[-0.85  ,-0.0669, 0.051 ,-0.7527],[1.6181,7.4691,0.4486,2.396 ,0.2962],[-0.8533,-0.0666, 0.0511,-0.7389],0.1909
3921,[-0.84  ,-0.0678, 0.059 ,-0.7846],[ 0.4316,-0.1053,12.1169, 1.4617, 1.1934],[-0.8434,-0.0681, 0.0577,-0.7704],0.1544
4810,[-0.8209, 0.0841,-0.0366,-0.4951],[ 0.3116, 0.3834, 0.2925,-0.1769, 0.2066],[-0.8233, 0.0817,-0.0432,-0.4885],0.0912
4812,[-0.812 , 0.0651,-0.0632,-0.4864],[ 0.6303, 1.0828,-0.543 ,-0.3197, 1.5879],[-0.8141, 0.066 ,-0.0677,-0.4908],0.062
4900,[-0.7995,-0.0028,-0.0332,-0.7678],[  2.0112,  2.447 ,  5.1946,  2.2927,427.2459],[-8.0292e-01,-1.0785e-06,-3.4445e-02,-7.8360e-01],0.0498
4901,[-0.7888,-0.048 , 0.0718,-1.0194],[ 4.6135,-1.7199, 4.292 , 0.5039,-1.3097],[-0.793 ,-0.0508, 0.0707,-1.0149],0.0093
4902,[-0.7921, 0.0386,-0.0761,-0.8643],[ -0.3244,189.9606, -0.913 , -0.7136, -0.5224],[-0.7955, 0.0423,-0.0774,-0.8514],0.0165
4910,[-0.8077, 0.0644,-0.0499,-0.7451],[ 0.8963,-0.1517,11.8406, 0.4309, 0.9205],[-0.8111, 0.0643,-0.0513,-0.7331],0.0595
4912,[-0.8028, 0.069 ,-0.0796,-0.7793],[ 2.2945,28.2603,-0.691 , 0.3073, 3.4115],[-0.806 , 0.0708,-0.0782,-0.7661],0.036
4920,[-0.7979,-0.0665, 0.0356,-0.884 ],[1.2757,4.1009,0.4396,1.6384,5.8368],[-0.8019,-0.0652, 0.0351,-0.88  ],0.0361
4921,[-0.8035,-0.0645, 0.0595,-0.9212],[ 0.6912,-0.0732,11.3006, 0.7295, 1.0783],[-0.8075,-0.0651, 0.0576,-0.912 ],0.0478
5900,[-0.7487, 0.012 ,-0.0296,-0.8163],[ 1.9563e+00, 1.1892e+00, 7.6615e+02,-1.9202e-01, 3.1708e+00],[-0.7523, 0.0137,-0.0349,-0.8312],-0.0711
5901,[-0.7472,-0.0372, 0.0632,-0.7943],[ 0.0745,-0.918 ,52.5819,-0.121 , 1.6394],[-0.7505,-0.0394, 0.0626,-0.8054],-0.0835
5902,[-0.7599, 0.0381,-0.0676,-0.8634],[-12.6644,-10.9486,-12.6116,-13.0977,-12.3466],[-0.7634, 0.0409,-0.0696,-0.8714],-0.0578
5910,[-0.7519, 0.0677,-0.0451,-0.8288],[ 0.8026,-1.6108, 1.382 ,-2.0075, 1.6817],[-0.7557, 0.0673,-0.0468,-0.8394],-0.0751
5912,[-0.7685, 0.0637,-0.0752,-0.8642],[-2.0978,-1.8542,-2.7173,-2.6158,-1.3529],[-0.7721, 0.0656,-0.0761,-0.8657],-0.0458
5920,[-0.7627,-0.0718, 0.0348,-0.7646],[-0.5594, 0.822 ,-1.2814,-1.1714, 0.9907],[-0.7664,-0.0699, 0.0301,-0.779 ],-0.0489
5921,[-0.7471,-0.0797, 0.0799,-0.7594],[ 4.1414e-01,-3.9907e-03, 2.1026e+01,-4.0080e-01, 4.9351e-01],[-0.7505,-0.0803, 0.074 ,-0.7649],-0.0949
6700,[-0.6916,-0.0038,-0.004 ,-0.3485],[-0.283 ,-0.5556, 0.5742,-1.2931, 3.4897],[-0.6932,-0.0032,-0.0088,-0.3625],-0.1738
6800,[-0.6942, 0.0015, 0.0048,-0.4648],[-33.163 ,-33.2657,-33.0196,-34.4891,-32.2104],[-0.6963, 0.0012, 0.0036,-0.4794],-0.1711
6801,[-0.6935,-0.011 , 0.0731,-0.4684],[ -9.0131, -9.6384, -7.1316,-10.014 , -7.8793],[-0.6953,-0.014 , 0.0706,-0.4811],-0.1816
6802,[-0.6947, 0.0263,-0.0868,-0.4657],[-6.8386,-5.516 ,-7.7665,-8.3135,-5.9702],[-0.6962, 0.0295,-0.0881,-0.4706],-0.1855
6900,[-0.7122, 0.0049,-0.0161,-0.6233],[ 2.3399e-01, 5.4629e-02, 1.4869e+00,-5.0382e-02, 4.6633e+02],[-0.715 , 0.0057,-0.0192,-0.6416],-0.141
6901,[-0.7055,-0.0258, 0.0746,-0.5732],[-1.0382e+00,-1.3441e+00, 3.2344e+01,-1.0568e+00, 1.4772e-02],[-0.7078,-0.0283, 0.0698,-0.5862],-0.163
6902,[-0.717 , 0.0264,-0.0639,-0.6533],[ 0.0723,41.5556,-1.1974,-1.0864, 1.8347],[-0.7197, 0.0287,-0.0638,-0.6691],-0.1415
6910,[-0.7099, 0.0646,-0.0371,-0.6353],[ 3.3622,-2.4825, 1.4401,-2.2711, 7.6705],[-0.7129, 0.0636,-0.0359,-0.6489],-0.1543
6912,[-0.7105, 0.0713,-0.0921,-0.6633],[-1.1644,21.7208,-1.8565,-1.698 , 2.349 ],[-0.7132, 0.0728,-0.0872,-0.675 ],-0.1648
6921,[-0.7176,-0.0712, 0.1055,-0.6882],[ 0.0409,-2.4384, 1.4691,-1.2272, 2.1248],[-0.7202,-0.0738, 0.105 ,-0.7   ],-0.1566
7422,[-0.67  ,-0.1449,-0.1184, 0.0186],[-4.4287,-3.5889,-6.3014,-5.4534,-3.1009],[-0.6703,-0.1343,-0.1238, 0.0107],-0.2445
7442,[-0.6676,-0.1756,-0.0986, 0.0051],[-2.9034,-2.5004,-4.6742,-3.496 ,-1.5082],[-0.6688,-0.1646,-0.1066, 0.0098],-0.2483
7502,[-0.6688,-0.0538,-0.1304,-0.12  ],[-3.1703,-2.1317,-5.1053,-4.3925,-2.4052],[-0.6685,-0.0465,-0.1262,-0.1346],-0.2344
7522,[-0.6711,-0.1288,-0.1257,-0.075 ],[-3.9795,-2.7199,-8.51  ,-6.7844,-2.0179],[-0.6715,-0.1185,-0.1303,-0.0897],-0.2416
7542,[-0.6638,-0.1967,-0.0796,-0.0102],[-19.4482,-17.0909,-21.5628,-20.8635,-17.5635],[-0.6654,-0.1875,-0.0875,-0.0173],-0.253
7600,[-6.7394e-01,-4.5934e-04,-4.4953e-02,-2.4045e-01],[-2.1719,-3.1684,-3.0146,-3.8455,-1.069 ],[-0.675 , 0.0011,-0.0345,-0.2562],-0.2057
7602,[-0.6707,-0.038 ,-0.1267,-0.2154],[-21.7598,-20.4529,-24.0247,-23.3543,-20.8246],[-0.6708,-0.0314,-0.121 ,-0.2299],-0.2283
7604,[-0.6688,-0.047 ,-0.169 ,-0.2278],[-16.019 ,-14.3216,-17.2821,-15.9861,-15.5464],[-0.668 ,-0.0381,-0.1684,-0.243 ],-0.2399
7622,[-0.6723,-0.0804,-0.1427,-0.1686],[ -7.1253, -5.2975,-11.0185, -9.7498, -5.6829],[-0.6722,-0.0712,-0.1431,-0.1838],-0.2356
7624,[-0.67  ,-0.0626,-0.1684,-0.1932],[-7.1455,-6.5554,-9.0139,-7.6993,-6.8057],[-0.6691,-0.0532,-0.1696,-0.2038],-0.2408
7700,[-6.7801e-01,-3.2266e-04,-2.0089e-02,-3.3750e-01],[-17.293 ,-17.7627,-17.8699,-18.997 ,-16.3361],[-6.7953e-01, 7.1190e-05,-8.4009e-03,-3.5269e-01],-0.1965
7701,[-0.6818,-0.011 , 0.0643,-0.3475],[-3.4777,-4.6229,-2.1867,-4.4306,-3.3217],[-0.683 ,-0.0137, 0.069 ,-0.3484],-0.2003
7702,[-0.673 ,-0.0124,-0.1051,-0.3048],[-21.0195,-19.1815,-23.385 ,-23.0928,-19.8858],[-0.6737,-0.0077,-0.0957,-0.3196],-0.2175
7704,[-0.6665,-0.0226,-0.171 ,-0.2806],[-13.3738,-12.3645,-15.3176,-14.3035,-13.5858],[-0.6659,-0.0147,-0.1683,-0.2957],-0.2393
7800,[-0.6836, 0.0052,-0.0049,-0.4211],[-61.8225,-62.1566,-62.227 ,-63.1273,-61.3125],[-0.6855, 0.0048, 0.0032,-0.4354],-0.1878
7801,[-0.6848,-0.007 , 0.0752,-0.4354],[-7.4126,-8.5682,-6.8291,-7.9306,-7.3732],[-0.6863,-0.0101, 0.0723,-0.4503],-0.1956
7802,[-0.6765, 0.0185,-0.087 ,-0.4106],[-27.7852,-26.2126,-29.0498,-28.9721,-27.3214],[-0.6779, 0.0213,-0.0773,-0.4241],-0.2102
7810,[-0.6876, 0.0635,-0.0552,-0.4994],[-2.4813,-3.0552,-2.3879,-3.2575,-1.4299],[-0.69  , 0.0628,-0.0401,-0.5165],-0.1929
7812,[-0.6808, 0.0602,-0.0863,-0.4546],[-2.2463,-1.9486,-3.983 ,-4.0284,-1.6038],[-0.6827, 0.0615,-0.0792,-0.4715],-0.2098
7900,[-0.6859, 0.0226, 0.0104,-0.5193],[-13.1801,-13.4504,-13.2955,-13.5924,-12.8578],[-0.6882, 0.0211, 0.0122,-0.5353],-0.1861
7901,[-0.6879,-0.0096, 0.1052,-0.5108],[-3.6461,-4.8363,-3.1055,-4.1802,-3.9886],[-0.6895,-0.0139, 0.0963,-0.5245],-0.1949
7902,[-0.6809, 0.0454,-0.1001,-0.5189],[-5.4557,-4.6849,-5.9791,-6.0604,-5.077 ],[-0.6826, 0.0484,-0.1017,-0.5304],-0.2113
7910,[-0.6857, 0.0575,-0.038 ,-0.5593],[-2.8717,-3.9612,-2.1469,-3.9521,-1.8423],[-0.6884, 0.0572,-0.0423,-0.5774],-0.1949
7912,[-0.6833, 0.0619,-0.0996,-0.5564],[-2.1001,-1.3861,-4.4101,-3.9664,-1.4677],[-0.6855, 0.0637,-0.0891,-0.5695],-0.2077
