200,[-0.9559,-0.005 , 0.035 , 0.262 ],[ 0.6074, 0.862 , 2.1381, 0.7337,-0.2395],[-0.9546,-0.0156, 0.0541, 0.2757],0.2941
202,[-0.9564, 0.0537,-0.0614, 0.2618],[-0.3753, 1.8163,-0.6202,-0.1548,-0.7995],[-0.9551, 0.0543,-0.0615, 0.274 ],0.273
300,[-0.9604, 0.0165,-0.0123, 0.167 ],[-0.6702,-1.484 ,-1.1507, 0.9105,-2.3338],[-0.9596, 0.0143,-0.0083, 0.1789],0.28
301,[-0.9619,-0.0516, 0.0724, 0.135 ],[-1.5297,-2.1539,-0.148 ,-1.1492,-2.0958],[-0.9611,-0.0582, 0.0802, 0.1493],0.2414
302,[-0.9593, 0.0513,-0.0593, 0.2283],[-2.3011,-1.1367,-2.6807,-2.1035,-2.4883],[-0.9581, 0.0524,-0.0604, 0.2422],0.2626
321,[-0.9585,-0.0721, 0.0823, 0.1765],[ 1.2006,-0.616 , 1.5159, 2.7148,-0.3545],[-0.9576,-0.0734, 0.0827, 0.1904],0.2473
400,[-0.9614,-0.0108, 0.0118, 0.0563],[ 0.5226, 2.6019, 1.514 ,10.7665,-0.9024],[-0.9611,-0.0115, 0.014 , 0.0707],0.2758
401,[-0.9615,-0.0494, 0.0618, 0.0793],[-0.9681,-2.1087, 1.0948,-0.8797,-2.016 ],[-0.9609,-0.0541, 0.069 , 0.0909],0.2481
410,[-0.9626, 0.0725,-0.0367, 0.0624],[-1.5079,-1.9065, 0.6483,-1.6795,-2.376 ],[-0.9625, 0.0586,-0.0211, 0.0709],0.2595
412,[-0.9637, 0.0821,-0.0826, 0.0391],[ 2.2163, 2.5122,-1.166 , 2.2933,-1.6683],[-0.9635, 0.0806,-0.0787, 0.0542],0.2242
421,[-0.9621,-0.0695, 0.0836, 0.0905],[ 0.262 , 0.219 , 3.3836, 5.5657,-0.2565],[-0.9616,-0.0725, 0.0836, 0.1021],0.2325
500,[-0.9607,-0.0235, 0.0088,-0.049 ],[ 1.1967, 3.0364, 0.8084,17.0226,-0.6307],[-0.9609,-0.0194, 0.008 ,-0.0338],0.2745
502,[-0.963 , 0.028 ,-0.086 ,-0.0271],[-0.206 , 1.4124,-1.4167,-0.697 ,-1.814 ],[-0.9625, 0.0471,-0.1026,-0.0119],0.2316
512,[-0.9635, 0.1244,-0.1054,-0.0148],[ 0.5565, 0.5272,-0.959 , 5.4252,-1.3901],[-9.6382e-01, 1.1678e-01,-9.9583e-02, 8.2418e-05],0.2006
520,[-0.9621,-0.0682, 0.0322,-0.0528],[-0.488 , 4.1898,-1.0871, 0.028 ,-1.138 ],[-0.9624,-0.0547, 0.017 ,-0.0401],0.261
521,[-0.9618,-0.0959, 0.086 ,-0.0842],[ 2.3378,-0.0495, 5.0224, 3.6248,-1.6425],[-0.9623,-0.091 , 0.0753,-0.0703],0.226
532,[-0.9618, 0.1999,-0.1328,-0.0575],[-1.1807,-1.3729, 0.0663,-0.8411,-1.071 ],[-0.9633, 0.1798,-0.1157,-0.0436],0.1712
534,[-0.9572, 0.2436,-0.1922,-0.0952],[ 0.3374, 1.6358,-0.8629, 1.9888,-2.0863],[-0.9591, 0.2292,-0.1694,-0.0795],0.1441
600,[-0.9609,-0.0431, 0.0274,-0.1715],[-2.919 ,-1.7491,-3.1208,-1.0626,-4.2933],[-0.9616,-0.0391, 0.0287,-0.1561],0.2634
601,[-0.9591,-0.0534, 0.0639,-0.1845],[-0.9731,-1.3985, 0.4437,-0.0836,-1.8284],[-0.9597,-0.058 , 0.068 ,-0.1691],0.2514
620,[-0.9618,-0.0664, 0.0321,-0.17  ],[-1.1682, 3.0754,-0.8103,-0.2247,-1.2573],[-0.9627,-0.0527, 0.0152,-0.154 ],0.2616
621,[-0.9594,-0.0942, 0.094 ,-0.1786],[-1.6442,-1.2697, 3.0812, 1.5014,-3.3039],[-0.9601,-0.0944, 0.0904,-0.1639],0.2264
701,[-0.9565,-0.0489, 0.0616,-0.2579],[-0.8217,-0.9213,-0.2025, 0.5845,-1.8455],[-0.9574,-0.054 , 0.0654,-0.2425],0.2626
721,[-0.9568,-0.0962, 0.0995,-0.2678],[ -9.2131, -8.9406, -8.5456, -8.3259,-11.2133],[-0.9579,-0.0995, 0.1015,-0.257 ],0.228
1200,[-0.9263,-0.0363, 0.0349, 0.2732],[  1.8544,  3.1748,  1.6848,  1.1935,103.1658],[-0.9251,-0.0357, 0.0349, 0.2668],0.4074
1201,[-0.9267,-0.0492, 0.0627, 0.2625],[ 5.8589e-01,-7.9482e-01, 4.2905e+01,-1.0850e-02, 1.6289e+00],[-0.9255,-0.0506, 0.0629, 0.2625],0.3932
1202,[-0.9343, 0.0441,-0.0621, 0.2766],[ 0.6919,12.3393,-0.6589,-0.6369, 1.2302],[-0.933 , 0.0457,-0.06  , 0.2841],0.37
1220,[-0.9383,-0.0623, 0.0394, 0.3012],[ 0.1915,37.8428,-0.2395,-0.1749, 0.4079],[-0.9371,-0.0568, 0.0364, 0.3073],0.357
1221,[-0.9408,-0.0683, 0.0774, 0.2853],[ 0.7509, 0.7698,92.3598, 0.9155, 2.2046],[-0.9394,-0.0678, 0.0736, 0.2923],0.3232
1300,[-0.919 ,-0.0135, 0.0115, 0.1702],[  1.0829,131.3133,  1.9672,  1.0215,  1.718 ],[-0.9182,-0.0133, 0.0137, 0.1753],0.4401
1301,[-0.9188,-0.0462, 0.063 , 0.1973],[  1.1248, -0.5507,139.6862,  0.739 ,  0.6304],[-0.9178,-0.0481, 0.0633, 0.2003],0.4189
1302,[-0.9183, 0.0413,-0.0758, 0.1405],[8.1619e-01,1.1846e+02,3.3322e-02,7.2224e-02,5.5544e-01],[-0.9174, 0.0459,-0.0764, 0.1451],0.4208
1310,[-0.9166, 0.0626,-0.0464, 0.1372],[-0.4526,-1.3557, 4.4842,-1.9311, 3.7211],[-0.9161, 0.0598,-0.0449, 0.1374],0.4325
1312,[-0.9171, 0.0725,-0.0876, 0.1407],[ 0.4775, 2.3675, 1.1541, 1.1358,88.5234],[-0.9164, 0.0739,-0.0862, 0.1345],0.4054
1314,[-0.9174, 0.1566,-0.1768, 0.1398],[ 0.4321,19.8087,-0.6182,-0.1966, 0.5465],[-0.9166, 0.1573,-0.1711, 0.1499],0.3215
1320,[-0.9185,-0.0644, 0.0426, 0.1566],[7.8637e-01,1.0352e+02,1.7731e-01,3.0365e-01,9.7552e-02],[-0.9179,-0.0609, 0.0426, 0.1644],0.4237
1321,[-0.9218,-0.0771, 0.0767, 0.1557],[  2.3724,  0.9062,135.6288,  0.8809,  1.6005],[-0.9211,-0.0757, 0.0713, 0.1626],0.3908
1323,[-0.9341,-0.1293, 0.1727, 0.166 ],[ 2.7177,-1.1087,20.4176,-0.0217, 3.7756],[-0.9327,-0.1345, 0.172 , 0.1736],0.2771
1332,[-0.9254, 0.1755,-0.1433, 0.211 ],[-4.1962,-4.3568,-4.7898,-3.6811,-4.4168],[-0.9253, 0.1676,-0.1295, 0.2161],0.312
1334,[-0.9335, 0.1876,-0.1969, 0.1653],[ 1.1235,27.6327, 0.7789, 1.315 , 3.9742],[-0.9328, 0.1865,-0.1905, 0.1759],0.2459
1400,[-9.2101e-01,-2.9982e-03, 2.0647e-04, 6.1473e-02],[  1.2865,  3.0411,426.6054,  1.4712,  1.0521],[-0.9207,-0.002 ,-0.0036, 0.0683],0.4359
1401,[-0.9182,-0.0417, 0.0717, 0.0397],[ 1.3039e-01,-6.8688e-01, 4.1518e+01,-4.5388e-01, 6.1186e-03],[-0.9178,-0.0459, 0.0722, 0.0482],0.4174
1402,[-0.9198, 0.0412,-0.0685, 0.0759],[ 3.2657e-01, 2.1505e+02,-5.2820e-01,-3.8895e-01,-3.1251e-02],[-0.9193, 0.0454,-0.0712, 0.0796],0.4185
1410,[-0.9172, 0.0638,-0.0448, 0.0526],[ 1.3197e+00,-1.0122e-01, 1.5157e+02,-1.0558e-01, 5.8848e-02],[-0.9171, 0.0608,-0.0438, 0.0528],0.4308
1412,[-0.9174, 0.075 ,-0.0835, 0.0617],[  1.0794,594.8838,  1.5062,  1.8527,  0.8436],[-0.9171, 0.0756,-0.0808, 0.0638],0.4057
1414,[-0.9216, 0.1421,-0.1811, 0.0619],[ 0.7791,76.8904,-0.8821, 0.1926, 0.4723],[-0.9205, 0.1469,-0.1822, 0.074 ],0.3074
1420,[-0.9201,-0.0635, 0.0459, 0.0746],[ -0.2893,129.9382, -0.3009,  0.4327, -0.8348],[-0.9199,-0.0606, 0.0448, 0.0852],0.4184
1421,[-0.9179,-0.0728, 0.0814, 0.0548],[2.0903e-01,8.6658e-01,5.3720e+02,3.0639e+00,2.2741e+00],[-0.9175,-0.0734, 0.0791, 0.0663],0.4007
1423,[-0.9175,-0.1388, 0.1701, 0.0454],[ 0.042 ,-1.0228, 0.9554,31.7315, 1.5545],[-0.9167,-0.1422, 0.1687, 0.0577],0.3323
1432,[-0.9234, 0.1756,-0.1406, 0.0516],[-2.579 ,-2.9749,-2.4427,-2.4169,-2.9726],[-0.924 , 0.1688,-0.1314, 0.0583],0.3124
1434,[-0.922 , 0.1892,-0.2039, 0.0586],[ 1.7676, 5.7511,-0.076 ,22.1316, 1.2862],[-0.9215, 0.1897,-0.1985, 0.0699],0.2797
1441,[-0.9287,-0.183 , 0.1322, 0.0553],[-1.1842,-2.201 ,-2.6058, 0.1472,-2.2143],[-0.9295,-0.1721, 0.1138, 0.0678],0.2999
1443,[-0.9264,-0.2206, 0.1952, 0.0244],[ 0.8318, 0.4564,23.6977, 1.1928, 0.8589],[-0.9271,-0.2148, 0.179 , 0.039 ],0.2578
1500,[-0.9215,-0.0034, 0.0068,-0.0603],[ 3.3397,28.888 , 0.974 , 5.0749, 0.5803],[-0.9218,-0.0046, 0.0116,-0.0508],0.4353
1501,[-0.9174,-0.0373, 0.0756,-0.0598],[ 3.6571e-03,-6.5596e-01, 1.1508e+01, 8.6387e-01,-2.6292e-01],[-0.9174,-0.0433, 0.0786,-0.0499],0.4226
1502,[-0.9242, 0.0299,-0.0755,-0.0678],[-12.0814,-10.8384,-13.8184,-11.679 ,-12.7579],[-0.9241, 0.0377,-0.0789,-0.058 ],0.4007
1510,[-0.917 , 0.0613,-0.0456,-0.0594],[ 2.6425e-02, 8.1739e-01, 4.2731e+00, 9.1603e+01,-4.2246e-01],[-0.9173, 0.0587,-0.0427,-0.048 ],0.4297
1512,[-0.9189, 0.0686,-0.0761,-0.0569],[ 1.0302, 8.6471, 0.3709,67.3504, 0.5026],[-0.919 , 0.07  ,-0.0769,-0.0436],0.4042
1514,[-0.9251, 0.1356,-0.1843,-0.0473],[ 0.3337, 4.0009,-0.7668, 0.4196,-1.1546],[-0.9243, 0.1433,-0.1891,-0.0362],0.2983
1520,[-0.9214,-0.0632, 0.0442,-0.0729],[-0.292 ,72.5485, 0.6079, 1.6377,-1.1333],[-0.9217,-0.0603, 0.0435,-0.0604],0.4139
1521,[-0.9194,-0.071 , 0.0809,-0.0579],[7.9893e-01,1.2369e-01,1.6304e+00,1.4386e+02,6.5180e-01],[-0.9194,-0.0726, 0.081 ,-0.0436],0.3985
1523,[-0.9221,-0.1528, 0.1798,-0.078 ],[ 3.6167,-1.4909, 5.2226, 1.536 , 0.0661],[-0.9218,-0.1574, 0.1822,-0.0625],0.3043
1532,[-0.9405, 0.2077,-0.116 ,-0.0605],[-5.592 ,-5.7072,-5.2399,-5.2921,-5.5657],[-0.9426, 0.1876,-0.0913,-0.046 ],0.2517
1534,[-0.9214, 0.2155,-0.2125,-0.0764],[ 3.6217, 3.8496,-0.6334, 3.61  ,-0.3117],[-0.9218, 0.2145,-0.2069,-0.0623],0.2588
1541,[-0.9183,-0.1766, 0.1395,-0.0772],[-3.6603,-4.5747,-3.0886,-3.5376,-4.7286],[-0.9194,-0.1699, 0.1223,-0.0676],0.3313
1543,[-0.9258,-0.1999, 0.2116,-0.0596],[ 1.7337,-0.1625, 5.3446,10.054 , 0.2225],[-0.9258,-0.2013, 0.2072,-0.0439],0.2544
1545,[-0.9207,-0.2453, 0.2788,-0.0967],[ 3.6971,-0.8361, 2.7005, 1.7169,-0.357 ],[-0.92  ,-0.2498, 0.2784,-0.0809],0.2199
1600,[-0.9191,-0.0089, 0.0099,-0.172 ],[ 0.403 , 1.8458, 2.4672,31.9308, 0.5232],[-0.9198,-0.0092, 0.0118,-0.1592],0.4427
1601,[-0.9153,-0.0373, 0.0739,-0.1713],[-0.1341,-0.4593, 4.6606, 3.5124,-1.0169],[-0.9158,-0.0435, 0.0774,-0.164 ],0.4235
1602,[-0.9217, 0.0322,-0.0769,-0.1705],[-14.5045,-13.1642,-15.178 ,-13.8977,-14.979 ],[-0.9221, 0.0406,-0.083 ,-0.1617],0.4042
1610,[-0.9161, 0.0631,-0.0465,-0.1804],[ 3.8846e-02, 7.4823e-01, 4.5591e+01, 1.9506e+00,-4.6619e-01],[-0.917 , 0.0611,-0.0468,-0.1748],0.4309
1612,[-0.9176, 0.069 ,-0.0707,-0.1768],[ 0.7913,34.0068, 0.167 ,35.5391, 0.2234],[-0.9183, 0.0696,-0.0692,-0.1673],0.4109
1614,[-0.9195, 0.1375,-0.2012,-0.1651],[-0.3701, 0.6576,-1.8074, 0.7699,-1.5262],[-0.9188, 0.1477,-0.2059,-0.1544],0.3099
1620,[-0.9205,-0.064 , 0.0441,-0.1809],[-12.1578,-10.0882,-12.1201,-10.1306,-13.4433],[-0.9214,-0.0606, 0.0396,-0.1727],0.4187
1621,[-0.9179,-0.081 , 0.0839,-0.1947],[ 0.7096,-0.1448,38.0303, 4.6182,-0.3652],[-0.9187,-0.0817, 0.0815,-0.1894],0.3985
1623,[-0.9243,-0.1509, 0.1789,-0.1913],[ 1.0692,-0.9895, 3.0868,12.1359,-0.2756],[-0.9244,-0.1568, 0.1823,-0.1756],0.29
1634,[-0.929 , 0.2621,-0.2416,-0.1743],[-1.3666,-0.3748,-2.9587,-0.3309,-2.4286],[-0.9303, 0.2602,-0.2342,-0.1597],0.1995
1636,[-0.9184, 0.2696,-0.2795,-0.2133],[-0.1559, 6.5383,-0.6343, 1.6587,-0.434 ],[-0.9188, 0.2728,-0.2782,-0.1977],0.2129
1641,[-0.9376,-0.1682, 0.162 ,-0.1403],[-4.7735,-5.5991,-4.6134,-4.4215,-5.7804],[-0.9384,-0.1667, 0.1523,-0.1247],0.2498
1643,[-0.9274,-0.1886, 0.2245,-0.1649],[ 0.0866,-2.2612, 2.0661, 2.4702,-1.8771],[-0.9269,-0.1955, 0.2292,-0.1488],0.2416
1654,[-0.9363, 0.2809,-0.2602,-0.1956],[-1.0518,-0.7052,-1.6726,-0.3231,-1.7725],[-0.9377, 0.2795,-0.2515,-0.1807],0.1583
1700,[-9.2044e-01, 1.9153e-04, 7.1855e-03,-2.9742e-01],[-15.0388,-14.6281,-15.4122,-14.7466,-16.4261],[-0.9217,-0.0011, 0.0076,-0.2847],0.4476
1701,[-0.9322,-0.0412, 0.0688,-0.2995],[-10.4285,-11.0885,-10.133 ,-10.0313,-11.0528],[-0.9332,-0.048 , 0.0752,-0.2861],0.3593
1702,[-0.926 , 0.0236,-0.076 ,-0.2797],[-3.2243,-2.6354,-4.0554,-3.271 ,-4.1334],[-0.9268, 0.0352,-0.0883,-0.2637],0.3862
1710,[-0.9174, 0.0653,-0.039 ,-0.2727],[-1.4207,-2.6067,-1.4895, 0.0137,-3.0922],[-0.9188, 0.0612,-0.0342,-0.2649],0.4322
1712,[-0.9225, 0.0942,-0.0901,-0.2918],[-4.5606,-5.3524,-6.2759,-4.4877,-6.9581],[-0.9238, 0.0945,-0.0874,-0.2814],0.3709
1720,[-0.9197,-0.0651, 0.0448,-0.2685],[-7.8916,-7.2805,-7.7588,-7.2912,-8.765 ],[-0.921 ,-0.0618, 0.0395,-0.2618],0.4204
1721,[-0.9171,-0.081 , 0.086 ,-0.2699],[-52.5018,-52.0814,-51.2314,-50.9633,-52.891 ],[-0.9182,-0.0827, 0.0854,-0.2642],0.3982
1723,[-0.9291,-0.1313, 0.1875,-0.2752],[-1.492 ,-2.5504,-0.2352, 0.7576,-2.6284],[-0.9289,-0.1429, 0.1946,-0.2593],0.2776
1732,[-0.9324, 0.1684,-0.1575,-0.2718],[-1.1218,-1.6143,-1.6131,-0.5458,-2.0148],[-0.9337, 0.1679,-0.1518,-0.2548],0.2672
1734,[-0.9229, 0.2457,-0.2613,-0.3172],[ 0.0262, 2.1522,-1.2717, 2.807 ,-1.0205],[-0.9234, 0.2514,-0.2648,-0.3002],0.2138
1754,[-0.9401, 0.2794,-0.2723,-0.2641],[-0.299 ,-0.2748,-0.4951, 0.9906,-0.5379],[-0.9412, 0.282 ,-0.2697,-0.2475],0.137
1800,[-0.9254,-0.001 , 0.0187,-0.4322],[-33.9369,-34.367 ,-33.7418,-33.3773,-35.3516],[-0.9272,-0.0046, 0.0213,-0.4171],0.4258
1801,[-0.932 ,-0.0358, 0.0721,-0.4293],[-14.2767,-14.9746,-13.5548,-13.5372,-15.6952],[-0.9335,-0.0446, 0.0798,-0.4122],0.3578
1810,[-0.9164, 0.069 ,-0.0313,-0.4382],[-1.9815,-2.2701,-1.3888,-0.6279,-2.705 ],[-0.9185, 0.0633,-0.0245,-0.4204],0.4363
1812,[-0.9191, 0.1165,-0.1214,-0.4369],[-2.6767,-2.1542,-4.4444,-1.8718,-4.4223],[-0.9208, 0.1196,-0.1217,-0.4201],0.356
1814,[-0.9169, 0.1588,-0.1911,-0.4876],[ 0.9159,14.8754,-0.1755, 2.8106,-0.7215],[-0.9179, 0.1677,-0.1982,-0.4758],0.2994
1821,[-0.9417,-0.0617, 0.0774,-0.3978],[-40.1716,-40.6381,-40.2119,-39.6504,-41.0884],[-0.9432,-0.0665, 0.0785,-0.3807],0.3081
1834,[-0.92  , 0.1967,-0.2248,-0.4376],[-0.2759, 2.0617,-0.779 , 3.0111,-1.7425],[-0.9207, 0.205 ,-0.2305,-0.4217],0.2612
1900,[-0.9193, 0.0106, 0.013 ,-0.5507],[-111.9277,-111.0753,-111.0776,-111.0971,-112.7686],[-0.9217, 0.0062, 0.0163,-0.5353],0.4548
1912,[-0.9143, 0.1191,-0.1352,-0.5426],[-113.8954,-113.984 ,-113.7482,-113.7665,-115.3737],[-0.9161, 0.1251,-0.1408,-0.5248],0.3579
1914,[-0.9135, 0.1428,-0.1859,-0.5253],[ 3.2879, 1.588 ,-0.0458,26.1784,-1.0036],[-0.9144, 0.1538,-0.199 ,-0.5071],0.3135
1934,[-0.9261, 0.179 ,-0.1952,-0.5118],[-1.0952,-2.6987,-4.0408,-2.0547,-4.7657],[-0.9274, 0.1878,-0.2077,-0.4936],0.2562
2200,[-0.9044,-0.0377, 0.0382, 0.2664],[-66.8016,-66.7321,-66.4256,-67.2308,-66.0334],[-0.9032,-0.0372, 0.037 , 0.2619],0.3996
2201,[-0.9075,-0.0503, 0.0634, 0.2569],[-20.9411,-21.777 ,-20.2713,-21.5976,-20.1569],[-0.9063,-0.0513, 0.0634, 0.2523],0.4002
2220,[-0.8955,-0.0709, 0.0356, 0.2657],[-4.9413,-3.9732,-5.8724,-5.2914,-4.1466],[-0.8946,-0.0647, 0.0189, 0.2517],0.3631
2221,[-0.9042,-0.0705, 0.0832, 0.2655],[-27.9064,-28.7603,-27.7993,-29.126 ,-27.8482],[-0.903 ,-0.0709, 0.0798, 0.2616],0.3684
2300,[-0.9064,-0.0162, 0.0173, 0.1716],[-139.8188,-139.4027,-139.5303,-140.2439,-138.9019],[-0.9057,-0.0163, 0.0174, 0.164 ],0.4176
2301,[-0.9067,-0.0454, 0.0658, 0.1811],[-47.8995,-49.4402,-46.4584,-49.568 ,-47.629 ],[-0.9058,-0.0476, 0.0661, 0.1737],0.3982
2302,[-0.9072, 0.044 ,-0.0698, 0.1483],[-33.6688,-33.3114,-34.5859,-34.4029,-33.2211],[-0.9063, 0.0471,-0.0712, 0.1456],0.3984
2310,[-0.9071, 0.0611,-0.0484, 0.1422],[-7.1333,-8.7393,-6.3064,-8.0745,-6.331 ],[-0.9066, 0.0585,-0.0432, 0.1407],0.4077
2312,[-0.9058, 0.0735,-0.0891, 0.1477],[-14.9154,-13.8631,-15.8457,-16.0719,-14.4219],[-0.905 , 0.0747,-0.0879, 0.1418],0.3718
2314,[-0.9038, 0.1608,-0.2014, 0.1398],[-1.4072,-0.3622,-3.5593,-3.1658,-0.4914],[-0.9024, 0.1638,-0.1993, 0.1432],0.2665
2320,[-0.9072,-0.0657, 0.0418, 0.1483],[-3.2557,-0.4898,-3.8553,-3.8035, 0.3184],[-0.9068,-0.0619, 0.0378, 0.1427],0.4087
2321,[-0.905 ,-0.0778, 0.0825, 0.1521],[-60.5874,-62.2077,-59.5311,-61.4747,-60.9216],[-0.9043,-0.0774, 0.0785, 0.1487],0.3722
2323,[-0.8976,-0.0736, 0.1812, 0.1344],[-5.6095,-6.6676,-5.2104,-6.3604,-5.4687],[-0.8954,-0.0853, 0.1877, 0.1199],0.2807
2332,[-0.9081, 0.1896,-0.1108, 0.1507],[ 0.2198,-1.4421,-0.472 ,-1.605 , 0.0495],[-0.9091, 0.176 ,-0.0821, 0.157 ],0.3434
2334,[-0.9031, 0.1705,-0.201 , 0.1409],[ 0.8865, 5.8907,-0.7409, 0.2954,18.3538],[-0.9019, 0.1725,-0.1996, 0.1428],0.2603
2400,[-0.9048,-0.0147, 0.0081, 0.0637],[1.6152e+00,2.8761e+00,2.7516e+00,3.8150e-01,4.0683e+02],[-0.9046,-0.0135, 0.0057, 0.0497],0.4154
2401,[-0.9037,-0.0457, 0.0662, 0.065 ],[-15.5677,-16.0872,-13.4104,-15.8955,-14.3345],[-0.9033,-0.0482, 0.0673, 0.0548],0.3866
2402,[-0.9048, 0.0366,-0.072 , 0.0565],[-42.6085,-41.1507,-43.3655,-42.9161,-41.9888],[-0.9044, 0.0412,-0.0748, 0.0464],0.391
2410,[-0.906 , 0.0638,-0.045 , 0.053 ],[-3.6979,-5.3489,23.5772,-5.2545,-0.8205],[-0.9059, 0.061 ,-0.0426, 0.0462],0.4038
2412,[-0.9056, 0.0778,-0.0887, 0.0589],[  0.7624,109.847 , -0.1953,  1.1054,  7.8158],[-0.9053, 0.0786,-0.0857, 0.0507],0.3723
2414,[-0.9072, 0.1503,-0.1916, 0.0839],[-0.5061, 0.7362,-4.6928,-3.538 ,-1.316 ],[-0.906 , 0.1544,-0.1926, 0.0903],0.288
2420,[-0.905 ,-0.0635, 0.0443, 0.0696],[ 0.3411,43.0212, 0.4736,-0.5512, 3.651 ],[-0.9048,-0.0609, 0.0437, 0.0623],0.3981
2421,[-0.9055,-0.0768, 0.0849, 0.0764],[  0.7416,  1.738 ,115.0872, -0.3851,  2.0955],[-0.9052,-0.0771, 0.0815, 0.0749],0.3742
2423,[-0.8871,-0.1234, 0.2002, 0.0558],[ -8.6703,-10.0421, -8.2494, -9.0228, -8.6568],[-0.8854,-0.131 , 0.2044, 0.0419],0.2163
2432,[-0.9008, 0.1716,-0.1531, 0.0269],[-0.0113,-1.4548,-1.018 ,-1.3843, 3.772 ],[-0.9013, 0.1681,-0.1411, 0.0131],0.2874
2434,[-0.897 , 0.1947,-0.2159, 0.0621],[ 0.994 ,29.8255,-0.097 , 1.0108, 1.8043],[-0.8964, 0.1955,-0.2114, 0.0636],0.226
2441,[-0.8912,-0.177 , 0.1397, 0.0564],[ 0.8559, 1.5124, 0.9651, 1.6914,58.216 ],[-0.8919,-0.1714, 0.1229, 0.0507],0.2609
2443,[-0.8761,-0.193 , 0.2046, 0.0448],[4.0959e+00,1.1850e-02,3.5029e+01,9.0672e-01,8.2598e-01],[-0.8758,-0.1927, 0.1956, 0.0584],0.1635
2500,[-9.0492e-01,-6.5370e-03, 7.8780e-04,-6.0992e-02],[1.6376e+00,5.2529e+02,2.1246e+00,2.0835e-01,3.0798e+00],[-0.9052,-0.0061, 0.0031,-0.0733],0.4217
2501,[-0.9043,-0.0384, 0.072 ,-0.0724],[-4.5889,-6.1635,14.3486,-5.7238,-4.0917],[-0.9045,-0.0432, 0.0746,-0.0832],0.3905
2502,[-0.9041, 0.0367,-0.0698,-0.0554],[ 1.1913,40.1593,-2.6834,-1.833 , 1.4551],[-0.9042, 0.0411,-0.071 ,-0.0675],0.3919
2510,[-0.906 , 0.0638,-0.0473,-0.0619],[  0.4116, -0.4018,147.931 , -0.6695,  0.4465],[-0.9064, 0.0619,-0.0479,-0.0689],0.403
2512,[-0.9039, 0.0722,-0.0806,-0.0644],[ 9.0586e-01, 2.0350e+02,-1.0033e-01, 1.3434e+00, 1.8207e+00],[-0.9042, 0.0732,-0.0786,-0.0732],0.3737
2514,[-0.8899, 0.1283,-0.1913,-0.04  ],[ 1.431 , 1.3455,-3.4963,-0.4129,-0.1593],[-0.8887, 0.1351,-0.1957,-0.0383],0.2307
2520,[-0.9045,-0.0593, 0.051 ,-0.0708],[  1.8042,228.1799,  0.5544,  0.4123,  2.1462],[-0.9048,-0.0586, 0.0516,-0.0767],0.3959
2521,[-0.9042,-0.0635, 0.0681,-0.0702],[  0.7262,  0.6276,418.7087,  0.8947,  0.8148],[-0.9045,-0.0641, 0.0668,-0.0769],0.3845
2523,[-0.8928,-0.1628, 0.2075,-0.0645],[-3.1513,-5.6025,-2.6758,-3.3821,-2.7468],[-0.892 ,-0.1677, 0.2107,-0.0651],0.2234
2532,[-0.9051, 0.1742,-0.1563,-0.0722],[-0.3833,-0.0734,-0.7359,-0.31  , 0.2301],[-0.9058, 0.1725,-0.1552,-0.0797],0.2964
2534,[-0.9061, 0.2035,-0.2182,-0.0457],[ 0.9288,15.3154,-0.3075, 4.4932, 1.1376],[-0.906 , 0.2049,-0.2143,-0.0493],0.2537
2541,[-0.9027,-0.1755, 0.159 ,-0.0198],[1.1009,0.6965,9.5709,1.9864,1.6023],[-0.9033,-0.1724, 0.1477,-0.0041],0.2899
2543,[-0.9011,-0.1776, 0.1967,-0.0604],[  1.3302, -0.9008,  2.0458,145.8902,  0.4347],[-0.9009,-0.1795, 0.1943,-0.0462],0.2576
2600,[-0.9065, 0.0036, 0.003 ,-0.1644],[  2.0969,164.2897,  9.0274,  0.1983,  1.8839],[-0.9072, 0.002 , 0.0084,-0.1705],0.4341
2601,[-0.906 ,-0.0416, 0.073 ,-0.1684],[  0.5945, -0.9158,175.5378,  0.4207, -0.1799],[-0.9065,-0.0463, 0.0748,-0.1759],0.3983
2602,[-0.9057, 0.0475,-0.0673,-0.1493],[ 0.1199,10.4572,-0.1599, 0.4672,-0.0188],[-0.9063, 0.0505,-0.0676,-0.1581],0.3985
2610,[-0.9064, 0.0661,-0.0457,-0.1781],[6.3082e-01,4.2524e-01,1.6300e+02,8.2284e-02,1.0074e+00],[-0.9074, 0.0638,-0.0455,-0.1834],0.4075
2612,[-0.9049, 0.0793,-0.0839,-0.1672],[ 2.2275e+00, 2.5734e+02,-7.3771e-02, 2.6591e+00, 3.3708e+00],[-0.9057, 0.0799,-0.0801,-0.1744],0.376
2614,[-0.8984, 0.1372,-0.1736,-0.1514],[ 0.4091, 3.6232,-1.3361, 4.24  ,-0.5062],[-0.8983, 0.1422,-0.1748,-0.1476],0.2718
2620,[-0.9071,-0.0611, 0.0505,-0.1669],[ 0.9664,87.1648, 0.543 , 0.8274, 0.7776],[-0.9079,-0.0602, 0.0512,-0.1785],0.4091
2621,[-0.9067,-0.071 , 0.0831,-0.1843],[ 1.2453e+00,-2.2665e-02, 5.5072e+00, 1.5753e+00, 2.9143e+02],[-0.9074,-0.0732, 0.0838,-0.1978],0.3848
2623,[-0.9043,-0.1432, 0.1773,-0.1943],[ 0.7327,-0.539 ,83.391 ,-0.5067, 0.7081],[-0.9043,-0.1485, 0.1786,-0.1853],0.291
2632,[-0.9082, 0.173 ,-0.1611,-0.1438],[ 0.7846, 0.4066,-0.5029, 0.0679,-0.1727],[-0.9091, 0.1722,-0.1579,-0.1415],0.3083
2641,[-0.9086,-0.1958, 0.154 ,-0.1404],[0.731 ,0.1325,2.66  ,6.5742,0.527 ],[-0.9102,-0.1895, 0.1356,-0.1284],0.3155
2643,[-0.9036,-0.1971, 0.1982,-0.1863],[ 0.7   , 0.2461,71.2981, 1.    ,-0.0786],[-0.9044,-0.1976, 0.1906,-0.1722],0.2621
2700,[-0.903 , 0.0231,-0.0033,-0.3186],[ 2.0217, 3.4636,61.5628, 1.3343, 2.4019],[-0.9044, 0.0207,-0.0033,-0.307 ],0.4321
2701,[-0.9051,-0.0386, 0.0784,-0.3211],[-2.1503,-3.7978,-1.7004,-1.2956,-2.0861],[-0.9061,-0.0449, 0.0812,-0.3137],0.3943
2710,[-0.9022, 0.0623,-0.0412,-0.3155],[ 0.3601, 0.7999,20.691 , 5.8222, 0.357 ],[-0.9037, 0.0596,-0.0368,-0.3071],0.3966
2712,[-0.9027, 0.0987,-0.1046,-0.2995],[ 1.8284,33.0305, 0.0365, 0.648 , 1.5427],[-0.9039, 0.1003,-0.1034,-0.2924],0.3476
2720,[-0.9065,-0.0656, 0.049 ,-0.2672],[ 0.9077, 5.3496, 1.1845,10.5697,-0.2813],[-0.9078,-0.0642, 0.0505,-0.2724],0.4071
2721,[-0.9076,-0.0857, 0.0984,-0.2656],[ 1.1206e+00,-2.3585e-02, 7.4588e+00, 3.1775e+01, 1.7858e+00],[-0.9085,-0.0885, 0.0994,-0.2633],0.375
2723,[-0.903 ,-0.1383, 0.1831,-0.2666],[ 0.6547,-0.6748,83.1976, 0.1875,-0.2978],[-0.9031,-0.1454, 0.1864,-0.263 ],0.2838
2743,[-0.9029,-0.1791, 0.2135,-0.2885],[ 0.3063,-0.6372, 1.4985,78.0964, 0.8471],[-0.9032,-0.1851, 0.2143,-0.2788],0.2524
2800,[-0.8957, 0.0347,-0.0021,-0.4276],[ 1.3633, 1.4523,76.3187, 4.7566, 0.7409],[-8.9763e-01, 3.0793e-02,-7.2146e-04,-4.1264e-01],0.3978
2801,[-0.8963,-0.0097, 0.0688,-0.4191],[-0.0085,-1.0572, 1.5736, 1.5209,-0.1696],[-0.8978,-0.0181, 0.0724,-0.4063],0.3705
2802,[-0.8885, 0.0507,-0.0641,-0.419 ],[ 0.0813,13.1167,-0.7029, 1.3424,-1.0263],[-0.8902, 0.053 ,-0.064 ,-0.4077],0.3295
2810,[-0.8872, 0.0632,-0.038 ,-0.4504],[ 1.4154, 1.7844, 1.7839,33.0034, 1.1457],[-0.8893, 0.06  ,-0.0299,-0.433 ],0.3382
2812,[-0.8881, 0.0739,-0.0688,-0.4542],[55.0899, 3.571 , 0.5625, 1.0461, 0.5851],[-0.89  , 0.0744,-0.0688,-0.4392],0.3175
2820,[-0.889 ,-0.0587, 0.0483,-0.4774],[-0.2407, 2.2977, 0.0399, 1.2287,-0.0571],[-0.8911,-0.0587, 0.0509,-0.4641],0.3363
2821,[-0.8997,-0.0644, 0.0671,-0.4118],[2.1525,0.0107,2.6078,1.9951,0.3613],[-0.9014,-0.0661, 0.0693,-0.3982],0.3685
2900,[-8.9630e-01, 3.9599e-02, 4.9781e-04,-5.8577e-01],[ 2.2633e+00, 1.3099e-01, 6.8195e+02, 2.3645e+00,-1.7318e-01],[-0.8989, 0.0345, 0.0033,-0.5691],0.4022
2901,[-0.8876, 0.0368, 0.0581,-0.5037],[-0.2759,-0.8007,47.8766, 2.3429,-0.5145],[-0.8896, 0.0255, 0.0574,-0.4864],0.3418
2902,[-0.8849, 0.042 ,-0.0616,-0.6677],[-1.532 ,24.7312,-2.8216,-0.0851,-2.8318],[-0.8876, 0.0454,-0.0619,-0.6529],0.3236
2910,[-0.8789, 0.0657,-0.0426,-0.5991],[-0.0681, 0.1402, 0.5612,66.8301,-1.0821],[-0.8816, 0.0634,-0.0367,-0.5826],0.3023
2912,[-0.8787, 0.0738,-0.0678,-0.6211],[ -4.3069,  8.2047, -7.7601,139.5795, -7.6491],[-0.8814, 0.0747,-0.068 ,-0.6065],0.2835
2914,[-0.8739, 0.1428,-0.1675,-0.6369],[ 0.1761,10.5196,-1.1246, 0.6995,-0.4212],[-0.8759, 0.1481,-0.1667,-0.6202],0.1911
2920,[-0.876 ,-0.0614, 0.0488,-0.5646],[-1.7637,-0.6506,-1.0829, 0.341 ,-2.8095],[-0.8785,-0.0609, 0.0481,-0.5474],0.286
3434,[-0.8628, 0.21  ,-0.2692, 0.0846],[ 2.5235, 2.6599,-1.121 ,-0.757 , 1.8218],[-0.8609, 0.2135,-0.2692, 0.0783],0.0773
3800,[-0.8449, 0.0523,-0.0475,-0.4801],[0.7552,1.9673,2.5503,1.762 ,1.0627],[-0.8469, 0.053 ,-0.0528,-0.4636],0.1719
3802,[-0.8488, 0.054 ,-0.0589,-0.4477],[-0.6731, 2.2727,-1.2145,-0.1048, 0.3552],[-0.8508, 0.0559,-0.0666,-0.4656],0.179
3810,[-0.8574, 0.066 ,-0.0523,-0.4903],[1.3694,0.3815,7.7419,0.8193,1.2972],[-0.8596, 0.0657,-0.0543,-0.4881],0.2108
3812,[-0.8592, 0.0672,-0.0636,-0.4809],[ 1.5466,12.4925, 0.0367, 1.9997, 2.8438],[-0.8613, 0.0678,-0.0641,-0.4812],0.2123
3900,[-0.8391, 0.0392,-0.0319,-0.7329],[ 0.6548, 3.0387, 5.2537,61.6396, 0.5477],[-0.8423, 0.0394,-0.0343,-0.7187],0.1686
3902,[-0.8293, 0.0466,-0.08  ,-0.7789],[-1.3778,12.3707,-2.7005, 0.7091,-2.286 ],[-0.8324, 0.0508,-0.0824,-0.7767],0.1161
3910,[-0.8455, 0.0685,-0.0513,-0.6649],[  0.7017,  2.0878,357.0369,  3.645 ,  1.2156],[-0.8485, 0.0681,-0.0527,-0.6588],0.1733
3912,[-0.8447, 0.0688,-0.0626,-0.6746],[1.0574e+00,6.2717e+02,4.1796e-01,2.4278e+00,5.0855e-01],[-0.8477, 0.0692,-0.061 ,-0.6682],0.1672
3920,[-0.8461,-0.0652, 0.0499,-0.7501],[-0.7284, 2.9914,-0.6233,10.6617,-0.5889],[-0.8494,-0.0649, 0.0495,-0.733 ],0.1787
4900,[-0.7963, 0.0327,-0.0296,-0.7901],[  4.6642,  3.3935,142.818 ,  0.2436,  1.6018],[-0.7998, 0.0333,-0.0339,-0.7868],0.0398
4902,[-0.797 , 0.0319,-0.0687,-0.7774],[-2.0799e-01, 3.4340e+02,-6.5229e-01,-2.9049e-01, 8.4234e-01],[-0.8001, 0.0354,-0.0695,-0.7801],0.0327
4910,[-0.803 , 0.0654,-0.0499,-0.7776],[ 0.6127, 0.3367,29.7517, 0.6377, 0.2822],[-0.8064, 0.0654,-0.0517,-0.7648],0.0466
4912,[-0.8007, 0.0688,-0.0676,-0.7886],[  0.8291,122.9575, -0.2083,  1.2423,  0.8392],[-0.8041, 0.0696,-0.0657,-0.7759],0.035
4920,[-0.7908,-0.0632, 0.0418,-0.7556],[ 0.5657,11.0675,-0.2964,-0.1537,-0.0848],[-0.7944,-0.0626, 0.0426,-0.7712],0.0172
4921,[-0.8156,-0.0658, 0.0588,-0.8131],[-0.0729,-0.5101,13.1681,-0.0215, 0.8257],[-0.8192,-0.0663, 0.0579,-0.8242],0.0796
5820,[-0.7512,-0.0788, 0.0478,-0.4743],[-0.4705,-0.3002,-0.5692,-0.458 , 0.3014],[-0.7537,-0.0775, 0.0468,-0.4918],-0.0826
5821,[-0.7466,-0.0808, 0.0667,-0.4885],[ 0.2433,-0.8751, 0.3717,-0.0871, 1.6202],[-0.7489,-0.0801, 0.0579,-0.4743],-0.0954
5900,[-0.7506, 0.0094,-0.022 ,-0.7495],[ 5.5194e-01, 1.6838e+00, 2.2234e+02,-1.7233e-01, 2.8599e+00],[-0.7539, 0.0107,-0.0277,-0.7578],-0.0695
5901,[-0.7395,-0.0494, 0.062 ,-0.7035],[-0.129 ,-1.2888, 8.7828,-0.3503, 0.7681],[-0.7425,-0.0506, 0.0595,-0.7113],-0.1021
5902,[-0.7519, 0.0403,-0.0659,-0.7716],[-2.7578e-02, 2.9716e+02,-4.6329e-01,-6.4853e-02, 1.7890e+00],[-0.7551, 0.0425,-0.0658,-0.783 ],-0.0751
5910,[-0.7607, 0.0603,-0.0468,-0.854 ],[-0.2692,-0.5601, 1.9548,-2.8335,56.5516],[-0.7646, 0.0602,-0.0458,-0.8602],-0.0542
5912,[-0.7627, 0.0634,-0.0722,-0.8626],[-8.8523,10.7075,-9.4062,-9.6338,-4.0092],[-0.7664, 0.0649,-0.0714,-0.8703],-0.0573
5920,[-0.7665,-0.0699, 0.0356,-0.6757],[ 0.2815, 1.1584,-0.8863,-1.3195, 1.7833],[-0.7698,-0.0683, 0.0329,-0.693 ],-0.0416
5921,[-0.7433,-0.0742, 0.0771,-0.6476],[-0.1776,-1.1783,16.779 ,-0.4253, 2.1287],[-0.7461,-0.0748, 0.0718,-0.6521],-0.1024
6700,[-0.6916, 0.0156,-0.0113,-0.3546],[-0.0994,-0.4577, 0.3753,-1.3838, 4.9037],[-0.6931, 0.0152,-0.0043,-0.3667],-0.1795
6701,[-0.6947, 0.0169, 0.0636,-0.3651],[-1.0123,-1.9137, 0.1695,-2.1186, 0.4972],[-0.6962, 0.0137, 0.0498,-0.3825],-0.1766
6800,[-0.694 , 0.0102,-0.0114,-0.4603],[-20.8004,-20.9614,-20.5855,-22.2437,-19.7345],[-0.6961, 0.0104,-0.0122,-0.4735],-0.1738
6801,[-0.6937,-0.01  , 0.0761,-0.4671],[-3.3057,-4.9718,-2.3279,-5.1902,-2.8181],[-0.6954,-0.0135, 0.0789,-0.4835],-0.1828
6802,[-0.6953, 0.0223,-0.0708,-0.4686],[-19.5272,-19.2787,-19.6097,-20.4712,-18.5095],[-0.6971, 0.0249,-0.0712,-0.4829],-0.1806
6900,[-0.7112, 0.0095,-0.0154,-0.6025],[  2.5774,  2.0757,261.8747, -0.7401,  3.4734],[-0.7139, 0.0102,-0.0193,-0.6156],-0.1453
6901,[-0.7049,-0.0221, 0.0737,-0.5647],[-0.2552,-1.4721,45.7391,-1.7433, 0.7391],[-0.7072,-0.0248, 0.0691,-0.5789],-0.1635
6902,[-0.7142, 0.0356,-0.0699,-0.6331],[ 0.8678,43.658 ,-0.5072,-1.1994,42.2443],[-0.7168, 0.0378,-0.0694,-0.6493],-0.1491
6910,[-0.7154, 0.0637,-0.0429,-0.713 ],[-2.3412,-2.7322, 5.7318,-3.5709, 3.9284],[-0.7188, 0.0632,-0.0419,-0.728 ],-0.1453
6912,[-0.7181, 0.0667,-0.0885,-0.709 ],[-5.5063, 1.2858,-7.6358,-7.3536,-0.1333],[-0.721 , 0.0684,-0.0846,-0.7239],-0.1502
6921,[-0.7246,-0.0639, 0.0927,-0.6365],[ 0.4759,-1.4738, 2.8959,-1.5549, 0.5695],[-0.727 ,-0.0661, 0.0929,-0.6346],-0.1413
7422,[-0.6696,-0.1342,-0.1234, 0.0288],[-3.9418,-3.6154,-6.8017,-5.7126,-2.5419],[-0.6696,-0.124 ,-0.1278, 0.0243],-0.2444
7442,[-0.6658,-0.1862,-0.0909, 0.0152],[-3.3467,-2.6842,-4.9749,-3.8811,-1.9069],[-0.6673,-0.1752,-0.1005, 0.008 ],-0.2508
7502,[-0.6655,-0.0434,-0.1193,-0.097 ],[-2.9194,-1.9651,-4.8892,-4.1682,-1.8187],[-0.6653,-0.0371,-0.1124,-0.1122],-0.2353
7522,[-0.6712,-0.1305,-0.1255,-0.0775],[-2.8525, 1.3604,-6.177 ,-4.6661, 0.7009],[-0.6716,-0.12  ,-0.1302,-0.0924],-0.2417
7542,[-0.6638,-0.1968,-0.0794,-0.0111],[-20.1182,-17.971 ,-22.1097,-21.5201,-18.9396],[-0.6654,-0.1876,-0.0873,-0.0186],-0.253
7600,[-0.6737,-0.0045,-0.0241,-0.2243],[-1.661 ,-2.816 ,-2.5392,-3.2903,-0.0771],[-0.6747,-0.0036,-0.0156,-0.2399],-0.2038
7602,[-0.6708,-0.0387,-0.1306,-0.2189],[-19.3706,-17.7411,-21.6391,-20.6342,-18.027 ],[-0.6708,-0.0318,-0.1255,-0.2332],-0.229
7604,[-0.6684,-0.0464,-0.1677,-0.2214],[-14.7403,-13.8068,-16.2611,-15.1358,-13.9557],[-0.6676,-0.0375,-0.1688,-0.2365],-0.2404
7622,[-0.6724,-0.0807,-0.1429,-0.1686],[-12.709 ,-11.2678,-16.1898,-14.6351,-11.7676],[-0.6722,-0.0715,-0.1433,-0.1837],-0.2356
7624,[-0.6682,-0.0628,-0.1675,-0.1785],[-6.3307,-5.4785,-8.5116,-7.0565,-5.8618],[-0.6674,-0.0534,-0.1682,-0.1938],-0.2429
7700,[-0.6783, 0.0022,-0.0292,-0.3421],[-14.6752,-15.002 ,-15.4381,-15.872 ,-13.109 ],[-0.6798, 0.003 ,-0.0199,-0.3571],-0.197
7701,[-0.6818,-0.0052, 0.0593,-0.3523],[-2.7102,-3.9856,-1.1948,-3.4687,-2.1397],[-0.6833,-0.0069, 0.0394,-0.3687],-0.1941
7702,[-0.673 ,-0.0108,-0.1054,-0.3065],[-28.0645,-26.2165,-30.1813,-29.6402,-26.8585],[-0.6738,-0.0062,-0.0966,-0.321 ],-0.2175
7704,[-0.6656,-0.0027,-0.1876,-0.3152],[-14.3654,-13.734 ,-16.3284,-15.2878,-14.4205],[-0.6647, 0.0052,-0.1864,-0.331 ],-0.2443
7800,[-0.6831, 0.009 ,-0.0158,-0.4222],[-56.79  ,-57.0441,-56.9689,-58.2214,-56.5784],[-0.685 , 0.0091,-0.0114,-0.4361],-0.1899
7801,[-0.6866,-0.0047, 0.0726,-0.4441],[-5.6588,-6.6941,-4.6925,-6.8678,-5.2849],[-0.6883,-0.0078, 0.0673,-0.4603],-0.1912
7802,[-0.6793, 0.0184,-0.0821,-0.4218],[-36.8484,-36.0039,-37.8886,-37.6622,-35.9134],[-0.6808, 0.0212,-0.0756,-0.4356],-0.2055
7804,[-0.6608, 0.0365,-0.181 ,-0.3876],[-2.431 ,-1.6533,-3.8684,-3.4119,-2.2725],[-0.6604, 0.0424,-0.1749,-0.3805],-0.2511
7812,[-0.664 , 0.0652,-0.1109,-0.4481],[-4.2804,-3.3412,-5.3209,-5.5859,-3.4207],[-0.6656, 0.0669,-0.0961,-0.4647],-0.2367
7900,[-0.6862, 0.0273,-0.0125,-0.5184],[ -9.6611, -9.7446, -9.3062,-10.4324, -9.3359],[-0.6885, 0.0266,-0.0083,-0.5332],-0.1869
7901,[-0.6878, 0.0172, 0.0707,-0.5397],[-2.6557,-3.7137,-1.6242,-3.6118,-2.7698],[-0.6895, 0.0116, 0.0981,-0.557 ],-0.1947
7902,[-0.6866, 0.0368,-0.0753,-0.519 ],[-7.6865,-7.2793,-7.9776,-8.4423,-7.6593],[-0.6886, 0.0388,-0.0714,-0.5356],-0.1962
7910,[-0.6741, 0.0678,-0.0388,-0.5302],[-3.7743,-4.4009,-2.5018,-4.5347,-3.1084],[-0.6767, 0.0672,-0.0433,-0.5475],-0.2138
7912,[-0.6839, 0.0646,-0.0935,-0.5549],[-5.4608,-4.4678,-6.6099,-6.645 ,-4.9076],[-0.6861, 0.0663,-0.0902,-0.5682],-0.2074
