1300,[-0.9147,-0.0339, 0.036 , 0.1364],[  0.8883,  2.4793,  2.1992,  0.6162,261.6994],[-0.9141,-0.0341, 0.0374, 0.1325],0.4429
1301,[-0.9151,-0.0496, 0.0626, 0.1359],[ 1.4407e-01,-6.4176e-01, 1.0726e+02, 6.6782e-02, 2.8958e+00],[-0.9144,-0.0509, 0.0622, 0.1399],0.4282
1302,[-0.9172, 0.0508,-0.0637, 0.1426],[-2.4197,-1.357 ,-3.4051,-2.2804,-1.4357],[-0.9165, 0.0521,-0.0631, 0.1464],0.4244
1310,[-0.9157, 0.0624,-0.0428, 0.151 ],[-10.6323,-11.8063, -9.355 ,-10.7571,-10.4495],[-0.9152, 0.0588,-0.0382, 0.1543],0.4334
1312,[-0.9167, 0.0734,-0.0755, 0.138 ],[ 0.9222, 1.5707,-1.7827, 0.94  , 1.4517],[-0.9161, 0.0725,-0.0706, 0.1405],0.4114
1320,[-0.9157,-0.0611, 0.0464, 0.1358],[ 0.9516, 7.3818,-0.1213,-0.0316, 5.9077],[-0.9152,-0.0587, 0.0463, 0.1384],0.4343
1321,[-0.9159,-0.0662, 0.08  , 0.1406],[ 1.2799, 0.125 , 2.9761, 1.4093,13.5507],[-0.9152,-0.0675, 0.0789, 0.1358],0.4122
1400,[-0.9153,-0.0319, 0.0321, 0.0659],[2.5497e-01,9.3776e+02,3.6843e+00,5.8327e+00,1.9417e+00],[-0.915 ,-0.0322, 0.0347, 0.0723],0.4447
1401,[-0.9146,-0.0473, 0.0632, 0.0677],[ 3.8701e-01,-1.3217e-01, 5.2933e+02,-3.1060e-01, 6.0315e-01],[-0.9142,-0.0494, 0.0635, 0.0735],0.4293
1402,[-0.9162, 0.0405,-0.0674, 0.0534],[ 0.0791,39.9016,-0.9242, 0.1591, 1.1216],[-0.9158, 0.0442,-0.0681, 0.0653],0.431
1410,[-0.9174, 0.0619,-0.0438, 0.0673],[-29.2827,-30.1988,-29.0102,-29.7512,-29.9805],[-0.9172, 0.0586,-0.0398, 0.0741],0.4318
1412,[-0.917 , 0.0697,-0.0789, 0.0608],[ 1.1049,45.3524, 0.6229, 2.0485, 1.5921],[-0.9166, 0.0704,-0.0766, 0.0718],0.4088
1420,[-0.9166,-0.0598, 0.0492, 0.0509],[ 4.9713e-01, 3.5637e+02,-1.1703e-01, 1.4034e-01, 5.7425e-01],[-0.9164,-0.0582, 0.0491, 0.0591],0.4348
1421,[-0.9165,-0.0654, 0.0694, 0.0529],[  1.183 ,  0.4859,337.662 ,  1.1985,  1.8953],[-0.9162,-0.0654, 0.0671, 0.0608],0.4205
1500,[-0.9154,-0.0223, 0.021 ,-0.0625],[ 1.4895, 2.2497, 2.3636,91.8079, 0.6019],[-0.9156,-0.0224, 0.0226,-0.0496],0.4525
1501,[-0.9149,-0.0464, 0.0646,-0.0474],[ 0.1595,-1.0979,43.8161,-0.3541,-1.1116],[-0.915 ,-0.0492, 0.0657,-0.0391],0.4274
1502,[-0.9175, 0.0396,-0.0677,-0.0601],[-8.0768,-5.3968,-9.7569,-7.8989,-8.4975],[-0.9175, 0.044 ,-0.0697,-0.0486],0.4273
1510,[-0.9188, 0.0612,-0.0419,-0.0756],[-8.9696,-8.8511,-5.2304,-7.6143,-9.0588],[-0.9192, 0.0577,-0.0362,-0.0643],0.4335
1512,[-0.9183, 0.0683,-0.0751,-0.0623],[ 1.4306, 1.0955, 0.5491,23.0264, 0.257 ],[-0.9185, 0.0691,-0.0729,-0.048 ],0.4116
1520,[-0.9164,-0.0601, 0.0491,-0.0581],[ 1.0582e+00, 1.8241e+02,-2.1991e-01, 1.1508e+00, 5.5504e-02],[-0.9167,-0.0587, 0.0492,-0.0487],0.435
1521,[-0.9161,-0.0662, 0.0695,-0.0609],[  1.1645,  0.1684,119.2165,119.3159,  0.309 ],[-0.9163,-0.0666, 0.0678,-0.0509],0.4215
1523,[-0.9177,-0.1383, 0.1673,-0.0516],[-0.3333,-0.8616,34.7709, 0.8051,-0.1316],[-0.9174,-0.1422, 0.1663,-0.0391],0.3379
1600,[-0.9159,-0.0067, 0.0062,-0.163 ],[-58.0805,-57.262 ,-57.1081,-56.7959,-59.3972],[-0.9166,-0.0068, 0.0068,-0.1551],0.4575
1601,[-0.9153,-0.0448, 0.0667,-0.169 ],[-20.257 ,-21.3089,-19.0064,-20.1579,-20.7639],[-0.9159,-0.0487, 0.0691,-0.1639],0.4258
1602,[-0.914 , 0.0467,-0.0648,-0.1685],[-0.6917, 4.2701,-3.0143, 3.8501,-1.9622],[-0.9146, 0.0498,-0.0662,-0.1653],0.4295
1610,[-0.9174, 0.0619,-0.043 ,-0.1764],[-16.804 ,-16.9655,-16.9952,-16.1969,-17.9986],[-0.9183, 0.0582,-0.0338,-0.1662],0.4382
1612,[-0.9159, 0.0673,-0.0734,-0.1775],[-1.1281, 0.9336,-3.2162, 0.6789,-1.8227],[-0.9166, 0.0682,-0.07  ,-0.1678],0.4156
1620,[-0.9145,-0.0618, 0.0473,-0.1652],[ 0.4427, 3.3894,-2.3199, 4.6273,-2.9485],[-0.9153,-0.0597, 0.0448,-0.156 ],0.4382
1621,[-0.9141,-0.0693, 0.0728,-0.1647],[ 0.7186,-0.9802, 3.948 ,86.5877,-0.2148],[-0.9147,-0.0701, 0.0715,-0.1548],0.4188
1700,[-0.9149, 0.0102,-0.0043,-0.2837],[-54.3081,-54.0004,-53.9828,-53.6458,-55.139 ],[-0.9161, 0.0091,-0.0021,-0.2725],0.4653
1701,[-0.9141,-0.0423, 0.0658,-0.2682],[-11.6456,-12.1127,-10.2268,-11.0174,-12.1572],[-0.915 ,-0.0469, 0.0702,-0.2579],0.4327
1702,[-0.9157, 0.0433,-0.0662,-0.314 ],[-8.9166,-7.1708,-8.8878,-8.2607,-9.3705],[-0.9169, 0.0473,-0.066 ,-0.2998],0.4318
1710,[-0.9158, 0.06  ,-0.0471,-0.2808],[-10.1441,-10.428 , -9.8012, -9.16  ,-10.5366],[-0.9171, 0.058 ,-0.0424,-0.2647],0.4377
1712,[-0.9163, 0.0649,-0.0725,-0.2868],[-23.7575,-23.1157,-24.359 ,-22.8191,-24.3452],[-0.9174, 0.0668,-0.072 ,-0.2725],0.417
1720,[-0.9155,-0.0658, 0.0466,-0.2754],[-19.8749,-19.6978,-20.1152,-19.1202,-21.099 ],[-0.9168,-0.0632, 0.0435,-0.2653],0.4321
1721,[-0.9141,-0.0773, 0.0813,-0.2685],[-41.7468,-41.7301,-40.4503,-41.3109,-42.1829],[-0.9152,-0.0786, 0.0799,-0.2555],0.4124
1800,[-0.913 , 0.0104,-0.0316,-0.3985],[-28.578 ,-29.1784,-29.4895,-28.6056,-30.8029],[-0.9146, 0.0159,-0.0448,-0.3849],0.464
1802,[-0.9149, 0.041 ,-0.0736,-0.3934],[-2.9717,-2.1081,-4.1667,-2.1915,-4.7634],[-0.9162, 0.0486,-0.0854,-0.3773],0.4225
1810,[-0.9128, 0.0609,-0.0432,-0.4001],[-2.9683,-2.3471,-2.5409,-1.9156,-3.4882],[-0.9146, 0.0581,-0.0357,-0.3829],0.4486
1820,[-0.9149,-0.0809, 0.0326,-0.3922],[-4.1741,-3.2423,-3.8006,-3.2211,-4.3981],[-0.9168,-0.0753, 0.036 ,-0.3758],0.4363
2210,[-0.904 , 0.0623,-0.0194, 0.2619],[-1.5047,-1.6102,-0.598 ,-1.8057,-0.5627],[-9.0317e-01, 5.4499e-02,-2.1931e-04, 2.4755e-01],0.4143
2300,[-0.909 ,-0.041 , 0.0407, 0.1401],[-89.612 ,-89.1207,-88.8759,-89.8318,-87.8986],[-0.9084,-0.0406, 0.0395, 0.1314],0.4217
2301,[-0.9088,-0.0506, 0.0631, 0.1392],[-25.8589,-26.7418,-24.7754,-26.6139,-24.1323],[-0.9082,-0.0518, 0.0626, 0.1364],0.4086
2302,[-0.909 , 0.0475,-0.0625, 0.1443],[-14.3414,-13.7245,-14.5028,-14.4049,-13.8187],[-0.9083, 0.0489,-0.0609, 0.146 ],0.4113
2310,[-0.9086, 0.0615,-0.0393, 0.1453],[-11.3166,-10.8901,-10.4125,-11.2432, -9.9156],[-0.9081, 0.0573,-0.0304, 0.1425],0.4205
2312,[-0.9089, 0.0681,-0.0757, 0.1471],[-10.8727,-10.5883,-11.7844,-11.429 , -9.5835],[-0.9083, 0.068 ,-0.0704, 0.1456],0.3974
2320,[-0.9085,-0.0592, 0.0491, 0.1398],[-10.5568,-10.0324,-11.06  ,-11.4783,-10.3226],[-0.9079,-0.0574, 0.0477, 0.1354],0.4118
2321,[-0.9079,-0.0614, 0.0766, 0.1425],[-33.9387,-34.7584,-34.0827,-35.1333,-33.297 ],[-0.9071,-0.0629, 0.076 , 0.134 ],0.3923
2400,[-0.9086,-0.042 , 0.0362, 0.0592],[  1.3988,  6.5006,  8.8751, -1.0978,911.3413],[-0.9084,-0.0408, 0.0332, 0.046 ],0.4249
2401,[-0.9092,-0.0488, 0.0629, 0.0741],[-0.5436,-1.6444,69.2912,-1.9443, 7.3769],[-0.9088,-0.0504, 0.0624, 0.0668],0.4124
2402,[-0.9074, 0.0339,-0.0648, 0.0456],[-32.573 ,-31.808 ,-33.5149,-33.1532,-32.6709],[-0.9071, 0.0379,-0.0657, 0.0355],0.4086
2410,[-0.9088, 0.0624,-0.041 , 0.0719],[-17.1637,-18.4524,-16.5346,-17.3435,-17.1934],[-0.9087, 0.0585,-0.0334, 0.0663],0.422
2412,[-0.9088, 0.072 ,-0.0766, 0.0776],[-5.3122,-3.8687,-8.3849,-6.2096,-3.3379],[-0.9084, 0.0718,-0.0717, 0.0691],0.3959
2420,[-0.9077,-0.0608, 0.0474, 0.0486],[-5.2803,-6.9458,-7.1377,-7.0325,-4.5138],[-0.9077,-0.0582, 0.0409, 0.0381],0.4135
2421,[-0.907 ,-0.0672, 0.078 , 0.0636],[ 3.3684, 0.0762,30.2141,-0.1221,30.1374],[-0.9067,-0.0681, 0.0758, 0.0523],0.3879
2500,[-0.9088,-0.0307, 0.0179,-0.0563],[1.4515e+00,1.1087e+03,2.8129e+00,5.2778e-01,1.6665e+00],[-0.9091,-0.0291, 0.0185,-0.0693],0.4367
2501,[-0.9088,-0.0468, 0.0655,-0.0585],[ -0.5323, -0.4984,112.9072, -0.6373, -0.2574],[-0.909 ,-0.0495, 0.0662,-0.0699],0.4118
2502,[-0.9073, 0.0279,-0.0651,-0.0726],[ 3.3349e-01, 8.8821e+01,-1.4820e+00,-2.5119e-02,-5.4687e-01],[-0.9075, 0.0332,-0.067 ,-0.0846],0.4123
2510,[-0.9081, 0.0628,-0.0418,-0.0467],[-16.4617,-16.982 ,-14.6455,-16.998 ,-16.0447],[-0.9085, 0.0592,-0.0347,-0.0569],0.4201
2512,[-0.9072, 0.0667,-0.0785,-0.0715],[-3.0905,-2.7893,-5.6737,-4.2746,-2.4276],[-0.9074, 0.0683,-0.0774,-0.0796],0.3903
2520,[-0.9074,-0.062 , 0.0475,-0.0654],[ 0.1611,90.607 , 0.1274, 0.7782, 1.0582],[-0.9078,-0.0603, 0.0473,-0.0792],0.4103
2521,[-0.9077,-0.0686, 0.0784,-0.0683],[  1.5429, -0.3177,  2.9982,  1.2756,305.3905],[-0.908 ,-0.0699, 0.0772,-0.0827],0.3921
2600,[-0.9091,-0.0115, 0.0078,-0.1506],[ 1.6288, 5.7462,53.551 , 0.4983, 0.482 ],[-0.9098,-0.0109, 0.0068,-0.1583],0.444
2601,[-0.9088,-0.0476, 0.0683,-0.1549],[-14.071 ,-15.6966,-13.3196,-14.8446,-15.0425],[-0.9094,-0.0509, 0.0695,-0.1613],0.4113
2602,[-0.909 , 0.0452,-0.067 ,-0.1494],[-0.6879,71.9408,-0.2242, 0.9778, 1.3647],[-0.9095, 0.0488,-0.0688,-0.1583],0.4133
2610,[-0.9091, 0.0622,-0.0475,-0.199 ],[-7.3147,-7.5372,-6.0054,-6.4201,-7.228 ],[-0.91  , 0.0597,-0.0407,-0.1953],0.424
2612,[-0.9088, 0.0696,-0.0845,-0.1643],[ 0.7587,66.6512,-0.4356, 0.8225, 2.8321],[-0.9094, 0.0718,-0.0825,-0.1734],0.395
2620,[-0.9089,-0.0638, 0.0486,-0.1661],[ 1.2204,86.188 , 0.5916, 0.79  , 0.4638],[-0.9097,-0.0623, 0.0492,-0.1785],0.4173
2621,[-0.9089,-0.0726, 0.081 ,-0.1621],[1.4386e+00,9.4316e-02,2.2836e+02,1.5316e+00,1.0133e+00],[-0.9096,-0.0741, 0.0798,-0.1743],0.396
2700,[-0.903 , 0.0086,-0.0047,-0.3225],[  1.5557,163.8588,  1.9697,  0.3585,  1.9289],[-0.9043, 0.0078,-0.0019,-0.313 ],0.4258
2701,[-0.9054,-0.0391, 0.0675,-0.2824],[ 1.2315,-0.187 , 9.8531, 1.3872,-0.4242],[-0.9063,-0.0441, 0.0719,-0.2751],0.3998
2702,[-0.9041, 0.0425,-0.0657,-0.3445],[ 0.2185,47.2553,-0.4364, 1.1788, 0.7969],[-0.9054, 0.0461,-0.0641,-0.3337],0.3983
2710,[-0.9053, 0.0596,-0.0483,-0.3293],[ 0.6386, 0.0836, 3.2567, 4.1506,-0.9639],[-0.9067, 0.0586,-0.0468,-0.3144],0.4065
2712,[-0.9076, 0.0619,-0.0674,-0.3138],[50.8925, 4.2809, 1.0129, 1.0341, 1.3627],[-0.9089, 0.0634,-0.0674,-0.3041],0.404
2720,[-0.9052,-0.0788, 0.041 ,-0.2576],[-0.036 , 0.0668,-1.3428, 2.322 ,-1.6509],[-0.9066,-0.0747, 0.0424,-0.2528],0.4001
2721,[-0.9029,-0.0717, 0.0906,-0.2871],[ 0.8986, 0.544 ,19.9323, 4.7988, 0.5544],[-0.9039,-0.0749, 0.0899,-0.2764],0.3658
2800,[-0.8914, 0.0105,-0.0011,-0.4346],[  1.8188,  1.8817,288.3405,  2.2359,  0.7205],[-0.8932, 0.0099,-0.0042,-0.4194],0.3815
2801,[-0.8935,-0.0345, 0.0656,-0.4434],[ 2.6586,-0.0721, 2.9284,12.4708, 0.1023],[-0.8952,-0.0392, 0.0676,-0.426 ],0.3555
2802,[-0.9   , 0.0402,-0.067 ,-0.4003],[ 0.1485,34.6595, 0.1314, 1.2513,-0.1194],[-0.9015, 0.045 ,-0.0711,-0.3867],0.3781
2810,[-0.8963, 0.0628,-0.05  ,-0.4259],[ 2.2633, 0.66  , 2.8442, 4.3453,-0.1133],[-0.8982, 0.0615,-0.0459,-0.4098],0.3684
2812,[-0.8969, 0.0634,-0.0609,-0.4357],[ 0.8237,39.6589, 0.0519, 4.301 , 0.8764],[-0.8987, 0.0639,-0.0597,-0.4203],0.3629
2820,[-0.8961,-0.0702, 0.0345,-0.4677],[ 0.1382, 1.2197,-0.2161, 1.6581,-0.384 ],[-0.8984,-0.0661, 0.0316,-0.4554],0.3735
2821,[-0.9047,-0.0877, 0.0926,-0.4383],[ 1.7155, 1.201 ,45.8243, 1.3427, 0.1686],[-0.9065,-0.0893, 0.089 ,-0.4217],0.3707
2900,[-0.8775, 0.0237, 0.0022,-0.5721],[-3.1190e-01, 4.7976e-01, 1.1588e+01, 8.1295e+02,-5.2580e-01],[-0.88  , 0.021 , 0.0024,-0.5542],0.3236
2901,[-0.8911,-0.012 , 0.067 ,-0.5441],[ 4.2816e-01,-1.3823e-02, 1.9402e+02, 5.5658e-01,-6.4759e-01],[-0.8932,-0.0197, 0.0694,-0.5277],0.3542
2902,[-0.8773, 0.0478,-0.0637,-0.6051],[ 0.8754,24.7394,-1.5966, 2.0027,-1.9431],[-0.8798, 0.0507,-0.0649,-0.5879],0.2881
2910,[-0.8734, 0.06  ,-0.0414,-0.5831],[-64.8147,-64.9989,-64.1388,-64.1857,-65.2384],[-0.8761, 0.0585,-0.0378,-0.5656],0.2815
2912,[-0.8817, 0.0616,-0.0625,-0.5619],[-0.5147, 4.2153,-1.4324,26.4594,-1.2157],[-0.8841, 0.0627,-0.0614,-0.5446],0.3023
2920,[-0.8854,-0.0786, 0.0483,-0.5145],[-5.2613,-5.428 ,-5.4234,-4.7113,-6.0302],[-0.8879,-0.0745, 0.0344,-0.4963],0.3234
2921,[-0.8807,-0.0877, 0.0988,-0.6139],[ 2.9338e-01,-3.8136e-01, 1.4091e+00, 1.6183e+02, 6.2320e-02],[-0.8831,-0.0904, 0.0966,-0.5963],0.2715
3800,[-8.6336e-01, 3.5216e-02,-4.2496e-04,-4.8447e-01],[2.0049,0.2549,4.155 ,1.8516,1.6238],[-8.6560e-01, 3.1997e-02,-5.6148e-06,-4.8410e-01],0.2648
3900,[-0.8568, 0.0412, 0.0014,-0.6688],[  1.9573,  0.5575,436.534 ,  1.4249,  0.488 ],[-0.8597, 0.0373, 0.0021,-0.6521],0.2381
3901,[-0.8443,-0.0228, 0.0707,-0.7745],[-0.5194,-1.6829, 6.4077, 0.3235,-1.1973],[-0.8474,-0.0283, 0.0732,-0.7619],0.1753
3902,[-0.8534, 0.0524,-0.0642,-0.665 ],[-1.8831,15.5618,-2.7729,-0.2057,-2.483 ],[-0.8562, 0.0549,-0.0666,-0.6533],0.1989
3910,[-0.8425, 0.0631,-0.0374,-0.7544],[  1.8423,  0.8069,  8.4084,423.7199,  0.9962],[-0.8459, 0.0609,-0.0295,-0.7382],0.1749
3912,[-0.8327, 0.0652,-0.061 ,-0.7893],[  0.7764,204.6676, -0.5417,  1.2843,  0.4742],[-0.8361, 0.0658,-0.0586,-0.7785],0.1309
3921,[-0.8629,-0.065 , 0.0934,-0.6496],[ 1.2765, 0.3026,17.8674, 1.6377, 0.8359],[-0.8653,-0.0693, 0.0937,-0.6412],0.2145
4900,[-0.7958, 0.0505,-0.0349,-0.9287],[-6.9957,-7.6496,-6.6794,-7.3563,-8.954 ],[-0.8   , 0.0502,-0.036 ,-0.9226],0.0368
4902,[-0.7901, 0.0452,-0.0692,-0.7919],[ 3.5612e-01, 3.8315e+02,-3.2421e-01,-6.2241e-01,-2.6748e-01],[-0.7934, 0.0478,-0.0694,-0.7951],0.0116
4910,[-0.8046, 0.0608,-0.0503,-0.8324],[  0.972 ,  0.1971,128.5979,  0.4192,  1.9316],[-0.8083, 0.0611,-0.0516,-0.8292],0.0528
4912,[-0.805 , 0.0617,-0.0644,-0.8274],[ 6.9265e-01, 3.2206e+02,-2.6353e-01, 3.1323e-01, 1.2624e+00],[-0.8086, 0.0628,-0.0624,-0.825 ],0.0498
5900,[-0.7484, 0.0154,-0.0332,-0.7519],[  1.2641,  1.6718,206.1513, -0.2425,  1.2047],[-0.7517, 0.0171,-0.0386,-0.7611],-0.0723
5902,[-0.7579, 0.0355,-0.0655,-0.7638],[ 3.3762e-01, 3.6665e+02,-1.8541e-01,-3.9987e-01, 4.9255e-01],[-0.7611, 0.038 ,-0.0656,-0.771 ],-0.0612
5910,[-0.7598, 0.0588,-0.0424,-0.8772],[ 0.3701,-1.7151, 4.3793,-2.273 , 8.5432],[-0.7639, 0.0582,-0.037 ,-0.8948],-0.0533
5912,[-0.7576, 0.0611,-0.0672,-0.8793],[-3.3663,-1.9698,-7.232 ,-6.4148,-2.9615],[-0.7614, 0.0623,-0.0642,-0.894 ],-0.0657
6800,[-0.6925, 0.0023, 0.0088,-0.4732],[-21.7923,-21.5089,-21.1787,-22.9078,-20.5088],[-0.6946, 0.0016, 0.0119,-0.4884],-0.174
6801,[-0.6923,-0.0064, 0.0719,-0.4711],[-3.434 ,-4.9551,-2.2552,-4.7652,-2.3744],[-0.6942,-0.0093, 0.0644,-0.4877],-0.1818
6802,[-0.6934, 0.0217,-0.0769,-0.4734],[-23.4386,-23.3489,-23.7022,-24.5812,-22.7464],[-0.6952, 0.0245,-0.0767,-0.4864],-0.1845
6900,[-0.7118, 0.0031,-0.0095,-0.6072],[ 1.1524e+00,-2.3892e-01, 2.6845e+02,-5.1065e-01, 2.0407e+00],[-0.7145, 0.0037,-0.0139,-0.6202],-0.1403
6901,[-0.6956,-0.0061, 0.0661,-0.5265],[-0.716 ,-1.4083,43.3252,-1.0697,-0.3348],[-0.6978,-0.0086, 0.0547,-0.542 ],-0.1742
6902,[-0.7144, 0.0333,-0.0693,-0.6461],[-0.184 ,44.2005, 0.1021,-1.5397,42.6362],[-0.7171, 0.0355,-0.0689,-0.662 ],-0.1481
6910,[-0.7114, 0.0606,-0.0369,-0.6609],[-0.8683,-3.5688,-0.0282,-3.3001,-0.3185],[-0.7146, 0.0591,-0.0216,-0.6792],-0.1484
6912,[-0.7215, 0.0624,-0.0828,-0.729 ],[-10.9811, -9.7708,-13.691 ,-13.1367, -9.9427],[-0.7245, 0.064 ,-0.0775,-0.741 ],-0.1418
7442,[-6.6727e-01,-1.7872e-01,-9.2585e-02, 7.8125e-05],[-3.2875,-2.8868,-5.1643,-4.0932,-2.1043],[-0.6687,-0.1679,-0.101 ,-0.0155],-0.248
7522,[-0.6714,-0.1344,-0.1236,-0.0821],[-2.9416,-0.0614,-5.972 ,-4.3128, 0.5817],[-0.6719,-0.1238,-0.1288,-0.0972],-0.2416
7542,[-0.6639,-0.1964,-0.0795,-0.0129],[-20.8505,-18.6873,-22.9436,-22.3236,-19.6592],[-0.6655,-0.1872,-0.0874,-0.0216],-0.2528
7602,[-0.6717,-0.0426,-0.133 ,-0.225 ],[-21.0456,-19.6387,-23.344 ,-22.7228,-20.0623],[-0.6717,-0.0354,-0.1284,-0.2399],-0.2288
7622,[-0.6727,-0.0819,-0.1417,-0.1706],[-13.3954,-11.8118,-16.7404,-15.2657,-12.2032],[-0.6726,-0.0727,-0.1421,-0.1859],-0.2351
7700,[-0.6788, 0.0007,-0.0304,-0.3497],[-15.5975,-16.3035,-16.3562,-17.1667,-14.1402],[-0.6803, 0.0015,-0.0187,-0.3645],-0.1958
7702,[-0.6737,-0.0145,-0.1059,-0.3081],[-30.2933,-29.2445,-32.4539,-31.8169,-29.6966],[-0.6744,-0.0096,-0.0965,-0.3234],-0.2167
7800,[-0.6837, 0.0061,-0.0141,-0.4244],[-58.7026,-58.7804,-58.9076,-59.7957,-58.1305],[-0.6856, 0.0061,-0.0054,-0.4399],-0.188
7801,[-6.8671e-01, 3.1646e-04, 6.4069e-02,-4.4271e-01],[-6.597 ,-7.3947,-5.3322,-7.3092,-6.3361],[-0.6886,-0.0021, 0.0497,-0.4589],-0.1878
7802,[-0.679 , 0.0132,-0.0787,-0.4139],[-39.5996,-38.6729,-40.4614,-40.4604,-39.2458],[-0.6806, 0.0159,-0.0704,-0.4289],-0.2044
7900,[-0.6875, 0.0206,-0.0064,-0.5129],[ -9.6671,-10.0399, -9.3417,-10.5692, -9.4517],[-0.6897, 0.0194, 0.0069,-0.5301],-0.185
7902,[-0.6861, 0.0339,-0.0877,-0.518 ],[-7.8704,-7.6454,-8.2965,-8.6625,-7.9034],[-0.688 , 0.0367,-0.0858,-0.535 ],-0.1991
7912,[-0.686 , 0.058 ,-0.0806,-0.5571],[-4.9376,-4.5785,-6.7227,-6.6193,-4.7978],[-0.6884, 0.0589,-0.067 ,-0.5741],-0.199
