200,[-0.9562,-0.0332, 0.0235, 0.2594],[0.5   ,2.3255,1.1877,6.7177,0.7263],[-0.955 ,-0.0308, 0.0256, 0.2717],0.298
202,[-0.9631, 0.0146,-0.1029, 0.279 ],[-0.8328, 1.3874,-1.5548,-0.784 ,-1.1134],[-0.9611, 0.0405,-0.1225, 0.2857],0.2311
210,[-0.9558, 0.0862,-0.0462, 0.263 ],[-0.8287,-1.5626, 1.0735,-1.2996,-1.0936],[-0.9549, 0.0703,-0.0212, 0.2773],0.2838
212,[-0.9568, 0.0813,-0.1485, 0.3119],[0.4975,2.6133,0.0222,1.9946,0.1306],[-0.9546, 0.0942,-0.1542, 0.3238],0.2205
220,[-0.9673,-0.0847, 0.008 , 0.2577],[-1.6679, 0.9314,-1.649 ,-0.7489,-1.0232],[-0.9663,-0.0483,-0.0414, 0.272 ],0.2411
300,[-0.9608,-0.0103, 0.0171, 0.1751],[ 0.3284,12.1686, 2.9091, 1.1627,-0.7953],[-0.96  ,-0.0141, 0.027 , 0.1863],0.2807
301,[-0.9631,-0.0483, 0.073 , 0.1522],[-0.9871,-1.4784, 2.6244,-0.6137,-1.4719],[-0.9622,-0.0553, 0.0788, 0.1606],0.2388
302,[-0.9559,-0.0439,-0.0582, 0.1278],[-0.7772,-0.2563,-2.8535,-0.7715,-1.8876],[-0.955 ,-0.0163,-0.0755, 0.1403],0.2831
312,[-0.9592, 0.1305,-0.1212, 0.1913],[ 0.5214, 1.6269, 0.4454, 7.4352,-0.4542],[-0.9585, 0.1237,-0.1094, 0.2056],0.2129
320,[-0.9599,-0.0624, 0.0486, 0.2059],[-1.4691, 0.4078,-2.5856,-1.3008,-2.7573],[-0.9591,-0.0543, 0.0338, 0.2205],0.2691
321,[-0.9607,-0.084 , 0.0935, 0.1825],[ 1.3089e+00, 8.2942e-01, 2.9405e+00, 2.1330e+01,-6.2456e-03],[-0.9597,-0.0837, 0.0898, 0.1951],0.2323
341,[-0.968 ,-0.1818, 0.1441, 0.2102],[-1.5383, 0.2828,-2.0665,-1.2733,-1.8399],[-0.968 ,-0.1595, 0.1117, 0.2234],0.165
343,[-0.9684,-0.2276, 0.2175, 0.1613],[ 4.4986, 0.1515, 5.8128, 1.6407,-0.2855],[-0.9682,-0.2169, 0.1995, 0.1754],0.1086
400,[-0.9645,-0.0039, 0.0066, 0.0578],[ 3.1405,17.1999, 2.2196, 1.564 , 0.1048],[-0.9642,-0.006 , 0.0106, 0.0677],0.269
401,[-0.966 ,-0.0436, 0.0749, 0.0669],[-1.3056,-1.3968, 0.9654, 0.2646,-1.9616],[-0.9653,-0.0552, 0.0867, 0.0795],0.2244
410,[-0.9633, 0.0665,-0.0396, 0.0655],[-1.6947,-1.3241,-0.1612,-1.2098,-2.361 ],[-0.9631, 0.0533,-0.0195, 0.0801],0.2598
412,[-0.9621, 0.1137,-0.1185, 0.0592],[ 0.1345, 4.6578, 1.0965, 9.2432,-0.4346],[-0.9617, 0.1137,-0.1159, 0.0719],0.2031
420,[-0.9621,-0.0798, 0.0197, 0.0505],[-2.0328, 2.6433,-1.7382,-0.251 ,-2.3961],[-0.9621,-0.0612, 0.0062, 0.0648],0.255
421,[-0.9641,-0.085 , 0.1026, 0.0786],[ 0.6798, 0.4871,24.4462, 1.9821,-0.3647],[-0.9635,-0.0893, 0.1042, 0.091 ],0.2108
423,[-9.5556e-01,-1.5931e-01, 1.7440e-01, 3.3870e-04],[-0.1868,-1.3521, 2.0487,-0.3376,-0.9894],[-0.9553,-0.162 , 0.173 , 0.016 ],0.1826
443,[-0.9722,-0.2404, 0.258 , 0.0575],[ 0.0302,-0.8114, 1.5426, 4.749 ,-0.8489],[-0.9715,-0.2433, 0.2589, 0.0727],0.0661
500,[-0.9663, 0.0116,-0.0041,-0.0568],[ 1.5056, 1.9083, 3.1785,27.4758,-0.939 ],[-9.6647e-01, 8.2783e-03,-3.5874e-04,-4.2124e-02],0.2583
502,[-0.9632, 0.0486,-0.0672,-0.1005],[ 0.0593, 3.4255,-1.5578,-0.5841,-1.5683],[-0.9634, 0.0586,-0.084 ,-0.0846],0.2314
510,[-0.9662, 0.0578,-0.0362,-0.1153],[-0.5017,-0.3681, 2.5629,-0.2564,-0.8341],[-0.9667, 0.0509,-0.0329,-0.0991],0.2419
512,[-0.9652, 0.0897,-0.0983,-0.0531],[-0.0299, 5.2635, 0.2417,10.5865,-0.5605],[-0.9653, 0.0924,-0.0985,-0.038 ],0.2056
521,[-0.9637,-0.1215, 0.1137,-0.0634],[ 0.3789,-0.6624, 0.2947,21.9398,-1.1072],[-0.9639,-0.121 , 0.1157,-0.0478],0.1927
523,[-0.9634,-0.151 , 0.1754,-0.0392],[-0.3695,-0.6445, 1.9668,-0.0602,-1.18  ],[-0.9629,-0.1617, 0.1858,-0.0236],0.1532
541,[-0.9634,-0.1894, 0.1204,-0.0936],[-1.9976, 0.6411,-2.3257,-1.5729,-2.7513],[-0.965 ,-0.1666, 0.098 ,-0.0778],0.1776
543,[-0.9732,-0.1987, 0.2133,-0.0503],[-0.2303,-2.2628, 0.6964, 0.7609,-2.4429],[-0.9731,-0.2057, 0.2146,-0.035 ],0.0931
600,[-0.9637, 0.0181,-0.0157,-0.1845],[-0.3911, 0.4231, 3.6331, 8.1555,-2.8518],[-0.9645, 0.0171,-0.0155,-0.169 ],0.2654
601,[-0.9773,-0.0327, 0.0632,-0.1652],[-0.0075,-0.5229, 4.76  , 0.1424,-1.2741],[-0.9778,-0.0501, 0.0755,-0.1506],0.1866
610,[-0.9648, 0.0665,-0.0446,-0.1928],[-0.4677,-0.3904, 1.8959, 0.9201,-1.3692],[-0.9657, 0.059 ,-0.0387,-0.1766],0.2401
612,[-0.9621, 0.0964,-0.0923,-0.2031],[-1.3816, 4.3913,-0.794 , 4.1976,-2.488 ],[-0.963 , 0.0957,-0.0886,-0.1918],0.2161
621,[-0.9636,-0.0787, 0.1003,-0.1553],[ 0.7393,-2.735 ,-0.1151, 1.3911,-3.7471],[-0.9639,-0.089 , 0.1097,-0.1403],0.2079
643,[-0.9573,-0.2377, 0.2071,-0.15  ],[-1.6437,-3.6673,-1.1814, 0.2898,-3.8017],[-0.9589,-0.2296, 0.1889,-0.1342],0.1366
700,[-0.9583, 0.0292,-0.0196,-0.2799],[-13.0321,-13.0091,-13.0105,-12.6727,-14.9548],[-0.9595, 0.0271,-0.0193,-0.2639],0.2793
710,[-0.9723, 0.0661,-0.0472,-0.2549],[-0.9195,-0.1033, 0.7876, 1.5059,-2.5364],[-0.9736, 0.0558,-0.0326,-0.238 ],0.2152
712,[-0.9617, 0.0776,-0.0734,-0.2941],[-7.9443,-5.7165,-7.6836,-5.9254,-9.077 ],[-0.963 , 0.0779,-0.0726,-0.2785],0.2298
812,[-0.9571, 0.0763,-0.0822,-0.3864],[-24.3075,-23.8582,-24.5611,-23.5873,-25.2597],[-0.9587, 0.0797,-0.0809,-0.3704],0.2413
1100,[-0.9358,-0.0391, 0.041 , 0.3817],[ 1.1406, 0.7376, 0.8398, 0.6837,35.9446],[-0.9341,-0.0391, 0.0436, 0.379 ],0.3706
1101,[-0.94  ,-0.0485, 0.0559, 0.3865],[ 0.1772,-0.4322, 8.9073,-0.2188, 1.8811],[-0.9383,-0.049 , 0.0582, 0.3729],0.3447
1120,[-0.9404,-0.057 , 0.034 , 0.3754],[ 0.3149, 5.5585,-0.3103,-0.1996, 7.4705],[-0.9388,-0.0523, 0.0364, 0.384 ],0.351
1121,[-0.9254,-0.1182, 0.1239, 0.3794],[ 1.0035, 0.7924, 2.3435, 0.478 ,31.1554],[-0.9239,-0.1154, 0.114 , 0.3766],0.3492
1200,[-0.9312,-0.0162, 0.0132, 0.3045],[  2.8371,185.5695,  2.0306,  0.6639,  2.2063],[-0.9298,-0.0157, 0.0151, 0.3043],0.3904
1201,[-0.9291,-0.0473, 0.0612, 0.3017],[ 0.599 ,-0.1671,56.5445, 0.107 , 0.9641],[-0.9277,-0.0486, 0.061 , 0.2937],0.3903
1202,[-0.9209, 0.0502,-0.0594, 0.2585],[ 0.3694, 3.1634,-0.5794, 0.3931,25.4891],[-0.9197, 0.0507,-0.0582, 0.2548],0.4104
1210,[-0.9289, 0.067 ,-0.0365, 0.2605],[-0.0322,-1.0507, 1.3466,-1.3903, 2.3655],[-0.9279, 0.0606,-0.0333, 0.2563],0.3967
1212,[-0.9286, 0.0977,-0.1089, 0.2701],[ 1.9691, 1.6158, 0.5668, 1.0908,43.8704],[-0.9274, 0.0975,-0.1028, 0.262 ],0.3477
1214,[-0.9336, 0.1491,-0.1851, 0.2708],[ 0.1321,22.3371,-0.9508, 0.7385, 1.0656],[-0.9319, 0.1519,-0.1828, 0.2699],0.2678
1220,[-0.9276,-0.075 , 0.0341, 0.3031],[ 0.7081,57.9498,-0.0977, 0.1298, 1.5831],[-0.9265,-0.0671, 0.0292, 0.3087],0.3969
1221,[-0.9422,-0.0971, 0.101 , 0.3031],[  0.8898,  0.9506,161.0015,  1.0997,  0.8833],[-0.9409,-0.0946, 0.0936, 0.3126],0.2989
1300,[-0.9168, 0.0083,-0.0185, 0.157 ],[ 3.348 ,28.1549,73.1308, 2.1232, 1.2505],[-0.9161, 0.0103,-0.0238, 0.1619],0.4418
1301,[-0.9206,-0.046 , 0.0613, 0.1671],[ 0.4828,-0.2691,21.2325, 0.3983,-0.1527],[-0.9198,-0.0481, 0.0611, 0.1693],0.4144
1302,[-0.916 , 0.0415,-0.0682, 0.162 ],[  1.0977,250.8546, -0.7685, -0.3039,  1.567 ],[-0.915 , 0.0449,-0.0693, 0.1678],0.4251
1310,[-0.9182, 0.0659,-0.0415, 0.169 ],[ 4.6472e-01, 7.4699e-02, 8.1798e+01,-1.9770e-01, 7.7943e-01],[-0.9176, 0.062 ,-0.0408, 0.1717],0.425
1312,[-0.9202, 0.0749,-0.0907, 0.1697],[  1.2336,324.7202,  0.9756,  1.5524,  1.9064],[-0.9193, 0.0761,-0.0887, 0.1755],0.3861
1314,[-0.9365, 0.1484,-0.1882, 0.2147],[ 1.3088,41.6969,-1.012 ,-0.074 , 1.6298],[-0.935 , 0.1527,-0.1884, 0.2109],0.2528
1320,[-0.9163,-0.0648, 0.0426, 0.1516],[-0.6034, 5.711 ,-0.6723, 0.1574, 7.9315],[-0.9158,-0.061 , 0.0403, 0.1523],0.4322
1321,[-0.9168,-0.0824, 0.0776, 0.1521],[ 3.0795, 0.4124, 3.8649,55.9514, 1.0976],[-0.9162,-0.0804, 0.0717, 0.1643],0.4028
1334,[-0.9123, 0.2087,-0.2593, 0.1434],[ 2.8266,19.0586, 0.1189, 0.6593, 2.6648],[-0.9105, 0.2122,-0.2575, 0.1555],0.2461
1341,[-0.9179,-0.1737, 0.1487, 0.1935],[-3.1729,-2.3007,-4.1376,-2.8584,-3.7088],[-0.9176,-0.1687, 0.1446, 0.2036],0.3261
1343,[-0.9237,-0.1804, 0.1812, 0.1512],[ 0.7689, 0.2803,20.5397, 2.9088, 0.5833],[-0.9231,-0.1785, 0.1752, 0.1618],0.2899
1400,[-0.9181, 0.0075,-0.0135, 0.0693],[  1.2141,  1.2724,211.5216,  0.8961,  0.9391],[-0.9178, 0.0089,-0.0178, 0.0763],0.4408
1401,[-0.9181,-0.0404, 0.0736, 0.0303],[ 0.4511,-1.6801, 2.3907, 0.3671, 1.2346],[-0.9178,-0.0452, 0.0746, 0.0313],0.423
1402,[-0.9172, 0.0456,-0.0659, 0.0736],[ 4.5158e-01, 2.5114e+02,-2.6127e-01,-7.9342e-02, 6.1585e-01],[-0.9167, 0.0484,-0.067 , 0.0806],0.4258
1410,[-0.918 , 0.0624,-0.047 , 0.0519],[ -0.3223, -0.4175,218.4796,  0.7845,  1.0288],[-0.9179, 0.0599,-0.0463, 0.0588],0.4304
1412,[-0.9178, 0.0742,-0.0804, 0.0483],[  0.7727,318.2792,  1.3134,  1.3298,  0.9532],[-0.9175, 0.0745,-0.0778, 0.0557],0.4072
1414,[-0.9253, 0.1423,-0.182 , 0.0339],[ 1.4613e+00, 4.7020e+01,-6.5548e-01,-1.6941e-02,-1.8924e-01],[-0.9244, 0.1477,-0.1842, 0.0408],0.2927
1420,[-0.9174,-0.0629, 0.0466, 0.0687],[ 1.1371,66.2805,-0.2856, 0.0984, 0.0763],[-0.9172,-0.0604, 0.0464, 0.0782],0.4309
1421,[-0.9169,-0.0749, 0.0818, 0.0548],[1.2945e+00,1.5550e-01,3.9796e+02,5.5596e+00,3.4066e-01],[-0.9166,-0.0753, 0.0793, 0.0662],0.4064
1423,[-0.9223,-0.1454, 0.1779, 0.0359],[ 0.0653,-0.3705,26.5046, 1.8753,-0.1715],[-0.9216,-0.1492, 0.1772, 0.049 ],0.2965
1430,[-0.9131, 0.1761,-0.0395, 0.0329],[-1.5425,-1.1968,-0.74  ,-1.0104,-0.696 ],[-0.9147, 0.1581,-0.0395, 0.0175],0.3974
1432,[-0.918 , 0.1703,-0.1563, 0.0049],[-0.689 ,-0.6326,-0.7132,-0.3506,-1.2325],[-0.9184, 0.1665,-0.1423, 0.0205],0.3336
1434,[-0.9158, 0.185 ,-0.2315, 0.0597],[ 2.5773,35.79  , 0.4602, 3.895 , 0.2516],[-0.9144, 0.1898,-0.2334, 0.0737],0.275
1441,[-0.9244,-0.1867, 0.1443, 0.0702],[-5.4482,-5.8789,-6.4591,-5.8335,-5.6194],[-0.9251,-0.1756, 0.1242, 0.077 ],0.3059
1443,[-0.9198,-0.1983, 0.2013, 0.0508],[ 2.7745, 0.2651, 3.6156, 3.3939,-0.0907],[-0.9196,-0.1968, 0.1942, 0.065 ],0.282
1500,[-0.9197, 0.0045,-0.0026,-0.0624],[  0.7643,  2.8917,  3.5373,136.8792,  0.877 ],[-0.9199, 0.0043,-0.0026,-0.0487],0.4426
1501,[-0.9175,-0.0328, 0.0757,-0.0558],[-5.5738,-7.7498,-4.4006,-5.9376,-5.925 ],[-0.9174,-0.0396, 0.0795,-0.0464],0.4222
1502,[-0.9196, 0.0325,-0.077 ,-0.0507],[-18.2033,-16.3199,-18.581 ,-17.978 ,-17.9701],[-0.9195, 0.0398,-0.0815,-0.0422],0.4159
1510,[-0.9171, 0.0607,-0.0482,-0.0689],[ 1.4093,-0.5234,98.1271, 2.8957, 0.7537],[-0.9174, 0.0591,-0.0481,-0.0602],0.432
1512,[-0.9176, 0.0719,-0.0782,-0.064 ],[ 1.1184,99.4818, 0.5401, 6.1344, 0.795 ],[-0.9178, 0.0728,-0.0768,-0.054 ],0.4095
1514,[-0.9222, 0.1426,-0.1799,-0.0475],[ 1.2345,42.8829,-0.8551, 5.2577, 0.475 ],[-0.9217, 0.1482,-0.1817,-0.0361],0.3065
1520,[-0.9176,-0.0651, 0.0432,-0.0655],[ -1.643 ,154.7149, -1.8677, -0.7116, -2.5414],[-0.918 ,-0.0621, 0.0432,-0.056 ],0.4288
1521,[-0.9174,-0.0733, 0.0826,-0.0573],[2.6622e+00,1.1296e-01,2.4367e+00,1.6803e+02,6.0345e-01],[-0.9175,-0.0746, 0.0818,-0.0434],0.4058
1523,[-0.9217,-0.1447, 0.1783,-0.0637],[ 1.3464,-0.5032,32.1281, 0.6605, 0.0386],[-0.9212,-0.1498, 0.18  ,-0.0499],0.3096
1534,[-0.9167, 0.1759,-0.2066,-0.0267],[ 1.51  , 4.6171,-0.264 , 9.9525,-0.2391],[-0.9161, 0.1795,-0.2057,-0.016 ],0.2997
1536,[-0.9128, 0.2183,-0.2823,-0.1153],[ 0.6416, 9.4684,-0.6157, 1.4211, 0.5442],[-0.9112, 0.2264,-0.2889,-0.0995],0.2263
1543,[-0.9171,-0.1938, 0.2108,-0.0446],[ 0.1101,-0.083 , 2.0125,15.5349, 0.2585],[-0.9169,-0.1955, 0.2068,-0.0299],0.2861
1563,[-0.9423,-0.2912, 0.2573,-0.0251],[-1.1819,-1.7565,-0.9885,-0.0224,-1.9281],[-0.9437,-0.2852, 0.2466,-0.0172],0.1378
1565,[-0.9387,-0.3013, 0.3029,-0.0805],[ 0.4473,-0.3169, 2.5571, 9.1064, 0.0189],[-0.9391,-0.3016, 0.2953,-0.0649],0.1236
1600,[-0.9192, 0.0137,-0.0055,-0.1736],[-54.4812,-54.7781,-54.8123,-53.5865,-55.342 ],[-0.92  , 0.0123,-0.0036,-0.1638],0.4425
1601,[-0.915 ,-0.0349, 0.0731,-0.1827],[-10.0145,-11.2097, -5.8825, -8.3918,-10.8406],[-0.9155,-0.0414, 0.077 ,-0.1785],0.4249
1602,[-0.9177, 0.0367,-0.0738,-0.1749],[-11.7089,-10.1829,-12.8644,-11.3401,-12.7388],[-0.9182, 0.0434,-0.0783,-0.173 ],0.4165
1610,[-0.915 , 0.06  ,-0.0482,-0.1656],[ 0.3981, 6.8042,12.6459, 2.1146,-0.7   ],[-0.9157, 0.0582,-0.045 ,-0.1587],0.436
1612,[-0.9153, 0.0681,-0.0734,-0.1688],[ 1.2043e+00, 6.1075e+00,-7.2757e-02, 4.0209e+01, 2.0115e-02],[-0.916 , 0.0693,-0.0731,-0.1582],0.4148
1614,[-0.918 , 0.1386,-0.1915,-0.1751],[-0.357 , 3.5995,-1.8279, 0.0241,-1.929 ],[-0.9176, 0.1474,-0.1947,-0.1695],0.3118
1620,[-0.9167,-0.0652, 0.0417,-0.1725],[-2.0869, 6.1128,-4.299 , 7.235 ,-4.9158],[-0.9175,-0.0613, 0.0363,-0.1621],0.4362
1621,[-0.9159,-0.0759, 0.0853,-0.1849],[ 2.4677,-1.5661,47.116 ,47.6356,-0.9494],[-0.9166,-0.0775, 0.083 ,-0.1735],0.4066
1623,[-0.9202,-0.1383, 0.1797,-0.175 ],[ 0.0763,-0.1071,15.9843, 1.845 ,-0.6251],[-0.92  ,-0.1457, 0.184 ,-0.1609],0.3172
1634,[-0.9173, 0.1896,-0.2563,-0.1642],[-0.0747, 2.5972,-0.4098, 3.8906,-0.9261],[-0.9159, 0.1997,-0.2652,-0.148 ],0.2619
1643,[-0.9369,-0.2157, 0.234 ,-0.1893],[ 0.9402, 0.7352,11.4633, 7.6021,-0.5148],[-0.9371,-0.2204, 0.2344,-0.1758],0.1957
1645,[-0.9416,-0.261 , 0.2988,-0.1989],[ 0.1754,-0.7524, 4.1274,12.5703,-0.4538],[-0.9408,-0.2698, 0.3053,-0.1827],0.1278
1665,[-0.9392,-0.2879, 0.3143,-0.1417],[ 0.6503,-0.238 ,16.0764, 3.7253,-1.057 ],[-0.9388,-0.2932, 0.3146,-0.1261],0.1197
1700,[-0.9224, 0.019 ,-0.0059,-0.2906],[-58.1746,-58.482 ,-58.687 ,-57.3098,-58.9753],[-0.9237, 0.0167,-0.0038,-0.2815],0.4294
1701,[-0.9173,-0.0378, 0.0745,-0.2836],[-11.1203,-12.6666,-10.9394,-10.1387,-12.39  ],[-0.9182,-0.0449, 0.08  ,-0.279 ],0.4184
1702,[-0.9178, 0.0448,-0.0709,-0.2807],[-6.4623,-5.0353,-6.4806,-4.6887,-7.073 ],[-0.9188, 0.0506,-0.0782,-0.2691],0.4131
1710,[-0.9191, 0.0638,-0.0437,-0.3026],[-10.3613, -9.6718, -9.6714, -7.9724,-10.9893],[-0.9205, 0.0612,-0.0419,-0.2934],0.422
1712,[-0.9188, 0.0671,-0.0682,-0.2886],[-24.9323,-24.9432,-25.869 ,-24.2422,-26.3342],[-0.92  , 0.0681,-0.0682,-0.2808],0.4069
1714,[-0.925 , 0.0926,-0.1966,-0.2705],[ 0.2231, 2.6001,-1.0094, 0.0698,-1.1367],[-0.9241, 0.1108,-0.2049,-0.2546],0.3068
1720,[-0.9195,-0.0661, 0.0406,-0.2851],[-7.468 ,-7.2951,-7.3959,-6.6878,-7.8204],[-0.9209,-0.0617, 0.033 ,-0.275 ],0.4251
1721,[-0.9167,-0.074 , 0.0892,-0.2774],[-28.8932,-29.5484,-28.0486,-27.4603,-29.4098],[-0.9176,-0.0773, 0.0897,-0.2683],0.4005
1723,[-0.9385,-0.1323, 0.1879,-0.3318],[-0.122 ,-0.4639, 8.5029, 4.8947,-0.9724],[-0.9385,-0.147 , 0.1988,-0.3155],0.2404
1743,[-0.9477,-0.199 , 0.2352,-0.2933],[ 0.2229,-0.5614, 6.2656, 8.3937,-1.0649],[-0.9477,-0.2108, 0.2441,-0.2765],0.1578
1800,[-0.9328, 0.0327,-0.0079,-0.4216],[-28.3007,-28.9635,-28.6327,-27.82  ,-29.9828],[-0.9347, 0.0278,-0.0036,-0.4048],0.383
1801,[-0.9343,-0.0331, 0.0882,-0.4366],[-7.0135,-8.2546,-7.0964,-6.0563,-8.4804],[-0.9357,-0.0469, 0.0976,-0.4232],0.3386
1810,[-0.9228, 0.0667,-0.0434,-0.4318],[-5.389 ,-5.1277,-5.0475,-4.9388,-7.04  ],[-0.9248, 0.0638,-0.0412,-0.4165],0.4043
1812,[-0.9296, 0.0736,-0.0668,-0.4398],[-16.2271,-16.2179,-16.397 ,-15.2811,-17.3177],[-0.9315, 0.0742,-0.0667,-0.4252],0.3588
1820,[-0.9164,-0.0629, 0.0354,-0.3856],[-1.1048, 0.8215,-0.8311, 0.1271,-1.361 ],[-0.9182,-0.0586, 0.0291,-0.3842],0.4326
1821,[-0.9263,-0.0806, 0.0982,-0.4021],[-2.5234,-3.2613,-1.8238,-1.3953,-4.7041],[-0.9276,-0.0867, 0.1034,-0.3892],0.3533
1823,[-0.9488,-0.1365, 0.1715,-0.3815],[ 1.4998,-0.5994, 9.6961, 4.3948,-1.2874],[-0.9494,-0.1502, 0.1852,-0.364 ],0.2027
1900,[-0.93  , 0.0429,-0.0072,-0.5335],[-63.7415,-63.6254,-63.1877,-63.699 ,-65.0829],[-0.9324, 0.0354, 0.0019,-0.5179],0.3936
1901,[-9.3734e-01,-5.2994e-04, 6.2658e-02,-5.0438e-01],[ 0.4358,-0.9219,34.1718, 0.7674,-1.4937],[-0.939 ,-0.019 , 0.0895,-0.4862],0.3411
1910,[-0.9209, 0.068 ,-0.0433,-0.5701],[-24.1474,-23.2574,-22.1272,-19.6918,-25.3876],[-0.9235, 0.065 ,-0.04  ,-0.554 ],0.41
1912,[-0.9202, 0.0704,-0.0603,-0.5746],[-224.1821,-224.4628,-225.0986,-223.9967,-226.0545],[-0.9227, 0.0706,-0.0603,-0.5591],0.4009
2100,[-0.91  ,-0.0294, 0.0092, 0.3839],[-14.5541,-14.4924,-14.8056,-15.3716,-14.0544],[-0.9084,-0.0265, 0.0091, 0.3705],0.4476
2200,[-0.9026, 0.0131,-0.0183, 0.2701],[-96.9318,-96.7557,-96.7387,-97.6467,-96.4668],[-0.9015, 0.0136,-0.0186, 0.2643],0.4034
2202,[-0.9077, 0.0497,-0.0626, 0.2553],[-24.0702,-23.4455,-25.0562,-24.7636,-23.529 ],[-0.9066, 0.0507,-0.0626, 0.2482],0.402
2210,[-0.9076, 0.063 ,-0.05  , 0.2545],[-4.4886,-4.4437,-3.9254,-4.9076,-3.6222],[-0.9066, 0.0596,-0.0399, 0.2489],0.4088
2212,[-0.9038, 0.0702,-0.0915, 0.2629],[-20.9853,-20.6002,-21.0905,-20.7897,-20.3655],[-0.9025, 0.0716,-0.0894, 0.2599],0.3613
2220,[-0.9086,-0.0612, 0.048 , 0.292 ],[-4.5064,-3.4869,-5.2529,-5.5369,-3.1724],[-0.9073,-0.0588, 0.0472, 0.2971],0.409
2221,[-0.9063,-0.0862, 0.0983, 0.2669],[-16.7074,-17.7381,-16.4529,-17.937 ,-16.3556],[-0.9051,-0.0867, 0.0985, 0.2643],0.3609
2300,[-0.9069, 0.0188,-0.0246, 0.1648],[-130.7031,-130.3608,-130.6699,-132.5172,-130.6447],[-0.9062, 0.0196,-0.0257, 0.1579],0.4168
2301,[-0.9034,-0.049 , 0.0598, 0.1634],[-33.8017,-33.7225,-31.9939,-33.4539,-32.8157],[-0.9026,-0.05  , 0.0599, 0.1546],0.3863
2302,[-0.9077, 0.0442,-0.0715, 0.1695],[-66.6649,-65.6878,-67.6295,-67.3456,-65.74  ],[-0.9068, 0.0473,-0.0725, 0.1643],0.3999
2310,[-0.9064, 0.0657,-0.0418, 0.1546],[ -9.6285, -9.9792, -8.191 ,-10.6758, -8.7025],[-0.9059, 0.062 ,-0.0389, 0.1484],0.4048
2312,[-0.9048, 0.0703,-0.0897, 0.1652],[-27.6463,-28.4934,-30.0174,-29.0318,-27.2043],[-0.9039, 0.072 ,-0.0885, 0.1561],0.3681
2314,[-0.8933, 0.1283,-0.1695, 0.1394],[-6.9617,-6.9805,-8.8159,-8.4107,-7.0312],[-0.8921, 0.1319,-0.1694, 0.1253],0.2554
2320,[-0.9089,-0.065 , 0.0405, 0.1627],[-4.611 ,-4.8812,-5.5006,-6.4744,-3.0127],[-0.9084,-0.061 , 0.036 , 0.1549],0.4165
2321,[-0.9081,-0.0759, 0.0754, 0.1643],[-21.5386,-22.1284,-19.5651,-21.7306,-19.8081],[-0.9074,-0.0748, 0.0712, 0.1614],0.3902
2332,[-0.905 , 0.1831,-0.1195, 0.1709],[ 0.0203,-1.557 ,-0.5196,-1.6878, 0.8025],[-0.9056, 0.1721,-0.0947, 0.1751],0.3247
2334,[-0.9044, 0.2171,-0.2212, 0.1528],[ 0.761 , 8.6242,-0.1594, 0.2513, 0.8466],[-0.904 , 0.215 ,-0.2094, 0.1528],0.2433
2400,[-0.9059, 0.0238,-0.019 , 0.0625],[ 1.9014e+00, 1.2973e+00, 3.0771e+00,-2.2485e-01, 3.6356e+02],[-0.9057, 0.0229,-0.0168, 0.0484],0.4177
2401,[-0.9034,-0.0387, 0.0658, 0.0492],[-43.0144,-44.5973,-42.2388,-43.9624,-43.3286],[-0.903 ,-0.0422, 0.0679, 0.0377],0.3878
2402,[-0.9062, 0.0434,-0.0696, 0.0712],[-0.6324, 9.4319,-4.0129,-3.2696, 4.5859],[-0.9058, 0.0467,-0.0706, 0.0603],0.3966
2410,[-0.9027, 0.0657,-0.0413, 0.0503],[ 2.4509,-0.9155,12.3116,-1.866 ,12.4963],[-0.9026, 0.0621,-0.037 , 0.0387],0.3909
2412,[-0.9023, 0.0758,-0.0873, 0.0646],[ 0.502 ,71.5447, 0.2474, 1.2826, 0.9095],[-0.9019, 0.0766,-0.0839, 0.0544],0.3596
2414,[-0.9001, 0.1446,-0.1782, 0.0663],[-10.2913, -9.211 ,-11.8964,-10.5683, -9.9338],[-0.8993, 0.1478,-0.1781, 0.0593],0.2724
2420,[-0.9085,-0.0648, 0.0443, 0.0615],[ 0.5235,51.7881,-1.0952,-0.9554, 0.3608],[-0.9084,-0.0619, 0.0433, 0.051 ],0.4142
2421,[-0.9082,-0.0824, 0.0876, 0.0568],[  1.7756, -1.4653,  3.7922, -0.2918,119.295 ],[-0.908 ,-0.0825, 0.0843, 0.0462],0.3826
2423,[-0.9079,-0.1456, 0.1783, 0.063 ],[ 1.2506,-2.255 , 2.0325,-1.1126, 0.827 ],[-0.9071,-0.1488, 0.1771, 0.0632],0.3024
2432,[-0.9056, 0.1935,-0.1364, 0.0663],[1.327 ,0.0645,0.6688,0.0957,4.2667],[-0.9066, 0.1843,-0.1186, 0.0634],0.3119
2434,[-0.9048, 0.2178,-0.2218, 0.065 ],[ 0.1262,33.2482, 0.818 , 1.2806, 0.5879],[-0.9046, 0.2167,-0.2121, 0.0718],0.2441
2436,[-0.9001, 0.2655,-0.2845, 0.0069],[ 1.3689,15.331 ,-1.2316, 0.1199, 0.1766],[-0.8997, 0.2663,-0.2765, 0.0167],0.1732
2441,[-0.8956,-0.1791, 0.1439, 0.1025],[ 1.123 , 0.2923,-0.0314, 1.6154,13.8621],[-0.8961,-0.173 , 0.1262, 0.0951],0.2717
2443,[-0.8981,-0.1882, 0.2018, 0.0553],[ 1.3699, 0.3462,39.6811, 0.2779, 0.3395],[-0.8976,-0.1884, 0.1953, 0.0659],0.239
2500,[-0.9055, 0.0231,-0.0036,-0.0546],[1.3951e+00,1.6367e+00,2.0336e+00,3.5246e-01,6.2797e+02],[-0.9058, 0.02  , 0.0015,-0.0703],0.4218
2501,[-0.9048,-0.023 , 0.0667,-0.0788],[ 0.726 ,-1.4077,72.8767,-0.6949, 0.558 ],[-0.905 ,-0.0289, 0.0683,-0.0927],0.4025
2502,[-0.9059, 0.0388,-0.0707,-0.0551],[-1.0718,50.3555,-1.7773,-0.7221,-0.3572],[-0.906 , 0.0433,-0.0719,-0.0682],0.3987
2510,[-0.9037, 0.0624,-0.0483,-0.0709],[-2.2244e-01, 8.0043e-01, 4.7875e+02, 6.8888e-02, 4.5280e-01],[-0.9042, 0.0609,-0.0492,-0.0769],0.3928
2512,[-0.9038, 0.0714,-0.0766,-0.0699],[5.3685e-01,5.2807e+02,3.4851e-01,4.2339e-01,4.9405e-01],[-0.904 , 0.072 ,-0.0744,-0.0768],0.3753
2514,[-0.896 , 0.1423,-0.1818,-0.087 ],[ 1.2246,17.1064,-1.146 ,-0.4228,-1.0002],[-0.8956, 0.1472,-0.1828,-0.0869],0.2561
2520,[-0.9076,-0.0649, 0.047 ,-0.0616],[-2.9231e-01, 8.4586e+01,-1.5450e-01,-7.6839e-02, 1.1960e+00],[-0.908 ,-0.0627, 0.0465,-0.0708],0.4107
2521,[-0.9066,-0.0775, 0.0817,-0.0592],[1.5797e+00,8.2852e-02,1.9115e+02,8.7444e-01,9.7317e-01],[-0.9068,-0.0778, 0.0788,-0.0711],0.3827
2523,[-0.9048,-0.1494, 0.1893,-0.051 ],[-1.4175,-5.0809,-1.9096,-2.6634,-1.5782],[-0.9042,-0.1544, 0.191 ,-0.056 ],0.282
2532,[-0.9014, 0.1768,-0.1411,-0.0634],[-0.624 , 0.0191,-0.5849,-0.1369,-0.3615],[-0.9025, 0.171 ,-0.1238,-0.0513],0.2989
2534,[-0.8979, 0.1725,-0.1793,-0.0514],[ 3.3553,28.9375,-0.5565, 0.3832, 1.728 ],[-0.8981, 0.1726,-0.1711,-0.0396],0.2589
2536,[-0.9051, 0.2498,-0.2966,-0.0453],[ 3.2881,11.2709,-1.3748,-0.2695,-0.2249],[-0.9038, 0.2542,-0.2957,-0.0329],0.1838
2541,[-0.9019,-0.1764, 0.1471,-0.0476],[ 4.4094,-0.4911, 0.1805, 0.6762, 2.7069],[-0.9029,-0.1715, 0.1311,-0.035 ],0.2967
2543,[-0.9   ,-0.1772, 0.202 ,-0.053 ],[ 0.393 , 0.2251,66.4125, 1.9668, 0.6308],[-0.8997,-0.1796, 0.199 ,-0.0384],0.249
2600,[-0.9059, 0.017 ,-0.0024,-0.1692],[  2.014 ,  1.6334,  2.6272,  1.9189,300.2112],[-9.0667e-01, 1.4775e-02, 4.2859e-04,-1.8514e-01],0.4263
2601,[-0.9066,-0.0364, 0.0704,-0.1686],[ 1.6750e-01,-2.1633e-01, 2.5264e+02, 4.5524e-02, 8.0274e-01],[-0.9071,-0.0416, 0.0729,-0.181 ],0.404
2602,[-0.9063, 0.0428,-0.0656,-0.169 ],[-0.2123,28.8825,-0.3734,-0.3465, 0.7999],[-0.9069, 0.0464,-0.067 ,-0.1813],0.4036
2610,[-0.9048, 0.062 ,-0.0501,-0.1806],[5.7372e-01,2.0891e-01,2.6587e+02,4.7459e-01,1.1576e+00],[-0.9056, 0.061 ,-0.0508,-0.1816],0.3988
2612,[-0.9063, 0.0687,-0.0709,-0.168 ],[  1.695 ,300.1029,  0.7634,  2.0755,  9.3374],[-0.9071, 0.0693,-0.0691,-0.1723],0.3923
2614,[-0.8994, 0.1464,-0.1911,-0.1383],[ 0.0571, 3.8861,-0.9144, 1.9075,-0.8331],[-0.8989, 0.1526,-0.195 ,-0.1378],0.2604
2620,[-0.9063,-0.0649, 0.0464,-0.1875],[ 8.4975e+00, 1.7297e+02, 1.4402e-01, 1.3414e+00,-2.7346e-01],[-0.9073,-0.0628, 0.0452,-0.1895],0.4076
2621,[-0.9064,-0.074 , 0.0873,-0.1871],[  1.0193,  0.541 ,447.4987,  0.9879,  2.2196],[-0.9071,-0.0761, 0.0855,-0.193 ],0.3813
2632,[-0.8928, 0.1812,-0.1543,-0.2246],[-1.2602,-0.2185,-1.7319, 0.1726,-1.6795],[-0.8943, 0.1794,-0.1517,-0.2294],0.2504
2634,[-0.8961, 0.1875,-0.2003,-0.1711],[ 2.3069,13.9423,-0.0593, 1.6263, 1.935 ],[-0.8965, 0.1894,-0.1947,-0.1646],0.2346
2643,[-0.8994,-0.1735, 0.201 ,-0.1426],[ 1.1192,-0.1463, 1.357 ,25.1012, 0.2459],[-0.8994,-0.1771, 0.1987,-0.1372],0.2489
2700,[-9.0113e-01, 1.0965e-02,-6.3469e-05,-3.0147e-01],[  1.4789,135.7285,  6.4778,  3.0522,  2.0281],[-0.9025, 0.0091, 0.0039,-0.3051],0.4065
2701,[-0.901 ,-0.039 , 0.0724,-0.2902],[-0.3545,-1.1589,40.3539, 3.7084,-0.411 ],[-0.9021,-0.0443, 0.0755,-0.294 ],0.3793
2702,[-0.9058, 0.044 ,-0.065 ,-0.2875],[ 0.0917, 2.8204,-0.5623, 3.7759,-0.6703],[-0.9069, 0.0475,-0.066 ,-0.2873],0.4034
2710,[-0.8935, 0.0711,-0.0472,-0.3005],[ 2.4733, 0.7245,84.5658, 1.1282, 1.4572],[-0.8949, 0.0688,-0.0473,-0.2928],0.3507
2712,[-0.8869, 0.0938,-0.0819,-0.3179],[ 1.0093,92.0817, 0.6499, 5.0176, 2.0662],[-0.8884, 0.0928,-0.077 ,-0.3094],0.3005
2714,[-0.8788, 0.1663,-0.1865,-0.3734],[-0.4433, 2.1921,-0.9241, 0.7235,-0.7173],[-0.8797, 0.1704,-0.189 ,-0.3602],0.1855
2720,[-0.9034,-0.0687, 0.0479,-0.2761],[ 1.8641, 1.3587, 0.3517,10.2592, 0.6973],[-0.9048,-0.0661, 0.0433,-0.2685],0.3971
2721,[-0.9043,-0.0769, 0.091 ,-0.2842],[ 1.5873,-0.0614, 3.1396,57.4601, 0.689 ],[-0.9053,-0.0794, 0.0895,-0.2767],0.3708
2732,[-0.8993, 0.1726,-0.1334,-0.2592],[ 0.0621, 1.0221, 0.0291, 1.0346,-0.6366],[-0.9012, 0.1681,-0.121 ,-0.2529],0.2964
2734,[-0.8831, 0.1807,-0.1863,-0.3099],[ 1.4006, 4.5239,-0.6766, 2.5411, 0.0436],[-0.8842, 0.1827,-0.1835,-0.2954],0.1983
2800,[-0.8905, 0.0045, 0.0074,-0.4365],[ 2.3807, 0.9248, 3.4307,21.9385, 0.98  ],[-0.8923, 0.0027, 0.0101,-0.4211],0.3688
2801,[-0.8906,-0.0452, 0.0763,-0.4493],[-0.0815,-0.7193, 2.9678, 4.1678,-0.6687],[-0.8922,-0.0503, 0.079 ,-0.4366],0.3334
2802,[-0.8848, 0.0446,-0.0644,-0.4264],[-0.5002, 0.5262,-0.8273, 0.5321,-1.3238],[-0.8865, 0.0478,-0.0657,-0.4218],0.3167
2810,[-0.8885, 0.077 ,-0.0424,-0.4215],[ 0.7156, 1.3851,86.4381, 3.4055, 1.6728],[-0.8906, 0.0739,-0.0421,-0.4115],0.3327
2812,[-0.8806, 0.0982,-0.094 ,-0.4295],[ 0.37  ,93.0858, 0.4218, 2.185 , 0.7523],[-0.8824, 0.0987,-0.0915,-0.4166],0.2677
2814,[-0.8746, 0.1481,-0.1732,-0.4348],[ 1.0298, 1.3734,-0.7008, 0.5485,-0.4909],[-0.8757, 0.1528,-0.176 ,-0.419 ],0.1845
2820,[-0.8992,-0.0656, 0.0446,-0.4172],[ 0.8052,13.5278, 0.6734, 2.9922, 0.2212],[-0.9011,-0.0639, 0.0447,-0.4077],0.3804
2821,[-0.891 ,-0.0882, 0.1019,-0.4344],[ 1.8711, 0.0622,39.109 , 2.7222, 0.4874],[-0.8926,-0.0908, 0.1004,-0.421 ],0.309
2900,[-0.879 ,-0.0055, 0.0045,-0.5797],[-24.5608,-24.0043,-24.048 ,-23.5147,-25.1071],[-0.8815,-0.0058, 0.0066,-0.5652],0.3246
2901,[-0.8798,-0.0401, 0.0761,-0.5869],[ 0.3743,-1.2634, 7.678 , 0.8298,-1.1994],[-0.882 ,-0.0455, 0.079 ,-0.5736],0.2938
2902,[-0.8746, 0.041 ,-0.0702,-0.6463],[-12.8785,-12.722 ,-13.0218,-12.3015,-13.5259],[-0.8771, 0.0456,-0.0732,-0.6304],0.2765
2910,[-0.8919, 0.075 ,-0.0465,-0.6502],[ 1.0986e-01, 1.0021e+00, 5.5806e+02, 2.5304e+00,-8.3540e-01],[-0.8949, 0.073 ,-0.047 ,-0.637 ],0.3494
2912,[-0.8805, 0.0895,-0.0877,-0.6048],[ -0.5336,383.8205, -1.0851,  6.5959, -1.0656],[-0.8831, 0.0907,-0.0863,-0.5895],0.2765
2914,[-0.8686, 0.1211,-0.167 ,-0.5182],[ 0.5333, 7.4785,-1.4439, 0.9105, 0.5145],[-0.8698, 0.1275,-0.1665,-0.5008],0.1786
2920,[-0.8817,-0.064 , 0.0484,-0.5856],[-3.2722,-4.0949,-4.0306,-3.1677,-5.0943],[-0.8843,-0.0632, 0.0474,-0.5698],0.3085
2921,[-0.885 ,-0.0711, 0.0888,-0.5704],[ 0.967 , 0.0386, 3.4432,37.4015,-0.418 ],[-0.8872,-0.0749, 0.0911,-0.5533],0.2967
3621,[-0.8658,-0.0911, 0.0897,-0.2354],[-0.1241,-1.9962, 0.6064,-1.7186,-0.1332],[-0.8668,-0.0907, 0.0807,-0.2215],0.2166
3710,[-0.8628, 0.0688,-0.0396,-0.3378],[-2.0139,-2.078 ,-1.881 ,-1.7365,-2.4298],[-0.8645, 0.066 ,-0.0343,-0.3376],0.236
3712,[-0.8628, 0.0929,-0.0914,-0.3547],[-1.7571,-2.1176,-3.087 ,-2.5529,-2.0168],[-0.8642, 0.0935,-0.0897,-0.3402],0.2028
3721,[-0.861 ,-0.0789, 0.1075,-0.309 ],[ 1.1602,-1.6344, 1.5569, 0.087 , 0.692 ],[-0.8619,-0.0821, 0.1056,-0.2946],0.1931
3801,[-0.8486,-0.0259, 0.0833,-0.451 ],[ 0.2528,-1.1003, 1.1792, 0.2363, 0.0775],[-0.85  ,-0.0318, 0.0857,-0.4391],0.1783
3810,[-0.858 , 0.0899,-0.0435,-0.4423],[-0.5307,-0.1694, 1.5719, 1.0238,-0.3245],[-0.8604, 0.0856,-0.0368,-0.4355],0.2134
3812,[-0.8605, 0.0862,-0.0878,-0.4532],[2.373 ,9.058 ,0.1458,0.9883,0.9072],[-0.8624, 0.0874,-0.0877,-0.437 ],0.1997
3821,[-0.8638,-0.0656, 0.1109,-0.4659],[1.0037,0.2674,9.4359,0.595 ,0.8457],[-0.8651,-0.0716, 0.1155,-0.455 ],0.2046
3900,[-0.8439,-0.0045,-0.0095,-0.7107],[ 0.8965,30.3546, 0.9106,28.3482, 0.3441],[-0.847 ,-0.0034,-0.0079,-0.6975],0.1924
3901,[-0.8553,-0.0129, 0.0826,-0.6045],[-0.9573,-2.4414, 4.146 ,-1.0755,-2.1165],[-0.8574,-0.0206, 0.0868,-0.5916],0.207
3902,[-0.8369, 0.0392,-0.0773,-0.8456],[-0.9439,20.0374,-2.4291,18.2062,-1.4559],[-0.8402, 0.044 ,-0.0799,-0.8382],0.145
3910,[-0.8376, 0.0702,-0.0486,-0.7024],[ 0.5833, 0.2911,59.0213, 1.2505, 1.2969],[-0.8408, 0.0695,-0.0507,-0.6865],0.1473
3912,[-0.8456, 0.0781,-0.08  ,-0.6793],[ 9.1982e-01, 3.0722e+00,-6.6945e-01, 8.0818e+02, 2.4987e-01],[-0.8485, 0.0797,-0.0808,-0.6616],0.1587
3920,[-0.8426,-0.0662, 0.0438,-0.7157],[ 3.1175,16.2725, 0.3292, 1.6674,-0.1094],[-0.8458,-0.0652, 0.0435,-0.7029],0.1686
3921,[-0.849 ,-0.0634, 0.063 ,-0.6925],[ 0.9949,-0.3826,14.0279, 2.0128, 0.8791],[-0.852 ,-0.0645, 0.0634,-0.6822],0.1821
4800,[-0.8107,-0.0483, 0.0127,-0.4896],[ 0.2801, 0.5516, 0.2683,-0.4832, 0.9289],[-0.813 ,-0.0453, 0.0045,-0.4969],0.0832
4900,[-0.7996,-0.0095,-0.0061,-0.8534],[  2.8194,  2.1123,386.2693,  1.2385,  1.8687],[-0.8034,-0.0078,-0.0136,-0.8463],0.0498
4901,[-0.7871,-0.0442, 0.0607,-0.9493],[-0.0093,-1.6516, 3.6427, 0.98  ,-0.163 ],[-0.7911,-0.0461, 0.0588,-0.9447],0.0089
4902,[-0.7962, 0.0323,-0.0761,-0.8611],[ -0.7391,195.3552, -0.4952, -0.5316,  0.263 ],[-0.7996, 0.0365,-0.0776,-0.8544],0.0285
4910,[-0.8048, 0.0634,-0.046 ,-0.8327],[-1.4205,-1.82  , 0.0809,-0.2953,-1.3634],[-0.8086, 0.063 ,-0.0455,-0.8255],0.0547
4912,[-0.8033, 0.0685,-0.0789,-0.8114],[ 1.7817,67.1072,-0.3224,-0.2457, 1.4655],[-0.8066, 0.0704,-0.0778,-0.8009],0.038
4920,[-0.7974,-0.0664, 0.0316,-0.8414],[1.9562,6.168 ,1.061 ,2.0876,0.8075],[-0.8013,-0.0647, 0.0306,-0.8357],0.0383
4921,[-0.8008,-0.0756, 0.0653,-0.8599],[1.2145,0.0261,8.6211,0.2615,0.0458],[-0.8046,-0.0758, 0.0625,-0.8484],0.0359
5900,[-0.7512, 0.002 ,-0.0156,-0.8127],[2.4035e+00,1.6971e+00,7.4340e+02,6.0115e-01,1.9484e+00],[-0.7548, 0.0034,-0.0208,-0.8264],-0.0658
5901,[-0.7518,-0.0357, 0.0603,-0.7988],[-0.0684,-0.8475,40.5254,-0.1613, 1.7063],[-0.7552,-0.0378, 0.0597,-0.8109],-0.0723
5902,[-0.7595, 0.0387,-0.0666,-0.8611],[-11.692 ,-10.4256,-12.4944,-12.6557,-11.4758],[-0.7631, 0.0413,-0.0683,-0.8691],-0.0582
5910,[-0.7556, 0.0651,-0.0465,-0.8703],[-1.8542,-1.6861,-0.0521,-2.3984, 0.3854],[-0.7597, 0.0648,-0.0462,-0.8843],-0.066
5912,[-0.7635, 0.0724,-0.0768,-0.8947],[-1.8959,-0.7127,-4.1141,-3.7493,-1.1657],[-0.7673, 0.0737,-0.0753,-0.9004],-0.0578
5920,[-0.7634,-0.0743, 0.0372,-0.8247],[-0.8998,-0.8272,-1.8862,-2.1871,-0.2743],[-0.7674,-0.0726, 0.0332,-0.836 ],-0.0481
5921,[-0.7506,-0.0815, 0.0861,-0.7883],[ 0.478 ,-0.6269,15.5941, 0.0428, 2.4966],[-0.754 ,-0.0827, 0.0824,-0.7989],-0.0903
6700,[-0.6928, 0.0032, 0.0025,-0.3514],[-0.4465,-0.2154, 0.0723,-1.3669, 2.9221],[-0.6944, 0.0026, 0.0091,-0.365 ],-0.1748
6701,[-0.6889,-0.0083, 0.0556,-0.3682],[-0.7463,-2.7364, 0.1193,-2.3292, 0.263 ],[-0.6904,-0.0099, 0.0405,-0.353 ],-0.1838
6702,[-0.6892, 0.0355,-0.0949,-0.336 ],[-0.9044,-0.0781,-1.6939,-2.3713,-0.0071],[-0.6901, 0.0381,-0.0885,-0.337 ],-0.1965
6800,[-0.6951, 0.0042, 0.0028,-0.458 ],[-33.5627,-34.0281,-33.6   ,-34.9525,-32.8831],[-0.6971, 0.0038, 0.0032,-0.4719],-0.1707
6801,[-0.6956,-0.0114, 0.0793,-0.4702],[ -8.7346, -9.7853, -7.9767,-10.2256, -8.1968],[-0.6972,-0.0149, 0.0804,-0.4843],-0.1803
6802,[-0.6923, 0.0227,-0.0754,-0.4562],[-7.5964,-6.7601,-8.5951,-9.1413,-6.4753],[-0.6939, 0.0255,-0.0766,-0.4697],-0.1866
6812,[-0.6937, 0.0671,-0.1152,-0.4466],[-0.8069, 0.5204,-2.177 ,-2.0214,-0.0338],[-0.6951, 0.0696,-0.1109,-0.463 ],-0.1979
6821,[-0.6925,-0.0623, 0.1096,-0.4546],[-0.479 ,-1.4436, 1.008 ,-1.263 , 0.2539],[-0.694 ,-0.0649, 0.1095,-0.4713],-0.1985
6900,[-0.7121, 0.0071,-0.0106,-0.6277],[ 8.3789e-01, 1.0567e+00, 1.7786e+00,-2.1912e-01, 4.6717e+02],[-0.7149, 0.0074,-0.0125,-0.6461],-0.1413
6901,[-0.7115,-0.0321, 0.0717,-0.5993],[ 0.5952,-1.4967,27.2524,-1.7991, 0.1114],[-0.7139,-0.0343, 0.069 ,-0.6123],-0.1533
6902,[-0.7151, 0.0286,-0.0691,-0.636 ],[-0.1914,40.4066,-0.7938,-0.8428, 3.0255],[-0.7177, 0.0311,-0.0688,-0.6517],-0.1461
6910,[-0.7179, 0.0643,-0.0447,-0.7361],[-0.9907,-1.5271, 0.5548,-1.3859,15.8309],[-0.7213, 0.0639,-0.0446,-0.7553],-0.1413
6912,[-0.712 , 0.0735,-0.0883,-0.6942],[-1.0526, 2.8217,-2.6428,-2.1681,13.7875],[-0.715 , 0.0748,-0.0843,-0.7125],-0.1618
6921,[-0.7181,-0.0764, 0.1044,-0.6514],[-0.3909,-2.5407, 3.1441,-1.8412, 2.4784],[-0.7206,-0.0786, 0.1039,-0.665 ],-0.1566
7422,[-6.6934e-01,-1.5873e-01,-1.0866e-01, 1.5625e-04],[-4.577 ,-4.0323,-6.6382,-5.626 ,-2.9083],[-0.6702,-0.148 ,-0.1154,-0.0155],-0.2454
7442,[-0.6664,-0.1823,-0.0927, 0.0116],[-2.9562,-2.6037,-4.4843,-3.6262,-1.7307],[-0.6679,-0.1714,-0.1014, 0.0037],-0.2497
7502,[-0.668 ,-0.0532,-0.1305,-0.1178],[-2.6817,-1.6788,-4.6253,-3.9758,-1.8687],[-0.6677,-0.046 ,-0.1259,-0.1329],-0.2353
7522,[-0.6711,-0.1294,-0.1255,-0.0755],[-3.9672,-2.3074,-8.0631,-6.5159,-1.7019],[-0.6715,-0.119 ,-0.1301,-0.0902],-0.2416
7542,[-0.6638,-0.1968,-0.0795,-0.0103],[-19.9121,-17.5861,-21.9049,-21.4664,-18.1008],[-0.6654,-0.1876,-0.0874,-0.0175],-0.253
7600,[-0.6746,-0.0029,-0.0431,-0.2262],[-1.7339,-3.1274,-2.5305,-3.5369,-0.8003],[-0.6755,-0.001 ,-0.0401,-0.2428],-0.2054
7602,[-0.6709,-0.0388,-0.1273,-0.2175],[-22.1778,-21.0982,-24.5831,-23.9123,-21.0833],[-0.671 ,-0.032 ,-0.1219,-0.2319],-0.2282
7604,[-0.6688,-0.0475,-0.1695,-0.2319],[-15.9475,-14.7448,-17.6561,-16.5217,-15.9781],[-0.668 ,-0.0386,-0.169 ,-0.2474],-0.24
7622,[-0.6724,-0.0805,-0.1424,-0.1685],[ -8.4285, -6.2249,-11.926 ,-10.8104, -6.576 ],[-0.6722,-0.0713,-0.1428,-0.1838],-0.2355
7624,[-0.6699,-0.0655,-0.17  ,-0.2081],[-7.2962,-6.6206,-9.1321,-8.0069,-6.4541],[-0.6692,-0.0558,-0.1716,-0.2241],-0.2414
7700,[-6.7845e-01, 3.4261e-04,-2.4863e-02,-3.3958e-01],[-16.9198,-17.3443,-17.5481,-18.6004,-16.1538],[-0.68  , 0.0009,-0.0127,-0.3542],-0.1961
7701,[-0.6828,-0.0084, 0.07  ,-0.3446],[-4.1242,-4.5736,-1.6413,-4.662 ,-3.1098],[-0.684 ,-0.0115, 0.075 ,-0.3566],-0.1995
7702,[-0.6732,-0.0116,-0.1049,-0.3059],[-23.1754,-21.7439,-25.737 ,-25.6227,-22.3468],[-0.674 ,-0.0069,-0.0961,-0.3205],-0.2172
7704,[-0.6677,-0.0139,-0.1732,-0.3023],[-15.9887,-14.1871,-17.0784,-15.9431,-15.0737],[-0.6671,-0.0061,-0.1718,-0.3178],-0.2383
7800,[-0.6836, 0.0069,-0.0078,-0.4223],[-61.8234,-62.0833,-61.9154,-62.9769,-61.2237],[-6.8552e-01, 6.6003e-03, 1.4971e-04,-4.3573e-01],-0.1882
7801,[-0.6857,-0.0185, 0.0915,-0.4307],[-7.9549,-9.1219,-6.5528,-9.0185,-7.7338],[-0.687 ,-0.0221, 0.0927,-0.444 ],-0.1993
7802,[-0.6764, 0.0196,-0.0898,-0.4125],[-29.2355,-27.7064,-30.1112,-30.3617,-28.7542],[-0.6778, 0.0225,-0.0809,-0.4263],-0.211
7804,[-0.6648, 0.0324,-0.1729,-0.407 ],[-1.8284,-1.4671,-3.7352,-3.0572,-1.4762],[-0.6647, 0.0383,-0.1674,-0.4237],-0.244
7812,[-0.6739, 0.0618,-0.1289,-0.4656],[-2.7026,-1.7436,-3.8758,-3.8411,-1.47  ],[-0.6751, 0.0648,-0.1193,-0.4824],-0.2271
7900,[-0.6848, 0.0286,-0.0039,-0.5209],[-13.8498,-13.9877,-13.7561,-14.0953,-13.4398],[-0.6872, 0.0275,-0.0016,-0.5336],-0.1882
7901,[-0.6862, 0.0143, 0.0753,-0.5231],[-4.4052,-5.2068,-3.0931,-5.0263,-3.9616],[-0.6882, 0.0101, 0.0737,-0.5394],-0.1926
7902,[-0.6827, 0.0444,-0.0867,-0.5286],[-5.5335,-4.8629,-6.0791,-6.2326,-5.2586],[-0.6847, 0.0465,-0.0816,-0.5389],-0.2048
7910,[-0.6825, 0.0614,-0.0143,-0.5387],[-3.7819,-4.5114,-3.181 ,-4.4719,-3.2512],[-0.6852, 0.059 ,-0.0044,-0.5493],-0.1942
7912,[-0.6814, 0.0676,-0.1052,-0.5643],[-2.6126,-0.982 ,-4.1617,-3.7966,-1.7947],[-0.6835, 0.0697,-0.1011,-0.5812],-0.2134
